

----------------------------------------------------
STRUCTURE by Pritchard, Stephens and Donnelly (2000)
     and Falush, Stephens and Pritchard (2003)
       Code by Pritchard, Falush and Hubisz
             Version 2.3.4 (Jul 2012)
----------------------------------------------------



Command line arguments:   structure -K 2 -i STRUCTURE_main_final_278_HEG_ZG.str -o STRUCTURE_main_final_278_HEG_ZG-K2-14 
Input File:    STRUCTURE_main_final_278_HEG_ZG.str

Run parameters:
   278 individuals
   15 loci
   2 populations assumed
   100000 Burn-in period
   500000 Reps


--------------------------------------------
Proportion of membership of each pre-defined
 population in each of the 2 clusters

Given    Inferred Clusters       Number of
 Pop       1      2             Individuals

  1:     0.771  0.229              24
  2:     0.963  0.037              24
  3:     0.045  0.955              24
  4:     0.760  0.240              24
  5:     0.436  0.564              24
  6:     0.962  0.038              24
  7:     0.962  0.038              24
  8:     0.143  0.857              14
  9:     0.056  0.944              24
 10:     0.021  0.979              24
 11:     0.065  0.935              24
 12:     0.570  0.430              24
--------------------------------------------

Allele-freq. divergence among pops (Net nucleotide distance),
computed using point estimates of P.

      1       2      
 1      -    0.0231  
 2   0.0231     -    

Average distances (expected heterozygosity) between individuals in same cluster:
cluster  1  : 0.6493 
cluster  2  : 0.6528 

--------------------------------------------
Estimated Ln Prob of Data   = -13551.4
Mean value of ln likelihood = -13395.0
Variance of ln likelihood   = 312.9
Mean value of alpha         = 0.0688

Mean value of Fst_1         = 0.0346
Mean value of Fst_2         = 0.0322


Inferred ancestry of individuals:
        Label (%Miss) Pop:  Inferred clusters
  1 24.0601.E1    (0)    1 :  0.987 0.013 
  2 24.0602.E1    (0)    1 :  0.906 0.094 
  3 24.0603.E1    (0)    1 :  0.980 0.020 
  4 24.0604.E1    (0)    1 :  0.704 0.296 
  5 24.0605.E1    (0)    1 :  0.975 0.025 
  6 24.0606.E1    (0)    1 :  0.968 0.032 
  7 24.0607.E1    (0)    1 :  0.704 0.296 
  8 24.0608.E1    (0)    1 :  0.631 0.369 
  9 24.0609.E1    (0)    1 :  0.069 0.931 
 10 24.0610.E1    (0)    1 :  0.422 0.578 
 11 24.0611.E1    (0)    1 :  0.898 0.102 
 12 24.0612.E1    (0)    1 :  0.987 0.013 
 13 24.0613.E1    (0)    1 :  0.926 0.074 
 14 24.0614.E1    (0)    1 :  0.869 0.131 
 15 24.0615.E1    (0)    1 :  0.713 0.287 
 16 24.0616.E1    (0)    1 :  0.966 0.034 
 17 24.0617.E1    (0)    1 :  0.376 0.624 
 18 24.0618.E1    (0)    1 :  0.321 0.679 
 19 24.0619.E1    (0)    1 :  0.841 0.159 
 20 24.0620.E1   (20)    1 :  0.929 0.071 
 21 24.0621.E1    (0)    1 :  0.459 0.541 
 22 24.0622.E1    (0)    1 :  0.985 0.015 
 23 24.0623.E1    (0)    1 :  0.924 0.076 
 24 24.0624.E1    (0)    1 :  0.969 0.031 
 25 24.0625.E1    (0)    2 :  0.977 0.023 
 26 24.0626.E1    (0)    2 :  0.981 0.019 
 27 24.0627.E1    (0)    2 :  0.961 0.039 
 28 24.0628.E1    (0)    2 :  0.938 0.062 
 29 24.0629.E1    (0)    2 :  0.982 0.018 
 30 24.0630.E1    (0)    2 :  0.987 0.013 
 31 24.0631.E1    (0)    2 :  0.989 0.011 
 32 24.0632.E1    (0)    2 :  0.984 0.016 
 33 24.0633.E1    (0)    2 :  0.944 0.056 
 34 24.0634.E1    (0)    2 :  0.970 0.030 
 35 24.0635.E1    (0)    2 :  0.895 0.105 
 36 24.0636.E1   (33)    2 :  0.986 0.014 
 37 24.0637.E1    (0)    2 :  0.989 0.011 
 38 24.0638.E1    (0)    2 :  0.966 0.034 
 39 24.0639.E1    (0)    2 :  0.979 0.021 
 40 24.0640.E1    (0)    2 :  0.980 0.020 
 41 24.0641.E1    (0)    2 :  0.797 0.203 
 42 24.0642.E1    (0)    2 :  0.990 0.010 
 43 24.0643.E1    (0)    2 :  0.976 0.024 
 44 24.0644.E1    (0)    2 :  0.937 0.063 
 45 24.0645.E1    (0)    2 :  0.977 0.023 
 46 24.0646.E1    (0)    2 :  0.938 0.062 
 47 24.0647.E1    (0)    2 :  0.989 0.011 
 48 24.0648.E1    (0)    2 :  0.989 0.011 
 49 24.0649.E1    (0)    3 :  0.012 0.988 
 50 24.0650.E1    (0)    3 :  0.153 0.847 
 51 24.0651.E1    (0)    3 :  0.112 0.888 
 52 24.0652.E1    (0)    3 :  0.018 0.982 
 53 24.0653.E1    (0)    3 :  0.012 0.988 
 54 24.0654.E1    (0)    3 :  0.010 0.990 
 55 24.0655.E1    (0)    3 :  0.061 0.939 
 56 24.0656.E1    (0)    3 :  0.019 0.981 
 57 24.0657.E1    (0)    3 :  0.019 0.981 
 58 24.0658.E1    (0)    3 :  0.021 0.979 
 59 24.0659.E1    (0)    3 :  0.029 0.971 
 60 24.0660.E1    (6)    3 :  0.106 0.894 
 61 24.0661.E1    (0)    3 :  0.021 0.979 
 62 24.0662.E1    (0)    3 :  0.222 0.778 
 63 24.0663.E1    (0)    3 :  0.009 0.991 
 64 24.0664.E1    (0)    3 :  0.020 0.980 
 65 24.0665.E1    (0)    3 :  0.036 0.964 
 66 24.0666.E1    (0)    3 :  0.020 0.980 
 67 24.0667.E1    (0)    3 :  0.057 0.943 
 68 24.0668.E1    (0)    3 :  0.012 0.988 
 69 24.0669.E1    (0)    3 :  0.013 0.987 
 70 24.0670.E1    (0)    3 :  0.011 0.989 
 71 24.0671.E1    (0)    3 :  0.038 0.962 
 72 24.0672.E1    (0)    3 :  0.063 0.937 
 73 24.0673.E1    (6)    4 :  0.958 0.042 
 74 24.0674.E1    (0)    4 :  0.987 0.013 
 75 24.0675.E1    (0)    4 :  0.514 0.486 
 76 24.0676.E1    (0)    4 :  0.070 0.930 
 77 24.0677.E1    (0)    4 :  0.037 0.963 
 78 24.0678.E1    (0)    4 :  0.719 0.281 
 79 24.0679.E1    (0)    4 :  0.224 0.776 
 80 24.0680.E1    (0)    4 :  0.884 0.116 
 81 24.0681.E1    (0)    4 :  0.953 0.047 
 82 24.0682.E1    (0)    4 :  0.974 0.026 
 83 24.0683.E1    (0)    4 :  0.986 0.014 
 84 24.0684.E1    (0)    4 :  0.987 0.013 
 85 24.0685.E1    (0)    4 :  0.966 0.034 
 86 24.0686.E1    (0)    4 :  0.883 0.117 
 87 24.0687.E1    (0)    4 :  0.972 0.028 
 88 24.0688.E1    (0)    4 :  0.980 0.020 
 89 24.0689.E1    (0)    4 :  0.702 0.298 
 90 24.0690.E1    (0)    4 :  0.512 0.488 
 91 24.0691.E1    (0)    4 :  0.959 0.041 
 92 24.0692.E1    (0)    4 :  0.459 0.541 
 93 24.0693.E1    (0)    4 :  0.712 0.288 
 94 24.0694.E1    (0)    4 :  0.970 0.030 
 95 24.0695.E1    (0)    4 :  0.859 0.141 
 96 24.0696.E1    (0)    4 :  0.968 0.032 
 97 24.0697.E1    (0)    5 :  0.799 0.201 
 98 24.0698.E1    (0)    5 :  0.730 0.270 
 99 24.0699.E1    (0)    5 :  0.051 0.949 
100 24.0700.E1    (0)    5 :  0.167 0.833 
101 24.0701.E1    (0)    5 :  0.097 0.903 
102 24.0702.E1    (0)    5 :  0.669 0.331 
103 24.0703.E1    (0)    5 :  0.082 0.918 
104 24.0704.E1    (6)    5 :  0.075 0.925 
105 24.0705.E1    (0)    5 :  0.918 0.082 
106 24.0706.E1    (0)    5 :  0.312 0.688 
107 24.0707.E1    (0)    5 :  0.838 0.162 
108 24.0708.E1    (0)    5 :  0.823 0.177 
109 24.0709.E1    (0)    5 :  0.050 0.950 
110 24.0710.E1    (0)    5 :  0.580 0.420 
111 24.0711.E1    (0)    5 :  0.746 0.254 
112 24.0712.E1    (0)    5 :  0.603 0.397 
113 24.0713.E1    (0)    5 :  0.059 0.941 
114 24.0714.E1    (0)    5 :  0.162 0.838 
115 24.0715.E1    (0)    5 :  0.959 0.041 
116 24.0716.E1    (0)    5 :  0.106 0.894 
117 24.0717.E1    (0)    5 :  0.307 0.693 
118 24.0718.E1    (0)    5 :  0.868 0.132 
119 24.0719.E1    (0)    5 :  0.306 0.694 
120 24.0720.E1    (0)    5 :  0.152 0.848 
121 24.0721.E1    (0)    6 :  0.963 0.037 
122 24.0722.E1    (0)    6 :  0.980 0.020 
123 24.0723.E1    (0)    6 :  0.907 0.093 
124 24.0724.E1    (0)    6 :  0.966 0.034 
125 24.0725.E1    (0)    6 :  0.953 0.047 
126 24.0726.E1    (6)    6 :  0.984 0.016 
127 24.0727.E1    (0)    6 :  0.973 0.027 
128 24.0728.E1    (0)    6 :  0.955 0.045 
129 24.0729.E1    (0)    6 :  0.971 0.029 
130 24.0730.E1    (0)    6 :  0.821 0.179 
131 24.0731.E1    (0)    6 :  0.986 0.014 
132 24.0732.E1    (0)    6 :  0.991 0.009 
133 24.0733.E1    (0)    6 :  0.991 0.009 
134 24.0734.E1    (0)    6 :  0.986 0.014 
135 24.0735.E1    (0)    6 :  0.982 0.018 
136 24.0736.E1    (0)    6 :  0.988 0.012 
137 24.0737.E1    (0)    6 :  0.974 0.026 
138 24.0738.E1    (0)    6 :  0.980 0.020 
139 24.0739.E1    (0)    6 :  0.973 0.027 
140 24.0740.E1    (0)    6 :  0.944 0.056 
141 24.0741.E1    (0)    6 :  0.988 0.012 
142 24.0742.E1    (0)    6 :  0.991 0.009 
143 24.0743.E1    (0)    6 :  0.958 0.042 
144 24.0744.E1    (0)    6 :  0.889 0.111 
145 24.0745.E1    (0)    7 :  0.973 0.027 
146 24.0746.E1    (0)    7 :  0.982 0.018 
147 24.0747.E1    (0)    7 :  0.976 0.024 
148 24.0748.E1    (6)    7 :  0.956 0.044 
149 24.0749.E1    (0)    7 :  0.991 0.009 
150 24.0750.E1    (0)    7 :  0.981 0.019 
151 24.0751.E1    (0)    7 :  0.991 0.009 
152 24.0752.E1    (0)    7 :  0.992 0.008 
153 24.0753.E1    (0)    7 :  0.990 0.010 
154 24.0754.E1    (0)    7 :  0.984 0.016 
155 24.0755.E1    (0)    7 :  0.969 0.031 
156 24.0756.E1    (0)    7 :  0.988 0.012 
157 24.0757.E1    (0)    7 :  0.992 0.008 
158 24.0758.E1    (0)    7 :  0.992 0.008 
159 24.0759.E1    (0)    7 :  0.986 0.014 
160 24.0760.E1    (0)    7 :  0.987 0.013 
161 24.0761.E1    (0)    7 :  0.991 0.009 
162 24.0762.E1    (0)    7 :  0.472 0.528 
163 24.0763.E1    (0)    7 :  0.990 0.010 
164 24.0764.E1    (0)    7 :  0.993 0.007 
165 24.0765.E1    (0)    7 :  0.990 0.010 
166 24.0766.E1    (0)    7 :  0.990 0.010 
167 24.0767.E1    (0)    7 :  0.991 0.009 
168 24.0768.E1    (0)    7 :  0.954 0.046 
169 24.0779.E1    (0)    8 :  0.314 0.686 
170 24.0780.E1    (6)    8 :  0.011 0.989 
171 24.0781.E1    (0)    8 :  0.032 0.968 
172 24.0782.E1    (0)    8 :  0.948 0.052 
173 24.0783.E1    (0)    8 :  0.023 0.977 
174 24.0784.E1    (0)    8 :  0.016 0.984 
175 24.0785.E1    (0)    8 :  0.009 0.991 
176 24.0786.E1    (0)    8 :  0.104 0.896 
177 24.0787.E1    (0)    8 :  0.120 0.880 
178 24.0788.E1    (0)    8 :  0.025 0.975 
179 24.0789.E1    (0)    8 :  0.058 0.942 
180 24.0790.E1    (0)    8 :  0.009 0.991 
181 24.0791.E1    (0)    8 :  0.286 0.714 
182 24.0792.E1    (0)    8 :  0.052 0.948 
183 24.0793.E1    (0)    9 :  0.029 0.971 
184 24.0794.E1    (0)    9 :  0.091 0.909 
185 24.0795.E1    (0)    9 :  0.717 0.283 
186 24.0796.E1    (0)    9 :  0.011 0.989 
187 24.0797.E1    (0)    9 :  0.011 0.989 
188 24.0798.E1    (0)    9 :  0.048 0.952 
189 24.0799.E1    (0)    9 :  0.017 0.983 
190 24.0800.E1    (0)    9 :  0.016 0.984 
191 24.0801.E1    (0)    9 :  0.019 0.981 
192 24.0802.E1    (0)    9 :  0.023 0.977 
193 24.0803.E1    (0)    9 :  0.022 0.978 
194 24.0804.E1    (0)    9 :  0.015 0.985 
195 24.0805.E1    (0)    9 :  0.021 0.979 
196 24.0806.E1    (0)    9 :  0.076 0.924 
197 24.0807.E1    (0)    9 :  0.012 0.988 
198 24.0808.E1    (0)    9 :  0.027 0.973 
199 24.0809.E1    (0)    9 :  0.037 0.963 
200 24.0810.E1    (0)    9 :  0.041 0.959 
201 24.0811.E1    (0)    9 :  0.021 0.979 
202 24.0812.E1    (0)    9 :  0.018 0.982 
203 24.0813.E1    (0)    9 :  0.018 0.982 
204 24.0814.E1    (6)    9 :  0.011 0.989 
205 24.0815.E1    (0)    9 :  0.017 0.983 
206 24.0816.E1    (0)    9 :  0.016 0.984 
207 24.0817.E1    (0)   10 :  0.012 0.988 
208 24.0818.E1    (0)   10 :  0.031 0.969 
209 24.0819.E1    (0)   10 :  0.041 0.959 
210 24.0820.E1    (0)   10 :  0.043 0.957 
211 24.0821.E1    (0)   10 :  0.014 0.986 
212 24.0822.E1    (0)   10 :  0.013 0.987 
213 24.0823.E1    (0)   10 :  0.021 0.979 
214 24.0824.E1    (0)   10 :  0.029 0.971 
215 24.0825.E1    (0)   10 :  0.020 0.980 
216 24.0826.E1    (0)   10 :  0.020 0.980 
217 24.0827.E1    (0)   10 :  0.019 0.981 
218 24.0828.E1    (0)   10 :  0.018 0.982 
219 24.0829.E1    (0)   10 :  0.012 0.988 
220 24.0830.E1    (0)   10 :  0.008 0.992 
221 24.0831.E1    (0)   10 :  0.008 0.992 
222 24.0832.E1    (0)   10 :  0.011 0.989 
223 24.0833.E1    (0)   10 :  0.011 0.989 
224 24.0834.E1    (0)   10 :  0.014 0.986 
225 24.0835.E1    (0)   10 :  0.012 0.988 
226 24.0836.E1    (0)   10 :  0.017 0.983 
227 24.0837.E1    (0)   10 :  0.013 0.987 
228 24.0838.E1    (0)   10 :  0.028 0.972 
229 24.0839.E1    (0)   10 :  0.075 0.925 
230 24.0840.E1    (0)   10 :  0.015 0.985 
231 24.0841.E1    (0)   11 :  0.053 0.947 
232 24.0842.E1    (0)   11 :  0.015 0.985 
233 24.0843.E1    (0)   11 :  0.011 0.989 
234 24.0844.E1    (0)   11 :  0.016 0.984 
235 24.0845.E1    (0)   11 :  0.013 0.987 
236 24.0846.E1    (0)   11 :  0.017 0.983 
237 24.0847.E1    (0)   11 :  0.030 0.970 
238 24.0848.E1    (0)   11 :  0.009 0.991 
239 24.0849.E1    (0)   11 :  0.013 0.987 
240 24.0850.E1    (0)   11 :  0.013 0.987 
241 24.0851.E1    (0)   11 :  0.013 0.987 
242 24.0852.E1    (0)   11 :  0.016 0.984 
243 24.0853.E1    (0)   11 :  0.014 0.986 
244 24.0854.E1    (0)   11 :  0.017 0.983 
245 24.0855.E1    (0)   11 :  0.013 0.987 
246 24.0856.E1    (0)   11 :  0.649 0.351 
247 24.0857.E1    (0)   11 :  0.021 0.979 
248 24.0858.E1    (0)   11 :  0.019 0.981 
249 24.0859.E1    (0)   11 :  0.031 0.969 
250 24.0860.E1    (0)   11 :  0.055 0.945 
251 24.0861.E1    (0)   11 :  0.016 0.984 
252 24.0862.E1    (0)   11 :  0.076 0.924 
253 24.0863.E1    (0)   11 :  0.016 0.984 
254 24.0864.E1    (0)   11 :  0.406 0.594 
255 24.0865.E1    (0)   12 :  0.219 0.781 
256 24.0866.E1    (0)   12 :  0.039 0.961 
257 24.0867.E1    (0)   12 :  0.522 0.478 
258 24.0868.E1    (0)   12 :  0.215 0.785 
259 24.0869.E1    (0)   12 :  0.110 0.890 
260 24.0870.E1    (0)   12 :  0.571 0.429 
261 24.0871.E1    (0)   12 :  0.457 0.543 
262 24.0872.E1    (0)   12 :  0.209 0.791 
263 24.0873.E1    (0)   12 :  0.103 0.897 
264 24.0874.E1    (0)   12 :  0.118 0.882 
265 24.0875.E1    (0)   12 :  0.578 0.422 
266 24.0876.E1    (0)   12 :  0.914 0.086 
267 24.0877.E1    (0)   12 :  0.982 0.018 
268 24.0878.E1    (0)   12 :  0.805 0.195 
269 24.0879.E1    (0)   12 :  0.956 0.044 
270 24.0880.E1    (0)   12 :  0.030 0.970 
271 24.0881.E1    (0)   12 :  0.983 0.017 
272 24.0882.E1    (0)   12 :  0.989 0.011 
273 24.0883.E1    (0)   12 :  0.976 0.024 
274 24.0884.E1    (0)   12 :  0.983 0.017 
275 24.0885.E1    (0)   12 :  0.973 0.027 
276 24.0886.E1    (0)   12 :  0.929 0.071 
277 24.0887.E1    (0)   12 :  0.988 0.012 
278 24.0888.E1    (0)   12 :  0.036 0.964 


Estimated Allele Frequencies in each cluster
First column gives estimated ancestral frequencies


Locus 1 : 
31 alleles
0.0% missing data
 115   (0.040) 0.073 0.015 
 117   (0.047) 0.124 0.014 
 119   (0.036) 0.206 0.005 
 131   (0.021) 0.016 0.005 
 128   (0.033) 0.016 0.029 
 135   (0.019) 0.020 0.003 
 126   (0.072) 0.065 0.104 
 122   (0.038) 0.023 0.036 
 132   (0.029) 0.011 0.023 
 141   (0.012) 0.004 0.001 
 130   (0.046) 0.033 0.047 
 134   (0.040) 0.027 0.033 
 145   (0.026) 0.009 0.018 
 127   (0.021) 0.055 0.002 
 116   (0.108) 0.100 0.179 
 114   (0.052) 0.023 0.099 
 120   (0.040) 0.024 0.035 
 110   (0.042) 0.035 0.035 
 133   (0.014) 0.008 0.002 
 118   (0.095) 0.055 0.254 
 125   (0.014) 0.002 0.007 
 129   (0.022) 0.019 0.005 
 124   (0.018) 0.006 0.007 
 136   (0.026) 0.007 0.023 
 121   (0.016) 0.018 0.002 
 139   (0.012) 0.004 0.001 
 113   (0.012) 0.004 0.001 
 111   (0.012) 0.004 0.001 
 143   (0.012) 0.004 0.001 
 140   (0.013) 0.001 0.008 
 112   (0.012) 0.001 0.004 

Locus 2 : 
18 alleles
0.0% missing data
 152   (0.415) 0.592 0.349 
 148   (0.044) 0.140 0.007 
 154   (0.120) 0.110 0.108 
 156   (0.018) 0.006 0.004 
 150   (0.021) 0.025 0.002 
 164   (0.077) 0.047 0.074 
 158   (0.038) 0.019 0.021 
 160   (0.021) 0.009 0.005 
 166   (0.023) 0.005 0.013 
 151   (0.053) 0.005 0.236 
 147   (0.043) 0.005 0.132 
 168   (0.020) 0.003 0.014 
 153   (0.016) 0.002 0.008 
 149   (0.024) 0.012 0.006 
 162   (0.019) 0.003 0.011 
 167   (0.016) 0.008 0.002 
 146   (0.016) 0.008 0.002 
 172   (0.016) 0.002 0.008 

Locus 3 : 
4 alleles
0.0% missing data
 128   (0.305) 0.319 0.293 
 126   (0.606) 0.636 0.631 
 132   (0.072) 0.038 0.073 
 134   (0.017) 0.007 0.003 

Locus 4 : 
3 alleles
0.0% missing data
 170   (0.312) 0.302 0.310 
 172   (0.674) 0.693 0.688 
 171   (0.014) 0.004 0.002 

Locus 5 : 
37 alleles
0.0% missing data
 125   (0.046) 0.054 0.056 
 110   (0.033) 0.024 0.037 
 129   (0.034) 0.020 0.047 
 113   (0.032) 0.015 0.052 
 145   (0.053) 0.116 0.045 
 155   (0.048) 0.091 0.040 
 117   (0.031) 0.038 0.017 
 124   (0.012) 0.008 0.001 
 133   (0.034) 0.034 0.028 
 157   (0.042) 0.033 0.072 
 141   (0.018) 0.006 0.011 
 112   (0.067) 0.116 0.083 
 121   (0.022) 0.007 0.019 
 114   (0.045) 0.081 0.033 
 153   (0.049) 0.034 0.098 
 127   (0.060) 0.074 0.100 
 131   (0.056) 0.103 0.059 
 135   (0.031) 0.020 0.031 
 104   (0.011) 0.004 0.001 
 118   (0.013) 0.014 0.002 
 116   (0.026) 0.018 0.016 
 137   (0.028) 0.025 0.016 
 123   (0.024) 0.007 0.029 
 149   (0.010) 0.001 0.004 
 138   (0.014) 0.002 0.017 
 143   (0.029) 0.017 0.027 
 163   (0.011) 0.004 0.001 
 109   (0.012) 0.008 0.001 
 139   (0.010) 0.003 0.002 
 106   (0.010) 0.004 0.002 
 144   (0.015) 0.002 0.013 
 122   (0.012) 0.008 0.001 
 100   (0.016) 0.002 0.017 
 111   (0.013) 0.001 0.011 
 233   (0.011) 0.001 0.004 
 134   (0.011) 0.001 0.004 
 140   (0.011) 0.002 0.004 

Locus 6 : 
17 alleles
0.0% missing data
 221   (0.027) 0.061 0.004 
 232   (0.249) 0.265 0.357 
 229   (0.054) 0.061 0.032 
 223   (0.057) 0.046 0.049 
 230   (0.144) 0.198 0.140 
 235   (0.021) 0.020 0.004 
 236   (0.036) 0.041 0.012 
 227   (0.021) 0.024 0.003 
 220   (0.058) 0.036 0.066 
 222   (0.059) 0.043 0.055 
 234   (0.118) 0.126 0.131 
 224   (0.032) 0.008 0.036 
 228   (0.050) 0.018 0.085 
 225   (0.013) 0.004 0.002 
 226   (0.022) 0.004 0.019 
 233   (0.023) 0.031 0.003 
 231   (0.017) 0.015 0.002 

Locus 7 : 
10 alleles
0.0% missing data
 121   (0.687) 0.797 0.783 
 129   (0.086) 0.063 0.086 
 130   (0.018) 0.004 0.006 
 123   (0.094) 0.074 0.093 
 128   (0.018) 0.015 0.002 
 131   (0.016) 0.008 0.002 
 117   (0.013) 0.001 0.004 
 125   (0.016) 0.002 0.008 
 134   (0.037) 0.029 0.014 
 132   (0.016) 0.008 0.002 

Locus 8 : 
19 alleles
0.0% missing data
 184   (0.302) 0.439 0.378 
 194   (0.038) 0.044 0.016 
 178   (0.106) 0.118 0.123 
 176   (0.078) 0.092 0.070 
 182   (0.079) 0.077 0.085 
 190   (0.032) 0.026 0.013 
 196   (0.021) 0.003 0.024 
 200   (0.028) 0.016 0.012 
 180   (0.030) 0.018 0.014 
 188   (0.038) 0.017 0.036 
 174   (0.034) 0.041 0.011 
 186   (0.109) 0.090 0.167 
 192   (0.029) 0.009 0.022 
 201   (0.012) 0.004 0.001 
 199   (0.015) 0.001 0.011 
 185   (0.012) 0.001 0.004 
 203   (0.012) 0.001 0.004 
 198   (0.012) 0.001 0.004 
 209   (0.012) 0.001 0.004 

Locus 9 : 
6 alleles
0.4% missing data
 154   (0.693) 0.716 0.770 
 156   (0.197) 0.231 0.161 
 152   (0.057) 0.028 0.051 
 153   (0.016) 0.002 0.008 
 160   (0.016) 0.002 0.008 
 164   (0.021) 0.022 0.002 

Locus 10 : 
29 alleles
0.7% missing data
 305   (0.055) 0.090 0.039 
 313   (0.042) 0.045 0.032 
 311   (0.014) 0.006 0.003 
 299   (0.093) 0.114 0.133 
 315   (0.051) 0.087 0.032 
 287   (0.054) 0.037 0.084 
 291   (0.095) 0.090 0.195 
 295   (0.030) 0.056 0.010 
 289   (0.024) 0.006 0.027 
 303   (0.090) 0.143 0.105 
 297   (0.045) 0.057 0.031 
 293   (0.023) 0.021 0.012 
 301   (0.045) 0.058 0.030 
 285   (0.046) 0.041 0.046 
 307   (0.048) 0.080 0.028 
 312   (0.045) 0.029 0.058 
 306   (0.023) 0.006 0.024 
 320   (0.013) 0.002 0.007 
 317   (0.023) 0.005 0.022 
 314   (0.023) 0.012 0.008 
 323   (0.012) 0.001 0.004 
 325   (0.011) 0.001 0.004 
 310   (0.016) 0.002 0.014 
 309   (0.013) 0.003 0.006 
 316   (0.014) 0.002 0.011 
 296   (0.012) 0.001 0.004 
 304   (0.015) 0.002 0.014 
 321   (0.013) 0.001 0.008 
 332   (0.013) 0.001 0.008 

Locus 11 : 
19 alleles
0.0% missing data
 114   (0.128) 0.233 0.070 
 126   (0.020) 0.022 0.002 
 111   (0.149) 0.067 0.322 
 116   (0.086) 0.150 0.041 
 132   (0.014) 0.005 0.001 
 109   (0.020) 0.014 0.003 
 128   (0.017) 0.003 0.006 
 112   (0.311) 0.444 0.271 
 122   (0.018) 0.006 0.004 
 124   (0.013) 0.005 0.001 
 118   (0.047) 0.021 0.040 
 127   (0.013) 0.001 0.004 
 113   (0.042) 0.004 0.154 
 115   (0.035) 0.012 0.027 
 120   (0.022) 0.003 0.020 
 117   (0.018) 0.003 0.010 
 125   (0.018) 0.002 0.011 
 119   (0.015) 0.001 0.008 
 136   (0.014) 0.004 0.001 

Locus 12 : 
28 alleles
0.7% missing data
 306   (0.057) 0.087 0.043 
 314   (0.048) 0.040 0.047 
 312   (0.013) 0.008 0.001 
 300   (0.096) 0.118 0.133 
 316   (0.032) 0.057 0.009 
 288   (0.054) 0.035 0.082 
 292   (0.099) 0.090 0.198 
 296   (0.034) 0.056 0.014 
 290   (0.024) 0.006 0.027 
 304   (0.092) 0.143 0.105 
 298   (0.046) 0.057 0.031 
 294   (0.023) 0.021 0.012 
 302   (0.046) 0.058 0.030 
 286   (0.048) 0.042 0.049 
 308   (0.022) 0.065 0.003 
 313   (0.042) 0.036 0.038 
 307   (0.039) 0.021 0.049 
 321   (0.013) 0.002 0.007 
 315   (0.043) 0.039 0.034 
 318   (0.017) 0.002 0.021 
 324   (0.012) 0.001 0.004 
 326   (0.012) 0.001 0.004 
 311   (0.021) 0.005 0.022 
 310   (0.013) 0.003 0.006 
 305   (0.015) 0.002 0.010 
 317   (0.013) 0.001 0.007 
 320   (0.012) 0.001 0.004 
 322   (0.014) 0.001 0.008 

Locus 13 : 
7 alleles
1.1% missing data
 161   (0.560) 0.615 0.520 
 163   (0.287) 0.171 0.430 
 160   (0.032) 0.080 0.003 
 162   (0.031) 0.080 0.003 
 165   (0.055) 0.030 0.040 
 166   (0.014) 0.005 0.001 
 164   (0.020) 0.019 0.002 

Locus 14 : 
4 alleles
0.4% missing data
  98   (0.956) 0.989 0.990 
 100   (0.014) 0.001 0.004 
  96   (0.016) 0.008 0.002 
 105   (0.014) 0.002 0.004 

Locus 15 : 
12 alleles
2.2% missing data
 171   (0.278) 0.274 0.346 
 177   (0.164) 0.194 0.150 
 173   (0.266) 0.225 0.377 
 179   (0.123) 0.216 0.070 
 183   (0.023) 0.011 0.007 
 181   (0.046) 0.033 0.026 
 197   (0.023) 0.016 0.005 
 170   (0.015) 0.007 0.002 
 189   (0.016) 0.008 0.002 
 203   (0.017) 0.012 0.002 
 187   (0.016) 0.002 0.008 
 198   (0.014) 0.001 0.005 

Values of parameters used in structure:
DATAFILE=STRUCTURE_main_final_278_HEG_ZG.str,	OUTFILE=STRUCTURE_main_final_278_HEG_ZG-K2-14,	NUMINDS=278,	NUMLOCI=15,	MISSING=-9,	LABEL=1,	POPDATA=1,	POPFLAG=0,	PHENOTYPE=0,	EXTRACOLS=0,	MAXPOPS=2,	BURNIN=100000,	NUMREPS=500000,	USEPOPINFO=0,	INFERALPHA=1,	INFERLAMBDA=0,	POPSPECIFICLAMBDA=0,	POPALPHAS=0,	COMPUTEPROB=1,	NOADMIX=0,	ADMBURNIN=2500,	UPDATEFREQ=1,	PRINTLIKES=0,	INTERMEDSAVE=0,	PRINTKLD=0,	PRINTNET=0,	PRINTLAMBDA=0,	ANCESTDIST=0,	NUMBOXES=1000,	ANCESTPINT=0.90000,	GENSBACK=2,	MIGRPRIOR=0.05000,	PRINTQHAT=0,	PRINTQSUM=0,	ALPHA=1.0000,	FREQSCORR=1,	FPRIORMEAN=0.0100,	FPRIORSD=0.0500,	ONEFST=0,	LAMBDA=1.0000,	UNIFPRIORALPHA=1,	ALPHAMAX=10.0000,	ALPHAPRIORA=1.0000,	ALPHAPRIORB=2.0000,	ALPHAPROPSD=0.0250,	STARTATPOPINFO=0,	RANDOMIZE=1,	LINKAGE=0,	METROFREQ=10,	REPORTHITRATE=0,	MARKOVPHASE=-1,	PHASED=0,	PLOIDY=2,	PHASEINFO=0	LOCPRIOR=0, 	LOCPRIORINIT=1.000000, 	LOCDATA=0, 	LOCISPOP=0, 	LOCPRIORSTEP=0.100000, 	MAXLOCPRIOR=20.000000, 	SEED=1782479391,	
[STRAT parameters]:    NUMSIMSTATS=1000,	PHENOTYPECOL=-9,	POOLFREQ=10,	LOCUSxONLY=0,	EMERROR=0.00100,	MISSINGPHENO=-9,	