

----------------------------------------------------
STRUCTURE by Pritchard, Stephens and Donnelly (2000)
     and Falush, Stephens and Pritchard (2003)
       Code by Pritchard, Falush and Hubisz
             Version 2.3.4 (Jul 2012)
----------------------------------------------------



Command line arguments:   structure -K 5 -i STRUCTURE_main_final_278_HEG_ZG.str -o STRUCTURE_main_final_278_HEG_ZG-K5-3 
Input File:    STRUCTURE_main_final_278_HEG_ZG.str

Run parameters:
   278 individuals
   15 loci
   5 populations assumed
   100000 Burn-in period
   500000 Reps


--------------------------------------------
Proportion of membership of each pre-defined
 population in each of the 5 clusters

Given    Inferred Clusters                     Number of
 Pop       1      2      3      4      5      Individuals

  1:     0.050  0.038  0.124  0.695  0.094       24
  2:     0.710  0.075  0.045  0.058  0.112       24
  3:     0.056  0.704  0.148  0.040  0.052       24
  4:     0.085  0.218  0.136  0.411  0.150       24
  5:     0.093  0.593  0.101  0.108  0.104       24
  6:     0.064  0.061  0.038  0.578  0.260       24
  7:     0.044  0.049  0.026  0.110  0.771       24
  8:     0.044  0.707  0.115  0.097  0.036       14
  9:     0.236  0.124  0.551  0.069  0.019       24
 10:     0.024  0.100  0.782  0.025  0.069       24
 11:     0.058  0.103  0.747  0.052  0.040       24
 12:     0.038  0.248  0.169  0.359  0.187       24
--------------------------------------------

Allele-freq. divergence among pops (Net nucleotide distance),
computed using point estimates of P.

      1       2       3       4       5      
 1      -    0.0493  0.0790  0.0498  0.0856  
 2   0.0493     -    0.0404  0.0296  0.0692  
 3   0.0790  0.0404     -    0.0452  0.0992  
 4   0.0498  0.0296  0.0452     -    0.0553  
 5   0.0856  0.0692  0.0992  0.0553     -    

Average distances (expected heterozygosity) between individuals in same cluster:
cluster  1  : 0.6320 
cluster  2  : 0.6468 
cluster  3  : 0.6193 
cluster  4  : 0.6291 
cluster  5  : 0.5504 

--------------------------------------------
Estimated Ln Prob of Data   = -12964.9
Mean value of ln likelihood = -12464.9
Variance of ln likelihood   = 1000.1
Mean value of alpha         = 0.1022

Mean value of Fst_1         = 0.1454
Mean value of Fst_2         = 0.0414
Mean value of Fst_3         = 0.1173
Mean value of Fst_4         = 0.0705
Mean value of Fst_5         = 0.1712


Inferred ancestry of individuals:
        Label (%Miss) Pop:  Inferred clusters
  1 24.0601.E1    (0)    1 :  0.122 0.016 0.018 0.809 0.036 
  2 24.0602.E1    (0)    1 :  0.012 0.028 0.032 0.910 0.019 
  3 24.0603.E1    (0)    1 :  0.015 0.049 0.019 0.856 0.061 
  4 24.0604.E1    (0)    1 :  0.013 0.070 0.041 0.864 0.013 
  5 24.0605.E1    (0)    1 :  0.078 0.017 0.025 0.841 0.040 
  6 24.0606.E1    (0)    1 :  0.030 0.015 0.034 0.886 0.035 
  7 24.0607.E1    (0)    1 :  0.095 0.085 0.256 0.193 0.372 
  8 24.0608.E1    (0)    1 :  0.011 0.017 0.135 0.620 0.217 
  9 24.0609.E1    (0)    1 :  0.010 0.044 0.460 0.472 0.014 
 10 24.0610.E1    (0)    1 :  0.012 0.027 0.267 0.680 0.015 
 11 24.0611.E1    (0)    1 :  0.085 0.015 0.049 0.838 0.013 
 12 24.0612.E1    (0)    1 :  0.113 0.023 0.013 0.821 0.030 
 13 24.0613.E1    (0)    1 :  0.013 0.011 0.030 0.937 0.010 
 14 24.0614.E1    (0)    1 :  0.024 0.019 0.211 0.355 0.390 
 15 24.0615.E1    (0)    1 :  0.039 0.031 0.274 0.569 0.088 
 16 24.0616.E1    (0)    1 :  0.021 0.013 0.025 0.930 0.012 
 17 24.0617.E1    (0)    1 :  0.051 0.017 0.553 0.342 0.037 
 18 24.0618.E1    (0)    1 :  0.033 0.029 0.156 0.769 0.013 
 19 24.0619.E1    (0)    1 :  0.034 0.115 0.024 0.816 0.011 
 20 24.0620.E1   (20)    1 :  0.032 0.031 0.066 0.111 0.761 
 21 24.0621.E1    (0)    1 :  0.026 0.166 0.185 0.609 0.013 
 22 24.0622.E1    (0)    1 :  0.027 0.022 0.015 0.917 0.018 
 23 24.0623.E1    (0)    1 :  0.281 0.037 0.064 0.588 0.030 
 24 24.0624.E1    (0)    1 :  0.014 0.012 0.021 0.940 0.013 
 25 24.0625.E1    (0)    2 :  0.670 0.039 0.031 0.020 0.239 
 26 24.0626.E1    (0)    2 :  0.791 0.014 0.012 0.009 0.174 
 27 24.0627.E1    (0)    2 :  0.447 0.477 0.012 0.018 0.046 
 28 24.0628.E1    (0)    2 :  0.350 0.061 0.189 0.073 0.327 
 29 24.0629.E1    (0)    2 :  0.814 0.029 0.027 0.117 0.013 
 30 24.0630.E1    (0)    2 :  0.768 0.014 0.012 0.014 0.192 
 31 24.0631.E1    (0)    2 :  0.959 0.009 0.006 0.015 0.011 
 32 24.0632.E1    (0)    2 :  0.858 0.019 0.015 0.023 0.086 
 33 24.0633.E1    (0)    2 :  0.491 0.129 0.057 0.029 0.295 
 34 24.0634.E1    (0)    2 :  0.944 0.015 0.014 0.016 0.013 
 35 24.0635.E1    (0)    2 :  0.581 0.268 0.059 0.039 0.053 
 36 24.0636.E1   (33)    2 :  0.058 0.039 0.016 0.067 0.820 
 37 24.0637.E1    (0)    2 :  0.958 0.010 0.007 0.010 0.015 
 38 24.0638.E1    (0)    2 :  0.825 0.129 0.012 0.021 0.012 
 39 24.0639.E1    (0)    2 :  0.791 0.028 0.077 0.066 0.037 
 40 24.0640.E1    (0)    2 :  0.946 0.012 0.010 0.018 0.014 
 41 24.0641.E1    (0)    2 :  0.394 0.162 0.123 0.289 0.032 
 42 24.0642.E1    (0)    2 :  0.560 0.039 0.011 0.329 0.061 
 43 24.0643.E1    (0)    2 :  0.587 0.242 0.016 0.026 0.128 
 44 24.0644.E1    (0)    2 :  0.807 0.015 0.127 0.037 0.015 
 45 24.0645.E1    (0)    2 :  0.707 0.013 0.115 0.096 0.069 
 46 24.0646.E1    (0)    2 :  0.806 0.015 0.127 0.037 0.015 
 47 24.0647.E1    (0)    2 :  0.959 0.010 0.007 0.009 0.015 
 48 24.0648.E1    (0)    2 :  0.958 0.010 0.006 0.010 0.015 
 49 24.0649.E1    (0)    3 :  0.022 0.876 0.077 0.018 0.008 
 50 24.0650.E1    (0)    3 :  0.009 0.079 0.578 0.324 0.009 
 51 24.0651.E1    (0)    3 :  0.437 0.453 0.062 0.016 0.032 
 52 24.0652.E1    (0)    3 :  0.009 0.848 0.103 0.027 0.013 
 53 24.0653.E1    (0)    3 :  0.011 0.947 0.020 0.011 0.011 
 54 24.0654.E1    (0)    3 :  0.017 0.807 0.151 0.014 0.011 
 55 24.0655.E1    (0)    3 :  0.241 0.451 0.198 0.084 0.027 
 56 24.0656.E1    (0)    3 :  0.011 0.696 0.137 0.019 0.137 
 57 24.0657.E1    (0)    3 :  0.010 0.717 0.128 0.018 0.127 
 58 24.0658.E1    (0)    3 :  0.014 0.751 0.175 0.044 0.016 
 59 24.0659.E1    (0)    3 :  0.028 0.871 0.053 0.040 0.008 
 60 24.0660.E1    (6)    3 :  0.033 0.875 0.020 0.059 0.013 
 61 24.0661.E1    (0)    3 :  0.014 0.347 0.361 0.016 0.262 
 62 24.0662.E1    (0)    3 :  0.329 0.456 0.119 0.066 0.029 
 63 24.0663.E1    (0)    3 :  0.015 0.033 0.925 0.014 0.012 
 64 24.0664.E1    (0)    3 :  0.013 0.782 0.088 0.014 0.103 
 65 24.0665.E1    (0)    3 :  0.012 0.604 0.026 0.012 0.345 
 66 24.0666.E1    (0)    3 :  0.013 0.942 0.017 0.019 0.009 
 67 24.0667.E1    (0)    3 :  0.014 0.950 0.013 0.013 0.010 
 68 24.0668.E1    (0)    3 :  0.014 0.954 0.012 0.011 0.010 
 69 24.0669.E1    (0)    3 :  0.014 0.947 0.016 0.011 0.012 
 70 24.0670.E1    (0)    3 :  0.012 0.846 0.106 0.023 0.012 
 71 24.0671.E1    (0)    3 :  0.034 0.770 0.150 0.026 0.020 
 72 24.0672.E1    (0)    3 :  0.012 0.905 0.018 0.055 0.010 
 73 24.0673.E1    (6)    4 :  0.032 0.033 0.065 0.309 0.562 
 74 24.0674.E1    (0)    4 :  0.027 0.019 0.022 0.629 0.303 
 75 24.0675.E1    (0)    4 :  0.057 0.050 0.466 0.227 0.200 
 76 24.0676.E1    (0)    4 :  0.029 0.056 0.730 0.077 0.108 
 77 24.0677.E1    (0)    4 :  0.015 0.275 0.575 0.104 0.032 
 78 24.0678.E1    (0)    4 :  0.268 0.370 0.036 0.294 0.032 
 79 24.0679.E1    (0)    4 :  0.021 0.693 0.035 0.230 0.020 
 80 24.0680.E1    (0)    4 :  0.026 0.873 0.019 0.061 0.021 
 81 24.0681.E1    (0)    4 :  0.032 0.316 0.029 0.561 0.062 
 82 24.0682.E1    (0)    4 :  0.028 0.032 0.043 0.717 0.179 
 83 24.0683.E1    (0)    4 :  0.014 0.025 0.020 0.542 0.399 
 84 24.0684.E1    (0)    4 :  0.047 0.035 0.027 0.670 0.221 
 85 24.0685.E1    (0)    4 :  0.031 0.085 0.025 0.774 0.084 
 86 24.0686.E1    (0)    4 :  0.448 0.374 0.030 0.127 0.021 
 87 24.0687.E1    (0)    4 :  0.697 0.126 0.043 0.081 0.053 
 88 24.0688.E1    (0)    4 :  0.033 0.084 0.022 0.696 0.165 
 89 24.0689.E1    (0)    4 :  0.056 0.072 0.615 0.163 0.095 
 90 24.0690.E1    (0)    4 :  0.071 0.844 0.014 0.025 0.045 
 91 24.0691.E1    (0)    4 :  0.020 0.030 0.056 0.848 0.046 
 92 24.0692.E1    (0)    4 :  0.018 0.526 0.149 0.188 0.119 
 93 24.0693.E1    (0)    4 :  0.020 0.115 0.125 0.049 0.691 
 94 24.0694.E1    (0)    4 :  0.019 0.126 0.039 0.726 0.089 
 95 24.0695.E1    (0)    4 :  0.013 0.027 0.042 0.899 0.018 
 96 24.0696.E1    (0)    4 :  0.022 0.053 0.032 0.868 0.025 
 97 24.0697.E1    (0)    5 :  0.045 0.511 0.072 0.041 0.331 
 98 24.0698.E1    (0)    5 :  0.073 0.402 0.189 0.085 0.251 
 99 24.0699.E1    (0)    5 :  0.090 0.719 0.071 0.094 0.025 
100 24.0700.E1    (0)    5 :  0.016 0.932 0.018 0.017 0.018 
101 24.0701.E1    (0)    5 :  0.030 0.820 0.027 0.019 0.104 
102 24.0702.E1    (0)    5 :  0.032 0.859 0.016 0.024 0.069 
103 24.0703.E1    (0)    5 :  0.239 0.629 0.077 0.037 0.018 
104 24.0704.E1    (6)    5 :  0.190 0.410 0.264 0.099 0.037 
105 24.0705.E1    (0)    5 :  0.030 0.560 0.015 0.377 0.018 
106 24.0706.E1    (0)    5 :  0.017 0.918 0.022 0.018 0.025 
107 24.0707.E1    (0)    5 :  0.176 0.625 0.017 0.119 0.064 
108 24.0708.E1    (0)    5 :  0.494 0.034 0.289 0.130 0.054 
109 24.0709.E1    (0)    5 :  0.041 0.227 0.525 0.167 0.039 
110 24.0710.E1    (0)    5 :  0.042 0.359 0.126 0.361 0.110 
111 24.0711.E1    (0)    5 :  0.097 0.574 0.028 0.264 0.037 
112 24.0712.E1    (0)    5 :  0.080 0.822 0.013 0.043 0.042 
113 24.0713.E1    (0)    5 :  0.022 0.723 0.170 0.043 0.043 
114 24.0714.E1    (0)    5 :  0.072 0.726 0.050 0.132 0.020 
115 24.0715.E1    (0)    5 :  0.016 0.109 0.082 0.087 0.707 
116 24.0716.E1    (0)    5 :  0.104 0.693 0.063 0.113 0.027 
117 24.0717.E1    (0)    5 :  0.129 0.390 0.070 0.033 0.379 
118 24.0718.E1    (0)    5 :  0.052 0.836 0.013 0.071 0.027 
119 24.0719.E1    (0)    5 :  0.115 0.673 0.105 0.071 0.036 
120 24.0720.E1    (0)    5 :  0.039 0.682 0.110 0.144 0.025 
121 24.0721.E1    (0)    6 :  0.057 0.113 0.084 0.054 0.692 
122 24.0722.E1    (0)    6 :  0.236 0.063 0.028 0.098 0.574 
123 24.0723.E1    (0)    6 :  0.402 0.031 0.107 0.071 0.388 
124 24.0724.E1    (0)    6 :  0.051 0.034 0.101 0.609 0.205 
125 24.0725.E1    (0)    6 :  0.015 0.035 0.015 0.923 0.012 
126 24.0726.E1    (6)    6 :  0.018 0.028 0.015 0.839 0.100 
127 24.0727.E1    (0)    6 :  0.042 0.086 0.037 0.366 0.469 
128 24.0728.E1    (0)    6 :  0.150 0.081 0.059 0.426 0.283 
129 24.0729.E1    (0)    6 :  0.023 0.029 0.030 0.856 0.062 
130 24.0730.E1    (0)    6 :  0.029 0.303 0.103 0.444 0.121 
131 24.0731.E1    (0)    6 :  0.015 0.018 0.019 0.899 0.050 
132 24.0732.E1    (0)    6 :  0.016 0.036 0.009 0.141 0.797 
133 24.0733.E1    (0)    6 :  0.011 0.010 0.010 0.936 0.033 
134 24.0734.E1    (0)    6 :  0.047 0.049 0.016 0.058 0.830 
135 24.0735.E1    (0)    6 :  0.080 0.050 0.033 0.601 0.235 
136 24.0736.E1    (0)    6 :  0.017 0.015 0.014 0.864 0.090 
137 24.0737.E1    (0)    6 :  0.195 0.027 0.019 0.743 0.015 
138 24.0738.E1    (0)    6 :  0.019 0.025 0.015 0.880 0.061 
139 24.0739.E1    (0)    6 :  0.024 0.031 0.014 0.920 0.011 
140 24.0740.E1    (0)    6 :  0.019 0.025 0.032 0.904 0.020 
141 24.0741.E1    (0)    6 :  0.022 0.030 0.016 0.583 0.349 
142 24.0742.E1    (0)    6 :  0.023 0.020 0.015 0.469 0.473 
143 24.0743.E1    (0)    6 :  0.010 0.021 0.054 0.802 0.112 
144 24.0744.E1    (0)    6 :  0.021 0.292 0.064 0.375 0.248 
145 24.0745.E1    (0)    7 :  0.011 0.036 0.018 0.013 0.922 
146 24.0746.E1    (0)    7 :  0.219 0.032 0.027 0.085 0.636 
147 24.0747.E1    (0)    7 :  0.015 0.031 0.071 0.095 0.789 
148 24.0748.E1    (6)    7 :  0.017 0.032 0.090 0.114 0.746 
149 24.0749.E1    (0)    7 :  0.016 0.017 0.014 0.263 0.690 
150 24.0750.E1    (0)    7 :  0.032 0.113 0.046 0.545 0.264 
151 24.0751.E1    (0)    7 :  0.014 0.010 0.010 0.018 0.948 
152 24.0752.E1    (0)    7 :  0.013 0.012 0.019 0.069 0.886 
153 24.0753.E1    (0)    7 :  0.245 0.014 0.011 0.147 0.583 
154 24.0754.E1    (0)    7 :  0.022 0.014 0.011 0.047 0.907 
155 24.0755.E1    (0)    7 :  0.023 0.031 0.084 0.049 0.813 
156 24.0756.E1    (0)    7 :  0.014 0.011 0.026 0.042 0.907 
157 24.0757.E1    (0)    7 :  0.008 0.008 0.006 0.008 0.969 
158 24.0758.E1    (0)    7 :  0.008 0.008 0.007 0.009 0.968 
159 24.0759.E1    (0)    7 :  0.011 0.018 0.012 0.033 0.926 
160 24.0760.E1    (0)    7 :  0.256 0.046 0.011 0.027 0.661 
161 24.0761.E1    (0)    7 :  0.016 0.009 0.009 0.011 0.956 
162 24.0762.E1    (0)    7 :  0.016 0.653 0.033 0.209 0.089 
163 24.0763.E1    (0)    7 :  0.009 0.009 0.008 0.020 0.954 
164 24.0764.E1    (0)    7 :  0.014 0.012 0.009 0.024 0.941 
165 24.0765.E1    (0)    7 :  0.033 0.014 0.019 0.026 0.908 
166 24.0766.E1    (0)    7 :  0.010 0.010 0.009 0.015 0.956 
167 24.0767.E1    (0)    7 :  0.008 0.008 0.010 0.017 0.956 
168 24.0768.E1    (0)    7 :  0.014 0.033 0.074 0.747 0.132 
169 24.0779.E1    (0)    8 :  0.067 0.678 0.048 0.061 0.147 
170 24.0780.E1    (6)    8 :  0.014 0.626 0.330 0.018 0.011 
171 24.0781.E1    (0)    8 :  0.012 0.945 0.019 0.011 0.013 
172 24.0782.E1    (0)    8 :  0.138 0.060 0.039 0.700 0.063 
173 24.0783.E1    (0)    8 :  0.021 0.871 0.071 0.023 0.013 
174 24.0784.E1    (0)    8 :  0.040 0.760 0.151 0.038 0.011 
175 24.0785.E1    (0)    8 :  0.011 0.824 0.140 0.016 0.009 
176 24.0786.E1    (0)    8 :  0.023 0.498 0.295 0.142 0.041 
177 24.0787.E1    (0)    8 :  0.080 0.830 0.023 0.033 0.035 
178 24.0788.E1    (0)    8 :  0.032 0.722 0.209 0.017 0.021 
179 24.0789.E1    (0)    8 :  0.141 0.545 0.205 0.088 0.021 
180 24.0790.E1    (0)    8 :  0.017 0.931 0.034 0.009 0.009 
181 24.0791.E1    (0)    8 :  0.013 0.801 0.016 0.154 0.016 
182 24.0792.E1    (0)    8 :  0.010 0.806 0.034 0.049 0.101 
183 24.0793.E1    (0)    9 :  0.407 0.049 0.495 0.037 0.012 
184 24.0794.E1    (0)    9 :  0.025 0.193 0.226 0.535 0.020 
185 24.0795.E1    (0)    9 :  0.483 0.024 0.130 0.341 0.022 
186 24.0796.E1    (0)    9 :  0.015 0.183 0.750 0.042 0.010 
187 24.0797.E1    (0)    9 :  0.174 0.151 0.646 0.022 0.008 
188 24.0798.E1    (0)    9 :  0.242 0.509 0.150 0.025 0.074 
189 24.0799.E1    (0)    9 :  0.117 0.084 0.756 0.028 0.016 
190 24.0800.E1    (0)    9 :  0.013 0.031 0.906 0.030 0.019 
191 24.0801.E1    (0)    9 :  0.091 0.413 0.453 0.025 0.019 
192 24.0802.E1    (0)    9 :  0.592 0.044 0.325 0.030 0.010 
193 24.0803.E1    (0)    9 :  0.338 0.093 0.525 0.031 0.014 
194 24.0804.E1    (0)    9 :  0.291 0.012 0.672 0.016 0.008 
195 24.0805.E1    (0)    9 :  0.061 0.293 0.567 0.050 0.029 
196 24.0806.E1    (0)    9 :  0.723 0.018 0.216 0.026 0.017 
197 24.0807.E1    (0)    9 :  0.426 0.039 0.506 0.019 0.010 
198 24.0808.E1    (0)    9 :  0.043 0.197 0.675 0.066 0.019 
199 24.0809.E1    (0)    9 :  0.022 0.080 0.764 0.086 0.048 
200 24.0810.E1    (0)    9 :  0.136 0.061 0.721 0.058 0.024 
201 24.0811.E1    (0)    9 :  0.225 0.028 0.678 0.059 0.011 
202 24.0812.E1    (0)    9 :  0.027 0.070 0.835 0.055 0.014 
203 24.0813.E1    (0)    9 :  0.322 0.188 0.429 0.039 0.021 
204 24.0814.E1    (6)    9 :  0.075 0.020 0.882 0.013 0.010 
205 24.0815.E1    (0)    9 :  0.360 0.111 0.499 0.013 0.018 
206 24.0816.E1    (0)    9 :  0.465 0.090 0.421 0.014 0.010 
207 24.0817.E1    (0)   10 :  0.020 0.025 0.914 0.028 0.012 
208 24.0818.E1    (0)   10 :  0.022 0.074 0.833 0.053 0.019 
209 24.0819.E1    (0)   10 :  0.096 0.145 0.478 0.025 0.255 
210 24.0820.E1    (0)   10 :  0.013 0.018 0.504 0.011 0.454 
211 24.0821.E1    (0)   10 :  0.016 0.639 0.312 0.020 0.013 
212 24.0822.E1    (0)   10 :  0.009 0.030 0.909 0.013 0.040 
213 24.0823.E1    (0)   10 :  0.017 0.019 0.807 0.013 0.144 
214 24.0824.E1    (0)   10 :  0.024 0.329 0.568 0.048 0.031 
215 24.0825.E1    (0)   10 :  0.013 0.012 0.946 0.014 0.015 
216 24.0826.E1    (0)   10 :  0.012 0.045 0.618 0.010 0.314 
217 24.0827.E1    (0)   10 :  0.024 0.027 0.884 0.056 0.009 
218 24.0828.E1    (0)   10 :  0.015 0.030 0.771 0.014 0.169 
219 24.0829.E1    (0)   10 :  0.013 0.018 0.935 0.014 0.019 
220 24.0830.E1    (0)   10 :  0.015 0.264 0.694 0.018 0.009 
221 24.0831.E1    (0)   10 :  0.011 0.445 0.523 0.012 0.008 
222 24.0832.E1    (0)   10 :  0.008 0.011 0.957 0.016 0.008 
223 24.0833.E1    (0)   10 :  0.009 0.011 0.961 0.010 0.010 
224 24.0834.E1    (0)   10 :  0.013 0.018 0.937 0.017 0.015 
225 24.0835.E1    (0)   10 :  0.015 0.017 0.934 0.025 0.009 
226 24.0836.E1    (0)   10 :  0.015 0.025 0.909 0.029 0.022 
227 24.0837.E1    (0)   10 :  0.010 0.023 0.938 0.016 0.014 
228 24.0838.E1    (0)   10 :  0.010 0.023 0.928 0.013 0.025 
229 24.0839.E1    (0)   10 :  0.060 0.124 0.662 0.115 0.040 
230 24.0840.E1    (0)   10 :  0.108 0.019 0.847 0.019 0.008 
231 24.0841.E1    (0)   11 :  0.010 0.024 0.876 0.064 0.027 
232 24.0842.E1    (0)   11 :  0.009 0.139 0.801 0.036 0.016 
233 24.0843.E1    (0)   11 :  0.014 0.214 0.690 0.011 0.071 
234 24.0844.E1    (0)   11 :  0.013 0.395 0.536 0.040 0.015 
235 24.0845.E1    (0)   11 :  0.012 0.114 0.845 0.016 0.013 
236 24.0846.E1    (0)   11 :  0.017 0.028 0.918 0.023 0.014 
237 24.0847.E1    (0)   11 :  0.015 0.026 0.838 0.090 0.030 
238 24.0848.E1    (0)   11 :  0.011 0.060 0.887 0.034 0.009 
239 24.0849.E1    (0)   11 :  0.010 0.014 0.924 0.011 0.041 
240 24.0850.E1    (0)   11 :  0.010 0.014 0.924 0.011 0.041 
241 24.0851.E1    (0)   11 :  0.010 0.013 0.924 0.012 0.041 
242 24.0852.E1    (0)   11 :  0.010 0.086 0.801 0.013 0.090 
243 24.0853.E1    (0)   11 :  0.012 0.013 0.917 0.010 0.048 
244 24.0854.E1    (0)   11 :  0.014 0.808 0.138 0.023 0.017 
245 24.0855.E1    (0)   11 :  0.010 0.015 0.949 0.013 0.013 
246 24.0856.E1    (0)   11 :  0.512 0.175 0.143 0.087 0.083 
247 24.0857.E1    (0)   11 :  0.021 0.022 0.907 0.030 0.021 
248 24.0858.E1    (0)   11 :  0.011 0.041 0.907 0.019 0.022 
249 24.0859.E1    (0)   11 :  0.020 0.018 0.792 0.015 0.156 
250 24.0860.E1    (0)   11 :  0.189 0.090 0.624 0.029 0.067 
251 24.0861.E1    (0)   11 :  0.010 0.015 0.914 0.012 0.049 
252 24.0862.E1    (0)   11 :  0.419 0.032 0.503 0.031 0.015 
253 24.0863.E1    (0)   11 :  0.010 0.015 0.915 0.012 0.048 
254 24.0864.E1    (0)   11 :  0.016 0.108 0.264 0.600 0.013 
255 24.0865.E1    (0)   12 :  0.029 0.103 0.288 0.032 0.548 
256 24.0866.E1    (0)   12 :  0.019 0.119 0.677 0.078 0.108 
257 24.0867.E1    (0)   12 :  0.072 0.047 0.369 0.068 0.445 
258 24.0868.E1    (0)   12 :  0.055 0.609 0.220 0.059 0.056 
259 24.0869.E1    (0)   12 :  0.096 0.275 0.485 0.098 0.046 
260 24.0870.E1    (0)   12 :  0.229 0.413 0.110 0.193 0.054 
261 24.0871.E1    (0)   12 :  0.098 0.423 0.043 0.417 0.019 
262 24.0872.E1    (0)   12 :  0.023 0.458 0.078 0.035 0.406 
263 24.0873.E1    (0)   12 :  0.037 0.217 0.440 0.148 0.158 
264 24.0874.E1    (0)   12 :  0.020 0.045 0.496 0.026 0.413 
265 24.0875.E1    (0)   12 :  0.019 0.824 0.029 0.100 0.028 
266 24.0876.E1    (0)   12 :  0.020 0.468 0.017 0.463 0.032 
267 24.0877.E1    (0)   12 :  0.012 0.022 0.015 0.890 0.061 
268 24.0878.E1    (0)   12 :  0.014 0.041 0.065 0.861 0.019 
269 24.0879.E1    (0)   12 :  0.021 0.206 0.013 0.749 0.012 
270 24.0880.E1    (0)   12 :  0.027 0.297 0.565 0.082 0.029 
271 24.0881.E1    (0)   12 :  0.014 0.012 0.013 0.936 0.025 
272 24.0882.E1    (0)   12 :  0.013 0.018 0.018 0.258 0.692 
273 24.0883.E1    (0)   12 :  0.016 0.163 0.020 0.503 0.298 
274 24.0884.E1    (0)   12 :  0.014 0.021 0.015 0.894 0.056 
275 24.0885.E1    (0)   12 :  0.021 0.074 0.019 0.871 0.016 
276 24.0886.E1    (0)   12 :  0.009 0.052 0.020 0.691 0.227 
277 24.0887.E1    (0)   12 :  0.020 0.115 0.011 0.135 0.718 
278 24.0888.E1    (0)   12 :  0.022 0.919 0.023 0.023 0.013 


Estimated Allele Frequencies in each cluster
First column gives estimated ancestral frequencies


Locus 1 : 
31 alleles
0.0% missing data
 115   (0.027) 0.004 0.009 0.002 0.159 0.018 
 117   (0.041) 0.006 0.012 0.007 0.174 0.159 
 119   (0.047) 0.173 0.008 0.003 0.198 0.257 
 131   (0.018) 0.002 0.003 0.001 0.036 0.003 
 128   (0.037) 0.004 0.036 0.012 0.042 0.005 
 135   (0.018) 0.002 0.003 0.002 0.042 0.004 
 126   (0.077) 0.029 0.057 0.154 0.072 0.085 
 122   (0.032) 0.161 0.019 0.007 0.012 0.002 
 132   (0.030) 0.006 0.019 0.033 0.005 0.016 
 141   (0.012) 0.005 0.002 0.001 0.006 0.001 
 130   (0.051) 0.022 0.084 0.027 0.013 0.044 
 134   (0.035) 0.101 0.020 0.042 0.005 0.003 
 145   (0.027) 0.010 0.029 0.005 0.004 0.024 
 127   (0.027) 0.020 0.006 0.002 0.020 0.141 
 116   (0.110) 0.188 0.194 0.186 0.057 0.049 
 114   (0.042) 0.097 0.031 0.153 0.006 0.009 
 120   (0.036) 0.064 0.072 0.002 0.009 0.003 
 110   (0.051) 0.030 0.032 0.044 0.037 0.030 
 133   (0.017) 0.008 0.004 0.001 0.004 0.011 
 118   (0.090) 0.039 0.292 0.254 0.026 0.035 
 125   (0.017) 0.005 0.006 0.007 0.002 0.001 
 129   (0.022) 0.002 0.010 0.001 0.035 0.006 
 124   (0.017) 0.003 0.017 0.001 0.005 0.002 
 136   (0.024) 0.004 0.009 0.040 0.009 0.002 
 121   (0.016) 0.002 0.003 0.001 0.005 0.052 
 139   (0.012) 0.001 0.002 0.001 0.008 0.001 
 113   (0.012) 0.001 0.002 0.001 0.001 0.011 
 111   (0.013) 0.001 0.002 0.001 0.002 0.011 
 143   (0.013) 0.001 0.002 0.001 0.001 0.012 
 140   (0.017) 0.006 0.011 0.003 0.002 0.001 
 112   (0.013) 0.001 0.002 0.006 0.001 0.001 

Locus 2 : 
18 alleles
0.0% missing data
 152   (0.361) 0.456 0.312 0.336 0.583 0.753 
 148   (0.063) 0.158 0.025 0.005 0.181 0.038 
 154   (0.114) 0.220 0.090 0.139 0.070 0.052 
 156   (0.018) 0.007 0.006 0.002 0.008 0.001 
 150   (0.027) 0.043 0.005 0.002 0.005 0.038 
 164   (0.077) 0.026 0.069 0.082 0.076 0.018 
 158   (0.043) 0.027 0.036 0.007 0.017 0.015 
 160   (0.019) 0.002 0.008 0.001 0.003 0.024 
 166   (0.023) 0.017 0.015 0.005 0.005 0.002 
 151   (0.064) 0.007 0.218 0.269 0.007 0.005 
 147   (0.056) 0.012 0.129 0.138 0.007 0.009 
 168   (0.023) 0.004 0.023 0.004 0.004 0.003 
 153   (0.017) 0.004 0.012 0.002 0.002 0.003 
 149   (0.026) 0.002 0.019 0.002 0.007 0.011 
 162   (0.022) 0.011 0.009 0.006 0.006 0.003 
 167   (0.015) 0.001 0.003 0.001 0.016 0.001 
 146   (0.014) 0.001 0.002 0.001 0.001 0.023 
 172   (0.016) 0.002 0.015 0.001 0.002 0.001 

Locus 3 : 
4 alleles
0.0% missing data
 128   (0.285) 0.278 0.241 0.383 0.249 0.382 
 126   (0.613) 0.660 0.676 0.544 0.688 0.608 
 132   (0.084) 0.054 0.071 0.072 0.061 0.008 
 134   (0.018) 0.008 0.012 0.001 0.002 0.002 

Locus 4 : 
3 alleles
0.0% missing data
 170   (0.321) 0.395 0.311 0.321 0.272 0.262 
 172   (0.665) 0.598 0.687 0.678 0.726 0.734 
 171   (0.015) 0.006 0.003 0.002 0.002 0.003 

Locus 5 : 
37 alleles
0.0% missing data
 125   (0.054) 0.080 0.048 0.071 0.040 0.047 
 110   (0.035) 0.023 0.019 0.059 0.034 0.011 
 129   (0.037) 0.007 0.057 0.033 0.046 0.003 
 113   (0.034) 0.018 0.070 0.044 0.011 0.003 
 145   (0.049) 0.006 0.063 0.010 0.200 0.102 
 155   (0.046) 0.175 0.021 0.037 0.121 0.011 
 117   (0.032) 0.013 0.022 0.005 0.056 0.038 
 124   (0.010) 0.001 0.002 0.001 0.016 0.001 
 133   (0.033) 0.004 0.045 0.003 0.032 0.073 
 157   (0.045) 0.022 0.127 0.042 0.010 0.034 
 141   (0.017) 0.002 0.022 0.003 0.006 0.001 
 112   (0.062) 0.157 0.030 0.134 0.081 0.136 
 121   (0.023) 0.019 0.013 0.026 0.004 0.003 
 114   (0.036) 0.011 0.008 0.053 0.066 0.159 
 153   (0.050) 0.019 0.092 0.114 0.055 0.004 
 127   (0.067) 0.035 0.081 0.126 0.067 0.113 
 131   (0.061) 0.171 0.039 0.054 0.049 0.166 
 135   (0.027) 0.004 0.036 0.055 0.009 0.003 
 104   (0.011) 0.006 0.002 0.002 0.002 0.003 
 118   (0.018) 0.011 0.010 0.001 0.016 0.002 
 116   (0.027) 0.052 0.020 0.007 0.016 0.004 
 137   (0.021) 0.121 0.010 0.002 0.005 0.005 
 123   (0.019) 0.005 0.008 0.055 0.008 0.002 
 149   (0.011) 0.001 0.002 0.004 0.004 0.001 
 138   (0.013) 0.001 0.033 0.001 0.001 0.001 
 143   (0.027) 0.003 0.021 0.028 0.003 0.058 
 163   (0.011) 0.010 0.003 0.001 0.002 0.001 
 109   (0.012) 0.001 0.003 0.001 0.012 0.003 
 139   (0.011) 0.001 0.008 0.001 0.001 0.001 
 106   (0.011) 0.003 0.006 0.001 0.002 0.001 
 144   (0.016) 0.003 0.017 0.009 0.003 0.001 
 122   (0.012) 0.001 0.002 0.001 0.013 0.003 
 100   (0.017) 0.006 0.021 0.011 0.003 0.001 
 111   (0.012) 0.001 0.021 0.001 0.001 0.001 
 233   (0.011) 0.001 0.007 0.002 0.001 0.001 
 134   (0.010) 0.001 0.005 0.003 0.001 0.001 
 140   (0.010) 0.001 0.006 0.001 0.001 0.001 

Locus 6 : 
17 alleles
0.0% missing data
 221   (0.029) 0.004 0.005 0.002 0.091 0.063 
 232   (0.235) 0.198 0.316 0.373 0.176 0.479 
 229   (0.056) 0.042 0.015 0.045 0.086 0.045 
 223   (0.058) 0.011 0.046 0.048 0.096 0.010 
 230   (0.158) 0.151 0.190 0.135 0.130 0.264 
 235   (0.016) 0.003 0.003 0.001 0.045 0.001 
 236   (0.041) 0.029 0.031 0.003 0.061 0.007 
 227   (0.020) 0.002 0.006 0.001 0.048 0.003 
 220   (0.045) 0.145 0.028 0.093 0.008 0.004 
 222   (0.042) 0.234 0.033 0.039 0.005 0.003 
 234   (0.133) 0.134 0.133 0.139 0.143 0.086 
 224   (0.033) 0.006 0.046 0.037 0.004 0.002 
 228   (0.057) 0.012 0.133 0.049 0.019 0.006 
 225   (0.013) 0.007 0.002 0.001 0.004 0.001 
 226   (0.021) 0.016 0.004 0.031 0.004 0.001 
 233   (0.025) 0.002 0.007 0.002 0.049 0.024 
 231   (0.016) 0.001 0.003 0.001 0.030 0.001 

Locus 7 : 
10 alleles
0.0% missing data
 121   (0.673) 0.806 0.784 0.757 0.849 0.743 
 129   (0.084) 0.014 0.051 0.115 0.075 0.101 
 130   (0.017) 0.009 0.004 0.006 0.003 0.003 
 123   (0.100) 0.111 0.103 0.103 0.026 0.090 
 128   (0.024) 0.023 0.007 0.001 0.004 0.019 
 131   (0.016) 0.022 0.004 0.001 0.002 0.002 
 117   (0.014) 0.001 0.008 0.001 0.002 0.001 
 125   (0.016) 0.001 0.015 0.001 0.002 0.001 
 134   (0.040) 0.012 0.021 0.013 0.035 0.021 
 132   (0.015) 0.001 0.003 0.001 0.003 0.019 

Locus 8 : 
19 alleles
0.0% missing data
 184   (0.283) 0.446 0.384 0.341 0.494 0.387 
 194   (0.049) 0.033 0.044 0.008 0.040 0.026 
 178   (0.091) 0.155 0.043 0.173 0.167 0.065 
 176   (0.075) 0.013 0.094 0.052 0.056 0.195 
 182   (0.076) 0.040 0.069 0.089 0.044 0.170 
 190   (0.031) 0.050 0.006 0.020 0.005 0.035 
 196   (0.026) 0.003 0.017 0.029 0.009 0.002 
 200   (0.030) 0.016 0.028 0.002 0.013 0.010 
 180   (0.030) 0.057 0.025 0.003 0.007 0.002 
 188   (0.040) 0.008 0.029 0.046 0.025 0.009 
 174   (0.043) 0.019 0.044 0.003 0.032 0.034 
 186   (0.120) 0.129 0.165 0.178 0.091 0.054 
 192   (0.027) 0.011 0.010 0.039 0.007 0.003 
 201   (0.012) 0.008 0.004 0.001 0.001 0.002 
 199   (0.019) 0.007 0.017 0.003 0.002 0.001 
 185   (0.013) 0.001 0.007 0.001 0.001 0.001 
 203   (0.012) 0.002 0.004 0.003 0.003 0.001 
 198   (0.012) 0.002 0.004 0.004 0.002 0.001 
 209   (0.012) 0.001 0.006 0.003 0.002 0.001 

Locus 9 : 
6 alleles
0.4% missing data
 154   (0.688) 0.776 0.759 0.801 0.693 0.671 
 156   (0.213) 0.207 0.201 0.108 0.202 0.314 
 152   (0.044) 0.005 0.012 0.085 0.058 0.008 
 153   (0.016) 0.008 0.009 0.003 0.003 0.001 
 160   (0.017) 0.002 0.014 0.001 0.002 0.001 
 164   (0.022) 0.002 0.005 0.001 0.042 0.004 

Locus 10 : 
29 alleles
0.7% missing data
 305   (0.048) 0.308 0.035 0.007 0.048 0.006 
 313   (0.050) 0.013 0.045 0.016 0.098 0.005 
 311   (0.018) 0.002 0.007 0.001 0.011 0.001 
 299   (0.101) 0.043 0.085 0.203 0.199 0.033 
 315   (0.079) 0.053 0.099 0.012 0.068 0.072 
 287   (0.054) 0.011 0.200 0.016 0.021 0.009 
 291   (0.083) 0.030 0.053 0.372 0.148 0.035 
 295   (0.024) 0.003 0.008 0.002 0.128 0.002 
 289   (0.022) 0.020 0.011 0.040 0.004 0.002 
 303   (0.045) 0.016 0.024 0.089 0.008 0.557 
 297   (0.039) 0.006 0.008 0.062 0.058 0.076 
 293   (0.025) 0.004 0.030 0.002 0.038 0.001 
 301   (0.056) 0.092 0.060 0.008 0.064 0.009 
 285   (0.021) 0.289 0.006 0.007 0.002 0.002 
 307   (0.052) 0.018 0.022 0.053 0.029 0.171 
 312   (0.051) 0.039 0.101 0.047 0.011 0.004 
 306   (0.029) 0.004 0.045 0.006 0.011 0.002 
 320   (0.015) 0.001 0.015 0.001 0.002 0.001 
 317   (0.026) 0.002 0.037 0.006 0.012 0.002 
 314   (0.024) 0.002 0.019 0.001 0.022 0.001 
 323   (0.014) 0.001 0.008 0.001 0.002 0.001 
 325   (0.012) 0.001 0.008 0.001 0.001 0.001 
 310   (0.020) 0.002 0.023 0.007 0.003 0.001 
 309   (0.015) 0.004 0.012 0.002 0.002 0.001 
 316   (0.018) 0.002 0.019 0.004 0.002 0.001 
 296   (0.014) 0.001 0.008 0.001 0.002 0.001 
 304   (0.017) 0.026 0.004 0.013 0.002 0.001 
 321   (0.015) 0.005 0.006 0.009 0.002 0.001 
 332   (0.015) 0.002 0.005 0.011 0.002 0.001 

Locus 11 : 
19 alleles
0.0% missing data
 114   (0.141) 0.256 0.126 0.014 0.247 0.207 
 126   (0.023) 0.013 0.004 0.001 0.039 0.004 
 111   (0.074) 0.070 0.024 0.566 0.140 0.006 
 116   (0.104) 0.064 0.069 0.023 0.139 0.218 
 132   (0.014) 0.001 0.003 0.001 0.008 0.001 
 109   (0.016) 0.001 0.003 0.001 0.031 0.001 
 128   (0.020) 0.002 0.008 0.003 0.009 0.001 
 112   (0.326) 0.517 0.548 0.052 0.305 0.507 
 122   (0.018) 0.006 0.006 0.002 0.002 0.010 
 124   (0.015) 0.013 0.002 0.001 0.002 0.002 
 118   (0.057) 0.021 0.038 0.034 0.028 0.027 
 127   (0.014) 0.001 0.008 0.001 0.002 0.001 
 113   (0.050) 0.013 0.064 0.244 0.007 0.004 
 115   (0.037) 0.005 0.049 0.004 0.024 0.004 
 120   (0.024) 0.003 0.008 0.033 0.005 0.001 
 117   (0.022) 0.006 0.010 0.010 0.003 0.003 
 125   (0.018) 0.002 0.022 0.001 0.002 0.001 
 119   (0.016) 0.004 0.004 0.010 0.002 0.001 
 136   (0.014) 0.001 0.004 0.001 0.007 0.001 

Locus 12 : 
28 alleles
0.7% missing data
 306   (0.043) 0.331 0.019 0.011 0.046 0.005 
 314   (0.055) 0.008 0.039 0.058 0.087 0.006 
 312   (0.014) 0.001 0.002 0.001 0.016 0.001 
 300   (0.108) 0.043 0.085 0.201 0.210 0.033 
 316   (0.047) 0.042 0.010 0.010 0.057 0.067 
 288   (0.055) 0.011 0.192 0.016 0.021 0.009 
 292   (0.090) 0.031 0.054 0.377 0.151 0.036 
 296   (0.029) 0.004 0.014 0.003 0.130 0.002 
 290   (0.023) 0.021 0.012 0.039 0.005 0.002 
 304   (0.047) 0.016 0.024 0.089 0.008 0.561 
 298   (0.043) 0.006 0.009 0.062 0.059 0.077 
 294   (0.026) 0.005 0.030 0.002 0.038 0.002 
 302   (0.062) 0.092 0.060 0.009 0.065 0.009 
 286   (0.021) 0.299 0.006 0.007 0.002 0.002 
 308   (0.031) 0.016 0.013 0.002 0.012 0.161 
 313   (0.041) 0.040 0.109 0.004 0.010 0.004 
 307   (0.052) 0.006 0.050 0.065 0.028 0.008 
 321   (0.016) 0.001 0.015 0.001 0.002 0.001 
 315   (0.043) 0.007 0.111 0.003 0.030 0.004 
 318   (0.023) 0.002 0.033 0.009 0.005 0.002 
 324   (0.013) 0.001 0.008 0.001 0.002 0.001 
 326   (0.014) 0.001 0.008 0.001 0.002 0.001 
 311   (0.023) 0.002 0.040 0.010 0.004 0.002 
 310   (0.016) 0.004 0.012 0.002 0.003 0.001 
 305   (0.017) 0.003 0.019 0.002 0.002 0.001 
 317   (0.016) 0.002 0.015 0.001 0.002 0.001 
 320   (0.015) 0.002 0.005 0.004 0.002 0.001 
 322   (0.015) 0.004 0.006 0.009 0.002 0.001 

Locus 13 : 
7 alleles
1.1% missing data
 161   (0.575) 0.198 0.529 0.459 0.693 0.896 
 163   (0.309) 0.125 0.449 0.471 0.232 0.038 
 160   (0.021) 0.331 0.004 0.001 0.003 0.002 
 162   (0.019) 0.335 0.003 0.001 0.002 0.001 
 165   (0.041) 0.007 0.008 0.066 0.062 0.005 
 166   (0.016) 0.002 0.003 0.001 0.006 0.003 
 164   (0.018) 0.002 0.003 0.001 0.002 0.055 

Locus 14 : 
4 alleles
0.4% missing data
  98   (0.951) 0.996 0.981 0.997 0.987 0.986 
 100   (0.015) 0.001 0.007 0.001 0.002 0.003 
  96   (0.019) 0.002 0.003 0.001 0.009 0.010 
 105   (0.015) 0.001 0.008 0.001 0.002 0.001 

Locus 15 : 
12 alleles
2.2% missing data
 171   (0.296) 0.198 0.379 0.344 0.354 0.178 
 177   (0.184) 0.282 0.195 0.108 0.218 0.092 
 173   (0.256) 0.221 0.274 0.492 0.299 0.105 
 179   (0.095) 0.258 0.063 0.020 0.054 0.498 
 183   (0.023) 0.005 0.008 0.003 0.017 0.011 
 181   (0.042) 0.006 0.032 0.021 0.007 0.092 
 197   (0.023) 0.003 0.007 0.003 0.023 0.015 
 170   (0.016) 0.002 0.015 0.001 0.002 0.001 
 189   (0.016) 0.020 0.005 0.001 0.003 0.001 
 203   (0.017) 0.002 0.004 0.001 0.019 0.004 
 187   (0.018) 0.002 0.013 0.003 0.003 0.001 
 198   (0.014) 0.002 0.005 0.004 0.002 0.001 

Values of parameters used in structure:
DATAFILE=STRUCTURE_main_final_278_HEG_ZG.str,	OUTFILE=STRUCTURE_main_final_278_HEG_ZG-K5-3,	NUMINDS=278,	NUMLOCI=15,	MISSING=-9,	LABEL=1,	POPDATA=1,	POPFLAG=0,	PHENOTYPE=0,	EXTRACOLS=0,	MAXPOPS=5,	BURNIN=100000,	NUMREPS=500000,	USEPOPINFO=0,	INFERALPHA=1,	INFERLAMBDA=0,	POPSPECIFICLAMBDA=0,	POPALPHAS=0,	COMPUTEPROB=1,	NOADMIX=0,	ADMBURNIN=2500,	UPDATEFREQ=1,	PRINTLIKES=0,	INTERMEDSAVE=0,	PRINTKLD=0,	PRINTNET=0,	PRINTLAMBDA=0,	ANCESTDIST=0,	NUMBOXES=1000,	ANCESTPINT=0.90000,	GENSBACK=2,	MIGRPRIOR=0.05000,	PRINTQHAT=0,	PRINTQSUM=0,	ALPHA=1.0000,	FREQSCORR=1,	FPRIORMEAN=0.0100,	FPRIORSD=0.0500,	ONEFST=0,	LAMBDA=1.0000,	UNIFPRIORALPHA=1,	ALPHAMAX=10.0000,	ALPHAPRIORA=1.0000,	ALPHAPRIORB=2.0000,	ALPHAPROPSD=0.0250,	STARTATPOPINFO=0,	RANDOMIZE=1,	LINKAGE=0,	METROFREQ=10,	REPORTHITRATE=0,	MARKOVPHASE=-1,	PHASED=0,	PLOIDY=2,	PHASEINFO=0	LOCPRIOR=0, 	LOCPRIORINIT=1.000000, 	LOCDATA=0, 	LOCISPOP=0, 	LOCPRIORSTEP=0.100000, 	MAXLOCPRIOR=20.000000, 	SEED=1782480885,	
[STRAT parameters]:    NUMSIMSTATS=1000,	PHENOTYPECOL=-9,	POOLFREQ=10,	LOCUSxONLY=0,	EMERROR=0.00100,	MISSINGPHENO=-9,	