

----------------------------------------------------
STRUCTURE by Pritchard, Stephens and Donnelly (2000)
     and Falush, Stephens and Pritchard (2003)
       Code by Pritchard, Falush and Hubisz
             Version 2.3.4 (Jul 2012)
----------------------------------------------------



Command line arguments:   structure -K 11 -i STRUCTURE_main_final_278_HEG_ZG.str -o STRUCTURE_main_final_278_HEG_ZG-K11-9 
Input File:    STRUCTURE_main_final_278_HEG_ZG.str

Run parameters:
   278 individuals
   15 loci
   11 populations assumed
   100000 Burn-in period
   500000 Reps


--------------------------------------------
Proportion of membership of each pre-defined
 population in each of the 11 clusters

Given    Inferred Clusters                                                               Number of
 Pop       1      2      3      4      5      6      7      8      9     10     11      Individuals

  1:     0.069  0.037  0.036  0.590  0.013  0.033  0.089  0.017  0.088  0.014  0.014       24
  2:     0.053  0.013  0.029  0.017  0.036  0.019  0.063  0.042  0.018  0.699  0.012       24
  3:     0.010  0.071  0.021  0.017  0.237  0.012  0.035  0.234  0.045  0.010  0.307       24
  4:     0.032  0.038  0.474  0.047  0.039  0.016  0.162  0.032  0.046  0.021  0.092       24
  5:     0.045  0.045  0.178  0.023  0.099  0.032  0.194  0.013  0.018  0.025  0.327       24
  6:     0.203  0.044  0.103  0.427  0.028  0.014  0.058  0.021  0.013  0.023  0.067       24
  7:     0.741  0.009  0.041  0.055  0.013  0.024  0.052  0.009  0.014  0.029  0.014       24
  8:     0.011  0.017  0.051  0.018  0.013  0.012  0.173  0.041  0.056  0.013  0.595       14
  9:     0.006  0.421  0.017  0.034  0.029  0.342  0.015  0.034  0.050  0.017  0.036       24
 10:     0.013  0.055  0.012  0.012  0.040  0.034  0.043  0.163  0.592  0.008  0.029       24
 11:     0.011  0.154  0.027  0.019  0.079  0.068  0.032  0.333  0.243  0.008  0.025       24
 12:     0.106  0.010  0.129  0.265  0.045  0.082  0.142  0.074  0.055  0.017  0.074       24
--------------------------------------------

Allele-freq. divergence among pops (Net nucleotide distance),
computed using point estimates of P.

      1       2       3       4       5       6       7       8       9      10      11      
 1      -    0.1260  0.0725  0.0706  0.1316  0.1134  0.0691  0.0927  0.1434  0.1092  0.0884  
 2   0.1260     -    0.0862  0.0637  0.1197  0.1022  0.0552  0.0801  0.0641  0.0971  0.0621  
 3   0.0725  0.0862     -    0.0382  0.0910  0.0573  0.0303  0.0982  0.0755  0.0809  0.0431  
 4   0.0706  0.0637  0.0382     -    0.0932  0.0605  0.0318  0.0915  0.0738  0.0721  0.0386  
 5   0.1316  0.1197  0.0910  0.0932     -    0.1115  0.0755  0.1202  0.1200  0.1224  0.0761  
 6   0.1134  0.1022  0.0573  0.0605  0.1115     -    0.0729  0.1088  0.0813  0.1247  0.0756  
 7   0.0691  0.0552  0.0303  0.0318  0.0755  0.0729     -    0.0758  0.0682  0.0693  0.0259  
 8   0.0927  0.0801  0.0982  0.0915  0.1202  0.1088  0.0758     -    0.0865  0.1403  0.0776  
 9   0.1434  0.0641  0.0755  0.0738  0.1200  0.0813  0.0682  0.0865     -    0.1219  0.0642  
10   0.1092  0.0971  0.0809  0.0721  0.1224  0.1247  0.0693  0.1403  0.1219     -    0.0721  
11   0.0884  0.0621  0.0431  0.0386  0.0761  0.0756  0.0259  0.0776  0.0642  0.0721     -    

Average distances (expected heterozygosity) between individuals in same cluster:
cluster  1  : 0.5453 
cluster  2  : 0.5950 
cluster  3  : 0.5965 
cluster  4  : 0.6153 
cluster  5  : 0.5771 
cluster  6  : 0.5444 
cluster  7  : 0.6319 
cluster  8  : 0.5436 
cluster  9  : 0.5951 
cluster 10  : 0.6077 
cluster 11  : 0.6246 

--------------------------------------------
Estimated Ln Prob of Data   = -12202.3
Mean value of ln likelihood = -11456.9
Variance of ln likelihood   = 1490.9
Mean value of alpha         = 0.0477

Mean value of Fst_1         = 0.2082
Mean value of Fst_2         = 0.1668
Mean value of Fst_3         = 0.1281
Mean value of Fst_4         = 0.0936
Mean value of Fst_5         = 0.2059
Mean value of Fst_6         = 0.2270
Mean value of Fst_7         = 0.1141
Mean value of Fst_8         = 0.2306
Mean value of Fst_9         = 0.1776
Mean value of Fst_10         = 0.2126
Mean value of Fst_11         = 0.0741


Inferred ancestry of individuals:
        Label (%Miss) Pop:  Inferred clusters
  1 24.0601.E1    (0)    1 :  0.013 0.011 0.008 0.896 0.011 0.006 0.015 0.013 0.007 0.014 0.006 
  2 24.0602.E1    (0)    1 :  0.009 0.021 0.006 0.889 0.009 0.008 0.023 0.010 0.011 0.004 0.009 
  3 24.0603.E1    (0)    1 :  0.019 0.018 0.038 0.836 0.007 0.008 0.019 0.006 0.005 0.005 0.040 
  4 24.0604.E1    (0)    1 :  0.005 0.006 0.093 0.644 0.145 0.019 0.023 0.005 0.048 0.008 0.004 
  5 24.0605.E1    (0)    1 :  0.034 0.036 0.031 0.820 0.006 0.016 0.020 0.012 0.008 0.007 0.010 
  6 24.0606.E1    (0)    1 :  0.020 0.030 0.078 0.712 0.005 0.007 0.093 0.006 0.023 0.010 0.015 
  7 24.0607.E1    (0)    1 :  0.299 0.030 0.016 0.089 0.012 0.413 0.073 0.009 0.012 0.006 0.043 
  8 24.0608.E1    (0)    1 :  0.104 0.018 0.006 0.665 0.006 0.015 0.015 0.131 0.030 0.003 0.007 
  9 24.0609.E1    (0)    1 :  0.005 0.009 0.249 0.143 0.008 0.042 0.062 0.013 0.448 0.005 0.016 
 10 24.0610.E1    (0)    1 :  0.009 0.011 0.063 0.437 0.004 0.009 0.011 0.004 0.431 0.005 0.016 
 11 24.0611.E1    (0)    1 :  0.006 0.057 0.032 0.821 0.005 0.016 0.008 0.005 0.036 0.007 0.007 
 12 24.0612.E1    (0)    1 :  0.016 0.011 0.007 0.897 0.017 0.008 0.014 0.005 0.008 0.008 0.009 
 13 24.0613.E1    (0)    1 :  0.005 0.005 0.040 0.888 0.005 0.008 0.008 0.005 0.024 0.007 0.006 
 14 24.0614.E1    (0)    1 :  0.322 0.314 0.010 0.179 0.005 0.013 0.061 0.074 0.010 0.006 0.006 
 15 24.0615.E1    (0)    1 :  0.052 0.024 0.010 0.595 0.020 0.051 0.036 0.021 0.167 0.016 0.009 
 16 24.0616.E1    (0)    1 :  0.005 0.006 0.012 0.894 0.006 0.028 0.010 0.006 0.011 0.015 0.008 
 17 24.0617.E1    (0)    1 :  0.021 0.018 0.018 0.265 0.006 0.028 0.014 0.008 0.575 0.031 0.015 
 18 24.0618.E1    (0)    1 :  0.005 0.054 0.023 0.763 0.005 0.011 0.019 0.017 0.061 0.009 0.033 
 19 24.0619.E1    (0)    1 :  0.004 0.012 0.015 0.171 0.005 0.013 0.739 0.006 0.017 0.012 0.006 
 20 24.0620.E1   (20)    1 :  0.662 0.014 0.069 0.035 0.009 0.028 0.103 0.009 0.041 0.013 0.016 
 21 24.0621.E1    (0)    1 :  0.005 0.104 0.007 0.028 0.005 0.012 0.725 0.028 0.076 0.004 0.006 
 22 24.0622.E1    (0)    1 :  0.009 0.005 0.012 0.899 0.005 0.005 0.011 0.006 0.011 0.023 0.015 
 23 24.0623.E1    (0)    1 :  0.020 0.063 0.013 0.668 0.010 0.016 0.032 0.012 0.040 0.107 0.019 
 24 24.0624.E1    (0)    1 :  0.006 0.011 0.005 0.935 0.004 0.005 0.006 0.005 0.011 0.006 0.006 
 25 24.0625.E1    (0)    2 :  0.055 0.064 0.049 0.013 0.039 0.004 0.016 0.188 0.009 0.545 0.017 
 26 24.0626.E1    (0)    2 :  0.033 0.005 0.004 0.004 0.004 0.003 0.004 0.129 0.003 0.807 0.004 
 27 24.0627.E1    (0)    2 :  0.022 0.006 0.023 0.006 0.380 0.011 0.059 0.013 0.005 0.470 0.006 
 28 24.0628.E1    (0)    2 :  0.136 0.008 0.057 0.032 0.006 0.019 0.021 0.153 0.112 0.441 0.016 
 29 24.0629.E1    (0)    2 :  0.005 0.007 0.008 0.069 0.009 0.011 0.008 0.007 0.010 0.841 0.026 
 30 24.0630.E1    (0)    2 :  0.103 0.009 0.011 0.005 0.006 0.005 0.010 0.047 0.004 0.796 0.005 
 31 24.0631.E1    (0)    2 :  0.004 0.004 0.004 0.005 0.004 0.003 0.005 0.003 0.003 0.964 0.003 
 32 24.0632.E1    (0)    2 :  0.027 0.006 0.010 0.007 0.011 0.005 0.006 0.005 0.006 0.906 0.011 
 33 24.0633.E1    (0)    2 :  0.048 0.020 0.011 0.011 0.005 0.004 0.225 0.344 0.007 0.316 0.009 
 34 24.0634.E1    (0)    2 :  0.007 0.030 0.010 0.009 0.009 0.005 0.011 0.023 0.011 0.872 0.012 
 35 24.0635.E1    (0)    2 :  0.020 0.053 0.011 0.018 0.013 0.014 0.338 0.020 0.019 0.457 0.037 
 36 24.0636.E1   (33)    2 :  0.615 0.008 0.177 0.032 0.024 0.007 0.026 0.009 0.010 0.068 0.023 
 37 24.0637.E1    (0)    2 :  0.007 0.005 0.005 0.004 0.004 0.004 0.004 0.003 0.003 0.955 0.005 
 38 24.0638.E1    (0)    2 :  0.004 0.005 0.017 0.007 0.009 0.006 0.162 0.005 0.005 0.764 0.017 
 39 24.0639.E1    (0)    2 :  0.014 0.008 0.008 0.041 0.031 0.010 0.008 0.009 0.092 0.757 0.022 
 40 24.0640.E1    (0)    2 :  0.006 0.017 0.006 0.009 0.005 0.006 0.008 0.006 0.008 0.923 0.007 
 41 24.0641.E1    (0)    2 :  0.014 0.008 0.006 0.029 0.007 0.203 0.355 0.008 0.012 0.346 0.012 
 42 24.0642.E1    (0)    2 :  0.049 0.004 0.124 0.064 0.007 0.006 0.199 0.005 0.004 0.533 0.005 
 43 24.0643.E1    (0)    2 :  0.060 0.012 0.015 0.008 0.263 0.004 0.014 0.006 0.012 0.591 0.015 
 44 24.0644.E1    (0)    2 :  0.005 0.005 0.021 0.007 0.004 0.026 0.007 0.005 0.034 0.880 0.005 
 45 24.0645.E1    (0)    2 :  0.016 0.005 0.100 0.010 0.006 0.057 0.006 0.004 0.033 0.759 0.005 
 46 24.0646.E1    (0)    2 :  0.005 0.005 0.021 0.007 0.004 0.025 0.007 0.005 0.034 0.879 0.006 
 47 24.0647.E1    (0)    2 :  0.007 0.005 0.005 0.004 0.004 0.004 0.004 0.003 0.003 0.955 0.005 
 48 24.0648.E1    (0)    2 :  0.007 0.005 0.005 0.004 0.004 0.004 0.004 0.003 0.003 0.955 0.005 
 49 24.0649.E1    (0)    3 :  0.003 0.009 0.007 0.005 0.010 0.007 0.011 0.009 0.018 0.005 0.914 
 50 24.0650.E1    (0)    3 :  0.004 0.207 0.214 0.027 0.010 0.012 0.207 0.167 0.104 0.004 0.044 
 51 24.0651.E1    (0)    3 :  0.028 0.382 0.027 0.007 0.055 0.013 0.024 0.049 0.007 0.082 0.327 
 52 24.0652.E1    (0)    3 :  0.004 0.007 0.006 0.033 0.011 0.008 0.061 0.828 0.006 0.005 0.031 
 53 24.0653.E1    (0)    3 :  0.007 0.010 0.008 0.005 0.836 0.020 0.017 0.016 0.020 0.005 0.057 
 54 24.0654.E1    (0)    3 :  0.004 0.006 0.008 0.007 0.008 0.007 0.008 0.531 0.024 0.012 0.386 
 55 24.0655.E1    (0)    3 :  0.008 0.076 0.012 0.041 0.009 0.008 0.037 0.337 0.026 0.024 0.422 
 56 24.0656.E1    (0)    3 :  0.010 0.005 0.015 0.008 0.014 0.006 0.018 0.890 0.012 0.006 0.016 
 57 24.0657.E1    (0)    3 :  0.010 0.006 0.016 0.008 0.015 0.006 0.022 0.878 0.012 0.006 0.021 
 58 24.0658.E1    (0)    3 :  0.006 0.008 0.022 0.017 0.038 0.019 0.016 0.005 0.109 0.006 0.754 
 59 24.0659.E1    (0)    3 :  0.004 0.241 0.011 0.047 0.346 0.006 0.139 0.086 0.024 0.008 0.090 
 60 24.0660.E1    (6)    3 :  0.005 0.008 0.013 0.020 0.009 0.008 0.039 0.008 0.006 0.012 0.871 
 61 24.0661.E1    (0)    3 :  0.006 0.009 0.005 0.010 0.007 0.009 0.007 0.908 0.005 0.005 0.029 
 62 24.0662.E1    (0)    3 :  0.021 0.599 0.012 0.062 0.117 0.007 0.025 0.047 0.019 0.012 0.076 
 63 24.0663.E1    (0)    3 :  0.005 0.029 0.042 0.006 0.006 0.033 0.007 0.070 0.608 0.009 0.185 
 64 24.0664.E1    (0)    3 :  0.030 0.004 0.008 0.006 0.008 0.015 0.012 0.279 0.013 0.007 0.616 
 65 24.0665.E1    (0)    3 :  0.059 0.006 0.023 0.006 0.040 0.012 0.020 0.392 0.005 0.006 0.431 
 66 24.0666.E1    (0)    3 :  0.004 0.004 0.010 0.007 0.935 0.005 0.009 0.007 0.007 0.005 0.007 
 67 24.0667.E1    (0)    3 :  0.004 0.004 0.005 0.010 0.938 0.004 0.012 0.006 0.004 0.003 0.011 
 68 24.0668.E1    (0)    3 :  0.003 0.003 0.004 0.003 0.962 0.005 0.004 0.004 0.004 0.004 0.004 
 69 24.0669.E1    (0)    3 :  0.003 0.003 0.004 0.004 0.954 0.011 0.004 0.004 0.004 0.004 0.005 
 70 24.0670.E1    (0)    3 :  0.004 0.021 0.004 0.009 0.020 0.003 0.008 0.010 0.020 0.003 0.897 
 71 24.0671.E1    (0)    3 :  0.007 0.033 0.018 0.007 0.009 0.008 0.010 0.065 0.025 0.008 0.809 
 72 24.0672.E1    (0)    3 :  0.006 0.016 0.017 0.063 0.329 0.049 0.125 0.010 0.008 0.005 0.371 
 73 24.0673.E1    (6)    4 :  0.106 0.031 0.178 0.115 0.008 0.005 0.074 0.436 0.008 0.022 0.018 
 74 24.0674.E1    (0)    4 :  0.007 0.012 0.814 0.008 0.004 0.005 0.124 0.004 0.007 0.008 0.007 
 75 24.0675.E1    (0)    4 :  0.023 0.053 0.735 0.025 0.010 0.017 0.019 0.024 0.037 0.025 0.032 
 76 24.0676.E1    (0)    4 :  0.028 0.025 0.534 0.015 0.007 0.044 0.026 0.018 0.247 0.007 0.051 
 77 24.0677.E1    (0)    4 :  0.012 0.028 0.020 0.036 0.017 0.065 0.025 0.035 0.026 0.004 0.733 
 78 24.0678.E1    (0)    4 :  0.011 0.022 0.018 0.395 0.083 0.037 0.173 0.040 0.007 0.063 0.151 
 79 24.0679.E1    (0)    4 :  0.007 0.019 0.093 0.069 0.025 0.007 0.635 0.007 0.087 0.010 0.041 
 80 24.0680.E1    (0)    4 :  0.008 0.007 0.036 0.024 0.037 0.017 0.753 0.011 0.006 0.013 0.089 
 81 24.0681.E1    (0)    4 :  0.017 0.013 0.283 0.030 0.012 0.010 0.544 0.009 0.007 0.009 0.066 
 82 24.0682.E1    (0)    4 :  0.004 0.003 0.955 0.004 0.004 0.010 0.005 0.003 0.005 0.004 0.003 
 83 24.0683.E1    (0)    4 :  0.041 0.009 0.755 0.008 0.007 0.006 0.152 0.006 0.004 0.006 0.006 
 84 24.0684.E1    (0)    4 :  0.017 0.005 0.684 0.055 0.009 0.023 0.111 0.006 0.021 0.030 0.037 
 85 24.0685.E1    (0)    4 :  0.016 0.007 0.682 0.012 0.049 0.006 0.193 0.005 0.015 0.006 0.008 
 86 24.0686.E1    (0)    4 :  0.016 0.282 0.058 0.071 0.018 0.007 0.143 0.005 0.013 0.061 0.325 
 87 24.0687.E1    (0)    4 :  0.018 0.301 0.119 0.032 0.007 0.006 0.129 0.007 0.023 0.141 0.217 
 88 24.0688.E1    (0)    4 :  0.005 0.004 0.946 0.006 0.004 0.007 0.007 0.004 0.004 0.007 0.007 
 89 24.0689.E1    (0)    4 :  0.032 0.017 0.137 0.027 0.006 0.015 0.135 0.032 0.437 0.015 0.147 
 90 24.0690.E1    (0)    4 :  0.027 0.036 0.042 0.021 0.576 0.006 0.171 0.020 0.006 0.027 0.068 
 91 24.0691.E1    (0)    4 :  0.006 0.007 0.871 0.030 0.009 0.005 0.017 0.005 0.028 0.006 0.015 
 92 24.0692.E1    (0)    4 :  0.008 0.005 0.864 0.005 0.008 0.009 0.017 0.005 0.015 0.005 0.060 
 93 24.0693.E1    (0)    4 :  0.339 0.014 0.386 0.010 0.013 0.010 0.026 0.070 0.033 0.007 0.092 
 94 24.0694.E1    (0)    4 :  0.008 0.004 0.848 0.009 0.010 0.007 0.083 0.005 0.011 0.007 0.009 
 95 24.0695.E1    (0)    4 :  0.007 0.006 0.525 0.108 0.011 0.055 0.222 0.008 0.042 0.007 0.009 
 96 24.0696.E1    (0)    4 :  0.008 0.008 0.790 0.023 0.010 0.007 0.113 0.004 0.013 0.013 0.011 
 97 24.0697.E1    (0)    5 :  0.062 0.020 0.319 0.006 0.006 0.008 0.036 0.007 0.012 0.012 0.512 
 98 24.0698.E1    (0)    5 :  0.099 0.032 0.073 0.020 0.050 0.010 0.023 0.009 0.021 0.021 0.640 
 99 24.0699.E1    (0)    5 :  0.011 0.016 0.006 0.016 0.011 0.009 0.011 0.008 0.005 0.010 0.898 
100 24.0700.E1    (0)    5 :  0.007 0.015 0.017 0.006 0.014 0.005 0.504 0.008 0.007 0.005 0.413 
101 24.0701.E1    (0)    5 :  0.038 0.009 0.009 0.007 0.873 0.010 0.014 0.006 0.010 0.010 0.014 
102 24.0702.E1    (0)    5 :  0.026 0.007 0.009 0.009 0.039 0.007 0.579 0.007 0.007 0.013 0.295 
103 24.0703.E1    (0)    5 :  0.008 0.152 0.008 0.011 0.026 0.007 0.011 0.005 0.006 0.046 0.721 
104 24.0704.E1    (6)    5 :  0.008 0.033 0.019 0.015 0.007 0.233 0.033 0.005 0.009 0.011 0.627 
105 24.0705.E1    (0)    5 :  0.008 0.008 0.290 0.023 0.026 0.007 0.596 0.006 0.008 0.006 0.021 
106 24.0706.E1    (0)    5 :  0.009 0.006 0.021 0.006 0.017 0.012 0.602 0.012 0.012 0.007 0.296 
107 24.0707.E1    (0)    5 :  0.017 0.053 0.066 0.033 0.007 0.028 0.329 0.012 0.005 0.029 0.421 
108 24.0708.E1    (0)    5 :  0.017 0.502 0.040 0.022 0.022 0.006 0.135 0.015 0.079 0.143 0.018 
109 24.0709.E1    (0)    5 :  0.007 0.015 0.741 0.011 0.009 0.118 0.014 0.014 0.044 0.008 0.019 
110 24.0710.E1    (0)    5 :  0.023 0.046 0.366 0.036 0.069 0.013 0.099 0.007 0.017 0.007 0.317 
111 24.0711.E1    (0)    5 :  0.015 0.008 0.085 0.104 0.031 0.109 0.140 0.009 0.006 0.057 0.436 
112 24.0712.E1    (0)    5 :  0.015 0.013 0.049 0.020 0.759 0.006 0.038 0.006 0.009 0.045 0.039 
113 24.0713.E1    (0)    5 :  0.013 0.013 0.240 0.009 0.009 0.066 0.502 0.006 0.044 0.007 0.091 
114 24.0714.E1    (0)    5 :  0.008 0.019 0.013 0.044 0.010 0.012 0.607 0.012 0.015 0.011 0.248 
115 24.0715.E1    (0)    5 :  0.370 0.006 0.164 0.031 0.018 0.009 0.019 0.034 0.011 0.007 0.331 
116 24.0716.E1    (0)    5 :  0.013 0.026 0.018 0.060 0.284 0.015 0.026 0.008 0.037 0.038 0.474 
117 24.0717.E1    (0)    5 :  0.274 0.069 0.024 0.015 0.014 0.024 0.141 0.093 0.023 0.049 0.273 
118 24.0718.E1    (0)    5 :  0.012 0.009 0.240 0.023 0.058 0.007 0.125 0.005 0.008 0.032 0.482 
119 24.0719.E1    (0)    5 :  0.007 0.007 0.797 0.006 0.016 0.041 0.055 0.008 0.019 0.016 0.027 
120 24.0720.E1    (0)    5 :  0.005 0.006 0.668 0.012 0.010 0.016 0.016 0.008 0.015 0.012 0.232 
121 24.0721.E1    (0)    6 :  0.451 0.074 0.179 0.010 0.020 0.006 0.072 0.079 0.025 0.012 0.073 
122 24.0722.E1    (0)    6 :  0.471 0.116 0.147 0.019 0.069 0.005 0.011 0.008 0.012 0.085 0.056 
123 24.0723.E1    (0)    6 :  0.312 0.285 0.012 0.024 0.009 0.005 0.014 0.170 0.018 0.133 0.017 
124 24.0724.E1    (0)    6 :  0.051 0.244 0.288 0.117 0.011 0.010 0.183 0.010 0.033 0.033 0.019 
125 24.0725.E1    (0)    6 :  0.007 0.005 0.010 0.914 0.007 0.005 0.011 0.016 0.007 0.007 0.011 
126 24.0726.E1    (6)    6 :  0.080 0.015 0.096 0.515 0.006 0.006 0.249 0.006 0.007 0.008 0.012 
127 24.0727.E1    (0)    6 :  0.400 0.067 0.024 0.224 0.065 0.005 0.132 0.031 0.011 0.022 0.020 
128 24.0728.E1    (0)    6 :  0.163 0.023 0.022 0.353 0.012 0.006 0.014 0.031 0.013 0.036 0.326 
129 24.0729.E1    (0)    6 :  0.038 0.010 0.118 0.690 0.036 0.029 0.020 0.005 0.026 0.012 0.015 
130 24.0730.E1    (0)    6 :  0.036 0.007 0.071 0.049 0.014 0.008 0.014 0.010 0.022 0.010 0.759 
131 24.0731.E1    (0)    6 :  0.060 0.013 0.344 0.201 0.004 0.005 0.327 0.018 0.007 0.012 0.008 
132 24.0732.E1    (0)    6 :  0.672 0.005 0.179 0.059 0.011 0.007 0.015 0.025 0.004 0.009 0.014 
133 24.0733.E1    (0)    6 :  0.017 0.004 0.007 0.938 0.003 0.004 0.006 0.004 0.007 0.006 0.005 
134 24.0734.E1    (0)    6 :  0.794 0.030 0.014 0.033 0.012 0.004 0.023 0.010 0.008 0.011 0.061 
135 24.0735.E1    (0)    6 :  0.170 0.008 0.022 0.633 0.014 0.006 0.030 0.009 0.024 0.046 0.039 
136 24.0736.E1    (0)    6 :  0.036 0.006 0.008 0.902 0.004 0.006 0.011 0.007 0.006 0.007 0.007 
137 24.0737.E1    (0)    6 :  0.007 0.052 0.012 0.847 0.009 0.004 0.012 0.008 0.007 0.021 0.019 
138 24.0738.E1    (0)    6 :  0.024 0.008 0.008 0.891 0.009 0.008 0.015 0.008 0.005 0.009 0.015 
139 24.0739.E1    (0)    6 :  0.005 0.007 0.010 0.904 0.006 0.004 0.010 0.007 0.007 0.014 0.026 
140 24.0740.E1    (0)    6 :  0.010 0.005 0.156 0.653 0.009 0.088 0.014 0.006 0.019 0.023 0.018 
141 24.0741.E1    (0)    6 :  0.293 0.008 0.228 0.359 0.006 0.007 0.014 0.009 0.009 0.017 0.050 
142 24.0742.E1    (0)    6 :  0.617 0.017 0.029 0.213 0.007 0.007 0.077 0.006 0.006 0.010 0.010 
143 24.0743.E1    (0)    6 :  0.022 0.020 0.374 0.390 0.020 0.056 0.081 0.008 0.012 0.005 0.013 
144 24.0744.E1    (0)    6 :  0.128 0.015 0.102 0.306 0.302 0.039 0.029 0.018 0.029 0.011 0.022 
145 24.0745.E1    (0)    7 :  0.877 0.006 0.017 0.005 0.023 0.016 0.020 0.017 0.007 0.004 0.010 
146 24.0746.E1    (0)    7 :  0.600 0.066 0.049 0.045 0.009 0.083 0.029 0.008 0.010 0.076 0.026 
147 24.0747.E1    (0)    7 :  0.694 0.004 0.121 0.027 0.012 0.057 0.014 0.009 0.037 0.010 0.014 
148 24.0748.E1    (6)    7 :  0.621 0.005 0.150 0.030 0.012 0.068 0.023 0.018 0.052 0.009 0.012 
149 24.0749.E1    (0)    7 :  0.709 0.011 0.010 0.225 0.007 0.005 0.009 0.004 0.006 0.007 0.007 
150 24.0750.E1    (0)    7 :  0.246 0.022 0.162 0.212 0.017 0.021 0.244 0.009 0.014 0.011 0.043 
151 24.0751.E1    (0)    7 :  0.950 0.004 0.005 0.007 0.004 0.005 0.006 0.005 0.004 0.006 0.004 
152 24.0752.E1    (0)    7 :  0.895 0.004 0.008 0.038 0.004 0.011 0.006 0.010 0.006 0.006 0.012 
153 24.0753.E1    (0)    7 :  0.494 0.010 0.011 0.243 0.009 0.010 0.009 0.027 0.004 0.175 0.007 
154 24.0754.E1    (0)    7 :  0.875 0.005 0.026 0.030 0.006 0.005 0.013 0.010 0.006 0.017 0.008 
155 24.0755.E1    (0)    7 :  0.729 0.005 0.100 0.013 0.007 0.050 0.011 0.006 0.037 0.018 0.024 
156 24.0756.E1    (0)    7 :  0.899 0.007 0.006 0.009 0.004 0.005 0.041 0.005 0.011 0.008 0.004 
157 24.0757.E1    (0)    7 :  0.965 0.003 0.004 0.004 0.004 0.004 0.004 0.003 0.003 0.004 0.003 
158 24.0758.E1    (0)    7 :  0.963 0.003 0.004 0.004 0.004 0.004 0.004 0.004 0.003 0.004 0.003 
159 24.0759.E1    (0)    7 :  0.906 0.005 0.007 0.021 0.009 0.008 0.012 0.013 0.005 0.006 0.008 
160 24.0760.E1    (0)    7 :  0.604 0.007 0.032 0.009 0.008 0.006 0.012 0.007 0.006 0.269 0.040 
161 24.0761.E1    (0)    7 :  0.950 0.005 0.005 0.006 0.003 0.004 0.005 0.005 0.005 0.009 0.004 
162 24.0762.E1    (0)    7 :  0.053 0.011 0.028 0.133 0.154 0.019 0.468 0.007 0.076 0.007 0.044 
163 24.0763.E1    (0)    7 :  0.941 0.004 0.015 0.007 0.003 0.005 0.007 0.006 0.004 0.004 0.004 
164 24.0764.E1    (0)    7 :  0.941 0.004 0.005 0.012 0.004 0.004 0.007 0.004 0.005 0.008 0.006 
165 24.0765.E1    (0)    7 :  0.856 0.019 0.020 0.006 0.004 0.006 0.047 0.007 0.009 0.019 0.007 
166 24.0766.E1    (0)    7 :  0.933 0.005 0.010 0.009 0.005 0.005 0.007 0.009 0.005 0.006 0.007 
167 24.0767.E1    (0)    7 :  0.938 0.005 0.007 0.004 0.003 0.003 0.024 0.004 0.004 0.004 0.004 
168 24.0768.E1    (0)    7 :  0.136 0.009 0.178 0.212 0.007 0.169 0.224 0.009 0.026 0.005 0.024 
169 24.0779.E1    (0)    8 :  0.045 0.039 0.061 0.013 0.009 0.018 0.018 0.011 0.007 0.006 0.772 
170 24.0780.E1    (6)    8 :  0.004 0.017 0.022 0.008 0.008 0.008 0.128 0.031 0.135 0.006 0.632 
171 24.0781.E1    (0)    8 :  0.005 0.008 0.007 0.004 0.005 0.005 0.258 0.006 0.008 0.004 0.690 
172 24.0782.E1    (0)    8 :  0.024 0.035 0.311 0.117 0.008 0.010 0.208 0.041 0.026 0.043 0.176 
173 24.0783.E1    (0)    8 :  0.005 0.010 0.026 0.006 0.020 0.005 0.619 0.012 0.250 0.007 0.039 
174 24.0784.E1    (0)    8 :  0.004 0.034 0.037 0.008 0.004 0.018 0.016 0.007 0.023 0.005 0.844 
175 24.0785.E1    (0)    8 :  0.004 0.018 0.008 0.006 0.010 0.010 0.039 0.028 0.024 0.004 0.850 
176 24.0786.E1    (0)    8 :  0.010 0.010 0.118 0.027 0.009 0.030 0.096 0.024 0.145 0.009 0.522 
177 24.0787.E1    (0)    8 :  0.012 0.009 0.015 0.013 0.006 0.008 0.041 0.012 0.010 0.041 0.832 
178 24.0788.E1    (0)    8 :  0.005 0.009 0.028 0.005 0.007 0.011 0.013 0.014 0.105 0.023 0.779 
179 24.0789.E1    (0)    8 :  0.006 0.027 0.008 0.024 0.005 0.013 0.008 0.009 0.024 0.020 0.855 
180 24.0790.E1    (0)    8 :  0.004 0.010 0.005 0.004 0.006 0.008 0.038 0.014 0.010 0.006 0.894 
181 24.0791.E1    (0)    8 :  0.008 0.005 0.009 0.008 0.065 0.023 0.741 0.019 0.011 0.005 0.106 
182 24.0792.E1    (0)    8 :  0.016 0.008 0.053 0.010 0.016 0.005 0.197 0.349 0.007 0.004 0.336 
183 24.0793.E1    (0)    9 :  0.008 0.574 0.013 0.045 0.009 0.041 0.031 0.045 0.069 0.054 0.112 
184 24.0794.E1    (0)    9 :  0.007 0.199 0.006 0.462 0.006 0.006 0.023 0.243 0.026 0.006 0.017 
185 24.0795.E1    (0)    9 :  0.011 0.801 0.020 0.068 0.005 0.007 0.057 0.005 0.009 0.010 0.006 
186 24.0796.E1    (0)    9 :  0.005 0.126 0.007 0.058 0.005 0.030 0.020 0.230 0.326 0.009 0.184 
187 24.0797.E1    (0)    9 :  0.003 0.657 0.007 0.017 0.006 0.011 0.019 0.032 0.076 0.008 0.163 
188 24.0798.E1    (0)    9 :  0.018 0.456 0.028 0.008 0.339 0.024 0.014 0.069 0.009 0.017 0.017 
189 24.0799.E1    (0)    9 :  0.005 0.004 0.005 0.006 0.005 0.948 0.004 0.004 0.007 0.006 0.005 
190 24.0800.E1    (0)    9 :  0.004 0.004 0.006 0.006 0.004 0.949 0.005 0.005 0.008 0.004 0.005 
191 24.0801.E1    (0)    9 :  0.004 0.005 0.009 0.004 0.191 0.755 0.009 0.008 0.005 0.006 0.006 
192 24.0802.E1    (0)    9 :  0.004 0.934 0.006 0.005 0.006 0.007 0.009 0.004 0.007 0.012 0.006 
193 24.0803.E1    (0)    9 :  0.006 0.409 0.007 0.010 0.019 0.497 0.016 0.008 0.008 0.009 0.010 
194 24.0804.E1    (0)    9 :  0.003 0.793 0.011 0.011 0.004 0.033 0.005 0.007 0.111 0.012 0.010 
195 24.0805.E1    (0)    9 :  0.005 0.010 0.018 0.006 0.004 0.927 0.008 0.005 0.005 0.004 0.007 
196 24.0806.E1    (0)    9 :  0.006 0.859 0.006 0.008 0.006 0.049 0.007 0.008 0.005 0.038 0.008 
197 24.0807.E1    (0)    9 :  0.003 0.903 0.009 0.005 0.009 0.009 0.012 0.017 0.016 0.007 0.010 
198 24.0808.E1    (0)    9 :  0.005 0.031 0.049 0.012 0.004 0.686 0.010 0.010 0.020 0.023 0.149 
199 24.0809.E1    (0)    9 :  0.005 0.004 0.006 0.006 0.004 0.955 0.004 0.004 0.005 0.003 0.004 
200 24.0810.E1    (0)    9 :  0.007 0.086 0.060 0.007 0.005 0.763 0.032 0.012 0.006 0.011 0.011 
201 24.0811.E1    (0)    9 :  0.004 0.912 0.007 0.010 0.003 0.004 0.006 0.019 0.012 0.011 0.011 
202 24.0812.E1    (0)    9 :  0.006 0.470 0.030 0.025 0.009 0.103 0.013 0.006 0.283 0.008 0.046 
203 24.0813.E1    (0)    9 :  0.006 0.585 0.069 0.007 0.004 0.210 0.026 0.008 0.021 0.012 0.052 
204 24.0814.E1    (6)    9 :  0.004 0.168 0.012 0.009 0.008 0.589 0.008 0.031 0.149 0.014 0.009 
205 24.0815.E1    (0)    9 :  0.006 0.249 0.005 0.004 0.010 0.586 0.006 0.008 0.011 0.110 0.005 
206 24.0816.E1    (0)    9 :  0.006 0.860 0.004 0.008 0.024 0.022 0.007 0.023 0.011 0.016 0.020 
207 24.0817.E1    (0)   10 :  0.006 0.079 0.010 0.017 0.008 0.048 0.019 0.062 0.728 0.005 0.018 
208 24.0818.E1    (0)   10 :  0.010 0.013 0.006 0.038 0.007 0.011 0.027 0.027 0.746 0.012 0.102 
209 24.0819.E1    (0)   10 :  0.067 0.008 0.010 0.012 0.067 0.420 0.020 0.358 0.016 0.015 0.007 
210 24.0820.E1    (0)   10 :  0.046 0.006 0.005 0.006 0.009 0.026 0.006 0.868 0.016 0.007 0.006 
211 24.0821.E1    (0)   10 :  0.007 0.043 0.018 0.015 0.227 0.026 0.016 0.181 0.165 0.013 0.289 
212 24.0822.E1    (0)   10 :  0.019 0.004 0.008 0.006 0.006 0.013 0.005 0.010 0.880 0.004 0.044 
213 24.0823.E1    (0)   10 :  0.028 0.004 0.009 0.008 0.011 0.030 0.005 0.540 0.350 0.008 0.006 
214 24.0824.E1    (0)   10 :  0.008 0.007 0.032 0.006 0.420 0.026 0.006 0.015 0.468 0.006 0.006 
215 24.0825.E1    (0)   10 :  0.005 0.005 0.007 0.004 0.005 0.006 0.004 0.005 0.950 0.004 0.004 
216 24.0826.E1    (0)   10 :  0.017 0.013 0.011 0.006 0.013 0.016 0.015 0.852 0.031 0.009 0.016 
217 24.0827.E1    (0)   10 :  0.004 0.025 0.010 0.039 0.007 0.008 0.009 0.145 0.724 0.008 0.021 
218 24.0828.E1    (0)   10 :  0.019 0.071 0.024 0.011 0.070 0.018 0.013 0.620 0.110 0.010 0.032 
219 24.0829.E1    (0)   10 :  0.010 0.218 0.019 0.005 0.012 0.066 0.079 0.015 0.558 0.007 0.011 
220 24.0830.E1    (0)   10 :  0.004 0.027 0.007 0.005 0.006 0.004 0.153 0.032 0.752 0.003 0.006 
221 24.0831.E1    (0)   10 :  0.004 0.023 0.008 0.005 0.007 0.006 0.313 0.022 0.589 0.004 0.018 
222 24.0832.E1    (0)   10 :  0.003 0.005 0.006 0.008 0.003 0.004 0.004 0.012 0.946 0.003 0.006 
223 24.0833.E1    (0)   10 :  0.004 0.005 0.005 0.004 0.004 0.003 0.005 0.007 0.957 0.003 0.004 
224 24.0834.E1    (0)   10 :  0.007 0.008 0.006 0.008 0.006 0.009 0.008 0.011 0.926 0.007 0.005 
225 24.0835.E1    (0)   10 :  0.004 0.006 0.006 0.012 0.009 0.032 0.007 0.007 0.903 0.006 0.008 
226 24.0836.E1    (0)   10 :  0.009 0.007 0.017 0.009 0.017 0.014 0.010 0.007 0.897 0.004 0.008 
227 24.0837.E1    (0)   10 :  0.005 0.007 0.008 0.006 0.006 0.009 0.008 0.008 0.930 0.004 0.008 
228 24.0838.E1    (0)   10 :  0.006 0.011 0.012 0.004 0.005 0.005 0.007 0.010 0.926 0.004 0.011 
229 24.0839.E1    (0)   10 :  0.016 0.313 0.038 0.036 0.020 0.017 0.235 0.033 0.217 0.025 0.048 
230 24.0840.E1    (0)   10 :  0.004 0.402 0.006 0.006 0.011 0.008 0.060 0.059 0.425 0.011 0.008 
231 24.0841.E1    (0)   11 :  0.007 0.858 0.010 0.005 0.004 0.005 0.056 0.028 0.008 0.003 0.016 
232 24.0842.E1    (0)   11 :  0.006 0.707 0.006 0.008 0.182 0.013 0.027 0.023 0.011 0.003 0.015 
233 24.0843.E1    (0)   11 :  0.017 0.234 0.007 0.005 0.209 0.017 0.010 0.457 0.022 0.005 0.017 
234 24.0844.E1    (0)   11 :  0.007 0.118 0.012 0.027 0.332 0.104 0.079 0.021 0.273 0.005 0.022 
235 24.0845.E1    (0)   11 :  0.005 0.089 0.020 0.008 0.022 0.005 0.090 0.032 0.642 0.005 0.080 
236 24.0846.E1    (0)   11 :  0.010 0.028 0.010 0.011 0.011 0.015 0.013 0.008 0.874 0.009 0.010 
237 24.0847.E1    (0)   11 :  0.013 0.013 0.078 0.029 0.020 0.046 0.025 0.016 0.744 0.007 0.008 
238 24.0848.E1    (0)   11 :  0.005 0.021 0.031 0.014 0.020 0.054 0.031 0.012 0.748 0.005 0.061 
239 24.0849.E1    (0)   11 :  0.004 0.006 0.004 0.006 0.004 0.009 0.004 0.948 0.007 0.003 0.005 
240 24.0850.E1    (0)   11 :  0.004 0.006 0.004 0.006 0.004 0.009 0.004 0.948 0.007 0.003 0.005 
241 24.0851.E1    (0)   11 :  0.004 0.006 0.004 0.006 0.004 0.009 0.004 0.948 0.007 0.003 0.005 
242 24.0852.E1    (0)   11 :  0.013 0.057 0.008 0.010 0.006 0.007 0.074 0.701 0.084 0.004 0.037 
243 24.0853.E1    (0)   11 :  0.010 0.022 0.010 0.005 0.005 0.010 0.007 0.504 0.414 0.006 0.006 
244 24.0854.E1    (0)   11 :  0.008 0.012 0.008 0.009 0.567 0.014 0.014 0.343 0.015 0.005 0.005 
245 24.0855.E1    (0)   11 :  0.010 0.138 0.023 0.006 0.012 0.035 0.046 0.029 0.682 0.006 0.015 
246 24.0856.E1    (0)   11 :  0.036 0.474 0.008 0.021 0.380 0.007 0.010 0.010 0.012 0.025 0.017 
247 24.0857.E1    (0)   11 :  0.008 0.015 0.018 0.018 0.009 0.502 0.012 0.016 0.371 0.009 0.020 
248 24.0858.E1    (0)   11 :  0.016 0.026 0.016 0.016 0.022 0.092 0.019 0.075 0.625 0.005 0.088 
249 24.0859.E1    (0)   11 :  0.018 0.014 0.007 0.011 0.009 0.030 0.010 0.869 0.013 0.010 0.010 
250 24.0860.E1    (0)   11 :  0.048 0.093 0.009 0.033 0.048 0.424 0.077 0.079 0.067 0.051 0.072 
251 24.0861.E1    (0)   11 :  0.005 0.022 0.004 0.006 0.004 0.008 0.006 0.914 0.020 0.003 0.008 
252 24.0862.E1    (0)   11 :  0.008 0.701 0.009 0.012 0.010 0.181 0.019 0.018 0.021 0.010 0.011 
253 24.0863.E1    (0)   11 :  0.005 0.022 0.004 0.006 0.005 0.007 0.006 0.913 0.020 0.003 0.008 
254 24.0864.E1    (0)   11 :  0.007 0.015 0.340 0.174 0.013 0.023 0.131 0.079 0.154 0.008 0.055 
255 24.0865.E1    (0)   12 :  0.033 0.010 0.035 0.039 0.005 0.008 0.021 0.804 0.011 0.018 0.015 
256 24.0866.E1    (0)   12 :  0.035 0.008 0.080 0.016 0.014 0.679 0.014 0.011 0.044 0.006 0.093 
257 24.0867.E1    (0)   12 :  0.145 0.009 0.421 0.011 0.012 0.162 0.016 0.159 0.028 0.026 0.011 
258 24.0868.E1    (0)   12 :  0.022 0.010 0.305 0.012 0.017 0.036 0.059 0.008 0.106 0.032 0.393 
259 24.0869.E1    (0)   12 :  0.007 0.010 0.462 0.009 0.005 0.078 0.201 0.011 0.162 0.039 0.017 
260 24.0870.E1    (0)   12 :  0.026 0.024 0.174 0.142 0.016 0.017 0.150 0.009 0.166 0.114 0.162 
261 24.0871.E1    (0)   12 :  0.007 0.053 0.208 0.060 0.014 0.007 0.510 0.049 0.018 0.027 0.049 
262 24.0872.E1    (0)   12 :  0.098 0.008 0.071 0.011 0.014 0.065 0.379 0.320 0.006 0.006 0.022 
263 24.0873.E1    (0)   12 :  0.012 0.008 0.566 0.017 0.012 0.263 0.023 0.054 0.017 0.011 0.016 
264 24.0874.E1    (0)   12 :  0.227 0.009 0.089 0.008 0.014 0.408 0.012 0.166 0.048 0.007 0.011 
265 24.0875.E1    (0)   12 :  0.009 0.004 0.032 0.006 0.014 0.022 0.880 0.008 0.007 0.006 0.012 
266 24.0876.E1    (0)   12 :  0.023 0.004 0.080 0.055 0.010 0.010 0.793 0.005 0.005 0.007 0.008 
267 24.0877.E1    (0)   12 :  0.036 0.004 0.013 0.824 0.009 0.067 0.009 0.006 0.004 0.006 0.022 
268 24.0878.E1    (0)   12 :  0.010 0.009 0.066 0.762 0.026 0.009 0.009 0.005 0.070 0.008 0.026 
269 24.0879.E1    (0)   12 :  0.005 0.007 0.012 0.711 0.216 0.005 0.012 0.007 0.007 0.009 0.009 
270 24.0880.E1    (0)   12 :  0.014 0.008 0.161 0.036 0.083 0.017 0.023 0.020 0.565 0.015 0.058 
271 24.0881.E1    (0)   12 :  0.009 0.004 0.007 0.937 0.007 0.006 0.005 0.006 0.004 0.010 0.006 
272 24.0882.E1    (0)   12 :  0.648 0.004 0.017 0.238 0.009 0.025 0.009 0.013 0.007 0.008 0.021 
273 24.0883.E1    (0)   12 :  0.241 0.005 0.078 0.326 0.235 0.007 0.034 0.048 0.008 0.012 0.007 
274 24.0884.E1    (0)   12 :  0.025 0.006 0.008 0.905 0.014 0.005 0.008 0.008 0.004 0.007 0.008 
275 24.0885.E1    (0)   12 :  0.007 0.005 0.078 0.755 0.056 0.015 0.024 0.007 0.012 0.014 0.027 
276 24.0886.E1    (0)   12 :  0.209 0.007 0.100 0.404 0.099 0.019 0.105 0.038 0.005 0.004 0.011 
277 24.0887.E1    (0)   12 :  0.704 0.006 0.024 0.044 0.175 0.006 0.013 0.008 0.005 0.010 0.005 
278 24.0888.E1    (0)   12 :  0.006 0.013 0.013 0.024 0.016 0.037 0.104 0.009 0.008 0.007 0.763 


Estimated Allele Frequencies in each cluster
First column gives estimated ancestral frequencies


Locus 1 : 
31 alleles
0.0% missing data
 115   (0.034) 0.004 0.019 0.141 0.117 0.008 0.004 0.101 0.004 0.004 0.003 0.007 
 117   (0.043) 0.194 0.022 0.032 0.202 0.011 0.111 0.052 0.003 0.005 0.004 0.008 
 119   (0.040) 0.323 0.006 0.014 0.281 0.007 0.005 0.019 0.004 0.005 0.293 0.008 
 131   (0.015) 0.003 0.004 0.003 0.053 0.003 0.002 0.003 0.002 0.001 0.001 0.003 
 128   (0.037) 0.003 0.009 0.030 0.034 0.010 0.008 0.091 0.005 0.021 0.004 0.021 
 135   (0.017) 0.008 0.006 0.007 0.049 0.003 0.002 0.012 0.002 0.003 0.002 0.003 
 126   (0.082) 0.078 0.034 0.042 0.055 0.034 0.154 0.130 0.061 0.270 0.012 0.063 
 122   (0.034) 0.002 0.147 0.007 0.011 0.008 0.010 0.015 0.003 0.004 0.100 0.041 
 132   (0.032) 0.014 0.035 0.017 0.004 0.012 0.040 0.031 0.006 0.023 0.003 0.020 
 141   (0.011) 0.001 0.003 0.002 0.009 0.002 0.002 0.003 0.001 0.001 0.003 0.002 
 130   (0.048) 0.010 0.035 0.105 0.006 0.144 0.009 0.042 0.027 0.013 0.012 0.074 
 134   (0.041) 0.003 0.027 0.037 0.005 0.006 0.022 0.010 0.073 0.008 0.135 0.035 
 145   (0.017) 0.008 0.002 0.005 0.003 0.006 0.002 0.003 0.117 0.001 0.007 0.003 
 127   (0.026) 0.161 0.004 0.007 0.032 0.007 0.003 0.008 0.003 0.002 0.050 0.005 
 116   (0.109) 0.011 0.196 0.200 0.015 0.081 0.110 0.127 0.280 0.141 0.179 0.241 
 114   (0.057) 0.005 0.211 0.026 0.007 0.029 0.078 0.016 0.180 0.107 0.050 0.045 
 120   (0.036) 0.002 0.005 0.014 0.007 0.130 0.005 0.042 0.003 0.003 0.088 0.069 
 110   (0.046) 0.020 0.025 0.075 0.009 0.095 0.006 0.024 0.014 0.094 0.018 0.028 
 133   (0.014) 0.011 0.002 0.002 0.002 0.002 0.006 0.015 0.001 0.001 0.008 0.003 
 118   (0.110) 0.018 0.159 0.177 0.015 0.347 0.392 0.192 0.192 0.165 0.012 0.269 
 125   (0.015) 0.001 0.019 0.002 0.002 0.006 0.003 0.003 0.003 0.011 0.001 0.004 
 129   (0.020) 0.005 0.003 0.004 0.048 0.026 0.003 0.008 0.002 0.002 0.002 0.008 
 124   (0.016) 0.001 0.002 0.003 0.007 0.011 0.003 0.023 0.005 0.002 0.002 0.011 
 136   (0.018) 0.001 0.004 0.033 0.003 0.003 0.003 0.008 0.002 0.090 0.002 0.004 
 121   (0.014) 0.068 0.002 0.003 0.005 0.002 0.002 0.005 0.001 0.001 0.001 0.003 
 139   (0.010) 0.001 0.001 0.001 0.011 0.001 0.001 0.002 0.001 0.001 0.001 0.002 
 113   (0.011) 0.015 0.001 0.001 0.001 0.002 0.001 0.002 0.001 0.001 0.001 0.002 
 111   (0.011) 0.013 0.001 0.002 0.002 0.002 0.001 0.002 0.001 0.001 0.001 0.002 
 143   (0.011) 0.015 0.001 0.002 0.001 0.002 0.001 0.002 0.001 0.001 0.001 0.002 
 140   (0.014) 0.001 0.013 0.003 0.002 0.002 0.009 0.005 0.001 0.001 0.001 0.013 
 112   (0.011) 0.001 0.001 0.002 0.001 0.002 0.001 0.002 0.001 0.015 0.001 0.002 

Locus 2 : 
18 alleles
0.0% missing data
 152   (0.380) 0.805 0.578 0.468 0.648 0.361 0.458 0.562 0.292 0.174 0.392 0.251 
 148   (0.070) 0.020 0.013 0.200 0.147 0.035 0.009 0.088 0.007 0.009 0.234 0.024 
 154   (0.105) 0.029 0.116 0.191 0.034 0.031 0.020 0.136 0.017 0.276 0.255 0.079 
 156   (0.016) 0.001 0.017 0.002 0.012 0.005 0.002 0.003 0.002 0.002 0.001 0.004 
 150   (0.024) 0.049 0.004 0.003 0.008 0.005 0.003 0.005 0.002 0.002 0.067 0.005 
 164   (0.077) 0.011 0.102 0.038 0.075 0.017 0.029 0.024 0.090 0.044 0.009 0.172 
 158   (0.030) 0.007 0.009 0.021 0.009 0.188 0.012 0.009 0.010 0.004 0.011 0.006 
 160   (0.017) 0.017 0.003 0.014 0.002 0.003 0.002 0.004 0.002 0.002 0.002 0.014 
 166   (0.022) 0.001 0.012 0.004 0.003 0.003 0.029 0.026 0.002 0.002 0.004 0.016 
 151   (0.073) 0.005 0.043 0.011 0.009 0.226 0.009 0.054 0.324 0.458 0.006 0.226 
 147   (0.063) 0.004 0.054 0.013 0.008 0.074 0.406 0.031 0.192 0.018 0.006 0.125 
 168   (0.024) 0.002 0.004 0.006 0.004 0.005 0.009 0.016 0.033 0.002 0.002 0.017 
 153   (0.014) 0.001 0.002 0.002 0.002 0.003 0.002 0.003 0.015 0.001 0.001 0.016 
 149   (0.027) 0.012 0.003 0.017 0.004 0.038 0.004 0.022 0.002 0.002 0.002 0.006 
 162   (0.020) 0.003 0.034 0.003 0.007 0.003 0.003 0.007 0.008 0.002 0.002 0.008 
 167   (0.012) 0.001 0.001 0.001 0.025 0.001 0.001 0.002 0.001 0.001 0.001 0.002 
 146   (0.012) 0.031 0.001 0.001 0.001 0.001 0.001 0.002 0.001 0.001 0.001 0.002 
 172   (0.014) 0.001 0.002 0.002 0.002 0.002 0.001 0.005 0.001 0.001 0.001 0.026 

Locus 3 : 
4 alleles
0.0% missing data
 128   (0.293) 0.449 0.158 0.287 0.213 0.241 0.382 0.338 0.341 0.455 0.327 0.189 
 126   (0.613) 0.543 0.789 0.694 0.706 0.574 0.589 0.618 0.489 0.502 0.609 0.772 
 132   (0.080) 0.006 0.051 0.017 0.080 0.137 0.027 0.042 0.170 0.042 0.057 0.036 
 134   (0.014) 0.001 0.002 0.002 0.002 0.048 0.001 0.003 0.001 0.001 0.007 0.003 

Locus 4 : 
3 alleles
0.0% missing data
 170   (0.320) 0.301 0.413 0.144 0.309 0.200 0.130 0.359 0.119 0.464 0.424 0.393 
 172   (0.667) 0.697 0.585 0.853 0.689 0.799 0.868 0.638 0.878 0.533 0.566 0.604 
 171   (0.013) 0.002 0.002 0.003 0.002 0.002 0.002 0.003 0.003 0.003 0.010 0.003 

Locus 5 : 
37 alleles
0.0% missing data
 125   (0.053) 0.039 0.014 0.022 0.062 0.165 0.018 0.051 0.136 0.078 0.059 0.015 
 110   (0.040) 0.013 0.030 0.006 0.032 0.027 0.018 0.069 0.031 0.078 0.044 0.008 
 129   (0.033) 0.003 0.055 0.006 0.057 0.008 0.007 0.011 0.021 0.007 0.003 0.127 
 113   (0.029) 0.002 0.134 0.016 0.011 0.006 0.015 0.014 0.005 0.010 0.003 0.120 
 145   (0.053) 0.087 0.010 0.150 0.219 0.082 0.010 0.098 0.098 0.013 0.006 0.012 
 155   (0.054) 0.017 0.108 0.025 0.153 0.019 0.021 0.053 0.007 0.062 0.188 0.035 
 117   (0.030) 0.028 0.023 0.139 0.020 0.006 0.009 0.032 0.005 0.004 0.004 0.015 
 124   (0.010) 0.001 0.001 0.001 0.024 0.001 0.001 0.002 0.001 0.001 0.001 0.002 
 133   (0.033) 0.078 0.005 0.013 0.042 0.011 0.013 0.061 0.008 0.003 0.003 0.053 
 157   (0.049) 0.027 0.009 0.052 0.008 0.137 0.046 0.076 0.005 0.049 0.022 0.150 
 141   (0.016) 0.001 0.002 0.008 0.004 0.002 0.003 0.025 0.001 0.006 0.002 0.024 
 112   (0.068) 0.159 0.066 0.114 0.068 0.017 0.025 0.057 0.159 0.169 0.198 0.044 
 121   (0.021) 0.002 0.077 0.003 0.004 0.006 0.029 0.011 0.010 0.004 0.007 0.013 
 114   (0.041) 0.181 0.005 0.140 0.043 0.008 0.044 0.029 0.004 0.087 0.019 0.008 
 153   (0.050) 0.004 0.017 0.020 0.052 0.228 0.336 0.083 0.083 0.083 0.008 0.013 
 127   (0.071) 0.073 0.164 0.087 0.063 0.030 0.013 0.062 0.198 0.110 0.018 0.107 
 131   (0.059) 0.178 0.025 0.023 0.064 0.140 0.192 0.015 0.084 0.036 0.230 0.015 
 135   (0.031) 0.003 0.005 0.010 0.006 0.015 0.105 0.084 0.070 0.016 0.009 0.011 
 104   (0.008) 0.002 0.001 0.002 0.001 0.001 0.001 0.002 0.003 0.002 0.010 0.002 
 118   (0.017) 0.002 0.002 0.009 0.020 0.014 0.002 0.006 0.002 0.002 0.018 0.009 
 116   (0.025) 0.004 0.077 0.022 0.005 0.017 0.003 0.037 0.004 0.010 0.018 0.005 
 137   (0.023) 0.006 0.083 0.008 0.004 0.013 0.007 0.013 0.003 0.002 0.106 0.010 
 123   (0.024) 0.002 0.024 0.005 0.005 0.006 0.020 0.027 0.019 0.088 0.005 0.005 
 149   (0.009) 0.001 0.005 0.005 0.001 0.001 0.001 0.006 0.003 0.002 0.001 0.002 
 138   (0.012) 0.001 0.001 0.002 0.002 0.002 0.001 0.003 0.013 0.001 0.001 0.054 
 143   (0.025) 0.075 0.006 0.004 0.003 0.009 0.004 0.006 0.010 0.052 0.003 0.042 
 163   (0.008) 0.001 0.007 0.003 0.001 0.001 0.001 0.004 0.001 0.001 0.003 0.004 
 109   (0.010) 0.001 0.001 0.034 0.001 0.001 0.001 0.002 0.001 0.001 0.001 0.002 
 139   (0.009) 0.001 0.001 0.001 0.001 0.002 0.001 0.012 0.001 0.001 0.001 0.005 
 106   (0.008) 0.001 0.002 0.002 0.001 0.001 0.001 0.007 0.001 0.001 0.001 0.006 
 144   (0.015) 0.001 0.002 0.038 0.002 0.002 0.038 0.009 0.001 0.002 0.001 0.003 
 122   (0.011) 0.002 0.001 0.012 0.013 0.002 0.002 0.003 0.001 0.001 0.001 0.002 
 100   (0.016) 0.001 0.031 0.004 0.003 0.006 0.003 0.012 0.006 0.005 0.002 0.028 
 111   (0.011) 0.001 0.001 0.002 0.001 0.002 0.001 0.006 0.003 0.001 0.001 0.033 
 233   (0.008) 0.001 0.002 0.001 0.001 0.008 0.002 0.002 0.003 0.003 0.001 0.006 
 134   (0.009) 0.001 0.001 0.001 0.001 0.001 0.001 0.008 0.001 0.009 0.001 0.002 
 140   (0.009) 0.001 0.001 0.006 0.001 0.002 0.002 0.003 0.001 0.002 0.001 0.007 

Locus 6 : 
17 alleles
0.0% missing data
 221   (0.023) 0.087 0.003 0.003 0.148 0.003 0.003 0.004 0.002 0.002 0.002 0.004 
 232   (0.241) 0.436 0.445 0.255 0.148 0.262 0.118 0.346 0.758 0.265 0.084 0.273 
 229   (0.056) 0.057 0.010 0.020 0.099 0.016 0.027 0.046 0.022 0.095 0.063 0.011 
 223   (0.062) 0.008 0.025 0.077 0.099 0.122 0.016 0.023 0.006 0.077 0.007 0.052 
 230   (0.161) 0.297 0.089 0.231 0.067 0.113 0.059 0.238 0.046 0.253 0.169 0.218 
 235   (0.014) 0.001 0.002 0.002 0.073 0.002 0.002 0.002 0.001 0.001 0.002 0.003 
 236   (0.037) 0.005 0.015 0.008 0.084 0.011 0.005 0.070 0.020 0.004 0.026 0.011 
 227   (0.024) 0.003 0.003 0.011 0.059 0.007 0.004 0.017 0.002 0.002 0.002 0.013 
 220   (0.055) 0.004 0.098 0.025 0.008 0.012 0.207 0.028 0.070 0.023 0.189 0.023 
 222   (0.043) 0.003 0.092 0.014 0.005 0.006 0.207 0.013 0.003 0.006 0.267 0.045 
 234   (0.126) 0.053 0.031 0.263 0.095 0.280 0.330 0.066 0.014 0.148 0.172 0.117 
 224   (0.031) 0.002 0.006 0.006 0.004 0.128 0.004 0.016 0.002 0.081 0.003 0.028 
 228   (0.059) 0.004 0.069 0.063 0.011 0.012 0.008 0.082 0.049 0.023 0.006 0.190 
 225   (0.012) 0.001 0.018 0.002 0.002 0.002 0.001 0.003 0.001 0.001 0.001 0.002 
 226   (0.015) 0.001 0.089 0.002 0.002 0.002 0.002 0.021 0.001 0.015 0.001 0.003 
 233   (0.028) 0.038 0.003 0.012 0.055 0.016 0.004 0.020 0.002 0.003 0.003 0.006 
 231   (0.014) 0.001 0.002 0.005 0.041 0.008 0.002 0.004 0.001 0.001 0.001 0.003 

Locus 7 : 
10 alleles
0.0% missing data
 121   (0.683) 0.742 0.750 0.789 0.881 0.579 0.826 0.784 0.716 0.795 0.792 0.856 
 129   (0.098) 0.099 0.104 0.060 0.079 0.100 0.013 0.038 0.139 0.120 0.010 0.061 
 130   (0.017) 0.004 0.021 0.002 0.003 0.003 0.015 0.004 0.002 0.002 0.002 0.004 
 123   (0.099) 0.100 0.103 0.027 0.022 0.218 0.044 0.147 0.136 0.074 0.131 0.036 
 128   (0.019) 0.021 0.002 0.005 0.003 0.020 0.002 0.004 0.001 0.002 0.037 0.004 
 131   (0.016) 0.002 0.010 0.003 0.002 0.011 0.002 0.005 0.001 0.002 0.021 0.003 
 117   (0.013) 0.001 0.001 0.002 0.002 0.002 0.001 0.002 0.001 0.001 0.001 0.014 
 125   (0.012) 0.001 0.001 0.001 0.001 0.061 0.001 0.002 0.001 0.001 0.001 0.002 
 134   (0.030) 0.006 0.006 0.105 0.004 0.005 0.092 0.012 0.002 0.003 0.004 0.017 
 132   (0.013) 0.024 0.001 0.006 0.002 0.002 0.004 0.002 0.001 0.001 0.001 0.002 

Locus 8 : 
19 alleles
0.0% missing data
 184   (0.298) 0.319 0.201 0.487 0.489 0.499 0.518 0.456 0.465 0.250 0.524 0.361 
 194   (0.046) 0.020 0.019 0.106 0.030 0.034 0.006 0.032 0.009 0.013 0.017 0.036 
 178   (0.102) 0.058 0.172 0.081 0.212 0.025 0.053 0.071 0.029 0.293 0.187 0.059 
 176   (0.082) 0.222 0.055 0.067 0.045 0.043 0.152 0.104 0.114 0.008 0.010 0.075 
 182   (0.075) 0.213 0.161 0.039 0.038 0.019 0.114 0.046 0.013 0.047 0.008 0.143 
 190   (0.031) 0.049 0.010 0.005 0.006 0.006 0.055 0.006 0.002 0.019 0.074 0.006 
 196   (0.021) 0.001 0.004 0.005 0.005 0.003 0.003 0.005 0.016 0.069 0.002 0.020 
 200   (0.031) 0.011 0.014 0.009 0.015 0.057 0.004 0.016 0.002 0.003 0.004 0.030 
 180   (0.023) 0.002 0.004 0.003 0.009 0.122 0.003 0.004 0.002 0.003 0.071 0.004 
 188   (0.037) 0.003 0.006 0.037 0.032 0.008 0.010 0.012 0.086 0.066 0.008 0.010 
 174   (0.042) 0.043 0.014 0.062 0.016 0.039 0.010 0.068 0.004 0.005 0.023 0.013 
 186   (0.120) 0.050 0.308 0.074 0.086 0.075 0.036 0.160 0.227 0.126 0.042 0.207 
 192   (0.022) 0.003 0.003 0.003 0.010 0.014 0.003 0.005 0.008 0.088 0.013 0.007 
 201   (0.010) 0.001 0.001 0.001 0.001 0.010 0.001 0.002 0.001 0.001 0.012 0.002 
 199   (0.018) 0.001 0.020 0.002 0.002 0.029 0.003 0.003 0.002 0.002 0.002 0.017 
 185   (0.011) 0.001 0.001 0.002 0.001 0.002 0.001 0.002 0.017 0.001 0.001 0.002 
 203   (0.010) 0.001 0.001 0.014 0.001 0.001 0.004 0.002 0.001 0.001 0.001 0.002 
 198   (0.010) 0.001 0.002 0.002 0.001 0.001 0.019 0.002 0.001 0.001 0.001 0.004 
 209   (0.010) 0.001 0.003 0.001 0.002 0.012 0.004 0.003 0.001 0.004 0.001 0.002 

Locus 9 : 
6 alleles
0.4% missing data
 154   (0.681) 0.632 0.842 0.676 0.699 0.661 0.699 0.762 0.850 0.789 0.819 0.752 
 156   (0.214) 0.353 0.139 0.256 0.171 0.324 0.287 0.203 0.032 0.118 0.170 0.170 
 152   (0.052) 0.006 0.010 0.037 0.082 0.008 0.008 0.015 0.101 0.089 0.005 0.030 
 153   (0.013) 0.001 0.004 0.002 0.002 0.002 0.001 0.003 0.014 0.001 0.002 0.015 
 160   (0.013) 0.001 0.002 0.002 0.002 0.002 0.001 0.002 0.001 0.001 0.001 0.028 
 164   (0.027) 0.008 0.003 0.027 0.045 0.004 0.003 0.015 0.002 0.002 0.003 0.005 

Locus 10 : 
29 alleles
0.7% missing data
 305   (0.065) 0.009 0.260 0.012 0.102 0.010 0.010 0.025 0.007 0.007 0.216 0.084 
 313   (0.048) 0.006 0.078 0.008 0.154 0.009 0.006 0.039 0.004 0.007 0.005 0.051 
 311   (0.018) 0.002 0.002 0.003 0.017 0.004 0.002 0.011 0.001 0.002 0.002 0.004 
 299   (0.130) 0.034 0.039 0.042 0.285 0.018 0.197 0.044 0.155 0.162 0.048 0.254 
 315   (0.079) 0.101 0.017 0.022 0.093 0.018 0.011 0.142 0.006 0.018 0.080 0.102 
 287   (0.019) 0.002 0.004 0.003 0.006 0.810 0.003 0.006 0.002 0.002 0.002 0.005 
 291   (0.103) 0.019 0.036 0.366 0.107 0.015 0.316 0.025 0.011 0.520 0.071 0.074 
 295   (0.028) 0.003 0.005 0.136 0.034 0.003 0.004 0.107 0.003 0.003 0.004 0.007 
 289   (0.017) 0.001 0.002 0.002 0.002 0.002 0.247 0.005 0.001 0.001 0.003 0.005 
 303   (0.034) 0.539 0.005 0.006 0.007 0.004 0.005 0.007 0.644 0.003 0.023 0.009 
 297   (0.041) 0.069 0.150 0.117 0.010 0.005 0.015 0.092 0.003 0.018 0.005 0.009 
 293   (0.018) 0.001 0.002 0.002 0.003 0.002 0.003 0.156 0.001 0.001 0.003 0.003 
 301   (0.059) 0.007 0.008 0.078 0.071 0.009 0.018 0.013 0.014 0.007 0.166 0.098 
 285   (0.027) 0.002 0.265 0.004 0.004 0.004 0.004 0.004 0.002 0.002 0.267 0.010 
 307   (0.055) 0.188 0.008 0.104 0.010 0.009 0.007 0.016 0.004 0.105 0.041 0.052 
 312   (0.049) 0.003 0.010 0.025 0.007 0.008 0.008 0.217 0.014 0.084 0.040 0.037 
 306   (0.027) 0.002 0.003 0.015 0.013 0.005 0.004 0.009 0.002 0.016 0.004 0.073 
 320   (0.014) 0.001 0.002 0.002 0.002 0.001 0.002 0.003 0.001 0.001 0.001 0.029 
 317   (0.020) 0.001 0.003 0.003 0.017 0.002 0.002 0.003 0.108 0.002 0.002 0.005 
 314   (0.026) 0.002 0.003 0.004 0.037 0.033 0.004 0.006 0.002 0.002 0.003 0.015 
 323   (0.012) 0.001 0.002 0.002 0.002 0.008 0.002 0.004 0.001 0.001 0.001 0.008 
 325   (0.013) 0.001 0.002 0.002 0.002 0.008 0.002 0.004 0.001 0.001 0.001 0.008 
 310   (0.016) 0.001 0.002 0.002 0.002 0.002 0.002 0.039 0.001 0.026 0.002 0.003 
 309   (0.014) 0.001 0.002 0.031 0.002 0.002 0.003 0.004 0.001 0.001 0.002 0.003 
 316   (0.017) 0.001 0.004 0.002 0.003 0.002 0.002 0.004 0.003 0.004 0.002 0.036 
 296   (0.013) 0.001 0.001 0.002 0.002 0.002 0.001 0.006 0.005 0.001 0.001 0.008 
 304   (0.016) 0.001 0.081 0.002 0.002 0.002 0.004 0.003 0.001 0.001 0.002 0.003 
 321   (0.013) 0.001 0.002 0.002 0.002 0.001 0.057 0.002 0.001 0.001 0.002 0.002 
 332   (0.013) 0.001 0.001 0.002 0.002 0.001 0.058 0.002 0.001 0.001 0.001 0.002 

Locus 11 : 
19 alleles
0.0% missing data
 114   (0.150) 0.193 0.026 0.261 0.254 0.051 0.028 0.225 0.042 0.019 0.294 0.143 
 126   (0.020) 0.004 0.002 0.004 0.061 0.003 0.002 0.006 0.002 0.002 0.017 0.004 
 111   (0.099) 0.007 0.550 0.015 0.179 0.022 0.568 0.063 0.294 0.562 0.009 0.021 
 116   (0.110) 0.266 0.078 0.162 0.104 0.152 0.037 0.101 0.009 0.029 0.016 0.065 
 132   (0.013) 0.001 0.002 0.002 0.012 0.002 0.002 0.003 0.001 0.001 0.001 0.003 
 109   (0.016) 0.001 0.002 0.002 0.050 0.002 0.002 0.003 0.001 0.002 0.001 0.003 
 128   (0.018) 0.001 0.002 0.015 0.008 0.003 0.002 0.003 0.001 0.007 0.002 0.007 
 112   (0.315) 0.501 0.073 0.449 0.253 0.435 0.080 0.486 0.186 0.049 0.604 0.632 
 122   (0.016) 0.004 0.002 0.004 0.002 0.003 0.004 0.010 0.015 0.003 0.007 0.003 
 124   (0.013) 0.002 0.002 0.002 0.002 0.002 0.002 0.002 0.002 0.001 0.018 0.002 
 118   (0.049) 0.009 0.007 0.034 0.018 0.077 0.219 0.022 0.012 0.005 0.014 0.021 
 127   (0.013) 0.001 0.002 0.002 0.002 0.002 0.002 0.002 0.001 0.001 0.001 0.014 
 113   (0.049) 0.003 0.194 0.009 0.007 0.025 0.019 0.017 0.419 0.228 0.004 0.021 
 115   (0.029) 0.003 0.009 0.009 0.025 0.199 0.004 0.010 0.003 0.007 0.003 0.010 
 120   (0.022) 0.001 0.003 0.020 0.004 0.003 0.003 0.006 0.002 0.073 0.002 0.004 
 117   (0.021) 0.002 0.012 0.004 0.003 0.005 0.013 0.013 0.003 0.005 0.003 0.016 
 125   (0.020) 0.001 0.002 0.003 0.003 0.004 0.003 0.022 0.004 0.002 0.002 0.025 
 119   (0.015) 0.001 0.031 0.002 0.002 0.002 0.009 0.003 0.001 0.003 0.001 0.004 
 136   (0.012) 0.001 0.001 0.002 0.010 0.008 0.001 0.002 0.001 0.001 0.001 0.002 

Locus 12 : 
28 alleles
0.7% missing data
 306   (0.060) 0.008 0.326 0.011 0.102 0.008 0.011 0.024 0.007 0.007 0.215 0.041 
 314   (0.065) 0.007 0.077 0.010 0.141 0.020 0.010 0.021 0.014 0.079 0.007 0.053 
 312   (0.014) 0.001 0.002 0.002 0.027 0.001 0.002 0.002 0.001 0.001 0.001 0.003 
 300   (0.141) 0.035 0.040 0.043 0.301 0.019 0.196 0.046 0.156 0.159 0.049 0.257 
 316   (0.047) 0.098 0.010 0.008 0.089 0.006 0.006 0.021 0.004 0.016 0.078 0.012 
 288   (0.017) 0.002 0.004 0.002 0.005 0.796 0.003 0.003 0.002 0.002 0.002 0.004 
 292   (0.112) 0.020 0.037 0.366 0.109 0.016 0.354 0.027 0.012 0.511 0.071 0.077 
 296   (0.032) 0.003 0.005 0.139 0.035 0.004 0.004 0.113 0.005 0.003 0.005 0.011 
 290   (0.017) 0.001 0.002 0.002 0.002 0.002 0.246 0.005 0.001 0.001 0.003 0.006 
 304   (0.033) 0.540 0.005 0.006 0.007 0.004 0.005 0.007 0.645 0.003 0.023 0.009 
 298   (0.042) 0.069 0.150 0.118 0.011 0.005 0.015 0.092 0.003 0.018 0.005 0.010 
 294   (0.016) 0.001 0.002 0.002 0.003 0.002 0.003 0.155 0.001 0.001 0.002 0.003 
 302   (0.061) 0.007 0.009 0.079 0.072 0.009 0.018 0.013 0.014 0.007 0.165 0.099 
 286   (0.031) 0.003 0.286 0.005 0.004 0.004 0.005 0.005 0.002 0.003 0.266 0.011 
 308   (0.037) 0.185 0.005 0.040 0.008 0.006 0.004 0.009 0.003 0.003 0.041 0.045 
 313   (0.031) 0.002 0.004 0.024 0.005 0.004 0.004 0.237 0.004 0.005 0.039 0.039 
 307   (0.045) 0.004 0.006 0.078 0.013 0.006 0.006 0.015 0.004 0.128 0.005 0.079 
 321   (0.013) 0.001 0.001 0.002 0.002 0.001 0.001 0.002 0.001 0.001 0.001 0.029 
 315   (0.057) 0.005 0.010 0.017 0.042 0.055 0.008 0.107 0.014 0.005 0.008 0.107 
 318   (0.016) 0.001 0.005 0.002 0.005 0.002 0.002 0.003 0.099 0.003 0.002 0.006 
 324   (0.014) 0.001 0.002 0.002 0.003 0.008 0.003 0.004 0.001 0.001 0.001 0.008 
 326   (0.013) 0.001 0.002 0.002 0.002 0.008 0.002 0.004 0.001 0.001 0.001 0.008 
 311   (0.018) 0.001 0.003 0.003 0.004 0.004 0.002 0.071 0.001 0.038 0.002 0.004 
 310   (0.014) 0.001 0.002 0.031 0.002 0.002 0.003 0.004 0.001 0.001 0.002 0.003 
 305   (0.015) 0.001 0.002 0.002 0.002 0.002 0.002 0.002 0.001 0.001 0.002 0.043 
 317   (0.015) 0.001 0.002 0.002 0.002 0.002 0.002 0.003 0.001 0.001 0.002 0.029 
 320   (0.013) 0.001 0.002 0.002 0.002 0.001 0.027 0.002 0.001 0.001 0.001 0.003 
 322   (0.011) 0.001 0.002 0.001 0.001 0.001 0.057 0.002 0.001 0.001 0.001 0.002 

Locus 13 : 
7 alleles
1.1% missing data
 161   (0.594) 0.890 0.301 0.841 0.664 0.435 0.919 0.589 0.504 0.420 0.061 0.535 
 163   (0.300) 0.025 0.509 0.122 0.244 0.547 0.068 0.375 0.462 0.568 0.029 0.445 
 160   (0.017) 0.001 0.002 0.002 0.002 0.003 0.002 0.007 0.001 0.002 0.450 0.003 
 162   (0.016) 0.001 0.002 0.002 0.002 0.002 0.002 0.004 0.002 0.001 0.455 0.003 
 165   (0.044) 0.003 0.182 0.026 0.081 0.009 0.005 0.014 0.029 0.006 0.004 0.009 
 166   (0.014) 0.003 0.002 0.005 0.004 0.002 0.002 0.008 0.001 0.001 0.001 0.003 
 164   (0.015) 0.077 0.002 0.002 0.002 0.002 0.002 0.003 0.001 0.001 0.001 0.003 

Locus 14 : 
4 alleles
0.4% missing data
  98   (0.957) 0.986 0.995 0.988 0.988 0.993 0.995 0.984 0.987 0.996 0.996 0.979 
 100   (0.013) 0.001 0.002 0.002 0.002 0.003 0.002 0.003 0.006 0.001 0.001 0.010 
  96   (0.017) 0.012 0.002 0.007 0.009 0.002 0.002 0.007 0.002 0.001 0.002 0.003 
 105   (0.013) 0.001 0.002 0.003 0.002 0.002 0.001 0.006 0.005 0.001 0.001 0.008 

Locus 15 : 
12 alleles
2.2% missing data
 171   (0.308) 0.171 0.164 0.175 0.419 0.424 0.545 0.269 0.311 0.355 0.224 0.417 
 177   (0.187) 0.050 0.086 0.333 0.186 0.232 0.218 0.229 0.078 0.073 0.365 0.152 
 173   (0.258) 0.066 0.644 0.277 0.279 0.136 0.139 0.373 0.488 0.519 0.079 0.227 
 179   (0.108) 0.580 0.059 0.053 0.072 0.173 0.033 0.047 0.107 0.011 0.316 0.095 
 183   (0.020) 0.009 0.015 0.003 0.027 0.008 0.003 0.006 0.006 0.002 0.002 0.005 
 181   (0.035) 0.117 0.007 0.010 0.006 0.005 0.006 0.008 0.003 0.032 0.004 0.076 
 197   (0.015) 0.001 0.002 0.086 0.002 0.002 0.002 0.008 0.001 0.001 0.001 0.003 
 170   (0.013) 0.001 0.002 0.003 0.002 0.003 0.002 0.031 0.001 0.001 0.001 0.005 
 189   (0.014) 0.001 0.016 0.004 0.002 0.002 0.002 0.007 0.001 0.001 0.004 0.010 
 203   (0.013) 0.001 0.001 0.053 0.002 0.002 0.001 0.003 0.001 0.001 0.001 0.002 
 187   (0.017) 0.001 0.002 0.002 0.002 0.012 0.023 0.015 0.001 0.001 0.002 0.005 
 198   (0.012) 0.001 0.002 0.002 0.002 0.002 0.028 0.002 0.001 0.001 0.001 0.002 

Values of parameters used in structure:
DATAFILE=STRUCTURE_main_final_278_HEG_ZG.str,	OUTFILE=STRUCTURE_main_final_278_HEG_ZG-K11-9,	NUMINDS=278,	NUMLOCI=15,	MISSING=-9,	LABEL=1,	POPDATA=1,	POPFLAG=0,	PHENOTYPE=0,	EXTRACOLS=0,	MAXPOPS=11,	BURNIN=100000,	NUMREPS=500000,	USEPOPINFO=0,	INFERALPHA=1,	INFERLAMBDA=0,	POPSPECIFICLAMBDA=0,	POPALPHAS=0,	COMPUTEPROB=1,	NOADMIX=0,	ADMBURNIN=2500,	UPDATEFREQ=1,	PRINTLIKES=0,	INTERMEDSAVE=0,	PRINTKLD=0,	PRINTNET=0,	PRINTLAMBDA=0,	ANCESTDIST=0,	NUMBOXES=1000,	ANCESTPINT=0.90000,	GENSBACK=2,	MIGRPRIOR=0.05000,	PRINTQHAT=0,	PRINTQSUM=0,	ALPHA=1.0000,	FREQSCORR=1,	FPRIORMEAN=0.0100,	FPRIORSD=0.0500,	ONEFST=0,	LAMBDA=1.0000,	UNIFPRIORALPHA=1,	ALPHAMAX=10.0000,	ALPHAPRIORA=1.0000,	ALPHAPRIORB=2.0000,	ALPHAPROPSD=0.0250,	STARTATPOPINFO=0,	RANDOMIZE=1,	LINKAGE=0,	METROFREQ=10,	REPORTHITRATE=0,	MARKOVPHASE=-1,	PHASED=0,	PLOIDY=2,	PHASEINFO=0	LOCPRIOR=0, 	LOCPRIORINIT=1.000000, 	LOCDATA=0, 	LOCISPOP=0, 	LOCPRIORSTEP=0.100000, 	MAXLOCPRIOR=20.000000, 	SEED=1782486041,	
[STRAT parameters]:    NUMSIMSTATS=1000,	PHENOTYPECOL=-9,	POOLFREQ=10,	LOCUSxONLY=0,	EMERROR=0.00100,	MISSINGPHENO=-9,	