

----------------------------------------------------
STRUCTURE by Pritchard, Stephens and Donnelly (2000)
     and Falush, Stephens and Pritchard (2003)
       Code by Pritchard, Falush and Hubisz
             Version 2.3.4 (Jul 2012)
----------------------------------------------------



Command line arguments:   structure -K 10 -i STRUCTURE_main_final_278_HEG_ZG.str -o STRUCTURE_main_final_278_HEG_ZG-K10-12 
Input File:    STRUCTURE_main_final_278_HEG_ZG.str

Run parameters:
   278 individuals
   15 loci
   10 populations assumed
   100000 Burn-in period
   500000 Reps


--------------------------------------------
Proportion of membership of each pre-defined
 population in each of the 10 clusters

Given    Inferred Clusters                                                        Number of
 Pop       1      2      3      4      5      6      7      8      9     10      Individuals

  1:     0.087  0.067  0.015  0.017  0.604  0.014  0.014  0.039  0.105  0.038       24
  2:     0.018  0.055  0.015  0.046  0.017  0.037  0.735  0.036  0.028  0.014       24
  3:     0.048  0.009  0.283  0.258  0.018  0.246  0.010  0.030  0.014  0.082       24
  4:     0.048  0.038  0.154  0.033  0.056  0.048  0.023  0.546  0.020  0.032       24
  5:     0.021  0.046  0.500  0.014  0.021  0.101  0.026  0.189  0.036  0.045       24
  6:     0.014  0.229  0.070  0.022  0.462  0.030  0.023  0.089  0.012  0.048       24
  7:     0.020  0.748  0.019  0.009  0.060  0.017  0.031  0.050  0.036  0.010       24
  8:     0.079  0.011  0.673  0.050  0.020  0.016  0.013  0.067  0.054  0.018       14
  9:     0.062  0.006  0.033  0.034  0.036  0.030  0.017  0.017  0.320  0.445       24
 10:     0.636  0.013  0.026  0.164  0.012  0.039  0.008  0.011  0.037  0.055       24
 11:     0.270  0.011  0.025  0.334  0.018  0.080  0.008  0.033  0.059  0.162       24
 12:     0.048  0.107  0.087  0.077  0.268  0.046  0.020  0.223  0.113  0.010       24
--------------------------------------------

Allele-freq. divergence among pops (Net nucleotide distance),
computed using point estimates of P.

      1       2       3       4       5       6       7       8       9      10      
 1      -    0.1352  0.0577  0.0791  0.0677  0.1090  0.1119  0.0704  0.0653  0.0559  
 2   0.1352     -    0.0780  0.0891  0.0671  0.1239  0.1032  0.0675  0.0873  0.1189  
 3   0.0577  0.0780     -    0.0705  0.0341  0.0699  0.0649  0.0369  0.0528  0.0553  
 4   0.0791  0.0891  0.0705     -    0.0868  0.1121  0.1304  0.0917  0.0870  0.0747  
 5   0.0677  0.0671  0.0341  0.0868     -    0.0878  0.0677  0.0351  0.0429  0.0598  
 6   0.1090  0.1239  0.0699  0.1121  0.0878     -    0.1145  0.0856  0.0899  0.1118  
 7   0.1119  0.1032  0.0649  0.1304  0.0677  0.1145     -    0.0768  0.0968  0.0921  
 8   0.0704  0.0675  0.0369  0.0917  0.0351  0.0856  0.0768     -    0.0468  0.0768  
 9   0.0653  0.0873  0.0528  0.0870  0.0429  0.0899  0.0968  0.0468     -    0.0736  
10   0.0559  0.1189  0.0553  0.0747  0.0598  0.1118  0.0921  0.0768  0.0736     -    

Average distances (expected heterozygosity) between individuals in same cluster:
cluster  1  : 0.6043 
cluster  2  : 0.5492 
cluster  3  : 0.6290 
cluster  4  : 0.5501 
cluster  5  : 0.6161 
cluster  6  : 0.5824 
cluster  7  : 0.6132 
cluster  8  : 0.6021 
cluster  9  : 0.5938 
cluster 10  : 0.5999 

--------------------------------------------
Estimated Ln Prob of Data   = -12238.9
Mean value of ln likelihood = -11577.0
Variance of ln likelihood   = 1323.7
Mean value of alpha         = 0.0474

Mean value of Fst_1         = 0.1562
Mean value of Fst_2         = 0.1999
Mean value of Fst_3         = 0.0644
Mean value of Fst_4         = 0.2130
Mean value of Fst_5         = 0.0904
Mean value of Fst_6         = 0.1940
Mean value of Fst_7         = 0.1944
Mean value of Fst_8         = 0.1061
Mean value of Fst_9         = 0.1542
Mean value of Fst_10         = 0.1543


Inferred ancestry of individuals:
        Label (%Miss) Pop:  Inferred clusters
  1 24.0601.E1    (0)    1 :  0.007 0.012 0.006 0.012 0.910 0.011 0.014 0.008 0.009 0.010 
  2 24.0602.E1    (0)    1 :  0.014 0.009 0.009 0.008 0.902 0.009 0.004 0.006 0.019 0.018 
  3 24.0603.E1    (0)    1 :  0.005 0.021 0.048 0.006 0.855 0.007 0.005 0.025 0.011 0.018 
  4 24.0604.E1    (0)    1 :  0.046 0.005 0.005 0.005 0.643 0.148 0.008 0.109 0.025 0.006 
  5 24.0605.E1    (0)    1 :  0.008 0.033 0.010 0.012 0.840 0.006 0.007 0.030 0.018 0.035 
  6 24.0606.E1    (0)    1 :  0.021 0.020 0.014 0.006 0.735 0.005 0.010 0.153 0.008 0.028 
  7 24.0607.E1    (0)    1 :  0.011 0.157 0.045 0.008 0.055 0.010 0.006 0.013 0.675 0.019 
  8 24.0608.E1    (0)    1 :  0.039 0.113 0.007 0.135 0.649 0.007 0.003 0.007 0.022 0.017 
  9 24.0609.E1    (0)    1 :  0.459 0.006 0.025 0.013 0.188 0.008 0.005 0.228 0.059 0.010 
 10 24.0610.E1    (0)    1 :  0.412 0.009 0.017 0.005 0.475 0.005 0.005 0.054 0.009 0.010 
 11 24.0611.E1    (0)    1 :  0.031 0.006 0.007 0.005 0.845 0.005 0.007 0.024 0.013 0.057 
 12 24.0612.E1    (0)    1 :  0.008 0.016 0.012 0.005 0.904 0.017 0.009 0.007 0.011 0.010 
 13 24.0613.E1    (0)    1 :  0.018 0.005 0.006 0.005 0.909 0.005 0.007 0.033 0.007 0.005 
 14 24.0614.E1    (0)    1 :  0.010 0.346 0.006 0.065 0.174 0.006 0.006 0.009 0.011 0.368 
 15 24.0615.E1    (0)    1 :  0.172 0.062 0.012 0.019 0.563 0.020 0.016 0.011 0.104 0.021 
 16 24.0616.E1    (0)    1 :  0.011 0.005 0.007 0.005 0.909 0.006 0.014 0.009 0.028 0.006 
 17 24.0617.E1    (0)    1 :  0.591 0.023 0.015 0.008 0.262 0.006 0.029 0.015 0.034 0.017 
 18 24.0618.E1    (0)    1 :  0.059 0.005 0.038 0.018 0.774 0.005 0.009 0.029 0.011 0.052 
 19 24.0619.E1    (0)    1 :  0.011 0.005 0.008 0.004 0.297 0.004 0.028 0.018 0.617 0.008 
 20 24.0620.E1   (20)    1 :  0.047 0.704 0.023 0.009 0.034 0.011 0.012 0.089 0.056 0.015 
 21 24.0621.E1    (0)    1 :  0.060 0.006 0.013 0.037 0.054 0.008 0.005 0.017 0.683 0.117 
 22 24.0622.E1    (0)    1 :  0.010 0.009 0.015 0.006 0.909 0.005 0.020 0.015 0.007 0.005 
 23 24.0623.E1    (0)    1 :  0.037 0.018 0.017 0.013 0.658 0.011 0.108 0.016 0.066 0.057 
 24 24.0624.E1    (0)    1 :  0.011 0.006 0.007 0.005 0.943 0.004 0.006 0.005 0.005 0.010 
 25 24.0625.E1    (0)    2 :  0.009 0.059 0.020 0.186 0.013 0.039 0.565 0.051 0.004 0.055 
 26 24.0626.E1    (0)    2 :  0.003 0.035 0.004 0.129 0.004 0.004 0.809 0.004 0.004 0.005 
 27 24.0627.E1    (0)    2 :  0.005 0.020 0.007 0.012 0.007 0.394 0.487 0.033 0.029 0.006 
 28 24.0628.E1    (0)    2 :  0.087 0.116 0.015 0.168 0.033 0.006 0.484 0.064 0.017 0.009 
 29 24.0629.E1    (0)    2 :  0.010 0.005 0.028 0.007 0.068 0.009 0.850 0.007 0.009 0.007 
 30 24.0630.E1    (0)    2 :  0.005 0.092 0.005 0.053 0.005 0.007 0.808 0.012 0.006 0.008 
 31 24.0631.E1    (0)    2 :  0.003 0.004 0.004 0.003 0.005 0.004 0.968 0.003 0.003 0.004 
 32 24.0632.E1    (0)    2 :  0.006 0.031 0.011 0.005 0.007 0.010 0.915 0.006 0.005 0.005 
 33 24.0633.E1    (0)    2 :  0.008 0.040 0.020 0.410 0.013 0.006 0.449 0.022 0.007 0.025 
 34 24.0634.E1    (0)    2 :  0.010 0.006 0.010 0.019 0.009 0.008 0.899 0.009 0.006 0.024 
 35 24.0635.E1    (0)    2 :  0.039 0.021 0.093 0.033 0.025 0.022 0.632 0.020 0.020 0.096 
 36 24.0636.E1   (33)    2 :  0.011 0.704 0.023 0.009 0.030 0.022 0.068 0.117 0.009 0.008 
 37 24.0637.E1    (0)    2 :  0.003 0.007 0.005 0.003 0.004 0.004 0.959 0.005 0.004 0.005 
 38 24.0638.E1    (0)    2 :  0.006 0.005 0.030 0.006 0.009 0.012 0.897 0.023 0.009 0.005 
 39 24.0639.E1    (0)    2 :  0.087 0.015 0.020 0.009 0.041 0.026 0.777 0.008 0.010 0.007 
 40 24.0640.E1    (0)    2 :  0.007 0.005 0.007 0.006 0.008 0.005 0.935 0.007 0.005 0.015 
 41 24.0641.E1    (0)    2 :  0.015 0.019 0.017 0.010 0.033 0.008 0.436 0.008 0.442 0.012 
 42 24.0642.E1    (0)    2 :  0.004 0.034 0.006 0.005 0.052 0.007 0.587 0.296 0.006 0.004 
 43 24.0643.E1    (0)    2 :  0.011 0.063 0.017 0.006 0.008 0.266 0.606 0.008 0.005 0.010 
 44 24.0644.E1    (0)    2 :  0.030 0.005 0.006 0.005 0.008 0.005 0.903 0.016 0.018 0.006 
 45 24.0645.E1    (0)    2 :  0.031 0.018 0.006 0.004 0.011 0.006 0.777 0.112 0.031 0.005 
 46 24.0646.E1    (0)    2 :  0.029 0.005 0.006 0.005 0.007 0.004 0.903 0.015 0.018 0.006 
 47 24.0647.E1    (0)    2 :  0.003 0.007 0.005 0.003 0.004 0.004 0.959 0.005 0.004 0.006 
 48 24.0648.E1    (0)    2 :  0.003 0.007 0.005 0.003 0.004 0.004 0.959 0.005 0.004 0.005 
 49 24.0649.E1    (0)    3 :  0.014 0.003 0.928 0.010 0.005 0.009 0.006 0.007 0.006 0.010 
 50 24.0650.E1    (0)    3 :  0.110 0.004 0.028 0.152 0.018 0.010 0.004 0.407 0.008 0.259 
 51 24.0651.E1    (0)    3 :  0.008 0.036 0.233 0.065 0.008 0.064 0.068 0.026 0.015 0.476 
 52 24.0652.E1    (0)    3 :  0.005 0.005 0.046 0.864 0.035 0.014 0.006 0.007 0.011 0.008 
 53 24.0653.E1    (0)    3 :  0.022 0.006 0.042 0.018 0.005 0.857 0.005 0.009 0.028 0.010 
 54 24.0654.E1    (0)    3 :  0.030 0.004 0.243 0.669 0.008 0.009 0.014 0.008 0.009 0.006 
 55 24.0655.E1    (0)    3 :  0.020 0.007 0.404 0.405 0.040 0.010 0.027 0.012 0.009 0.066 
 56 24.0656.E1    (0)    3 :  0.011 0.010 0.014 0.912 0.008 0.013 0.005 0.015 0.006 0.005 
 57 24.0657.E1    (0)    3 :  0.012 0.010 0.017 0.905 0.008 0.014 0.006 0.017 0.006 0.006 
 58 24.0658.E1    (0)    3 :  0.139 0.006 0.722 0.006 0.023 0.054 0.006 0.023 0.011 0.010 
 59 24.0659.E1    (0)    3 :  0.026 0.004 0.089 0.107 0.059 0.396 0.010 0.015 0.006 0.289 
 60 24.0660.E1    (6)    3 :  0.006 0.006 0.908 0.010 0.021 0.009 0.012 0.013 0.009 0.007 
 61 24.0661.E1    (0)    3 :  0.005 0.006 0.022 0.925 0.010 0.007 0.005 0.005 0.007 0.009 
 62 24.0662.E1    (0)    3 :  0.019 0.021 0.046 0.041 0.053 0.127 0.013 0.015 0.013 0.652 
 63 24.0663.E1    (0)    3 :  0.619 0.005 0.157 0.082 0.007 0.007 0.010 0.046 0.015 0.051 
 64 24.0664.E1    (0)    3 :  0.019 0.020 0.477 0.422 0.007 0.010 0.010 0.010 0.022 0.005 
 65 24.0665.E1    (0)    3 :  0.005 0.042 0.353 0.476 0.007 0.050 0.007 0.033 0.020 0.007 
 66 24.0666.E1    (0)    3 :  0.008 0.004 0.007 0.007 0.007 0.946 0.005 0.008 0.006 0.004 
 67 24.0667.E1    (0)    3 :  0.004 0.004 0.014 0.006 0.008 0.948 0.003 0.005 0.004 0.004 
 68 24.0668.E1    (0)    3 :  0.004 0.003 0.004 0.004 0.003 0.967 0.004 0.004 0.004 0.003 
 69 24.0669.E1    (0)    3 :  0.004 0.004 0.005 0.004 0.004 0.961 0.004 0.004 0.008 0.003 
 70 24.0670.E1    (0)    3 :  0.027 0.005 0.894 0.011 0.010 0.023 0.003 0.004 0.004 0.019 
 71 24.0671.E1    (0)    3 :  0.033 0.007 0.787 0.083 0.008 0.010 0.011 0.013 0.006 0.042 
 72 24.0672.E1    (0)    3 :  0.009 0.006 0.350 0.013 0.076 0.395 0.006 0.022 0.101 0.022 
 73 24.0673.E1    (6)    4 :  0.008 0.096 0.020 0.457 0.129 0.008 0.022 0.225 0.007 0.029 
 74 24.0674.E1    (0)    4 :  0.008 0.019 0.006 0.005 0.012 0.004 0.008 0.893 0.006 0.038 
 75 24.0675.E1    (0)    4 :  0.029 0.023 0.027 0.022 0.023 0.010 0.026 0.779 0.012 0.050 
 76 24.0676.E1    (0)    4 :  0.145 0.022 0.045 0.015 0.013 0.006 0.007 0.707 0.015 0.023 
 77 24.0677.E1    (0)    4 :  0.027 0.010 0.778 0.033 0.036 0.016 0.004 0.016 0.059 0.021 
 78 24.0678.E1    (0)    4 :  0.008 0.012 0.190 0.044 0.448 0.102 0.071 0.024 0.082 0.020 
 79 24.0679.E1    (0)    4 :  0.277 0.009 0.135 0.010 0.162 0.050 0.015 0.304 0.014 0.024 
 80 24.0680.E1    (0)    4 :  0.008 0.012 0.509 0.024 0.071 0.142 0.035 0.087 0.101 0.011 
 81 24.0681.E1    (0)    4 :  0.007 0.017 0.229 0.010 0.040 0.017 0.008 0.648 0.012 0.013 
 82 24.0682.E1    (0)    4 :  0.005 0.004 0.004 0.003 0.004 0.004 0.004 0.962 0.007 0.003 
 83 24.0683.E1    (0)    4 :  0.004 0.104 0.006 0.006 0.013 0.007 0.006 0.822 0.008 0.023 
 84 24.0684.E1    (0)    4 :  0.025 0.030 0.044 0.006 0.078 0.010 0.032 0.740 0.025 0.009 
 85 24.0685.E1    (0)    4 :  0.014 0.016 0.008 0.005 0.011 0.048 0.006 0.878 0.007 0.006 
 86 24.0686.E1    (0)    4 :  0.013 0.015 0.593 0.005 0.059 0.016 0.057 0.052 0.008 0.182 
 87 24.0687.E1    (0)    4 :  0.023 0.018 0.398 0.008 0.033 0.007 0.156 0.122 0.009 0.227 
 88 24.0688.E1    (0)    4 :  0.004 0.005 0.008 0.005 0.006 0.004 0.007 0.951 0.007 0.004 
 89 24.0689.E1    (0)    4 :  0.382 0.032 0.335 0.030 0.027 0.006 0.016 0.133 0.025 0.013 
 90 24.0690.E1    (0)    4 :  0.006 0.035 0.158 0.022 0.025 0.636 0.029 0.047 0.007 0.036 
 91 24.0691.E1    (0)    4 :  0.024 0.006 0.012 0.005 0.021 0.009 0.006 0.907 0.004 0.006 
 92 24.0692.E1    (0)    4 :  0.021 0.008 0.068 0.005 0.005 0.008 0.005 0.869 0.007 0.005 
 93 24.0693.E1    (0)    4 :  0.043 0.398 0.100 0.060 0.011 0.016 0.008 0.338 0.009 0.016 
 94 24.0694.E1    (0)    4 :  0.006 0.008 0.008 0.005 0.007 0.011 0.007 0.936 0.007 0.004 
 95 24.0695.E1    (0)    4 :  0.039 0.007 0.010 0.010 0.087 0.015 0.006 0.778 0.042 0.006 
 96 24.0696.E1    (0)    4 :  0.013 0.008 0.014 0.005 0.023 0.011 0.014 0.893 0.010 0.009 
 97 24.0697.E1    (0)    5 :  0.012 0.086 0.735 0.007 0.006 0.007 0.013 0.107 0.011 0.017 
 98 24.0698.E1    (0)    5 :  0.021 0.092 0.743 0.008 0.020 0.042 0.017 0.021 0.011 0.023 
 99 24.0699.E1    (0)    5 :  0.005 0.009 0.919 0.007 0.014 0.010 0.009 0.006 0.009 0.012 
100 24.0700.E1    (0)    5 :  0.007 0.007 0.920 0.007 0.006 0.011 0.005 0.020 0.005 0.012 
101 24.0701.E1    (0)    5 :  0.010 0.032 0.015 0.006 0.007 0.890 0.010 0.008 0.014 0.008 
102 24.0702.E1    (0)    5 :  0.009 0.027 0.857 0.008 0.010 0.042 0.014 0.013 0.013 0.007 
103 24.0703.E1    (0)    5 :  0.006 0.007 0.728 0.005 0.011 0.023 0.043 0.007 0.007 0.164 
104 24.0704.E1    (6)    5 :  0.009 0.008 0.655 0.005 0.014 0.007 0.010 0.013 0.253 0.026 
105 24.0705.E1    (0)    5 :  0.013 0.008 0.040 0.007 0.017 0.033 0.010 0.839 0.024 0.009 
106 24.0706.E1    (0)    5 :  0.010 0.012 0.855 0.017 0.007 0.018 0.009 0.027 0.041 0.006 
107 24.0707.E1    (0)    5 :  0.005 0.017 0.811 0.011 0.025 0.008 0.021 0.040 0.029 0.034 
108 24.0708.E1    (0)    5 :  0.127 0.025 0.031 0.016 0.032 0.025 0.179 0.039 0.015 0.511 
109 24.0709.E1    (0)    5 :  0.040 0.006 0.025 0.014 0.011 0.009 0.009 0.817 0.053 0.016 
110 24.0710.E1    (0)    5 :  0.030 0.042 0.459 0.007 0.052 0.077 0.008 0.230 0.029 0.067 
111 24.0711.E1    (0)    5 :  0.006 0.016 0.690 0.009 0.072 0.032 0.053 0.044 0.070 0.007 
112 24.0712.E1    (0)    5 :  0.008 0.015 0.056 0.007 0.021 0.780 0.048 0.046 0.006 0.012 
113 24.0713.E1    (0)    5 :  0.036 0.016 0.291 0.008 0.010 0.012 0.009 0.526 0.074 0.018 
114 24.0714.E1    (0)    5 :  0.018 0.009 0.792 0.012 0.031 0.011 0.013 0.027 0.064 0.023 
115 24.0715.E1    (0)    5 :  0.011 0.393 0.389 0.033 0.030 0.019 0.008 0.102 0.009 0.006 
116 24.0716.E1    (0)    5 :  0.048 0.012 0.494 0.009 0.059 0.287 0.035 0.018 0.015 0.022 
117 24.0717.E1    (0)    5 :  0.022 0.248 0.447 0.108 0.015 0.015 0.044 0.018 0.024 0.060 
118 24.0718.E1    (0)    5 :  0.008 0.011 0.722 0.005 0.020 0.046 0.031 0.142 0.008 0.007 
119 24.0719.E1    (0)    5 :  0.019 0.006 0.017 0.008 0.006 0.011 0.014 0.853 0.061 0.006 
120 24.0720.E1    (0)    5 :  0.020 0.006 0.319 0.009 0.017 0.012 0.015 0.576 0.019 0.007 
121 24.0721.E1    (0)    6 :  0.028 0.568 0.110 0.089 0.011 0.024 0.012 0.061 0.006 0.091 
122 24.0722.E1    (0)    6 :  0.012 0.557 0.039 0.009 0.021 0.079 0.079 0.058 0.006 0.140 
123 24.0723.E1    (0)    6 :  0.016 0.331 0.015 0.158 0.024 0.008 0.131 0.010 0.005 0.301 
124 24.0724.E1    (0)    6 :  0.053 0.090 0.025 0.010 0.215 0.014 0.044 0.225 0.025 0.299 
125 24.0725.E1    (0)    6 :  0.007 0.007 0.009 0.016 0.923 0.007 0.008 0.010 0.007 0.005 
126 24.0726.E1    (6)    6 :  0.007 0.090 0.013 0.007 0.646 0.008 0.008 0.196 0.007 0.017 
127 24.0727.E1    (0)    6 :  0.014 0.452 0.031 0.034 0.261 0.093 0.021 0.022 0.008 0.064 
128 24.0728.E1    (0)    6 :  0.012 0.175 0.326 0.034 0.359 0.012 0.035 0.018 0.007 0.022 
129 24.0729.E1    (0)    6 :  0.020 0.039 0.014 0.005 0.698 0.038 0.012 0.148 0.015 0.010 
130 24.0730.E1    (0)    6 :  0.023 0.040 0.800 0.010 0.066 0.015 0.010 0.019 0.010 0.008 
131 24.0731.E1    (0)    6 :  0.007 0.070 0.009 0.017 0.171 0.004 0.014 0.689 0.006 0.013 
132 24.0732.E1    (0)    6 :  0.004 0.765 0.014 0.027 0.057 0.013 0.009 0.101 0.007 0.005 
133 24.0733.E1    (0)    6 :  0.006 0.016 0.005 0.004 0.944 0.003 0.006 0.008 0.004 0.004 
134 24.0734.E1    (0)    6 :  0.007 0.810 0.078 0.009 0.033 0.013 0.011 0.008 0.005 0.026 
135 24.0735.E1    (0)    6 :  0.024 0.191 0.042 0.010 0.640 0.014 0.047 0.018 0.007 0.008 
136 24.0736.E1    (0)    6 :  0.006 0.039 0.008 0.007 0.909 0.005 0.008 0.007 0.007 0.005 
137 24.0737.E1    (0)    6 :  0.007 0.007 0.016 0.009 0.871 0.009 0.020 0.011 0.005 0.045 
138 24.0738.E1    (0)    6 :  0.005 0.024 0.014 0.007 0.908 0.009 0.010 0.007 0.008 0.008 
139 24.0739.E1    (0)    6 :  0.006 0.005 0.016 0.008 0.927 0.006 0.013 0.008 0.005 0.007 
140 24.0740.E1    (0)    6 :  0.018 0.009 0.014 0.006 0.759 0.010 0.019 0.118 0.042 0.005 
141 24.0741.E1    (0)    6 :  0.009 0.368 0.044 0.013 0.445 0.006 0.017 0.081 0.008 0.009 
142 24.0742.E1    (0)    6 :  0.007 0.681 0.011 0.006 0.230 0.008 0.010 0.023 0.008 0.016 
143 24.0743.E1    (0)    6 :  0.015 0.033 0.012 0.007 0.601 0.020 0.005 0.222 0.049 0.036 
144 24.0744.E1    (0)    6 :  0.026 0.123 0.022 0.017 0.382 0.309 0.012 0.064 0.028 0.018 
145 24.0745.E1    (0)    7 :  0.007 0.885 0.012 0.018 0.004 0.026 0.004 0.021 0.016 0.006 
146 24.0746.E1    (0)    7 :  0.011 0.618 0.041 0.008 0.042 0.009 0.074 0.052 0.076 0.068 
147 24.0747.E1    (0)    7 :  0.028 0.659 0.012 0.010 0.029 0.013 0.011 0.150 0.084 0.005 
148 24.0748.E1    (6)    7 :  0.038 0.556 0.011 0.026 0.029 0.012 0.009 0.195 0.118 0.005 
149 24.0749.E1    (0)    7 :  0.006 0.713 0.008 0.004 0.231 0.007 0.007 0.008 0.006 0.010 
150 24.0750.E1    (0)    7 :  0.018 0.304 0.099 0.012 0.273 0.027 0.013 0.179 0.043 0.032 
151 24.0751.E1    (0)    7 :  0.004 0.955 0.005 0.005 0.007 0.004 0.006 0.005 0.005 0.004 
152 24.0752.E1    (0)    7 :  0.007 0.892 0.011 0.011 0.038 0.004 0.007 0.010 0.016 0.004 
153 24.0753.E1    (0)    7 :  0.004 0.489 0.007 0.029 0.231 0.009 0.200 0.012 0.009 0.010 
154 24.0754.E1    (0)    7 :  0.006 0.895 0.008 0.009 0.025 0.006 0.017 0.023 0.006 0.005 
155 24.0755.E1    (0)    7 :  0.048 0.741 0.029 0.006 0.016 0.008 0.025 0.077 0.045 0.005 
156 24.0756.E1    (0)    7 :  0.014 0.927 0.005 0.005 0.010 0.004 0.009 0.006 0.013 0.007 
157 24.0757.E1    (0)    7 :  0.003 0.969 0.004 0.003 0.003 0.004 0.004 0.004 0.004 0.003 
158 24.0758.E1    (0)    7 :  0.003 0.968 0.004 0.003 0.004 0.004 0.004 0.004 0.004 0.003 
159 24.0759.E1    (0)    7 :  0.005 0.916 0.009 0.013 0.022 0.009 0.006 0.007 0.009 0.005 
160 24.0760.E1    (0)    7 :  0.006 0.610 0.042 0.008 0.010 0.009 0.279 0.021 0.008 0.007 
161 24.0761.E1    (0)    7 :  0.005 0.955 0.004 0.005 0.006 0.003 0.008 0.005 0.004 0.005 
162 24.0762.E1    (0)    7 :  0.226 0.091 0.089 0.009 0.225 0.211 0.009 0.041 0.087 0.011 
163 24.0763.E1    (0)    7 :  0.004 0.950 0.004 0.007 0.007 0.003 0.004 0.013 0.005 0.004 
164 24.0764.E1    (0)    7 :  0.005 0.947 0.007 0.004 0.011 0.004 0.008 0.005 0.006 0.004 
165 24.0765.E1    (0)    7 :  0.010 0.895 0.007 0.007 0.006 0.004 0.023 0.018 0.009 0.020 
166 24.0766.E1    (0)    7 :  0.004 0.940 0.007 0.009 0.009 0.005 0.006 0.008 0.006 0.005 
167 24.0767.E1    (0)    7 :  0.003 0.963 0.004 0.004 0.004 0.003 0.004 0.006 0.004 0.005 
168 24.0768.E1    (0)    7 :  0.025 0.102 0.021 0.009 0.206 0.007 0.005 0.330 0.287 0.009 
169 24.0779.E1    (0)    8 :  0.008 0.041 0.790 0.013 0.016 0.009 0.007 0.042 0.031 0.044 
170 24.0780.E1    (6)    8 :  0.098 0.004 0.797 0.033 0.009 0.008 0.006 0.026 0.007 0.014 
171 24.0781.E1    (0)    8 :  0.007 0.005 0.952 0.006 0.004 0.004 0.005 0.007 0.005 0.006 
172 24.0782.E1    (0)    8 :  0.029 0.028 0.218 0.045 0.130 0.009 0.040 0.453 0.014 0.034 
173 24.0783.E1    (0)    8 :  0.621 0.007 0.187 0.011 0.011 0.021 0.020 0.097 0.016 0.008 
174 24.0784.E1    (0)    8 :  0.021 0.004 0.878 0.006 0.008 0.004 0.005 0.026 0.008 0.039 
175 24.0785.E1    (0)    8 :  0.029 0.004 0.843 0.059 0.005 0.011 0.004 0.010 0.015 0.019 
176 24.0786.E1    (0)    8 :  0.105 0.008 0.733 0.018 0.020 0.008 0.008 0.071 0.019 0.009 
177 24.0787.E1    (0)    8 :  0.010 0.011 0.883 0.021 0.011 0.006 0.030 0.011 0.007 0.011 
178 24.0788.E1    (0)    8 :  0.107 0.006 0.773 0.021 0.005 0.008 0.026 0.035 0.009 0.010 
179 24.0789.E1    (0)    8 :  0.024 0.006 0.868 0.010 0.022 0.006 0.017 0.008 0.011 0.027 
180 24.0790.E1    (0)    8 :  0.011 0.004 0.923 0.020 0.004 0.006 0.006 0.006 0.009 0.012 
181 24.0791.E1    (0)    8 :  0.024 0.010 0.199 0.025 0.017 0.097 0.006 0.024 0.593 0.005 
182 24.0792.E1    (0)    8 :  0.008 0.015 0.378 0.412 0.014 0.026 0.004 0.121 0.011 0.010 
183 24.0793.E1    (0)    9 :  0.108 0.007 0.110 0.049 0.046 0.009 0.073 0.011 0.074 0.513 
184 24.0794.E1    (0)    9 :  0.036 0.007 0.017 0.235 0.483 0.006 0.006 0.006 0.011 0.194 
185 24.0795.E1    (0)    9 :  0.011 0.014 0.007 0.005 0.090 0.006 0.009 0.018 0.014 0.826 
186 24.0796.E1    (0)    9 :  0.359 0.005 0.174 0.213 0.063 0.005 0.009 0.008 0.051 0.112 
187 24.0797.E1    (0)    9 :  0.120 0.003 0.144 0.059 0.017 0.006 0.009 0.008 0.017 0.617 
188 24.0798.E1    (0)    9 :  0.010 0.018 0.015 0.060 0.008 0.340 0.017 0.022 0.033 0.478 
189 24.0799.E1    (0)    9 :  0.007 0.005 0.006 0.005 0.007 0.005 0.006 0.005 0.951 0.005 
190 24.0800.E1    (0)    9 :  0.016 0.004 0.006 0.006 0.007 0.005 0.004 0.009 0.938 0.004 
191 24.0801.E1    (0)    9 :  0.005 0.004 0.007 0.010 0.004 0.214 0.007 0.009 0.735 0.005 
192 24.0802.E1    (0)    9 :  0.008 0.004 0.006 0.004 0.005 0.006 0.008 0.006 0.005 0.948 
193 24.0803.E1    (0)    9 :  0.008 0.005 0.010 0.007 0.009 0.014 0.009 0.006 0.609 0.324 
194 24.0804.E1    (0)    9 :  0.079 0.003 0.008 0.008 0.011 0.004 0.011 0.010 0.014 0.851 
195 24.0805.E1    (0)    9 :  0.005 0.006 0.008 0.006 0.006 0.005 0.004 0.021 0.921 0.018 
196 24.0806.E1    (0)    9 :  0.005 0.006 0.007 0.007 0.007 0.006 0.027 0.006 0.015 0.913 
197 24.0807.E1    (0)    9 :  0.016 0.003 0.010 0.016 0.006 0.009 0.007 0.009 0.010 0.914 
198 24.0808.E1    (0)    9 :  0.030 0.005 0.114 0.017 0.014 0.005 0.020 0.053 0.696 0.048 
199 24.0809.E1    (0)    9 :  0.013 0.005 0.005 0.004 0.007 0.005 0.004 0.013 0.939 0.005 
200 24.0810.E1    (0)    9 :  0.009 0.011 0.011 0.015 0.009 0.006 0.015 0.031 0.746 0.148 
201 24.0811.E1    (0)    9 :  0.012 0.005 0.010 0.016 0.010 0.004 0.010 0.007 0.004 0.922 
202 24.0812.E1    (0)    9 :  0.295 0.007 0.042 0.006 0.026 0.009 0.009 0.032 0.041 0.532 
203 24.0813.E1    (0)    9 :  0.021 0.006 0.053 0.007 0.008 0.004 0.011 0.080 0.092 0.718 
204 24.0814.E1    (6)    9 :  0.294 0.005 0.010 0.025 0.010 0.010 0.034 0.025 0.209 0.377 
205 24.0815.E1    (0)    9 :  0.012 0.007 0.007 0.009 0.005 0.016 0.095 0.007 0.538 0.305 
206 24.0816.E1    (0)    9 :  0.010 0.005 0.013 0.018 0.007 0.020 0.012 0.004 0.018 0.892 
207 24.0817.E1    (0)   10 :  0.747 0.006 0.022 0.057 0.017 0.008 0.005 0.011 0.040 0.087 
208 24.0818.E1    (0)   10 :  0.798 0.009 0.097 0.015 0.036 0.007 0.012 0.005 0.011 0.011 
209 24.0819.E1    (0)   10 :  0.012 0.061 0.007 0.351 0.009 0.051 0.013 0.011 0.479 0.007 
210 24.0820.E1    (0)   10 :  0.015 0.042 0.005 0.889 0.006 0.009 0.007 0.005 0.015 0.006 
211 24.0821.E1    (0)   10 :  0.152 0.007 0.200 0.274 0.017 0.239 0.014 0.017 0.031 0.051 
212 24.0822.E1    (0)   10 :  0.905 0.017 0.030 0.010 0.006 0.006 0.004 0.007 0.010 0.005 
213 24.0823.E1    (0)   10 :  0.360 0.027 0.006 0.549 0.008 0.011 0.009 0.010 0.015 0.005 
214 24.0824.E1    (0)   10 :  0.494 0.008 0.006 0.013 0.006 0.420 0.006 0.023 0.016 0.008 
215 24.0825.E1    (0)   10 :  0.955 0.005 0.004 0.005 0.004 0.005 0.004 0.008 0.005 0.005 
216 24.0826.E1    (0)   10 :  0.037 0.016 0.014 0.866 0.006 0.012 0.008 0.008 0.020 0.012 
217 24.0827.E1    (0)   10 :  0.764 0.004 0.022 0.114 0.041 0.007 0.008 0.010 0.009 0.021 
218 24.0828.E1    (0)   10 :  0.136 0.020 0.025 0.623 0.011 0.058 0.010 0.022 0.025 0.070 
219 24.0829.E1    (0)   10 :  0.647 0.010 0.009 0.011 0.005 0.010 0.006 0.013 0.062 0.225 
220 24.0830.E1    (0)   10 :  0.916 0.004 0.008 0.013 0.005 0.007 0.004 0.010 0.005 0.027 
221 24.0831.E1    (0)   10 :  0.907 0.004 0.032 0.010 0.005 0.008 0.005 0.009 0.008 0.012 
222 24.0832.E1    (0)   10 :  0.947 0.003 0.006 0.014 0.008 0.003 0.003 0.006 0.004 0.005 
223 24.0833.E1    (0)   10 :  0.960 0.004 0.004 0.007 0.004 0.004 0.003 0.006 0.004 0.005 
224 24.0834.E1    (0)   10 :  0.942 0.007 0.005 0.008 0.007 0.005 0.007 0.007 0.006 0.007 
225 24.0835.E1    (0)   10 :  0.924 0.004 0.007 0.006 0.012 0.008 0.006 0.006 0.022 0.005 
226 24.0836.E1    (0)   10 :  0.913 0.008 0.009 0.007 0.009 0.015 0.005 0.015 0.014 0.007 
227 24.0837.E1    (0)   10 :  0.942 0.005 0.008 0.006 0.006 0.006 0.004 0.007 0.009 0.006 
228 24.0838.E1    (0)   10 :  0.936 0.007 0.010 0.009 0.004 0.005 0.004 0.010 0.005 0.010 
229 24.0839.E1    (0)   10 :  0.375 0.022 0.084 0.023 0.045 0.020 0.030 0.024 0.065 0.311 
230 24.0840.E1    (0)   10 :  0.475 0.004 0.007 0.051 0.006 0.010 0.011 0.006 0.012 0.418 
231 24.0841.E1    (0)   11 :  0.010 0.008 0.020 0.018 0.006 0.004 0.003 0.009 0.006 0.916 
232 24.0842.E1    (0)   11 :  0.011 0.006 0.012 0.014 0.008 0.179 0.003 0.005 0.009 0.754 
233 24.0843.E1    (0)   11 :  0.022 0.019 0.014 0.429 0.005 0.206 0.005 0.007 0.009 0.285 
234 24.0844.E1    (0)   11 :  0.318 0.007 0.027 0.018 0.023 0.339 0.005 0.014 0.120 0.128 
235 24.0845.E1    (0)   11 :  0.753 0.005 0.086 0.030 0.008 0.023 0.005 0.018 0.008 0.063 
236 24.0846.E1    (0)   11 :  0.896 0.009 0.009 0.007 0.011 0.010 0.009 0.010 0.012 0.027 
237 24.0847.E1    (0)   11 :  0.796 0.014 0.008 0.015 0.033 0.019 0.007 0.058 0.038 0.012 
238 24.0848.E1    (0)   11 :  0.836 0.005 0.047 0.010 0.012 0.015 0.004 0.021 0.030 0.020 
239 24.0849.E1    (0)   11 :  0.007 0.004 0.005 0.953 0.006 0.004 0.003 0.004 0.008 0.006 
240 24.0850.E1    (0)   11 :  0.007 0.004 0.005 0.953 0.006 0.004 0.003 0.004 0.008 0.006 
241 24.0851.E1    (0)   11 :  0.007 0.004 0.005 0.953 0.006 0.004 0.003 0.004 0.008 0.006 
242 24.0852.E1    (0)   11 :  0.096 0.012 0.054 0.745 0.011 0.006 0.005 0.011 0.010 0.049 
243 24.0853.E1    (0)   11 :  0.413 0.010 0.006 0.509 0.005 0.005 0.007 0.010 0.009 0.026 
244 24.0854.E1    (0)   11 :  0.020 0.009 0.006 0.325 0.010 0.578 0.005 0.008 0.026 0.014 
245 24.0855.E1    (0)   11 :  0.738 0.010 0.014 0.024 0.007 0.011 0.006 0.014 0.026 0.151 
246 24.0856.E1    (0)   11 :  0.013 0.032 0.020 0.010 0.021 0.393 0.025 0.008 0.007 0.471 
247 24.0857.E1    (0)   11 :  0.566 0.009 0.019 0.021 0.021 0.013 0.010 0.019 0.307 0.014 
248 24.0858.E1    (0)   11 :  0.679 0.018 0.101 0.070 0.017 0.022 0.005 0.015 0.041 0.033 
249 24.0859.E1    (0)   11 :  0.013 0.016 0.011 0.886 0.011 0.008 0.009 0.007 0.026 0.012 
250 24.0860.E1    (0)   11 :  0.066 0.045 0.069 0.068 0.029 0.039 0.047 0.008 0.576 0.054 
251 24.0861.E1    (0)   11 :  0.019 0.005 0.008 0.922 0.006 0.005 0.004 0.004 0.008 0.019 
252 24.0862.E1    (0)   11 :  0.031 0.008 0.012 0.019 0.013 0.012 0.009 0.012 0.100 0.785 
253 24.0863.E1    (0)   11 :  0.019 0.005 0.008 0.923 0.006 0.005 0.004 0.004 0.008 0.019 
254 24.0864.E1    (0)   11 :  0.146 0.007 0.036 0.099 0.144 0.013 0.007 0.507 0.025 0.017 
255 24.0865.E1    (0)   12 :  0.010 0.031 0.018 0.816 0.041 0.005 0.019 0.041 0.007 0.011 
256 24.0866.E1    (0)   12 :  0.085 0.029 0.129 0.014 0.023 0.015 0.006 0.130 0.560 0.009 
257 24.0867.E1    (0)   12 :  0.031 0.121 0.012 0.161 0.011 0.011 0.025 0.476 0.142 0.009 
258 24.0868.E1    (0)   12 :  0.084 0.019 0.352 0.008 0.010 0.016 0.027 0.439 0.033 0.012 
259 24.0869.E1    (0)   12 :  0.051 0.005 0.014 0.010 0.007 0.004 0.034 0.834 0.031 0.010 
260 24.0870.E1    (0)   12 :  0.142 0.025 0.250 0.011 0.131 0.016 0.134 0.243 0.026 0.022 
261 24.0871.E1    (0)   12 :  0.026 0.007 0.094 0.086 0.062 0.014 0.052 0.596 0.014 0.050 
262 24.0872.E1    (0)   12 :  0.009 0.113 0.071 0.321 0.015 0.014 0.009 0.239 0.200 0.008 
263 24.0873.E1    (0)   12 :  0.016 0.012 0.015 0.053 0.012 0.013 0.013 0.755 0.100 0.012 
264 24.0874.E1    (0)   12 :  0.055 0.202 0.014 0.174 0.009 0.020 0.008 0.195 0.313 0.010 
265 24.0875.E1    (0)   12 :  0.009 0.020 0.064 0.010 0.008 0.024 0.033 0.132 0.694 0.005 
266 24.0876.E1    (0)   12 :  0.006 0.018 0.019 0.006 0.064 0.012 0.013 0.443 0.414 0.005 
267 24.0877.E1    (0)   12 :  0.004 0.038 0.021 0.007 0.856 0.009 0.006 0.017 0.037 0.004 
268 24.0878.E1    (0)   12 :  0.050 0.010 0.020 0.005 0.774 0.023 0.008 0.093 0.006 0.010 
269 24.0879.E1    (0)   12 :  0.007 0.005 0.010 0.007 0.715 0.223 0.010 0.012 0.005 0.007 
270 24.0880.E1    (0)   12 :  0.522 0.014 0.049 0.020 0.038 0.075 0.015 0.245 0.012 0.009 
271 24.0881.E1    (0)   12 :  0.004 0.009 0.006 0.006 0.943 0.006 0.011 0.007 0.005 0.004 
272 24.0882.E1    (0)   12 :  0.007 0.670 0.018 0.014 0.229 0.009 0.008 0.016 0.025 0.004 
273 24.0883.E1    (0)   12 :  0.007 0.242 0.008 0.050 0.319 0.242 0.012 0.107 0.007 0.006 
274 24.0884.E1    (0)   12 :  0.004 0.027 0.010 0.008 0.910 0.013 0.007 0.010 0.005 0.006 
275 24.0885.E1    (0)   12 :  0.010 0.007 0.033 0.007 0.783 0.049 0.014 0.084 0.009 0.005 
276 24.0886.E1    (0)   12 :  0.005 0.214 0.011 0.039 0.412 0.096 0.004 0.198 0.014 0.007 
277 24.0887.E1    (0)   12 :  0.005 0.717 0.006 0.008 0.042 0.173 0.009 0.027 0.007 0.005 
278 24.0888.E1    (0)   12 :  0.008 0.005 0.854 0.010 0.018 0.014 0.007 0.015 0.049 0.020 


Estimated Allele Frequencies in each cluster
First column gives estimated ancestral frequencies


Locus 1 : 
31 alleles
0.0% missing data
 115   (0.035) 0.006 0.004 0.007 0.005 0.129 0.009 0.004 0.144 0.030 0.023 
 117   (0.039) 0.005 0.185 0.007 0.003 0.203 0.011 0.004 0.024 0.134 0.021 
 119   (0.037) 0.005 0.322 0.007 0.004 0.272 0.006 0.286 0.014 0.007 0.006 
 131   (0.014) 0.001 0.003 0.002 0.002 0.051 0.003 0.001 0.003 0.002 0.004 
 128   (0.038) 0.034 0.003 0.033 0.007 0.032 0.012 0.004 0.044 0.031 0.009 
 135   (0.018) 0.003 0.010 0.004 0.002 0.049 0.004 0.002 0.009 0.003 0.007 
 126   (0.079) 0.259 0.076 0.071 0.068 0.052 0.034 0.013 0.051 0.193 0.029 
 122   (0.035) 0.004 0.002 0.039 0.004 0.011 0.008 0.098 0.010 0.014 0.130 
 132   (0.030) 0.027 0.015 0.023 0.006 0.004 0.015 0.003 0.017 0.020 0.046 
 141   (0.011) 0.001 0.001 0.002 0.001 0.008 0.002 0.003 0.002 0.003 0.002 
 130   (0.047) 0.015 0.011 0.067 0.028 0.006 0.138 0.013 0.107 0.009 0.033 
 134   (0.042) 0.008 0.003 0.030 0.070 0.005 0.006 0.129 0.033 0.020 0.030 
 145   (0.017) 0.002 0.009 0.003 0.111 0.002 0.007 0.007 0.004 0.003 0.002 
 127   (0.026) 0.003 0.156 0.005 0.003 0.032 0.006 0.055 0.005 0.004 0.004 
 116   (0.103) 0.127 0.011 0.265 0.276 0.014 0.089 0.177 0.172 0.074 0.188 
 114   (0.059) 0.103 0.005 0.040 0.167 0.007 0.028 0.052 0.026 0.057 0.206 
 120   (0.037) 0.004 0.003 0.067 0.003 0.008 0.132 0.089 0.013 0.015 0.005 
 110   (0.047) 0.095 0.025 0.027 0.014 0.009 0.089 0.019 0.059 0.008 0.027 
 133   (0.015) 0.002 0.013 0.003 0.001 0.002 0.002 0.010 0.002 0.014 0.003 
 118   (0.116) 0.185 0.020 0.248 0.206 0.015 0.333 0.013 0.198 0.324 0.172 
 125   (0.015) 0.011 0.001 0.003 0.003 0.002 0.006 0.002 0.002 0.003 0.019 
 129   (0.018) 0.002 0.005 0.006 0.002 0.046 0.029 0.002 0.004 0.004 0.003 
 124   (0.018) 0.003 0.002 0.011 0.007 0.010 0.015 0.002 0.005 0.007 0.002 
 136   (0.021) 0.076 0.001 0.005 0.002 0.003 0.003 0.002 0.039 0.003 0.005 
 121   (0.015) 0.001 0.067 0.003 0.001 0.006 0.002 0.001 0.004 0.002 0.002 
 139   (0.010) 0.001 0.001 0.002 0.001 0.011 0.001 0.001 0.001 0.001 0.001 
 113   (0.010) 0.001 0.015 0.002 0.001 0.001 0.001 0.001 0.001 0.002 0.001 
 111   (0.012) 0.001 0.013 0.002 0.001 0.002 0.002 0.002 0.002 0.002 0.001 
 143   (0.012) 0.001 0.015 0.002 0.001 0.001 0.002 0.001 0.002 0.002 0.001 
 140   (0.014) 0.001 0.001 0.012 0.001 0.002 0.002 0.001 0.003 0.006 0.015 
 112   (0.010) 0.014 0.001 0.002 0.001 0.001 0.002 0.001 0.002 0.002 0.001 

Locus 2 : 
18 alleles
0.0% missing data
 152   (0.384) 0.178 0.796 0.331 0.285 0.640 0.365 0.396 0.509 0.510 0.548 
 148   (0.066) 0.009 0.021 0.032 0.007 0.146 0.038 0.229 0.192 0.016 0.012 
 154   (0.105) 0.279 0.034 0.089 0.017 0.040 0.031 0.254 0.167 0.037 0.113 
 156   (0.017) 0.002 0.001 0.003 0.002 0.012 0.006 0.002 0.003 0.003 0.017 
 150   (0.024) 0.002 0.047 0.004 0.002 0.008 0.005 0.064 0.003 0.005 0.004 
 164   (0.075) 0.042 0.013 0.146 0.088 0.079 0.017 0.009 0.025 0.026 0.106 
 158   (0.031) 0.004 0.008 0.006 0.010 0.009 0.179 0.011 0.020 0.013 0.009 
 160   (0.018) 0.002 0.020 0.013 0.002 0.002 0.003 0.002 0.010 0.003 0.003 
 166   (0.022) 0.002 0.001 0.021 0.002 0.003 0.003 0.007 0.004 0.032 0.015 
 151   (0.068) 0.441 0.004 0.186 0.317 0.009 0.223 0.006 0.012 0.015 0.049 
 147   (0.066) 0.027 0.005 0.094 0.200 0.009 0.073 0.007 0.019 0.313 0.078 
 168   (0.023) 0.002 0.002 0.016 0.035 0.004 0.004 0.003 0.009 0.010 0.004 
 153   (0.014) 0.001 0.001 0.012 0.019 0.002 0.003 0.001 0.002 0.002 0.002 
 149   (0.025) 0.002 0.011 0.010 0.003 0.004 0.043 0.003 0.018 0.006 0.003 
 162   (0.019) 0.002 0.003 0.009 0.008 0.006 0.003 0.002 0.003 0.003 0.032 
 167   (0.013) 0.001 0.001 0.002 0.001 0.024 0.002 0.001 0.002 0.002 0.002 
 146   (0.013) 0.001 0.030 0.002 0.001 0.002 0.002 0.001 0.002 0.002 0.002 
 172   (0.014) 0.001 0.001 0.024 0.001 0.002 0.002 0.001 0.002 0.002 0.002 

Locus 3 : 
4 alleles
0.0% missing data
 128   (0.296) 0.429 0.440 0.224 0.339 0.211 0.250 0.321 0.303 0.408 0.160 
 126   (0.611) 0.525 0.553 0.739 0.497 0.710 0.572 0.607 0.673 0.569 0.785 
 132   (0.079) 0.044 0.006 0.034 0.163 0.077 0.132 0.065 0.022 0.021 0.054 
 134   (0.014) 0.001 0.001 0.003 0.001 0.002 0.046 0.007 0.002 0.002 0.002 

Locus 4 : 
3 alleles
0.0% missing data
 170   (0.322) 0.448 0.287 0.388 0.131 0.309 0.207 0.408 0.157 0.285 0.385 
 172   (0.666) 0.549 0.710 0.610 0.865 0.689 0.791 0.581 0.840 0.713 0.613 
 171   (0.013) 0.002 0.002 0.002 0.004 0.002 0.002 0.011 0.003 0.002 0.002 

Locus 5 : 
37 alleles
0.0% missing data
 125   (0.054) 0.071 0.030 0.016 0.131 0.061 0.161 0.063 0.040 0.035 0.014 
 110   (0.035) 0.085 0.014 0.007 0.020 0.033 0.025 0.042 0.005 0.074 0.026 
 129   (0.033) 0.007 0.003 0.112 0.022 0.055 0.008 0.003 0.007 0.008 0.049 
 113   (0.028) 0.010 0.002 0.106 0.005 0.011 0.006 0.003 0.010 0.015 0.135 
 145   (0.050) 0.015 0.103 0.013 0.097 0.218 0.092 0.006 0.147 0.026 0.010 
 155   (0.054) 0.057 0.018 0.041 0.006 0.150 0.018 0.182 0.023 0.038 0.103 
 117   (0.028) 0.003 0.032 0.012 0.006 0.021 0.006 0.004 0.130 0.006 0.026 
 124   (0.011) 0.001 0.001 0.002 0.001 0.023 0.001 0.001 0.002 0.002 0.001 
 133   (0.033) 0.003 0.069 0.061 0.010 0.040 0.013 0.003 0.027 0.033 0.005 
 157   (0.046) 0.065 0.024 0.152 0.006 0.008 0.133 0.031 0.038 0.046 0.008 
 141   (0.014) 0.006 0.001 0.034 0.001 0.004 0.002 0.001 0.006 0.004 0.002 
 112   (0.072) 0.158 0.160 0.048 0.155 0.069 0.017 0.196 0.103 0.029 0.054 
 121   (0.018) 0.004 0.002 0.011 0.008 0.003 0.005 0.009 0.003 0.009 0.094 
 114   (0.037) 0.074 0.178 0.008 0.004 0.040 0.007 0.016 0.148 0.030 0.005 
 153   (0.050) 0.094 0.004 0.017 0.083 0.058 0.223 0.011 0.027 0.280 0.022 
 127   (0.072) 0.095 0.075 0.110 0.194 0.063 0.030 0.022 0.075 0.024 0.161 
 131   (0.064) 0.041 0.177 0.018 0.085 0.063 0.137 0.224 0.026 0.102 0.038 
 135   (0.030) 0.015 0.004 0.024 0.068 0.006 0.021 0.010 0.012 0.137 0.005 
 104   (0.009) 0.002 0.002 0.002 0.003 0.001 0.001 0.011 0.002 0.002 0.001 
 118   (0.018) 0.002 0.002 0.011 0.002 0.019 0.012 0.018 0.007 0.003 0.002 
 116   (0.026) 0.014 0.005 0.006 0.004 0.006 0.019 0.018 0.035 0.005 0.075 
 137   (0.025) 0.002 0.006 0.014 0.003 0.004 0.015 0.098 0.008 0.007 0.081 
 123   (0.025) 0.089 0.002 0.005 0.017 0.005 0.006 0.007 0.006 0.034 0.023 
 149   (0.010) 0.002 0.001 0.002 0.003 0.001 0.001 0.001 0.008 0.002 0.006 
 138   (0.014) 0.001 0.001 0.039 0.026 0.002 0.002 0.002 0.002 0.002 0.002 
 143   (0.024) 0.051 0.071 0.036 0.010 0.003 0.009 0.003 0.004 0.004 0.005 
 163   (0.006) 0.001 0.001 0.005 0.001 0.001 0.001 0.003 0.003 0.001 0.005 
 109   (0.009) 0.001 0.001 0.001 0.001 0.001 0.001 0.001 0.029 0.001 0.001 
 139   (0.009) 0.001 0.001 0.011 0.001 0.001 0.002 0.001 0.001 0.001 0.001 
 106   (0.010) 0.001 0.001 0.010 0.001 0.001 0.001 0.001 0.002 0.002 0.002 
 144   (0.016) 0.002 0.001 0.005 0.001 0.002 0.002 0.002 0.039 0.027 0.002 
 122   (0.012) 0.001 0.003 0.002 0.001 0.017 0.002 0.001 0.006 0.002 0.002 
 100   (0.016) 0.007 0.001 0.021 0.013 0.002 0.006 0.002 0.008 0.004 0.028 
 111   (0.012) 0.001 0.001 0.029 0.004 0.001 0.002 0.001 0.003 0.002 0.001 
 233   (0.010) 0.003 0.001 0.004 0.005 0.001 0.009 0.001 0.001 0.002 0.002 
 134   (0.010) 0.014 0.001 0.002 0.001 0.001 0.002 0.001 0.001 0.002 0.001 
 140   (0.011) 0.002 0.001 0.006 0.001 0.001 0.002 0.001 0.007 0.002 0.001 

Locus 6 : 
17 alleles
0.0% missing data
 221   (0.023) 0.002 0.087 0.004 0.002 0.140 0.003 0.002 0.003 0.004 0.003 
 232   (0.240) 0.274 0.426 0.279 0.746 0.150 0.268 0.100 0.248 0.232 0.423 
 229   (0.057) 0.091 0.058 0.011 0.018 0.098 0.014 0.068 0.029 0.042 0.010 
 223   (0.063) 0.072 0.009 0.046 0.006 0.100 0.119 0.007 0.060 0.019 0.027 
 230   (0.157) 0.242 0.301 0.227 0.049 0.070 0.119 0.161 0.250 0.099 0.083 
 235   (0.011) 0.001 0.001 0.002 0.001 0.069 0.001 0.001 0.001 0.002 0.002 
 236   (0.039) 0.004 0.006 0.016 0.026 0.091 0.017 0.044 0.009 0.016 0.018 
 227   (0.022) 0.002 0.002 0.011 0.002 0.064 0.006 0.002 0.006 0.012 0.003 
 220   (0.057) 0.023 0.004 0.021 0.068 0.008 0.013 0.178 0.043 0.158 0.099 
 222   (0.047) 0.007 0.003 0.039 0.004 0.006 0.007 0.251 0.021 0.129 0.121 
 234   (0.129) 0.146 0.057 0.108 0.015 0.095 0.276 0.168 0.245 0.243 0.035 
 224   (0.029) 0.074 0.002 0.034 0.002 0.004 0.119 0.003 0.005 0.005 0.006 
 228   (0.057) 0.035 0.004 0.190 0.056 0.011 0.014 0.007 0.047 0.020 0.062 
 225   (0.011) 0.001 0.001 0.002 0.001 0.002 0.002 0.001 0.002 0.002 0.018 
 226   (0.017) 0.023 0.001 0.003 0.001 0.002 0.002 0.002 0.002 0.005 0.086 
 233   (0.027) 0.003 0.037 0.005 0.003 0.051 0.014 0.003 0.023 0.011 0.003 
 231   (0.014) 0.001 0.001 0.002 0.001 0.039 0.006 0.001 0.007 0.002 0.002 

Locus 7 : 
10 alleles
0.0% missing data
 121   (0.680) 0.781 0.743 0.838 0.726 0.875 0.587 0.795 0.816 0.801 0.756 
 129   (0.096) 0.120 0.100 0.052 0.131 0.081 0.096 0.010 0.054 0.017 0.100 
 130   (0.017) 0.002 0.002 0.003 0.002 0.003 0.003 0.002 0.002 0.019 0.020 
 123   (0.103) 0.087 0.102 0.060 0.133 0.027 0.219 0.127 0.029 0.073 0.102 
 128   (0.020) 0.002 0.023 0.004 0.002 0.003 0.017 0.037 0.004 0.003 0.002 
 131   (0.015) 0.002 0.002 0.003 0.001 0.002 0.010 0.022 0.002 0.002 0.009 
 117   (0.012) 0.001 0.001 0.012 0.001 0.001 0.002 0.001 0.002 0.002 0.001 
 125   (0.012) 0.001 0.001 0.002 0.001 0.001 0.058 0.001 0.002 0.002 0.001 
 134   (0.032) 0.003 0.007 0.023 0.003 0.005 0.005 0.004 0.082 0.075 0.006 
 132   (0.013) 0.001 0.020 0.002 0.001 0.002 0.002 0.001 0.007 0.006 0.002 

Locus 8 : 
19 alleles
0.0% missing data
 184   (0.300) 0.271 0.326 0.372 0.463 0.491 0.494 0.518 0.449 0.551 0.203 
 194   (0.046) 0.013 0.022 0.041 0.009 0.029 0.033 0.017 0.093 0.008 0.015 
 178   (0.100) 0.289 0.061 0.058 0.030 0.208 0.026 0.180 0.080 0.032 0.167 
 176   (0.081) 0.009 0.218 0.085 0.115 0.046 0.044 0.011 0.078 0.144 0.061 
 182   (0.077) 0.044 0.209 0.134 0.014 0.039 0.020 0.009 0.048 0.079 0.162 
 190   (0.033) 0.019 0.045 0.006 0.003 0.006 0.006 0.070 0.005 0.047 0.012 
 196   (0.021) 0.066 0.001 0.012 0.022 0.005 0.003 0.002 0.004 0.004 0.004 
 200   (0.028) 0.003 0.011 0.034 0.002 0.014 0.055 0.004 0.006 0.004 0.012 
 180   (0.023) 0.003 0.002 0.004 0.002 0.008 0.116 0.067 0.003 0.005 0.004 
 188   (0.037) 0.054 0.003 0.009 0.082 0.030 0.009 0.008 0.047 0.007 0.006 
 174   (0.038) 0.004 0.034 0.010 0.004 0.014 0.040 0.024 0.085 0.045 0.014 
 186   (0.121) 0.133 0.059 0.204 0.224 0.089 0.086 0.058 0.076 0.039 0.307 
 192   (0.024) 0.081 0.003 0.006 0.009 0.010 0.014 0.013 0.003 0.004 0.004 
 201   (0.011) 0.001 0.001 0.002 0.001 0.001 0.010 0.013 0.001 0.002 0.001 
 199   (0.020) 0.002 0.001 0.014 0.002 0.003 0.029 0.002 0.003 0.004 0.020 
 185   (0.011) 0.001 0.001 0.002 0.017 0.001 0.002 0.001 0.002 0.002 0.001 
 203   (0.010) 0.001 0.001 0.002 0.001 0.001 0.001 0.001 0.013 0.002 0.001 
 198   (0.010) 0.001 0.001 0.003 0.001 0.001 0.001 0.001 0.002 0.017 0.002 
 209   (0.010) 0.005 0.001 0.002 0.001 0.002 0.012 0.001 0.001 0.004 0.004 

Locus 9 : 
6 alleles
0.4% missing data
 154   (0.682) 0.794 0.641 0.751 0.850 0.709 0.672 0.818 0.641 0.731 0.848 
 156   (0.211) 0.130 0.343 0.181 0.033 0.166 0.312 0.171 0.277 0.253 0.133 
 152   (0.055) 0.072 0.006 0.028 0.097 0.080 0.008 0.006 0.045 0.009 0.011 
 153   (0.013) 0.001 0.001 0.011 0.017 0.002 0.002 0.002 0.002 0.002 0.004 
 160   (0.014) 0.001 0.001 0.024 0.001 0.002 0.002 0.001 0.002 0.002 0.002 
 164   (0.025) 0.002 0.008 0.005 0.002 0.041 0.004 0.002 0.033 0.004 0.003 

Locus 10 : 
29 alleles
0.7% missing data
 305   (0.061) 0.007 0.009 0.081 0.008 0.098 0.011 0.202 0.011 0.012 0.239 
 313   (0.044) 0.008 0.005 0.048 0.004 0.155 0.012 0.005 0.011 0.008 0.075 
 311   (0.017) 0.004 0.002 0.004 0.001 0.018 0.006 0.002 0.003 0.005 0.002 
 299   (0.124) 0.159 0.033 0.221 0.151 0.272 0.018 0.046 0.035 0.158 0.034 
 315   (0.070) 0.019 0.102 0.160 0.006 0.090 0.022 0.082 0.019 0.014 0.015 
 287   (0.018) 0.002 0.002 0.004 0.002 0.006 0.789 0.002 0.003 0.004 0.004 
 291   (0.115) 0.475 0.022 0.072 0.014 0.118 0.018 0.078 0.331 0.157 0.058 
 295   (0.023) 0.002 0.002 0.005 0.002 0.030 0.003 0.004 0.216 0.004 0.004 
 289   (0.014) 0.001 0.001 0.004 0.001 0.002 0.002 0.002 0.002 0.201 0.002 
 303   (0.033) 0.003 0.508 0.007 0.626 0.007 0.004 0.024 0.007 0.007 0.005 
 297   (0.048) 0.029 0.085 0.011 0.004 0.019 0.007 0.006 0.086 0.021 0.171 
 293   (0.014) 0.001 0.001 0.003 0.001 0.003 0.002 0.002 0.002 0.201 0.002 
 301   (0.063) 0.008 0.008 0.074 0.026 0.072 0.010 0.155 0.062 0.022 0.009 
 285   (0.025) 0.002 0.002 0.007 0.002 0.003 0.003 0.244 0.003 0.004 0.256 
 307   (0.056) 0.097 0.201 0.056 0.005 0.011 0.010 0.040 0.062 0.009 0.008 
 312   (0.062) 0.101 0.005 0.077 0.021 0.009 0.011 0.081 0.075 0.042 0.011 
 306   (0.030) 0.013 0.002 0.061 0.003 0.013 0.005 0.005 0.018 0.005 0.004 
 320   (0.014) 0.001 0.001 0.024 0.001 0.002 0.002 0.001 0.002 0.002 0.002 
 317   (0.019) 0.002 0.001 0.004 0.104 0.017 0.002 0.002 0.003 0.003 0.003 
 314   (0.027) 0.002 0.002 0.014 0.002 0.035 0.033 0.003 0.004 0.005 0.003 
 323   (0.012) 0.001 0.001 0.006 0.001 0.002 0.009 0.001 0.002 0.004 0.002 
 325   (0.012) 0.001 0.001 0.006 0.001 0.002 0.009 0.001 0.002 0.004 0.002 
 310   (0.014) 0.052 0.001 0.005 0.001 0.002 0.002 0.002 0.003 0.002 0.002 
 309   (0.012) 0.001 0.001 0.002 0.001 0.002 0.002 0.001 0.027 0.004 0.001 
 316   (0.019) 0.005 0.001 0.030 0.004 0.003 0.002 0.002 0.002 0.003 0.004 
 296   (0.012) 0.001 0.001 0.007 0.006 0.002 0.002 0.001 0.003 0.002 0.002 
 304   (0.015) 0.002 0.001 0.003 0.001 0.002 0.002 0.002 0.002 0.006 0.075 
 321   (0.015) 0.001 0.001 0.003 0.001 0.002 0.002 0.002 0.002 0.045 0.003 
 332   (0.012) 0.001 0.001 0.002 0.001 0.002 0.001 0.001 0.002 0.047 0.001 

Locus 11 : 
19 alleles
0.0% missing data
 114   (0.145) 0.026 0.188 0.168 0.044 0.249 0.051 0.291 0.278 0.046 0.024 
 126   (0.022) 0.002 0.003 0.004 0.002 0.058 0.003 0.019 0.006 0.003 0.003 
 111   (0.100) 0.553 0.007 0.019 0.276 0.170 0.021 0.010 0.014 0.497 0.545 
 116   (0.114) 0.032 0.258 0.078 0.010 0.105 0.150 0.018 0.137 0.085 0.069 
 132   (0.012) 0.001 0.001 0.003 0.001 0.012 0.002 0.001 0.002 0.002 0.002 
 109   (0.015) 0.002 0.001 0.003 0.001 0.048 0.002 0.001 0.002 0.002 0.002 
 128   (0.018) 0.007 0.001 0.007 0.002 0.008 0.003 0.002 0.011 0.003 0.002 
 112   (0.316) 0.050 0.514 0.610 0.218 0.269 0.451 0.602 0.449 0.130 0.082 
 122   (0.016) 0.002 0.004 0.003 0.015 0.002 0.003 0.007 0.006 0.007 0.002 
 124   (0.013) 0.001 0.002 0.002 0.002 0.002 0.002 0.017 0.002 0.002 0.002 
 118   (0.052) 0.007 0.009 0.023 0.012 0.023 0.077 0.016 0.039 0.159 0.009 
 127   (0.013) 0.001 0.001 0.012 0.001 0.002 0.002 0.001 0.002 0.002 0.002 
 113   (0.048) 0.227 0.003 0.015 0.399 0.007 0.023 0.004 0.009 0.013 0.197 
 115   (0.029) 0.007 0.003 0.008 0.003 0.025 0.188 0.003 0.012 0.006 0.010 
 120   (0.020) 0.068 0.001 0.003 0.002 0.003 0.003 0.002 0.020 0.004 0.002 
 117   (0.021) 0.008 0.002 0.014 0.003 0.003 0.004 0.003 0.003 0.021 0.010 
 125   (0.019) 0.002 0.001 0.024 0.007 0.003 0.006 0.002 0.004 0.012 0.002 
 119   (0.014) 0.003 0.001 0.003 0.001 0.002 0.002 0.001 0.002 0.004 0.034 
 136   (0.013) 0.001 0.001 0.002 0.001 0.010 0.008 0.001 0.002 0.002 0.002 

Locus 12 : 
28 alleles
0.7% missing data
 306   (0.058) 0.007 0.008 0.046 0.008 0.098 0.009 0.202 0.010 0.015 0.298 
 314   (0.059) 0.078 0.007 0.042 0.015 0.139 0.021 0.007 0.009 0.011 0.073 
 312   (0.014) 0.001 0.001 0.002 0.001 0.026 0.002 0.001 0.002 0.002 0.002 
 300   (0.132) 0.156 0.033 0.223 0.153 0.289 0.019 0.047 0.036 0.159 0.036 
 316   (0.044) 0.018 0.098 0.011 0.004 0.086 0.006 0.075 0.007 0.008 0.010 
 288   (0.017) 0.002 0.002 0.003 0.002 0.005 0.773 0.002 0.002 0.003 0.004 
 292   (0.124) 0.467 0.022 0.074 0.015 0.121 0.019 0.079 0.326 0.187 0.059 
 296   (0.026) 0.002 0.002 0.009 0.005 0.030 0.003 0.004 0.221 0.005 0.004 
 290   (0.016) 0.001 0.001 0.004 0.001 0.002 0.002 0.002 0.002 0.201 0.002 
 304   (0.032) 0.003 0.510 0.007 0.631 0.007 0.004 0.024 0.006 0.006 0.005 
 298   (0.053) 0.029 0.085 0.012 0.005 0.020 0.008 0.007 0.085 0.022 0.171 
 294   (0.016) 0.001 0.001 0.003 0.001 0.003 0.002 0.002 0.003 0.201 0.002 
 302   (0.065) 0.008 0.008 0.074 0.026 0.073 0.010 0.155 0.061 0.023 0.010 
 286   (0.025) 0.002 0.002 0.007 0.002 0.003 0.003 0.242 0.003 0.004 0.276 
 308   (0.032) 0.003 0.196 0.045 0.003 0.008 0.006 0.038 0.009 0.005 0.004 
 313   (0.050) 0.010 0.004 0.097 0.007 0.009 0.009 0.086 0.085 0.038 0.007 
 307   (0.044) 0.113 0.004 0.068 0.004 0.013 0.006 0.005 0.072 0.007 0.006 
 321   (0.014) 0.001 0.001 0.024 0.001 0.002 0.002 0.001 0.002 0.002 0.002 
 315   (0.049) 0.004 0.004 0.154 0.015 0.040 0.060 0.006 0.015 0.009 0.008 
 318   (0.019) 0.004 0.001 0.005 0.095 0.005 0.002 0.002 0.002 0.003 0.006 
 324   (0.013) 0.001 0.001 0.006 0.001 0.003 0.009 0.001 0.002 0.004 0.002 
 326   (0.011) 0.001 0.001 0.006 0.001 0.002 0.009 0.001 0.002 0.004 0.002 
 311   (0.019) 0.082 0.002 0.007 0.001 0.006 0.008 0.002 0.004 0.005 0.002 
 310   (0.014) 0.001 0.001 0.003 0.001 0.002 0.002 0.002 0.026 0.004 0.002 
 305   (0.015) 0.001 0.001 0.035 0.001 0.002 0.002 0.002 0.002 0.002 0.002 
 317   (0.013) 0.001 0.001 0.024 0.001 0.002 0.001 0.001 0.002 0.002 0.001 
 320   (0.012) 0.001 0.001 0.002 0.001 0.002 0.001 0.001 0.002 0.023 0.002 
 322   (0.014) 0.001 0.001 0.002 0.001 0.002 0.002 0.002 0.002 0.044 0.003 

Locus 13 : 
7 alleles
1.1% missing data
 161   (0.598) 0.411 0.890 0.548 0.506 0.662 0.444 0.067 0.817 0.838 0.335 
 163   (0.299) 0.578 0.026 0.433 0.464 0.249 0.539 0.032 0.143 0.145 0.478 
 160   (0.016) 0.001 0.001 0.003 0.001 0.002 0.002 0.446 0.002 0.003 0.002 
 162   (0.015) 0.001 0.001 0.003 0.001 0.002 0.002 0.448 0.002 0.002 0.002 
 165   (0.043) 0.006 0.003 0.008 0.025 0.078 0.008 0.004 0.029 0.007 0.179 
 166   (0.014) 0.001 0.004 0.004 0.001 0.005 0.003 0.001 0.005 0.003 0.002 
 164   (0.015) 0.001 0.075 0.002 0.001 0.002 0.002 0.001 0.002 0.002 0.002 

Locus 14 : 
4 alleles
0.4% missing data
  98   (0.957) 0.996 0.985 0.983 0.984 0.987 0.992 0.996 0.987 0.993 0.995 
 100   (0.013) 0.001 0.001 0.007 0.008 0.002 0.003 0.001 0.002 0.002 0.002 
  96   (0.016) 0.001 0.013 0.003 0.002 0.009 0.002 0.002 0.007 0.002 0.002 
 105   (0.013) 0.001 0.001 0.007 0.006 0.002 0.002 0.001 0.004 0.002 0.002 

Locus 15 : 
12 alleles
2.2% missing data
 171   (0.310) 0.359 0.176 0.378 0.323 0.423 0.421 0.231 0.185 0.438 0.184 
 177   (0.184) 0.094 0.049 0.164 0.078 0.183 0.227 0.361 0.277 0.302 0.078 
 173   (0.261) 0.494 0.073 0.263 0.479 0.281 0.147 0.092 0.348 0.132 0.636 
 179   (0.109) 0.012 0.570 0.091 0.104 0.070 0.170 0.298 0.047 0.041 0.060 
 183   (0.020) 0.002 0.010 0.004 0.006 0.025 0.010 0.002 0.003 0.004 0.015 
 181   (0.037) 0.032 0.117 0.061 0.003 0.006 0.005 0.004 0.010 0.007 0.008 
 197   (0.014) 0.001 0.001 0.003 0.001 0.002 0.002 0.001 0.074 0.002 0.002 
 170   (0.013) 0.001 0.001 0.015 0.001 0.003 0.009 0.002 0.004 0.006 0.002 
 189   (0.014) 0.001 0.001 0.015 0.001 0.002 0.002 0.005 0.004 0.002 0.011 
 203   (0.012) 0.001 0.001 0.002 0.001 0.001 0.001 0.001 0.045 0.002 0.001 
 187   (0.013) 0.001 0.001 0.003 0.001 0.002 0.005 0.001 0.002 0.042 0.002 
 198   (0.012) 0.001 0.001 0.002 0.001 0.002 0.002 0.001 0.002 0.023 0.002 

Values of parameters used in structure:
DATAFILE=STRUCTURE_main_final_278_HEG_ZG.str,	OUTFILE=STRUCTURE_main_final_278_HEG_ZG-K10-12,	NUMINDS=278,	NUMLOCI=15,	MISSING=-9,	LABEL=1,	POPDATA=1,	POPFLAG=0,	PHENOTYPE=0,	EXTRACOLS=0,	MAXPOPS=10,	BURNIN=100000,	NUMREPS=500000,	USEPOPINFO=0,	INFERALPHA=1,	INFERLAMBDA=0,	POPSPECIFICLAMBDA=0,	POPALPHAS=0,	COMPUTEPROB=1,	NOADMIX=0,	ADMBURNIN=2500,	UPDATEFREQ=1,	PRINTLIKES=0,	INTERMEDSAVE=0,	PRINTKLD=0,	PRINTNET=0,	PRINTLAMBDA=0,	ANCESTDIST=0,	NUMBOXES=1000,	ANCESTPINT=0.90000,	GENSBACK=2,	MIGRPRIOR=0.05000,	PRINTQHAT=0,	PRINTQSUM=0,	ALPHA=1.0000,	FREQSCORR=1,	FPRIORMEAN=0.0100,	FPRIORSD=0.0500,	ONEFST=0,	LAMBDA=1.0000,	UNIFPRIORALPHA=1,	ALPHAMAX=10.0000,	ALPHAPRIORA=1.0000,	ALPHAPRIORB=2.0000,	ALPHAPROPSD=0.0250,	STARTATPOPINFO=0,	RANDOMIZE=1,	LINKAGE=0,	METROFREQ=10,	REPORTHITRATE=0,	MARKOVPHASE=-1,	PHASED=0,	PLOIDY=2,	PHASEINFO=0	LOCPRIOR=0, 	LOCPRIORINIT=1.000000, 	LOCDATA=0, 	LOCISPOP=0, 	LOCPRIORSTEP=0.100000, 	MAXLOCPRIOR=20.000000, 	SEED=1782485005,	
[STRAT parameters]:    NUMSIMSTATS=1000,	PHENOTYPECOL=-9,	POOLFREQ=10,	LOCUSxONLY=0,	EMERROR=0.00100,	MISSINGPHENO=-9,	