

----------------------------------------------------
STRUCTURE by Pritchard, Stephens and Donnelly (2000)
     and Falush, Stephens and Pritchard (2003)
       Code by Pritchard, Falush and Hubisz
             Version 2.3.4 (Jul 2012)
----------------------------------------------------



Command line arguments:   structure -K 4 -i STRUCTURE_main_final_278_HEG_ZG.str -o STRUCTURE_main_final_278_HEG_ZG-K4-8 
Input File:    STRUCTURE_main_final_278_HEG_ZG.str

Run parameters:
   278 individuals
   15 loci
   4 populations assumed
   100000 Burn-in period
   500000 Reps


--------------------------------------------
Proportion of membership of each pre-defined
 population in each of the 4 clusters

Given    Inferred Clusters              Number of
 Pop       1      2      3      4      Individuals

  1:     0.061  0.028  0.109  0.802       24
  2:     0.869  0.061  0.031  0.039       24
  3:     0.033  0.817  0.120  0.030       24
  4:     0.101  0.281  0.107  0.511       24
  5:     0.091  0.677  0.100  0.133       24
  6:     0.201  0.048  0.024  0.727       24
  7:     0.810  0.045  0.015  0.130       24
  8:     0.023  0.833  0.055  0.090       14
  9:     0.027  0.070  0.839  0.064       24
 10:     0.032  0.070  0.878  0.020       24
 11:     0.029  0.086  0.837  0.048       24
 12:     0.190  0.302  0.127  0.381       24
--------------------------------------------

Allele-freq. divergence among pops (Net nucleotide distance),
computed using point estimates of P.

      1       2       3       4      
 1      -    0.0359  0.0603  0.0303  
 2   0.0359     -    0.0309  0.0223  
 3   0.0603  0.0309     -    0.0360  
 4   0.0303  0.0223  0.0360     -    

Average distances (expected heterozygosity) between individuals in same cluster:
cluster  1  : 0.6299 
cluster  2  : 0.6493 
cluster  3  : 0.6336 
cluster  4  : 0.6325 

--------------------------------------------
Estimated Ln Prob of Data   = -13096.2
Mean value of ln likelihood = -12741.8
Variance of ln likelihood   = 708.9
Mean value of alpha         = 0.0603

Mean value of Fst_1         = 0.0900
Mean value of Fst_2         = 0.0296
Mean value of Fst_3         = 0.0810
Mean value of Fst_4         = 0.0560


Inferred ancestry of individuals:
        Label (%Miss) Pop:  Inferred clusters
  1 24.0601.E1    (0)    1 :  0.042 0.013 0.012 0.932 
  2 24.0602.E1    (0)    1 :  0.009 0.018 0.020 0.954 
  3 24.0603.E1    (0)    1 :  0.012 0.034 0.012 0.942 
  4 24.0604.E1    (0)    1 :  0.012 0.031 0.031 0.925 
  5 24.0605.E1    (0)    1 :  0.019 0.011 0.019 0.951 
  6 24.0606.E1    (0)    1 :  0.014 0.009 0.019 0.957 
  7 24.0607.E1    (0)    1 :  0.200 0.042 0.420 0.338 
  8 24.0608.E1    (0)    1 :  0.055 0.016 0.124 0.804 
  9 24.0609.E1    (0)    1 :  0.007 0.037 0.326 0.629 
 10 24.0610.E1    (0)    1 :  0.008 0.027 0.113 0.852 
 11 24.0611.E1    (0)    1 :  0.010 0.012 0.031 0.947 
 12 24.0612.E1    (0)    1 :  0.031 0.017 0.009 0.943 
 13 24.0613.E1    (0)    1 :  0.007 0.007 0.013 0.972 
 14 24.0614.E1    (0)    1 :  0.131 0.013 0.288 0.568 
 15 24.0615.E1    (0)    1 :  0.063 0.019 0.205 0.713 
 16 24.0616.E1    (0)    1 :  0.009 0.008 0.016 0.967 
 17 24.0617.E1    (0)    1 :  0.041 0.012 0.469 0.478 
 18 24.0618.E1    (0)    1 :  0.009 0.022 0.158 0.811 
 19 24.0619.E1    (0)    1 :  0.009 0.098 0.018 0.875 
 20 24.0620.E1   (20)    1 :  0.602 0.036 0.080 0.283 
 21 24.0621.E1    (0)    1 :  0.008 0.132 0.149 0.711 
 22 24.0622.E1    (0)    1 :  0.019 0.014 0.008 0.959 
 23 24.0623.E1    (0)    1 :  0.137 0.039 0.059 0.764 
 24 24.0624.E1    (0)    1 :  0.007 0.007 0.012 0.973 
 25 24.0625.E1    (0)    2 :  0.907 0.049 0.020 0.024 
 26 24.0626.E1    (0)    2 :  0.974 0.011 0.007 0.008 
 27 24.0627.E1    (0)    2 :  0.677 0.301 0.012 0.010 
 28 24.0628.E1    (0)    2 :  0.860 0.063 0.041 0.036 
 29 24.0629.E1    (0)    2 :  0.845 0.025 0.030 0.100 
 30 24.0630.E1    (0)    2 :  0.963 0.014 0.010 0.013 
 31 24.0631.E1    (0)    2 :  0.978 0.006 0.006 0.010 
 32 24.0632.E1    (0)    2 :  0.957 0.014 0.013 0.016 
 33 24.0633.E1    (0)    2 :  0.837 0.109 0.032 0.022 
 34 24.0634.E1    (0)    2 :  0.958 0.014 0.015 0.013 
 35 24.0635.E1    (0)    2 :  0.586 0.321 0.071 0.022 
 36 24.0636.E1   (33)    2 :  0.903 0.027 0.009 0.061 
 37 24.0637.E1    (0)    2 :  0.977 0.011 0.005 0.007 
 38 24.0638.E1    (0)    2 :  0.856 0.116 0.010 0.018 
 39 24.0639.E1    (0)    2 :  0.852 0.018 0.084 0.046 
 40 24.0640.E1    (0)    2 :  0.965 0.008 0.014 0.013 
 41 24.0641.E1    (0)    2 :  0.439 0.118 0.208 0.235 
 42 24.0642.E1    (0)    2 :  0.744 0.047 0.007 0.202 
 43 24.0643.E1    (0)    2 :  0.821 0.147 0.011 0.020 
 44 24.0644.E1    (0)    2 :  0.926 0.011 0.050 0.014 
 45 24.0645.E1    (0)    2 :  0.945 0.008 0.027 0.020 
 46 24.0646.E1    (0)    2 :  0.928 0.011 0.048 0.014 
 47 24.0647.E1    (0)    2 :  0.977 0.010 0.005 0.007 
 48 24.0648.E1    (0)    2 :  0.977 0.010 0.005 0.007 
 49 24.0649.E1    (0)    3 :  0.007 0.955 0.030 0.009 
 50 24.0650.E1    (0)    3 :  0.006 0.153 0.569 0.273 
 51 24.0651.E1    (0)    3 :  0.209 0.624 0.151 0.016 
 52 24.0652.E1    (0)    3 :  0.006 0.941 0.041 0.012 
 53 24.0653.E1    (0)    3 :  0.007 0.974 0.013 0.007 
 54 24.0654.E1    (0)    3 :  0.008 0.920 0.064 0.009 
 55 24.0655.E1    (0)    3 :  0.026 0.788 0.111 0.074 
 56 24.0656.E1    (0)    3 :  0.027 0.918 0.044 0.011 
 57 24.0657.E1    (0)    3 :  0.024 0.927 0.040 0.010 
 58 24.0658.E1    (0)    3 :  0.010 0.904 0.060 0.026 
 59 24.0659.E1    (0)    3 :  0.006 0.924 0.046 0.023 
 60 24.0660.E1    (6)    3 :  0.011 0.949 0.011 0.028 
 61 24.0661.E1    (0)    3 :  0.124 0.552 0.312 0.012 
 62 24.0662.E1    (0)    3 :  0.039 0.725 0.149 0.087 
 63 24.0663.E1    (0)    3 :  0.010 0.034 0.944 0.012 
 64 24.0664.E1    (0)    3 :  0.032 0.917 0.042 0.009 
 65 24.0665.E1    (0)    3 :  0.170 0.796 0.027 0.008 
 66 24.0666.E1    (0)    3 :  0.007 0.966 0.014 0.013 
 67 24.0667.E1    (0)    3 :  0.007 0.977 0.008 0.008 
 68 24.0668.E1    (0)    3 :  0.007 0.977 0.010 0.007 
 69 24.0669.E1    (0)    3 :  0.009 0.971 0.013 0.008 
 70 24.0670.E1    (0)    3 :  0.007 0.901 0.077 0.015 
 71 24.0671.E1    (0)    3 :  0.016 0.882 0.087 0.015 
 72 24.0672.E1    (0)    3 :  0.006 0.948 0.012 0.034 
 73 24.0673.E1    (6)    4 :  0.591 0.034 0.056 0.319 
 74 24.0674.E1    (0)    4 :  0.043 0.013 0.011 0.933 
 75 24.0675.E1    (0)    4 :  0.145 0.107 0.309 0.439 
 76 24.0676.E1    (0)    4 :  0.062 0.083 0.667 0.188 
 77 24.0677.E1    (0)    4 :  0.010 0.248 0.644 0.098 
 78 24.0678.E1    (0)    4 :  0.053 0.629 0.024 0.294 
 79 24.0679.E1    (0)    4 :  0.010 0.727 0.030 0.233 
 80 24.0680.E1    (0)    4 :  0.018 0.921 0.011 0.051 
 81 24.0681.E1    (0)    4 :  0.043 0.372 0.018 0.567 
 82 24.0682.E1    (0)    4 :  0.048 0.032 0.016 0.904 
 83 24.0683.E1    (0)    4 :  0.045 0.018 0.014 0.924 
 84 24.0684.E1    (0)    4 :  0.091 0.021 0.011 0.876 
 85 24.0685.E1    (0)    4 :  0.037 0.060 0.016 0.887 
 86 24.0686.E1    (0)    4 :  0.060 0.616 0.032 0.292 
 87 24.0687.E1    (0)    4 :  0.240 0.442 0.022 0.295 
 88 24.0688.E1    (0)    4 :  0.042 0.139 0.011 0.808 
 89 24.0689.E1    (0)    4 :  0.084 0.138 0.457 0.321 
 90 24.0690.E1    (0)    4 :  0.037 0.929 0.013 0.021 
 91 24.0691.E1    (0)    4 :  0.015 0.017 0.018 0.950 
 92 24.0692.E1    (0)    4 :  0.031 0.750 0.039 0.181 
 93 24.0693.E1    (0)    4 :  0.650 0.197 0.101 0.052 
 94 24.0694.E1    (0)    4 :  0.033 0.183 0.020 0.765 
 95 24.0695.E1    (0)    4 :  0.010 0.023 0.019 0.948 
 96 24.0696.E1    (0)    4 :  0.019 0.033 0.016 0.932 
 97 24.0697.E1    (0)    5 :  0.215 0.590 0.047 0.149 
 98 24.0698.E1    (0)    5 :  0.159 0.504 0.156 0.180 
 99 24.0699.E1    (0)    5 :  0.016 0.807 0.094 0.083 
100 24.0700.E1    (0)    5 :  0.009 0.970 0.010 0.011 
101 24.0701.E1    (0)    5 :  0.050 0.897 0.037 0.016 
102 24.0702.E1    (0)    5 :  0.026 0.946 0.010 0.018 
103 24.0703.E1    (0)    5 :  0.056 0.696 0.216 0.032 
104 24.0704.E1    (6)    5 :  0.040 0.406 0.467 0.086 
105 24.0705.E1    (0)    5 :  0.014 0.632 0.011 0.342 
106 24.0706.E1    (0)    5 :  0.015 0.959 0.013 0.012 
107 24.0707.E1    (0)    5 :  0.058 0.816 0.012 0.114 
108 24.0708.E1    (0)    5 :  0.201 0.065 0.366 0.368 
109 24.0709.E1    (0)    5 :  0.041 0.354 0.396 0.209 
110 24.0710.E1    (0)    5 :  0.025 0.269 0.088 0.618 
111 24.0711.E1    (0)    5 :  0.042 0.622 0.022 0.314 
112 24.0712.E1    (0)    5 :  0.060 0.893 0.010 0.036 
113 24.0713.E1    (0)    5 :  0.019 0.897 0.056 0.028 
114 24.0714.E1    (0)    5 :  0.018 0.825 0.056 0.101 
115 24.0715.E1    (0)    5 :  0.519 0.260 0.043 0.178 
116 24.0716.E1    (0)    5 :  0.037 0.781 0.101 0.081 
117 24.0717.E1    (0)    5 :  0.431 0.446 0.097 0.026 
118 24.0718.E1    (0)    5 :  0.036 0.912 0.008 0.045 
119 24.0719.E1    (0)    5 :  0.057 0.850 0.047 0.046 
120 24.0720.E1    (0)    5 :  0.028 0.843 0.030 0.099 
121 24.0721.E1    (0)    6 :  0.607 0.128 0.036 0.230 
122 24.0722.E1    (0)    6 :  0.773 0.051 0.025 0.151 
123 24.0723.E1    (0)    6 :  0.741 0.025 0.169 0.065 
124 24.0724.E1    (0)    6 :  0.033 0.015 0.032 0.920 
125 24.0725.E1    (0)    6 :  0.008 0.023 0.008 0.960 
126 24.0726.E1    (6)    6 :  0.047 0.018 0.010 0.925 
127 24.0727.E1    (0)    6 :  0.136 0.044 0.019 0.801 
128 24.0728.E1    (0)    6 :  0.292 0.111 0.035 0.562 
129 24.0729.E1    (0)    6 :  0.025 0.019 0.015 0.941 
130 24.0730.E1    (0)    6 :  0.048 0.277 0.041 0.634 
131 24.0731.E1    (0)    6 :  0.017 0.013 0.010 0.960 
132 24.0732.E1    (0)    6 :  0.514 0.029 0.005 0.451 
133 24.0733.E1    (0)    6 :  0.016 0.006 0.006 0.971 
134 24.0734.E1    (0)    6 :  0.895 0.034 0.010 0.061 
135 24.0735.E1    (0)    6 :  0.135 0.027 0.018 0.821 
136 24.0736.E1    (0)    6 :  0.021 0.009 0.008 0.962 
137 24.0737.E1    (0)    6 :  0.017 0.019 0.012 0.953 
138 24.0738.E1    (0)    6 :  0.017 0.014 0.010 0.959 
139 24.0739.E1    (0)    6 :  0.009 0.022 0.008 0.961 
140 24.0740.E1    (0)    6 :  0.016 0.017 0.016 0.950 
141 24.0741.E1    (0)    6 :  0.156 0.017 0.009 0.817 
142 24.0742.E1    (0)    6 :  0.084 0.011 0.010 0.895 
143 24.0743.E1    (0)    6 :  0.011 0.011 0.018 0.959 
144 24.0744.E1    (0)    6 :  0.208 0.211 0.036 0.545 
145 24.0745.E1    (0)    7 :  0.923 0.043 0.020 0.013 
146 24.0746.E1    (0)    7 :  0.857 0.039 0.035 0.069 
147 24.0747.E1    (0)    7 :  0.906 0.025 0.013 0.056 
148 24.0748.E1    (6)    7 :  0.851 0.035 0.022 0.092 
149 24.0749.E1    (0)    7 :  0.464 0.012 0.011 0.512 
150 24.0750.E1    (0)    7 :  0.094 0.062 0.030 0.814 
151 24.0751.E1    (0)    7 :  0.971 0.007 0.007 0.015 
152 24.0752.E1    (0)    7 :  0.899 0.009 0.012 0.080 
153 24.0753.E1    (0)    7 :  0.938 0.009 0.007 0.045 
154 24.0754.E1    (0)    7 :  0.959 0.012 0.008 0.021 
155 24.0755.E1    (0)    7 :  0.943 0.018 0.016 0.023 
156 24.0756.E1    (0)    7 :  0.952 0.007 0.012 0.029 
157 24.0757.E1    (0)    7 :  0.982 0.006 0.005 0.007 
158 24.0758.E1    (0)    7 :  0.980 0.006 0.005 0.008 
159 24.0759.E1    (0)    7 :  0.879 0.016 0.011 0.095 
160 24.0760.E1    (0)    7 :  0.968 0.014 0.007 0.011 
161 24.0761.E1    (0)    7 :  0.983 0.006 0.005 0.006 
162 24.0762.E1    (0)    7 :  0.047 0.700 0.029 0.224 
163 24.0763.E1    (0)    7 :  0.957 0.009 0.008 0.027 
164 24.0764.E1    (0)    7 :  0.947 0.008 0.006 0.038 
165 24.0765.E1    (0)    7 :  0.966 0.007 0.011 0.016 
166 24.0766.E1    (0)    7 :  0.970 0.007 0.006 0.017 
167 24.0767.E1    (0)    7 :  0.965 0.006 0.009 0.020 
168 24.0768.E1    (0)    7 :  0.032 0.023 0.055 0.891 
169 24.0779.E1    (0)    8 :  0.062 0.868 0.033 0.037 
170 24.0780.E1    (6)    8 :  0.007 0.838 0.141 0.014 
171 24.0781.E1    (0)    8 :  0.007 0.976 0.010 0.007 
172 24.0782.E1    (0)    8 :  0.074 0.074 0.039 0.813 
173 24.0783.E1    (0)    8 :  0.010 0.910 0.064 0.016 
174 24.0784.E1    (0)    8 :  0.008 0.924 0.048 0.021 
175 24.0785.E1    (0)    8 :  0.005 0.902 0.082 0.010 
176 24.0786.E1    (0)    8 :  0.023 0.755 0.108 0.114 
177 24.0787.E1    (0)    8 :  0.034 0.932 0.015 0.018 
178 24.0788.E1    (0)    8 :  0.025 0.917 0.048 0.010 
179 24.0789.E1    (0)    8 :  0.030 0.772 0.131 0.067 
180 24.0790.E1    (0)    8 :  0.007 0.970 0.018 0.006 
181 24.0791.E1    (0)    8 :  0.009 0.881 0.011 0.099 
182 24.0792.E1    (0)    8 :  0.020 0.938 0.019 0.023 
183 24.0793.E1    (0)    9 :  0.016 0.018 0.950 0.016 
184 24.0794.E1    (0)    9 :  0.010 0.173 0.244 0.573 
185 24.0795.E1    (0)    9 :  0.061 0.041 0.359 0.539 
186 24.0796.E1    (0)    9 :  0.007 0.192 0.764 0.036 
187 24.0797.E1    (0)    9 :  0.006 0.065 0.917 0.011 
188 24.0798.E1    (0)    9 :  0.177 0.258 0.545 0.020 
189 24.0799.E1    (0)    9 :  0.010 0.014 0.963 0.013 
190 24.0800.E1    (0)    9 :  0.010 0.016 0.957 0.016 
191 24.0801.E1    (0)    9 :  0.014 0.225 0.745 0.016 
192 24.0802.E1    (0)    9 :  0.019 0.020 0.948 0.013 
193 24.0803.E1    (0)    9 :  0.013 0.020 0.950 0.017 
194 24.0804.E1    (0)    9 :  0.009 0.007 0.974 0.010 
195 24.0805.E1    (0)    9 :  0.016 0.141 0.815 0.028 
196 24.0806.E1    (0)    9 :  0.093 0.012 0.886 0.010 
197 24.0807.E1    (0)    9 :  0.011 0.021 0.959 0.009 
198 24.0808.E1    (0)    9 :  0.028 0.199 0.718 0.055 
199 24.0809.E1    (0)    9 :  0.020 0.032 0.900 0.049 
200 24.0810.E1    (0)    9 :  0.012 0.013 0.953 0.022 
201 24.0811.E1    (0)    9 :  0.009 0.013 0.959 0.018 
202 24.0812.E1    (0)    9 :  0.008 0.028 0.939 0.025 
203 24.0813.E1    (0)    9 :  0.029 0.108 0.840 0.023 
204 24.0814.E1    (6)    9 :  0.009 0.009 0.974 0.008 
205 24.0815.E1    (0)    9 :  0.036 0.027 0.930 0.007 
206 24.0816.E1    (0)    9 :  0.015 0.024 0.952 0.008 
207 24.0817.E1    (0)   10 :  0.007 0.017 0.961 0.014 
208 24.0818.E1    (0)   10 :  0.016 0.043 0.889 0.052 
209 24.0819.E1    (0)   10 :  0.140 0.077 0.766 0.017 
210 24.0820.E1    (0)   10 :  0.219 0.014 0.760 0.007 
211 24.0821.E1    (0)   10 :  0.012 0.593 0.380 0.015 
212 24.0822.E1    (0)   10 :  0.017 0.026 0.948 0.009 
213 24.0823.E1    (0)   10 :  0.043 0.013 0.935 0.009 
214 24.0824.E1    (0)   10 :  0.028 0.207 0.727 0.038 
215 24.0825.E1    (0)   10 :  0.011 0.010 0.968 0.011 
216 24.0826.E1    (0)   10 :  0.105 0.025 0.863 0.007 
217 24.0827.E1    (0)   10 :  0.007 0.022 0.936 0.035 
218 24.0828.E1    (0)   10 :  0.056 0.021 0.916 0.007 
219 24.0829.E1    (0)   10 :  0.010 0.011 0.969 0.009 
220 24.0830.E1    (0)   10 :  0.005 0.126 0.861 0.008 
221 24.0831.E1    (0)   10 :  0.006 0.297 0.689 0.008 
222 24.0832.E1    (0)   10 :  0.006 0.009 0.972 0.013 
223 24.0833.E1    (0)   10 :  0.007 0.009 0.977 0.008 
224 24.0834.E1    (0)   10 :  0.009 0.011 0.969 0.010 
225 24.0835.E1    (0)   10 :  0.006 0.011 0.970 0.012 
226 24.0836.E1    (0)   10 :  0.011 0.019 0.951 0.019 
227 24.0837.E1    (0)   10 :  0.008 0.019 0.961 0.012 
228 24.0838.E1    (0)   10 :  0.013 0.021 0.952 0.014 
229 24.0839.E1    (0)   10 :  0.023 0.063 0.783 0.130 
230 24.0840.E1    (0)   10 :  0.008 0.013 0.967 0.013 
231 24.0841.E1    (0)   11 :  0.008 0.013 0.913 0.065 
232 24.0842.E1    (0)   11 :  0.007 0.047 0.919 0.027 
233 24.0843.E1    (0)   11 :  0.016 0.079 0.898 0.007 
234 24.0844.E1    (0)   11 :  0.009 0.219 0.747 0.025 
235 24.0845.E1    (0)   11 :  0.007 0.073 0.908 0.012 
236 24.0846.E1    (0)   11 :  0.008 0.014 0.964 0.014 
237 24.0847.E1    (0)   11 :  0.016 0.022 0.856 0.106 
238 24.0848.E1    (0)   11 :  0.006 0.037 0.934 0.023 
239 24.0849.E1    (0)   11 :  0.010 0.009 0.973 0.007 
240 24.0850.E1    (0)   11 :  0.010 0.009 0.973 0.007 
241 24.0851.E1    (0)   11 :  0.011 0.009 0.973 0.007 
242 24.0852.E1    (0)   11 :  0.018 0.048 0.926 0.008 
243 24.0853.E1    (0)   11 :  0.014 0.009 0.970 0.007 
244 24.0854.E1    (0)   11 :  0.013 0.822 0.150 0.015 
245 24.0855.E1    (0)   11 :  0.007 0.009 0.974 0.009 
246 24.0856.E1    (0)   11 :  0.369 0.290 0.247 0.094 
247 24.0857.E1    (0)   11 :  0.011 0.012 0.956 0.020 
248 24.0858.E1    (0)   11 :  0.009 0.037 0.940 0.014 
249 24.0859.E1    (0)   11 :  0.040 0.012 0.938 0.010 
250 24.0860.E1    (0)   11 :  0.040 0.025 0.916 0.019 
251 24.0861.E1    (0)   11 :  0.011 0.011 0.971 0.008 
252 24.0862.E1    (0)   11 :  0.039 0.047 0.873 0.042 
253 24.0863.E1    (0)   11 :  0.011 0.010 0.971 0.008 
254 24.0864.E1    (0)   11 :  0.010 0.203 0.195 0.591 
255 24.0865.E1    (0)   12 :  0.645 0.146 0.188 0.021 
256 24.0866.E1    (0)   12 :  0.045 0.128 0.746 0.082 
257 24.0867.E1    (0)   12 :  0.803 0.029 0.138 0.030 
258 24.0868.E1    (0)   12 :  0.057 0.838 0.067 0.038 
259 24.0869.E1    (0)   12 :  0.107 0.416 0.390 0.087 
260 24.0870.E1    (0)   12 :  0.086 0.689 0.040 0.185 
261 24.0871.E1    (0)   12 :  0.033 0.591 0.054 0.323 
262 24.0872.E1    (0)   12 :  0.368 0.538 0.065 0.028 
263 24.0873.E1    (0)   12 :  0.166 0.453 0.253 0.127 
264 24.0874.E1    (0)   12 :  0.350 0.043 0.586 0.020 
265 24.0875.E1    (0)   12 :  0.016 0.883 0.018 0.084 
266 24.0876.E1    (0)   12 :  0.028 0.490 0.011 0.472 
267 24.0877.E1    (0)   12 :  0.023 0.016 0.010 0.952 
268 24.0878.E1    (0)   12 :  0.011 0.037 0.028 0.925 
269 24.0879.E1    (0)   12 :  0.015 0.145 0.009 0.831 
270 24.0880.E1    (0)   12 :  0.024 0.536 0.334 0.106 
271 24.0881.E1    (0)   12 :  0.014 0.008 0.008 0.970 
272 24.0882.E1    (0)   12 :  0.589 0.014 0.011 0.387 
273 24.0883.E1    (0)   12 :  0.280 0.119 0.019 0.582 
274 24.0884.E1    (0)   12 :  0.015 0.012 0.009 0.964 
275 24.0885.E1    (0)   12 :  0.013 0.051 0.010 0.926 
276 24.0886.E1    (0)   12 :  0.091 0.069 0.024 0.816 
277 24.0887.E1    (0)   12 :  0.766 0.044 0.008 0.182 
278 24.0888.E1    (0)   12 :  0.009 0.963 0.015 0.013 


Estimated Allele Frequencies in each cluster
First column gives estimated ancestral frequencies


Locus 1 : 
31 alleles
0.0% missing data
 115   (0.026) 0.005 0.011 0.003 0.144 
 117   (0.046) 0.085 0.015 0.014 0.170 
 119   (0.037) 0.252 0.008 0.004 0.194 
 131   (0.014) 0.002 0.003 0.001 0.031 
 128   (0.036) 0.005 0.033 0.013 0.037 
 135   (0.015) 0.002 0.003 0.001 0.039 
 126   (0.080) 0.054 0.067 0.135 0.078 
 122   (0.039) 0.038 0.026 0.045 0.013 
 132   (0.029) 0.011 0.020 0.031 0.006 
 141   (0.011) 0.002 0.002 0.001 0.006 
 130   (0.049) 0.032 0.084 0.026 0.013 
 134   (0.038) 0.053 0.024 0.041 0.006 
 145   (0.026) 0.016 0.031 0.003 0.005 
 127   (0.023) 0.107 0.005 0.002 0.020 
 116   (0.124) 0.115 0.198 0.170 0.068 
 114   (0.045) 0.043 0.035 0.151 0.008 
 120   (0.036) 0.033 0.069 0.003 0.011 
 110   (0.047) 0.031 0.027 0.044 0.040 
 133   (0.013) 0.015 0.003 0.001 0.002 
 118   (0.104) 0.025 0.263 0.251 0.039 
 125   (0.015) 0.001 0.007 0.008 0.002 
 129   (0.020) 0.003 0.010 0.001 0.033 
 124   (0.015) 0.002 0.017 0.001 0.004 
 136   (0.025) 0.003 0.015 0.032 0.009 
 121   (0.017) 0.035 0.003 0.001 0.007 
 139   (0.011) 0.001 0.002 0.001 0.007 
 113   (0.011) 0.009 0.002 0.001 0.001 
 111   (0.011) 0.009 0.002 0.001 0.001 
 143   (0.010) 0.009 0.002 0.001 0.001 
 140   (0.016) 0.002 0.010 0.005 0.002 
 112   (0.011) 0.001 0.002 0.006 0.001 

Locus 2 : 
18 alleles
0.0% missing data
 152   (0.384) 0.588 0.335 0.376 0.597 
 148   (0.058) 0.110 0.029 0.005 0.163 
 154   (0.114) 0.135 0.096 0.129 0.080 
 156   (0.017) 0.002 0.008 0.002 0.009 
 150   (0.018) 0.051 0.004 0.001 0.005 
 164   (0.075) 0.018 0.068 0.078 0.071 
 158   (0.042) 0.022 0.032 0.011 0.018 
 160   (0.019) 0.015 0.010 0.002 0.003 
 166   (0.022) 0.004 0.014 0.012 0.005 
 151   (0.073) 0.007 0.211 0.231 0.009 
 147   (0.057) 0.013 0.112 0.132 0.007 
 168   (0.021) 0.003 0.021 0.006 0.003 
 153   (0.015) 0.002 0.013 0.001 0.002 
 149   (0.024) 0.009 0.018 0.002 0.007 
 162   (0.021) 0.004 0.009 0.010 0.005 
 167   (0.013) 0.001 0.003 0.001 0.014 
 146   (0.013) 0.017 0.002 0.001 0.001 
 172   (0.014) 0.001 0.014 0.001 0.002 

Locus 3 : 
4 alleles
0.0% missing data
 128   (0.285) 0.365 0.245 0.357 0.262 
 126   (0.618) 0.603 0.673 0.573 0.681 
 132   (0.080) 0.024 0.072 0.068 0.055 
 134   (0.017) 0.007 0.010 0.001 0.002 

Locus 4 : 
3 alleles
0.0% missing data
 170   (0.313) 0.326 0.306 0.317 0.281 
 172   (0.674) 0.667 0.691 0.681 0.717 
 171   (0.013) 0.007 0.003 0.001 0.002 

Locus 5 : 
37 alleles
0.0% missing data
 125   (0.054) 0.072 0.051 0.061 0.041 
 110   (0.034) 0.026 0.018 0.049 0.031 
 129   (0.037) 0.004 0.055 0.029 0.042 
 113   (0.033) 0.004 0.068 0.042 0.012 
 145   (0.054) 0.045 0.071 0.010 0.189 
 155   (0.049) 0.078 0.026 0.053 0.108 
 117   (0.032) 0.018 0.024 0.008 0.060 
 124   (0.010) 0.001 0.002 0.001 0.014 
 133   (0.035) 0.042 0.046 0.004 0.034 
 157   (0.049) 0.033 0.112 0.043 0.014 
 141   (0.016) 0.002 0.020 0.003 0.006 
 112   (0.062) 0.146 0.044 0.120 0.096 
 121   (0.020) 0.005 0.012 0.030 0.004 
 114   (0.038) 0.115 0.013 0.045 0.065 
 153   (0.048) 0.006 0.082 0.113 0.048 
 127   (0.067) 0.087 0.084 0.105 0.073 
 131   (0.056) 0.176 0.042 0.072 0.052 
 135   (0.030) 0.006 0.032 0.047 0.012 
 104   (0.009) 0.007 0.002 0.001 0.001 
 118   (0.018) 0.009 0.010 0.001 0.014 
 116   (0.029) 0.013 0.018 0.021 0.017 
 137   (0.028) 0.045 0.013 0.021 0.010 
 123   (0.018) 0.002 0.006 0.053 0.008 
 149   (0.009) 0.001 0.003 0.003 0.003 
 138   (0.013) 0.001 0.031 0.001 0.001 
 143   (0.027) 0.039 0.022 0.027 0.003 
 163   (0.009) 0.002 0.004 0.001 0.003 
 109   (0.010) 0.001 0.004 0.001 0.011 
 139   (0.010) 0.001 0.007 0.001 0.001 
 106   (0.010) 0.001 0.007 0.001 0.002 
 144   (0.016) 0.002 0.017 0.008 0.003 
 122   (0.011) 0.002 0.002 0.001 0.013 
 100   (0.017) 0.002 0.018 0.015 0.003 
 111   (0.011) 0.001 0.019 0.001 0.001 
 233   (0.010) 0.001 0.006 0.002 0.001 
 134   (0.009) 0.001 0.004 0.004 0.001 
 140   (0.010) 0.001 0.007 0.001 0.001 

Locus 6 : 
17 alleles
0.0% missing data
 221   (0.028) 0.038 0.006 0.002 0.088 
 232   (0.260) 0.341 0.327 0.371 0.207 
 229   (0.047) 0.054 0.013 0.047 0.073 
 223   (0.056) 0.009 0.042 0.044 0.089 
 230   (0.164) 0.222 0.200 0.119 0.148 
 235   (0.015) 0.002 0.003 0.001 0.039 
 236   (0.038) 0.017 0.031 0.003 0.055 
 227   (0.018) 0.002 0.006 0.001 0.043 
 220   (0.048) 0.071 0.033 0.092 0.009 
 222   (0.046) 0.093 0.034 0.069 0.006 
 234   (0.128) 0.119 0.130 0.128 0.139 
 224   (0.030) 0.004 0.042 0.034 0.004 
 228   (0.058) 0.007 0.117 0.049 0.022 
 225   (0.012) 0.001 0.003 0.003 0.005 
 226   (0.016) 0.001 0.004 0.034 0.004 
 233   (0.023) 0.017 0.008 0.002 0.044 
 231   (0.014) 0.001 0.003 0.001 0.026 

Locus 7 : 
10 alleles
0.0% missing data
 121   (0.696) 0.773 0.795 0.748 0.834 
 129   (0.084) 0.060 0.052 0.111 0.075 
 130   (0.015) 0.002 0.003 0.011 0.003 
 123   (0.095) 0.094 0.095 0.107 0.040 
 128   (0.015) 0.031 0.003 0.001 0.002 
 131   (0.016) 0.010 0.005 0.003 0.004 
 117   (0.012) 0.001 0.008 0.001 0.001 
 125   (0.014) 0.001 0.014 0.001 0.002 
 134   (0.040) 0.012 0.021 0.017 0.036 
 132   (0.013) 0.015 0.003 0.001 0.002 

Locus 8 : 
19 alleles
0.0% missing data
 184   (0.300) 0.399 0.384 0.360 0.482 
 194   (0.045) 0.022 0.046 0.008 0.043 
 178   (0.089) 0.110 0.054 0.160 0.154 
 176   (0.082) 0.133 0.092 0.057 0.052 
 182   (0.080) 0.099 0.073 0.095 0.059 
 190   (0.024) 0.049 0.005 0.022 0.006 
 196   (0.027) 0.002 0.017 0.023 0.011 
 200   (0.029) 0.013 0.026 0.004 0.014 
 180   (0.029) 0.031 0.024 0.004 0.008 
 188   (0.044) 0.016 0.038 0.029 0.023 
 174   (0.038) 0.038 0.039 0.003 0.029 
 186   (0.116) 0.067 0.154 0.179 0.100 
 192   (0.025) 0.008 0.009 0.036 0.008 
 201   (0.011) 0.007 0.003 0.001 0.001 
 199   (0.018) 0.002 0.015 0.007 0.002 
 185   (0.011) 0.001 0.008 0.001 0.001 
 203   (0.011) 0.001 0.004 0.003 0.003 
 198   (0.011) 0.001 0.004 0.004 0.002 
 209   (0.011) 0.001 0.004 0.005 0.001 

Locus 9 : 
6 alleles
0.4% missing data
 154   (0.701) 0.718 0.754 0.787 0.707 
 156   (0.206) 0.270 0.197 0.139 0.196 
 152   (0.045) 0.008 0.018 0.069 0.055 
 153   (0.015) 0.001 0.012 0.002 0.002 
 160   (0.015) 0.001 0.013 0.002 0.002 
 164   (0.019) 0.002 0.006 0.001 0.037 

Locus 10 : 
29 alleles
0.7% missing data
 305   (0.070) 0.095 0.072 0.030 0.071 
 313   (0.043) 0.005 0.040 0.022 0.082 
 311   (0.014) 0.001 0.006 0.001 0.010 
 299   (0.093) 0.036 0.085 0.175 0.180 
 315   (0.067) 0.067 0.090 0.013 0.072 
 287   (0.064) 0.027 0.148 0.032 0.025 
 291   (0.102) 0.073 0.082 0.260 0.145 
 295   (0.024) 0.004 0.014 0.003 0.102 
 289   (0.018) 0.003 0.007 0.050 0.004 
 303   (0.065) 0.349 0.052 0.114 0.019 
 297   (0.038) 0.031 0.009 0.054 0.079 
 293   (0.024) 0.003 0.027 0.003 0.032 
 301   (0.052) 0.057 0.058 0.008 0.058 
 285   (0.029) 0.095 0.012 0.070 0.004 
 307   (0.052) 0.106 0.028 0.044 0.051 
 312   (0.048) 0.028 0.085 0.045 0.010 
 306   (0.024) 0.002 0.043 0.003 0.009 
 320   (0.012) 0.001 0.014 0.001 0.001 
 317   (0.023) 0.002 0.035 0.003 0.012 
 314   (0.021) 0.002 0.017 0.002 0.020 
 323   (0.012) 0.001 0.008 0.001 0.001 
 325   (0.011) 0.001 0.008 0.001 0.001 
 310   (0.017) 0.001 0.017 0.010 0.003 
 309   (0.013) 0.002 0.013 0.001 0.002 
 316   (0.016) 0.001 0.017 0.004 0.002 
 296   (0.011) 0.001 0.008 0.001 0.001 
 304   (0.012) 0.001 0.003 0.025 0.001 
 321   (0.012) 0.001 0.003 0.012 0.001 
 332   (0.013) 0.001 0.003 0.012 0.002 

Locus 11 : 
19 alleles
0.0% missing data
 114   (0.142) 0.245 0.147 0.016 0.224 
 126   (0.023) 0.013 0.005 0.002 0.031 
 111   (0.064) 0.006 0.019 0.549 0.134 
 116   (0.111) 0.139 0.072 0.038 0.153 
 132   (0.013) 0.001 0.003 0.001 0.007 
 109   (0.015) 0.001 0.003 0.001 0.027 
 128   (0.019) 0.002 0.009 0.002 0.008 
 112   (0.343) 0.526 0.543 0.056 0.337 
 122   (0.017) 0.011 0.007 0.001 0.002 
 124   (0.012) 0.008 0.003 0.001 0.001 
 118   (0.056) 0.030 0.033 0.038 0.026 
 127   (0.013) 0.001 0.008 0.001 0.002 
 113   (0.049) 0.005 0.056 0.234 0.007 
 115   (0.035) 0.003 0.046 0.004 0.022 
 120   (0.024) 0.002 0.011 0.029 0.005 
 117   (0.021) 0.002 0.010 0.012 0.003 
 125   (0.017) 0.001 0.020 0.001 0.002 
 119   (0.014) 0.001 0.003 0.012 0.002 
 136   (0.013) 0.001 0.004 0.001 0.006 

Locus 12 : 
28 alleles
0.7% missing data
 306   (0.072) 0.091 0.054 0.056 0.070 
 314   (0.047) 0.006 0.035 0.054 0.074 
 312   (0.012) 0.001 0.002 0.001 0.014 
 300   (0.097) 0.036 0.086 0.174 0.189 
 316   (0.034) 0.062 0.008 0.011 0.061 
 288   (0.064) 0.027 0.142 0.032 0.025 
 292   (0.109) 0.074 0.083 0.265 0.148 
 296   (0.031) 0.005 0.022 0.004 0.103 
 290   (0.019) 0.003 0.007 0.049 0.004 
 304   (0.070) 0.351 0.052 0.113 0.020 
 298   (0.039) 0.031 0.009 0.054 0.080 
 294   (0.025) 0.004 0.027 0.003 0.032 
 302   (0.054) 0.057 0.058 0.008 0.058 
 286   (0.031) 0.096 0.012 0.076 0.004 
 308   (0.030) 0.101 0.017 0.002 0.032 
 313   (0.038) 0.029 0.096 0.004 0.010 
 307   (0.047) 0.008 0.053 0.047 0.028 
 321   (0.013) 0.001 0.014 0.001 0.001 
 315   (0.038) 0.005 0.097 0.003 0.029 
 318   (0.021) 0.002 0.031 0.006 0.005 
 324   (0.012) 0.001 0.008 0.001 0.001 
 326   (0.011) 0.001 0.008 0.001 0.001 
 311   (0.023) 0.002 0.030 0.014 0.005 
 310   (0.012) 0.002 0.012 0.001 0.002 
 305   (0.014) 0.001 0.019 0.001 0.002 
 317   (0.013) 0.001 0.014 0.001 0.001 
 320   (0.012) 0.001 0.003 0.005 0.002 
 322   (0.012) 0.001 0.003 0.012 0.001 

Locus 13 : 
7 alleles
1.1% missing data
 161   (0.606) 0.551 0.556 0.490 0.690 
 163   (0.290) 0.035 0.421 0.444 0.243 
 160   (0.019) 0.182 0.005 0.002 0.003 
 162   (0.018) 0.184 0.004 0.001 0.002 
 165   (0.038) 0.005 0.009 0.062 0.054 
 166   (0.013) 0.002 0.003 0.001 0.007 
 164   (0.016) 0.041 0.003 0.001 0.002 

Locus 14 : 
4 alleles
0.4% missing data
  98   (0.958) 0.992 0.981 0.997 0.986 
 100   (0.013) 0.002 0.007 0.001 0.001 
  96   (0.016) 0.005 0.003 0.001 0.011 
 105   (0.013) 0.001 0.008 0.001 0.002 

Locus 15 : 
12 alleles
2.2% missing data
 171   (0.297) 0.188 0.357 0.337 0.337 
 177   (0.177) 0.197 0.181 0.115 0.206 
 173   (0.258) 0.130 0.278 0.462 0.292 
 179   (0.109) 0.405 0.085 0.051 0.081 
 183   (0.021) 0.003 0.009 0.003 0.021 
 181   (0.044) 0.065 0.036 0.016 0.008 
 197   (0.021) 0.003 0.010 0.003 0.026 
 170   (0.014) 0.001 0.014 0.001 0.002 
 189   (0.015) 0.003 0.010 0.001 0.005 
 203   (0.015) 0.002 0.006 0.001 0.017 
 187   (0.017) 0.002 0.011 0.005 0.002 
 198   (0.012) 0.001 0.004 0.005 0.002 

Values of parameters used in structure:
DATAFILE=STRUCTURE_main_final_278_HEG_ZG.str,	OUTFILE=STRUCTURE_main_final_278_HEG_ZG-K4-8,	NUMINDS=278,	NUMLOCI=15,	MISSING=-9,	LABEL=1,	POPDATA=1,	POPFLAG=0,	PHENOTYPE=0,	EXTRACOLS=0,	MAXPOPS=4,	BURNIN=100000,	NUMREPS=500000,	USEPOPINFO=0,	INFERALPHA=1,	INFERLAMBDA=0,	POPSPECIFICLAMBDA=0,	POPALPHAS=0,	COMPUTEPROB=1,	NOADMIX=0,	ADMBURNIN=2500,	UPDATEFREQ=1,	PRINTLIKES=0,	INTERMEDSAVE=0,	PRINTKLD=0,	PRINTNET=0,	PRINTLAMBDA=0,	ANCESTDIST=0,	NUMBOXES=1000,	ANCESTPINT=0.90000,	GENSBACK=2,	MIGRPRIOR=0.05000,	PRINTQHAT=0,	PRINTQSUM=0,	ALPHA=1.0000,	FREQSCORR=1,	FPRIORMEAN=0.0100,	FPRIORSD=0.0500,	ONEFST=0,	LAMBDA=1.0000,	UNIFPRIORALPHA=1,	ALPHAMAX=10.0000,	ALPHAPRIORA=1.0000,	ALPHAPRIORB=2.0000,	ALPHAPROPSD=0.0250,	STARTATPOPINFO=0,	RANDOMIZE=1,	LINKAGE=0,	METROFREQ=10,	REPORTHITRATE=0,	MARKOVPHASE=-1,	PHASED=0,	PLOIDY=2,	PHASEINFO=0	LOCPRIOR=0, 	LOCPRIORINIT=1.000000, 	LOCDATA=0, 	LOCISPOP=0, 	LOCPRIORSTEP=0.100000, 	MAXLOCPRIOR=20.000000, 	SEED=1782480291,	
[STRAT parameters]:    NUMSIMSTATS=1000,	PHENOTYPECOL=-9,	POOLFREQ=10,	LOCUSxONLY=0,	EMERROR=0.00100,	MISSINGPHENO=-9,	