

----------------------------------------------------
STRUCTURE by Pritchard, Stephens and Donnelly (2000)
     and Falush, Stephens and Pritchard (2003)
       Code by Pritchard, Falush and Hubisz
             Version 2.3.4 (Jul 2012)
----------------------------------------------------



Command line arguments:   structure -K 6 -i STRUCTURE_main_final_278_HEG_ZG.str -o STRUCTURE_main_final_278_HEG_ZG-K6-14 
Input File:    STRUCTURE_main_final_278_HEG_ZG.str

Run parameters:
   278 individuals
   15 loci
   6 populations assumed
   100000 Burn-in period
   500000 Reps


--------------------------------------------
Proportion of membership of each pre-defined
 population in each of the 6 clusters

Given    Inferred Clusters                            Number of
 Pop       1      2      3      4      5      6      Individuals

  1:     0.085  0.027  0.697  0.082  0.089  0.019       24
  2:     0.062  0.040  0.042  0.091  0.028  0.737       24
  3:     0.302  0.399  0.037  0.035  0.199  0.028       24
  4:     0.088  0.367  0.277  0.139  0.085  0.044       24
  5:     0.274  0.512  0.054  0.074  0.042  0.043       24
  6:     0.042  0.046  0.590  0.247  0.033  0.042       24
  7:     0.034  0.039  0.102  0.778  0.016  0.032       24
  8:     0.073  0.743  0.069  0.019  0.075  0.021       14
  9:     0.351  0.108  0.060  0.012  0.320  0.150       24
 10:     0.096  0.033  0.018  0.051  0.790  0.012       24
 11:     0.178  0.035  0.041  0.020  0.697  0.029       24
 12:     0.094  0.313  0.321  0.172  0.078  0.022       24
--------------------------------------------

Allele-freq. divergence among pops (Net nucleotide distance),
computed using point estimates of P.

      1       2       3       4       5       6      
 1      -    0.0238  0.0311  0.0698  0.0448  0.0670  
 2   0.0238     -    0.0234  0.0581  0.0410  0.0545  
 3   0.0311  0.0234     -    0.0536  0.0516  0.0590  
 4   0.0698  0.0581  0.0536     -    0.1011  0.0912  
 5   0.0448  0.0410  0.0516  0.1011     -    0.0944  
 6   0.0670  0.0545  0.0590  0.0912  0.0944     -    

Average distances (expected heterozygosity) between individuals in same cluster:
cluster  1  : 0.6439 
cluster  2  : 0.6387 
cluster  3  : 0.6273 
cluster  4  : 0.5567 
cluster  5  : 0.6186 
cluster  6  : 0.6198 

--------------------------------------------
Estimated Ln Prob of Data   = -12804.8
Mean value of ln likelihood = -12251.2
Variance of ln likelihood   = 1107.1
Mean value of alpha         = 0.0666

Mean value of Fst_1         = 0.0823
Mean value of Fst_2         = 0.0418
Mean value of Fst_3         = 0.0717
Mean value of Fst_4         = 0.1656
Mean value of Fst_5         = 0.1256
Mean value of Fst_6         = 0.1700


Inferred ancestry of individuals:
        Label (%Miss) Pop:  Inferred clusters
  1 24.0601.E1    (0)    1 :  0.016 0.010 0.912 0.023 0.012 0.027 
  2 24.0602.E1    (0)    1 :  0.039 0.013 0.905 0.012 0.023 0.007 
  3 24.0603.E1    (0)    1 :  0.018 0.053 0.855 0.055 0.011 0.008 
  4 24.0604.E1    (0)    1 :  0.157 0.010 0.796 0.008 0.020 0.009 
  5 24.0605.E1    (0)    1 :  0.018 0.016 0.899 0.036 0.015 0.015 
  6 24.0606.E1    (0)    1 :  0.015 0.012 0.913 0.023 0.022 0.015 
  7 24.0607.E1    (0)    1 :  0.620 0.025 0.120 0.209 0.017 0.010 
  8 24.0608.E1    (0)    1 :  0.016 0.011 0.656 0.177 0.134 0.006 
  9 24.0609.E1    (0)    1 :  0.022 0.099 0.463 0.009 0.400 0.007 
 10 24.0610.E1    (0)    1 :  0.009 0.074 0.701 0.010 0.198 0.008 
 11 24.0611.E1    (0)    1 :  0.013 0.019 0.914 0.009 0.026 0.019 
 12 24.0612.E1    (0)    1 :  0.026 0.012 0.913 0.021 0.008 0.020 
 13 24.0613.E1    (0)    1 :  0.009 0.009 0.952 0.007 0.015 0.008 
 14 24.0614.E1    (0)    1 :  0.030 0.014 0.358 0.393 0.191 0.014 
 15 24.0615.E1    (0)    1 :  0.067 0.015 0.610 0.076 0.211 0.021 
 16 24.0616.E1    (0)    1 :  0.018 0.008 0.939 0.008 0.014 0.014 
 17 24.0617.E1    (0)    1 :  0.018 0.019 0.408 0.030 0.491 0.035 
 18 24.0618.E1    (0)    1 :  0.021 0.032 0.820 0.008 0.101 0.018 
 19 24.0619.E1    (0)    1 :  0.366 0.040 0.556 0.008 0.012 0.019 
 20 24.0620.E1   (20)    1 :  0.032 0.039 0.078 0.793 0.040 0.018 
 21 24.0621.E1    (0)    1 :  0.458 0.051 0.372 0.010 0.101 0.008 
 22 24.0622.E1    (0)    1 :  0.008 0.021 0.931 0.012 0.009 0.019 
 23 24.0623.E1    (0)    1 :  0.045 0.043 0.710 0.022 0.044 0.136 
 24 24.0624.E1    (0)    1 :  0.007 0.008 0.955 0.008 0.013 0.008 
 25 24.0625.E1    (0)    2 :  0.026 0.060 0.021 0.174 0.042 0.676 
 26 24.0626.E1    (0)    2 :  0.007 0.009 0.006 0.122 0.014 0.842 
 27 24.0627.E1    (0)    2 :  0.427 0.029 0.013 0.032 0.009 0.490 
 28 24.0628.E1    (0)    2 :  0.012 0.171 0.040 0.247 0.118 0.412 
 29 24.0629.E1    (0)    2 :  0.026 0.019 0.110 0.009 0.020 0.816 
 30 24.0630.E1    (0)    2 :  0.009 0.010 0.009 0.136 0.011 0.825 
 31 24.0631.E1    (0)    2 :  0.005 0.005 0.008 0.006 0.004 0.971 
 32 24.0632.E1    (0)    2 :  0.016 0.011 0.016 0.054 0.009 0.894 
 33 24.0633.E1    (0)    2 :  0.014 0.127 0.022 0.207 0.090 0.539 
 34 24.0634.E1    (0)    2 :  0.011 0.012 0.012 0.010 0.013 0.943 
 35 24.0635.E1    (0)    2 :  0.043 0.170 0.036 0.038 0.066 0.647 
 36 24.0636.E1   (33)    2 :  0.021 0.040 0.045 0.834 0.011 0.048 
 37 24.0637.E1    (0)    2 :  0.007 0.007 0.006 0.009 0.004 0.967 
 38 24.0638.E1    (0)    2 :  0.027 0.083 0.013 0.007 0.008 0.862 
 39 24.0639.E1    (0)    2 :  0.079 0.013 0.068 0.023 0.072 0.744 
 40 24.0640.E1    (0)    2 :  0.007 0.008 0.011 0.009 0.007 0.959 
 41 24.0641.E1    (0)    2 :  0.399 0.037 0.164 0.024 0.016 0.360 
 42 24.0642.E1    (0)    2 :  0.011 0.056 0.295 0.052 0.007 0.579 
 43 24.0643.E1    (0)    2 :  0.290 0.014 0.016 0.083 0.012 0.586 
 44 24.0644.E1    (0)    2 :  0.011 0.018 0.017 0.009 0.045 0.900 
 45 24.0645.E1    (0)    2 :  0.013 0.030 0.048 0.067 0.036 0.806 
 46 24.0646.E1    (0)    2 :  0.011 0.018 0.016 0.009 0.045 0.901 
 47 24.0647.E1    (0)    2 :  0.007 0.007 0.006 0.010 0.004 0.967 
 48 24.0648.E1    (0)    2 :  0.007 0.007 0.006 0.010 0.004 0.967 
 49 24.0649.E1    (0)    3 :  0.032 0.904 0.011 0.005 0.039 0.009 
 50 24.0650.E1    (0)    3 :  0.017 0.270 0.215 0.006 0.486 0.006 
 51 24.0651.E1    (0)    3 :  0.271 0.406 0.010 0.022 0.023 0.268 
 52 24.0652.E1    (0)    3 :  0.085 0.502 0.038 0.009 0.360 0.006 
 53 24.0653.E1    (0)    3 :  0.926 0.030 0.008 0.008 0.021 0.007 
 54 24.0654.E1    (0)    3 :  0.029 0.580 0.010 0.007 0.362 0.013 
 55 24.0655.E1    (0)    3 :  0.108 0.571 0.086 0.017 0.158 0.060 
 56 24.0656.E1    (0)    3 :  0.035 0.427 0.017 0.078 0.434 0.009 
 57 24.0657.E1    (0)    3 :  0.036 0.442 0.017 0.072 0.424 0.009 
 58 24.0658.E1    (0)    3 :  0.111 0.753 0.028 0.010 0.089 0.009 
 59 24.0659.E1    (0)    3 :  0.412 0.291 0.087 0.006 0.181 0.023 
 60 24.0660.E1    (6)    3 :  0.048 0.868 0.045 0.008 0.012 0.019 
 61 24.0661.E1    (0)    3 :  0.045 0.206 0.013 0.149 0.578 0.009 
 62 24.0662.E1    (0)    3 :  0.297 0.325 0.108 0.021 0.121 0.129 
 63 24.0663.E1    (0)    3 :  0.012 0.105 0.010 0.009 0.853 0.011 
 64 24.0664.E1    (0)    3 :  0.024 0.747 0.009 0.061 0.150 0.010 
 65 24.0665.E1    (0)    3 :  0.049 0.598 0.008 0.294 0.042 0.008 
 66 24.0666.E1    (0)    3 :  0.942 0.015 0.015 0.007 0.012 0.008 
 67 24.0667.E1    (0)    3 :  0.907 0.055 0.014 0.006 0.011 0.007 
 68 24.0668.E1    (0)    3 :  0.968 0.008 0.005 0.005 0.007 0.007 
 69 24.0669.E1    (0)    3 :  0.967 0.008 0.006 0.006 0.007 0.006 
 70 24.0670.E1    (0)    3 :  0.444 0.338 0.018 0.008 0.184 0.008 
 71 24.0671.E1    (0)    3 :  0.055 0.677 0.015 0.014 0.214 0.024 
 72 24.0672.E1    (0)    3 :  0.420 0.461 0.088 0.008 0.013 0.009 
 73 24.0673.E1    (6)    4 :  0.018 0.054 0.217 0.583 0.104 0.026 
 74 24.0674.E1    (0)    4 :  0.011 0.066 0.388 0.493 0.018 0.024 
 75 24.0675.E1    (0)    4 :  0.015 0.477 0.082 0.134 0.255 0.037 
 76 24.0676.E1    (0)    4 :  0.015 0.469 0.048 0.063 0.391 0.015 
 77 24.0677.E1    (0)    4 :  0.411 0.255 0.083 0.019 0.225 0.006 
 78 24.0678.E1    (0)    4 :  0.384 0.162 0.327 0.021 0.015 0.091 
 79 24.0679.E1    (0)    4 :  0.131 0.533 0.203 0.016 0.099 0.016 
 80 24.0680.E1    (0)    4 :  0.194 0.696 0.060 0.015 0.014 0.022 
 81 24.0681.E1    (0)    4 :  0.022 0.632 0.288 0.031 0.013 0.014 
 82 24.0682.E1    (0)    4 :  0.014 0.604 0.277 0.076 0.013 0.016 
 83 24.0683.E1    (0)    4 :  0.019 0.038 0.346 0.578 0.012 0.007 
 84 24.0684.E1    (0)    4 :  0.044 0.079 0.466 0.345 0.022 0.045 
 85 24.0685.E1    (0)    4 :  0.054 0.134 0.722 0.052 0.019 0.018 
 86 24.0686.E1    (0)    4 :  0.088 0.576 0.111 0.016 0.018 0.191 
 87 24.0687.E1    (0)    4 :  0.037 0.455 0.083 0.032 0.029 0.363 
 88 24.0688.E1    (0)    4 :  0.010 0.830 0.113 0.030 0.007 0.009 
 89 24.0689.E1    (0)    4 :  0.020 0.172 0.118 0.094 0.565 0.031 
 90 24.0690.E1    (0)    4 :  0.500 0.349 0.036 0.041 0.012 0.062 
 91 24.0691.E1    (0)    4 :  0.011 0.130 0.784 0.028 0.032 0.014 
 92 24.0692.E1    (0)    4 :  0.012 0.902 0.026 0.030 0.022 0.008 
 93 24.0693.E1    (0)    4 :  0.017 0.263 0.027 0.591 0.088 0.013 
 94 24.0694.E1    (0)    4 :  0.021 0.742 0.194 0.024 0.010 0.008 
 95 24.0695.E1    (0)    4 :  0.017 0.059 0.880 0.013 0.023 0.009 
 96 24.0696.E1    (0)    4 :  0.038 0.137 0.767 0.017 0.023 0.018 
 97 24.0697.E1    (0)    5 :  0.055 0.699 0.014 0.192 0.022 0.018 
 98 24.0698.E1    (0)    5 :  0.434 0.260 0.053 0.170 0.057 0.026 
 99 24.0699.E1    (0)    5 :  0.597 0.331 0.029 0.012 0.016 0.015 
100 24.0700.E1    (0)    5 :  0.048 0.913 0.010 0.010 0.010 0.008 
101 24.0701.E1    (0)    5 :  0.922 0.011 0.009 0.036 0.011 0.010 
102 24.0702.E1    (0)    5 :  0.145 0.758 0.017 0.048 0.011 0.020 
103 24.0703.E1    (0)    5 :  0.524 0.305 0.018 0.010 0.021 0.122 
104 24.0704.E1    (6)    5 :  0.648 0.262 0.030 0.017 0.015 0.028 
105 24.0705.E1    (0)    5 :  0.079 0.629 0.250 0.015 0.011 0.016 
106 24.0706.E1    (0)    5 :  0.049 0.903 0.010 0.013 0.016 0.010 
107 24.0707.E1    (0)    5 :  0.022 0.881 0.030 0.021 0.008 0.039 
108 24.0708.E1    (0)    5 :  0.099 0.031 0.126 0.053 0.351 0.341 
109 24.0709.E1    (0)    5 :  0.044 0.770 0.057 0.013 0.100 0.016 
110 24.0710.E1    (0)    5 :  0.548 0.147 0.164 0.078 0.053 0.011 
111 24.0711.E1    (0)    5 :  0.315 0.464 0.132 0.025 0.012 0.051 
112 24.0712.E1    (0)    5 :  0.860 0.029 0.030 0.023 0.008 0.049 
113 24.0713.E1    (0)    5 :  0.024 0.915 0.013 0.016 0.023 0.010 
114 24.0714.E1    (0)    5 :  0.209 0.611 0.097 0.013 0.041 0.028 
115 24.0715.E1    (0)    5 :  0.071 0.256 0.057 0.564 0.041 0.010 
116 24.0716.E1    (0)    5 :  0.662 0.137 0.061 0.029 0.056 0.055 
117 24.0717.E1    (0)    5 :  0.068 0.349 0.024 0.379 0.087 0.094 
118 24.0718.E1    (0)    5 :  0.025 0.907 0.026 0.014 0.008 0.021 
119 24.0719.E1    (0)    5 :  0.102 0.812 0.016 0.015 0.024 0.030 
120 24.0720.E1    (0)    5 :  0.020 0.918 0.023 0.009 0.015 0.015 
121 24.0721.E1    (0)    6 :  0.037 0.131 0.064 0.627 0.100 0.041 
122 24.0722.E1    (0)    6 :  0.125 0.035 0.107 0.533 0.016 0.185 
123 24.0723.E1    (0)    6 :  0.041 0.024 0.082 0.317 0.171 0.366 
124 24.0724.E1    (0)    6 :  0.037 0.026 0.461 0.312 0.128 0.036 
125 24.0725.E1    (0)    6 :  0.013 0.018 0.932 0.009 0.019 0.010 
126 24.0726.E1    (6)    6 :  0.011 0.019 0.868 0.082 0.009 0.010 
127 24.0727.E1    (0)    6 :  0.043 0.040 0.362 0.502 0.034 0.021 
128 24.0728.E1    (0)    6 :  0.031 0.133 0.557 0.205 0.029 0.046 
129 24.0729.E1    (0)    6 :  0.023 0.029 0.877 0.041 0.014 0.016 
130 24.0730.E1    (0)    6 :  0.178 0.269 0.400 0.075 0.062 0.016 
131 24.0731.E1    (0)    6 :  0.008 0.031 0.906 0.034 0.012 0.009 
132 24.0732.E1    (0)    6 :  0.011 0.033 0.111 0.826 0.007 0.011 
133 24.0733.E1    (0)    6 :  0.006 0.007 0.951 0.022 0.007 0.007 
134 24.0734.E1    (0)    6 :  0.024 0.041 0.055 0.843 0.013 0.024 
135 24.0735.E1    (0)    6 :  0.022 0.031 0.649 0.220 0.028 0.049 
136 24.0736.E1    (0)    6 :  0.009 0.011 0.894 0.066 0.009 0.010 
137 24.0737.E1    (0)    6 :  0.011 0.023 0.896 0.009 0.011 0.051 
138 24.0738.E1    (0)    6 :  0.013 0.014 0.914 0.038 0.009 0.012 
139 24.0739.E1    (0)    6 :  0.009 0.023 0.935 0.007 0.010 0.016 
140 24.0740.E1    (0)    6 :  0.014 0.031 0.911 0.014 0.014 0.016 
141 24.0741.E1    (0)    6 :  0.010 0.042 0.628 0.291 0.011 0.017 
142 24.0742.E1    (0)    6 :  0.011 0.013 0.398 0.553 0.010 0.015 
143 24.0743.E1    (0)    6 :  0.028 0.016 0.782 0.132 0.034 0.007 
144 24.0744.E1    (0)    6 :  0.294 0.058 0.414 0.180 0.034 0.019 
145 24.0745.E1    (0)    7 :  0.026 0.025 0.007 0.925 0.011 0.006 
146 24.0746.E1    (0)    7 :  0.054 0.079 0.068 0.669 0.015 0.116 
147 24.0747.E1    (0)    7 :  0.015 0.087 0.061 0.797 0.029 0.011 
148 24.0748.E1    (6)    7 :  0.018 0.106 0.077 0.747 0.041 0.012 
149 24.0749.E1    (0)    7 :  0.017 0.011 0.272 0.680 0.011 0.011 
150 24.0750.E1    (0)    7 :  0.048 0.120 0.548 0.232 0.031 0.021 
151 24.0751.E1    (0)    7 :  0.007 0.007 0.011 0.960 0.006 0.009 
152 24.0752.E1    (0)    7 :  0.014 0.010 0.052 0.904 0.013 0.008 
153 24.0753.E1    (0)    7 :  0.013 0.013 0.209 0.607 0.007 0.151 
154 24.0754.E1    (0)    7 :  0.008 0.009 0.027 0.935 0.007 0.014 
155 24.0755.E1    (0)    7 :  0.021 0.091 0.028 0.800 0.034 0.025 
156 24.0756.E1    (0)    7 :  0.012 0.006 0.019 0.933 0.018 0.011 
157 24.0757.E1    (0)    7 :  0.005 0.005 0.005 0.974 0.004 0.006 
158 24.0758.E1    (0)    7 :  0.005 0.006 0.006 0.973 0.004 0.006 
159 24.0759.E1    (0)    7 :  0.011 0.011 0.023 0.940 0.008 0.007 
160 24.0760.E1    (0)    7 :  0.016 0.060 0.017 0.637 0.007 0.263 
161 24.0761.E1    (0)    7 :  0.005 0.006 0.007 0.966 0.006 0.010 
162 24.0762.E1    (0)    7 :  0.433 0.206 0.218 0.076 0.054 0.012 
163 24.0763.E1    (0)    7 :  0.005 0.008 0.010 0.966 0.005 0.005 
164 24.0764.E1    (0)    7 :  0.007 0.008 0.016 0.953 0.006 0.009 
165 24.0765.E1    (0)    7 :  0.010 0.010 0.012 0.933 0.012 0.023 
166 24.0766.E1    (0)    7 :  0.007 0.008 0.011 0.961 0.006 0.007 
167 24.0767.E1    (0)    7 :  0.005 0.006 0.008 0.970 0.006 0.006 
168 24.0768.E1    (0)    7 :  0.048 0.035 0.733 0.141 0.035 0.008 
169 24.0779.E1    (0)    8 :  0.037 0.861 0.022 0.057 0.013 0.010 
170 24.0780.E1    (6)    8 :  0.016 0.807 0.010 0.006 0.152 0.008 
171 24.0781.E1    (0)    8 :  0.010 0.958 0.006 0.007 0.011 0.007 
172 24.0782.E1    (0)    8 :  0.030 0.135 0.654 0.045 0.036 0.100 
173 24.0783.E1    (0)    8 :  0.160 0.517 0.022 0.009 0.271 0.022 
174 24.0784.E1    (0)    8 :  0.010 0.943 0.011 0.006 0.021 0.009 
175 24.0785.E1    (0)    8 :  0.076 0.754 0.011 0.006 0.147 0.006 
176 24.0786.E1    (0)    8 :  0.015 0.860 0.029 0.015 0.071 0.010 
177 24.0787.E1    (0)    8 :  0.014 0.887 0.019 0.025 0.016 0.039 
178 24.0788.E1    (0)    8 :  0.008 0.900 0.007 0.009 0.062 0.014 
179 24.0789.E1    (0)    8 :  0.062 0.676 0.080 0.012 0.123 0.047 
180 24.0790.E1    (0)    8 :  0.011 0.947 0.006 0.005 0.022 0.009 
181 24.0791.E1    (0)    8 :  0.528 0.375 0.067 0.010 0.014 0.007 
182 24.0792.E1    (0)    8 :  0.045 0.778 0.023 0.058 0.089 0.007 
183 24.0793.E1    (0)    9 :  0.395 0.026 0.020 0.009 0.307 0.244 
184 24.0794.E1    (0)    9 :  0.036 0.083 0.483 0.015 0.371 0.012 
185 24.0795.E1    (0)    9 :  0.088 0.033 0.454 0.016 0.136 0.272 
186 24.0796.E1    (0)    9 :  0.021 0.136 0.032 0.007 0.795 0.009 
187 24.0797.E1    (0)    9 :  0.278 0.086 0.016 0.005 0.551 0.064 
188 24.0798.E1    (0)    9 :  0.695 0.040 0.015 0.038 0.073 0.140 
189 24.0799.E1    (0)    9 :  0.893 0.016 0.018 0.009 0.046 0.017 
190 24.0800.E1    (0)    9 :  0.265 0.046 0.030 0.013 0.637 0.008 
191 24.0801.E1    (0)    9 :  0.920 0.033 0.008 0.008 0.018 0.012 
192 24.0802.E1    (0)    9 :  0.218 0.021 0.019 0.006 0.312 0.423 
193 24.0803.E1    (0)    9 :  0.849 0.012 0.013 0.007 0.028 0.091 
194 24.0804.E1    (0)    9 :  0.091 0.012 0.014 0.006 0.636 0.241 
195 24.0805.E1    (0)    9 :  0.660 0.265 0.019 0.012 0.029 0.014 
196 24.0806.E1    (0)    9 :  0.260 0.018 0.027 0.014 0.126 0.555 
197 24.0807.E1    (0)    9 :  0.226 0.029 0.014 0.006 0.423 0.302 
198 24.0808.E1    (0)    9 :  0.092 0.550 0.019 0.008 0.317 0.014 
199 24.0809.E1    (0)    9 :  0.450 0.211 0.070 0.021 0.237 0.011 
200 24.0810.E1    (0)    9 :  0.701 0.029 0.032 0.028 0.167 0.043 
201 24.0811.E1    (0)    9 :  0.108 0.025 0.035 0.007 0.652 0.174 
202 24.0812.E1    (0)    9 :  0.074 0.210 0.048 0.010 0.641 0.016 
203 24.0813.E1    (0)    9 :  0.109 0.518 0.014 0.010 0.124 0.226 
204 24.0814.E1    (6)    9 :  0.069 0.070 0.011 0.007 0.703 0.142 
205 24.0815.E1    (0)    9 :  0.545 0.094 0.009 0.012 0.071 0.270 
206 24.0816.E1    (0)    9 :  0.372 0.021 0.010 0.006 0.290 0.301 
207 24.0817.E1    (0)   10 :  0.019 0.020 0.023 0.009 0.920 0.010 
208 24.0818.E1    (0)   10 :  0.037 0.046 0.040 0.014 0.847 0.015 
209 24.0819.E1    (0)   10 :  0.644 0.018 0.012 0.209 0.105 0.012 
210 24.0820.E1    (0)   10 :  0.017 0.010 0.008 0.406 0.550 0.010 
211 24.0821.E1    (0)   10 :  0.447 0.240 0.019 0.008 0.267 0.017 
212 24.0822.E1    (0)   10 :  0.013 0.022 0.010 0.024 0.926 0.005 
213 24.0823.E1    (0)   10 :  0.020 0.012 0.011 0.099 0.845 0.014 
214 24.0824.E1    (0)   10 :  0.583 0.017 0.019 0.013 0.355 0.012 
215 24.0825.E1    (0)   10 :  0.008 0.012 0.009 0.011 0.952 0.008 
216 24.0826.E1    (0)   10 :  0.027 0.016 0.007 0.236 0.704 0.010 
217 24.0827.E1    (0)   10 :  0.014 0.019 0.037 0.007 0.913 0.011 
218 24.0828.E1    (0)   10 :  0.032 0.016 0.009 0.049 0.881 0.012 
219 24.0829.E1    (0)   10 :  0.035 0.013 0.009 0.017 0.918 0.008 
220 24.0830.E1    (0)   10 :  0.043 0.040 0.012 0.006 0.890 0.009 
221 24.0831.E1    (0)   10 :  0.088 0.092 0.008 0.006 0.799 0.007 
222 24.0832.E1    (0)   10 :  0.007 0.010 0.012 0.006 0.959 0.005 
223 24.0833.E1    (0)   10 :  0.005 0.010 0.006 0.007 0.967 0.005 
224 24.0834.E1    (0)   10 :  0.008 0.011 0.011 0.011 0.949 0.009 
225 24.0835.E1    (0)   10 :  0.023 0.012 0.018 0.007 0.931 0.009 
226 24.0836.E1    (0)   10 :  0.027 0.027 0.025 0.018 0.896 0.008 
227 24.0837.E1    (0)   10 :  0.012 0.017 0.011 0.009 0.945 0.006 
228 24.0838.E1    (0)   10 :  0.008 0.019 0.008 0.014 0.945 0.006 
229 24.0839.E1    (0)   10 :  0.141 0.071 0.081 0.038 0.641 0.028 
230 24.0840.E1    (0)   10 :  0.054 0.015 0.017 0.006 0.857 0.052 
231 24.0841.E1    (0)   11 :  0.073 0.018 0.029 0.025 0.850 0.006 
232 24.0842.E1    (0)   11 :  0.337 0.011 0.020 0.012 0.614 0.005 
233 24.0843.E1    (0)   11 :  0.297 0.016 0.007 0.031 0.641 0.008 
234 24.0844.E1    (0)   11 :  0.681 0.030 0.025 0.009 0.247 0.008 
235 24.0845.E1    (0)   11 :  0.029 0.054 0.009 0.007 0.893 0.007 
236 24.0846.E1    (0)   11 :  0.032 0.017 0.021 0.011 0.905 0.014 
237 24.0847.E1    (0)   11 :  0.027 0.027 0.068 0.019 0.848 0.010 
238 24.0848.E1    (0)   11 :  0.067 0.060 0.026 0.006 0.835 0.007 
239 24.0849.E1    (0)   11 :  0.011 0.008 0.008 0.012 0.955 0.006 
240 24.0850.E1    (0)   11 :  0.010 0.008 0.008 0.012 0.955 0.006 
241 24.0851.E1    (0)   11 :  0.011 0.008 0.008 0.012 0.955 0.006 
242 24.0852.E1    (0)   11 :  0.015 0.029 0.008 0.038 0.904 0.006 
243 24.0853.E1    (0)   11 :  0.008 0.008 0.006 0.013 0.957 0.007 
244 24.0854.E1    (0)   11 :  0.865 0.017 0.011 0.013 0.086 0.009 
245 24.0855.E1    (0)   11 :  0.020 0.009 0.009 0.011 0.944 0.007 
246 24.0856.E1    (0)   11 :  0.547 0.032 0.076 0.042 0.062 0.241 
247 24.0857.E1    (0)   11 :  0.056 0.027 0.031 0.018 0.853 0.015 
248 24.0858.E1    (0)   11 :  0.071 0.034 0.017 0.018 0.853 0.007 
249 24.0859.E1    (0)   11 :  0.031 0.015 0.013 0.099 0.828 0.015 
250 24.0860.E1    (0)   11 :  0.790 0.025 0.028 0.030 0.095 0.031 
251 24.0861.E1    (0)   11 :  0.010 0.009 0.008 0.013 0.954 0.006 
252 24.0862.E1    (0)   11 :  0.238 0.071 0.066 0.011 0.354 0.260 
253 24.0863.E1    (0)   11 :  0.010 0.009 0.008 0.013 0.954 0.006 
254 24.0864.E1    (0)   11 :  0.028 0.284 0.476 0.009 0.193 0.010 
255 24.0865.E1    (0)   12 :  0.016 0.188 0.021 0.449 0.307 0.018 
256 24.0866.E1    (0)   12 :  0.255 0.336 0.067 0.082 0.251 0.009 
257 24.0867.E1    (0)   12 :  0.056 0.224 0.036 0.417 0.193 0.073 
258 24.0868.E1    (0)   12 :  0.018 0.892 0.017 0.021 0.029 0.022 
259 24.0869.E1    (0)   12 :  0.012 0.817 0.026 0.016 0.096 0.033 
260 24.0870.E1    (0)   12 :  0.027 0.741 0.086 0.029 0.027 0.090 
261 24.0871.E1    (0)   12 :  0.072 0.510 0.296 0.012 0.042 0.066 
262 24.0872.E1    (0)   12 :  0.129 0.427 0.023 0.349 0.056 0.015 
263 24.0873.E1    (0)   12 :  0.034 0.744 0.047 0.048 0.104 0.024 
264 24.0874.E1    (0)   12 :  0.079 0.164 0.022 0.449 0.272 0.014 
265 24.0875.E1    (0)   12 :  0.474 0.444 0.036 0.018 0.014 0.013 
266 24.0876.E1    (0)   12 :  0.347 0.330 0.263 0.034 0.009 0.016 
267 24.0877.E1    (0)   12 :  0.026 0.017 0.881 0.060 0.008 0.008 
268 24.0878.E1    (0)   12 :  0.011 0.054 0.878 0.012 0.035 0.010 
269 24.0879.E1    (0)   12 :  0.160 0.023 0.788 0.008 0.009 0.013 
270 24.0880.E1    (0)   12 :  0.035 0.539 0.055 0.021 0.329 0.021 
271 24.0881.E1    (0)   12 :  0.009 0.007 0.951 0.015 0.008 0.010 
272 24.0882.E1    (0)   12 :  0.022 0.014 0.211 0.732 0.012 0.009 
273 24.0883.E1    (0)   12 :  0.186 0.021 0.423 0.341 0.015 0.015 
274 24.0884.E1    (0)   12 :  0.012 0.012 0.922 0.037 0.009 0.009 
275 24.0885.E1    (0)   12 :  0.017 0.064 0.882 0.011 0.011 0.016 
276 24.0886.E1    (0)   12 :  0.053 0.024 0.690 0.213 0.014 0.006 
277 24.0887.E1    (0)   12 :  0.168 0.011 0.068 0.734 0.006 0.013 
278 24.0888.E1    (0)   12 :  0.033 0.919 0.020 0.007 0.011 0.010 


Estimated Allele Frequencies in each cluster
First column gives estimated ancestral frequencies


Locus 1 : 
31 alleles
0.0% missing data
 115   (0.033) 0.015 0.019 0.150 0.031 0.004 0.004 
 117   (0.040) 0.041 0.012 0.179 0.165 0.003 0.004 
 119   (0.043) 0.007 0.008 0.223 0.265 0.003 0.211 
 131   (0.015) 0.002 0.003 0.039 0.003 0.002 0.001 
 128   (0.037) 0.023 0.032 0.043 0.005 0.015 0.004 
 135   (0.015) 0.003 0.003 0.046 0.004 0.001 0.001 
 126   (0.076) 0.064 0.067 0.072 0.086 0.168 0.015 
 122   (0.032) 0.050 0.017 0.012 0.002 0.004 0.145 
 132   (0.032) 0.018 0.024 0.005 0.017 0.029 0.005 
 141   (0.011) 0.002 0.002 0.007 0.001 0.001 0.003 
 130   (0.051) 0.051 0.091 0.009 0.024 0.026 0.024 
 134   (0.036) 0.012 0.029 0.005 0.003 0.043 0.116 
 145   (0.028) 0.015 0.017 0.004 0.021 0.017 0.013 
 127   (0.027) 0.005 0.006 0.023 0.141 0.002 0.034 
 116   (0.109) 0.111 0.234 0.035 0.041 0.196 0.190 
 114   (0.050) 0.067 0.041 0.007 0.009 0.153 0.088 
 120   (0.039) 0.072 0.041 0.010 0.004 0.003 0.075 
 110   (0.047) 0.052 0.018 0.038 0.022 0.055 0.024 
 133   (0.016) 0.007 0.003 0.003 0.012 0.001 0.007 
 118   (0.097) 0.335 0.251 0.018 0.033 0.210 0.015 
 125   (0.015) 0.006 0.005 0.002 0.001 0.009 0.003 
 129   (0.021) 0.009 0.007 0.038 0.008 0.001 0.002 
 124   (0.017) 0.014 0.012 0.006 0.002 0.001 0.002 
 136   (0.024) 0.004 0.026 0.004 0.002 0.038 0.003 
 121   (0.015) 0.002 0.003 0.006 0.056 0.001 0.001 
 139   (0.012) 0.002 0.002 0.009 0.001 0.001 0.001 
 113   (0.011) 0.002 0.002 0.001 0.012 0.001 0.001 
 111   (0.012) 0.002 0.002 0.002 0.012 0.001 0.001 
 143   (0.012) 0.002 0.002 0.001 0.013 0.001 0.001 
 140   (0.014) 0.003 0.015 0.002 0.001 0.001 0.003 
 112   (0.011) 0.002 0.002 0.001 0.001 0.008 0.001 

Locus 2 : 
18 alleles
0.0% missing data
 152   (0.378) 0.454 0.372 0.588 0.740 0.280 0.433 
 148   (0.064) 0.030 0.031 0.178 0.056 0.005 0.186 
 154   (0.112) 0.059 0.114 0.059 0.057 0.154 0.241 
 156   (0.017) 0.005 0.006 0.011 0.001 0.002 0.003 
 150   (0.025) 0.005 0.005 0.006 0.040 0.002 0.053 
 164   (0.074) 0.049 0.079 0.081 0.014 0.081 0.019 
 158   (0.031) 0.076 0.007 0.017 0.008 0.002 0.020 
 160   (0.018) 0.003 0.012 0.002 0.021 0.001 0.002 
 166   (0.021) 0.021 0.015 0.004 0.001 0.002 0.009 
 151   (0.072) 0.112 0.157 0.009 0.006 0.347 0.007 
 147   (0.066) 0.139 0.120 0.008 0.010 0.106 0.009 
 168   (0.023) 0.015 0.021 0.004 0.003 0.004 0.003 
 153   (0.014) 0.003 0.014 0.002 0.002 0.002 0.002 
 149   (0.025) 0.018 0.017 0.004 0.011 0.002 0.002 
 162   (0.020) 0.006 0.008 0.006 0.004 0.009 0.008 
 167   (0.013) 0.002 0.002 0.017 0.001 0.001 0.001 
 146   (0.012) 0.002 0.002 0.001 0.025 0.001 0.001 
 172   (0.014) 0.002 0.017 0.001 0.001 0.001 0.001 

Locus 3 : 
4 alleles
0.0% missing data
 128   (0.293) 0.281 0.263 0.239 0.393 0.379 0.289 
 126   (0.614) 0.627 0.691 0.693 0.599 0.534 0.647 
 132   (0.078) 0.073 0.043 0.066 0.007 0.086 0.056 
 134   (0.015) 0.019 0.003 0.002 0.001 0.001 0.007 

Locus 4 : 
3 alleles
0.0% missing data
 170   (0.317) 0.289 0.301 0.284 0.264 0.337 0.393 
 172   (0.669) 0.709 0.695 0.714 0.733 0.661 0.599 
 171   (0.013) 0.002 0.004 0.002 0.003 0.002 0.008 

Locus 5 : 
37 alleles
0.0% missing data
 125   (0.053) 0.074 0.028 0.051 0.050 0.081 0.057 
 110   (0.035) 0.046 0.009 0.029 0.012 0.062 0.033 
 129   (0.038) 0.035 0.059 0.047 0.003 0.031 0.004 
 113   (0.033) 0.032 0.083 0.011 0.003 0.036 0.011 
 145   (0.055) 0.045 0.053 0.210 0.102 0.024 0.006 
 155   (0.048) 0.046 0.021 0.127 0.016 0.042 0.178 
 117   (0.031) 0.008 0.051 0.037 0.042 0.003 0.006 
 124   (0.012) 0.002 0.002 0.017 0.001 0.001 0.001 
 133   (0.033) 0.016 0.052 0.034 0.067 0.003 0.003 
 157   (0.045) 0.133 0.097 0.007 0.023 0.030 0.021 
 141   (0.015) 0.003 0.026 0.005 0.001 0.003 0.001 
 112   (0.067) 0.042 0.050 0.082 0.144 0.146 0.167 
 121   (0.022) 0.011 0.014 0.005 0.004 0.025 0.023 
 114   (0.043) 0.009 0.036 0.055 0.174 0.049 0.019 
 153   (0.049) 0.198 0.036 0.060 0.004 0.086 0.011 
 127   (0.067) 0.042 0.111 0.069 0.095 0.132 0.037 
 131   (0.060) 0.092 0.027 0.053 0.165 0.044 0.194 
 135   (0.030) 0.039 0.031 0.009 0.003 0.054 0.007 
 104   (0.009) 0.001 0.003 0.001 0.003 0.001 0.007 
 118   (0.018) 0.005 0.011 0.017 0.003 0.001 0.013 
 116   (0.027) 0.020 0.014 0.017 0.003 0.013 0.046 
 137   (0.021) 0.016 0.010 0.007 0.005 0.002 0.127 
 123   (0.020) 0.019 0.004 0.009 0.002 0.061 0.005 
 149   (0.009) 0.001 0.004 0.003 0.001 0.003 0.001 
 138   (0.013) 0.002 0.036 0.001 0.001 0.002 0.001 
 143   (0.025) 0.015 0.013 0.003 0.059 0.040 0.003 
 163   (0.009) 0.002 0.005 0.002 0.001 0.001 0.005 
 109   (0.011) 0.002 0.014 0.003 0.001 0.001 0.001 
 139   (0.009) 0.003 0.007 0.001 0.001 0.001 0.001 
 106   (0.010) 0.001 0.008 0.001 0.001 0.001 0.001 
 144   (0.015) 0.011 0.025 0.002 0.001 0.001 0.002 
 122   (0.010) 0.002 0.002 0.014 0.004 0.001 0.001 
 100   (0.017) 0.015 0.017 0.003 0.001 0.013 0.003 
 111   (0.012) 0.002 0.023 0.001 0.001 0.001 0.001 
 233   (0.009) 0.007 0.004 0.001 0.001 0.002 0.001 
 134   (0.010) 0.003 0.003 0.001 0.001 0.007 0.001 
 140   (0.010) 0.001 0.008 0.001 0.001 0.001 0.001 

Locus 6 : 
17 alleles
0.0% missing data
 221   (0.025) 0.004 0.005 0.101 0.068 0.002 0.003 
 232   (0.237) 0.318 0.299 0.174 0.453 0.423 0.147 
 229   (0.054) 0.027 0.013 0.090 0.047 0.053 0.047 
 223   (0.055) 0.084 0.029 0.099 0.008 0.038 0.008 
 230   (0.158) 0.107 0.222 0.114 0.273 0.148 0.150 
 235   (0.015) 0.002 0.003 0.050 0.001 0.001 0.002 
 236   (0.041) 0.016 0.027 0.068 0.007 0.006 0.032 
 227   (0.019) 0.009 0.005 0.051 0.002 0.001 0.002 
 220   (0.052) 0.056 0.044 0.008 0.004 0.074 0.166 
 222   (0.042) 0.050 0.051 0.005 0.003 0.009 0.273 
 234   (0.140) 0.186 0.138 0.132 0.094 0.102 0.143 
 224   (0.035) 0.050 0.027 0.004 0.002 0.042 0.004 
 228   (0.055) 0.067 0.120 0.015 0.005 0.059 0.007 
 225   (0.012) 0.003 0.002 0.005 0.001 0.001 0.005 
 226   (0.019) 0.009 0.004 0.005 0.001 0.037 0.009 
 233   (0.026) 0.011 0.008 0.046 0.030 0.002 0.002 
 231   (0.014) 0.002 0.003 0.033 0.001 0.001 0.001 

Locus 7 : 
10 alleles
0.0% missing data
 121   (0.694) 0.726 0.828 0.861 0.755 0.735 0.804 
 129   (0.079) 0.056 0.034 0.083 0.097 0.140 0.011 
 130   (0.016) 0.017 0.003 0.002 0.002 0.003 0.005 
 123   (0.096) 0.129 0.060 0.029 0.088 0.113 0.121 
 128   (0.021) 0.009 0.004 0.003 0.020 0.001 0.028 
 131   (0.015) 0.006 0.003 0.002 0.002 0.002 0.023 
 117   (0.013) 0.002 0.009 0.001 0.001 0.001 0.001 
 125   (0.013) 0.024 0.002 0.001 0.001 0.001 0.001 
 134   (0.039) 0.029 0.052 0.014 0.014 0.004 0.006 
 132   (0.014) 0.002 0.004 0.002 0.020 0.001 0.001 

Locus 8 : 
19 alleles
0.0% missing data
 184   (0.296) 0.498 0.369 0.476 0.377 0.310 0.461 
 194   (0.047) 0.015 0.061 0.032 0.032 0.010 0.022 
 178   (0.093) 0.039 0.053 0.178 0.075 0.196 0.174 
 176   (0.079) 0.075 0.104 0.052 0.190 0.048 0.011 
 182   (0.082) 0.083 0.087 0.049 0.171 0.066 0.028 
 190   (0.034) 0.026 0.008 0.006 0.034 0.013 0.059 
 196   (0.022) 0.004 0.014 0.009 0.002 0.039 0.002 
 200   (0.030) 0.039 0.017 0.013 0.010 0.002 0.007 
 180   (0.025) 0.046 0.005 0.007 0.002 0.002 0.060 
 188   (0.038) 0.007 0.044 0.024 0.007 0.045 0.008 
 174   (0.043) 0.037 0.038 0.030 0.036 0.003 0.020 
 186   (0.115) 0.073 0.165 0.106 0.055 0.206 0.119 
 192   (0.024) 0.013 0.006 0.008 0.003 0.045 0.011 
 201   (0.011) 0.006 0.002 0.001 0.001 0.001 0.010 
 199   (0.017) 0.025 0.006 0.002 0.001 0.004 0.004 
 185   (0.011) 0.002 0.006 0.001 0.001 0.004 0.001 
 203   (0.011) 0.002 0.008 0.002 0.001 0.001 0.001 
 198   (0.011) 0.003 0.007 0.001 0.001 0.002 0.001 
 209   (0.011) 0.010 0.002 0.001 0.001 0.002 0.001 

Locus 9 : 
6 alleles
0.4% missing data
 154   (0.692) 0.699 0.757 0.702 0.665 0.823 0.802 
 156   (0.211) 0.272 0.185 0.184 0.321 0.086 0.188 
 152   (0.046) 0.008 0.029 0.065 0.007 0.086 0.004 
 153   (0.015) 0.004 0.012 0.003 0.001 0.003 0.003 
 160   (0.015) 0.015 0.008 0.002 0.001 0.001 0.001 
 164   (0.022) 0.003 0.008 0.043 0.006 0.001 0.002 

Locus 10 : 
29 alleles
0.7% missing data
 305   (0.065) 0.037 0.069 0.081 0.010 0.012 0.237 
 313   (0.048) 0.022 0.038 0.108 0.005 0.022 0.010 
 311   (0.016) 0.007 0.004 0.012 0.001 0.001 0.001 
 299   (0.101) 0.138 0.077 0.211 0.034 0.195 0.029 
 315   (0.077) 0.024 0.111 0.070 0.078 0.015 0.060 
 287   (0.029) 0.350 0.008 0.014 0.004 0.004 0.007 
 291   (0.114) 0.032 0.185 0.141 0.038 0.320 0.060 
 295   (0.029) 0.005 0.031 0.118 0.002 0.003 0.005 
 289   (0.016) 0.097 0.004 0.002 0.001 0.001 0.002 
 303   (0.047) 0.009 0.033 0.009 0.528 0.153 0.035 
 297   (0.037) 0.021 0.008 0.043 0.107 0.067 0.005 
 293   (0.020) 0.059 0.015 0.022 0.001 0.001 0.003 
 301   (0.053) 0.011 0.085 0.057 0.006 0.008 0.108 
 285   (0.021) 0.035 0.006 0.003 0.002 0.004 0.319 
 307   (0.056) 0.016 0.038 0.032 0.163 0.061 0.027 
 312   (0.053) 0.032 0.094 0.010 0.005 0.060 0.052 
 306   (0.024) 0.004 0.056 0.009 0.002 0.003 0.002 
 320   (0.014) 0.002 0.017 0.002 0.001 0.001 0.001 
 317   (0.021) 0.005 0.023 0.013 0.001 0.025 0.002 
 314   (0.025) 0.015 0.012 0.026 0.002 0.002 0.002 
 323   (0.012) 0.006 0.006 0.002 0.001 0.001 0.001 
 325   (0.013) 0.006 0.006 0.002 0.001 0.001 0.001 
 310   (0.018) 0.007 0.012 0.003 0.001 0.020 0.002 
 309   (0.014) 0.004 0.015 0.002 0.001 0.001 0.002 
 316   (0.018) 0.003 0.021 0.002 0.001 0.006 0.002 
 296   (0.012) 0.002 0.009 0.002 0.001 0.001 0.001 
 304   (0.018) 0.018 0.004 0.002 0.001 0.009 0.021 
 321   (0.014) 0.017 0.006 0.002 0.001 0.001 0.003 
 332   (0.014) 0.016 0.006 0.002 0.001 0.002 0.001 

Locus 11 : 
19 alleles
0.0% missing data
 114   (0.141) 0.065 0.180 0.228 0.211 0.014 0.275 
 126   (0.020) 0.003 0.004 0.045 0.004 0.001 0.010 
 111   (0.090) 0.231 0.026 0.158 0.007 0.558 0.036 
 116   (0.102) 0.130 0.070 0.128 0.217 0.017 0.031 
 132   (0.014) 0.002 0.003 0.009 0.001 0.001 0.001 
 109   (0.015) 0.002 0.003 0.034 0.001 0.001 0.001 
 128   (0.018) 0.003 0.011 0.008 0.001 0.002 0.002 
 112   (0.331) 0.300 0.550 0.303 0.500 0.053 0.573 
 122   (0.016) 0.004 0.008 0.002 0.008 0.002 0.007 
 124   (0.013) 0.002 0.002 0.002 0.002 0.001 0.016 
 118   (0.052) 0.079 0.027 0.028 0.033 0.010 0.022 
 127   (0.013) 0.002 0.009 0.002 0.001 0.001 0.001 
 113   (0.047) 0.074 0.035 0.007 0.004 0.287 0.009 
 115   (0.036) 0.066 0.017 0.027 0.003 0.004 0.004 
 120   (0.022) 0.004 0.012 0.004 0.001 0.037 0.002 
 117   (0.022) 0.016 0.012 0.003 0.002 0.006 0.003 
 125   (0.019) 0.010 0.020 0.002 0.001 0.002 0.002 
 119   (0.017) 0.004 0.010 0.002 0.001 0.006 0.004 
 136   (0.013) 0.004 0.002 0.008 0.001 0.001 0.001 

Locus 12 : 
28 alleles
0.7% missing data
 306   (0.065) 0.048 0.046 0.080 0.009 0.017 0.258 
 314   (0.052) 0.030 0.028 0.096 0.006 0.071 0.006 
 312   (0.013) 0.002 0.002 0.018 0.001 0.001 0.001 
 300   (0.107) 0.139 0.078 0.222 0.034 0.194 0.029 
 316   (0.045) 0.008 0.011 0.063 0.072 0.013 0.052 
 288   (0.029) 0.342 0.007 0.013 0.004 0.004 0.007 
 292   (0.121) 0.038 0.187 0.144 0.039 0.322 0.060 
 296   (0.034) 0.005 0.040 0.118 0.003 0.004 0.005 
 290   (0.016) 0.097 0.004 0.002 0.001 0.001 0.002 
 304   (0.050) 0.009 0.033 0.010 0.532 0.152 0.035 
 298   (0.040) 0.021 0.009 0.044 0.108 0.067 0.005 
 294   (0.021) 0.059 0.015 0.022 0.001 0.001 0.003 
 302   (0.057) 0.012 0.085 0.058 0.007 0.008 0.106 
 286   (0.023) 0.037 0.006 0.003 0.002 0.004 0.326 
 308   (0.035) 0.012 0.021 0.015 0.155 0.002 0.025 
 313   (0.043) 0.028 0.110 0.010 0.004 0.004 0.054 
 307   (0.046) 0.007 0.072 0.025 0.006 0.067 0.004 
 321   (0.014) 0.002 0.017 0.002 0.001 0.001 0.001 
 315   (0.049) 0.032 0.112 0.032 0.004 0.005 0.006 
 318   (0.019) 0.004 0.021 0.004 0.001 0.027 0.002 
 324   (0.012) 0.006 0.006 0.002 0.001 0.001 0.001 
 326   (0.013) 0.006 0.006 0.002 0.001 0.001 0.001 
 311   (0.025) 0.019 0.018 0.006 0.002 0.028 0.002 
 310   (0.014) 0.004 0.015 0.002 0.001 0.001 0.002 
 305   (0.017) 0.003 0.024 0.002 0.001 0.001 0.002 
 317   (0.014) 0.002 0.017 0.002 0.001 0.001 0.001 
 320   (0.012) 0.009 0.004 0.001 0.001 0.001 0.001 
 322   (0.015) 0.017 0.006 0.002 0.001 0.001 0.003 

Locus 13 : 
7 alleles
1.1% missing data
 161   (0.598) 0.564 0.635 0.683 0.890 0.382 0.119 
 163   (0.295) 0.411 0.338 0.241 0.039 0.542 0.062 
 160   (0.018) 0.003 0.004 0.002 0.001 0.001 0.403 
 162   (0.016) 0.002 0.003 0.002 0.001 0.001 0.407 
 165   (0.043) 0.015 0.014 0.063 0.006 0.072 0.006 
 166   (0.014) 0.003 0.004 0.006 0.003 0.001 0.002 
 164   (0.015) 0.002 0.003 0.002 0.060 0.001 0.001 

Locus 14 : 
4 alleles
0.4% missing data
  98   (0.955) 0.993 0.980 0.987 0.985 0.997 0.996 
 100   (0.014) 0.002 0.008 0.002 0.003 0.001 0.001 
  96   (0.018) 0.003 0.004 0.010 0.012 0.001 0.002 
 105   (0.014) 0.002 0.009 0.002 0.001 0.001 0.001 

Locus 15 : 
12 alleles
2.2% missing data
 171   (0.299) 0.394 0.317 0.370 0.194 0.327 0.204 
 177   (0.186) 0.241 0.189 0.197 0.077 0.092 0.308 
 173   (0.256) 0.187 0.313 0.317 0.098 0.532 0.194 
 179   (0.098) 0.120 0.050 0.065 0.503 0.021 0.267 
 183   (0.022) 0.006 0.007 0.020 0.011 0.003 0.003 
 181   (0.041) 0.007 0.044 0.008 0.095 0.019 0.005 
 197   (0.024) 0.003 0.023 0.010 0.017 0.002 0.003 
 170   (0.015) 0.007 0.014 0.002 0.001 0.001 0.002 
 189   (0.015) 0.003 0.011 0.003 0.001 0.001 0.010 
 203   (0.016) 0.002 0.022 0.005 0.001 0.001 0.001 
 187   (0.016) 0.020 0.006 0.002 0.001 0.001 0.002 
 198   (0.013) 0.009 0.005 0.002 0.001 0.001 0.001 

Values of parameters used in structure:
DATAFILE=STRUCTURE_main_final_278_HEG_ZG.str,	OUTFILE=STRUCTURE_main_final_278_HEG_ZG-K6-14,	NUMINDS=278,	NUMLOCI=15,	MISSING=-9,	LABEL=1,	POPDATA=1,	POPFLAG=0,	PHENOTYPE=0,	EXTRACOLS=0,	MAXPOPS=6,	BURNIN=100000,	NUMREPS=500000,	USEPOPINFO=0,	INFERALPHA=1,	INFERLAMBDA=0,	POPSPECIFICLAMBDA=0,	POPALPHAS=0,	COMPUTEPROB=1,	NOADMIX=0,	ADMBURNIN=2500,	UPDATEFREQ=1,	PRINTLIKES=0,	INTERMEDSAVE=0,	PRINTKLD=0,	PRINTNET=0,	PRINTLAMBDA=0,	ANCESTDIST=0,	NUMBOXES=1000,	ANCESTPINT=0.90000,	GENSBACK=2,	MIGRPRIOR=0.05000,	PRINTQHAT=0,	PRINTQSUM=0,	ALPHA=1.0000,	FREQSCORR=1,	FPRIORMEAN=0.0100,	FPRIORSD=0.0500,	ONEFST=0,	LAMBDA=1.0000,	UNIFPRIORALPHA=1,	ALPHAMAX=10.0000,	ALPHAPRIORA=1.0000,	ALPHAPRIORB=2.0000,	ALPHAPROPSD=0.0250,	STARTATPOPINFO=0,	RANDOMIZE=1,	LINKAGE=0,	METROFREQ=10,	REPORTHITRATE=0,	MARKOVPHASE=-1,	PHASED=0,	PLOIDY=2,	PHASEINFO=0	LOCPRIOR=0, 	LOCPRIORINIT=1.000000, 	LOCDATA=0, 	LOCISPOP=0, 	LOCPRIORSTEP=0.100000, 	MAXLOCPRIOR=20.000000, 	SEED=1782481578,	
[STRAT parameters]:    NUMSIMSTATS=1000,	PHENOTYPECOL=-9,	POOLFREQ=10,	LOCUSxONLY=0,	EMERROR=0.00100,	MISSINGPHENO=-9,	