

----------------------------------------------------
STRUCTURE by Pritchard, Stephens and Donnelly (2000)
     and Falush, Stephens and Pritchard (2003)
       Code by Pritchard, Falush and Hubisz
             Version 2.3.4 (Jul 2012)
----------------------------------------------------



Command line arguments:   structure -K 5 -i STRUCTURE_main_final_278_HEG_ZG.str -o STRUCTURE_main_final_278_HEG_ZG-K5-2 
Input File:    STRUCTURE_main_final_278_HEG_ZG.str

Run parameters:
   278 individuals
   15 loci
   5 populations assumed
   100000 Burn-in period
   500000 Reps


--------------------------------------------
Proportion of membership of each pre-defined
 population in each of the 5 clusters

Given    Inferred Clusters                     Number of
 Pop       1      2      3      4      5      Individuals

  1:     0.096  0.042  0.129  0.679  0.054       24
  2:     0.117  0.077  0.046  0.058  0.702       24
  3:     0.055  0.699  0.147  0.040  0.058       24
  4:     0.131  0.212  0.137  0.433  0.088       24
  5:     0.104  0.583  0.100  0.113  0.100       24
  6:     0.252  0.060  0.038  0.584  0.066       24
  7:     0.766  0.049  0.028  0.112  0.044       24
  8:     0.038  0.694  0.124  0.098  0.047       14
  9:     0.020  0.133  0.525  0.069  0.252       24
 10:     0.073  0.105  0.770  0.027  0.025       24
 11:     0.042  0.108  0.737  0.052  0.061       24
 12:     0.187  0.243  0.170  0.360  0.040       24
--------------------------------------------

Allele-freq. divergence among pops (Net nucleotide distance),
computed using point estimates of P.

      1       2       3       4       5      
 1      -    0.0722  0.1034  0.0577  0.0878  
 2   0.0722     -    0.0415  0.0298  0.0491  
 3   0.1034  0.0415     -    0.0466  0.0793  
 4   0.0577  0.0298  0.0466     -    0.0492  
 5   0.0878  0.0491  0.0793  0.0492     -    

Average distances (expected heterozygosity) between individuals in same cluster:
cluster  1  : 0.5454 
cluster  2  : 0.6469 
cluster  3  : 0.6176 
cluster  4  : 0.6291 
cluster  5  : 0.6319 

--------------------------------------------
Estimated Ln Prob of Data   = -12965.8
Mean value of ln likelihood = -12462.9
Variance of ln likelihood   = 1005.9
Mean value of alpha         = 0.1066

Mean value of Fst_1         = 0.1768
Mean value of Fst_2         = 0.0419
Mean value of Fst_3         = 0.1206
Mean value of Fst_4         = 0.0704
Mean value of Fst_5         = 0.1459


Inferred ancestry of individuals:
        Label (%Miss) Pop:  Inferred clusters
  1 24.0601.E1    (0)    1 :  0.038 0.016 0.018 0.790 0.137 
  2 24.0602.E1    (0)    1 :  0.019 0.031 0.035 0.902 0.013 
  3 24.0603.E1    (0)    1 :  0.051 0.049 0.020 0.865 0.015 
  4 24.0604.E1    (0)    1 :  0.013 0.075 0.044 0.855 0.014 
  5 24.0605.E1    (0)    1 :  0.041 0.017 0.027 0.827 0.088 
  6 24.0606.E1    (0)    1 :  0.037 0.015 0.036 0.880 0.031 
  7 24.0607.E1    (0)    1 :  0.376 0.105 0.227 0.185 0.107 
  8 24.0608.E1    (0)    1 :  0.229 0.018 0.147 0.594 0.011 
  9 24.0609.E1    (0)    1 :  0.014 0.044 0.490 0.441 0.011 
 10 24.0610.E1    (0)    1 :  0.015 0.028 0.282 0.664 0.012 
 11 24.0611.E1    (0)    1 :  0.013 0.015 0.054 0.823 0.094 
 12 24.0612.E1    (0)    1 :  0.032 0.022 0.014 0.803 0.128 
 13 24.0613.E1    (0)    1 :  0.010 0.011 0.031 0.934 0.013 
 14 24.0614.E1    (0)    1 :  0.382 0.019 0.208 0.364 0.027 
 15 24.0615.E1    (0)    1 :  0.094 0.033 0.298 0.534 0.041 
 16 24.0616.E1    (0)    1 :  0.012 0.013 0.026 0.925 0.023 
 17 24.0617.E1    (0)    1 :  0.038 0.018 0.570 0.320 0.054 
 18 24.0618.E1    (0)    1 :  0.014 0.032 0.174 0.741 0.039 
 19 24.0619.E1    (0)    1 :  0.011 0.138 0.025 0.794 0.032 
 20 24.0620.E1   (20)    1 :  0.774 0.032 0.066 0.097 0.032 
 21 24.0621.E1    (0)    1 :  0.014 0.194 0.206 0.562 0.024 
 22 24.0622.E1    (0)    1 :  0.020 0.023 0.016 0.909 0.032 
 23 24.0623.E1    (0)    1 :  0.032 0.039 0.073 0.558 0.298 
 24 24.0624.E1    (0)    1 :  0.014 0.012 0.023 0.937 0.014 
 25 24.0625.E1    (0)    2 :  0.255 0.039 0.031 0.022 0.654 
 26 24.0626.E1    (0)    2 :  0.192 0.015 0.012 0.010 0.772 
 27 24.0627.E1    (0)    2 :  0.047 0.481 0.012 0.019 0.440 
 28 24.0628.E1    (0)    2 :  0.343 0.058 0.200 0.072 0.327 
 29 24.0629.E1    (0)    2 :  0.013 0.029 0.027 0.112 0.819 
 30 24.0630.E1    (0)    2 :  0.207 0.015 0.012 0.015 0.751 
 31 24.0631.E1    (0)    2 :  0.011 0.009 0.007 0.016 0.957 
 32 24.0632.E1    (0)    2 :  0.093 0.019 0.015 0.024 0.850 
 33 24.0633.E1    (0)    2 :  0.316 0.130 0.059 0.029 0.466 
 34 24.0634.E1    (0)    2 :  0.014 0.015 0.014 0.017 0.941 
 35 24.0635.E1    (0)    2 :  0.057 0.270 0.057 0.039 0.577 
 36 24.0636.E1   (33)    2 :  0.817 0.039 0.017 0.069 0.058 
 37 24.0637.E1    (0)    2 :  0.016 0.011 0.007 0.010 0.957 
 38 24.0638.E1    (0)    2 :  0.012 0.132 0.013 0.022 0.821 
 39 24.0639.E1    (0)    2 :  0.040 0.029 0.073 0.064 0.794 
 40 24.0640.E1    (0)    2 :  0.015 0.012 0.011 0.019 0.943 
 41 24.0641.E1    (0)    2 :  0.032 0.182 0.109 0.270 0.406 
 42 24.0642.E1    (0)    2 :  0.064 0.039 0.011 0.329 0.557 
 43 24.0643.E1    (0)    2 :  0.135 0.252 0.017 0.025 0.570 
 44 24.0644.E1    (0)    2 :  0.015 0.016 0.138 0.038 0.793 
 45 24.0645.E1    (0)    2 :  0.068 0.014 0.122 0.101 0.695 
 46 24.0646.E1    (0)    2 :  0.015 0.016 0.137 0.039 0.793 
 47 24.0647.E1    (0)    2 :  0.016 0.011 0.007 0.010 0.957 
 48 24.0648.E1    (0)    2 :  0.016 0.011 0.007 0.010 0.957 
 49 24.0649.E1    (0)    3 :  0.008 0.872 0.081 0.018 0.021 
 50 24.0650.E1    (0)    3 :  0.010 0.076 0.579 0.325 0.010 
 51 24.0651.E1    (0)    3 :  0.033 0.439 0.059 0.017 0.452 
 52 24.0652.E1    (0)    3 :  0.014 0.856 0.096 0.025 0.009 
 53 24.0653.E1    (0)    3 :  0.012 0.945 0.020 0.011 0.011 
 54 24.0654.E1    (0)    3 :  0.011 0.809 0.148 0.015 0.018 
 55 24.0655.E1    (0)    3 :  0.029 0.433 0.196 0.088 0.254 
 56 24.0656.E1    (0)    3 :  0.150 0.688 0.131 0.020 0.011 
 57 24.0657.E1    (0)    3 :  0.139 0.711 0.120 0.019 0.010 
 58 24.0658.E1    (0)    3 :  0.016 0.736 0.185 0.047 0.015 
 59 24.0659.E1    (0)    3 :  0.008 0.867 0.055 0.041 0.029 
 60 24.0660.E1    (6)    3 :  0.014 0.876 0.021 0.055 0.034 
 61 24.0661.E1    (0)    3 :  0.281 0.339 0.349 0.017 0.014 
 62 24.0662.E1    (0)    3 :  0.030 0.437 0.125 0.064 0.344 
 63 24.0663.E1    (0)    3 :  0.013 0.033 0.924 0.015 0.016 
 64 24.0664.E1    (0)    3 :  0.113 0.771 0.088 0.014 0.014 
 65 24.0665.E1    (0)    3 :  0.363 0.585 0.026 0.013 0.013 
 66 24.0666.E1    (0)    3 :  0.010 0.940 0.018 0.019 0.013 
 67 24.0667.E1    (0)    3 :  0.010 0.948 0.014 0.014 0.014 
 68 24.0668.E1    (0)    3 :  0.010 0.953 0.012 0.011 0.015 
 69 24.0669.E1    (0)    3 :  0.013 0.946 0.015 0.012 0.014 
 70 24.0670.E1    (0)    3 :  0.013 0.845 0.105 0.024 0.013 
 71 24.0671.E1    (0)    3 :  0.021 0.764 0.151 0.027 0.036 
 72 24.0672.E1    (0)    3 :  0.010 0.900 0.017 0.060 0.013 
 73 24.0673.E1    (6)    4 :  0.542 0.033 0.064 0.329 0.031 
 74 24.0674.E1    (0)    4 :  0.216 0.019 0.024 0.716 0.026 
 75 24.0675.E1    (0)    4 :  0.176 0.049 0.471 0.245 0.059 
 76 24.0676.E1    (0)    4 :  0.106 0.055 0.733 0.077 0.029 
 77 24.0677.E1    (0)    4 :  0.033 0.296 0.541 0.113 0.017 
 78 24.0678.E1    (0)    4 :  0.034 0.348 0.038 0.283 0.297 
 79 24.0679.E1    (0)    4 :  0.018 0.669 0.038 0.253 0.022 
 80 24.0680.E1    (0)    4 :  0.022 0.864 0.020 0.067 0.027 
 81 24.0681.E1    (0)    4 :  0.062 0.299 0.031 0.575 0.032 
 82 24.0682.E1    (0)    4 :  0.121 0.030 0.044 0.780 0.025 
 83 24.0683.E1    (0)    4 :  0.316 0.025 0.021 0.623 0.015 
 84 24.0684.E1    (0)    4 :  0.156 0.033 0.027 0.739 0.045 
 85 24.0685.E1    (0)    4 :  0.082 0.079 0.026 0.782 0.031 
 86 24.0686.E1    (0)    4 :  0.021 0.348 0.030 0.131 0.470 
 87 24.0687.E1    (0)    4 :  0.051 0.114 0.045 0.083 0.708 
 88 24.0688.E1    (0)    4 :  0.109 0.079 0.024 0.760 0.028 
 89 24.0689.E1    (0)    4 :  0.089 0.069 0.617 0.168 0.057 
 90 24.0690.E1    (0)    4 :  0.046 0.838 0.015 0.027 0.075 
 91 24.0691.E1    (0)    4 :  0.039 0.027 0.060 0.854 0.020 
 92 24.0692.E1    (0)    4 :  0.101 0.506 0.155 0.219 0.018 
 93 24.0693.E1    (0)    4 :  0.692 0.104 0.134 0.051 0.019 
 94 24.0694.E1    (0)    4 :  0.063 0.114 0.041 0.764 0.017 
 95 24.0695.E1    (0)    4 :  0.019 0.028 0.045 0.894 0.014 
 96 24.0696.E1    (0)    4 :  0.023 0.050 0.032 0.871 0.023 
 97 24.0697.E1    (0)    5 :  0.329 0.505 0.075 0.043 0.048 
 98 24.0698.E1    (0)    5 :  0.253 0.393 0.184 0.089 0.081 
 99 24.0699.E1    (0)    5 :  0.026 0.703 0.066 0.100 0.105 
100 24.0700.E1    (0)    5 :  0.019 0.927 0.018 0.018 0.017 
101 24.0701.E1    (0)    5 :  0.108 0.814 0.027 0.019 0.032 
102 24.0702.E1    (0)    5 :  0.074 0.849 0.016 0.026 0.034 
103 24.0703.E1    (0)    5 :  0.018 0.617 0.068 0.037 0.260 
104 24.0704.E1    (6)    5 :  0.036 0.426 0.231 0.094 0.214 
105 24.0705.E1    (0)    5 :  0.019 0.533 0.016 0.399 0.034 
106 24.0706.E1    (0)    5 :  0.026 0.914 0.023 0.019 0.018 
107 24.0707.E1    (0)    5 :  0.060 0.609 0.018 0.123 0.190 
108 24.0708.E1    (0)    5 :  0.047 0.033 0.278 0.145 0.497 
109 24.0709.E1    (0)    5 :  0.038 0.224 0.528 0.169 0.041 
110 24.0710.E1    (0)    5 :  0.087 0.355 0.115 0.395 0.048 
111 24.0711.E1    (0)    5 :  0.037 0.551 0.027 0.279 0.106 
112 24.0712.E1    (0)    5 :  0.041 0.818 0.013 0.046 0.081 
113 24.0713.E1    (0)    5 :  0.045 0.699 0.186 0.046 0.024 
114 24.0714.E1    (0)    5 :  0.021 0.718 0.050 0.128 0.083 
115 24.0715.E1    (0)    5 :  0.712 0.101 0.085 0.086 0.017 
116 24.0716.E1    (0)    5 :  0.028 0.686 0.059 0.113 0.114 
117 24.0717.E1    (0)    5 :  0.386 0.376 0.070 0.036 0.131 
118 24.0718.E1    (0)    5 :  0.027 0.829 0.014 0.075 0.055 
119 24.0719.E1    (0)    5 :  0.036 0.653 0.107 0.080 0.124 
120 24.0720.E1    (0)    5 :  0.024 0.668 0.118 0.151 0.038 
121 24.0721.E1    (0)    6 :  0.690 0.110 0.087 0.055 0.058 
122 24.0722.E1    (0)    6 :  0.572 0.063 0.025 0.100 0.240 
123 24.0723.E1    (0)    6 :  0.406 0.032 0.092 0.068 0.403 
124 24.0724.E1    (0)    6 :  0.149 0.032 0.097 0.675 0.047 
125 24.0725.E1    (0)    6 :  0.012 0.037 0.016 0.919 0.016 
126 24.0726.E1    (6)    6 :  0.099 0.029 0.016 0.838 0.018 
127 24.0727.E1    (0)    6 :  0.443 0.084 0.040 0.388 0.044 
128 24.0728.E1    (0)    6 :  0.302 0.079 0.064 0.394 0.161 
129 24.0729.E1    (0)    6 :  0.059 0.030 0.032 0.855 0.023 
130 24.0730.E1    (0)    6 :  0.123 0.293 0.103 0.450 0.031 
131 24.0731.E1    (0)    6 :  0.054 0.018 0.019 0.894 0.015 
132 24.0732.E1    (0)    6 :  0.779 0.037 0.009 0.157 0.018 
133 24.0733.E1    (0)    6 :  0.035 0.010 0.011 0.933 0.011 
134 24.0734.E1    (0)    6 :  0.827 0.047 0.017 0.058 0.050 
135 24.0735.E1    (0)    6 :  0.223 0.050 0.034 0.614 0.079 
136 24.0736.E1    (0)    6 :  0.084 0.015 0.014 0.868 0.018 
137 24.0737.E1    (0)    6 :  0.015 0.029 0.020 0.727 0.208 
138 24.0738.E1    (0)    6 :  0.064 0.026 0.016 0.876 0.019 
139 24.0739.E1    (0)    6 :  0.012 0.033 0.015 0.917 0.024 
140 24.0740.E1    (0)    6 :  0.019 0.026 0.032 0.903 0.019 
141 24.0741.E1    (0)    6 :  0.340 0.030 0.017 0.590 0.023 
142 24.0742.E1    (0)    6 :  0.422 0.020 0.016 0.518 0.024 
143 24.0743.E1    (0)    6 :  0.081 0.022 0.053 0.834 0.011 
144 24.0744.E1    (0)    6 :  0.245 0.296 0.068 0.371 0.021 
145 24.0745.E1    (0)    7 :  0.919 0.037 0.018 0.014 0.011 
146 24.0746.E1    (0)    7 :  0.624 0.033 0.027 0.089 0.227 
147 24.0747.E1    (0)    7 :  0.778 0.032 0.078 0.097 0.016 
148 24.0748.E1    (6)    7 :  0.736 0.034 0.098 0.114 0.018 
149 24.0749.E1    (0)    7 :  0.685 0.017 0.014 0.268 0.016 
150 24.0750.E1    (0)    7 :  0.249 0.108 0.047 0.565 0.032 
151 24.0751.E1    (0)    7 :  0.947 0.010 0.010 0.019 0.015 
152 24.0752.E1    (0)    7 :  0.884 0.013 0.020 0.069 0.014 
153 24.0753.E1    (0)    7 :  0.578 0.014 0.011 0.148 0.248 
154 24.0754.E1    (0)    7 :  0.898 0.015 0.011 0.053 0.023 
155 24.0755.E1    (0)    7 :  0.804 0.032 0.090 0.051 0.023 
156 24.0756.E1    (0)    7 :  0.900 0.012 0.029 0.045 0.014 
157 24.0757.E1    (0)    7 :  0.968 0.008 0.007 0.009 0.008 
158 24.0758.E1    (0)    7 :  0.967 0.008 0.007 0.009 0.009 
159 24.0759.E1    (0)    7 :  0.922 0.018 0.012 0.036 0.012 
160 24.0760.E1    (0)    7 :  0.659 0.048 0.012 0.028 0.254 
161 24.0761.E1    (0)    7 :  0.954 0.009 0.009 0.011 0.017 
162 24.0762.E1    (0)    7 :  0.086 0.646 0.035 0.216 0.018 
163 24.0763.E1    (0)    7 :  0.951 0.010 0.008 0.022 0.010 
164 24.0764.E1    (0)    7 :  0.940 0.012 0.010 0.024 0.014 
165 24.0765.E1    (0)    7 :  0.902 0.014 0.020 0.028 0.035 
166 24.0766.E1    (0)    7 :  0.955 0.010 0.009 0.016 0.010 
167 24.0767.E1    (0)    7 :  0.954 0.008 0.011 0.018 0.009 
168 24.0768.E1    (0)    7 :  0.132 0.034 0.074 0.746 0.014 
169 24.0779.E1    (0)    8 :  0.156 0.661 0.051 0.064 0.068 
170 24.0780.E1    (6)    8 :  0.012 0.601 0.354 0.019 0.015 
171 24.0781.E1    (0)    8 :  0.014 0.943 0.019 0.012 0.013 
172 24.0782.E1    (0)    8 :  0.064 0.053 0.042 0.696 0.145 
173 24.0783.E1    (0)    8 :  0.013 0.858 0.080 0.025 0.024 
174 24.0784.E1    (0)    8 :  0.012 0.745 0.163 0.037 0.044 
175 24.0785.E1    (0)    8 :  0.009 0.820 0.142 0.017 0.012 
176 24.0786.E1    (0)    8 :  0.041 0.463 0.321 0.151 0.025 
177 24.0787.E1    (0)    8 :  0.035 0.821 0.024 0.036 0.084 
178 24.0788.E1    (0)    8 :  0.021 0.693 0.233 0.018 0.034 
179 24.0789.E1    (0)    8 :  0.022 0.522 0.213 0.091 0.151 
180 24.0790.E1    (0)    8 :  0.009 0.926 0.037 0.010 0.018 
181 24.0791.E1    (0)    8 :  0.017 0.811 0.016 0.143 0.014 
182 24.0792.E1    (0)    8 :  0.108 0.792 0.037 0.053 0.010 
183 24.0793.E1    (0)    9 :  0.013 0.053 0.458 0.036 0.440 
184 24.0794.E1    (0)    9 :  0.020 0.196 0.234 0.522 0.028 
185 24.0795.E1    (0)    9 :  0.023 0.024 0.134 0.328 0.492 
186 24.0796.E1    (0)    9 :  0.010 0.175 0.756 0.042 0.016 
187 24.0797.E1    (0)    9 :  0.008 0.168 0.608 0.023 0.193 
188 24.0798.E1    (0)    9 :  0.078 0.521 0.124 0.026 0.251 
189 24.0799.E1    (0)    9 :  0.016 0.105 0.706 0.030 0.142 
190 24.0800.E1    (0)    9 :  0.021 0.034 0.900 0.032 0.014 
191 24.0801.E1    (0)    9 :  0.018 0.453 0.396 0.026 0.106 
192 24.0802.E1    (0)    9 :  0.010 0.049 0.300 0.030 0.611 
193 24.0803.E1    (0)    9 :  0.015 0.113 0.462 0.030 0.381 
194 24.0804.E1    (0)    9 :  0.008 0.013 0.655 0.016 0.307 
195 24.0805.E1    (0)    9 :  0.030 0.316 0.524 0.051 0.079 
196 24.0806.E1    (0)    9 :  0.018 0.018 0.194 0.025 0.745 
197 24.0807.E1    (0)    9 :  0.010 0.042 0.480 0.020 0.448 
198 24.0808.E1    (0)    9 :  0.018 0.205 0.659 0.074 0.044 
199 24.0809.E1    (0)    9 :  0.049 0.092 0.738 0.094 0.027 
200 24.0810.E1    (0)    9 :  0.024 0.079 0.670 0.067 0.160 
201 24.0811.E1    (0)    9 :  0.011 0.028 0.671 0.056 0.233 
202 24.0812.E1    (0)    9 :  0.014 0.075 0.827 0.056 0.028 
203 24.0813.E1    (0)    9 :  0.020 0.201 0.397 0.041 0.341 
204 24.0814.E1    (6)    9 :  0.011 0.021 0.867 0.013 0.088 
205 24.0815.E1    (0)    9 :  0.018 0.123 0.460 0.013 0.384 
206 24.0816.E1    (0)    9 :  0.011 0.099 0.384 0.015 0.492 
207 24.0817.E1    (0)   10 :  0.012 0.027 0.911 0.029 0.021 
208 24.0818.E1    (0)   10 :  0.019 0.077 0.827 0.053 0.024 
209 24.0819.E1    (0)   10 :  0.275 0.168 0.421 0.026 0.110 
210 24.0820.E1    (0)   10 :  0.477 0.019 0.480 0.011 0.013 
211 24.0821.E1    (0)   10 :  0.013 0.662 0.288 0.020 0.017 
212 24.0822.E1    (0)   10 :  0.041 0.030 0.907 0.014 0.009 
213 24.0823.E1    (0)   10 :  0.158 0.020 0.791 0.014 0.018 
214 24.0824.E1    (0)   10 :  0.031 0.356 0.539 0.050 0.024 
215 24.0825.E1    (0)   10 :  0.015 0.013 0.945 0.014 0.014 
216 24.0826.E1    (0)   10 :  0.338 0.052 0.586 0.010 0.013 
217 24.0827.E1    (0)   10 :  0.009 0.028 0.877 0.060 0.026 
218 24.0828.E1    (0)   10 :  0.182 0.032 0.756 0.015 0.015 
219 24.0829.E1    (0)   10 :  0.019 0.019 0.933 0.015 0.014 
220 24.0830.E1    (0)   10 :  0.010 0.278 0.678 0.019 0.015 
221 24.0831.E1    (0)   10 :  0.009 0.455 0.512 0.013 0.012 
222 24.0832.E1    (0)   10 :  0.008 0.012 0.956 0.016 0.008 
223 24.0833.E1    (0)   10 :  0.010 0.011 0.960 0.010 0.009 
224 24.0834.E1    (0)   10 :  0.016 0.020 0.933 0.018 0.014 
225 24.0835.E1    (0)   10 :  0.009 0.018 0.931 0.026 0.016 
226 24.0836.E1    (0)   10 :  0.023 0.026 0.904 0.031 0.016 
227 24.0837.E1    (0)   10 :  0.014 0.023 0.936 0.016 0.010 
228 24.0838.E1    (0)   10 :  0.025 0.022 0.929 0.014 0.010 
229 24.0839.E1    (0)   10 :  0.037 0.132 0.643 0.126 0.062 
230 24.0840.E1    (0)   10 :  0.008 0.019 0.839 0.020 0.114 
231 24.0841.E1    (0)   11 :  0.026 0.026 0.870 0.068 0.010 
232 24.0842.E1    (0)   11 :  0.016 0.153 0.782 0.040 0.009 
233 24.0843.E1    (0)   11 :  0.075 0.233 0.666 0.011 0.014 
234 24.0844.E1    (0)   11 :  0.015 0.423 0.507 0.040 0.014 
235 24.0845.E1    (0)   11 :  0.014 0.117 0.842 0.016 0.012 
236 24.0846.E1    (0)   11 :  0.015 0.029 0.915 0.023 0.018 
237 24.0847.E1    (0)   11 :  0.032 0.027 0.833 0.092 0.016 
238 24.0848.E1    (0)   11 :  0.009 0.064 0.883 0.033 0.011 
239 24.0849.E1    (0)   11 :  0.042 0.014 0.921 0.012 0.010 
240 24.0850.E1    (0)   11 :  0.043 0.014 0.921 0.012 0.011 
241 24.0851.E1    (0)   11 :  0.043 0.014 0.921 0.012 0.011 
242 24.0852.E1    (0)   11 :  0.096 0.090 0.790 0.014 0.010 
243 24.0853.E1    (0)   11 :  0.049 0.013 0.915 0.010 0.012 
244 24.0854.E1    (0)   11 :  0.018 0.819 0.126 0.023 0.015 
245 24.0855.E1    (0)   11 :  0.013 0.016 0.947 0.014 0.011 
246 24.0856.E1    (0)   11 :  0.085 0.172 0.137 0.079 0.528 
247 24.0857.E1    (0)   11 :  0.022 0.023 0.902 0.031 0.023 
248 24.0858.E1    (0)   11 :  0.023 0.042 0.903 0.020 0.012 
249 24.0859.E1    (0)   11 :  0.169 0.019 0.776 0.015 0.021 
250 24.0860.E1    (0)   11 :  0.070 0.109 0.569 0.032 0.220 
251 24.0861.E1    (0)   11 :  0.051 0.016 0.910 0.012 0.010 
252 24.0862.E1    (0)   11 :  0.016 0.030 0.481 0.029 0.443 
253 24.0863.E1    (0)   11 :  0.051 0.016 0.911 0.012 0.010 
254 24.0864.E1    (0)   11 :  0.014 0.104 0.268 0.598 0.016 
255 24.0865.E1    (0)   12 :  0.552 0.098 0.289 0.032 0.029 
256 24.0866.E1    (0)   12 :  0.109 0.126 0.663 0.082 0.020 
257 24.0867.E1    (0)   12 :  0.441 0.048 0.371 0.070 0.071 
258 24.0868.E1    (0)   12 :  0.057 0.587 0.236 0.063 0.058 
259 24.0869.E1    (0)   12 :  0.045 0.262 0.489 0.107 0.096 
260 24.0870.E1    (0)   12 :  0.057 0.398 0.119 0.185 0.241 
261 24.0871.E1    (0)   12 :  0.020 0.410 0.045 0.417 0.108 
262 24.0872.E1    (0)   12 :  0.426 0.439 0.078 0.034 0.023 
263 24.0873.E1    (0)   12 :  0.163 0.202 0.445 0.154 0.036 
264 24.0874.E1    (0)   12 :  0.418 0.048 0.487 0.027 0.020 
265 24.0875.E1    (0)   12 :  0.030 0.817 0.030 0.101 0.021 
266 24.0876.E1    (0)   12 :  0.032 0.464 0.018 0.465 0.021 
267 24.0877.E1    (0)   12 :  0.058 0.022 0.015 0.892 0.013 
268 24.0878.E1    (0)   12 :  0.020 0.041 0.073 0.853 0.014 
269 24.0879.E1    (0)   12 :  0.012 0.211 0.014 0.742 0.021 
270 24.0880.E1    (0)   12 :  0.030 0.278 0.576 0.088 0.028 
271 24.0881.E1    (0)   12 :  0.025 0.013 0.013 0.933 0.015 
272 24.0882.E1    (0)   12 :  0.681 0.019 0.019 0.267 0.014 
273 24.0883.E1    (0)   12 :  0.283 0.165 0.020 0.516 0.016 
274 24.0884.E1    (0)   12 :  0.059 0.022 0.016 0.888 0.015 
275 24.0885.E1    (0)   12 :  0.015 0.073 0.020 0.871 0.021 
276 24.0886.E1    (0)   12 :  0.233 0.049 0.020 0.688 0.010 
277 24.0887.E1    (0)   12 :  0.703 0.122 0.011 0.144 0.020 
278 24.0888.E1    (0)   12 :  0.014 0.915 0.023 0.025 0.023 


Estimated Allele Frequencies in each cluster
First column gives estimated ancestral frequencies


Locus 1 : 
31 alleles
0.0% missing data
 115   (0.025) 0.012 0.008 0.002 0.161 0.004 
 117   (0.040) 0.158 0.012 0.007 0.175 0.006 
 119   (0.048) 0.261 0.009 0.003 0.195 0.169 
 131   (0.016) 0.003 0.003 0.001 0.036 0.001 
 128   (0.036) 0.005 0.036 0.012 0.041 0.004 
 135   (0.016) 0.003 0.003 0.001 0.042 0.002 
 126   (0.074) 0.087 0.056 0.158 0.067 0.030 
 122   (0.027) 0.002 0.017 0.005 0.011 0.165 
 132   (0.030) 0.016 0.019 0.033 0.005 0.006 
 141   (0.012) 0.001 0.002 0.001 0.005 0.005 
 130   (0.052) 0.046 0.083 0.028 0.014 0.021 
 134   (0.036) 0.003 0.020 0.042 0.005 0.100 
 145   (0.026) 0.025 0.029 0.004 0.003 0.009 
 127   (0.028) 0.145 0.006 0.002 0.019 0.018 
 116   (0.111) 0.046 0.194 0.188 0.060 0.188 
 114   (0.044) 0.010 0.032 0.153 0.006 0.098 
 120   (0.037) 0.003 0.072 0.002 0.010 0.063 
 110   (0.053) 0.031 0.033 0.044 0.037 0.030 
 133   (0.017) 0.011 0.004 0.001 0.004 0.008 
 118   (0.099) 0.034 0.296 0.251 0.029 0.046 
 125   (0.016) 0.001 0.006 0.008 0.002 0.005 
 129   (0.022) 0.005 0.010 0.001 0.035 0.002 
 124   (0.018) 0.002 0.017 0.001 0.005 0.004 
 136   (0.023) 0.002 0.009 0.041 0.009 0.004 
 121   (0.016) 0.053 0.003 0.001 0.005 0.002 
 139   (0.013) 0.001 0.002 0.001 0.008 0.001 
 113   (0.012) 0.011 0.002 0.001 0.001 0.001 
 111   (0.013) 0.011 0.002 0.001 0.002 0.002 
 143   (0.012) 0.012 0.002 0.001 0.001 0.001 
 140   (0.015) 0.001 0.011 0.002 0.002 0.006 
 112   (0.013) 0.001 0.002 0.006 0.001 0.001 

Locus 2 : 
18 alleles
0.0% missing data
 152   (0.358) 0.761 0.310 0.333 0.579 0.459 
 148   (0.063) 0.032 0.025 0.005 0.183 0.155 
 154   (0.117) 0.049 0.090 0.141 0.073 0.217 
 156   (0.019) 0.001 0.006 0.002 0.008 0.008 
 150   (0.027) 0.039 0.006 0.001 0.005 0.042 
 164   (0.078) 0.018 0.070 0.082 0.075 0.027 
 158   (0.043) 0.015 0.037 0.006 0.017 0.026 
 160   (0.019) 0.024 0.008 0.001 0.003 0.002 
 166   (0.022) 0.001 0.015 0.004 0.005 0.018 
 151   (0.063) 0.005 0.218 0.273 0.007 0.007 
 147   (0.057) 0.009 0.131 0.136 0.007 0.014 
 168   (0.022) 0.003 0.024 0.003 0.004 0.004 
 153   (0.018) 0.003 0.012 0.002 0.002 0.004 
 149   (0.027) 0.011 0.020 0.002 0.008 0.003 
 162   (0.022) 0.003 0.009 0.006 0.005 0.011 
 167   (0.014) 0.001 0.002 0.001 0.016 0.001 
 146   (0.015) 0.023 0.002 0.001 0.001 0.001 
 172   (0.016) 0.001 0.015 0.001 0.002 0.001 

Locus 3 : 
4 alleles
0.0% missing data
 128   (0.285) 0.382 0.242 0.385 0.250 0.276 
 126   (0.612) 0.608 0.675 0.541 0.689 0.663 
 132   (0.084) 0.008 0.071 0.073 0.059 0.054 
 134   (0.018) 0.002 0.012 0.001 0.002 0.008 

Locus 4 : 
3 alleles
0.0% missing data
 170   (0.321) 0.264 0.311 0.321 0.267 0.395 
 172   (0.664) 0.732 0.686 0.677 0.730 0.599 
 171   (0.015) 0.004 0.003 0.002 0.002 0.006 

Locus 5 : 
37 alleles
0.0% missing data
 125   (0.053) 0.047 0.047 0.072 0.038 0.082 
 110   (0.036) 0.011 0.019 0.061 0.032 0.021 
 129   (0.037) 0.003 0.057 0.033 0.045 0.008 
 113   (0.034) 0.003 0.070 0.045 0.011 0.018 
 145   (0.047) 0.102 0.062 0.009 0.200 0.006 
 155   (0.046) 0.010 0.021 0.036 0.119 0.177 
 117   (0.034) 0.034 0.022 0.005 0.060 0.013 
 124   (0.012) 0.001 0.002 0.001 0.015 0.001 
 133   (0.034) 0.075 0.045 0.003 0.031 0.004 
 157   (0.046) 0.034 0.128 0.041 0.010 0.022 
 141   (0.019) 0.001 0.022 0.003 0.006 0.002 
 112   (0.063) 0.135 0.030 0.135 0.083 0.156 
 121   (0.023) 0.003 0.013 0.026 0.004 0.020 
 114   (0.037) 0.158 0.008 0.054 0.067 0.011 
 153   (0.049) 0.004 0.094 0.111 0.054 0.022 
 127   (0.064) 0.117 0.079 0.130 0.064 0.032 
 131   (0.060) 0.170 0.039 0.051 0.049 0.170 
 135   (0.028) 0.003 0.036 0.055 0.009 0.004 
 104   (0.010) 0.003 0.002 0.002 0.002 0.006 
 118   (0.019) 0.002 0.010 0.001 0.016 0.011 
 116   (0.027) 0.003 0.019 0.006 0.016 0.052 
 137   (0.020) 0.005 0.010 0.002 0.005 0.121 
 123   (0.020) 0.002 0.009 0.055 0.008 0.006 
 149   (0.010) 0.001 0.002 0.004 0.004 0.001 
 138   (0.015) 0.001 0.033 0.001 0.002 0.002 
 143   (0.027) 0.059 0.021 0.028 0.003 0.003 
 163   (0.011) 0.001 0.003 0.001 0.002 0.010 
 109   (0.011) 0.002 0.003 0.001 0.013 0.001 
 139   (0.010) 0.001 0.007 0.001 0.001 0.001 
 106   (0.011) 0.001 0.006 0.001 0.002 0.003 
 144   (0.016) 0.001 0.017 0.009 0.003 0.003 
 122   (0.012) 0.003 0.002 0.001 0.014 0.001 
 100   (0.016) 0.001 0.021 0.011 0.003 0.006 
 111   (0.013) 0.001 0.021 0.001 0.001 0.001 
 233   (0.010) 0.001 0.007 0.002 0.001 0.001 
 134   (0.011) 0.001 0.005 0.003 0.001 0.001 
 140   (0.011) 0.001 0.006 0.002 0.001 0.001 

Locus 6 : 
17 alleles
0.0% missing data
 221   (0.030) 0.063 0.005 0.002 0.090 0.004 
 232   (0.230) 0.487 0.315 0.373 0.174 0.201 
 229   (0.057) 0.047 0.015 0.044 0.085 0.042 
 223   (0.059) 0.009 0.047 0.048 0.095 0.012 
 230   (0.158) 0.261 0.188 0.137 0.133 0.150 
 235   (0.017) 0.001 0.003 0.001 0.044 0.003 
 236   (0.043) 0.007 0.031 0.003 0.060 0.029 
 227   (0.021) 0.002 0.006 0.001 0.048 0.002 
 220   (0.046) 0.004 0.028 0.093 0.008 0.145 
 222   (0.041) 0.003 0.034 0.037 0.005 0.234 
 234   (0.132) 0.082 0.132 0.140 0.146 0.133 
 224   (0.033) 0.002 0.046 0.038 0.004 0.006 
 228   (0.057) 0.006 0.133 0.048 0.019 0.013 
 225   (0.014) 0.001 0.002 0.001 0.004 0.007 
 226   (0.021) 0.001 0.004 0.031 0.004 0.016 
 233   (0.025) 0.023 0.007 0.002 0.049 0.002 
 231   (0.016) 0.001 0.003 0.001 0.030 0.001 

Locus 7 : 
10 alleles
0.0% missing data
 121   (0.672) 0.745 0.783 0.758 0.846 0.808 
 129   (0.083) 0.102 0.051 0.116 0.074 0.013 
 130   (0.017) 0.003 0.004 0.006 0.003 0.009 
 123   (0.101) 0.091 0.103 0.103 0.026 0.109 
 128   (0.024) 0.019 0.007 0.001 0.004 0.022 
 131   (0.016) 0.002 0.004 0.001 0.002 0.021 
 117   (0.014) 0.001 0.008 0.001 0.001 0.001 
 125   (0.016) 0.001 0.015 0.001 0.002 0.001 
 134   (0.041) 0.016 0.022 0.012 0.039 0.013 
 132   (0.016) 0.019 0.003 0.001 0.003 0.001 

Locus 8 : 
19 alleles
0.0% missing data
 184   (0.281) 0.387 0.384 0.337 0.494 0.447 
 194   (0.048) 0.023 0.044 0.008 0.043 0.033 
 178   (0.093) 0.063 0.042 0.176 0.167 0.154 
 176   (0.075) 0.199 0.094 0.051 0.055 0.013 
 182   (0.077) 0.173 0.069 0.089 0.044 0.041 
 190   (0.032) 0.035 0.007 0.019 0.006 0.049 
 196   (0.026) 0.002 0.017 0.030 0.008 0.003 
 200   (0.031) 0.010 0.028 0.002 0.012 0.017 
 180   (0.030) 0.002 0.025 0.003 0.007 0.056 
 188   (0.040) 0.009 0.029 0.047 0.024 0.008 
 174   (0.044) 0.034 0.043 0.004 0.032 0.020 
 186   (0.114) 0.052 0.165 0.180 0.090 0.129 
 192   (0.028) 0.003 0.011 0.039 0.007 0.011 
 201   (0.013) 0.002 0.004 0.001 0.001 0.008 
 199   (0.019) 0.001 0.017 0.003 0.002 0.007 
 185   (0.012) 0.001 0.007 0.001 0.001 0.001 
 203   (0.012) 0.001 0.004 0.003 0.003 0.002 
 198   (0.012) 0.001 0.004 0.004 0.002 0.002 
 209   (0.013) 0.001 0.006 0.003 0.002 0.001 

Locus 9 : 
6 alleles
0.4% missing data
 154   (0.688) 0.671 0.760 0.802 0.693 0.775 
 156   (0.214) 0.316 0.201 0.106 0.203 0.208 
 152   (0.043) 0.008 0.011 0.088 0.056 0.005 
 153   (0.017) 0.001 0.009 0.003 0.003 0.008 
 160   (0.017) 0.001 0.014 0.001 0.002 0.002 
 164   (0.022) 0.003 0.005 0.001 0.043 0.002 

Locus 10 : 
29 alleles
0.7% missing data
 305   (0.047) 0.006 0.032 0.007 0.045 0.314 
 313   (0.050) 0.005 0.045 0.016 0.097 0.013 
 311   (0.018) 0.001 0.007 0.001 0.011 0.002 
 299   (0.108) 0.032 0.086 0.204 0.198 0.047 
 315   (0.079) 0.072 0.098 0.012 0.070 0.053 
 287   (0.051) 0.008 0.204 0.013 0.020 0.009 
 291   (0.081) 0.030 0.050 0.384 0.148 0.027 
 295   (0.023) 0.002 0.007 0.002 0.128 0.003 
 289   (0.022) 0.002 0.014 0.036 0.004 0.023 
 303   (0.042) 0.574 0.021 0.087 0.007 0.011 
 297   (0.042) 0.066 0.009 0.062 0.066 0.006 
 293   (0.026) 0.001 0.031 0.002 0.035 0.004 
 301   (0.056) 0.008 0.060 0.008 0.064 0.091 
 285   (0.020) 0.001 0.005 0.004 0.002 0.289 
 307   (0.050) 0.173 0.021 0.054 0.029 0.016 
 312   (0.053) 0.005 0.101 0.048 0.011 0.038 
 306   (0.028) 0.002 0.045 0.006 0.010 0.004 
 320   (0.016) 0.001 0.015 0.001 0.002 0.001 
 317   (0.025) 0.002 0.037 0.006 0.012 0.002 
 314   (0.024) 0.001 0.019 0.001 0.022 0.002 
 323   (0.013) 0.001 0.008 0.001 0.002 0.001 
 325   (0.014) 0.001 0.008 0.001 0.002 0.001 
 310   (0.019) 0.001 0.023 0.007 0.003 0.002 
 309   (0.015) 0.001 0.012 0.002 0.003 0.004 
 316   (0.019) 0.001 0.019 0.004 0.002 0.002 
 296   (0.013) 0.001 0.008 0.001 0.002 0.001 
 304   (0.017) 0.001 0.004 0.011 0.002 0.028 
 321   (0.015) 0.001 0.006 0.009 0.002 0.005 
 332   (0.016) 0.001 0.006 0.010 0.002 0.002 

Locus 11 : 
19 alleles
0.0% missing data
 114   (0.141) 0.203 0.123 0.014 0.250 0.254 
 126   (0.023) 0.004 0.004 0.001 0.038 0.013 
 111   (0.077) 0.006 0.027 0.570 0.132 0.078 
 116   (0.102) 0.217 0.069 0.021 0.141 0.066 
 132   (0.013) 0.001 0.002 0.001 0.008 0.001 
 109   (0.018) 0.001 0.003 0.001 0.031 0.002 
 128   (0.020) 0.001 0.008 0.003 0.009 0.002 
 112   (0.322) 0.511 0.545 0.051 0.308 0.508 
 122   (0.018) 0.011 0.006 0.002 0.002 0.005 
 124   (0.014) 0.002 0.002 0.001 0.002 0.012 
 118   (0.056) 0.028 0.039 0.033 0.028 0.021 
 127   (0.014) 0.001 0.008 0.001 0.001 0.001 
 113   (0.049) 0.004 0.066 0.244 0.007 0.013 
 115   (0.038) 0.004 0.049 0.004 0.024 0.005 
 120   (0.024) 0.001 0.008 0.033 0.005 0.003 
 117   (0.023) 0.003 0.010 0.009 0.004 0.006 
 125   (0.018) 0.001 0.022 0.001 0.002 0.002 
 119   (0.016) 0.001 0.005 0.009 0.002 0.005 
 136   (0.015) 0.001 0.004 0.001 0.007 0.001 

Locus 12 : 
28 alleles
0.7% missing data
 306   (0.042) 0.005 0.018 0.009 0.043 0.338 
 314   (0.058) 0.006 0.040 0.059 0.086 0.009 
 312   (0.016) 0.001 0.003 0.001 0.016 0.001 
 300   (0.112) 0.032 0.086 0.202 0.209 0.047 
 316   (0.048) 0.066 0.011 0.010 0.058 0.041 
 288   (0.054) 0.009 0.196 0.013 0.020 0.010 
 292   (0.087) 0.031 0.051 0.388 0.151 0.027 
 296   (0.028) 0.002 0.013 0.002 0.130 0.003 
 290   (0.023) 0.002 0.014 0.036 0.004 0.023 
 304   (0.043) 0.579 0.021 0.086 0.007 0.011 
 298   (0.045) 0.067 0.009 0.062 0.067 0.007 
 294   (0.028) 0.002 0.032 0.002 0.036 0.004 
 302   (0.061) 0.008 0.060 0.008 0.065 0.091 
 286   (0.019) 0.001 0.005 0.004 0.002 0.300 
 308   (0.029) 0.164 0.012 0.002 0.011 0.014 
 313   (0.043) 0.004 0.109 0.005 0.011 0.039 
 307   (0.049) 0.007 0.049 0.067 0.027 0.005 
 321   (0.015) 0.001 0.015 0.001 0.002 0.001 
 315   (0.044) 0.004 0.111 0.003 0.030 0.007 
 318   (0.024) 0.002 0.033 0.009 0.005 0.002 
 324   (0.015) 0.001 0.008 0.001 0.002 0.001 
 326   (0.014) 0.001 0.008 0.001 0.002 0.001 
 311   (0.024) 0.002 0.040 0.010 0.004 0.002 
 310   (0.015) 0.001 0.012 0.002 0.003 0.004 
 305   (0.019) 0.001 0.019 0.003 0.003 0.003 
 317   (0.015) 0.001 0.015 0.001 0.002 0.001 
 320   (0.013) 0.001 0.005 0.004 0.002 0.002 
 322   (0.015) 0.001 0.006 0.009 0.002 0.005 

Locus 13 : 
7 alleles
1.1% missing data
 161   (0.573) 0.899 0.529 0.454 0.695 0.206 
 163   (0.311) 0.035 0.450 0.475 0.231 0.131 
 160   (0.022) 0.002 0.004 0.001 0.003 0.324 
 162   (0.020) 0.001 0.003 0.001 0.002 0.328 
 165   (0.042) 0.004 0.008 0.067 0.061 0.007 
 166   (0.016) 0.003 0.003 0.001 0.006 0.002 
 164   (0.017) 0.056 0.003 0.001 0.002 0.002 

Locus 14 : 
4 alleles
0.4% missing data
  98   (0.951) 0.986 0.981 0.997 0.987 0.996 
 100   (0.015) 0.003 0.007 0.001 0.002 0.001 
  96   (0.019) 0.010 0.003 0.001 0.010 0.002 
 105   (0.015) 0.001 0.008 0.001 0.002 0.001 

Locus 15 : 
12 alleles
2.2% missing data
 171   (0.296) 0.173 0.381 0.343 0.356 0.201 
 177   (0.188) 0.091 0.196 0.106 0.218 0.280 
 173   (0.257) 0.106 0.274 0.497 0.295 0.222 
 179   (0.092) 0.508 0.061 0.017 0.053 0.256 
 183   (0.023) 0.012 0.008 0.003 0.017 0.005 
 181   (0.042) 0.093 0.031 0.022 0.006 0.006 
 197   (0.023) 0.011 0.007 0.003 0.025 0.003 
 170   (0.016) 0.001 0.015 0.001 0.002 0.002 
 189   (0.016) 0.001 0.005 0.001 0.003 0.020 
 203   (0.017) 0.003 0.004 0.001 0.020 0.002 
 187   (0.017) 0.001 0.014 0.002 0.002 0.002 
 198   (0.014) 0.001 0.005 0.004 0.002 0.002 

Values of parameters used in structure:
DATAFILE=STRUCTURE_main_final_278_HEG_ZG.str,	OUTFILE=STRUCTURE_main_final_278_HEG_ZG-K5-2,	NUMINDS=278,	NUMLOCI=15,	MISSING=-9,	LABEL=1,	POPDATA=1,	POPFLAG=0,	PHENOTYPE=0,	EXTRACOLS=0,	MAXPOPS=5,	BURNIN=100000,	NUMREPS=500000,	USEPOPINFO=0,	INFERALPHA=1,	INFERLAMBDA=0,	POPSPECIFICLAMBDA=0,	POPALPHAS=0,	COMPUTEPROB=1,	NOADMIX=0,	ADMBURNIN=2500,	UPDATEFREQ=1,	PRINTLIKES=0,	INTERMEDSAVE=0,	PRINTKLD=0,	PRINTNET=0,	PRINTLAMBDA=0,	ANCESTDIST=0,	NUMBOXES=1000,	ANCESTPINT=0.90000,	GENSBACK=2,	MIGRPRIOR=0.05000,	PRINTQHAT=0,	PRINTQSUM=0,	ALPHA=1.0000,	FREQSCORR=1,	FPRIORMEAN=0.0100,	FPRIORSD=0.0500,	ONEFST=0,	LAMBDA=1.0000,	UNIFPRIORALPHA=1,	ALPHAMAX=10.0000,	ALPHAPRIORA=1.0000,	ALPHAPRIORB=2.0000,	ALPHAPROPSD=0.0250,	STARTATPOPINFO=0,	RANDOMIZE=1,	LINKAGE=0,	METROFREQ=10,	REPORTHITRATE=0,	MARKOVPHASE=-1,	PHASED=0,	PLOIDY=2,	PHASEINFO=0	LOCPRIOR=0, 	LOCPRIORINIT=1.000000, 	LOCDATA=0, 	LOCISPOP=0, 	LOCPRIORSTEP=0.100000, 	MAXLOCPRIOR=20.000000, 	SEED=1782480884,	
[STRAT parameters]:    NUMSIMSTATS=1000,	PHENOTYPECOL=-9,	POOLFREQ=10,	LOCUSxONLY=0,	EMERROR=0.00100,	MISSINGPHENO=-9,	