

----------------------------------------------------
STRUCTURE by Pritchard, Stephens and Donnelly (2000)
     and Falush, Stephens and Pritchard (2003)
       Code by Pritchard, Falush and Hubisz
             Version 2.3.4 (Jul 2012)
----------------------------------------------------



Command line arguments:   structure -K 12 -i STRUCTURE_main_final_278_HEG_ZG.str -o STRUCTURE_main_final_278_HEG_ZG-K12-11 
Input File:    STRUCTURE_main_final_278_HEG_ZG.str

Run parameters:
   278 individuals
   15 loci
   12 populations assumed
   100000 Burn-in period
   500000 Reps


--------------------------------------------
Proportion of membership of each pre-defined
 population in each of the 12 clusters

Given    Inferred Clusters                                                                      Number of
 Pop       1      2      3      4      5      6      7      8      9     10     11     12      Individuals

  1:     0.095  0.086  0.028  0.036  0.012  0.017  0.035  0.572  0.013  0.027  0.012  0.067       24
  2:     0.068  0.017  0.021  0.012  0.034  0.040  0.029  0.016  0.683  0.018  0.011  0.050       24
  3:     0.033  0.039  0.037  0.060  0.230  0.214  0.016  0.017  0.011  0.010  0.321  0.010       24
  4:     0.162  0.043  0.083  0.032  0.038  0.032  0.446  0.047  0.021  0.015  0.049  0.032       24
  5:     0.164  0.016  0.365  0.038  0.072  0.012  0.132  0.017  0.022  0.029  0.104  0.029       24
  6:     0.054  0.012  0.090  0.043  0.027  0.021  0.085  0.419  0.022  0.014  0.023  0.189       24
  7:     0.051  0.016  0.019  0.009  0.013  0.008  0.035  0.052  0.029  0.021  0.012  0.735       24
  8:     0.153  0.048  0.062  0.014  0.011  0.036  0.034  0.016  0.012  0.010  0.595  0.010       14
  9:     0.011  0.046  0.051  0.399  0.028  0.029  0.016  0.034  0.014  0.336  0.030  0.006       24
 10:     0.028  0.592  0.018  0.055  0.040  0.154  0.012  0.011  0.007  0.035  0.034  0.013       24
 11:     0.030  0.235  0.046  0.151  0.072  0.326  0.023  0.017  0.008  0.061  0.022  0.011       24
 12:     0.152  0.047  0.021  0.010  0.045  0.073  0.113  0.254  0.016  0.076  0.090  0.104       24
--------------------------------------------

Allele-freq. divergence among pops (Net nucleotide distance),
computed using point estimates of P.

      1       2       3       4       5       6       7       8       9      10      11      12      
 1      -    0.0733  0.0538  0.0635  0.0890  0.0831  0.0383  0.0341  0.0769  0.0795  0.0313  0.0716  
 2   0.0733     -    0.0994  0.0649  0.1275  0.0901  0.0798  0.0745  0.1247  0.0850  0.0582  0.1466  
 3   0.0538  0.0994     -    0.0879  0.1098  0.1153  0.0802  0.0523  0.0949  0.1142  0.0505  0.1022  
 4   0.0635  0.0649  0.0879     -    0.1335  0.0837  0.0956  0.0676  0.1021  0.1095  0.0657  0.1318  
 5   0.0890  0.1275  0.1098  0.1335     -    0.1284  0.1031  0.1007  0.1328  0.1189  0.0825  0.1445  
 6   0.0831  0.0901  0.1153  0.0837  0.1284     -    0.1073  0.0953  0.1470  0.1166  0.0774  0.0950  
 7   0.0383  0.0798  0.0802  0.0956  0.1031  0.1073     -    0.0439  0.0883  0.0609  0.0459  0.0805  
 8   0.0341  0.0745  0.0523  0.0676  0.1007  0.0953  0.0439     -    0.0746  0.0659  0.0441  0.0738  
 9   0.0769  0.1247  0.0949  0.1021  0.1328  0.1470  0.0883  0.0746     -    0.1317  0.0732  0.1133  
10   0.0795  0.0850  0.1142  0.1095  0.1189  0.1166  0.0609  0.0659  0.1317     -    0.0764  0.1208  
11   0.0313  0.0582  0.0505  0.0657  0.0825  0.0774  0.0459  0.0441  0.0732  0.0764     -    0.0922  
12   0.0716  0.1466  0.1022  0.1318  0.1445  0.0950  0.0805  0.0738  0.1133  0.1208  0.0922     -    

Average distances (expected heterozygosity) between individuals in same cluster:
cluster  1  : 0.6244 
cluster  2  : 0.5954 
cluster  3  : 0.5636 
cluster  4  : 0.5931 
cluster  5  : 0.5616 
cluster  6  : 0.5360 
cluster  7  : 0.5840 
cluster  8  : 0.6146 
cluster  9  : 0.6045 
cluster 10  : 0.5351 
cluster 11  : 0.6350 
cluster 12  : 0.5430 

--------------------------------------------
Estimated Ln Prob of Data   = -12168.8
Mean value of ln likelihood = -11341.8
Variance of ln likelihood   = 1654.1
Mean value of alpha         = 0.0472

Mean value of Fst_1         = 0.1190
Mean value of Fst_2         = 0.1797
Mean value of Fst_3         = 0.2084
Mean value of Fst_4         = 0.1762
Mean value of Fst_5         = 0.2352
Mean value of Fst_6         = 0.2468
Mean value of Fst_7         = 0.1525
Mean value of Fst_8         = 0.0976
Mean value of Fst_9         = 0.2229
Mean value of Fst_10         = 0.2430
Mean value of Fst_11         = 0.0715
Mean value of Fst_12         = 0.2165


Inferred ancestry of individuals:
        Label (%Miss) Pop:  Inferred clusters
  1 24.0601.E1    (0)    1 :  0.051 0.007 0.005 0.009 0.010 0.012 0.008 0.859 0.012 0.006 0.006 0.014 
  2 24.0602.E1    (0)    1 :  0.036 0.012 0.012 0.019 0.009 0.009 0.006 0.868 0.004 0.008 0.008 0.009 
  3 24.0603.E1    (0)    1 :  0.017 0.004 0.037 0.014 0.007 0.006 0.028 0.831 0.005 0.007 0.026 0.018 
  4 24.0604.E1    (0)    1 :  0.037 0.046 0.004 0.006 0.139 0.005 0.093 0.631 0.007 0.021 0.005 0.005 
  5 24.0605.E1    (0)    1 :  0.035 0.008 0.014 0.028 0.006 0.012 0.032 0.804 0.007 0.014 0.009 0.031 
  6 24.0606.E1    (0)    1 :  0.142 0.022 0.090 0.027 0.005 0.006 0.050 0.615 0.011 0.006 0.007 0.019 
  7 24.0607.E1    (0)    1 :  0.061 0.010 0.210 0.023 0.007 0.008 0.011 0.076 0.006 0.301 0.014 0.274 
  8 24.0608.E1    (0)    1 :  0.019 0.035 0.008 0.015 0.005 0.126 0.005 0.654 0.003 0.014 0.007 0.109 
  9 24.0609.E1    (0)    1 :  0.051 0.408 0.008 0.009 0.007 0.012 0.273 0.148 0.004 0.051 0.024 0.005 
 10 24.0610.E1    (0)    1 :  0.013 0.414 0.021 0.012 0.004 0.004 0.074 0.417 0.004 0.010 0.017 0.010 
 11 24.0611.E1    (0)    1 :  0.033 0.036 0.005 0.046 0.005 0.005 0.034 0.798 0.007 0.016 0.010 0.006 
 12 24.0612.E1    (0)    1 :  0.047 0.008 0.020 0.010 0.010 0.004 0.006 0.856 0.008 0.008 0.007 0.017 
 13 24.0613.E1    (0)    1 :  0.008 0.023 0.030 0.004 0.005 0.005 0.048 0.853 0.006 0.008 0.005 0.005 
 14 24.0614.E1    (0)    1 :  0.027 0.009 0.008 0.351 0.005 0.065 0.011 0.165 0.006 0.013 0.006 0.335 
 15 24.0615.E1    (0)    1 :  0.039 0.176 0.014 0.022 0.020 0.021 0.009 0.581 0.015 0.044 0.007 0.050 
 16 24.0616.E1    (0)    1 :  0.010 0.012 0.024 0.006 0.007 0.006 0.012 0.877 0.014 0.025 0.005 0.005 
 17 24.0617.E1    (0)    1 :  0.013 0.553 0.036 0.015 0.006 0.008 0.019 0.269 0.028 0.025 0.009 0.020 
 18 24.0618.E1    (0)    1 :  0.024 0.062 0.043 0.051 0.005 0.018 0.021 0.742 0.008 0.009 0.012 0.005 
 19 24.0619.E1    (0)    1 :  0.694 0.023 0.009 0.013 0.005 0.005 0.016 0.198 0.014 0.013 0.005 0.004 
 20 24.0620.E1   (20)    1 :  0.153 0.039 0.027 0.012 0.009 0.008 0.051 0.027 0.012 0.023 0.016 0.623 
 21 24.0621.E1    (0)    1 :  0.694 0.097 0.009 0.094 0.005 0.030 0.007 0.038 0.005 0.011 0.006 0.004 
 22 24.0622.E1    (0)    1 :  0.014 0.010 0.014 0.005 0.004 0.005 0.011 0.884 0.023 0.004 0.016 0.009 
 23 24.0623.E1    (0)    1 :  0.063 0.037 0.007 0.053 0.009 0.011 0.010 0.614 0.105 0.015 0.057 0.020 
 24 24.0624.E1    (0)    1 :  0.006 0.011 0.011 0.010 0.004 0.005 0.005 0.926 0.006 0.005 0.006 0.006 
 25 24.0625.E1    (0)    2 :  0.017 0.009 0.008 0.060 0.043 0.180 0.041 0.012 0.548 0.004 0.026 0.052 
 26 24.0626.E1    (0)    2 :  0.004 0.003 0.004 0.005 0.004 0.124 0.004 0.004 0.806 0.003 0.004 0.035 
 27 24.0627.E1    (0)    2 :  0.087 0.005 0.005 0.006 0.365 0.013 0.016 0.006 0.458 0.010 0.007 0.022 
 28 24.0628.E1    (0)    2 :  0.018 0.103 0.007 0.008 0.006 0.141 0.066 0.034 0.431 0.022 0.034 0.131 
 29 24.0629.E1    (0)    2 :  0.007 0.010 0.046 0.006 0.009 0.007 0.007 0.078 0.801 0.010 0.013 0.005 
 30 24.0630.E1    (0)    2 :  0.012 0.004 0.004 0.009 0.006 0.043 0.009 0.005 0.793 0.005 0.007 0.104 
 31 24.0631.E1    (0)    2 :  0.004 0.003 0.004 0.004 0.003 0.003 0.003 0.005 0.961 0.003 0.003 0.004 
 32 24.0632.E1    (0)    2 :  0.005 0.006 0.059 0.006 0.012 0.005 0.007 0.008 0.861 0.005 0.005 0.020 
 33 24.0633.E1    (0)    2 :  0.252 0.006 0.010 0.020 0.005 0.339 0.007 0.010 0.296 0.004 0.009 0.043 
 34 24.0634.E1    (0)    2 :  0.011 0.011 0.008 0.029 0.009 0.024 0.010 0.009 0.862 0.005 0.015 0.007 
 35 24.0635.E1    (0)    2 :  0.327 0.019 0.011 0.057 0.014 0.018 0.009 0.018 0.454 0.013 0.042 0.019 
 36 24.0636.E1   (33)    2 :  0.029 0.010 0.016 0.008 0.027 0.009 0.174 0.035 0.073 0.006 0.023 0.590 
 37 24.0637.E1    (0)    2 :  0.004 0.003 0.006 0.005 0.004 0.003 0.005 0.004 0.951 0.004 0.005 0.007 
 38 24.0638.E1    (0)    2 :  0.165 0.005 0.025 0.005 0.007 0.005 0.013 0.007 0.745 0.005 0.013 0.004 
 39 24.0639.E1    (0)    2 :  0.009 0.083 0.100 0.006 0.028 0.008 0.006 0.033 0.701 0.008 0.007 0.012 
 40 24.0640.E1    (0)    2 :  0.008 0.008 0.007 0.017 0.005 0.007 0.007 0.008 0.917 0.006 0.006 0.006 
 41 24.0641.E1    (0)    2 :  0.373 0.012 0.023 0.008 0.007 0.007 0.006 0.026 0.329 0.186 0.010 0.014 
 42 24.0642.E1    (0)    2 :  0.259 0.004 0.007 0.004 0.006 0.005 0.088 0.047 0.518 0.006 0.005 0.051 
 43 24.0643.E1    (0)    2 :  0.013 0.012 0.126 0.012 0.225 0.006 0.009 0.008 0.533 0.004 0.009 0.043 
 44 24.0644.E1    (0)    2 :  0.006 0.034 0.004 0.005 0.005 0.005 0.028 0.007 0.862 0.030 0.007 0.005 
 45 24.0645.E1    (0)    2 :  0.006 0.026 0.005 0.004 0.005 0.004 0.134 0.009 0.729 0.057 0.005 0.015 
 46 24.0646.E1    (0)    2 :  0.006 0.034 0.005 0.005 0.004 0.005 0.028 0.007 0.862 0.031 0.007 0.005 
 47 24.0647.E1    (0)    2 :  0.004 0.003 0.006 0.005 0.004 0.003 0.005 0.004 0.951 0.004 0.005 0.007 
 48 24.0648.E1    (0)    2 :  0.004 0.003 0.006 0.005 0.004 0.003 0.005 0.004 0.951 0.004 0.004 0.007 
 49 24.0649.E1    (0)    3 :  0.005 0.010 0.007 0.009 0.008 0.008 0.005 0.005 0.005 0.006 0.929 0.003 
 50 24.0650.E1    (0)    3 :  0.238 0.067 0.004 0.185 0.010 0.131 0.128 0.017 0.004 0.010 0.203 0.003 
 51 24.0651.E1    (0)    3 :  0.016 0.007 0.157 0.296 0.038 0.049 0.026 0.007 0.112 0.013 0.256 0.022 
 52 24.0652.E1    (0)    3 :  0.056 0.005 0.009 0.007 0.010 0.771 0.005 0.031 0.004 0.007 0.088 0.005 
 53 24.0653.E1    (0)    3 :  0.022 0.024 0.025 0.009 0.784 0.015 0.008 0.005 0.005 0.021 0.074 0.007 
 54 24.0654.E1    (0)    3 :  0.006 0.021 0.010 0.006 0.007 0.401 0.006 0.006 0.008 0.006 0.519 0.004 
 55 24.0655.E1    (0)    3 :  0.039 0.027 0.073 0.056 0.008 0.356 0.010 0.047 0.023 0.007 0.346 0.007 
 56 24.0656.E1    (0)    3 :  0.019 0.011 0.010 0.005 0.015 0.853 0.014 0.008 0.006 0.006 0.042 0.010 
 57 24.0657.E1    (0)    3 :  0.023 0.012 0.010 0.006 0.014 0.841 0.014 0.008 0.006 0.006 0.050 0.010 
 58 24.0658.E1    (0)    3 :  0.020 0.112 0.064 0.008 0.058 0.005 0.025 0.018 0.006 0.018 0.659 0.006 
 59 24.0659.E1    (0)    3 :  0.125 0.021 0.010 0.227 0.325 0.067 0.008 0.039 0.007 0.006 0.160 0.004 
 60 24.0660.E1    (6)    3 :  0.031 0.006 0.023 0.007 0.011 0.007 0.013 0.023 0.012 0.008 0.853 0.006 
 61 24.0661.E1    (0)    3 :  0.007 0.005 0.013 0.009 0.008 0.885 0.005 0.009 0.005 0.009 0.039 0.006 
 62 24.0662.E1    (0)    3 :  0.042 0.017 0.019 0.490 0.098 0.050 0.009 0.056 0.015 0.006 0.176 0.022 
 63 24.0663.E1    (0)    3 :  0.006 0.463 0.011 0.023 0.005 0.058 0.044 0.006 0.007 0.030 0.343 0.004 
 64 24.0664.E1    (0)    3 :  0.009 0.012 0.022 0.004 0.007 0.186 0.006 0.005 0.006 0.012 0.695 0.035 
 65 24.0665.E1    (0)    3 :  0.013 0.004 0.017 0.006 0.032 0.355 0.013 0.006 0.006 0.010 0.477 0.061 
 66 24.0666.E1    (0)    3 :  0.009 0.007 0.010 0.004 0.925 0.007 0.009 0.007 0.006 0.005 0.007 0.004 
 67 24.0667.E1    (0)    3 :  0.012 0.004 0.005 0.004 0.928 0.006 0.004 0.010 0.003 0.004 0.016 0.004 
 68 24.0668.E1    (0)    3 :  0.003 0.003 0.004 0.003 0.961 0.004 0.003 0.003 0.004 0.005 0.004 0.003 
 69 24.0669.E1    (0)    3 :  0.004 0.004 0.004 0.003 0.950 0.004 0.004 0.004 0.004 0.013 0.004 0.003 
 70 24.0670.E1    (0)    3 :  0.012 0.059 0.343 0.029 0.068 0.015 0.004 0.014 0.004 0.003 0.443 0.005 
 71 24.0671.E1    (0)    3 :  0.008 0.030 0.037 0.023 0.011 0.057 0.014 0.010 0.007 0.009 0.786 0.008 
 72 24.0672.E1    (0)    3 :  0.075 0.008 0.012 0.012 0.238 0.008 0.010 0.057 0.005 0.032 0.539 0.005 
 73 24.0673.E1    (6)    4 :  0.070 0.008 0.030 0.029 0.007 0.426 0.179 0.108 0.020 0.005 0.014 0.104 
 74 24.0674.E1    (0)    4 :  0.005 0.006 0.005 0.018 0.004 0.004 0.923 0.007 0.007 0.005 0.006 0.009 
 75 24.0675.E1    (0)    4 :  0.014 0.030 0.049 0.051 0.008 0.025 0.697 0.026 0.025 0.018 0.035 0.022 
 76 24.0676.E1    (0)    4 :  0.025 0.178 0.051 0.028 0.006 0.019 0.546 0.014 0.007 0.052 0.051 0.024 
 77 24.0677.E1    (0)    4 :  0.028 0.025 0.744 0.029 0.014 0.048 0.020 0.022 0.004 0.032 0.025 0.012 
 78 24.0678.E1    (0)    4 :  0.136 0.007 0.077 0.017 0.106 0.035 0.018 0.423 0.056 0.030 0.084 0.010 
 79 24.0679.E1    (0)    4 :  0.485 0.135 0.036 0.017 0.032 0.008 0.130 0.089 0.011 0.007 0.042 0.007 
 80 24.0680.E1    (0)    4 :  0.771 0.005 0.020 0.008 0.028 0.009 0.017 0.020 0.010 0.014 0.090 0.008 
 81 24.0681.E1    (0)    4 :  0.601 0.007 0.036 0.014 0.012 0.009 0.186 0.026 0.009 0.011 0.071 0.018 
 82 24.0682.E1    (0)    4 :  0.005 0.005 0.003 0.003 0.004 0.003 0.953 0.004 0.004 0.010 0.004 0.004 
 83 24.0683.E1    (0)    4 :  0.008 0.004 0.013 0.013 0.006 0.006 0.870 0.008 0.007 0.005 0.005 0.055 
 84 24.0684.E1    (0)    4 :  0.019 0.024 0.039 0.006 0.010 0.006 0.752 0.065 0.027 0.018 0.018 0.015 
 85 24.0685.E1    (0)    4 :  0.366 0.025 0.018 0.006 0.059 0.005 0.472 0.010 0.006 0.006 0.009 0.017 
 86 24.0686.E1    (0)    4 :  0.099 0.013 0.282 0.194 0.012 0.005 0.048 0.070 0.078 0.006 0.179 0.014 
 87 24.0687.E1    (0)    4 :  0.108 0.022 0.113 0.226 0.006 0.008 0.107 0.029 0.151 0.006 0.207 0.018 
 88 24.0688.E1    (0)    4 :  0.008 0.003 0.005 0.004 0.003 0.004 0.937 0.006 0.007 0.008 0.009 0.006 
 89 24.0689.E1    (0)    4 :  0.165 0.375 0.212 0.014 0.004 0.032 0.085 0.022 0.012 0.012 0.042 0.023 
 90 24.0690.E1    (0)    4 :  0.154 0.006 0.062 0.038 0.533 0.021 0.033 0.022 0.031 0.005 0.062 0.033 
 91 24.0691.E1    (0)    4 :  0.028 0.044 0.049 0.007 0.010 0.006 0.792 0.036 0.006 0.005 0.012 0.006 
 92 24.0692.E1    (0)    4 :  0.020 0.019 0.081 0.005 0.008 0.005 0.789 0.006 0.004 0.009 0.048 0.008 
 93 24.0693.E1    (0)    4 :  0.040 0.033 0.016 0.015 0.017 0.069 0.314 0.010 0.007 0.010 0.138 0.332 
 94 24.0694.E1    (0)    4 :  0.149 0.009 0.005 0.004 0.009 0.004 0.775 0.008 0.007 0.007 0.014 0.008 
 95 24.0695.E1    (0)    4 :  0.349 0.040 0.006 0.006 0.012 0.008 0.427 0.066 0.007 0.062 0.012 0.006 
 96 24.0696.E1    (0)    4 :  0.238 0.019 0.033 0.008 0.010 0.004 0.627 0.022 0.013 0.009 0.010 0.008 
 97 24.0697.E1    (0)    5 :  0.016 0.009 0.742 0.014 0.005 0.007 0.132 0.005 0.008 0.010 0.036 0.014 
 98 24.0698.E1    (0)    5 :  0.010 0.009 0.869 0.022 0.012 0.009 0.017 0.008 0.014 0.006 0.010 0.013 
 99 24.0699.E1    (0)    5 :  0.005 0.004 0.948 0.005 0.005 0.005 0.004 0.005 0.004 0.004 0.008 0.004 
100 24.0700.E1    (0)    5 :  0.435 0.007 0.390 0.014 0.007 0.010 0.010 0.006 0.005 0.005 0.106 0.006 
101 24.0701.E1    (0)    5 :  0.011 0.009 0.232 0.007 0.656 0.006 0.007 0.007 0.009 0.009 0.007 0.041 
102 24.0702.E1    (0)    5 :  0.436 0.008 0.418 0.006 0.017 0.007 0.007 0.009 0.011 0.006 0.057 0.019 
103 24.0703.E1    (0)    5 :  0.005 0.004 0.838 0.084 0.005 0.003 0.004 0.005 0.036 0.004 0.008 0.005 
104 24.0704.E1    (6)    5 :  0.021 0.006 0.720 0.016 0.005 0.005 0.013 0.008 0.008 0.176 0.015 0.008 
105 24.0705.E1    (0)    5 :  0.679 0.009 0.030 0.007 0.025 0.006 0.180 0.024 0.006 0.008 0.019 0.009 
106 24.0706.E1    (0)    5 :  0.544 0.010 0.036 0.006 0.013 0.011 0.012 0.006 0.007 0.012 0.334 0.009 
107 24.0707.E1    (0)    5 :  0.216 0.005 0.064 0.040 0.006 0.011 0.062 0.035 0.027 0.026 0.488 0.018 
108 24.0708.E1    (0)    5 :  0.049 0.089 0.065 0.494 0.019 0.015 0.050 0.024 0.148 0.006 0.020 0.020 
109 24.0709.E1    (0)    5 :  0.016 0.035 0.017 0.016 0.009 0.016 0.687 0.013 0.008 0.148 0.028 0.006 
110 24.0710.E1    (0)    5 :  0.007 0.007 0.773 0.034 0.009 0.004 0.121 0.008 0.005 0.007 0.006 0.020 
111 24.0711.E1    (0)    5 :  0.069 0.005 0.591 0.005 0.035 0.008 0.038 0.066 0.049 0.066 0.053 0.015 
112 24.0712.E1    (0)    5 :  0.020 0.006 0.379 0.007 0.499 0.005 0.022 0.012 0.028 0.004 0.008 0.010 
113 24.0713.E1    (0)    5 :  0.512 0.039 0.096 0.012 0.007 0.006 0.174 0.009 0.006 0.075 0.053 0.012 
114 24.0714.E1    (0)    5 :  0.596 0.012 0.244 0.014 0.010 0.011 0.007 0.036 0.010 0.009 0.043 0.007 
115 24.0715.E1    (0)    5 :  0.023 0.008 0.580 0.007 0.017 0.033 0.114 0.020 0.005 0.007 0.049 0.138 
116 24.0716.E1    (0)    5 :  0.014 0.041 0.500 0.015 0.296 0.007 0.014 0.037 0.023 0.011 0.025 0.017 
117 24.0717.E1    (0)    5 :  0.107 0.024 0.107 0.070 0.013 0.080 0.021 0.015 0.051 0.024 0.202 0.287 
118 24.0718.E1    (0)    5 :  0.070 0.008 0.041 0.008 0.044 0.004 0.154 0.022 0.027 0.006 0.600 0.014 
119 24.0719.E1    (0)    5 :  0.055 0.019 0.014 0.005 0.012 0.008 0.711 0.006 0.016 0.057 0.089 0.008 
120 24.0720.E1    (0)    5 :  0.019 0.014 0.067 0.006 0.010 0.007 0.602 0.013 0.012 0.015 0.230 0.005 
121 24.0721.E1    (0)    6 :  0.065 0.016 0.389 0.056 0.019 0.087 0.073 0.013 0.009 0.006 0.016 0.251 
122 24.0722.E1    (0)    6 :  0.015 0.010 0.160 0.102 0.062 0.008 0.081 0.019 0.074 0.005 0.019 0.444 
123 24.0723.E1    (0)    6 :  0.020 0.018 0.037 0.284 0.010 0.162 0.010 0.023 0.122 0.005 0.011 0.298 
124 24.0724.E1    (0)    6 :  0.029 0.036 0.046 0.265 0.012 0.011 0.329 0.146 0.038 0.011 0.018 0.059 
125 24.0725.E1    (0)    6 :  0.010 0.006 0.035 0.005 0.006 0.014 0.010 0.888 0.007 0.005 0.007 0.007 
126 24.0726.E1    (6)    6 :  0.371 0.007 0.009 0.017 0.006 0.006 0.064 0.410 0.007 0.006 0.016 0.083 
127 24.0727.E1    (0)    6 :  0.037 0.012 0.036 0.064 0.060 0.033 0.029 0.233 0.021 0.004 0.026 0.445 
128 24.0728.E1    (0)    6 :  0.020 0.012 0.182 0.022 0.012 0.033 0.015 0.378 0.031 0.005 0.127 0.163 
129 24.0729.E1    (0)    6 :  0.032 0.023 0.010 0.011 0.037 0.005 0.101 0.677 0.012 0.031 0.019 0.041 
130 24.0730.E1    (0)    6 :  0.010 0.010 0.799 0.006 0.016 0.009 0.029 0.044 0.007 0.013 0.046 0.012 
131 24.0731.E1    (0)    6 :  0.474 0.007 0.008 0.012 0.004 0.019 0.257 0.131 0.013 0.005 0.009 0.061 
132 24.0732.E1    (0)    6 :  0.018 0.004 0.077 0.004 0.011 0.023 0.134 0.083 0.009 0.007 0.013 0.615 
133 24.0733.E1    (0)    6 :  0.019 0.007 0.004 0.004 0.003 0.004 0.008 0.921 0.006 0.004 0.005 0.017 
134 24.0734.E1    (0)    6 :  0.016 0.007 0.127 0.028 0.007 0.010 0.009 0.027 0.009 0.004 0.021 0.735 
135 24.0735.E1    (0)    6 :  0.022 0.023 0.092 0.007 0.010 0.008 0.020 0.593 0.046 0.005 0.022 0.151 
136 24.0736.E1    (0)    6 :  0.010 0.006 0.015 0.005 0.004 0.006 0.008 0.893 0.007 0.005 0.006 0.034 
137 24.0737.E1    (0)    6 :  0.021 0.007 0.010 0.052 0.008 0.008 0.012 0.819 0.023 0.004 0.029 0.007 
138 24.0738.E1    (0)    6 :  0.015 0.005 0.016 0.008 0.009 0.008 0.008 0.876 0.010 0.008 0.013 0.025 
139 24.0739.E1    (0)    6 :  0.008 0.006 0.012 0.006 0.006 0.007 0.010 0.892 0.015 0.004 0.028 0.005 
140 24.0740.E1    (0)    6 :  0.017 0.017 0.007 0.005 0.009 0.006 0.164 0.631 0.023 0.088 0.023 0.010 
141 24.0741.E1    (0)    6 :  0.013 0.009 0.053 0.008 0.006 0.009 0.164 0.402 0.016 0.006 0.040 0.274 
142 24.0742.E1    (0)    6 :  0.016 0.006 0.012 0.021 0.008 0.007 0.033 0.209 0.010 0.007 0.011 0.660 
143 24.0743.E1    (0)    6 :  0.012 0.011 0.019 0.026 0.024 0.008 0.377 0.430 0.005 0.055 0.010 0.024 
144 24.0744.E1    (0)    6 :  0.024 0.023 0.014 0.017 0.305 0.018 0.106 0.310 0.010 0.041 0.024 0.108 
145 24.0745.E1    (0)    7 :  0.021 0.007 0.013 0.005 0.021 0.016 0.015 0.004 0.004 0.014 0.008 0.871 
146 24.0746.E1    (0)    7 :  0.030 0.010 0.035 0.053 0.007 0.007 0.045 0.045 0.075 0.079 0.022 0.592 
147 24.0747.E1    (0)    7 :  0.017 0.030 0.006 0.004 0.013 0.009 0.116 0.025 0.009 0.059 0.023 0.689 
148 24.0748.E1    (6)    7 :  0.031 0.044 0.007 0.005 0.012 0.016 0.142 0.025 0.009 0.070 0.020 0.619 
149 24.0749.E1    (0)    7 :  0.013 0.006 0.017 0.010 0.006 0.004 0.008 0.225 0.007 0.005 0.006 0.693 
150 24.0750.E1    (0)    7 :  0.322 0.013 0.109 0.022 0.013 0.008 0.084 0.184 0.010 0.019 0.019 0.196 
151 24.0751.E1    (0)    7 :  0.006 0.004 0.005 0.004 0.004 0.005 0.004 0.007 0.006 0.004 0.005 0.945 
152 24.0752.E1    (0)    7 :  0.007 0.006 0.046 0.004 0.004 0.010 0.007 0.034 0.006 0.008 0.005 0.864 
153 24.0753.E1    (0)    7 :  0.024 0.004 0.005 0.009 0.009 0.025 0.011 0.224 0.171 0.010 0.008 0.500 
154 24.0754.E1    (0)    7 :  0.015 0.006 0.007 0.005 0.007 0.009 0.029 0.029 0.017 0.005 0.007 0.866 
155 24.0755.E1    (0)    7 :  0.012 0.034 0.024 0.005 0.006 0.006 0.105 0.012 0.018 0.043 0.025 0.710 
156 24.0756.E1    (0)    7 :  0.010 0.013 0.004 0.009 0.004 0.005 0.008 0.010 0.008 0.005 0.004 0.919 
157 24.0757.E1    (0)    7 :  0.004 0.003 0.005 0.003 0.004 0.003 0.004 0.003 0.004 0.004 0.003 0.961 
158 24.0758.E1    (0)    7 :  0.004 0.003 0.005 0.003 0.004 0.004 0.004 0.004 0.004 0.004 0.003 0.959 
159 24.0759.E1    (0)    7 :  0.011 0.005 0.008 0.005 0.009 0.013 0.007 0.020 0.006 0.007 0.008 0.901 
160 24.0760.E1    (0)    7 :  0.012 0.006 0.030 0.007 0.007 0.007 0.027 0.009 0.272 0.005 0.030 0.589 
161 24.0761.E1    (0)    7 :  0.004 0.005 0.004 0.005 0.003 0.005 0.005 0.006 0.009 0.003 0.004 0.947 
162 24.0762.E1    (0)    7 :  0.337 0.124 0.026 0.010 0.152 0.007 0.035 0.165 0.008 0.019 0.051 0.067 
163 24.0763.E1    (0)    7 :  0.006 0.004 0.004 0.004 0.003 0.006 0.016 0.007 0.004 0.005 0.005 0.935 
164 24.0764.E1    (0)    7 :  0.007 0.004 0.010 0.003 0.004 0.004 0.004 0.011 0.008 0.004 0.006 0.934 
165 24.0765.E1    (0)    7 :  0.018 0.010 0.007 0.022 0.004 0.008 0.024 0.006 0.020 0.006 0.006 0.869 
166 24.0766.E1    (0)    7 :  0.006 0.004 0.008 0.005 0.005 0.009 0.009 0.009 0.006 0.005 0.006 0.927 
167 24.0767.E1    (0)    7 :  0.004 0.003 0.004 0.006 0.003 0.004 0.009 0.004 0.004 0.003 0.004 0.953 
168 24.0768.E1    (0)    7 :  0.309 0.026 0.057 0.008 0.007 0.008 0.125 0.179 0.005 0.128 0.014 0.134 
169 24.0779.E1    (0)    8 :  0.015 0.006 0.021 0.026 0.009 0.008 0.030 0.010 0.005 0.014 0.819 0.036 
170 24.0780.E1    (6)    8 :  0.107 0.112 0.130 0.015 0.008 0.032 0.018 0.008 0.005 0.008 0.553 0.004 
171 24.0781.E1    (0)    8 :  0.212 0.009 0.092 0.007 0.005 0.006 0.006 0.004 0.004 0.005 0.645 0.005 
172 24.0782.E1    (0)    8 :  0.270 0.022 0.279 0.028 0.007 0.029 0.202 0.072 0.032 0.008 0.032 0.019 
173 24.0783.E1    (0)    8 :  0.583 0.291 0.039 0.008 0.017 0.011 0.011 0.006 0.007 0.004 0.017 0.005 
174 24.0784.E1    (0)    8 :  0.015 0.014 0.041 0.031 0.004 0.007 0.027 0.008 0.005 0.012 0.833 0.004 
175 24.0785.E1    (0)    8 :  0.019 0.024 0.099 0.012 0.009 0.031 0.007 0.007 0.004 0.011 0.773 0.004 
176 24.0786.E1    (0)    8 :  0.053 0.079 0.036 0.008 0.008 0.017 0.086 0.020 0.008 0.024 0.653 0.009 
177 24.0787.E1    (0)    8 :  0.019 0.012 0.041 0.010 0.006 0.008 0.018 0.015 0.051 0.007 0.795 0.018 
178 24.0788.E1    (0)    8 :  0.006 0.040 0.006 0.007 0.005 0.007 0.012 0.004 0.011 0.008 0.889 0.004 
179 24.0789.E1    (0)    8 :  0.008 0.031 0.059 0.026 0.005 0.012 0.008 0.053 0.021 0.014 0.758 0.006 
180 24.0790.E1    (0)    8 :  0.007 0.008 0.006 0.009 0.005 0.009 0.004 0.004 0.005 0.006 0.933 0.003 
181 24.0791.E1    (0)    8 :  0.702 0.010 0.009 0.005 0.044 0.016 0.008 0.009 0.005 0.019 0.166 0.008 
182 24.0792.E1    (0)    8 :  0.127 0.007 0.009 0.007 0.016 0.304 0.033 0.009 0.004 0.005 0.461 0.018 
183 24.0793.E1    (0)    9 :  0.006 0.025 0.581 0.293 0.005 0.014 0.006 0.013 0.031 0.016 0.006 0.005 
184 24.0794.E1    (0)    9 :  0.026 0.030 0.016 0.180 0.005 0.209 0.006 0.484 0.005 0.006 0.025 0.007 
185 24.0795.E1    (0)    9 :  0.040 0.009 0.007 0.801 0.005 0.005 0.024 0.075 0.009 0.006 0.007 0.012 
186 24.0796.E1    (0)    9 :  0.013 0.373 0.078 0.116 0.005 0.189 0.006 0.066 0.009 0.031 0.110 0.005 
187 24.0797.E1    (0)    9 :  0.013 0.053 0.276 0.563 0.005 0.021 0.006 0.012 0.007 0.007 0.035 0.003 
188 24.0798.E1    (0)    9 :  0.016 0.008 0.024 0.448 0.327 0.065 0.026 0.008 0.016 0.023 0.021 0.018 
189 24.0799.E1    (0)    9 :  0.004 0.007 0.013 0.004 0.005 0.005 0.005 0.007 0.006 0.934 0.004 0.006 
190 24.0800.E1    (0)    9 :  0.005 0.009 0.010 0.004 0.004 0.006 0.006 0.007 0.004 0.937 0.005 0.004 
191 24.0801.E1    (0)    9 :  0.008 0.004 0.005 0.005 0.179 0.008 0.010 0.004 0.005 0.760 0.008 0.004 
192 24.0802.E1    (0)    9 :  0.009 0.007 0.007 0.928 0.005 0.004 0.005 0.005 0.012 0.008 0.005 0.004 
193 24.0803.E1    (0)    9 :  0.018 0.008 0.066 0.367 0.016 0.009 0.007 0.010 0.010 0.475 0.007 0.006 
194 24.0804.E1    (0)    9 :  0.005 0.093 0.009 0.800 0.004 0.007 0.013 0.011 0.011 0.034 0.011 0.003 
195 24.0805.E1    (0)    9 :  0.010 0.005 0.006 0.011 0.004 0.005 0.017 0.006 0.004 0.917 0.009 0.006 
196 24.0806.E1    (0)    9 :  0.007 0.005 0.007 0.862 0.007 0.008 0.006 0.007 0.033 0.045 0.007 0.006 
197 24.0807.E1    (0)    9 :  0.014 0.016 0.008 0.893 0.009 0.016 0.007 0.006 0.007 0.009 0.012 0.003 
198 24.0808.E1    (0)    9 :  0.008 0.015 0.009 0.023 0.004 0.009 0.030 0.009 0.017 0.635 0.235 0.005 
199 24.0809.E1    (0)    9 :  0.004 0.005 0.004 0.004 0.004 0.004 0.006 0.006 0.003 0.951 0.004 0.005 
200 24.0810.E1    (0)    9 :  0.004 0.006 0.008 0.097 0.005 0.012 0.063 0.007 0.010 0.769 0.011 0.008 
201 24.0811.E1    (0)    9 :  0.006 0.012 0.006 0.905 0.003 0.016 0.006 0.010 0.011 0.004 0.016 0.004 
202 24.0812.E1    (0)    9 :  0.013 0.273 0.024 0.421 0.008 0.007 0.032 0.027 0.008 0.113 0.067 0.006 
203 24.0813.E1    (0)    9 :  0.019 0.017 0.010 0.569 0.004 0.007 0.075 0.007 0.012 0.186 0.088 0.006 
204 24.0814.E1    (6)    9 :  0.007 0.115 0.004 0.176 0.009 0.030 0.014 0.009 0.012 0.604 0.015 0.004 
205 24.0815.E1    (0)    9 :  0.005 0.009 0.005 0.285 0.009 0.008 0.005 0.004 0.086 0.572 0.006 0.006 
206 24.0816.E1    (0)    9 :  0.006 0.010 0.035 0.831 0.029 0.023 0.004 0.007 0.014 0.020 0.014 0.006 
207 24.0817.E1    (0)   10 :  0.021 0.717 0.015 0.072 0.007 0.070 0.010 0.019 0.005 0.044 0.015 0.005 
208 24.0818.E1    (0)   10 :  0.019 0.733 0.122 0.010 0.006 0.016 0.005 0.030 0.011 0.009 0.031 0.009 
209 24.0819.E1    (0)   10 :  0.024 0.018 0.017 0.008 0.067 0.335 0.009 0.011 0.015 0.406 0.009 0.083 
210 24.0820.E1    (0)   10 :  0.006 0.016 0.005 0.005 0.009 0.860 0.005 0.006 0.007 0.027 0.007 0.047 
211 24.0821.E1    (0)   10 :  0.011 0.127 0.010 0.031 0.203 0.098 0.011 0.010 0.008 0.021 0.463 0.006 
212 24.0822.E1    (0)   10 :  0.005 0.870 0.015 0.004 0.008 0.011 0.009 0.006 0.004 0.014 0.036 0.019 
213 24.0823.E1    (0)   10 :  0.005 0.347 0.005 0.004 0.011 0.535 0.010 0.007 0.008 0.033 0.007 0.027 
214 24.0824.E1    (0)   10 :  0.006 0.444 0.007 0.008 0.422 0.015 0.045 0.006 0.005 0.026 0.007 0.009 
215 24.0825.E1    (0)   10 :  0.005 0.945 0.005 0.005 0.005 0.005 0.008 0.004 0.004 0.006 0.005 0.005 
216 24.0826.E1    (0)   10 :  0.014 0.033 0.023 0.011 0.014 0.836 0.010 0.006 0.009 0.014 0.014 0.017 
217 24.0827.E1    (0)   10 :  0.008 0.719 0.040 0.020 0.007 0.133 0.009 0.037 0.007 0.007 0.009 0.003 
218 24.0828.E1    (0)   10 :  0.012 0.105 0.020 0.069 0.095 0.595 0.018 0.011 0.009 0.018 0.029 0.017 
219 24.0829.E1    (0)   10 :  0.008 0.559 0.004 0.244 0.015 0.014 0.024 0.005 0.007 0.091 0.018 0.010 
220 24.0830.E1    (0)   10 :  0.133 0.788 0.004 0.023 0.005 0.017 0.005 0.005 0.003 0.004 0.007 0.004 
221 24.0831.E1    (0)   10 :  0.264 0.634 0.020 0.015 0.007 0.018 0.007 0.005 0.004 0.006 0.016 0.003 
222 24.0832.E1    (0)   10 :  0.004 0.935 0.009 0.005 0.003 0.013 0.007 0.008 0.003 0.004 0.005 0.003 
223 24.0833.E1    (0)   10 :  0.005 0.952 0.003 0.005 0.004 0.007 0.006 0.003 0.003 0.004 0.004 0.004 
224 24.0834.E1    (0)   10 :  0.008 0.924 0.004 0.007 0.006 0.010 0.006 0.007 0.007 0.009 0.006 0.008 
225 24.0835.E1    (0)   10 :  0.007 0.891 0.016 0.005 0.009 0.007 0.006 0.013 0.006 0.031 0.006 0.004 
226 24.0836.E1    (0)   10 :  0.010 0.891 0.008 0.007 0.014 0.007 0.018 0.009 0.004 0.015 0.008 0.008 
227 24.0837.E1    (0)   10 :  0.006 0.927 0.006 0.006 0.006 0.007 0.008 0.006 0.004 0.009 0.010 0.005 
228 24.0838.E1    (0)   10 :  0.007 0.913 0.017 0.011 0.005 0.010 0.010 0.004 0.003 0.004 0.009 0.006 
229 24.0839.E1    (0)   10 :  0.085 0.269 0.045 0.312 0.025 0.029 0.043 0.042 0.031 0.028 0.074 0.019 
230 24.0840.E1    (0)   10 :  0.010 0.449 0.005 0.427 0.012 0.044 0.009 0.006 0.011 0.012 0.011 0.004 
231 24.0841.E1    (0)   11 :  0.008 0.009 0.019 0.891 0.003 0.017 0.015 0.005 0.003 0.005 0.017 0.008 
232 24.0842.E1    (0)   11 :  0.004 0.011 0.012 0.738 0.169 0.015 0.008 0.008 0.003 0.012 0.014 0.005 
233 24.0843.E1    (0)   11 :  0.009 0.017 0.011 0.252 0.211 0.437 0.007 0.004 0.004 0.014 0.015 0.018 
234 24.0844.E1    (0)   11 :  0.090 0.299 0.025 0.111 0.304 0.020 0.011 0.027 0.005 0.082 0.019 0.007 
235 24.0845.E1    (0)   11 :  0.084 0.646 0.080 0.071 0.019 0.028 0.013 0.009 0.004 0.005 0.037 0.004 
236 24.0846.E1    (0)   11 :  0.014 0.865 0.012 0.028 0.010 0.008 0.009 0.011 0.009 0.016 0.008 0.010 
237 24.0847.E1    (0)   11 :  0.017 0.716 0.015 0.012 0.021 0.015 0.092 0.030 0.007 0.055 0.008 0.012 
238 24.0848.E1    (0)   11 :  0.031 0.721 0.061 0.020 0.016 0.011 0.026 0.013 0.004 0.056 0.036 0.005 
239 24.0849.E1    (0)   11 :  0.004 0.007 0.005 0.005 0.004 0.946 0.003 0.006 0.003 0.008 0.004 0.004 
240 24.0850.E1    (0)   11 :  0.004 0.006 0.006 0.005 0.004 0.946 0.003 0.006 0.003 0.008 0.004 0.004 
241 24.0851.E1    (0)   11 :  0.004 0.007 0.005 0.005 0.004 0.946 0.003 0.006 0.003 0.008 0.004 0.004 
242 24.0852.E1    (0)   11 :  0.077 0.092 0.036 0.037 0.006 0.682 0.006 0.010 0.004 0.007 0.032 0.012 
243 24.0853.E1    (0)   11 :  0.006 0.389 0.006 0.024 0.005 0.518 0.015 0.005 0.006 0.011 0.007 0.010 
244 24.0854.E1    (0)   11 :  0.015 0.021 0.007 0.015 0.559 0.328 0.008 0.011 0.005 0.015 0.007 0.009 
245 24.0855.E1    (0)   11 :  0.005 0.660 0.009 0.155 0.012 0.032 0.034 0.007 0.006 0.045 0.026 0.009 
246 24.0856.E1    (0)   11 :  0.039 0.019 0.058 0.440 0.274 0.013 0.007 0.032 0.039 0.006 0.018 0.054 
247 24.0857.E1    (0)   11 :  0.009 0.346 0.035 0.012 0.009 0.018 0.018 0.020 0.009 0.501 0.015 0.008 
248 24.0858.E1    (0)   11 :  0.019 0.574 0.114 0.025 0.031 0.074 0.013 0.015 0.005 0.073 0.042 0.014 
249 24.0859.E1    (0)   11 :  0.010 0.012 0.038 0.012 0.007 0.847 0.006 0.010 0.009 0.026 0.007 0.016 
250 24.0860.E1    (0)   11 :  0.013 0.035 0.496 0.031 0.017 0.034 0.007 0.015 0.024 0.297 0.012 0.020 
251 24.0861.E1    (0)   11 :  0.005 0.017 0.017 0.018 0.004 0.908 0.004 0.006 0.003 0.007 0.006 0.004 
252 24.0862.E1    (0)   11 :  0.045 0.020 0.008 0.673 0.010 0.017 0.008 0.012 0.012 0.171 0.018 0.007 
253 24.0863.E1    (0)   11 :  0.005 0.016 0.017 0.018 0.004 0.909 0.004 0.006 0.003 0.007 0.006 0.004 
254 24.0864.E1    (0)   11 :  0.208 0.141 0.009 0.014 0.013 0.060 0.232 0.126 0.009 0.022 0.160 0.007 
255 24.0865.E1    (0)   12 :  0.020 0.011 0.009 0.010 0.005 0.788 0.041 0.040 0.017 0.009 0.018 0.033 
256 24.0866.E1    (0)   12 :  0.013 0.042 0.139 0.008 0.011 0.013 0.091 0.014 0.005 0.609 0.027 0.027 
257 24.0867.E1    (0)   12 :  0.015 0.023 0.010 0.009 0.012 0.163 0.447 0.010 0.020 0.141 0.011 0.140 
258 24.0868.E1    (0)   12 :  0.041 0.059 0.018 0.009 0.014 0.008 0.198 0.012 0.026 0.032 0.560 0.023 
259 24.0869.E1    (0)   12 :  0.201 0.127 0.011 0.011 0.005 0.011 0.464 0.008 0.041 0.089 0.027 0.006 
260 24.0870.E1    (0)   12 :  0.168 0.142 0.037 0.020 0.013 0.009 0.129 0.116 0.101 0.017 0.224 0.026 
261 24.0871.E1    (0)   12 :  0.601 0.014 0.020 0.055 0.015 0.043 0.130 0.044 0.026 0.006 0.040 0.007 
262 24.0872.E1    (0)   12 :  0.439 0.006 0.013 0.007 0.013 0.317 0.026 0.010 0.005 0.061 0.015 0.088 
263 24.0873.E1    (0)   12 :  0.024 0.013 0.007 0.008 0.014 0.052 0.540 0.015 0.011 0.271 0.033 0.011 
264 24.0874.E1    (0)   12 :  0.014 0.036 0.009 0.009 0.012 0.170 0.109 0.008 0.006 0.383 0.013 0.228 
265 24.0875.E1    (0)   12 :  0.898 0.007 0.015 0.004 0.014 0.007 0.010 0.006 0.006 0.018 0.009 0.008 
266 24.0876.E1    (0)   12 :  0.831 0.004 0.013 0.004 0.009 0.005 0.037 0.055 0.006 0.010 0.006 0.020 
267 24.0877.E1    (0)   12 :  0.011 0.004 0.049 0.004 0.011 0.006 0.013 0.788 0.006 0.058 0.011 0.040 
268 24.0878.E1    (0)   12 :  0.013 0.053 0.004 0.010 0.032 0.005 0.050 0.752 0.007 0.010 0.053 0.010 
269 24.0879.E1    (0)   12 :  0.012 0.007 0.006 0.007 0.207 0.007 0.012 0.711 0.009 0.005 0.013 0.005 
270 24.0880.E1    (0)   12 :  0.019 0.524 0.011 0.008 0.088 0.020 0.153 0.031 0.014 0.017 0.102 0.014 
271 24.0881.E1    (0)   12 :  0.005 0.004 0.010 0.003 0.007 0.006 0.007 0.930 0.009 0.006 0.005 0.008 
272 24.0882.E1    (0)   12 :  0.009 0.007 0.065 0.004 0.009 0.012 0.015 0.241 0.008 0.018 0.009 0.604 
273 24.0883.E1    (0)   12 :  0.036 0.007 0.005 0.005 0.226 0.045 0.079 0.322 0.011 0.006 0.012 0.246 
274 24.0884.E1    (0)   12 :  0.009 0.004 0.012 0.006 0.013 0.008 0.007 0.893 0.008 0.005 0.007 0.028 
275 24.0885.E1    (0)   12 :  0.026 0.011 0.008 0.005 0.058 0.007 0.066 0.722 0.014 0.017 0.061 0.007 
276 24.0886.E1    (0)   12 :  0.183 0.005 0.010 0.007 0.126 0.033 0.061 0.308 0.004 0.018 0.018 0.227 
277 24.0887.E1    (0)   12 :  0.016 0.005 0.005 0.006 0.170 0.009 0.025 0.049 0.010 0.006 0.007 0.693 
278 24.0888.E1    (0)   12 :  0.036 0.006 0.008 0.010 0.010 0.006 0.008 0.018 0.007 0.016 0.870 0.005 


Estimated Allele Frequencies in each cluster
First column gives estimated ancestral frequencies


Locus 1 : 
31 alleles
0.0% missing data
 115   (0.035) 0.094 0.005 0.005 0.020 0.008 0.004 0.169 0.119 0.003 0.004 0.009 0.003 
 117   (0.044) 0.040 0.005 0.009 0.025 0.012 0.003 0.037 0.208 0.004 0.109 0.011 0.200 
 119   (0.037) 0.028 0.005 0.006 0.006 0.006 0.004 0.012 0.282 0.302 0.005 0.009 0.330 
 131   (0.013) 0.004 0.001 0.002 0.004 0.003 0.001 0.002 0.053 0.001 0.001 0.003 0.003 
 128   (0.033) 0.107 0.023 0.008 0.008 0.008 0.004 0.023 0.033 0.003 0.007 0.024 0.003 
 135   (0.018) 0.018 0.003 0.005 0.008 0.004 0.002 0.006 0.046 0.002 0.002 0.004 0.008 
 126   (0.082) 0.142 0.278 0.035 0.032 0.031 0.057 0.037 0.052 0.012 0.162 0.078 0.077 
 122   (0.031) 0.015 0.003 0.103 0.140 0.006 0.003 0.005 0.009 0.097 0.007 0.009 0.002 
 132   (0.032) 0.037 0.021 0.006 0.036 0.013 0.006 0.014 0.004 0.003 0.038 0.030 0.012 
 141   (0.011) 0.003 0.001 0.001 0.002 0.002 0.001 0.002 0.008 0.003 0.002 0.004 0.001 
 130   (0.051) 0.048 0.012 0.035 0.036 0.160 0.023 0.096 0.006 0.012 0.009 0.096 0.007 
 134   (0.040) 0.009 0.006 0.005 0.030 0.005 0.075 0.038 0.005 0.139 0.021 0.049 0.003 
 145   (0.019) 0.004 0.002 0.003 0.002 0.008 0.119 0.005 0.003 0.007 0.002 0.006 0.008 
 127   (0.026) 0.008 0.002 0.004 0.004 0.007 0.003 0.007 0.033 0.051 0.003 0.007 0.162 
 116   (0.112) 0.113 0.133 0.188 0.210 0.059 0.282 0.213 0.015 0.171 0.118 0.253 0.009 
 114   (0.057) 0.016 0.108 0.030 0.231 0.027 0.192 0.028 0.007 0.049 0.075 0.045 0.005 
 120   (0.038) 0.042 0.004 0.016 0.005 0.149 0.003 0.016 0.008 0.091 0.005 0.074 0.002 
 110   (0.044) 0.029 0.096 0.090 0.025 0.104 0.012 0.055 0.008 0.014 0.006 0.013 0.013 
 133   (0.015) 0.013 0.002 0.002 0.003 0.002 0.001 0.003 0.002 0.008 0.007 0.004 0.012 
 118   (0.113) 0.172 0.162 0.427 0.125 0.329 0.187 0.171 0.014 0.012 0.392 0.196 0.017 
 125   (0.015) 0.004 0.011 0.002 0.017 0.005 0.003 0.002 0.002 0.001 0.003 0.007 0.001 
 129   (0.019) 0.006 0.002 0.003 0.003 0.024 0.002 0.004 0.048 0.002 0.003 0.012 0.006 
 124   (0.017) 0.018 0.002 0.003 0.002 0.014 0.004 0.003 0.008 0.002 0.003 0.015 0.002 
 136   (0.019) 0.010 0.091 0.002 0.004 0.003 0.002 0.037 0.003 0.002 0.003 0.007 0.001 
 121   (0.013) 0.007 0.001 0.002 0.002 0.002 0.001 0.002 0.005 0.001 0.001 0.003 0.069 
 139   (0.011) 0.002 0.001 0.001 0.001 0.002 0.001 0.002 0.011 0.001 0.001 0.003 0.001 
 113   (0.010) 0.002 0.001 0.001 0.001 0.001 0.001 0.001 0.001 0.001 0.001 0.002 0.015 
 111   (0.011) 0.002 0.001 0.001 0.001 0.002 0.001 0.002 0.002 0.001 0.001 0.003 0.013 
 143   (0.011) 0.002 0.001 0.001 0.001 0.001 0.001 0.001 0.001 0.001 0.001 0.002 0.015 
 140   (0.014) 0.003 0.001 0.002 0.013 0.002 0.001 0.003 0.002 0.001 0.007 0.020 0.001 
 112   (0.010) 0.002 0.016 0.001 0.001 0.001 0.001 0.001 0.001 0.001 0.001 0.002 0.001 

Locus 2 : 
18 alleles
0.0% missing data
 152   (0.367) 0.588 0.163 0.616 0.566 0.311 0.302 0.446 0.646 0.379 0.445 0.165 0.802 
 148   (0.070) 0.099 0.008 0.049 0.012 0.029 0.007 0.215 0.147 0.236 0.009 0.020 0.018 
 154   (0.106) 0.105 0.284 0.106 0.122 0.034 0.017 0.215 0.034 0.263 0.019 0.059 0.030 
 156   (0.016) 0.005 0.002 0.002 0.015 0.005 0.002 0.002 0.012 0.001 0.002 0.007 0.001 
 150   (0.023) 0.005 0.002 0.002 0.003 0.005 0.002 0.003 0.007 0.069 0.003 0.006 0.051 
 164   (0.085) 0.022 0.039 0.146 0.107 0.017 0.090 0.032 0.076 0.009 0.029 0.142 0.011 
 158   (0.031) 0.013 0.004 0.007 0.010 0.211 0.010 0.016 0.010 0.012 0.012 0.008 0.008 
 160   (0.019) 0.004 0.002 0.002 0.003 0.004 0.002 0.013 0.003 0.002 0.002 0.021 0.016 
 166   (0.023) 0.027 0.002 0.024 0.013 0.003 0.002 0.004 0.003 0.004 0.028 0.007 0.001 
 151   (0.075) 0.044 0.467 0.017 0.040 0.262 0.320 0.010 0.009 0.006 0.010 0.292 0.005 
 147   (0.061) 0.023 0.015 0.009 0.059 0.063 0.189 0.012 0.008 0.005 0.421 0.181 0.004 
 168   (0.024) 0.019 0.002 0.003 0.004 0.005 0.031 0.005 0.004 0.002 0.009 0.022 0.002 
 153   (0.014) 0.003 0.001 0.003 0.002 0.002 0.016 0.002 0.002 0.001 0.002 0.019 0.001 
 149   (0.026) 0.028 0.002 0.003 0.003 0.041 0.002 0.016 0.003 0.002 0.003 0.008 0.012 
 162   (0.020) 0.006 0.002 0.004 0.036 0.003 0.007 0.003 0.007 0.002 0.003 0.009 0.003 
 167   (0.014) 0.002 0.001 0.001 0.002 0.002 0.001 0.002 0.025 0.001 0.001 0.003 0.001 
 146   (0.013) 0.002 0.001 0.001 0.001 0.001 0.001 0.001 0.002 0.001 0.001 0.003 0.032 
 172   (0.014) 0.005 0.001 0.003 0.002 0.002 0.001 0.002 0.002 0.001 0.001 0.030 0.001 

Locus 3 : 
4 alleles
0.0% missing data
 128   (0.298) 0.360 0.446 0.115 0.166 0.228 0.341 0.289 0.211 0.327 0.386 0.270 0.465 
 126   (0.608) 0.592 0.512 0.847 0.778 0.576 0.484 0.695 0.705 0.613 0.586 0.689 0.528 
 132   (0.079) 0.045 0.040 0.026 0.054 0.156 0.175 0.015 0.082 0.055 0.026 0.037 0.006 
 134   (0.014) 0.002 0.001 0.012 0.002 0.040 0.001 0.002 0.002 0.006 0.001 0.003 0.001 

Locus 4 : 
3 alleles
0.0% missing data
 170   (0.318) 0.343 0.465 0.485 0.399 0.149 0.104 0.125 0.305 0.421 0.106 0.369 0.300 
 172   (0.670) 0.655 0.533 0.514 0.599 0.850 0.893 0.872 0.693 0.569 0.892 0.627 0.698 
 171   (0.013) 0.002 0.003 0.001 0.002 0.002 0.003 0.003 0.002 0.010 0.002 0.004 0.002 

Locus 5 : 
37 alleles
0.0% missing data
 125   (0.052) 0.062 0.079 0.010 0.014 0.170 0.144 0.019 0.061 0.059 0.017 0.019 0.043 
 110   (0.037) 0.048 0.092 0.005 0.032 0.028 0.028 0.006 0.034 0.044 0.020 0.010 0.015 
 129   (0.036) 0.010 0.008 0.121 0.056 0.009 0.020 0.006 0.054 0.003 0.006 0.091 0.003 
 113   (0.032) 0.012 0.008 0.085 0.122 0.005 0.005 0.009 0.011 0.003 0.012 0.124 0.002 
 145   (0.054) 0.118 0.013 0.020 0.011 0.088 0.099 0.152 0.223 0.006 0.011 0.018 0.083 
 155   (0.052) 0.042 0.061 0.087 0.112 0.016 0.006 0.021 0.155 0.185 0.016 0.021 0.014 
 117   (0.031) 0.020 0.004 0.008 0.020 0.005 0.005 0.166 0.022 0.004 0.009 0.022 0.027 
 124   (0.009) 0.002 0.001 0.002 0.001 0.001 0.001 0.001 0.024 0.001 0.001 0.002 0.001 
 133   (0.033) 0.069 0.003 0.014 0.005 0.008 0.006 0.008 0.042 0.003 0.010 0.066 0.081 
 157   (0.043) 0.068 0.050 0.304 0.007 0.086 0.004 0.037 0.007 0.020 0.028 0.065 0.020 
 141   (0.016) 0.020 0.006 0.003 0.002 0.002 0.001 0.008 0.004 0.002 0.003 0.034 0.001 
 112   (0.073) 0.030 0.162 0.137 0.043 0.016 0.162 0.121 0.067 0.202 0.023 0.039 0.162 
 121   (0.021) 0.010 0.003 0.003 0.086 0.006 0.009 0.003 0.003 0.007 0.027 0.018 0.002 
 114   (0.039) 0.035 0.086 0.007 0.005 0.007 0.004 0.162 0.042 0.016 0.042 0.010 0.186 
 153   (0.050) 0.101 0.083 0.008 0.017 0.256 0.081 0.016 0.049 0.007 0.352 0.020 0.004 
 127   (0.076) 0.062 0.102 0.060 0.176 0.033 0.204 0.084 0.064 0.018 0.014 0.132 0.068 
 131   (0.058) 0.014 0.034 0.026 0.025 0.156 0.088 0.020 0.063 0.235 0.206 0.018 0.180 
 135   (0.029) 0.099 0.014 0.008 0.005 0.013 0.074 0.006 0.005 0.008 0.109 0.012 0.003 
 104   (0.009) 0.002 0.002 0.001 0.001 0.001 0.003 0.003 0.002 0.010 0.002 0.003 0.002 
 118   (0.017) 0.005 0.002 0.003 0.002 0.014 0.002 0.008 0.020 0.017 0.002 0.014 0.002 
 116   (0.026) 0.050 0.011 0.004 0.080 0.015 0.003 0.016 0.005 0.019 0.003 0.008 0.004 
 137   (0.024) 0.014 0.002 0.011 0.091 0.012 0.002 0.006 0.004 0.107 0.007 0.010 0.006 
 123   (0.024) 0.031 0.093 0.005 0.024 0.006 0.018 0.005 0.005 0.005 0.016 0.006 0.002 
 149   (0.009) 0.006 0.001 0.001 0.005 0.001 0.002 0.003 0.001 0.001 0.001 0.005 0.001 
 138   (0.011) 0.002 0.001 0.001 0.001 0.002 0.005 0.001 0.001 0.001 0.001 0.073 0.001 
 143   (0.026) 0.005 0.055 0.024 0.006 0.020 0.010 0.004 0.004 0.003 0.004 0.031 0.078 
 163   (0.009) 0.004 0.001 0.003 0.006 0.001 0.001 0.003 0.001 0.003 0.001 0.005 0.001 
 109   (0.010) 0.002 0.001 0.001 0.001 0.001 0.001 0.039 0.001 0.001 0.001 0.002 0.001 
 139   (0.010) 0.011 0.001 0.009 0.001 0.002 0.001 0.001 0.001 0.001 0.001 0.003 0.001 
 106   (0.008) 0.005 0.001 0.002 0.002 0.001 0.001 0.002 0.001 0.001 0.001 0.009 0.001 
 144   (0.014) 0.009 0.002 0.002 0.002 0.002 0.001 0.040 0.002 0.001 0.044 0.005 0.001 
 122   (0.010) 0.002 0.001 0.002 0.001 0.002 0.001 0.012 0.015 0.001 0.002 0.003 0.002 
 100   (0.018) 0.013 0.004 0.019 0.033 0.005 0.004 0.004 0.003 0.002 0.002 0.030 0.001 
 111   (0.011) 0.003 0.001 0.001 0.001 0.001 0.002 0.001 0.001 0.001 0.001 0.045 0.001 
 233   (0.009) 0.002 0.002 0.001 0.002 0.007 0.002 0.001 0.001 0.001 0.001 0.011 0.001 
 134   (0.009) 0.007 0.010 0.001 0.001 0.001 0.001 0.001 0.001 0.001 0.001 0.002 0.001 
 140   (0.009) 0.002 0.001 0.001 0.001 0.001 0.001 0.004 0.001 0.001 0.002 0.012 0.001 

Locus 6 : 
17 alleles
0.0% missing data
 221   (0.023) 0.007 0.002 0.003 0.003 0.003 0.002 0.003 0.151 0.002 0.003 0.005 0.090 
 232   (0.241) 0.345 0.264 0.274 0.437 0.280 0.772 0.272 0.147 0.081 0.098 0.282 0.431 
 229   (0.057) 0.066 0.100 0.011 0.010 0.016 0.020 0.017 0.097 0.060 0.025 0.014 0.058 
 223   (0.059) 0.022 0.079 0.133 0.023 0.097 0.006 0.065 0.096 0.006 0.014 0.023 0.007 
 230   (0.162) 0.237 0.253 0.212 0.085 0.086 0.044 0.233 0.067 0.168 0.054 0.214 0.301 
 235   (0.013) 0.004 0.001 0.002 0.002 0.002 0.001 0.002 0.074 0.001 0.001 0.003 0.001 
 236   (0.037) 0.081 0.004 0.006 0.017 0.010 0.018 0.006 0.084 0.024 0.005 0.018 0.005 
 227   (0.023) 0.014 0.002 0.018 0.003 0.008 0.002 0.011 0.063 0.002 0.004 0.006 0.002 
 220   (0.055) 0.027 0.020 0.007 0.107 0.012 0.069 0.022 0.007 0.193 0.221 0.038 0.004 
 222   (0.042) 0.010 0.005 0.004 0.098 0.006 0.003 0.013 0.005 0.273 0.212 0.065 0.003 
 234   (0.128) 0.067 0.141 0.072 0.031 0.306 0.013 0.287 0.094 0.173 0.342 0.139 0.051 
 224   (0.033) 0.015 0.082 0.005 0.007 0.135 0.002 0.005 0.004 0.003 0.004 0.041 0.002 
 228   (0.059) 0.070 0.023 0.245 0.048 0.010 0.044 0.044 0.010 0.006 0.007 0.133 0.004 
 225   (0.011) 0.003 0.001 0.001 0.019 0.001 0.001 0.002 0.002 0.001 0.001 0.003 0.001 
 226   (0.015) 0.003 0.018 0.002 0.105 0.002 0.001 0.003 0.002 0.001 0.004 0.004 0.001 
 233   (0.028) 0.025 0.003 0.004 0.003 0.017 0.002 0.010 0.056 0.003 0.004 0.008 0.038 
 231   (0.014) 0.006 0.001 0.001 0.002 0.010 0.001 0.004 0.040 0.001 0.002 0.005 0.002 

Locus 7 : 
10 alleles
0.0% missing data
 121   (0.687) 0.813 0.783 0.835 0.730 0.553 0.705 0.784 0.878 0.796 0.823 0.865 0.742 
 129   (0.095) 0.045 0.127 0.051 0.112 0.100 0.144 0.051 0.081 0.009 0.012 0.050 0.102 
 130   (0.016) 0.004 0.001 0.009 0.020 0.003 0.001 0.002 0.003 0.002 0.012 0.004 0.004 
 123   (0.098) 0.115 0.078 0.075 0.116 0.237 0.142 0.026 0.023 0.129 0.046 0.033 0.098 
 128   (0.020) 0.004 0.002 0.003 0.002 0.023 0.001 0.005 0.003 0.038 0.002 0.005 0.021 
 131   (0.016) 0.004 0.002 0.006 0.010 0.010 0.001 0.003 0.002 0.020 0.002 0.004 0.001 
 117   (0.012) 0.002 0.001 0.001 0.001 0.002 0.001 0.001 0.001 0.001 0.001 0.018 0.001 
 125   (0.012) 0.002 0.001 0.001 0.001 0.067 0.001 0.001 0.001 0.001 0.001 0.003 0.001 
 134   (0.031) 0.009 0.003 0.017 0.005 0.005 0.002 0.120 0.004 0.004 0.097 0.016 0.005 
 132   (0.013) 0.003 0.001 0.001 0.001 0.002 0.001 0.006 0.002 0.001 0.004 0.003 0.024 

Locus 8 : 
19 alleles
0.0% missing data
 184   (0.293) 0.430 0.248 0.520 0.170 0.519 0.472 0.496 0.491 0.522 0.520 0.296 0.318 
 194   (0.047) 0.030 0.013 0.018 0.016 0.036 0.009 0.114 0.031 0.018 0.006 0.045 0.019 
 178   (0.103) 0.058 0.300 0.035 0.182 0.030 0.027 0.093 0.220 0.189 0.059 0.063 0.060 
 176   (0.084) 0.106 0.008 0.043 0.056 0.045 0.112 0.063 0.044 0.010 0.155 0.101 0.225 
 182   (0.079) 0.055 0.038 0.155 0.172 0.021 0.012 0.033 0.034 0.008 0.106 0.113 0.214 
 190   (0.031) 0.006 0.019 0.006 0.010 0.005 0.002 0.005 0.006 0.076 0.056 0.008 0.052 
 196   (0.023) 0.004 0.071 0.003 0.005 0.003 0.009 0.005 0.005 0.002 0.003 0.030 0.001 
 200   (0.025) 0.012 0.002 0.096 0.011 0.022 0.002 0.004 0.013 0.003 0.003 0.007 0.009 
 180   (0.023) 0.005 0.003 0.003 0.005 0.132 0.002 0.003 0.009 0.073 0.003 0.005 0.002 
 188   (0.038) 0.014 0.066 0.005 0.006 0.009 0.085 0.040 0.032 0.008 0.011 0.018 0.003 
 174   (0.040) 0.092 0.004 0.006 0.012 0.036 0.003 0.052 0.014 0.021 0.010 0.022 0.045 
 186   (0.121) 0.169 0.125 0.087 0.324 0.068 0.237 0.065 0.083 0.040 0.035 0.247 0.044 
 192   (0.022) 0.004 0.090 0.007 0.003 0.014 0.006 0.003 0.009 0.012 0.004 0.011 0.003 
 201   (0.011) 0.002 0.001 0.004 0.001 0.010 0.001 0.001 0.001 0.012 0.001 0.003 0.001 
 199   (0.018) 0.003 0.002 0.009 0.019 0.034 0.002 0.002 0.002 0.002 0.003 0.014 0.001 
 185   (0.011) 0.002 0.001 0.001 0.001 0.002 0.017 0.002 0.001 0.001 0.001 0.004 0.001 
 203   (0.010) 0.002 0.001 0.001 0.001 0.001 0.001 0.015 0.001 0.001 0.005 0.003 0.001 
 198   (0.011) 0.002 0.001 0.001 0.002 0.001 0.001 0.002 0.001 0.001 0.017 0.008 0.001 
 209   (0.010) 0.004 0.005 0.001 0.004 0.012 0.001 0.001 0.002 0.001 0.003 0.003 0.001 

Locus 9 : 
6 alleles
0.4% missing data
 154   (0.683) 0.732 0.800 0.642 0.855 0.660 0.845 0.674 0.702 0.824 0.701 0.814 0.626 
 156   (0.207) 0.229 0.118 0.285 0.126 0.324 0.030 0.253 0.163 0.166 0.283 0.116 0.359 
 152   (0.054) 0.016 0.077 0.023 0.010 0.008 0.106 0.043 0.084 0.005 0.009 0.039 0.005 
 153   (0.014) 0.004 0.001 0.004 0.003 0.002 0.015 0.002 0.003 0.002 0.002 0.015 0.001 
 160   (0.015) 0.002 0.001 0.041 0.002 0.002 0.001 0.002 0.002 0.001 0.002 0.008 0.001 
 164   (0.027) 0.017 0.003 0.004 0.003 0.004 0.002 0.026 0.046 0.002 0.003 0.007 0.008 

Locus 10 : 
29 alleles
0.7% missing data
 305   (0.068) 0.038 0.008 0.026 0.238 0.009 0.007 0.012 0.104 0.229 0.010 0.103 0.009 
 313   (0.052) 0.044 0.009 0.013 0.079 0.010 0.004 0.009 0.158 0.006 0.007 0.058 0.006 
 311   (0.016) 0.009 0.003 0.002 0.002 0.004 0.001 0.002 0.018 0.002 0.002 0.005 0.002 
 299   (0.114) 0.032 0.157 0.527 0.021 0.012 0.153 0.027 0.280 0.034 0.152 0.079 0.022 
 315   (0.085) 0.126 0.019 0.087 0.017 0.015 0.006 0.017 0.094 0.086 0.011 0.106 0.105 
 287   (0.019) 0.005 0.002 0.003 0.004 0.836 0.002 0.003 0.007 0.003 0.004 0.006 0.002 
 291   (0.109) 0.027 0.505 0.016 0.036 0.014 0.011 0.429 0.109 0.067 0.351 0.120 0.019 
 295   (0.025) 0.174 0.002 0.004 0.004 0.003 0.002 0.107 0.023 0.004 0.003 0.012 0.002 
 289   (0.016) 0.004 0.001 0.018 0.002 0.002 0.001 0.002 0.002 0.003 0.249 0.004 0.001 
 303   (0.033) 0.007 0.003 0.004 0.005 0.004 0.662 0.006 0.007 0.024 0.005 0.015 0.563 
 297   (0.045) 0.008 0.022 0.016 0.188 0.005 0.003 0.154 0.013 0.005 0.020 0.012 0.083 
 293   (0.016) 0.162 0.001 0.002 0.002 0.001 0.001 0.002 0.004 0.002 0.002 0.004 0.001 
 301   (0.059) 0.013 0.006 0.007 0.008 0.007 0.007 0.076 0.071 0.170 0.014 0.145 0.006 
 285   (0.028) 0.004 0.002 0.024 0.269 0.003 0.002 0.004 0.004 0.276 0.004 0.008 0.003 
 307   (0.053) 0.019 0.104 0.200 0.007 0.007 0.004 0.071 0.010 0.031 0.006 0.016 0.158 
 312   (0.045) 0.250 0.090 0.022 0.008 0.006 0.011 0.014 0.006 0.036 0.007 0.036 0.003 
 306   (0.027) 0.007 0.013 0.004 0.003 0.005 0.002 0.012 0.012 0.004 0.004 0.101 0.002 
 320   (0.013) 0.002 0.001 0.001 0.001 0.001 0.001 0.002 0.002 0.001 0.001 0.035 0.001 
 317   (0.022) 0.004 0.002 0.003 0.004 0.002 0.104 0.003 0.019 0.002 0.002 0.011 0.001 
 314   (0.026) 0.005 0.002 0.003 0.003 0.032 0.002 0.004 0.038 0.003 0.003 0.022 0.002 
 323   (0.013) 0.003 0.001 0.001 0.002 0.005 0.001 0.002 0.002 0.001 0.002 0.013 0.001 
 325   (0.014) 0.003 0.001 0.002 0.002 0.005 0.001 0.002 0.002 0.001 0.002 0.013 0.001 
 310   (0.018) 0.036 0.033 0.002 0.002 0.002 0.001 0.003 0.003 0.002 0.002 0.005 0.001 
 309   (0.014) 0.004 0.001 0.002 0.002 0.001 0.001 0.031 0.002 0.002 0.004 0.006 0.001 
 316   (0.018) 0.003 0.005 0.004 0.004 0.002 0.003 0.002 0.003 0.002 0.003 0.043 0.001 
 296   (0.012) 0.004 0.001 0.001 0.001 0.001 0.003 0.002 0.002 0.001 0.001 0.013 0.001 
 304   (0.016) 0.003 0.001 0.004 0.084 0.001 0.001 0.002 0.002 0.002 0.004 0.004 0.001 
 321   (0.012) 0.002 0.001 0.001 0.002 0.001 0.001 0.001 0.002 0.001 0.061 0.003 0.001 
 332   (0.013) 0.002 0.001 0.001 0.001 0.001 0.001 0.002 0.002 0.001 0.063 0.003 0.001 

Locus 11 : 
19 alleles
0.0% missing data
 114   (0.153) 0.240 0.019 0.146 0.023 0.040 0.041 0.279 0.256 0.298 0.025 0.136 0.196 
 126   (0.022) 0.011 0.002 0.002 0.003 0.003 0.002 0.004 0.061 0.017 0.002 0.005 0.004 
 111   (0.098) 0.055 0.573 0.028 0.566 0.021 0.303 0.014 0.184 0.009 0.589 0.028 0.007 
 116   (0.109) 0.105 0.030 0.155 0.076 0.111 0.009 0.155 0.104 0.016 0.028 0.051 0.271 
 132   (0.013) 0.002 0.001 0.002 0.002 0.002 0.001 0.002 0.012 0.001 0.001 0.003 0.001 
 109   (0.017) 0.003 0.002 0.002 0.002 0.002 0.001 0.003 0.051 0.001 0.002 0.004 0.001 
 128   (0.019) 0.004 0.007 0.004 0.002 0.003 0.001 0.016 0.008 0.002 0.002 0.009 0.001 
 112   (0.309) 0.480 0.042 0.591 0.064 0.462 0.174 0.433 0.249 0.602 0.072 0.586 0.492 
 122   (0.018) 0.012 0.003 0.002 0.002 0.003 0.014 0.004 0.003 0.007 0.004 0.005 0.004 
 124   (0.013) 0.002 0.001 0.001 0.002 0.002 0.002 0.002 0.002 0.018 0.001 0.003 0.002 
 118   (0.049) 0.024 0.005 0.030 0.008 0.076 0.013 0.042 0.018 0.013 0.218 0.015 0.009 
 127   (0.014) 0.002 0.001 0.001 0.002 0.002 0.001 0.002 0.002 0.001 0.001 0.018 0.001 
 113   (0.053) 0.015 0.224 0.008 0.199 0.032 0.426 0.009 0.007 0.004 0.020 0.047 0.003 
 115   (0.027) 0.011 0.006 0.003 0.007 0.223 0.003 0.007 0.021 0.002 0.004 0.018 0.003 
 120   (0.021) 0.007 0.074 0.002 0.002 0.003 0.002 0.019 0.003 0.002 0.003 0.008 0.001 
 117   (0.022) 0.006 0.006 0.017 0.009 0.004 0.002 0.004 0.003 0.003 0.012 0.021 0.002 
 125   (0.018) 0.017 0.001 0.003 0.002 0.003 0.003 0.002 0.002 0.001 0.002 0.036 0.001 
 119   (0.015) 0.003 0.003 0.002 0.029 0.002 0.001 0.003 0.002 0.001 0.009 0.006 0.001 
 136   (0.011) 0.002 0.001 0.001 0.001 0.008 0.001 0.001 0.010 0.001 0.001 0.003 0.001 

Locus 12 : 
28 alleles
0.7% missing data
 306   (0.059) 0.036 0.006 0.027 0.308 0.007 0.006 0.011 0.103 0.228 0.011 0.050 0.008 
 314   (0.063) 0.027 0.085 0.015 0.074 0.019 0.013 0.009 0.144 0.007 0.009 0.059 0.008 
 312   (0.013) 0.003 0.001 0.001 0.001 0.001 0.001 0.002 0.027 0.001 0.001 0.003 0.001 
 300   (0.116) 0.032 0.152 0.542 0.021 0.013 0.154 0.027 0.296 0.034 0.151 0.080 0.023 
 316   (0.048) 0.016 0.018 0.013 0.010 0.005 0.004 0.007 0.091 0.082 0.006 0.014 0.103 
 288   (0.022) 0.004 0.002 0.003 0.005 0.823 0.002 0.003 0.006 0.003 0.004 0.007 0.002 
 292   (0.114) 0.028 0.490 0.017 0.036 0.015 0.011 0.426 0.111 0.067 0.390 0.121 0.019 
 296   (0.030) 0.179 0.003 0.004 0.004 0.003 0.004 0.108 0.024 0.004 0.004 0.021 0.003 
 290   (0.017) 0.004 0.001 0.019 0.002 0.002 0.001 0.002 0.002 0.003 0.248 0.004 0.001 
 304   (0.032) 0.006 0.003 0.004 0.005 0.004 0.665 0.006 0.007 0.024 0.005 0.014 0.565 
 298   (0.051) 0.009 0.022 0.017 0.186 0.006 0.004 0.153 0.014 0.006 0.021 0.013 0.083 
 294   (0.018) 0.161 0.001 0.002 0.002 0.002 0.001 0.002 0.004 0.002 0.003 0.005 0.001 
 302   (0.060) 0.014 0.006 0.008 0.008 0.007 0.007 0.075 0.071 0.170 0.014 0.145 0.006 
 286   (0.029) 0.004 0.002 0.024 0.290 0.003 0.002 0.004 0.004 0.275 0.004 0.008 0.003 
 308   (0.034) 0.008 0.003 0.181 0.004 0.004 0.002 0.017 0.008 0.030 0.004 0.009 0.152 
 313   (0.035) 0.269 0.005 0.030 0.004 0.004 0.004 0.015 0.005 0.036 0.005 0.035 0.002 
 307   (0.048) 0.018 0.129 0.012 0.006 0.006 0.004 0.072 0.013 0.005 0.006 0.106 0.004 
 321   (0.014) 0.002 0.001 0.002 0.001 0.001 0.001 0.002 0.002 0.001 0.001 0.036 0.001 
 315   (0.058) 0.096 0.005 0.060 0.009 0.052 0.012 0.012 0.042 0.008 0.008 0.125 0.005 
 318   (0.021) 0.003 0.004 0.003 0.006 0.002 0.094 0.003 0.006 0.002 0.003 0.013 0.001 
 324   (0.016) 0.004 0.001 0.002 0.002 0.005 0.001 0.002 0.003 0.002 0.002 0.014 0.001 
 326   (0.012) 0.003 0.001 0.001 0.002 0.005 0.001 0.002 0.002 0.001 0.002 0.013 0.001 
 311   (0.018) 0.062 0.051 0.003 0.002 0.004 0.001 0.003 0.004 0.002 0.002 0.006 0.001 
 310   (0.013) 0.004 0.001 0.002 0.001 0.001 0.001 0.031 0.002 0.002 0.004 0.006 0.001 
 305   (0.014) 0.002 0.001 0.002 0.002 0.001 0.001 0.002 0.002 0.001 0.002 0.051 0.001 
 317   (0.016) 0.002 0.001 0.002 0.002 0.001 0.001 0.002 0.002 0.002 0.002 0.036 0.001 
 320   (0.014) 0.002 0.001 0.002 0.002 0.001 0.001 0.002 0.002 0.001 0.029 0.004 0.001 
 322   (0.016) 0.002 0.001 0.002 0.003 0.001 0.001 0.002 0.002 0.002 0.061 0.004 0.001 

Locus 13 : 
7 alleles
1.1% missing data
 161   (0.594) 0.644 0.418 0.402 0.303 0.458 0.509 0.866 0.664 0.057 0.929 0.577 0.889 
 163   (0.299) 0.317 0.571 0.583 0.492 0.525 0.459 0.099 0.242 0.027 0.058 0.392 0.024 
 160   (0.017) 0.009 0.002 0.002 0.002 0.003 0.001 0.002 0.002 0.452 0.002 0.004 0.001 
 162   (0.017) 0.004 0.001 0.002 0.002 0.002 0.002 0.002 0.002 0.458 0.002 0.004 0.001 
 165   (0.045) 0.014 0.006 0.006 0.198 0.009 0.027 0.025 0.083 0.004 0.005 0.017 0.003 
 166   (0.014) 0.010 0.001 0.003 0.002 0.002 0.001 0.003 0.004 0.001 0.002 0.003 0.003 
 164   (0.014) 0.002 0.001 0.001 0.002 0.002 0.001 0.002 0.002 0.001 0.001 0.003 0.079 

Locus 14 : 
4 alleles
0.4% missing data
  98   (0.958) 0.984 0.997 0.994 0.995 0.994 0.989 0.990 0.988 0.996 0.995 0.970 0.986 
 100   (0.013) 0.002 0.001 0.002 0.002 0.002 0.005 0.002 0.002 0.001 0.002 0.013 0.001 
  96   (0.017) 0.009 0.001 0.003 0.002 0.002 0.001 0.007 0.008 0.002 0.002 0.004 0.012 
 105   (0.012) 0.005 0.001 0.001 0.002 0.002 0.004 0.002 0.002 0.001 0.001 0.012 0.001 

Locus 15 : 
12 alleles
2.2% missing data
 171   (0.316) 0.238 0.353 0.276 0.166 0.489 0.298 0.179 0.427 0.217 0.558 0.442 0.173 
 177   (0.190) 0.220 0.073 0.179 0.075 0.251 0.073 0.335 0.186 0.370 0.216 0.167 0.049 
 173   (0.261) 0.436 0.526 0.223 0.673 0.129 0.509 0.256 0.274 0.077 0.135 0.214 0.060 
 179   (0.097) 0.032 0.010 0.292 0.046 0.101 0.106 0.047 0.067 0.319 0.022 0.045 0.578 
 183   (0.020) 0.005 0.002 0.003 0.013 0.007 0.006 0.003 0.027 0.002 0.003 0.008 0.010 
 181   (0.035) 0.006 0.029 0.010 0.008 0.005 0.003 0.008 0.007 0.004 0.006 0.092 0.123 
 197   (0.014) 0.002 0.001 0.002 0.002 0.002 0.001 0.103 0.002 0.001 0.002 0.003 0.001 
 170   (0.013) 0.034 0.001 0.002 0.002 0.003 0.001 0.002 0.002 0.001 0.002 0.006 0.001 
 189   (0.014) 0.006 0.001 0.009 0.012 0.002 0.001 0.004 0.003 0.006 0.001 0.010 0.001 
 203   (0.011) 0.003 0.001 0.001 0.001 0.001 0.001 0.060 0.001 0.001 0.001 0.003 0.001 
 187   (0.017) 0.015 0.001 0.002 0.002 0.011 0.001 0.002 0.002 0.002 0.025 0.007 0.001 
 198   (0.012) 0.002 0.001 0.001 0.002 0.001 0.001 0.002 0.002 0.001 0.029 0.003 0.001 

Values of parameters used in structure:
DATAFILE=STRUCTURE_main_final_278_HEG_ZG.str,	OUTFILE=STRUCTURE_main_final_278_HEG_ZG-K12-11,	NUMINDS=278,	NUMLOCI=15,	MISSING=-9,	LABEL=1,	POPDATA=1,	POPFLAG=0,	PHENOTYPE=0,	EXTRACOLS=0,	MAXPOPS=12,	BURNIN=100000,	NUMREPS=500000,	USEPOPINFO=0,	INFERALPHA=1,	INFERLAMBDA=0,	POPSPECIFICLAMBDA=0,	POPALPHAS=0,	COMPUTEPROB=1,	NOADMIX=0,	ADMBURNIN=2500,	UPDATEFREQ=1,	PRINTLIKES=0,	INTERMEDSAVE=0,	PRINTKLD=0,	PRINTNET=0,	PRINTLAMBDA=0,	ANCESTDIST=0,	NUMBOXES=1000,	ANCESTPINT=0.90000,	GENSBACK=2,	MIGRPRIOR=0.05000,	PRINTQHAT=0,	PRINTQSUM=0,	ALPHA=1.0000,	FREQSCORR=1,	FPRIORMEAN=0.0100,	FPRIORSD=0.0500,	ONEFST=0,	LAMBDA=1.0000,	UNIFPRIORALPHA=1,	ALPHAMAX=10.0000,	ALPHAPRIORA=1.0000,	ALPHAPRIORB=2.0000,	ALPHAPROPSD=0.0250,	STARTATPOPINFO=0,	RANDOMIZE=1,	LINKAGE=0,	METROFREQ=10,	REPORTHITRATE=0,	MARKOVPHASE=-1,	PHASED=0,	PLOIDY=2,	PHASEINFO=0	LOCPRIOR=0, 	LOCPRIORINIT=1.000000, 	LOCDATA=0, 	LOCISPOP=0, 	LOCPRIORSTEP=0.100000, 	MAXLOCPRIOR=20.000000, 	SEED=1782487181,	
[STRAT parameters]:    NUMSIMSTATS=1000,	PHENOTYPECOL=-9,	POOLFREQ=10,	LOCUSxONLY=0,	EMERROR=0.00100,	MISSINGPHENO=-9,	