

----------------------------------------------------
STRUCTURE by Pritchard, Stephens and Donnelly (2000)
     and Falush, Stephens and Pritchard (2003)
       Code by Pritchard, Falush and Hubisz
             Version 2.3.4 (Jul 2012)
----------------------------------------------------



Command line arguments:   structure -K 5 -i STRUCTURE_main_final_278_HEG_ZG.str -o STRUCTURE_main_final_278_HEG_ZG-K5-11 
Input File:    STRUCTURE_main_final_278_HEG_ZG.str

Run parameters:
   278 individuals
   15 loci
   5 populations assumed
   100000 Burn-in period
   500000 Reps


--------------------------------------------
Proportion of membership of each pre-defined
 population in each of the 5 clusters

Given    Inferred Clusters                     Number of
 Pop       1      2      3      4      5      Individuals

  1:     0.052  0.675  0.133  0.045  0.095       24
  2:     0.703  0.057  0.047  0.077  0.116       24
  3:     0.057  0.040  0.150  0.696  0.057       24
  4:     0.084  0.457  0.136  0.213  0.110       24
  5:     0.089  0.116  0.099  0.596  0.100       24
  6:     0.066  0.595  0.037  0.061  0.242       24
  7:     0.045  0.114  0.028  0.049  0.764       24
  8:     0.046  0.097  0.124  0.695  0.038       14
  9:     0.235  0.068  0.538  0.139  0.020       24
 10:     0.023  0.027  0.770  0.105  0.075       24
 11:     0.057  0.052  0.738  0.108  0.045       24
 12:     0.040  0.361  0.173  0.241  0.185       24
--------------------------------------------

Allele-freq. divergence among pops (Net nucleotide distance),
computed using point estimates of P.

      1       2       3       4       5      
 1      -    0.0509  0.0814  0.0505  0.0916  
 2   0.0509     -    0.0464  0.0293  0.0599  
 3   0.0814  0.0464     -    0.0411  0.1059  
 4   0.0505  0.0293  0.0411     -    0.0743  
 5   0.0916  0.0599  0.1059  0.0743     -    

Average distances (expected heterozygosity) between individuals in same cluster:
cluster  1  : 0.6298 
cluster  2  : 0.6294 
cluster  3  : 0.6176 
cluster  4  : 0.6473 
cluster  5  : 0.5408 

--------------------------------------------
Estimated Ln Prob of Data   = -12968.0
Mean value of ln likelihood = -12463.2
Variance of ln likelihood   = 1009.6
Mean value of alpha         = 0.1068

Mean value of Fst_1         = 0.1494
Mean value of Fst_2         = 0.0699
Mean value of Fst_3         = 0.1190
Mean value of Fst_4         = 0.0413
Mean value of Fst_5         = 0.1805


Inferred ancestry of individuals:
        Label (%Miss) Pop:  Inferred clusters
  1 24.0601.E1    (0)    1 :  0.143 0.783 0.019 0.017 0.037 
  2 24.0602.E1    (0)    1 :  0.012 0.900 0.037 0.031 0.020 
  3 24.0603.E1    (0)    1 :  0.014 0.868 0.019 0.049 0.049 
  4 24.0604.E1    (0)    1 :  0.014 0.858 0.045 0.070 0.012 
  5 24.0605.E1    (0)    1 :  0.088 0.829 0.027 0.018 0.038 
  6 24.0606.E1    (0)    1 :  0.029 0.881 0.037 0.016 0.036 
  7 24.0607.E1    (0)    1 :  0.073 0.180 0.242 0.128 0.378 
  8 24.0608.E1    (0)    1 :  0.011 0.589 0.148 0.019 0.232 
  9 24.0609.E1    (0)    1 :  0.011 0.443 0.490 0.043 0.013 
 10 24.0610.E1    (0)    1 :  0.012 0.664 0.282 0.027 0.015 
 11 24.0611.E1    (0)    1 :  0.095 0.821 0.055 0.016 0.013 
 12 24.0612.E1    (0)    1 :  0.132 0.798 0.014 0.024 0.032 
 13 24.0613.E1    (0)    1 :  0.013 0.933 0.032 0.011 0.011 
 14 24.0614.E1    (0)    1 :  0.025 0.369 0.216 0.020 0.370 
 15 24.0615.E1    (0)    1 :  0.040 0.511 0.317 0.034 0.097 
 16 24.0616.E1    (0)    1 :  0.021 0.927 0.027 0.014 0.012 
 17 24.0617.E1    (0)    1 :  0.053 0.313 0.578 0.018 0.038 
 18 24.0618.E1    (0)    1 :  0.036 0.741 0.177 0.033 0.014 
 19 24.0619.E1    (0)    1 :  0.029 0.777 0.027 0.155 0.011 
 20 24.0620.E1   (20)    1 :  0.031 0.094 0.069 0.033 0.773 
 21 24.0621.E1    (0)    1 :  0.021 0.531 0.214 0.219 0.015 
 22 24.0622.E1    (0)    1 :  0.030 0.910 0.016 0.024 0.020 
 23 24.0623.E1    (0)    1 :  0.309 0.537 0.079 0.041 0.034 
 24 24.0624.E1    (0)    1 :  0.014 0.937 0.023 0.013 0.014 
 25 24.0625.E1    (0)    2 :  0.654 0.021 0.031 0.037 0.257 
 26 24.0626.E1    (0)    2 :  0.771 0.010 0.012 0.014 0.194 
 27 24.0627.E1    (0)    2 :  0.446 0.018 0.012 0.474 0.049 
 28 24.0628.E1    (0)    2 :  0.335 0.075 0.202 0.053 0.335 
 29 24.0629.E1    (0)    2 :  0.808 0.121 0.028 0.031 0.013 
 30 24.0630.E1    (0)    2 :  0.754 0.014 0.013 0.014 0.205 
 31 24.0631.E1    (0)    2 :  0.957 0.016 0.007 0.009 0.011 
 32 24.0632.E1    (0)    2 :  0.853 0.024 0.015 0.020 0.087 
 33 24.0633.E1    (0)    2 :  0.473 0.030 0.056 0.119 0.321 
 34 24.0634.E1    (0)    2 :  0.942 0.016 0.014 0.015 0.013 
 35 24.0635.E1    (0)    2 :  0.578 0.041 0.062 0.262 0.057 
 36 24.0636.E1   (33)    2 :  0.062 0.074 0.017 0.039 0.808 
 37 24.0637.E1    (0)    2 :  0.957 0.010 0.007 0.011 0.016 
 38 24.0638.E1    (0)    2 :  0.824 0.023 0.013 0.128 0.012 
 39 24.0639.E1    (0)    2 :  0.787 0.064 0.077 0.030 0.042 
 40 24.0640.E1    (0)    2 :  0.944 0.019 0.011 0.012 0.014 
 41 24.0641.E1    (0)    2 :  0.391 0.246 0.116 0.214 0.033 
 42 24.0642.E1    (0)    2 :  0.559 0.328 0.011 0.038 0.064 
 43 24.0643.E1    (0)    2 :  0.574 0.025 0.016 0.256 0.129 
 44 24.0644.E1    (0)    2 :  0.792 0.038 0.140 0.015 0.015 
 45 24.0645.E1    (0)    2 :  0.699 0.105 0.123 0.013 0.060 
 46 24.0646.E1    (0)    2 :  0.792 0.038 0.140 0.015 0.015 
 47 24.0647.E1    (0)    2 :  0.957 0.010 0.007 0.011 0.016 
 48 24.0648.E1    (0)    2 :  0.957 0.010 0.007 0.011 0.016 
 49 24.0649.E1    (0)    3 :  0.021 0.017 0.078 0.875 0.008 
 50 24.0650.E1    (0)    3 :  0.010 0.325 0.584 0.071 0.010 
 51 24.0651.E1    (0)    3 :  0.435 0.017 0.056 0.460 0.032 
 52 24.0652.E1    (0)    3 :  0.009 0.027 0.112 0.837 0.015 
 53 24.0653.E1    (0)    3 :  0.011 0.011 0.020 0.945 0.012 
 54 24.0654.E1    (0)    3 :  0.018 0.015 0.162 0.794 0.011 
 55 24.0655.E1    (0)    3 :  0.243 0.078 0.196 0.455 0.029 
 56 24.0656.E1    (0)    3 :  0.011 0.020 0.146 0.662 0.160 
 57 24.0657.E1    (0)    3 :  0.011 0.019 0.139 0.682 0.149 
 58 24.0658.E1    (0)    3 :  0.015 0.048 0.190 0.731 0.017 
 59 24.0659.E1    (0)    3 :  0.030 0.043 0.057 0.862 0.008 
 60 24.0660.E1    (6)    3 :  0.033 0.056 0.020 0.877 0.014 
 61 24.0661.E1    (0)    3 :  0.013 0.017 0.363 0.315 0.291 
 62 24.0662.E1    (0)    3 :  0.340 0.064 0.121 0.445 0.030 
 63 24.0663.E1    (0)    3 :  0.016 0.015 0.925 0.033 0.012 
 64 24.0664.E1    (0)    3 :  0.014 0.014 0.088 0.766 0.117 
 65 24.0665.E1    (0)    3 :  0.013 0.013 0.025 0.582 0.367 
 66 24.0666.E1    (0)    3 :  0.013 0.020 0.018 0.939 0.010 
 67 24.0667.E1    (0)    3 :  0.015 0.013 0.014 0.948 0.010 
 68 24.0668.E1    (0)    3 :  0.014 0.011 0.013 0.952 0.010 
 69 24.0669.E1    (0)    3 :  0.014 0.012 0.015 0.946 0.013 
 70 24.0670.E1    (0)    3 :  0.011 0.023 0.092 0.862 0.013 
 71 24.0671.E1    (0)    3 :  0.036 0.027 0.153 0.763 0.021 
 72 24.0672.E1    (0)    3 :  0.013 0.057 0.018 0.902 0.011 
 73 24.0673.E1    (6)    4 :  0.032 0.356 0.060 0.033 0.520 
 74 24.0674.E1    (0)    4 :  0.026 0.807 0.024 0.019 0.123 
 75 24.0675.E1    (0)    4 :  0.060 0.276 0.466 0.050 0.149 
 76 24.0676.E1    (0)    4 :  0.029 0.082 0.735 0.054 0.100 
 77 24.0677.E1    (0)    4 :  0.013 0.108 0.534 0.312 0.033 
 78 24.0678.E1    (0)    4 :  0.275 0.259 0.039 0.393 0.034 
 79 24.0679.E1    (0)    4 :  0.022 0.260 0.036 0.666 0.016 
 80 24.0680.E1    (0)    4 :  0.027 0.069 0.021 0.862 0.021 
 81 24.0681.E1    (0)    4 :  0.032 0.577 0.032 0.296 0.063 
 82 24.0682.E1    (0)    4 :  0.023 0.855 0.041 0.023 0.058 
 83 24.0683.E1    (0)    4 :  0.014 0.705 0.022 0.027 0.231 
 84 24.0684.E1    (0)    4 :  0.043 0.806 0.025 0.034 0.093 
 85 24.0685.E1    (0)    4 :  0.029 0.793 0.025 0.077 0.076 
 86 24.0686.E1    (0)    4 :  0.440 0.144 0.031 0.364 0.021 
 87 24.0687.E1    (0)    4 :  0.693 0.091 0.046 0.123 0.048 
 88 24.0688.E1    (0)    4 :  0.027 0.830 0.024 0.058 0.060 
 89 24.0689.E1    (0)    4 :  0.057 0.181 0.610 0.074 0.078 
 90 24.0690.E1    (0)    4 :  0.076 0.029 0.015 0.835 0.045 
 91 24.0691.E1    (0)    4 :  0.018 0.870 0.057 0.026 0.029 
 92 24.0692.E1    (0)    4 :  0.018 0.243 0.159 0.504 0.076 
 93 24.0693.E1    (0)    4 :  0.020 0.052 0.135 0.105 0.688 
 94 24.0694.E1    (0)    4 :  0.017 0.795 0.044 0.096 0.048 
 95 24.0695.E1    (0)    4 :  0.014 0.894 0.045 0.028 0.019 
 96 24.0696.E1    (0)    4 :  0.022 0.877 0.031 0.049 0.021 
 97 24.0697.E1    (0)    5 :  0.042 0.047 0.075 0.531 0.305 
 98 24.0698.E1    (0)    5 :  0.061 0.096 0.171 0.436 0.236 
 99 24.0699.E1    (0)    5 :  0.069 0.088 0.065 0.752 0.027 
100 24.0700.E1    (0)    5 :  0.017 0.018 0.018 0.928 0.019 
101 24.0701.E1    (0)    5 :  0.029 0.019 0.026 0.820 0.106 
102 24.0702.E1    (0)    5 :  0.031 0.026 0.016 0.856 0.072 
103 24.0703.E1    (0)    5 :  0.229 0.036 0.064 0.653 0.018 
104 24.0704.E1    (6)    5 :  0.153 0.088 0.242 0.481 0.036 
105 24.0705.E1    (0)    5 :  0.033 0.396 0.016 0.537 0.018 
106 24.0706.E1    (0)    5 :  0.018 0.019 0.023 0.914 0.026 
107 24.0707.E1    (0)    5 :  0.182 0.124 0.018 0.622 0.055 
108 24.0708.E1    (0)    5 :  0.490 0.160 0.273 0.036 0.041 
109 24.0709.E1    (0)    5 :  0.042 0.182 0.534 0.205 0.037 
110 24.0710.E1    (0)    5 :  0.031 0.430 0.098 0.371 0.070 
111 24.0711.E1    (0)    5 :  0.086 0.275 0.027 0.576 0.036 
112 24.0712.E1    (0)    5 :  0.078 0.046 0.013 0.824 0.039 
113 24.0713.E1    (0)    5 :  0.024 0.048 0.185 0.699 0.044 
114 24.0714.E1    (0)    5 :  0.066 0.120 0.048 0.745 0.021 
115 24.0715.E1    (0)    5 :  0.015 0.087 0.083 0.105 0.710 
116 24.0716.E1    (0)    5 :  0.099 0.110 0.059 0.706 0.026 
117 24.0717.E1    (0)    5 :  0.132 0.034 0.068 0.382 0.384 
118 24.0718.E1    (0)    5 :  0.057 0.085 0.014 0.817 0.026 
119 24.0719.E1    (0)    5 :  0.122 0.087 0.107 0.651 0.033 
120 24.0720.E1    (0)    5 :  0.039 0.163 0.122 0.652 0.024 
121 24.0721.E1    (0)    6 :  0.062 0.059 0.086 0.116 0.677 
122 24.0722.E1    (0)    6 :  0.237 0.103 0.026 0.064 0.570 
123 24.0723.E1    (0)    6 :  0.402 0.065 0.089 0.030 0.414 
124 24.0724.E1    (0)    6 :  0.042 0.751 0.082 0.031 0.094 
125 24.0725.E1    (0)    6 :  0.015 0.920 0.016 0.036 0.012 
126 24.0726.E1    (6)    6 :  0.018 0.837 0.016 0.030 0.098 
127 24.0727.E1    (0)    6 :  0.047 0.429 0.040 0.082 0.403 
128 24.0728.E1    (0)    6 :  0.159 0.386 0.066 0.085 0.305 
129 24.0729.E1    (0)    6 :  0.023 0.859 0.031 0.029 0.058 
130 24.0730.E1    (0)    6 :  0.026 0.453 0.100 0.308 0.113 
131 24.0731.E1    (0)    6 :  0.015 0.894 0.019 0.018 0.054 
132 24.0732.E1    (0)    6 :  0.018 0.174 0.009 0.039 0.760 
133 24.0733.E1    (0)    6 :  0.011 0.932 0.011 0.011 0.035 
134 24.0734.E1    (0)    6 :  0.051 0.059 0.016 0.049 0.825 
135 24.0735.E1    (0)    6 :  0.079 0.631 0.033 0.049 0.208 
136 24.0736.E1    (0)    6 :  0.018 0.870 0.014 0.016 0.082 
137 24.0737.E1    (0)    6 :  0.215 0.721 0.021 0.028 0.016 
138 24.0738.E1    (0)    6 :  0.019 0.875 0.016 0.027 0.064 
139 24.0739.E1    (0)    6 :  0.024 0.918 0.015 0.032 0.012 
140 24.0740.E1    (0)    6 :  0.019 0.905 0.032 0.025 0.018 
141 24.0741.E1    (0)    6 :  0.023 0.615 0.017 0.029 0.317 
142 24.0742.E1    (0)    6 :  0.025 0.566 0.016 0.020 0.374 
143 24.0743.E1    (0)    6 :  0.011 0.868 0.045 0.021 0.055 
144 24.0744.E1    (0)    6 :  0.021 0.383 0.068 0.287 0.241 
145 24.0745.E1    (0)    7 :  0.011 0.014 0.018 0.038 0.919 
146 24.0746.E1    (0)    7 :  0.220 0.097 0.029 0.036 0.619 
147 24.0747.E1    (0)    7 :  0.016 0.097 0.083 0.031 0.773 
148 24.0748.E1    (6)    7 :  0.018 0.116 0.102 0.033 0.731 
149 24.0749.E1    (0)    7 :  0.016 0.268 0.015 0.018 0.683 
150 24.0750.E1    (0)    7 :  0.032 0.583 0.045 0.105 0.234 
151 24.0751.E1    (0)    7 :  0.014 0.018 0.010 0.011 0.947 
152 24.0752.E1    (0)    7 :  0.014 0.069 0.021 0.013 0.884 
153 24.0753.E1    (0)    7 :  0.261 0.140 0.012 0.014 0.573 
154 24.0754.E1    (0)    7 :  0.026 0.057 0.011 0.016 0.891 
155 24.0755.E1    (0)    7 :  0.023 0.055 0.094 0.031 0.797 
156 24.0756.E1    (0)    7 :  0.014 0.046 0.029 0.012 0.899 
157 24.0757.E1    (0)    7 :  0.008 0.009 0.007 0.008 0.968 
158 24.0758.E1    (0)    7 :  0.009 0.009 0.007 0.008 0.967 
159 24.0759.E1    (0)    7 :  0.012 0.038 0.012 0.018 0.920 
160 24.0760.E1    (0)    7 :  0.262 0.028 0.011 0.047 0.652 
161 24.0761.E1    (0)    7 :  0.017 0.011 0.009 0.009 0.954 
162 24.0762.E1    (0)    7 :  0.018 0.213 0.033 0.650 0.086 
163 24.0763.E1    (0)    7 :  0.010 0.023 0.008 0.010 0.950 
164 24.0764.E1    (0)    7 :  0.015 0.025 0.010 0.012 0.938 
165 24.0765.E1    (0)    7 :  0.036 0.030 0.021 0.015 0.897 
166 24.0766.E1    (0)    7 :  0.010 0.016 0.009 0.010 0.955 
167 24.0767.E1    (0)    7 :  0.009 0.019 0.011 0.008 0.953 
168 24.0768.E1    (0)    7 :  0.014 0.744 0.072 0.036 0.134 
169 24.0779.E1    (0)    8 :  0.068 0.062 0.051 0.654 0.166 
170 24.0780.E1    (6)    8 :  0.016 0.019 0.360 0.594 0.012 
171 24.0781.E1    (0)    8 :  0.013 0.011 0.020 0.943 0.013 
172 24.0782.E1    (0)    8 :  0.141 0.701 0.040 0.056 0.062 
173 24.0783.E1    (0)    8 :  0.023 0.024 0.074 0.865 0.013 
174 24.0784.E1    (0)    8 :  0.041 0.040 0.167 0.741 0.012 
175 24.0785.E1    (0)    8 :  0.012 0.016 0.138 0.825 0.009 
176 24.0786.E1    (0)    8 :  0.024 0.155 0.326 0.455 0.040 
177 24.0787.E1    (0)    8 :  0.083 0.035 0.025 0.824 0.034 
178 24.0788.E1    (0)    8 :  0.037 0.018 0.240 0.684 0.021 
179 24.0789.E1    (0)    8 :  0.148 0.087 0.206 0.537 0.021 
180 24.0790.E1    (0)    8 :  0.018 0.010 0.037 0.925 0.009 
181 24.0791.E1    (0)    8 :  0.012 0.128 0.016 0.828 0.017 
182 24.0792.E1    (0)    8 :  0.010 0.051 0.037 0.792 0.110 
183 24.0793.E1    (0)    9 :  0.408 0.034 0.488 0.057 0.013 
184 24.0794.E1    (0)    9 :  0.026 0.498 0.252 0.204 0.021 
185 24.0795.E1    (0)    9 :  0.489 0.331 0.135 0.024 0.021 
186 24.0796.E1    (0)    9 :  0.015 0.038 0.759 0.178 0.010 
187 24.0797.E1    (0)    9 :  0.168 0.022 0.619 0.183 0.008 
188 24.0798.E1    (0)    9 :  0.244 0.026 0.133 0.515 0.083 
189 24.0799.E1    (0)    9 :  0.092 0.028 0.727 0.136 0.016 
190 24.0800.E1    (0)    9 :  0.013 0.031 0.900 0.035 0.021 
191 24.0801.E1    (0)    9 :  0.074 0.027 0.419 0.463 0.017 
192 24.0802.E1    (0)    9 :  0.597 0.029 0.317 0.046 0.010 
193 24.0803.E1    (0)    9 :  0.319 0.030 0.490 0.146 0.015 
194 24.0804.E1    (0)    9 :  0.300 0.016 0.662 0.013 0.009 
195 24.0805.E1    (0)    9 :  0.060 0.052 0.540 0.318 0.030 
196 24.0806.E1    (0)    9 :  0.733 0.025 0.205 0.020 0.018 
197 24.0807.E1    (0)    9 :  0.438 0.019 0.491 0.042 0.010 
198 24.0808.E1    (0)    9 :  0.042 0.071 0.664 0.206 0.016 
199 24.0809.E1    (0)    9 :  0.023 0.091 0.751 0.088 0.048 
200 24.0810.E1    (0)    9 :  0.113 0.064 0.701 0.100 0.021 
201 24.0811.E1    (0)    9 :  0.232 0.055 0.674 0.028 0.011 
202 24.0812.E1    (0)    9 :  0.026 0.055 0.831 0.074 0.014 
203 24.0813.E1    (0)    9 :  0.323 0.041 0.411 0.205 0.019 
204 24.0814.E1    (6)    9 :  0.078 0.013 0.878 0.020 0.011 
205 24.0815.E1    (0)    9 :  0.366 0.014 0.474 0.127 0.019 
206 24.0816.E1    (0)    9 :  0.471 0.015 0.399 0.104 0.011 
207 24.0817.E1    (0)   10 :  0.021 0.030 0.909 0.027 0.012 
208 24.0818.E1    (0)   10 :  0.022 0.053 0.825 0.081 0.019 
209 24.0819.E1    (0)   10 :  0.075 0.024 0.430 0.185 0.286 
210 24.0820.E1    (0)   10 :  0.013 0.011 0.470 0.019 0.487 
211 24.0821.E1    (0)   10 :  0.017 0.020 0.292 0.658 0.013 
212 24.0822.E1    (0)   10 :  0.009 0.014 0.906 0.030 0.042 
213 24.0823.E1    (0)   10 :  0.017 0.013 0.786 0.019 0.165 
214 24.0824.E1    (0)   10 :  0.023 0.052 0.551 0.341 0.033 
215 24.0825.E1    (0)   10 :  0.014 0.014 0.944 0.013 0.015 
216 24.0826.E1    (0)   10 :  0.013 0.010 0.578 0.052 0.347 
217 24.0827.E1    (0)   10 :  0.025 0.060 0.878 0.029 0.009 
218 24.0828.E1    (0)   10 :  0.015 0.014 0.745 0.031 0.194 
219 24.0829.E1    (0)   10 :  0.014 0.015 0.934 0.019 0.018 
220 24.0830.E1    (0)   10 :  0.015 0.019 0.679 0.278 0.010 
221 24.0831.E1    (0)   10 :  0.012 0.012 0.509 0.458 0.009 
222 24.0832.E1    (0)   10 :  0.008 0.016 0.956 0.012 0.008 
223 24.0833.E1    (0)   10 :  0.009 0.010 0.960 0.011 0.010 
224 24.0834.E1    (0)   10 :  0.014 0.018 0.933 0.020 0.015 
225 24.0835.E1    (0)   10 :  0.016 0.026 0.932 0.018 0.009 
226 24.0836.E1    (0)   10 :  0.016 0.031 0.905 0.026 0.023 
227 24.0837.E1    (0)   10 :  0.010 0.016 0.937 0.023 0.014 
228 24.0838.E1    (0)   10 :  0.010 0.014 0.928 0.022 0.025 
229 24.0839.E1    (0)   10 :  0.056 0.135 0.643 0.134 0.033 
230 24.0840.E1    (0)   10 :  0.112 0.019 0.842 0.019 0.008 
231 24.0841.E1    (0)   11 :  0.010 0.073 0.868 0.026 0.022 
232 24.0842.E1    (0)   11 :  0.009 0.040 0.786 0.150 0.015 
233 24.0843.E1    (0)   11 :  0.014 0.012 0.668 0.223 0.082 
234 24.0844.E1    (0)   11 :  0.014 0.039 0.504 0.428 0.016 
235 24.0845.E1    (0)   11 :  0.012 0.016 0.837 0.121 0.014 
236 24.0846.E1    (0)   11 :  0.017 0.024 0.915 0.029 0.014 
237 24.0847.E1    (0)   11 :  0.015 0.094 0.834 0.027 0.030 
238 24.0848.E1    (0)   11 :  0.011 0.034 0.882 0.064 0.009 
239 24.0849.E1    (0)   11 :  0.010 0.012 0.915 0.015 0.049 
240 24.0850.E1    (0)   11 :  0.010 0.012 0.916 0.014 0.048 
241 24.0851.E1    (0)   11 :  0.011 0.011 0.916 0.015 0.048 
242 24.0852.E1    (0)   11 :  0.010 0.013 0.784 0.087 0.105 
243 24.0853.E1    (0)   11 :  0.013 0.010 0.908 0.013 0.056 
244 24.0854.E1    (0)   11 :  0.015 0.022 0.134 0.810 0.020 
245 24.0855.E1    (0)   11 :  0.011 0.014 0.947 0.016 0.013 
246 24.0856.E1    (0)   11 :  0.515 0.078 0.136 0.179 0.092 
247 24.0857.E1    (0)   11 :  0.021 0.032 0.903 0.023 0.021 
248 24.0858.E1    (0)   11 :  0.012 0.020 0.904 0.042 0.022 
249 24.0859.E1    (0)   11 :  0.019 0.015 0.769 0.019 0.177 
250 24.0860.E1    (0)   11 :  0.160 0.032 0.595 0.137 0.076 
251 24.0861.E1    (0)   11 :  0.010 0.012 0.904 0.016 0.057 
252 24.0862.E1    (0)   11 :  0.423 0.028 0.501 0.032 0.016 
253 24.0863.E1    (0)   11 :  0.010 0.012 0.905 0.016 0.057 
254 24.0864.E1    (0)   11 :  0.016 0.598 0.279 0.093 0.014 
255 24.0865.E1    (0)   12 :  0.030 0.032 0.292 0.096 0.549 
256 24.0866.E1    (0)   12 :  0.018 0.081 0.666 0.127 0.108 
257 24.0867.E1    (0)   12 :  0.076 0.074 0.377 0.045 0.428 
258 24.0868.E1    (0)   12 :  0.057 0.065 0.240 0.579 0.059 
259 24.0869.E1    (0)   12 :  0.100 0.109 0.503 0.246 0.042 
260 24.0870.E1    (0)   12 :  0.242 0.177 0.126 0.399 0.057 
261 24.0871.E1    (0)   12 :  0.106 0.408 0.046 0.420 0.021 
262 24.0872.E1    (0)   12 :  0.023 0.035 0.074 0.434 0.434 
263 24.0873.E1    (0)   12 :  0.038 0.160 0.459 0.181 0.161 
264 24.0874.E1    (0)   12 :  0.021 0.027 0.498 0.042 0.412 
265 24.0875.E1    (0)   12 :  0.019 0.089 0.029 0.832 0.031 
266 24.0876.E1    (0)   12 :  0.019 0.459 0.018 0.474 0.031 
267 24.0877.E1    (0)   12 :  0.012 0.893 0.015 0.023 0.057 
268 24.0878.E1    (0)   12 :  0.014 0.853 0.070 0.042 0.020 
269 24.0879.E1    (0)   12 :  0.022 0.748 0.014 0.205 0.011 
270 24.0880.E1    (0)   12 :  0.028 0.087 0.582 0.273 0.030 
271 24.0881.E1    (0)   12 :  0.015 0.933 0.014 0.013 0.025 
272 24.0882.E1    (0)   12 :  0.013 0.274 0.019 0.020 0.674 
273 24.0883.E1    (0)   12 :  0.016 0.541 0.020 0.151 0.272 
274 24.0884.E1    (0)   12 :  0.015 0.890 0.016 0.022 0.058 
275 24.0885.E1    (0)   12 :  0.020 0.878 0.020 0.067 0.015 
276 24.0886.E1    (0)   12 :  0.010 0.681 0.020 0.051 0.239 
277 24.0887.E1    (0)   12 :  0.021 0.155 0.011 0.119 0.694 
278 24.0888.E1    (0)   12 :  0.023 0.024 0.025 0.915 0.014 


Estimated Allele Frequencies in each cluster
First column gives estimated ancestral frequencies


Locus 1 : 
31 alleles
0.0% missing data
 115   (0.024) 0.004 0.163 0.002 0.008 0.007 
 117   (0.040) 0.006 0.176 0.007 0.012 0.157 
 119   (0.049) 0.175 0.193 0.003 0.009 0.264 
 131   (0.016) 0.001 0.035 0.001 0.003 0.003 
 128   (0.036) 0.004 0.041 0.012 0.037 0.005 
 135   (0.017) 0.002 0.042 0.001 0.003 0.003 
 126   (0.077) 0.029 0.065 0.157 0.057 0.089 
 122   (0.031) 0.164 0.011 0.006 0.020 0.002 
 132   (0.029) 0.005 0.005 0.034 0.019 0.016 
 141   (0.012) 0.005 0.005 0.001 0.002 0.001 
 130   (0.052) 0.022 0.014 0.027 0.081 0.048 
 134   (0.034) 0.102 0.005 0.042 0.020 0.003 
 145   (0.026) 0.009 0.003 0.005 0.028 0.027 
 127   (0.027) 0.018 0.019 0.002 0.006 0.147 
 116   (0.112) 0.189 0.064 0.188 0.193 0.040 
 114   (0.044) 0.100 0.006 0.151 0.032 0.010 
 120   (0.035) 0.064 0.010 0.002 0.072 0.003 
 110   (0.053) 0.030 0.037 0.043 0.032 0.031 
 133   (0.017) 0.008 0.004 0.001 0.004 0.011 
 118   (0.099) 0.036 0.030 0.252 0.297 0.033 
 125   (0.016) 0.005 0.002 0.007 0.006 0.001 
 129   (0.022) 0.002 0.036 0.001 0.010 0.004 
 124   (0.016) 0.003 0.004 0.001 0.017 0.002 
 136   (0.023) 0.004 0.009 0.041 0.008 0.002 
 121   (0.017) 0.002 0.005 0.001 0.003 0.054 
 139   (0.013) 0.001 0.008 0.001 0.002 0.001 
 113   (0.013) 0.001 0.001 0.001 0.002 0.012 
 111   (0.013) 0.002 0.002 0.001 0.002 0.011 
 143   (0.012) 0.001 0.001 0.001 0.002 0.012 
 140   (0.015) 0.005 0.002 0.002 0.011 0.001 
 112   (0.013) 0.001 0.001 0.006 0.002 0.001 

Locus 2 : 
18 alleles
0.0% missing data
 152   (0.364) 0.456 0.576 0.334 0.314 0.770 
 148   (0.061) 0.159 0.186 0.005 0.025 0.025 
 154   (0.115) 0.221 0.075 0.140 0.090 0.044 
 156   (0.018) 0.008 0.008 0.002 0.006 0.001 
 150   (0.027) 0.044 0.005 0.001 0.005 0.039 
 164   (0.079) 0.026 0.075 0.082 0.070 0.019 
 158   (0.042) 0.025 0.017 0.006 0.036 0.016 
 160   (0.019) 0.002 0.003 0.001 0.007 0.025 
 166   (0.023) 0.015 0.005 0.004 0.016 0.001 
 151   (0.063) 0.007 0.007 0.272 0.215 0.005 
 147   (0.056) 0.012 0.007 0.137 0.130 0.009 
 168   (0.022) 0.003 0.004 0.004 0.024 0.003 
 153   (0.017) 0.004 0.002 0.002 0.012 0.003 
 149   (0.027) 0.003 0.008 0.002 0.019 0.011 
 162   (0.022) 0.011 0.005 0.006 0.009 0.003 
 167   (0.015) 0.001 0.015 0.001 0.003 0.001 
 146   (0.014) 0.001 0.001 0.001 0.002 0.023 
 172   (0.016) 0.001 0.002 0.001 0.015 0.001 

Locus 3 : 
4 alleles
0.0% missing data
 128   (0.285) 0.276 0.253 0.384 0.241 0.383 
 126   (0.613) 0.662 0.688 0.542 0.677 0.607 
 132   (0.084) 0.055 0.057 0.073 0.071 0.008 
 134   (0.018) 0.008 0.002 0.001 0.012 0.002 

Locus 4 : 
3 alleles
0.0% missing data
 170   (0.321) 0.396 0.264 0.321 0.315 0.265 
 172   (0.664) 0.598 0.734 0.677 0.682 0.731 
 171   (0.015) 0.006 0.002 0.002 0.003 0.004 

Locus 5 : 
37 alleles
0.0% missing data
 125   (0.052) 0.085 0.036 0.071 0.047 0.047 
 110   (0.035) 0.021 0.031 0.061 0.020 0.011 
 129   (0.037) 0.006 0.044 0.033 0.058 0.003 
 113   (0.035) 0.018 0.011 0.044 0.070 0.003 
 145   (0.048) 0.006 0.200 0.010 0.061 0.101 
 155   (0.045) 0.178 0.118 0.036 0.021 0.010 
 117   (0.033) 0.013 0.065 0.005 0.022 0.028 
 124   (0.010) 0.001 0.015 0.001 0.002 0.001 
 133   (0.033) 0.004 0.030 0.003 0.045 0.077 
 157   (0.046) 0.020 0.011 0.040 0.130 0.034 
 141   (0.018) 0.002 0.006 0.003 0.022 0.001 
 112   (0.063) 0.156 0.086 0.134 0.030 0.134 
 121   (0.021) 0.019 0.004 0.026 0.012 0.003 
 114   (0.036) 0.011 0.069 0.054 0.008 0.157 
 153   (0.050) 0.017 0.053 0.113 0.095 0.004 
 127   (0.063) 0.032 0.063 0.130 0.077 0.118 
 131   (0.059) 0.171 0.049 0.052 0.039 0.174 
 135   (0.029) 0.004 0.009 0.055 0.036 0.003 
 104   (0.011) 0.006 0.002 0.002 0.002 0.003 
 118   (0.018) 0.011 0.017 0.001 0.010 0.002 
 116   (0.029) 0.053 0.016 0.006 0.019 0.003 
 137   (0.019) 0.124 0.005 0.002 0.010 0.005 
 123   (0.021) 0.006 0.008 0.054 0.009 0.002 
 149   (0.011) 0.001 0.004 0.004 0.002 0.001 
 138   (0.014) 0.001 0.001 0.001 0.033 0.001 
 143   (0.027) 0.003 0.003 0.027 0.021 0.060 
 163   (0.012) 0.010 0.002 0.001 0.003 0.001 
 109   (0.011) 0.001 0.014 0.001 0.002 0.001 
 139   (0.011) 0.001 0.001 0.001 0.008 0.001 
 106   (0.011) 0.003 0.002 0.001 0.006 0.001 
 144   (0.018) 0.003 0.004 0.009 0.017 0.001 
 122   (0.011) 0.001 0.014 0.001 0.002 0.002 
 100   (0.017) 0.006 0.003 0.011 0.022 0.001 
 111   (0.012) 0.001 0.001 0.001 0.020 0.001 
 233   (0.011) 0.001 0.001 0.002 0.007 0.001 
 134   (0.010) 0.001 0.001 0.003 0.005 0.001 
 140   (0.010) 0.001 0.001 0.002 0.006 0.001 

Locus 6 : 
17 alleles
0.0% missing data
 221   (0.029) 0.004 0.089 0.002 0.005 0.064 
 232   (0.229) 0.195 0.174 0.372 0.315 0.495 
 229   (0.057) 0.043 0.082 0.044 0.016 0.048 
 223   (0.059) 0.011 0.095 0.047 0.047 0.009 
 230   (0.159) 0.152 0.137 0.136 0.188 0.258 
 235   (0.018) 0.003 0.043 0.001 0.003 0.001 
 236   (0.041) 0.030 0.059 0.003 0.030 0.007 
 227   (0.020) 0.002 0.047 0.001 0.006 0.002 
 220   (0.046) 0.146 0.008 0.094 0.028 0.004 
 222   (0.042) 0.236 0.005 0.039 0.034 0.003 
 234   (0.134) 0.135 0.149 0.140 0.132 0.077 
 224   (0.033) 0.006 0.004 0.037 0.046 0.002 
 228   (0.057) 0.011 0.019 0.048 0.134 0.006 
 225   (0.013) 0.007 0.004 0.001 0.002 0.001 
 226   (0.021) 0.016 0.004 0.031 0.004 0.001 
 233   (0.024) 0.002 0.049 0.001 0.007 0.023 
 231   (0.015) 0.001 0.030 0.001 0.003 0.001 

Locus 7 : 
10 alleles
0.0% missing data
 121   (0.670) 0.808 0.842 0.760 0.782 0.746 
 129   (0.084) 0.013 0.074 0.114 0.051 0.105 
 130   (0.018) 0.008 0.003 0.006 0.005 0.003 
 123   (0.102) 0.110 0.028 0.102 0.103 0.091 
 128   (0.023) 0.023 0.004 0.001 0.007 0.020 
 131   (0.017) 0.021 0.002 0.001 0.004 0.001 
 117   (0.014) 0.001 0.001 0.001 0.008 0.001 
 125   (0.016) 0.001 0.002 0.001 0.015 0.001 
 134   (0.042) 0.012 0.042 0.013 0.022 0.012 
 132   (0.015) 0.001 0.002 0.001 0.003 0.020 

Locus 8 : 
19 alleles
0.0% missing data
 184   (0.281) 0.443 0.495 0.338 0.387 0.384 
 194   (0.049) 0.034 0.045 0.008 0.043 0.020 
 178   (0.091) 0.156 0.166 0.176 0.042 0.061 
 176   (0.074) 0.013 0.054 0.051 0.093 0.203 
 182   (0.077) 0.039 0.043 0.089 0.070 0.176 
 190   (0.032) 0.049 0.006 0.020 0.007 0.036 
 196   (0.026) 0.003 0.008 0.030 0.017 0.002 
 200   (0.031) 0.016 0.012 0.002 0.029 0.010 
 180   (0.030) 0.057 0.007 0.003 0.025 0.002 
 188   (0.041) 0.008 0.024 0.048 0.028 0.010 
 174   (0.044) 0.020 0.031 0.004 0.043 0.035 
 186   (0.118) 0.132 0.090 0.178 0.165 0.052 
 192   (0.027) 0.011 0.007 0.038 0.010 0.003 
 201   (0.012) 0.008 0.001 0.001 0.004 0.002 
 199   (0.019) 0.007 0.002 0.003 0.018 0.001 
 185   (0.012) 0.001 0.001 0.001 0.007 0.001 
 203   (0.012) 0.002 0.003 0.003 0.004 0.001 
 198   (0.012) 0.002 0.002 0.004 0.004 0.001 
 209   (0.012) 0.001 0.002 0.003 0.006 0.001 

Locus 9 : 
6 alleles
0.4% missing data
 154   (0.689) 0.777 0.694 0.801 0.759 0.669 
 156   (0.213) 0.206 0.204 0.106 0.201 0.318 
 152   (0.043) 0.005 0.055 0.087 0.011 0.008 
 153   (0.017) 0.008 0.003 0.003 0.009 0.001 
 160   (0.017) 0.002 0.002 0.001 0.015 0.001 
 164   (0.021) 0.002 0.042 0.001 0.005 0.003 

Locus 10 : 
29 alleles
0.7% missing data
 305   (0.046) 0.319 0.043 0.007 0.033 0.005 
 313   (0.051) 0.013 0.096 0.017 0.044 0.005 
 311   (0.018) 0.002 0.011 0.001 0.007 0.001 
 299   (0.102) 0.039 0.195 0.203 0.090 0.031 
 315   (0.078) 0.053 0.070 0.012 0.098 0.071 
 287   (0.054) 0.010 0.021 0.014 0.201 0.009 
 291   (0.077) 0.027 0.150 0.383 0.047 0.026 
 295   (0.022) 0.003 0.127 0.002 0.007 0.002 
 289   (0.023) 0.016 0.004 0.038 0.016 0.002 
 303   (0.040) 0.010 0.006 0.082 0.019 0.591 
 297   (0.045) 0.006 0.074 0.062 0.010 0.057 
 293   (0.026) 0.004 0.033 0.002 0.034 0.001 
 301   (0.057) 0.094 0.064 0.008 0.058 0.007 
 285   (0.019) 0.294 0.002 0.004 0.005 0.001 
 307   (0.053) 0.017 0.030 0.054 0.022 0.171 
 312   (0.055) 0.039 0.011 0.048 0.100 0.005 
 306   (0.028) 0.004 0.010 0.006 0.045 0.002 
 320   (0.015) 0.001 0.002 0.001 0.015 0.001 
 317   (0.026) 0.002 0.012 0.007 0.036 0.002 
 314   (0.024) 0.002 0.022 0.001 0.019 0.001 
 323   (0.012) 0.001 0.002 0.001 0.008 0.001 
 325   (0.013) 0.001 0.002 0.001 0.008 0.001 
 310   (0.020) 0.002 0.003 0.007 0.023 0.001 
 309   (0.015) 0.004 0.003 0.002 0.012 0.001 
 316   (0.018) 0.002 0.002 0.004 0.019 0.001 
 296   (0.013) 0.001 0.002 0.001 0.008 0.001 
 304   (0.018) 0.027 0.002 0.012 0.004 0.001 
 321   (0.016) 0.005 0.002 0.009 0.006 0.001 
 332   (0.016) 0.002 0.002 0.010 0.006 0.001 

Locus 11 : 
19 alleles
0.0% missing data
 114   (0.142) 0.257 0.252 0.014 0.124 0.201 
 126   (0.023) 0.014 0.037 0.001 0.004 0.004 
 111   (0.080) 0.070 0.128 0.570 0.030 0.006 
 116   (0.100) 0.063 0.143 0.021 0.069 0.218 
 132   (0.013) 0.001 0.008 0.001 0.003 0.001 
 109   (0.018) 0.002 0.030 0.001 0.003 0.001 
 128   (0.019) 0.002 0.009 0.003 0.007 0.001 
 112   (0.319) 0.517 0.311 0.051 0.542 0.512 
 122   (0.018) 0.006 0.002 0.002 0.006 0.011 
 124   (0.014) 0.013 0.002 0.001 0.002 0.002 
 118   (0.056) 0.020 0.028 0.033 0.039 0.028 
 127   (0.015) 0.001 0.002 0.001 0.008 0.001 
 113   (0.049) 0.012 0.007 0.244 0.064 0.004 
 115   (0.038) 0.005 0.024 0.004 0.049 0.004 
 120   (0.023) 0.003 0.005 0.033 0.008 0.001 
 117   (0.023) 0.005 0.004 0.009 0.011 0.003 
 125   (0.019) 0.002 0.002 0.001 0.022 0.001 
 119   (0.017) 0.005 0.002 0.010 0.005 0.001 
 136   (0.014) 0.001 0.006 0.001 0.004 0.001 

Locus 12 : 
28 alleles
0.7% missing data
 306   (0.043) 0.342 0.041 0.010 0.019 0.005 
 314   (0.057) 0.009 0.085 0.058 0.040 0.006 
 312   (0.014) 0.001 0.016 0.001 0.002 0.001 
 300   (0.113) 0.040 0.206 0.202 0.091 0.032 
 316   (0.046) 0.042 0.058 0.010 0.010 0.065 
 288   (0.055) 0.010 0.021 0.014 0.193 0.009 
 292   (0.088) 0.028 0.153 0.388 0.048 0.027 
 296   (0.030) 0.004 0.129 0.003 0.014 0.002 
 290   (0.022) 0.016 0.004 0.038 0.016 0.002 
 304   (0.042) 0.010 0.007 0.081 0.019 0.595 
 298   (0.046) 0.007 0.075 0.061 0.010 0.057 
 294   (0.030) 0.004 0.033 0.003 0.034 0.002 
 302   (0.060) 0.094 0.065 0.009 0.058 0.007 
 286   (0.019) 0.305 0.002 0.004 0.005 0.001 
 308   (0.031) 0.015 0.012 0.002 0.014 0.163 
 313   (0.043) 0.041 0.011 0.005 0.108 0.004 
 307   (0.050) 0.005 0.028 0.067 0.049 0.007 
 321   (0.015) 0.001 0.002 0.001 0.015 0.001 
 315   (0.043) 0.007 0.030 0.003 0.110 0.003 
 318   (0.023) 0.002 0.004 0.010 0.032 0.002 
 324   (0.014) 0.001 0.002 0.001 0.008 0.001 
 326   (0.014) 0.001 0.002 0.001 0.008 0.001 
 311   (0.024) 0.002 0.004 0.010 0.040 0.002 
 310   (0.015) 0.004 0.003 0.002 0.012 0.001 
 305   (0.017) 0.003 0.002 0.002 0.018 0.001 
 317   (0.016) 0.002 0.002 0.001 0.015 0.001 
 320   (0.014) 0.002 0.002 0.004 0.005 0.001 
 322   (0.016) 0.005 0.002 0.009 0.006 0.001 

Locus 13 : 
7 alleles
1.1% missing data
 161   (0.578) 0.198 0.696 0.456 0.529 0.902 
 163   (0.307) 0.121 0.230 0.475 0.450 0.032 
 160   (0.021) 0.334 0.003 0.001 0.004 0.002 
 162   (0.020) 0.337 0.002 0.001 0.003 0.001 
 165   (0.041) 0.007 0.061 0.066 0.008 0.004 
 166   (0.016) 0.002 0.006 0.001 0.003 0.003 
 164   (0.017) 0.002 0.002 0.001 0.003 0.056 

Locus 14 : 
4 alleles
0.4% missing data
  98   (0.951) 0.996 0.987 0.997 0.981 0.986 
 100   (0.015) 0.001 0.002 0.001 0.007 0.003 
  96   (0.019) 0.002 0.010 0.001 0.003 0.010 
 105   (0.015) 0.001 0.002 0.001 0.008 0.001 

Locus 15 : 
12 alleles
2.2% missing data
 171   (0.297) 0.198 0.355 0.344 0.381 0.170 
 177   (0.186) 0.281 0.217 0.107 0.196 0.089 
 173   (0.256) 0.224 0.292 0.496 0.271 0.105 
 179   (0.093) 0.257 0.054 0.017 0.064 0.516 
 183   (0.023) 0.005 0.017 0.003 0.008 0.011 
 181   (0.041) 0.006 0.006 0.021 0.031 0.095 
 197   (0.023) 0.003 0.028 0.003 0.007 0.007 
 170   (0.016) 0.002 0.002 0.001 0.015 0.001 
 189   (0.017) 0.019 0.003 0.001 0.005 0.001 
 203   (0.017) 0.002 0.021 0.001 0.004 0.002 
 187   (0.017) 0.002 0.002 0.002 0.014 0.001 
 198   (0.014) 0.002 0.002 0.004 0.005 0.001 

Values of parameters used in structure:
DATAFILE=STRUCTURE_main_final_278_HEG_ZG.str,	OUTFILE=STRUCTURE_main_final_278_HEG_ZG-K5-11,	NUMINDS=278,	NUMLOCI=15,	MISSING=-9,	LABEL=1,	POPDATA=1,	POPFLAG=0,	PHENOTYPE=0,	EXTRACOLS=0,	MAXPOPS=5,	BURNIN=100000,	NUMREPS=500000,	USEPOPINFO=0,	INFERALPHA=1,	INFERLAMBDA=0,	POPSPECIFICLAMBDA=0,	POPALPHAS=0,	COMPUTEPROB=1,	NOADMIX=0,	ADMBURNIN=2500,	UPDATEFREQ=1,	PRINTLIKES=0,	INTERMEDSAVE=0,	PRINTKLD=0,	PRINTNET=0,	PRINTLAMBDA=0,	ANCESTDIST=0,	NUMBOXES=1000,	ANCESTPINT=0.90000,	GENSBACK=2,	MIGRPRIOR=0.05000,	PRINTQHAT=0,	PRINTQSUM=0,	ALPHA=1.0000,	FREQSCORR=1,	FPRIORMEAN=0.0100,	FPRIORSD=0.0500,	ONEFST=0,	LAMBDA=1.0000,	UNIFPRIORALPHA=1,	ALPHAMAX=10.0000,	ALPHAPRIORA=1.0000,	ALPHAPRIORB=2.0000,	ALPHAPROPSD=0.0250,	STARTATPOPINFO=0,	RANDOMIZE=1,	LINKAGE=0,	METROFREQ=10,	REPORTHITRATE=0,	MARKOVPHASE=-1,	PHASED=0,	PLOIDY=2,	PHASEINFO=0	LOCPRIOR=0, 	LOCPRIORINIT=1.000000, 	LOCDATA=0, 	LOCISPOP=0, 	LOCPRIORSTEP=0.100000, 	MAXLOCPRIOR=20.000000, 	SEED=1782480893,	
[STRAT parameters]:    NUMSIMSTATS=1000,	PHENOTYPECOL=-9,	POOLFREQ=10,	LOCUSxONLY=0,	EMERROR=0.00100,	MISSINGPHENO=-9,	