

----------------------------------------------------
STRUCTURE by Pritchard, Stephens and Donnelly (2000)
     and Falush, Stephens and Pritchard (2003)
       Code by Pritchard, Falush and Hubisz
             Version 2.3.4 (Jul 2012)
----------------------------------------------------



Command line arguments:   structure -K 5 -i STRUCTURE_main_final_278_HEG_ZG.str -o STRUCTURE_main_final_278_HEG_ZG-K5-5 
Input File:    STRUCTURE_main_final_278_HEG_ZG.str

Run parameters:
   278 individuals
   15 loci
   5 populations assumed
   100000 Burn-in period
   500000 Reps


--------------------------------------------
Proportion of membership of each pre-defined
 population in each of the 5 clusters

Given    Inferred Clusters                     Number of
 Pop       1      2      3      4      5      Individuals

  1:     0.047  0.689  0.128  0.041  0.095       24
  2:     0.706  0.057  0.045  0.075  0.116       24
  3:     0.054  0.040  0.153  0.698  0.055       24
  4:     0.083  0.440  0.134  0.217  0.125       24
  5:     0.091  0.111  0.097  0.599  0.102       24
  6:     0.063  0.587  0.037  0.061  0.252       24
  7:     0.043  0.112  0.026  0.049  0.769       24
  8:     0.043  0.096  0.119  0.705  0.037       14
  9:     0.238  0.068  0.541  0.134  0.019       24
 10:     0.023  0.026  0.778  0.101  0.072       24
 11:     0.057  0.052  0.744  0.106  0.041       24
 12:     0.039  0.362  0.166  0.246  0.187       24
--------------------------------------------

Allele-freq. divergence among pops (Net nucleotide distance),
computed using point estimates of P.

      1       2       3       4       5      
 1      -    0.0504  0.0806  0.0499  0.0892  
 2   0.0504     -    0.0458  0.0289  0.0576  
 3   0.0806  0.0458     -    0.0405  0.1026  
 4   0.0499  0.0289  0.0405     -    0.0715  
 5   0.0892  0.0576  0.1026  0.0715     -    

Average distances (expected heterozygosity) between individuals in same cluster:
cluster  1  : 0.6304 
cluster  2  : 0.6296 
cluster  3  : 0.6187 
cluster  4  : 0.6475 
cluster  5  : 0.5454 

--------------------------------------------
Estimated Ln Prob of Data   = -12964.4
Mean value of ln likelihood = -12464.5
Variance of ln likelihood   = 999.9
Mean value of alpha         = 0.1030

Mean value of Fst_1         = 0.1491
Mean value of Fst_2         = 0.0692
Mean value of Fst_3         = 0.1175
Mean value of Fst_4         = 0.0405
Mean value of Fst_5         = 0.1761


Inferred ancestry of individuals:
        Label (%Miss) Pop:  Inferred clusters
  1 24.0601.E1    (0)    1 :  0.116 0.816 0.018 0.017 0.034 
  2 24.0602.E1    (0)    1 :  0.012 0.907 0.033 0.029 0.018 
  3 24.0603.E1    (0)    1 :  0.014 0.868 0.019 0.050 0.048 
  4 24.0604.E1    (0)    1 :  0.013 0.862 0.042 0.070 0.013 
  5 24.0605.E1    (0)    1 :  0.071 0.849 0.025 0.017 0.038 
  6 24.0606.E1    (0)    1 :  0.029 0.885 0.035 0.015 0.036 
  7 24.0607.E1    (0)    1 :  0.089 0.179 0.245 0.110 0.377 
  8 24.0608.E1    (0)    1 :  0.011 0.595 0.148 0.018 0.228 
  9 24.0609.E1    (0)    1 :  0.010 0.457 0.475 0.044 0.013 
 10 24.0610.E1    (0)    1 :  0.012 0.675 0.272 0.027 0.015 
 11 24.0611.E1    (0)    1 :  0.077 0.844 0.050 0.016 0.013 
 12 24.0612.E1    (0)    1 :  0.106 0.826 0.014 0.024 0.031 
 13 24.0613.E1    (0)    1 :  0.013 0.936 0.030 0.011 0.010 
 14 24.0614.E1    (0)    1 :  0.024 0.368 0.210 0.019 0.379 
 15 24.0615.E1    (0)    1 :  0.038 0.543 0.293 0.033 0.093 
 16 24.0616.E1    (0)    1 :  0.021 0.930 0.025 0.013 0.012 
 17 24.0617.E1    (0)    1 :  0.052 0.319 0.573 0.017 0.039 
 18 24.0618.E1    (0)    1 :  0.035 0.748 0.172 0.032 0.013 
 19 24.0619.E1    (0)    1 :  0.030 0.810 0.024 0.125 0.011 
 20 24.0620.E1   (20)    1 :  0.030 0.100 0.064 0.031 0.775 
 21 24.0621.E1    (0)    1 :  0.022 0.584 0.200 0.180 0.014 
 22 24.0622.E1    (0)    1 :  0.029 0.914 0.016 0.022 0.019 
 23 24.0623.E1    (0)    1 :  0.271 0.585 0.071 0.041 0.031 
 24 24.0624.E1    (0)    1 :  0.014 0.939 0.022 0.012 0.013 
 25 24.0625.E1    (0)    2 :  0.653 0.021 0.031 0.039 0.255 
 26 24.0626.E1    (0)    2 :  0.777 0.009 0.012 0.014 0.188 
 27 24.0627.E1    (0)    2 :  0.441 0.018 0.012 0.484 0.046 
 28 24.0628.E1    (0)    2 :  0.339 0.072 0.192 0.058 0.340 
 29 24.0629.E1    (0)    2 :  0.815 0.115 0.027 0.030 0.013 
 30 24.0630.E1    (0)    2 :  0.759 0.014 0.012 0.014 0.202 
 31 24.0631.E1    (0)    2 :  0.959 0.015 0.007 0.009 0.011 
 32 24.0632.E1    (0)    2 :  0.853 0.022 0.014 0.019 0.091 
 33 24.0633.E1    (0)    2 :  0.475 0.029 0.059 0.122 0.315 
 34 24.0634.E1    (0)    2 :  0.943 0.016 0.014 0.015 0.013 
 35 24.0635.E1    (0)    2 :  0.586 0.039 0.061 0.258 0.055 
 36 24.0636.E1   (33)    2 :  0.060 0.071 0.016 0.038 0.815 
 37 24.0637.E1    (0)    2 :  0.959 0.010 0.007 0.010 0.015 
 38 24.0638.E1    (0)    2 :  0.829 0.022 0.012 0.125 0.012 
 39 24.0639.E1    (0)    2 :  0.788 0.065 0.078 0.029 0.039 
 40 24.0640.E1    (0)    2 :  0.946 0.018 0.010 0.012 0.014 
 41 24.0641.E1    (0)    2 :  0.399 0.271 0.121 0.177 0.032 
 42 24.0642.E1    (0)    2 :  0.560 0.331 0.011 0.036 0.062 
 43 24.0643.E1    (0)    2 :  0.568 0.025 0.016 0.255 0.135 
 44 24.0644.E1    (0)    2 :  0.809 0.036 0.125 0.015 0.015 
 45 24.0645.E1    (0)    2 :  0.708 0.101 0.111 0.013 0.067 
 46 24.0646.E1    (0)    2 :  0.808 0.037 0.126 0.015 0.015 
 47 24.0647.E1    (0)    2 :  0.958 0.010 0.006 0.010 0.015 
 48 24.0648.E1    (0)    2 :  0.958 0.010 0.007 0.010 0.015 
 49 24.0649.E1    (0)    3 :  0.021 0.016 0.072 0.883 0.008 
 50 24.0650.E1    (0)    3 :  0.009 0.325 0.583 0.074 0.009 
 51 24.0651.E1    (0)    3 :  0.437 0.016 0.058 0.457 0.031 
 52 24.0652.E1    (0)    3 :  0.009 0.028 0.125 0.824 0.014 
 53 24.0653.E1    (0)    3 :  0.011 0.011 0.020 0.947 0.012 
 54 24.0654.E1    (0)    3 :  0.017 0.015 0.174 0.783 0.011 
 55 24.0655.E1    (0)    3 :  0.225 0.084 0.190 0.472 0.028 
 56 24.0656.E1    (0)    3 :  0.011 0.019 0.162 0.659 0.149 
 57 24.0657.E1    (0)    3 :  0.010 0.019 0.154 0.679 0.138 
 58 24.0658.E1    (0)    3 :  0.015 0.047 0.175 0.748 0.016 
 59 24.0659.E1    (0)    3 :  0.029 0.042 0.060 0.861 0.008 
 60 24.0660.E1    (6)    3 :  0.032 0.056 0.019 0.880 0.013 
 61 24.0661.E1    (0)    3 :  0.013 0.016 0.379 0.313 0.278 
 62 24.0662.E1    (0)    3 :  0.316 0.065 0.120 0.470 0.029 
 63 24.0663.E1    (0)    3 :  0.015 0.015 0.924 0.034 0.012 
 64 24.0664.E1    (0)    3 :  0.013 0.014 0.096 0.765 0.112 
 65 24.0665.E1    (0)    3 :  0.013 0.013 0.026 0.586 0.363 
 66 24.0666.E1    (0)    3 :  0.013 0.019 0.017 0.942 0.009 
 67 24.0667.E1    (0)    3 :  0.014 0.013 0.014 0.950 0.010 
 68 24.0668.E1    (0)    3 :  0.014 0.011 0.013 0.953 0.010 
 69 24.0669.E1    (0)    3 :  0.014 0.011 0.015 0.947 0.012 
 70 24.0670.E1    (0)    3 :  0.012 0.022 0.103 0.851 0.013 
 71 24.0671.E1    (0)    3 :  0.032 0.026 0.156 0.766 0.020 
 72 24.0672.E1    (0)    3 :  0.013 0.054 0.016 0.907 0.010 
 73 24.0673.E1    (6)    4 :  0.031 0.339 0.062 0.033 0.535 
 74 24.0674.E1    (0)    4 :  0.025 0.747 0.022 0.019 0.186 
 75 24.0675.E1    (0)    4 :  0.060 0.261 0.463 0.051 0.165 
 76 24.0676.E1    (0)    4 :  0.029 0.077 0.733 0.054 0.107 
 77 24.0677.E1    (0)    4 :  0.014 0.103 0.538 0.312 0.033 
 78 24.0678.E1    (0)    4 :  0.259 0.290 0.037 0.382 0.032 
 79 24.0679.E1    (0)    4 :  0.022 0.258 0.040 0.663 0.017 
 80 24.0680.E1    (0)    4 :  0.025 0.066 0.020 0.869 0.020 
 81 24.0681.E1    (0)    4 :  0.030 0.580 0.030 0.298 0.062 
 82 24.0682.E1    (0)    4 :  0.025 0.800 0.041 0.028 0.106 
 83 24.0683.E1    (0)    4 :  0.014 0.649 0.021 0.026 0.290 
 84 24.0684.E1    (0)    4 :  0.043 0.763 0.024 0.033 0.137 
 85 24.0685.E1    (0)    4 :  0.029 0.784 0.025 0.080 0.082 
 86 24.0686.E1    (0)    4 :  0.436 0.138 0.030 0.375 0.021 
 87 24.0687.E1    (0)    4 :  0.684 0.089 0.045 0.132 0.050 
 88 24.0688.E1    (0)    4 :  0.027 0.774 0.023 0.076 0.100 
 89 24.0689.E1    (0)    4 :  0.055 0.169 0.614 0.075 0.087 
 90 24.0690.E1    (0)    4 :  0.068 0.026 0.015 0.846 0.045 
 91 24.0691.E1    (0)    4 :  0.019 0.859 0.057 0.027 0.038 
 92 24.0692.E1    (0)    4 :  0.017 0.211 0.147 0.533 0.092 
 93 24.0693.E1    (0)    4 :  0.019 0.050 0.128 0.107 0.696 
 94 24.0694.E1    (0)    4 :  0.016 0.770 0.038 0.113 0.062 
 95 24.0695.E1    (0)    4 :  0.013 0.897 0.043 0.027 0.019 
 96 24.0696.E1    (0)    4 :  0.022 0.871 0.032 0.053 0.023 
 97 24.0697.E1    (0)    5 :  0.044 0.041 0.077 0.520 0.319 
 98 24.0698.E1    (0)    5 :  0.068 0.083 0.178 0.424 0.247 
 99 24.0699.E1    (0)    5 :  0.085 0.088 0.069 0.733 0.025 
100 24.0700.E1    (0)    5 :  0.016 0.017 0.018 0.931 0.018 
101 24.0701.E1    (0)    5 :  0.029 0.019 0.025 0.823 0.103 
102 24.0702.E1    (0)    5 :  0.032 0.025 0.016 0.860 0.068 
103 24.0703.E1    (0)    5 :  0.239 0.035 0.069 0.638 0.018 
104 24.0704.E1    (6)    5 :  0.185 0.087 0.247 0.445 0.036 
105 24.0705.E1    (0)    5 :  0.032 0.393 0.016 0.541 0.018 
106 24.0706.E1    (0)    5 :  0.017 0.018 0.022 0.917 0.025 
107 24.0707.E1    (0)    5 :  0.162 0.126 0.017 0.638 0.057 
108 24.0708.E1    (0)    5 :  0.476 0.162 0.281 0.036 0.045 
109 24.0709.E1    (0)    5 :  0.040 0.175 0.507 0.242 0.037 
110 24.0710.E1    (0)    5 :  0.039 0.409 0.109 0.360 0.083 
111 24.0711.E1    (0)    5 :  0.092 0.266 0.027 0.581 0.035 
112 24.0712.E1    (0)    5 :  0.076 0.045 0.012 0.828 0.038 
113 24.0713.E1    (0)    5 :  0.024 0.043 0.168 0.723 0.042 
114 24.0714.E1    (0)    5 :  0.069 0.123 0.048 0.740 0.020 
115 24.0715.E1    (0)    5 :  0.016 0.085 0.081 0.104 0.714 
116 24.0716.E1    (0)    5 :  0.101 0.107 0.060 0.704 0.027 
117 24.0717.E1    (0)    5 :  0.123 0.034 0.067 0.391 0.385 
118 24.0718.E1    (0)    5 :  0.050 0.074 0.014 0.837 0.026 
119 24.0719.E1    (0)    5 :  0.123 0.066 0.096 0.681 0.033 
120 24.0720.E1    (0)    5 :  0.037 0.145 0.112 0.683 0.023 
121 24.0721.E1    (0)    6 :  0.058 0.051 0.082 0.113 0.697 
122 24.0722.E1    (0)    6 :  0.238 0.094 0.027 0.063 0.578 
123 24.0723.E1    (0)    6 :  0.398 0.063 0.097 0.031 0.411 
124 24.0724.E1    (0)    6 :  0.044 0.703 0.091 0.031 0.131 
125 24.0725.E1    (0)    6 :  0.015 0.924 0.016 0.033 0.012 
126 24.0726.E1    (6)    6 :  0.018 0.832 0.016 0.029 0.105 
127 24.0727.E1    (0)    6 :  0.043 0.409 0.038 0.081 0.428 
128 24.0728.E1    (0)    6 :  0.142 0.413 0.061 0.085 0.299 
129 24.0729.E1    (0)    6 :  0.023 0.855 0.031 0.029 0.062 
130 24.0730.E1    (0)    6 :  0.027 0.433 0.103 0.315 0.121 
131 24.0731.E1    (0)    6 :  0.015 0.896 0.019 0.018 0.053 
132 24.0732.E1    (0)    6 :  0.017 0.146 0.009 0.038 0.790 
133 24.0733.E1    (0)    6 :  0.011 0.935 0.010 0.010 0.033 
134 24.0734.E1    (0)    6 :  0.047 0.058 0.016 0.047 0.831 
135 24.0735.E1    (0)    6 :  0.079 0.614 0.034 0.051 0.222 
136 24.0736.E1    (0)    6 :  0.017 0.874 0.014 0.015 0.079 
137 24.0737.E1    (0)    6 :  0.186 0.753 0.019 0.027 0.015 
138 24.0738.E1    (0)    6 :  0.019 0.881 0.015 0.025 0.060 
139 24.0739.E1    (0)    6 :  0.023 0.919 0.014 0.032 0.012 
140 24.0740.E1    (0)    6 :  0.018 0.908 0.030 0.025 0.018 
141 24.0741.E1    (0)    6 :  0.022 0.591 0.017 0.029 0.341 
142 24.0742.E1    (0)    6 :  0.023 0.525 0.015 0.020 0.417 
143 24.0743.E1    (0)    6 :  0.010 0.847 0.045 0.021 0.076 
144 24.0744.E1    (0)    6 :  0.021 0.368 0.065 0.296 0.250 
145 24.0745.E1    (0)    7 :  0.011 0.014 0.018 0.037 0.921 
146 24.0746.E1    (0)    7 :  0.213 0.097 0.028 0.036 0.627 
147 24.0747.E1    (0)    7 :  0.016 0.096 0.070 0.032 0.786 
148 24.0748.E1    (6)    7 :  0.017 0.115 0.089 0.035 0.744 
149 24.0749.E1    (0)    7 :  0.015 0.262 0.014 0.018 0.691 
150 24.0750.E1    (0)    7 :  0.030 0.560 0.045 0.109 0.255 
151 24.0751.E1    (0)    7 :  0.014 0.017 0.009 0.010 0.949 
152 24.0752.E1    (0)    7 :  0.013 0.066 0.020 0.013 0.888 
153 24.0753.E1    (0)    7 :  0.243 0.152 0.011 0.014 0.580 
154 24.0754.E1    (0)    7 :  0.023 0.050 0.011 0.015 0.900 
155 24.0755.E1    (0)    7 :  0.023 0.051 0.084 0.033 0.809 
156 24.0756.E1    (0)    7 :  0.014 0.044 0.027 0.011 0.904 
157 24.0757.E1    (0)    7 :  0.008 0.008 0.006 0.008 0.969 
158 24.0758.E1    (0)    7 :  0.008 0.009 0.007 0.008 0.968 
159 24.0759.E1    (0)    7 :  0.012 0.035 0.012 0.018 0.924 
160 24.0760.E1    (0)    7 :  0.257 0.027 0.011 0.047 0.657 
161 24.0761.E1    (0)    7 :  0.016 0.011 0.009 0.009 0.956 
162 24.0762.E1    (0)    7 :  0.017 0.219 0.035 0.644 0.085 
163 24.0763.E1    (0)    7 :  0.009 0.021 0.008 0.009 0.953 
164 24.0764.E1    (0)    7 :  0.014 0.023 0.009 0.012 0.942 
165 24.0765.E1    (0)    7 :  0.035 0.028 0.020 0.014 0.903 
166 24.0766.E1    (0)    7 :  0.010 0.015 0.009 0.010 0.956 
167 24.0767.E1    (0)    7 :  0.009 0.018 0.010 0.008 0.955 
168 24.0768.E1    (0)    7 :  0.013 0.749 0.070 0.034 0.133 
169 24.0779.E1    (0)    8 :  0.060 0.061 0.049 0.679 0.152 
170 24.0780.E1    (6)    8 :  0.015 0.018 0.346 0.610 0.011 
171 24.0781.E1    (0)    8 :  0.012 0.011 0.018 0.946 0.013 
172 24.0782.E1    (0)    8 :  0.133 0.708 0.041 0.057 0.062 
173 24.0783.E1    (0)    8 :  0.022 0.023 0.082 0.860 0.013 
174 24.0784.E1    (0)    8 :  0.036 0.037 0.151 0.766 0.011 
175 24.0785.E1    (0)    8 :  0.011 0.016 0.136 0.828 0.009 
176 24.0786.E1    (0)    8 :  0.023 0.145 0.306 0.488 0.038 
177 24.0787.E1    (0)    8 :  0.080 0.033 0.023 0.830 0.033 
178 24.0788.E1    (0)    8 :  0.034 0.017 0.225 0.702 0.021 
179 24.0789.E1    (0)    8 :  0.137 0.085 0.204 0.553 0.021 
180 24.0790.E1    (0)    8 :  0.018 0.009 0.036 0.928 0.009 
181 24.0791.E1    (0)    8 :  0.013 0.135 0.015 0.821 0.016 
182 24.0792.E1    (0)    8 :  0.010 0.049 0.039 0.797 0.106 
183 24.0793.E1    (0)    9 :  0.416 0.034 0.488 0.050 0.013 
184 24.0794.E1    (0)    9 :  0.025 0.512 0.256 0.187 0.020 
185 24.0795.E1    (0)    9 :  0.470 0.350 0.135 0.024 0.021 
186 24.0796.E1    (0)    9 :  0.016 0.039 0.767 0.169 0.010 
187 24.0797.E1    (0)    9 :  0.165 0.022 0.641 0.163 0.008 
188 24.0798.E1    (0)    9 :  0.242 0.025 0.137 0.519 0.078 
189 24.0799.E1    (0)    9 :  0.114 0.029 0.731 0.111 0.016 
190 24.0800.E1    (0)    9 :  0.013 0.031 0.902 0.033 0.020 
191 24.0801.E1    (0)    9 :  0.090 0.026 0.417 0.451 0.017 
192 24.0802.E1    (0)    9 :  0.594 0.029 0.324 0.044 0.010 
193 24.0803.E1    (0)    9 :  0.335 0.029 0.507 0.115 0.015 
194 24.0804.E1    (0)    9 :  0.298 0.015 0.665 0.013 0.008 
195 24.0805.E1    (0)    9 :  0.066 0.049 0.520 0.336 0.029 
196 24.0806.E1    (0)    9 :  0.723 0.024 0.216 0.019 0.018 
197 24.0807.E1    (0)    9 :  0.430 0.020 0.502 0.039 0.010 
198 24.0808.E1    (0)    9 :  0.042 0.068 0.662 0.211 0.017 
199 24.0809.E1    (0)    9 :  0.024 0.091 0.744 0.093 0.048 
200 24.0810.E1    (0)    9 :  0.134 0.062 0.698 0.083 0.022 
201 24.0811.E1    (0)    9 :  0.227 0.052 0.683 0.027 0.011 
202 24.0812.E1    (0)    9 :  0.027 0.053 0.835 0.071 0.013 
203 24.0813.E1    (0)    9 :  0.330 0.039 0.410 0.201 0.020 
204 24.0814.E1    (6)    9 :  0.080 0.013 0.876 0.020 0.010 
205 24.0815.E1    (0)    9 :  0.370 0.013 0.460 0.138 0.018 
206 24.0816.E1    (0)    9 :  0.471 0.014 0.413 0.091 0.010 
207 24.0817.E1    (0)   10 :  0.019 0.028 0.914 0.027 0.012 
208 24.0818.E1    (0)   10 :  0.022 0.052 0.831 0.076 0.018 
209 24.0819.E1    (0)   10 :  0.092 0.025 0.454 0.156 0.274 
210 24.0820.E1    (0)   10 :  0.013 0.010 0.485 0.018 0.474 
211 24.0821.E1    (0)   10 :  0.016 0.020 0.304 0.647 0.013 
212 24.0822.E1    (0)   10 :  0.009 0.013 0.908 0.029 0.041 
213 24.0823.E1    (0)   10 :  0.017 0.013 0.798 0.019 0.153 
214 24.0824.E1    (0)   10 :  0.023 0.050 0.548 0.348 0.031 
215 24.0825.E1    (0)   10 :  0.013 0.014 0.946 0.012 0.015 
216 24.0826.E1    (0)   10 :  0.013 0.010 0.601 0.045 0.331 
217 24.0827.E1    (0)   10 :  0.024 0.057 0.882 0.028 0.009 
218 24.0828.E1    (0)   10 :  0.015 0.014 0.765 0.030 0.177 
219 24.0829.E1    (0)   10 :  0.014 0.014 0.935 0.018 0.019 
220 24.0830.E1    (0)   10 :  0.014 0.018 0.702 0.256 0.010 
221 24.0831.E1    (0)   10 :  0.012 0.012 0.536 0.432 0.008 
222 24.0832.E1    (0)   10 :  0.008 0.016 0.957 0.011 0.008 
223 24.0833.E1    (0)   10 :  0.009 0.010 0.960 0.011 0.010 
224 24.0834.E1    (0)   10 :  0.013 0.017 0.936 0.018 0.015 
225 24.0835.E1    (0)   10 :  0.015 0.024 0.935 0.017 0.009 
226 24.0836.E1    (0)   10 :  0.015 0.030 0.907 0.026 0.023 
227 24.0837.E1    (0)   10 :  0.009 0.015 0.939 0.023 0.014 
228 24.0838.E1    (0)   10 :  0.010 0.013 0.929 0.022 0.025 
229 24.0839.E1    (0)   10 :  0.058 0.124 0.660 0.125 0.034 
230 24.0840.E1    (0)   10 :  0.104 0.020 0.849 0.019 0.008 
231 24.0841.E1    (0)   11 :  0.010 0.066 0.877 0.024 0.024 
232 24.0842.E1    (0)   11 :  0.009 0.037 0.792 0.147 0.015 
233 24.0843.E1    (0)   11 :  0.013 0.011 0.682 0.221 0.073 
234 24.0844.E1    (0)   11 :  0.013 0.039 0.511 0.421 0.015 
235 24.0845.E1    (0)   11 :  0.011 0.015 0.845 0.115 0.013 
236 24.0846.E1    (0)   11 :  0.017 0.023 0.918 0.027 0.014 
237 24.0847.E1    (0)   11 :  0.015 0.092 0.837 0.027 0.030 
238 24.0848.E1    (0)   11 :  0.010 0.032 0.886 0.063 0.009 
239 24.0849.E1    (0)   11 :  0.010 0.011 0.924 0.014 0.041 
240 24.0850.E1    (0)   11 :  0.010 0.011 0.924 0.014 0.041 
241 24.0851.E1    (0)   11 :  0.010 0.012 0.924 0.013 0.041 
242 24.0852.E1    (0)   11 :  0.010 0.013 0.806 0.080 0.092 
243 24.0853.E1    (0)   11 :  0.012 0.010 0.918 0.012 0.048 
244 24.0854.E1    (0)   11 :  0.014 0.022 0.136 0.809 0.018 
245 24.0855.E1    (0)   11 :  0.010 0.014 0.948 0.015 0.012 
246 24.0856.E1    (0)   11 :  0.498 0.087 0.139 0.190 0.086 
247 24.0857.E1    (0)   11 :  0.020 0.031 0.905 0.022 0.021 
248 24.0858.E1    (0)   11 :  0.011 0.019 0.908 0.039 0.022 
249 24.0859.E1    (0)   11 :  0.019 0.015 0.782 0.019 0.165 
250 24.0860.E1    (0)   11 :  0.187 0.029 0.600 0.114 0.070 
251 24.0861.E1    (0)   11 :  0.010 0.012 0.914 0.015 0.049 
252 24.0862.E1    (0)   11 :  0.418 0.031 0.501 0.035 0.015 
253 24.0863.E1    (0)   11 :  0.010 0.012 0.914 0.015 0.049 
254 24.0864.E1    (0)   11 :  0.016 0.598 0.271 0.102 0.013 
255 24.0865.E1    (0)   12 :  0.029 0.032 0.286 0.101 0.552 
256 24.0866.E1    (0)   12 :  0.019 0.080 0.650 0.139 0.112 
257 24.0867.E1    (0)   12 :  0.075 0.071 0.359 0.050 0.444 
258 24.0868.E1    (0)   12 :  0.056 0.061 0.219 0.609 0.055 
259 24.0869.E1    (0)   12 :  0.103 0.109 0.482 0.262 0.044 
260 24.0870.E1    (0)   12 :  0.222 0.190 0.107 0.427 0.054 
261 24.0871.E1    (0)   12 :  0.102 0.423 0.043 0.412 0.020 
262 24.0872.E1    (0)   12 :  0.022 0.032 0.075 0.440 0.431 
263 24.0873.E1    (0)   12 :  0.037 0.154 0.447 0.203 0.159 
264 24.0874.E1    (0)   12 :  0.020 0.028 0.477 0.049 0.426 
265 24.0875.E1    (0)   12 :  0.020 0.094 0.028 0.828 0.030 
266 24.0876.E1    (0)   12 :  0.020 0.466 0.017 0.466 0.031 
267 24.0877.E1    (0)   12 :  0.012 0.894 0.015 0.022 0.057 
268 24.0878.E1    (0)   12 :  0.014 0.860 0.067 0.040 0.019 
269 24.0879.E1    (0)   12 :  0.020 0.749 0.013 0.206 0.012 
270 24.0880.E1    (0)   12 :  0.028 0.087 0.568 0.288 0.029 
271 24.0881.E1    (0)   12 :  0.015 0.935 0.013 0.012 0.025 
272 24.0882.E1    (0)   12 :  0.013 0.266 0.018 0.019 0.683 
273 24.0883.E1    (0)   12 :  0.015 0.529 0.020 0.154 0.282 
274 24.0884.E1    (0)   12 :  0.014 0.892 0.015 0.022 0.056 
275 24.0885.E1    (0)   12 :  0.020 0.876 0.019 0.070 0.015 
276 24.0886.E1    (0)   12 :  0.009 0.684 0.019 0.050 0.237 
277 24.0887.E1    (0)   12 :  0.019 0.151 0.011 0.117 0.703 
278 24.0888.E1    (0)   12 :  0.022 0.023 0.023 0.919 0.013 


Estimated Allele Frequencies in each cluster
First column gives estimated ancestral frequencies


Locus 1 : 
31 alleles
0.0% missing data
 115   (0.025) 0.004 0.161 0.002 0.008 0.011 
 117   (0.040) 0.006 0.175 0.007 0.013 0.157 
 119   (0.048) 0.173 0.195 0.003 0.009 0.262 
 131   (0.016) 0.002 0.035 0.001 0.003 0.003 
 128   (0.036) 0.004 0.041 0.012 0.036 0.005 
 135   (0.017) 0.002 0.042 0.001 0.003 0.004 
 126   (0.076) 0.028 0.069 0.156 0.057 0.087 
 122   (0.030) 0.165 0.011 0.006 0.019 0.002 
 132   (0.031) 0.006 0.005 0.033 0.019 0.017 
 141   (0.012) 0.004 0.006 0.001 0.002 0.001 
 130   (0.051) 0.021 0.014 0.027 0.082 0.046 
 134   (0.035) 0.102 0.005 0.042 0.020 0.003 
 145   (0.026) 0.009 0.003 0.005 0.027 0.025 
 127   (0.027) 0.019 0.019 0.002 0.006 0.145 
 116   (0.109) 0.188 0.061 0.187 0.194 0.044 
 114   (0.045) 0.098 0.006 0.151 0.033 0.010 
 120   (0.036) 0.065 0.010 0.002 0.071 0.003 
 110   (0.051) 0.029 0.037 0.044 0.032 0.031 
 133   (0.017) 0.008 0.004 0.001 0.004 0.011 
 118   (0.098) 0.040 0.030 0.253 0.293 0.034 
 125   (0.016) 0.005 0.002 0.008 0.006 0.001 
 129   (0.022) 0.002 0.035 0.001 0.010 0.005 
 124   (0.017) 0.003 0.005 0.001 0.017 0.002 
 136   (0.024) 0.004 0.009 0.040 0.009 0.002 
 121   (0.016) 0.001 0.005 0.001 0.003 0.053 
 139   (0.013) 0.001 0.008 0.001 0.002 0.001 
 113   (0.012) 0.001 0.001 0.001 0.002 0.011 
 111   (0.013) 0.002 0.002 0.001 0.002 0.011 
 143   (0.013) 0.001 0.001 0.001 0.002 0.012 
 140   (0.016) 0.006 0.002 0.002 0.011 0.001 
 112   (0.012) 0.001 0.001 0.006 0.002 0.001 

Locus 2 : 
18 alleles
0.0% missing data
 152   (0.355) 0.454 0.578 0.334 0.313 0.762 
 148   (0.063) 0.159 0.183 0.005 0.026 0.031 
 154   (0.114) 0.222 0.073 0.139 0.091 0.047 
 156   (0.018) 0.007 0.008 0.002 0.006 0.001 
 150   (0.027) 0.043 0.005 0.002 0.006 0.039 
 164   (0.080) 0.026 0.075 0.082 0.071 0.019 
 158   (0.043) 0.026 0.017 0.006 0.036 0.016 
 160   (0.019) 0.002 0.003 0.001 0.008 0.024 
 166   (0.022) 0.017 0.005 0.004 0.015 0.001 
 151   (0.066) 0.007 0.008 0.272 0.215 0.006 
 147   (0.058) 0.013 0.007 0.136 0.130 0.009 
 168   (0.023) 0.004 0.004 0.004 0.023 0.003 
 153   (0.017) 0.004 0.002 0.002 0.012 0.003 
 149   (0.027) 0.003 0.008 0.002 0.019 0.011 
 162   (0.023) 0.011 0.005 0.006 0.009 0.003 
 167   (0.014) 0.001 0.015 0.001 0.002 0.001 
 146   (0.014) 0.001 0.001 0.001 0.002 0.023 
 172   (0.016) 0.001 0.002 0.001 0.015 0.001 

Locus 3 : 
4 alleles
0.0% missing data
 128   (0.285) 0.277 0.252 0.382 0.242 0.382 
 126   (0.613) 0.662 0.687 0.543 0.676 0.609 
 132   (0.083) 0.054 0.059 0.074 0.070 0.008 
 134   (0.018) 0.008 0.002 0.001 0.012 0.002 

Locus 4 : 
3 alleles
0.0% missing data
 170   (0.320) 0.395 0.268 0.321 0.312 0.265 
 172   (0.665) 0.599 0.730 0.677 0.685 0.731 
 171   (0.015) 0.006 0.002 0.002 0.003 0.004 

Locus 5 : 
37 alleles
0.0% missing data
 125   (0.053) 0.079 0.040 0.071 0.048 0.048 
 110   (0.036) 0.023 0.032 0.060 0.019 0.011 
 129   (0.037) 0.007 0.044 0.033 0.058 0.003 
 113   (0.033) 0.017 0.011 0.045 0.070 0.003 
 145   (0.050) 0.006 0.199 0.011 0.061 0.102 
 155   (0.048) 0.177 0.119 0.037 0.022 0.011 
 117   (0.033) 0.014 0.061 0.005 0.022 0.032 
 124   (0.011) 0.001 0.015 0.001 0.002 0.001 
 133   (0.032) 0.004 0.030 0.003 0.044 0.075 
 157   (0.045) 0.022 0.010 0.040 0.128 0.034 
 141   (0.017) 0.002 0.006 0.003 0.022 0.001 
 112   (0.061) 0.158 0.083 0.134 0.031 0.134 
 121   (0.023) 0.019 0.005 0.026 0.013 0.003 
 114   (0.036) 0.011 0.068 0.053 0.008 0.158 
 153   (0.049) 0.019 0.054 0.113 0.093 0.004 
 127   (0.063) 0.032 0.065 0.128 0.079 0.116 
 131   (0.059) 0.173 0.048 0.052 0.039 0.170 
 135   (0.028) 0.004 0.009 0.054 0.036 0.003 
 104   (0.010) 0.006 0.002 0.002 0.002 0.003 
 118   (0.019) 0.011 0.016 0.001 0.010 0.002 
 116   (0.028) 0.053 0.016 0.007 0.019 0.004 
 137   (0.021) 0.122 0.005 0.002 0.011 0.005 
 123   (0.021) 0.006 0.008 0.055 0.009 0.002 
 149   (0.010) 0.001 0.004 0.004 0.002 0.001 
 138   (0.015) 0.002 0.002 0.001 0.033 0.001 
 143   (0.026) 0.003 0.003 0.028 0.021 0.059 
 163   (0.011) 0.009 0.002 0.001 0.003 0.001 
 109   (0.012) 0.001 0.013 0.001 0.003 0.002 
 139   (0.010) 0.001 0.001 0.001 0.007 0.001 
 106   (0.010) 0.002 0.002 0.001 0.006 0.001 
 144   (0.016) 0.003 0.003 0.009 0.018 0.001 
 122   (0.012) 0.001 0.014 0.001 0.002 0.003 
 100   (0.017) 0.006 0.003 0.011 0.021 0.001 
 111   (0.012) 0.001 0.001 0.001 0.020 0.001 
 233   (0.012) 0.001 0.001 0.002 0.007 0.001 
 134   (0.010) 0.001 0.001 0.003 0.005 0.001 
 140   (0.011) 0.001 0.001 0.001 0.006 0.001 

Locus 6 : 
17 alleles
0.0% missing data
 221   (0.029) 0.003 0.090 0.002 0.005 0.064 
 232   (0.235) 0.193 0.177 0.375 0.315 0.487 
 229   (0.056) 0.042 0.084 0.045 0.015 0.048 
 223   (0.059) 0.011 0.095 0.047 0.047 0.009 
 230   (0.157) 0.151 0.134 0.135 0.189 0.260 
 235   (0.017) 0.003 0.044 0.001 0.003 0.001 
 236   (0.042) 0.029 0.060 0.003 0.031 0.007 
 227   (0.021) 0.002 0.047 0.001 0.007 0.002 
 220   (0.046) 0.148 0.008 0.093 0.028 0.004 
 222   (0.041) 0.238 0.005 0.038 0.034 0.003 
 234   (0.133) 0.135 0.146 0.138 0.134 0.082 
 224   (0.034) 0.006 0.004 0.037 0.046 0.002 
 228   (0.056) 0.012 0.019 0.049 0.132 0.006 
 225   (0.013) 0.007 0.004 0.001 0.002 0.001 
 226   (0.021) 0.015 0.004 0.031 0.004 0.001 
 233   (0.024) 0.002 0.049 0.001 0.007 0.023 
 231   (0.016) 0.001 0.030 0.001 0.003 0.001 

Locus 7 : 
10 alleles
0.0% missing data
 121   (0.672) 0.808 0.845 0.758 0.783 0.746 
 129   (0.083) 0.013 0.074 0.116 0.051 0.103 
 130   (0.017) 0.009 0.003 0.006 0.004 0.003 
 123   (0.101) 0.111 0.027 0.102 0.103 0.090 
 128   (0.024) 0.023 0.004 0.001 0.007 0.019 
 131   (0.017) 0.021 0.002 0.001 0.004 0.001 
 117   (0.014) 0.001 0.002 0.001 0.008 0.001 
 125   (0.016) 0.001 0.002 0.001 0.015 0.001 
 134   (0.041) 0.012 0.039 0.013 0.022 0.015 
 132   (0.015) 0.001 0.003 0.001 0.003 0.020 

Locus 8 : 
19 alleles
0.0% missing data
 184   (0.282) 0.447 0.496 0.338 0.385 0.384 
 194   (0.049) 0.032 0.043 0.008 0.044 0.023 
 178   (0.092) 0.156 0.166 0.175 0.043 0.063 
 176   (0.074) 0.013 0.055 0.052 0.093 0.199 
 182   (0.076) 0.039 0.043 0.088 0.070 0.174 
 190   (0.032) 0.050 0.006 0.020 0.007 0.035 
 196   (0.026) 0.003 0.008 0.030 0.016 0.002 
 200   (0.031) 0.015 0.013 0.002 0.028 0.010 
 180   (0.030) 0.057 0.007 0.003 0.025 0.002 
 188   (0.040) 0.008 0.024 0.047 0.028 0.009 
 174   (0.043) 0.019 0.031 0.003 0.044 0.035 
 186   (0.117) 0.129 0.090 0.179 0.164 0.054 
 192   (0.027) 0.011 0.007 0.039 0.010 0.003 
 201   (0.013) 0.008 0.001 0.001 0.004 0.002 
 199   (0.019) 0.007 0.002 0.003 0.017 0.001 
 185   (0.012) 0.001 0.001 0.001 0.007 0.001 
 203   (0.012) 0.002 0.003 0.003 0.004 0.001 
 198   (0.012) 0.002 0.002 0.004 0.004 0.001 
 209   (0.012) 0.001 0.002 0.003 0.006 0.001 

Locus 9 : 
6 alleles
0.4% missing data
 154   (0.689) 0.776 0.694 0.802 0.758 0.670 
 156   (0.213) 0.208 0.202 0.106 0.202 0.316 
 152   (0.044) 0.005 0.057 0.086 0.012 0.008 
 153   (0.016) 0.007 0.003 0.003 0.009 0.001 
 160   (0.017) 0.002 0.002 0.001 0.014 0.001 
 164   (0.021) 0.002 0.042 0.001 0.005 0.003 

Locus 10 : 
29 alleles
0.7% missing data
 305   (0.052) 0.306 0.049 0.008 0.037 0.006 
 313   (0.049) 0.013 0.096 0.017 0.044 0.005 
 311   (0.017) 0.002 0.011 0.001 0.007 0.001 
 299   (0.103) 0.042 0.195 0.203 0.088 0.032 
 315   (0.080) 0.053 0.069 0.013 0.098 0.071 
 287   (0.052) 0.010 0.021 0.014 0.200 0.009 
 291   (0.084) 0.031 0.149 0.374 0.053 0.031 
 295   (0.022) 0.003 0.127 0.002 0.007 0.002 
 289   (0.022) 0.020 0.004 0.038 0.013 0.002 
 303   (0.041) 0.012 0.007 0.088 0.020 0.574 
 297   (0.042) 0.006 0.068 0.062 0.009 0.064 
 293   (0.026) 0.004 0.036 0.002 0.031 0.002 
 301   (0.056) 0.093 0.064 0.009 0.059 0.008 
 285   (0.018) 0.297 0.002 0.005 0.005 0.001 
 307   (0.050) 0.017 0.028 0.054 0.022 0.174 
 312   (0.053) 0.040 0.011 0.048 0.099 0.005 
 306   (0.028) 0.004 0.010 0.006 0.045 0.002 
 320   (0.015) 0.001 0.002 0.001 0.015 0.001 
 317   (0.026) 0.002 0.012 0.008 0.035 0.002 
 314   (0.024) 0.002 0.022 0.001 0.019 0.001 
 323   (0.013) 0.001 0.002 0.001 0.008 0.001 
 325   (0.012) 0.001 0.002 0.001 0.008 0.001 
 310   (0.019) 0.002 0.003 0.008 0.022 0.001 
 309   (0.016) 0.004 0.002 0.002 0.012 0.001 
 316   (0.019) 0.002 0.002 0.004 0.019 0.001 
 296   (0.013) 0.001 0.002 0.001 0.008 0.001 
 304   (0.017) 0.026 0.002 0.013 0.004 0.001 
 321   (0.015) 0.005 0.002 0.008 0.006 0.001 
 332   (0.016) 0.002 0.002 0.010 0.006 0.001 

Locus 11 : 
19 alleles
0.0% missing data
 114   (0.146) 0.258 0.250 0.014 0.126 0.202 
 126   (0.023) 0.013 0.038 0.001 0.004 0.004 
 111   (0.075) 0.069 0.134 0.568 0.027 0.006 
 116   (0.102) 0.061 0.141 0.022 0.070 0.217 
 132   (0.014) 0.001 0.008 0.001 0.003 0.001 
 109   (0.018) 0.002 0.031 0.001 0.003 0.001 
 128   (0.019) 0.002 0.009 0.003 0.008 0.001 
 112   (0.320) 0.519 0.307 0.051 0.544 0.511 
 122   (0.017) 0.006 0.002 0.002 0.006 0.011 
 124   (0.014) 0.013 0.002 0.001 0.002 0.002 
 118   (0.055) 0.021 0.028 0.032 0.039 0.028 
 127   (0.015) 0.001 0.002 0.001 0.008 0.001 
 113   (0.049) 0.012 0.007 0.246 0.062 0.004 
 115   (0.038) 0.005 0.024 0.004 0.049 0.004 
 120   (0.024) 0.003 0.005 0.033 0.008 0.001 
 117   (0.022) 0.006 0.003 0.009 0.010 0.003 
 125   (0.018) 0.002 0.002 0.001 0.021 0.001 
 119   (0.017) 0.005 0.002 0.010 0.005 0.001 
 136   (0.015) 0.001 0.007 0.001 0.004 0.001 

Locus 12 : 
28 alleles
0.7% missing data
 306   (0.046) 0.329 0.047 0.012 0.022 0.005 
 314   (0.054) 0.008 0.085 0.059 0.039 0.006 
 312   (0.015) 0.001 0.016 0.001 0.002 0.001 
 300   (0.111) 0.043 0.206 0.201 0.089 0.033 
 316   (0.046) 0.042 0.058 0.011 0.010 0.066 
 288   (0.055) 0.010 0.021 0.014 0.192 0.009 
 292   (0.091) 0.031 0.151 0.379 0.054 0.032 
 296   (0.030) 0.004 0.129 0.003 0.014 0.002 
 290   (0.023) 0.020 0.004 0.038 0.013 0.002 
 304   (0.042) 0.012 0.007 0.087 0.020 0.578 
 298   (0.045) 0.006 0.069 0.061 0.009 0.064 
 294   (0.028) 0.004 0.036 0.002 0.031 0.002 
 302   (0.061) 0.092 0.065 0.009 0.059 0.008 
 286   (0.020) 0.306 0.002 0.005 0.005 0.001 
 308   (0.029) 0.015 0.011 0.002 0.013 0.164 
 313   (0.044) 0.042 0.011 0.005 0.108 0.004 
 307   (0.049) 0.005 0.027 0.066 0.050 0.007 
 321   (0.016) 0.001 0.002 0.001 0.015 0.001 
 315   (0.042) 0.007 0.030 0.003 0.110 0.003 
 318   (0.023) 0.002 0.005 0.011 0.032 0.002 
 324   (0.012) 0.001 0.002 0.001 0.008 0.001 
 326   (0.013) 0.001 0.002 0.001 0.008 0.001 
 311   (0.024) 0.002 0.004 0.011 0.039 0.002 
 310   (0.015) 0.004 0.002 0.002 0.012 0.001 
 305   (0.019) 0.003 0.003 0.002 0.019 0.001 
 317   (0.015) 0.001 0.002 0.001 0.015 0.001 
 320   (0.014) 0.002 0.002 0.004 0.005 0.001 
 322   (0.016) 0.005 0.002 0.008 0.006 0.001 

Locus 13 : 
7 alleles
1.1% missing data
 161   (0.576) 0.193 0.694 0.453 0.534 0.900 
 163   (0.310) 0.121 0.233 0.476 0.445 0.034 
 160   (0.020) 0.336 0.003 0.001 0.004 0.002 
 162   (0.020) 0.339 0.002 0.001 0.003 0.001 
 165   (0.041) 0.007 0.061 0.066 0.008 0.004 
 166   (0.016) 0.002 0.006 0.001 0.003 0.003 
 164   (0.017) 0.002 0.002 0.001 0.003 0.056 

Locus 14 : 
4 alleles
0.4% missing data
  98   (0.952) 0.996 0.987 0.997 0.981 0.986 
 100   (0.015) 0.001 0.002 0.001 0.007 0.003 
  96   (0.019) 0.002 0.009 0.001 0.003 0.010 
 105   (0.015) 0.001 0.002 0.001 0.008 0.001 

Locus 15 : 
12 alleles
2.2% missing data
 171   (0.297) 0.199 0.355 0.344 0.379 0.173 
 177   (0.184) 0.283 0.217 0.107 0.195 0.090 
 173   (0.258) 0.220 0.295 0.495 0.273 0.107 
 179   (0.095) 0.259 0.054 0.019 0.064 0.508 
 183   (0.023) 0.005 0.017 0.003 0.008 0.011 
 181   (0.042) 0.006 0.006 0.021 0.031 0.094 
 197   (0.022) 0.003 0.026 0.003 0.007 0.010 
 170   (0.016) 0.002 0.002 0.001 0.015 0.001 
 189   (0.015) 0.019 0.003 0.001 0.005 0.001 
 203   (0.017) 0.002 0.020 0.001 0.004 0.003 
 187   (0.017) 0.002 0.002 0.002 0.014 0.001 
 198   (0.014) 0.002 0.002 0.004 0.005 0.001 

Values of parameters used in structure:
DATAFILE=STRUCTURE_main_final_278_HEG_ZG.str,	OUTFILE=STRUCTURE_main_final_278_HEG_ZG-K5-5,	NUMINDS=278,	NUMLOCI=15,	MISSING=-9,	LABEL=1,	POPDATA=1,	POPFLAG=0,	PHENOTYPE=0,	EXTRACOLS=0,	MAXPOPS=5,	BURNIN=100000,	NUMREPS=500000,	USEPOPINFO=0,	INFERALPHA=1,	INFERLAMBDA=0,	POPSPECIFICLAMBDA=0,	POPALPHAS=0,	COMPUTEPROB=1,	NOADMIX=0,	ADMBURNIN=2500,	UPDATEFREQ=1,	PRINTLIKES=0,	INTERMEDSAVE=0,	PRINTKLD=0,	PRINTNET=0,	PRINTLAMBDA=0,	ANCESTDIST=0,	NUMBOXES=1000,	ANCESTPINT=0.90000,	GENSBACK=2,	MIGRPRIOR=0.05000,	PRINTQHAT=0,	PRINTQSUM=0,	ALPHA=1.0000,	FREQSCORR=1,	FPRIORMEAN=0.0100,	FPRIORSD=0.0500,	ONEFST=0,	LAMBDA=1.0000,	UNIFPRIORALPHA=1,	ALPHAMAX=10.0000,	ALPHAPRIORA=1.0000,	ALPHAPRIORB=2.0000,	ALPHAPROPSD=0.0250,	STARTATPOPINFO=0,	RANDOMIZE=1,	LINKAGE=0,	METROFREQ=10,	REPORTHITRATE=0,	MARKOVPHASE=-1,	PHASED=0,	PLOIDY=2,	PHASEINFO=0	LOCPRIOR=0, 	LOCPRIORINIT=1.000000, 	LOCDATA=0, 	LOCISPOP=0, 	LOCPRIORSTEP=0.100000, 	MAXLOCPRIOR=20.000000, 	SEED=1782480887,	
[STRAT parameters]:    NUMSIMSTATS=1000,	PHENOTYPECOL=-9,	POOLFREQ=10,	LOCUSxONLY=0,	EMERROR=0.00100,	MISSINGPHENO=-9,	