

----------------------------------------------------
STRUCTURE by Pritchard, Stephens and Donnelly (2000)
     and Falush, Stephens and Pritchard (2003)
       Code by Pritchard, Falush and Hubisz
             Version 2.3.4 (Jul 2012)
----------------------------------------------------



Command line arguments:   structure -K 9 -i STRUCTURE_main_final_278_HEG_ZG.str -o STRUCTURE_main_final_278_HEG_ZG-K9-13 
Input File:    STRUCTURE_main_final_278_HEG_ZG.str

Run parameters:
   278 individuals
   15 loci
   9 populations assumed
   100000 Burn-in period
   500000 Reps


--------------------------------------------
Proportion of membership of each pre-defined
 population in each of the 9 clusters

Given    Inferred Clusters                                                 Number of
 Pop       1      2      3      4      5      6      7      8      9      Individuals

  1:     0.083  0.031  0.016  0.012  0.073  0.043  0.054  0.667  0.019       24
  2:     0.017  0.044  0.016  0.735  0.055  0.023  0.039  0.022  0.049       24
  3:     0.050  0.253  0.316  0.013  0.010  0.055  0.030  0.020  0.255       24
  4:     0.046  0.068  0.168  0.023  0.039  0.017  0.552  0.053  0.035       24
  5:     0.029  0.115  0.505  0.029  0.048  0.045  0.193  0.022  0.014       24
  6:     0.019  0.033  0.078  0.031  0.235  0.027  0.135  0.414  0.029       24
  7:     0.019  0.023  0.018  0.030  0.760  0.016  0.067  0.057  0.009       24
  8:     0.075  0.044  0.686  0.013  0.011  0.017  0.077  0.032  0.045       14
  9:     0.073  0.037  0.031  0.015  0.006  0.722  0.020  0.055  0.043       24
 10:     0.661  0.044  0.023  0.009  0.017  0.063  0.012  0.012  0.160       24
 11:     0.285  0.085  0.028  0.012  0.012  0.163  0.037  0.022  0.357       24
 12:     0.048  0.085  0.106  0.019  0.114  0.025  0.286  0.239  0.079       24
--------------------------------------------

Allele-freq. divergence among pops (Net nucleotide distance),
computed using point estimates of P.

      1       2       3       4       5       6       7       8       9      
 1      -    0.0882  0.0543  0.1088  0.1294  0.0415  0.0650  0.0622  0.0743  
 2   0.0882     -    0.0515  0.0968  0.1023  0.0698  0.0634  0.0687  0.0961  
 3   0.0543  0.0515     -    0.0638  0.0741  0.0408  0.0329  0.0337  0.0689  
 4   0.1088  0.0968  0.0638     -    0.1011  0.0816  0.0747  0.0682  0.1298  
 5   0.1294  0.1023  0.0741  0.1011     -    0.0925  0.0622  0.0657  0.0883  
 6   0.0415  0.0698  0.0408  0.0816  0.0925     -    0.0473  0.0367  0.0632  
 7   0.0650  0.0634  0.0329  0.0747  0.0622  0.0473     -    0.0332  0.0886  
 8   0.0622  0.0687  0.0337  0.0682  0.0657  0.0367  0.0332     -    0.0844  
 9   0.0743  0.0961  0.0689  0.1298  0.0883  0.0632  0.0886  0.0844     -    

Average distances (expected heterozygosity) between individuals in same cluster:
cluster  1  : 0.6116 
cluster  2  : 0.6106 
cluster  3  : 0.6313 
cluster  4  : 0.6116 
cluster  5  : 0.5530 
cluster  6  : 0.6212 
cluster  7  : 0.6077 
cluster  8  : 0.6171 
cluster  9  : 0.5551 

--------------------------------------------
Estimated Ln Prob of Data   = -12333.2
Mean value of ln likelihood = -11719.7
Variance of ln likelihood   = 1227.0
Mean value of alpha         = 0.0475

Mean value of Fst_1         = 0.1473
Mean value of Fst_2         = 0.1512
Mean value of Fst_3         = 0.0592
Mean value of Fst_4         = 0.1934
Mean value of Fst_5         = 0.1928
Mean value of Fst_6         = 0.1088
Mean value of Fst_7         = 0.0925
Mean value of Fst_8         = 0.0902
Mean value of Fst_9         = 0.2125


Inferred ancestry of individuals:
        Label (%Miss) Pop:  Inferred clusters
  1 24.0601.E1    (0)    1 :  0.007 0.011 0.007 0.012 0.012 0.007 0.009 0.924 0.011 
  2 24.0602.E1    (0)    1 :  0.010 0.011 0.009 0.004 0.009 0.011 0.007 0.932 0.008 
  3 24.0603.E1    (0)    1 :  0.005 0.008 0.055 0.005 0.025 0.016 0.026 0.853 0.007 
  4 24.0604.E1    (0)    1 :  0.044 0.169 0.005 0.008 0.005 0.010 0.116 0.639 0.005 
  5 24.0605.E1    (0)    1 :  0.008 0.007 0.011 0.007 0.038 0.032 0.032 0.854 0.011 
  6 24.0606.E1    (0)    1 :  0.020 0.006 0.014 0.010 0.021 0.016 0.167 0.740 0.007 
  7 24.0607.E1    (0)    1 :  0.012 0.015 0.058 0.007 0.318 0.453 0.017 0.113 0.008 
  8 24.0608.E1    (0)    1 :  0.028 0.006 0.007 0.003 0.106 0.012 0.007 0.705 0.125 
  9 24.0609.E1    (0)    1 :  0.451 0.011 0.023 0.005 0.006 0.015 0.241 0.237 0.012 
 10 24.0610.E1    (0)    1 :  0.406 0.005 0.018 0.005 0.010 0.010 0.121 0.419 0.005 
 11 24.0611.E1    (0)    1 :  0.032 0.006 0.009 0.007 0.006 0.030 0.029 0.877 0.005 
 12 24.0612.E1    (0)    1 :  0.007 0.015 0.012 0.008 0.014 0.007 0.007 0.926 0.004 
 13 24.0613.E1    (0)    1 :  0.023 0.005 0.007 0.007 0.005 0.006 0.067 0.875 0.005 
 14 24.0614.E1    (0)    1 :  0.018 0.007 0.008 0.006 0.366 0.204 0.015 0.234 0.143 
 15 24.0615.E1    (0)    1 :  0.132 0.020 0.010 0.013 0.041 0.019 0.011 0.738 0.015 
 16 24.0616.E1    (0)    1 :  0.010 0.006 0.007 0.012 0.005 0.010 0.009 0.936 0.005 
 17 24.0617.E1    (0)    1 :  0.522 0.006 0.014 0.025 0.020 0.028 0.017 0.360 0.008 
 18 24.0618.E1    (0)    1 :  0.068 0.006 0.043 0.009 0.005 0.042 0.038 0.771 0.019 
 19 24.0619.E1    (0)    1 :  0.017 0.175 0.007 0.012 0.004 0.010 0.108 0.662 0.005 
 20 24.0620.E1   (20)    1 :  0.038 0.018 0.024 0.013 0.707 0.021 0.118 0.052 0.009 
 21 24.0621.E1    (0)    1 :  0.097 0.207 0.009 0.005 0.005 0.042 0.092 0.512 0.031 
 22 24.0622.E1    (0)    1 :  0.010 0.005 0.015 0.022 0.010 0.005 0.017 0.911 0.006 
 23 24.0623.E1    (0)    1 :  0.027 0.016 0.018 0.084 0.016 0.031 0.017 0.781 0.010 
 24 24.0624.E1    (0)    1 :  0.011 0.004 0.007 0.006 0.006 0.007 0.006 0.949 0.004 
 25 24.0625.E1    (0)    2 :  0.010 0.039 0.024 0.592 0.056 0.014 0.042 0.014 0.209 
 26 24.0626.E1    (0)    2 :  0.003 0.004 0.004 0.806 0.036 0.004 0.004 0.004 0.135 
 27 24.0627.E1    (0)    2 :  0.004 0.448 0.007 0.468 0.017 0.007 0.034 0.006 0.009 
 28 24.0628.E1    (0)    2 :  0.077 0.007 0.016 0.474 0.119 0.011 0.091 0.031 0.173 
 29 24.0629.E1    (0)    2 :  0.011 0.011 0.030 0.859 0.006 0.011 0.008 0.057 0.008 
 30 24.0630.E1    (0)    2 :  0.005 0.009 0.005 0.806 0.094 0.007 0.011 0.005 0.058 
 31 24.0631.E1    (0)    2 :  0.003 0.004 0.004 0.971 0.004 0.004 0.003 0.005 0.003 
 32 24.0632.E1    (0)    2 :  0.006 0.011 0.011 0.917 0.031 0.006 0.006 0.007 0.005 
 33 24.0633.E1    (0)    2 :  0.007 0.010 0.018 0.447 0.031 0.008 0.020 0.013 0.445 
 34 24.0634.E1    (0)    2 :  0.010 0.009 0.011 0.914 0.007 0.012 0.010 0.009 0.019 
 35 24.0635.E1    (0)    2 :  0.030 0.033 0.092 0.642 0.021 0.090 0.022 0.025 0.045 
 36 24.0636.E1   (33)    2 :  0.012 0.024 0.025 0.068 0.717 0.008 0.108 0.031 0.008 
 37 24.0637.E1    (0)    2 :  0.003 0.004 0.005 0.964 0.007 0.005 0.005 0.004 0.003 
 38 24.0638.E1    (0)    2 :  0.006 0.017 0.029 0.901 0.005 0.005 0.022 0.009 0.006 
 39 24.0639.E1    (0)    2 :  0.085 0.023 0.021 0.791 0.015 0.009 0.008 0.039 0.009 
 40 24.0640.E1    (0)    2 :  0.007 0.005 0.007 0.944 0.006 0.010 0.006 0.008 0.006 
 41 24.0641.E1    (0)    2 :  0.010 0.093 0.018 0.368 0.017 0.280 0.040 0.165 0.008 
 42 24.0642.E1    (0)    2 :  0.004 0.008 0.006 0.591 0.034 0.005 0.292 0.055 0.005 
 43 24.0643.E1    (0)    2 :  0.012 0.284 0.016 0.605 0.055 0.006 0.008 0.008 0.006 
 44 24.0644.E1    (0)    2 :  0.033 0.005 0.006 0.909 0.005 0.010 0.018 0.008 0.005 
 45 24.0645.E1    (0)    2 :  0.031 0.006 0.006 0.762 0.018 0.010 0.154 0.009 0.004 
 46 24.0646.E1    (0)    2 :  0.033 0.005 0.006 0.909 0.005 0.010 0.018 0.008 0.005 
 47 24.0647.E1    (0)    2 :  0.003 0.004 0.005 0.964 0.007 0.005 0.005 0.004 0.003 
 48 24.0648.E1    (0)    2 :  0.003 0.004 0.005 0.964 0.007 0.005 0.005 0.004 0.003 
 49 24.0649.E1    (0)    3 :  0.014 0.009 0.934 0.006 0.003 0.009 0.007 0.005 0.012 
 50 24.0650.E1    (0)    3 :  0.128 0.010 0.034 0.004 0.004 0.161 0.390 0.024 0.245 
 51 24.0651.E1    (0)    3 :  0.009 0.039 0.350 0.113 0.030 0.393 0.018 0.009 0.040 
 52 24.0652.E1    (0)    3 :  0.005 0.022 0.051 0.005 0.005 0.010 0.007 0.033 0.861 
 53 24.0653.E1    (0)    3 :  0.018 0.888 0.042 0.005 0.006 0.014 0.009 0.005 0.013 
 54 24.0654.E1    (0)    3 :  0.032 0.009 0.305 0.014 0.004 0.009 0.008 0.008 0.610 
 55 24.0655.E1    (0)    3 :  0.021 0.010 0.581 0.024 0.007 0.021 0.013 0.045 0.277 
 56 24.0656.E1    (0)    3 :  0.011 0.015 0.016 0.006 0.011 0.006 0.017 0.008 0.912 
 57 24.0657.E1    (0)    3 :  0.012 0.017 0.019 0.006 0.011 0.006 0.018 0.008 0.904 
 58 24.0658.E1    (0)    3 :  0.130 0.058 0.737 0.007 0.006 0.012 0.025 0.018 0.006 
 59 24.0659.E1    (0)    3 :  0.059 0.474 0.120 0.012 0.004 0.067 0.018 0.066 0.179 
 60 24.0660.E1    (6)    3 :  0.006 0.012 0.913 0.012 0.006 0.009 0.013 0.020 0.010 
 61 24.0661.E1    (0)    3 :  0.006 0.007 0.018 0.005 0.006 0.009 0.005 0.008 0.936 
 62 24.0662.E1    (0)    3 :  0.032 0.110 0.223 0.027 0.015 0.393 0.013 0.115 0.072 
 63 24.0663.E1    (0)    3 :  0.602 0.007 0.151 0.010 0.005 0.065 0.054 0.006 0.101 
 64 24.0664.E1    (0)    3 :  0.019 0.011 0.546 0.009 0.024 0.008 0.010 0.007 0.368 
 65 24.0665.E1    (0)    3 :  0.005 0.037 0.427 0.006 0.050 0.009 0.026 0.006 0.433 
 66 24.0666.E1    (0)    3 :  0.008 0.950 0.007 0.005 0.004 0.005 0.008 0.006 0.007 
 67 24.0667.E1    (0)    3 :  0.005 0.954 0.012 0.003 0.004 0.004 0.005 0.007 0.006 
 68 24.0668.E1    (0)    3 :  0.004 0.969 0.005 0.004 0.003 0.004 0.004 0.003 0.004 
 69 24.0669.E1    (0)    3 :  0.005 0.965 0.005 0.004 0.004 0.005 0.005 0.004 0.004 
 70 24.0670.E1    (0)    3 :  0.028 0.023 0.905 0.003 0.005 0.009 0.004 0.011 0.012 
 71 24.0671.E1    (0)    3 :  0.029 0.011 0.810 0.009 0.007 0.026 0.011 0.007 0.089 
 72 24.0672.E1    (0)    3 :  0.009 0.455 0.370 0.006 0.006 0.056 0.032 0.054 0.012 
 73 24.0673.E1    (6)    4 :  0.009 0.012 0.020 0.022 0.083 0.011 0.233 0.121 0.489 
 74 24.0674.E1    (0)    4 :  0.013 0.004 0.007 0.008 0.029 0.013 0.914 0.008 0.005 
 75 24.0675.E1    (0)    4 :  0.035 0.010 0.029 0.025 0.023 0.029 0.790 0.021 0.037 
 76 24.0676.E1    (0)    4 :  0.141 0.007 0.045 0.007 0.021 0.020 0.730 0.012 0.017 
 77 24.0677.E1    (0)    4 :  0.031 0.016 0.802 0.004 0.011 0.051 0.026 0.029 0.032 
 78 24.0678.E1    (0)    4 :  0.008 0.130 0.237 0.053 0.010 0.031 0.028 0.467 0.035 
 79 24.0679.E1    (0)    4 :  0.235 0.156 0.104 0.014 0.008 0.015 0.327 0.131 0.010 
 80 24.0680.E1    (0)    4 :  0.007 0.364 0.404 0.025 0.011 0.021 0.104 0.046 0.018 
 81 24.0681.E1    (0)    4 :  0.007 0.026 0.229 0.009 0.018 0.012 0.644 0.043 0.010 
 82 24.0682.E1    (0)    4 :  0.006 0.004 0.004 0.005 0.004 0.004 0.966 0.004 0.003 
 83 24.0683.E1    (0)    4 :  0.005 0.008 0.007 0.006 0.122 0.010 0.827 0.009 0.006 
 84 24.0684.E1    (0)    4 :  0.029 0.011 0.042 0.031 0.031 0.010 0.778 0.061 0.006 
 85 24.0685.E1    (0)    4 :  0.016 0.060 0.009 0.007 0.016 0.005 0.872 0.011 0.005 
 86 24.0686.E1    (0)    4 :  0.015 0.015 0.748 0.071 0.013 0.047 0.027 0.059 0.005 
 87 24.0687.E1    (0)    4 :  0.024 0.009 0.616 0.178 0.013 0.040 0.062 0.049 0.008 
 88 24.0688.E1    (0)    4 :  0.004 0.004 0.009 0.007 0.006 0.005 0.955 0.006 0.005 
 89 24.0689.E1    (0)    4 :  0.375 0.012 0.347 0.015 0.032 0.016 0.147 0.027 0.029 
 90 24.0690.E1    (0)    4 :  0.006 0.700 0.136 0.028 0.034 0.020 0.035 0.019 0.021 
 91 24.0691.E1    (0)    4 :  0.025 0.009 0.013 0.007 0.007 0.005 0.911 0.018 0.005 
 92 24.0692.E1    (0)    4 :  0.022 0.009 0.082 0.005 0.008 0.006 0.856 0.005 0.005 
 93 24.0693.E1    (0)    4 :  0.038 0.018 0.117 0.008 0.405 0.013 0.327 0.011 0.063 
 94 24.0694.E1    (0)    4 :  0.007 0.012 0.008 0.007 0.008 0.005 0.940 0.008 0.005 
 95 24.0695.E1    (0)    4 :  0.029 0.016 0.009 0.006 0.007 0.012 0.838 0.074 0.009 
 96 24.0696.E1    (0)    4 :  0.013 0.012 0.014 0.013 0.008 0.007 0.907 0.021 0.005 
 97 24.0697.E1    (0)    5 :  0.014 0.008 0.754 0.013 0.079 0.016 0.104 0.006 0.007 
 98 24.0698.E1    (0)    5 :  0.021 0.042 0.751 0.017 0.092 0.025 0.025 0.018 0.008 
 99 24.0699.E1    (0)    5 :  0.005 0.009 0.924 0.009 0.009 0.014 0.006 0.015 0.007 
100 24.0700.E1    (0)    5 :  0.007 0.016 0.926 0.005 0.007 0.007 0.018 0.006 0.008 
101 24.0701.E1    (0)    5 :  0.009 0.902 0.014 0.010 0.034 0.008 0.009 0.007 0.006 
102 24.0702.E1    (0)    5 :  0.008 0.108 0.805 0.014 0.028 0.007 0.012 0.011 0.007 
103 24.0703.E1    (0)    5 :  0.006 0.017 0.760 0.051 0.007 0.136 0.007 0.010 0.005 
104 24.0704.E1    (6)    5 :  0.009 0.009 0.601 0.009 0.010 0.322 0.018 0.018 0.005 
105 24.0705.E1    (0)    5 :  0.012 0.076 0.041 0.009 0.008 0.008 0.821 0.018 0.006 
106 24.0706.E1    (0)    5 :  0.010 0.087 0.818 0.009 0.012 0.010 0.031 0.007 0.017 
107 24.0707.E1    (0)    5 :  0.005 0.013 0.851 0.017 0.016 0.035 0.030 0.021 0.011 
108 24.0708.E1    (0)    5 :  0.302 0.028 0.053 0.252 0.026 0.203 0.051 0.062 0.022 
109 24.0709.E1    (0)    5 :  0.041 0.010 0.025 0.008 0.006 0.023 0.862 0.010 0.015 
110 24.0710.E1    (0)    5 :  0.057 0.064 0.482 0.009 0.049 0.041 0.244 0.045 0.008 
111 24.0711.E1    (0)    5 :  0.007 0.039 0.726 0.058 0.019 0.024 0.054 0.065 0.009 
112 24.0712.E1    (0)    5 :  0.008 0.828 0.049 0.037 0.017 0.008 0.030 0.018 0.006 
113 24.0713.E1    (0)    5 :  0.035 0.021 0.310 0.008 0.016 0.028 0.565 0.009 0.008 
114 24.0714.E1    (0)    5 :  0.022 0.032 0.796 0.014 0.009 0.036 0.039 0.040 0.012 
115 24.0715.E1    (0)    5 :  0.011 0.018 0.401 0.008 0.412 0.007 0.083 0.027 0.033 
116 24.0716.E1    (0)    5 :  0.046 0.308 0.465 0.035 0.014 0.044 0.019 0.061 0.009 
117 24.0717.E1    (0)    5 :  0.024 0.024 0.454 0.042 0.254 0.056 0.025 0.017 0.104 
118 24.0718.E1    (0)    5 :  0.008 0.062 0.752 0.030 0.011 0.007 0.108 0.016 0.005 
119 24.0719.E1    (0)    5 :  0.016 0.015 0.029 0.015 0.006 0.010 0.896 0.006 0.008 
120 24.0720.E1    (0)    5 :  0.020 0.013 0.344 0.015 0.006 0.010 0.566 0.016 0.009 
121 24.0721.E1    (0)    6 :  0.034 0.033 0.129 0.014 0.551 0.022 0.089 0.010 0.119 
122 24.0722.E1    (0)    6 :  0.014 0.073 0.055 0.119 0.535 0.096 0.079 0.021 0.009 
123 24.0723.E1    (0)    6 :  0.022 0.010 0.022 0.247 0.228 0.136 0.015 0.026 0.293 
124 24.0724.E1    (0)    6 :  0.129 0.017 0.027 0.036 0.109 0.142 0.390 0.134 0.017 
125 24.0725.E1    (0)    6 :  0.007 0.007 0.009 0.007 0.008 0.005 0.011 0.931 0.015 
126 24.0726.E1    (6)    6 :  0.008 0.011 0.015 0.008 0.098 0.012 0.246 0.594 0.008 
127 24.0727.E1    (0)    6 :  0.019 0.092 0.036 0.019 0.503 0.020 0.023 0.244 0.044 
128 24.0728.E1    (0)    6 :  0.011 0.011 0.406 0.036 0.163 0.011 0.018 0.312 0.030 
129 24.0729.E1    (0)    6 :  0.023 0.042 0.016 0.014 0.052 0.017 0.239 0.592 0.006 
130 24.0730.E1    (0)    6 :  0.023 0.014 0.822 0.010 0.036 0.008 0.027 0.049 0.011 
131 24.0731.E1    (0)    6 :  0.007 0.005 0.009 0.013 0.057 0.008 0.712 0.172 0.017 
132 24.0732.E1    (0)    6 :  0.004 0.012 0.015 0.009 0.784 0.006 0.099 0.043 0.027 
133 24.0733.E1    (0)    6 :  0.006 0.004 0.004 0.006 0.017 0.004 0.008 0.948 0.004 
134 24.0734.E1    (0)    6 :  0.008 0.013 0.082 0.013 0.821 0.011 0.009 0.034 0.010 
135 24.0735.E1    (0)    6 :  0.027 0.016 0.044 0.057 0.241 0.009 0.020 0.576 0.010 
136 24.0736.E1    (0)    6 :  0.006 0.005 0.008 0.008 0.046 0.006 0.007 0.907 0.006 
137 24.0737.E1    (0)    6 :  0.008 0.011 0.026 0.027 0.008 0.017 0.014 0.879 0.010 
138 24.0738.E1    (0)    6 :  0.005 0.011 0.016 0.011 0.030 0.009 0.011 0.899 0.009 
139 24.0739.E1    (0)    6 :  0.007 0.007 0.023 0.018 0.006 0.006 0.011 0.915 0.008 
140 24.0740.E1    (0)    6 :  0.017 0.010 0.014 0.021 0.012 0.016 0.352 0.552 0.006 
141 24.0741.E1    (0)    6 :  0.009 0.007 0.046 0.019 0.377 0.010 0.211 0.309 0.013 
142 24.0742.E1    (0)    6 :  0.007 0.009 0.012 0.010 0.774 0.012 0.027 0.143 0.007 
143 24.0743.E1    (0)    6 :  0.021 0.020 0.012 0.005 0.041 0.033 0.483 0.375 0.009 
144 24.0744.E1    (0)    6 :  0.026 0.349 0.023 0.013 0.147 0.026 0.137 0.262 0.017 
145 24.0745.E1    (0)    7 :  0.008 0.029 0.013 0.004 0.892 0.009 0.022 0.005 0.018 
146 24.0746.E1    (0)    7 :  0.011 0.010 0.051 0.057 0.622 0.156 0.043 0.043 0.008 
147 24.0747.E1    (0)    7 :  0.028 0.013 0.012 0.009 0.686 0.009 0.210 0.023 0.010 
148 24.0748.E1    (6)    7 :  0.038 0.014 0.012 0.009 0.588 0.009 0.281 0.025 0.025 
149 24.0749.E1    (0)    7 :  0.006 0.008 0.007 0.006 0.724 0.007 0.008 0.228 0.004 
150 24.0750.E1    (0)    7 :  0.018 0.062 0.081 0.012 0.315 0.039 0.253 0.211 0.010 
151 24.0751.E1    (0)    7 :  0.004 0.004 0.005 0.006 0.959 0.004 0.005 0.007 0.005 
152 24.0752.E1    (0)    7 :  0.006 0.005 0.010 0.006 0.910 0.006 0.011 0.037 0.009 
153 24.0753.E1    (0)    7 :  0.004 0.009 0.008 0.197 0.510 0.010 0.012 0.222 0.026 
154 24.0754.E1    (0)    7 :  0.006 0.008 0.008 0.017 0.902 0.005 0.023 0.022 0.009 
155 24.0755.E1    (0)    7 :  0.045 0.008 0.029 0.022 0.771 0.014 0.090 0.014 0.006 
156 24.0756.E1    (0)    7 :  0.016 0.006 0.004 0.009 0.935 0.005 0.006 0.013 0.005 
157 24.0757.E1    (0)    7 :  0.003 0.004 0.004 0.004 0.972 0.003 0.004 0.003 0.003 
158 24.0758.E1    (0)    7 :  0.003 0.004 0.004 0.004 0.971 0.003 0.004 0.004 0.004 
159 24.0759.E1    (0)    7 :  0.005 0.008 0.008 0.006 0.932 0.006 0.007 0.016 0.012 
160 24.0760.E1    (0)    7 :  0.006 0.009 0.037 0.280 0.624 0.008 0.019 0.011 0.008 
161 24.0761.E1    (0)    7 :  0.005 0.004 0.004 0.008 0.959 0.004 0.005 0.006 0.006 
162 24.0762.E1    (0)    7 :  0.190 0.309 0.081 0.008 0.097 0.015 0.065 0.226 0.009 
163 24.0763.E1    (0)    7 :  0.004 0.004 0.004 0.004 0.956 0.004 0.011 0.007 0.006 
164 24.0764.E1    (0)    7 :  0.004 0.004 0.007 0.008 0.954 0.004 0.005 0.010 0.004 
165 24.0765.E1    (0)    7 :  0.011 0.006 0.008 0.023 0.907 0.013 0.017 0.007 0.008 
166 24.0766.E1    (0)    7 :  0.005 0.006 0.007 0.006 0.946 0.005 0.008 0.009 0.010 
167 24.0767.E1    (0)    7 :  0.004 0.003 0.004 0.004 0.968 0.004 0.006 0.004 0.004 
168 24.0768.E1    (0)    7 :  0.036 0.011 0.027 0.005 0.138 0.048 0.505 0.219 0.011 
169 24.0779.E1    (0)    8 :  0.008 0.009 0.832 0.006 0.037 0.047 0.034 0.015 0.012 
170 24.0780.E1    (6)    8 :  0.091 0.009 0.812 0.006 0.004 0.010 0.026 0.008 0.034 
171 24.0781.E1    (0)    8 :  0.007 0.006 0.956 0.005 0.005 0.005 0.007 0.004 0.006 
172 24.0782.E1    (0)    8 :  0.027 0.011 0.195 0.043 0.029 0.026 0.494 0.138 0.039 
173 24.0783.E1    (0)    8 :  0.580 0.106 0.158 0.019 0.007 0.007 0.097 0.012 0.013 
174 24.0784.E1    (0)    8 :  0.018 0.005 0.906 0.005 0.004 0.022 0.026 0.007 0.007 
175 24.0785.E1    (0)    8 :  0.029 0.016 0.867 0.004 0.004 0.026 0.011 0.005 0.039 
176 24.0786.E1    (0)    8 :  0.101 0.011 0.743 0.008 0.009 0.011 0.078 0.019 0.019 
177 24.0787.E1    (0)    8 :  0.010 0.006 0.896 0.030 0.010 0.010 0.013 0.010 0.015 
178 24.0788.E1    (0)    8 :  0.117 0.007 0.779 0.027 0.006 0.010 0.029 0.005 0.020 
179 24.0789.E1    (0)    8 :  0.025 0.006 0.887 0.017 0.006 0.022 0.008 0.019 0.010 
180 24.0790.E1    (0)    8 :  0.011 0.006 0.933 0.006 0.004 0.013 0.007 0.004 0.016 
181 24.0791.E1    (0)    8 :  0.014 0.375 0.240 0.005 0.008 0.011 0.136 0.192 0.018 
182 24.0792.E1    (0)    8 :  0.009 0.048 0.400 0.004 0.017 0.010 0.116 0.014 0.382 
183 24.0793.E1    (0)    9 :  0.095 0.008 0.082 0.057 0.008 0.668 0.010 0.036 0.037 
184 24.0794.E1    (0)    9 :  0.033 0.007 0.020 0.005 0.007 0.047 0.006 0.631 0.243 
185 24.0795.E1    (0)    9 :  0.070 0.009 0.019 0.039 0.008 0.534 0.021 0.292 0.008 
186 24.0796.E1    (0)    9 :  0.405 0.006 0.157 0.009 0.005 0.072 0.008 0.101 0.236 
187 24.0797.E1    (0)    9 :  0.205 0.008 0.152 0.011 0.004 0.548 0.007 0.019 0.047 
188 24.0798.E1    (0)    9 :  0.013 0.342 0.017 0.025 0.018 0.471 0.019 0.009 0.086 
189 24.0799.E1    (0)    9 :  0.032 0.012 0.014 0.007 0.007 0.887 0.010 0.023 0.008 
190 24.0800.E1    (0)    9 :  0.159 0.016 0.021 0.006 0.008 0.687 0.048 0.023 0.032 
191 24.0801.E1    (0)    9 :  0.006 0.334 0.009 0.007 0.005 0.609 0.015 0.005 0.011 
192 24.0802.E1    (0)    9 :  0.063 0.011 0.010 0.023 0.004 0.864 0.010 0.007 0.008 
193 24.0803.E1    (0)    9 :  0.008 0.019 0.009 0.008 0.006 0.926 0.007 0.010 0.008 
194 24.0804.E1    (0)    9 :  0.059 0.004 0.009 0.011 0.003 0.888 0.006 0.009 0.010 
195 24.0805.E1    (0)    9 :  0.005 0.007 0.007 0.004 0.006 0.920 0.037 0.007 0.006 
196 24.0806.E1    (0)    9 :  0.004 0.005 0.006 0.019 0.004 0.943 0.005 0.006 0.007 
197 24.0807.E1    (0)    9 :  0.019 0.009 0.015 0.007 0.004 0.890 0.009 0.009 0.038 
198 24.0808.E1    (0)    9 :  0.040 0.007 0.072 0.019 0.006 0.736 0.088 0.014 0.018 
199 24.0809.E1    (0)    9 :  0.040 0.010 0.007 0.004 0.009 0.857 0.052 0.013 0.007 
200 24.0810.E1    (0)    9 :  0.013 0.007 0.008 0.010 0.011 0.899 0.027 0.007 0.019 
201 24.0811.E1    (0)    9 :  0.082 0.005 0.020 0.024 0.005 0.677 0.008 0.034 0.145 
202 24.0812.E1    (0)    9 :  0.244 0.009 0.036 0.006 0.006 0.643 0.018 0.031 0.009 
203 24.0813.E1    (0)    9 :  0.015 0.004 0.021 0.007 0.006 0.904 0.031 0.006 0.007 
204 24.0814.E1    (6)    9 :  0.115 0.007 0.006 0.014 0.004 0.818 0.016 0.008 0.013 
205 24.0815.E1    (0)    9 :  0.013 0.021 0.007 0.018 0.007 0.912 0.009 0.004 0.009 
206 24.0816.E1    (0)    9 :  0.010 0.011 0.013 0.010 0.004 0.920 0.004 0.006 0.022 
207 24.0817.E1    (0)   10 :  0.746 0.010 0.024 0.005 0.006 0.124 0.013 0.018 0.055 
208 24.0818.E1    (0)   10 :  0.831 0.007 0.070 0.012 0.009 0.013 0.005 0.030 0.022 
209 24.0819.E1    (0)   10 :  0.021 0.101 0.010 0.021 0.134 0.384 0.015 0.019 0.296 
210 24.0820.E1    (0)   10 :  0.019 0.009 0.006 0.008 0.058 0.011 0.005 0.007 0.877 
211 24.0821.E1    (0)   10 :  0.167 0.269 0.187 0.013 0.007 0.104 0.018 0.015 0.220 
212 24.0822.E1    (0)   10 :  0.915 0.006 0.026 0.004 0.017 0.006 0.008 0.006 0.011 
213 24.0823.E1    (0)   10 :  0.375 0.011 0.006 0.010 0.035 0.011 0.012 0.009 0.532 
214 24.0824.E1    (0)   10 :  0.478 0.435 0.007 0.006 0.008 0.016 0.031 0.007 0.012 
215 24.0825.E1    (0)   10 :  0.958 0.005 0.005 0.005 0.005 0.005 0.008 0.004 0.005 
216 24.0826.E1    (0)   10 :  0.043 0.014 0.014 0.009 0.021 0.024 0.010 0.006 0.860 
217 24.0827.E1    (0)   10 :  0.765 0.007 0.021 0.008 0.004 0.017 0.009 0.047 0.123 
218 24.0828.E1    (0)   10 :  0.166 0.049 0.024 0.010 0.016 0.054 0.019 0.010 0.652 
219 24.0829.E1    (0)   10 :  0.746 0.008 0.008 0.006 0.009 0.194 0.010 0.005 0.013 
220 24.0830.E1    (0)   10 :  0.911 0.018 0.007 0.004 0.004 0.013 0.011 0.006 0.025 
221 24.0831.E1    (0)   10 :  0.895 0.029 0.023 0.005 0.004 0.009 0.015 0.005 0.015 
222 24.0832.E1    (0)   10 :  0.948 0.004 0.006 0.003 0.003 0.005 0.007 0.009 0.015 
223 24.0833.E1    (0)   10 :  0.963 0.004 0.004 0.003 0.004 0.004 0.007 0.004 0.007 
224 24.0834.E1    (0)   10 :  0.942 0.005 0.005 0.007 0.008 0.008 0.008 0.007 0.010 
225 24.0835.E1    (0)   10 :  0.933 0.008 0.008 0.006 0.004 0.015 0.007 0.013 0.006 
226 24.0836.E1    (0)   10 :  0.923 0.014 0.009 0.004 0.008 0.009 0.016 0.010 0.007 
227 24.0837.E1    (0)   10 :  0.949 0.006 0.008 0.004 0.005 0.007 0.007 0.006 0.007 
228 24.0838.E1    (0)   10 :  0.941 0.005 0.011 0.004 0.007 0.007 0.010 0.005 0.010 
229 24.0839.E1    (0)   10 :  0.576 0.021 0.049 0.024 0.021 0.236 0.021 0.035 0.018 
230 24.0840.E1    (0)   10 :  0.648 0.008 0.013 0.025 0.004 0.239 0.006 0.012 0.045 
231 24.0841.E1    (0)   11 :  0.156 0.004 0.026 0.004 0.015 0.519 0.019 0.010 0.248 
232 24.0842.E1    (0)   11 :  0.116 0.173 0.016 0.003 0.010 0.476 0.010 0.010 0.186 
233 24.0843.E1    (0)   11 :  0.027 0.225 0.021 0.005 0.014 0.153 0.008 0.005 0.540 
234 24.0844.E1    (0)   11 :  0.266 0.395 0.023 0.005 0.007 0.239 0.015 0.028 0.022 
235 24.0845.E1    (0)   11 :  0.798 0.027 0.083 0.005 0.005 0.017 0.016 0.011 0.038 
236 24.0846.E1    (0)   11 :  0.901 0.011 0.010 0.010 0.010 0.028 0.010 0.012 0.008 
237 24.0847.E1    (0)   11 :  0.804 0.019 0.008 0.006 0.015 0.026 0.071 0.035 0.015 
238 24.0848.E1    (0)   11 :  0.849 0.016 0.037 0.004 0.005 0.042 0.025 0.011 0.010 
239 24.0849.E1    (0)   11 :  0.007 0.005 0.005 0.003 0.004 0.007 0.004 0.006 0.958 
240 24.0850.E1    (0)   11 :  0.007 0.005 0.005 0.003 0.004 0.007 0.004 0.006 0.958 
241 24.0851.E1    (0)   11 :  0.007 0.005 0.005 0.003 0.004 0.007 0.004 0.006 0.958 
242 24.0852.E1    (0)   11 :  0.119 0.010 0.055 0.005 0.012 0.018 0.011 0.011 0.759 
243 24.0853.E1    (0)   11 :  0.410 0.005 0.007 0.007 0.009 0.018 0.011 0.006 0.528 
244 24.0854.E1    (0)   11 :  0.019 0.633 0.005 0.005 0.008 0.016 0.008 0.011 0.294 
245 24.0855.E1    (0)   11 :  0.795 0.009 0.012 0.005 0.008 0.117 0.012 0.006 0.034 
246 24.0856.E1    (0)   11 :  0.048 0.385 0.073 0.104 0.034 0.217 0.011 0.105 0.023 
247 24.0857.E1    (0)   11 :  0.612 0.016 0.024 0.010 0.011 0.260 0.025 0.022 0.021 
248 24.0858.E1    (0)   11 :  0.631 0.023 0.109 0.006 0.018 0.116 0.019 0.017 0.061 
249 24.0859.E1    (0)   11 :  0.014 0.009 0.011 0.009 0.019 0.027 0.008 0.011 0.891 
250 24.0860.E1    (0)   11 :  0.072 0.034 0.064 0.043 0.049 0.653 0.009 0.025 0.050 
251 24.0861.E1    (0)   11 :  0.020 0.005 0.008 0.004 0.005 0.013 0.004 0.006 0.935 
252 24.0862.E1    (0)   11 :  0.012 0.006 0.015 0.022 0.007 0.900 0.007 0.022 0.008 
253 24.0863.E1    (0)   11 :  0.020 0.005 0.008 0.004 0.005 0.012 0.004 0.006 0.936 
254 24.0864.E1    (0)   11 :  0.122 0.018 0.033 0.007 0.007 0.027 0.571 0.128 0.087 
255 24.0865.E1    (0)   12 :  0.011 0.007 0.018 0.019 0.035 0.010 0.039 0.041 0.822 
256 24.0866.E1    (0)   12 :  0.135 0.023 0.273 0.006 0.034 0.157 0.322 0.029 0.021 
257 24.0867.E1    (0)   12 :  0.035 0.012 0.013 0.021 0.123 0.019 0.602 0.010 0.165 
258 24.0868.E1    (0)   12 :  0.072 0.021 0.415 0.027 0.019 0.024 0.405 0.010 0.008 
259 24.0869.E1    (0)   12 :  0.058 0.006 0.019 0.045 0.005 0.024 0.825 0.006 0.010 
260 24.0870.E1    (0)   12 :  0.122 0.023 0.296 0.119 0.025 0.016 0.267 0.122 0.010 
261 24.0871.E1    (0)   12 :  0.027 0.031 0.107 0.051 0.007 0.049 0.594 0.068 0.067 
262 24.0872.E1    (0)   12 :  0.010 0.068 0.092 0.009 0.110 0.018 0.347 0.015 0.330 
263 24.0873.E1    (0)   12 :  0.023 0.014 0.018 0.014 0.013 0.055 0.796 0.011 0.055 
264 24.0874.E1    (0)   12 :  0.069 0.028 0.020 0.007 0.205 0.073 0.400 0.009 0.187 
265 24.0875.E1    (0)   12 :  0.015 0.389 0.119 0.014 0.013 0.015 0.333 0.089 0.013 
266 24.0876.E1    (0)   12 :  0.007 0.277 0.042 0.010 0.019 0.008 0.469 0.161 0.007 
267 24.0877.E1    (0)   12 :  0.005 0.015 0.035 0.007 0.079 0.012 0.043 0.796 0.007 
268 24.0878.E1    (0)   12 :  0.054 0.029 0.021 0.011 0.016 0.012 0.263 0.586 0.008 
269 24.0879.E1    (0)   12 :  0.007 0.270 0.012 0.011 0.006 0.006 0.025 0.657 0.007 
270 24.0880.E1    (0)   12 :  0.442 0.063 0.062 0.015 0.013 0.012 0.342 0.032 0.018 
271 24.0881.E1    (0)   12 :  0.004 0.007 0.006 0.013 0.011 0.005 0.010 0.937 0.006 
272 24.0882.E1    (0)   12 :  0.007 0.011 0.019 0.008 0.728 0.008 0.021 0.184 0.013 
273 24.0883.E1    (0)   12 :  0.007 0.304 0.009 0.012 0.253 0.006 0.137 0.225 0.047 
274 24.0884.E1    (0)   12 :  0.005 0.030 0.015 0.008 0.062 0.007 0.047 0.810 0.017 
275 24.0885.E1    (0)   12 :  0.011 0.101 0.045 0.015 0.007 0.008 0.241 0.565 0.007 
276 24.0886.E1    (0)   12 :  0.005 0.085 0.011 0.004 0.215 0.011 0.298 0.325 0.045 
277 24.0887.E1    (0)   12 :  0.004 0.202 0.006 0.008 0.721 0.005 0.023 0.023 0.008 
278 24.0888.E1    (0)   12 :  0.008 0.023 0.866 0.007 0.005 0.047 0.019 0.016 0.009 


Estimated Allele Frequencies in each cluster
First column gives estimated ancestral frequencies


Locus 1 : 
31 alleles
0.0% missing data
 115   (0.031) 0.005 0.021 0.006 0.003 0.004 0.010 0.138 0.130 0.004 
 117   (0.042) 0.006 0.020 0.008 0.004 0.201 0.054 0.054 0.187 0.003 
 119   (0.042) 0.006 0.008 0.009 0.286 0.313 0.006 0.023 0.262 0.004 
 131   (0.014) 0.001 0.004 0.003 0.001 0.003 0.002 0.004 0.050 0.001 
 128   (0.037) 0.035 0.022 0.030 0.004 0.003 0.009 0.043 0.034 0.006 
 135   (0.018) 0.003 0.005 0.004 0.002 0.010 0.005 0.013 0.045 0.002 
 126   (0.082) 0.255 0.054 0.079 0.012 0.076 0.050 0.066 0.082 0.059 
 122   (0.035) 0.004 0.009 0.036 0.097 0.002 0.108 0.010 0.012 0.003 
 132   (0.032) 0.019 0.021 0.023 0.003 0.016 0.048 0.017 0.005 0.006 
 141   (0.010) 0.001 0.002 0.002 0.002 0.001 0.002 0.002 0.010 0.001 
 130   (0.049) 0.018 0.116 0.069 0.015 0.012 0.022 0.087 0.007 0.032 
 134   (0.040) 0.008 0.006 0.028 0.128 0.003 0.029 0.029 0.005 0.073 
 145   (0.016) 0.002 0.007 0.003 0.006 0.009 0.002 0.004 0.002 0.107 
 127   (0.026) 0.002 0.007 0.005 0.055 0.153 0.004 0.006 0.029 0.003 
 116   (0.107) 0.136 0.096 0.257 0.174 0.011 0.130 0.160 0.015 0.287 
 114   (0.061) 0.109 0.035 0.044 0.056 0.005 0.144 0.030 0.008 0.177 
 120   (0.035) 0.004 0.115 0.064 0.087 0.002 0.005 0.014 0.008 0.003 
 110   (0.047) 0.092 0.075 0.029 0.025 0.022 0.014 0.054 0.009 0.018 
 133   (0.015) 0.002 0.005 0.003 0.009 0.013 0.007 0.003 0.004 0.001 
 118   (0.112) 0.184 0.303 0.247 0.013 0.020 0.301 0.181 0.015 0.189 
 125   (0.013) 0.011 0.005 0.005 0.002 0.001 0.011 0.002 0.003 0.003 
 129   (0.019) 0.002 0.029 0.007 0.002 0.007 0.003 0.006 0.042 0.002 
 124   (0.015) 0.003 0.018 0.011 0.002 0.002 0.002 0.005 0.009 0.005 
 136   (0.020) 0.072 0.003 0.005 0.002 0.001 0.004 0.036 0.003 0.002 
 121   (0.014) 0.001 0.002 0.003 0.001 0.065 0.002 0.004 0.006 0.001 
 139   (0.010) 0.001 0.002 0.002 0.001 0.001 0.001 0.001 0.011 0.001 
 113   (0.011) 0.001 0.002 0.002 0.001 0.014 0.002 0.002 0.001 0.001 
 111   (0.011) 0.001 0.002 0.002 0.001 0.013 0.002 0.002 0.002 0.001 
 143   (0.011) 0.001 0.002 0.002 0.001 0.014 0.001 0.002 0.001 0.001 
 140   (0.015) 0.001 0.003 0.011 0.001 0.001 0.017 0.003 0.002 0.001 
 112   (0.010) 0.014 0.002 0.002 0.001 0.001 0.001 0.001 0.001 0.001 

Locus 2 : 
18 alleles
0.0% missing data
 152   (0.383) 0.187 0.396 0.332 0.398 0.794 0.509 0.517 0.648 0.305 
 148   (0.069) 0.010 0.057 0.033 0.222 0.022 0.011 0.178 0.133 0.007 
 154   (0.107) 0.273 0.045 0.087 0.257 0.034 0.060 0.157 0.049 0.019 
 156   (0.017) 0.002 0.005 0.005 0.002 0.001 0.008 0.003 0.014 0.002 
 150   (0.024) 0.002 0.006 0.004 0.063 0.046 0.003 0.003 0.009 0.002 
 164   (0.078) 0.048 0.019 0.140 0.011 0.014 0.075 0.036 0.068 0.093 
 158   (0.030) 0.004 0.146 0.006 0.015 0.009 0.012 0.019 0.009 0.008 
 160   (0.019) 0.002 0.003 0.013 0.002 0.020 0.003 0.008 0.003 0.002 
 166   (0.019) 0.002 0.004 0.017 0.004 0.001 0.036 0.003 0.003 0.001 
 151   (0.068) 0.427 0.185 0.184 0.006 0.005 0.025 0.012 0.009 0.308 
 147   (0.068) 0.033 0.074 0.102 0.006 0.005 0.219 0.027 0.009 0.198 
 168   (0.023) 0.002 0.006 0.016 0.003 0.002 0.009 0.009 0.004 0.029 
 153   (0.013) 0.001 0.002 0.015 0.001 0.001 0.002 0.002 0.002 0.013 
 149   (0.024) 0.002 0.042 0.008 0.002 0.011 0.004 0.017 0.003 0.002 
 162   (0.021) 0.003 0.004 0.009 0.002 0.003 0.019 0.003 0.009 0.009 
 167   (0.013) 0.001 0.002 0.002 0.001 0.001 0.002 0.002 0.024 0.001 
 146   (0.012) 0.001 0.002 0.002 0.001 0.029 0.002 0.002 0.001 0.001 
 172   (0.012) 0.001 0.002 0.023 0.001 0.001 0.002 0.002 0.001 0.001 

Locus 3 : 
4 alleles
0.0% missing data
 128   (0.294) 0.425 0.287 0.225 0.320 0.436 0.252 0.303 0.203 0.340 
 126   (0.612) 0.533 0.558 0.737 0.615 0.556 0.697 0.672 0.715 0.505 
 132   (0.080) 0.041 0.115 0.036 0.058 0.006 0.049 0.024 0.080 0.154 
 134   (0.014) 0.001 0.040 0.003 0.006 0.001 0.002 0.002 0.002 0.001 

Locus 4 : 
3 alleles
0.0% missing data
 170   (0.320) 0.447 0.236 0.377 0.408 0.291 0.291 0.176 0.339 0.149 
 172   (0.667) 0.551 0.762 0.621 0.581 0.707 0.707 0.821 0.659 0.847 
 171   (0.013) 0.002 0.002 0.002 0.011 0.002 0.002 0.003 0.002 0.003 

Locus 5 : 
37 alleles
0.0% missing data
 125   (0.053) 0.071 0.131 0.018 0.064 0.032 0.010 0.044 0.067 0.121 
 110   (0.033) 0.089 0.037 0.007 0.043 0.015 0.018 0.007 0.052 0.017 
 129   (0.033) 0.012 0.008 0.107 0.003 0.003 0.025 0.009 0.051 0.033 
 113   (0.027) 0.012 0.007 0.107 0.003 0.002 0.092 0.009 0.012 0.010 
 145   (0.050) 0.014 0.088 0.013 0.006 0.101 0.008 0.142 0.208 0.095 
 155   (0.053) 0.056 0.021 0.040 0.184 0.017 0.085 0.028 0.151 0.006 
 117   (0.029) 0.003 0.008 0.013 0.005 0.034 0.024 0.112 0.020 0.005 
 124   (0.010) 0.001 0.001 0.002 0.001 0.001 0.001 0.002 0.023 0.001 
 133   (0.033) 0.003 0.015 0.061 0.003 0.073 0.008 0.029 0.040 0.009 
 157   (0.049) 0.063 0.116 0.146 0.030 0.031 0.019 0.037 0.009 0.006 
 141   (0.015) 0.006 0.004 0.032 0.002 0.001 0.002 0.006 0.004 0.001 
 112   (0.074) 0.157 0.018 0.055 0.195 0.157 0.048 0.096 0.065 0.145 
 121   (0.019) 0.003 0.007 0.012 0.008 0.003 0.069 0.003 0.004 0.016 
 114   (0.036) 0.072 0.007 0.008 0.015 0.172 0.006 0.143 0.041 0.003 
 153   (0.053) 0.090 0.206 0.018 0.010 0.004 0.167 0.039 0.055 0.081 
 127   (0.073) 0.096 0.038 0.109 0.021 0.073 0.075 0.069 0.075 0.218 
 131   (0.061) 0.038 0.119 0.019 0.223 0.176 0.093 0.034 0.049 0.081 
 135   (0.034) 0.019 0.049 0.024 0.008 0.004 0.048 0.025 0.008 0.066 
 104   (0.010) 0.002 0.002 0.002 0.011 0.002 0.002 0.003 0.002 0.003 
 118   (0.018) 0.002 0.016 0.011 0.018 0.002 0.003 0.008 0.014 0.002 
 116   (0.027) 0.018 0.033 0.007 0.023 0.005 0.038 0.031 0.006 0.005 
 137   (0.025) 0.003 0.016 0.013 0.096 0.007 0.062 0.008 0.006 0.003 
 123   (0.023) 0.084 0.009 0.005 0.005 0.003 0.034 0.008 0.006 0.017 
 149   (0.009) 0.002 0.002 0.002 0.001 0.001 0.004 0.007 0.001 0.004 
 138   (0.013) 0.001 0.002 0.041 0.001 0.001 0.002 0.002 0.002 0.019 
 143   (0.027) 0.050 0.009 0.034 0.003 0.069 0.005 0.004 0.004 0.011 
 163   (0.009) 0.001 0.001 0.008 0.004 0.001 0.002 0.002 0.002 0.001 
 109   (0.009) 0.001 0.001 0.002 0.001 0.001 0.001 0.026 0.001 0.001 
 139   (0.009) 0.001 0.003 0.010 0.001 0.001 0.001 0.001 0.001 0.001 
 106   (0.010) 0.001 0.002 0.010 0.001 0.001 0.002 0.002 0.001 0.001 
 144   (0.014) 0.002 0.002 0.005 0.001 0.001 0.015 0.037 0.002 0.001 
 122   (0.010) 0.001 0.002 0.002 0.001 0.004 0.002 0.010 0.011 0.001 
 100   (0.016) 0.010 0.007 0.020 0.002 0.001 0.023 0.007 0.003 0.009 
 111   (0.010) 0.001 0.002 0.028 0.001 0.001 0.001 0.002 0.001 0.003 
 233   (0.009) 0.003 0.008 0.004 0.001 0.001 0.003 0.001 0.001 0.004 
 134   (0.009) 0.013 0.002 0.002 0.001 0.001 0.001 0.001 0.001 0.001 
 140   (0.008) 0.001 0.002 0.006 0.001 0.001 0.001 0.006 0.001 0.001 

Locus 6 : 
17 alleles
0.0% missing data
 221   (0.022) 0.002 0.004 0.004 0.002 0.086 0.003 0.003 0.140 0.002 
 232   (0.247) 0.267 0.283 0.291 0.109 0.424 0.296 0.253 0.179 0.734 
 229   (0.055) 0.086 0.019 0.011 0.069 0.054 0.018 0.031 0.101 0.018 
 223   (0.062) 0.069 0.100 0.044 0.008 0.009 0.025 0.064 0.094 0.007 
 230   (0.155) 0.227 0.133 0.223 0.160 0.296 0.078 0.235 0.066 0.049 
 235   (0.013) 0.001 0.002 0.002 0.001 0.001 0.002 0.002 0.070 0.001 
 236   (0.038) 0.004 0.026 0.015 0.041 0.006 0.008 0.011 0.093 0.028 
 227   (0.023) 0.002 0.010 0.012 0.002 0.003 0.004 0.010 0.061 0.002 
 220   (0.054) 0.033 0.016 0.020 0.180 0.004 0.149 0.039 0.008 0.074 
 222   (0.038) 0.005 0.006 0.037 0.247 0.002 0.178 0.017 0.005 0.003 
 234   (0.135) 0.145 0.246 0.112 0.164 0.065 0.137 0.243 0.085 0.016 
 224   (0.031) 0.071 0.098 0.033 0.003 0.002 0.006 0.005 0.004 0.002 
 228   (0.058) 0.039 0.020 0.182 0.007 0.004 0.036 0.045 0.013 0.059 
 225   (0.011) 0.002 0.002 0.002 0.002 0.001 0.010 0.002 0.005 0.001 
 226   (0.018) 0.042 0.003 0.003 0.002 0.001 0.044 0.002 0.004 0.001 
 233   (0.026) 0.003 0.024 0.005 0.003 0.039 0.004 0.023 0.042 0.002 
 231   (0.014) 0.001 0.009 0.003 0.001 0.001 0.002 0.015 0.028 0.001 

Locus 7 : 
10 alleles
0.0% missing data
 121   (0.686) 0.762 0.628 0.841 0.799 0.746 0.777 0.812 0.887 0.713 
 129   (0.096) 0.127 0.085 0.053 0.011 0.099 0.044 0.060 0.072 0.145 
 130   (0.013) 0.001 0.002 0.003 0.001 0.002 0.029 0.002 0.002 0.001 
 123   (0.099) 0.098 0.201 0.057 0.120 0.102 0.086 0.035 0.024 0.133 
 128   (0.021) 0.002 0.016 0.004 0.036 0.022 0.003 0.004 0.003 0.002 
 131   (0.015) 0.003 0.008 0.003 0.025 0.001 0.004 0.002 0.002 0.001 
 117   (0.012) 0.001 0.002 0.012 0.001 0.001 0.002 0.002 0.001 0.001 
 125   (0.012) 0.001 0.048 0.002 0.001 0.001 0.002 0.002 0.001 0.001 
 134   (0.034) 0.003 0.007 0.024 0.004 0.006 0.051 0.074 0.005 0.003 
 132   (0.013) 0.001 0.002 0.002 0.001 0.020 0.002 0.009 0.002 0.001 

Locus 8 : 
19 alleles
0.0% missing data
 184   (0.300) 0.280 0.482 0.371 0.518 0.330 0.349 0.453 0.495 0.436 
 194   (0.047) 0.013 0.033 0.045 0.019 0.022 0.008 0.078 0.029 0.009 
 178   (0.104) 0.279 0.031 0.060 0.181 0.061 0.118 0.086 0.208 0.030 
 176   (0.077) 0.012 0.057 0.083 0.010 0.213 0.098 0.076 0.046 0.117 
 182   (0.072) 0.047 0.022 0.131 0.008 0.204 0.138 0.053 0.035 0.024 
 190   (0.031) 0.016 0.006 0.006 0.069 0.048 0.038 0.005 0.005 0.002 
 196   (0.021) 0.064 0.003 0.013 0.002 0.001 0.004 0.005 0.006 0.018 
 200   (0.029) 0.003 0.043 0.035 0.005 0.011 0.007 0.006 0.016 0.002 
 180   (0.024) 0.003 0.092 0.004 0.069 0.002 0.004 0.003 0.011 0.002 
 188   (0.037) 0.050 0.009 0.010 0.008 0.003 0.006 0.045 0.029 0.079 
 174   (0.036) 0.004 0.055 0.013 0.018 0.034 0.009 0.081 0.018 0.003 
 186   (0.124) 0.138 0.104 0.200 0.059 0.062 0.179 0.083 0.082 0.247 
 192   (0.023) 0.079 0.013 0.006 0.014 0.003 0.004 0.003 0.009 0.008 
 201   (0.012) 0.001 0.010 0.002 0.012 0.001 0.002 0.002 0.002 0.001 
 199   (0.020) 0.002 0.024 0.013 0.002 0.001 0.017 0.003 0.003 0.002 
 185   (0.011) 0.001 0.002 0.002 0.001 0.001 0.001 0.002 0.001 0.016 
 203   (0.011) 0.001 0.002 0.002 0.001 0.001 0.002 0.012 0.001 0.001 
 198   (0.011) 0.001 0.002 0.003 0.001 0.001 0.013 0.003 0.001 0.001 
 209   (0.009) 0.004 0.011 0.002 0.001 0.001 0.005 0.001 0.001 0.001 

Locus 9 : 
6 alleles
0.4% missing data
 154   (0.684) 0.797 0.693 0.744 0.818 0.646 0.795 0.652 0.715 0.854 
 156   (0.208) 0.131 0.289 0.184 0.171 0.336 0.188 0.271 0.168 0.034 
 152   (0.055) 0.068 0.009 0.029 0.006 0.007 0.010 0.043 0.074 0.098 
 153   (0.013) 0.001 0.002 0.015 0.002 0.001 0.002 0.002 0.002 0.011 
 160   (0.013) 0.001 0.002 0.023 0.001 0.001 0.002 0.002 0.002 0.001 
 164   (0.026) 0.002 0.005 0.005 0.003 0.010 0.004 0.031 0.038 0.002 

Locus 10 : 
29 alleles
0.7% missing data
 305   (0.065) 0.013 0.016 0.103 0.220 0.009 0.105 0.011 0.116 0.008 
 313   (0.048) 0.011 0.023 0.046 0.006 0.006 0.045 0.013 0.152 0.006 
 311   (0.016) 0.003 0.007 0.004 0.002 0.002 0.002 0.003 0.018 0.001 
 299   (0.123) 0.159 0.020 0.215 0.045 0.041 0.098 0.042 0.266 0.145 
 315   (0.072) 0.023 0.032 0.147 0.079 0.104 0.013 0.019 0.084 0.006 
 287   (0.019) 0.002 0.666 0.004 0.002 0.002 0.006 0.003 0.006 0.002 
 291   (0.113) 0.446 0.021 0.072 0.073 0.024 0.131 0.333 0.097 0.013 
 295   (0.023) 0.002 0.004 0.005 0.004 0.002 0.004 0.190 0.028 0.003 
 289   (0.018) 0.002 0.005 0.006 0.003 0.002 0.130 0.002 0.003 0.002 
 303   (0.029) 0.003 0.005 0.007 0.019 0.493 0.005 0.007 0.006 0.622 
 297   (0.047) 0.059 0.008 0.012 0.006 0.093 0.078 0.088 0.014 0.018 
 293   (0.018) 0.002 0.052 0.006 0.004 0.001 0.004 0.023 0.048 0.001 
 301   (0.061) 0.008 0.011 0.072 0.150 0.008 0.019 0.061 0.065 0.021 
 285   (0.027) 0.003 0.004 0.009 0.248 0.003 0.190 0.004 0.003 0.002 
 307   (0.055) 0.093 0.011 0.055 0.039 0.192 0.008 0.058 0.010 0.005 
 312   (0.059) 0.095 0.032 0.073 0.078 0.004 0.012 0.069 0.009 0.022 
 306   (0.026) 0.010 0.005 0.059 0.004 0.002 0.004 0.019 0.010 0.002 
 320   (0.014) 0.001 0.002 0.023 0.001 0.001 0.002 0.002 0.002 0.001 
 317   (0.019) 0.002 0.003 0.004 0.002 0.001 0.003 0.003 0.017 0.101 
 314   (0.025) 0.002 0.035 0.014 0.003 0.002 0.004 0.006 0.028 0.002 
 323   (0.012) 0.001 0.010 0.006 0.001 0.001 0.002 0.002 0.002 0.001 
 325   (0.011) 0.001 0.010 0.006 0.001 0.001 0.002 0.002 0.002 0.001 
 310   (0.017) 0.047 0.006 0.005 0.002 0.001 0.002 0.005 0.003 0.001 
 309   (0.013) 0.001 0.002 0.003 0.002 0.001 0.002 0.025 0.002 0.001 
 316   (0.016) 0.005 0.002 0.028 0.002 0.001 0.003 0.002 0.003 0.004 
 296   (0.012) 0.001 0.002 0.007 0.001 0.001 0.002 0.003 0.002 0.005 
 304   (0.015) 0.002 0.002 0.003 0.002 0.001 0.060 0.002 0.002 0.001 
 321   (0.012) 0.001 0.002 0.002 0.001 0.001 0.032 0.002 0.002 0.001 
 332   (0.013) 0.001 0.002 0.002 0.001 0.001 0.031 0.002 0.002 0.001 

Locus 11 : 
19 alleles
0.0% missing data
 114   (0.155) 0.027 0.075 0.168 0.286 0.189 0.026 0.250 0.242 0.044 
 126   (0.021) 0.002 0.003 0.004 0.018 0.003 0.003 0.005 0.058 0.002 
 111   (0.086) 0.550 0.032 0.017 0.008 0.006 0.582 0.014 0.227 0.303 
 116   (0.113) 0.035 0.136 0.081 0.020 0.264 0.060 0.127 0.111 0.010 
 132   (0.013) 0.001 0.002 0.003 0.001 0.001 0.002 0.002 0.012 0.001 
 109   (0.016) 0.003 0.002 0.003 0.001 0.001 0.002 0.003 0.046 0.001 
 128   (0.018) 0.007 0.003 0.007 0.002 0.001 0.003 0.011 0.007 0.001 
 112   (0.316) 0.051 0.451 0.602 0.606 0.505 0.065 0.445 0.226 0.201 
 122   (0.015) 0.002 0.004 0.004 0.007 0.004 0.002 0.008 0.002 0.014 
 124   (0.012) 0.001 0.002 0.002 0.017 0.002 0.002 0.002 0.002 0.002 
 118   (0.054) 0.009 0.078 0.026 0.015 0.011 0.057 0.069 0.018 0.013 
 127   (0.012) 0.001 0.002 0.012 0.001 0.001 0.002 0.002 0.001 0.001 
 113   (0.053) 0.225 0.029 0.019 0.005 0.003 0.132 0.011 0.007 0.393 
 115   (0.028) 0.006 0.151 0.010 0.003 0.003 0.008 0.018 0.020 0.003 
 120   (0.021) 0.064 0.004 0.004 0.002 0.001 0.003 0.020 0.003 0.002 
 117   (0.021) 0.010 0.004 0.014 0.003 0.002 0.019 0.003 0.003 0.002 
 125   (0.018) 0.002 0.011 0.023 0.002 0.001 0.003 0.005 0.003 0.005 
 119   (0.015) 0.003 0.002 0.003 0.001 0.001 0.029 0.002 0.002 0.001 
 136   (0.012) 0.001 0.009 0.002 0.001 0.001 0.002 0.002 0.009 0.001 

Locus 12 : 
28 alleles
0.7% missing data
 306   (0.066) 0.014 0.013 0.068 0.216 0.009 0.164 0.011 0.114 0.008 
 314   (0.057) 0.079 0.026 0.042 0.007 0.007 0.037 0.010 0.140 0.019 
 312   (0.013) 0.001 0.002 0.002 0.001 0.001 0.002 0.002 0.025 0.001 
 300   (0.132) 0.157 0.022 0.218 0.046 0.041 0.098 0.042 0.283 0.146 
 316   (0.043) 0.021 0.006 0.010 0.073 0.100 0.009 0.007 0.080 0.004 
 288   (0.019) 0.002 0.652 0.004 0.003 0.002 0.006 0.003 0.005 0.002 
 292   (0.120) 0.439 0.022 0.074 0.074 0.025 0.147 0.330 0.099 0.014 
 296   (0.028) 0.003 0.005 0.010 0.004 0.003 0.005 0.194 0.029 0.005 
 290   (0.020) 0.002 0.005 0.006 0.003 0.002 0.130 0.003 0.003 0.002 
 304   (0.030) 0.003 0.005 0.007 0.019 0.496 0.005 0.007 0.006 0.624 
 298   (0.050) 0.059 0.008 0.013 0.007 0.093 0.078 0.087 0.015 0.018 
 294   (0.019) 0.002 0.052 0.006 0.004 0.001 0.004 0.022 0.048 0.001 
 302   (0.064) 0.008 0.012 0.073 0.150 0.008 0.019 0.061 0.066 0.021 
 286   (0.029) 0.003 0.005 0.010 0.248 0.003 0.205 0.004 0.004 0.003 
 308   (0.036) 0.003 0.008 0.045 0.038 0.187 0.005 0.012 0.007 0.003 
 313   (0.047) 0.010 0.035 0.089 0.082 0.004 0.007 0.078 0.009 0.007 
 307   (0.043) 0.106 0.007 0.067 0.005 0.004 0.007 0.066 0.011 0.004 
 321   (0.012) 0.001 0.002 0.023 0.001 0.001 0.002 0.002 0.002 0.001 
 315   (0.046) 0.004 0.068 0.143 0.006 0.004 0.007 0.016 0.031 0.014 
 318   (0.017) 0.004 0.002 0.005 0.002 0.001 0.003 0.002 0.006 0.094 
 324   (0.012) 0.001 0.010 0.006 0.001 0.001 0.002 0.002 0.002 0.001 
 326   (0.012) 0.001 0.010 0.006 0.001 0.001 0.002 0.002 0.002 0.001 
 311   (0.018) 0.072 0.016 0.006 0.002 0.002 0.003 0.006 0.006 0.002 
 310   (0.013) 0.001 0.002 0.003 0.002 0.001 0.002 0.025 0.002 0.001 
 305   (0.014) 0.001 0.002 0.033 0.001 0.001 0.002 0.002 0.002 0.001 
 317   (0.013) 0.001 0.002 0.023 0.001 0.001 0.002 0.002 0.002 0.001 
 320   (0.013) 0.001 0.002 0.002 0.001 0.001 0.016 0.002 0.002 0.001 
 322   (0.013) 0.001 0.002 0.002 0.001 0.001 0.032 0.002 0.002 0.001 

Locus 13 : 
7 alleles
1.1% missing data
 161   (0.591) 0.399 0.478 0.553 0.068 0.889 0.572 0.815 0.652 0.479 
 163   (0.304) 0.577 0.501 0.427 0.034 0.029 0.332 0.141 0.268 0.450 
 160   (0.016) 0.001 0.003 0.003 0.444 0.001 0.003 0.002 0.002 0.001 
 162   (0.016) 0.001 0.002 0.003 0.447 0.001 0.002 0.002 0.002 0.001 
 165   (0.045) 0.018 0.010 0.009 0.004 0.004 0.087 0.032 0.069 0.065 
 166   (0.014) 0.001 0.003 0.003 0.001 0.004 0.003 0.005 0.004 0.001 
 164   (0.015) 0.001 0.002 0.002 0.001 0.073 0.002 0.002 0.002 0.001 

Locus 14 : 
4 alleles
0.4% missing data
  98   (0.958) 0.996 0.992 0.982 0.996 0.984 0.994 0.988 0.988 0.987 
 100   (0.013) 0.001 0.003 0.008 0.001 0.001 0.002 0.002 0.002 0.006 
  96   (0.016) 0.001 0.003 0.003 0.002 0.014 0.002 0.007 0.008 0.002 
 105   (0.013) 0.001 0.003 0.007 0.001 0.001 0.002 0.003 0.002 0.006 

Locus 15 : 
12 alleles
2.2% missing data
 171   (0.307) 0.347 0.397 0.367 0.222 0.186 0.349 0.220 0.394 0.309 
 177   (0.182) 0.105 0.234 0.164 0.353 0.055 0.135 0.268 0.211 0.075 
 173   (0.266) 0.494 0.175 0.267 0.097 0.074 0.413 0.337 0.280 0.507 
 179   (0.107) 0.012 0.134 0.093 0.308 0.558 0.055 0.045 0.068 0.094 
 183   (0.020) 0.002 0.008 0.006 0.002 0.010 0.008 0.003 0.028 0.006 
 181   (0.036) 0.032 0.006 0.059 0.004 0.112 0.007 0.009 0.006 0.003 
 197   (0.014) 0.001 0.002 0.003 0.001 0.001 0.002 0.065 0.002 0.001 
 170   (0.013) 0.001 0.017 0.011 0.002 0.001 0.002 0.004 0.002 0.001 
 189   (0.014) 0.001 0.002 0.019 0.005 0.001 0.003 0.003 0.003 0.001 
 203   (0.013) 0.001 0.002 0.002 0.001 0.001 0.002 0.040 0.002 0.001 
 187   (0.017) 0.002 0.022 0.006 0.002 0.001 0.009 0.004 0.004 0.001 
 198   (0.012) 0.001 0.002 0.002 0.001 0.001 0.016 0.002 0.001 0.001 

Values of parameters used in structure:
DATAFILE=STRUCTURE_main_final_278_HEG_ZG.str,	OUTFILE=STRUCTURE_main_final_278_HEG_ZG-K9-13,	NUMINDS=278,	NUMLOCI=15,	MISSING=-9,	LABEL=1,	POPDATA=1,	POPFLAG=0,	PHENOTYPE=0,	EXTRACOLS=0,	MAXPOPS=9,	BURNIN=100000,	NUMREPS=500000,	USEPOPINFO=0,	INFERALPHA=1,	INFERLAMBDA=0,	POPSPECIFICLAMBDA=0,	POPALPHAS=0,	COMPUTEPROB=1,	NOADMIX=0,	ADMBURNIN=2500,	UPDATEFREQ=1,	PRINTLIKES=0,	INTERMEDSAVE=0,	PRINTKLD=0,	PRINTNET=0,	PRINTLAMBDA=0,	ANCESTDIST=0,	NUMBOXES=1000,	ANCESTPINT=0.90000,	GENSBACK=2,	MIGRPRIOR=0.05000,	PRINTQHAT=0,	PRINTQSUM=0,	ALPHA=1.0000,	FREQSCORR=1,	FPRIORMEAN=0.0100,	FPRIORSD=0.0500,	ONEFST=0,	LAMBDA=1.0000,	UNIFPRIORALPHA=1,	ALPHAMAX=10.0000,	ALPHAPRIORA=1.0000,	ALPHAPRIORB=2.0000,	ALPHAPROPSD=0.0250,	STARTATPOPINFO=0,	RANDOMIZE=1,	LINKAGE=0,	METROFREQ=10,	REPORTHITRATE=0,	MARKOVPHASE=-1,	PHASED=0,	PLOIDY=2,	PHASEINFO=0	LOCPRIOR=0, 	LOCPRIORINIT=1.000000, 	LOCDATA=0, 	LOCISPOP=0, 	LOCPRIORSTEP=0.100000, 	MAXLOCPRIOR=20.000000, 	SEED=1782484030,	
[STRAT parameters]:    NUMSIMSTATS=1000,	PHENOTYPECOL=-9,	POOLFREQ=10,	LOCUSxONLY=0,	EMERROR=0.00100,	MISSINGPHENO=-9,	