

----------------------------------------------------
STRUCTURE by Pritchard, Stephens and Donnelly (2000)
     and Falush, Stephens and Pritchard (2003)
       Code by Pritchard, Falush and Hubisz
             Version 2.3.4 (Jul 2012)
----------------------------------------------------



Command line arguments:   structure -K 6 -i STRUCTURE_main_final_278_HEG_ZG.str -o STRUCTURE_main_final_278_HEG_ZG-K6-12 
Input File:    STRUCTURE_main_final_278_HEG_ZG.str

Run parameters:
   278 individuals
   15 loci
   6 populations assumed
   100000 Burn-in period
   500000 Reps


--------------------------------------------
Proportion of membership of each pre-defined
 population in each of the 6 clusters

Given    Inferred Clusters                            Number of
 Pop       1      2      3      4      5      6      Individuals

  1:     0.020  0.028  0.091  0.089  0.082  0.691       24
  2:     0.730  0.040  0.064  0.028  0.095  0.043       24
  3:     0.031  0.378  0.290  0.225  0.036  0.039       24
  4:     0.047  0.373  0.086  0.081  0.140  0.273       24
  5:     0.046  0.524  0.260  0.043  0.072  0.055       24
  6:     0.044  0.048  0.040  0.034  0.251  0.582       24
  7:     0.031  0.040  0.035  0.016  0.774  0.102       24
  8:     0.022  0.731  0.078  0.079  0.020  0.070       14
  9:     0.169  0.113  0.318  0.331  0.012  0.057       24
 10:     0.013  0.033  0.093  0.790  0.053  0.018       24
 11:     0.032  0.033  0.167  0.703  0.021  0.043       24
 12:     0.023  0.309  0.104  0.072  0.171  0.322       24
--------------------------------------------

Allele-freq. divergence among pops (Net nucleotide distance),
computed using point estimates of P.

      1       2       3       4       5       6      
 1      -    0.0549  0.0694  0.0946  0.0926  0.0595  
 2   0.0549     -    0.0253  0.0419  0.0590  0.0237  
 3   0.0694  0.0253     -    0.0475  0.0712  0.0326  
 4   0.0946  0.0419  0.0475     -    0.1025  0.0527  
 5   0.0926  0.0590  0.0712  0.1025     -    0.0546  
 6   0.0595  0.0237  0.0326  0.0527  0.0546     -    

Average distances (expected heterozygosity) between individuals in same cluster:
cluster  1  : 0.6189 
cluster  2  : 0.6377 
cluster  3  : 0.6412 
cluster  4  : 0.6185 
cluster  5  : 0.5552 
cluster  6  : 0.6268 

--------------------------------------------
Estimated Ln Prob of Data   = -12772.6
Mean value of ln likelihood = -12247.1
Variance of ln likelihood   = 1050.9
Mean value of alpha         = 0.0694

Mean value of Fst_1         = 0.1706
Mean value of Fst_2         = 0.0424
Mean value of Fst_3         = 0.0854
Mean value of Fst_4         = 0.1249
Mean value of Fst_5         = 0.1691
Mean value of Fst_6         = 0.0732


Inferred ancestry of individuals:
        Label (%Miss) Pop:  Inferred clusters
  1 24.0601.E1    (0)    1 :  0.027 0.011 0.016 0.012 0.024 0.909 
  2 24.0602.E1    (0)    1 :  0.007 0.014 0.040 0.026 0.013 0.900 
  3 24.0603.E1    (0)    1 :  0.008 0.056 0.018 0.011 0.057 0.848 
  4 24.0604.E1    (0)    1 :  0.009 0.010 0.173 0.020 0.008 0.779 
  5 24.0605.E1    (0)    1 :  0.015 0.017 0.017 0.016 0.036 0.899 
  6 24.0606.E1    (0)    1 :  0.017 0.013 0.015 0.022 0.024 0.910 
  7 24.0607.E1    (0)    1 :  0.011 0.028 0.618 0.016 0.205 0.122 
  8 24.0608.E1    (0)    1 :  0.006 0.011 0.019 0.132 0.180 0.652 
  9 24.0609.E1    (0)    1 :  0.007 0.105 0.022 0.391 0.010 0.465 
 10 24.0610.E1    (0)    1 :  0.008 0.085 0.009 0.190 0.011 0.697 
 11 24.0611.E1    (0)    1 :  0.019 0.019 0.013 0.027 0.009 0.913 
 12 24.0612.E1    (0)    1 :  0.022 0.012 0.027 0.009 0.020 0.910 
 13 24.0613.E1    (0)    1 :  0.009 0.010 0.009 0.014 0.007 0.951 
 14 24.0614.E1    (0)    1 :  0.015 0.013 0.026 0.212 0.393 0.339 
 15 24.0615.E1    (0)    1 :  0.023 0.016 0.070 0.215 0.078 0.598 
 16 24.0616.E1    (0)    1 :  0.014 0.009 0.019 0.013 0.008 0.937 
 17 24.0617.E1    (0)    1 :  0.035 0.021 0.020 0.476 0.029 0.418 
 18 24.0618.E1    (0)    1 :  0.019 0.032 0.020 0.100 0.008 0.820 
 19 24.0619.E1    (0)    1 :  0.020 0.028 0.410 0.012 0.008 0.522 
 20 24.0620.E1   (20)    1 :  0.018 0.041 0.036 0.039 0.788 0.078 
 21 24.0621.E1    (0)    1 :  0.008 0.039 0.522 0.103 0.010 0.318 
 22 24.0622.E1    (0)    1 :  0.018 0.022 0.008 0.010 0.012 0.930 
 23 24.0623.E1    (0)    1 :  0.138 0.042 0.045 0.044 0.022 0.708 
 24 24.0624.E1    (0)    1 :  0.009 0.008 0.007 0.013 0.009 0.953 
 25 24.0625.E1    (0)    2 :  0.669 0.054 0.023 0.045 0.188 0.020 
 26 24.0626.E1    (0)    2 :  0.825 0.008 0.007 0.018 0.135 0.006 
 27 24.0627.E1    (0)    2 :  0.477 0.028 0.441 0.009 0.032 0.013 
 28 24.0628.E1    (0)    2 :  0.388 0.172 0.013 0.121 0.263 0.043 
 29 24.0629.E1    (0)    2 :  0.809 0.020 0.026 0.021 0.010 0.114 
 30 24.0630.E1    (0)    2 :  0.806 0.010 0.009 0.011 0.155 0.009 
 31 24.0631.E1    (0)    2 :  0.969 0.006 0.006 0.004 0.007 0.009 
 32 24.0632.E1    (0)    2 :  0.888 0.012 0.016 0.010 0.058 0.017 
 33 24.0633.E1    (0)    2 :  0.529 0.118 0.015 0.090 0.225 0.023 
 34 24.0634.E1    (0)    2 :  0.941 0.013 0.011 0.013 0.010 0.012 
 35 24.0635.E1    (0)    2 :  0.639 0.170 0.046 0.068 0.040 0.037 
 36 24.0636.E1   (33)    2 :  0.047 0.043 0.022 0.011 0.830 0.046 
 37 24.0637.E1    (0)    2 :  0.965 0.008 0.007 0.004 0.010 0.006 
 38 24.0638.E1    (0)    2 :  0.858 0.086 0.028 0.008 0.007 0.014 
 39 24.0639.E1    (0)    2 :  0.737 0.013 0.084 0.068 0.025 0.074 
 40 24.0640.E1    (0)    2 :  0.957 0.009 0.007 0.007 0.009 0.012 
 41 24.0641.E1    (0)    2 :  0.357 0.030 0.417 0.016 0.027 0.152 
 42 24.0642.E1    (0)    2 :  0.572 0.054 0.012 0.007 0.052 0.304 
 43 24.0643.E1    (0)    2 :  0.574 0.015 0.299 0.013 0.084 0.016 
 44 24.0644.E1    (0)    2 :  0.893 0.021 0.011 0.048 0.010 0.018 
 45 24.0645.E1    (0)    2 :  0.795 0.036 0.014 0.035 0.068 0.052 
 46 24.0646.E1    (0)    2 :  0.892 0.021 0.011 0.048 0.010 0.018 
 47 24.0647.E1    (0)    2 :  0.966 0.008 0.007 0.004 0.010 0.006 
 48 24.0648.E1    (0)    2 :  0.965 0.007 0.007 0.004 0.010 0.006 
 49 24.0649.E1    (0)    3 :  0.010 0.913 0.024 0.038 0.005 0.010 
 50 24.0650.E1    (0)    3 :  0.007 0.233 0.014 0.507 0.006 0.234 
 51 24.0651.E1    (0)    3 :  0.307 0.441 0.194 0.027 0.022 0.010 
 52 24.0652.E1    (0)    3 :  0.007 0.391 0.084 0.462 0.011 0.044 
 53 24.0653.E1    (0)    3 :  0.007 0.030 0.926 0.021 0.008 0.007 
 54 24.0654.E1    (0)    3 :  0.014 0.507 0.023 0.439 0.007 0.010 
 55 24.0655.E1    (0)    3 :  0.069 0.570 0.090 0.163 0.017 0.090 
 56 24.0656.E1    (0)    3 :  0.011 0.304 0.028 0.551 0.087 0.019 
 57 24.0657.E1    (0)    3 :  0.010 0.319 0.029 0.543 0.080 0.019 
 58 24.0658.E1    (0)    3 :  0.009 0.758 0.106 0.088 0.010 0.028 
 59 24.0659.E1    (0)    3 :  0.027 0.265 0.375 0.233 0.006 0.093 
 60 24.0660.E1    (6)    3 :  0.019 0.872 0.040 0.013 0.009 0.047 
 61 24.0661.E1    (0)    3 :  0.009 0.153 0.040 0.640 0.146 0.013 
 62 24.0662.E1    (0)    3 :  0.149 0.323 0.239 0.144 0.022 0.122 
 63 24.0663.E1    (0)    3 :  0.011 0.118 0.011 0.840 0.009 0.011 
 64 24.0664.E1    (0)    3 :  0.010 0.729 0.027 0.158 0.068 0.009 
 65 24.0665.E1    (0)    3 :  0.008 0.587 0.050 0.041 0.305 0.009 
 66 24.0666.E1    (0)    3 :  0.008 0.014 0.943 0.013 0.007 0.015 
 67 24.0667.E1    (0)    3 :  0.007 0.050 0.910 0.012 0.007 0.014 
 68 24.0668.E1    (0)    3 :  0.007 0.008 0.968 0.007 0.005 0.005 
 69 24.0669.E1    (0)    3 :  0.006 0.008 0.967 0.007 0.006 0.006 
 70 24.0670.E1    (0)    3 :  0.008 0.353 0.393 0.218 0.009 0.020 
 71 24.0671.E1    (0)    3 :  0.025 0.663 0.053 0.230 0.013 0.016 
 72 24.0672.E1    (0)    3 :  0.010 0.455 0.426 0.013 0.009 0.088 
 73 24.0673.E1    (6)    4 :  0.027 0.051 0.017 0.111 0.583 0.210 
 74 24.0674.E1    (0)    4 :  0.025 0.076 0.011 0.019 0.518 0.351 
 75 24.0675.E1    (0)    4 :  0.034 0.534 0.014 0.222 0.117 0.078 
 76 24.0676.E1    (0)    4 :  0.014 0.539 0.014 0.330 0.057 0.047 
 77 24.0677.E1    (0)    4 :  0.007 0.290 0.368 0.220 0.020 0.095 
 78 24.0678.E1    (0)    4 :  0.095 0.152 0.398 0.015 0.020 0.320 
 79 24.0679.E1    (0)    4 :  0.017 0.512 0.131 0.115 0.018 0.208 
 80 24.0680.E1    (0)    4 :  0.023 0.666 0.218 0.015 0.015 0.062 
 81 24.0681.E1    (0)    4 :  0.015 0.615 0.022 0.013 0.029 0.306 
 82 24.0682.E1    (0)    4 :  0.015 0.643 0.016 0.012 0.061 0.252 
 83 24.0683.E1    (0)    4 :  0.008 0.041 0.020 0.012 0.607 0.312 
 84 24.0684.E1    (0)    4 :  0.045 0.091 0.047 0.023 0.344 0.450 
 85 24.0685.E1    (0)    4 :  0.018 0.109 0.056 0.019 0.055 0.743 
 86 24.0686.E1    (0)    4 :  0.206 0.591 0.067 0.017 0.017 0.102 
 87 24.0687.E1    (0)    4 :  0.393 0.440 0.029 0.029 0.034 0.075 
 88 24.0688.E1    (0)    4 :  0.009 0.853 0.011 0.007 0.025 0.095 
 89 24.0689.E1    (0)    4 :  0.031 0.189 0.021 0.547 0.092 0.120 
 90 24.0690.E1    (0)    4 :  0.068 0.350 0.491 0.013 0.043 0.036 
 91 24.0691.E1    (0)    4 :  0.014 0.129 0.012 0.030 0.029 0.785 
 92 24.0692.E1    (0)    4 :  0.008 0.901 0.012 0.021 0.030 0.027 
 93 24.0693.E1    (0)    4 :  0.013 0.269 0.017 0.086 0.586 0.029 
 94 24.0694.E1    (0)    4 :  0.008 0.743 0.022 0.010 0.024 0.192 
 95 24.0695.E1    (0)    4 :  0.009 0.050 0.018 0.023 0.013 0.887 
 96 24.0696.E1    (0)    4 :  0.017 0.123 0.043 0.024 0.016 0.776 
 97 24.0697.E1    (0)    5 :  0.018 0.713 0.047 0.023 0.182 0.016 
 98 24.0698.E1    (0)    5 :  0.027 0.299 0.403 0.055 0.160 0.056 
 99 24.0699.E1    (0)    5 :  0.016 0.371 0.552 0.018 0.012 0.031 
100 24.0700.E1    (0)    5 :  0.009 0.916 0.044 0.011 0.010 0.010 
101 24.0701.E1    (0)    5 :  0.011 0.012 0.919 0.012 0.037 0.010 
102 24.0702.E1    (0)    5 :  0.021 0.759 0.143 0.012 0.048 0.018 
103 24.0703.E1    (0)    5 :  0.143 0.344 0.461 0.023 0.010 0.020 
104 24.0704.E1    (6)    5 :  0.030 0.304 0.605 0.015 0.017 0.030 
105 24.0705.E1    (0)    5 :  0.017 0.613 0.079 0.011 0.015 0.265 
106 24.0706.E1    (0)    5 :  0.011 0.895 0.053 0.017 0.014 0.010 
107 24.0707.E1    (0)    5 :  0.040 0.878 0.022 0.009 0.021 0.031 
108 24.0708.E1    (0)    5 :  0.358 0.032 0.070 0.368 0.056 0.116 
109 24.0709.E1    (0)    5 :  0.015 0.798 0.043 0.082 0.012 0.050 
110 24.0710.E1    (0)    5 :  0.011 0.184 0.505 0.056 0.087 0.158 
111 24.0711.E1    (0)    5 :  0.050 0.477 0.308 0.012 0.023 0.129 
112 24.0712.E1    (0)    5 :  0.050 0.033 0.855 0.009 0.023 0.031 
113 24.0713.E1    (0)    5 :  0.010 0.915 0.024 0.022 0.016 0.013 
114 24.0714.E1    (0)    5 :  0.030 0.601 0.205 0.044 0.013 0.107 
115 24.0715.E1    (0)    5 :  0.011 0.290 0.072 0.039 0.529 0.060 
116 24.0716.E1    (0)    5 :  0.059 0.151 0.635 0.057 0.031 0.067 
117 24.0717.E1    (0)    5 :  0.099 0.349 0.057 0.092 0.381 0.022 
118 24.0718.E1    (0)    5 :  0.020 0.907 0.026 0.008 0.014 0.025 
119 24.0719.E1    (0)    5 :  0.029 0.818 0.099 0.023 0.016 0.015 
120 24.0720.E1    (0)    5 :  0.015 0.919 0.020 0.014 0.010 0.023 
121 24.0721.E1    (0)    6 :  0.042 0.128 0.027 0.108 0.628 0.068 
122 24.0722.E1    (0)    6 :  0.204 0.039 0.099 0.017 0.528 0.112 
123 24.0723.E1    (0)    6 :  0.375 0.024 0.027 0.168 0.328 0.078 
124 24.0724.E1    (0)    6 :  0.042 0.027 0.028 0.137 0.332 0.434 
125 24.0725.E1    (0)    6 :  0.010 0.017 0.013 0.023 0.009 0.927 
126 24.0726.E1    (6)    6 :  0.011 0.019 0.011 0.010 0.084 0.866 
127 24.0727.E1    (0)    6 :  0.020 0.039 0.045 0.036 0.521 0.338 
128 24.0728.E1    (0)    6 :  0.047 0.136 0.027 0.029 0.197 0.564 
129 24.0729.E1    (0)    6 :  0.017 0.031 0.024 0.015 0.040 0.874 
130 24.0730.E1    (0)    6 :  0.016 0.288 0.177 0.062 0.075 0.383 
131 24.0731.E1    (0)    6 :  0.010 0.031 0.008 0.013 0.036 0.903 
132 24.0732.E1    (0)    6 :  0.011 0.032 0.011 0.008 0.821 0.117 
133 24.0733.E1    (0)    6 :  0.007 0.008 0.006 0.007 0.024 0.949 
134 24.0734.E1    (0)    6 :  0.026 0.045 0.023 0.013 0.838 0.056 
135 24.0735.E1    (0)    6 :  0.048 0.035 0.023 0.027 0.216 0.651 
136 24.0736.E1    (0)    6 :  0.011 0.011 0.010 0.009 0.068 0.890 
137 24.0737.E1    (0)    6 :  0.056 0.024 0.010 0.012 0.009 0.889 
138 24.0738.E1    (0)    6 :  0.012 0.015 0.013 0.010 0.039 0.911 
139 24.0739.E1    (0)    6 :  0.016 0.024 0.010 0.010 0.008 0.932 
140 24.0740.E1    (0)    6 :  0.016 0.036 0.015 0.014 0.014 0.905 
141 24.0741.E1    (0)    6 :  0.017 0.045 0.010 0.012 0.298 0.616 
142 24.0742.E1    (0)    6 :  0.014 0.014 0.011 0.010 0.580 0.371 
143 24.0743.E1    (0)    6 :  0.007 0.018 0.027 0.037 0.142 0.769 
144 24.0744.E1    (0)    6 :  0.019 0.062 0.314 0.036 0.192 0.377 
145 24.0745.E1    (0)    7 :  0.006 0.025 0.029 0.011 0.921 0.007 
146 24.0746.E1    (0)    7 :  0.126 0.083 0.050 0.014 0.661 0.066 
147 24.0747.E1    (0)    7 :  0.011 0.096 0.017 0.028 0.785 0.063 
148 24.0748.E1    (6)    7 :  0.012 0.117 0.021 0.039 0.733 0.078 
149 24.0749.E1    (0)    7 :  0.011 0.011 0.016 0.011 0.670 0.280 
150 24.0750.E1    (0)    7 :  0.020 0.118 0.048 0.029 0.240 0.545 
151 24.0751.E1    (0)    7 :  0.009 0.007 0.008 0.006 0.958 0.012 
152 24.0752.E1    (0)    7 :  0.008 0.010 0.016 0.013 0.893 0.060 
153 24.0753.E1    (0)    7 :  0.145 0.013 0.013 0.008 0.607 0.214 
154 24.0754.E1    (0)    7 :  0.013 0.010 0.008 0.008 0.935 0.027 
155 24.0755.E1    (0)    7 :  0.024 0.110 0.022 0.032 0.783 0.029 
156 24.0756.E1    (0)    7 :  0.011 0.007 0.013 0.018 0.932 0.019 
157 24.0757.E1    (0)    7 :  0.006 0.005 0.005 0.004 0.974 0.006 
158 24.0758.E1    (0)    7 :  0.006 0.006 0.006 0.005 0.972 0.006 
159 24.0759.E1    (0)    7 :  0.008 0.011 0.011 0.008 0.938 0.024 
160 24.0760.E1    (0)    7 :  0.256 0.065 0.017 0.008 0.638 0.017 
161 24.0761.E1    (0)    7 :  0.011 0.006 0.005 0.006 0.965 0.007 
162 24.0762.E1    (0)    7 :  0.013 0.196 0.457 0.057 0.077 0.199 
163 24.0763.E1    (0)    7 :  0.006 0.008 0.006 0.005 0.965 0.011 
164 24.0764.E1    (0)    7 :  0.010 0.009 0.007 0.006 0.951 0.017 
165 24.0765.E1    (0)    7 :  0.023 0.010 0.011 0.012 0.932 0.013 
166 24.0766.E1    (0)    7 :  0.007 0.008 0.007 0.006 0.959 0.011 
167 24.0767.E1    (0)    7 :  0.006 0.006 0.005 0.006 0.969 0.009 
168 24.0768.E1    (0)    7 :  0.009 0.035 0.051 0.036 0.130 0.739 
169 24.0779.E1    (0)    8 :  0.011 0.862 0.033 0.013 0.058 0.023 
170 24.0780.E1    (6)    8 :  0.008 0.808 0.017 0.150 0.006 0.011 
171 24.0781.E1    (0)    8 :  0.007 0.956 0.012 0.011 0.008 0.006 
172 24.0782.E1    (0)    8 :  0.107 0.124 0.026 0.039 0.046 0.657 
173 24.0783.E1    (0)    8 :  0.023 0.487 0.166 0.290 0.010 0.024 
174 24.0784.E1    (0)    8 :  0.009 0.942 0.010 0.021 0.006 0.012 
175 24.0785.E1    (0)    8 :  0.007 0.732 0.076 0.167 0.006 0.012 
176 24.0786.E1    (0)    8 :  0.010 0.864 0.016 0.067 0.015 0.029 
177 24.0787.E1    (0)    8 :  0.038 0.887 0.013 0.016 0.026 0.020 
178 24.0788.E1    (0)    8 :  0.014 0.901 0.008 0.061 0.009 0.007 
179 24.0789.E1    (0)    8 :  0.049 0.692 0.050 0.118 0.012 0.079 
180 24.0790.E1    (0)    8 :  0.010 0.943 0.011 0.024 0.006 0.006 
181 24.0791.E1    (0)    8 :  0.007 0.291 0.607 0.015 0.011 0.070 
182 24.0792.E1    (0)    8 :  0.007 0.741 0.052 0.109 0.065 0.025 
183 24.0793.E1    (0)    9 :  0.281 0.030 0.333 0.326 0.009 0.022 
184 24.0794.E1    (0)    9 :  0.014 0.063 0.027 0.455 0.016 0.425 
185 24.0795.E1    (0)    9 :  0.302 0.034 0.051 0.147 0.018 0.449 
186 24.0796.E1    (0)    9 :  0.010 0.109 0.018 0.828 0.007 0.028 
187 24.0797.E1    (0)    9 :  0.073 0.086 0.203 0.614 0.005 0.019 
188 24.0798.E1    (0)    9 :  0.162 0.041 0.664 0.079 0.040 0.015 
189 24.0799.E1    (0)    9 :  0.019 0.017 0.892 0.044 0.009 0.019 
190 24.0800.E1    (0)    9 :  0.009 0.055 0.310 0.582 0.014 0.031 
191 24.0801.E1    (0)    9 :  0.014 0.036 0.916 0.017 0.009 0.008 
192 24.0802.E1    (0)    9 :  0.480 0.022 0.121 0.349 0.007 0.021 
193 24.0803.E1    (0)    9 :  0.101 0.013 0.835 0.029 0.007 0.014 
194 24.0804.E1    (0)    9 :  0.265 0.013 0.062 0.640 0.006 0.014 
195 24.0805.E1    (0)    9 :  0.014 0.295 0.633 0.027 0.012 0.019 
196 24.0806.E1    (0)    9 :  0.630 0.021 0.167 0.135 0.015 0.033 
197 24.0807.E1    (0)    9 :  0.350 0.030 0.123 0.475 0.006 0.015 
198 24.0808.E1    (0)    9 :  0.013 0.564 0.099 0.297 0.008 0.018 
199 24.0809.E1    (0)    9 :  0.011 0.234 0.477 0.194 0.018 0.067 
200 24.0810.E1    (0)    9 :  0.049 0.037 0.676 0.176 0.032 0.032 
201 24.0811.E1    (0)    9 :  0.195 0.024 0.054 0.686 0.007 0.033 
202 24.0812.E1    (0)    9 :  0.018 0.236 0.058 0.631 0.010 0.047 
203 24.0813.E1    (0)    9 :  0.244 0.530 0.076 0.128 0.010 0.013 
204 24.0814.E1    (6)    9 :  0.147 0.071 0.069 0.695 0.007 0.011 
205 24.0815.E1    (0)    9 :  0.310 0.118 0.484 0.068 0.012 0.009 
206 24.0816.E1    (0)    9 :  0.346 0.022 0.288 0.326 0.006 0.010 
207 24.0817.E1    (0)   10 :  0.010 0.022 0.020 0.914 0.009 0.025 
208 24.0818.E1    (0)   10 :  0.016 0.049 0.035 0.846 0.015 0.041 
209 24.0819.E1    (0)   10 :  0.011 0.017 0.643 0.106 0.211 0.012 
210 24.0820.E1    (0)   10 :  0.010 0.010 0.019 0.537 0.417 0.008 
211 24.0821.E1    (0)   10 :  0.017 0.220 0.447 0.287 0.009 0.020 
212 24.0822.E1    (0)   10 :  0.006 0.025 0.015 0.920 0.025 0.010 
213 24.0823.E1    (0)   10 :  0.014 0.012 0.022 0.836 0.104 0.011 
214 24.0824.E1    (0)   10 :  0.012 0.020 0.596 0.339 0.013 0.020 
215 24.0825.E1    (0)   10 :  0.009 0.013 0.008 0.948 0.012 0.010 
216 24.0826.E1    (0)   10 :  0.011 0.016 0.027 0.696 0.243 0.008 
217 24.0827.E1    (0)   10 :  0.012 0.019 0.014 0.910 0.007 0.038 
218 24.0828.E1    (0)   10 :  0.012 0.016 0.030 0.882 0.051 0.009 
219 24.0829.E1    (0)   10 :  0.008 0.014 0.020 0.931 0.017 0.009 
220 24.0830.E1    (0)   10 :  0.009 0.041 0.038 0.894 0.006 0.012 
221 24.0831.E1    (0)   10 :  0.008 0.091 0.080 0.807 0.006 0.008 
222 24.0832.E1    (0)   10 :  0.005 0.011 0.007 0.957 0.006 0.014 
223 24.0833.E1    (0)   10 :  0.006 0.010 0.005 0.965 0.007 0.007 
224 24.0834.E1    (0)   10 :  0.010 0.012 0.008 0.945 0.013 0.012 
225 24.0835.E1    (0)   10 :  0.010 0.014 0.026 0.923 0.007 0.021 
226 24.0836.E1    (0)   10 :  0.008 0.029 0.029 0.888 0.018 0.027 
227 24.0837.E1    (0)   10 :  0.006 0.018 0.013 0.943 0.010 0.011 
228 24.0838.E1    (0)   10 :  0.007 0.020 0.008 0.942 0.015 0.009 
229 24.0839.E1    (0)   10 :  0.029 0.073 0.104 0.673 0.040 0.080 
230 24.0840.E1    (0)   10 :  0.055 0.015 0.023 0.883 0.006 0.017 
231 24.0841.E1    (0)   11 :  0.006 0.018 0.027 0.905 0.025 0.021 
232 24.0842.E1    (0)   11 :  0.005 0.012 0.287 0.662 0.013 0.019 
233 24.0843.E1    (0)   11 :  0.009 0.016 0.279 0.658 0.031 0.007 
234 24.0844.E1    (0)   11 :  0.008 0.031 0.672 0.254 0.010 0.025 
235 24.0845.E1    (0)   11 :  0.008 0.053 0.027 0.895 0.007 0.009 
236 24.0846.E1    (0)   11 :  0.015 0.019 0.035 0.899 0.011 0.020 
237 24.0847.E1    (0)   11 :  0.010 0.031 0.029 0.844 0.019 0.066 
238 24.0848.E1    (0)   11 :  0.007 0.068 0.072 0.821 0.006 0.026 
239 24.0849.E1    (0)   11 :  0.006 0.009 0.011 0.952 0.013 0.009 
240 24.0850.E1    (0)   11 :  0.006 0.009 0.011 0.952 0.013 0.009 
241 24.0851.E1    (0)   11 :  0.006 0.009 0.011 0.952 0.013 0.009 
242 24.0852.E1    (0)   11 :  0.006 0.028 0.014 0.904 0.040 0.009 
243 24.0853.E1    (0)   11 :  0.008 0.009 0.008 0.955 0.014 0.007 
244 24.0854.E1    (0)   11 :  0.008 0.015 0.846 0.106 0.013 0.012 
245 24.0855.E1    (0)   11 :  0.007 0.010 0.014 0.951 0.009 0.009 
246 24.0856.E1    (0)   11 :  0.272 0.034 0.499 0.069 0.043 0.084 
247 24.0857.E1    (0)   11 :  0.016 0.033 0.067 0.829 0.019 0.036 
248 24.0858.E1    (0)   11 :  0.007 0.034 0.071 0.852 0.018 0.018 
249 24.0859.E1    (0)   11 :  0.016 0.014 0.031 0.820 0.106 0.014 
250 24.0860.E1    (0)   11 :  0.034 0.027 0.777 0.102 0.032 0.029 
251 24.0861.E1    (0)   11 :  0.006 0.009 0.010 0.952 0.014 0.008 
252 24.0862.E1    (0)   11 :  0.293 0.066 0.181 0.384 0.012 0.064 
253 24.0863.E1    (0)   11 :  0.006 0.010 0.010 0.952 0.014 0.008 
254 24.0864.E1    (0)   11 :  0.010 0.240 0.029 0.205 0.009 0.507 
255 24.0865.E1    (0)   12 :  0.018 0.172 0.016 0.317 0.456 0.021 
256 24.0866.E1    (0)   12 :  0.010 0.394 0.266 0.193 0.069 0.069 
257 24.0867.E1    (0)   12 :  0.070 0.258 0.063 0.158 0.414 0.037 
258 24.0868.E1    (0)   12 :  0.022 0.893 0.020 0.027 0.022 0.017 
259 24.0869.E1    (0)   12 :  0.030 0.829 0.013 0.087 0.015 0.025 
260 24.0870.E1    (0)   12 :  0.096 0.726 0.027 0.030 0.030 0.092 
261 24.0871.E1    (0)   12 :  0.071 0.466 0.079 0.049 0.013 0.323 
262 24.0872.E1    (0)   12 :  0.015 0.397 0.154 0.049 0.362 0.023 
263 24.0873.E1    (0)   12 :  0.024 0.748 0.035 0.098 0.045 0.051 
264 24.0874.E1    (0)   12 :  0.014 0.191 0.091 0.233 0.447 0.024 
265 24.0875.E1    (0)   12 :  0.014 0.374 0.541 0.014 0.019 0.037 
266 24.0876.E1    (0)   12 :  0.018 0.272 0.395 0.010 0.036 0.269 
267 24.0877.E1    (0)   12 :  0.008 0.018 0.029 0.008 0.057 0.880 
268 24.0878.E1    (0)   12 :  0.010 0.051 0.011 0.036 0.012 0.879 
269 24.0879.E1    (0)   12 :  0.013 0.023 0.172 0.009 0.008 0.775 
270 24.0880.E1    (0)   12 :  0.023 0.547 0.037 0.315 0.022 0.057 
271 24.0881.E1    (0)   12 :  0.010 0.008 0.010 0.008 0.016 0.949 
272 24.0882.E1    (0)   12 :  0.009 0.015 0.024 0.012 0.718 0.222 
273 24.0883.E1    (0)   12 :  0.014 0.020 0.204 0.015 0.348 0.399 
274 24.0884.E1    (0)   12 :  0.010 0.012 0.012 0.009 0.036 0.921 
275 24.0885.E1    (0)   12 :  0.015 0.066 0.017 0.011 0.012 0.879 
276 24.0886.E1    (0)   12 :  0.006 0.021 0.054 0.015 0.214 0.690 
277 24.0887.E1    (0)   12 :  0.013 0.011 0.179 0.006 0.725 0.067 
278 24.0888.E1    (0)   12 :  0.010 0.912 0.038 0.011 0.008 0.021 


Estimated Allele Frequencies in each cluster
First column gives estimated ancestral frequencies


Locus 1 : 
31 alleles
0.0% missing data
 115   (0.035) 0.004 0.019 0.017 0.004 0.032 0.150 
 117   (0.040) 0.004 0.013 0.043 0.003 0.166 0.178 
 119   (0.043) 0.204 0.008 0.007 0.003 0.266 0.225 
 131   (0.014) 0.001 0.003 0.002 0.002 0.003 0.039 
 128   (0.035) 0.004 0.030 0.025 0.015 0.004 0.044 
 135   (0.017) 0.002 0.004 0.003 0.002 0.005 0.046 
 126   (0.079) 0.015 0.067 0.069 0.165 0.086 0.072 
 122   (0.033) 0.153 0.018 0.045 0.004 0.002 0.012 
 132   (0.033) 0.006 0.024 0.018 0.029 0.017 0.006 
 141   (0.011) 0.003 0.002 0.002 0.001 0.001 0.007 
 130   (0.052) 0.025 0.092 0.051 0.027 0.023 0.010 
 134   (0.034) 0.115 0.030 0.011 0.042 0.003 0.004 
 145   (0.027) 0.012 0.014 0.014 0.021 0.021 0.004 
 127   (0.027) 0.030 0.006 0.005 0.002 0.143 0.023 
 116   (0.108) 0.192 0.233 0.106 0.201 0.040 0.034 
 114   (0.051) 0.092 0.043 0.063 0.152 0.009 0.007 
 120   (0.041) 0.074 0.041 0.075 0.003 0.004 0.010 
 110   (0.046) 0.024 0.018 0.053 0.054 0.022 0.038 
 133   (0.015) 0.007 0.003 0.008 0.001 0.012 0.003 
 118   (0.093) 0.014 0.255 0.337 0.209 0.033 0.017 
 125   (0.014) 0.003 0.005 0.005 0.009 0.001 0.002 
 129   (0.022) 0.002 0.007 0.010 0.001 0.008 0.037 
 124   (0.018) 0.002 0.012 0.015 0.002 0.002 0.006 
 136   (0.023) 0.002 0.026 0.003 0.037 0.002 0.004 
 121   (0.015) 0.001 0.003 0.002 0.001 0.056 0.006 
 139   (0.012) 0.001 0.002 0.002 0.001 0.001 0.009 
 113   (0.011) 0.001 0.002 0.002 0.001 0.012 0.001 
 111   (0.012) 0.001 0.002 0.002 0.001 0.012 0.002 
 143   (0.011) 0.001 0.002 0.002 0.001 0.012 0.001 
 140   (0.014) 0.003 0.015 0.003 0.001 0.001 0.002 
 112   (0.012) 0.001 0.002 0.002 0.008 0.001 0.001 

Locus 2 : 
18 alleles
0.0% missing data
 152   (0.378) 0.438 0.378 0.455 0.275 0.740 0.588 
 148   (0.064) 0.182 0.031 0.031 0.005 0.057 0.179 
 154   (0.110) 0.239 0.116 0.056 0.153 0.057 0.057 
 156   (0.017) 0.003 0.006 0.005 0.002 0.001 0.011 
 150   (0.025) 0.051 0.005 0.005 0.002 0.040 0.006 
 164   (0.075) 0.020 0.081 0.046 0.081 0.014 0.082 
 158   (0.032) 0.020 0.007 0.077 0.002 0.009 0.017 
 160   (0.018) 0.002 0.012 0.003 0.001 0.020 0.002 
 166   (0.022) 0.009 0.016 0.021 0.002 0.002 0.004 
 151   (0.070) 0.007 0.150 0.111 0.352 0.006 0.009 
 147   (0.065) 0.010 0.120 0.142 0.105 0.009 0.008 
 168   (0.023) 0.003 0.020 0.015 0.004 0.003 0.005 
 153   (0.015) 0.002 0.014 0.004 0.002 0.002 0.002 
 149   (0.025) 0.002 0.017 0.018 0.002 0.011 0.004 
 162   (0.019) 0.009 0.008 0.005 0.010 0.003 0.005 
 167   (0.014) 0.001 0.002 0.002 0.001 0.001 0.018 
 146   (0.013) 0.001 0.002 0.002 0.001 0.025 0.001 
 172   (0.014) 0.001 0.017 0.002 0.001 0.001 0.001 

Locus 3 : 
4 alleles
0.0% missing data
 128   (0.294) 0.284 0.260 0.289 0.375 0.395 0.240 
 126   (0.612) 0.653 0.696 0.617 0.536 0.597 0.692 
 132   (0.078) 0.056 0.041 0.073 0.088 0.007 0.066 
 134   (0.016) 0.007 0.003 0.020 0.001 0.001 0.002 

Locus 4 : 
3 alleles
0.0% missing data
 170   (0.317) 0.392 0.301 0.287 0.338 0.263 0.284 
 172   (0.670) 0.601 0.695 0.711 0.660 0.734 0.714 
 171   (0.013) 0.007 0.004 0.002 0.002 0.003 0.002 

Locus 5 : 
37 alleles
0.0% missing data
 125   (0.054) 0.055 0.028 0.077 0.079 0.050 0.051 
 110   (0.035) 0.032 0.008 0.047 0.063 0.012 0.027 
 129   (0.036) 0.004 0.060 0.032 0.032 0.003 0.047 
 113   (0.034) 0.013 0.085 0.027 0.037 0.003 0.012 
 145   (0.054) 0.006 0.047 0.047 0.027 0.103 0.212 
 155   (0.047) 0.180 0.021 0.044 0.041 0.015 0.128 
 117   (0.030) 0.006 0.053 0.007 0.003 0.042 0.036 
 124   (0.010) 0.001 0.002 0.001 0.001 0.001 0.017 
 133   (0.035) 0.003 0.052 0.017 0.003 0.067 0.035 
 157   (0.046) 0.020 0.100 0.135 0.029 0.022 0.007 
 141   (0.016) 0.002 0.026 0.003 0.003 0.001 0.005 
 112   (0.069) 0.166 0.051 0.040 0.144 0.146 0.081 
 121   (0.021) 0.023 0.013 0.010 0.026 0.003 0.005 
 114   (0.044) 0.018 0.038 0.009 0.046 0.174 0.055 
 153   (0.045) 0.010 0.032 0.205 0.087 0.004 0.060 
 127   (0.068) 0.036 0.111 0.040 0.133 0.096 0.068 
 131   (0.061) 0.192 0.027 0.093 0.042 0.167 0.053 
 135   (0.029) 0.006 0.031 0.043 0.052 0.003 0.008 
 104   (0.009) 0.007 0.003 0.001 0.001 0.003 0.001 
 118   (0.019) 0.012 0.011 0.006 0.001 0.003 0.017 
 116   (0.028) 0.049 0.013 0.017 0.013 0.004 0.018 
 137   (0.019) 0.132 0.010 0.012 0.002 0.005 0.007 
 123   (0.019) 0.005 0.004 0.018 0.061 0.002 0.008 
 149   (0.010) 0.001 0.004 0.002 0.004 0.001 0.004 
 138   (0.014) 0.001 0.036 0.003 0.002 0.001 0.002 
 143   (0.025) 0.003 0.013 0.014 0.040 0.059 0.003 
 163   (0.010) 0.006 0.005 0.002 0.001 0.001 0.002 
 109   (0.011) 0.001 0.015 0.002 0.001 0.001 0.003 
 139   (0.010) 0.001 0.008 0.003 0.001 0.001 0.001 
 106   (0.010) 0.001 0.008 0.002 0.001 0.001 0.001 
 144   (0.014) 0.001 0.026 0.010 0.001 0.001 0.002 
 122   (0.011) 0.001 0.002 0.002 0.001 0.004 0.014 
 100   (0.017) 0.004 0.016 0.014 0.015 0.001 0.003 
 111   (0.011) 0.001 0.023 0.002 0.001 0.001 0.001 
 233   (0.010) 0.001 0.004 0.007 0.002 0.001 0.001 
 134   (0.010) 0.001 0.003 0.002 0.006 0.001 0.001 
 140   (0.011) 0.001 0.009 0.002 0.001 0.001 0.001 

Locus 6 : 
17 alleles
0.0% missing data
 221   (0.026) 0.003 0.005 0.004 0.002 0.068 0.102 
 232   (0.237) 0.149 0.295 0.315 0.428 0.456 0.171 
 229   (0.054) 0.045 0.012 0.029 0.052 0.047 0.090 
 223   (0.056) 0.008 0.031 0.084 0.038 0.008 0.101 
 230   (0.157) 0.149 0.221 0.108 0.147 0.272 0.113 
 235   (0.015) 0.002 0.003 0.002 0.001 0.001 0.050 
 236   (0.041) 0.032 0.025 0.017 0.007 0.007 0.069 
 227   (0.020) 0.002 0.005 0.010 0.001 0.002 0.051 
 220   (0.054) 0.165 0.044 0.054 0.074 0.004 0.008 
 222   (0.042) 0.275 0.052 0.047 0.008 0.003 0.005 
 234   (0.139) 0.140 0.143 0.191 0.096 0.092 0.132 
 224   (0.035) 0.004 0.027 0.052 0.041 0.002 0.004 
 228   (0.055) 0.007 0.120 0.065 0.062 0.005 0.014 
 225   (0.012) 0.005 0.003 0.002 0.002 0.001 0.005 
 226   (0.019) 0.009 0.004 0.006 0.039 0.001 0.005 
 233   (0.025) 0.002 0.007 0.012 0.002 0.030 0.047 
 231   (0.014) 0.001 0.003 0.002 0.001 0.001 0.034 

Locus 7 : 
10 alleles
0.0% missing data
 121   (0.695) 0.806 0.827 0.726 0.735 0.754 0.863 
 129   (0.076) 0.010 0.033 0.054 0.140 0.098 0.084 
 130   (0.016) 0.006 0.003 0.016 0.003 0.002 0.002 
 123   (0.096) 0.121 0.059 0.129 0.113 0.090 0.028 
 128   (0.022) 0.026 0.004 0.010 0.001 0.020 0.003 
 131   (0.016) 0.023 0.003 0.006 0.002 0.002 0.002 
 117   (0.013) 0.001 0.009 0.002 0.001 0.001 0.001 
 125   (0.013) 0.001 0.002 0.025 0.001 0.001 0.001 
 134   (0.038) 0.006 0.054 0.030 0.003 0.013 0.013 
 132   (0.014) 0.001 0.004 0.002 0.001 0.020 0.002 

Locus 8 : 
19 alleles
0.0% missing data
 184   (0.297) 0.455 0.369 0.508 0.308 0.378 0.476 
 194   (0.047) 0.022 0.062 0.015 0.009 0.032 0.031 
 178   (0.090) 0.173 0.052 0.034 0.196 0.076 0.177 
 176   (0.079) 0.011 0.102 0.078 0.048 0.190 0.052 
 182   (0.083) 0.032 0.091 0.078 0.065 0.171 0.050 
 190   (0.034) 0.058 0.008 0.027 0.013 0.034 0.006 
 196   (0.022) 0.002 0.013 0.003 0.040 0.002 0.009 
 200   (0.031) 0.007 0.018 0.038 0.002 0.010 0.013 
 180   (0.025) 0.059 0.005 0.047 0.003 0.002 0.007 
 188   (0.037) 0.007 0.042 0.007 0.048 0.006 0.025 
 174   (0.044) 0.019 0.037 0.039 0.003 0.034 0.031 
 186   (0.114) 0.126 0.165 0.064 0.207 0.056 0.106 
 192   (0.025) 0.011 0.006 0.014 0.044 0.003 0.009 
 201   (0.012) 0.009 0.002 0.006 0.001 0.001 0.001 
 199   (0.016) 0.005 0.006 0.025 0.004 0.001 0.002 
 185   (0.011) 0.001 0.005 0.002 0.004 0.001 0.001 
 203   (0.011) 0.001 0.008 0.002 0.001 0.001 0.002 
 198   (0.011) 0.001 0.007 0.003 0.002 0.001 0.001 
 209   (0.011) 0.001 0.002 0.010 0.002 0.001 0.001 

Locus 9 : 
6 alleles
0.4% missing data
 154   (0.689) 0.797 0.753 0.695 0.829 0.667 0.700 
 156   (0.212) 0.192 0.188 0.276 0.082 0.319 0.185 
 152   (0.047) 0.004 0.031 0.008 0.083 0.006 0.066 
 153   (0.015) 0.003 0.012 0.004 0.003 0.001 0.003 
 160   (0.015) 0.001 0.009 0.014 0.001 0.001 0.002 
 164   (0.022) 0.002 0.008 0.003 0.001 0.006 0.044 

Locus 10 : 
29 alleles
0.7% missing data
 305   (0.063) 0.244 0.069 0.030 0.012 0.009 0.081 
 313   (0.048) 0.011 0.038 0.019 0.025 0.005 0.109 
 311   (0.015) 0.001 0.004 0.007 0.001 0.001 0.012 
 299   (0.097) 0.027 0.081 0.137 0.193 0.030 0.214 
 315   (0.078) 0.058 0.113 0.024 0.015 0.079 0.069 
 287   (0.027) 0.005 0.007 0.365 0.004 0.004 0.012 
 291   (0.117) 0.056 0.196 0.034 0.308 0.036 0.142 
 295   (0.028) 0.004 0.029 0.004 0.003 0.002 0.122 
 289   (0.017) 0.002 0.004 0.100 0.001 0.001 0.002 
 303   (0.044) 0.028 0.027 0.008 0.153 0.534 0.008 
 297   (0.038) 0.005 0.009 0.017 0.071 0.111 0.039 
 293   (0.020) 0.002 0.012 0.067 0.001 0.001 0.019 
 301   (0.055) 0.104 0.086 0.012 0.008 0.006 0.058 
 285   (0.020) 0.333 0.005 0.023 0.004 0.002 0.002 
 307   (0.056) 0.025 0.039 0.016 0.060 0.161 0.032 
 312   (0.055) 0.051 0.092 0.035 0.060 0.005 0.010 
 306   (0.026) 0.003 0.056 0.004 0.003 0.002 0.010 
 320   (0.014) 0.001 0.017 0.002 0.001 0.001 0.002 
 317   (0.021) 0.002 0.018 0.004 0.032 0.001 0.012 
 314   (0.026) 0.002 0.013 0.015 0.002 0.002 0.026 
 323   (0.013) 0.001 0.006 0.006 0.001 0.001 0.002 
 325   (0.012) 0.001 0.006 0.006 0.001 0.001 0.002 
 310   (0.017) 0.002 0.012 0.007 0.020 0.001 0.003 
 309   (0.013) 0.002 0.015 0.004 0.001 0.001 0.002 
 316   (0.019) 0.002 0.021 0.003 0.006 0.001 0.002 
 296   (0.012) 0.001 0.008 0.002 0.001 0.001 0.001 
 304   (0.020) 0.025 0.004 0.016 0.010 0.001 0.002 
 321   (0.014) 0.003 0.006 0.017 0.001 0.001 0.002 
 332   (0.014) 0.001 0.007 0.016 0.002 0.001 0.002 

Locus 11 : 
19 alleles
0.0% missing data
 114   (0.142) 0.273 0.181 0.066 0.013 0.211 0.229 
 126   (0.020) 0.009 0.004 0.003 0.001 0.004 0.046 
 111   (0.091) 0.042 0.027 0.226 0.556 0.007 0.155 
 116   (0.102) 0.032 0.070 0.132 0.016 0.216 0.129 
 132   (0.013) 0.001 0.003 0.002 0.001 0.001 0.008 
 109   (0.016) 0.001 0.003 0.002 0.001 0.001 0.035 
 128   (0.018) 0.002 0.011 0.003 0.002 0.001 0.008 
 112   (0.328) 0.569 0.551 0.302 0.053 0.502 0.302 
 122   (0.017) 0.007 0.008 0.004 0.002 0.008 0.002 
 124   (0.013) 0.016 0.002 0.002 0.001 0.002 0.002 
 118   (0.050) 0.021 0.029 0.081 0.008 0.031 0.028 
 127   (0.014) 0.001 0.009 0.002 0.001 0.001 0.002 
 113   (0.045) 0.009 0.030 0.068 0.291 0.004 0.007 
 115   (0.036) 0.005 0.017 0.068 0.004 0.003 0.028 
 120   (0.023) 0.002 0.012 0.004 0.036 0.001 0.004 
 117   (0.023) 0.003 0.012 0.016 0.006 0.002 0.004 
 125   (0.020) 0.002 0.019 0.011 0.002 0.001 0.003 
 119   (0.016) 0.004 0.010 0.004 0.006 0.001 0.002 
 136   (0.012) 0.001 0.002 0.004 0.001 0.001 0.008 

Locus 12 : 
28 alleles
0.7% missing data
 306   (0.064) 0.269 0.046 0.038 0.018 0.009 0.080 
 314   (0.053) 0.006 0.028 0.028 0.073 0.005 0.097 
 312   (0.014) 0.001 0.003 0.002 0.001 0.001 0.018 
 300   (0.108) 0.028 0.082 0.138 0.192 0.032 0.226 
 316   (0.043) 0.050 0.010 0.007 0.013 0.073 0.063 
 288   (0.027) 0.005 0.006 0.356 0.003 0.004 0.011 
 292   (0.124) 0.056 0.198 0.041 0.310 0.037 0.144 
 296   (0.033) 0.004 0.037 0.005 0.004 0.003 0.122 
 290   (0.018) 0.002 0.004 0.100 0.001 0.001 0.002 
 304   (0.046) 0.027 0.028 0.009 0.153 0.538 0.009 
 298   (0.039) 0.005 0.009 0.017 0.070 0.112 0.040 
 294   (0.021) 0.003 0.012 0.068 0.001 0.001 0.020 
 302   (0.058) 0.102 0.086 0.012 0.008 0.006 0.059 
 286   (0.020) 0.342 0.005 0.024 0.004 0.002 0.002 
 308   (0.034) 0.023 0.021 0.012 0.002 0.154 0.015 
 313   (0.046) 0.052 0.109 0.031 0.005 0.004 0.011 
 307   (0.046) 0.004 0.072 0.007 0.066 0.006 0.026 
 321   (0.014) 0.001 0.017 0.002 0.001 0.001 0.002 
 315   (0.049) 0.006 0.113 0.033 0.005 0.004 0.032 
 318   (0.017) 0.001 0.016 0.003 0.034 0.001 0.003 
 324   (0.012) 0.001 0.006 0.006 0.001 0.001 0.002 
 326   (0.013) 0.001 0.006 0.006 0.001 0.001 0.002 
 311   (0.025) 0.002 0.017 0.020 0.028 0.002 0.006 
 310   (0.015) 0.002 0.016 0.004 0.001 0.001 0.002 
 305   (0.015) 0.001 0.024 0.002 0.001 0.001 0.002 
 317   (0.015) 0.001 0.017 0.002 0.001 0.001 0.002 
 320   (0.014) 0.001 0.005 0.009 0.001 0.001 0.002 
 322   (0.015) 0.003 0.006 0.017 0.001 0.001 0.002 

Locus 13 : 
7 alleles
1.1% missing data
 161   (0.600) 0.125 0.639 0.573 0.371 0.892 0.686 
 163   (0.294) 0.067 0.334 0.407 0.550 0.038 0.239 
 160   (0.018) 0.398 0.004 0.004 0.001 0.001 0.002 
 162   (0.017) 0.402 0.003 0.002 0.001 0.001 0.002 
 165   (0.042) 0.006 0.014 0.010 0.075 0.005 0.063 
 166   (0.014) 0.002 0.004 0.003 0.001 0.003 0.006 
 164   (0.015) 0.001 0.003 0.002 0.001 0.060 0.002 

Locus 14 : 
4 alleles
0.4% missing data
  98   (0.955) 0.996 0.980 0.993 0.997 0.984 0.987 
 100   (0.014) 0.001 0.008 0.002 0.001 0.003 0.002 
  96   (0.018) 0.002 0.004 0.003 0.001 0.012 0.010 
 105   (0.014) 0.001 0.009 0.002 0.001 0.001 0.002 

Locus 15 : 
12 alleles
2.2% missing data
 171   (0.301) 0.200 0.316 0.403 0.326 0.194 0.370 
 177   (0.186) 0.302 0.190 0.251 0.089 0.074 0.197 
 173   (0.256) 0.204 0.309 0.170 0.537 0.099 0.319 
 179   (0.099) 0.267 0.052 0.117 0.020 0.504 0.064 
 183   (0.021) 0.003 0.007 0.006 0.003 0.011 0.020 
 181   (0.041) 0.005 0.045 0.007 0.019 0.094 0.008 
 197   (0.024) 0.002 0.024 0.003 0.002 0.017 0.009 
 170   (0.015) 0.002 0.013 0.007 0.001 0.001 0.002 
 189   (0.015) 0.011 0.011 0.003 0.001 0.001 0.003 
 203   (0.016) 0.001 0.022 0.002 0.001 0.001 0.004 
 187   (0.015) 0.001 0.005 0.021 0.001 0.001 0.002 
 198   (0.013) 0.001 0.005 0.009 0.001 0.001 0.001 

Values of parameters used in structure:
DATAFILE=STRUCTURE_main_final_278_HEG_ZG.str,	OUTFILE=STRUCTURE_main_final_278_HEG_ZG-K6-12,	NUMINDS=278,	NUMLOCI=15,	MISSING=-9,	LABEL=1,	POPDATA=1,	POPFLAG=0,	PHENOTYPE=0,	EXTRACOLS=0,	MAXPOPS=6,	BURNIN=100000,	NUMREPS=500000,	USEPOPINFO=0,	INFERALPHA=1,	INFERLAMBDA=0,	POPSPECIFICLAMBDA=0,	POPALPHAS=0,	COMPUTEPROB=1,	NOADMIX=0,	ADMBURNIN=2500,	UPDATEFREQ=1,	PRINTLIKES=0,	INTERMEDSAVE=0,	PRINTKLD=0,	PRINTNET=0,	PRINTLAMBDA=0,	ANCESTDIST=0,	NUMBOXES=1000,	ANCESTPINT=0.90000,	GENSBACK=2,	MIGRPRIOR=0.05000,	PRINTQHAT=0,	PRINTQSUM=0,	ALPHA=1.0000,	FREQSCORR=1,	FPRIORMEAN=0.0100,	FPRIORSD=0.0500,	ONEFST=0,	LAMBDA=1.0000,	UNIFPRIORALPHA=1,	ALPHAMAX=10.0000,	ALPHAPRIORA=1.0000,	ALPHAPRIORB=2.0000,	ALPHAPROPSD=0.0250,	STARTATPOPINFO=0,	RANDOMIZE=1,	LINKAGE=0,	METROFREQ=10,	REPORTHITRATE=0,	MARKOVPHASE=-1,	PHASED=0,	PLOIDY=2,	PHASEINFO=0	LOCPRIOR=0, 	LOCPRIORINIT=1.000000, 	LOCDATA=0, 	LOCISPOP=0, 	LOCPRIORSTEP=0.100000, 	MAXLOCPRIOR=20.000000, 	SEED=1782481576,	
[STRAT parameters]:    NUMSIMSTATS=1000,	PHENOTYPECOL=-9,	POOLFREQ=10,	LOCUSxONLY=0,	EMERROR=0.00100,	MISSINGPHENO=-9,	