

----------------------------------------------------
STRUCTURE by Pritchard, Stephens and Donnelly (2000)
     and Falush, Stephens and Pritchard (2003)
       Code by Pritchard, Falush and Hubisz
             Version 2.3.4 (Jul 2012)
----------------------------------------------------



Command line arguments:   structure -K 5 -i STRUCTURE_main_final_278_HEG_ZG.str -o STRUCTURE_main_final_278_HEG_ZG-K5-1 
Input File:    STRUCTURE_main_final_278_HEG_ZG.str

Run parameters:
   278 individuals
   15 loci
   5 populations assumed
   100000 Burn-in period
   500000 Reps


--------------------------------------------
Proportion of membership of each pre-defined
 population in each of the 5 clusters

Given    Inferred Clusters                     Number of
 Pop       1      2      3      4      5      Individuals

  1:     0.059  0.111  0.711  0.060  0.059       24
  2:     0.057  0.020  0.032  0.071  0.821       24
  3:     0.394  0.252  0.028  0.302  0.024       24
  4:     0.100  0.072  0.303  0.445  0.079       24
  5:     0.330  0.030  0.070  0.500  0.070       24
  6:     0.027  0.021  0.785  0.033  0.134       24
  7:     0.023  0.014  0.138  0.038  0.788       24
  8:     0.047  0.080  0.067  0.786  0.020       14
  9:     0.638  0.220  0.049  0.078  0.015       24
 10:     0.104  0.815  0.021  0.030  0.030       24
 11:     0.260  0.655  0.033  0.039  0.013       24
 12:     0.042  0.094  0.351  0.354  0.159       24
--------------------------------------------

Allele-freq. divergence among pops (Net nucleotide distance),
computed using point estimates of P.

      1       2       3       4       5      
 1      -    0.0336  0.0274  0.0226  0.0499  
 2   0.0336     -    0.0505  0.0401  0.0730  
 3   0.0274  0.0505     -    0.0203  0.0358  
 4   0.0226  0.0401  0.0203     -    0.0378  
 5   0.0499  0.0730  0.0358  0.0378     -    

Average distances (expected heterozygosity) between individuals in same cluster:
cluster  1  : 0.6498 
cluster  2  : 0.6194 
cluster  3  : 0.6260 
cluster  4  : 0.6405 
cluster  5  : 0.6276 

--------------------------------------------
Estimated Ln Prob of Data   = -12934.1
Mean value of ln likelihood = -12497.8
Variance of ln likelihood   = 872.6
Mean value of alpha         = 0.0568

Mean value of Fst_1         = 0.0647
Mean value of Fst_2         = 0.1217
Mean value of Fst_3         = 0.0648
Mean value of Fst_4         = 0.0396
Mean value of Fst_5         = 0.1067


Inferred ancestry of individuals:
        Label (%Miss) Pop:  Inferred clusters
  1 24.0601.E1    (0)    1 :  0.021 0.011 0.916 0.011 0.041 
  2 24.0602.E1    (0)    1 :  0.028 0.020 0.929 0.013 0.009 
  3 24.0603.E1    (0)    1 :  0.021 0.007 0.923 0.039 0.010 
  4 24.0604.E1    (0)    1 :  0.059 0.022 0.896 0.013 0.010 
  5 24.0605.E1    (0)    1 :  0.025 0.014 0.931 0.012 0.018 
  6 24.0606.E1    (0)    1 :  0.018 0.016 0.941 0.012 0.014 
  7 24.0607.E1    (0)    1 :  0.735 0.009 0.162 0.017 0.077 
  8 24.0608.E1    (0)    1 :  0.016 0.226 0.708 0.009 0.042 
  9 24.0609.E1    (0)    1 :  0.012 0.564 0.272 0.145 0.007 
 10 24.0610.E1    (0)    1 :  0.009 0.254 0.661 0.067 0.008 
 11 24.0611.E1    (0)    1 :  0.030 0.026 0.921 0.014 0.008 
 12 24.0612.E1    (0)    1 :  0.033 0.009 0.918 0.012 0.028 
 13 24.0613.E1    (0)    1 :  0.008 0.016 0.960 0.009 0.007 
 14 24.0614.E1    (0)    1 :  0.051 0.205 0.608 0.011 0.124 
 15 24.0615.E1    (0)    1 :  0.052 0.250 0.618 0.014 0.067 
 16 24.0616.E1    (0)    1 :  0.015 0.013 0.955 0.008 0.009 
 17 24.0617.E1    (0)    1 :  0.019 0.548 0.362 0.017 0.055 
 18 24.0618.E1    (0)    1 :  0.042 0.110 0.807 0.030 0.011 
 19 24.0619.E1    (0)    1 :  0.033 0.021 0.554 0.380 0.011 
 20 24.0620.E1   (20)    1 :  0.034 0.047 0.172 0.116 0.631 
 21 24.0621.E1    (0)    1 :  0.070 0.187 0.331 0.404 0.007 
 22 24.0622.E1    (0)    1 :  0.007 0.010 0.943 0.020 0.020 
 23 24.0623.E1    (0)    1 :  0.067 0.064 0.608 0.068 0.192 
 24 24.0624.E1    (0)    1 :  0.008 0.011 0.968 0.006 0.007 
 25 24.0625.E1    (0)    2 :  0.061 0.020 0.032 0.085 0.803 
 26 24.0626.E1    (0)    2 :  0.010 0.011 0.008 0.008 0.963 
 27 24.0627.E1    (0)    2 :  0.336 0.010 0.011 0.031 0.613 
 28 24.0628.E1    (0)    2 :  0.009 0.095 0.031 0.104 0.761 
 29 24.0629.E1    (0)    2 :  0.056 0.020 0.120 0.013 0.791 
 30 24.0630.E1    (0)    2 :  0.014 0.008 0.011 0.016 0.951 
 31 24.0631.E1    (0)    2 :  0.009 0.004 0.009 0.006 0.972 
 32 24.0632.E1    (0)    2 :  0.027 0.011 0.020 0.010 0.932 
 33 24.0633.E1    (0)    2 :  0.012 0.038 0.020 0.287 0.643 
 34 24.0634.E1    (0)    2 :  0.019 0.012 0.012 0.019 0.938 
 35 24.0635.E1    (0)    2 :  0.044 0.054 0.025 0.368 0.509 
 36 24.0636.E1   (33)    2 :  0.012 0.010 0.088 0.052 0.838 
 37 24.0637.E1    (0)    2 :  0.014 0.004 0.006 0.009 0.968 
 38 24.0638.E1    (0)    2 :  0.018 0.007 0.013 0.266 0.695 
 39 24.0639.E1    (0)    2 :  0.103 0.055 0.060 0.009 0.774 
 40 24.0640.E1    (0)    2 :  0.015 0.009 0.014 0.010 0.952 
 41 24.0641.E1    (0)    2 :  0.291 0.012 0.135 0.119 0.443 
 42 24.0642.E1    (0)    2 :  0.007 0.006 0.086 0.205 0.696 
 43 24.0643.E1    (0)    2 :  0.259 0.009 0.021 0.012 0.700 
 44 24.0644.E1    (0)    2 :  0.011 0.027 0.010 0.017 0.934 
 45 24.0645.E1    (0)    2 :  0.008 0.016 0.013 0.012 0.951 
 46 24.0646.E1    (0)    2 :  0.011 0.028 0.010 0.017 0.933 
 47 24.0647.E1    (0)    2 :  0.013 0.004 0.006 0.009 0.968 
 48 24.0648.E1    (0)    2 :  0.013 0.004 0.006 0.009 0.968 
 49 24.0649.E1    (0)    3 :  0.061 0.043 0.010 0.880 0.005 
 50 24.0650.E1    (0)    3 :  0.037 0.311 0.078 0.570 0.005 
 51 24.0651.E1    (0)    3 :  0.881 0.009 0.013 0.064 0.032 
 52 24.0652.E1    (0)    3 :  0.020 0.611 0.037 0.326 0.006 
 53 24.0653.E1    (0)    3 :  0.937 0.022 0.007 0.025 0.009 
 54 24.0654.E1    (0)    3 :  0.014 0.602 0.010 0.364 0.010 
 55 24.0655.E1    (0)    3 :  0.376 0.175 0.073 0.348 0.027 
 56 24.0656.E1    (0)    3 :  0.012 0.750 0.020 0.198 0.021 
 57 24.0657.E1    (0)    3 :  0.012 0.739 0.020 0.209 0.019 
 58 24.0658.E1    (0)    3 :  0.182 0.085 0.029 0.694 0.009 
 59 24.0659.E1    (0)    3 :  0.666 0.080 0.079 0.169 0.006 
 60 24.0660.E1    (6)    3 :  0.063 0.010 0.037 0.879 0.010 
 61 24.0661.E1    (0)    3 :  0.017 0.831 0.014 0.102 0.037 
 62 24.0662.E1    (0)    3 :  0.831 0.027 0.047 0.078 0.018 
 63 24.0663.E1    (0)    3 :  0.021 0.827 0.009 0.135 0.008 
 64 24.0664.E1    (0)    3 :  0.019 0.344 0.008 0.591 0.038 
 65 24.0665.E1    (0)    3 :  0.061 0.150 0.009 0.536 0.244 
 66 24.0666.E1    (0)    3 :  0.933 0.017 0.026 0.017 0.007 
 67 24.0667.E1    (0)    3 :  0.900 0.010 0.013 0.070 0.007 
 68 24.0668.E1    (0)    3 :  0.975 0.007 0.005 0.008 0.005 
 69 24.0669.E1    (0)    3 :  0.974 0.007 0.006 0.008 0.006 
 70 24.0670.E1    (0)    3 :  0.839 0.089 0.013 0.052 0.007 
 71 24.0671.E1    (0)    3 :  0.121 0.285 0.019 0.548 0.027 
 72 24.0672.E1    (0)    3 :  0.512 0.011 0.086 0.384 0.007 
 73 24.0673.E1    (6)    4 :  0.023 0.106 0.238 0.080 0.552 
 74 24.0674.E1    (0)    4 :  0.013 0.013 0.857 0.073 0.044 
 75 24.0675.E1    (0)    4 :  0.018 0.137 0.083 0.686 0.076 
 76 24.0676.E1    (0)    4 :  0.017 0.386 0.058 0.508 0.031 
 77 24.0677.E1    (0)    4 :  0.714 0.147 0.078 0.053 0.009 
 78 24.0678.E1    (0)    4 :  0.546 0.014 0.258 0.141 0.042 
 79 24.0679.E1    (0)    4 :  0.030 0.078 0.192 0.692 0.008 
 80 24.0680.E1    (0)    4 :  0.016 0.009 0.032 0.931 0.011 
 81 24.0681.E1    (0)    4 :  0.010 0.009 0.095 0.871 0.015 
 82 24.0682.E1    (0)    4 :  0.007 0.010 0.166 0.791 0.027 
 83 24.0683.E1    (0)    4 :  0.028 0.013 0.854 0.063 0.042 
 84 24.0684.E1    (0)    4 :  0.017 0.015 0.677 0.105 0.186 
 85 24.0685.E1    (0)    4 :  0.021 0.013 0.746 0.196 0.023 
 86 24.0686.E1    (0)    4 :  0.198 0.013 0.125 0.616 0.049 
 87 24.0687.E1    (0)    4 :  0.122 0.015 0.124 0.547 0.192 
 88 24.0688.E1    (0)    4 :  0.007 0.006 0.025 0.949 0.012 
 89 24.0689.E1    (0)    4 :  0.019 0.494 0.194 0.220 0.073 
 90 24.0690.E1    (0)    4 :  0.538 0.010 0.064 0.361 0.026 
 91 24.0691.E1    (0)    4 :  0.008 0.022 0.833 0.127 0.011 
 92 24.0692.E1    (0)    4 :  0.008 0.018 0.021 0.942 0.011 
 93 24.0693.E1    (0)    4 :  0.015 0.138 0.038 0.394 0.414 
 94 24.0694.E1    (0)    4 :  0.008 0.008 0.035 0.935 0.015 
 95 24.0695.E1    (0)    4 :  0.010 0.030 0.790 0.161 0.009 
 96 24.0696.E1    (0)    4 :  0.017 0.018 0.685 0.251 0.028 
 97 24.0697.E1    (0)    5 :  0.036 0.015 0.077 0.777 0.096 
 98 24.0698.E1    (0)    5 :  0.643 0.020 0.162 0.070 0.105 
 99 24.0699.E1    (0)    5 :  0.925 0.011 0.024 0.031 0.009 
100 24.0700.E1    (0)    5 :  0.026 0.008 0.010 0.950 0.007 
101 24.0701.E1    (0)    5 :  0.954 0.009 0.009 0.009 0.019 
102 24.0702.E1    (0)    5 :  0.036 0.011 0.016 0.906 0.030 
103 24.0703.E1    (0)    5 :  0.944 0.007 0.014 0.024 0.011 
104 24.0704.E1    (6)    5 :  0.906 0.009 0.024 0.046 0.015 
105 24.0705.E1    (0)    5 :  0.019 0.008 0.093 0.868 0.011 
106 24.0706.E1    (0)    5 :  0.009 0.012 0.008 0.963 0.009 
107 24.0707.E1    (0)    5 :  0.024 0.007 0.022 0.919 0.028 
108 24.0708.E1    (0)    5 :  0.324 0.211 0.240 0.037 0.187 
109 24.0709.E1    (0)    5 :  0.034 0.109 0.046 0.798 0.014 
110 24.0710.E1    (0)    5 :  0.693 0.023 0.226 0.043 0.015 
111 24.0711.E1    (0)    5 :  0.212 0.016 0.234 0.495 0.043 
112 24.0712.E1    (0)    5 :  0.900 0.006 0.029 0.018 0.047 
113 24.0713.E1    (0)    5 :  0.014 0.016 0.010 0.951 0.009 
114 24.0714.E1    (0)    5 :  0.183 0.034 0.094 0.675 0.015 
115 24.0715.E1    (0)    5 :  0.058 0.036 0.228 0.341 0.337 
116 24.0716.E1    (0)    5 :  0.846 0.037 0.045 0.033 0.038 
117 24.0717.E1    (0)    5 :  0.090 0.073 0.025 0.230 0.582 
118 24.0718.E1    (0)    5 :  0.011 0.006 0.017 0.948 0.017 
119 24.0719.E1    (0)    5 :  0.031 0.020 0.013 0.915 0.021 
120 24.0720.E1    (0)    5 :  0.012 0.014 0.015 0.948 0.011 
121 24.0721.E1    (0)    6 :  0.029 0.052 0.485 0.146 0.288 
122 24.0722.E1    (0)    6 :  0.078 0.014 0.305 0.029 0.574 
123 24.0723.E1    (0)    6 :  0.064 0.122 0.141 0.026 0.647 
124 24.0724.E1    (0)    6 :  0.025 0.031 0.901 0.015 0.028 
125 24.0725.E1    (0)    6 :  0.009 0.024 0.945 0.013 0.009 
126 24.0726.E1    (6)    6 :  0.010 0.007 0.935 0.021 0.028 
127 24.0727.E1    (0)    6 :  0.028 0.021 0.838 0.022 0.091 
128 24.0728.E1    (0)    6 :  0.036 0.030 0.687 0.065 0.181 
129 24.0729.E1    (0)    6 :  0.017 0.012 0.928 0.024 0.020 
130 24.0730.E1    (0)    6 :  0.059 0.048 0.752 0.112 0.029 
131 24.0731.E1    (0)    6 :  0.007 0.009 0.903 0.066 0.015 
132 24.0732.E1    (0)    6 :  0.008 0.008 0.697 0.029 0.259 
133 24.0733.E1    (0)    6 :  0.005 0.006 0.969 0.006 0.014 
134 24.0734.E1    (0)    6 :  0.020 0.010 0.261 0.041 0.668 
135 24.0735.E1    (0)    6 :  0.014 0.015 0.894 0.014 0.062 
136 24.0736.E1    (0)    6 :  0.007 0.007 0.963 0.008 0.014 
137 24.0737.E1    (0)    6 :  0.016 0.009 0.942 0.020 0.013 
138 24.0738.E1    (0)    6 :  0.010 0.007 0.960 0.011 0.012 
139 24.0739.E1    (0)    6 :  0.008 0.008 0.956 0.019 0.008 
140 24.0740.E1    (0)    6 :  0.010 0.016 0.928 0.026 0.019 
141 24.0741.E1    (0)    6 :  0.007 0.009 0.868 0.025 0.090 
142 24.0742.E1    (0)    6 :  0.009 0.007 0.920 0.010 0.054 
143 24.0743.E1    (0)    6 :  0.013 0.013 0.955 0.010 0.009 
144 24.0744.E1    (0)    6 :  0.162 0.021 0.706 0.034 0.077 
145 24.0745.E1    (0)    7 :  0.026 0.018 0.008 0.047 0.901 
146 24.0746.E1    (0)    7 :  0.044 0.016 0.019 0.073 0.849 
147 24.0747.E1    (0)    7 :  0.008 0.016 0.063 0.047 0.866 
148 24.0748.E1    (6)    7 :  0.009 0.030 0.075 0.070 0.816 
149 24.0749.E1    (0)    7 :  0.019 0.008 0.603 0.010 0.360 
150 24.0750.E1    (0)    7 :  0.021 0.018 0.803 0.112 0.045 
151 24.0751.E1    (0)    7 :  0.007 0.006 0.013 0.008 0.966 
152 24.0752.E1    (0)    7 :  0.015 0.012 0.092 0.007 0.875 
153 24.0753.E1    (0)    7 :  0.010 0.006 0.041 0.009 0.934 
154 24.0754.E1    (0)    7 :  0.007 0.010 0.030 0.012 0.942 
155 24.0755.E1    (0)    7 :  0.011 0.018 0.022 0.036 0.913 
156 24.0756.E1    (0)    7 :  0.006 0.010 0.023 0.006 0.954 
157 24.0757.E1    (0)    7 :  0.005 0.004 0.008 0.006 0.976 
158 24.0758.E1    (0)    7 :  0.005 0.005 0.010 0.006 0.975 
159 24.0759.E1    (0)    7 :  0.011 0.012 0.159 0.015 0.803 
160 24.0760.E1    (0)    7 :  0.011 0.006 0.010 0.016 0.956 
161 24.0761.E1    (0)    7 :  0.005 0.005 0.005 0.005 0.980 
162 24.0762.E1    (0)    7 :  0.244 0.066 0.318 0.327 0.046 
163 24.0763.E1    (0)    7 :  0.007 0.006 0.029 0.016 0.941 
164 24.0764.E1    (0)    7 :  0.006 0.005 0.083 0.009 0.897 
165 24.0765.E1    (0)    7 :  0.009 0.009 0.015 0.007 0.960 
166 24.0766.E1    (0)    7 :  0.007 0.007 0.025 0.008 0.954 
167 24.0767.E1    (0)    7 :  0.006 0.008 0.021 0.007 0.959 
168 24.0768.E1    (0)    7 :  0.043 0.027 0.837 0.047 0.046 
169 24.0779.E1    (0)    8 :  0.058 0.012 0.020 0.880 0.030 
170 24.0780.E1    (6)    8 :  0.016 0.119 0.009 0.851 0.006 
171 24.0781.E1    (0)    8 :  0.010 0.009 0.006 0.969 0.006 
172 24.0782.E1    (0)    8 :  0.057 0.037 0.665 0.158 0.083 
173 24.0783.E1    (0)    8 :  0.028 0.238 0.015 0.709 0.010 
174 24.0784.E1    (0)    8 :  0.020 0.013 0.010 0.951 0.005 
175 24.0785.E1    (0)    8 :  0.139 0.129 0.012 0.716 0.005 
176 24.0786.E1    (0)    8 :  0.011 0.066 0.023 0.888 0.011 
177 24.0787.E1    (0)    8 :  0.017 0.024 0.019 0.904 0.036 
178 24.0788.E1    (0)    8 :  0.008 0.091 0.006 0.882 0.013 
179 24.0789.E1    (0)    8 :  0.192 0.166 0.094 0.522 0.027 
180 24.0790.E1    (0)    8 :  0.015 0.033 0.006 0.940 0.006 
181 24.0791.E1    (0)    8 :  0.062 0.013 0.048 0.867 0.009 
182 24.0792.E1    (0)    8 :  0.023 0.165 0.013 0.770 0.030 
183 24.0793.E1    (0)    9 :  0.908 0.050 0.016 0.010 0.015 
184 24.0794.E1    (0)    9 :  0.066 0.448 0.435 0.042 0.009 
185 24.0795.E1    (0)    9 :  0.536 0.043 0.361 0.035 0.025 
186 24.0796.E1    (0)    9 :  0.027 0.869 0.023 0.074 0.007 
187 24.0797.E1    (0)    9 :  0.807 0.152 0.010 0.024 0.006 
188 24.0798.E1    (0)    9 :  0.889 0.034 0.015 0.028 0.034 
189 24.0799.E1    (0)    9 :  0.935 0.033 0.012 0.010 0.010 
190 24.0800.E1    (0)    9 :  0.082 0.851 0.019 0.035 0.012 
191 24.0801.E1    (0)    9 :  0.939 0.013 0.008 0.031 0.010 
192 24.0802.E1    (0)    9 :  0.940 0.032 0.009 0.011 0.008 
193 24.0803.E1    (0)    9 :  0.967 0.010 0.008 0.008 0.007 
194 24.0804.E1    (0)    9 :  0.525 0.417 0.017 0.013 0.028 
195 24.0805.E1    (0)    9 :  0.882 0.014 0.014 0.080 0.009 
196 24.0806.E1    (0)    9 :  0.963 0.008 0.007 0.008 0.014 
197 24.0807.E1    (0)    9 :  0.914 0.055 0.010 0.014 0.007 
198 24.0808.E1    (0)    9 :  0.067 0.338 0.012 0.573 0.011 
199 24.0809.E1    (0)    9 :  0.400 0.363 0.061 0.152 0.024 
200 24.0810.E1    (0)    9 :  0.866 0.065 0.027 0.021 0.020 
201 24.0811.E1    (0)    9 :  0.603 0.310 0.035 0.033 0.020 
202 24.0812.E1    (0)    9 :  0.334 0.394 0.050 0.212 0.010 
203 24.0813.E1    (0)    9 :  0.532 0.068 0.013 0.363 0.024 
204 24.0814.E1    (6)    9 :  0.222 0.660 0.010 0.083 0.026 
205 24.0815.E1    (0)    9 :  0.944 0.023 0.007 0.010 0.017 
206 24.0816.E1    (0)    9 :  0.954 0.024 0.007 0.007 0.008 
207 24.0817.E1    (0)   10 :  0.035 0.928 0.017 0.012 0.007 
208 24.0818.E1    (0)   10 :  0.037 0.855 0.056 0.035 0.017 
209 24.0819.E1    (0)   10 :  0.576 0.194 0.011 0.018 0.202 
210 24.0820.E1    (0)   10 :  0.015 0.800 0.008 0.007 0.170 
211 24.0821.E1    (0)   10 :  0.536 0.250 0.019 0.176 0.019 
212 24.0822.E1    (0)   10 :  0.010 0.959 0.008 0.011 0.012 
213 24.0823.E1    (0)   10 :  0.012 0.934 0.008 0.008 0.038 
214 24.0824.E1    (0)   10 :  0.600 0.345 0.024 0.017 0.014 
215 24.0825.E1    (0)   10 :  0.007 0.966 0.008 0.011 0.009 
216 24.0826.E1    (0)   10 :  0.022 0.876 0.007 0.011 0.084 
217 24.0827.E1    (0)   10 :  0.017 0.930 0.034 0.014 0.006 
218 24.0828.E1    (0)   10 :  0.040 0.899 0.009 0.019 0.033 
219 24.0829.E1    (0)   10 :  0.068 0.897 0.013 0.011 0.010 
220 24.0830.E1    (0)   10 :  0.022 0.910 0.010 0.052 0.005 
221 24.0831.E1    (0)   10 :  0.022 0.826 0.006 0.141 0.006 
222 24.0832.E1    (0)   10 :  0.006 0.973 0.009 0.007 0.005 
223 24.0833.E1    (0)   10 :  0.005 0.976 0.005 0.008 0.006 
224 24.0834.E1    (0)   10 :  0.007 0.968 0.008 0.010 0.008 
225 24.0835.E1    (0)   10 :  0.016 0.954 0.013 0.010 0.007 
226 24.0836.E1    (0)   10 :  0.020 0.922 0.019 0.026 0.013 
227 24.0837.E1    (0)   10 :  0.009 0.963 0.009 0.013 0.006 
228 24.0838.E1    (0)   10 :  0.007 0.956 0.009 0.019 0.008 
229 24.0839.E1    (0)   10 :  0.228 0.511 0.168 0.070 0.023 
230 24.0840.E1    (0)   10 :  0.171 0.780 0.023 0.013 0.013 
231 24.0841.E1    (0)   11 :  0.251 0.588 0.131 0.022 0.008 
232 24.0842.E1    (0)   11 :  0.719 0.225 0.040 0.009 0.006 
233 24.0843.E1    (0)   11 :  0.443 0.516 0.007 0.011 0.022 
234 24.0844.E1    (0)   11 :  0.833 0.106 0.017 0.037 0.007 
235 24.0845.E1    (0)   11 :  0.035 0.879 0.009 0.071 0.006 
236 24.0846.E1    (0)   11 :  0.047 0.901 0.020 0.018 0.014 
237 24.0847.E1    (0)   11 :  0.015 0.913 0.043 0.019 0.010 
238 24.0848.E1    (0)   11 :  0.061 0.842 0.023 0.068 0.006 
239 24.0849.E1    (0)   11 :  0.009 0.970 0.007 0.007 0.007 
240 24.0850.E1    (0)   11 :  0.009 0.970 0.007 0.007 0.007 
241 24.0851.E1    (0)   11 :  0.009 0.970 0.007 0.007 0.007 
242 24.0852.E1    (0)   11 :  0.014 0.939 0.008 0.027 0.013 
243 24.0853.E1    (0)   11 :  0.008 0.970 0.006 0.008 0.009 
244 24.0854.E1    (0)   11 :  0.845 0.117 0.013 0.013 0.013 
245 24.0855.E1    (0)   11 :  0.031 0.938 0.015 0.008 0.008 
246 24.0856.E1    (0)   11 :  0.932 0.013 0.014 0.009 0.033 
247 24.0857.E1    (0)   11 :  0.037 0.909 0.021 0.018 0.015 
248 24.0858.E1    (0)   11 :  0.130 0.803 0.019 0.037 0.011 
249 24.0859.E1    (0)   11 :  0.033 0.903 0.013 0.011 0.040 
250 24.0860.E1    (0)   11 :  0.905 0.044 0.018 0.011 0.021 
251 24.0861.E1    (0)   11 :  0.012 0.965 0.008 0.008 0.007 
252 24.0862.E1    (0)   11 :  0.838 0.083 0.026 0.035 0.017 
253 24.0863.E1    (0)   11 :  0.012 0.966 0.007 0.008 0.007 
254 24.0864.E1    (0)   11 :  0.020 0.195 0.319 0.458 0.008 
255 24.0865.E1    (0)   12 :  0.015 0.480 0.021 0.109 0.375 
256 24.0866.E1    (0)   12 :  0.346 0.333 0.089 0.181 0.051 
257 24.0867.E1    (0)   12 :  0.019 0.104 0.018 0.066 0.794 
258 24.0868.E1    (0)   12 :  0.012 0.026 0.012 0.926 0.024 
259 24.0869.E1    (0)   12 :  0.009 0.070 0.013 0.892 0.016 
260 24.0870.E1    (0)   12 :  0.026 0.025 0.045 0.843 0.060 
261 24.0871.E1    (0)   12 :  0.057 0.035 0.097 0.779 0.033 
262 24.0872.E1    (0)   12 :  0.030 0.101 0.026 0.500 0.343 
263 24.0873.E1    (0)   12 :  0.015 0.124 0.028 0.790 0.043 
264 24.0874.E1    (0)   12 :  0.065 0.367 0.018 0.076 0.473 
265 24.0875.E1    (0)   12 :  0.023 0.016 0.026 0.923 0.011 
266 24.0876.E1    (0)   12 :  0.012 0.007 0.219 0.743 0.019 
267 24.0877.E1    (0)   12 :  0.011 0.007 0.949 0.013 0.020 
268 24.0878.E1    (0)   12 :  0.010 0.032 0.890 0.058 0.010 
269 24.0879.E1    (0)   12 :  0.078 0.008 0.884 0.021 0.009 
270 24.0880.E1    (0)   12 :  0.032 0.412 0.043 0.494 0.019 
271 24.0881.E1    (0)   12 :  0.008 0.007 0.969 0.006 0.011 
272 24.0882.E1    (0)   12 :  0.010 0.012 0.496 0.010 0.472 
273 24.0883.E1    (0)   12 :  0.068 0.024 0.622 0.019 0.267 
274 24.0884.E1    (0)   12 :  0.009 0.007 0.963 0.010 0.012 
275 24.0885.E1    (0)   12 :  0.008 0.010 0.907 0.063 0.011 
276 24.0886.E1    (0)   12 :  0.042 0.028 0.777 0.034 0.119 
277 24.0887.E1    (0)   12 :  0.076 0.006 0.285 0.014 0.619 
278 24.0888.E1    (0)   12 :  0.029 0.011 0.015 0.937 0.007 


Estimated Allele Frequencies in each cluster
First column gives estimated ancestral frequencies


Locus 1 : 
31 alleles
0.0% missing data
 115   (0.034) 0.009 0.005 0.140 0.033 0.006 
 117   (0.047) 0.035 0.004 0.191 0.015 0.082 
 119   (0.032) 0.005 0.003 0.226 0.006 0.273 
 131   (0.014) 0.002 0.002 0.036 0.003 0.002 
 128   (0.034) 0.008 0.016 0.038 0.041 0.004 
 135   (0.014) 0.002 0.001 0.043 0.003 0.001 
 126   (0.077) 0.040 0.191 0.058 0.077 0.061 
 122   (0.036) 0.091 0.003 0.010 0.015 0.039 
 132   (0.033) 0.024 0.019 0.005 0.031 0.010 
 141   (0.011) 0.002 0.001 0.006 0.003 0.002 
 130   (0.049) 0.045 0.021 0.008 0.099 0.022 
 134   (0.039) 0.018 0.041 0.005 0.035 0.056 
 145   (0.026) 0.010 0.031 0.007 0.010 0.014 
 127   (0.022) 0.003 0.001 0.028 0.005 0.112 
 116   (0.117) 0.139 0.197 0.042 0.219 0.104 
 114   (0.053) 0.109 0.134 0.007 0.033 0.040 
 120   (0.041) 0.058 0.004 0.010 0.044 0.038 
 110   (0.045) 0.039 0.055 0.044 0.018 0.021 
 133   (0.013) 0.003 0.001 0.002 0.003 0.017 
 118   (0.103) 0.313 0.206 0.020 0.230 0.021 
 125   (0.016) 0.010 0.008 0.002 0.004 0.001 
 129   (0.018) 0.006 0.001 0.039 0.006 0.002 
 124   (0.018) 0.010 0.002 0.006 0.013 0.002 
 136   (0.022) 0.003 0.039 0.003 0.027 0.002 
 121   (0.018) 0.003 0.001 0.010 0.004 0.036 
 139   (0.011) 0.002 0.001 0.008 0.002 0.001 
 113   (0.010) 0.001 0.001 0.001 0.002 0.009 
 111   (0.011) 0.002 0.001 0.001 0.002 0.009 
 143   (0.010) 0.001 0.001 0.001 0.002 0.010 
 140   (0.014) 0.006 0.001 0.002 0.013 0.001 
 112   (0.011) 0.002 0.008 0.001 0.002 0.001 

Locus 2 : 
18 alleles
0.0% missing data
 152   (0.391) 0.457 0.263 0.601 0.418 0.578 
 148   (0.060) 0.020 0.005 0.168 0.042 0.123 
 154   (0.113) 0.070 0.146 0.065 0.123 0.144 
 156   (0.017) 0.010 0.001 0.009 0.004 0.001 
 150   (0.018) 0.003 0.001 0.005 0.004 0.058 
 164   (0.077) 0.063 0.070 0.082 0.071 0.013 
 158   (0.031) 0.060 0.003 0.018 0.008 0.013 
 160   (0.019) 0.003 0.002 0.003 0.014 0.012 
 166   (0.020) 0.025 0.001 0.003 0.012 0.003 
 151   (0.070) 0.115 0.368 0.008 0.128 0.006 
 147   (0.062) 0.129 0.121 0.007 0.094 0.009 
 168   (0.023) 0.009 0.007 0.003 0.021 0.003 
 153   (0.015) 0.006 0.003 0.002 0.011 0.002 
 149   (0.024) 0.011 0.002 0.003 0.021 0.008 
 162   (0.022) 0.014 0.006 0.006 0.007 0.005 
 167   (0.013) 0.002 0.001 0.016 0.002 0.001 
 146   (0.012) 0.002 0.001 0.001 0.002 0.018 
 172   (0.013) 0.002 0.001 0.001 0.017 0.001 

Locus 3 : 
4 alleles
0.0% missing data
 128   (0.291) 0.226 0.381 0.242 0.294 0.390 
 126   (0.617) 0.689 0.524 0.701 0.660 0.582 
 132   (0.077) 0.070 0.094 0.055 0.043 0.023 
 134   (0.015) 0.015 0.001 0.002 0.003 0.005 

Locus 4 : 
3 alleles
0.0% missing data
 170   (0.315) 0.307 0.319 0.279 0.300 0.337 
 172   (0.672) 0.692 0.679 0.720 0.696 0.656 
 171   (0.013) 0.002 0.001 0.002 0.003 0.007 

Locus 5 : 
37 alleles
0.0% missing data
 125   (0.050) 0.057 0.083 0.040 0.031 0.071 
 110   (0.033) 0.021 0.066 0.027 0.013 0.031 
 129   (0.038) 0.044 0.028 0.046 0.046 0.003 
 113   (0.034) 0.069 0.015 0.010 0.071 0.003 
 145   (0.056) 0.024 0.042 0.214 0.061 0.033 
 155   (0.050) 0.057 0.042 0.120 0.022 0.082 
 117   (0.032) 0.015 0.003 0.048 0.051 0.012 
 124   (0.010) 0.001 0.001 0.015 0.002 0.001 
 133   (0.035) 0.015 0.004 0.035 0.054 0.042 
 157   (0.045) 0.120 0.031 0.009 0.082 0.028 
 141   (0.015) 0.002 0.004 0.004 0.026 0.001 
 112   (0.064) 0.055 0.144 0.096 0.048 0.158 
 121   (0.021) 0.027 0.017 0.005 0.014 0.005 
 114   (0.043) 0.008 0.052 0.055 0.042 0.126 
 153   (0.049) 0.148 0.093 0.050 0.042 0.005 
 127   (0.067) 0.053 0.120 0.073 0.118 0.066 
 131   (0.056) 0.081 0.059 0.059 0.029 0.189 
 135   (0.031) 0.011 0.058 0.010 0.042 0.006 
 104   (0.009) 0.001 0.001 0.001 0.003 0.007 
 118   (0.018) 0.003 0.001 0.016 0.011 0.009 
 116   (0.030) 0.040 0.009 0.016 0.016 0.010 
 137   (0.023) 0.045 0.002 0.008 0.007 0.047 
 123   (0.022) 0.024 0.055 0.008 0.006 0.003 
 149   (0.008) 0.001 0.002 0.002 0.006 0.001 
 138   (0.014) 0.002 0.006 0.002 0.032 0.002 
 143   (0.025) 0.019 0.041 0.003 0.008 0.046 
 163   (0.010) 0.002 0.001 0.002 0.006 0.002 
 109   (0.010) 0.001 0.001 0.001 0.016 0.001 
 139   (0.009) 0.002 0.001 0.001 0.008 0.001 
 106   (0.009) 0.001 0.001 0.001 0.008 0.001 
 144   (0.016) 0.010 0.001 0.002 0.025 0.001 
 122   (0.011) 0.001 0.001 0.015 0.002 0.001 
 100   (0.017) 0.026 0.005 0.002 0.015 0.001 
 111   (0.012) 0.002 0.001 0.001 0.023 0.001 
 233   (0.010) 0.006 0.002 0.001 0.003 0.001 
 134   (0.009) 0.001 0.007 0.001 0.003 0.001 
 140   (0.010) 0.001 0.001 0.001 0.009 0.001 

Locus 6 : 
17 alleles
0.0% missing data
 221   (0.026) 0.004 0.002 0.102 0.005 0.039 
 232   (0.248) 0.342 0.426 0.196 0.287 0.322 
 229   (0.047) 0.013 0.056 0.077 0.015 0.065 
 223   (0.053) 0.078 0.038 0.089 0.023 0.006 
 230   (0.154) 0.093 0.153 0.125 0.235 0.234 
 235   (0.015) 0.002 0.001 0.044 0.003 0.002 
 236   (0.038) 0.010 0.006 0.062 0.036 0.011 
 227   (0.016) 0.003 0.001 0.049 0.005 0.001 
 220   (0.057) 0.067 0.072 0.007 0.046 0.074 
 222   (0.050) 0.086 0.012 0.006 0.052 0.099 
 234   (0.133) 0.147 0.108 0.136 0.137 0.121 
 224   (0.034) 0.042 0.042 0.004 0.027 0.003 
 228   (0.060) 0.076 0.053 0.015 0.109 0.007 
 225   (0.012) 0.006 0.001 0.004 0.002 0.001 
 226   (0.020) 0.024 0.026 0.005 0.004 0.002 
 233   (0.024) 0.004 0.002 0.050 0.011 0.013 
 231   (0.013) 0.002 0.001 0.029 0.003 0.001 

Locus 7 : 
10 alleles
0.0% missing data
 121   (0.697) 0.738 0.748 0.842 0.820 0.779 
 129   (0.083) 0.068 0.133 0.086 0.035 0.056 
 130   (0.014) 0.019 0.001 0.002 0.002 0.001 
 123   (0.099) 0.117 0.109 0.050 0.066 0.092 
 128   (0.015) 0.003 0.001 0.002 0.003 0.034 
 131   (0.015) 0.009 0.002 0.003 0.003 0.008 
 117   (0.013) 0.002 0.001 0.001 0.009 0.001 
 125   (0.014) 0.019 0.001 0.001 0.003 0.001 
 134   (0.038) 0.023 0.003 0.010 0.056 0.011 
 132   (0.013) 0.002 0.001 0.002 0.003 0.017 

Locus 8 : 
19 alleles
0.0% missing data
 184   (0.299) 0.426 0.333 0.465 0.391 0.410 
 194   (0.043) 0.013 0.010 0.039 0.064 0.017 
 178   (0.094) 0.069 0.196 0.161 0.056 0.116 
 176   (0.085) 0.046 0.058 0.053 0.109 0.141 
 182   (0.087) 0.127 0.045 0.067 0.074 0.103 
 190   (0.029) 0.025 0.011 0.008 0.007 0.053 
 196   (0.019) 0.003 0.047 0.006 0.009 0.002 
 200   (0.029) 0.039 0.002 0.013 0.013 0.007 
 180   (0.026) 0.041 0.003 0.007 0.005 0.028 
 188   (0.037) 0.006 0.055 0.020 0.038 0.009 
 174   (0.040) 0.017 0.003 0.022 0.046 0.044 
 186   (0.117) 0.129 0.179 0.121 0.158 0.051 
 192   (0.025) 0.012 0.046 0.009 0.006 0.007 
 201   (0.011) 0.005 0.001 0.001 0.002 0.006 
 199   (0.013) 0.028 0.001 0.001 0.002 0.001 
 185   (0.012) 0.002 0.006 0.001 0.004 0.001 
 203   (0.011) 0.002 0.001 0.001 0.008 0.001 
 198   (0.011) 0.002 0.002 0.001 0.007 0.001 
 209   (0.011) 0.009 0.001 0.001 0.002 0.001 

Locus 9 : 
6 alleles
0.4% missing data
 154   (0.695) 0.716 0.816 0.724 0.750 0.705 
 156   (0.210) 0.247 0.091 0.174 0.197 0.285 
 152   (0.045) 0.007 0.087 0.058 0.032 0.005 
 153   (0.014) 0.009 0.003 0.002 0.008 0.001 
 160   (0.014) 0.019 0.001 0.002 0.003 0.001 
 164   (0.021) 0.003 0.001 0.040 0.010 0.002 

Locus 10 : 
29 alleles
0.7% missing data
 305   (0.074) 0.102 0.011 0.068 0.063 0.089 
 313   (0.046) 0.041 0.008 0.097 0.035 0.004 
 311   (0.014) 0.004 0.001 0.012 0.005 0.001 
 299   (0.095) 0.155 0.185 0.201 0.043 0.030 
 315   (0.067) 0.016 0.013 0.081 0.112 0.069 
 287   (0.035) 0.255 0.004 0.029 0.009 0.011 
 291   (0.110) 0.032 0.313 0.117 0.177 0.074 
 295   (0.033) 0.005 0.003 0.080 0.057 0.005 
 289   (0.016) 0.078 0.001 0.002 0.003 0.002 
 303   (0.045) 0.008 0.200 0.016 0.024 0.387 
 297   (0.049) 0.037 0.046 0.090 0.011 0.036 
 293   (0.023) 0.007 0.002 0.018 0.048 0.003 
 301   (0.054) 0.011 0.013 0.049 0.081 0.063 
 285   (0.031) 0.114 0.004 0.004 0.007 0.099 
 307   (0.057) 0.013 0.059 0.070 0.040 0.091 
 312   (0.044) 0.013 0.056 0.006 0.116 0.017 
 306   (0.023) 0.004 0.004 0.008 0.052 0.002 
 320   (0.013) 0.002 0.001 0.002 0.016 0.001 
 317   (0.020) 0.003 0.040 0.011 0.012 0.002 
 314   (0.025) 0.011 0.002 0.024 0.012 0.002 
 323   (0.011) 0.006 0.001 0.002 0.005 0.001 
 325   (0.012) 0.006 0.001 0.002 0.005 0.001 
 310   (0.018) 0.003 0.019 0.003 0.016 0.001 
 309   (0.014) 0.002 0.001 0.002 0.016 0.001 
 316   (0.018) 0.003 0.007 0.002 0.019 0.002 
 296   (0.012) 0.002 0.001 0.001 0.008 0.001 
 304   (0.014) 0.036 0.001 0.002 0.003 0.001 
 321   (0.012) 0.018 0.001 0.001 0.003 0.001 
 332   (0.013) 0.015 0.002 0.002 0.004 0.001 

Locus 11 : 
19 alleles
0.0% missing data
 114   (0.137) 0.054 0.016 0.207 0.204 0.256 
 126   (0.023) 0.003 0.001 0.034 0.005 0.015 
 111   (0.090) 0.290 0.528 0.128 0.028 0.008 
 116   (0.110) 0.117 0.017 0.135 0.082 0.135 
 132   (0.012) 0.002 0.001 0.008 0.003 0.001 
 109   (0.014) 0.002 0.001 0.031 0.003 0.001 
 128   (0.018) 0.003 0.003 0.007 0.011 0.001 
 112   (0.341) 0.265 0.082 0.371 0.536 0.508 
 122   (0.015) 0.002 0.002 0.002 0.007 0.011 
 124   (0.013) 0.002 0.001 0.001 0.002 0.009 
 118   (0.048) 0.068 0.011 0.027 0.016 0.040 
 127   (0.012) 0.002 0.001 0.001 0.009 0.001 
 113   (0.044) 0.100 0.283 0.006 0.025 0.004 
 115   (0.034) 0.056 0.004 0.024 0.014 0.003 
 120   (0.022) 0.003 0.038 0.003 0.013 0.002 
 117   (0.023) 0.015 0.005 0.004 0.011 0.002 
 125   (0.016) 0.003 0.002 0.002 0.022 0.001 
 119   (0.016) 0.011 0.004 0.002 0.007 0.001 
 136   (0.012) 0.002 0.001 0.008 0.002 0.001 

Locus 12 : 
28 alleles
0.7% missing data
 306   (0.074) 0.128 0.011 0.067 0.043 0.089 
 314   (0.052) 0.048 0.057 0.086 0.023 0.005 
 312   (0.013) 0.002 0.001 0.016 0.002 0.001 
 300   (0.099) 0.156 0.183 0.211 0.044 0.030 
 316   (0.034) 0.006 0.011 0.075 0.008 0.064 
 288   (0.035) 0.252 0.003 0.026 0.008 0.011 
 292   (0.124) 0.037 0.315 0.120 0.180 0.076 
 296   (0.037) 0.005 0.004 0.080 0.064 0.005 
 290   (0.016) 0.078 0.001 0.002 0.003 0.002 
 304   (0.046) 0.008 0.198 0.016 0.024 0.388 
 298   (0.050) 0.037 0.045 0.091 0.011 0.036 
 294   (0.024) 0.007 0.002 0.019 0.048 0.003 
 302   (0.058) 0.012 0.013 0.050 0.081 0.064 
 286   (0.032) 0.123 0.004 0.004 0.007 0.099 
 308   (0.036) 0.009 0.003 0.055 0.021 0.087 
 313   (0.031) 0.005 0.003 0.005 0.133 0.017 
 307   (0.045) 0.008 0.065 0.024 0.069 0.005 
 321   (0.014) 0.003 0.001 0.002 0.016 0.001 
 315   (0.046) 0.020 0.006 0.030 0.111 0.006 
 318   (0.017) 0.003 0.041 0.003 0.010 0.001 
 324   (0.011) 0.006 0.001 0.002 0.005 0.001 
 326   (0.012) 0.006 0.001 0.002 0.005 0.001 
 311   (0.024) 0.007 0.028 0.007 0.024 0.002 
 310   (0.014) 0.002 0.001 0.002 0.016 0.001 
 305   (0.017) 0.004 0.002 0.002 0.022 0.001 
 317   (0.013) 0.002 0.001 0.002 0.016 0.001 
 320   (0.012) 0.009 0.001 0.001 0.003 0.001 
 322   (0.013) 0.018 0.001 0.001 0.003 0.001 

Locus 13 : 
7 alleles
1.1% missing data
 161   (0.610) 0.519 0.441 0.696 0.648 0.517 
 163   (0.273) 0.426 0.515 0.232 0.314 0.028 
 160   (0.019) 0.003 0.001 0.003 0.005 0.200 
 162   (0.017) 0.002 0.001 0.002 0.003 0.202 
 165   (0.053) 0.044 0.040 0.059 0.023 0.006 
 166   (0.013) 0.002 0.001 0.007 0.003 0.001 
 164   (0.015) 0.002 0.001 0.002 0.003 0.045 

Locus 14 : 
4 alleles
0.4% missing data
  98   (0.959) 0.994 0.996 0.983 0.982 0.994 
 100   (0.013) 0.002 0.002 0.001 0.007 0.002 
  96   (0.015) 0.002 0.001 0.014 0.003 0.003 
 105   (0.013) 0.002 0.002 0.001 0.008 0.001 

Locus 15 : 
12 alleles
2.2% missing data
 171   (0.287) 0.345 0.347 0.370 0.291 0.188 
 177   (0.184) 0.171 0.100 0.175 0.213 0.208 
 173   (0.265) 0.290 0.483 0.297 0.314 0.102 
 179   (0.103) 0.142 0.036 0.094 0.045 0.424 
 183   (0.020) 0.010 0.003 0.023 0.004 0.002 
 181   (0.044) 0.009 0.023 0.014 0.039 0.064 
 197   (0.023) 0.003 0.002 0.016 0.026 0.003 
 170   (0.014) 0.002 0.001 0.002 0.017 0.001 
 189   (0.015) 0.005 0.001 0.003 0.012 0.003 
 203   (0.015) 0.002 0.001 0.002 0.024 0.001 
 187   (0.018) 0.011 0.001 0.002 0.010 0.001 
 198   (0.012) 0.010 0.001 0.001 0.003 0.001 

Values of parameters used in structure:
DATAFILE=STRUCTURE_main_final_278_HEG_ZG.str,	OUTFILE=STRUCTURE_main_final_278_HEG_ZG-K5-1,	NUMINDS=278,	NUMLOCI=15,	MISSING=-9,	LABEL=1,	POPDATA=1,	POPFLAG=0,	PHENOTYPE=0,	EXTRACOLS=0,	MAXPOPS=5,	BURNIN=100000,	NUMREPS=500000,	USEPOPINFO=0,	INFERALPHA=1,	INFERLAMBDA=0,	POPSPECIFICLAMBDA=0,	POPALPHAS=0,	COMPUTEPROB=1,	NOADMIX=0,	ADMBURNIN=2500,	UPDATEFREQ=1,	PRINTLIKES=0,	INTERMEDSAVE=0,	PRINTKLD=0,	PRINTNET=0,	PRINTLAMBDA=0,	ANCESTDIST=0,	NUMBOXES=1000,	ANCESTPINT=0.90000,	GENSBACK=2,	MIGRPRIOR=0.05000,	PRINTQHAT=0,	PRINTQSUM=0,	ALPHA=1.0000,	FREQSCORR=1,	FPRIORMEAN=0.0100,	FPRIORSD=0.0500,	ONEFST=0,	LAMBDA=1.0000,	UNIFPRIORALPHA=1,	ALPHAMAX=10.0000,	ALPHAPRIORA=1.0000,	ALPHAPRIORB=2.0000,	ALPHAPROPSD=0.0250,	STARTATPOPINFO=0,	RANDOMIZE=1,	LINKAGE=0,	METROFREQ=10,	REPORTHITRATE=0,	MARKOVPHASE=-1,	PHASED=0,	PLOIDY=2,	PHASEINFO=0	LOCPRIOR=0, 	LOCPRIORINIT=1.000000, 	LOCDATA=0, 	LOCISPOP=0, 	LOCPRIORSTEP=0.100000, 	MAXLOCPRIOR=20.000000, 	SEED=1782480883,	
[STRAT parameters]:    NUMSIMSTATS=1000,	PHENOTYPECOL=-9,	POOLFREQ=10,	LOCUSxONLY=0,	EMERROR=0.00100,	MISSINGPHENO=-9,	