

----------------------------------------------------
STRUCTURE by Pritchard, Stephens and Donnelly (2000)
     and Falush, Stephens and Pritchard (2003)
       Code by Pritchard, Falush and Hubisz
             Version 2.3.4 (Jul 2012)
----------------------------------------------------



Command line arguments:   structure -K 9 -i STRUCTURE_main_final_278_HEG_ZG.str -o STRUCTURE_main_final_278_HEG_ZG-K9-17 
Input File:    STRUCTURE_main_final_278_HEG_ZG.str

Run parameters:
   278 individuals
   15 loci
   9 populations assumed
   100000 Burn-in period
   500000 Reps


--------------------------------------------
Proportion of membership of each pre-defined
 population in each of the 9 clusters

Given    Inferred Clusters                                                 Number of
 Pop       1      2      3      4      5      6      7      8      9      Individuals

  1:     0.020  0.045  0.668  0.073  0.085  0.024  0.013  0.016  0.056       24
  2:     0.048  0.023  0.022  0.055  0.017  0.042  0.737  0.016  0.040       24
  3:     0.262  0.054  0.021  0.010  0.050  0.251  0.013  0.311  0.029       24
  4:     0.036  0.017  0.052  0.043  0.048  0.062  0.024  0.171  0.547       24
  5:     0.015  0.047  0.022  0.049  0.029  0.110  0.029  0.504  0.195       24
  6:     0.030  0.027  0.419  0.237  0.019  0.033  0.031  0.078  0.127       24
  7:     0.009  0.016  0.058  0.757  0.019  0.021  0.030  0.019  0.069       24
  8:     0.055  0.018  0.032  0.011  0.076  0.036  0.013  0.676  0.083       14
  9:     0.045  0.719  0.054  0.007  0.073  0.037  0.014  0.030  0.021       24
 10:     0.155  0.067  0.012  0.018  0.661  0.043  0.009  0.023  0.011       24
 11:     0.352  0.160  0.021  0.012  0.295  0.085  0.011  0.027  0.037       24
 12:     0.080  0.025  0.248  0.112  0.049  0.075  0.019  0.103  0.289       24
--------------------------------------------

Allele-freq. divergence among pops (Net nucleotide distance),
computed using point estimates of P.

      1       2       3       4       5       6       7       8       9      
 1      -    0.0608  0.0816  0.0868  0.0708  0.0971  0.1255  0.0655  0.0858  
 2   0.0608     -    0.0366  0.0922  0.0411  0.0731  0.0810  0.0406  0.0472  
 3   0.0816  0.0366     -    0.0654  0.0618  0.0730  0.0679  0.0333  0.0328  
 4   0.0868  0.0922  0.0654     -    0.1288  0.1066  0.1005  0.0736  0.0619  
 5   0.0708  0.0411  0.0618  0.1288     -    0.0918  0.1085  0.0542  0.0651  
 6   0.0971  0.0731  0.0730  0.1066  0.0918     -    0.1007  0.0554  0.0673  
 7   0.1255  0.0810  0.0679  0.1005  0.1085  0.1007     -    0.0635  0.0743  
 8   0.0655  0.0406  0.0333  0.0736  0.0542  0.0554  0.0635     -    0.0326  
 9   0.0858  0.0472  0.0328  0.0619  0.0651  0.0673  0.0743  0.0326     -    

Average distances (expected heterozygosity) between individuals in same cluster:
cluster  1  : 0.5619 
cluster  2  : 0.6214 
cluster  3  : 0.6175 
cluster  4  : 0.5527 
cluster  5  : 0.6111 
cluster  6  : 0.6045 
cluster  7  : 0.6124 
cluster  8  : 0.6311 
cluster  9  : 0.6078 

--------------------------------------------
Estimated Ln Prob of Data   = -12332.2
Mean value of ln likelihood = -11719.4
Variance of ln likelihood   = 1225.6
Mean value of alpha         = 0.0476

Mean value of Fst_1         = 0.2056
Mean value of Fst_2         = 0.1090
Mean value of Fst_3         = 0.0893
Mean value of Fst_4         = 0.1938
Mean value of Fst_5         = 0.1483
Mean value of Fst_6         = 0.1597
Mean value of Fst_7         = 0.1914
Mean value of Fst_8         = 0.0600
Mean value of Fst_9         = 0.0931


Inferred ancestry of individuals:
        Label (%Miss) Pop:  Inferred clusters
  1 24.0601.E1    (0)    1 :  0.011 0.007 0.924 0.012 0.007 0.011 0.012 0.006 0.010 
  2 24.0602.E1    (0)    1 :  0.008 0.011 0.932 0.009 0.010 0.010 0.004 0.009 0.007 
  3 24.0603.E1    (0)    1 :  0.007 0.015 0.852 0.028 0.005 0.008 0.005 0.055 0.026 
  4 24.0604.E1    (0)    1 :  0.005 0.009 0.653 0.005 0.042 0.164 0.008 0.005 0.109 
  5 24.0605.E1    (0)    1 :  0.011 0.030 0.854 0.039 0.008 0.007 0.007 0.012 0.031 
  6 24.0606.E1    (0)    1 :  0.007 0.015 0.765 0.019 0.018 0.006 0.010 0.014 0.146 
  7 24.0607.E1    (0)    1 :  0.007 0.461 0.109 0.314 0.013 0.014 0.007 0.058 0.018 
  8 24.0608.E1    (0)    1 :  0.116 0.012 0.706 0.109 0.033 0.006 0.004 0.007 0.007 
  9 24.0609.E1    (0)    1 :  0.012 0.016 0.241 0.006 0.451 0.010 0.005 0.023 0.237 
 10 24.0610.E1    (0)    1 :  0.005 0.010 0.447 0.010 0.400 0.005 0.005 0.019 0.100 
 11 24.0611.E1    (0)    1 :  0.005 0.031 0.879 0.006 0.031 0.006 0.007 0.009 0.027 
 12 24.0612.E1    (0)    1 :  0.004 0.007 0.925 0.014 0.007 0.016 0.008 0.012 0.007 
 13 24.0613.E1    (0)    1 :  0.005 0.006 0.895 0.005 0.021 0.005 0.007 0.007 0.049 
 14 24.0614.E1    (0)    1 :  0.161 0.197 0.243 0.348 0.018 0.007 0.007 0.008 0.013 
 15 24.0615.E1    (0)    1 :  0.014 0.020 0.732 0.041 0.137 0.019 0.014 0.011 0.012 
 16 24.0616.E1    (0)    1 :  0.005 0.010 0.935 0.005 0.010 0.006 0.012 0.007 0.009 
 17 24.0617.E1    (0)    1 :  0.008 0.026 0.347 0.021 0.536 0.006 0.025 0.014 0.017 
 18 24.0618.E1    (0)    1 :  0.019 0.039 0.779 0.005 0.065 0.006 0.010 0.041 0.037 
 19 24.0619.E1    (0)    1 :  0.005 0.025 0.640 0.004 0.018 0.108 0.013 0.006 0.180 
 20 24.0620.E1   (20)    1 :  0.009 0.022 0.048 0.706 0.041 0.016 0.013 0.026 0.120 
 21 24.0621.E1    (0)    1 :  0.031 0.064 0.492 0.005 0.112 0.130 0.005 0.009 0.153 
 22 24.0622.E1    (0)    1 :  0.006 0.005 0.909 0.010 0.010 0.005 0.023 0.015 0.017 
 23 24.0623.E1    (0)    1 :  0.011 0.030 0.770 0.016 0.029 0.014 0.095 0.018 0.017 
 24 24.0624.E1    (0)    1 :  0.005 0.007 0.950 0.006 0.011 0.004 0.006 0.007 0.005 
 25 24.0625.E1    (0)    2 :  0.206 0.014 0.015 0.056 0.010 0.040 0.595 0.024 0.039 
 26 24.0626.E1    (0)    2 :  0.125 0.004 0.004 0.038 0.003 0.004 0.812 0.004 0.004 
 27 24.0627.E1    (0)    2 :  0.009 0.008 0.007 0.017 0.005 0.428 0.476 0.007 0.044 
 28 24.0628.E1    (0)    2 :  0.166 0.011 0.031 0.116 0.076 0.007 0.482 0.017 0.093 
 29 24.0629.E1    (0)    2 :  0.008 0.010 0.059 0.006 0.011 0.011 0.857 0.031 0.008 
 30 24.0630.E1    (0)    2 :  0.054 0.007 0.005 0.091 0.005 0.008 0.814 0.005 0.011 
 31 24.0631.E1    (0)    2 :  0.003 0.004 0.005 0.004 0.003 0.004 0.971 0.004 0.003 
 32 24.0632.E1    (0)    2 :  0.005 0.006 0.007 0.030 0.006 0.010 0.919 0.010 0.006 
 33 24.0633.E1    (0)    2 :  0.433 0.009 0.013 0.034 0.011 0.009 0.450 0.020 0.022 
 34 24.0634.E1    (0)    2 :  0.019 0.012 0.009 0.006 0.010 0.009 0.913 0.011 0.010 
 35 24.0635.E1    (0)    2 :  0.043 0.092 0.023 0.021 0.031 0.030 0.640 0.097 0.023 
 36 24.0636.E1   (33)    2 :  0.009 0.008 0.031 0.721 0.011 0.024 0.070 0.024 0.102 
 37 24.0637.E1    (0)    2 :  0.003 0.005 0.004 0.007 0.003 0.004 0.963 0.005 0.005 
 38 24.0638.E1    (0)    2 :  0.006 0.005 0.009 0.005 0.006 0.015 0.898 0.032 0.024 
 39 24.0639.E1    (0)    2 :  0.008 0.009 0.037 0.015 0.086 0.023 0.793 0.021 0.008 
 40 24.0640.E1    (0)    2 :  0.006 0.010 0.008 0.006 0.007 0.005 0.945 0.007 0.007 
 41 24.0641.E1    (0)    2 :  0.007 0.293 0.157 0.018 0.010 0.060 0.373 0.018 0.062 
 42 24.0642.E1    (0)    2 :  0.005 0.005 0.061 0.033 0.004 0.008 0.592 0.006 0.286 
 43 24.0643.E1    (0)    2 :  0.006 0.006 0.008 0.052 0.011 0.276 0.616 0.016 0.008 
 44 24.0644.E1    (0)    2 :  0.005 0.010 0.008 0.005 0.032 0.005 0.911 0.006 0.018 
 45 24.0645.E1    (0)    2 :  0.004 0.010 0.010 0.017 0.028 0.007 0.765 0.006 0.153 
 46 24.0646.E1    (0)    2 :  0.005 0.011 0.008 0.005 0.031 0.005 0.911 0.006 0.018 
 47 24.0647.E1    (0)    2 :  0.003 0.005 0.004 0.007 0.003 0.004 0.964 0.005 0.005 
 48 24.0648.E1    (0)    2 :  0.003 0.005 0.004 0.007 0.003 0.004 0.963 0.005 0.005 
 49 24.0649.E1    (0)    3 :  0.028 0.010 0.005 0.003 0.016 0.010 0.006 0.915 0.007 
 50 24.0650.E1    (0)    3 :  0.293 0.142 0.024 0.004 0.112 0.010 0.004 0.035 0.377 
 51 24.0651.E1    (0)    3 :  0.044 0.407 0.008 0.030 0.009 0.038 0.111 0.334 0.019 
 52 24.0652.E1    (0)    3 :  0.866 0.009 0.033 0.005 0.005 0.021 0.005 0.048 0.008 
 53 24.0653.E1    (0)    3 :  0.016 0.014 0.006 0.006 0.020 0.879 0.005 0.045 0.010 
 54 24.0654.E1    (0)    3 :  0.606 0.009 0.008 0.004 0.032 0.009 0.013 0.311 0.008 
 55 24.0655.E1    (0)    3 :  0.280 0.022 0.044 0.007 0.025 0.011 0.024 0.575 0.013 
 56 24.0656.E1    (0)    3 :  0.914 0.006 0.007 0.011 0.011 0.014 0.006 0.015 0.016 
 57 24.0657.E1    (0)    3 :  0.906 0.007 0.008 0.011 0.012 0.016 0.006 0.019 0.017 
 58 24.0658.E1    (0)    3 :  0.014 0.012 0.018 0.006 0.134 0.054 0.006 0.730 0.025 
 59 24.0659.E1    (0)    3 :  0.190 0.068 0.072 0.004 0.053 0.460 0.012 0.124 0.017 
 60 24.0660.E1    (6)    3 :  0.020 0.009 0.020 0.006 0.006 0.011 0.013 0.901 0.014 
 61 24.0661.E1    (0)    3 :  0.938 0.008 0.008 0.006 0.006 0.007 0.005 0.017 0.005 
 62 24.0662.E1    (0)    3 :  0.073 0.398 0.111 0.015 0.030 0.105 0.027 0.229 0.013 
 63 24.0663.E1    (0)    3 :  0.110 0.061 0.007 0.005 0.609 0.007 0.010 0.145 0.047 
 64 24.0664.E1    (0)    3 :  0.374 0.008 0.007 0.024 0.019 0.011 0.009 0.539 0.009 
 65 24.0665.E1    (0)    3 :  0.455 0.010 0.007 0.047 0.005 0.038 0.006 0.404 0.028 
 66 24.0666.E1    (0)    3 :  0.007 0.005 0.006 0.004 0.008 0.950 0.005 0.007 0.008 
 67 24.0667.E1    (0)    3 :  0.006 0.004 0.007 0.004 0.005 0.954 0.003 0.011 0.005 
 68 24.0668.E1    (0)    3 :  0.004 0.004 0.003 0.003 0.004 0.969 0.004 0.004 0.004 
 69 24.0669.E1    (0)    3 :  0.004 0.005 0.004 0.004 0.004 0.966 0.004 0.005 0.005 
 70 24.0670.E1    (0)    3 :  0.019 0.009 0.011 0.005 0.031 0.024 0.003 0.894 0.004 
 71 24.0671.E1    (0)    3 :  0.103 0.027 0.008 0.008 0.030 0.010 0.010 0.793 0.011 
 72 24.0672.E1    (0)    3 :  0.025 0.054 0.067 0.006 0.009 0.439 0.006 0.363 0.031 
 73 24.0673.E1    (6)    4 :  0.496 0.010 0.119 0.087 0.009 0.011 0.024 0.020 0.224 
 74 24.0674.E1    (0)    4 :  0.005 0.016 0.010 0.054 0.016 0.005 0.009 0.007 0.878 
 75 24.0675.E1    (0)    4 :  0.043 0.029 0.023 0.023 0.032 0.010 0.026 0.029 0.786 
 76 24.0676.E1    (0)    4 :  0.018 0.020 0.013 0.023 0.159 0.007 0.007 0.050 0.704 
 77 24.0677.E1    (0)    4 :  0.032 0.044 0.028 0.011 0.029 0.016 0.004 0.813 0.023 
 78 24.0678.E1    (0)    4 :  0.033 0.032 0.458 0.012 0.008 0.122 0.050 0.256 0.029 
 79 24.0679.E1    (0)    4 :  0.010 0.016 0.136 0.009 0.248 0.116 0.014 0.123 0.329 
 80 24.0680.E1    (0)    4 :  0.020 0.019 0.046 0.011 0.007 0.297 0.026 0.436 0.137 
 81 24.0681.E1    (0)    4 :  0.017 0.012 0.041 0.018 0.007 0.024 0.009 0.218 0.654 
 82 24.0682.E1    (0)    4 :  0.003 0.004 0.004 0.005 0.005 0.004 0.005 0.004 0.966 
 83 24.0683.E1    (0)    4 :  0.006 0.011 0.010 0.162 0.005 0.007 0.006 0.006 0.786 
 84 24.0684.E1    (0)    4 :  0.006 0.011 0.066 0.054 0.031 0.011 0.032 0.042 0.746 
 85 24.0685.E1    (0)    4 :  0.005 0.005 0.010 0.017 0.015 0.058 0.007 0.009 0.874 
 86 24.0686.E1    (0)    4 :  0.006 0.048 0.060 0.013 0.015 0.015 0.070 0.742 0.030 
 87 24.0687.E1    (0)    4 :  0.008 0.041 0.045 0.014 0.024 0.009 0.180 0.614 0.065 
 88 24.0688.E1    (0)    4 :  0.005 0.005 0.006 0.006 0.004 0.004 0.007 0.009 0.954 
 89 24.0689.E1    (0)    4 :  0.026 0.015 0.026 0.033 0.389 0.011 0.015 0.333 0.150 
 90 24.0690.E1    (0)    4 :  0.021 0.022 0.021 0.036 0.006 0.682 0.030 0.144 0.037 
 91 24.0691.E1    (0)    4 :  0.005 0.005 0.020 0.007 0.027 0.009 0.007 0.013 0.906 
 92 24.0692.E1    (0)    4 :  0.006 0.006 0.005 0.009 0.023 0.009 0.005 0.083 0.854 
 93 24.0693.E1    (0)    4 :  0.068 0.013 0.012 0.413 0.043 0.020 0.008 0.111 0.313 
 94 24.0694.E1    (0)    4 :  0.005 0.005 0.007 0.009 0.006 0.012 0.007 0.008 0.940 
 95 24.0695.E1    (0)    4 :  0.009 0.012 0.072 0.007 0.025 0.014 0.006 0.010 0.845 
 96 24.0696.E1    (0)    4 :  0.005 0.007 0.021 0.008 0.013 0.012 0.013 0.014 0.907 
 97 24.0697.E1    (0)    5 :  0.007 0.016 0.006 0.085 0.013 0.007 0.013 0.766 0.086 
 98 24.0698.E1    (0)    5 :  0.008 0.026 0.018 0.096 0.022 0.042 0.018 0.747 0.023 
 99 24.0699.E1    (0)    5 :  0.007 0.015 0.014 0.009 0.005 0.009 0.009 0.924 0.006 
100 24.0700.E1    (0)    5 :  0.008 0.007 0.006 0.007 0.007 0.015 0.005 0.927 0.018 
101 24.0701.E1    (0)    5 :  0.006 0.009 0.007 0.035 0.010 0.900 0.010 0.015 0.009 
102 24.0702.E1    (0)    5 :  0.007 0.008 0.010 0.027 0.008 0.074 0.014 0.836 0.015 
103 24.0703.E1    (0)    5 :  0.005 0.143 0.010 0.007 0.006 0.019 0.049 0.754 0.007 
104 24.0704.E1    (6)    5 :  0.005 0.329 0.018 0.010 0.009 0.009 0.009 0.595 0.016 
105 24.0705.E1    (0)    5 :  0.006 0.009 0.015 0.007 0.011 0.059 0.009 0.042 0.842 
106 24.0706.E1    (0)    5 :  0.018 0.009 0.007 0.012 0.010 0.068 0.009 0.819 0.048 
107 24.0707.E1    (0)    5 :  0.012 0.033 0.021 0.016 0.005 0.014 0.018 0.845 0.037 
108 24.0708.E1    (0)    5 :  0.023 0.223 0.053 0.025 0.295 0.026 0.255 0.048 0.051 
109 24.0709.E1    (0)    5 :  0.015 0.021 0.010 0.006 0.041 0.010 0.008 0.024 0.865 
110 24.0710.E1    (0)    5 :  0.009 0.047 0.044 0.056 0.056 0.065 0.008 0.491 0.222 
111 24.0711.E1    (0)    5 :  0.008 0.025 0.065 0.019 0.007 0.038 0.059 0.724 0.055 
112 24.0712.E1    (0)    5 :  0.006 0.008 0.018 0.016 0.008 0.816 0.041 0.055 0.031 
113 24.0713.E1    (0)    5 :  0.008 0.027 0.009 0.016 0.034 0.020 0.008 0.282 0.596 
114 24.0714.E1    (0)    5 :  0.013 0.036 0.039 0.009 0.022 0.027 0.014 0.791 0.049 
115 24.0715.E1    (0)    5 :  0.036 0.007 0.028 0.428 0.012 0.018 0.007 0.396 0.069 
116 24.0716.E1    (0)    5 :  0.009 0.044 0.059 0.014 0.048 0.300 0.037 0.469 0.019 
117 24.0717.E1    (0)    5 :  0.106 0.057 0.017 0.253 0.026 0.021 0.043 0.450 0.027 
118 24.0718.E1    (0)    5 :  0.007 0.007 0.018 0.011 0.007 0.063 0.032 0.744 0.111 
119 24.0719.E1    (0)    5 :  0.008 0.009 0.006 0.006 0.015 0.012 0.015 0.028 0.901 
120 24.0720.E1    (0)    5 :  0.010 0.010 0.016 0.006 0.022 0.012 0.016 0.333 0.575 
121 24.0721.E1    (0)    6 :  0.128 0.021 0.011 0.553 0.033 0.032 0.014 0.134 0.075 
122 24.0722.E1    (0)    6 :  0.010 0.095 0.020 0.539 0.013 0.076 0.118 0.057 0.072 
123 24.0723.E1    (0)    6 :  0.290 0.129 0.025 0.228 0.028 0.010 0.252 0.023 0.015 
124 24.0724.E1    (0)    6 :  0.020 0.157 0.127 0.123 0.128 0.017 0.039 0.029 0.361 
125 24.0725.E1    (0)    6 :  0.016 0.005 0.930 0.008 0.006 0.008 0.007 0.010 0.010 
126 24.0726.E1    (6)    6 :  0.009 0.012 0.631 0.089 0.007 0.011 0.009 0.015 0.217 
127 24.0727.E1    (0)    6 :  0.044 0.020 0.250 0.502 0.020 0.088 0.018 0.035 0.023 
128 24.0728.E1    (0)    6 :  0.031 0.012 0.305 0.171 0.012 0.011 0.037 0.403 0.017 
129 24.0729.E1    (0)    6 :  0.006 0.017 0.632 0.049 0.023 0.045 0.013 0.016 0.200 
130 24.0730.E1    (0)    6 :  0.012 0.008 0.052 0.038 0.021 0.014 0.010 0.822 0.023 
131 24.0731.E1    (0)    6 :  0.018 0.008 0.198 0.059 0.007 0.005 0.013 0.009 0.683 
132 24.0732.E1    (0)    6 :  0.025 0.006 0.050 0.787 0.004 0.013 0.009 0.017 0.090 
133 24.0733.E1    (0)    6 :  0.004 0.004 0.949 0.016 0.006 0.004 0.006 0.004 0.008 
134 24.0734.E1    (0)    6 :  0.010 0.011 0.035 0.818 0.008 0.014 0.013 0.083 0.009 
135 24.0735.E1    (0)    6 :  0.011 0.008 0.579 0.240 0.027 0.015 0.056 0.044 0.019 
136 24.0736.E1    (0)    6 :  0.006 0.006 0.907 0.046 0.006 0.005 0.008 0.009 0.008 
137 24.0737.E1    (0)    6 :  0.011 0.017 0.880 0.008 0.008 0.012 0.027 0.024 0.014 
138 24.0738.E1    (0)    6 :  0.009 0.009 0.902 0.029 0.005 0.010 0.011 0.017 0.010 
139 24.0739.E1    (0)    6 :  0.009 0.006 0.916 0.006 0.007 0.007 0.017 0.022 0.011 
140 24.0740.E1    (0)    6 :  0.006 0.015 0.562 0.012 0.017 0.010 0.022 0.014 0.342 
141 24.0741.E1    (0)    6 :  0.013 0.009 0.309 0.392 0.010 0.007 0.020 0.046 0.195 
142 24.0742.E1    (0)    6 :  0.007 0.012 0.140 0.776 0.007 0.008 0.010 0.012 0.027 
143 24.0743.E1    (0)    6 :  0.010 0.033 0.375 0.049 0.023 0.020 0.005 0.013 0.471 
144 24.0744.E1    (0)    6 :  0.017 0.026 0.271 0.145 0.026 0.343 0.013 0.023 0.136 
145 24.0745.E1    (0)    7 :  0.017 0.010 0.005 0.892 0.008 0.030 0.004 0.013 0.022 
146 24.0746.E1    (0)    7 :  0.008 0.158 0.040 0.623 0.011 0.010 0.057 0.051 0.043 
147 24.0747.E1    (0)    7 :  0.010 0.008 0.023 0.667 0.025 0.012 0.010 0.013 0.232 
148 24.0748.E1    (6)    7 :  0.026 0.008 0.025 0.558 0.035 0.012 0.009 0.012 0.315 
149 24.0749.E1    (0)    7 :  0.004 0.007 0.231 0.722 0.006 0.008 0.007 0.008 0.008 
150 24.0750.E1    (0)    7 :  0.011 0.038 0.226 0.311 0.017 0.057 0.012 0.092 0.236 
151 24.0751.E1    (0)    7 :  0.005 0.004 0.007 0.959 0.004 0.004 0.007 0.005 0.005 
152 24.0752.E1    (0)    7 :  0.009 0.006 0.038 0.907 0.006 0.005 0.007 0.011 0.011 
153 24.0753.E1    (0)    7 :  0.026 0.010 0.225 0.505 0.005 0.010 0.197 0.009 0.013 
154 24.0754.E1    (0)    7 :  0.009 0.005 0.023 0.903 0.006 0.008 0.017 0.008 0.022 
155 24.0755.E1    (0)    7 :  0.006 0.013 0.014 0.768 0.046 0.008 0.025 0.028 0.091 
156 24.0756.E1    (0)    7 :  0.005 0.006 0.013 0.935 0.015 0.005 0.009 0.005 0.006 
157 24.0757.E1    (0)    7 :  0.003 0.003 0.003 0.972 0.003 0.004 0.004 0.004 0.004 
158 24.0758.E1    (0)    7 :  0.004 0.003 0.004 0.971 0.003 0.004 0.004 0.004 0.004 
159 24.0759.E1    (0)    7 :  0.012 0.006 0.016 0.932 0.005 0.008 0.006 0.008 0.008 
160 24.0760.E1    (0)    7 :  0.008 0.008 0.010 0.621 0.006 0.008 0.283 0.037 0.018 
161 24.0761.E1    (0)    7 :  0.006 0.004 0.006 0.959 0.005 0.004 0.009 0.004 0.005 
162 24.0762.E1    (0)    7 :  0.009 0.015 0.227 0.103 0.193 0.286 0.009 0.100 0.058 
163 24.0763.E1    (0)    7 :  0.006 0.004 0.007 0.956 0.004 0.004 0.004 0.004 0.011 
164 24.0764.E1    (0)    7 :  0.004 0.004 0.010 0.954 0.005 0.004 0.008 0.006 0.005 
165 24.0765.E1    (0)    7 :  0.008 0.014 0.007 0.905 0.011 0.005 0.024 0.008 0.017 
166 24.0766.E1    (0)    7 :  0.009 0.005 0.009 0.947 0.005 0.005 0.006 0.007 0.008 
167 24.0767.E1    (0)    7 :  0.004 0.004 0.004 0.967 0.004 0.003 0.004 0.004 0.006 
168 24.0768.E1    (0)    7 :  0.011 0.045 0.225 0.137 0.040 0.010 0.005 0.028 0.500 
169 24.0779.E1    (0)    8 :  0.016 0.048 0.014 0.039 0.008 0.009 0.006 0.826 0.033 
170 24.0780.E1    (6)    8 :  0.037 0.010 0.008 0.004 0.102 0.009 0.006 0.796 0.027 
171 24.0781.E1    (0)    8 :  0.006 0.005 0.004 0.005 0.008 0.006 0.005 0.954 0.007 
172 24.0782.E1    (0)    8 :  0.039 0.025 0.138 0.028 0.027 0.010 0.043 0.206 0.483 
173 24.0783.E1    (0)    8 :  0.013 0.008 0.012 0.007 0.582 0.080 0.019 0.182 0.097 
174 24.0784.E1    (0)    8 :  0.008 0.022 0.007 0.004 0.019 0.005 0.005 0.902 0.028 
175 24.0785.E1    (0)    8 :  0.061 0.025 0.006 0.004 0.035 0.013 0.004 0.842 0.011 
176 24.0786.E1    (0)    8 :  0.023 0.011 0.021 0.009 0.105 0.011 0.008 0.734 0.079 
177 24.0787.E1    (0)    8 :  0.034 0.011 0.010 0.011 0.010 0.006 0.031 0.875 0.011 
178 24.0788.E1    (0)    8 :  0.051 0.010 0.005 0.006 0.115 0.007 0.027 0.750 0.029 
179 24.0789.E1    (0)    8 :  0.015 0.023 0.022 0.006 0.026 0.006 0.017 0.876 0.008 
180 24.0790.E1    (0)    8 :  0.049 0.013 0.004 0.004 0.011 0.007 0.006 0.901 0.006 
181 24.0791.E1    (0)    8 :  0.024 0.024 0.178 0.008 0.015 0.286 0.006 0.239 0.221 
182 24.0792.E1    (0)    8 :  0.399 0.010 0.015 0.017 0.009 0.043 0.004 0.385 0.118 
183 24.0793.E1    (0)    9 :  0.033 0.671 0.036 0.007 0.094 0.008 0.056 0.085 0.009 
184 24.0794.E1    (0)    9 :  0.239 0.048 0.633 0.007 0.034 0.007 0.006 0.020 0.006 
185 24.0795.E1    (0)    9 :  0.008 0.567 0.266 0.008 0.067 0.008 0.036 0.020 0.021 
186 24.0796.E1    (0)    9 :  0.233 0.080 0.102 0.005 0.406 0.006 0.009 0.150 0.008 
187 24.0797.E1    (0)    9 :  0.050 0.552 0.018 0.003 0.207 0.007 0.011 0.144 0.008 
188 24.0798.E1    (0)    9 :  0.092 0.462 0.009 0.019 0.013 0.342 0.027 0.018 0.020 
189 24.0799.E1    (0)    9 :  0.008 0.884 0.023 0.007 0.031 0.014 0.008 0.015 0.010 
190 24.0800.E1    (0)    9 :  0.034 0.670 0.024 0.008 0.166 0.015 0.006 0.019 0.058 
191 24.0801.E1    (0)    9 :  0.011 0.606 0.005 0.005 0.006 0.335 0.007 0.009 0.017 
192 24.0802.E1    (0)    9 :  0.008 0.874 0.008 0.004 0.057 0.011 0.019 0.010 0.010 
193 24.0803.E1    (0)    9 :  0.007 0.927 0.010 0.006 0.008 0.019 0.007 0.008 0.007 
194 24.0804.E1    (0)    9 :  0.010 0.883 0.009 0.004 0.063 0.004 0.012 0.009 0.006 
195 24.0805.E1    (0)    9 :  0.006 0.924 0.007 0.006 0.005 0.007 0.004 0.007 0.033 
196 24.0806.E1    (0)    9 :  0.007 0.943 0.006 0.004 0.004 0.005 0.020 0.006 0.005 
197 24.0807.E1    (0)    9 :  0.045 0.887 0.009 0.004 0.017 0.009 0.007 0.014 0.009 
198 24.0808.E1    (0)    9 :  0.021 0.713 0.014 0.006 0.045 0.006 0.020 0.073 0.102 
199 24.0809.E1    (0)    9 :  0.007 0.850 0.015 0.009 0.038 0.009 0.004 0.007 0.061 
200 24.0810.E1    (0)    9 :  0.023 0.890 0.007 0.013 0.014 0.008 0.011 0.008 0.026 
201 24.0811.E1    (0)    9 :  0.182 0.648 0.038 0.005 0.069 0.005 0.024 0.022 0.008 
202 24.0812.E1    (0)    9 :  0.010 0.628 0.034 0.006 0.250 0.008 0.006 0.039 0.019 
203 24.0813.E1    (0)    9 :  0.008 0.901 0.006 0.006 0.014 0.004 0.007 0.021 0.033 
204 24.0814.E1    (6)    9 :  0.012 0.805 0.008 0.004 0.128 0.007 0.014 0.006 0.016 
205 24.0815.E1    (0)    9 :  0.008 0.911 0.004 0.007 0.012 0.023 0.018 0.007 0.009 
206 24.0816.E1    (0)    9 :  0.020 0.920 0.006 0.004 0.011 0.012 0.010 0.013 0.004 
207 24.0817.E1    (0)   10 :  0.053 0.120 0.018 0.006 0.751 0.009 0.005 0.025 0.014 
208 24.0818.E1    (0)   10 :  0.016 0.013 0.030 0.009 0.836 0.007 0.012 0.072 0.005 
209 24.0819.E1    (0)   10 :  0.277 0.409 0.018 0.140 0.020 0.089 0.020 0.010 0.016 
210 24.0820.E1    (0)   10 :  0.839 0.011 0.007 0.077 0.036 0.010 0.008 0.007 0.006 
211 24.0821.E1    (0)   10 :  0.234 0.092 0.016 0.007 0.172 0.267 0.014 0.179 0.020 
212 24.0822.E1    (0)   10 :  0.010 0.006 0.006 0.018 0.914 0.006 0.004 0.027 0.008 
213 24.0823.E1    (0)   10 :  0.498 0.011 0.009 0.041 0.401 0.012 0.011 0.006 0.011 
214 24.0824.E1    (0)   10 :  0.013 0.016 0.007 0.008 0.477 0.437 0.006 0.006 0.031 
215 24.0825.E1    (0)   10 :  0.005 0.005 0.004 0.005 0.958 0.005 0.005 0.005 0.008 
216 24.0826.E1    (0)   10 :  0.837 0.023 0.006 0.028 0.057 0.015 0.009 0.014 0.010 
217 24.0827.E1    (0)   10 :  0.107 0.016 0.044 0.004 0.783 0.007 0.008 0.022 0.010 
218 24.0828.E1    (0)   10 :  0.659 0.051 0.010 0.017 0.164 0.049 0.010 0.024 0.017 
219 24.0829.E1    (0)   10 :  0.016 0.223 0.005 0.009 0.712 0.009 0.006 0.008 0.011 
220 24.0830.E1    (0)   10 :  0.020 0.013 0.006 0.004 0.918 0.018 0.004 0.009 0.009 
221 24.0831.E1    (0)   10 :  0.013 0.009 0.005 0.004 0.899 0.028 0.005 0.029 0.009 
222 24.0832.E1    (0)   10 :  0.014 0.005 0.009 0.004 0.949 0.004 0.003 0.006 0.007 
223 24.0833.E1    (0)   10 :  0.007 0.004 0.004 0.004 0.963 0.004 0.003 0.004 0.007 
224 24.0834.E1    (0)   10 :  0.009 0.007 0.007 0.007 0.944 0.005 0.007 0.005 0.008 
225 24.0835.E1    (0)   10 :  0.006 0.014 0.013 0.004 0.935 0.008 0.006 0.008 0.007 
226 24.0836.E1    (0)   10 :  0.007 0.009 0.010 0.008 0.923 0.014 0.004 0.009 0.016 
227 24.0837.E1    (0)   10 :  0.007 0.007 0.006 0.005 0.949 0.006 0.004 0.008 0.007 
228 24.0838.E1    (0)   10 :  0.010 0.007 0.004 0.007 0.943 0.005 0.004 0.010 0.010 
229 24.0839.E1    (0)   10 :  0.022 0.273 0.035 0.021 0.536 0.019 0.025 0.049 0.020 
230 24.0840.E1    (0)   10 :  0.049 0.263 0.011 0.004 0.623 0.009 0.022 0.013 0.006 
231 24.0841.E1    (0)   11 :  0.314 0.477 0.009 0.018 0.133 0.004 0.004 0.025 0.017 
232 24.0842.E1    (0)   11 :  0.237 0.431 0.011 0.013 0.103 0.178 0.003 0.016 0.008 
233 24.0843.E1    (0)   11 :  0.526 0.151 0.006 0.014 0.042 0.227 0.005 0.019 0.008 
234 24.0844.E1    (0)   11 :  0.020 0.222 0.027 0.007 0.295 0.383 0.005 0.026 0.015 
235 24.0845.E1    (0)   11 :  0.038 0.016 0.010 0.005 0.806 0.025 0.005 0.079 0.016 
236 24.0846.E1    (0)   11 :  0.009 0.026 0.012 0.011 0.902 0.011 0.011 0.010 0.010 
237 24.0847.E1    (0)   11 :  0.015 0.028 0.034 0.015 0.802 0.019 0.007 0.008 0.073 
238 24.0848.E1    (0)   11 :  0.010 0.042 0.011 0.005 0.849 0.017 0.004 0.037 0.025 
239 24.0849.E1    (0)   11 :  0.926 0.007 0.006 0.004 0.038 0.005 0.003 0.005 0.004 
240 24.0850.E1    (0)   11 :  0.927 0.007 0.006 0.004 0.039 0.005 0.003 0.005 0.004 
241 24.0851.E1    (0)   11 :  0.927 0.008 0.006 0.004 0.038 0.005 0.003 0.005 0.004 
242 24.0852.E1    (0)   11 :  0.736 0.018 0.011 0.013 0.143 0.008 0.005 0.055 0.012 
243 24.0853.E1    (0)   11 :  0.510 0.017 0.006 0.009 0.430 0.005 0.006 0.006 0.011 
244 24.0854.E1    (0)   11 :  0.290 0.018 0.012 0.008 0.020 0.633 0.005 0.006 0.008 
245 24.0855.E1    (0)   11 :  0.039 0.124 0.006 0.009 0.783 0.010 0.005 0.012 0.012 
246 24.0856.E1    (0)   11 :  0.022 0.229 0.097 0.031 0.043 0.401 0.094 0.074 0.010 
247 24.0857.E1    (0)   11 :  0.020 0.259 0.020 0.010 0.617 0.016 0.011 0.023 0.024 
248 24.0858.E1    (0)   11 :  0.058 0.110 0.016 0.017 0.650 0.024 0.005 0.102 0.017 
249 24.0859.E1    (0)   11 :  0.864 0.027 0.011 0.021 0.038 0.009 0.010 0.011 0.008 
250 24.0860.E1    (0)   11 :  0.042 0.673 0.026 0.048 0.068 0.031 0.041 0.063 0.008 
251 24.0861.E1    (0)   11 :  0.904 0.013 0.006 0.005 0.051 0.005 0.004 0.008 0.004 
252 24.0862.E1    (0)   11 :  0.008 0.906 0.019 0.007 0.013 0.006 0.019 0.014 0.008 
253 24.0863.E1    (0)   11 :  0.903 0.013 0.006 0.005 0.051 0.005 0.004 0.008 0.004 
254 24.0864.E1    (0)   11 :  0.094 0.025 0.129 0.007 0.115 0.016 0.007 0.032 0.575 
255 24.0865.E1    (0)   12 :  0.813 0.009 0.041 0.039 0.013 0.007 0.019 0.018 0.040 
256 24.0866.E1    (0)   12 :  0.020 0.153 0.031 0.032 0.147 0.024 0.006 0.268 0.319 
257 24.0867.E1    (0)   12 :  0.164 0.017 0.010 0.111 0.032 0.012 0.021 0.012 0.621 
258 24.0868.E1    (0)   12 :  0.018 0.023 0.010 0.019 0.076 0.020 0.028 0.405 0.400 
259 24.0869.E1    (0)   12 :  0.011 0.025 0.007 0.005 0.055 0.006 0.041 0.020 0.830 
260 24.0870.E1    (0)   12 :  0.013 0.017 0.115 0.024 0.124 0.022 0.120 0.300 0.264 
261 24.0871.E1    (0)   12 :  0.063 0.052 0.073 0.007 0.027 0.027 0.050 0.100 0.601 
262 24.0872.E1    (0)   12 :  0.323 0.017 0.014 0.103 0.010 0.053 0.009 0.081 0.390 
263 24.0873.E1    (0)   12 :  0.058 0.052 0.010 0.013 0.021 0.013 0.015 0.018 0.799 
264 24.0874.E1    (0)   12 :  0.181 0.065 0.009 0.196 0.069 0.029 0.008 0.019 0.422 
265 24.0875.E1    (0)   12 :  0.013 0.025 0.068 0.013 0.015 0.267 0.013 0.118 0.468 
266 24.0876.E1    (0)   12 :  0.006 0.013 0.138 0.017 0.006 0.186 0.009 0.043 0.581 
267 24.0877.E1    (0)   12 :  0.008 0.011 0.815 0.075 0.004 0.015 0.007 0.035 0.031 
268 24.0878.E1    (0)   12 :  0.011 0.011 0.639 0.015 0.055 0.031 0.010 0.023 0.206 
269 24.0879.E1    (0)   12 :  0.008 0.006 0.668 0.006 0.007 0.265 0.011 0.012 0.017 
270 24.0880.E1    (0)   12 :  0.023 0.013 0.034 0.014 0.467 0.066 0.015 0.062 0.307 
271 24.0881.E1    (0)   12 :  0.006 0.005 0.939 0.011 0.004 0.007 0.012 0.006 0.009 
272 24.0882.E1    (0)   12 :  0.012 0.008 0.188 0.726 0.007 0.010 0.008 0.020 0.020 
273 24.0883.E1    (0)   12 :  0.048 0.006 0.260 0.254 0.008 0.291 0.012 0.009 0.113 
274 24.0884.E1    (0)   12 :  0.020 0.006 0.833 0.058 0.005 0.030 0.008 0.014 0.027 
275 24.0885.E1    (0)   12 :  0.008 0.008 0.624 0.007 0.011 0.106 0.016 0.040 0.179 
276 24.0886.E1    (0)   12 :  0.048 0.011 0.371 0.205 0.005 0.092 0.004 0.012 0.251 
277 24.0887.E1    (0)   12 :  0.008 0.005 0.026 0.724 0.005 0.195 0.009 0.006 0.023 
278 24.0888.E1    (0)   12 :  0.038 0.045 0.016 0.005 0.008 0.020 0.007 0.841 0.018 


Estimated Allele Frequencies in each cluster
First column gives estimated ancestral frequencies


Locus 1 : 
31 alleles
0.0% missing data
 115   (0.031) 0.004 0.011 0.131 0.005 0.005 0.017 0.003 0.007 0.136 
 117   (0.044) 0.004 0.056 0.187 0.201 0.006 0.018 0.004 0.009 0.054 
 119   (0.041) 0.004 0.006 0.261 0.312 0.005 0.008 0.285 0.009 0.020 
 131   (0.014) 0.001 0.002 0.050 0.003 0.001 0.004 0.001 0.003 0.003 
 128   (0.037) 0.006 0.009 0.034 0.003 0.034 0.018 0.004 0.030 0.046 
 135   (0.017) 0.002 0.004 0.047 0.009 0.003 0.004 0.002 0.004 0.011 
 126   (0.082) 0.057 0.051 0.079 0.075 0.255 0.048 0.012 0.079 0.071 
 122   (0.034) 0.003 0.109 0.012 0.002 0.004 0.009 0.097 0.036 0.010 
 132   (0.033) 0.007 0.047 0.005 0.016 0.020 0.020 0.004 0.023 0.018 
 141   (0.011) 0.001 0.002 0.010 0.001 0.001 0.002 0.003 0.002 0.002 
 130   (0.052) 0.037 0.022 0.007 0.013 0.018 0.121 0.015 0.069 0.086 
 134   (0.039) 0.072 0.028 0.005 0.003 0.009 0.006 0.128 0.028 0.028 
 145   (0.018) 0.104 0.003 0.003 0.010 0.002 0.008 0.007 0.003 0.004 
 127   (0.026) 0.003 0.004 0.029 0.152 0.003 0.008 0.055 0.005 0.006 
 116   (0.107) 0.290 0.127 0.015 0.011 0.136 0.098 0.174 0.258 0.159 
 114   (0.060) 0.172 0.143 0.008 0.005 0.111 0.036 0.056 0.043 0.030 
 120   (0.035) 0.004 0.005 0.008 0.003 0.004 0.119 0.087 0.064 0.015 
 110   (0.048) 0.019 0.014 0.009 0.022 0.091 0.079 0.025 0.030 0.052 
 133   (0.014) 0.001 0.007 0.003 0.013 0.001 0.004 0.009 0.003 0.003 
 118   (0.112) 0.185 0.304 0.015 0.021 0.185 0.307 0.013 0.247 0.184 
 125   (0.014) 0.003 0.011 0.003 0.001 0.011 0.005 0.002 0.005 0.002 
 129   (0.018) 0.002 0.003 0.043 0.007 0.002 0.029 0.002 0.006 0.005 
 124   (0.015) 0.006 0.002 0.009 0.002 0.003 0.017 0.002 0.012 0.005 
 136   (0.020) 0.002 0.004 0.003 0.001 0.071 0.003 0.002 0.006 0.035 
 121   (0.016) 0.001 0.002 0.006 0.065 0.001 0.002 0.002 0.003 0.004 
 139   (0.010) 0.001 0.001 0.011 0.001 0.001 0.002 0.001 0.002 0.001 
 113   (0.009) 0.001 0.001 0.001 0.014 0.001 0.001 0.001 0.002 0.001 
 111   (0.011) 0.001 0.001 0.002 0.013 0.001 0.002 0.001 0.002 0.002 
 143   (0.010) 0.001 0.001 0.001 0.014 0.001 0.002 0.001 0.002 0.001 
 140   (0.015) 0.002 0.017 0.002 0.001 0.001 0.003 0.001 0.011 0.002 
 112   (0.009) 0.001 0.001 0.001 0.001 0.014 0.002 0.001 0.002 0.001 

Locus 2 : 
18 alleles
0.0% missing data
 152   (0.384) 0.302 0.507 0.649 0.792 0.190 0.389 0.398 0.336 0.520 
 148   (0.067) 0.007 0.011 0.134 0.024 0.009 0.052 0.222 0.033 0.177 
 154   (0.105) 0.019 0.062 0.048 0.035 0.271 0.042 0.257 0.088 0.155 
 156   (0.015) 0.002 0.008 0.014 0.001 0.002 0.005 0.002 0.005 0.002 
 150   (0.024) 0.002 0.003 0.009 0.046 0.002 0.006 0.063 0.004 0.003 
 164   (0.080) 0.092 0.075 0.068 0.015 0.049 0.019 0.011 0.141 0.035 
 158   (0.031) 0.008 0.012 0.009 0.009 0.004 0.155 0.015 0.007 0.018 
 160   (0.019) 0.002 0.003 0.003 0.020 0.002 0.004 0.002 0.013 0.008 
 166   (0.020) 0.002 0.036 0.003 0.001 0.002 0.004 0.004 0.017 0.004 
 151   (0.069) 0.308 0.026 0.009 0.005 0.424 0.191 0.007 0.181 0.012 
 147   (0.067) 0.200 0.217 0.009 0.005 0.033 0.074 0.007 0.099 0.029 
 168   (0.024) 0.028 0.009 0.004 0.002 0.002 0.007 0.003 0.016 0.009 
 153   (0.014) 0.013 0.002 0.002 0.001 0.001 0.003 0.001 0.014 0.002 
 149   (0.023) 0.002 0.003 0.003 0.011 0.002 0.042 0.002 0.008 0.017 
 162   (0.020) 0.010 0.019 0.009 0.003 0.002 0.004 0.002 0.009 0.003 
 167   (0.012) 0.001 0.002 0.024 0.001 0.001 0.002 0.001 0.002 0.002 
 146   (0.013) 0.001 0.002 0.001 0.029 0.001 0.002 0.001 0.002 0.002 
 172   (0.013) 0.001 0.002 0.002 0.001 0.001 0.002 0.001 0.023 0.002 

Locus 3 : 
4 alleles
0.0% missing data
 128   (0.294) 0.337 0.252 0.204 0.437 0.425 0.281 0.321 0.225 0.304 
 126   (0.612) 0.513 0.697 0.714 0.556 0.530 0.560 0.614 0.737 0.671 
 132   (0.080) 0.149 0.050 0.080 0.006 0.044 0.119 0.059 0.035 0.023 
 134   (0.014) 0.001 0.002 0.002 0.001 0.001 0.041 0.006 0.003 0.002 

Locus 4 : 
3 alleles
0.0% missing data
 170   (0.321) 0.162 0.291 0.336 0.288 0.444 0.226 0.408 0.377 0.181 
 172   (0.666) 0.834 0.707 0.662 0.710 0.554 0.772 0.581 0.621 0.816 
 171   (0.013) 0.003 0.002 0.002 0.002 0.002 0.002 0.011 0.002 0.003 

Locus 5 : 
37 alleles
0.0% missing data
 125   (0.052) 0.115 0.010 0.066 0.029 0.071 0.136 0.064 0.018 0.048 
 110   (0.035) 0.018 0.022 0.052 0.016 0.087 0.034 0.043 0.007 0.008 
 129   (0.033) 0.038 0.023 0.052 0.003 0.011 0.008 0.003 0.107 0.008 
 113   (0.028) 0.013 0.091 0.012 0.002 0.012 0.007 0.004 0.108 0.009 
 145   (0.048) 0.095 0.008 0.207 0.102 0.013 0.085 0.006 0.013 0.143 
 155   (0.052) 0.006 0.086 0.150 0.017 0.056 0.019 0.183 0.040 0.027 
 117   (0.030) 0.006 0.024 0.020 0.035 0.004 0.007 0.005 0.013 0.110 
 124   (0.009) 0.001 0.001 0.023 0.001 0.001 0.001 0.001 0.002 0.002 
 133   (0.033) 0.011 0.008 0.040 0.072 0.003 0.014 0.004 0.059 0.032 
 157   (0.047) 0.007 0.018 0.008 0.031 0.063 0.119 0.030 0.148 0.036 
 141   (0.014) 0.002 0.002 0.005 0.001 0.006 0.003 0.002 0.032 0.006 
 112   (0.074) 0.139 0.049 0.065 0.157 0.158 0.017 0.195 0.055 0.092 
 121   (0.019) 0.016 0.069 0.004 0.003 0.003 0.007 0.008 0.011 0.003 
 114   (0.037) 0.004 0.007 0.042 0.172 0.071 0.007 0.016 0.008 0.141 
 153   (0.055) 0.080 0.167 0.055 0.004 0.089 0.211 0.010 0.020 0.041 
 127   (0.071) 0.219 0.073 0.074 0.074 0.096 0.037 0.022 0.108 0.068 
 131   (0.061) 0.076 0.092 0.051 0.177 0.039 0.126 0.223 0.019 0.031 
 135   (0.034) 0.064 0.047 0.007 0.004 0.020 0.040 0.009 0.025 0.031 
 104   (0.009) 0.003 0.001 0.002 0.002 0.002 0.001 0.011 0.002 0.003 
 118   (0.017) 0.002 0.003 0.015 0.002 0.002 0.016 0.018 0.011 0.007 
 116   (0.029) 0.006 0.039 0.007 0.005 0.018 0.034 0.022 0.008 0.032 
 137   (0.024) 0.003 0.063 0.006 0.006 0.003 0.015 0.095 0.013 0.008 
 123   (0.023) 0.016 0.033 0.006 0.003 0.085 0.008 0.005 0.005 0.008 
 149   (0.008) 0.004 0.003 0.001 0.001 0.002 0.001 0.001 0.002 0.007 
 138   (0.012) 0.021 0.002 0.001 0.001 0.001 0.002 0.001 0.039 0.002 
 143   (0.025) 0.011 0.005 0.003 0.069 0.049 0.009 0.003 0.034 0.004 
 163   (0.009) 0.001 0.002 0.002 0.001 0.001 0.001 0.004 0.008 0.002 
 109   (0.009) 0.001 0.001 0.001 0.001 0.001 0.001 0.001 0.001 0.026 
 139   (0.009) 0.001 0.001 0.001 0.001 0.001 0.003 0.001 0.010 0.001 
 106   (0.010) 0.001 0.002 0.001 0.001 0.001 0.002 0.001 0.010 0.002 
 144   (0.015) 0.001 0.015 0.002 0.001 0.002 0.002 0.002 0.005 0.037 
 122   (0.011) 0.001 0.002 0.011 0.004 0.001 0.002 0.001 0.002 0.010 
 100   (0.017) 0.010 0.023 0.003 0.001 0.010 0.007 0.002 0.019 0.008 
 111   (0.013) 0.006 0.002 0.002 0.001 0.002 0.002 0.001 0.027 0.003 
 233   (0.009) 0.004 0.003 0.001 0.001 0.003 0.008 0.001 0.004 0.001 
 134   (0.009) 0.001 0.001 0.001 0.001 0.013 0.002 0.001 0.002 0.001 
 140   (0.010) 0.001 0.002 0.001 0.001 0.002 0.002 0.001 0.006 0.006 

Locus 6 : 
17 alleles
0.0% missing data
 221   (0.022) 0.002 0.003 0.139 0.086 0.002 0.004 0.002 0.004 0.003 
 232   (0.246) 0.718 0.296 0.176 0.425 0.276 0.277 0.110 0.293 0.255 
 229   (0.055) 0.017 0.018 0.101 0.054 0.087 0.018 0.070 0.011 0.031 
 223   (0.065) 0.008 0.025 0.096 0.010 0.069 0.105 0.008 0.045 0.062 
 230   (0.155) 0.054 0.078 0.066 0.298 0.227 0.126 0.160 0.222 0.238 
 235   (0.014) 0.001 0.002 0.070 0.001 0.001 0.002 0.001 0.002 0.002 
 236   (0.037) 0.029 0.008 0.092 0.006 0.004 0.023 0.041 0.016 0.011 
 227   (0.023) 0.002 0.004 0.061 0.003 0.002 0.009 0.002 0.012 0.011 
 220   (0.053) 0.076 0.149 0.008 0.004 0.031 0.016 0.179 0.020 0.039 
 222   (0.039) 0.005 0.178 0.005 0.002 0.005 0.006 0.246 0.036 0.017 
 234   (0.136) 0.018 0.135 0.087 0.064 0.144 0.258 0.163 0.111 0.241 
 224   (0.030) 0.003 0.006 0.004 0.002 0.070 0.103 0.003 0.032 0.005 
 228   (0.057) 0.061 0.036 0.013 0.004 0.039 0.018 0.007 0.182 0.045 
 225   (0.012) 0.001 0.010 0.005 0.001 0.002 0.002 0.002 0.002 0.002 
 226   (0.016) 0.002 0.047 0.003 0.001 0.038 0.002 0.002 0.003 0.002 
 233   (0.027) 0.003 0.004 0.044 0.039 0.003 0.021 0.003 0.005 0.023 
 231   (0.013) 0.001 0.002 0.031 0.001 0.001 0.010 0.001 0.002 0.012 

Locus 7 : 
10 alleles
0.0% missing data
 121   (0.688) 0.716 0.776 0.887 0.747 0.764 0.620 0.799 0.840 0.810 
 129   (0.094) 0.146 0.042 0.072 0.099 0.126 0.089 0.011 0.052 0.058 
 130   (0.013) 0.001 0.029 0.002 0.002 0.001 0.002 0.001 0.003 0.002 
 123   (0.100) 0.128 0.090 0.024 0.103 0.096 0.203 0.120 0.059 0.038 
 128   (0.020) 0.002 0.003 0.003 0.022 0.002 0.016 0.036 0.004 0.004 
 131   (0.014) 0.001 0.004 0.002 0.001 0.003 0.008 0.026 0.003 0.002 
 117   (0.011) 0.001 0.002 0.001 0.001 0.001 0.002 0.001 0.011 0.002 
 125   (0.013) 0.001 0.002 0.002 0.001 0.001 0.051 0.001 0.002 0.002 
 134   (0.034) 0.003 0.051 0.005 0.007 0.003 0.008 0.004 0.024 0.074 
 132   (0.013) 0.001 0.002 0.002 0.019 0.001 0.002 0.001 0.002 0.009 

Locus 8 : 
19 alleles
0.0% missing data
 184   (0.309) 0.427 0.355 0.492 0.333 0.282 0.483 0.517 0.374 0.458 
 194   (0.046) 0.009 0.008 0.029 0.023 0.013 0.033 0.019 0.045 0.078 
 178   (0.102) 0.031 0.119 0.208 0.062 0.277 0.030 0.180 0.059 0.081 
 176   (0.078) 0.121 0.096 0.048 0.212 0.012 0.054 0.010 0.082 0.078 
 182   (0.075) 0.028 0.136 0.038 0.203 0.048 0.024 0.009 0.130 0.051 
 190   (0.029) 0.002 0.037 0.005 0.048 0.016 0.006 0.069 0.006 0.004 
 196   (0.021) 0.018 0.004 0.006 0.001 0.063 0.003 0.002 0.013 0.004 
 200   (0.029) 0.002 0.007 0.016 0.011 0.003 0.046 0.005 0.035 0.006 
 180   (0.024) 0.002 0.004 0.011 0.002 0.003 0.097 0.068 0.004 0.003 
 188   (0.037) 0.078 0.006 0.029 0.003 0.050 0.009 0.009 0.010 0.044 
 174   (0.037) 0.004 0.010 0.018 0.032 0.004 0.047 0.021 0.013 0.087 
 186   (0.122) 0.248 0.177 0.083 0.062 0.139 0.103 0.058 0.198 0.080 
 192   (0.023) 0.007 0.004 0.009 0.003 0.079 0.013 0.014 0.006 0.003 
 201   (0.010) 0.001 0.001 0.001 0.001 0.001 0.010 0.012 0.002 0.001 
 199   (0.019) 0.002 0.017 0.003 0.001 0.002 0.025 0.002 0.013 0.003 
 185   (0.011) 0.016 0.002 0.001 0.001 0.001 0.002 0.001 0.002 0.002 
 203   (0.011) 0.001 0.002 0.001 0.001 0.001 0.002 0.001 0.002 0.012 
 198   (0.010) 0.001 0.012 0.001 0.001 0.001 0.001 0.001 0.003 0.003 
 209   (0.009) 0.001 0.005 0.001 0.001 0.004 0.011 0.001 0.002 0.001 

Locus 9 : 
6 alleles
0.4% missing data
 154   (0.686) 0.854 0.795 0.714 0.647 0.798 0.689 0.819 0.743 0.653 
 156   (0.207) 0.035 0.188 0.168 0.334 0.129 0.294 0.170 0.185 0.274 
 152   (0.054) 0.097 0.010 0.075 0.007 0.069 0.009 0.006 0.029 0.039 
 153   (0.013) 0.011 0.002 0.002 0.001 0.001 0.002 0.002 0.015 0.002 
 160   (0.014) 0.001 0.002 0.002 0.001 0.001 0.002 0.001 0.023 0.002 
 164   (0.026) 0.002 0.004 0.038 0.010 0.002 0.004 0.003 0.005 0.031 

Locus 10 : 
29 alleles
0.7% missing data
 305   (0.069) 0.009 0.109 0.112 0.009 0.013 0.018 0.218 0.104 0.012 
 313   (0.047) 0.008 0.044 0.153 0.006 0.011 0.020 0.006 0.046 0.012 
 311   (0.017) 0.001 0.002 0.018 0.002 0.003 0.007 0.002 0.004 0.003 
 299   (0.125) 0.140 0.097 0.266 0.041 0.163 0.020 0.045 0.217 0.040 
 315   (0.074) 0.007 0.014 0.084 0.103 0.022 0.029 0.079 0.149 0.020 
 287   (0.017) 0.002 0.005 0.005 0.002 0.002 0.698 0.002 0.004 0.003 
 291   (0.111) 0.015 0.127 0.100 0.023 0.443 0.020 0.074 0.071 0.330 
 295   (0.023) 0.004 0.004 0.031 0.002 0.002 0.003 0.004 0.005 0.187 
 289   (0.016) 0.002 0.131 0.003 0.001 0.001 0.004 0.003 0.005 0.002 
 303   (0.031) 0.607 0.005 0.007 0.491 0.008 0.005 0.023 0.008 0.008 
 297   (0.044) 0.022 0.078 0.013 0.098 0.055 0.007 0.006 0.011 0.081 
 293   (0.021) 0.002 0.007 0.045 0.001 0.002 0.035 0.004 0.007 0.036 
 301   (0.059) 0.024 0.018 0.064 0.008 0.007 0.011 0.150 0.071 0.061 
 285   (0.028) 0.003 0.190 0.004 0.003 0.003 0.005 0.246 0.010 0.004 
 307   (0.055) 0.005 0.008 0.010 0.192 0.093 0.011 0.039 0.056 0.056 
 312   (0.056) 0.020 0.011 0.009 0.004 0.096 0.025 0.076 0.073 0.075 
 306   (0.026) 0.005 0.004 0.010 0.002 0.011 0.005 0.004 0.058 0.018 
 320   (0.013) 0.002 0.002 0.002 0.001 0.001 0.002 0.001 0.023 0.002 
 317   (0.020) 0.100 0.003 0.017 0.001 0.002 0.002 0.002 0.004 0.003 
 314   (0.026) 0.003 0.004 0.029 0.002 0.002 0.036 0.003 0.014 0.005 
 323   (0.013) 0.001 0.003 0.002 0.001 0.001 0.010 0.001 0.006 0.002 
 325   (0.011) 0.001 0.002 0.002 0.001 0.001 0.010 0.001 0.006 0.002 
 310   (0.015) 0.001 0.002 0.002 0.001 0.047 0.005 0.002 0.005 0.004 
 309   (0.012) 0.001 0.002 0.001 0.001 0.001 0.002 0.002 0.003 0.025 
 316   (0.017) 0.005 0.003 0.003 0.001 0.005 0.002 0.002 0.027 0.002 
 296   (0.012) 0.006 0.002 0.002 0.001 0.001 0.002 0.001 0.007 0.003 
 304   (0.016) 0.001 0.060 0.002 0.001 0.003 0.002 0.002 0.004 0.002 
 321   (0.013) 0.001 0.032 0.002 0.001 0.001 0.002 0.001 0.002 0.002 
 332   (0.013) 0.001 0.031 0.002 0.001 0.001 0.002 0.001 0.002 0.002 

Locus 11 : 
19 alleles
0.0% missing data
 114   (0.152) 0.046 0.026 0.242 0.190 0.027 0.068 0.285 0.167 0.250 
 126   (0.021) 0.002 0.003 0.058 0.003 0.002 0.003 0.018 0.004 0.005 
 111   (0.088) 0.297 0.580 0.224 0.006 0.553 0.029 0.009 0.017 0.015 
 116   (0.114) 0.010 0.062 0.109 0.264 0.035 0.140 0.021 0.082 0.127 
 132   (0.013) 0.001 0.002 0.011 0.001 0.001 0.002 0.001 0.003 0.002 
 109   (0.016) 0.001 0.002 0.046 0.001 0.002 0.002 0.001 0.003 0.003 
 128   (0.019) 0.002 0.003 0.008 0.001 0.007 0.003 0.002 0.007 0.011 
 112   (0.305) 0.212 0.064 0.227 0.504 0.050 0.444 0.606 0.601 0.443 
 122   (0.017) 0.013 0.003 0.003 0.004 0.002 0.004 0.008 0.004 0.009 
 124   (0.013) 0.002 0.002 0.002 0.002 0.001 0.002 0.017 0.002 0.002 
 118   (0.055) 0.012 0.056 0.018 0.010 0.008 0.082 0.015 0.026 0.071 
 127   (0.013) 0.001 0.002 0.002 0.001 0.001 0.002 0.001 0.011 0.002 
 113   (0.053) 0.384 0.132 0.007 0.003 0.225 0.030 0.005 0.018 0.011 
 115   (0.030) 0.004 0.008 0.022 0.003 0.007 0.159 0.003 0.010 0.015 
 120   (0.022) 0.002 0.003 0.003 0.001 0.063 0.004 0.002 0.004 0.021 
 117   (0.022) 0.002 0.020 0.003 0.002 0.010 0.004 0.003 0.014 0.003 
 125   (0.020) 0.007 0.003 0.004 0.001 0.002 0.010 0.002 0.022 0.006 
 119   (0.014) 0.001 0.029 0.002 0.001 0.003 0.002 0.001 0.003 0.002 
 136   (0.013) 0.001 0.002 0.009 0.001 0.001 0.009 0.001 0.002 0.002 

Locus 12 : 
28 alleles
0.7% missing data
 306   (0.067) 0.009 0.167 0.111 0.009 0.014 0.013 0.214 0.069 0.011 
 314   (0.056) 0.020 0.035 0.140 0.007 0.079 0.026 0.007 0.042 0.009 
 312   (0.013) 0.001 0.002 0.025 0.001 0.001 0.002 0.001 0.002 0.002 
 300   (0.131) 0.141 0.098 0.281 0.041 0.160 0.021 0.046 0.219 0.040 
 316   (0.044) 0.004 0.009 0.080 0.099 0.021 0.006 0.073 0.011 0.007 
 288   (0.017) 0.002 0.005 0.004 0.002 0.002 0.683 0.002 0.004 0.002 
 292   (0.118) 0.015 0.143 0.102 0.024 0.436 0.022 0.074 0.073 0.327 
 296   (0.027) 0.007 0.004 0.032 0.003 0.003 0.004 0.004 0.010 0.190 
 290   (0.017) 0.002 0.131 0.003 0.001 0.002 0.004 0.003 0.005 0.002 
 304   (0.034) 0.609 0.005 0.007 0.494 0.008 0.005 0.023 0.008 0.008 
 298   (0.047) 0.023 0.079 0.014 0.098 0.055 0.008 0.006 0.012 0.080 
 294   (0.019) 0.002 0.007 0.045 0.001 0.002 0.035 0.004 0.006 0.035 
 302   (0.064) 0.024 0.018 0.065 0.008 0.008 0.011 0.150 0.072 0.061 
 286   (0.028) 0.003 0.204 0.004 0.003 0.003 0.005 0.246 0.010 0.004 
 308   (0.035) 0.003 0.005 0.007 0.188 0.003 0.007 0.039 0.046 0.010 
 313   (0.048) 0.007 0.007 0.008 0.004 0.010 0.027 0.081 0.090 0.085 
 307   (0.042) 0.007 0.006 0.011 0.004 0.107 0.007 0.005 0.065 0.064 
 321   (0.014) 0.002 0.002 0.002 0.001 0.001 0.002 0.001 0.023 0.002 
 315   (0.047) 0.017 0.007 0.032 0.004 0.004 0.067 0.006 0.144 0.016 
 318   (0.020) 0.092 0.004 0.007 0.001 0.004 0.002 0.002 0.006 0.003 
 324   (0.014) 0.001 0.003 0.002 0.001 0.001 0.010 0.001 0.007 0.002 
 326   (0.013) 0.001 0.003 0.002 0.001 0.001 0.010 0.001 0.006 0.002 
 311   (0.018) 0.002 0.003 0.006 0.002 0.072 0.014 0.002 0.007 0.005 
 310   (0.013) 0.001 0.002 0.002 0.001 0.001 0.002 0.002 0.003 0.025 
 305   (0.014) 0.001 0.002 0.002 0.001 0.001 0.002 0.001 0.033 0.002 
 317   (0.013) 0.002 0.002 0.002 0.001 0.001 0.002 0.001 0.022 0.002 
 320   (0.013) 0.001 0.016 0.002 0.001 0.001 0.002 0.001 0.002 0.002 
 322   (0.015) 0.001 0.032 0.002 0.001 0.001 0.002 0.002 0.003 0.002 

Locus 13 : 
7 alleles
1.1% missing data
 161   (0.589) 0.470 0.572 0.651 0.890 0.401 0.472 0.069 0.554 0.818 
 163   (0.306) 0.446 0.338 0.267 0.029 0.578 0.508 0.034 0.426 0.142 
 160   (0.017) 0.001 0.003 0.002 0.001 0.001 0.003 0.444 0.003 0.003 
 162   (0.015) 0.001 0.002 0.002 0.001 0.001 0.002 0.446 0.003 0.002 
 165   (0.045) 0.080 0.080 0.071 0.004 0.015 0.010 0.004 0.009 0.028 
 166   (0.013) 0.001 0.003 0.004 0.004 0.001 0.003 0.001 0.003 0.005 
 164   (0.015) 0.001 0.002 0.002 0.072 0.001 0.002 0.001 0.002 0.002 

Locus 14 : 
4 alleles
0.4% missing data
  98   (0.958) 0.985 0.994 0.988 0.985 0.996 0.992 0.996 0.982 0.988 
 100   (0.013) 0.007 0.002 0.002 0.001 0.001 0.003 0.001 0.008 0.002 
  96   (0.017) 0.002 0.002 0.009 0.013 0.001 0.003 0.002 0.003 0.007 
 105   (0.013) 0.006 0.002 0.002 0.001 0.001 0.003 0.001 0.007 0.003 

Locus 15 : 
12 alleles
2.2% missing data
 171   (0.309) 0.310 0.346 0.394 0.186 0.349 0.406 0.223 0.367 0.218 
 177   (0.184) 0.078 0.138 0.207 0.054 0.103 0.227 0.354 0.164 0.276 
 173   (0.261) 0.505 0.409 0.283 0.073 0.496 0.172 0.097 0.267 0.331 
 179   (0.107) 0.090 0.057 0.069 0.559 0.012 0.139 0.306 0.094 0.043 
 183   (0.019) 0.005 0.008 0.028 0.009 0.002 0.008 0.002 0.006 0.003 
 181   (0.036) 0.006 0.007 0.006 0.112 0.031 0.006 0.004 0.058 0.009 
 197   (0.015) 0.001 0.002 0.002 0.002 0.001 0.002 0.001 0.003 0.065 
 170   (0.013) 0.001 0.002 0.002 0.001 0.001 0.015 0.002 0.012 0.005 
 189   (0.014) 0.001 0.003 0.003 0.001 0.001 0.002 0.005 0.019 0.003 
 203   (0.014) 0.001 0.002 0.002 0.001 0.001 0.002 0.001 0.003 0.040 
 187   (0.016) 0.001 0.010 0.003 0.001 0.001 0.020 0.002 0.006 0.005 
 198   (0.013) 0.001 0.016 0.002 0.001 0.001 0.002 0.001 0.002 0.002 

Values of parameters used in structure:
DATAFILE=STRUCTURE_main_final_278_HEG_ZG.str,	OUTFILE=STRUCTURE_main_final_278_HEG_ZG-K9-17,	NUMINDS=278,	NUMLOCI=15,	MISSING=-9,	LABEL=1,	POPDATA=1,	POPFLAG=0,	PHENOTYPE=0,	EXTRACOLS=0,	MAXPOPS=9,	BURNIN=100000,	NUMREPS=500000,	USEPOPINFO=0,	INFERALPHA=1,	INFERLAMBDA=0,	POPSPECIFICLAMBDA=0,	POPALPHAS=0,	COMPUTEPROB=1,	NOADMIX=0,	ADMBURNIN=2500,	UPDATEFREQ=1,	PRINTLIKES=0,	INTERMEDSAVE=0,	PRINTKLD=0,	PRINTNET=0,	PRINTLAMBDA=0,	ANCESTDIST=0,	NUMBOXES=1000,	ANCESTPINT=0.90000,	GENSBACK=2,	MIGRPRIOR=0.05000,	PRINTQHAT=0,	PRINTQSUM=0,	ALPHA=1.0000,	FREQSCORR=1,	FPRIORMEAN=0.0100,	FPRIORSD=0.0500,	ONEFST=0,	LAMBDA=1.0000,	UNIFPRIORALPHA=1,	ALPHAMAX=10.0000,	ALPHAPRIORA=1.0000,	ALPHAPRIORB=2.0000,	ALPHAPROPSD=0.0250,	STARTATPOPINFO=0,	RANDOMIZE=1,	LINKAGE=0,	METROFREQ=10,	REPORTHITRATE=0,	MARKOVPHASE=-1,	PHASED=0,	PLOIDY=2,	PHASEINFO=0	LOCPRIOR=0, 	LOCPRIORINIT=1.000000, 	LOCDATA=0, 	LOCISPOP=0, 	LOCPRIORSTEP=0.100000, 	MAXLOCPRIOR=20.000000, 	SEED=1782484034,	
[STRAT parameters]:    NUMSIMSTATS=1000,	PHENOTYPECOL=-9,	POOLFREQ=10,	LOCUSxONLY=0,	EMERROR=0.00100,	MISSINGPHENO=-9,	