

----------------------------------------------------
STRUCTURE by Pritchard, Stephens and Donnelly (2000)
     and Falush, Stephens and Pritchard (2003)
       Code by Pritchard, Falush and Hubisz
             Version 2.3.4 (Jul 2012)
----------------------------------------------------



Command line arguments:   structure -K 11 -i STRUCTURE_main_final_278_HEG_ZG.str -o STRUCTURE_main_final_278_HEG_ZG-K11-17 
Input File:    STRUCTURE_main_final_278_HEG_ZG.str

Run parameters:
   278 individuals
   15 loci
   11 populations assumed
   100000 Burn-in period
   500000 Reps


--------------------------------------------
Proportion of membership of each pre-defined
 population in each of the 11 clusters

Given    Inferred Clusters                                                               Number of
 Pop       1      2      3      4      5      6      7      8      9     10     11      Individuals

  1:     0.087  0.017  0.069  0.013  0.599  0.072  0.016  0.014  0.038  0.039  0.036       24
  2:     0.018  0.043  0.052  0.035  0.017  0.060  0.013  0.700  0.013  0.019  0.031       24
  3:     0.046  0.223  0.010  0.233  0.017  0.090  0.269  0.011  0.069  0.011  0.021       24
  4:     0.046  0.032  0.033  0.039  0.048  0.145  0.096  0.021  0.040  0.016  0.484       24
  5:     0.019  0.012  0.042  0.095  0.022  0.200  0.326  0.024  0.055  0.035  0.169       24
  6:     0.013  0.022  0.203  0.028  0.422  0.043  0.070  0.024  0.045  0.014  0.115       24
  7:     0.015  0.009  0.744  0.014  0.053  0.046  0.015  0.030  0.010  0.025  0.040       24
  8:     0.056  0.039  0.011  0.012  0.019  0.249  0.518  0.013  0.018  0.016  0.049       14
  9:     0.053  0.029  0.006  0.029  0.036  0.016  0.036  0.018  0.421  0.339  0.016       24
 10:     0.596  0.160  0.013  0.040  0.012  0.035  0.028  0.008  0.062  0.035  0.012       24
 11:     0.247  0.330  0.011  0.079  0.018  0.028  0.028  0.008  0.159  0.065  0.027       24
 12:     0.054  0.075  0.106  0.045  0.257  0.155  0.068  0.017  0.010  0.086  0.126       24
--------------------------------------------

Allele-freq. divergence among pops (Net nucleotide distance),
computed using point estimates of P.

      1       2       3       4       5       6       7       8       9      10      11      
 1      -    0.0878  0.1413  0.1198  0.0719  0.0636  0.0630  0.1204  0.0608  0.0779  0.0747  
 2   0.0878     -    0.0930  0.1229  0.0931  0.0746  0.0797  0.1426  0.0801  0.1082  0.0994  
 3   0.1413  0.0930     -    0.1322  0.0704  0.0688  0.0847  0.1087  0.1229  0.1097  0.0715  
 4   0.1198  0.1229  0.1322     -    0.0941  0.0746  0.0764  0.1237  0.1183  0.1096  0.0919  
 5   0.0719  0.0931  0.0704  0.0941     -    0.0307  0.0365  0.0719  0.0609  0.0581  0.0379  
 6   0.0636  0.0746  0.0688  0.0746  0.0307     -    0.0177  0.0680  0.0533  0.0663  0.0295  
 7   0.0630  0.0797  0.0847  0.0764  0.0365  0.0177     -    0.0706  0.0574  0.0726  0.0415  
 8   0.1204  0.1426  0.1087  0.1237  0.0719  0.0680  0.0706     -    0.0950  0.1213  0.0807  
 9   0.0608  0.0801  0.1229  0.1183  0.0609  0.0533  0.0574  0.0950     -    0.0967  0.0833  
10   0.0779  0.1082  0.1097  0.1096  0.0581  0.0663  0.0726  0.1213  0.0967     -    0.0553  
11   0.0747  0.0994  0.0715  0.0919  0.0379  0.0295  0.0415  0.0807  0.0833  0.0553     -    

Average distances (expected heterozygosity) between individuals in same cluster:
cluster  1  : 0.5969 
cluster  2  : 0.5394 
cluster  3  : 0.5464 
cluster  4  : 0.5740 
cluster  5  : 0.6152 
cluster  6  : 0.6375 
cluster  7  : 0.6253 
cluster  8  : 0.6076 
cluster  9  : 0.6004 
cluster 10  : 0.5499 
cluster 11  : 0.5968 

--------------------------------------------
Estimated Ln Prob of Data   = -12218.0
Mean value of ln likelihood = -11460.6
Variance of ln likelihood   = 1515.0
Mean value of alpha         = 0.0474

Mean value of Fst_1         = 0.1729
Mean value of Fst_2         = 0.2383
Mean value of Fst_3         = 0.2073
Mean value of Fst_4         = 0.2103
Mean value of Fst_5         = 0.0936
Mean value of Fst_6         = 0.0963
Mean value of Fst_7         = 0.0864
Mean value of Fst_8         = 0.2120
Mean value of Fst_9         = 0.1604
Mean value of Fst_10         = 0.2212
Mean value of Fst_11         = 0.1275


Inferred ancestry of individuals:
        Label (%Miss) Pop:  Inferred clusters
  1 24.0601.E1    (0)    1 :  0.007 0.014 0.014 0.011 0.901 0.011 0.006 0.013 0.010 0.006 0.008 
  2 24.0602.E1    (0)    1 :  0.011 0.009 0.009 0.009 0.895 0.017 0.009 0.004 0.021 0.009 0.006 
  3 24.0603.E1    (0)    1 :  0.005 0.006 0.019 0.007 0.836 0.020 0.042 0.005 0.016 0.008 0.036 
  4 24.0604.E1    (0)    1 :  0.045 0.005 0.005 0.144 0.649 0.019 0.005 0.007 0.006 0.021 0.095 
  5 24.0605.E1    (0)    1 :  0.008 0.012 0.032 0.006 0.828 0.015 0.011 0.007 0.034 0.015 0.032 
  6 24.0606.E1    (0)    1 :  0.023 0.006 0.019 0.005 0.693 0.094 0.022 0.010 0.032 0.007 0.087 
  7 24.0607.E1    (0)    1 :  0.011 0.009 0.283 0.010 0.084 0.080 0.061 0.006 0.040 0.401 0.015 
  8 24.0608.E1    (0)    1 :  0.032 0.130 0.108 0.006 0.666 0.013 0.007 0.003 0.015 0.013 0.006 
  9 24.0609.E1    (0)    1 :  0.452 0.012 0.005 0.008 0.156 0.054 0.016 0.005 0.009 0.046 0.238 
 10 24.0610.E1    (0)    1 :  0.430 0.004 0.009 0.004 0.423 0.014 0.019 0.004 0.013 0.010 0.069 
 11 24.0611.E1    (0)    1 :  0.037 0.005 0.006 0.005 0.825 0.008 0.008 0.007 0.053 0.016 0.032 
 12 24.0612.E1    (0)    1 :  0.008 0.005 0.016 0.015 0.899 0.012 0.012 0.008 0.011 0.008 0.006 
 13 24.0613.E1    (0)    1 :  0.024 0.005 0.005 0.005 0.879 0.008 0.010 0.007 0.005 0.008 0.044 
 14 24.0614.E1    (0)    1 :  0.010 0.073 0.333 0.005 0.186 0.020 0.007 0.006 0.335 0.014 0.011 
 15 24.0615.E1    (0)    1 :  0.158 0.021 0.050 0.020 0.606 0.027 0.011 0.015 0.025 0.057 0.010 
 16 24.0616.E1    (0)    1 :  0.011 0.006 0.005 0.006 0.899 0.009 0.008 0.014 0.006 0.026 0.011 
 17 24.0617.E1    (0)    1 :  0.558 0.008 0.021 0.006 0.282 0.013 0.017 0.030 0.019 0.029 0.018 
 18 24.0618.E1    (0)    1 :  0.062 0.017 0.005 0.005 0.752 0.024 0.037 0.008 0.055 0.010 0.023 
 19 24.0619.E1    (0)    1 :  0.017 0.005 0.004 0.005 0.266 0.573 0.006 0.014 0.013 0.082 0.014 
 20 24.0620.E1   (20)    1 :  0.043 0.009 0.671 0.010 0.037 0.089 0.021 0.012 0.014 0.030 0.064 
 21 24.0621.E1    (0)    1 :  0.073 0.028 0.005 0.005 0.107 0.569 0.008 0.005 0.107 0.085 0.008 
 22 24.0622.E1    (0)    1 :  0.010 0.005 0.009 0.005 0.896 0.014 0.015 0.024 0.005 0.005 0.012 
 23 24.0623.E1    (0)    1 :  0.038 0.012 0.021 0.009 0.667 0.030 0.022 0.111 0.055 0.022 0.012 
 24 24.0624.E1    (0)    1 :  0.011 0.005 0.006 0.004 0.935 0.006 0.007 0.006 0.010 0.005 0.006 
 25 24.0625.E1    (0)    2 :  0.009 0.192 0.052 0.037 0.013 0.018 0.019 0.550 0.059 0.004 0.047 
 26 24.0626.E1    (0)    2 :  0.003 0.132 0.033 0.004 0.004 0.004 0.004 0.803 0.005 0.003 0.004 
 27 24.0627.E1    (0)    2 :  0.005 0.014 0.022 0.377 0.006 0.058 0.006 0.472 0.006 0.013 0.021 
 28 24.0628.E1    (0)    2 :  0.111 0.151 0.131 0.006 0.032 0.029 0.017 0.443 0.008 0.019 0.054 
 29 24.0629.E1    (0)    2 :  0.010 0.007 0.005 0.009 0.068 0.010 0.028 0.838 0.007 0.010 0.008 
 30 24.0630.E1    (0)    2 :  0.004 0.053 0.099 0.006 0.005 0.010 0.005 0.795 0.008 0.005 0.010 
 31 24.0631.E1    (0)    2 :  0.003 0.003 0.004 0.003 0.005 0.004 0.004 0.964 0.004 0.003 0.003 
 32 24.0632.E1    (0)    2 :  0.006 0.005 0.026 0.011 0.007 0.006 0.015 0.901 0.006 0.005 0.012 
 33 24.0633.E1    (0)    2 :  0.007 0.353 0.044 0.005 0.011 0.213 0.012 0.323 0.018 0.004 0.010 
 34 24.0634.E1    (0)    2 :  0.011 0.024 0.007 0.009 0.009 0.011 0.012 0.872 0.030 0.005 0.010 
 35 24.0635.E1    (0)    2 :  0.021 0.021 0.018 0.013 0.017 0.327 0.035 0.467 0.055 0.014 0.010 
 36 24.0636.E1   (33)    2 :  0.010 0.009 0.606 0.024 0.033 0.023 0.023 0.068 0.008 0.007 0.189 
 37 24.0637.E1    (0)    2 :  0.003 0.003 0.007 0.004 0.004 0.004 0.005 0.955 0.005 0.004 0.005 
 38 24.0638.E1    (0)    2 :  0.005 0.005 0.004 0.008 0.007 0.155 0.021 0.769 0.005 0.006 0.015 
 39 24.0639.E1    (0)    2 :  0.089 0.008 0.014 0.030 0.040 0.010 0.028 0.754 0.009 0.010 0.007 
 40 24.0640.E1    (0)    2 :  0.008 0.006 0.006 0.005 0.009 0.008 0.007 0.924 0.016 0.006 0.006 
 41 24.0641.E1    (0)    2 :  0.012 0.008 0.016 0.007 0.044 0.313 0.012 0.351 0.010 0.220 0.007 
 42 24.0642.E1    (0)    2 :  0.004 0.005 0.047 0.007 0.050 0.187 0.006 0.538 0.004 0.006 0.146 
 43 24.0643.E1    (0)    2 :  0.012 0.006 0.056 0.259 0.008 0.013 0.027 0.584 0.013 0.004 0.018 
 44 24.0644.E1    (0)    2 :  0.033 0.005 0.005 0.004 0.007 0.006 0.005 0.881 0.006 0.027 0.021 
 45 24.0645.E1    (0)    2 :  0.033 0.004 0.016 0.005 0.010 0.006 0.005 0.755 0.005 0.055 0.106 
 46 24.0646.E1    (0)    2 :  0.033 0.005 0.005 0.004 0.007 0.006 0.005 0.881 0.005 0.027 0.020 
 47 24.0647.E1    (0)    2 :  0.003 0.003 0.007 0.004 0.004 0.004 0.005 0.955 0.005 0.004 0.005 
 48 24.0648.E1    (0)    2 :  0.003 0.003 0.007 0.004 0.004 0.004 0.005 0.955 0.005 0.004 0.005 
 49 24.0649.E1    (0)    3 :  0.015 0.009 0.003 0.010 0.005 0.171 0.759 0.005 0.009 0.006 0.006 
 50 24.0650.E1    (0)    3 :  0.104 0.154 0.004 0.009 0.021 0.225 0.052 0.004 0.194 0.011 0.223 
 51 24.0651.E1    (0)    3 :  0.007 0.049 0.027 0.050 0.007 0.053 0.296 0.090 0.382 0.013 0.026 
 52 24.0652.E1    (0)    3 :  0.005 0.788 0.005 0.010 0.032 0.105 0.029 0.005 0.007 0.008 0.006 
 53 24.0653.E1    (0)    3 :  0.020 0.016 0.006 0.829 0.005 0.026 0.053 0.005 0.011 0.021 0.008 
 54 24.0654.E1    (0)    3 :  0.027 0.463 0.004 0.007 0.007 0.101 0.362 0.010 0.006 0.007 0.007 
 55 24.0655.E1    (0)    3 :  0.026 0.329 0.008 0.009 0.041 0.082 0.392 0.022 0.071 0.008 0.011 
 56 24.0656.E1    (0)    3 :  0.012 0.857 0.010 0.014 0.008 0.053 0.015 0.006 0.005 0.006 0.015 
 57 24.0657.E1    (0)    3 :  0.012 0.846 0.010 0.014 0.008 0.058 0.019 0.006 0.006 0.006 0.015 
 58 24.0658.E1    (0)    3 :  0.120 0.005 0.006 0.043 0.018 0.107 0.645 0.006 0.010 0.019 0.022 
 59 24.0659.E1    (0)    3 :  0.023 0.084 0.004 0.336 0.046 0.165 0.084 0.008 0.235 0.006 0.010 
 60 24.0660.E1    (6)    3 :  0.006 0.008 0.006 0.009 0.020 0.186 0.725 0.012 0.007 0.008 0.013 
 61 24.0661.E1    (0)    3 :  0.005 0.887 0.006 0.007 0.010 0.029 0.026 0.005 0.010 0.009 0.005 
 62 24.0662.E1    (0)    3 :  0.021 0.049 0.022 0.109 0.064 0.049 0.081 0.014 0.574 0.007 0.011 
 63 24.0663.E1    (0)    3 :  0.592 0.072 0.005 0.006 0.006 0.042 0.171 0.009 0.027 0.034 0.038 
 64 24.0664.E1    (0)    3 :  0.014 0.251 0.032 0.008 0.005 0.125 0.531 0.007 0.005 0.015 0.008 
 65 24.0665.E1    (0)    3 :  0.004 0.387 0.050 0.029 0.006 0.103 0.381 0.006 0.006 0.011 0.016 
 66 24.0666.E1    (0)    3 :  0.007 0.007 0.004 0.935 0.007 0.008 0.007 0.005 0.004 0.005 0.009 
 67 24.0667.E1    (0)    3 :  0.004 0.006 0.004 0.935 0.009 0.016 0.011 0.003 0.004 0.004 0.005 
 68 24.0668.E1    (0)    3 :  0.004 0.004 0.003 0.963 0.003 0.004 0.004 0.004 0.003 0.005 0.003 
 69 24.0669.E1    (0)    3 :  0.004 0.004 0.003 0.955 0.004 0.004 0.005 0.004 0.003 0.011 0.004 
 70 24.0670.E1    (0)    3 :  0.027 0.011 0.004 0.027 0.010 0.083 0.785 0.003 0.042 0.003 0.004 
 71 24.0671.E1    (0)    3 :  0.026 0.061 0.007 0.010 0.008 0.139 0.684 0.008 0.031 0.009 0.017 
 72 24.0672.E1    (0)    3 :  0.008 0.009 0.005 0.280 0.057 0.234 0.335 0.005 0.013 0.040 0.013 
 73 24.0673.E1    (6)    4 :  0.008 0.433 0.104 0.008 0.115 0.061 0.021 0.022 0.032 0.005 0.193 
 74 24.0674.E1    (0)    4 :  0.006 0.004 0.011 0.004 0.008 0.005 0.006 0.007 0.027 0.005 0.915 
 75 24.0675.E1    (0)    4 :  0.042 0.024 0.022 0.010 0.026 0.020 0.034 0.026 0.050 0.019 0.728 
 76 24.0676.E1    (0)    4 :  0.246 0.018 0.026 0.007 0.015 0.029 0.054 0.007 0.026 0.054 0.518 
 77 24.0677.E1    (0)    4 :  0.025 0.036 0.012 0.016 0.034 0.048 0.697 0.004 0.051 0.054 0.023 
 78 24.0678.E1    (0)    4 :  0.007 0.037 0.011 0.086 0.413 0.173 0.136 0.057 0.022 0.039 0.020 
 79 24.0679.E1    (0)    4 :  0.115 0.008 0.007 0.029 0.091 0.522 0.054 0.011 0.026 0.008 0.129 
 80 24.0680.E1    (0)    4 :  0.006 0.011 0.008 0.037 0.026 0.766 0.084 0.013 0.008 0.019 0.023 
 81 24.0681.E1    (0)    4 :  0.007 0.009 0.018 0.012 0.032 0.514 0.076 0.009 0.013 0.010 0.299 
 82 24.0682.E1    (0)    4 :  0.006 0.003 0.004 0.004 0.004 0.005 0.004 0.004 0.003 0.011 0.954 
 83 24.0683.E1    (0)    4 :  0.004 0.006 0.065 0.007 0.008 0.007 0.007 0.006 0.016 0.006 0.868 
 84 24.0684.E1    (0)    4 :  0.021 0.006 0.023 0.010 0.055 0.022 0.038 0.030 0.009 0.018 0.770 
 85 24.0685.E1    (0)    4 :  0.017 0.005 0.015 0.049 0.012 0.207 0.009 0.006 0.006 0.006 0.667 
 86 24.0686.E1    (0)    4 :  0.014 0.005 0.016 0.016 0.065 0.137 0.356 0.059 0.277 0.007 0.049 
 87 24.0687.E1    (0)    4 :  0.022 0.007 0.018 0.007 0.026 0.119 0.250 0.139 0.293 0.007 0.112 
 88 24.0688.E1    (0)    4 :  0.004 0.004 0.005 0.004 0.005 0.008 0.007 0.006 0.004 0.007 0.945 
 89 24.0689.E1    (0)    4 :  0.405 0.032 0.028 0.005 0.026 0.144 0.179 0.014 0.018 0.015 0.134 
 90 24.0690.E1    (0)    4 :  0.006 0.020 0.028 0.572 0.021 0.161 0.087 0.027 0.035 0.005 0.038 
 91 24.0691.E1    (0)    4 :  0.030 0.005 0.006 0.009 0.026 0.017 0.016 0.006 0.007 0.005 0.873 
 92 24.0692.E1    (0)    4 :  0.017 0.005 0.007 0.008 0.005 0.022 0.068 0.004 0.005 0.009 0.850 
 93 24.0693.E1    (0)    4 :  0.036 0.075 0.329 0.013 0.011 0.048 0.084 0.007 0.014 0.009 0.374 
 94 24.0694.E1    (0)    4 :  0.010 0.005 0.008 0.010 0.008 0.102 0.009 0.007 0.004 0.007 0.830 
 95 24.0695.E1    (0)    4 :  0.041 0.008 0.007 0.012 0.091 0.226 0.009 0.007 0.006 0.055 0.538 
 96 24.0696.E1    (0)    4 :  0.013 0.004 0.008 0.010 0.023 0.124 0.014 0.013 0.008 0.007 0.775 
 97 24.0697.E1    (0)    5 :  0.012 0.007 0.052 0.006 0.006 0.057 0.518 0.011 0.021 0.009 0.302 
 98 24.0698.E1    (0)    5 :  0.019 0.009 0.082 0.043 0.017 0.039 0.631 0.019 0.050 0.010 0.080 
 99 24.0699.E1    (0)    5 :  0.005 0.007 0.010 0.010 0.015 0.034 0.851 0.009 0.045 0.008 0.007 
100 24.0700.E1    (0)    5 :  0.007 0.009 0.006 0.012 0.006 0.498 0.425 0.005 0.015 0.005 0.013 
101 24.0701.E1    (0)    5 :  0.010 0.006 0.040 0.852 0.007 0.014 0.033 0.010 0.010 0.010 0.009 
102 24.0702.E1    (0)    5 :  0.007 0.007 0.025 0.032 0.009 0.539 0.347 0.011 0.007 0.007 0.008 
103 24.0703.E1    (0)    5 :  0.005 0.004 0.007 0.023 0.011 0.028 0.687 0.045 0.175 0.006 0.009 
104 24.0704.E1    (6)    5 :  0.008 0.005 0.008 0.006 0.014 0.051 0.594 0.011 0.056 0.227 0.019 
105 24.0705.E1    (0)    5 :  0.009 0.006 0.009 0.026 0.021 0.562 0.029 0.007 0.008 0.008 0.316 
106 24.0706.E1    (0)    5 :  0.011 0.012 0.009 0.015 0.006 0.638 0.268 0.007 0.006 0.014 0.013 
107 24.0707.E1    (0)    5 :  0.005 0.011 0.017 0.007 0.030 0.382 0.394 0.026 0.047 0.028 0.052 
108 24.0708.E1    (0)    5 :  0.096 0.014 0.021 0.022 0.025 0.035 0.032 0.140 0.562 0.007 0.047 
109 24.0709.E1    (0)    5 :  0.046 0.015 0.006 0.009 0.012 0.017 0.021 0.008 0.015 0.154 0.696 
110 24.0710.E1    (0)    5 :  0.016 0.006 0.026 0.057 0.035 0.048 0.362 0.007 0.085 0.013 0.345 
111 24.0711.E1    (0)    5 :  0.006 0.009 0.014 0.030 0.093 0.166 0.439 0.055 0.009 0.105 0.073 
112 24.0712.E1    (0)    5 :  0.008 0.006 0.014 0.717 0.020 0.042 0.082 0.043 0.016 0.005 0.047 
113 24.0713.E1    (0)    5 :  0.045 0.006 0.013 0.008 0.009 0.493 0.128 0.006 0.014 0.073 0.204 
114 24.0714.E1    (0)    5 :  0.014 0.012 0.008 0.010 0.043 0.607 0.244 0.011 0.025 0.012 0.014 
115 24.0715.E1    (0)    5 :  0.011 0.034 0.330 0.018 0.029 0.029 0.356 0.007 0.007 0.008 0.170 
116 24.0716.E1    (0)    5 :  0.040 0.007 0.015 0.291 0.058 0.040 0.440 0.037 0.036 0.015 0.020 
117 24.0717.E1    (0)    5 :  0.022 0.086 0.278 0.014 0.015 0.167 0.252 0.045 0.078 0.023 0.021 
118 24.0718.E1    (0)    5 :  0.008 0.005 0.012 0.053 0.022 0.197 0.439 0.032 0.009 0.007 0.217 
119 24.0719.E1    (0)    5 :  0.021 0.008 0.007 0.012 0.006 0.068 0.053 0.017 0.006 0.063 0.738 
120 24.0720.E1    (0)    5 :  0.018 0.007 0.005 0.011 0.013 0.056 0.210 0.012 0.007 0.017 0.643 
121 24.0721.E1    (0)    6 :  0.023 0.074 0.392 0.018 0.011 0.069 0.145 0.012 0.064 0.006 0.188 
122 24.0722.E1    (0)    6 :  0.012 0.009 0.451 0.065 0.019 0.014 0.065 0.095 0.109 0.005 0.158 
123 24.0723.E1    (0)    6 :  0.018 0.181 0.299 0.009 0.023 0.015 0.019 0.141 0.278 0.005 0.013 
124 24.0724.E1    (0)    6 :  0.038 0.010 0.062 0.012 0.138 0.030 0.026 0.037 0.295 0.012 0.339 
125 24.0725.E1    (0)    6 :  0.006 0.013 0.007 0.007 0.917 0.011 0.011 0.007 0.005 0.005 0.010 
126 24.0726.E1    (6)    6 :  0.007 0.006 0.081 0.006 0.508 0.239 0.013 0.008 0.016 0.006 0.110 
127 24.0727.E1    (0)    6 :  0.013 0.037 0.454 0.069 0.234 0.045 0.026 0.020 0.072 0.005 0.027 
128 24.0728.E1    (0)    6 :  0.013 0.034 0.166 0.012 0.360 0.029 0.301 0.034 0.023 0.006 0.022 
129 24.0729.E1    (0)    6 :  0.028 0.005 0.037 0.034 0.672 0.039 0.015 0.012 0.010 0.032 0.116 
130 24.0730.E1    (0)    6 :  0.019 0.010 0.030 0.014 0.052 0.028 0.730 0.009 0.014 0.009 0.084 
131 24.0731.E1    (0)    6 :  0.008 0.019 0.061 0.004 0.164 0.299 0.008 0.013 0.013 0.005 0.407 
132 24.0732.E1    (0)    6 :  0.004 0.027 0.648 0.011 0.059 0.017 0.022 0.009 0.005 0.007 0.191 
133 24.0733.E1    (0)    6 :  0.006 0.004 0.016 0.003 0.939 0.005 0.004 0.006 0.004 0.004 0.007 
134 24.0734.E1    (0)    6 :  0.007 0.010 0.782 0.011 0.032 0.025 0.070 0.011 0.030 0.004 0.017 
135 24.0735.E1    (0)    6 :  0.024 0.008 0.169 0.014 0.635 0.028 0.042 0.045 0.008 0.006 0.021 
136 24.0736.E1    (0)    6 :  0.006 0.007 0.037 0.004 0.902 0.009 0.008 0.007 0.005 0.006 0.008 
137 24.0737.E1    (0)    6 :  0.007 0.009 0.007 0.009 0.842 0.015 0.020 0.022 0.051 0.005 0.013 
138 24.0738.E1    (0)    6 :  0.005 0.008 0.024 0.009 0.889 0.015 0.015 0.010 0.008 0.008 0.009 
139 24.0739.E1    (0)    6 :  0.006 0.007 0.005 0.006 0.900 0.011 0.026 0.015 0.007 0.004 0.011 
140 24.0740.E1    (0)    6 :  0.019 0.006 0.010 0.009 0.619 0.021 0.016 0.024 0.005 0.082 0.189 
141 24.0741.E1    (0)    6 :  0.009 0.009 0.288 0.006 0.338 0.020 0.045 0.017 0.008 0.007 0.254 
142 24.0742.E1    (0)    6 :  0.006 0.006 0.702 0.008 0.182 0.018 0.011 0.010 0.018 0.007 0.031 
143 24.0743.E1    (0)    6 :  0.012 0.008 0.028 0.022 0.400 0.013 0.014 0.005 0.027 0.053 0.420 
144 24.0744.E1    (0)    6 :  0.028 0.018 0.124 0.304 0.298 0.028 0.021 0.011 0.014 0.041 0.113 
145 24.0745.E1    (0)    7 :  0.007 0.016 0.878 0.024 0.004 0.021 0.010 0.004 0.005 0.015 0.017 
146 24.0746.E1    (0)    7 :  0.010 0.008 0.606 0.009 0.044 0.024 0.035 0.074 0.063 0.081 0.045 
147 24.0747.E1    (0)    7 :  0.038 0.010 0.698 0.013 0.025 0.019 0.014 0.010 0.004 0.066 0.104 
148 24.0748.E1    (6)    7 :  0.053 0.018 0.626 0.012 0.027 0.029 0.013 0.009 0.005 0.079 0.129 
149 24.0749.E1    (0)    7 :  0.005 0.004 0.702 0.007 0.233 0.008 0.008 0.007 0.010 0.005 0.010 
150 24.0750.E1    (0)    7 :  0.014 0.009 0.231 0.016 0.199 0.244 0.066 0.011 0.023 0.021 0.166 
151 24.0751.E1    (0)    7 :  0.004 0.005 0.951 0.004 0.007 0.006 0.004 0.006 0.004 0.004 0.005 
152 24.0752.E1    (0)    7 :  0.006 0.010 0.894 0.004 0.036 0.007 0.014 0.006 0.004 0.011 0.008 
153 24.0753.E1    (0)    7 :  0.004 0.028 0.499 0.009 0.228 0.009 0.007 0.185 0.010 0.009 0.011 
154 24.0754.E1    (0)    7 :  0.006 0.009 0.874 0.006 0.029 0.013 0.007 0.017 0.004 0.005 0.028 
155 24.0755.E1    (0)    7 :  0.040 0.006 0.728 0.007 0.013 0.014 0.024 0.020 0.005 0.051 0.092 
156 24.0756.E1    (0)    7 :  0.012 0.005 0.927 0.004 0.010 0.009 0.004 0.009 0.008 0.006 0.007 
157 24.0757.E1    (0)    7 :  0.003 0.003 0.964 0.004 0.003 0.004 0.004 0.004 0.003 0.004 0.004 
158 24.0758.E1    (0)    7 :  0.003 0.004 0.963 0.004 0.004 0.004 0.004 0.004 0.003 0.004 0.004 
159 24.0759.E1    (0)    7 :  0.005 0.013 0.911 0.009 0.019 0.010 0.008 0.006 0.005 0.008 0.007 
160 24.0760.E1    (0)    7 :  0.006 0.007 0.605 0.008 0.009 0.015 0.037 0.271 0.007 0.006 0.029 
161 24.0761.E1    (0)    7 :  0.005 0.005 0.950 0.003 0.006 0.004 0.004 0.009 0.005 0.004 0.005 
162 24.0762.E1    (0)    7 :  0.093 0.007 0.059 0.163 0.156 0.395 0.046 0.008 0.015 0.025 0.033 
163 24.0763.E1    (0)    7 :  0.004 0.006 0.942 0.003 0.007 0.006 0.004 0.004 0.004 0.005 0.014 
164 24.0764.E1    (0)    7 :  0.004 0.004 0.942 0.004 0.011 0.007 0.006 0.008 0.004 0.004 0.005 
165 24.0765.E1    (0)    7 :  0.010 0.008 0.878 0.004 0.006 0.018 0.007 0.022 0.019 0.007 0.021 
166 24.0766.E1    (0)    7 :  0.004 0.009 0.933 0.005 0.009 0.006 0.007 0.006 0.005 0.005 0.009 
167 24.0767.E1    (0)    7 :  0.004 0.004 0.958 0.003 0.004 0.004 0.004 0.004 0.005 0.003 0.007 
168 24.0768.E1    (0)    7 :  0.026 0.009 0.134 0.007 0.189 0.229 0.027 0.005 0.010 0.163 0.202 
169 24.0779.E1    (0)    8 :  0.008 0.010 0.044 0.009 0.013 0.125 0.671 0.006 0.038 0.020 0.058 
170 24.0780.E1    (6)    8 :  0.139 0.032 0.004 0.008 0.008 0.177 0.580 0.006 0.018 0.008 0.020 
171 24.0781.E1    (0)    8 :  0.009 0.006 0.005 0.005 0.004 0.322 0.624 0.004 0.008 0.005 0.006 
172 24.0782.E1    (0)    8 :  0.026 0.037 0.023 0.008 0.099 0.204 0.187 0.041 0.037 0.010 0.326 
173 24.0783.E1    (0)    8 :  0.256 0.012 0.005 0.019 0.007 0.586 0.064 0.007 0.017 0.005 0.023 
174 24.0784.E1    (0)    8 :  0.022 0.007 0.004 0.004 0.008 0.115 0.750 0.005 0.033 0.017 0.035 
175 24.0785.E1    (0)    8 :  0.022 0.031 0.004 0.010 0.006 0.175 0.712 0.004 0.019 0.010 0.008 
176 24.0786.E1    (0)    8 :  0.147 0.022 0.010 0.009 0.028 0.167 0.475 0.009 0.010 0.029 0.095 
177 24.0787.E1    (0)    8 :  0.010 0.010 0.014 0.006 0.014 0.170 0.700 0.042 0.010 0.008 0.016 
178 24.0788.E1    (0)    8 :  0.094 0.012 0.005 0.006 0.005 0.159 0.656 0.022 0.009 0.010 0.022 
179 24.0789.E1    (0)    8 :  0.025 0.010 0.006 0.005 0.031 0.118 0.731 0.021 0.029 0.014 0.009 
180 24.0790.E1    (0)    8 :  0.011 0.013 0.004 0.006 0.004 0.197 0.738 0.006 0.010 0.008 0.005 
181 24.0791.E1    (0)    8 :  0.011 0.018 0.008 0.061 0.027 0.693 0.082 0.005 0.005 0.078 0.011 
182 24.0792.E1    (0)    8 :  0.007 0.329 0.015 0.015 0.009 0.274 0.283 0.004 0.008 0.005 0.051 
183 24.0793.E1    (0)    9 :  0.062 0.036 0.007 0.008 0.041 0.025 0.147 0.051 0.575 0.036 0.013 
184 24.0794.E1    (0)    9 :  0.028 0.192 0.007 0.005 0.498 0.027 0.018 0.006 0.206 0.006 0.006 
185 24.0795.E1    (0)    9 :  0.011 0.005 0.012 0.005 0.080 0.019 0.008 0.011 0.818 0.007 0.023 
186 24.0796.E1    (0)    9 :  0.357 0.171 0.005 0.005 0.071 0.046 0.153 0.009 0.145 0.031 0.007 
187 24.0797.E1    (0)    9 :  0.070 0.029 0.003 0.006 0.016 0.025 0.148 0.008 0.677 0.011 0.007 
188 24.0798.E1    (0)    9 :  0.009 0.075 0.018 0.334 0.008 0.015 0.017 0.020 0.452 0.026 0.027 
189 24.0799.E1    (0)    9 :  0.006 0.004 0.005 0.005 0.006 0.005 0.006 0.006 0.004 0.947 0.005 
190 24.0800.E1    (0)    9 :  0.009 0.005 0.004 0.004 0.006 0.005 0.006 0.004 0.004 0.946 0.007 
191 24.0801.E1    (0)    9 :  0.005 0.008 0.004 0.193 0.004 0.008 0.006 0.005 0.005 0.753 0.009 
192 24.0802.E1    (0)    9 :  0.007 0.004 0.004 0.005 0.005 0.008 0.006 0.013 0.934 0.008 0.005 
193 24.0803.E1    (0)    9 :  0.008 0.008 0.006 0.018 0.010 0.014 0.012 0.009 0.410 0.498 0.007 
194 24.0804.E1    (0)    9 :  0.105 0.008 0.004 0.004 0.011 0.006 0.010 0.012 0.796 0.034 0.011 
195 24.0805.E1    (0)    9 :  0.005 0.005 0.006 0.004 0.006 0.010 0.007 0.004 0.011 0.925 0.018 
196 24.0806.E1    (0)    9 :  0.005 0.008 0.006 0.007 0.007 0.007 0.008 0.046 0.850 0.049 0.006 
197 24.0807.E1    (0)    9 :  0.016 0.017 0.003 0.008 0.006 0.013 0.009 0.007 0.903 0.009 0.008 
198 24.0808.E1    (0)    9 :  0.021 0.010 0.006 0.004 0.012 0.043 0.129 0.022 0.029 0.678 0.047 
199 24.0809.E1    (0)    9 :  0.007 0.004 0.005 0.004 0.006 0.005 0.004 0.003 0.004 0.952 0.007 
200 24.0810.E1    (0)    9 :  0.007 0.013 0.009 0.005 0.007 0.006 0.011 0.011 0.104 0.767 0.061 
201 24.0811.E1    (0)    9 :  0.013 0.019 0.004 0.004 0.011 0.008 0.011 0.011 0.909 0.004 0.006 
202 24.0812.E1    (0)    9 :  0.311 0.006 0.006 0.009 0.028 0.023 0.050 0.008 0.433 0.097 0.029 
203 24.0813.E1    (0)    9 :  0.024 0.008 0.006 0.004 0.007 0.049 0.055 0.016 0.564 0.204 0.063 
204 24.0814.E1    (6)    9 :  0.173 0.032 0.004 0.008 0.009 0.011 0.009 0.017 0.167 0.558 0.012 
205 24.0815.E1    (0)    9 :  0.011 0.008 0.006 0.011 0.004 0.006 0.006 0.111 0.254 0.579 0.005 
206 24.0816.E1    (0)    9 :  0.010 0.022 0.006 0.025 0.007 0.008 0.019 0.015 0.861 0.022 0.004 
207 24.0817.E1    (0)   10 :  0.718 0.070 0.005 0.008 0.017 0.021 0.019 0.005 0.079 0.049 0.010 
208 24.0818.E1    (0)   10 :  0.747 0.022 0.009 0.007 0.035 0.029 0.099 0.012 0.024 0.011 0.006 
209 24.0819.E1    (0)   10 :  0.016 0.352 0.068 0.065 0.012 0.020 0.007 0.015 0.008 0.426 0.010 
210 24.0820.E1    (0)   10 :  0.017 0.868 0.045 0.009 0.006 0.006 0.006 0.007 0.006 0.025 0.005 
211 24.0821.E1    (0)   10 :  0.153 0.163 0.006 0.226 0.014 0.088 0.255 0.012 0.039 0.025 0.017 
212 24.0822.E1    (0)   10 :  0.883 0.011 0.019 0.006 0.006 0.010 0.037 0.004 0.005 0.013 0.008 
213 24.0823.E1    (0)   10 :  0.352 0.542 0.026 0.011 0.008 0.006 0.006 0.008 0.004 0.028 0.008 
214 24.0824.E1    (0)   10 :  0.466 0.014 0.008 0.424 0.006 0.006 0.006 0.006 0.007 0.026 0.031 
215 24.0825.E1    (0)   10 :  0.950 0.005 0.005 0.005 0.004 0.005 0.004 0.004 0.005 0.006 0.007 
216 24.0826.E1    (0)   10 :  0.034 0.847 0.016 0.014 0.006 0.017 0.018 0.008 0.015 0.016 0.010 
217 24.0827.E1    (0)   10 :  0.712 0.143 0.004 0.007 0.041 0.010 0.024 0.007 0.035 0.008 0.010 
218 24.0828.E1    (0)   10 :  0.110 0.613 0.018 0.067 0.011 0.020 0.030 0.010 0.078 0.020 0.023 
219 24.0829.E1    (0)   10 :  0.588 0.014 0.011 0.013 0.005 0.010 0.010 0.007 0.249 0.075 0.018 
220 24.0830.E1    (0)   10 :  0.756 0.025 0.004 0.006 0.005 0.140 0.008 0.004 0.041 0.005 0.007 
221 24.0831.E1    (0)   10 :  0.590 0.020 0.004 0.007 0.005 0.295 0.022 0.004 0.039 0.006 0.007 
222 24.0832.E1    (0)   10 :  0.945 0.012 0.003 0.003 0.008 0.004 0.006 0.003 0.005 0.004 0.006 
223 24.0833.E1    (0)   10 :  0.956 0.007 0.004 0.004 0.004 0.005 0.004 0.003 0.005 0.004 0.005 
224 24.0834.E1    (0)   10 :  0.927 0.010 0.007 0.005 0.007 0.008 0.005 0.007 0.009 0.008 0.006 
225 24.0835.E1    (0)   10 :  0.903 0.007 0.004 0.009 0.013 0.007 0.009 0.006 0.006 0.030 0.006 
226 24.0836.E1    (0)   10 :  0.897 0.007 0.009 0.017 0.010 0.010 0.008 0.004 0.008 0.015 0.016 
227 24.0837.E1    (0)   10 :  0.928 0.008 0.005 0.006 0.006 0.008 0.008 0.004 0.008 0.010 0.008 
228 24.0838.E1    (0)   10 :  0.925 0.010 0.006 0.005 0.004 0.008 0.011 0.004 0.011 0.004 0.012 
229 24.0839.E1    (0)   10 :  0.279 0.026 0.019 0.021 0.041 0.109 0.057 0.027 0.357 0.028 0.035 
230 24.0840.E1    (0)   10 :  0.452 0.048 0.004 0.011 0.006 0.007 0.008 0.010 0.437 0.010 0.006 
231 24.0841.E1    (0)   11 :  0.010 0.015 0.008 0.003 0.005 0.009 0.016 0.003 0.913 0.005 0.013 
232 24.0842.E1    (0)   11 :  0.012 0.014 0.005 0.178 0.007 0.006 0.014 0.003 0.741 0.012 0.007 
233 24.0843.E1    (0)   11 :  0.023 0.455 0.018 0.210 0.005 0.011 0.018 0.005 0.234 0.016 0.007 
234 24.0844.E1    (0)   11 :  0.291 0.021 0.007 0.328 0.028 0.074 0.024 0.005 0.114 0.095 0.012 
235 24.0845.E1    (0)   11 :  0.643 0.028 0.005 0.021 0.009 0.085 0.083 0.005 0.099 0.005 0.017 
236 24.0846.E1    (0)   11 :  0.875 0.008 0.009 0.011 0.011 0.014 0.010 0.009 0.029 0.015 0.010 
237 24.0847.E1    (0)   11 :  0.751 0.015 0.013 0.020 0.029 0.015 0.009 0.007 0.014 0.050 0.078 
238 24.0848.E1    (0)   11 :  0.756 0.011 0.005 0.018 0.013 0.034 0.056 0.004 0.023 0.051 0.028 
239 24.0849.E1    (0)   11 :  0.007 0.949 0.004 0.004 0.006 0.005 0.005 0.003 0.006 0.008 0.004 
240 24.0850.E1    (0)   11 :  0.007 0.949 0.004 0.004 0.006 0.005 0.005 0.003 0.006 0.008 0.004 
241 24.0851.E1    (0)   11 :  0.007 0.949 0.004 0.004 0.006 0.004 0.005 0.003 0.006 0.008 0.004 
242 24.0852.E1    (0)   11 :  0.092 0.681 0.013 0.006 0.010 0.077 0.045 0.004 0.057 0.007 0.007 
243 24.0853.E1    (0)   11 :  0.408 0.508 0.010 0.004 0.005 0.006 0.006 0.006 0.024 0.010 0.011 
244 24.0854.E1    (0)   11 :  0.018 0.328 0.008 0.575 0.010 0.013 0.006 0.005 0.013 0.016 0.008 
245 24.0855.E1    (0)   11 :  0.694 0.028 0.010 0.012 0.006 0.008 0.016 0.006 0.160 0.037 0.024 
246 24.0856.E1    (0)   11 :  0.014 0.011 0.034 0.371 0.025 0.011 0.023 0.028 0.469 0.007 0.008 
247 24.0857.E1    (0)   11 :  0.386 0.018 0.008 0.010 0.019 0.011 0.023 0.009 0.015 0.483 0.017 
248 24.0858.E1    (0)   11 :  0.637 0.068 0.015 0.023 0.016 0.026 0.086 0.005 0.026 0.082 0.016 
249 24.0859.E1    (0)   11 :  0.013 0.864 0.017 0.009 0.011 0.011 0.013 0.010 0.014 0.031 0.007 
250 24.0860.E1    (0)   11 :  0.069 0.077 0.046 0.046 0.032 0.038 0.115 0.048 0.111 0.410 0.009 
251 24.0861.E1    (0)   11 :  0.020 0.912 0.005 0.005 0.006 0.006 0.009 0.003 0.023 0.007 0.004 
252 24.0862.E1    (0)   11 :  0.025 0.019 0.008 0.010 0.014 0.021 0.014 0.013 0.693 0.173 0.009 
253 24.0863.E1    (0)   11 :  0.020 0.913 0.005 0.005 0.006 0.006 0.009 0.003 0.021 0.008 0.004 
254 24.0864.E1    (0)   11 :  0.157 0.071 0.007 0.013 0.144 0.168 0.056 0.008 0.014 0.024 0.338 
255 24.0865.E1    (0)   12 :  0.011 0.799 0.032 0.005 0.042 0.023 0.015 0.018 0.010 0.008 0.036 
256 24.0866.E1    (0)   12 :  0.053 0.012 0.032 0.014 0.016 0.019 0.093 0.006 0.009 0.660 0.085 
257 24.0867.E1    (0)   12 :  0.028 0.162 0.142 0.012 0.010 0.015 0.010 0.023 0.009 0.164 0.424 
258 24.0868.E1    (0)   12 :  0.100 0.008 0.023 0.017 0.012 0.147 0.363 0.031 0.010 0.034 0.253 
259 24.0869.E1    (0)   12 :  0.153 0.010 0.007 0.005 0.009 0.194 0.020 0.041 0.010 0.086 0.465 
260 24.0870.E1    (0)   12 :  0.159 0.009 0.027 0.015 0.130 0.208 0.169 0.109 0.023 0.020 0.132 
261 24.0871.E1    (0)   12 :  0.018 0.052 0.007 0.013 0.051 0.484 0.044 0.032 0.053 0.007 0.238 
262 24.0872.E1    (0)   12 :  0.006 0.326 0.093 0.013 0.011 0.385 0.021 0.006 0.007 0.063 0.068 
263 24.0873.E1    (0)   12 :  0.019 0.051 0.012 0.012 0.017 0.032 0.017 0.012 0.009 0.272 0.547 
264 24.0874.E1    (0)   12 :  0.047 0.176 0.216 0.015 0.008 0.014 0.011 0.007 0.009 0.392 0.105 
265 24.0875.E1    (0)   12 :  0.007 0.008 0.010 0.016 0.012 0.790 0.026 0.009 0.005 0.088 0.029 
266 24.0876.E1    (0)   12 :  0.005 0.005 0.022 0.010 0.070 0.710 0.015 0.007 0.004 0.050 0.102 
267 24.0877.E1    (0)   12 :  0.004 0.007 0.040 0.010 0.799 0.019 0.027 0.006 0.004 0.068 0.015 
268 24.0878.E1    (0)   12 :  0.065 0.006 0.010 0.027 0.727 0.050 0.027 0.008 0.010 0.009 0.061 
269 24.0879.E1    (0)   12 :  0.007 0.007 0.005 0.215 0.703 0.020 0.009 0.009 0.007 0.005 0.012 
270 24.0880.E1    (0)   12 :  0.572 0.019 0.013 0.082 0.035 0.055 0.062 0.014 0.008 0.016 0.125 
271 24.0881.E1    (0)   12 :  0.004 0.006 0.009 0.007 0.935 0.006 0.007 0.010 0.004 0.006 0.007 
272 24.0882.E1    (0)   12 :  0.007 0.013 0.642 0.009 0.239 0.010 0.025 0.008 0.004 0.024 0.018 
273 24.0883.E1    (0)   12 :  0.007 0.050 0.237 0.233 0.316 0.040 0.008 0.011 0.005 0.007 0.086 
274 24.0884.E1    (0)   12 :  0.004 0.008 0.030 0.014 0.880 0.025 0.009 0.007 0.006 0.006 0.009 
275 24.0885.E1    (0)   12 :  0.012 0.006 0.007 0.051 0.724 0.066 0.026 0.014 0.005 0.015 0.074 
276 24.0886.E1    (0)   12 :  0.005 0.036 0.217 0.105 0.364 0.129 0.012 0.004 0.007 0.019 0.104 
277 24.0887.E1    (0)   12 :  0.005 0.008 0.701 0.176 0.042 0.014 0.006 0.010 0.006 0.006 0.026 
278 24.0888.E1    (0)   12 :  0.008 0.008 0.005 0.012 0.021 0.268 0.614 0.007 0.013 0.034 0.010 


Estimated Allele Frequencies in each cluster
First column gives estimated ancestral frequencies


Locus 1 : 
31 alleles
0.0% missing data
 115   (0.035) 0.005 0.004 0.004 0.008 0.121 0.066 0.007 0.003 0.021 0.007 0.152 
 117   (0.045) 0.005 0.003 0.196 0.013 0.199 0.035 0.009 0.004 0.025 0.112 0.039 
 119   (0.039) 0.005 0.004 0.325 0.007 0.278 0.019 0.008 0.294 0.006 0.005 0.017 
 131   (0.013) 0.001 0.001 0.003 0.002 0.053 0.003 0.002 0.001 0.003 0.002 0.002 
 128   (0.033) 0.022 0.005 0.003 0.009 0.034 0.087 0.020 0.003 0.009 0.008 0.030 
 135   (0.018) 0.003 0.002 0.008 0.004 0.048 0.012 0.004 0.002 0.007 0.003 0.008 
 126   (0.080) 0.268 0.058 0.078 0.033 0.058 0.115 0.065 0.011 0.037 0.160 0.040 
 122   (0.034) 0.004 0.003 0.002 0.008 0.011 0.016 0.045 0.099 0.142 0.010 0.007 
 132   (0.031) 0.025 0.006 0.013 0.012 0.004 0.033 0.019 0.003 0.033 0.037 0.016 
 141   (0.009) 0.001 0.001 0.001 0.001 0.009 0.002 0.002 0.003 0.002 0.002 0.001 
 130   (0.050) 0.014 0.027 0.009 0.144 0.007 0.051 0.071 0.013 0.034 0.009 0.102 
 134   (0.039) 0.008 0.075 0.003 0.006 0.005 0.015 0.032 0.135 0.027 0.021 0.034 
 145   (0.015) 0.001 0.116 0.008 0.007 0.002 0.006 0.003 0.006 0.002 0.002 0.005 
 127   (0.026) 0.002 0.003 0.159 0.007 0.032 0.008 0.005 0.052 0.004 0.004 0.007 
 116   (0.109) 0.138 0.279 0.010 0.077 0.015 0.155 0.238 0.177 0.195 0.110 0.197 
 114   (0.059) 0.106 0.186 0.005 0.030 0.007 0.021 0.042 0.050 0.208 0.076 0.026 
 120   (0.037) 0.004 0.003 0.002 0.132 0.007 0.050 0.061 0.088 0.005 0.005 0.015 
 110   (0.046) 0.093 0.015 0.018 0.095 0.009 0.025 0.035 0.018 0.025 0.006 0.073 
 133   (0.014) 0.001 0.001 0.012 0.002 0.002 0.011 0.003 0.009 0.002 0.008 0.002 
 118   (0.117) 0.170 0.190 0.019 0.348 0.015 0.197 0.280 0.012 0.164 0.383 0.171 
 125   (0.012) 0.011 0.003 0.001 0.005 0.002 0.004 0.004 0.001 0.017 0.003 0.002 
 129   (0.020) 0.002 0.002 0.006 0.025 0.047 0.009 0.008 0.002 0.003 0.003 0.005 
 124   (0.016) 0.002 0.004 0.001 0.011 0.008 0.022 0.010 0.002 0.002 0.003 0.003 
 136   (0.021) 0.089 0.002 0.001 0.003 0.003 0.011 0.005 0.002 0.004 0.003 0.031 
 121   (0.015) 0.001 0.001 0.068 0.002 0.005 0.005 0.003 0.001 0.002 0.002 0.003 
 139   (0.012) 0.001 0.001 0.001 0.002 0.011 0.002 0.002 0.001 0.001 0.001 0.002 
 113   (0.010) 0.001 0.001 0.015 0.001 0.001 0.002 0.002 0.001 0.001 0.001 0.001 
 111   (0.010) 0.001 0.001 0.013 0.002 0.002 0.002 0.002 0.001 0.001 0.001 0.002 
 143   (0.010) 0.001 0.001 0.015 0.001 0.001 0.002 0.002 0.001 0.001 0.001 0.001 
 140   (0.013) 0.001 0.001 0.001 0.002 0.002 0.008 0.011 0.001 0.012 0.009 0.003 
 112   (0.010) 0.015 0.001 0.001 0.002 0.001 0.002 0.002 0.001 0.001 0.001 0.001 

Locus 2 : 
18 alleles
0.0% missing data
 152   (0.384) 0.179 0.297 0.804 0.362 0.648 0.512 0.301 0.391 0.569 0.466 0.461 
 148   (0.068) 0.008 0.007 0.020 0.034 0.145 0.072 0.028 0.233 0.014 0.009 0.207 
 154   (0.107) 0.275 0.017 0.031 0.032 0.037 0.107 0.084 0.255 0.123 0.023 0.192 
 156   (0.015) 0.002 0.002 0.001 0.005 0.012 0.004 0.004 0.001 0.016 0.002 0.002 
 150   (0.022) 0.002 0.002 0.049 0.005 0.008 0.005 0.004 0.068 0.003 0.003 0.003 
 164   (0.079) 0.044 0.091 0.011 0.017 0.073 0.040 0.164 0.009 0.103 0.028 0.041 
 158   (0.032) 0.004 0.011 0.007 0.190 0.009 0.010 0.007 0.012 0.009 0.012 0.021 
 160   (0.018) 0.002 0.002 0.017 0.003 0.002 0.006 0.013 0.002 0.003 0.002 0.014 
 166   (0.022) 0.002 0.002 0.001 0.003 0.003 0.026 0.016 0.004 0.012 0.029 0.004 
 151   (0.074) 0.453 0.319 0.005 0.229 0.010 0.093 0.199 0.007 0.047 0.010 0.011 
 147   (0.061) 0.019 0.193 0.004 0.067 0.008 0.057 0.109 0.006 0.056 0.395 0.013 
 168   (0.023) 0.002 0.032 0.002 0.005 0.004 0.019 0.015 0.002 0.004 0.009 0.006 
 153   (0.013) 0.001 0.015 0.001 0.002 0.002 0.006 0.014 0.001 0.002 0.001 0.002 
 149   (0.024) 0.002 0.002 0.011 0.038 0.003 0.023 0.006 0.002 0.003 0.004 0.016 
 162   (0.019) 0.002 0.006 0.003 0.003 0.007 0.007 0.007 0.002 0.034 0.003 0.003 
 167   (0.013) 0.001 0.001 0.001 0.002 0.025 0.003 0.002 0.001 0.002 0.001 0.002 
 146   (0.012) 0.001 0.001 0.031 0.002 0.001 0.002 0.002 0.001 0.001 0.001 0.002 
 172   (0.013) 0.001 0.001 0.001 0.002 0.002 0.008 0.024 0.001 0.002 0.001 0.002 

Locus 3 : 
4 alleles
0.0% missing data
 128   (0.295) 0.449 0.346 0.451 0.242 0.210 0.330 0.191 0.326 0.166 0.379 0.285 
 126   (0.612) 0.507 0.483 0.542 0.571 0.708 0.623 0.771 0.609 0.781 0.593 0.697 
 132   (0.079) 0.043 0.170 0.006 0.140 0.080 0.044 0.035 0.058 0.051 0.026 0.016 
 134   (0.014) 0.001 0.001 0.001 0.048 0.002 0.003 0.003 0.006 0.002 0.001 0.002 

Locus 4 : 
3 alleles
0.0% missing data
 170   (0.320) 0.459 0.112 0.302 0.193 0.315 0.358 0.394 0.422 0.416 0.142 0.142 
 172   (0.667) 0.538 0.884 0.696 0.806 0.683 0.639 0.603 0.568 0.582 0.856 0.855 
 171   (0.013) 0.003 0.003 0.002 0.002 0.002 0.003 0.002 0.010 0.002 0.002 0.003 

Locus 5 : 
37 alleles
0.0% missing data
 125   (0.051) 0.077 0.141 0.040 0.166 0.062 0.046 0.015 0.059 0.014 0.019 0.022 
 110   (0.039) 0.082 0.026 0.015 0.028 0.037 0.042 0.008 0.044 0.034 0.027 0.006 
 129   (0.034) 0.007 0.019 0.003 0.008 0.055 0.024 0.121 0.003 0.059 0.007 0.007 
 113   (0.030) 0.011 0.005 0.002 0.006 0.011 0.028 0.116 0.003 0.126 0.015 0.015 
 145   (0.054) 0.014 0.097 0.085 0.083 0.219 0.086 0.014 0.006 0.011 0.012 0.157 
 155   (0.055) 0.060 0.007 0.017 0.019 0.154 0.043 0.040 0.187 0.109 0.022 0.026 
 117   (0.032) 0.004 0.005 0.028 0.006 0.021 0.025 0.015 0.004 0.022 0.010 0.142 
 124   (0.010) 0.001 0.001 0.001 0.001 0.024 0.002 0.002 0.001 0.001 0.001 0.002 
 133   (0.032) 0.003 0.007 0.078 0.009 0.041 0.071 0.050 0.003 0.005 0.012 0.012 
 157   (0.049) 0.049 0.005 0.026 0.129 0.008 0.085 0.163 0.022 0.013 0.043 0.048 
 141   (0.016) 0.006 0.001 0.001 0.002 0.004 0.029 0.022 0.002 0.002 0.003 0.007 
 112   (0.068) 0.169 0.159 0.162 0.016 0.067 0.031 0.056 0.198 0.071 0.026 0.114 
 121   (0.021) 0.004 0.010 0.002 0.006 0.004 0.013 0.012 0.008 0.075 0.028 0.003 
 114   (0.040) 0.085 0.004 0.180 0.007 0.043 0.026 0.008 0.018 0.005 0.042 0.145 
 153   (0.050) 0.084 0.081 0.004 0.231 0.051 0.083 0.013 0.008 0.018 0.329 0.020 
 127   (0.076) 0.109 0.202 0.072 0.032 0.066 0.072 0.104 0.019 0.159 0.016 0.086 
 131   (0.059) 0.037 0.087 0.178 0.143 0.060 0.019 0.017 0.231 0.025 0.185 0.021 
 135   (0.030) 0.015 0.072 0.003 0.014 0.005 0.080 0.012 0.008 0.005 0.109 0.008 
 104   (0.007) 0.002 0.003 0.002 0.001 0.001 0.002 0.001 0.010 0.001 0.001 0.002 
 118   (0.017) 0.002 0.002 0.002 0.013 0.019 0.008 0.009 0.018 0.002 0.002 0.009 
 116   (0.026) 0.010 0.004 0.004 0.017 0.005 0.036 0.006 0.018 0.074 0.004 0.023 
 137   (0.023) 0.002 0.003 0.006 0.013 0.004 0.013 0.011 0.107 0.080 0.007 0.007 
 123   (0.024) 0.087 0.019 0.002 0.006 0.005 0.026 0.005 0.005 0.024 0.019 0.005 
 149   (0.009) 0.002 0.003 0.001 0.001 0.001 0.006 0.002 0.001 0.005 0.001 0.005 
 138   (0.010) 0.001 0.010 0.001 0.002 0.001 0.014 0.048 0.001 0.001 0.001 0.001 
 143   (0.026) 0.052 0.010 0.075 0.011 0.004 0.010 0.038 0.003 0.007 0.004 0.004 
 163   (0.009) 0.001 0.001 0.001 0.001 0.001 0.004 0.005 0.003 0.007 0.001 0.003 
 109   (0.009) 0.001 0.001 0.001 0.001 0.001 0.002 0.001 0.001 0.001 0.001 0.034 
 139   (0.010) 0.001 0.001 0.001 0.002 0.001 0.012 0.007 0.001 0.001 0.001 0.001 
 106   (0.009) 0.001 0.001 0.001 0.001 0.001 0.008 0.007 0.001 0.002 0.002 0.002 
 144   (0.014) 0.002 0.001 0.001 0.002 0.002 0.009 0.004 0.001 0.002 0.040 0.035 
 122   (0.010) 0.001 0.001 0.003 0.002 0.012 0.002 0.002 0.001 0.001 0.002 0.014 
 100   (0.016) 0.005 0.006 0.001 0.006 0.002 0.015 0.025 0.002 0.032 0.003 0.005 
 111   (0.011) 0.001 0.002 0.001 0.002 0.001 0.012 0.028 0.001 0.001 0.001 0.002 
 233   (0.008) 0.002 0.003 0.001 0.008 0.001 0.003 0.005 0.001 0.002 0.001 0.001 
 134   (0.008) 0.009 0.001 0.001 0.001 0.001 0.008 0.002 0.001 0.002 0.001 0.001 
 140   (0.009) 0.002 0.001 0.001 0.002 0.001 0.004 0.007 0.001 0.001 0.002 0.005 

Locus 6 : 
17 alleles
0.0% missing data
 221   (0.024) 0.002 0.002 0.089 0.003 0.147 0.005 0.004 0.002 0.003 0.003 0.004 
 232   (0.238) 0.263 0.767 0.431 0.266 0.152 0.333 0.277 0.084 0.436 0.125 0.256 
 229   (0.057) 0.093 0.022 0.058 0.016 0.099 0.043 0.011 0.064 0.011 0.027 0.022 
 223   (0.062) 0.077 0.006 0.008 0.115 0.097 0.025 0.058 0.007 0.028 0.016 0.076 
 230   (0.161) 0.251 0.045 0.300 0.111 0.066 0.233 0.220 0.168 0.088 0.061 0.235 
 235   (0.013) 0.001 0.001 0.001 0.002 0.073 0.003 0.002 0.001 0.002 0.002 0.002 
 236   (0.037) 0.004 0.020 0.005 0.011 0.086 0.066 0.011 0.027 0.016 0.006 0.007 
 227   (0.024) 0.002 0.002 0.002 0.007 0.061 0.012 0.013 0.002 0.003 0.005 0.012 
 220   (0.054) 0.023 0.068 0.004 0.012 0.008 0.030 0.021 0.188 0.097 0.205 0.025 
 222   (0.043) 0.006 0.003 0.003 0.006 0.005 0.022 0.040 0.267 0.088 0.201 0.013 
 234   (0.127) 0.149 0.013 0.053 0.283 0.093 0.075 0.113 0.172 0.032 0.323 0.259 
 224   (0.031) 0.080 0.002 0.002 0.129 0.004 0.021 0.026 0.003 0.006 0.004 0.006 
 228   (0.059) 0.023 0.044 0.004 0.012 0.012 0.098 0.190 0.006 0.073 0.009 0.060 
 225   (0.012) 0.001 0.001 0.001 0.002 0.002 0.002 0.002 0.001 0.018 0.001 0.002 
 226   (0.015) 0.019 0.001 0.001 0.002 0.002 0.003 0.003 0.001 0.095 0.004 0.002 
 233   (0.028) 0.003 0.002 0.037 0.016 0.053 0.021 0.006 0.003 0.003 0.005 0.013 
 231   (0.015) 0.001 0.001 0.001 0.008 0.039 0.007 0.003 0.001 0.002 0.002 0.005 

Locus 7 : 
10 alleles
0.0% missing data
 121   (0.687) 0.791 0.710 0.742 0.575 0.882 0.812 0.851 0.794 0.741 0.825 0.789 
 129   (0.096) 0.119 0.142 0.099 0.099 0.078 0.043 0.058 0.010 0.106 0.013 0.060 
 130   (0.016) 0.001 0.001 0.004 0.003 0.003 0.005 0.004 0.002 0.020 0.015 0.002 
 123   (0.098) 0.079 0.139 0.102 0.221 0.023 0.110 0.045 0.130 0.110 0.046 0.028 
 128   (0.019) 0.002 0.001 0.021 0.020 0.003 0.004 0.004 0.038 0.002 0.002 0.005 
 131   (0.016) 0.002 0.001 0.002 0.011 0.002 0.004 0.004 0.020 0.011 0.002 0.003 
 117   (0.012) 0.001 0.001 0.001 0.002 0.002 0.005 0.012 0.001 0.001 0.001 0.002 
 125   (0.013) 0.001 0.001 0.001 0.062 0.002 0.002 0.002 0.001 0.001 0.001 0.002 
 134   (0.030) 0.003 0.002 0.006 0.005 0.004 0.012 0.017 0.004 0.006 0.090 0.105 
 132   (0.013) 0.002 0.001 0.024 0.002 0.002 0.003 0.002 0.001 0.001 0.004 0.005 

Locus 8 : 
19 alleles
0.0% missing data
 184   (0.299) 0.253 0.471 0.323 0.506 0.492 0.408 0.372 0.522 0.212 0.521 0.487 
 194   (0.046) 0.013 0.009 0.019 0.034 0.030 0.032 0.037 0.017 0.018 0.007 0.105 
 178   (0.103) 0.294 0.028 0.059 0.026 0.212 0.060 0.057 0.186 0.171 0.052 0.086 
 176   (0.082) 0.009 0.112 0.221 0.043 0.044 0.110 0.073 0.010 0.054 0.152 0.068 
 182   (0.076) 0.047 0.013 0.211 0.019 0.037 0.059 0.143 0.008 0.161 0.110 0.038 
 190   (0.031) 0.020 0.002 0.049 0.006 0.006 0.007 0.006 0.073 0.010 0.053 0.005 
 196   (0.021) 0.068 0.013 0.001 0.003 0.005 0.009 0.018 0.002 0.005 0.003 0.004 
 200   (0.030) 0.003 0.002 0.010 0.051 0.015 0.017 0.035 0.004 0.015 0.004 0.009 
 180   (0.023) 0.003 0.002 0.002 0.124 0.009 0.005 0.004 0.070 0.004 0.003 0.003 
 188   (0.038) 0.066 0.082 0.003 0.009 0.031 0.018 0.010 0.008 0.006 0.011 0.034 
 174   (0.041) 0.005 0.004 0.044 0.038 0.015 0.067 0.013 0.023 0.013 0.015 0.058 
 186   (0.121) 0.124 0.233 0.050 0.071 0.084 0.184 0.196 0.044 0.297 0.036 0.077 
 192   (0.022) 0.087 0.007 0.003 0.014 0.010 0.006 0.007 0.013 0.003 0.003 0.003 
 201   (0.011) 0.001 0.001 0.001 0.010 0.001 0.002 0.002 0.013 0.001 0.001 0.002 
 199   (0.017) 0.002 0.002 0.001 0.029 0.002 0.005 0.015 0.002 0.019 0.003 0.002 
 185   (0.009) 0.001 0.016 0.001 0.002 0.001 0.003 0.002 0.001 0.001 0.001 0.001 
 203   (0.011) 0.001 0.001 0.001 0.002 0.001 0.002 0.002 0.001 0.001 0.005 0.013 
 198   (0.011) 0.001 0.001 0.001 0.001 0.001 0.003 0.004 0.001 0.002 0.018 0.002 
 209   (0.010) 0.004 0.001 0.001 0.012 0.002 0.003 0.002 0.001 0.003 0.003 0.001 

Locus 9 : 
6 alleles
0.4% missing data
 154   (0.684) 0.792 0.847 0.632 0.662 0.703 0.750 0.741 0.820 0.844 0.702 0.677 
 156   (0.211) 0.117 0.032 0.352 0.323 0.169 0.208 0.181 0.169 0.137 0.283 0.254 
 152   (0.052) 0.086 0.104 0.006 0.008 0.081 0.019 0.031 0.005 0.010 0.009 0.037 
 153   (0.013) 0.001 0.014 0.001 0.002 0.002 0.005 0.014 0.001 0.004 0.002 0.002 
 160   (0.014) 0.001 0.001 0.001 0.002 0.002 0.004 0.028 0.001 0.003 0.001 0.002 
 164   (0.027) 0.002 0.002 0.009 0.004 0.044 0.014 0.005 0.003 0.003 0.003 0.028 

Locus 10 : 
29 alleles
0.7% missing data
 305   (0.066) 0.008 0.007 0.009 0.010 0.103 0.033 0.082 0.216 0.245 0.011 0.012 
 313   (0.049) 0.008 0.004 0.005 0.009 0.156 0.045 0.046 0.005 0.073 0.006 0.008 
 311   (0.017) 0.002 0.001 0.002 0.005 0.017 0.010 0.004 0.002 0.002 0.003 0.003 
 299   (0.128) 0.159 0.155 0.033 0.017 0.283 0.059 0.265 0.046 0.047 0.183 0.043 
 315   (0.079) 0.018 0.006 0.103 0.017 0.092 0.145 0.109 0.080 0.018 0.011 0.019 
 287   (0.018) 0.002 0.002 0.002 0.816 0.006 0.006 0.004 0.002 0.004 0.003 0.003 
 291   (0.107) 0.517 0.011 0.020 0.015 0.106 0.042 0.071 0.071 0.036 0.310 0.355 
 295   (0.027) 0.003 0.002 0.003 0.003 0.029 0.104 0.007 0.004 0.004 0.004 0.146 
 289   (0.016) 0.001 0.001 0.001 0.002 0.002 0.006 0.005 0.003 0.003 0.238 0.002 
 303   (0.032) 0.003 0.656 0.535 0.004 0.007 0.011 0.008 0.021 0.004 0.005 0.006 
 297   (0.045) 0.024 0.003 0.084 0.006 0.013 0.010 0.012 0.005 0.174 0.019 0.128 
 293   (0.016) 0.001 0.001 0.001 0.002 0.010 0.124 0.003 0.002 0.002 0.029 0.002 
 301   (0.061) 0.007 0.012 0.007 0.009 0.069 0.033 0.087 0.166 0.008 0.017 0.077 
 285   (0.025) 0.002 0.002 0.002 0.003 0.003 0.005 0.010 0.269 0.252 0.004 0.004 
 307   (0.055) 0.103 0.004 0.176 0.009 0.010 0.020 0.068 0.040 0.008 0.007 0.105 
 312   (0.045) 0.084 0.012 0.003 0.007 0.007 0.214 0.042 0.042 0.010 0.009 0.024 
 306   (0.025) 0.014 0.002 0.002 0.005 0.012 0.026 0.064 0.004 0.003 0.004 0.011 
 320   (0.014) 0.001 0.001 0.001 0.001 0.002 0.008 0.025 0.001 0.002 0.001 0.002 
 317   (0.023) 0.002 0.100 0.001 0.002 0.019 0.010 0.006 0.002 0.004 0.002 0.003 
 314   (0.026) 0.002 0.002 0.002 0.033 0.036 0.011 0.013 0.003 0.003 0.004 0.004 
 323   (0.013) 0.001 0.001 0.001 0.007 0.002 0.006 0.007 0.001 0.002 0.002 0.002 
 325   (0.012) 0.001 0.001 0.001 0.007 0.002 0.006 0.007 0.001 0.002 0.002 0.002 
 310   (0.015) 0.027 0.001 0.001 0.002 0.002 0.036 0.004 0.001 0.003 0.002 0.002 
 309   (0.013) 0.001 0.001 0.001 0.002 0.002 0.004 0.004 0.002 0.001 0.004 0.028 
 316   (0.019) 0.005 0.003 0.001 0.002 0.003 0.011 0.031 0.002 0.004 0.003 0.002 
 296   (0.013) 0.001 0.004 0.001 0.002 0.002 0.008 0.007 0.001 0.002 0.001 0.002 
 304   (0.015) 0.001 0.001 0.001 0.002 0.002 0.003 0.003 0.002 0.078 0.004 0.002 
 321   (0.014) 0.001 0.001 0.001 0.001 0.002 0.003 0.003 0.002 0.002 0.055 0.002 
 332   (0.013) 0.001 0.001 0.001 0.001 0.002 0.002 0.002 0.001 0.001 0.057 0.002 

Locus 11 : 
19 alleles
0.0% missing data
 114   (0.147) 0.019 0.042 0.193 0.048 0.252 0.219 0.148 0.293 0.027 0.029 0.263 
 126   (0.022) 0.002 0.002 0.004 0.003 0.061 0.007 0.004 0.018 0.003 0.003 0.004 
 111   (0.096) 0.558 0.296 0.006 0.021 0.188 0.042 0.020 0.009 0.543 0.564 0.014 
 116   (0.107) 0.029 0.009 0.267 0.146 0.104 0.085 0.074 0.016 0.082 0.039 0.160 
 132   (0.013) 0.001 0.001 0.001 0.002 0.012 0.003 0.003 0.001 0.002 0.002 0.002 
 109   (0.016) 0.002 0.001 0.001 0.002 0.050 0.003 0.003 0.001 0.002 0.002 0.003 
 128   (0.017) 0.007 0.001 0.001 0.002 0.008 0.004 0.006 0.002 0.002 0.002 0.015 
 112   (0.325) 0.051 0.184 0.499 0.440 0.250 0.512 0.624 0.605 0.082 0.090 0.449 
 122   (0.016) 0.003 0.015 0.004 0.002 0.002 0.011 0.003 0.007 0.002 0.004 0.004 
 124   (0.013) 0.001 0.002 0.002 0.002 0.002 0.003 0.002 0.018 0.002 0.002 0.002 
 118   (0.050) 0.006 0.013 0.009 0.078 0.018 0.024 0.022 0.014 0.008 0.209 0.037 
 127   (0.012) 0.001 0.001 0.001 0.002 0.001 0.005 0.012 0.001 0.001 0.001 0.001 
 113   (0.051) 0.227 0.421 0.003 0.028 0.007 0.023 0.021 0.004 0.189 0.019 0.009 
 115   (0.028) 0.007 0.003 0.003 0.201 0.023 0.014 0.010 0.003 0.008 0.004 0.007 
 120   (0.020) 0.073 0.002 0.001 0.003 0.003 0.006 0.004 0.002 0.002 0.004 0.019 
 117   (0.021) 0.006 0.003 0.002 0.005 0.004 0.009 0.016 0.003 0.013 0.014 0.004 
 125   (0.017) 0.002 0.004 0.001 0.004 0.002 0.025 0.021 0.001 0.002 0.003 0.003 
 119   (0.016) 0.004 0.001 0.001 0.002 0.002 0.004 0.004 0.001 0.028 0.009 0.003 
 136   (0.012) 0.001 0.001 0.001 0.008 0.010 0.003 0.002 0.001 0.001 0.001 0.002 

Locus 12 : 
28 alleles
0.7% missing data
 306   (0.062) 0.007 0.007 0.009 0.008 0.103 0.027 0.045 0.215 0.307 0.012 0.011 
 314   (0.059) 0.079 0.013 0.007 0.020 0.142 0.028 0.047 0.006 0.072 0.009 0.009 
 312   (0.014) 0.001 0.001 0.001 0.001 0.027 0.002 0.002 0.001 0.002 0.001 0.002 
 300   (0.140) 0.156 0.156 0.034 0.019 0.300 0.061 0.270 0.048 0.049 0.182 0.045 
 316   (0.048) 0.017 0.004 0.100 0.006 0.088 0.017 0.013 0.078 0.011 0.006 0.008 
 288   (0.016) 0.001 0.001 0.001 0.802 0.004 0.003 0.004 0.002 0.003 0.003 0.002 
 292   (0.113) 0.505 0.012 0.020 0.016 0.107 0.043 0.073 0.071 0.036 0.346 0.354 
 296   (0.029) 0.003 0.004 0.003 0.004 0.029 0.111 0.011 0.004 0.004 0.004 0.148 
 290   (0.018) 0.001 0.001 0.001 0.002 0.002 0.006 0.006 0.003 0.004 0.237 0.002 
 304   (0.031) 0.003 0.660 0.535 0.004 0.007 0.011 0.008 0.021 0.004 0.005 0.006 
 298   (0.045) 0.023 0.004 0.084 0.006 0.013 0.010 0.012 0.005 0.174 0.019 0.128 
 294   (0.017) 0.001 0.001 0.001 0.002 0.010 0.124 0.003 0.002 0.002 0.029 0.002 
 302   (0.060) 0.007 0.012 0.007 0.009 0.069 0.033 0.088 0.165 0.008 0.017 0.077 
 286   (0.028) 0.002 0.002 0.003 0.004 0.004 0.005 0.011 0.268 0.272 0.005 0.004 
 308   (0.035) 0.003 0.003 0.173 0.006 0.007 0.011 0.058 0.039 0.005 0.004 0.043 
 313   (0.034) 0.005 0.004 0.002 0.004 0.005 0.231 0.048 0.043 0.004 0.006 0.026 
 307   (0.046) 0.125 0.004 0.004 0.006 0.013 0.033 0.070 0.005 0.006 0.006 0.073 
 321   (0.013) 0.001 0.001 0.001 0.001 0.002 0.008 0.025 0.001 0.001 0.001 0.002 
 315   (0.054) 0.005 0.013 0.005 0.054 0.041 0.123 0.107 0.007 0.010 0.007 0.014 
 318   (0.021) 0.004 0.090 0.001 0.002 0.006 0.009 0.008 0.002 0.007 0.003 0.003 
 324   (0.014) 0.001 0.001 0.001 0.007 0.002 0.006 0.008 0.001 0.002 0.002 0.002 
 326   (0.014) 0.001 0.001 0.001 0.007 0.002 0.006 0.008 0.001 0.002 0.002 0.002 
 311   (0.020) 0.041 0.001 0.002 0.005 0.005 0.064 0.006 0.002 0.005 0.003 0.003 
 310   (0.013) 0.001 0.001 0.001 0.002 0.002 0.004 0.004 0.002 0.002 0.004 0.028 
 305   (0.016) 0.001 0.001 0.001 0.002 0.002 0.008 0.038 0.002 0.002 0.002 0.002 
 317   (0.014) 0.001 0.001 0.001 0.001 0.002 0.008 0.025 0.002 0.002 0.002 0.002 
 320   (0.013) 0.001 0.001 0.001 0.001 0.002 0.002 0.002 0.001 0.002 0.027 0.002 
 322   (0.012) 0.001 0.001 0.001 0.001 0.002 0.002 0.002 0.001 0.002 0.055 0.002 

Locus 13 : 
7 alleles
1.1% missing data
 161   (0.594) 0.422 0.510 0.889 0.441 0.660 0.597 0.526 0.061 0.299 0.914 0.841 
 163   (0.300) 0.567 0.458 0.026 0.542 0.250 0.364 0.453 0.029 0.515 0.073 0.121 
 160   (0.017) 0.002 0.001 0.001 0.003 0.002 0.008 0.003 0.449 0.002 0.002 0.002 
 162   (0.015) 0.001 0.002 0.001 0.002 0.002 0.004 0.003 0.455 0.002 0.002 0.002 
 165   (0.044) 0.006 0.027 0.003 0.009 0.079 0.017 0.009 0.004 0.178 0.006 0.027 
 166   (0.014) 0.001 0.001 0.003 0.002 0.004 0.008 0.003 0.001 0.002 0.002 0.005 
 164   (0.015) 0.001 0.001 0.077 0.002 0.002 0.003 0.002 0.001 0.002 0.002 0.002 

Locus 14 : 
4 alleles
0.4% missing data
  98   (0.958) 0.997 0.988 0.987 0.994 0.988 0.981 0.981 0.996 0.995 0.995 0.988 
 100   (0.013) 0.001 0.006 0.001 0.002 0.002 0.004 0.009 0.001 0.002 0.002 0.002 
  96   (0.017) 0.001 0.002 0.011 0.002 0.009 0.007 0.003 0.002 0.002 0.002 0.008 
 105   (0.012) 0.001 0.005 0.001 0.002 0.002 0.008 0.007 0.001 0.002 0.001 0.002 

Locus 15 : 
12 alleles
2.2% missing data
 171   (0.308) 0.357 0.302 0.176 0.437 0.416 0.287 0.394 0.224 0.172 0.531 0.182 
 177   (0.189) 0.077 0.078 0.050 0.229 0.192 0.210 0.155 0.364 0.093 0.229 0.320 
 173   (0.261) 0.514 0.495 0.064 0.135 0.276 0.376 0.242 0.080 0.630 0.140 0.280 
 179   (0.106) 0.011 0.109 0.577 0.165 0.072 0.043 0.110 0.314 0.061 0.032 0.055 
 183   (0.019) 0.002 0.006 0.010 0.008 0.027 0.005 0.005 0.002 0.014 0.002 0.003 
 181   (0.035) 0.032 0.003 0.118 0.005 0.006 0.020 0.067 0.004 0.008 0.006 0.010 
 197   (0.013) 0.001 0.001 0.001 0.002 0.002 0.003 0.003 0.001 0.002 0.002 0.088 
 170   (0.013) 0.001 0.001 0.001 0.003 0.002 0.031 0.005 0.001 0.001 0.002 0.002 
 189   (0.014) 0.001 0.001 0.001 0.002 0.002 0.007 0.012 0.005 0.016 0.002 0.004 
 203   (0.013) 0.001 0.001 0.001 0.002 0.002 0.004 0.002 0.001 0.002 0.001 0.052 
 187   (0.017) 0.001 0.001 0.001 0.011 0.002 0.014 0.004 0.002 0.002 0.026 0.002 
 198   (0.012) 0.001 0.001 0.001 0.002 0.002 0.002 0.002 0.001 0.002 0.027 0.002 

Values of parameters used in structure:
DATAFILE=STRUCTURE_main_final_278_HEG_ZG.str,	OUTFILE=STRUCTURE_main_final_278_HEG_ZG-K11-17,	NUMINDS=278,	NUMLOCI=15,	MISSING=-9,	LABEL=1,	POPDATA=1,	POPFLAG=0,	PHENOTYPE=0,	EXTRACOLS=0,	MAXPOPS=11,	BURNIN=100000,	NUMREPS=500000,	USEPOPINFO=0,	INFERALPHA=1,	INFERLAMBDA=0,	POPSPECIFICLAMBDA=0,	POPALPHAS=0,	COMPUTEPROB=1,	NOADMIX=0,	ADMBURNIN=2500,	UPDATEFREQ=1,	PRINTLIKES=0,	INTERMEDSAVE=0,	PRINTKLD=0,	PRINTNET=0,	PRINTLAMBDA=0,	ANCESTDIST=0,	NUMBOXES=1000,	ANCESTPINT=0.90000,	GENSBACK=2,	MIGRPRIOR=0.05000,	PRINTQHAT=0,	PRINTQSUM=0,	ALPHA=1.0000,	FREQSCORR=1,	FPRIORMEAN=0.0100,	FPRIORSD=0.0500,	ONEFST=0,	LAMBDA=1.0000,	UNIFPRIORALPHA=1,	ALPHAMAX=10.0000,	ALPHAPRIORA=1.0000,	ALPHAPRIORB=2.0000,	ALPHAPROPSD=0.0250,	STARTATPOPINFO=0,	RANDOMIZE=1,	LINKAGE=0,	METROFREQ=10,	REPORTHITRATE=0,	MARKOVPHASE=-1,	PHASED=0,	PLOIDY=2,	PHASEINFO=0	LOCPRIOR=0, 	LOCPRIORINIT=1.000000, 	LOCDATA=0, 	LOCISPOP=0, 	LOCPRIORSTEP=0.100000, 	MAXLOCPRIOR=20.000000, 	SEED=1782486049,	
[STRAT parameters]:    NUMSIMSTATS=1000,	PHENOTYPECOL=-9,	POOLFREQ=10,	LOCUSxONLY=0,	EMERROR=0.00100,	MISSINGPHENO=-9,	