

----------------------------------------------------
STRUCTURE by Pritchard, Stephens and Donnelly (2000)
     and Falush, Stephens and Pritchard (2003)
       Code by Pritchard, Falush and Hubisz
             Version 2.3.4 (Jul 2012)
----------------------------------------------------



Command line arguments:   structure -K 5 -i STRUCTURE_main_final_278_HEG_ZG.str -o STRUCTURE_main_final_278_HEG_ZG-K5-16 
Input File:    STRUCTURE_main_final_278_HEG_ZG.str

Run parameters:
   278 individuals
   15 loci
   5 populations assumed
   100000 Burn-in period
   500000 Reps


--------------------------------------------
Proportion of membership of each pre-defined
 population in each of the 5 clusters

Given    Inferred Clusters                     Number of
 Pop       1      2      3      4      5      Individuals

  1:     0.702  0.045  0.037  0.093  0.123       24
  2:     0.058  0.710  0.073  0.115  0.044       24
  3:     0.039  0.053  0.711  0.051  0.146       24
  4:     0.406  0.081  0.221  0.158  0.134       24
  5:     0.107  0.087  0.605  0.105  0.097       24
  6:     0.575  0.062  0.060  0.265  0.037       24
  7:     0.110  0.042  0.048  0.775  0.025       24
  8:     0.097  0.041  0.717  0.035  0.110       14
  9:     0.069  0.236  0.133  0.019  0.543       24
 10:     0.025  0.022  0.100  0.067  0.786       24
 11:     0.051  0.056  0.104  0.036  0.753       24
 12:     0.364  0.037  0.245  0.189  0.166       24
--------------------------------------------

Allele-freq. divergence among pops (Net nucleotide distance),
computed using point estimates of P.

      1       2       3       4       5      
 1      -    0.0508  0.0287  0.0537  0.0450  
 2   0.0508     -    0.0501  0.0858  0.0807  
 3   0.0287  0.0501     -    0.0670  0.0398  
 4   0.0537  0.0858  0.0670     -    0.0971  
 5   0.0450  0.0807  0.0398  0.0971     -    

Average distances (expected heterozygosity) between individuals in same cluster:
cluster  1  : 0.6295 
cluster  2  : 0.6299 
cluster  3  : 0.6476 
cluster  4  : 0.5534 
cluster  5  : 0.6196 

--------------------------------------------
Estimated Ln Prob of Data   = -12976.8
Mean value of ln likelihood = -12467.5
Variance of ln likelihood   = 1018.7
Mean value of alpha         = 0.0993

Mean value of Fst_1         = 0.0690
Mean value of Fst_2         = 0.1494
Mean value of Fst_3         = 0.0390
Mean value of Fst_4         = 0.1674
Mean value of Fst_5         = 0.1161


Inferred ancestry of individuals:
        Label (%Miss) Pop:  Inferred clusters
  1 24.0601.E1    (0)    1 :  0.829 0.106 0.015 0.033 0.017 
  2 24.0602.E1    (0)    1 :  0.914 0.011 0.027 0.017 0.030 
  3 24.0603.E1    (0)    1 :  0.854 0.014 0.052 0.063 0.018 
  4 24.0604.E1    (0)    1 :  0.874 0.013 0.060 0.012 0.041 
  5 24.0605.E1    (0)    1 :  0.852 0.066 0.017 0.041 0.025 
  6 24.0606.E1    (0)    1 :  0.890 0.028 0.015 0.034 0.033 
  7 24.0607.E1    (0)    1 :  0.201 0.083 0.104 0.367 0.245 
  8 24.0608.E1    (0)    1 :  0.620 0.010 0.018 0.213 0.139 
  9 24.0609.E1    (0)    1 :  0.469 0.010 0.043 0.014 0.464 
 10 24.0610.E1    (0)    1 :  0.683 0.011 0.027 0.015 0.264 
 11 24.0611.E1    (0)    1 :  0.856 0.070 0.016 0.013 0.045 
 12 24.0612.E1    (0)    1 :  0.840 0.097 0.022 0.028 0.013 
 13 24.0613.E1    (0)    1 :  0.939 0.012 0.010 0.010 0.028 
 14 24.0614.E1    (0)    1 :  0.351 0.025 0.019 0.390 0.215 
 15 24.0615.E1    (0)    1 :  0.577 0.036 0.031 0.086 0.271 
 16 24.0616.E1    (0)    1 :  0.932 0.020 0.012 0.012 0.023 
 17 24.0617.E1    (0)    1 :  0.340 0.049 0.017 0.037 0.557 
 18 24.0618.E1    (0)    1 :  0.777 0.033 0.028 0.012 0.149 
 19 24.0619.E1    (0)    1 :  0.834 0.027 0.106 0.011 0.022 
 20 24.0620.E1   (20)    1 :  0.113 0.030 0.032 0.757 0.068 
 21 24.0621.E1    (0)    1 :  0.631 0.021 0.157 0.013 0.178 
 22 24.0622.E1    (0)    1 :  0.919 0.028 0.021 0.018 0.015 
 23 24.0623.E1    (0)    1 :  0.612 0.257 0.038 0.029 0.064 
 24 24.0624.E1    (0)    1 :  0.941 0.013 0.012 0.013 0.020 
 25 24.0625.E1    (0)    2 :  0.020 0.663 0.038 0.247 0.032 
 26 24.0626.E1    (0)    2 :  0.009 0.788 0.014 0.177 0.012 
 27 24.0627.E1    (0)    2 :  0.019 0.447 0.477 0.045 0.012 
 28 24.0628.E1    (0)    2 :  0.071 0.344 0.061 0.344 0.180 
 29 24.0629.E1    (0)    2 :  0.117 0.814 0.030 0.013 0.026 
 30 24.0630.E1    (0)    2 :  0.013 0.766 0.014 0.194 0.013 
 31 24.0631.E1    (0)    2 :  0.014 0.960 0.009 0.010 0.006 
 32 24.0632.E1    (0)    2 :  0.022 0.854 0.018 0.092 0.014 
 33 24.0633.E1    (0)    2 :  0.031 0.494 0.116 0.296 0.062 
 34 24.0634.E1    (0)    2 :  0.015 0.944 0.014 0.013 0.013 
 35 24.0635.E1    (0)    2 :  0.038 0.593 0.254 0.052 0.063 
 36 24.0636.E1   (33)    2 :  0.062 0.055 0.037 0.831 0.015 
 37 24.0637.E1    (0)    2 :  0.009 0.960 0.010 0.015 0.006 
 38 24.0638.E1    (0)    2 :  0.021 0.836 0.119 0.012 0.012 
 39 24.0639.E1    (0)    2 :  0.068 0.786 0.029 0.039 0.078 
 40 24.0640.E1    (0)    2 :  0.017 0.948 0.011 0.014 0.010 
 41 24.0641.E1    (0)    2 :  0.301 0.383 0.168 0.030 0.118 
 42 24.0642.E1    (0)    2 :  0.334 0.563 0.034 0.059 0.010 
 43 24.0643.E1    (0)    2 :  0.026 0.578 0.242 0.137 0.016 
 44 24.0644.E1    (0)    2 :  0.036 0.815 0.015 0.015 0.119 
 45 24.0645.E1    (0)    2 :  0.091 0.710 0.013 0.077 0.109 
 46 24.0646.E1    (0)    2 :  0.036 0.814 0.015 0.015 0.120 
 47 24.0647.E1    (0)    2 :  0.009 0.960 0.010 0.014 0.006 
 48 24.0648.E1    (0)    2 :  0.009 0.960 0.010 0.015 0.006 
 49 24.0649.E1    (0)    3 :  0.016 0.020 0.890 0.008 0.067 
 50 24.0650.E1    (0)    3 :  0.326 0.009 0.076 0.009 0.580 
 51 24.0651.E1    (0)    3 :  0.016 0.430 0.467 0.031 0.056 
 52 24.0652.E1    (0)    3 :  0.026 0.009 0.848 0.013 0.105 
 53 24.0653.E1    (0)    3 :  0.011 0.011 0.949 0.011 0.019 
 54 24.0654.E1    (0)    3 :  0.014 0.016 0.808 0.010 0.151 
 55 24.0655.E1    (0)    3 :  0.092 0.211 0.493 0.027 0.178 
 56 24.0656.E1    (0)    3 :  0.019 0.010 0.694 0.134 0.142 
 57 24.0657.E1    (0)    3 :  0.018 0.010 0.717 0.124 0.132 
 58 24.0658.E1    (0)    3 :  0.043 0.013 0.770 0.016 0.158 
 59 24.0659.E1    (0)    3 :  0.040 0.028 0.870 0.008 0.055 
 60 24.0660.E1    (6)    3 :  0.053 0.031 0.885 0.013 0.019 
 61 24.0661.E1    (0)    3 :  0.016 0.013 0.332 0.259 0.379 
 62 24.0662.E1    (0)    3 :  0.068 0.306 0.486 0.027 0.113 
 63 24.0663.E1    (0)    3 :  0.014 0.015 0.032 0.012 0.926 
 64 24.0664.E1    (0)    3 :  0.013 0.013 0.783 0.098 0.093 
 65 24.0665.E1    (0)    3 :  0.012 0.012 0.605 0.346 0.026 
 66 24.0666.E1    (0)    3 :  0.019 0.013 0.942 0.009 0.017 
 67 24.0667.E1    (0)    3 :  0.013 0.013 0.951 0.009 0.013 
 68 24.0668.E1    (0)    3 :  0.010 0.014 0.954 0.009 0.013 
 69 24.0669.E1    (0)    3 :  0.011 0.014 0.948 0.012 0.015 
 70 24.0670.E1    (0)    3 :  0.022 0.011 0.861 0.012 0.094 
 71 24.0671.E1    (0)    3 :  0.024 0.031 0.786 0.020 0.140 
 72 24.0672.E1    (0)    3 :  0.052 0.012 0.909 0.010 0.016 
 73 24.0673.E1    (6)    4 :  0.298 0.030 0.033 0.572 0.068 
 74 24.0674.E1    (0)    4 :  0.594 0.025 0.019 0.341 0.022 
 75 24.0675.E1    (0)    4 :  0.220 0.054 0.051 0.207 0.467 
 76 24.0676.E1    (0)    4 :  0.076 0.029 0.057 0.113 0.725 
 77 24.0677.E1    (0)    4 :  0.104 0.014 0.310 0.031 0.543 
 78 24.0678.E1    (0)    4 :  0.297 0.245 0.390 0.032 0.035 
 79 24.0679.E1    (0)    4 :  0.234 0.021 0.683 0.021 0.041 
 80 24.0680.E1    (0)    4 :  0.066 0.026 0.868 0.022 0.019 
 81 24.0681.E1    (0)    4 :  0.575 0.030 0.304 0.062 0.030 
 82 24.0682.E1    (0)    4 :  0.693 0.024 0.032 0.209 0.042 
 83 24.0683.E1    (0)    4 :  0.512 0.013 0.023 0.432 0.019 
 84 24.0684.E1    (0)    4 :  0.652 0.044 0.035 0.242 0.027 
 85 24.0685.E1    (0)    4 :  0.781 0.030 0.079 0.086 0.025 
 86 24.0686.E1    (0)    4 :  0.143 0.424 0.383 0.022 0.029 
 87 24.0687.E1    (0)    4 :  0.095 0.675 0.132 0.054 0.044 
 88 24.0688.E1    (0)    4 :  0.671 0.028 0.090 0.189 0.022 
 89 24.0689.E1    (0)    4 :  0.162 0.053 0.072 0.100 0.613 
 90 24.0690.E1    (0)    4 :  0.025 0.067 0.850 0.044 0.014 
 91 24.0691.E1    (0)    4 :  0.844 0.019 0.030 0.052 0.055 
 92 24.0692.E1    (0)    4 :  0.177 0.017 0.533 0.134 0.140 
 93 24.0693.E1    (0)    4 :  0.047 0.018 0.113 0.696 0.126 
 94 24.0694.E1    (0)    4 :  0.719 0.017 0.129 0.095 0.041 
 95 24.0695.E1    (0)    4 :  0.903 0.013 0.026 0.019 0.040 
 96 24.0696.E1    (0)    4 :  0.870 0.021 0.051 0.026 0.031 
 97 24.0697.E1    (0)    5 :  0.038 0.039 0.515 0.339 0.069 
 98 24.0698.E1    (0)    5 :  0.080 0.062 0.421 0.256 0.181 
 99 24.0699.E1    (0)    5 :  0.091 0.076 0.746 0.024 0.063 
100 24.0700.E1    (0)    5 :  0.016 0.016 0.934 0.017 0.017 
101 24.0701.E1    (0)    5 :  0.019 0.028 0.826 0.100 0.027 
102 24.0702.E1    (0)    5 :  0.024 0.030 0.863 0.067 0.016 
103 24.0703.E1    (0)    5 :  0.035 0.232 0.652 0.017 0.064 
104 24.0704.E1    (6)    5 :  0.100 0.172 0.449 0.035 0.244 
105 24.0705.E1    (0)    5 :  0.387 0.029 0.550 0.018 0.015 
106 24.0706.E1    (0)    5 :  0.019 0.016 0.919 0.024 0.022 
107 24.0707.E1    (0)    5 :  0.118 0.156 0.643 0.066 0.017 
108 24.0708.E1    (0)    5 :  0.131 0.484 0.035 0.057 0.294 
109 24.0709.E1    (0)    5 :  0.172 0.040 0.244 0.040 0.504 
110 24.0710.E1    (0)    5 :  0.351 0.036 0.379 0.114 0.120 
111 24.0711.E1    (0)    5 :  0.263 0.087 0.588 0.036 0.026 
112 24.0712.E1    (0)    5 :  0.044 0.074 0.827 0.042 0.012 
113 24.0713.E1    (0)    5 :  0.044 0.023 0.734 0.042 0.158 
114 24.0714.E1    (0)    5 :  0.131 0.067 0.737 0.019 0.046 
115 24.0715.E1    (0)    5 :  0.086 0.015 0.113 0.708 0.078 
116 24.0716.E1    (0)    5 :  0.109 0.098 0.709 0.026 0.058 
117 24.0717.E1    (0)    5 :  0.034 0.120 0.392 0.379 0.075 
118 24.0718.E1    (0)    5 :  0.066 0.048 0.846 0.027 0.013 
119 24.0719.E1    (0)    5 :  0.067 0.107 0.689 0.036 0.101 
120 24.0720.E1    (0)    5 :  0.140 0.035 0.697 0.025 0.102 
121 24.0721.E1    (0)    6 :  0.053 0.053 0.108 0.704 0.082 
122 24.0722.E1    (0)    6 :  0.095 0.240 0.061 0.580 0.025 
123 24.0723.E1    (0)    6 :  0.069 0.405 0.031 0.393 0.102 
124 24.0724.E1    (0)    6 :  0.582 0.052 0.034 0.224 0.107 
125 24.0725.E1    (0)    6 :  0.926 0.015 0.033 0.012 0.014 
126 24.0726.E1    (6)    6 :  0.843 0.017 0.027 0.098 0.015 
127 24.0727.E1    (0)    6 :  0.361 0.039 0.084 0.478 0.038 
128 24.0728.E1    (0)    6 :  0.445 0.135 0.084 0.281 0.055 
129 24.0729.E1    (0)    6 :  0.858 0.024 0.029 0.060 0.029 
130 24.0730.E1    (0)    6 :  0.431 0.026 0.319 0.127 0.097 
131 24.0731.E1    (0)    6 :  0.903 0.014 0.017 0.048 0.018 
132 24.0732.E1    (0)    6 :  0.129 0.016 0.034 0.812 0.009 
133 24.0733.E1    (0)    6 :  0.939 0.010 0.010 0.031 0.010 
134 24.0734.E1    (0)    6 :  0.058 0.044 0.047 0.835 0.016 
135 24.0735.E1    (0)    6 :  0.596 0.076 0.051 0.244 0.033 
136 24.0736.E1    (0)    6 :  0.866 0.017 0.015 0.089 0.014 
137 24.0737.E1    (0)    6 :  0.763 0.178 0.026 0.015 0.018 
138 24.0738.E1    (0)    6 :  0.883 0.018 0.025 0.060 0.015 
139 24.0739.E1    (0)    6 :  0.921 0.022 0.031 0.012 0.014 
140 24.0740.E1    (0)    6 :  0.905 0.019 0.026 0.021 0.030 
141 24.0741.E1    (0)    6 :  0.565 0.022 0.031 0.365 0.016 
142 24.0742.E1    (0)    6 :  0.449 0.022 0.019 0.495 0.015 
143 24.0743.E1    (0)    6 :  0.789 0.010 0.022 0.122 0.057 
144 24.0744.E1    (0)    6 :  0.374 0.021 0.285 0.257 0.063 
145 24.0745.E1    (0)    7 :  0.013 0.010 0.035 0.925 0.017 
146 24.0746.E1    (0)    7 :  0.093 0.207 0.033 0.641 0.026 
147 24.0747.E1    (0)    7 :  0.088 0.015 0.030 0.804 0.063 
148 24.0748.E1    (6)    7 :  0.109 0.016 0.032 0.763 0.080 
149 24.0749.E1    (0)    7 :  0.264 0.015 0.017 0.690 0.014 
150 24.0750.E1    (0)    7 :  0.548 0.031 0.105 0.272 0.044 
151 24.0751.E1    (0)    7 :  0.018 0.014 0.010 0.949 0.009 
152 24.0752.E1    (0)    7 :  0.065 0.013 0.013 0.891 0.019 
153 24.0753.E1    (0)    7 :  0.159 0.229 0.014 0.588 0.011 
154 24.0754.E1    (0)    7 :  0.043 0.021 0.014 0.911 0.010 
155 24.0755.E1    (0)    7 :  0.048 0.022 0.032 0.823 0.075 
156 24.0756.E1    (0)    7 :  0.041 0.014 0.011 0.909 0.025 
157 24.0757.E1    (0)    7 :  0.008 0.008 0.008 0.970 0.006 
158 24.0758.E1    (0)    7 :  0.009 0.008 0.008 0.969 0.006 
159 24.0759.E1    (0)    7 :  0.033 0.011 0.017 0.928 0.012 
160 24.0760.E1    (0)    7 :  0.027 0.252 0.044 0.666 0.011 
161 24.0761.E1    (0)    7 :  0.010 0.015 0.008 0.958 0.008 
162 24.0762.E1    (0)    7 :  0.219 0.016 0.644 0.087 0.034 
163 24.0763.E1    (0)    7 :  0.019 0.009 0.009 0.956 0.008 
164 24.0764.E1    (0)    7 :  0.023 0.014 0.011 0.943 0.009 
165 24.0765.E1    (0)    7 :  0.025 0.032 0.013 0.913 0.018 
166 24.0766.E1    (0)    7 :  0.015 0.010 0.010 0.957 0.009 
167 24.0767.E1    (0)    7 :  0.016 0.008 0.008 0.959 0.010 
168 24.0768.E1    (0)    7 :  0.754 0.013 0.033 0.130 0.070 
169 24.0779.E1    (0)    8 :  0.059 0.052 0.705 0.141 0.043 
170 24.0780.E1    (6)    8 :  0.019 0.014 0.633 0.011 0.324 
171 24.0781.E1    (0)    8 :  0.011 0.012 0.947 0.013 0.018 
172 24.0782.E1    (0)    8 :  0.705 0.136 0.057 0.063 0.039 
173 24.0783.E1    (0)    8 :  0.025 0.022 0.854 0.013 0.086 
174 24.0784.E1    (0)    8 :  0.036 0.033 0.789 0.011 0.131 
175 24.0785.E1    (0)    8 :  0.016 0.011 0.839 0.008 0.126 
176 24.0786.E1    (0)    8 :  0.140 0.022 0.510 0.041 0.287 
177 24.0787.E1    (0)    8 :  0.032 0.073 0.839 0.033 0.022 
178 24.0788.E1    (0)    8 :  0.017 0.033 0.735 0.021 0.195 
179 24.0789.E1    (0)    8 :  0.086 0.128 0.583 0.021 0.182 
180 24.0790.E1    (0)    8 :  0.009 0.017 0.934 0.008 0.031 
181 24.0791.E1    (0)    8 :  0.159 0.012 0.798 0.015 0.016 
182 24.0792.E1    (0)    8 :  0.046 0.009 0.813 0.097 0.036 
183 24.0793.E1    (0)    9 :  0.035 0.411 0.050 0.012 0.492 
184 24.0794.E1    (0)    9 :  0.537 0.024 0.192 0.019 0.229 
185 24.0795.E1    (0)    9 :  0.355 0.469 0.024 0.023 0.129 
186 24.0796.E1    (0)    9 :  0.044 0.015 0.181 0.010 0.750 
187 24.0797.E1    (0)    9 :  0.023 0.164 0.159 0.008 0.645 
188 24.0798.E1    (0)    9 :  0.025 0.246 0.521 0.073 0.136 
189 24.0799.E1    (0)    9 :  0.029 0.106 0.101 0.015 0.749 
190 24.0800.E1    (0)    9 :  0.030 0.013 0.030 0.019 0.908 
191 24.0801.E1    (0)    9 :  0.025 0.082 0.430 0.019 0.444 
192 24.0802.E1    (0)    9 :  0.029 0.599 0.044 0.010 0.317 
193 24.0803.E1    (0)    9 :  0.031 0.323 0.116 0.014 0.516 
194 24.0804.E1    (0)    9 :  0.015 0.300 0.013 0.008 0.664 
195 24.0805.E1    (0)    9 :  0.050 0.060 0.332 0.029 0.529 
196 24.0806.E1    (0)    9 :  0.026 0.724 0.019 0.017 0.214 
197 24.0807.E1    (0)    9 :  0.019 0.431 0.040 0.009 0.501 
198 24.0808.E1    (0)    9 :  0.065 0.039 0.212 0.020 0.665 
199 24.0809.E1    (0)    9 :  0.088 0.022 0.091 0.048 0.751 
200 24.0810.E1    (0)    9 :  0.052 0.121 0.076 0.026 0.724 
201 24.0811.E1    (0)    9 :  0.056 0.232 0.026 0.011 0.675 
202 24.0812.E1    (0)    9 :  0.054 0.025 0.076 0.013 0.832 
203 24.0813.E1    (0)    9 :  0.039 0.329 0.210 0.021 0.401 
204 24.0814.E1    (6)    9 :  0.013 0.078 0.020 0.010 0.880 
205 24.0815.E1    (0)    9 :  0.013 0.371 0.126 0.018 0.472 
206 24.0816.E1    (0)    9 :  0.014 0.472 0.098 0.010 0.406 
207 24.0817.E1    (0)   10 :  0.028 0.019 0.027 0.012 0.914 
208 24.0818.E1    (0)   10 :  0.049 0.021 0.072 0.019 0.838 
209 24.0819.E1    (0)   10 :  0.025 0.088 0.158 0.249 0.480 
210 24.0820.E1    (0)   10 :  0.010 0.013 0.017 0.448 0.512 
211 24.0821.E1    (0)   10 :  0.020 0.015 0.652 0.012 0.300 
212 24.0822.E1    (0)   10 :  0.013 0.008 0.029 0.038 0.911 
213 24.0823.E1    (0)   10 :  0.013 0.017 0.018 0.136 0.816 
214 24.0824.E1    (0)   10 :  0.047 0.023 0.332 0.031 0.568 
215 24.0825.E1    (0)   10 :  0.013 0.013 0.012 0.015 0.947 
216 24.0826.E1    (0)   10 :  0.010 0.012 0.042 0.305 0.631 
217 24.0827.E1    (0)   10 :  0.055 0.023 0.027 0.009 0.886 
218 24.0828.E1    (0)   10 :  0.014 0.014 0.030 0.151 0.791 
219 24.0829.E1    (0)   10 :  0.013 0.013 0.018 0.019 0.937 
220 24.0830.E1    (0)   10 :  0.019 0.014 0.254 0.009 0.704 
221 24.0831.E1    (0)   10 :  0.012 0.011 0.427 0.008 0.541 
222 24.0832.E1    (0)   10 :  0.016 0.007 0.011 0.008 0.958 
223 24.0833.E1    (0)   10 :  0.010 0.009 0.011 0.010 0.961 
224 24.0834.E1    (0)   10 :  0.017 0.012 0.018 0.014 0.939 
225 24.0835.E1    (0)   10 :  0.024 0.015 0.016 0.009 0.936 
226 24.0836.E1    (0)   10 :  0.029 0.014 0.026 0.022 0.909 
227 24.0837.E1    (0)   10 :  0.015 0.009 0.023 0.014 0.940 
228 24.0838.E1    (0)   10 :  0.013 0.010 0.023 0.025 0.930 
229 24.0839.E1    (0)   10 :  0.108 0.053 0.125 0.040 0.673 
230 24.0840.E1    (0)   10 :  0.019 0.105 0.018 0.008 0.850 
231 24.0841.E1    (0)   11 :  0.056 0.009 0.024 0.027 0.883 
232 24.0842.E1    (0)   11 :  0.035 0.009 0.133 0.016 0.808 
233 24.0843.E1    (0)   11 :  0.011 0.013 0.206 0.062 0.708 
234 24.0844.E1    (0)   11 :  0.041 0.013 0.401 0.015 0.530 
235 24.0845.E1    (0)   11 :  0.016 0.012 0.107 0.013 0.853 
236 24.0846.E1    (0)   11 :  0.022 0.016 0.026 0.013 0.922 
237 24.0847.E1    (0)   11 :  0.089 0.015 0.027 0.031 0.839 
238 24.0848.E1    (0)   11 :  0.033 0.010 0.060 0.009 0.889 
239 24.0849.E1    (0)   11 :  0.011 0.010 0.013 0.033 0.933 
240 24.0850.E1    (0)   11 :  0.011 0.010 0.013 0.033 0.933 
241 24.0851.E1    (0)   11 :  0.011 0.010 0.013 0.033 0.933 
242 24.0852.E1    (0)   11 :  0.013 0.010 0.077 0.078 0.822 
243 24.0853.E1    (0)   11 :  0.009 0.012 0.012 0.039 0.927 
244 24.0854.E1    (0)   11 :  0.023 0.014 0.812 0.017 0.134 
245 24.0855.E1    (0)   11 :  0.012 0.010 0.014 0.012 0.951 
246 24.0856.E1    (0)   11 :  0.089 0.496 0.191 0.084 0.141 
247 24.0857.E1    (0)   11 :  0.030 0.019 0.021 0.020 0.909 
248 24.0858.E1    (0)   11 :  0.019 0.011 0.040 0.021 0.909 
249 24.0859.E1    (0)   11 :  0.015 0.019 0.019 0.145 0.803 
250 24.0860.E1    (0)   11 :  0.030 0.167 0.111 0.066 0.626 
251 24.0861.E1    (0)   11 :  0.011 0.010 0.015 0.040 0.925 
252 24.0862.E1    (0)   11 :  0.034 0.418 0.033 0.015 0.501 
253 24.0863.E1    (0)   11 :  0.011 0.010 0.015 0.040 0.925 
254 24.0864.E1    (0)   11 :  0.599 0.015 0.105 0.013 0.268 
255 24.0865.E1    (0)   12 :  0.031 0.027 0.097 0.555 0.290 
256 24.0866.E1    (0)   12 :  0.080 0.018 0.132 0.112 0.658 
257 24.0867.E1    (0)   12 :  0.065 0.073 0.047 0.458 0.358 
258 24.0868.E1    (0)   12 :  0.059 0.052 0.632 0.056 0.200 
259 24.0869.E1    (0)   12 :  0.102 0.100 0.266 0.050 0.482 
260 24.0870.E1    (0)   12 :  0.201 0.216 0.420 0.053 0.110 
261 24.0871.E1    (0)   12 :  0.432 0.100 0.408 0.019 0.041 
262 24.0872.E1    (0)   12 :  0.036 0.022 0.450 0.411 0.081 
263 24.0873.E1    (0)   12 :  0.149 0.037 0.210 0.165 0.439 
264 24.0874.E1    (0)   12 :  0.027 0.019 0.047 0.422 0.486 
265 24.0875.E1    (0)   12 :  0.111 0.018 0.813 0.028 0.029 
266 24.0876.E1    (0)   12 :  0.489 0.019 0.444 0.031 0.017 
267 24.0877.E1    (0)   12 :  0.893 0.012 0.022 0.059 0.014 
268 24.0878.E1    (0)   12 :  0.863 0.014 0.041 0.019 0.064 
269 24.0879.E1    (0)   12 :  0.763 0.020 0.193 0.012 0.013 
270 24.0880.E1    (0)   12 :  0.091 0.026 0.297 0.028 0.558 
271 24.0881.E1    (0)   12 :  0.938 0.014 0.012 0.024 0.012 
272 24.0882.E1    (0)   12 :  0.255 0.013 0.018 0.696 0.018 
273 24.0883.E1    (0)   12 :  0.509 0.015 0.151 0.304 0.021 
274 24.0884.E1    (0)   12 :  0.897 0.014 0.021 0.054 0.014 
275 24.0885.E1    (0)   12 :  0.876 0.020 0.070 0.015 0.018 
276 24.0886.E1    (0)   12 :  0.695 0.009 0.049 0.226 0.020 
277 24.0887.E1    (0)   12 :  0.142 0.020 0.106 0.722 0.011 
278 24.0888.E1    (0)   12 :  0.023 0.021 0.922 0.013 0.021 


Estimated Allele Frequencies in each cluster
First column gives estimated ancestral frequencies


Locus 1 : 
31 alleles
0.0% missing data
 115   (0.027) 0.157 0.004 0.009 0.020 0.002 
 117   (0.040) 0.173 0.006 0.013 0.158 0.007 
 119   (0.047) 0.198 0.174 0.009 0.255 0.003 
 131   (0.016) 0.036 0.002 0.003 0.003 0.001 
 128   (0.036) 0.042 0.004 0.035 0.005 0.012 
 135   (0.016) 0.042 0.002 0.003 0.004 0.001 
 126   (0.074) 0.073 0.026 0.057 0.083 0.155 
 122   (0.030) 0.012 0.165 0.019 0.002 0.006 
 132   (0.030) 0.005 0.006 0.019 0.016 0.033 
 141   (0.011) 0.006 0.004 0.002 0.001 0.001 
 130   (0.052) 0.014 0.022 0.083 0.044 0.027 
 134   (0.035) 0.005 0.102 0.020 0.003 0.042 
 145   (0.026) 0.003 0.009 0.028 0.024 0.005 
 127   (0.028) 0.020 0.021 0.006 0.139 0.002 
 116   (0.111) 0.056 0.189 0.194 0.053 0.185 
 114   (0.044) 0.006 0.098 0.033 0.009 0.152 
 120   (0.036) 0.010 0.065 0.071 0.004 0.002 
 110   (0.052) 0.037 0.029 0.032 0.031 0.044 
 133   (0.017) 0.004 0.007 0.004 0.011 0.001 
 118   (0.097) 0.028 0.037 0.292 0.036 0.254 
 125   (0.016) 0.002 0.005 0.006 0.001 0.007 
 129   (0.022) 0.035 0.002 0.010 0.006 0.001 
 124   (0.016) 0.005 0.003 0.017 0.002 0.001 
 136   (0.023) 0.009 0.004 0.009 0.002 0.040 
 121   (0.017) 0.006 0.002 0.003 0.052 0.001 
 139   (0.011) 0.008 0.001 0.002 0.001 0.001 
 113   (0.013) 0.002 0.001 0.002 0.011 0.001 
 111   (0.012) 0.002 0.001 0.002 0.011 0.001 
 143   (0.013) 0.001 0.001 0.002 0.011 0.001 
 140   (0.016) 0.002 0.006 0.011 0.001 0.003 
 112   (0.013) 0.001 0.001 0.002 0.001 0.006 

Locus 2 : 
18 alleles
0.0% missing data
 152   (0.364) 0.585 0.455 0.315 0.747 0.336 
 148   (0.062) 0.179 0.159 0.025 0.042 0.005 
 154   (0.114) 0.069 0.222 0.090 0.055 0.140 
 156   (0.019) 0.009 0.007 0.007 0.001 0.002 
 150   (0.027) 0.005 0.044 0.006 0.038 0.002 
 164   (0.078) 0.075 0.025 0.071 0.019 0.082 
 158   (0.044) 0.018 0.027 0.036 0.015 0.007 
 160   (0.018) 0.002 0.002 0.008 0.023 0.001 
 166   (0.022) 0.005 0.017 0.015 0.002 0.004 
 151   (0.064) 0.008 0.007 0.216 0.005 0.270 
 147   (0.058) 0.007 0.012 0.129 0.009 0.136 
 168   (0.023) 0.004 0.004 0.023 0.003 0.004 
 153   (0.017) 0.002 0.003 0.012 0.003 0.002 
 149   (0.026) 0.007 0.002 0.019 0.011 0.002 
 162   (0.022) 0.005 0.011 0.009 0.003 0.006 
 167   (0.015) 0.016 0.001 0.003 0.001 0.001 
 146   (0.015) 0.001 0.001 0.002 0.023 0.001 
 172   (0.015) 0.002 0.001 0.015 0.001 0.001 

Locus 3 : 
4 alleles
0.0% missing data
 128   (0.285) 0.250 0.277 0.241 0.380 0.385 
 126   (0.614) 0.687 0.661 0.678 0.610 0.542 
 132   (0.083) 0.061 0.054 0.070 0.008 0.072 
 134   (0.018) 0.002 0.008 0.011 0.002 0.001 

Locus 4 : 
3 alleles
0.0% missing data
 170   (0.321) 0.273 0.396 0.311 0.262 0.320 
 172   (0.665) 0.724 0.598 0.686 0.734 0.678 
 171   (0.014) 0.002 0.006 0.003 0.004 0.002 

Locus 5 : 
37 alleles
0.0% missing data
 125   (0.054) 0.042 0.077 0.048 0.048 0.071 
 110   (0.036) 0.034 0.023 0.019 0.011 0.059 
 129   (0.037) 0.046 0.007 0.058 0.003 0.032 
 113   (0.035) 0.011 0.016 0.071 0.003 0.044 
 145   (0.049) 0.198 0.006 0.062 0.103 0.010 
 155   (0.046) 0.120 0.177 0.022 0.011 0.037 
 117   (0.032) 0.054 0.013 0.022 0.041 0.005 
 124   (0.012) 0.016 0.001 0.002 0.001 0.001 
 133   (0.032) 0.032 0.004 0.044 0.072 0.003 
 157   (0.047) 0.011 0.022 0.126 0.034 0.041 
 141   (0.017) 0.006 0.002 0.021 0.001 0.003 
 112   (0.063) 0.080 0.158 0.032 0.136 0.135 
 121   (0.021) 0.004 0.019 0.012 0.003 0.026 
 114   (0.037) 0.065 0.012 0.009 0.158 0.053 
 153   (0.049) 0.055 0.019 0.091 0.004 0.114 
 127   (0.066) 0.067 0.034 0.081 0.112 0.126 
 131   (0.058) 0.049 0.173 0.039 0.164 0.055 
 135   (0.029) 0.010 0.005 0.036 0.003 0.055 
 104   (0.011) 0.002 0.006 0.002 0.003 0.002 
 118   (0.019) 0.016 0.011 0.010 0.002 0.001 
 116   (0.027) 0.016 0.053 0.019 0.004 0.007 
 137   (0.020) 0.005 0.123 0.010 0.005 0.002 
 123   (0.020) 0.008 0.005 0.008 0.002 0.055 
 149   (0.011) 0.004 0.001 0.002 0.001 0.004 
 138   (0.013) 0.001 0.001 0.033 0.001 0.001 
 143   (0.027) 0.003 0.003 0.022 0.057 0.028 
 163   (0.010) 0.002 0.009 0.003 0.001 0.001 
 109   (0.012) 0.012 0.001 0.003 0.003 0.001 
 139   (0.011) 0.001 0.001 0.007 0.001 0.001 
 106   (0.011) 0.002 0.002 0.006 0.001 0.001 
 144   (0.016) 0.003 0.003 0.017 0.001 0.009 
 122   (0.012) 0.013 0.001 0.002 0.004 0.001 
 100   (0.018) 0.003 0.006 0.021 0.001 0.011 
 111   (0.013) 0.001 0.001 0.020 0.001 0.001 
 233   (0.011) 0.001 0.001 0.007 0.001 0.002 
 134   (0.011) 0.001 0.001 0.005 0.001 0.003 
 140   (0.010) 0.001 0.001 0.006 0.001 0.001 

Locus 6 : 
17 alleles
0.0% missing data
 221   (0.029) 0.091 0.003 0.005 0.063 0.002 
 232   (0.236) 0.178 0.193 0.316 0.474 0.376 
 229   (0.056) 0.087 0.042 0.015 0.045 0.046 
 223   (0.058) 0.095 0.011 0.047 0.010 0.048 
 230   (0.157) 0.129 0.151 0.189 0.264 0.134 
 235   (0.017) 0.045 0.003 0.003 0.001 0.001 
 236   (0.041) 0.061 0.030 0.030 0.007 0.003 
 227   (0.020) 0.048 0.002 0.006 0.003 0.001 
 220   (0.046) 0.009 0.148 0.029 0.004 0.093 
 222   (0.042) 0.005 0.239 0.034 0.003 0.038 
 234   (0.134) 0.141 0.135 0.133 0.090 0.138 
 224   (0.033) 0.004 0.006 0.045 0.002 0.037 
 228   (0.057) 0.019 0.011 0.131 0.006 0.049 
 225   (0.013) 0.004 0.007 0.002 0.001 0.001 
 226   (0.020) 0.004 0.015 0.004 0.001 0.031 
 233   (0.024) 0.049 0.002 0.007 0.024 0.002 
 231   (0.016) 0.030 0.001 0.003 0.001 0.001 

Locus 7 : 
10 alleles
0.0% missing data
 121   (0.678) 0.851 0.808 0.785 0.744 0.755 
 129   (0.083) 0.075 0.013 0.051 0.099 0.116 
 130   (0.017) 0.003 0.008 0.005 0.003 0.006 
 123   (0.099) 0.026 0.111 0.102 0.089 0.104 
 128   (0.023) 0.004 0.023 0.007 0.019 0.001 
 131   (0.016) 0.002 0.022 0.004 0.002 0.001 
 117   (0.014) 0.001 0.001 0.008 0.001 0.001 
 125   (0.016) 0.002 0.001 0.015 0.001 0.001 
 134   (0.040) 0.034 0.011 0.021 0.023 0.013 
 132   (0.014) 0.002 0.001 0.003 0.019 0.001 

Locus 8 : 
19 alleles
0.0% missing data
 184   (0.283) 0.492 0.446 0.384 0.387 0.342 
 194   (0.049) 0.040 0.032 0.044 0.028 0.008 
 178   (0.091) 0.166 0.157 0.044 0.066 0.173 
 176   (0.076) 0.056 0.013 0.093 0.193 0.053 
 182   (0.077) 0.044 0.039 0.070 0.168 0.088 
 190   (0.032) 0.006 0.050 0.007 0.035 0.020 
 196   (0.025) 0.008 0.003 0.016 0.002 0.030 
 200   (0.031) 0.013 0.015 0.029 0.010 0.003 
 180   (0.030) 0.007 0.057 0.025 0.002 0.003 
 188   (0.041) 0.025 0.008 0.029 0.010 0.046 
 174   (0.043) 0.033 0.018 0.043 0.034 0.003 
 186   (0.118) 0.091 0.130 0.164 0.055 0.178 
 192   (0.027) 0.007 0.011 0.010 0.003 0.039 
 201   (0.012) 0.001 0.008 0.004 0.002 0.001 
 199   (0.018) 0.002 0.007 0.017 0.001 0.003 
 185   (0.011) 0.001 0.001 0.007 0.001 0.001 
 203   (0.012) 0.003 0.002 0.004 0.001 0.003 
 198   (0.012) 0.002 0.002 0.004 0.001 0.004 
 209   (0.012) 0.002 0.001 0.006 0.001 0.003 

Locus 9 : 
6 alleles
0.4% missing data
 154   (0.689) 0.694 0.777 0.758 0.672 0.801 
 156   (0.213) 0.201 0.207 0.201 0.313 0.109 
 152   (0.043) 0.058 0.005 0.012 0.008 0.085 
 153   (0.016) 0.003 0.007 0.010 0.001 0.002 
 160   (0.017) 0.002 0.002 0.014 0.001 0.001 
 164   (0.022) 0.042 0.002 0.005 0.004 0.001 

Locus 10 : 
29 alleles
0.7% missing data
 305   (0.049) 0.052 0.302 0.038 0.006 0.007 
 313   (0.049) 0.097 0.013 0.044 0.005 0.016 
 311   (0.017) 0.011 0.001 0.007 0.001 0.001 
 299   (0.102) 0.198 0.040 0.089 0.033 0.200 
 315   (0.078) 0.068 0.053 0.098 0.073 0.013 
 287   (0.058) 0.023 0.011 0.195 0.010 0.016 
 291   (0.086) 0.147 0.032 0.056 0.039 0.367 
 295   (0.023) 0.128 0.003 0.008 0.002 0.002 
 289   (0.021) 0.004 0.018 0.013 0.002 0.039 
 303   (0.044) 0.008 0.015 0.024 0.545 0.096 
 297   (0.039) 0.054 0.006 0.009 0.079 0.063 
 293   (0.025) 0.039 0.004 0.028 0.002 0.002 
 301   (0.056) 0.063 0.093 0.060 0.009 0.008 
 285   (0.018) 0.002 0.300 0.005 0.001 0.004 
 307   (0.050) 0.028 0.017 0.022 0.172 0.053 
 312   (0.055) 0.012 0.041 0.097 0.005 0.049 
 306   (0.028) 0.011 0.004 0.045 0.002 0.005 
 320   (0.015) 0.002 0.001 0.015 0.001 0.001 
 317   (0.026) 0.012 0.002 0.036 0.002 0.006 
 314   (0.023) 0.022 0.002 0.019 0.001 0.001 
 323   (0.012) 0.002 0.001 0.008 0.001 0.001 
 325   (0.013) 0.002 0.001 0.008 0.001 0.001 
 310   (0.019) 0.003 0.002 0.022 0.001 0.008 
 309   (0.015) 0.002 0.003 0.012 0.001 0.002 
 316   (0.019) 0.002 0.002 0.019 0.001 0.004 
 296   (0.013) 0.002 0.001 0.008 0.001 0.001 
 304   (0.016) 0.002 0.026 0.004 0.001 0.013 
 321   (0.015) 0.002 0.005 0.006 0.001 0.009 
 332   (0.014) 0.002 0.002 0.005 0.001 0.010 

Locus 11 : 
19 alleles
0.0% missing data
 114   (0.144) 0.246 0.258 0.126 0.207 0.014 
 126   (0.022) 0.039 0.012 0.004 0.004 0.001 
 111   (0.075) 0.141 0.066 0.026 0.006 0.568 
 116   (0.104) 0.138 0.061 0.070 0.218 0.023 
 132   (0.014) 0.008 0.001 0.003 0.001 0.001 
 109   (0.016) 0.031 0.002 0.003 0.001 0.001 
 128   (0.018) 0.009 0.002 0.008 0.001 0.003 
 112   (0.326) 0.304 0.523 0.544 0.507 0.050 
 122   (0.018) 0.003 0.006 0.006 0.010 0.002 
 124   (0.015) 0.002 0.013 0.003 0.002 0.001 
 118   (0.057) 0.028 0.021 0.039 0.028 0.033 
 127   (0.014) 0.002 0.001 0.008 0.001 0.001 
 113   (0.049) 0.007 0.013 0.063 0.004 0.245 
 115   (0.036) 0.024 0.005 0.048 0.003 0.004 
 120   (0.022) 0.004 0.003 0.008 0.001 0.033 
 117   (0.022) 0.003 0.005 0.011 0.003 0.010 
 125   (0.018) 0.002 0.002 0.021 0.001 0.001 
 119   (0.016) 0.002 0.005 0.005 0.001 0.010 
 136   (0.014) 0.007 0.001 0.004 0.001 0.001 

Locus 12 : 
28 alleles
0.7% missing data
 306   (0.044) 0.051 0.326 0.022 0.005 0.011 
 314   (0.055) 0.087 0.008 0.039 0.006 0.058 
 312   (0.014) 0.016 0.001 0.002 0.001 0.001 
 300   (0.111) 0.209 0.041 0.090 0.034 0.199 
 316   (0.047) 0.057 0.042 0.011 0.067 0.011 
 288   (0.059) 0.023 0.011 0.188 0.010 0.017 
 292   (0.096) 0.149 0.032 0.058 0.041 0.373 
 296   (0.031) 0.130 0.004 0.015 0.002 0.003 
 290   (0.022) 0.005 0.018 0.013 0.002 0.039 
 304   (0.048) 0.008 0.015 0.024 0.550 0.096 
 298   (0.041) 0.055 0.006 0.009 0.080 0.062 
 294   (0.028) 0.040 0.004 0.028 0.002 0.002 
 302   (0.060) 0.064 0.092 0.060 0.010 0.008 
 286   (0.018) 0.002 0.310 0.005 0.001 0.004 
 308   (0.029) 0.011 0.015 0.013 0.162 0.002 
 313   (0.044) 0.012 0.043 0.106 0.004 0.005 
 307   (0.050) 0.027 0.005 0.050 0.008 0.065 
 321   (0.014) 0.002 0.001 0.015 0.001 0.001 
 315   (0.042) 0.031 0.006 0.109 0.004 0.003 
 318   (0.023) 0.005 0.002 0.032 0.002 0.009 
 324   (0.012) 0.002 0.001 0.008 0.001 0.001 
 326   (0.013) 0.002 0.001 0.008 0.001 0.001 
 311   (0.024) 0.004 0.002 0.038 0.002 0.011 
 310   (0.015) 0.002 0.003 0.012 0.001 0.002 
 305   (0.018) 0.002 0.003 0.019 0.001 0.002 
 317   (0.015) 0.002 0.001 0.015 0.001 0.001 
 320   (0.012) 0.002 0.002 0.005 0.001 0.004 
 322   (0.016) 0.002 0.005 0.006 0.001 0.009 

Locus 13 : 
7 alleles
1.1% missing data
 161   (0.574) 0.692 0.188 0.533 0.896 0.456 
 163   (0.312) 0.235 0.121 0.445 0.039 0.473 
 160   (0.021) 0.003 0.338 0.004 0.002 0.001 
 162   (0.019) 0.002 0.342 0.003 0.001 0.001 
 165   (0.042) 0.061 0.007 0.008 0.005 0.066 
 166   (0.015) 0.006 0.002 0.003 0.003 0.001 
 164   (0.017) 0.002 0.002 0.003 0.055 0.001 

Locus 14 : 
4 alleles
0.4% missing data
  98   (0.952) 0.987 0.996 0.981 0.986 0.997 
 100   (0.015) 0.002 0.001 0.007 0.003 0.001 
  96   (0.019) 0.009 0.002 0.004 0.010 0.001 
 105   (0.015) 0.002 0.001 0.008 0.001 0.001 

Locus 15 : 
12 alleles
2.2% missing data
 171   (0.299) 0.354 0.197 0.378 0.180 0.344 
 177   (0.184) 0.218 0.284 0.194 0.092 0.108 
 173   (0.256) 0.301 0.221 0.272 0.107 0.492 
 179   (0.096) 0.055 0.259 0.066 0.492 0.021 
 183   (0.022) 0.017 0.005 0.008 0.011 0.003 
 181   (0.042) 0.007 0.006 0.033 0.091 0.020 
 197   (0.022) 0.021 0.003 0.007 0.017 0.003 
 170   (0.015) 0.002 0.002 0.015 0.001 0.001 
 189   (0.016) 0.003 0.019 0.005 0.001 0.001 
 203   (0.017) 0.018 0.002 0.005 0.004 0.001 
 187   (0.018) 0.003 0.002 0.013 0.001 0.002 
 198   (0.014) 0.002 0.002 0.005 0.001 0.004 

Values of parameters used in structure:
DATAFILE=STRUCTURE_main_final_278_HEG_ZG.str,	OUTFILE=STRUCTURE_main_final_278_HEG_ZG-K5-16,	NUMINDS=278,	NUMLOCI=15,	MISSING=-9,	LABEL=1,	POPDATA=1,	POPFLAG=0,	PHENOTYPE=0,	EXTRACOLS=0,	MAXPOPS=5,	BURNIN=100000,	NUMREPS=500000,	USEPOPINFO=0,	INFERALPHA=1,	INFERLAMBDA=0,	POPSPECIFICLAMBDA=0,	POPALPHAS=0,	COMPUTEPROB=1,	NOADMIX=0,	ADMBURNIN=2500,	UPDATEFREQ=1,	PRINTLIKES=0,	INTERMEDSAVE=0,	PRINTKLD=0,	PRINTNET=0,	PRINTLAMBDA=0,	ANCESTDIST=0,	NUMBOXES=1000,	ANCESTPINT=0.90000,	GENSBACK=2,	MIGRPRIOR=0.05000,	PRINTQHAT=0,	PRINTQSUM=0,	ALPHA=1.0000,	FREQSCORR=1,	FPRIORMEAN=0.0100,	FPRIORSD=0.0500,	ONEFST=0,	LAMBDA=1.0000,	UNIFPRIORALPHA=1,	ALPHAMAX=10.0000,	ALPHAPRIORA=1.0000,	ALPHAPRIORB=2.0000,	ALPHAPROPSD=0.0250,	STARTATPOPINFO=0,	RANDOMIZE=1,	LINKAGE=0,	METROFREQ=10,	REPORTHITRATE=0,	MARKOVPHASE=-1,	PHASED=0,	PLOIDY=2,	PHASEINFO=0	LOCPRIOR=0, 	LOCPRIORINIT=1.000000, 	LOCDATA=0, 	LOCISPOP=0, 	LOCPRIORSTEP=0.100000, 	MAXLOCPRIOR=20.000000, 	SEED=1782480898,	
[STRAT parameters]:    NUMSIMSTATS=1000,	PHENOTYPECOL=-9,	POOLFREQ=10,	LOCUSxONLY=0,	EMERROR=0.00100,	MISSINGPHENO=-9,	