

----------------------------------------------------
STRUCTURE by Pritchard, Stephens and Donnelly (2000)
     and Falush, Stephens and Pritchard (2003)
       Code by Pritchard, Falush and Hubisz
             Version 2.3.4 (Jul 2012)
----------------------------------------------------



Command line arguments:   structure -K 8 -i STRUCTURE_main_final_278_HEG_ZG.str -o STRUCTURE_main_final_278_HEG_ZG-K8-5 
Input File:    STRUCTURE_main_final_278_HEG_ZG.str

Run parameters:
   278 individuals
   15 loci
   8 populations assumed
   100000 Burn-in period
   500000 Reps


--------------------------------------------
Proportion of membership of each pre-defined
 population in each of the 8 clusters

Given    Inferred Clusters                                          Number of
 Pop       1      2      3      4      5      6      7      8      Individuals

  1:     0.029  0.098  0.063  0.068  0.637  0.072  0.013  0.020       24
  2:     0.046  0.028  0.054  0.071  0.027  0.057  0.693  0.025       24
  3:     0.260  0.069  0.032  0.012  0.033  0.237  0.023  0.332       24
  4:     0.039  0.052  0.536  0.046  0.068  0.048  0.025  0.186       24
  5:     0.019  0.040  0.194  0.055  0.030  0.111  0.037  0.514       24
  6:     0.036  0.025  0.145  0.230  0.420  0.027  0.041  0.076       24
  7:     0.010  0.022  0.076  0.746  0.068  0.027  0.025  0.026       24
  8:     0.048  0.090  0.076  0.014  0.032  0.054  0.016  0.671       14
  9:     0.125  0.243  0.048  0.009  0.071  0.283  0.164  0.058       24
 10:     0.172  0.658  0.015  0.022  0.016  0.078  0.009  0.030       24
 11:     0.391  0.325  0.040  0.014  0.035  0.136  0.023  0.035       24
 12:     0.072  0.058  0.294  0.114  0.251  0.088  0.019  0.105       24
--------------------------------------------

Allele-freq. divergence among pops (Net nucleotide distance),
computed using point estimates of P.

      1       2       3       4       5       6       7       8      
 1      -    0.0642  0.0908  0.0929  0.0793  0.0787  0.1288  0.0653  
 2   0.0642     -    0.0623  0.1292  0.0593  0.0666  0.1116  0.0528  
 3   0.0908  0.0623     -    0.0654  0.0353  0.0514  0.0825  0.0360  
 4   0.0929  0.1292  0.0654     -    0.0663  0.0889  0.1078  0.0756  
 5   0.0793  0.0593  0.0353  0.0663     -    0.0493  0.0703  0.0325  
 6   0.0787  0.0666  0.0514  0.0889  0.0493     -    0.0942  0.0451  
 7   0.1288  0.1116  0.0825  0.1078  0.0703  0.0942     -    0.0668  
 8   0.0653  0.0528  0.0360  0.0756  0.0325  0.0451  0.0668     -    

Average distances (expected heterozygosity) between individuals in same cluster:
cluster  1  : 0.5670 
cluster  2  : 0.6091 
cluster  3  : 0.6014 
cluster  4  : 0.5508 
cluster  5  : 0.6196 
cluster  6  : 0.6262 
cluster  7  : 0.6031 
cluster  8  : 0.6321 

--------------------------------------------
Estimated Ln Prob of Data   = -12490.6
Mean value of ln likelihood = -11868.3
Variance of ln likelihood   = 1244.7
Mean value of alpha         = 0.0610

Mean value of Fst_1         = 0.2038
Mean value of Fst_2         = 0.1384
Mean value of Fst_3         = 0.1008
Mean value of Fst_4         = 0.1998
Mean value of Fst_5         = 0.0879
Mean value of Fst_6         = 0.1096
Mean value of Fst_7         = 0.2021
Mean value of Fst_8         = 0.0582


Inferred ancestry of individuals:
        Label (%Miss) Pop:  Inferred clusters
  1 24.0601.E1    (0)    1 :  0.012 0.008 0.012 0.015 0.925 0.012 0.010 0.008 
  2 24.0602.E1    (0)    1 :  0.012 0.016 0.008 0.011 0.916 0.019 0.005 0.013 
  3 24.0603.E1    (0)    1 :  0.012 0.008 0.032 0.030 0.843 0.009 0.006 0.059 
  4 24.0604.E1    (0)    1 :  0.006 0.051 0.231 0.007 0.466 0.223 0.010 0.006 
  5 24.0605.E1    (0)    1 :  0.014 0.011 0.040 0.044 0.854 0.014 0.009 0.015 
  6 24.0606.E1    (0)    1 :  0.009 0.029 0.171 0.024 0.728 0.009 0.013 0.016 
  7 24.0607.E1    (0)    1 :  0.016 0.016 0.018 0.229 0.187 0.449 0.010 0.075 
  8 24.0608.E1    (0)    1 :  0.123 0.035 0.010 0.105 0.703 0.010 0.004 0.011 
  9 24.0609.E1    (0)    1 :  0.016 0.474 0.297 0.007 0.154 0.018 0.005 0.027 
 10 24.0610.E1    (0)    1 :  0.008 0.432 0.140 0.011 0.376 0.007 0.006 0.021 
 11 24.0611.E1    (0)    1 :  0.007 0.056 0.051 0.007 0.853 0.008 0.007 0.011 
 12 24.0612.E1    (0)    1 :  0.005 0.008 0.008 0.017 0.924 0.015 0.009 0.014 
 13 24.0613.E1    (0)    1 :  0.006 0.041 0.106 0.006 0.817 0.007 0.008 0.009 
 14 24.0614.E1    (0)    1 :  0.298 0.053 0.019 0.300 0.291 0.016 0.011 0.011 
 15 24.0615.E1    (0)    1 :  0.020 0.153 0.014 0.048 0.694 0.043 0.014 0.014 
 16 24.0616.E1    (0)    1 :  0.007 0.013 0.012 0.006 0.926 0.013 0.014 0.009 
 17 24.0617.E1    (0)    1 :  0.010 0.631 0.021 0.025 0.260 0.010 0.026 0.015 
 18 24.0618.E1    (0)    1 :  0.028 0.122 0.064 0.006 0.702 0.009 0.016 0.053 
 19 24.0619.E1    (0)    1 :  0.005 0.016 0.051 0.006 0.571 0.325 0.016 0.009 
 20 24.0620.E1   (20)    1 :  0.012 0.050 0.120 0.687 0.060 0.028 0.015 0.028 
 21 24.0621.E1    (0)    1 :  0.043 0.081 0.042 0.007 0.378 0.431 0.006 0.013 
 22 24.0622.E1    (0)    1 :  0.007 0.011 0.021 0.012 0.906 0.006 0.019 0.018 
 23 24.0623.E1    (0)    1 :  0.014 0.031 0.019 0.021 0.807 0.031 0.055 0.022 
 24 24.0624.E1    (0)    1 :  0.006 0.015 0.008 0.008 0.941 0.006 0.007 0.009 
 25 24.0625.E1    (0)    2 :  0.208 0.012 0.043 0.075 0.021 0.019 0.596 0.026 
 26 24.0626.E1    (0)    2 :  0.139 0.004 0.005 0.053 0.006 0.005 0.783 0.005 
 27 24.0627.E1    (0)    2 :  0.009 0.006 0.043 0.032 0.010 0.452 0.439 0.009 
 28 24.0628.E1    (0)    2 :  0.099 0.134 0.162 0.217 0.035 0.010 0.325 0.019 
 29 24.0629.E1    (0)    2 :  0.010 0.015 0.013 0.008 0.099 0.012 0.797 0.046 
 30 24.0630.E1    (0)    2 :  0.045 0.007 0.013 0.161 0.007 0.009 0.752 0.007 
 31 24.0631.E1    (0)    2 :  0.004 0.004 0.005 0.006 0.008 0.005 0.963 0.006 
 32 24.0632.E1    (0)    2 :  0.006 0.008 0.010 0.059 0.009 0.012 0.880 0.015 
 33 24.0633.E1    (0)    2 :  0.424 0.010 0.033 0.048 0.019 0.008 0.425 0.032 
 34 24.0634.E1    (0)    2 :  0.017 0.011 0.012 0.008 0.012 0.009 0.918 0.012 
 35 24.0635.E1    (0)    2 :  0.042 0.057 0.032 0.040 0.043 0.031 0.583 0.170 
 36 24.0636.E1   (33)    2 :  0.010 0.013 0.115 0.728 0.036 0.019 0.050 0.029 
 37 24.0637.E1    (0)    2 :  0.004 0.004 0.006 0.009 0.006 0.005 0.959 0.007 
 38 24.0638.E1    (0)    2 :  0.009 0.008 0.051 0.006 0.014 0.017 0.825 0.069 
 39 24.0639.E1    (0)    2 :  0.013 0.079 0.010 0.023 0.075 0.033 0.740 0.028 
 40 24.0640.E1    (0)    2 :  0.006 0.008 0.008 0.010 0.012 0.006 0.941 0.009 
 41 24.0641.E1    (0)    2 :  0.012 0.014 0.025 0.023 0.117 0.380 0.395 0.034 
 42 24.0642.E1    (0)    2 :  0.006 0.005 0.315 0.046 0.067 0.009 0.544 0.009 
 43 24.0643.E1    (0)    2 :  0.008 0.013 0.012 0.093 0.011 0.284 0.554 0.024 
 44 24.0644.E1    (0)    2 :  0.007 0.107 0.047 0.007 0.012 0.010 0.802 0.008 
 45 24.0645.E1    (0)    2 :  0.005 0.046 0.269 0.018 0.010 0.008 0.637 0.007 
 46 24.0646.E1    (0)    2 :  0.007 0.106 0.047 0.008 0.012 0.010 0.803 0.008 
 47 24.0647.E1    (0)    2 :  0.004 0.004 0.006 0.009 0.006 0.005 0.960 0.007 
 48 24.0648.E1    (0)    2 :  0.004 0.004 0.006 0.009 0.006 0.005 0.960 0.007 
 49 24.0649.E1    (0)    3 :  0.018 0.018 0.010 0.004 0.007 0.011 0.009 0.923 
 50 24.0650.E1    (0)    3 :  0.392 0.186 0.355 0.005 0.026 0.010 0.005 0.021 
 51 24.0651.E1    (0)    3 :  0.069 0.016 0.023 0.019 0.011 0.036 0.299 0.528 
 52 24.0652.E1    (0)    3 :  0.849 0.007 0.009 0.006 0.039 0.024 0.006 0.060 
 53 24.0653.E1    (0)    3 :  0.015 0.020 0.011 0.007 0.007 0.887 0.007 0.046 
 54 24.0654.E1    (0)    3 :  0.552 0.040 0.012 0.005 0.009 0.012 0.012 0.358 
 55 24.0655.E1    (0)    3 :  0.197 0.028 0.015 0.009 0.076 0.010 0.024 0.640 
 56 24.0656.E1    (0)    3 :  0.883 0.014 0.027 0.018 0.011 0.014 0.009 0.024 
 57 24.0657.E1    (0)    3 :  0.874 0.015 0.029 0.017 0.012 0.015 0.008 0.030 
 58 24.0658.E1    (0)    3 :  0.008 0.246 0.036 0.009 0.020 0.035 0.009 0.636 
 59 24.0659.E1    (0)    3 :  0.257 0.122 0.021 0.005 0.088 0.297 0.023 0.185 
 60 24.0660.E1    (6)    3 :  0.012 0.009 0.017 0.007 0.027 0.014 0.016 0.898 
 61 24.0661.E1    (0)    3 :  0.932 0.009 0.007 0.009 0.009 0.010 0.006 0.017 
 62 24.0662.E1    (0)    3 :  0.192 0.069 0.015 0.015 0.281 0.067 0.044 0.317 
 63 24.0663.E1    (0)    3 :  0.148 0.692 0.059 0.006 0.007 0.010 0.012 0.065 
 64 24.0664.E1    (0)    3 :  0.290 0.020 0.013 0.034 0.008 0.017 0.008 0.610 
 65 24.0665.E1    (0)    3 :  0.381 0.008 0.029 0.074 0.008 0.034 0.008 0.458 
 66 24.0666.E1    (0)    3 :  0.013 0.013 0.014 0.006 0.011 0.920 0.009 0.014 
 67 24.0667.E1    (0)    3 :  0.012 0.008 0.009 0.006 0.015 0.906 0.005 0.039 
 68 24.0668.E1    (0)    3 :  0.006 0.007 0.005 0.004 0.005 0.961 0.006 0.008 
 69 24.0669.E1    (0)    3 :  0.005 0.006 0.006 0.005 0.005 0.961 0.005 0.008 
 70 24.0670.E1    (0)    3 :  0.027 0.047 0.005 0.006 0.013 0.013 0.005 0.884 
 71 24.0671.E1    (0)    3 :  0.099 0.046 0.015 0.009 0.010 0.011 0.013 0.797 
 72 24.0672.E1    (0)    3 :  0.014 0.013 0.033 0.007 0.094 0.423 0.008 0.408 
 73 24.0673.E1    (6)    4 :  0.489 0.013 0.213 0.109 0.117 0.010 0.027 0.023 
 74 24.0674.E1    (0)    4 :  0.008 0.018 0.878 0.052 0.020 0.006 0.010 0.009 
 75 24.0675.E1    (0)    4 :  0.072 0.073 0.731 0.031 0.027 0.011 0.027 0.029 
 76 24.0676.E1    (0)    4 :  0.021 0.191 0.697 0.022 0.013 0.008 0.009 0.038 
 77 24.0677.E1    (0)    4 :  0.045 0.033 0.030 0.013 0.035 0.031 0.005 0.809 
 78 24.0678.E1    (0)    4 :  0.025 0.009 0.027 0.013 0.498 0.134 0.041 0.253 
 79 24.0679.E1    (0)    4 :  0.017 0.269 0.308 0.010 0.135 0.039 0.015 0.207 
 80 24.0680.E1    (0)    4 :  0.025 0.011 0.096 0.013 0.077 0.209 0.019 0.550 
 81 24.0681.E1    (0)    4 :  0.014 0.011 0.620 0.021 0.061 0.016 0.011 0.246 
 82 24.0682.E1    (0)    4 :  0.003 0.008 0.961 0.006 0.005 0.006 0.005 0.005 
 83 24.0683.E1    (0)    4 :  0.010 0.007 0.770 0.167 0.021 0.009 0.007 0.008 
 84 24.0684.E1    (0)    4 :  0.008 0.032 0.728 0.052 0.091 0.018 0.023 0.048 
 85 24.0685.E1    (0)    4 :  0.006 0.016 0.865 0.024 0.033 0.033 0.010 0.012 
 86 24.0686.E1    (0)    4 :  0.007 0.020 0.029 0.016 0.121 0.014 0.087 0.706 
 87 24.0687.E1    (0)    4 :  0.010 0.028 0.055 0.018 0.116 0.009 0.177 0.587 
 88 24.0688.E1    (0)    4 :  0.006 0.005 0.950 0.007 0.007 0.006 0.007 0.011 
 89 24.0689.E1    (0)    4 :  0.034 0.329 0.146 0.041 0.036 0.013 0.016 0.385 
 90 24.0690.E1    (0)    4 :  0.032 0.008 0.055 0.041 0.036 0.492 0.050 0.285 
 91 24.0691.E1    (0)    4 :  0.007 0.028 0.887 0.009 0.035 0.007 0.009 0.017 
 92 24.0692.E1    (0)    4 :  0.006 0.023 0.846 0.011 0.007 0.009 0.006 0.093 
 93 24.0693.E1    (0)    4 :  0.068 0.052 0.330 0.409 0.015 0.015 0.009 0.101 
 94 24.0694.E1    (0)    4 :  0.006 0.008 0.925 0.011 0.017 0.014 0.007 0.012 
 95 24.0695.E1    (0)    4 :  0.010 0.036 0.834 0.008 0.070 0.022 0.007 0.012 
 96 24.0696.E1    (0)    4 :  0.006 0.016 0.873 0.010 0.047 0.013 0.016 0.019 
 97 24.0697.E1    (0)    5 :  0.012 0.020 0.109 0.118 0.007 0.010 0.012 0.712 
 98 24.0698.E1    (0)    5 :  0.013 0.037 0.029 0.120 0.024 0.032 0.019 0.726 
 99 24.0699.E1    (0)    5 :  0.009 0.007 0.007 0.011 0.020 0.013 0.014 0.919 
100 24.0700.E1    (0)    5 :  0.011 0.009 0.020 0.008 0.008 0.009 0.007 0.928 
101 24.0701.E1    (0)    5 :  0.009 0.014 0.010 0.048 0.010 0.879 0.011 0.019 
102 24.0702.E1    (0)    5 :  0.009 0.011 0.013 0.034 0.014 0.029 0.014 0.875 
103 24.0703.E1    (0)    5 :  0.007 0.010 0.008 0.008 0.012 0.014 0.146 0.794 
104 24.0704.E1    (6)    5 :  0.007 0.010 0.015 0.011 0.018 0.175 0.018 0.745 
105 24.0705.E1    (0)    5 :  0.008 0.017 0.816 0.010 0.033 0.035 0.011 0.070 
106 24.0706.E1    (0)    5 :  0.017 0.012 0.035 0.014 0.009 0.038 0.009 0.866 
107 24.0707.E1    (0)    5 :  0.013 0.006 0.037 0.020 0.037 0.017 0.019 0.852 
108 24.0708.E1    (0)    5 :  0.058 0.368 0.051 0.036 0.125 0.029 0.270 0.062 
109 24.0709.E1    (0)    5 :  0.018 0.085 0.832 0.008 0.011 0.015 0.010 0.020 
110 24.0710.E1    (0)    5 :  0.015 0.063 0.216 0.062 0.062 0.070 0.010 0.503 
111 24.0711.E1    (0)    5 :  0.010 0.010 0.063 0.023 0.078 0.057 0.065 0.694 
112 24.0712.E1    (0)    5 :  0.008 0.011 0.041 0.023 0.031 0.748 0.048 0.090 
113 24.0713.E1    (0)    5 :  0.012 0.070 0.577 0.021 0.012 0.021 0.010 0.278 
114 24.0714.E1    (0)    5 :  0.015 0.023 0.029 0.011 0.043 0.024 0.019 0.835 
115 24.0715.E1    (0)    5 :  0.045 0.014 0.091 0.452 0.034 0.017 0.008 0.339 
116 24.0716.E1    (0)    5 :  0.010 0.055 0.021 0.018 0.065 0.340 0.058 0.433 
117 24.0717.E1    (0)    5 :  0.124 0.028 0.032 0.241 0.020 0.024 0.064 0.468 
118 24.0718.E1    (0)    5 :  0.006 0.009 0.126 0.014 0.024 0.028 0.022 0.772 
119 24.0719.E1    (0)    5 :  0.010 0.033 0.860 0.009 0.008 0.028 0.017 0.037 
120 24.0720.E1    (0)    5 :  0.011 0.031 0.617 0.007 0.017 0.015 0.013 0.289 
121 24.0721.E1    (0)    6 :  0.145 0.036 0.091 0.539 0.014 0.013 0.025 0.137 
122 24.0722.E1    (0)    6 :  0.012 0.019 0.106 0.519 0.029 0.040 0.221 0.055 
123 24.0723.E1    (0)    6 :  0.329 0.027 0.019 0.180 0.030 0.010 0.379 0.024 
124 24.0724.E1    (0)    6 :  0.046 0.172 0.346 0.141 0.207 0.017 0.036 0.035 
125 24.0725.E1    (0)    6 :  0.018 0.009 0.014 0.010 0.920 0.008 0.009 0.012 
126 24.0726.E1    (6)    6 :  0.012 0.011 0.239 0.092 0.606 0.010 0.011 0.019 
127 24.0727.E1    (0)    6 :  0.064 0.024 0.026 0.457 0.344 0.028 0.014 0.043 
128 24.0728.E1    (0)    6 :  0.033 0.015 0.022 0.183 0.376 0.011 0.033 0.327 
129 24.0729.E1    (0)    6 :  0.007 0.039 0.275 0.049 0.569 0.031 0.016 0.015 
130 24.0730.E1    (0)    6 :  0.016 0.029 0.036 0.055 0.068 0.015 0.011 0.770 
131 24.0731.E1    (0)    6 :  0.023 0.010 0.707 0.063 0.165 0.006 0.015 0.011 
132 24.0732.E1    (0)    6 :  0.023 0.005 0.119 0.757 0.056 0.011 0.009 0.018 
133 24.0733.E1    (0)    6 :  0.005 0.007 0.010 0.024 0.937 0.005 0.006 0.006 
134 24.0734.E1    (0)    6 :  0.014 0.011 0.011 0.800 0.046 0.010 0.018 0.091 
135 24.0735.E1    (0)    6 :  0.011 0.025 0.024 0.212 0.614 0.011 0.046 0.057 
136 24.0736.E1    (0)    6 :  0.008 0.008 0.010 0.053 0.896 0.007 0.009 0.011 
137 24.0737.E1    (0)    6 :  0.013 0.010 0.017 0.009 0.892 0.008 0.027 0.024 
138 24.0738.E1    (0)    6 :  0.013 0.007 0.013 0.034 0.890 0.012 0.011 0.019 
139 24.0739.E1    (0)    6 :  0.010 0.010 0.015 0.007 0.909 0.007 0.015 0.026 
140 24.0740.E1    (0)    6 :  0.007 0.024 0.445 0.015 0.459 0.017 0.017 0.015 
141 24.0741.E1    (0)    6 :  0.014 0.011 0.213 0.392 0.294 0.009 0.016 0.050 
142 24.0742.E1    (0)    6 :  0.010 0.010 0.034 0.717 0.193 0.009 0.012 0.015 
143 24.0743.E1    (0)    6 :  0.014 0.029 0.513 0.050 0.344 0.028 0.006 0.016 
144 24.0744.E1    (0)    6 :  0.022 0.048 0.173 0.162 0.224 0.328 0.014 0.028 
145 24.0745.E1    (0)    7 :  0.017 0.010 0.025 0.887 0.006 0.032 0.005 0.017 
146 24.0746.E1    (0)    7 :  0.009 0.018 0.064 0.614 0.089 0.042 0.086 0.077 
147 24.0747.E1    (0)    7 :  0.010 0.038 0.267 0.629 0.023 0.013 0.007 0.012 
148 24.0748.E1    (6)    7 :  0.024 0.047 0.344 0.525 0.026 0.014 0.008 0.013 
149 24.0749.E1    (0)    7 :  0.006 0.010 0.010 0.706 0.241 0.010 0.009 0.009 
150 24.0750.E1    (0)    7 :  0.015 0.026 0.240 0.291 0.262 0.044 0.016 0.105 
151 24.0751.E1    (0)    7 :  0.006 0.005 0.006 0.954 0.009 0.006 0.007 0.006 
152 24.0752.E1    (0)    7 :  0.011 0.008 0.014 0.890 0.049 0.008 0.007 0.013 
153 24.0753.E1    (0)    7 :  0.018 0.006 0.015 0.521 0.310 0.012 0.107 0.011 
154 24.0754.E1    (0)    7 :  0.010 0.007 0.029 0.894 0.028 0.007 0.016 0.010 
155 24.0755.E1    (0)    7 :  0.007 0.069 0.133 0.720 0.014 0.013 0.015 0.029 
156 24.0756.E1    (0)    7 :  0.008 0.019 0.008 0.923 0.017 0.011 0.009 0.006 
157 24.0757.E1    (0)    7 :  0.004 0.004 0.005 0.969 0.004 0.005 0.005 0.005 
158 24.0758.E1    (0)    7 :  0.004 0.004 0.005 0.968 0.005 0.005 0.005 0.005 
159 24.0759.E1    (0)    7 :  0.013 0.006 0.009 0.921 0.023 0.010 0.007 0.011 
160 24.0760.E1    (0)    7 :  0.009 0.007 0.027 0.644 0.015 0.011 0.223 0.064 
161 24.0761.E1    (0)    7 :  0.007 0.006 0.006 0.954 0.007 0.005 0.010 0.006 
162 24.0762.E1    (0)    7 :  0.011 0.155 0.056 0.073 0.215 0.333 0.010 0.147 
163 24.0763.E1    (0)    7 :  0.007 0.005 0.016 0.948 0.008 0.005 0.005 0.006 
164 24.0764.E1    (0)    7 :  0.005 0.006 0.006 0.947 0.015 0.006 0.008 0.008 
165 24.0765.E1    (0)    7 :  0.012 0.014 0.021 0.900 0.009 0.009 0.026 0.010 
166 24.0766.E1    (0)    7 :  0.011 0.006 0.010 0.940 0.011 0.007 0.007 0.008 
167 24.0767.E1    (0)    7 :  0.006 0.005 0.008 0.963 0.005 0.004 0.005 0.005 
168 24.0768.E1    (0)    7 :  0.017 0.043 0.495 0.135 0.233 0.037 0.007 0.033 
169 24.0779.E1    (0)    8 :  0.016 0.011 0.042 0.053 0.023 0.019 0.007 0.829 
170 24.0780.E1    (6)    8 :  0.058 0.178 0.042 0.005 0.009 0.009 0.007 0.691 
171 24.0781.E1    (0)    8 :  0.008 0.009 0.009 0.006 0.005 0.006 0.005 0.952 
172 24.0782.E1    (0)    8 :  0.039 0.029 0.454 0.034 0.155 0.012 0.060 0.217 
173 24.0783.E1    (0)    8 :  0.023 0.495 0.097 0.008 0.014 0.034 0.019 0.308 
174 24.0784.E1    (0)    8 :  0.011 0.045 0.049 0.005 0.010 0.006 0.006 0.868 
175 24.0785.E1    (0)    8 :  0.048 0.046 0.012 0.005 0.007 0.019 0.005 0.858 
176 24.0786.E1    (0)    8 :  0.024 0.165 0.124 0.012 0.027 0.013 0.009 0.626 
177 24.0787.E1    (0)    8 :  0.013 0.012 0.015 0.014 0.013 0.008 0.037 0.887 
178 24.0788.E1    (0)    8 :  0.027 0.185 0.043 0.008 0.007 0.008 0.022 0.699 
179 24.0789.E1    (0)    8 :  0.014 0.039 0.011 0.008 0.031 0.009 0.024 0.863 
180 24.0790.E1    (0)    8 :  0.020 0.014 0.008 0.005 0.005 0.009 0.009 0.929 
181 24.0791.E1    (0)    8 :  0.015 0.016 0.056 0.010 0.124 0.574 0.006 0.199 
182 24.0792.E1    (0)    8 :  0.350 0.010 0.098 0.021 0.016 0.028 0.005 0.471 
183 24.0793.E1    (0)    9 :  0.130 0.319 0.011 0.008 0.056 0.041 0.336 0.100 
184 24.0794.E1    (0)    9 :  0.325 0.067 0.007 0.008 0.556 0.010 0.009 0.018 
185 24.0795.E1    (0)    9 :  0.030 0.165 0.017 0.010 0.582 0.015 0.138 0.043 
186 24.0796.E1    (0)    9 :  0.283 0.491 0.010 0.006 0.071 0.012 0.009 0.118 
187 24.0797.E1    (0)    9 :  0.155 0.465 0.009 0.005 0.035 0.028 0.060 0.244 
188 24.0798.E1    (0)    9 :  0.201 0.033 0.025 0.027 0.012 0.495 0.185 0.022 
189 24.0799.E1    (0)    9 :  0.012 0.062 0.021 0.009 0.032 0.831 0.013 0.019 
190 24.0800.E1    (0)    9 :  0.036 0.345 0.096 0.010 0.026 0.459 0.006 0.022 
191 24.0801.E1    (0)    9 :  0.014 0.011 0.028 0.005 0.006 0.916 0.009 0.011 
192 24.0802.E1    (0)    9 :  0.074 0.393 0.011 0.006 0.018 0.016 0.459 0.023 
193 24.0803.E1    (0)    9 :  0.022 0.023 0.009 0.007 0.026 0.769 0.122 0.022 
194 24.0804.E1    (0)    9 :  0.054 0.628 0.008 0.006 0.012 0.010 0.266 0.015 
195 24.0805.E1    (0)    9 :  0.012 0.066 0.088 0.010 0.012 0.791 0.009 0.014 
196 24.0806.E1    (0)    9 :  0.093 0.089 0.015 0.015 0.040 0.095 0.629 0.024 
197 24.0807.E1    (0)    9 :  0.391 0.186 0.009 0.005 0.019 0.023 0.338 0.029 
198 24.0808.E1    (0)    9 :  0.108 0.258 0.216 0.008 0.017 0.182 0.014 0.198 
199 24.0809.E1    (0)    9 :  0.010 0.169 0.172 0.011 0.021 0.599 0.007 0.010 
200 24.0810.E1    (0)    9 :  0.101 0.046 0.095 0.020 0.014 0.677 0.031 0.017 
201 24.0811.E1    (0)    9 :  0.445 0.246 0.008 0.006 0.057 0.006 0.205 0.026 
202 24.0812.E1    (0)    9 :  0.029 0.768 0.027 0.008 0.043 0.018 0.011 0.096 
203 24.0813.E1    (0)    9 :  0.047 0.209 0.169 0.011 0.012 0.033 0.280 0.240 
204 24.0814.E1    (6)    9 :  0.057 0.603 0.057 0.006 0.010 0.124 0.125 0.019 
205 24.0815.E1    (0)    9 :  0.021 0.069 0.035 0.008 0.006 0.564 0.285 0.012 
206 24.0816.E1    (0)    9 :  0.349 0.124 0.006 0.006 0.012 0.074 0.380 0.048 
207 24.0817.E1    (0)   10 :  0.092 0.794 0.018 0.007 0.028 0.017 0.007 0.038 
208 24.0818.E1    (0)   10 :  0.061 0.768 0.007 0.010 0.037 0.013 0.010 0.093 
209 24.0819.E1    (0)   10 :  0.256 0.017 0.010 0.085 0.012 0.602 0.010 0.009 
210 24.0820.E1    (0)   10 :  0.788 0.030 0.007 0.127 0.009 0.020 0.010 0.009 
211 24.0821.E1    (0)   10 :  0.187 0.148 0.019 0.008 0.016 0.401 0.012 0.210 
212 24.0822.E1    (0)   10 :  0.017 0.888 0.011 0.025 0.008 0.011 0.005 0.036 
213 24.0823.E1    (0)   10 :  0.465 0.401 0.018 0.063 0.010 0.024 0.010 0.008 
214 24.0824.E1    (0)   10 :  0.014 0.410 0.047 0.010 0.008 0.496 0.007 0.008 
215 24.0825.E1    (0)   10 :  0.006 0.950 0.012 0.007 0.006 0.006 0.005 0.006 
216 24.0826.E1    (0)   10 :  0.841 0.041 0.012 0.042 0.008 0.026 0.014 0.016 
217 24.0827.E1    (0)   10 :  0.193 0.694 0.012 0.005 0.054 0.009 0.009 0.024 
218 24.0828.E1    (0)   10 :  0.687 0.175 0.016 0.021 0.009 0.056 0.013 0.023 
219 24.0829.E1    (0)   10 :  0.071 0.853 0.015 0.014 0.007 0.024 0.007 0.010 
220 24.0830.E1    (0)   10 :  0.070 0.870 0.010 0.005 0.008 0.012 0.007 0.018 
221 24.0831.E1    (0)   10 :  0.048 0.849 0.010 0.005 0.006 0.018 0.006 0.057 
222 24.0832.E1    (0)   10 :  0.020 0.937 0.010 0.005 0.012 0.005 0.004 0.007 
223 24.0833.E1    (0)   10 :  0.009 0.957 0.010 0.005 0.005 0.005 0.004 0.005 
224 24.0834.E1    (0)   10 :  0.016 0.932 0.011 0.010 0.009 0.007 0.008 0.007 
225 24.0835.E1    (0)   10 :  0.009 0.927 0.010 0.005 0.016 0.016 0.007 0.010 
226 24.0836.E1    (0)   10 :  0.009 0.897 0.026 0.012 0.014 0.023 0.006 0.013 
227 24.0837.E1    (0)   10 :  0.019 0.927 0.011 0.007 0.008 0.011 0.005 0.012 
228 24.0838.E1    (0)   10 :  0.017 0.924 0.016 0.011 0.006 0.006 0.005 0.015 
229 24.0839.E1    (0)   10 :  0.089 0.678 0.027 0.029 0.054 0.039 0.018 0.066 
230 24.0840.E1    (0)   10 :  0.147 0.733 0.008 0.005 0.030 0.016 0.038 0.022 
231 24.0841.E1    (0)   11 :  0.623 0.286 0.019 0.029 0.013 0.007 0.005 0.020 
232 24.0842.E1    (0)   11 :  0.449 0.230 0.011 0.017 0.015 0.256 0.004 0.017 
233 24.0843.E1    (0)   11 :  0.586 0.059 0.011 0.014 0.007 0.291 0.010 0.022 
234 24.0844.E1    (0)   11 :  0.041 0.271 0.019 0.009 0.033 0.585 0.007 0.034 
235 24.0845.E1    (0)   11 :  0.083 0.762 0.018 0.007 0.011 0.017 0.007 0.096 
236 24.0846.E1    (0)   11 :  0.014 0.922 0.011 0.008 0.012 0.012 0.008 0.012 
237 24.0847.E1    (0)   11 :  0.016 0.797 0.096 0.016 0.033 0.024 0.007 0.011 
238 24.0848.E1    (0)   11 :  0.012 0.880 0.027 0.005 0.010 0.027 0.005 0.034 
239 24.0849.E1    (0)   11 :  0.953 0.010 0.005 0.005 0.008 0.008 0.004 0.007 
240 24.0850.E1    (0)   11 :  0.952 0.010 0.005 0.005 0.008 0.008 0.004 0.007 
241 24.0851.E1    (0)   11 :  0.952 0.010 0.005 0.005 0.008 0.008 0.004 0.007 
242 24.0852.E1    (0)   11 :  0.750 0.145 0.012 0.016 0.011 0.010 0.006 0.049 
243 24.0853.E1    (0)   11 :  0.529 0.418 0.014 0.011 0.006 0.007 0.007 0.008 
244 24.0854.E1    (0)   11 :  0.216 0.018 0.008 0.008 0.010 0.728 0.006 0.006 
245 24.0855.E1    (0)   11 :  0.076 0.859 0.014 0.009 0.007 0.017 0.006 0.012 
246 24.0856.E1    (0)   11 :  0.032 0.062 0.015 0.044 0.182 0.353 0.197 0.114 
247 24.0857.E1    (0)   11 :  0.022 0.797 0.042 0.014 0.023 0.064 0.012 0.025 
248 24.0858.E1    (0)   11 :  0.070 0.726 0.018 0.018 0.020 0.056 0.007 0.086 
249 24.0859.E1    (0)   11 :  0.878 0.021 0.010 0.028 0.014 0.022 0.011 0.015 
250 24.0860.E1    (0)   11 :  0.054 0.111 0.011 0.040 0.064 0.602 0.036 0.082 
251 24.0861.E1    (0)   11 :  0.933 0.026 0.005 0.006 0.008 0.008 0.005 0.010 
252 24.0862.E1    (0)   11 :  0.114 0.211 0.018 0.009 0.216 0.127 0.182 0.123 
253 24.0863.E1    (0)   11 :  0.933 0.025 0.006 0.006 0.008 0.008 0.005 0.010 
254 24.0864.E1    (0)   11 :  0.090 0.138 0.568 0.009 0.121 0.028 0.008 0.038 
255 24.0865.E1    (0)   12 :  0.762 0.017 0.056 0.061 0.049 0.008 0.023 0.023 
256 24.0866.E1    (0)   12 :  0.023 0.210 0.375 0.027 0.030 0.121 0.007 0.206 
257 24.0867.E1    (0)   12 :  0.144 0.055 0.614 0.128 0.011 0.019 0.017 0.013 
258 24.0868.E1    (0)   12 :  0.009 0.112 0.452 0.023 0.013 0.030 0.024 0.339 
259 24.0869.E1    (0)   12 :  0.010 0.084 0.814 0.007 0.008 0.012 0.040 0.025 
260 24.0870.E1    (0)   12 :  0.011 0.101 0.273 0.028 0.160 0.024 0.087 0.315 
261 24.0871.E1    (0)   12 :  0.067 0.032 0.571 0.008 0.085 0.036 0.061 0.140 
262 24.0872.E1    (0)   12 :  0.258 0.016 0.383 0.155 0.015 0.071 0.009 0.092 
263 24.0873.E1    (0)   12 :  0.045 0.057 0.796 0.018 0.011 0.038 0.017 0.018 
264 24.0874.E1    (0)   12 :  0.154 0.092 0.453 0.205 0.010 0.061 0.008 0.018 
265 24.0875.E1    (0)   12 :  0.012 0.016 0.240 0.017 0.054 0.508 0.014 0.138 
266 24.0876.E1    (0)   12 :  0.008 0.008 0.484 0.019 0.133 0.287 0.010 0.050 
267 24.0877.E1    (0)   12 :  0.009 0.006 0.050 0.085 0.782 0.021 0.008 0.039 
268 24.0878.E1    (0)   12 :  0.015 0.070 0.249 0.019 0.601 0.014 0.011 0.021 
269 24.0879.E1    (0)   12 :  0.009 0.008 0.033 0.007 0.707 0.205 0.014 0.018 
270 24.0880.E1    (0)   12 :  0.019 0.430 0.365 0.016 0.040 0.046 0.016 0.067 
271 24.0881.E1    (0)   12 :  0.008 0.005 0.016 0.015 0.928 0.008 0.011 0.008 
272 24.0882.E1    (0)   12 :  0.013 0.009 0.028 0.690 0.216 0.013 0.009 0.022 
273 24.0883.E1    (0)   12 :  0.047 0.009 0.146 0.235 0.306 0.235 0.011 0.012 
274 24.0884.E1    (0)   12 :  0.028 0.006 0.042 0.066 0.820 0.013 0.009 0.016 
275 24.0885.E1    (0)   12 :  0.008 0.018 0.250 0.010 0.621 0.027 0.014 0.053 
276 24.0886.E1    (0)   12 :  0.051 0.007 0.292 0.198 0.356 0.076 0.005 0.014 
277 24.0887.E1    (0)   12 :  0.010 0.006 0.040 0.686 0.045 0.196 0.010 0.008 
278 24.0888.E1    (0)   12 :  0.011 0.015 0.032 0.007 0.019 0.038 0.011 0.866 


Estimated Allele Frequencies in each cluster
First column gives estimated ancestral frequencies


Locus 1 : 
31 alleles
0.0% missing data
 115   (0.032) 0.004 0.005 0.135 0.004 0.128 0.016 0.003 0.007 
 117   (0.042) 0.003 0.007 0.056 0.190 0.189 0.058 0.004 0.008 
 119   (0.043) 0.004 0.005 0.023 0.313 0.260 0.008 0.235 0.008 
 131   (0.015) 0.002 0.001 0.004 0.003 0.050 0.002 0.001 0.003 
 128   (0.037) 0.005 0.031 0.045 0.003 0.029 0.020 0.003 0.031 
 135   (0.018) 0.003 0.003 0.013 0.007 0.045 0.004 0.002 0.004 
 126   (0.083) 0.046 0.224 0.064 0.076 0.076 0.077 0.010 0.076 
 122   (0.032) 0.004 0.006 0.009 0.002 0.015 0.021 0.167 0.038 
 132   (0.033) 0.012 0.034 0.018 0.015 0.007 0.023 0.005 0.023 
 141   (0.010) 0.001 0.001 0.001 0.001 0.010 0.002 0.001 0.002 
 130   (0.051) 0.043 0.019 0.087 0.014 0.007 0.066 0.019 0.066 
 134   (0.038) 0.075 0.009 0.028 0.003 0.005 0.012 0.119 0.025 
 145   (0.019) 0.092 0.002 0.004 0.010 0.003 0.008 0.005 0.003 
 127   (0.026) 0.003 0.002 0.006 0.167 0.028 0.006 0.028 0.005 
 116   (0.098) 0.286 0.132 0.160 0.010 0.015 0.095 0.176 0.246 
 114   (0.056) 0.189 0.126 0.031 0.005 0.009 0.051 0.079 0.043 
 120   (0.038) 0.003 0.004 0.012 0.003 0.009 0.080 0.074 0.062 
 110   (0.049) 0.021 0.075 0.054 0.022 0.011 0.045 0.031 0.028 
 133   (0.016) 0.001 0.001 0.003 0.013 0.003 0.010 0.008 0.003 
 118   (0.106) 0.181 0.218 0.183 0.020 0.016 0.351 0.014 0.259 
 125   (0.013) 0.006 0.011 0.002 0.001 0.004 0.003 0.001 0.006 
 129   (0.020) 0.002 0.002 0.006 0.006 0.046 0.013 0.002 0.007 
 124   (0.018) 0.004 0.002 0.004 0.002 0.010 0.012 0.002 0.013 
 136   (0.022) 0.002 0.059 0.036 0.001 0.003 0.003 0.002 0.006 
 121   (0.016) 0.001 0.001 0.004 0.065 0.006 0.002 0.001 0.003 
 139   (0.011) 0.001 0.001 0.001 0.001 0.011 0.002 0.001 0.002 
 113   (0.011) 0.001 0.001 0.001 0.014 0.001 0.002 0.001 0.002 
 111   (0.011) 0.001 0.001 0.002 0.013 0.002 0.002 0.001 0.002 
 143   (0.012) 0.001 0.001 0.001 0.014 0.001 0.002 0.001 0.002 
 140   (0.014) 0.001 0.003 0.004 0.001 0.002 0.003 0.004 0.015 
 112   (0.011) 0.001 0.011 0.001 0.001 0.001 0.002 0.001 0.002 

Locus 2 : 
18 alleles
0.0% missing data
 152   (0.378) 0.327 0.249 0.520 0.788 0.641 0.425 0.444 0.328 
 148   (0.070) 0.006 0.008 0.175 0.025 0.137 0.029 0.189 0.034 
 154   (0.101) 0.020 0.242 0.151 0.036 0.050 0.037 0.230 0.092 
 156   (0.016) 0.002 0.002 0.002 0.001 0.017 0.003 0.002 0.006 
 150   (0.025) 0.002 0.002 0.003 0.048 0.010 0.006 0.051 0.004 
 164   (0.079) 0.102 0.057 0.038 0.015 0.067 0.027 0.018 0.133 
 158   (0.032) 0.004 0.004 0.021 0.007 0.010 0.099 0.021 0.007 
 160   (0.019) 0.002 0.002 0.008 0.021 0.003 0.003 0.002 0.012 
 166   (0.021) 0.002 0.003 0.004 0.001 0.004 0.012 0.014 0.026 
 151   (0.072) 0.291 0.363 0.010 0.005 0.010 0.110 0.006 0.177 
 147   (0.067) 0.182 0.056 0.034 0.005 0.010 0.201 0.008 0.103 
 168   (0.024) 0.024 0.002 0.008 0.002 0.004 0.012 0.003 0.017 
 153   (0.014) 0.008 0.001 0.002 0.001 0.002 0.002 0.001 0.016 
 149   (0.026) 0.002 0.002 0.016 0.011 0.004 0.025 0.002 0.010 
 162   (0.018) 0.021 0.004 0.002 0.003 0.007 0.003 0.006 0.008 
 167   (0.012) 0.001 0.001 0.001 0.001 0.023 0.002 0.001 0.002 
 146   (0.012) 0.001 0.001 0.001 0.029 0.001 0.002 0.001 0.002 
 172   (0.013) 0.001 0.001 0.002 0.001 0.002 0.002 0.001 0.022 

Locus 3 : 
4 alleles
0.0% missing data
 128   (0.297) 0.321 0.377 0.302 0.436 0.210 0.352 0.255 0.225 
 126   (0.609) 0.535 0.575 0.673 0.557 0.710 0.538 0.672 0.737 
 132   (0.079) 0.143 0.046 0.022 0.006 0.078 0.084 0.066 0.035 
 134   (0.015) 0.001 0.001 0.002 0.001 0.002 0.026 0.006 0.003 

Locus 4 : 
3 alleles
0.0% missing data
 170   (0.319) 0.186 0.419 0.163 0.288 0.334 0.237 0.410 0.379 
 172   (0.668) 0.811 0.579 0.833 0.709 0.664 0.761 0.584 0.619 
 171   (0.013) 0.002 0.003 0.004 0.003 0.002 0.002 0.006 0.003 

Locus 5 : 
37 alleles
0.0% missing data
 125   (0.056) 0.101 0.060 0.046 0.030 0.073 0.088 0.049 0.019 
 110   (0.032) 0.017 0.083 0.005 0.012 0.045 0.052 0.025 0.007 
 129   (0.032) 0.046 0.015 0.008 0.003 0.048 0.007 0.003 0.102 
 113   (0.030) 0.046 0.033 0.009 0.002 0.015 0.007 0.007 0.111 
 145   (0.052) 0.084 0.013 0.149 0.099 0.199 0.052 0.005 0.016 
 155   (0.050) 0.008 0.064 0.025 0.015 0.148 0.029 0.204 0.038 
 117   (0.029) 0.005 0.004 0.112 0.032 0.020 0.005 0.008 0.020 
 124   (0.011) 0.001 0.001 0.002 0.001 0.022 0.002 0.001 0.002 
 133   (0.035) 0.007 0.004 0.029 0.071 0.041 0.015 0.003 0.059 
 157   (0.046) 0.005 0.051 0.038 0.026 0.009 0.090 0.019 0.148 
 141   (0.015) 0.001 0.005 0.006 0.001 0.004 0.003 0.001 0.031 
 112   (0.072) 0.128 0.149 0.095 0.160 0.066 0.022 0.165 0.050 
 121   (0.023) 0.028 0.016 0.005 0.003 0.008 0.013 0.025 0.016 
 114   (0.036) 0.003 0.062 0.143 0.171 0.040 0.007 0.007 0.007 
 153   (0.048) 0.073 0.086 0.039 0.004 0.056 0.278 0.009 0.021 
 127   (0.068) 0.228 0.109 0.068 0.079 0.073 0.032 0.017 0.093 
 131   (0.058) 0.064 0.041 0.036 0.184 0.050 0.124 0.216 0.017 
 135   (0.032) 0.062 0.021 0.023 0.004 0.008 0.067 0.004 0.027 
 104   (0.009) 0.002 0.002 0.004 0.003 0.002 0.001 0.006 0.002 
 118   (0.017) 0.001 0.002 0.009 0.002 0.018 0.006 0.012 0.011 
 116   (0.027) 0.007 0.024 0.030 0.005 0.008 0.015 0.047 0.008 
 137   (0.021) 0.003 0.003 0.007 0.006 0.008 0.012 0.141 0.015 
 123   (0.024) 0.028 0.070 0.007 0.003 0.007 0.019 0.009 0.005 
 149   (0.008) 0.005 0.002 0.006 0.001 0.001 0.001 0.001 0.002 
 138   (0.014) 0.012 0.001 0.002 0.001 0.002 0.002 0.001 0.042 
 143   (0.026) 0.011 0.042 0.003 0.070 0.004 0.007 0.003 0.032 
 163   (0.010) 0.001 0.001 0.002 0.001 0.002 0.002 0.003 0.008 
 109   (0.011) 0.001 0.001 0.025 0.001 0.001 0.001 0.001 0.002 
 139   (0.009) 0.001 0.001 0.001 0.001 0.001 0.002 0.001 0.010 
 106   (0.011) 0.001 0.001 0.002 0.001 0.002 0.002 0.001 0.010 
 144   (0.016) 0.001 0.004 0.036 0.001 0.002 0.013 0.001 0.004 
 122   (0.012) 0.001 0.001 0.011 0.004 0.010 0.002 0.001 0.003 
 100   (0.017) 0.011 0.014 0.007 0.001 0.003 0.008 0.003 0.024 
 111   (0.013) 0.003 0.002 0.002 0.001 0.002 0.002 0.001 0.028 
 233   (0.010) 0.003 0.002 0.001 0.001 0.001 0.008 0.001 0.004 
 134   (0.008) 0.001 0.010 0.001 0.001 0.001 0.001 0.001 0.002 
 140   (0.009) 0.001 0.002 0.006 0.001 0.001 0.002 0.001 0.005 

Locus 6 : 
17 alleles
0.0% missing data
 221   (0.024) 0.002 0.002 0.003 0.084 0.136 0.004 0.002 0.004 
 232   (0.239) 0.711 0.264 0.240 0.431 0.180 0.265 0.117 0.308 
 229   (0.061) 0.020 0.068 0.034 0.053 0.092 0.040 0.054 0.012 
 223   (0.065) 0.008 0.063 0.065 0.010 0.090 0.072 0.008 0.046 
 230   (0.153) 0.047 0.215 0.235 0.301 0.068 0.095 0.140 0.214 
 235   (0.015) 0.001 0.001 0.002 0.001 0.068 0.002 0.001 0.003 
 236   (0.037) 0.030 0.004 0.009 0.005 0.094 0.014 0.029 0.018 
 227   (0.024) 0.002 0.002 0.010 0.003 0.058 0.010 0.002 0.011 
 220   (0.056) 0.081 0.054 0.042 0.004 0.008 0.081 0.181 0.019 
 222   (0.043) 0.004 0.016 0.024 0.003 0.006 0.071 0.311 0.039 
 234   (0.125) 0.014 0.145 0.250 0.060 0.092 0.240 0.134 0.103 
 224   (0.033) 0.003 0.061 0.005 0.002 0.005 0.065 0.003 0.034 
 228   (0.056) 0.065 0.042 0.040 0.004 0.012 0.019 0.007 0.176 
 225   (0.013) 0.001 0.002 0.002 0.001 0.009 0.002 0.003 0.003 
 226   (0.016) 0.009 0.057 0.002 0.001 0.006 0.003 0.004 0.003 
 233   (0.026) 0.002 0.003 0.023 0.036 0.044 0.015 0.002 0.005 
 231   (0.015) 0.001 0.001 0.015 0.001 0.030 0.003 0.001 0.003 

Locus 7 : 
10 alleles
0.0% missing data
 121   (0.678) 0.697 0.781 0.813 0.741 0.878 0.685 0.810 0.831 
 129   (0.092) 0.155 0.110 0.056 0.100 0.071 0.052 0.010 0.051 
 130   (0.017) 0.006 0.003 0.002 0.003 0.004 0.013 0.007 0.005 
 123   (0.101) 0.132 0.093 0.032 0.104 0.030 0.158 0.115 0.064 
 128   (0.021) 0.002 0.002 0.004 0.023 0.004 0.012 0.029 0.004 
 131   (0.016) 0.001 0.003 0.002 0.002 0.003 0.007 0.022 0.003 
 117   (0.013) 0.001 0.001 0.002 0.001 0.002 0.002 0.001 0.011 
 125   (0.013) 0.001 0.001 0.001 0.001 0.002 0.033 0.001 0.002 
 134   (0.036) 0.003 0.004 0.078 0.008 0.006 0.037 0.004 0.026 
 132   (0.014) 0.001 0.001 0.010 0.018 0.002 0.002 0.001 0.002 

Locus 8 : 
19 alleles
0.0% missing data
 184   (0.295) 0.408 0.268 0.451 0.338 0.482 0.525 0.469 0.363 
 194   (0.047) 0.009 0.011 0.077 0.023 0.030 0.016 0.016 0.046 
 178   (0.093) 0.033 0.275 0.086 0.062 0.204 0.029 0.179 0.057 
 176   (0.079) 0.113 0.018 0.080 0.217 0.043 0.096 0.010 0.084 
 182   (0.081) 0.037 0.077 0.054 0.205 0.038 0.064 0.026 0.124 
 190   (0.033) 0.003 0.024 0.005 0.043 0.007 0.028 0.061 0.007 
 196   (0.022) 0.017 0.052 0.005 0.001 0.005 0.003 0.002 0.015 
 200   (0.030) 0.002 0.003 0.005 0.011 0.018 0.023 0.006 0.036 
 180   (0.025) 0.002 0.003 0.003 0.002 0.011 0.060 0.063 0.005 
 188   (0.039) 0.067 0.042 0.047 0.003 0.029 0.008 0.006 0.010 
 174   (0.039) 0.004 0.004 0.082 0.031 0.022 0.039 0.014 0.014 
 186   (0.116) 0.272 0.148 0.079 0.056 0.090 0.050 0.117 0.206 
 192   (0.024) 0.008 0.062 0.003 0.003 0.011 0.013 0.011 0.007 
 201   (0.011) 0.001 0.001 0.001 0.002 0.001 0.007 0.009 0.002 
 199   (0.020) 0.007 0.003 0.002 0.001 0.003 0.019 0.007 0.014 
 185   (0.011) 0.014 0.001 0.002 0.001 0.002 0.002 0.001 0.002 
 203   (0.012) 0.001 0.002 0.011 0.001 0.002 0.002 0.001 0.002 
 198   (0.011) 0.002 0.003 0.004 0.001 0.002 0.004 0.001 0.004 
 209   (0.011) 0.001 0.003 0.002 0.001 0.002 0.012 0.001 0.002 

Locus 9 : 
6 alleles
0.4% missing data
 154   (0.683) 0.867 0.805 0.658 0.644 0.726 0.708 0.788 0.755 
 156   (0.205) 0.030 0.129 0.266 0.338 0.164 0.275 0.202 0.179 
 152   (0.057) 0.094 0.061 0.043 0.007 0.068 0.009 0.005 0.023 
 153   (0.014) 0.007 0.001 0.002 0.001 0.003 0.002 0.001 0.016 
 160   (0.014) 0.001 0.001 0.002 0.001 0.002 0.002 0.001 0.022 
 164   (0.027) 0.002 0.002 0.030 0.009 0.038 0.004 0.002 0.005 

Locus 10 : 
29 alleles
0.7% missing data
 305   (0.061) 0.010 0.015 0.009 0.008 0.150 0.015 0.202 0.107 
 313   (0.048) 0.015 0.029 0.010 0.005 0.149 0.011 0.010 0.048 
 311   (0.016) 0.001 0.002 0.002 0.002 0.017 0.006 0.001 0.004 
 299   (0.126) 0.147 0.151 0.038 0.037 0.266 0.053 0.031 0.213 
 315   (0.075) 0.007 0.020 0.017 0.099 0.087 0.016 0.057 0.153 
 287   (0.021) 0.003 0.002 0.003 0.002 0.008 0.479 0.002 0.005 
 291   (0.085) 0.010 0.463 0.364 0.014 0.071 0.026 0.029 0.052 
 295   (0.023) 0.003 0.002 0.185 0.002 0.027 0.003 0.002 0.005 
 289   (0.020) 0.002 0.002 0.003 0.002 0.003 0.121 0.002 0.008 
 303   (0.032) 0.569 0.003 0.007 0.502 0.006 0.005 0.007 0.008 
 297   (0.048) 0.051 0.067 0.082 0.097 0.019 0.015 0.005 0.012 
 293   (0.019) 0.001 0.002 0.010 0.001 0.032 0.077 0.002 0.006 
 301   (0.062) 0.018 0.008 0.064 0.009 0.062 0.014 0.113 0.075 
 285   (0.019) 0.004 0.004 0.002 0.002 0.002 0.005 0.412 0.007 
 307   (0.056) 0.005 0.077 0.057 0.199 0.010 0.010 0.024 0.050 
 312   (0.062) 0.024 0.079 0.071 0.005 0.010 0.025 0.049 0.079 
 306   (0.028) 0.002 0.009 0.020 0.002 0.010 0.005 0.003 0.057 
 320   (0.014) 0.001 0.001 0.002 0.001 0.002 0.002 0.001 0.022 
 317   (0.020) 0.096 0.002 0.002 0.001 0.015 0.003 0.002 0.004 
 314   (0.026) 0.002 0.002 0.006 0.002 0.031 0.020 0.002 0.014 
 323   (0.012) 0.001 0.001 0.002 0.001 0.003 0.007 0.001 0.007 
 325   (0.013) 0.001 0.001 0.002 0.001 0.003 0.007 0.001 0.007 
 310   (0.017) 0.003 0.038 0.003 0.001 0.003 0.003 0.001 0.008 
 309   (0.015) 0.001 0.002 0.023 0.001 0.002 0.003 0.001 0.003 
 316   (0.019) 0.005 0.006 0.002 0.001 0.003 0.003 0.002 0.027 
 296   (0.013) 0.004 0.001 0.003 0.001 0.002 0.002 0.001 0.008 
 304   (0.022) 0.009 0.009 0.003 0.001 0.004 0.013 0.032 0.007 
 321   (0.014) 0.001 0.002 0.003 0.001 0.002 0.026 0.002 0.003 
 332   (0.014) 0.001 0.003 0.003 0.001 0.002 0.026 0.001 0.002 

Locus 11 : 
19 alleles
0.0% missing data
 114   (0.147) 0.031 0.020 0.247 0.192 0.236 0.047 0.277 0.162 
 126   (0.022) 0.002 0.002 0.006 0.003 0.058 0.003 0.013 0.004 
 111   (0.096) 0.382 0.574 0.021 0.007 0.214 0.286 0.027 0.021 
 116   (0.103) 0.009 0.025 0.118 0.258 0.118 0.130 0.022 0.078 
 132   (0.013) 0.001 0.001 0.002 0.001 0.011 0.002 0.001 0.003 
 109   (0.015) 0.001 0.002 0.003 0.001 0.044 0.002 0.001 0.003 
 128   (0.018) 0.001 0.006 0.012 0.001 0.007 0.003 0.002 0.006 
 112   (0.324) 0.159 0.053 0.442 0.505 0.236 0.251 0.603 0.602 
 122   (0.015) 0.007 0.002 0.010 0.006 0.002 0.003 0.005 0.003 
 124   (0.013) 0.001 0.001 0.002 0.002 0.002 0.002 0.016 0.002 
 118   (0.046) 0.008 0.010 0.078 0.009 0.014 0.097 0.010 0.023 
 127   (0.013) 0.001 0.001 0.002 0.001 0.002 0.002 0.001 0.011 
 113   (0.044) 0.382 0.218 0.009 0.003 0.006 0.040 0.007 0.019 
 115   (0.034) 0.004 0.006 0.018 0.003 0.026 0.093 0.003 0.012 
 120   (0.022) 0.002 0.052 0.019 0.001 0.003 0.004 0.002 0.004 
 117   (0.023) 0.003 0.010 0.003 0.002 0.004 0.014 0.003 0.015 
 125   (0.020) 0.004 0.002 0.003 0.001 0.003 0.011 0.002 0.023 
 119   (0.017) 0.002 0.013 0.004 0.001 0.003 0.003 0.004 0.007 
 136   (0.015) 0.001 0.001 0.002 0.001 0.009 0.006 0.001 0.003 

Locus 12 : 
28 alleles
0.7% missing data
 306   (0.065) 0.014 0.021 0.010 0.008 0.150 0.022 0.236 0.076 
 314   (0.057) 0.030 0.079 0.009 0.006 0.137 0.019 0.006 0.041 
 312   (0.015) 0.001 0.001 0.002 0.001 0.024 0.002 0.001 0.003 
 300   (0.137) 0.148 0.150 0.039 0.038 0.282 0.056 0.031 0.215 
 316   (0.046) 0.005 0.019 0.007 0.096 0.081 0.007 0.052 0.012 
 288   (0.017) 0.003 0.002 0.002 0.002 0.007 0.475 0.002 0.004 
 292   (0.090) 0.011 0.464 0.362 0.015 0.072 0.032 0.029 0.053 
 296   (0.026) 0.006 0.002 0.187 0.002 0.028 0.004 0.003 0.010 
 290   (0.020) 0.002 0.002 0.003 0.002 0.004 0.123 0.002 0.008 
 304   (0.032) 0.572 0.003 0.007 0.503 0.006 0.005 0.007 0.008 
 298   (0.052) 0.052 0.067 0.081 0.097 0.020 0.016 0.005 0.013 
 294   (0.021) 0.002 0.002 0.010 0.001 0.032 0.078 0.002 0.006 
 302   (0.067) 0.018 0.008 0.064 0.009 0.063 0.015 0.110 0.076 
 286   (0.020) 0.004 0.004 0.003 0.002 0.003 0.005 0.419 0.007 
 308   (0.033) 0.003 0.003 0.012 0.194 0.007 0.006 0.022 0.039 
 313   (0.051) 0.008 0.009 0.079 0.004 0.009 0.020 0.051 0.099 
 307   (0.046) 0.004 0.089 0.065 0.004 0.011 0.007 0.004 0.065 
 321   (0.013) 0.001 0.001 0.001 0.001 0.002 0.002 0.001 0.022 
 315   (0.050) 0.014 0.004 0.015 0.004 0.036 0.032 0.005 0.148 
 318   (0.018) 0.091 0.004 0.002 0.001 0.005 0.002 0.001 0.005 
 324   (0.013) 0.001 0.001 0.002 0.001 0.003 0.007 0.001 0.007 
 326   (0.014) 0.001 0.001 0.002 0.001 0.003 0.008 0.001 0.007 
 311   (0.025) 0.004 0.057 0.005 0.002 0.007 0.010 0.002 0.013 
 310   (0.014) 0.001 0.001 0.023 0.001 0.002 0.002 0.001 0.003 
 305   (0.017) 0.001 0.001 0.002 0.001 0.002 0.002 0.001 0.033 
 317   (0.015) 0.001 0.001 0.002 0.001 0.002 0.002 0.001 0.023 
 320   (0.012) 0.001 0.002 0.002 0.001 0.002 0.013 0.001 0.002 
 322   (0.015) 0.001 0.002 0.003 0.001 0.002 0.027 0.002 0.003 

Locus 13 : 
7 alleles
1.1% missing data
 161   (0.601) 0.409 0.379 0.839 0.891 0.649 0.622 0.091 0.554 
 163   (0.298) 0.461 0.583 0.128 0.028 0.274 0.361 0.046 0.427 
 160   (0.017) 0.001 0.002 0.003 0.001 0.002 0.003 0.426 0.003 
 162   (0.016) 0.001 0.001 0.002 0.001 0.002 0.002 0.430 0.003 
 165   (0.038) 0.125 0.033 0.021 0.003 0.066 0.007 0.004 0.007 
 166   (0.014) 0.001 0.001 0.005 0.004 0.005 0.003 0.001 0.004 
 164   (0.015) 0.001 0.001 0.002 0.072 0.002 0.002 0.001 0.003 

Locus 14 : 
4 alleles
0.4% missing data
  98   (0.956) 0.989 0.996 0.988 0.985 0.988 0.993 0.996 0.981 
 100   (0.014) 0.005 0.001 0.002 0.001 0.002 0.002 0.001 0.008 
  96   (0.017) 0.001 0.001 0.007 0.012 0.009 0.003 0.001 0.003 
 105   (0.013) 0.005 0.001 0.003 0.001 0.002 0.002 0.001 0.008 

Locus 15 : 
12 alleles
2.2% missing data
 171   (0.313) 0.291 0.347 0.230 0.187 0.390 0.434 0.205 0.365 
 177   (0.183) 0.066 0.105 0.267 0.052 0.193 0.255 0.325 0.160 
 173   (0.257) 0.549 0.499 0.338 0.070 0.287 0.144 0.160 0.280 
 179   (0.106) 0.078 0.011 0.040 0.566 0.075 0.102 0.292 0.091 
 183   (0.019) 0.006 0.002 0.002 0.007 0.033 0.004 0.002 0.007 
 181   (0.038) 0.004 0.029 0.010 0.112 0.006 0.006 0.004 0.054 
 197   (0.014) 0.001 0.001 0.063 0.001 0.002 0.002 0.001 0.003 
 170   (0.015) 0.001 0.001 0.004 0.001 0.003 0.008 0.001 0.015 
 189   (0.014) 0.001 0.001 0.002 0.001 0.004 0.002 0.005 0.018 
 203   (0.014) 0.001 0.001 0.039 0.001 0.002 0.002 0.001 0.002 
 187   (0.015) 0.001 0.001 0.002 0.001 0.003 0.027 0.001 0.004 
 198   (0.013) 0.001 0.002 0.003 0.001 0.002 0.014 0.001 0.002 

Values of parameters used in structure:
DATAFILE=STRUCTURE_main_final_278_HEG_ZG.str,	OUTFILE=STRUCTURE_main_final_278_HEG_ZG-K8-5,	NUMINDS=278,	NUMLOCI=15,	MISSING=-9,	LABEL=1,	POPDATA=1,	POPFLAG=0,	PHENOTYPE=0,	EXTRACOLS=0,	MAXPOPS=8,	BURNIN=100000,	NUMREPS=500000,	USEPOPINFO=0,	INFERALPHA=1,	INFERLAMBDA=0,	POPSPECIFICLAMBDA=0,	POPALPHAS=0,	COMPUTEPROB=1,	NOADMIX=0,	ADMBURNIN=2500,	UPDATEFREQ=1,	PRINTLIKES=0,	INTERMEDSAVE=0,	PRINTKLD=0,	PRINTNET=0,	PRINTLAMBDA=0,	ANCESTDIST=0,	NUMBOXES=1000,	ANCESTPINT=0.90000,	GENSBACK=2,	MIGRPRIOR=0.05000,	PRINTQHAT=0,	PRINTQSUM=0,	ALPHA=1.0000,	FREQSCORR=1,	FPRIORMEAN=0.0100,	FPRIORSD=0.0500,	ONEFST=0,	LAMBDA=1.0000,	UNIFPRIORALPHA=1,	ALPHAMAX=10.0000,	ALPHAPRIORA=1.0000,	ALPHAPRIORB=2.0000,	ALPHAPROPSD=0.0250,	STARTATPOPINFO=0,	RANDOMIZE=1,	LINKAGE=0,	METROFREQ=10,	REPORTHITRATE=0,	MARKOVPHASE=-1,	PHASED=0,	PLOIDY=2,	PHASEINFO=0	LOCPRIOR=0, 	LOCPRIORINIT=1.000000, 	LOCDATA=0, 	LOCISPOP=0, 	LOCPRIORSTEP=0.100000, 	MAXLOCPRIOR=20.000000, 	SEED=1782483143,	
[STRAT parameters]:    NUMSIMSTATS=1000,	PHENOTYPECOL=-9,	POOLFREQ=10,	LOCUSxONLY=0,	EMERROR=0.00100,	MISSINGPHENO=-9,	