

----------------------------------------------------
STRUCTURE by Pritchard, Stephens and Donnelly (2000)
     and Falush, Stephens and Pritchard (2003)
       Code by Pritchard, Falush and Hubisz
             Version 2.3.4 (Jul 2012)
----------------------------------------------------



Command line arguments:   structure -K 10 -i STRUCTURE_main_final_278_HEG_ZG.str -o STRUCTURE_main_final_278_HEG_ZG-K10-18 
Input File:    STRUCTURE_main_final_278_HEG_ZG.str

Run parameters:
   278 individuals
   15 loci
   10 populations assumed
   100000 Burn-in period
   500000 Reps


--------------------------------------------
Proportion of membership of each pre-defined
 population in each of the 10 clusters

Given    Inferred Clusters                                                        Number of
 Pop       1      2      3      4      5      6      7      8      9     10      Individuals

  1:     0.063  0.022  0.026  0.065  0.013  0.045  0.031  0.017  0.632  0.085       24
  2:     0.024  0.021  0.029  0.053  0.724  0.038  0.036  0.037  0.020  0.018       24
  3:     0.030  0.150  0.361  0.009  0.014  0.025  0.110  0.233  0.018  0.051       24
  4:     0.015  0.179  0.069  0.037  0.018  0.522  0.033  0.045  0.046  0.038       24
  5:     0.032  0.499  0.078  0.033  0.026  0.181  0.022  0.090  0.018  0.020       24
  6:     0.018  0.103  0.026  0.195  0.028  0.107  0.042  0.029  0.437  0.014       24
  7:     0.021  0.030  0.021  0.741  0.029  0.055  0.008  0.017  0.059  0.018       24
  8:     0.030  0.353  0.385  0.011  0.014  0.060  0.025  0.017  0.026  0.080       14
  9:     0.554  0.031  0.037  0.006  0.025  0.019  0.168  0.033  0.053  0.073       24
 10:     0.052  0.020  0.059  0.036  0.008  0.011  0.111  0.042  0.012  0.649       24
 11:     0.109  0.043  0.025  0.012  0.011  0.032  0.407  0.080  0.021  0.260       24
 12:     0.059  0.048  0.116  0.115  0.019  0.238  0.049  0.054  0.253  0.049       24
--------------------------------------------

Allele-freq. divergence among pops (Net nucleotide distance),
computed using point estimates of P.

      1       2       3       4       5       6       7       8       9      10      
 1      -    0.0447  0.0421  0.0924  0.0859  0.0440  0.0553  0.0835  0.0358  0.0484  
 2   0.0447     -    0.0192  0.0739  0.0661  0.0372  0.0677  0.0736  0.0317  0.0652  
 3   0.0421  0.0192     -    0.0799  0.0691  0.0414  0.0505  0.0676  0.0413  0.0504  
 4   0.0924  0.0739  0.0799     -    0.1062  0.0714  0.0989  0.1271  0.0710  0.1397  
 5   0.0859  0.0661  0.0691  0.1062     -    0.0792  0.1209  0.1162  0.0694  0.1148  
 6   0.0440  0.0372  0.0414  0.0714  0.0792     -    0.0915  0.0846  0.0365  0.0695  
 7   0.0553  0.0677  0.0505  0.0989  0.1209  0.0915     -    0.1121  0.0765  0.0650  
 8   0.0835  0.0736  0.0676  0.1271  0.1162  0.0846  0.1121     -    0.0869  0.1086  
 9   0.0358  0.0317  0.0413  0.0710  0.0694  0.0365  0.0765  0.0869     -    0.0662  
10   0.0484  0.0652  0.0504  0.1397  0.1148  0.0695  0.0650  0.1086  0.0662     -    

Average distances (expected heterozygosity) between individuals in same cluster:
cluster  1  : 0.6140 
cluster  2  : 0.6215 
cluster  3  : 0.6391 
cluster  4  : 0.5430 
cluster  5  : 0.6111 
cluster  6  : 0.5977 
cluster  7  : 0.5822 
cluster  8  : 0.5803 
cluster  9  : 0.6164 
cluster 10  : 0.6011 

--------------------------------------------
Estimated Ln Prob of Data   = -12376.9
Mean value of ln likelihood = -11591.2
Variance of ln likelihood   = 1571.3
Mean value of alpha         = 0.0476

Mean value of Fst_1         = 0.1379
Mean value of Fst_2         = 0.0960
Mean value of Fst_3         = 0.0852
Mean value of Fst_4         = 0.2085
Mean value of Fst_5         = 0.1977
Mean value of Fst_6         = 0.1098
Mean value of Fst_7         = 0.2360
Mean value of Fst_8         = 0.1990
Mean value of Fst_9         = 0.0927
Mean value of Fst_10         = 0.1609


Inferred ancestry of individuals:
        Label (%Miss) Pop:  Inferred clusters
  1 24.0601.E1    (0)    1 :  0.008 0.008 0.007 0.014 0.013 0.010 0.014 0.010 0.909 0.007 
  2 24.0602.E1    (0)    1 :  0.013 0.010 0.011 0.009 0.004 0.006 0.010 0.010 0.915 0.011 
  3 24.0603.E1    (0)    1 :  0.011 0.068 0.015 0.021 0.005 0.025 0.008 0.007 0.834 0.005 
  4 24.0604.E1    (0)    1 :  0.016 0.005 0.008 0.006 0.008 0.134 0.006 0.154 0.616 0.048 
  5 24.0605.E1    (0)    1 :  0.025 0.018 0.011 0.035 0.007 0.030 0.014 0.007 0.844 0.008 
  6 24.0606.E1    (0)    1 :  0.011 0.029 0.029 0.018 0.010 0.122 0.012 0.005 0.745 0.018 
  7 24.0607.E1    (0)    1 :  0.475 0.111 0.027 0.246 0.006 0.014 0.016 0.010 0.084 0.011 
  8 24.0608.E1    (0)    1 :  0.015 0.009 0.026 0.122 0.004 0.007 0.085 0.006 0.687 0.039 
  9 24.0609.E1    (0)    1 :  0.031 0.020 0.021 0.006 0.004 0.259 0.012 0.008 0.181 0.456 
 10 24.0610.E1    (0)    1 :  0.009 0.016 0.012 0.008 0.005 0.094 0.006 0.004 0.445 0.400 
 11 24.0611.E1    (0)    1 :  0.025 0.011 0.008 0.006 0.007 0.030 0.008 0.005 0.864 0.036 
 12 24.0612.E1    (0)    1 :  0.009 0.030 0.007 0.015 0.008 0.007 0.005 0.013 0.900 0.008 
 13 24.0613.E1    (0)    1 :  0.007 0.011 0.005 0.005 0.007 0.052 0.006 0.005 0.881 0.022 
 14 24.0614.E1    (0)    1 :  0.100 0.008 0.014 0.233 0.007 0.011 0.321 0.005 0.289 0.010 
 15 24.0615.E1    (0)    1 :  0.055 0.017 0.010 0.046 0.013 0.011 0.018 0.020 0.659 0.150 
 16 24.0616.E1    (0)    1 :  0.018 0.009 0.006 0.005 0.013 0.009 0.005 0.006 0.918 0.010 
 17 24.0617.E1    (0)    1 :  0.028 0.018 0.008 0.021 0.026 0.016 0.012 0.006 0.300 0.565 
 18 24.0618.E1    (0)    1 :  0.028 0.045 0.016 0.005 0.009 0.044 0.056 0.005 0.723 0.069 
 19 24.0619.E1    (0)    1 :  0.249 0.008 0.143 0.005 0.018 0.039 0.005 0.038 0.482 0.014 
 20 24.0620.E1   (20)    1 :  0.030 0.040 0.032 0.707 0.012 0.082 0.009 0.011 0.037 0.039 
 21 24.0621.E1    (0)    1 :  0.301 0.011 0.153 0.005 0.005 0.034 0.077 0.049 0.292 0.074 
 22 24.0622.E1    (0)    1 :  0.005 0.012 0.019 0.010 0.020 0.016 0.005 0.005 0.901 0.010 
 23 24.0623.E1    (0)    1 :  0.043 0.016 0.028 0.018 0.093 0.015 0.019 0.011 0.726 0.032 
 24 24.0624.E1    (0)    1 :  0.006 0.008 0.005 0.006 0.006 0.005 0.006 0.004 0.943 0.010 
 25 24.0625.E1    (0)    2 :  0.010 0.031 0.075 0.051 0.588 0.048 0.133 0.040 0.014 0.010 
 26 24.0626.E1    (0)    2 :  0.004 0.005 0.034 0.047 0.841 0.004 0.054 0.005 0.004 0.003 
 27 24.0627.E1    (0)    2 :  0.015 0.010 0.018 0.018 0.483 0.034 0.013 0.399 0.007 0.005 
 28 24.0628.E1    (0)    2 :  0.013 0.010 0.117 0.131 0.445 0.092 0.063 0.006 0.030 0.092 
 29 24.0629.E1    (0)    2 :  0.010 0.040 0.009 0.005 0.831 0.008 0.010 0.009 0.066 0.011 
 30 24.0630.E1    (0)    2 :  0.006 0.005 0.016 0.085 0.830 0.010 0.032 0.007 0.005 0.004 
 31 24.0631.E1    (0)    2 :  0.003 0.004 0.003 0.004 0.967 0.003 0.003 0.004 0.005 0.003 
 32 24.0632.E1    (0)    2 :  0.006 0.027 0.006 0.025 0.900 0.006 0.005 0.011 0.007 0.006 
 33 24.0633.E1    (0)    2 :  0.007 0.029 0.045 0.038 0.440 0.019 0.398 0.006 0.013 0.007 
 34 24.0634.E1    (0)    2 :  0.010 0.010 0.011 0.006 0.895 0.011 0.030 0.008 0.009 0.010 
 35 24.0635.E1    (0)    2 :  0.056 0.077 0.115 0.019 0.597 0.019 0.044 0.021 0.023 0.028 
 36 24.0636.E1   (33)    2 :  0.008 0.024 0.021 0.669 0.067 0.133 0.007 0.026 0.034 0.011 
 37 24.0637.E1    (0)    2 :  0.005 0.006 0.004 0.007 0.959 0.005 0.003 0.004 0.004 0.003 
 38 24.0638.E1    (0)    2 :  0.006 0.039 0.027 0.004 0.873 0.022 0.005 0.010 0.008 0.006 
 39 24.0639.E1    (0)    2 :  0.009 0.049 0.008 0.013 0.754 0.007 0.009 0.028 0.040 0.084 
 40 24.0640.E1    (0)    2 :  0.009 0.008 0.006 0.005 0.937 0.007 0.009 0.005 0.008 0.007 
 41 24.0641.E1    (0)    2 :  0.324 0.017 0.097 0.018 0.382 0.015 0.007 0.021 0.106 0.014 
 42 24.0642.E1    (0)    2 :  0.005 0.008 0.040 0.042 0.575 0.252 0.004 0.007 0.062 0.004 
 43 24.0643.E1    (0)    2 :  0.005 0.076 0.009 0.046 0.582 0.008 0.007 0.247 0.008 0.011 
 44 24.0644.E1    (0)    2 :  0.017 0.005 0.006 0.005 0.885 0.023 0.005 0.005 0.008 0.039 
 45 24.0645.E1    (0)    2 :  0.020 0.006 0.005 0.018 0.739 0.164 0.004 0.006 0.010 0.029 
 46 24.0646.E1    (0)    2 :  0.017 0.005 0.006 0.005 0.886 0.023 0.005 0.005 0.008 0.039 
 47 24.0647.E1    (0)    2 :  0.005 0.006 0.004 0.007 0.959 0.005 0.003 0.004 0.004 0.003 
 48 24.0648.E1    (0)    2 :  0.005 0.006 0.004 0.007 0.959 0.005 0.003 0.004 0.004 0.003 
 49 24.0649.E1    (0)    3 :  0.008 0.353 0.560 0.003 0.006 0.008 0.016 0.015 0.006 0.023 
 50 24.0650.E1    (0)    3 :  0.073 0.019 0.270 0.004 0.004 0.298 0.218 0.011 0.020 0.084 
 51 24.0651.E1    (0)    3 :  0.199 0.260 0.225 0.024 0.152 0.019 0.079 0.027 0.008 0.009 
 52 24.0652.E1    (0)    3 :  0.007 0.013 0.651 0.004 0.004 0.005 0.283 0.009 0.017 0.006 
 53 24.0653.E1    (0)    3 :  0.023 0.030 0.059 0.007 0.005 0.010 0.012 0.824 0.005 0.026 
 54 24.0654.E1    (0)    3 :  0.007 0.065 0.678 0.005 0.009 0.007 0.192 0.007 0.006 0.025 
 55 24.0655.E1    (0)    3 :  0.012 0.584 0.188 0.007 0.014 0.012 0.115 0.011 0.030 0.028 
 56 24.0656.E1    (0)    3 :  0.006 0.009 0.632 0.010 0.004 0.011 0.302 0.010 0.007 0.009 
 57 24.0657.E1    (0)    3 :  0.006 0.010 0.638 0.009 0.004 0.011 0.296 0.010 0.006 0.009 
 58 24.0658.E1    (0)    3 :  0.015 0.297 0.326 0.008 0.007 0.034 0.006 0.072 0.021 0.214 
 59 24.0659.E1    (0)    3 :  0.032 0.050 0.429 0.003 0.010 0.012 0.080 0.304 0.049 0.032 
 60 24.0660.E1    (6)    3 :  0.009 0.403 0.500 0.006 0.014 0.015 0.007 0.014 0.025 0.007 
 61 24.0661.E1    (0)    3 :  0.007 0.011 0.534 0.011 0.005 0.005 0.405 0.009 0.007 0.005 
 62 24.0662.E1    (0)    3 :  0.174 0.288 0.140 0.015 0.029 0.011 0.121 0.096 0.093 0.033 
 63 24.0663.E1    (0)    3 :  0.035 0.057 0.114 0.005 0.010 0.051 0.134 0.007 0.006 0.581 
 64 24.0664.E1    (0)    3 :  0.011 0.118 0.692 0.017 0.007 0.008 0.116 0.009 0.005 0.017 
 65 24.0665.E1    (0)    3 :  0.009 0.091 0.621 0.048 0.006 0.018 0.168 0.027 0.006 0.005 
 66 24.0666.E1    (0)    3 :  0.005 0.007 0.012 0.004 0.005 0.009 0.005 0.938 0.008 0.008 
 67 24.0667.E1    (0)    3 :  0.004 0.009 0.015 0.004 0.003 0.005 0.005 0.940 0.009 0.005 
 68 24.0668.E1    (0)    3 :  0.004 0.004 0.004 0.003 0.004 0.004 0.003 0.966 0.003 0.004 
 69 24.0669.E1    (0)    3 :  0.006 0.004 0.005 0.004 0.004 0.004 0.003 0.962 0.004 0.004 
 70 24.0670.E1    (0)    3 :  0.007 0.540 0.314 0.005 0.004 0.004 0.016 0.040 0.013 0.057 
 71 24.0671.E1    (0)    3 :  0.018 0.284 0.566 0.008 0.010 0.014 0.047 0.011 0.011 0.031 
 72 24.0672.E1    (0)    3 :  0.040 0.082 0.504 0.005 0.006 0.020 0.009 0.270 0.057 0.008 
 73 24.0673.E1    (6)    4 :  0.008 0.032 0.088 0.156 0.025 0.207 0.366 0.009 0.100 0.008 
 74 24.0674.E1    (0)    4 :  0.009 0.010 0.006 0.022 0.007 0.894 0.028 0.004 0.012 0.008 
 75 24.0675.E1    (0)    4 :  0.020 0.026 0.018 0.022 0.024 0.764 0.067 0.009 0.023 0.027 
 76 24.0676.E1    (0)    4 :  0.023 0.052 0.017 0.019 0.006 0.688 0.032 0.006 0.012 0.144 
 77 24.0677.E1    (0)    4 :  0.036 0.806 0.018 0.009 0.004 0.018 0.051 0.016 0.023 0.019 
 78 24.0678.E1    (0)    4 :  0.041 0.262 0.114 0.011 0.040 0.021 0.020 0.120 0.363 0.008 
 79 24.0679.E1    (0)    4 :  0.013 0.097 0.204 0.007 0.014 0.260 0.010 0.055 0.130 0.209 
 80 24.0680.E1    (0)    4 :  0.035 0.399 0.329 0.009 0.023 0.049 0.010 0.095 0.044 0.007 
 81 24.0681.E1    (0)    4 :  0.011 0.140 0.192 0.018 0.009 0.561 0.009 0.016 0.038 0.007 
 82 24.0682.E1    (0)    4 :  0.006 0.004 0.003 0.004 0.004 0.962 0.003 0.004 0.004 0.005 
 83 24.0683.E1    (0)    4 :  0.008 0.011 0.006 0.103 0.006 0.815 0.025 0.007 0.013 0.004 
 84 24.0684.E1    (0)    4 :  0.013 0.048 0.015 0.029 0.029 0.742 0.018 0.010 0.072 0.025 
 85 24.0685.E1    (0)    4 :  0.006 0.014 0.064 0.015 0.007 0.804 0.005 0.059 0.012 0.016 
 86 24.0686.E1    (0)    4 :  0.022 0.757 0.080 0.010 0.044 0.020 0.010 0.010 0.035 0.013 
 87 24.0687.E1    (0)    4 :  0.017 0.704 0.093 0.010 0.090 0.034 0.010 0.005 0.022 0.014 
 88 24.0688.E1    (0)    4 :  0.006 0.007 0.006 0.005 0.006 0.952 0.004 0.004 0.005 0.004 
 89 24.0689.E1    (0)    4 :  0.012 0.499 0.059 0.021 0.012 0.085 0.041 0.006 0.019 0.245 
 90 24.0690.E1    (0)    4 :  0.014 0.221 0.063 0.027 0.029 0.035 0.019 0.566 0.021 0.006 
 91 24.0691.E1    (0)    4 :  0.005 0.021 0.011 0.006 0.007 0.887 0.006 0.009 0.022 0.026 
 92 24.0692.E1    (0)    4 :  0.006 0.071 0.018 0.008 0.005 0.856 0.004 0.008 0.005 0.020 
 93 24.0693.E1    (0)    4 :  0.012 0.061 0.114 0.354 0.008 0.346 0.039 0.016 0.011 0.039 
 94 24.0694.E1    (0)    4 :  0.006 0.007 0.030 0.008 0.006 0.913 0.004 0.011 0.007 0.007 
 95 24.0695.E1    (0)    4 :  0.025 0.010 0.065 0.007 0.006 0.753 0.006 0.015 0.078 0.036 
 96 24.0696.E1    (0)    4 :  0.007 0.025 0.040 0.008 0.014 0.853 0.006 0.011 0.024 0.014 
 97 24.0697.E1    (0)    5 :  0.010 0.849 0.018 0.024 0.009 0.063 0.007 0.006 0.005 0.009 
 98 24.0698.E1    (0)    5 :  0.012 0.863 0.010 0.030 0.012 0.016 0.012 0.023 0.011 0.012 
 99 24.0699.E1    (0)    5 :  0.009 0.928 0.012 0.006 0.007 0.005 0.008 0.009 0.010 0.005 
100 24.0700.E1    (0)    5 :  0.006 0.841 0.102 0.006 0.005 0.013 0.009 0.008 0.006 0.007 
101 24.0701.E1    (0)    5 :  0.010 0.058 0.008 0.054 0.012 0.009 0.008 0.823 0.008 0.011 
102 24.0702.E1    (0)    5 :  0.007 0.796 0.113 0.017 0.011 0.008 0.007 0.025 0.008 0.008 
103 24.0703.E1    (0)    5 :  0.063 0.800 0.009 0.006 0.049 0.006 0.043 0.012 0.008 0.005 
104 24.0704.E1    (6)    5 :  0.236 0.694 0.015 0.007 0.007 0.012 0.006 0.006 0.011 0.007 
105 24.0705.E1    (0)    5 :  0.010 0.061 0.141 0.008 0.009 0.702 0.006 0.033 0.018 0.012 
106 24.0706.E1    (0)    5 :  0.013 0.642 0.259 0.010 0.008 0.020 0.012 0.021 0.006 0.009 
107 24.0707.E1    (0)    5 :  0.025 0.716 0.170 0.013 0.013 0.025 0.010 0.007 0.015 0.005 
108 24.0708.E1    (0)    5 :  0.095 0.173 0.031 0.022 0.213 0.043 0.201 0.020 0.051 0.149 
109 24.0709.E1    (0)    5 :  0.041 0.021 0.013 0.006 0.008 0.841 0.016 0.009 0.010 0.036 
110 24.0710.E1    (0)    5 :  0.018 0.663 0.011 0.027 0.007 0.152 0.041 0.036 0.025 0.018 
111 24.0711.E1    (0)    5 :  0.032 0.737 0.029 0.015 0.050 0.043 0.007 0.032 0.049 0.007 
112 24.0712.E1    (0)    5 :  0.006 0.222 0.012 0.014 0.034 0.029 0.006 0.656 0.015 0.007 
113 24.0713.E1    (0)    5 :  0.036 0.237 0.133 0.016 0.008 0.498 0.013 0.012 0.009 0.038 
114 24.0714.E1    (0)    5 :  0.027 0.596 0.218 0.009 0.015 0.037 0.022 0.015 0.043 0.017 
115 24.0715.E1    (0)    5 :  0.007 0.595 0.020 0.224 0.006 0.078 0.023 0.016 0.022 0.009 
116 24.0716.E1    (0)    5 :  0.026 0.492 0.026 0.014 0.031 0.015 0.010 0.294 0.046 0.046 
117 24.0717.E1    (0)    5 :  0.040 0.359 0.197 0.238 0.047 0.019 0.051 0.013 0.014 0.021 
118 24.0718.E1    (0)    5 :  0.008 0.487 0.188 0.011 0.043 0.173 0.005 0.056 0.021 0.008 
119 24.0719.E1    (0)    5 :  0.025 0.027 0.047 0.006 0.016 0.839 0.008 0.010 0.006 0.015 
120 24.0720.E1    (0)    5 :  0.013 0.128 0.095 0.005 0.016 0.686 0.007 0.013 0.016 0.021 
121 24.0721.E1    (0)    6 :  0.012 0.447 0.036 0.313 0.011 0.054 0.072 0.024 0.013 0.019 
122 24.0722.E1    (0)    6 :  0.048 0.128 0.019 0.466 0.114 0.076 0.043 0.071 0.022 0.012 
123 24.0723.E1    (0)    6 :  0.070 0.039 0.020 0.235 0.201 0.015 0.359 0.011 0.030 0.021 
124 24.0724.E1    (0)    6 :  0.074 0.054 0.023 0.078 0.040 0.274 0.185 0.013 0.201 0.056 
125 24.0725.E1    (0)    6 :  0.005 0.012 0.021 0.007 0.007 0.010 0.008 0.006 0.916 0.007 
126 24.0726.E1    (6)    6 :  0.010 0.014 0.091 0.081 0.009 0.167 0.007 0.008 0.606 0.007 
127 24.0727.E1    (0)    6 :  0.013 0.050 0.031 0.411 0.024 0.022 0.109 0.059 0.268 0.013 
128 24.0728.E1    (0)    6 :  0.008 0.405 0.042 0.166 0.027 0.017 0.034 0.011 0.278 0.012 
129 24.0729.E1    (0)    6 :  0.018 0.014 0.016 0.045 0.013 0.186 0.006 0.039 0.639 0.025 
130 24.0730.E1    (0)    6 :  0.008 0.848 0.021 0.014 0.008 0.018 0.010 0.014 0.045 0.014 
131 24.0731.E1    (0)    6 :  0.007 0.010 0.080 0.058 0.013 0.610 0.019 0.004 0.189 0.008 
132 24.0732.E1    (0)    6 :  0.007 0.044 0.041 0.699 0.010 0.098 0.010 0.016 0.070 0.004 
133 24.0733.E1    (0)    6 :  0.004 0.004 0.005 0.017 0.006 0.008 0.004 0.003 0.943 0.006 
134 24.0734.E1    (0)    6 :  0.007 0.166 0.014 0.729 0.011 0.008 0.014 0.009 0.032 0.007 
135 24.0735.E1    (0)    6 :  0.007 0.052 0.025 0.158 0.054 0.018 0.007 0.012 0.645 0.022 
136 24.0736.E1    (0)    6 :  0.006 0.012 0.006 0.035 0.008 0.007 0.006 0.004 0.910 0.006 
137 24.0737.E1    (0)    6 :  0.011 0.020 0.019 0.007 0.022 0.013 0.014 0.009 0.878 0.007 
138 24.0738.E1    (0)    6 :  0.008 0.016 0.011 0.023 0.010 0.009 0.007 0.009 0.901 0.005 
139 24.0739.E1    (0)    6 :  0.005 0.014 0.023 0.005 0.015 0.010 0.007 0.006 0.907 0.007 
140 24.0740.E1    (0)    6 :  0.029 0.010 0.017 0.011 0.020 0.258 0.005 0.010 0.622 0.019 
141 24.0741.E1    (0)    6 :  0.008 0.055 0.030 0.311 0.016 0.167 0.010 0.006 0.388 0.009 
142 24.0742.E1    (0)    6 :  0.010 0.015 0.011 0.671 0.011 0.026 0.021 0.008 0.220 0.007 
143 24.0743.E1    (0)    6 :  0.031 0.015 0.010 0.029 0.005 0.384 0.033 0.020 0.458 0.015 
144 24.0744.E1    (0)    6 :  0.028 0.021 0.016 0.120 0.012 0.120 0.018 0.323 0.316 0.027 
145 24.0745.E1    (0)    7 :  0.011 0.016 0.013 0.889 0.004 0.019 0.011 0.024 0.004 0.007 
146 24.0746.E1    (0)    7 :  0.104 0.135 0.017 0.592 0.054 0.035 0.010 0.008 0.035 0.010 
147 24.0747.E1    (0)    7 :  0.033 0.008 0.017 0.657 0.009 0.206 0.007 0.012 0.022 0.029 
148 24.0748.E1    (6)    7 :  0.043 0.010 0.021 0.568 0.008 0.262 0.012 0.012 0.024 0.039 
149 24.0749.E1    (0)    7 :  0.007 0.010 0.007 0.706 0.007 0.008 0.005 0.007 0.236 0.006 
150 24.0750.E1    (0)    7 :  0.031 0.263 0.074 0.176 0.012 0.139 0.016 0.026 0.251 0.013 
151 24.0751.E1    (0)    7 :  0.004 0.005 0.004 0.955 0.006 0.005 0.004 0.004 0.007 0.004 
152 24.0752.E1    (0)    7 :  0.009 0.021 0.005 0.883 0.006 0.010 0.010 0.004 0.044 0.007 
153 24.0753.E1    (0)    7 :  0.010 0.013 0.009 0.515 0.179 0.013 0.015 0.010 0.231 0.005 
154 24.0754.E1    (0)    7 :  0.005 0.009 0.011 0.888 0.016 0.025 0.006 0.007 0.027 0.006 
155 24.0755.E1    (0)    7 :  0.026 0.023 0.014 0.732 0.022 0.105 0.005 0.008 0.014 0.051 
156 24.0756.E1    (0)    7 :  0.008 0.005 0.006 0.929 0.008 0.006 0.009 0.005 0.011 0.014 
157 24.0757.E1    (0)    7 :  0.003 0.004 0.003 0.968 0.004 0.004 0.003 0.004 0.003 0.003 
158 24.0758.E1    (0)    7 :  0.003 0.005 0.003 0.967 0.004 0.004 0.003 0.004 0.004 0.003 
159 24.0759.E1    (0)    7 :  0.007 0.009 0.009 0.919 0.006 0.007 0.010 0.009 0.019 0.005 
160 24.0760.E1    (0)    7 :  0.007 0.033 0.020 0.600 0.289 0.020 0.006 0.008 0.010 0.006 
161 24.0761.E1    (0)    7 :  0.004 0.005 0.005 0.955 0.009 0.005 0.005 0.004 0.006 0.005 
162 24.0762.E1    (0)    7 :  0.035 0.075 0.168 0.087 0.008 0.041 0.006 0.227 0.188 0.164 
163 24.0763.E1    (0)    7 :  0.005 0.005 0.005 0.950 0.004 0.013 0.005 0.003 0.007 0.004 
164 24.0764.E1    (0)    7 :  0.004 0.008 0.006 0.945 0.008 0.004 0.004 0.004 0.011 0.004 
165 24.0765.E1    (0)    7 :  0.011 0.010 0.009 0.887 0.023 0.018 0.020 0.005 0.007 0.010 
166 24.0766.E1    (0)    7 :  0.005 0.007 0.006 0.938 0.006 0.008 0.008 0.006 0.010 0.005 
167 24.0767.E1    (0)    7 :  0.003 0.004 0.004 0.960 0.004 0.006 0.008 0.003 0.004 0.004 
168 24.0768.E1    (0)    7 :  0.114 0.036 0.063 0.127 0.005 0.358 0.010 0.009 0.243 0.035 
169 24.0779.E1    (0)    8 :  0.039 0.541 0.269 0.040 0.008 0.054 0.013 0.010 0.019 0.007 
170 24.0780.E1    (6)    8 :  0.009 0.552 0.178 0.004 0.006 0.033 0.036 0.009 0.008 0.163 
171 24.0781.E1    (0)    8 :  0.005 0.788 0.165 0.005 0.005 0.007 0.006 0.005 0.004 0.011 
172 24.0782.E1    (0)    8 :  0.015 0.323 0.077 0.021 0.035 0.359 0.029 0.008 0.112 0.021 
173 24.0783.E1    (0)    8 :  0.008 0.190 0.177 0.006 0.015 0.071 0.011 0.026 0.010 0.487 
174 24.0784.E1    (0)    8 :  0.022 0.678 0.203 0.004 0.005 0.039 0.008 0.004 0.009 0.028 
175 24.0785.E1    (0)    8 :  0.022 0.207 0.651 0.004 0.004 0.009 0.048 0.009 0.008 0.038 
176 24.0786.E1    (0)    8 :  0.016 0.457 0.172 0.009 0.009 0.111 0.017 0.011 0.027 0.171 
177 24.0787.E1    (0)    8 :  0.010 0.282 0.562 0.019 0.060 0.019 0.011 0.006 0.019 0.012 
178 24.0788.E1    (0)    8 :  0.008 0.142 0.678 0.006 0.017 0.029 0.010 0.006 0.005 0.100 
179 24.0789.E1    (0)    8 :  0.027 0.551 0.281 0.007 0.019 0.010 0.016 0.007 0.038 0.045 
180 24.0790.E1    (0)    8 :  0.009 0.145 0.804 0.003 0.005 0.005 0.011 0.005 0.004 0.008 
181 24.0791.E1    (0)    8 :  0.225 0.029 0.465 0.009 0.006 0.045 0.009 0.104 0.095 0.013 
182 24.0792.E1    (0)    8 :  0.008 0.055 0.704 0.014 0.004 0.052 0.125 0.022 0.009 0.007 
183 24.0793.E1    (0)    9 :  0.341 0.167 0.010 0.007 0.044 0.009 0.345 0.008 0.022 0.046 
184 24.0794.E1    (0)    9 :  0.034 0.018 0.166 0.007 0.006 0.006 0.116 0.006 0.596 0.045 
185 24.0795.E1    (0)    9 :  0.322 0.067 0.017 0.008 0.051 0.019 0.167 0.007 0.293 0.048 
186 24.0796.E1    (0)    9 :  0.076 0.063 0.252 0.005 0.008 0.007 0.128 0.005 0.092 0.364 
187 24.0797.E1    (0)    9 :  0.311 0.117 0.060 0.003 0.012 0.008 0.305 0.006 0.017 0.160 
188 24.0798.E1    (0)    9 :  0.278 0.020 0.018 0.018 0.023 0.024 0.246 0.353 0.009 0.011 
189 24.0799.E1    (0)    9 :  0.897 0.022 0.007 0.006 0.007 0.007 0.007 0.009 0.017 0.022 
190 24.0800.E1    (0)    9 :  0.784 0.015 0.012 0.006 0.005 0.029 0.020 0.009 0.017 0.102 
191 24.0801.E1    (0)    9 :  0.679 0.009 0.011 0.005 0.007 0.013 0.010 0.258 0.004 0.005 
192 24.0802.E1    (0)    9 :  0.510 0.018 0.014 0.004 0.069 0.012 0.300 0.011 0.009 0.052 
193 24.0803.E1    (0)    9 :  0.794 0.024 0.008 0.006 0.011 0.007 0.112 0.018 0.011 0.008 
194 24.0804.E1    (0)    9 :  0.513 0.009 0.007 0.004 0.019 0.010 0.330 0.004 0.012 0.093 
195 24.0805.E1    (0)    9 :  0.925 0.006 0.009 0.006 0.004 0.026 0.007 0.006 0.007 0.005 
196 24.0806.E1    (0)    9 :  0.606 0.010 0.006 0.006 0.105 0.006 0.243 0.005 0.007 0.006 
197 24.0807.E1    (0)    9 :  0.532 0.023 0.030 0.003 0.015 0.009 0.349 0.009 0.009 0.020 
198 24.0808.E1    (0)    9 :  0.706 0.034 0.080 0.006 0.019 0.076 0.021 0.005 0.013 0.039 
199 24.0809.E1    (0)    9 :  0.891 0.005 0.007 0.007 0.004 0.033 0.006 0.007 0.011 0.029 
200 24.0810.E1    (0)    9 :  0.802 0.010 0.007 0.008 0.011 0.025 0.115 0.006 0.007 0.008 
201 24.0811.E1    (0)    9 :  0.338 0.021 0.022 0.005 0.023 0.007 0.497 0.004 0.041 0.041 
202 24.0812.E1    (0)    9 :  0.384 0.045 0.035 0.006 0.007 0.025 0.062 0.009 0.042 0.385 
203 24.0813.E1    (0)    9 :  0.631 0.014 0.077 0.006 0.032 0.065 0.138 0.004 0.008 0.025 
204 24.0814.E1    (6)    9 :  0.651 0.006 0.020 0.004 0.022 0.018 0.058 0.008 0.008 0.205 
205 24.0815.E1    (0)    9 :  0.764 0.008 0.006 0.007 0.079 0.008 0.094 0.019 0.005 0.011 
206 24.0816.E1    (0)    9 :  0.535 0.017 0.012 0.005 0.022 0.004 0.366 0.019 0.007 0.012 
207 24.0817.E1    (0)   10 :  0.070 0.035 0.014 0.005 0.005 0.010 0.091 0.008 0.017 0.746 
208 24.0818.E1    (0)   10 :  0.012 0.098 0.017 0.008 0.011 0.005 0.023 0.006 0.034 0.786 
209 24.0819.E1    (0)   10 :  0.445 0.015 0.068 0.191 0.017 0.014 0.134 0.083 0.013 0.022 
210 24.0820.E1    (0)   10 :  0.019 0.007 0.126 0.260 0.008 0.005 0.406 0.014 0.006 0.148 
211 24.0821.E1    (0)   10 :  0.056 0.055 0.347 0.006 0.010 0.015 0.117 0.239 0.014 0.141 
212 24.0822.E1    (0)   10 :  0.008 0.019 0.021 0.018 0.004 0.008 0.009 0.006 0.006 0.902 
213 24.0823.E1    (0)   10 :  0.012 0.006 0.060 0.121 0.010 0.009 0.245 0.016 0.007 0.513 
214 24.0824.E1    (0)   10 :  0.016 0.007 0.007 0.008 0.006 0.036 0.011 0.445 0.007 0.458 
215 24.0825.E1    (0)   10 :  0.005 0.005 0.004 0.005 0.005 0.008 0.006 0.005 0.004 0.953 
216 24.0826.E1    (0)   10 :  0.020 0.012 0.219 0.124 0.009 0.009 0.437 0.020 0.006 0.144 
217 24.0827.E1    (0)   10 :  0.011 0.032 0.013 0.004 0.007 0.010 0.088 0.007 0.039 0.789 
218 24.0828.E1    (0)   10 :  0.037 0.014 0.245 0.020 0.009 0.014 0.438 0.067 0.009 0.148 
219 24.0829.E1    (0)   10 :  0.153 0.007 0.017 0.010 0.007 0.014 0.112 0.010 0.005 0.666 
220 24.0830.E1    (0)   10 :  0.009 0.009 0.047 0.004 0.004 0.008 0.018 0.008 0.005 0.888 
221 24.0831.E1    (0)   10 :  0.008 0.030 0.087 0.004 0.005 0.008 0.015 0.009 0.005 0.830 
222 24.0832.E1    (0)   10 :  0.004 0.006 0.006 0.003 0.003 0.007 0.014 0.004 0.010 0.942 
223 24.0833.E1    (0)   10 :  0.004 0.004 0.005 0.004 0.003 0.006 0.007 0.004 0.004 0.959 
224 24.0834.E1    (0)   10 :  0.007 0.005 0.006 0.007 0.006 0.007 0.007 0.005 0.006 0.944 
225 24.0835.E1    (0)   10 :  0.016 0.009 0.006 0.004 0.006 0.007 0.007 0.008 0.013 0.924 
226 24.0836.E1    (0)   10 :  0.012 0.011 0.008 0.009 0.004 0.017 0.006 0.015 0.010 0.908 
227 24.0837.E1    (0)   10 :  0.008 0.007 0.009 0.005 0.004 0.007 0.006 0.006 0.006 0.942 
228 24.0838.E1    (0)   10 :  0.006 0.012 0.009 0.006 0.004 0.010 0.013 0.005 0.004 0.931 
229 24.0839.E1    (0)   10 :  0.162 0.062 0.059 0.022 0.028 0.025 0.173 0.020 0.047 0.402 
230 24.0840.E1    (0)   10 :  0.148 0.017 0.015 0.004 0.022 0.006 0.276 0.009 0.011 0.492 
231 24.0841.E1    (0)   11 :  0.228 0.029 0.013 0.008 0.003 0.012 0.669 0.003 0.007 0.026 
232 24.0842.E1    (0)   11 :  0.207 0.017 0.009 0.007 0.003 0.007 0.549 0.168 0.010 0.024 
233 24.0843.E1    (0)   11 :  0.071 0.013 0.012 0.012 0.005 0.007 0.641 0.217 0.005 0.017 
234 24.0844.E1    (0)   11 :  0.177 0.032 0.026 0.007 0.005 0.014 0.030 0.343 0.025 0.340 
235 24.0845.E1    (0)   11 :  0.012 0.085 0.045 0.005 0.005 0.016 0.055 0.022 0.009 0.745 
236 24.0846.E1    (0)   11 :  0.020 0.011 0.008 0.010 0.009 0.010 0.015 0.010 0.011 0.895 
237 24.0847.E1    (0)   11 :  0.030 0.011 0.012 0.013 0.007 0.077 0.015 0.021 0.033 0.781 
238 24.0848.E1    (0)   11 :  0.038 0.043 0.020 0.005 0.004 0.026 0.016 0.016 0.012 0.820 
239 24.0849.E1    (0)   11 :  0.008 0.005 0.007 0.005 0.003 0.004 0.948 0.005 0.006 0.007 
240 24.0850.E1    (0)   11 :  0.008 0.006 0.008 0.005 0.003 0.004 0.948 0.005 0.006 0.007 
241 24.0851.E1    (0)   11 :  0.008 0.005 0.008 0.005 0.003 0.004 0.948 0.005 0.006 0.007 
242 24.0852.E1    (0)   11 :  0.015 0.058 0.068 0.022 0.005 0.010 0.690 0.007 0.010 0.115 
243 24.0853.E1    (0)   11 :  0.014 0.006 0.008 0.008 0.006 0.016 0.659 0.004 0.006 0.272 
244 24.0854.E1    (0)   11 :  0.034 0.008 0.064 0.011 0.006 0.010 0.144 0.677 0.012 0.035 
245 24.0855.E1    (0)   11 :  0.067 0.009 0.012 0.008 0.005 0.014 0.215 0.009 0.006 0.655 
246 24.0856.E1    (0)   11 :  0.110 0.224 0.027 0.031 0.079 0.009 0.089 0.304 0.081 0.046 
247 24.0857.E1    (0)   11 :  0.289 0.022 0.013 0.010 0.010 0.023 0.025 0.013 0.021 0.575 
248 24.0858.E1    (0)   11 :  0.086 0.111 0.035 0.016 0.005 0.014 0.058 0.029 0.016 0.629 
249 24.0859.E1    (0)   11 :  0.051 0.022 0.021 0.032 0.010 0.009 0.812 0.015 0.013 0.016 
250 24.0860.E1    (0)   11 :  0.485 0.194 0.013 0.036 0.034 0.007 0.141 0.024 0.023 0.042 
251 24.0861.E1    (0)   11 :  0.008 0.008 0.006 0.005 0.003 0.004 0.946 0.004 0.005 0.011 
252 24.0862.E1    (0)   11 :  0.626 0.073 0.014 0.007 0.038 0.009 0.168 0.007 0.031 0.027 
253 24.0863.E1    (0)   11 :  0.007 0.008 0.006 0.005 0.003 0.004 0.946 0.004 0.005 0.011 
254 24.0864.E1    (0)   11 :  0.025 0.026 0.140 0.007 0.007 0.467 0.046 0.017 0.134 0.131 
255 24.0865.E1    (0)   12 :  0.011 0.018 0.256 0.094 0.015 0.064 0.477 0.007 0.041 0.016 
256 24.0866.E1    (0)   12 :  0.325 0.171 0.026 0.028 0.006 0.256 0.018 0.020 0.027 0.123 
257 24.0867.E1    (0)   12 :  0.076 0.012 0.025 0.151 0.022 0.558 0.104 0.012 0.009 0.030 
258 24.0868.E1    (0)   12 :  0.028 0.090 0.295 0.020 0.029 0.427 0.009 0.017 0.011 0.075 
259 24.0869.E1    (0)   12 :  0.034 0.016 0.044 0.005 0.045 0.768 0.009 0.005 0.007 0.068 
260 24.0870.E1    (0)   12 :  0.020 0.202 0.172 0.025 0.117 0.210 0.007 0.015 0.103 0.129 
261 24.0871.E1    (0)   12 :  0.037 0.057 0.181 0.008 0.047 0.522 0.051 0.016 0.056 0.026 
262 24.0872.E1    (0)   12 :  0.069 0.045 0.204 0.155 0.009 0.295 0.179 0.021 0.013 0.010 
263 24.0873.E1    (0)   12 :  0.094 0.010 0.053 0.014 0.014 0.745 0.030 0.011 0.011 0.017 
264 24.0874.E1    (0)   12 :  0.186 0.015 0.028 0.240 0.007 0.314 0.121 0.019 0.009 0.061 
265 24.0875.E1    (0)   12 :  0.249 0.133 0.256 0.015 0.021 0.163 0.009 0.096 0.047 0.011 
266 24.0876.E1    (0)   12 :  0.148 0.057 0.197 0.018 0.011 0.373 0.006 0.058 0.126 0.006 
267 24.0877.E1    (0)   12 :  0.023 0.047 0.010 0.062 0.007 0.026 0.006 0.014 0.801 0.004 
268 24.0878.E1    (0)   12 :  0.009 0.009 0.035 0.013 0.009 0.155 0.013 0.030 0.677 0.051 
269 24.0879.E1    (0)   12 :  0.006 0.011 0.014 0.005 0.010 0.018 0.006 0.233 0.691 0.007 
270 24.0880.E1    (0)   12 :  0.012 0.024 0.098 0.014 0.014 0.249 0.012 0.067 0.026 0.484 
271 24.0881.E1    (0)   12 :  0.005 0.007 0.005 0.010 0.011 0.008 0.006 0.007 0.936 0.004 
272 24.0882.E1    (0)   12 :  0.014 0.030 0.011 0.657 0.008 0.018 0.009 0.010 0.236 0.008 
273 24.0883.E1    (0)   12 :  0.007 0.008 0.024 0.248 0.012 0.124 0.028 0.253 0.288 0.007 
274 24.0884.E1    (0)   12 :  0.006 0.015 0.008 0.046 0.008 0.023 0.018 0.022 0.851 0.004 
275 24.0885.E1    (0)   12 :  0.009 0.022 0.036 0.007 0.014 0.152 0.006 0.075 0.667 0.012 
276 24.0886.E1    (0)   12 :  0.012 0.012 0.049 0.205 0.005 0.202 0.029 0.101 0.380 0.005 
277 24.0887.E1    (0)   12 :  0.006 0.007 0.007 0.707 0.009 0.031 0.008 0.183 0.036 0.005 
278 24.0888.E1    (0)   12 :  0.029 0.135 0.759 0.006 0.008 0.015 0.007 0.014 0.019 0.008 


Estimated Allele Frequencies in each cluster
First column gives estimated ancestral frequencies


Locus 1 : 
31 alleles
0.0% missing data
 115   (0.035) 0.018 0.008 0.022 0.004 0.004 0.144 0.006 0.011 0.129 0.005 
 117   (0.040) 0.084 0.009 0.015 0.198 0.004 0.041 0.005 0.014 0.199 0.005 
 119   (0.039) 0.006 0.008 0.011 0.318 0.286 0.018 0.004 0.007 0.271 0.005 
 131   (0.013) 0.002 0.002 0.004 0.003 0.001 0.003 0.001 0.003 0.051 0.001 
 128   (0.038) 0.014 0.019 0.047 0.003 0.004 0.043 0.006 0.013 0.032 0.032 
 135   (0.016) 0.003 0.004 0.005 0.006 0.002 0.009 0.003 0.004 0.050 0.002 
 126   (0.083) 0.108 0.090 0.071 0.081 0.012 0.054 0.036 0.038 0.065 0.262 
 122   (0.034) 0.074 0.055 0.011 0.002 0.101 0.009 0.034 0.008 0.010 0.004 
 132   (0.030) 0.042 0.023 0.023 0.015 0.003 0.016 0.009 0.014 0.004 0.024 
 141   (0.009) 0.002 0.002 0.002 0.001 0.002 0.001 0.001 0.002 0.009 0.001 
 130   (0.049) 0.017 0.053 0.077 0.008 0.013 0.099 0.024 0.137 0.006 0.014 
 134   (0.037) 0.020 0.016 0.027 0.002 0.130 0.030 0.096 0.006 0.004 0.007 
 145   (0.021) 0.003 0.004 0.059 0.009 0.012 0.004 0.039 0.016 0.003 0.002 
 127   (0.026) 0.004 0.005 0.007 0.159 0.053 0.006 0.002 0.007 0.030 0.002 
 116   (0.109) 0.110 0.275 0.210 0.011 0.172 0.173 0.268 0.071 0.015 0.127 
 114   (0.057) 0.111 0.042 0.035 0.006 0.054 0.032 0.238 0.034 0.007 0.111 
 120   (0.039) 0.008 0.039 0.062 0.003 0.087 0.014 0.003 0.132 0.008 0.004 
 110   (0.046) 0.010 0.052 0.018 0.015 0.021 0.054 0.019 0.093 0.008 0.089 
 133   (0.014) 0.009 0.002 0.005 0.013 0.009 0.002 0.001 0.003 0.003 0.001 
 118   (0.117) 0.314 0.257 0.211 0.020 0.013 0.186 0.185 0.327 0.015 0.188 
 125   (0.015) 0.007 0.006 0.005 0.001 0.002 0.002 0.005 0.005 0.003 0.011 
 129   (0.019) 0.003 0.004 0.011 0.006 0.002 0.005 0.002 0.023 0.044 0.002 
 124   (0.015) 0.003 0.007 0.021 0.002 0.002 0.003 0.002 0.017 0.007 0.002 
 136   (0.020) 0.003 0.004 0.007 0.001 0.002 0.037 0.002 0.003 0.003 0.076 
 121   (0.014) 0.002 0.002 0.004 0.068 0.001 0.003 0.001 0.002 0.006 0.001 
 139   (0.010) 0.001 0.002 0.002 0.001 0.001 0.001 0.001 0.001 0.011 0.001 
 113   (0.012) 0.002 0.002 0.003 0.015 0.001 0.002 0.001 0.002 0.001 0.001 
 111   (0.009) 0.001 0.001 0.002 0.013 0.001 0.002 0.001 0.002 0.001 0.001 
 143   (0.010) 0.001 0.001 0.002 0.015 0.001 0.001 0.001 0.001 0.001 0.001 
 140   (0.014) 0.014 0.004 0.018 0.001 0.002 0.003 0.002 0.002 0.002 0.001 
 112   (0.010) 0.001 0.002 0.002 0.001 0.001 0.001 0.001 0.002 0.001 0.014 

Locus 2 : 
18 alleles
0.0% missing data
 152   (0.369) 0.502 0.462 0.199 0.792 0.393 0.507 0.465 0.376 0.646 0.171 
 148   (0.071) 0.012 0.052 0.031 0.022 0.222 0.186 0.007 0.038 0.140 0.008 
 154   (0.110) 0.048 0.107 0.058 0.033 0.260 0.167 0.051 0.039 0.046 0.260 
 156   (0.016) 0.005 0.006 0.005 0.001 0.002 0.002 0.002 0.005 0.013 0.002 
 150   (0.025) 0.004 0.004 0.005 0.049 0.065 0.003 0.002 0.006 0.009 0.002 
 164   (0.078) 0.051 0.142 0.065 0.011 0.010 0.031 0.135 0.018 0.071 0.042 
 158   (0.031) 0.011 0.008 0.010 0.009 0.014 0.019 0.006 0.185 0.009 0.004 
 160   (0.018) 0.003 0.010 0.010 0.019 0.002 0.010 0.002 0.003 0.003 0.002 
 166   (0.022) 0.036 0.020 0.011 0.001 0.006 0.004 0.003 0.003 0.003 0.002 
 151   (0.070) 0.019 0.091 0.322 0.005 0.007 0.011 0.132 0.215 0.009 0.470 
 147   (0.065) 0.271 0.033 0.197 0.005 0.007 0.024 0.165 0.053 0.008 0.026 
 168   (0.024) 0.012 0.009 0.032 0.003 0.003 0.009 0.011 0.006 0.004 0.002 
 153   (0.016) 0.002 0.011 0.018 0.001 0.001 0.002 0.005 0.003 0.002 0.001 
 149   (0.025) 0.004 0.009 0.011 0.012 0.002 0.017 0.002 0.042 0.003 0.002 
 162   (0.021) 0.013 0.009 0.014 0.003 0.003 0.003 0.010 0.003 0.008 0.003 
 167   (0.013) 0.002 0.002 0.003 0.001 0.001 0.002 0.001 0.002 0.024 0.001 
 146   (0.013) 0.002 0.002 0.002 0.031 0.001 0.002 0.001 0.002 0.001 0.001 
 172   (0.014) 0.002 0.023 0.008 0.001 0.001 0.002 0.001 0.002 0.002 0.001 

Locus 3 : 
4 alleles
0.0% missing data
 128   (0.295) 0.303 0.217 0.253 0.447 0.316 0.296 0.388 0.249 0.206 0.408 
 126   (0.608) 0.653 0.743 0.675 0.545 0.618 0.681 0.487 0.568 0.714 0.542 
 132   (0.084) 0.042 0.035 0.069 0.007 0.060 0.021 0.124 0.140 0.079 0.049 
 134   (0.014) 0.002 0.005 0.003 0.001 0.006 0.002 0.001 0.042 0.002 0.001 

Locus 4 : 
3 alleles
0.0% missing data
 170   (0.321) 0.267 0.374 0.347 0.287 0.406 0.149 0.234 0.189 0.327 0.434 
 172   (0.666) 0.731 0.624 0.648 0.711 0.585 0.847 0.764 0.809 0.671 0.564 
 171   (0.013) 0.002 0.002 0.005 0.002 0.010 0.003 0.002 0.002 0.002 0.002 

Locus 5 : 
37 alleles
0.0% missing data
 125   (0.058) 0.022 0.021 0.033 0.036 0.060 0.044 0.113 0.149 0.063 0.074 
 110   (0.037) 0.044 0.007 0.022 0.016 0.041 0.006 0.017 0.032 0.044 0.088 
 129   (0.033) 0.014 0.107 0.058 0.003 0.003 0.007 0.040 0.009 0.052 0.007 
 113   (0.031) 0.058 0.117 0.050 0.002 0.004 0.009 0.032 0.006 0.012 0.014 
 145   (0.052) 0.013 0.019 0.093 0.087 0.006 0.149 0.036 0.079 0.218 0.014 
 155   (0.052) 0.060 0.060 0.020 0.014 0.181 0.024 0.037 0.017 0.152 0.057 
 117   (0.030) 0.018 0.009 0.028 0.030 0.005 0.123 0.005 0.006 0.022 0.003 
 124   (0.009) 0.001 0.001 0.002 0.001 0.001 0.001 0.001 0.001 0.023 0.001 
 133   (0.035) 0.013 0.031 0.076 0.076 0.004 0.027 0.005 0.009 0.038 0.004 
 157   (0.049) 0.026 0.187 0.048 0.023 0.029 0.040 0.005 0.116 0.008 0.061 
 141   (0.014) 0.003 0.028 0.017 0.001 0.001 0.006 0.001 0.002 0.004 0.006 
 112   (0.071) 0.032 0.083 0.037 0.159 0.187 0.098 0.177 0.016 0.065 0.142 
 121   (0.019) 0.053 0.007 0.016 0.002 0.009 0.003 0.037 0.006 0.004 0.003 
 114   (0.036) 0.015 0.007 0.012 0.179 0.015 0.153 0.003 0.007 0.041 0.075 
 153   (0.055) 0.227 0.018 0.069 0.004 0.010 0.030 0.042 0.235 0.055 0.091 
 127   (0.073) 0.050 0.094 0.101 0.067 0.022 0.077 0.248 0.035 0.072 0.101 
 131   (0.059) 0.106 0.024 0.025 0.197 0.225 0.028 0.045 0.145 0.054 0.045 
 135   (0.032) 0.083 0.034 0.027 0.003 0.009 0.013 0.071 0.023 0.006 0.014 
 104   (0.008) 0.001 0.001 0.004 0.002 0.009 0.003 0.001 0.001 0.001 0.002 
 118   (0.018) 0.003 0.009 0.007 0.002 0.018 0.009 0.001 0.015 0.017 0.002 
 116   (0.029) 0.025 0.012 0.020 0.004 0.027 0.029 0.015 0.028 0.006 0.017 
 137   (0.023) 0.044 0.020 0.009 0.005 0.109 0.006 0.013 0.012 0.005 0.002 
 123   (0.022) 0.032 0.004 0.013 0.003 0.005 0.006 0.013 0.006 0.006 0.093 
 149   (0.009) 0.002 0.001 0.007 0.001 0.001 0.006 0.003 0.001 0.001 0.002 
 138   (0.011) 0.001 0.010 0.066 0.001 0.001 0.001 0.006 0.001 0.001 0.001 
 143   (0.025) 0.005 0.025 0.028 0.073 0.003 0.003 0.008 0.012 0.003 0.051 
 163   (0.009) 0.001 0.011 0.003 0.001 0.002 0.002 0.001 0.001 0.001 0.001 
 109   (0.010) 0.001 0.001 0.002 0.001 0.001 0.030 0.001 0.001 0.001 0.001 
 139   (0.010) 0.001 0.012 0.004 0.001 0.001 0.001 0.001 0.002 0.001 0.001 
 106   (0.009) 0.002 0.011 0.004 0.001 0.001 0.001 0.001 0.001 0.001 0.001 
 144   (0.014) 0.020 0.004 0.005 0.001 0.001 0.039 0.001 0.002 0.002 0.002 
 122   (0.010) 0.002 0.002 0.003 0.003 0.001 0.009 0.001 0.002 0.013 0.001 
 100   (0.017) 0.015 0.010 0.029 0.001 0.002 0.007 0.016 0.005 0.003 0.008 
 111   (0.010) 0.001 0.006 0.042 0.001 0.001 0.001 0.001 0.001 0.001 0.001 
 233   (0.009) 0.002 0.002 0.008 0.001 0.001 0.001 0.002 0.008 0.001 0.002 
 134   (0.009) 0.001 0.002 0.003 0.001 0.001 0.001 0.001 0.001 0.001 0.012 
 140   (0.008) 0.002 0.002 0.007 0.001 0.001 0.007 0.001 0.001 0.001 0.001 

Locus 6 : 
17 alleles
0.0% missing data
 221   (0.023) 0.003 0.003 0.005 0.087 0.002 0.003 0.002 0.003 0.143 0.002 
 232   (0.250) 0.249 0.320 0.363 0.434 0.100 0.255 0.718 0.282 0.161 0.265 
 229   (0.054) 0.024 0.010 0.021 0.061 0.067 0.028 0.011 0.016 0.099 0.093 
 223   (0.060) 0.018 0.069 0.021 0.007 0.007 0.061 0.011 0.106 0.096 0.071 
 230   (0.155) 0.081 0.226 0.186 0.296 0.157 0.237 0.035 0.106 0.066 0.237 
 235   (0.015) 0.002 0.002 0.003 0.001 0.002 0.002 0.001 0.002 0.071 0.001 
 236   (0.038) 0.010 0.014 0.043 0.005 0.042 0.008 0.014 0.012 0.092 0.004 
 227   (0.023) 0.006 0.013 0.007 0.002 0.002 0.009 0.002 0.008 0.062 0.002 
 220   (0.052) 0.164 0.011 0.065 0.003 0.180 0.037 0.074 0.012 0.007 0.024 
 222   (0.039) 0.183 0.012 0.052 0.002 0.263 0.018 0.016 0.006 0.005 0.005 
 234   (0.132) 0.184 0.093 0.091 0.054 0.161 0.256 0.016 0.285 0.092 0.149 
 224   (0.032) 0.006 0.027 0.020 0.002 0.003 0.005 0.003 0.118 0.004 0.074 
 228   (0.058) 0.023 0.187 0.102 0.004 0.006 0.045 0.059 0.013 0.011 0.035 
 225   (0.011) 0.007 0.003 0.003 0.001 0.002 0.002 0.003 0.002 0.005 0.001 
 226   (0.017) 0.031 0.003 0.004 0.001 0.003 0.002 0.032 0.002 0.004 0.031 
 233   (0.027) 0.006 0.005 0.010 0.038 0.003 0.021 0.002 0.019 0.048 0.003 
 231   (0.015) 0.002 0.002 0.004 0.001 0.001 0.010 0.001 0.009 0.034 0.001 

Locus 7 : 
10 alleles
0.0% missing data
 121   (0.693) 0.801 0.824 0.850 0.750 0.796 0.813 0.632 0.590 0.884 0.787 
 129   (0.093) 0.028 0.047 0.061 0.102 0.010 0.056 0.172 0.094 0.075 0.124 
 130   (0.015) 0.025 0.004 0.004 0.002 0.002 0.002 0.007 0.003 0.002 0.001 
 123   (0.097) 0.072 0.077 0.053 0.095 0.127 0.029 0.181 0.217 0.025 0.077 
 128   (0.020) 0.003 0.003 0.004 0.022 0.036 0.004 0.001 0.020 0.003 0.002 
 131   (0.015) 0.003 0.006 0.003 0.001 0.023 0.002 0.002 0.008 0.002 0.002 
 117   (0.011) 0.002 0.006 0.011 0.001 0.001 0.001 0.001 0.002 0.001 0.001 
 125   (0.012) 0.001 0.002 0.002 0.001 0.001 0.001 0.001 0.060 0.001 0.001 
 134   (0.032) 0.062 0.029 0.009 0.005 0.004 0.082 0.003 0.006 0.004 0.003 
 132   (0.011) 0.003 0.002 0.003 0.021 0.001 0.008 0.001 0.002 0.002 0.001 

Locus 8 : 
19 alleles
0.0% missing data
 184   (0.300) 0.427 0.390 0.354 0.342 0.517 0.462 0.385 0.510 0.486 0.273 
 194   (0.047) 0.007 0.048 0.029 0.020 0.016 0.087 0.007 0.032 0.028 0.013 
 178   (0.101) 0.090 0.056 0.063 0.062 0.182 0.086 0.044 0.028 0.212 0.293 
 176   (0.082) 0.119 0.073 0.109 0.223 0.011 0.076 0.089 0.055 0.045 0.010 
 182   (0.077) 0.115 0.147 0.056 0.204 0.009 0.046 0.081 0.022 0.039 0.044 
 190   (0.030) 0.042 0.006 0.007 0.049 0.070 0.005 0.003 0.006 0.005 0.020 
 196   (0.021) 0.004 0.005 0.029 0.001 0.002 0.004 0.007 0.003 0.005 0.066 
 200   (0.024) 0.005 0.059 0.007 0.008 0.004 0.004 0.002 0.032 0.014 0.002 
 180   (0.024) 0.004 0.005 0.005 0.002 0.069 0.003 0.002 0.115 0.010 0.003 
 188   (0.039) 0.007 0.008 0.059 0.004 0.009 0.046 0.031 0.009 0.029 0.054 
 174   (0.038) 0.019 0.012 0.026 0.034 0.023 0.083 0.004 0.043 0.017 0.004 
 186   (0.123) 0.121 0.168 0.211 0.044 0.057 0.074 0.324 0.075 0.089 0.125 
 192   (0.022) 0.004 0.005 0.010 0.003 0.013 0.003 0.004 0.015 0.010 0.082 
 201   (0.011) 0.001 0.003 0.002 0.001 0.012 0.001 0.001 0.010 0.001 0.001 
 199   (0.019) 0.012 0.010 0.011 0.001 0.002 0.002 0.007 0.029 0.002 0.002 
 185   (0.011) 0.002 0.002 0.013 0.001 0.001 0.002 0.006 0.002 0.001 0.001 
 203   (0.010) 0.002 0.002 0.002 0.001 0.001 0.013 0.001 0.002 0.001 0.001 
 198   (0.011) 0.015 0.002 0.004 0.001 0.001 0.002 0.001 0.001 0.001 0.001 
 209   (0.010) 0.004 0.002 0.002 0.001 0.001 0.001 0.001 0.012 0.001 0.005 

Locus 9 : 
6 alleles
0.4% missing data
 154   (0.689) 0.772 0.701 0.850 0.630 0.819 0.653 0.827 0.674 0.718 0.802 
 156   (0.204) 0.211 0.223 0.107 0.355 0.171 0.270 0.052 0.310 0.163 0.127 
 152   (0.053) 0.009 0.030 0.020 0.005 0.005 0.043 0.114 0.008 0.074 0.065 
 153   (0.013) 0.002 0.018 0.009 0.001 0.001 0.002 0.004 0.002 0.002 0.001 
 160   (0.015) 0.002 0.025 0.007 0.001 0.001 0.002 0.001 0.002 0.002 0.001 
 164   (0.026) 0.004 0.004 0.007 0.008 0.002 0.031 0.002 0.004 0.041 0.002 

Locus 10 : 
29 alleles
0.7% missing data
 305   (0.064) 0.066 0.137 0.041 0.008 0.210 0.010 0.029 0.013 0.110 0.010 
 313   (0.049) 0.030 0.031 0.054 0.006 0.006 0.010 0.017 0.013 0.156 0.013 
 311   (0.018) 0.003 0.003 0.007 0.002 0.002 0.003 0.001 0.006 0.017 0.003 
 299   (0.118) 0.109 0.277 0.062 0.030 0.039 0.032 0.166 0.016 0.266 0.157 
 315   (0.074) 0.013 0.166 0.060 0.096 0.079 0.018 0.007 0.017 0.088 0.019 
 287   (0.018) 0.004 0.003 0.006 0.002 0.002 0.003 0.002 0.784 0.005 0.002 
 291   (0.109) 0.156 0.041 0.057 0.020 0.066 0.370 0.020 0.017 0.102 0.483 
 295   (0.024) 0.004 0.005 0.035 0.002 0.004 0.182 0.002 0.003 0.031 0.002 
 289   (0.016) 0.162 0.009 0.005 0.001 0.002 0.002 0.002 0.002 0.002 0.001 
 303   (0.044) 0.008 0.008 0.159 0.558 0.037 0.011 0.446 0.006 0.009 0.005 
 297   (0.046) 0.048 0.016 0.011 0.083 0.006 0.090 0.124 0.006 0.017 0.032 
 293   (0.018) 0.083 0.003 0.034 0.001 0.003 0.008 0.001 0.014 0.027 0.002 
 301   (0.061) 0.018 0.032 0.094 0.007 0.151 0.068 0.009 0.009 0.068 0.007 
 285   (0.027) 0.121 0.013 0.007 0.003 0.261 0.004 0.079 0.004 0.004 0.002 
 307   (0.055) 0.008 0.111 0.016 0.163 0.036 0.058 0.005 0.009 0.011 0.092 
 312   (0.056) 0.018 0.076 0.060 0.004 0.072 0.064 0.017 0.013 0.008 0.098 
 306   (0.027) 0.004 0.017 0.077 0.002 0.004 0.017 0.002 0.005 0.011 0.011 
 320   (0.013) 0.002 0.012 0.021 0.001 0.001 0.002 0.001 0.002 0.002 0.001 
 317   (0.020) 0.003 0.003 0.074 0.001 0.002 0.002 0.034 0.002 0.017 0.002 
 314   (0.024) 0.004 0.005 0.018 0.002 0.003 0.005 0.002 0.035 0.032 0.002 
 323   (0.012) 0.002 0.003 0.011 0.001 0.001 0.002 0.001 0.006 0.002 0.001 
 325   (0.013) 0.002 0.003 0.011 0.001 0.001 0.002 0.001 0.006 0.002 0.001 
 310   (0.017) 0.002 0.005 0.012 0.001 0.002 0.004 0.001 0.003 0.003 0.044 
 309   (0.013) 0.003 0.002 0.004 0.001 0.002 0.026 0.001 0.002 0.002 0.001 
 316   (0.016) 0.003 0.008 0.041 0.001 0.002 0.002 0.002 0.002 0.003 0.003 
 296   (0.011) 0.002 0.002 0.015 0.001 0.001 0.002 0.002 0.001 0.001 0.001 
 304   (0.014) 0.043 0.003 0.003 0.001 0.002 0.002 0.023 0.001 0.002 0.002 
 321   (0.013) 0.039 0.002 0.003 0.001 0.001 0.002 0.001 0.001 0.002 0.001 
 332   (0.011) 0.039 0.002 0.002 0.001 0.001 0.001 0.001 0.001 0.001 0.001 

Locus 11 : 
19 alleles
0.0% missing data
 114   (0.148) 0.029 0.179 0.121 0.200 0.286 0.264 0.028 0.050 0.240 0.022 
 126   (0.021) 0.003 0.003 0.005 0.004 0.017 0.005 0.002 0.003 0.059 0.002 
 111   (0.085) 0.568 0.018 0.035 0.006 0.009 0.013 0.478 0.024 0.208 0.557 
 116   (0.108) 0.065 0.116 0.047 0.267 0.019 0.132 0.015 0.137 0.109 0.028 
 132   (0.012) 0.002 0.003 0.003 0.001 0.001 0.002 0.001 0.002 0.011 0.001 
 109   (0.016) 0.002 0.002 0.003 0.001 0.001 0.003 0.001 0.002 0.047 0.002 
 128   (0.018) 0.003 0.004 0.005 0.001 0.002 0.014 0.001 0.003 0.008 0.006 
 112   (0.316) 0.076 0.589 0.537 0.488 0.607 0.441 0.089 0.427 0.241 0.048 
 122   (0.017) 0.004 0.003 0.011 0.005 0.007 0.008 0.006 0.003 0.002 0.002 
 124   (0.015) 0.002 0.002 0.003 0.002 0.018 0.002 0.002 0.002 0.002 0.001 
 118   (0.053) 0.101 0.026 0.019 0.011 0.014 0.062 0.010 0.085 0.019 0.007 
 127   (0.012) 0.002 0.006 0.011 0.001 0.001 0.001 0.001 0.002 0.001 0.001 
 113   (0.058) 0.090 0.014 0.115 0.004 0.005 0.010 0.347 0.053 0.008 0.233 
 115   (0.031) 0.006 0.007 0.018 0.003 0.003 0.013 0.003 0.185 0.022 0.006 
 120   (0.022) 0.003 0.003 0.007 0.001 0.002 0.020 0.002 0.003 0.003 0.066 
 117   (0.021) 0.016 0.014 0.009 0.002 0.003 0.003 0.007 0.004 0.003 0.007 
 125   (0.017) 0.004 0.005 0.043 0.001 0.001 0.002 0.002 0.004 0.002 0.002 
 119   (0.017) 0.023 0.003 0.005 0.001 0.002 0.003 0.004 0.002 0.002 0.006 
 136   (0.013) 0.002 0.002 0.003 0.001 0.001 0.002 0.001 0.009 0.010 0.001 

Locus 12 : 
28 alleles
0.7% missing data
 306   (0.067) 0.109 0.105 0.031 0.008 0.210 0.010 0.051 0.011 0.108 0.011 
 314   (0.057) 0.025 0.029 0.047 0.007 0.007 0.009 0.025 0.021 0.142 0.087 
 312   (0.012) 0.002 0.002 0.002 0.001 0.001 0.001 0.001 0.001 0.026 0.001 
 300   (0.123) 0.109 0.283 0.064 0.030 0.039 0.032 0.165 0.017 0.282 0.153 
 316   (0.043) 0.008 0.013 0.012 0.095 0.073 0.006 0.005 0.005 0.087 0.018 
 288   (0.018) 0.004 0.003 0.005 0.002 0.002 0.002 0.002 0.771 0.004 0.002 
 292   (0.108) 0.178 0.041 0.057 0.020 0.065 0.366 0.019 0.017 0.103 0.474 
 296   (0.030) 0.005 0.007 0.048 0.003 0.005 0.182 0.003 0.004 0.032 0.003 
 290   (0.017) 0.162 0.010 0.005 0.001 0.002 0.002 0.002 0.003 0.003 0.001 
 304   (0.046) 0.008 0.008 0.159 0.559 0.037 0.011 0.447 0.006 0.010 0.005 
 298   (0.048) 0.048 0.017 0.011 0.083 0.006 0.089 0.124 0.006 0.017 0.031 
 294   (0.017) 0.083 0.003 0.034 0.001 0.003 0.008 0.001 0.014 0.027 0.001 
 302   (0.065) 0.019 0.034 0.095 0.007 0.151 0.067 0.010 0.010 0.069 0.007 
 286   (0.029) 0.130 0.013 0.007 0.003 0.262 0.004 0.085 0.004 0.004 0.002 
 308   (0.035) 0.005 0.096 0.008 0.158 0.035 0.009 0.003 0.006 0.008 0.003 
 313   (0.045) 0.013 0.099 0.063 0.003 0.075 0.071 0.005 0.010 0.008 0.008 
 307   (0.046) 0.007 0.028 0.079 0.004 0.005 0.069 0.004 0.006 0.011 0.110 
 321   (0.016) 0.002 0.012 0.021 0.001 0.002 0.002 0.001 0.002 0.002 0.001 
 315   (0.051) 0.007 0.138 0.083 0.004 0.006 0.014 0.007 0.054 0.034 0.004 
 318   (0.016) 0.003 0.003 0.071 0.001 0.002 0.002 0.032 0.002 0.005 0.003 
 324   (0.013) 0.002 0.003 0.012 0.001 0.001 0.002 0.001 0.006 0.002 0.001 
 326   (0.013) 0.002 0.003 0.011 0.001 0.001 0.002 0.001 0.006 0.002 0.001 
 311   (0.021) 0.004 0.008 0.021 0.002 0.002 0.005 0.002 0.009 0.006 0.067 
 310   (0.010) 0.002 0.002 0.003 0.001 0.001 0.026 0.001 0.001 0.001 0.001 
 305   (0.015) 0.002 0.029 0.015 0.001 0.002 0.002 0.001 0.002 0.002 0.001 
 317   (0.015) 0.002 0.006 0.030 0.001 0.002 0.002 0.001 0.002 0.002 0.001 
 320   (0.011) 0.019 0.002 0.003 0.001 0.001 0.002 0.001 0.001 0.001 0.001 
 322   (0.014) 0.039 0.002 0.003 0.001 0.001 0.002 0.001 0.001 0.002 0.001 

Locus 13 : 
7 alleles
1.1% missing data
 161   (0.594) 0.704 0.574 0.511 0.892 0.068 0.835 0.344 0.471 0.658 0.424 
 163   (0.302) 0.241 0.406 0.453 0.025 0.032 0.129 0.509 0.512 0.258 0.564 
 160   (0.017) 0.003 0.003 0.005 0.001 0.444 0.003 0.001 0.003 0.002 0.002 
 162   (0.016) 0.002 0.002 0.003 0.001 0.449 0.002 0.001 0.002 0.002 0.001 
 165   (0.042) 0.045 0.007 0.021 0.003 0.004 0.026 0.142 0.008 0.073 0.007 
 166   (0.014) 0.003 0.006 0.004 0.002 0.001 0.004 0.001 0.003 0.005 0.001 
 164   (0.015) 0.002 0.002 0.003 0.075 0.001 0.002 0.001 0.002 0.002 0.001 

Locus 14 : 
4 alleles
0.4% missing data
  98   (0.957) 0.994 0.991 0.965 0.986 0.996 0.990 0.994 0.993 0.987 0.996 
 100   (0.013) 0.002 0.003 0.014 0.001 0.001 0.002 0.003 0.002 0.002 0.001 
  96   (0.017) 0.002 0.003 0.006 0.012 0.002 0.006 0.001 0.003 0.010 0.001 
 105   (0.013) 0.002 0.003 0.015 0.001 0.001 0.002 0.002 0.002 0.002 0.001 

Locus 15 : 
12 alleles
2.2% missing data
 171   (0.312) 0.389 0.304 0.393 0.179 0.219 0.201 0.256 0.457 0.406 0.357 
 177   (0.187) 0.198 0.151 0.167 0.053 0.356 0.289 0.062 0.239 0.194 0.099 
 173   (0.263) 0.309 0.308 0.290 0.061 0.098 0.326 0.600 0.148 0.283 0.491 
 179   (0.101) 0.039 0.154 0.049 0.577 0.311 0.043 0.066 0.121 0.073 0.011 
 183   (0.019) 0.005 0.007 0.007 0.010 0.002 0.003 0.007 0.007 0.027 0.002 
 181   (0.038) 0.007 0.030 0.058 0.116 0.004 0.010 0.004 0.005 0.006 0.033 
 197   (0.013) 0.002 0.002 0.003 0.001 0.001 0.074 0.001 0.002 0.002 0.001 
 170   (0.013) 0.003 0.013 0.013 0.001 0.002 0.003 0.001 0.006 0.002 0.001 
 189   (0.014) 0.002 0.024 0.005 0.001 0.003 0.002 0.001 0.002 0.002 0.001 
 203   (0.012) 0.002 0.002 0.003 0.001 0.001 0.045 0.001 0.002 0.001 0.001 
 187   (0.015) 0.024 0.003 0.009 0.001 0.001 0.002 0.001 0.011 0.003 0.001 
 198   (0.012) 0.020 0.002 0.003 0.001 0.001 0.002 0.001 0.002 0.001 0.001 

Values of parameters used in structure:
DATAFILE=STRUCTURE_main_final_278_HEG_ZG.str,	OUTFILE=STRUCTURE_main_final_278_HEG_ZG-K10-18,	NUMINDS=278,	NUMLOCI=15,	MISSING=-9,	LABEL=1,	POPDATA=1,	POPFLAG=0,	PHENOTYPE=0,	EXTRACOLS=0,	MAXPOPS=10,	BURNIN=100000,	NUMREPS=500000,	USEPOPINFO=0,	INFERALPHA=1,	INFERLAMBDA=0,	POPSPECIFICLAMBDA=0,	POPALPHAS=0,	COMPUTEPROB=1,	NOADMIX=0,	ADMBURNIN=2500,	UPDATEFREQ=1,	PRINTLIKES=0,	INTERMEDSAVE=0,	PRINTKLD=0,	PRINTNET=0,	PRINTLAMBDA=0,	ANCESTDIST=0,	NUMBOXES=1000,	ANCESTPINT=0.90000,	GENSBACK=2,	MIGRPRIOR=0.05000,	PRINTQHAT=0,	PRINTQSUM=0,	ALPHA=1.0000,	FREQSCORR=1,	FPRIORMEAN=0.0100,	FPRIORSD=0.0500,	ONEFST=0,	LAMBDA=1.0000,	UNIFPRIORALPHA=1,	ALPHAMAX=10.0000,	ALPHAPRIORA=1.0000,	ALPHAPRIORB=2.0000,	ALPHAPROPSD=0.0250,	STARTATPOPINFO=0,	RANDOMIZE=1,	LINKAGE=0,	METROFREQ=10,	REPORTHITRATE=0,	MARKOVPHASE=-1,	PHASED=0,	PLOIDY=2,	PHASEINFO=0	LOCPRIOR=0, 	LOCPRIORINIT=1.000000, 	LOCDATA=0, 	LOCISPOP=0, 	LOCPRIORSTEP=0.100000, 	MAXLOCPRIOR=20.000000, 	SEED=1782485011,	
[STRAT parameters]:    NUMSIMSTATS=1000,	PHENOTYPECOL=-9,	POOLFREQ=10,	LOCUSxONLY=0,	EMERROR=0.00100,	MISSINGPHENO=-9,	