

----------------------------------------------------
STRUCTURE by Pritchard, Stephens and Donnelly (2000)
     and Falush, Stephens and Pritchard (2003)
       Code by Pritchard, Falush and Hubisz
             Version 2.3.4 (Jul 2012)
----------------------------------------------------



Command line arguments:   structure -K 11 -i STRUCTURE_main_final_278_HEG_ZG.str -o STRUCTURE_main_final_278_HEG_ZG-K11-4 
Input File:    STRUCTURE_main_final_278_HEG_ZG.str

Run parameters:
   278 individuals
   15 loci
   11 populations assumed
   100000 Burn-in period
   500000 Reps


--------------------------------------------
Proportion of membership of each pre-defined
 population in each of the 11 clusters

Given    Inferred Clusters                                                               Number of
 Pop       1      2      3      4      5      6      7      8      9     10     11      Individuals

  1:     0.038  0.591  0.088  0.038  0.083  0.013  0.014  0.020  0.018  0.067  0.029       24
  2:     0.013  0.017  0.017  0.035  0.025  0.035  0.719  0.017  0.044  0.052  0.025       24
  3:     0.069  0.017  0.046  0.025  0.010  0.232  0.010  0.188  0.213  0.010  0.178       24
  4:     0.030  0.051  0.043  0.522  0.016  0.041  0.021  0.102  0.032  0.036  0.107       24
  5:     0.039  0.017  0.018  0.166  0.028  0.079  0.023  0.303  0.012  0.033  0.282       24
  6:     0.045  0.455  0.013  0.090  0.011  0.028  0.024  0.065  0.022  0.199  0.049       24
  7:     0.010  0.060  0.019  0.047  0.028  0.014  0.030  0.020  0.009  0.739  0.024       24
  8:     0.016  0.019  0.069  0.056  0.040  0.013  0.012  0.361  0.037  0.010  0.366       14
  9:     0.428  0.034  0.057  0.016  0.317  0.029  0.015  0.038  0.029  0.006  0.031       24
 10:     0.057  0.011  0.614  0.011  0.036  0.040  0.008  0.027  0.154  0.013  0.030       24
 11:     0.156  0.017  0.258  0.030  0.053  0.074  0.008  0.032  0.331  0.011  0.030       24
 12:     0.010  0.268  0.050  0.189  0.097  0.043  0.019  0.063  0.074  0.105  0.083       24
--------------------------------------------

Allele-freq. divergence among pops (Net nucleotide distance),
computed using point estimates of P.

      1       2       3       4       5       6       7       8       9      10      11      
 1      -    0.0629  0.0598  0.0830  0.0846  0.1266  0.0958  0.0567  0.0791  0.1257  0.0536  
 2   0.0629     -    0.0705  0.0368  0.0503  0.0980  0.0698  0.0326  0.0929  0.0705  0.0308  
 3   0.0598  0.0705     -    0.0743  0.0725  0.1216  0.1168  0.0606  0.0861  0.1407  0.0574  
 4   0.0830  0.0368  0.0743     -    0.0525  0.0966  0.0808  0.0404  0.0995  0.0722  0.0351  
 5   0.0846  0.0503  0.0725  0.0525     -    0.1043  0.1076  0.0617  0.0993  0.0986  0.0567  
 6   0.1266  0.0980  0.1216  0.0966  0.1043     -    0.1263  0.0789  0.1260  0.1389  0.0764  
 7   0.0958  0.0698  0.1168  0.0808  0.1076  0.1263     -    0.0654  0.1399  0.1076  0.0627  
 8   0.0567  0.0326  0.0606  0.0404  0.0617  0.0789  0.0654     -    0.0780  0.0787  0.0013  
 9   0.0791  0.0929  0.0861  0.0995  0.0993  0.1260  0.1399  0.0780     -    0.0930  0.0732  
10   0.1257  0.0705  0.1407  0.0722  0.0986  0.1389  0.1076  0.0787  0.0930     -    0.0743  
11   0.0536  0.0308  0.0574  0.0351  0.0567  0.0764  0.0627  0.0013  0.0732  0.0743     -    

Average distances (expected heterozygosity) between individuals in same cluster:
cluster  1  : 0.5968 
cluster  2  : 0.6152 
cluster  3  : 0.5990 
cluster  4  : 0.5976 
cluster  5  : 0.5755 
cluster  6  : 0.5640 
cluster  7  : 0.6108 
cluster  8  : 0.6306 
cluster  9  : 0.5391 
cluster 10  : 0.5458 
cluster 11  : 0.6379 

--------------------------------------------
Estimated Ln Prob of Data   = -12228.3
Mean value of ln likelihood = -11459.1
Variance of ln likelihood   = 1538.5
Mean value of alpha         = 0.0470

Mean value of Fst_1         = 0.1648
Mean value of Fst_2         = 0.0932
Mean value of Fst_3         = 0.1669
Mean value of Fst_4         = 0.1167
Mean value of Fst_5         = 0.1898
Mean value of Fst_6         = 0.2289
Mean value of Fst_7         = 0.2022
Mean value of Fst_8         = 0.1111
Mean value of Fst_9         = 0.2431
Mean value of Fst_10         = 0.2102
Mean value of Fst_11         = 0.1032


Inferred ancestry of individuals:
        Label (%Miss) Pop:  Inferred clusters
  1 24.0601.E1    (0)    1 :  0.010 0.901 0.007 0.009 0.009 0.011 0.014 0.006 0.013 0.012 0.008 
  2 24.0602.E1    (0)    1 :  0.020 0.891 0.014 0.006 0.015 0.009 0.004 0.010 0.009 0.009 0.012 
  3 24.0603.E1    (0)    1 :  0.015 0.832 0.005 0.028 0.009 0.007 0.005 0.039 0.006 0.021 0.033 
  4 24.0604.E1    (0)    1 :  0.006 0.630 0.045 0.120 0.024 0.146 0.008 0.005 0.005 0.005 0.007 
  5 24.0605.E1    (0)    1 :  0.032 0.831 0.008 0.032 0.016 0.006 0.007 0.012 0.012 0.033 0.012 
  6 24.0606.E1    (0)    1 :  0.027 0.714 0.021 0.130 0.007 0.005 0.010 0.035 0.007 0.019 0.026 
  7 24.0607.E1    (0)    1 :  0.019 0.059 0.010 0.012 0.519 0.008 0.006 0.086 0.008 0.188 0.084 
  8 24.0608.E1    (0)    1 :  0.016 0.636 0.044 0.007 0.018 0.005 0.003 0.009 0.137 0.116 0.009 
  9 24.0609.E1    (0)    1 :  0.009 0.172 0.456 0.234 0.053 0.008 0.005 0.016 0.012 0.005 0.031 
 10 24.0610.E1    (0)    1 :  0.010 0.452 0.421 0.052 0.008 0.004 0.005 0.019 0.004 0.009 0.016 
 11 24.0611.E1    (0)    1 :  0.051 0.837 0.033 0.026 0.014 0.005 0.007 0.008 0.005 0.006 0.008 
 12 24.0612.E1    (0)    1 :  0.010 0.892 0.008 0.007 0.010 0.013 0.008 0.016 0.005 0.016 0.015 
 13 24.0613.E1    (0)    1 :  0.005 0.890 0.020 0.034 0.007 0.005 0.006 0.012 0.005 0.005 0.010 
 14 24.0614.E1    (0)    1 :  0.361 0.184 0.009 0.009 0.011 0.005 0.006 0.008 0.071 0.328 0.008 
 15 24.0615.E1    (0)    1 :  0.021 0.564 0.174 0.011 0.086 0.020 0.016 0.014 0.022 0.055 0.016 
 16 24.0616.E1    (0)    1 :  0.006 0.897 0.011 0.010 0.027 0.006 0.014 0.011 0.006 0.005 0.009 
 17 24.0617.E1    (0)    1 :  0.016 0.257 0.579 0.015 0.029 0.006 0.030 0.020 0.009 0.022 0.017 
 18 24.0618.E1    (0)    1 :  0.049 0.729 0.067 0.032 0.009 0.005 0.008 0.042 0.020 0.005 0.035 
 19 24.0619.E1    (0)    1 :  0.010 0.289 0.011 0.023 0.491 0.004 0.025 0.011 0.004 0.005 0.127 
 20 24.0620.E1   (20)    1 :  0.014 0.032 0.049 0.074 0.042 0.009 0.012 0.028 0.009 0.696 0.034 
 21 24.0621.E1    (0)    1 :  0.126 0.051 0.063 0.019 0.530 0.007 0.005 0.019 0.040 0.005 0.133 
 22 24.0622.E1    (0)    1 :  0.005 0.894 0.010 0.014 0.006 0.004 0.022 0.016 0.005 0.009 0.015 
 23 24.0623.E1    (0)    1 :  0.054 0.621 0.038 0.014 0.050 0.009 0.113 0.037 0.012 0.020 0.033 
 24 24.0624.E1    (0)    1 :  0.010 0.934 0.012 0.005 0.005 0.004 0.006 0.007 0.005 0.006 0.007 
 25 24.0625.E1    (0)    2 :  0.055 0.012 0.008 0.050 0.004 0.041 0.560 0.019 0.180 0.053 0.017 
 26 24.0626.E1    (0)    2 :  0.005 0.004 0.003 0.004 0.004 0.004 0.807 0.005 0.124 0.036 0.005 
 27 24.0627.E1    (0)    2 :  0.006 0.006 0.005 0.030 0.025 0.378 0.487 0.009 0.014 0.023 0.016 
 28 24.0628.E1    (0)    2 :  0.009 0.032 0.096 0.061 0.015 0.006 0.463 0.022 0.148 0.122 0.027 
 29 24.0629.E1    (0)    2 :  0.007 0.074 0.010 0.006 0.009 0.008 0.825 0.028 0.007 0.005 0.022 
 30 24.0630.E1    (0)    2 :  0.008 0.005 0.004 0.012 0.005 0.006 0.803 0.006 0.047 0.097 0.006 
 31 24.0631.E1    (0)    2 :  0.004 0.005 0.003 0.003 0.003 0.004 0.965 0.004 0.003 0.004 0.004 
 32 24.0632.E1    (0)    2 :  0.006 0.007 0.006 0.006 0.005 0.010 0.891 0.025 0.005 0.023 0.017 
 33 24.0633.E1    (0)    2 :  0.020 0.013 0.007 0.018 0.005 0.005 0.411 0.018 0.410 0.034 0.061 
 34 24.0634.E1    (0)    2 :  0.024 0.008 0.010 0.009 0.006 0.008 0.887 0.010 0.021 0.006 0.011 
 35 24.0635.E1    (0)    2 :  0.084 0.022 0.030 0.017 0.016 0.020 0.583 0.054 0.028 0.019 0.126 
 36 24.0636.E1   (33)    2 :  0.008 0.032 0.011 0.133 0.008 0.026 0.069 0.021 0.009 0.665 0.020 
 37 24.0637.E1    (0)    2 :  0.005 0.004 0.003 0.005 0.004 0.004 0.955 0.005 0.003 0.007 0.005 
 38 24.0638.E1    (0)    2 :  0.005 0.008 0.005 0.017 0.007 0.009 0.854 0.027 0.005 0.004 0.059 
 39 24.0639.E1    (0)    2 :  0.007 0.033 0.077 0.007 0.009 0.028 0.743 0.044 0.008 0.013 0.031 
 40 24.0640.E1    (0)    2 :  0.015 0.008 0.007 0.007 0.005 0.004 0.928 0.007 0.006 0.006 0.007 
 41 24.0641.E1    (0)    2 :  0.012 0.035 0.017 0.009 0.386 0.008 0.429 0.016 0.010 0.017 0.063 
 42 24.0642.E1    (0)    2 :  0.004 0.060 0.004 0.271 0.006 0.006 0.573 0.008 0.005 0.036 0.026 
 43 24.0643.E1    (0)    2 :  0.011 0.008 0.010 0.009 0.005 0.234 0.575 0.059 0.006 0.043 0.040 
 44 24.0644.E1    (0)    2 :  0.006 0.007 0.031 0.016 0.023 0.004 0.891 0.006 0.005 0.005 0.006 
 45 24.0645.E1    (0)    2 :  0.005 0.011 0.030 0.119 0.034 0.005 0.762 0.006 0.004 0.018 0.006 
 46 24.0646.E1    (0)    2 :  0.006 0.007 0.031 0.017 0.022 0.004 0.891 0.006 0.005 0.005 0.006 
 47 24.0647.E1    (0)    2 :  0.005 0.004 0.003 0.005 0.004 0.004 0.955 0.005 0.003 0.007 0.005 
 48 24.0648.E1    (0)    2 :  0.005 0.004 0.003 0.005 0.004 0.004 0.955 0.005 0.003 0.007 0.005 
 49 24.0649.E1    (0)    3 :  0.009 0.005 0.011 0.005 0.005 0.008 0.005 0.487 0.009 0.003 0.451 
 50 24.0650.E1    (0)    3 :  0.217 0.021 0.092 0.343 0.008 0.009 0.004 0.074 0.124 0.004 0.104 
 51 24.0651.E1    (0)    3 :  0.390 0.008 0.008 0.023 0.013 0.049 0.087 0.204 0.050 0.030 0.140 
 52 24.0652.E1    (0)    3 :  0.007 0.031 0.006 0.006 0.009 0.010 0.005 0.061 0.751 0.005 0.110 
 53 24.0653.E1    (0)    3 :  0.009 0.005 0.025 0.009 0.029 0.806 0.005 0.046 0.015 0.007 0.045 
 54 24.0654.E1    (0)    3 :  0.006 0.006 0.025 0.006 0.007 0.007 0.010 0.261 0.436 0.004 0.232 
 55 24.0655.E1    (0)    3 :  0.052 0.042 0.025 0.011 0.008 0.009 0.022 0.261 0.341 0.007 0.221 
 56 24.0656.E1    (0)    3 :  0.005 0.008 0.011 0.015 0.006 0.015 0.006 0.037 0.818 0.011 0.069 
 57 24.0657.E1    (0)    3 :  0.006 0.008 0.012 0.016 0.006 0.015 0.005 0.042 0.806 0.010 0.073 
 58 24.0658.E1    (0)    3 :  0.010 0.020 0.146 0.022 0.013 0.064 0.007 0.376 0.005 0.007 0.331 
 59 24.0659.E1    (0)    3 :  0.257 0.047 0.022 0.013 0.005 0.340 0.009 0.092 0.080 0.004 0.130 
 60 24.0660.E1    (6)    3 :  0.008 0.021 0.006 0.013 0.008 0.010 0.011 0.469 0.008 0.006 0.441 
 61 24.0661.E1    (0)    3 :  0.009 0.009 0.005 0.005 0.008 0.008 0.005 0.031 0.865 0.007 0.048 
 62 24.0662.E1    (0)    3 :  0.542 0.056 0.018 0.012 0.009 0.101 0.016 0.089 0.049 0.021 0.088 
 63 24.0663.E1    (0)    3 :  0.033 0.006 0.563 0.033 0.017 0.006 0.009 0.132 0.066 0.005 0.132 
 64 24.0664.E1    (0)    3 :  0.004 0.005 0.015 0.007 0.014 0.008 0.007 0.362 0.224 0.030 0.324 
 65 24.0665.E1    (0)    3 :  0.006 0.006 0.005 0.019 0.012 0.035 0.006 0.262 0.369 0.056 0.225 
 66 24.0666.E1    (0)    3 :  0.004 0.007 0.007 0.008 0.006 0.937 0.005 0.008 0.006 0.004 0.008 
 67 24.0667.E1    (0)    3 :  0.004 0.010 0.004 0.005 0.004 0.933 0.003 0.012 0.006 0.004 0.016 
 68 24.0668.E1    (0)    3 :  0.003 0.003 0.004 0.003 0.004 0.965 0.004 0.004 0.004 0.003 0.004 
 69 24.0669.E1    (0)    3 :  0.003 0.004 0.004 0.004 0.009 0.957 0.004 0.004 0.004 0.003 0.004 
 70 24.0670.E1    (0)    3 :  0.025 0.014 0.054 0.004 0.004 0.057 0.004 0.455 0.014 0.005 0.363 
 71 24.0671.E1    (0)    3 :  0.026 0.009 0.032 0.013 0.007 0.010 0.009 0.437 0.058 0.007 0.392 
 72 24.0672.E1    (0)    3 :  0.011 0.058 0.009 0.014 0.040 0.219 0.005 0.301 0.008 0.005 0.330 
 73 24.0673.E1    (6)    4 :  0.029 0.128 0.008 0.210 0.006 0.007 0.021 0.027 0.433 0.102 0.029 
 74 24.0674.E1    (0)    4 :  0.039 0.009 0.007 0.887 0.005 0.004 0.007 0.012 0.005 0.019 0.007 
 75 24.0675.E1    (0)    4 :  0.049 0.024 0.032 0.740 0.013 0.008 0.027 0.033 0.025 0.022 0.027 
 76 24.0676.E1    (0)    4 :  0.022 0.014 0.179 0.625 0.024 0.006 0.007 0.043 0.017 0.022 0.042 
 77 24.0677.E1    (0)    4 :  0.020 0.024 0.019 0.018 0.034 0.014 0.004 0.495 0.036 0.010 0.325 
 78 24.0678.E1    (0)    4 :  0.017 0.417 0.007 0.020 0.054 0.110 0.058 0.129 0.037 0.010 0.141 
 79 24.0679.E1    (0)    4 :  0.021 0.140 0.215 0.250 0.010 0.041 0.013 0.090 0.009 0.007 0.204 
 80 24.0680.E1    (0)    4 :  0.009 0.044 0.007 0.040 0.052 0.065 0.026 0.256 0.016 0.009 0.477 
 81 24.0681.E1    (0)    4 :  0.013 0.037 0.006 0.573 0.010 0.012 0.008 0.122 0.009 0.016 0.192 
 82 24.0682.E1    (0)    4 :  0.003 0.004 0.005 0.958 0.008 0.004 0.004 0.004 0.003 0.004 0.004 
 83 24.0683.E1    (0)    4 :  0.021 0.009 0.004 0.811 0.007 0.006 0.006 0.015 0.006 0.107 0.008 
 84 24.0684.E1    (0)    4 :  0.009 0.073 0.023 0.727 0.019 0.010 0.031 0.041 0.006 0.032 0.030 
 85 24.0685.E1    (0)    4 :  0.006 0.011 0.015 0.858 0.006 0.052 0.006 0.012 0.005 0.014 0.016 
 86 24.0686.E1    (0)    4 :  0.165 0.051 0.012 0.036 0.006 0.011 0.062 0.346 0.005 0.013 0.293 
 87 24.0687.E1    (0)    4 :  0.193 0.026 0.019 0.091 0.007 0.006 0.132 0.264 0.007 0.015 0.239 
 88 24.0688.E1    (0)    4 :  0.004 0.006 0.004 0.946 0.007 0.004 0.007 0.007 0.004 0.005 0.007 
 89 24.0689.E1    (0)    4 :  0.013 0.023 0.325 0.099 0.019 0.005 0.013 0.238 0.031 0.023 0.210 
 90 24.0690.E1    (0)    4 :  0.036 0.023 0.006 0.044 0.006 0.548 0.029 0.119 0.022 0.033 0.134 
 91 24.0691.E1    (0)    4 :  0.006 0.022 0.028 0.879 0.004 0.008 0.006 0.019 0.005 0.005 0.016 
 92 24.0692.E1    (0)    4 :  0.005 0.005 0.020 0.841 0.007 0.008 0.005 0.056 0.005 0.007 0.043 
 93 24.0693.E1    (0)    4 :  0.016 0.011 0.037 0.325 0.008 0.016 0.008 0.081 0.057 0.364 0.078 
 94 24.0694.E1    (0)    4 :  0.004 0.007 0.007 0.922 0.007 0.011 0.007 0.009 0.005 0.008 0.013 
 95 24.0695.E1    (0)    4 :  0.006 0.092 0.039 0.752 0.045 0.014 0.006 0.010 0.010 0.007 0.019 
 96 24.0696.E1    (0)    4 :  0.009 0.023 0.012 0.871 0.008 0.010 0.014 0.021 0.004 0.007 0.020 
 97 24.0697.E1    (0)    5 :  0.013 0.005 0.010 0.099 0.011 0.005 0.008 0.487 0.007 0.023 0.333 
 98 24.0698.E1    (0)    5 :  0.020 0.011 0.011 0.020 0.007 0.019 0.013 0.522 0.009 0.028 0.341 
 99 24.0699.E1    (0)    5 :  0.007 0.008 0.004 0.004 0.005 0.007 0.006 0.585 0.005 0.006 0.363 
100 24.0700.E1    (0)    5 :  0.012 0.006 0.007 0.019 0.005 0.007 0.005 0.413 0.009 0.006 0.511 
101 24.0701.E1    (0)    5 :  0.007 0.007 0.010 0.008 0.012 0.743 0.010 0.090 0.006 0.043 0.064 
102 24.0702.E1    (0)    5 :  0.005 0.008 0.008 0.009 0.009 0.018 0.010 0.414 0.007 0.017 0.497 
103 24.0703.E1    (0)    5 :  0.116 0.007 0.004 0.005 0.005 0.010 0.038 0.496 0.004 0.005 0.311 
104 24.0704.E1    (6)    5 :  0.016 0.009 0.006 0.011 0.209 0.005 0.008 0.433 0.004 0.008 0.291 
105 24.0705.E1    (0)    5 :  0.008 0.023 0.012 0.706 0.013 0.028 0.009 0.057 0.006 0.008 0.131 
106 24.0706.E1    (0)    5 :  0.006 0.007 0.009 0.018 0.025 0.012 0.009 0.334 0.013 0.010 0.556 
107 24.0707.E1    (0)    5 :  0.032 0.025 0.005 0.035 0.026 0.007 0.021 0.346 0.010 0.016 0.478 
108 24.0708.E1    (0)    5 :  0.482 0.028 0.099 0.031 0.010 0.021 0.167 0.068 0.017 0.022 0.054 
109 24.0709.E1    (0)    5 :  0.015 0.012 0.047 0.775 0.070 0.008 0.008 0.020 0.015 0.006 0.024 
110 24.0710.E1    (0)    5 :  0.045 0.017 0.010 0.119 0.011 0.022 0.006 0.434 0.005 0.028 0.304 
111 24.0711.E1    (0)    5 :  0.006 0.055 0.006 0.039 0.063 0.031 0.045 0.398 0.008 0.013 0.338 
112 24.0712.E1    (0)    5 :  0.008 0.014 0.006 0.027 0.005 0.561 0.031 0.190 0.005 0.011 0.143 
113 24.0713.E1    (0)    5 :  0.015 0.009 0.038 0.393 0.050 0.008 0.007 0.176 0.007 0.013 0.284 
114 24.0714.E1    (0)    5 :  0.019 0.037 0.018 0.039 0.029 0.012 0.016 0.347 0.013 0.009 0.460 
115 24.0715.E1    (0)    5 :  0.006 0.021 0.009 0.106 0.007 0.018 0.006 0.357 0.032 0.195 0.243 
116 24.0716.E1    (0)    5 :  0.017 0.047 0.044 0.014 0.011 0.293 0.027 0.316 0.007 0.016 0.208 
117 24.0717.E1    (0)    5 :  0.060 0.014 0.022 0.018 0.022 0.013 0.043 0.211 0.081 0.273 0.242 
118 24.0718.E1    (0)    5 :  0.007 0.021 0.007 0.148 0.008 0.036 0.029 0.346 0.004 0.012 0.380 
119 24.0719.E1    (0)    5 :  0.006 0.006 0.017 0.795 0.043 0.009 0.015 0.051 0.008 0.006 0.044 
120 24.0720.E1    (0)    5 :  0.007 0.016 0.019 0.547 0.016 0.012 0.016 0.189 0.008 0.005 0.165 
121 24.0721.E1    (0)    6 :  0.054 0.013 0.018 0.064 0.006 0.021 0.010 0.244 0.074 0.291 0.206 
122 24.0722.E1    (0)    6 :  0.117 0.020 0.011 0.074 0.005 0.073 0.081 0.072 0.008 0.486 0.052 
123 24.0723.E1    (0)    6 :  0.276 0.025 0.017 0.011 0.005 0.009 0.148 0.021 0.180 0.287 0.021 
124 24.0724.E1    (0)    6 :  0.304 0.197 0.042 0.200 0.017 0.012 0.047 0.051 0.012 0.084 0.034 
125 24.0725.E1    (0)    6 :  0.005 0.907 0.007 0.010 0.006 0.006 0.007 0.017 0.013 0.007 0.014 
126 24.0726.E1    (6)    6 :  0.017 0.648 0.007 0.174 0.007 0.007 0.008 0.015 0.006 0.086 0.025 
127 24.0727.E1    (0)    6 :  0.062 0.248 0.013 0.019 0.006 0.064 0.023 0.041 0.041 0.442 0.041 
128 24.0728.E1    (0)    6 :  0.021 0.353 0.013 0.017 0.006 0.012 0.034 0.195 0.035 0.170 0.144 
129 24.0729.E1    (0)    6 :  0.010 0.703 0.023 0.128 0.017 0.036 0.012 0.014 0.005 0.038 0.014 
130 24.0730.E1    (0)    6 :  0.007 0.051 0.013 0.024 0.012 0.014 0.007 0.528 0.009 0.017 0.318 
131 24.0731.E1    (0)    6 :  0.013 0.205 0.007 0.640 0.005 0.004 0.014 0.011 0.018 0.063 0.021 
132 24.0732.E1    (0)    6 :  0.004 0.072 0.004 0.121 0.007 0.011 0.009 0.032 0.025 0.690 0.024 
133 24.0733.E1    (0)    6 :  0.004 0.941 0.006 0.008 0.004 0.003 0.005 0.004 0.004 0.016 0.005 
134 24.0734.E1    (0)    6 :  0.026 0.029 0.007 0.008 0.004 0.008 0.010 0.082 0.010 0.749 0.067 
135 24.0735.E1    (0)    6 :  0.008 0.630 0.020 0.018 0.006 0.011 0.049 0.051 0.008 0.157 0.042 
136 24.0736.E1    (0)    6 :  0.005 0.902 0.006 0.007 0.006 0.004 0.007 0.011 0.007 0.036 0.010 
137 24.0737.E1    (0)    6 :  0.041 0.860 0.007 0.011 0.005 0.008 0.021 0.017 0.008 0.007 0.015 
138 24.0738.E1    (0)    6 :  0.008 0.897 0.005 0.007 0.008 0.008 0.010 0.014 0.007 0.024 0.013 
139 24.0739.E1    (0)    6 :  0.006 0.906 0.007 0.008 0.004 0.006 0.015 0.019 0.007 0.005 0.016 
140 24.0740.E1    (0)    6 :  0.005 0.716 0.017 0.142 0.048 0.009 0.019 0.014 0.006 0.009 0.014 
141 24.0741.E1    (0)    6 :  0.008 0.429 0.009 0.112 0.007 0.006 0.016 0.048 0.010 0.316 0.039 
142 24.0742.E1    (0)    6 :  0.018 0.228 0.006 0.024 0.008 0.008 0.010 0.015 0.007 0.663 0.014 
143 24.0743.E1    (0)    6 :  0.037 0.553 0.013 0.257 0.044 0.021 0.005 0.017 0.008 0.034 0.012 
144 24.0744.E1    (0)    6 :  0.018 0.382 0.025 0.069 0.030 0.304 0.011 0.018 0.019 0.104 0.020 
145 24.0745.E1    (0)    7 :  0.005 0.004 0.007 0.019 0.015 0.023 0.004 0.013 0.017 0.879 0.014 
146 24.0746.E1    (0)    7 :  0.057 0.041 0.010 0.043 0.068 0.008 0.069 0.044 0.008 0.605 0.047 
147 24.0747.E1    (0)    7 :  0.004 0.027 0.031 0.149 0.069 0.012 0.010 0.013 0.009 0.661 0.014 
148 24.0748.E1    (6)    7 :  0.005 0.028 0.042 0.190 0.095 0.011 0.009 0.014 0.023 0.569 0.015 
149 24.0749.E1    (0)    7 :  0.010 0.231 0.006 0.008 0.006 0.007 0.007 0.011 0.004 0.702 0.009 
150 24.0750.E1    (0)    7 :  0.032 0.258 0.016 0.157 0.035 0.015 0.012 0.122 0.011 0.218 0.124 
151 24.0751.E1    (0)    7 :  0.004 0.007 0.004 0.005 0.005 0.004 0.006 0.005 0.005 0.951 0.005 
152 24.0752.E1    (0)    7 :  0.004 0.037 0.007 0.009 0.012 0.004 0.006 0.020 0.011 0.875 0.015 
153 24.0753.E1    (0)    7 :  0.009 0.240 0.004 0.013 0.009 0.009 0.184 0.008 0.028 0.488 0.008 
154 24.0754.E1    (0)    7 :  0.004 0.029 0.006 0.026 0.005 0.006 0.017 0.008 0.009 0.882 0.008 
155 24.0755.E1    (0)    7 :  0.005 0.016 0.046 0.076 0.041 0.007 0.023 0.025 0.006 0.731 0.024 
156 24.0756.E1    (0)    7 :  0.008 0.010 0.013 0.006 0.011 0.004 0.009 0.005 0.005 0.925 0.006 
157 24.0757.E1    (0)    7 :  0.003 0.003 0.003 0.004 0.003 0.004 0.004 0.004 0.003 0.965 0.004 
158 24.0758.E1    (0)    7 :  0.003 0.004 0.003 0.004 0.004 0.004 0.004 0.004 0.004 0.964 0.004 
159 24.0759.E1    (0)    7 :  0.005 0.022 0.005 0.007 0.008 0.010 0.006 0.008 0.013 0.907 0.009 
160 24.0760.E1    (0)    7 :  0.007 0.010 0.006 0.020 0.006 0.007 0.275 0.034 0.007 0.599 0.029 
161 24.0761.E1    (0)    7 :  0.005 0.005 0.004 0.004 0.003 0.003 0.008 0.004 0.005 0.952 0.004 
162 24.0762.E1    (0)    7 :  0.011 0.198 0.188 0.035 0.054 0.177 0.008 0.076 0.007 0.081 0.165 
163 24.0763.E1    (0)    7 :  0.004 0.007 0.004 0.015 0.005 0.003 0.004 0.004 0.006 0.943 0.005 
164 24.0764.E1    (0)    7 :  0.004 0.012 0.004 0.005 0.005 0.004 0.008 0.008 0.004 0.940 0.008 
165 24.0765.E1    (0)    7 :  0.021 0.006 0.010 0.018 0.008 0.004 0.023 0.008 0.008 0.884 0.009 
166 24.0766.E1    (0)    7 :  0.005 0.009 0.004 0.008 0.006 0.005 0.006 0.007 0.009 0.934 0.007 
167 24.0767.E1    (0)    7 :  0.005 0.004 0.003 0.006 0.003 0.003 0.004 0.004 0.004 0.959 0.004 
168 24.0768.E1    (0)    7 :  0.009 0.243 0.031 0.307 0.208 0.007 0.005 0.031 0.009 0.113 0.036 
169 24.0779.E1    (0)    8 :  0.033 0.012 0.007 0.034 0.020 0.009 0.005 0.441 0.009 0.037 0.394 
170 24.0780.E1    (6)    8 :  0.014 0.008 0.136 0.023 0.006 0.008 0.006 0.378 0.034 0.004 0.383 
171 24.0781.E1    (0)    8 :  0.007 0.004 0.010 0.007 0.005 0.005 0.005 0.426 0.007 0.005 0.519 
172 24.0782.E1    (0)    8 :  0.029 0.103 0.022 0.412 0.009 0.007 0.031 0.185 0.032 0.021 0.148 
173 24.0783.E1    (0)    8 :  0.008 0.009 0.487 0.065 0.009 0.016 0.014 0.123 0.012 0.006 0.250 
174 24.0784.E1    (0)    8 :  0.036 0.009 0.018 0.025 0.009 0.004 0.005 0.460 0.007 0.004 0.424 
175 24.0785.E1    (0)    8 :  0.015 0.007 0.028 0.008 0.012 0.009 0.004 0.470 0.034 0.004 0.409 
176 24.0786.E1    (0)    8 :  0.009 0.023 0.121 0.076 0.020 0.008 0.008 0.345 0.020 0.009 0.362 
177 24.0787.E1    (0)    8 :  0.011 0.014 0.011 0.016 0.007 0.006 0.045 0.453 0.013 0.016 0.407 
178 24.0788.E1    (0)    8 :  0.008 0.005 0.056 0.015 0.007 0.006 0.014 0.452 0.009 0.005 0.424 
179 24.0789.E1    (0)    8 :  0.029 0.050 0.032 0.008 0.012 0.005 0.021 0.442 0.013 0.006 0.382 
180 24.0790.E1    (0)    8 :  0.010 0.004 0.009 0.005 0.006 0.005 0.005 0.482 0.012 0.003 0.460 
181 24.0791.E1    (0)    8 :  0.005 0.015 0.018 0.024 0.437 0.070 0.006 0.133 0.016 0.010 0.266 
182 24.0792.E1    (0)    8 :  0.007 0.010 0.007 0.070 0.006 0.016 0.004 0.273 0.297 0.017 0.293 
183 24.0793.E1    (0)    9 :  0.399 0.021 0.043 0.007 0.029 0.007 0.037 0.251 0.023 0.006 0.176 
184 24.0794.E1    (0)    9 :  0.202 0.473 0.035 0.006 0.009 0.005 0.006 0.021 0.206 0.007 0.030 
185 24.0795.E1    (0)    9 :  0.823 0.088 0.010 0.019 0.011 0.005 0.009 0.008 0.005 0.012 0.010 
186 24.0796.E1    (0)    9 :  0.114 0.062 0.353 0.007 0.048 0.005 0.009 0.116 0.189 0.005 0.092 
187 24.0797.E1    (0)    9 :  0.592 0.015 0.076 0.007 0.011 0.006 0.008 0.156 0.027 0.003 0.098 
188 24.0798.E1    (0)    9 :  0.465 0.008 0.009 0.024 0.032 0.331 0.017 0.018 0.062 0.018 0.017 
189 24.0799.E1    (0)    9 :  0.005 0.007 0.007 0.005 0.943 0.005 0.006 0.007 0.005 0.005 0.006 
190 24.0800.E1    (0)    9 :  0.004 0.008 0.014 0.009 0.934 0.004 0.004 0.007 0.006 0.004 0.006 
191 24.0801.E1    (0)    9 :  0.005 0.004 0.005 0.008 0.748 0.197 0.006 0.006 0.010 0.004 0.007 
192 24.0802.E1    (0)    9 :  0.941 0.005 0.007 0.006 0.005 0.006 0.009 0.007 0.004 0.004 0.006 
193 24.0803.E1    (0)    9 :  0.340 0.009 0.007 0.006 0.564 0.015 0.010 0.019 0.008 0.006 0.017 
194 24.0804.E1    (0)    9 :  0.836 0.011 0.084 0.010 0.018 0.004 0.011 0.009 0.007 0.003 0.008 
195 24.0805.E1    (0)    9 :  0.017 0.006 0.005 0.022 0.912 0.005 0.004 0.009 0.006 0.005 0.009 
196 24.0806.E1    (0)    9 :  0.898 0.007 0.005 0.006 0.022 0.007 0.028 0.007 0.008 0.006 0.007 
197 24.0807.E1    (0)    9 :  0.904 0.006 0.017 0.009 0.011 0.009 0.007 0.010 0.015 0.003 0.010 
198 24.0808.E1    (0)    9 :  0.035 0.010 0.027 0.038 0.620 0.004 0.017 0.116 0.010 0.005 0.117 
199 24.0809.E1    (0)    9 :  0.005 0.007 0.011 0.011 0.940 0.004 0.004 0.004 0.004 0.005 0.005 
200 24.0810.E1    (0)    9 :  0.136 0.008 0.007 0.032 0.749 0.006 0.013 0.012 0.017 0.010 0.009 
201 24.0811.E1    (0)    9 :  0.908 0.011 0.012 0.006 0.004 0.003 0.010 0.010 0.021 0.004 0.010 
202 24.0812.E1    (0)    9 :  0.478 0.026 0.320 0.028 0.051 0.008 0.008 0.035 0.006 0.007 0.032 
203 24.0813.E1    (0)    9 :  0.663 0.007 0.023 0.077 0.109 0.004 0.012 0.046 0.007 0.006 0.046 
204 24.0814.E1    (6)    9 :  0.313 0.010 0.268 0.019 0.297 0.009 0.027 0.014 0.025 0.004 0.014 
205 24.0815.E1    (0)    9 :  0.311 0.004 0.011 0.006 0.536 0.015 0.088 0.006 0.008 0.006 0.007 
206 24.0816.E1    (0)    9 :  0.870 0.007 0.010 0.004 0.017 0.024 0.012 0.017 0.020 0.005 0.013 
207 24.0817.E1    (0)   10 :  0.074 0.018 0.733 0.010 0.038 0.008 0.005 0.019 0.071 0.005 0.020 
208 24.0818.E1    (0)   10 :  0.011 0.032 0.750 0.005 0.010 0.006 0.012 0.083 0.016 0.009 0.067 
209 24.0819.E1    (0)   10 :  0.007 0.010 0.013 0.011 0.471 0.056 0.013 0.008 0.329 0.071 0.010 
210 24.0820.E1    (0)   10 :  0.006 0.006 0.023 0.005 0.019 0.010 0.007 0.006 0.863 0.049 0.007 
211 24.0821.E1    (0)   10 :  0.038 0.012 0.124 0.013 0.023 0.211 0.010 0.224 0.125 0.006 0.216 
212 24.0822.E1    (0)   10 :  0.005 0.006 0.889 0.007 0.010 0.007 0.004 0.024 0.010 0.018 0.020 
213 24.0823.E1    (0)   10 :  0.005 0.008 0.369 0.009 0.018 0.011 0.008 0.006 0.531 0.029 0.006 
214 24.0824.E1    (0)   10 :  0.008 0.007 0.476 0.028 0.017 0.423 0.006 0.007 0.014 0.009 0.007 
215 24.0825.E1    (0)   10 :  0.005 0.004 0.951 0.007 0.005 0.004 0.004 0.005 0.005 0.005 0.005 
216 24.0826.E1    (0)   10 :  0.013 0.006 0.042 0.009 0.019 0.014 0.009 0.017 0.834 0.019 0.018 
217 24.0827.E1    (0)   10 :  0.021 0.038 0.726 0.010 0.007 0.007 0.007 0.027 0.133 0.004 0.021 
218 24.0828.E1    (0)   10 :  0.072 0.011 0.115 0.022 0.027 0.093 0.009 0.027 0.582 0.019 0.024 
219 24.0829.E1    (0)   10 :  0.251 0.005 0.598 0.012 0.069 0.013 0.006 0.011 0.012 0.010 0.011 
220 24.0830.E1    (0)   10 :  0.027 0.005 0.870 0.009 0.005 0.006 0.004 0.012 0.017 0.004 0.042 
221 24.0831.E1    (0)   10 :  0.013 0.005 0.800 0.008 0.007 0.007 0.005 0.035 0.013 0.004 0.104 
222 24.0832.E1    (0)   10 :  0.005 0.008 0.942 0.006 0.004 0.003 0.003 0.007 0.013 0.003 0.006 
223 24.0833.E1    (0)   10 :  0.005 0.004 0.956 0.006 0.003 0.004 0.003 0.004 0.007 0.004 0.004 
224 24.0834.E1    (0)   10 :  0.007 0.007 0.936 0.006 0.006 0.005 0.006 0.005 0.008 0.007 0.006 
225 24.0835.E1    (0)   10 :  0.005 0.013 0.909 0.006 0.023 0.008 0.006 0.010 0.007 0.004 0.009 
226 24.0836.E1    (0)   10 :  0.007 0.009 0.903 0.015 0.014 0.015 0.004 0.008 0.007 0.008 0.009 
227 24.0837.E1    (0)   10 :  0.006 0.006 0.933 0.007 0.010 0.007 0.004 0.008 0.007 0.005 0.008 
228 24.0838.E1    (0)   10 :  0.011 0.004 0.925 0.010 0.004 0.005 0.003 0.011 0.010 0.006 0.011 
229 24.0839.E1    (0)   10 :  0.324 0.040 0.295 0.027 0.048 0.023 0.032 0.079 0.026 0.022 0.085 
230 24.0840.E1    (0)   10 :  0.433 0.006 0.456 0.006 0.011 0.012 0.010 0.009 0.046 0.004 0.008 
231 24.0841.E1    (0)   11 :  0.887 0.005 0.008 0.008 0.005 0.003 0.003 0.023 0.032 0.008 0.017 
232 24.0842.E1    (0)   11 :  0.738 0.008 0.010 0.005 0.009 0.170 0.003 0.015 0.026 0.005 0.010 
233 24.0843.E1    (0)   11 :  0.262 0.005 0.019 0.007 0.009 0.209 0.005 0.013 0.442 0.017 0.012 
234 24.0844.E1    (0)   11 :  0.124 0.024 0.343 0.013 0.085 0.315 0.005 0.026 0.019 0.007 0.038 
235 24.0845.E1    (0)   11 :  0.070 0.008 0.695 0.016 0.006 0.020 0.005 0.073 0.026 0.005 0.077 
236 24.0846.E1    (0)   11 :  0.026 0.010 0.887 0.009 0.012 0.010 0.009 0.010 0.008 0.009 0.011 
237 24.0847.E1    (0)   11 :  0.012 0.031 0.783 0.059 0.037 0.023 0.007 0.010 0.015 0.013 0.011 
238 24.0848.E1    (0)   11 :  0.019 0.011 0.792 0.021 0.032 0.016 0.004 0.048 0.010 0.005 0.042 
239 24.0849.E1    (0)   11 :  0.005 0.006 0.007 0.004 0.008 0.004 0.003 0.005 0.951 0.004 0.005 
240 24.0850.E1    (0)   11 :  0.005 0.006 0.007 0.004 0.007 0.004 0.003 0.005 0.951 0.004 0.005 
241 24.0851.E1    (0)   11 :  0.006 0.006 0.007 0.004 0.008 0.004 0.003 0.005 0.950 0.004 0.005 
242 24.0852.E1    (0)   11 :  0.043 0.011 0.090 0.009 0.009 0.006 0.005 0.047 0.704 0.012 0.065 
243 24.0853.E1    (0)   11 :  0.024 0.005 0.394 0.010 0.009 0.004 0.006 0.006 0.525 0.009 0.007 
244 24.0854.E1    (0)   11 :  0.017 0.011 0.023 0.009 0.028 0.564 0.005 0.008 0.315 0.009 0.011 
245 24.0855.E1    (0)   11 :  0.168 0.007 0.700 0.015 0.026 0.011 0.006 0.015 0.030 0.010 0.013 
246 24.0856.E1    (0)   11 :  0.448 0.031 0.018 0.009 0.007 0.314 0.034 0.044 0.013 0.046 0.036 
247 24.0857.E1    (0)   11 :  0.013 0.021 0.519 0.016 0.341 0.011 0.010 0.022 0.020 0.009 0.019 
248 24.0858.E1    (0)   11 :  0.028 0.016 0.646 0.013 0.044 0.025 0.005 0.080 0.066 0.015 0.062 
249 24.0859.E1    (0)   11 :  0.012 0.010 0.012 0.007 0.031 0.008 0.009 0.019 0.859 0.016 0.017 
250 24.0860.E1    (0)   11 :  0.037 0.020 0.039 0.006 0.414 0.023 0.030 0.196 0.056 0.029 0.150 
251 24.0861.E1    (0)   11 :  0.015 0.006 0.015 0.004 0.007 0.004 0.003 0.011 0.921 0.004 0.009 
252 24.0862.E1    (0)   11 :  0.754 0.012 0.030 0.011 0.112 0.010 0.010 0.016 0.018 0.008 0.018 
253 24.0863.E1    (0)   11 :  0.015 0.006 0.015 0.004 0.007 0.004 0.003 0.010 0.922 0.004 0.009 
254 24.0864.E1    (0)   11 :  0.015 0.141 0.135 0.455 0.025 0.012 0.007 0.056 0.070 0.007 0.076 
255 24.0865.E1    (0)   12 :  0.010 0.040 0.011 0.045 0.007 0.005 0.018 0.015 0.795 0.034 0.019 
256 24.0866.E1    (0)   12 :  0.009 0.022 0.086 0.136 0.519 0.015 0.006 0.093 0.016 0.028 0.070 
257 24.0867.E1    (0)   12 :  0.009 0.010 0.027 0.484 0.132 0.011 0.022 0.011 0.154 0.129 0.012 
258 24.0868.E1    (0)   12 :  0.009 0.011 0.069 0.272 0.028 0.014 0.027 0.279 0.008 0.021 0.261 
259 24.0869.E1    (0)   12 :  0.011 0.007 0.078 0.734 0.045 0.004 0.039 0.018 0.010 0.006 0.048 
260 24.0870.E1    (0)   12 :  0.019 0.116 0.144 0.149 0.021 0.013 0.119 0.165 0.009 0.027 0.218 
261 24.0871.E1    (0)   12 :  0.055 0.065 0.022 0.519 0.010 0.014 0.050 0.069 0.065 0.007 0.124 
262 24.0872.E1    (0)   12 :  0.008 0.013 0.008 0.231 0.120 0.013 0.009 0.045 0.323 0.107 0.124 
263 24.0873.E1    (0)   12 :  0.010 0.013 0.016 0.694 0.146 0.012 0.013 0.017 0.046 0.011 0.021 
264 24.0874.E1    (0)   12 :  0.010 0.009 0.051 0.189 0.315 0.015 0.007 0.013 0.173 0.205 0.014 
265 24.0875.E1    (0)   12 :  0.005 0.008 0.009 0.101 0.511 0.021 0.027 0.073 0.009 0.017 0.219 
266 24.0876.E1    (0)   12 :  0.005 0.070 0.006 0.365 0.312 0.010 0.011 0.035 0.006 0.020 0.161 
267 24.0877.E1    (0)   12 :  0.004 0.828 0.004 0.016 0.040 0.009 0.006 0.026 0.006 0.040 0.020 
268 24.0878.E1    (0)   12 :  0.010 0.778 0.049 0.056 0.007 0.022 0.008 0.025 0.006 0.010 0.030 
269 24.0879.E1    (0)   12 :  0.007 0.722 0.007 0.012 0.004 0.206 0.009 0.010 0.007 0.005 0.011 
270 24.0880.E1    (0)   12 :  0.008 0.033 0.555 0.136 0.012 0.074 0.015 0.063 0.019 0.014 0.071 
271 24.0881.E1    (0)   12 :  0.003 0.938 0.004 0.007 0.005 0.007 0.010 0.007 0.006 0.008 0.006 
272 24.0882.E1    (0)   12 :  0.004 0.244 0.007 0.016 0.021 0.009 0.008 0.028 0.013 0.630 0.022 
273 24.0883.E1    (0)   12 :  0.006 0.333 0.007 0.107 0.007 0.222 0.011 0.009 0.047 0.240 0.011 
274 24.0884.E1    (0)   12 :  0.006 0.906 0.004 0.007 0.005 0.011 0.007 0.010 0.009 0.026 0.010 
275 24.0885.E1    (0)   12 :  0.005 0.791 0.011 0.055 0.010 0.037 0.014 0.029 0.006 0.006 0.035 
276 24.0886.E1    (0)   12 :  0.007 0.419 0.005 0.166 0.015 0.105 0.004 0.014 0.036 0.214 0.015 
277 24.0887.E1    (0)   12 :  0.006 0.045 0.005 0.034 0.007 0.168 0.010 0.006 0.009 0.704 0.007 
278 24.0888.E1    (0)   12 :  0.012 0.016 0.007 0.010 0.020 0.010 0.007 0.446 0.007 0.005 0.461 


Estimated Allele Frequencies in each cluster
First column gives estimated ancestral frequencies


Locus 1 : 
31 alleles
0.0% missing data
 115   (0.034) 0.024 0.128 0.005 0.154 0.025 0.007 0.004 0.008 0.005 0.004 0.018 
 117   (0.039) 0.023 0.206 0.005 0.026 0.133 0.010 0.004 0.010 0.003 0.192 0.013 
 119   (0.036) 0.006 0.277 0.005 0.014 0.006 0.006 0.295 0.008 0.004 0.326 0.008 
 131   (0.013) 0.004 0.052 0.001 0.002 0.002 0.002 0.001 0.003 0.001 0.003 0.003 
 128   (0.039) 0.009 0.031 0.030 0.046 0.021 0.012 0.004 0.027 0.006 0.003 0.043 
 135   (0.018) 0.008 0.050 0.003 0.009 0.003 0.004 0.002 0.005 0.002 0.008 0.005 
 126   (0.083) 0.030 0.051 0.267 0.049 0.198 0.032 0.013 0.068 0.061 0.078 0.081 
 122   (0.033) 0.134 0.010 0.004 0.009 0.010 0.007 0.095 0.051 0.003 0.002 0.037 
 132   (0.031) 0.044 0.004 0.028 0.016 0.021 0.013 0.003 0.021 0.005 0.014 0.026 
 141   (0.011) 0.002 0.008 0.001 0.002 0.003 0.002 0.003 0.002 0.001 0.001 0.003 
 130   (0.050) 0.034 0.006 0.014 0.106 0.009 0.155 0.013 0.063 0.023 0.008 0.059 
 134   (0.041) 0.030 0.005 0.007 0.033 0.020 0.006 0.132 0.025 0.077 0.003 0.024 
 145   (0.016) 0.002 0.003 0.001 0.004 0.002 0.007 0.007 0.005 0.111 0.008 0.008 
 127   (0.026) 0.004 0.032 0.002 0.005 0.004 0.007 0.054 0.005 0.003 0.160 0.006 
 116   (0.113) 0.195 0.015 0.127 0.179 0.089 0.067 0.172 0.225 0.281 0.010 0.230 
 114   (0.059) 0.218 0.007 0.106 0.027 0.056 0.027 0.051 0.038 0.190 0.005 0.033 
 120   (0.035) 0.005 0.007 0.004 0.014 0.010 0.145 0.090 0.049 0.003 0.002 0.054 
 110   (0.043) 0.024 0.008 0.092 0.059 0.007 0.101 0.017 0.045 0.013 0.016 0.036 
 133   (0.015) 0.003 0.002 0.002 0.003 0.013 0.002 0.011 0.003 0.001 0.013 0.004 
 118   (0.112) 0.153 0.014 0.178 0.181 0.341 0.334 0.012 0.289 0.191 0.018 0.253 
 125   (0.014) 0.017 0.002 0.011 0.002 0.003 0.005 0.001 0.004 0.003 0.001 0.004 
 129   (0.019) 0.003 0.047 0.002 0.005 0.003 0.022 0.002 0.008 0.002 0.006 0.008 
 124   (0.017) 0.002 0.008 0.003 0.004 0.005 0.015 0.002 0.011 0.005 0.002 0.014 
 136   (0.020) 0.004 0.003 0.082 0.036 0.003 0.003 0.002 0.005 0.002 0.001 0.007 
 121   (0.014) 0.002 0.006 0.001 0.003 0.002 0.002 0.001 0.002 0.001 0.069 0.003 
 139   (0.011) 0.001 0.011 0.001 0.001 0.001 0.001 0.001 0.002 0.001 0.001 0.002 
 113   (0.011) 0.001 0.001 0.001 0.001 0.001 0.001 0.001 0.002 0.001 0.015 0.002 
 111   (0.010) 0.001 0.002 0.001 0.002 0.001 0.002 0.001 0.002 0.001 0.013 0.002 
 143   (0.011) 0.001 0.001 0.001 0.001 0.001 0.001 0.001 0.002 0.001 0.015 0.002 
 140   (0.015) 0.014 0.002 0.001 0.003 0.005 0.002 0.001 0.010 0.001 0.001 0.011 
 112   (0.012) 0.002 0.001 0.015 0.002 0.002 0.002 0.001 0.002 0.001 0.001 0.002 

Locus 2 : 
18 alleles
0.0% missing data
 152   (0.371) 0.552 0.642 0.175 0.491 0.490 0.330 0.389 0.392 0.313 0.795 0.406 
 148   (0.066) 0.012 0.148 0.008 0.201 0.013 0.028 0.231 0.041 0.007 0.020 0.042 
 154   (0.110) 0.118 0.039 0.278 0.172 0.032 0.033 0.257 0.091 0.018 0.034 0.092 
 156   (0.016) 0.015 0.012 0.002 0.002 0.002 0.005 0.002 0.004 0.002 0.001 0.004 
 150   (0.022) 0.003 0.007 0.002 0.003 0.004 0.005 0.066 0.004 0.002 0.050 0.005 
 164   (0.082) 0.107 0.076 0.040 0.029 0.026 0.017 0.010 0.134 0.093 0.012 0.108 
 158   (0.031) 0.009 0.009 0.004 0.020 0.013 0.205 0.011 0.007 0.010 0.008 0.007 
 160   (0.020) 0.003 0.003 0.002 0.010 0.003 0.003 0.002 0.011 0.002 0.019 0.011 
 166   (0.023) 0.014 0.003 0.002 0.004 0.033 0.003 0.007 0.018 0.002 0.002 0.020 
 151   (0.072) 0.044 0.009 0.453 0.011 0.012 0.254 0.007 0.148 0.303 0.005 0.150 
 147   (0.066) 0.075 0.008 0.024 0.018 0.346 0.059 0.006 0.089 0.191 0.005 0.088 
 168   (0.023) 0.004 0.004 0.002 0.009 0.011 0.005 0.003 0.013 0.032 0.002 0.016 
 153   (0.014) 0.002 0.002 0.001 0.002 0.002 0.002 0.001 0.011 0.016 0.001 0.010 
 149   (0.026) 0.003 0.003 0.002 0.018 0.005 0.044 0.003 0.009 0.002 0.012 0.013 
 162   (0.020) 0.034 0.007 0.002 0.003 0.003 0.003 0.002 0.007 0.007 0.003 0.008 
 167   (0.012) 0.001 0.024 0.001 0.002 0.002 0.001 0.001 0.002 0.001 0.001 0.002 
 146   (0.012) 0.001 0.001 0.001 0.001 0.001 0.001 0.001 0.002 0.001 0.032 0.002 
 172   (0.014) 0.002 0.002 0.001 0.002 0.002 0.002 0.001 0.016 0.001 0.001 0.017 

Locus 3 : 
4 alleles
0.0% missing data
 128   (0.298) 0.161 0.213 0.432 0.297 0.407 0.234 0.323 0.212 0.350 0.457 0.254 
 126   (0.610) 0.783 0.709 0.521 0.682 0.570 0.575 0.607 0.748 0.479 0.536 0.704 
 132   (0.078) 0.054 0.077 0.046 0.020 0.021 0.148 0.064 0.034 0.170 0.006 0.037 
 134   (0.014) 0.002 0.002 0.001 0.002 0.002 0.043 0.006 0.006 0.001 0.001 0.005 

Locus 4 : 
3 alleles
0.0% missing data
 170   (0.322) 0.388 0.307 0.449 0.142 0.232 0.169 0.409 0.408 0.110 0.292 0.395 
 172   (0.665) 0.611 0.691 0.548 0.855 0.766 0.830 0.580 0.589 0.887 0.706 0.602 
 171   (0.013) 0.002 0.002 0.002 0.003 0.002 0.002 0.011 0.003 0.003 0.002 0.003 

Locus 5 : 
37 alleles
0.0% missing data
 125   (0.053) 0.014 0.060 0.074 0.038 0.030 0.170 0.063 0.018 0.141 0.034 0.023 
 110   (0.037) 0.031 0.033 0.084 0.006 0.071 0.026 0.043 0.009 0.021 0.014 0.017 
 129   (0.036) 0.050 0.054 0.007 0.007 0.007 0.008 0.004 0.102 0.021 0.003 0.079 
 113   (0.032) 0.126 0.011 0.010 0.010 0.012 0.005 0.004 0.095 0.004 0.002 0.080 
 145   (0.051) 0.010 0.222 0.014 0.160 0.021 0.095 0.006 0.021 0.094 0.093 0.034 
 155   (0.051) 0.105 0.152 0.056 0.022 0.028 0.015 0.184 0.050 0.007 0.015 0.046 
 117   (0.029) 0.024 0.022 0.003 0.136 0.007 0.005 0.004 0.015 0.005 0.031 0.016 
 124   (0.009) 0.001 0.023 0.001 0.002 0.001 0.001 0.001 0.002 0.001 0.001 0.002 
 133   (0.035) 0.005 0.039 0.004 0.025 0.021 0.008 0.004 0.049 0.009 0.075 0.059 
 157   (0.044) 0.007 0.007 0.057 0.032 0.033 0.103 0.027 0.171 0.004 0.021 0.147 
 141   (0.016) 0.002 0.004 0.006 0.006 0.004 0.002 0.002 0.020 0.001 0.001 0.028 
 112   (0.071) 0.046 0.067 0.157 0.096 0.022 0.015 0.195 0.081 0.161 0.164 0.063 
 121   (0.019) 0.092 0.003 0.004 0.003 0.013 0.006 0.008 0.010 0.009 0.002 0.011 
 114   (0.036) 0.005 0.041 0.080 0.156 0.030 0.006 0.016 0.008 0.004 0.185 0.009 
 153   (0.052) 0.022 0.057 0.092 0.026 0.314 0.247 0.010 0.019 0.079 0.004 0.034 
 127   (0.076) 0.167 0.064 0.100 0.077 0.021 0.031 0.021 0.094 0.210 0.069 0.094 
 131   (0.063) 0.035 0.064 0.042 0.022 0.131 0.150 0.227 0.023 0.090 0.178 0.023 
 135   (0.030) 0.005 0.006 0.014 0.010 0.138 0.016 0.010 0.021 0.074 0.003 0.037 
 104   (0.010) 0.001 0.002 0.002 0.002 0.002 0.001 0.011 0.002 0.003 0.002 0.002 
 118   (0.018) 0.002 0.020 0.002 0.007 0.003 0.011 0.017 0.009 0.002 0.002 0.009 
 116   (0.026) 0.078 0.006 0.013 0.034 0.004 0.017 0.019 0.008 0.004 0.005 0.012 
 137   (0.024) 0.086 0.004 0.002 0.008 0.006 0.012 0.100 0.014 0.003 0.006 0.014 
 123   (0.022) 0.024 0.005 0.093 0.006 0.029 0.005 0.007 0.005 0.017 0.002 0.009 
 149   (0.008) 0.005 0.001 0.002 0.007 0.001 0.001 0.001 0.003 0.002 0.001 0.003 
 138   (0.011) 0.001 0.001 0.001 0.001 0.001 0.002 0.001 0.034 0.010 0.001 0.031 
 143   (0.027) 0.006 0.004 0.052 0.004 0.004 0.016 0.003 0.028 0.010 0.077 0.023 
 163   (0.009) 0.005 0.001 0.001 0.002 0.001 0.001 0.003 0.006 0.001 0.001 0.005 
 109   (0.010) 0.001 0.001 0.001 0.032 0.001 0.001 0.001 0.002 0.001 0.001 0.002 
 139   (0.009) 0.001 0.001 0.001 0.001 0.001 0.002 0.001 0.009 0.001 0.001 0.010 
 106   (0.009) 0.001 0.001 0.001 0.002 0.002 0.001 0.001 0.006 0.001 0.001 0.009 
 144   (0.015) 0.002 0.002 0.002 0.038 0.030 0.002 0.001 0.005 0.001 0.001 0.006 
 122   (0.011) 0.002 0.016 0.001 0.007 0.002 0.002 0.001 0.003 0.001 0.003 0.003 
 100   (0.016) 0.031 0.002 0.005 0.007 0.003 0.005 0.002 0.023 0.005 0.001 0.020 
 111   (0.009) 0.001 0.001 0.001 0.001 0.001 0.001 0.001 0.022 0.001 0.001 0.021 
 233   (0.009) 0.002 0.001 0.002 0.001 0.002 0.006 0.001 0.005 0.002 0.001 0.006 
 134   (0.009) 0.001 0.001 0.012 0.001 0.001 0.001 0.001 0.002 0.001 0.001 0.004 
 140   (0.009) 0.001 0.001 0.001 0.005 0.002 0.001 0.001 0.006 0.001 0.001 0.006 

Locus 6 : 
17 alleles
0.0% missing data
 221   (0.023) 0.003 0.143 0.002 0.003 0.004 0.003 0.002 0.004 0.002 0.090 0.004 
 232   (0.243) 0.424 0.147 0.270 0.254 0.187 0.284 0.093 0.288 0.769 0.425 0.306 
 229   (0.055) 0.010 0.099 0.094 0.029 0.040 0.014 0.071 0.012 0.019 0.059 0.015 
 223   (0.060) 0.024 0.097 0.076 0.059 0.015 0.102 0.007 0.067 0.006 0.007 0.051 
 230   (0.156) 0.081 0.067 0.247 0.244 0.080 0.095 0.160 0.223 0.044 0.303 0.225 
 235   (0.014) 0.002 0.070 0.001 0.002 0.002 0.002 0.002 0.003 0.001 0.001 0.003 
 236   (0.039) 0.017 0.090 0.004 0.008 0.012 0.013 0.040 0.016 0.022 0.006 0.031 
 227   (0.022) 0.003 0.064 0.002 0.007 0.010 0.006 0.002 0.012 0.002 0.002 0.010 
 220   (0.056) 0.104 0.008 0.020 0.039 0.185 0.012 0.181 0.022 0.066 0.004 0.026 
 222   (0.044) 0.117 0.005 0.006 0.017 0.155 0.006 0.257 0.033 0.003 0.003 0.032 
 234   (0.131) 0.034 0.096 0.148 0.258 0.274 0.298 0.168 0.102 0.013 0.053 0.093 
 224   (0.031) 0.006 0.004 0.077 0.005 0.005 0.131 0.003 0.023 0.002 0.002 0.027 
 228   (0.059) 0.053 0.010 0.028 0.044 0.014 0.011 0.006 0.181 0.045 0.004 0.161 
 225   (0.011) 0.018 0.002 0.001 0.002 0.002 0.001 0.001 0.002 0.001 0.001 0.002 
 226   (0.016) 0.098 0.002 0.019 0.002 0.005 0.002 0.002 0.003 0.001 0.001 0.003 
 233   (0.026) 0.003 0.053 0.003 0.021 0.009 0.014 0.003 0.006 0.002 0.038 0.008 
 231   (0.014) 0.002 0.041 0.001 0.005 0.002 0.006 0.001 0.003 0.001 0.001 0.003 

Locus 7 : 
10 alleles
0.0% missing data
 121   (0.686) 0.745 0.878 0.787 0.808 0.814 0.559 0.797 0.833 0.703 0.744 0.825 
 129   (0.095) 0.103 0.080 0.122 0.058 0.014 0.100 0.010 0.052 0.143 0.102 0.046 
 130   (0.017) 0.020 0.003 0.002 0.002 0.017 0.003 0.002 0.005 0.001 0.003 0.005 
 123   (0.099) 0.110 0.025 0.079 0.026 0.059 0.235 0.126 0.069 0.145 0.098 0.082 
 128   (0.019) 0.002 0.003 0.002 0.004 0.003 0.020 0.037 0.004 0.001 0.023 0.004 
 131   (0.014) 0.009 0.002 0.002 0.002 0.002 0.009 0.021 0.005 0.001 0.001 0.004 
 117   (0.012) 0.001 0.001 0.001 0.002 0.001 0.001 0.001 0.009 0.001 0.001 0.009 
 125   (0.013) 0.001 0.001 0.001 0.002 0.001 0.065 0.001 0.002 0.001 0.001 0.002 
 134   (0.033) 0.006 0.005 0.003 0.089 0.083 0.005 0.004 0.020 0.002 0.006 0.020 
 132   (0.013) 0.002 0.002 0.001 0.007 0.006 0.002 0.001 0.002 0.001 0.021 0.003 

Locus 8 : 
19 alleles
0.0% missing data
 184   (0.298) 0.191 0.487 0.259 0.458 0.557 0.523 0.516 0.399 0.471 0.325 0.391 
 194   (0.046) 0.014 0.029 0.013 0.098 0.007 0.032 0.017 0.036 0.009 0.021 0.035 
 178   (0.100) 0.178 0.210 0.297 0.082 0.034 0.027 0.182 0.053 0.028 0.063 0.053 
 176   (0.083) 0.059 0.046 0.009 0.080 0.149 0.044 0.011 0.073 0.110 0.223 0.088 
 182   (0.078) 0.165 0.040 0.043 0.042 0.081 0.020 0.009 0.129 0.014 0.212 0.108 
 190   (0.032) 0.011 0.005 0.020 0.005 0.050 0.006 0.072 0.007 0.002 0.048 0.007 
 196   (0.021) 0.004 0.005 0.068 0.004 0.003 0.003 0.002 0.015 0.011 0.001 0.014 
 200   (0.025) 0.011 0.013 0.002 0.004 0.003 0.030 0.003 0.046 0.002 0.009 0.037 
 180   (0.023) 0.004 0.008 0.003 0.003 0.004 0.130 0.069 0.004 0.002 0.002 0.005 
 188   (0.038) 0.006 0.030 0.058 0.043 0.008 0.008 0.009 0.012 0.080 0.003 0.016 
 174   (0.040) 0.013 0.014 0.004 0.082 0.037 0.040 0.025 0.014 0.004 0.038 0.023 
 186   (0.123) 0.310 0.091 0.129 0.073 0.035 0.065 0.054 0.178 0.240 0.046 0.191 
 192   (0.023) 0.003 0.010 0.084 0.003 0.004 0.014 0.013 0.008 0.006 0.003 0.008 
 201   (0.010) 0.001 0.001 0.001 0.001 0.001 0.009 0.012 0.003 0.001 0.001 0.002 
 199   (0.019) 0.020 0.002 0.002 0.002 0.003 0.033 0.002 0.011 0.002 0.001 0.010 
 185   (0.011) 0.001 0.001 0.001 0.002 0.001 0.002 0.001 0.003 0.016 0.001 0.003 
 203   (0.010) 0.001 0.001 0.001 0.013 0.003 0.001 0.001 0.002 0.001 0.001 0.002 
 198   (0.010) 0.002 0.001 0.001 0.002 0.015 0.001 0.001 0.004 0.001 0.001 0.004 
 209   (0.011) 0.004 0.002 0.005 0.002 0.003 0.012 0.001 0.002 0.001 0.001 0.003 

Locus 9 : 
6 alleles
0.4% missing data
 154   (0.690) 0.855 0.711 0.795 0.643 0.723 0.666 0.821 0.735 0.846 0.630 0.752 
 156   (0.203) 0.127 0.162 0.124 0.277 0.261 0.319 0.168 0.198 0.032 0.355 0.189 
 152   (0.054) 0.010 0.080 0.076 0.043 0.008 0.007 0.005 0.028 0.105 0.005 0.027 
 153   (0.013) 0.003 0.002 0.001 0.002 0.002 0.002 0.002 0.011 0.015 0.001 0.009 
 160   (0.015) 0.002 0.002 0.001 0.002 0.002 0.002 0.001 0.023 0.001 0.001 0.017 
 164   (0.025) 0.003 0.043 0.002 0.033 0.003 0.003 0.002 0.005 0.002 0.008 0.006 

Locus 10 : 
29 alleles
0.7% missing data
 305   (0.065) 0.232 0.100 0.007 0.010 0.011 0.009 0.208 0.070 0.007 0.009 0.066 
 313   (0.048) 0.076 0.157 0.009 0.010 0.007 0.011 0.005 0.038 0.004 0.005 0.043 
 311   (0.016) 0.002 0.018 0.003 0.002 0.004 0.005 0.002 0.004 0.001 0.002 0.006 
 299   (0.118) 0.026 0.270 0.153 0.031 0.142 0.014 0.039 0.268 0.157 0.026 0.192 
 315   (0.079) 0.016 0.089 0.018 0.019 0.013 0.015 0.083 0.123 0.006 0.102 0.145 
 287   (0.016) 0.003 0.005 0.002 0.002 0.003 0.832 0.002 0.004 0.001 0.002 0.004 
 291   (0.118) 0.053 0.118 0.500 0.343 0.195 0.016 0.076 0.064 0.013 0.022 0.065 
 295   (0.024) 0.004 0.034 0.002 0.219 0.004 0.003 0.004 0.008 0.002 0.002 0.013 
 289   (0.016) 0.002 0.002 0.001 0.002 0.224 0.002 0.002 0.006 0.001 0.001 0.006 
 303   (0.033) 0.005 0.007 0.003 0.007 0.006 0.004 0.024 0.011 0.653 0.543 0.014 
 297   (0.050) 0.185 0.018 0.024 0.091 0.020 0.006 0.006 0.021 0.007 0.089 0.015 
 293   (0.014) 0.002 0.003 0.001 0.003 0.184 0.001 0.002 0.004 0.001 0.001 0.028 
 301   (0.060) 0.008 0.070 0.006 0.064 0.016 0.007 0.158 0.069 0.010 0.007 0.065 
 285   (0.026) 0.263 0.003 0.002 0.003 0.004 0.003 0.255 0.011 0.002 0.002 0.009 
 307   (0.055) 0.007 0.011 0.096 0.067 0.007 0.008 0.036 0.094 0.004 0.168 0.068 
 312   (0.057) 0.011 0.008 0.098 0.065 0.027 0.008 0.074 0.059 0.018 0.004 0.106 
 306   (0.026) 0.003 0.012 0.012 0.011 0.004 0.004 0.004 0.048 0.002 0.002 0.048 
 320   (0.012) 0.001 0.002 0.001 0.002 0.001 0.001 0.001 0.017 0.001 0.001 0.016 
 317   (0.022) 0.004 0.018 0.002 0.003 0.003 0.002 0.002 0.008 0.096 0.001 0.012 
 314   (0.026) 0.003 0.037 0.002 0.004 0.003 0.031 0.003 0.012 0.002 0.002 0.012 
 323   (0.012) 0.001 0.002 0.001 0.002 0.002 0.005 0.001 0.007 0.001 0.001 0.008 
 325   (0.008) 0.001 0.002 0.001 0.001 0.002 0.004 0.001 0.007 0.001 0.001 0.007 
 310   (0.017) 0.002 0.003 0.045 0.003 0.002 0.002 0.002 0.006 0.001 0.001 0.014 
 309   (0.013) 0.001 0.002 0.001 0.027 0.003 0.001 0.002 0.004 0.001 0.001 0.004 
 316   (0.018) 0.004 0.003 0.005 0.002 0.003 0.002 0.002 0.022 0.003 0.001 0.020 
 296   (0.012) 0.001 0.002 0.001 0.002 0.002 0.001 0.001 0.008 0.003 0.001 0.008 
 304   (0.014) 0.079 0.002 0.001 0.002 0.005 0.001 0.002 0.003 0.001 0.001 0.003 
 321   (0.012) 0.003 0.002 0.001 0.002 0.050 0.001 0.001 0.002 0.001 0.001 0.002 
 332   (0.014) 0.002 0.002 0.001 0.002 0.053 0.001 0.001 0.002 0.001 0.001 0.002 

Locus 11 : 
19 alleles
0.0% missing data
 114   (0.149) 0.023 0.252 0.023 0.281 0.037 0.041 0.292 0.158 0.043 0.194 0.170 
 126   (0.021) 0.002 0.060 0.002 0.006 0.003 0.003 0.018 0.004 0.002 0.003 0.004 
 111   (0.093) 0.560 0.170 0.562 0.013 0.548 0.020 0.009 0.023 0.306 0.006 0.028 
 116   (0.110) 0.070 0.104 0.030 0.144 0.065 0.127 0.017 0.099 0.009 0.267 0.089 
 132   (0.013) 0.002 0.012 0.001 0.002 0.002 0.002 0.001 0.003 0.001 0.001 0.003 
 109   (0.014) 0.002 0.049 0.002 0.002 0.002 0.002 0.001 0.003 0.001 0.001 0.003 
 128   (0.017) 0.002 0.008 0.007 0.011 0.003 0.002 0.002 0.006 0.001 0.001 0.006 
 112   (0.326) 0.073 0.266 0.049 0.439 0.105 0.463 0.604 0.585 0.179 0.499 0.572 
 122   (0.017) 0.002 0.003 0.002 0.007 0.005 0.002 0.007 0.004 0.015 0.004 0.006 
 124   (0.012) 0.001 0.002 0.001 0.002 0.002 0.002 0.017 0.002 0.002 0.002 0.002 
 118   (0.051) 0.009 0.022 0.006 0.043 0.174 0.080 0.015 0.024 0.012 0.009 0.023 
 127   (0.012) 0.001 0.001 0.001 0.001 0.002 0.002 0.001 0.009 0.001 0.001 0.009 
 113   (0.051) 0.197 0.007 0.226 0.010 0.014 0.028 0.004 0.024 0.416 0.003 0.027 
 115   (0.028) 0.008 0.025 0.006 0.008 0.005 0.207 0.003 0.011 0.003 0.003 0.012 
 120   (0.021) 0.002 0.003 0.070 0.020 0.004 0.003 0.002 0.005 0.002 0.001 0.005 
 117   (0.021) 0.009 0.003 0.006 0.003 0.017 0.004 0.003 0.016 0.003 0.002 0.014 
 125   (0.019) 0.002 0.002 0.002 0.003 0.008 0.004 0.002 0.020 0.003 0.001 0.023 
 119   (0.013) 0.032 0.002 0.004 0.002 0.005 0.002 0.001 0.003 0.001 0.001 0.003 
 136   (0.012) 0.001 0.010 0.001 0.002 0.002 0.008 0.001 0.002 0.001 0.001 0.002 

Locus 12 : 
28 alleles
0.7% missing data
 306   (0.061) 0.296 0.100 0.007 0.010 0.013 0.008 0.207 0.047 0.007 0.009 0.045 
 314   (0.059) 0.072 0.142 0.082 0.009 0.009 0.019 0.007 0.036 0.013 0.007 0.035 
 312   (0.014) 0.002 0.027 0.001 0.002 0.002 0.001 0.001 0.003 0.001 0.001 0.003 
 300   (0.122) 0.026 0.286 0.149 0.031 0.141 0.014 0.039 0.273 0.158 0.026 0.195 
 316   (0.044) 0.010 0.088 0.017 0.007 0.007 0.005 0.078 0.014 0.003 0.100 0.014 
 288   (0.017) 0.004 0.005 0.002 0.002 0.003 0.819 0.002 0.004 0.001 0.002 0.004 
 292   (0.122) 0.053 0.119 0.488 0.338 0.228 0.016 0.076 0.066 0.013 0.022 0.065 
 296   (0.029) 0.005 0.035 0.003 0.221 0.004 0.003 0.005 0.013 0.004 0.003 0.019 
 290   (0.013) 0.002 0.002 0.001 0.002 0.224 0.001 0.002 0.005 0.001 0.001 0.005 
 304   (0.035) 0.005 0.007 0.003 0.007 0.006 0.004 0.024 0.011 0.657 0.545 0.015 
 298   (0.049) 0.185 0.017 0.023 0.090 0.019 0.006 0.006 0.021 0.007 0.089 0.014 
 294   (0.016) 0.002 0.003 0.001 0.003 0.184 0.002 0.002 0.004 0.001 0.001 0.028 
 302   (0.062) 0.008 0.071 0.006 0.063 0.017 0.008 0.158 0.070 0.010 0.007 0.065 
 286   (0.026) 0.283 0.003 0.002 0.003 0.004 0.003 0.253 0.011 0.002 0.002 0.009 
 308   (0.032) 0.004 0.007 0.003 0.012 0.004 0.004 0.034 0.081 0.002 0.162 0.056 
 313   (0.048) 0.006 0.008 0.008 0.073 0.023 0.006 0.077 0.073 0.006 0.004 0.123 
 307   (0.047) 0.006 0.013 0.117 0.068 0.006 0.005 0.005 0.056 0.004 0.004 0.054 
 321   (0.012) 0.001 0.002 0.001 0.002 0.002 0.001 0.001 0.018 0.001 0.001 0.016 
 315   (0.056) 0.008 0.041 0.005 0.014 0.008 0.051 0.007 0.110 0.013 0.005 0.132 
 318   (0.019) 0.006 0.005 0.004 0.002 0.003 0.002 0.002 0.009 0.088 0.001 0.012 
 324   (0.013) 0.002 0.002 0.001 0.002 0.002 0.005 0.001 0.007 0.001 0.001 0.008 
 326   (0.012) 0.001 0.002 0.001 0.002 0.002 0.005 0.001 0.007 0.001 0.001 0.008 
 311   (0.018) 0.002 0.006 0.070 0.004 0.003 0.006 0.002 0.009 0.001 0.002 0.025 
 310   (0.014) 0.002 0.002 0.001 0.027 0.004 0.002 0.002 0.004 0.001 0.001 0.004 
 305   (0.017) 0.002 0.002 0.001 0.002 0.002 0.002 0.002 0.026 0.001 0.001 0.023 
 317   (0.015) 0.002 0.002 0.001 0.002 0.002 0.001 0.002 0.018 0.001 0.001 0.017 
 320   (0.013) 0.002 0.002 0.001 0.002 0.025 0.001 0.001 0.003 0.001 0.001 0.003 
 322   (0.014) 0.003 0.002 0.001 0.002 0.050 0.001 0.002 0.002 0.001 0.001 0.003 

Locus 13 : 
7 alleles
1.1% missing data
 161   (0.596) 0.324 0.666 0.422 0.839 0.877 0.452 0.064 0.510 0.506 0.889 0.539 
 163   (0.300) 0.483 0.243 0.567 0.122 0.108 0.532 0.030 0.467 0.462 0.025 0.436 
 160   (0.017) 0.002 0.002 0.002 0.002 0.003 0.002 0.449 0.003 0.001 0.001 0.004 
 162   (0.016) 0.002 0.002 0.001 0.002 0.002 0.002 0.451 0.003 0.001 0.001 0.003 
 165   (0.044) 0.185 0.080 0.006 0.028 0.006 0.008 0.004 0.010 0.027 0.003 0.011 
 166   (0.013) 0.002 0.005 0.001 0.004 0.003 0.002 0.001 0.004 0.001 0.003 0.005 
 164   (0.014) 0.002 0.002 0.001 0.002 0.002 0.002 0.001 0.002 0.001 0.077 0.003 

Locus 14 : 
4 alleles
0.4% missing data
  98   (0.957) 0.995 0.987 0.996 0.988 0.994 0.994 0.996 0.982 0.989 0.986 0.982 
 100   (0.013) 0.002 0.002 0.001 0.002 0.002 0.002 0.001 0.007 0.005 0.001 0.007 
  96   (0.016) 0.002 0.010 0.001 0.008 0.002 0.002 0.002 0.003 0.002 0.012 0.004 
 105   (0.013) 0.002 0.002 0.001 0.003 0.002 0.002 0.001 0.007 0.004 0.001 0.008 

Locus 15 : 
12 alleles
2.2% missing data
 171   (0.318) 0.182 0.427 0.363 0.181 0.466 0.473 0.227 0.348 0.297 0.175 0.339 
 177   (0.188) 0.076 0.180 0.085 0.289 0.297 0.246 0.364 0.168 0.070 0.050 0.178 
 173   (0.254) 0.649 0.283 0.504 0.335 0.123 0.126 0.088 0.259 0.508 0.061 0.286 
 179   (0.100) 0.052 0.068 0.010 0.045 0.029 0.126 0.304 0.138 0.109 0.575 0.105 
 183   (0.019) 0.014 0.025 0.002 0.003 0.003 0.007 0.002 0.005 0.007 0.011 0.006 
 181   (0.037) 0.008 0.007 0.029 0.008 0.006 0.005 0.004 0.048 0.003 0.122 0.043 
 197   (0.014) 0.002 0.002 0.001 0.080 0.002 0.002 0.001 0.003 0.001 0.001 0.003 
 170   (0.013) 0.002 0.002 0.001 0.003 0.004 0.005 0.002 0.010 0.001 0.001 0.019 
 189   (0.014) 0.010 0.002 0.001 0.003 0.002 0.002 0.005 0.013 0.001 0.001 0.012 
 203   (0.014) 0.002 0.002 0.001 0.049 0.002 0.002 0.001 0.002 0.001 0.001 0.003 
 187   (0.014) 0.002 0.002 0.001 0.002 0.042 0.006 0.001 0.004 0.001 0.001 0.005 
 198   (0.012) 0.002 0.002 0.001 0.002 0.025 0.001 0.001 0.002 0.001 0.001 0.002 

Values of parameters used in structure:
DATAFILE=STRUCTURE_main_final_278_HEG_ZG.str,	OUTFILE=STRUCTURE_main_final_278_HEG_ZG-K11-4,	NUMINDS=278,	NUMLOCI=15,	MISSING=-9,	LABEL=1,	POPDATA=1,	POPFLAG=0,	PHENOTYPE=0,	EXTRACOLS=0,	MAXPOPS=11,	BURNIN=100000,	NUMREPS=500000,	USEPOPINFO=0,	INFERALPHA=1,	INFERLAMBDA=0,	POPSPECIFICLAMBDA=0,	POPALPHAS=0,	COMPUTEPROB=1,	NOADMIX=0,	ADMBURNIN=2500,	UPDATEFREQ=1,	PRINTLIKES=0,	INTERMEDSAVE=0,	PRINTKLD=0,	PRINTNET=0,	PRINTLAMBDA=0,	ANCESTDIST=0,	NUMBOXES=1000,	ANCESTPINT=0.90000,	GENSBACK=2,	MIGRPRIOR=0.05000,	PRINTQHAT=0,	PRINTQSUM=0,	ALPHA=1.0000,	FREQSCORR=1,	FPRIORMEAN=0.0100,	FPRIORSD=0.0500,	ONEFST=0,	LAMBDA=1.0000,	UNIFPRIORALPHA=1,	ALPHAMAX=10.0000,	ALPHAPRIORA=1.0000,	ALPHAPRIORB=2.0000,	ALPHAPROPSD=0.0250,	STARTATPOPINFO=0,	RANDOMIZE=1,	LINKAGE=0,	METROFREQ=10,	REPORTHITRATE=0,	MARKOVPHASE=-1,	PHASED=0,	PLOIDY=2,	PHASEINFO=0	LOCPRIOR=0, 	LOCPRIORINIT=1.000000, 	LOCDATA=0, 	LOCISPOP=0, 	LOCPRIORSTEP=0.100000, 	MAXLOCPRIOR=20.000000, 	SEED=1782486036,	
[STRAT parameters]:    NUMSIMSTATS=1000,	PHENOTYPECOL=-9,	POOLFREQ=10,	LOCUSxONLY=0,	EMERROR=0.00100,	MISSINGPHENO=-9,	