

----------------------------------------------------
STRUCTURE by Pritchard, Stephens and Donnelly (2000)
     and Falush, Stephens and Pritchard (2003)
       Code by Pritchard, Falush and Hubisz
             Version 2.3.4 (Jul 2012)
----------------------------------------------------



Command line arguments:   structure -K 9 -i STRUCTURE_main_final_278_HEG_ZG.str -o STRUCTURE_main_final_278_HEG_ZG-K9-5 
Input File:    STRUCTURE_main_final_278_HEG_ZG.str

Run parameters:
   278 individuals
   15 loci
   9 populations assumed
   100000 Burn-in period
   500000 Reps


--------------------------------------------
Proportion of membership of each pre-defined
 population in each of the 9 clusters

Given    Inferred Clusters                                                 Number of
 Pop       1      2      3      4      5      6      7      8      9      Individuals

  1:     0.045  0.016  0.668  0.072  0.012  0.027  0.055  0.083  0.021       24
  2:     0.023  0.016  0.021  0.055  0.737  0.043  0.040  0.017  0.049       24
  3:     0.052  0.316  0.021  0.010  0.013  0.254  0.030  0.050  0.255       24
  4:     0.017  0.168  0.052  0.039  0.024  0.066  0.553  0.045  0.036       24
  5:     0.045  0.501  0.022  0.049  0.030  0.113  0.195  0.030  0.015       24
  6:     0.025  0.077  0.416  0.238  0.031  0.033  0.131  0.020  0.030       24
  7:     0.017  0.018  0.057  0.760  0.030  0.023  0.067  0.019  0.009       24
  8:     0.018  0.687  0.030  0.011  0.013  0.041  0.081  0.074  0.045       14
  9:     0.721  0.030  0.055  0.006  0.015  0.036  0.019  0.072  0.046       24
 10:     0.060  0.023  0.012  0.017  0.009  0.043  0.011  0.668  0.156       24
 11:     0.156  0.027  0.021  0.012  0.012  0.085  0.038  0.284  0.365       24
 12:     0.028  0.105  0.243  0.112  0.019  0.082  0.286  0.046  0.078       24
--------------------------------------------

Allele-freq. divergence among pops (Net nucleotide distance),
computed using point estimates of P.

      1       2       3       4       5       6       7       8       9      
 1      -    0.0408  0.0362  0.0919  0.0815  0.0705  0.0470  0.0416  0.0627  
 2   0.0408     -    0.0337  0.0740  0.0637  0.0525  0.0333  0.0542  0.0682  
 3   0.0362  0.0337     -    0.0654  0.0679  0.0699  0.0334  0.0622  0.0835  
 4   0.0919  0.0740  0.0654     -    0.1005  0.1034  0.0621  0.1294  0.0881  
 5   0.0815  0.0637  0.0679  0.1005     -    0.0978  0.0749  0.1083  0.1283  
 6   0.0705  0.0525  0.0699  0.1034  0.0978     -    0.0649  0.0891  0.0968  
 7   0.0470  0.0333  0.0334  0.0621  0.0749  0.0649     -    0.0660  0.0884  
 8   0.0416  0.0542  0.0622  0.1294  0.1083  0.0891  0.0660     -    0.0732  
 9   0.0627  0.0682  0.0835  0.0881  0.1283  0.0968  0.0884  0.0732     -    

Average distances (expected heterozygosity) between individuals in same cluster:
cluster  1  : 0.6197 
cluster  2  : 0.6312 
cluster  3  : 0.6174 
cluster  4  : 0.5532 
cluster  5  : 0.6123 
cluster  6  : 0.6092 
cluster  7  : 0.6068 
cluster  8  : 0.6124 
cluster  9  : 0.5580 

--------------------------------------------
Estimated Ln Prob of Data   = -12338.3
Mean value of ln likelihood = -11719.6
Variance of ln likelihood   = 1237.4
Mean value of alpha         = 0.0474

Mean value of Fst_1         = 0.1088
Mean value of Fst_2         = 0.0598
Mean value of Fst_3         = 0.0892
Mean value of Fst_4         = 0.1930
Mean value of Fst_5         = 0.1924
Mean value of Fst_6         = 0.1527
Mean value of Fst_7         = 0.0944
Mean value of Fst_8         = 0.1458
Mean value of Fst_9         = 0.2097


Inferred ancestry of individuals:
        Label (%Miss) Pop:  Inferred clusters
  1 24.0601.E1    (0)    1 :  0.007 0.007 0.926 0.012 0.012 0.010 0.009 0.007 0.011 
  2 24.0602.E1    (0)    1 :  0.010 0.009 0.934 0.008 0.004 0.010 0.007 0.010 0.008 
  3 24.0603.E1    (0)    1 :  0.015 0.051 0.859 0.025 0.005 0.008 0.025 0.005 0.007 
  4 24.0604.E1    (0)    1 :  0.010 0.005 0.654 0.005 0.008 0.162 0.110 0.041 0.005 
  5 24.0605.E1    (0)    1 :  0.031 0.011 0.855 0.039 0.008 0.007 0.031 0.008 0.011 
  6 24.0606.E1    (0)    1 :  0.015 0.013 0.728 0.021 0.010 0.006 0.182 0.019 0.007 
  7 24.0607.E1    (0)    1 :  0.462 0.053 0.110 0.318 0.007 0.013 0.018 0.012 0.007 
  8 24.0608.E1    (0)    1 :  0.012 0.008 0.710 0.106 0.003 0.006 0.007 0.028 0.120 
  9 24.0609.E1    (0)    1 :  0.018 0.023 0.237 0.006 0.005 0.011 0.243 0.445 0.013 
 10 24.0610.E1    (0)    1 :  0.010 0.017 0.435 0.010 0.005 0.005 0.112 0.400 0.005 
 11 24.0611.E1    (0)    1 :  0.032 0.010 0.880 0.006 0.007 0.006 0.026 0.029 0.005 
 12 24.0612.E1    (0)    1 :  0.007 0.011 0.927 0.014 0.008 0.015 0.007 0.007 0.004 
 13 24.0613.E1    (0)    1 :  0.007 0.007 0.885 0.005 0.007 0.005 0.060 0.020 0.005 
 14 24.0614.E1    (0)    1 :  0.179 0.007 0.234 0.350 0.007 0.007 0.015 0.019 0.182 
 15 24.0615.E1    (0)    1 :  0.020 0.010 0.731 0.042 0.014 0.020 0.011 0.137 0.015 
 16 24.0616.E1    (0)    1 :  0.011 0.007 0.935 0.005 0.012 0.006 0.009 0.010 0.005 
 17 24.0617.E1    (0)    1 :  0.031 0.014 0.359 0.020 0.024 0.006 0.017 0.521 0.008 
 18 24.0618.E1    (0)    1 :  0.041 0.043 0.777 0.005 0.009 0.006 0.037 0.063 0.019 
 19 24.0619.E1    (0)    1 :  0.030 0.008 0.657 0.004 0.013 0.135 0.130 0.018 0.005 
 20 24.0620.E1   (20)    1 :  0.023 0.024 0.050 0.700 0.013 0.016 0.127 0.038 0.009 
 21 24.0621.E1    (0)    1 :  0.066 0.010 0.506 0.005 0.005 0.161 0.109 0.107 0.031 
 22 24.0622.E1    (0)    1 :  0.005 0.016 0.910 0.010 0.022 0.005 0.017 0.009 0.006 
 23 24.0623.E1    (0)    1 :  0.028 0.016 0.782 0.016 0.087 0.015 0.016 0.028 0.011 
 24 24.0624.E1    (0)    1 :  0.007 0.007 0.950 0.006 0.006 0.004 0.005 0.011 0.005 
 25 24.0625.E1    (0)    2 :  0.013 0.025 0.015 0.056 0.596 0.039 0.041 0.010 0.207 
 26 24.0626.E1    (0)    2 :  0.004 0.004 0.004 0.035 0.810 0.004 0.004 0.003 0.131 
 27 24.0627.E1    (0)    2 :  0.007 0.007 0.007 0.017 0.472 0.441 0.037 0.004 0.009 
 28 24.0628.E1    (0)    2 :  0.012 0.015 0.031 0.117 0.480 0.007 0.086 0.080 0.171 
 29 24.0629.E1    (0)    2 :  0.011 0.031 0.053 0.006 0.861 0.011 0.008 0.011 0.008 
 30 24.0630.E1    (0)    2 :  0.007 0.005 0.005 0.091 0.813 0.009 0.010 0.005 0.055 
 31 24.0631.E1    (0)    2 :  0.004 0.004 0.005 0.004 0.971 0.004 0.003 0.003 0.003 
 32 24.0632.E1    (0)    2 :  0.006 0.010 0.007 0.034 0.915 0.010 0.007 0.006 0.005 
 33 24.0633.E1    (0)    2 :  0.008 0.017 0.013 0.032 0.446 0.010 0.021 0.007 0.446 
 34 24.0634.E1    (0)    2 :  0.012 0.011 0.009 0.007 0.915 0.009 0.010 0.010 0.018 
 35 24.0635.E1    (0)    2 :  0.086 0.091 0.024 0.022 0.644 0.034 0.022 0.031 0.046 
 36 24.0636.E1   (33)    2 :  0.008 0.023 0.031 0.714 0.070 0.025 0.111 0.011 0.009 
 37 24.0637.E1    (0)    2 :  0.005 0.005 0.004 0.007 0.964 0.004 0.005 0.003 0.003 
 38 24.0638.E1    (0)    2 :  0.006 0.031 0.008 0.005 0.898 0.016 0.023 0.006 0.006 
 39 24.0639.E1    (0)    2 :  0.010 0.020 0.036 0.015 0.795 0.023 0.007 0.085 0.009 
 40 24.0640.E1    (0)    2 :  0.010 0.007 0.008 0.006 0.945 0.005 0.006 0.007 0.006 
 41 24.0641.E1    (0)    2 :  0.295 0.019 0.161 0.018 0.371 0.075 0.044 0.010 0.007 
 42 24.0642.E1    (0)    2 :  0.005 0.006 0.048 0.034 0.590 0.007 0.301 0.004 0.005 
 43 24.0643.E1    (0)    2 :  0.006 0.015 0.008 0.058 0.608 0.279 0.008 0.012 0.006 
 44 24.0644.E1    (0)    2 :  0.011 0.006 0.008 0.005 0.910 0.005 0.017 0.033 0.005 
 45 24.0645.E1    (0)    2 :  0.011 0.006 0.009 0.018 0.765 0.006 0.155 0.026 0.004 
 46 24.0646.E1    (0)    2 :  0.011 0.006 0.008 0.005 0.910 0.005 0.017 0.033 0.005 
 47 24.0647.E1    (0)    2 :  0.005 0.005 0.004 0.007 0.964 0.004 0.005 0.003 0.003 
 48 24.0648.E1    (0)    2 :  0.005 0.005 0.004 0.007 0.963 0.004 0.005 0.003 0.003 
 49 24.0649.E1    (0)    3 :  0.009 0.932 0.005 0.003 0.006 0.010 0.007 0.015 0.012 
 50 24.0650.E1    (0)    3 :  0.136 0.034 0.019 0.004 0.004 0.010 0.392 0.121 0.281 
 51 24.0651.E1    (0)    3 :  0.386 0.353 0.009 0.029 0.119 0.037 0.019 0.009 0.040 
 52 24.0652.E1    (0)    3 :  0.009 0.049 0.032 0.005 0.005 0.025 0.007 0.005 0.862 
 53 24.0653.E1    (0)    3 :  0.015 0.044 0.006 0.006 0.004 0.883 0.009 0.018 0.014 
 54 24.0654.E1    (0)    3 :  0.009 0.316 0.008 0.004 0.014 0.010 0.008 0.032 0.599 
 55 24.0655.E1    (0)    3 :  0.022 0.580 0.045 0.007 0.025 0.010 0.013 0.024 0.274 
 56 24.0656.E1    (0)    3 :  0.006 0.016 0.008 0.011 0.006 0.017 0.017 0.011 0.908 
 57 24.0657.E1    (0)    3 :  0.006 0.019 0.008 0.011 0.006 0.020 0.018 0.011 0.901 
 58 24.0658.E1    (0)    3 :  0.013 0.743 0.018 0.006 0.006 0.058 0.024 0.126 0.006 
 59 24.0659.E1    (0)    3 :  0.062 0.123 0.063 0.004 0.012 0.485 0.019 0.059 0.172 
 60 24.0660.E1    (6)    3 :  0.009 0.913 0.020 0.006 0.013 0.012 0.013 0.006 0.009 
 61 24.0661.E1    (0)    3 :  0.008 0.017 0.008 0.006 0.005 0.008 0.005 0.006 0.939 
 62 24.0662.E1    (0)    3 :  0.372 0.221 0.132 0.014 0.028 0.104 0.013 0.034 0.081 
 63 24.0663.E1    (0)    3 :  0.059 0.148 0.007 0.005 0.010 0.007 0.051 0.602 0.111 
 64 24.0664.E1    (0)    3 :  0.008 0.562 0.007 0.024 0.009 0.011 0.009 0.017 0.352 
 65 24.0665.E1    (0)    3 :  0.010 0.424 0.006 0.052 0.006 0.039 0.028 0.005 0.430 
 66 24.0666.E1    (0)    3 :  0.005 0.007 0.006 0.004 0.005 0.950 0.008 0.008 0.007 
 67 24.0667.E1    (0)    3 :  0.004 0.011 0.007 0.004 0.003 0.955 0.005 0.005 0.006 
 68 24.0668.E1    (0)    3 :  0.004 0.004 0.003 0.003 0.004 0.969 0.004 0.004 0.004 
 69 24.0669.E1    (0)    3 :  0.005 0.005 0.004 0.004 0.004 0.966 0.005 0.004 0.004 
 70 24.0670.E1    (0)    3 :  0.009 0.904 0.010 0.005 0.003 0.023 0.004 0.029 0.013 
 71 24.0671.E1    (0)    3 :  0.025 0.807 0.008 0.007 0.010 0.011 0.011 0.030 0.091 
 72 24.0672.E1    (0)    3 :  0.060 0.346 0.054 0.007 0.006 0.476 0.031 0.008 0.012 
 73 24.0673.E1    (6)    4 :  0.010 0.020 0.109 0.075 0.023 0.011 0.238 0.008 0.506 
 74 24.0674.E1    (0)    4 :  0.012 0.007 0.011 0.034 0.008 0.005 0.902 0.016 0.005 
 75 24.0675.E1    (0)    4 :  0.027 0.030 0.022 0.022 0.025 0.010 0.789 0.032 0.043 
 76 24.0676.E1    (0)    4 :  0.020 0.041 0.012 0.021 0.007 0.007 0.747 0.127 0.018 
 77 24.0677.E1    (0)    4 :  0.050 0.798 0.029 0.011 0.004 0.016 0.024 0.032 0.035 
 78 24.0678.E1    (0)    4 :  0.032 0.239 0.472 0.012 0.053 0.127 0.026 0.008 0.031 
 79 24.0679.E1    (0)    4 :  0.016 0.116 0.142 0.008 0.014 0.130 0.322 0.241 0.009 
 80 24.0680.E1    (0)    4 :  0.022 0.402 0.046 0.010 0.024 0.356 0.116 0.007 0.017 
 81 24.0681.E1    (0)    4 :  0.012 0.227 0.031 0.017 0.009 0.028 0.658 0.007 0.011 
 82 24.0682.E1    (0)    4 :  0.004 0.004 0.004 0.005 0.005 0.004 0.967 0.005 0.003 
 83 24.0683.E1    (0)    4 :  0.010 0.006 0.013 0.132 0.006 0.008 0.814 0.006 0.006 
 84 24.0684.E1    (0)    4 :  0.010 0.043 0.066 0.037 0.032 0.011 0.762 0.033 0.006 
 85 24.0685.E1    (0)    4 :  0.005 0.009 0.009 0.017 0.006 0.058 0.875 0.016 0.005 
 86 24.0686.E1    (0)    4 :  0.042 0.744 0.060 0.013 0.077 0.017 0.028 0.015 0.006 
 87 24.0687.E1    (0)    4 :  0.036 0.608 0.048 0.014 0.191 0.009 0.063 0.024 0.008 
 88 24.0688.E1    (0)    4 :  0.006 0.009 0.006 0.006 0.007 0.004 0.955 0.004 0.005 
 89 24.0689.E1    (0)    4 :  0.016 0.353 0.025 0.034 0.015 0.012 0.150 0.366 0.029 
 90 24.0690.E1    (0)    4 :  0.019 0.135 0.020 0.034 0.029 0.701 0.037 0.006 0.019 
 91 24.0691.E1    (0)    4 :  0.005 0.013 0.017 0.007 0.007 0.009 0.912 0.025 0.005 
 92 24.0692.E1    (0)    4 :  0.006 0.082 0.005 0.009 0.005 0.009 0.858 0.022 0.005 
 93 24.0693.E1    (0)    4 :  0.013 0.113 0.011 0.404 0.008 0.018 0.331 0.037 0.064 
 94 24.0694.E1    (0)    4 :  0.005 0.008 0.007 0.008 0.007 0.012 0.941 0.006 0.005 
 95 24.0695.E1    (0)    4 :  0.012 0.010 0.065 0.007 0.006 0.016 0.851 0.026 0.008 
 96 24.0696.E1    (0)    4 :  0.007 0.014 0.022 0.008 0.013 0.012 0.906 0.013 0.005 
 97 24.0697.E1    (0)    5 :  0.018 0.742 0.006 0.092 0.012 0.007 0.102 0.013 0.007 
 98 24.0698.E1    (0)    5 :  0.028 0.733 0.019 0.101 0.017 0.042 0.027 0.024 0.009 
 99 24.0699.E1    (0)    5 :  0.017 0.923 0.015 0.009 0.009 0.009 0.006 0.005 0.007 
100 24.0700.E1    (0)    5 :  0.007 0.924 0.006 0.007 0.005 0.019 0.017 0.007 0.008 
101 24.0701.E1    (0)    5 :  0.008 0.014 0.007 0.035 0.010 0.900 0.009 0.010 0.007 
102 24.0702.E1    (0)    5 :  0.007 0.818 0.011 0.029 0.014 0.092 0.013 0.009 0.007 
103 24.0703.E1    (0)    5 :  0.151 0.747 0.011 0.007 0.049 0.018 0.007 0.006 0.005 
104 24.0704.E1    (6)    5 :  0.323 0.601 0.018 0.009 0.009 0.008 0.017 0.009 0.005 
105 24.0705.E1    (0)    5 :  0.009 0.043 0.014 0.008 0.009 0.062 0.838 0.011 0.006 
106 24.0706.E1    (0)    5 :  0.010 0.804 0.007 0.012 0.009 0.091 0.041 0.010 0.016 
107 24.0707.E1    (0)    5 :  0.034 0.843 0.022 0.016 0.017 0.019 0.034 0.005 0.011 
108 24.0708.E1    (0)    5 :  0.168 0.046 0.064 0.025 0.266 0.026 0.051 0.330 0.027 
109 24.0709.E1    (0)    5 :  0.026 0.025 0.010 0.006 0.008 0.009 0.864 0.035 0.015 
110 24.0710.E1    (0)    5 :  0.038 0.479 0.049 0.053 0.008 0.061 0.239 0.062 0.009 
111 24.0711.E1    (0)    5 :  0.027 0.723 0.065 0.019 0.059 0.040 0.052 0.006 0.009 
112 24.0712.E1    (0)    5 :  0.008 0.051 0.018 0.017 0.037 0.825 0.030 0.008 0.006 
113 24.0713.E1    (0)    5 :  0.028 0.285 0.009 0.016 0.008 0.021 0.592 0.033 0.008 
114 24.0714.E1    (0)    5 :  0.035 0.796 0.041 0.009 0.013 0.032 0.041 0.021 0.012 
115 24.0715.E1    (0)    5 :  0.007 0.389 0.026 0.426 0.007 0.019 0.077 0.011 0.037 
116 24.0716.E1    (0)    5 :  0.046 0.469 0.059 0.014 0.037 0.304 0.018 0.045 0.008 
117 24.0717.E1    (0)    5 :  0.056 0.449 0.016 0.252 0.046 0.024 0.026 0.024 0.106 
118 24.0718.E1    (0)    5 :  0.007 0.749 0.016 0.011 0.030 0.066 0.108 0.008 0.005 
119 24.0719.E1    (0)    5 :  0.012 0.035 0.006 0.006 0.016 0.010 0.894 0.014 0.008 
120 24.0720.E1    (0)    5 :  0.010 0.339 0.017 0.006 0.015 0.013 0.571 0.020 0.009 
121 24.0721.E1    (0)    6 :  0.020 0.125 0.011 0.558 0.014 0.032 0.085 0.034 0.122 
122 24.0722.E1    (0)    6 :  0.095 0.053 0.021 0.543 0.121 0.071 0.073 0.014 0.010 
123 24.0723.E1    (0)    6 :  0.124 0.023 0.025 0.223 0.258 0.010 0.016 0.023 0.297 
124 24.0724.E1    (0)    6 :  0.119 0.027 0.140 0.116 0.038 0.017 0.372 0.150 0.020 
125 24.0725.E1    (0)    6 :  0.005 0.010 0.931 0.008 0.007 0.007 0.011 0.007 0.015 
126 24.0726.E1    (6)    6 :  0.012 0.015 0.584 0.093 0.009 0.011 0.261 0.008 0.008 
127 24.0727.E1    (0)    6 :  0.017 0.034 0.248 0.503 0.017 0.094 0.022 0.022 0.044 
128 24.0728.E1    (0)    6 :  0.012 0.401 0.311 0.165 0.038 0.012 0.018 0.012 0.032 
129 24.0729.E1    (0)    6 :  0.018 0.016 0.607 0.050 0.014 0.045 0.225 0.021 0.005 
130 24.0730.E1    (0)    6 :  0.009 0.820 0.048 0.042 0.010 0.014 0.024 0.022 0.011 
131 24.0731.E1    (0)    6 :  0.008 0.009 0.158 0.060 0.013 0.005 0.722 0.007 0.018 
132 24.0732.E1    (0)    6 :  0.006 0.014 0.042 0.788 0.009 0.013 0.097 0.004 0.026 
133 24.0733.E1    (0)    6 :  0.004 0.005 0.948 0.017 0.006 0.004 0.008 0.006 0.004 
134 24.0734.E1    (0)    6 :  0.011 0.078 0.034 0.825 0.013 0.013 0.009 0.008 0.010 
135 24.0735.E1    (0)    6 :  0.009 0.045 0.571 0.246 0.057 0.017 0.019 0.028 0.010 
136 24.0736.E1    (0)    6 :  0.006 0.008 0.905 0.048 0.008 0.005 0.007 0.006 0.006 
137 24.0737.E1    (0)    6 :  0.017 0.023 0.885 0.008 0.025 0.012 0.013 0.008 0.010 
138 24.0738.E1    (0)    6 :  0.009 0.016 0.900 0.029 0.011 0.011 0.010 0.005 0.009 
139 24.0739.E1    (0)    6 :  0.006 0.021 0.920 0.005 0.016 0.007 0.010 0.007 0.008 
140 24.0740.E1    (0)    6 :  0.016 0.014 0.564 0.012 0.021 0.010 0.340 0.016 0.006 
141 24.0741.E1    (0)    6 :  0.009 0.046 0.314 0.397 0.019 0.007 0.185 0.010 0.013 
142 24.0742.E1    (0)    6 :  0.010 0.011 0.142 0.777 0.010 0.008 0.027 0.008 0.007 
143 24.0743.E1    (0)    6 :  0.028 0.012 0.388 0.042 0.005 0.020 0.470 0.025 0.010 
144 24.0744.E1    (0)    6 :  0.026 0.023 0.278 0.147 0.013 0.346 0.126 0.024 0.017 
145 24.0745.E1    (0)    7 :  0.010 0.013 0.005 0.892 0.004 0.030 0.022 0.008 0.017 
146 24.0746.E1    (0)    7 :  0.161 0.047 0.042 0.618 0.060 0.010 0.043 0.011 0.008 
147 24.0747.E1    (0)    7 :  0.009 0.012 0.023 0.682 0.010 0.012 0.217 0.025 0.010 
148 24.0748.E1    (6)    7 :  0.009 0.012 0.027 0.579 0.009 0.013 0.294 0.035 0.024 
149 24.0749.E1    (0)    7 :  0.007 0.007 0.229 0.724 0.006 0.008 0.008 0.006 0.004 
150 24.0750.E1    (0)    7 :  0.042 0.082 0.208 0.327 0.012 0.070 0.232 0.016 0.011 
151 24.0751.E1    (0)    7 :  0.004 0.005 0.007 0.959 0.006 0.004 0.005 0.004 0.005 
152 24.0752.E1    (0)    7 :  0.006 0.011 0.035 0.910 0.006 0.005 0.011 0.006 0.009 
153 24.0753.E1    (0)    7 :  0.010 0.008 0.212 0.508 0.209 0.009 0.013 0.005 0.027 
154 24.0754.E1    (0)    7 :  0.005 0.008 0.022 0.903 0.017 0.008 0.023 0.006 0.009 
155 24.0755.E1    (0)    7 :  0.014 0.028 0.015 0.771 0.023 0.008 0.093 0.042 0.006 
156 24.0756.E1    (0)    7 :  0.005 0.004 0.013 0.934 0.009 0.006 0.006 0.017 0.005 
157 24.0757.E1    (0)    7 :  0.003 0.004 0.003 0.972 0.004 0.004 0.004 0.003 0.004 
158 24.0758.E1    (0)    7 :  0.003 0.004 0.004 0.971 0.004 0.004 0.004 0.003 0.003 
159 24.0759.E1    (0)    7 :  0.006 0.008 0.016 0.932 0.006 0.008 0.007 0.005 0.012 
160 24.0760.E1    (0)    7 :  0.008 0.036 0.011 0.627 0.278 0.008 0.019 0.006 0.008 
161 24.0761.E1    (0)    7 :  0.004 0.004 0.006 0.958 0.009 0.004 0.005 0.005 0.005 
162 24.0762.E1    (0)    7 :  0.014 0.090 0.242 0.097 0.009 0.300 0.056 0.185 0.008 
163 24.0763.E1    (0)    7 :  0.004 0.004 0.007 0.957 0.004 0.003 0.011 0.004 0.006 
164 24.0764.E1    (0)    7 :  0.004 0.006 0.010 0.954 0.008 0.004 0.005 0.005 0.004 
165 24.0765.E1    (0)    7 :  0.013 0.008 0.007 0.907 0.023 0.005 0.017 0.011 0.009 
166 24.0766.E1    (0)    7 :  0.005 0.006 0.009 0.947 0.006 0.005 0.008 0.005 0.009 
167 24.0767.E1    (0)    7 :  0.003 0.004 0.004 0.968 0.004 0.003 0.006 0.004 0.004 
168 24.0768.E1    (0)    7 :  0.050 0.026 0.214 0.142 0.005 0.009 0.503 0.039 0.011 
169 24.0779.E1    (0)    8 :  0.047 0.831 0.014 0.036 0.006 0.009 0.036 0.008 0.013 
170 24.0780.E1    (6)    8 :  0.011 0.811 0.008 0.004 0.006 0.009 0.026 0.089 0.036 
171 24.0781.E1    (0)    8 :  0.005 0.956 0.004 0.005 0.005 0.006 0.007 0.007 0.006 
172 24.0782.E1    (0)    8 :  0.026 0.193 0.123 0.029 0.042 0.011 0.509 0.028 0.039 
173 24.0783.E1    (0)    8 :  0.008 0.175 0.012 0.007 0.019 0.085 0.099 0.584 0.012 
174 24.0784.E1    (0)    8 :  0.023 0.904 0.007 0.004 0.005 0.005 0.027 0.016 0.007 
175 24.0785.E1    (0)    8 :  0.027 0.866 0.006 0.004 0.004 0.014 0.012 0.030 0.039 
176 24.0786.E1    (0)    8 :  0.012 0.747 0.020 0.009 0.008 0.011 0.078 0.099 0.018 
177 24.0787.E1    (0)    8 :  0.010 0.897 0.010 0.011 0.030 0.006 0.011 0.010 0.015 
178 24.0788.E1    (0)    8 :  0.010 0.780 0.005 0.006 0.025 0.008 0.029 0.114 0.022 
179 24.0789.E1    (0)    8 :  0.023 0.885 0.020 0.006 0.017 0.006 0.008 0.024 0.011 
180 24.0790.E1    (0)    8 :  0.013 0.933 0.004 0.004 0.006 0.007 0.006 0.010 0.018 
181 24.0791.E1    (0)    8 :  0.030 0.240 0.173 0.008 0.006 0.353 0.158 0.015 0.019 
182 24.0792.E1    (0)    8 :  0.009 0.398 0.013 0.018 0.004 0.048 0.123 0.009 0.378 
183 24.0793.E1    (0)    9 :  0.680 0.081 0.036 0.008 0.053 0.008 0.010 0.088 0.037 
184 24.0794.E1    (0)    9 :  0.041 0.019 0.633 0.007 0.006 0.007 0.006 0.034 0.248 
185 24.0795.E1    (0)    9 :  0.507 0.022 0.300 0.007 0.041 0.009 0.021 0.084 0.008 
186 24.0796.E1    (0)    9 :  0.072 0.143 0.096 0.005 0.009 0.006 0.008 0.424 0.238 
187 24.0797.E1    (0)    9 :  0.556 0.146 0.017 0.004 0.011 0.007 0.008 0.205 0.047 
188 24.0798.E1    (0)    9 :  0.458 0.018 0.009 0.018 0.027 0.343 0.019 0.013 0.093 
189 24.0799.E1    (0)    9 :  0.897 0.013 0.022 0.007 0.007 0.011 0.009 0.027 0.008 
190 24.0800.E1    (0)    9 :  0.722 0.019 0.023 0.008 0.005 0.015 0.045 0.134 0.029 
191 24.0801.E1    (0)    9 :  0.614 0.008 0.005 0.005 0.007 0.330 0.015 0.006 0.010 
192 24.0802.E1    (0)    9 :  0.852 0.011 0.008 0.004 0.024 0.011 0.009 0.074 0.008 
193 24.0803.E1    (0)    9 :  0.929 0.008 0.010 0.007 0.007 0.017 0.007 0.008 0.007 
194 24.0804.E1    (0)    9 :  0.890 0.009 0.009 0.004 0.012 0.004 0.006 0.055 0.011 
195 24.0805.E1    (0)    9 :  0.924 0.007 0.007 0.006 0.004 0.007 0.035 0.004 0.006 
196 24.0806.E1    (0)    9 :  0.943 0.006 0.005 0.004 0.020 0.005 0.005 0.004 0.007 
197 24.0807.E1    (0)    9 :  0.882 0.015 0.009 0.004 0.007 0.009 0.009 0.019 0.047 
198 24.0808.E1    (0)    9 :  0.746 0.070 0.014 0.006 0.020 0.007 0.083 0.035 0.019 
199 24.0809.E1    (0)    9 :  0.875 0.007 0.014 0.009 0.004 0.009 0.046 0.030 0.007 
200 24.0810.E1    (0)    9 :  0.881 0.008 0.007 0.012 0.011 0.006 0.031 0.017 0.026 
201 24.0811.E1    (0)    9 :  0.617 0.022 0.038 0.005 0.027 0.005 0.008 0.083 0.194 
202 24.0812.E1    (0)    9 :  0.645 0.036 0.034 0.006 0.006 0.009 0.017 0.238 0.009 
203 24.0813.E1    (0)    9 :  0.909 0.019 0.006 0.006 0.006 0.004 0.029 0.013 0.007 
204 24.0814.E1    (6)    9 :  0.834 0.006 0.008 0.004 0.013 0.006 0.015 0.102 0.012 
205 24.0815.E1    (0)    9 :  0.912 0.007 0.004 0.007 0.019 0.021 0.009 0.013 0.009 
206 24.0816.E1    (0)    9 :  0.920 0.013 0.006 0.004 0.010 0.011 0.004 0.011 0.021 
207 24.0817.E1    (0)   10 :  0.135 0.025 0.020 0.006 0.005 0.011 0.013 0.726 0.060 
208 24.0818.E1    (0)   10 :  0.012 0.070 0.029 0.009 0.010 0.007 0.005 0.845 0.012 
209 24.0819.E1    (0)   10 :  0.405 0.010 0.019 0.132 0.021 0.088 0.015 0.021 0.288 
210 24.0820.E1    (0)   10 :  0.012 0.007 0.007 0.069 0.008 0.010 0.006 0.020 0.861 
211 24.0821.E1    (0)   10 :  0.103 0.190 0.016 0.007 0.013 0.270 0.018 0.173 0.210 
212 24.0822.E1    (0)   10 :  0.007 0.027 0.006 0.018 0.004 0.006 0.008 0.915 0.011 
213 24.0823.E1    (0)   10 :  0.011 0.006 0.008 0.039 0.010 0.012 0.011 0.387 0.516 
214 24.0824.E1    (0)   10 :  0.017 0.007 0.007 0.008 0.006 0.437 0.029 0.475 0.013 
215 24.0825.E1    (0)   10 :  0.005 0.005 0.004 0.005 0.005 0.005 0.008 0.958 0.005 
216 24.0826.E1    (0)   10 :  0.025 0.014 0.006 0.023 0.009 0.014 0.010 0.047 0.852 
217 24.0827.E1    (0)   10 :  0.017 0.021 0.045 0.004 0.007 0.007 0.009 0.784 0.105 
218 24.0828.E1    (0)   10 :  0.044 0.024 0.009 0.016 0.010 0.048 0.018 0.170 0.660 
219 24.0829.E1    (0)   10 :  0.167 0.008 0.005 0.009 0.006 0.009 0.011 0.771 0.014 
220 24.0830.E1    (0)   10 :  0.013 0.007 0.006 0.004 0.004 0.011 0.010 0.932 0.014 
221 24.0831.E1    (0)   10 :  0.009 0.024 0.005 0.004 0.004 0.015 0.010 0.919 0.010 
222 24.0832.E1    (0)   10 :  0.005 0.006 0.010 0.004 0.003 0.004 0.007 0.948 0.014 
223 24.0833.E1    (0)   10 :  0.004 0.004 0.004 0.004 0.003 0.004 0.007 0.963 0.007 
224 24.0834.E1    (0)   10 :  0.007 0.005 0.007 0.007 0.007 0.006 0.008 0.944 0.008 
225 24.0835.E1    (0)   10 :  0.015 0.008 0.013 0.004 0.006 0.008 0.007 0.933 0.006 
226 24.0836.E1    (0)   10 :  0.009 0.009 0.010 0.008 0.004 0.013 0.016 0.924 0.007 
227 24.0837.E1    (0)   10 :  0.007 0.008 0.006 0.005 0.004 0.006 0.007 0.949 0.006 
228 24.0838.E1    (0)   10 :  0.007 0.011 0.004 0.007 0.004 0.005 0.010 0.942 0.010 
229 24.0839.E1    (0)   10 :  0.196 0.050 0.036 0.021 0.023 0.019 0.020 0.615 0.019 
230 24.0840.E1    (0)   10 :  0.204 0.013 0.013 0.004 0.027 0.008 0.006 0.677 0.047 
231 24.0841.E1    (0)   11 :  0.406 0.024 0.010 0.015 0.004 0.004 0.020 0.173 0.345 
232 24.0842.E1    (0)   11 :  0.383 0.015 0.011 0.012 0.003 0.175 0.010 0.129 0.263 
233 24.0843.E1    (0)   11 :  0.137 0.021 0.005 0.013 0.005 0.229 0.008 0.029 0.553 
234 24.0844.E1    (0)   11 :  0.252 0.024 0.028 0.007 0.005 0.385 0.015 0.262 0.021 
235 24.0845.E1    (0)   11 :  0.015 0.082 0.011 0.005 0.005 0.024 0.016 0.803 0.039 
236 24.0846.E1    (0)   11 :  0.027 0.010 0.012 0.011 0.010 0.010 0.010 0.902 0.008 
237 24.0847.E1    (0)   11 :  0.028 0.008 0.036 0.014 0.007 0.018 0.070 0.804 0.014 
238 24.0848.E1    (0)   11 :  0.045 0.038 0.011 0.005 0.004 0.015 0.023 0.848 0.010 
239 24.0849.E1    (0)   11 :  0.008 0.005 0.006 0.004 0.003 0.005 0.004 0.007 0.958 
240 24.0850.E1    (0)   11 :  0.008 0.005 0.006 0.004 0.003 0.005 0.004 0.007 0.958 
241 24.0851.E1    (0)   11 :  0.008 0.005 0.006 0.004 0.003 0.005 0.004 0.007 0.958 
242 24.0852.E1    (0)   11 :  0.018 0.052 0.012 0.012 0.005 0.009 0.011 0.117 0.765 
243 24.0853.E1    (0)   11 :  0.016 0.007 0.006 0.009 0.006 0.005 0.011 0.409 0.531 
244 24.0854.E1    (0)   11 :  0.018 0.005 0.012 0.008 0.005 0.636 0.008 0.019 0.289 
245 24.0855.E1    (0)   11 :  0.097 0.012 0.006 0.008 0.005 0.010 0.011 0.810 0.041 
246 24.0856.E1    (0)   11 :  0.217 0.070 0.104 0.034 0.103 0.392 0.010 0.048 0.023 
247 24.0857.E1    (0)   11 :  0.292 0.023 0.022 0.011 0.011 0.015 0.025 0.581 0.020 
248 24.0858.E1    (0)   11 :  0.124 0.109 0.016 0.019 0.006 0.025 0.017 0.618 0.066 
249 24.0859.E1    (0)   11 :  0.027 0.011 0.011 0.019 0.009 0.009 0.008 0.015 0.891 
250 24.0860.E1    (0)   11 :  0.665 0.063 0.026 0.051 0.040 0.030 0.008 0.070 0.046 
251 24.0861.E1    (0)   11 :  0.012 0.008 0.006 0.005 0.004 0.005 0.004 0.020 0.937 
252 24.0862.E1    (0)   11 :  0.898 0.016 0.021 0.006 0.024 0.006 0.007 0.013 0.008 
253 24.0863.E1    (0)   11 :  0.013 0.008 0.006 0.005 0.004 0.005 0.004 0.020 0.935 
254 24.0864.E1    (0)   11 :  0.027 0.033 0.114 0.007 0.007 0.017 0.591 0.113 0.091 
255 24.0865.E1    (0)   12 :  0.009 0.018 0.043 0.035 0.019 0.007 0.039 0.011 0.820 
256 24.0866.E1    (0)   12 :  0.180 0.269 0.030 0.034 0.006 0.023 0.315 0.122 0.020 
257 24.0867.E1    (0)   12 :  0.019 0.013 0.010 0.118 0.022 0.012 0.616 0.028 0.163 
258 24.0868.E1    (0)   12 :  0.025 0.427 0.010 0.019 0.027 0.019 0.395 0.071 0.008 
259 24.0869.E1    (0)   12 :  0.025 0.019 0.007 0.005 0.042 0.006 0.835 0.050 0.010 
260 24.0870.E1    (0)   12 :  0.016 0.295 0.121 0.024 0.125 0.023 0.272 0.115 0.010 
261 24.0871.E1    (0)   12 :  0.054 0.100 0.061 0.007 0.051 0.026 0.612 0.025 0.063 
262 24.0872.E1    (0)   12 :  0.018 0.086 0.016 0.105 0.009 0.059 0.367 0.010 0.330 
263 24.0873.E1    (0)   12 :  0.060 0.019 0.012 0.013 0.015 0.014 0.798 0.017 0.053 
264 24.0874.E1    (0)   12 :  0.077 0.021 0.009 0.207 0.007 0.027 0.413 0.058 0.181 
265 24.0875.E1    (0)   12 :  0.030 0.114 0.074 0.013 0.014 0.347 0.379 0.015 0.013 
266 24.0876.E1    (0)   12 :  0.016 0.042 0.149 0.018 0.010 0.244 0.508 0.007 0.006 
267 24.0877.E1    (0)   12 :  0.012 0.033 0.816 0.071 0.007 0.015 0.033 0.005 0.008 
268 24.0878.E1    (0)   12 :  0.012 0.024 0.630 0.016 0.010 0.032 0.215 0.052 0.009 
269 24.0879.E1    (0)   12 :  0.006 0.011 0.664 0.006 0.011 0.268 0.020 0.007 0.007 
270 24.0880.E1    (0)   12 :  0.013 0.062 0.033 0.014 0.015 0.068 0.325 0.451 0.019 
271 24.0881.E1    (0)   12 :  0.005 0.006 0.940 0.010 0.012 0.007 0.009 0.004 0.006 
272 24.0882.E1    (0)   12 :  0.008 0.020 0.183 0.731 0.008 0.010 0.020 0.008 0.012 
273 24.0883.E1    (0)   12 :  0.006 0.009 0.228 0.253 0.012 0.304 0.133 0.008 0.047 
274 24.0884.E1    (0)   12 :  0.006 0.014 0.837 0.054 0.008 0.029 0.029 0.004 0.018 
275 24.0885.E1    (0)   12 :  0.008 0.042 0.599 0.008 0.015 0.112 0.198 0.011 0.007 
276 24.0886.E1    (0)   12 :  0.011 0.011 0.327 0.208 0.004 0.092 0.293 0.005 0.048 
277 24.0887.E1    (0)   12 :  0.005 0.006 0.024 0.722 0.009 0.200 0.022 0.004 0.008 
278 24.0888.E1    (0)   12 :  0.045 0.866 0.017 0.005 0.007 0.024 0.017 0.008 0.010 


Estimated Allele Frequencies in each cluster
First column gives estimated ancestral frequencies


Locus 1 : 
31 alleles
0.0% missing data
 115   (0.031) 0.010 0.007 0.130 0.005 0.003 0.019 0.137 0.005 0.004 
 117   (0.044) 0.055 0.009 0.189 0.201 0.004 0.019 0.052 0.007 0.003 
 119   (0.041) 0.006 0.009 0.261 0.313 0.285 0.008 0.021 0.005 0.004 
 131   (0.014) 0.002 0.003 0.050 0.003 0.001 0.004 0.003 0.001 0.001 
 128   (0.037) 0.009 0.031 0.034 0.003 0.004 0.021 0.044 0.036 0.005 
 135   (0.017) 0.004 0.003 0.045 0.010 0.002 0.005 0.012 0.003 0.003 
 126   (0.082) 0.053 0.079 0.080 0.076 0.012 0.051 0.069 0.254 0.057 
 122   (0.035) 0.109 0.036 0.012 0.002 0.097 0.009 0.010 0.004 0.003 
 132   (0.031) 0.049 0.022 0.005 0.015 0.003 0.021 0.018 0.018 0.007 
 141   (0.010) 0.002 0.002 0.010 0.001 0.002 0.002 0.001 0.001 0.001 
 130   (0.051) 0.022 0.069 0.007 0.013 0.015 0.117 0.088 0.018 0.034 
 134   (0.040) 0.027 0.028 0.005 0.003 0.127 0.006 0.029 0.008 0.075 
 145   (0.016) 0.002 0.003 0.002 0.009 0.007 0.008 0.003 0.002 0.105 
 127   (0.025) 0.004 0.005 0.029 0.152 0.055 0.007 0.005 0.002 0.003 
 116   (0.106) 0.123 0.257 0.015 0.011 0.173 0.100 0.160 0.137 0.291 
 114   (0.059) 0.143 0.043 0.008 0.005 0.057 0.035 0.029 0.109 0.178 
 120   (0.034) 0.005 0.064 0.008 0.002 0.087 0.117 0.014 0.004 0.003 
 110   (0.048) 0.014 0.029 0.009 0.022 0.026 0.075 0.053 0.093 0.018 
 133   (0.015) 0.007 0.003 0.003 0.013 0.009 0.004 0.003 0.002 0.001 
 118   (0.111) 0.306 0.248 0.015 0.020 0.013 0.302 0.182 0.184 0.183 
 125   (0.013) 0.011 0.005 0.003 0.001 0.001 0.004 0.002 0.010 0.003 
 129   (0.019) 0.003 0.006 0.042 0.007 0.002 0.031 0.005 0.002 0.002 
 124   (0.017) 0.003 0.012 0.010 0.002 0.002 0.017 0.005 0.003 0.005 
 136   (0.020) 0.003 0.005 0.003 0.001 0.002 0.003 0.036 0.071 0.002 
 121   (0.015) 0.002 0.003 0.006 0.065 0.001 0.002 0.004 0.001 0.001 
 139   (0.011) 0.002 0.002 0.011 0.001 0.001 0.002 0.002 0.001 0.001 
 113   (0.012) 0.002 0.002 0.002 0.014 0.001 0.002 0.002 0.001 0.001 
 111   (0.011) 0.002 0.002 0.002 0.013 0.001 0.002 0.002 0.001 0.001 
 143   (0.011) 0.002 0.002 0.001 0.014 0.001 0.002 0.002 0.001 0.001 
 140   (0.015) 0.017 0.011 0.002 0.001 0.001 0.003 0.002 0.001 0.001 
 112   (0.009) 0.001 0.002 0.001 0.001 0.001 0.002 0.001 0.014 0.001 

Locus 2 : 
18 alleles
0.0% missing data
 152   (0.382) 0.510 0.329 0.648 0.794 0.398 0.391 0.520 0.184 0.312 
 148   (0.069) 0.011 0.032 0.133 0.023 0.222 0.056 0.178 0.009 0.007 
 154   (0.106) 0.058 0.088 0.049 0.035 0.257 0.044 0.156 0.275 0.019 
 156   (0.014) 0.008 0.005 0.014 0.001 0.002 0.004 0.002 0.002 0.002 
 150   (0.023) 0.003 0.004 0.009 0.046 0.063 0.006 0.003 0.002 0.002 
 164   (0.080) 0.074 0.141 0.069 0.014 0.011 0.019 0.035 0.049 0.093 
 158   (0.031) 0.012 0.007 0.009 0.009 0.016 0.148 0.019 0.004 0.008 
 160   (0.019) 0.003 0.013 0.003 0.019 0.002 0.004 0.009 0.002 0.002 
 166   (0.020) 0.037 0.017 0.004 0.001 0.004 0.004 0.003 0.002 0.002 
 151   (0.069) 0.024 0.186 0.009 0.005 0.007 0.188 0.012 0.428 0.302 
 147   (0.067) 0.221 0.102 0.009 0.005 0.007 0.075 0.027 0.031 0.197 
 168   (0.023) 0.009 0.016 0.004 0.002 0.003 0.006 0.009 0.002 0.028 
 153   (0.014) 0.002 0.015 0.002 0.001 0.001 0.003 0.002 0.001 0.013 
 149   (0.024) 0.004 0.008 0.003 0.011 0.002 0.042 0.017 0.002 0.002 
 162   (0.020) 0.019 0.009 0.009 0.003 0.002 0.004 0.003 0.003 0.010 
 167   (0.013) 0.002 0.002 0.024 0.001 0.001 0.002 0.002 0.001 0.001 
 146   (0.012) 0.002 0.002 0.001 0.029 0.001 0.002 0.001 0.001 0.001 
 172   (0.012) 0.002 0.023 0.001 0.001 0.001 0.002 0.002 0.001 0.001 

Locus 3 : 
4 alleles
0.0% missing data
 128   (0.294) 0.251 0.225 0.203 0.436 0.321 0.286 0.301 0.424 0.340 
 126   (0.612) 0.697 0.737 0.715 0.557 0.614 0.558 0.673 0.533 0.507 
 132   (0.080) 0.050 0.036 0.080 0.006 0.059 0.116 0.023 0.041 0.152 
 134   (0.014) 0.002 0.003 0.002 0.001 0.006 0.040 0.002 0.001 0.001 

Locus 4 : 
3 alleles
0.0% missing data
 170   (0.321) 0.287 0.377 0.336 0.290 0.408 0.232 0.178 0.449 0.158 
 172   (0.666) 0.711 0.621 0.662 0.708 0.581 0.766 0.819 0.549 0.839 
 171   (0.013) 0.002 0.002 0.002 0.002 0.011 0.002 0.003 0.002 0.003 

Locus 5 : 
37 alleles
0.0% missing data
 125   (0.053) 0.011 0.018 0.066 0.031 0.065 0.133 0.046 0.070 0.117 
 110   (0.033) 0.018 0.007 0.052 0.015 0.043 0.035 0.007 0.091 0.017 
 129   (0.033) 0.021 0.107 0.051 0.003 0.003 0.008 0.008 0.013 0.038 
 113   (0.028) 0.090 0.107 0.013 0.002 0.004 0.007 0.010 0.012 0.012 
 145   (0.050) 0.009 0.013 0.208 0.101 0.006 0.087 0.142 0.014 0.094 
 155   (0.053) 0.086 0.040 0.151 0.017 0.184 0.020 0.027 0.056 0.006 
 117   (0.030) 0.024 0.013 0.020 0.034 0.005 0.007 0.111 0.004 0.005 
 124   (0.012) 0.002 0.002 0.023 0.001 0.001 0.002 0.002 0.001 0.001 
 133   (0.034) 0.009 0.060 0.040 0.072 0.004 0.016 0.030 0.004 0.009 
 157   (0.048) 0.020 0.147 0.009 0.031 0.030 0.116 0.037 0.062 0.006 
 141   (0.014) 0.002 0.032 0.004 0.001 0.001 0.004 0.006 0.006 0.001 
 112   (0.073) 0.048 0.054 0.065 0.156 0.195 0.017 0.095 0.156 0.143 
 121   (0.020) 0.068 0.012 0.004 0.003 0.008 0.007 0.003 0.003 0.018 
 114   (0.036) 0.007 0.008 0.040 0.172 0.015 0.007 0.144 0.070 0.003 
 153   (0.055) 0.169 0.019 0.054 0.004 0.010 0.208 0.041 0.089 0.080 
 127   (0.070) 0.069 0.108 0.075 0.074 0.021 0.037 0.069 0.096 0.224 
 131   (0.061) 0.095 0.018 0.051 0.176 0.223 0.121 0.032 0.037 0.078 
 135   (0.034) 0.050 0.024 0.008 0.004 0.008 0.047 0.026 0.017 0.065 
 104   (0.008) 0.001 0.002 0.001 0.002 0.011 0.001 0.002 0.002 0.003 
 118   (0.018) 0.003 0.011 0.014 0.002 0.018 0.017 0.008 0.002 0.002 
 116   (0.028) 0.038 0.007 0.006 0.005 0.023 0.034 0.031 0.019 0.005 
 137   (0.026) 0.062 0.013 0.006 0.007 0.095 0.016 0.008 0.003 0.003 
 123   (0.021) 0.035 0.004 0.006 0.003 0.005 0.007 0.008 0.085 0.015 
 149   (0.010) 0.003 0.002 0.001 0.001 0.001 0.002 0.007 0.002 0.004 
 138   (0.013) 0.002 0.041 0.002 0.001 0.002 0.002 0.002 0.001 0.018 
 143   (0.025) 0.005 0.034 0.003 0.069 0.003 0.009 0.004 0.050 0.010 
 163   (0.008) 0.002 0.008 0.002 0.001 0.004 0.001 0.002 0.001 0.001 
 109   (0.009) 0.001 0.002 0.001 0.001 0.001 0.001 0.026 0.001 0.001 
 139   (0.010) 0.001 0.010 0.001 0.001 0.001 0.003 0.001 0.001 0.001 
 106   (0.008) 0.002 0.010 0.001 0.001 0.001 0.001 0.001 0.001 0.001 
 144   (0.013) 0.015 0.005 0.002 0.001 0.001 0.002 0.037 0.001 0.001 
 122   (0.011) 0.002 0.002 0.011 0.004 0.001 0.002 0.010 0.001 0.001 
 100   (0.016) 0.024 0.020 0.003 0.001 0.002 0.007 0.007 0.010 0.009 
 111   (0.012) 0.002 0.028 0.002 0.001 0.001 0.003 0.003 0.002 0.004 
 233   (0.009) 0.003 0.004 0.001 0.001 0.001 0.008 0.001 0.003 0.004 
 134   (0.009) 0.001 0.002 0.001 0.001 0.001 0.002 0.001 0.013 0.001 
 140   (0.008) 0.001 0.006 0.001 0.001 0.001 0.002 0.006 0.001 0.001 

Locus 6 : 
17 alleles
0.0% missing data
 221   (0.022) 0.003 0.004 0.140 0.086 0.002 0.004 0.003 0.002 0.002 
 232   (0.246) 0.294 0.292 0.178 0.424 0.110 0.280 0.255 0.266 0.731 
 229   (0.055) 0.019 0.011 0.101 0.054 0.070 0.018 0.032 0.087 0.016 
 223   (0.063) 0.025 0.044 0.095 0.010 0.008 0.102 0.064 0.069 0.007 
 230   (0.156) 0.080 0.223 0.067 0.297 0.160 0.130 0.237 0.226 0.050 
 235   (0.013) 0.002 0.002 0.070 0.001 0.001 0.002 0.002 0.001 0.001 
 236   (0.039) 0.009 0.016 0.092 0.006 0.041 0.026 0.011 0.005 0.029 
 227   (0.023) 0.004 0.012 0.061 0.003 0.002 0.009 0.010 0.002 0.002 
 220   (0.055) 0.149 0.021 0.008 0.004 0.179 0.017 0.039 0.034 0.074 
 222   (0.039) 0.180 0.038 0.005 0.003 0.245 0.006 0.017 0.004 0.003 
 234   (0.132) 0.140 0.111 0.085 0.065 0.163 0.249 0.242 0.142 0.015 
 224   (0.031) 0.006 0.033 0.004 0.002 0.003 0.100 0.005 0.071 0.002 
 228   (0.058) 0.035 0.182 0.013 0.004 0.007 0.020 0.045 0.039 0.061 
 225   (0.011) 0.009 0.002 0.005 0.001 0.002 0.002 0.002 0.002 0.001 
 226   (0.016) 0.039 0.003 0.004 0.001 0.002 0.003 0.002 0.046 0.002 
 233   (0.027) 0.004 0.005 0.043 0.039 0.003 0.023 0.022 0.003 0.003 
 231   (0.014) 0.002 0.003 0.030 0.001 0.001 0.010 0.013 0.001 0.001 

Locus 7 : 
10 alleles
0.0% missing data
 121   (0.687) 0.785 0.842 0.885 0.746 0.799 0.627 0.813 0.757 0.710 
 129   (0.093) 0.039 0.052 0.073 0.099 0.011 0.085 0.058 0.128 0.149 
 130   (0.013) 0.030 0.003 0.002 0.002 0.001 0.002 0.002 0.001 0.001 
 123   (0.102) 0.083 0.058 0.025 0.102 0.120 0.201 0.036 0.102 0.132 
 128   (0.019) 0.003 0.004 0.003 0.022 0.036 0.016 0.004 0.002 0.001 
 131   (0.014) 0.004 0.003 0.002 0.001 0.026 0.008 0.002 0.003 0.001 
 117   (0.012) 0.002 0.012 0.001 0.001 0.001 0.002 0.002 0.001 0.001 
 125   (0.011) 0.001 0.002 0.001 0.001 0.001 0.049 0.001 0.001 0.001 
 134   (0.034) 0.052 0.024 0.005 0.006 0.004 0.007 0.073 0.003 0.003 
 132   (0.013) 0.002 0.002 0.002 0.020 0.001 0.002 0.009 0.001 0.001 

Locus 8 : 
19 alleles
0.0% missing data
 184   (0.302) 0.355 0.372 0.494 0.331 0.516 0.478 0.454 0.281 0.430 
 194   (0.048) 0.008 0.045 0.029 0.022 0.019 0.033 0.078 0.014 0.009 
 178   (0.102) 0.117 0.059 0.209 0.061 0.181 0.030 0.083 0.279 0.030 
 176   (0.077) 0.098 0.082 0.047 0.212 0.010 0.057 0.076 0.012 0.120 
 182   (0.074) 0.135 0.130 0.035 0.203 0.009 0.024 0.055 0.047 0.029 
 190   (0.030) 0.038 0.006 0.005 0.048 0.069 0.006 0.004 0.016 0.002 
 196   (0.022) 0.004 0.014 0.006 0.001 0.002 0.003 0.005 0.064 0.017 
 200   (0.029) 0.007 0.034 0.016 0.011 0.005 0.043 0.006 0.003 0.002 
 180   (0.023) 0.004 0.004 0.010 0.002 0.069 0.094 0.003 0.003 0.002 
 188   (0.038) 0.006 0.010 0.029 0.003 0.009 0.010 0.045 0.050 0.077 
 174   (0.036) 0.009 0.013 0.018 0.034 0.019 0.051 0.083 0.004 0.003 
 186   (0.127) 0.175 0.200 0.082 0.063 0.059 0.108 0.084 0.137 0.249 
 192   (0.022) 0.004 0.006 0.009 0.003 0.014 0.013 0.003 0.080 0.007 
 201   (0.011) 0.001 0.002 0.001 0.001 0.012 0.010 0.001 0.001 0.001 
 199   (0.019) 0.017 0.013 0.002 0.001 0.002 0.024 0.003 0.002 0.002 
 185   (0.009) 0.001 0.002 0.001 0.001 0.001 0.002 0.001 0.001 0.016 
 203   (0.010) 0.002 0.002 0.001 0.001 0.001 0.002 0.012 0.001 0.001 
 198   (0.010) 0.013 0.003 0.001 0.001 0.001 0.002 0.002 0.001 0.001 
 209   (0.011) 0.005 0.002 0.002 0.001 0.001 0.011 0.001 0.004 0.001 

Locus 9 : 
6 alleles
0.4% missing data
 154   (0.684) 0.789 0.745 0.716 0.648 0.819 0.692 0.651 0.801 0.853 
 156   (0.208) 0.193 0.184 0.167 0.334 0.170 0.290 0.273 0.127 0.034 
 152   (0.055) 0.010 0.029 0.075 0.007 0.006 0.009 0.041 0.066 0.099 
 153   (0.014) 0.002 0.015 0.002 0.001 0.002 0.002 0.002 0.002 0.011 
 160   (0.014) 0.002 0.023 0.002 0.001 0.001 0.002 0.002 0.001 0.001 
 164   (0.026) 0.004 0.005 0.038 0.010 0.003 0.005 0.031 0.002 0.002 

Locus 10 : 
29 alleles
0.7% missing data
 305   (0.065) 0.101 0.102 0.116 0.009 0.223 0.017 0.011 0.014 0.008 
 313   (0.048) 0.044 0.046 0.153 0.006 0.006 0.023 0.012 0.011 0.007 
 311   (0.017) 0.002 0.004 0.018 0.002 0.002 0.007 0.003 0.003 0.001 
 299   (0.128) 0.104 0.216 0.266 0.041 0.046 0.021 0.040 0.158 0.144 
 315   (0.072) 0.013 0.147 0.083 0.104 0.079 0.032 0.019 0.024 0.006 
 287   (0.018) 0.006 0.004 0.006 0.002 0.002 0.676 0.003 0.002 0.002 
 291   (0.111) 0.136 0.072 0.100 0.024 0.073 0.021 0.330 0.438 0.013 
 295   (0.019) 0.003 0.004 0.024 0.002 0.003 0.003 0.196 0.002 0.002 
 289   (0.018) 0.132 0.006 0.003 0.002 0.003 0.004 0.002 0.002 0.002 
 303   (0.032) 0.005 0.008 0.006 0.489 0.022 0.005 0.008 0.003 0.617 
 297   (0.045) 0.065 0.011 0.015 0.094 0.006 0.007 0.085 0.066 0.025 
 293   (0.019) 0.008 0.006 0.045 0.001 0.004 0.045 0.026 0.002 0.001 
 301   (0.060) 0.019 0.073 0.065 0.008 0.149 0.011 0.061 0.008 0.020 
 285   (0.027) 0.190 0.010 0.004 0.003 0.247 0.005 0.004 0.003 0.003 
 307   (0.055) 0.008 0.054 0.010 0.195 0.038 0.011 0.057 0.093 0.005 
 312   (0.059) 0.012 0.073 0.009 0.004 0.076 0.030 0.073 0.095 0.021 
 306   (0.028) 0.004 0.060 0.011 0.002 0.004 0.006 0.019 0.010 0.002 
 320   (0.014) 0.002 0.023 0.002 0.001 0.001 0.002 0.002 0.001 0.001 
 317   (0.018) 0.003 0.004 0.017 0.001 0.002 0.003 0.002 0.002 0.100 
 314   (0.025) 0.004 0.014 0.029 0.002 0.003 0.035 0.005 0.002 0.002 
 323   (0.013) 0.003 0.006 0.002 0.001 0.001 0.010 0.002 0.001 0.001 
 325   (0.012) 0.003 0.006 0.002 0.001 0.001 0.010 0.002 0.001 0.001 
 310   (0.016) 0.002 0.005 0.003 0.001 0.002 0.005 0.004 0.048 0.001 
 309   (0.012) 0.002 0.003 0.002 0.001 0.002 0.002 0.025 0.001 0.001 
 316   (0.017) 0.003 0.028 0.003 0.001 0.002 0.002 0.002 0.005 0.004 
 296   (0.011) 0.002 0.007 0.002 0.001 0.001 0.002 0.003 0.001 0.005 
 304   (0.013) 0.060 0.003 0.002 0.001 0.001 0.002 0.002 0.002 0.001 
 321   (0.014) 0.032 0.002 0.002 0.001 0.001 0.002 0.002 0.001 0.001 
 332   (0.014) 0.032 0.002 0.002 0.001 0.001 0.002 0.002 0.001 0.001 

Locus 11 : 
19 alleles
0.0% missing data
 114   (0.152) 0.027 0.167 0.241 0.188 0.285 0.071 0.251 0.026 0.043 
 126   (0.023) 0.003 0.004 0.057 0.004 0.019 0.004 0.006 0.002 0.002 
 111   (0.089) 0.582 0.017 0.226 0.006 0.009 0.030 0.014 0.550 0.309 
 116   (0.115) 0.061 0.081 0.110 0.264 0.021 0.137 0.127 0.036 0.010 
 132   (0.013) 0.002 0.003 0.012 0.001 0.001 0.002 0.002 0.001 0.001 
 109   (0.016) 0.002 0.003 0.046 0.001 0.001 0.002 0.003 0.002 0.001 
 128   (0.018) 0.003 0.007 0.008 0.001 0.002 0.003 0.011 0.007 0.001 
 112   (0.304) 0.064 0.601 0.225 0.505 0.605 0.450 0.445 0.049 0.196 
 122   (0.016) 0.003 0.004 0.002 0.004 0.007 0.004 0.008 0.002 0.014 
 124   (0.014) 0.002 0.002 0.002 0.002 0.017 0.002 0.002 0.001 0.002 
 118   (0.055) 0.059 0.026 0.018 0.011 0.015 0.078 0.070 0.008 0.012 
 127   (0.013) 0.002 0.012 0.002 0.001 0.001 0.002 0.002 0.001 0.001 
 113   (0.053) 0.129 0.019 0.007 0.003 0.005 0.030 0.010 0.226 0.391 
 115   (0.030) 0.008 0.010 0.021 0.003 0.003 0.154 0.017 0.006 0.003 
 120   (0.022) 0.003 0.004 0.003 0.001 0.002 0.004 0.021 0.063 0.002 
 117   (0.021) 0.018 0.014 0.003 0.002 0.003 0.004 0.003 0.011 0.002 
 125   (0.019) 0.003 0.023 0.003 0.001 0.002 0.011 0.005 0.002 0.005 
 119   (0.015) 0.029 0.003 0.002 0.001 0.001 0.002 0.002 0.003 0.001 
 136   (0.013) 0.002 0.002 0.009 0.001 0.001 0.009 0.002 0.001 0.001 

Locus 12 : 
28 alleles
0.7% missing data
 306   (0.065) 0.161 0.068 0.114 0.008 0.219 0.013 0.011 0.015 0.008 
 314   (0.060) 0.036 0.043 0.140 0.007 0.007 0.028 0.010 0.079 0.020 
 312   (0.014) 0.002 0.003 0.026 0.001 0.001 0.002 0.002 0.001 0.001 
 300   (0.133) 0.104 0.218 0.282 0.042 0.046 0.022 0.041 0.156 0.144 
 316   (0.042) 0.008 0.010 0.079 0.100 0.072 0.006 0.006 0.022 0.003 
 288   (0.020) 0.006 0.004 0.005 0.002 0.003 0.661 0.003 0.002 0.002 
 292   (0.119) 0.152 0.075 0.102 0.025 0.074 0.022 0.327 0.432 0.014 
 296   (0.025) 0.004 0.009 0.025 0.002 0.004 0.004 0.200 0.003 0.005 
 290   (0.018) 0.131 0.006 0.003 0.002 0.003 0.004 0.002 0.002 0.002 
 304   (0.034) 0.005 0.009 0.007 0.491 0.022 0.005 0.008 0.003 0.619 
 298   (0.047) 0.065 0.012 0.015 0.094 0.006 0.008 0.084 0.065 0.025 
 294   (0.020) 0.009 0.007 0.046 0.001 0.004 0.045 0.026 0.002 0.002 
 302   (0.062) 0.019 0.073 0.066 0.008 0.149 0.012 0.060 0.008 0.021 
 286   (0.028) 0.205 0.010 0.004 0.003 0.247 0.005 0.004 0.003 0.003 
 308   (0.031) 0.005 0.043 0.006 0.191 0.037 0.007 0.010 0.003 0.003 
 313   (0.048) 0.008 0.089 0.009 0.004 0.080 0.032 0.081 0.010 0.007 
 307   (0.043) 0.007 0.068 0.011 0.004 0.005 0.007 0.065 0.106 0.004 
 321   (0.014) 0.002 0.023 0.002 0.001 0.001 0.002 0.002 0.001 0.001 
 315   (0.045) 0.007 0.143 0.031 0.004 0.006 0.069 0.015 0.004 0.014 
 318   (0.018) 0.003 0.005 0.006 0.001 0.002 0.003 0.002 0.004 0.093 
 324   (0.013) 0.003 0.006 0.002 0.001 0.001 0.010 0.002 0.001 0.001 
 326   (0.012) 0.003 0.006 0.002 0.001 0.001 0.010 0.002 0.001 0.001 
 311   (0.021) 0.003 0.007 0.007 0.002 0.002 0.015 0.005 0.073 0.002 
 310   (0.012) 0.002 0.003 0.002 0.001 0.002 0.002 0.024 0.001 0.001 
 305   (0.014) 0.002 0.034 0.002 0.001 0.001 0.002 0.002 0.001 0.001 
 317   (0.014) 0.002 0.023 0.002 0.001 0.001 0.002 0.002 0.001 0.001 
 320   (0.012) 0.016 0.002 0.002 0.001 0.001 0.002 0.002 0.001 0.001 
 322   (0.014) 0.032 0.002 0.002 0.001 0.001 0.002 0.002 0.001 0.001 

Locus 13 : 
7 alleles
1.1% missing data
 161   (0.588) 0.583 0.551 0.651 0.889 0.069 0.476 0.819 0.394 0.468 
 163   (0.304) 0.333 0.429 0.267 0.029 0.034 0.503 0.140 0.581 0.444 
 160   (0.017) 0.003 0.003 0.003 0.001 0.443 0.003 0.003 0.002 0.001 
 162   (0.016) 0.002 0.003 0.002 0.001 0.447 0.002 0.002 0.001 0.001 
 165   (0.046) 0.074 0.009 0.071 0.004 0.004 0.010 0.029 0.019 0.083 
 166   (0.014) 0.003 0.003 0.004 0.004 0.001 0.004 0.005 0.001 0.001 
 164   (0.015) 0.002 0.002 0.002 0.072 0.001 0.002 0.002 0.001 0.001 

Locus 14 : 
4 alleles
0.4% missing data
  98   (0.958) 0.994 0.982 0.988 0.985 0.996 0.992 0.987 0.996 0.987 
 100   (0.013) 0.002 0.008 0.002 0.001 0.001 0.003 0.002 0.001 0.006 
  96   (0.016) 0.002 0.003 0.008 0.013 0.002 0.003 0.008 0.001 0.002 
 105   (0.013) 0.002 0.007 0.002 0.001 0.001 0.003 0.003 0.001 0.006 

Locus 15 : 
12 alleles
2.2% missing data
 171   (0.304) 0.352 0.369 0.395 0.186 0.222 0.400 0.215 0.346 0.307 
 177   (0.184) 0.139 0.164 0.210 0.055 0.353 0.230 0.270 0.106 0.074 
 173   (0.267) 0.404 0.266 0.279 0.074 0.099 0.176 0.341 0.495 0.511 
 179   (0.106) 0.056 0.092 0.068 0.558 0.307 0.134 0.044 0.012 0.093 
 183   (0.019) 0.008 0.006 0.028 0.009 0.002 0.008 0.003 0.002 0.006 
 181   (0.036) 0.007 0.060 0.006 0.112 0.004 0.006 0.009 0.032 0.003 
 197   (0.014) 0.002 0.003 0.002 0.001 0.001 0.002 0.065 0.001 0.001 
 170   (0.013) 0.002 0.011 0.002 0.001 0.002 0.017 0.004 0.001 0.001 
 189   (0.015) 0.003 0.019 0.003 0.001 0.006 0.002 0.003 0.001 0.001 
 203   (0.014) 0.002 0.003 0.002 0.001 0.001 0.002 0.040 0.001 0.001 
 187   (0.016) 0.010 0.006 0.004 0.001 0.002 0.021 0.004 0.001 0.001 
 198   (0.012) 0.016 0.002 0.001 0.001 0.001 0.002 0.002 0.001 0.001 

Values of parameters used in structure:
DATAFILE=STRUCTURE_main_final_278_HEG_ZG.str,	OUTFILE=STRUCTURE_main_final_278_HEG_ZG-K9-5,	NUMINDS=278,	NUMLOCI=15,	MISSING=-9,	LABEL=1,	POPDATA=1,	POPFLAG=0,	PHENOTYPE=0,	EXTRACOLS=0,	MAXPOPS=9,	BURNIN=100000,	NUMREPS=500000,	USEPOPINFO=0,	INFERALPHA=1,	INFERLAMBDA=0,	POPSPECIFICLAMBDA=0,	POPALPHAS=0,	COMPUTEPROB=1,	NOADMIX=0,	ADMBURNIN=2500,	UPDATEFREQ=1,	PRINTLIKES=0,	INTERMEDSAVE=0,	PRINTKLD=0,	PRINTNET=0,	PRINTLAMBDA=0,	ANCESTDIST=0,	NUMBOXES=1000,	ANCESTPINT=0.90000,	GENSBACK=2,	MIGRPRIOR=0.05000,	PRINTQHAT=0,	PRINTQSUM=0,	ALPHA=1.0000,	FREQSCORR=1,	FPRIORMEAN=0.0100,	FPRIORSD=0.0500,	ONEFST=0,	LAMBDA=1.0000,	UNIFPRIORALPHA=1,	ALPHAMAX=10.0000,	ALPHAPRIORA=1.0000,	ALPHAPRIORB=2.0000,	ALPHAPROPSD=0.0250,	STARTATPOPINFO=0,	RANDOMIZE=1,	LINKAGE=0,	METROFREQ=10,	REPORTHITRATE=0,	MARKOVPHASE=-1,	PHASED=0,	PLOIDY=2,	PHASEINFO=0	LOCPRIOR=0, 	LOCPRIORINIT=1.000000, 	LOCDATA=0, 	LOCISPOP=0, 	LOCPRIORSTEP=0.100000, 	MAXLOCPRIOR=20.000000, 	SEED=1782484022,	
[STRAT parameters]:    NUMSIMSTATS=1000,	PHENOTYPECOL=-9,	POOLFREQ=10,	LOCUSxONLY=0,	EMERROR=0.00100,	MISSINGPHENO=-9,	