

----------------------------------------------------
STRUCTURE by Pritchard, Stephens and Donnelly (2000)
     and Falush, Stephens and Pritchard (2003)
       Code by Pritchard, Falush and Hubisz
             Version 2.3.4 (Jul 2012)
----------------------------------------------------



Command line arguments:   structure -K 6 -i STRUCTURE_main_final_278_HEG_ZG.str -o STRUCTURE_main_final_278_HEG_ZG-K6-2 
Input File:    STRUCTURE_main_final_278_HEG_ZG.str

Run parameters:
   278 individuals
   15 loci
   6 populations assumed
   100000 Burn-in period
   500000 Reps


--------------------------------------------
Proportion of membership of each pre-defined
 population in each of the 6 clusters

Given    Inferred Clusters                            Number of
 Pop       1      2      3      4      5      6      Individuals

  1:     0.021  0.081  0.082  0.695  0.028  0.093       24
  2:     0.729  0.062  0.095  0.043  0.043  0.028       24
  3:     0.033  0.327  0.034  0.037  0.394  0.175       24
  4:     0.048  0.082  0.133  0.276  0.375  0.086       24
  5:     0.047  0.255  0.074  0.058  0.518  0.047       24
  6:     0.044  0.041  0.246  0.585  0.050  0.034       24
  7:     0.032  0.034  0.776  0.102  0.039  0.016       24
  8:     0.022  0.090  0.020  0.071  0.722  0.075       14
  9:     0.169  0.294  0.012  0.061  0.107  0.358       24
 10:     0.012  0.100  0.052  0.018  0.034  0.784       24
 11:     0.033  0.161  0.022  0.041  0.036  0.706       24
 12:     0.023  0.105  0.171  0.320  0.310  0.071       24
--------------------------------------------

Allele-freq. divergence among pops (Net nucleotide distance),
computed using point estimates of P.

      1       2       3       4       5       6      
 1      -    0.0692  0.0927  0.0593  0.0548  0.0945  
 2   0.0692     -    0.0706  0.0328  0.0239  0.0459  
 3   0.0927  0.0706     -    0.0547  0.0587  0.1034  
 4   0.0593  0.0328  0.0547     -    0.0235  0.0516  
 5   0.0548  0.0239  0.0587  0.0235     -    0.0417  
 6   0.0945  0.0459  0.1034  0.0516  0.0417     -    

Average distances (expected heterozygosity) between individuals in same cluster:
cluster  1  : 0.6192 
cluster  2  : 0.6422 
cluster  3  : 0.5550 
cluster  4  : 0.6268 
cluster  5  : 0.6386 
cluster  6  : 0.6187 

--------------------------------------------
Estimated Ln Prob of Data   = -12769.7
Mean value of ln likelihood = -12248.1
Variance of ln likelihood   = 1043.2
Mean value of alpha         = 0.0694

Mean value of Fst_1         = 0.1705
Mean value of Fst_2         = 0.0861
Mean value of Fst_3         = 0.1689
Mean value of Fst_4         = 0.0736
Mean value of Fst_5         = 0.0423
Mean value of Fst_6         = 0.1258


Inferred ancestry of individuals:
        Label (%Miss) Pop:  Inferred clusters
  1 24.0601.E1    (0)    1 :  0.031 0.015 0.023 0.907 0.011 0.013 
  2 24.0602.E1    (0)    1 :  0.007 0.040 0.013 0.901 0.013 0.025 
  3 24.0603.E1    (0)    1 :  0.009 0.017 0.050 0.853 0.059 0.012 
  4 24.0604.E1    (0)    1 :  0.009 0.170 0.008 0.782 0.011 0.020 
  5 24.0605.E1    (0)    1 :  0.017 0.017 0.035 0.899 0.017 0.016 
  6 24.0606.E1    (0)    1 :  0.016 0.014 0.023 0.909 0.014 0.023 
  7 24.0607.E1    (0)    1 :  0.012 0.559 0.226 0.131 0.031 0.042 
  8 24.0608.E1    (0)    1 :  0.006 0.019 0.171 0.666 0.012 0.127 
  9 24.0609.E1    (0)    1 :  0.007 0.022 0.010 0.467 0.101 0.393 
 10 24.0610.E1    (0)    1 :  0.008 0.010 0.011 0.695 0.077 0.200 
 11 24.0611.E1    (0)    1 :  0.021 0.012 0.009 0.909 0.020 0.029 
 12 24.0612.E1    (0)    1 :  0.023 0.025 0.021 0.909 0.012 0.009 
 13 24.0613.E1    (0)    1 :  0.009 0.009 0.007 0.949 0.010 0.016 
 14 24.0614.E1    (0)    1 :  0.014 0.023 0.380 0.361 0.015 0.206 
 15 24.0615.E1    (0)    1 :  0.022 0.063 0.075 0.600 0.015 0.224 
 16 24.0616.E1    (0)    1 :  0.014 0.018 0.008 0.937 0.009 0.014 
 17 24.0617.E1    (0)    1 :  0.036 0.018 0.030 0.392 0.019 0.504 
 18 24.0618.E1    (0)    1 :  0.020 0.020 0.008 0.808 0.033 0.111 
 19 24.0619.E1    (0)    1 :  0.026 0.345 0.008 0.573 0.035 0.012 
 20 24.0620.E1   (20)    1 :  0.018 0.032 0.787 0.077 0.045 0.042 
 21 24.0621.E1    (0)    1 :  0.014 0.444 0.010 0.375 0.047 0.111 
 22 24.0622.E1    (0)    1 :  0.018 0.009 0.012 0.927 0.024 0.010 
 23 24.0623.E1    (0)    1 :  0.143 0.040 0.022 0.706 0.040 0.048 
 24 24.0624.E1    (0)    1 :  0.009 0.008 0.009 0.953 0.008 0.014 
 25 24.0625.E1    (0)    2 :  0.671 0.030 0.184 0.020 0.057 0.037 
 26 24.0626.E1    (0)    2 :  0.829 0.011 0.132 0.006 0.009 0.013 
 27 24.0627.E1    (0)    2 :  0.481 0.432 0.035 0.013 0.030 0.009 
 28 24.0628.E1    (0)    2 :  0.389 0.021 0.263 0.044 0.178 0.106 
 29 24.0629.E1    (0)    2 :  0.808 0.026 0.010 0.115 0.019 0.022 
 30 24.0630.E1    (0)    2 :  0.811 0.009 0.150 0.009 0.011 0.010 
 31 24.0631.E1    (0)    2 :  0.969 0.005 0.007 0.009 0.006 0.004 
 32 24.0632.E1    (0)    2 :  0.885 0.016 0.060 0.016 0.012 0.010 
 33 24.0633.E1    (0)    2 :  0.521 0.019 0.222 0.022 0.140 0.077 
 34 24.0634.E1    (0)    2 :  0.940 0.011 0.010 0.012 0.013 0.013 
 35 24.0635.E1    (0)    2 :  0.623 0.041 0.039 0.037 0.193 0.068 
 36 24.0636.E1   (33)    2 :  0.048 0.022 0.829 0.047 0.044 0.011 
 37 24.0637.E1    (0)    2 :  0.966 0.007 0.010 0.006 0.007 0.004 
 38 24.0638.E1    (0)    2 :  0.847 0.026 0.008 0.013 0.098 0.008 
 39 24.0639.E1    (0)    2 :  0.738 0.078 0.025 0.071 0.013 0.075 
 40 24.0640.E1    (0)    2 :  0.956 0.007 0.009 0.012 0.009 0.007 
 41 24.0641.E1    (0)    2 :  0.356 0.380 0.025 0.181 0.036 0.022 
 42 24.0642.E1    (0)    2 :  0.571 0.011 0.053 0.290 0.068 0.007 
 43 24.0643.E1    (0)    2 :  0.569 0.296 0.092 0.015 0.015 0.012 
 44 24.0644.E1    (0)    2 :  0.891 0.011 0.010 0.018 0.019 0.050 
 45 24.0645.E1    (0)    2 :  0.794 0.013 0.071 0.052 0.032 0.038 
 46 24.0646.E1    (0)    2 :  0.890 0.011 0.010 0.018 0.020 0.051 
 47 24.0647.E1    (0)    2 :  0.965 0.006 0.010 0.006 0.008 0.004 
 48 24.0648.E1    (0)    2 :  0.966 0.007 0.010 0.006 0.007 0.004 
 49 24.0649.E1    (0)    3 :  0.010 0.067 0.005 0.010 0.868 0.039 
 50 24.0650.E1    (0)    3 :  0.007 0.018 0.006 0.208 0.278 0.484 
 51 24.0651.E1    (0)    3 :  0.323 0.178 0.022 0.010 0.437 0.030 
 52 24.0652.E1    (0)    3 :  0.007 0.184 0.009 0.030 0.516 0.254 
 53 24.0653.E1    (0)    3 :  0.007 0.928 0.008 0.007 0.028 0.021 
 54 24.0654.E1    (0)    3 :  0.012 0.133 0.007 0.010 0.569 0.269 
 55 24.0655.E1    (0)    3 :  0.078 0.085 0.017 0.099 0.553 0.168 
 56 24.0656.E1    (0)    3 :  0.009 0.142 0.074 0.016 0.450 0.308 
 57 24.0657.E1    (0)    3 :  0.008 0.144 0.068 0.015 0.464 0.300 
 58 24.0658.E1    (0)    3 :  0.010 0.142 0.010 0.030 0.711 0.097 
 59 24.0659.E1    (0)    3 :  0.025 0.405 0.006 0.086 0.302 0.176 
 60 24.0660.E1    (6)    3 :  0.019 0.079 0.009 0.047 0.834 0.013 
 61 24.0661.E1    (0)    3 :  0.009 0.151 0.156 0.013 0.214 0.457 
 62 24.0662.E1    (0)    3 :  0.162 0.207 0.022 0.116 0.354 0.140 
 63 24.0663.E1    (0)    3 :  0.012 0.013 0.009 0.011 0.112 0.843 
 64 24.0664.E1    (0)    3 :  0.009 0.126 0.058 0.009 0.693 0.104 
 65 24.0665.E1    (0)    3 :  0.008 0.136 0.276 0.009 0.541 0.031 
 66 24.0666.E1    (0)    3 :  0.008 0.943 0.007 0.015 0.015 0.012 
 67 24.0667.E1    (0)    3 :  0.007 0.911 0.007 0.014 0.050 0.011 
 68 24.0668.E1    (0)    3 :  0.007 0.968 0.005 0.006 0.008 0.007 
 69 24.0669.E1    (0)    3 :  0.007 0.967 0.006 0.006 0.008 0.007 
 70 24.0670.E1    (0)    3 :  0.009 0.416 0.009 0.022 0.327 0.217 
 71 24.0671.E1    (0)    3 :  0.024 0.082 0.014 0.016 0.666 0.198 
 72 24.0672.E1    (0)    3 :  0.010 0.420 0.008 0.087 0.462 0.012 
 73 24.0673.E1    (6)    4 :  0.026 0.020 0.572 0.225 0.059 0.098 
 74 24.0674.E1    (0)    4 :  0.024 0.010 0.457 0.409 0.082 0.019 
 75 24.0675.E1    (0)    4 :  0.037 0.015 0.127 0.083 0.489 0.250 
 76 24.0676.E1    (0)    4 :  0.015 0.015 0.064 0.050 0.491 0.366 
 77 24.0677.E1    (0)    4 :  0.007 0.359 0.020 0.093 0.246 0.275 
 78 24.0678.E1    (0)    4 :  0.100 0.359 0.020 0.350 0.154 0.017 
 79 24.0679.E1    (0)    4 :  0.017 0.132 0.017 0.215 0.515 0.104 
 80 24.0680.E1    (0)    4 :  0.022 0.162 0.015 0.062 0.725 0.014 
 81 24.0681.E1    (0)    4 :  0.014 0.021 0.030 0.284 0.638 0.013 
 82 24.0682.E1    (0)    4 :  0.016 0.016 0.060 0.291 0.603 0.014 
 83 24.0683.E1    (0)    4 :  0.008 0.020 0.542 0.369 0.049 0.013 
 84 24.0684.E1    (0)    4 :  0.043 0.040 0.318 0.483 0.091 0.024 
 85 24.0685.E1    (0)    4 :  0.019 0.055 0.055 0.696 0.155 0.020 
 86 24.0686.E1    (0)    4 :  0.221 0.064 0.016 0.110 0.568 0.020 
 87 24.0687.E1    (0)    4 :  0.403 0.024 0.033 0.079 0.428 0.032 
 88 24.0688.E1    (0)    4 :  0.009 0.011 0.030 0.098 0.844 0.007 
 89 24.0689.E1    (0)    4 :  0.031 0.020 0.084 0.120 0.182 0.562 
 90 24.0690.E1    (0)    4 :  0.064 0.493 0.043 0.035 0.353 0.012 
 91 24.0691.E1    (0)    4 :  0.014 0.012 0.029 0.745 0.168 0.033 
 92 24.0692.E1    (0)    4 :  0.009 0.012 0.031 0.025 0.902 0.022 
 93 24.0693.E1    (0)    4 :  0.013 0.019 0.586 0.028 0.269 0.085 
 94 24.0694.E1    (0)    4 :  0.008 0.020 0.026 0.179 0.757 0.010 
 95 24.0695.E1    (0)    4 :  0.009 0.018 0.013 0.863 0.074 0.023 
 96 24.0696.E1    (0)    4 :  0.018 0.040 0.017 0.743 0.160 0.023 
 97 24.0697.E1    (0)    5 :  0.018 0.045 0.191 0.016 0.707 0.023 
 98 24.0698.E1    (0)    5 :  0.028 0.391 0.167 0.058 0.283 0.074 
 99 24.0699.E1    (0)    5 :  0.018 0.558 0.013 0.044 0.340 0.027 
100 24.0700.E1    (0)    5 :  0.009 0.039 0.011 0.011 0.920 0.011 
101 24.0701.E1    (0)    5 :  0.011 0.910 0.044 0.010 0.013 0.012 
102 24.0702.E1    (0)    5 :  0.021 0.136 0.051 0.017 0.762 0.012 
103 24.0703.E1    (0)    5 :  0.148 0.458 0.010 0.023 0.330 0.030 
104 24.0704.E1    (6)    5 :  0.033 0.593 0.019 0.038 0.289 0.028 
105 24.0705.E1    (0)    5 :  0.017 0.074 0.015 0.247 0.635 0.011 
106 24.0706.E1    (0)    5 :  0.010 0.044 0.014 0.010 0.905 0.017 
107 24.0707.E1    (0)    5 :  0.045 0.020 0.021 0.030 0.875 0.009 
108 24.0708.E1    (0)    5 :  0.357 0.052 0.050 0.126 0.032 0.383 
109 24.0709.E1    (0)    5 :  0.016 0.044 0.013 0.055 0.774 0.097 
110 24.0710.E1    (0)    5 :  0.011 0.478 0.084 0.177 0.182 0.068 
111 24.0711.E1    (0)    5 :  0.051 0.308 0.024 0.141 0.463 0.013 
112 24.0712.E1    (0)    5 :  0.051 0.843 0.026 0.033 0.038 0.009 
113 24.0713.E1    (0)    5 :  0.010 0.024 0.017 0.013 0.912 0.024 
114 24.0714.E1    (0)    5 :  0.032 0.193 0.013 0.117 0.597 0.048 
115 24.0715.E1    (0)    5 :  0.011 0.071 0.550 0.061 0.264 0.042 
116 24.0716.E1    (0)    5 :  0.063 0.633 0.030 0.080 0.130 0.064 
117 24.0717.E1    (0)    5 :  0.096 0.074 0.378 0.024 0.354 0.074 
118 24.0718.E1    (0)    5 :  0.021 0.026 0.015 0.025 0.905 0.008 
119 24.0719.E1    (0)    5 :  0.030 0.095 0.017 0.016 0.817 0.025 
120 24.0720.E1    (0)    5 :  0.015 0.022 0.010 0.023 0.915 0.015 
121 24.0721.E1    (0)    6 :  0.042 0.031 0.619 0.061 0.149 0.098 
122 24.0722.E1    (0)    6 :  0.206 0.093 0.531 0.107 0.046 0.018 
123 24.0723.E1    (0)    6 :  0.374 0.030 0.332 0.076 0.025 0.164 
124 24.0724.E1    (0)    6 :  0.038 0.025 0.297 0.475 0.028 0.137 
125 24.0725.E1    (0)    6 :  0.010 0.015 0.009 0.932 0.019 0.016 
126 24.0726.E1    (6)    6 :  0.011 0.011 0.086 0.858 0.024 0.010 
127 24.0727.E1    (0)    6 :  0.021 0.041 0.484 0.380 0.039 0.035 
128 24.0728.E1    (0)    6 :  0.051 0.029 0.205 0.549 0.135 0.031 
129 24.0729.E1    (0)    6 :  0.018 0.025 0.042 0.865 0.034 0.016 
130 24.0730.E1    (0)    6 :  0.016 0.181 0.078 0.384 0.276 0.064 
131 24.0731.E1    (0)    6 :  0.010 0.008 0.035 0.886 0.049 0.013 
132 24.0732.E1    (0)    6 :  0.011 0.015 0.817 0.113 0.037 0.007 
133 24.0733.E1    (0)    6 :  0.007 0.006 0.024 0.949 0.007 0.007 
134 24.0734.E1    (0)    6 :  0.027 0.022 0.839 0.057 0.043 0.013 
135 24.0735.E1    (0)    6 :  0.048 0.022 0.206 0.664 0.033 0.027 
136 24.0736.E1    (0)    6 :  0.011 0.010 0.064 0.895 0.011 0.009 
137 24.0737.E1    (0)    6 :  0.058 0.010 0.009 0.886 0.024 0.012 
138 24.0738.E1    (0)    6 :  0.012 0.013 0.038 0.913 0.015 0.009 
139 24.0739.E1    (0)    6 :  0.017 0.010 0.008 0.932 0.024 0.010 
140 24.0740.E1    (0)    6 :  0.015 0.016 0.014 0.905 0.035 0.014 
141 24.0741.E1    (0)    6 :  0.018 0.011 0.312 0.598 0.050 0.012 
142 24.0742.E1    (0)    6 :  0.015 0.011 0.531 0.419 0.015 0.010 
143 24.0743.E1    (0)    6 :  0.007 0.026 0.137 0.772 0.020 0.038 
144 24.0744.E1    (0)    6 :  0.019 0.316 0.193 0.375 0.061 0.036 
145 24.0745.E1    (0)    7 :  0.006 0.028 0.922 0.007 0.026 0.011 
146 24.0746.E1    (0)    7 :  0.130 0.046 0.657 0.071 0.079 0.016 
147 24.0747.E1    (0)    7 :  0.011 0.017 0.799 0.065 0.079 0.029 
148 24.0748.E1    (6)    7 :  0.012 0.020 0.748 0.084 0.096 0.040 
149 24.0749.E1    (0)    7 :  0.011 0.015 0.676 0.276 0.011 0.011 
150 24.0750.E1    (0)    7 :  0.022 0.041 0.229 0.532 0.146 0.031 
151 24.0751.E1    (0)    7 :  0.009 0.008 0.958 0.012 0.007 0.006 
152 24.0752.E1    (0)    7 :  0.008 0.015 0.896 0.057 0.010 0.013 
153 24.0753.E1    (0)    7 :  0.154 0.012 0.602 0.211 0.013 0.008 
154 24.0754.E1    (0)    7 :  0.014 0.008 0.930 0.030 0.010 0.008 
155 24.0755.E1    (0)    7 :  0.024 0.023 0.799 0.029 0.092 0.034 
156 24.0756.E1    (0)    7 :  0.011 0.013 0.930 0.021 0.007 0.019 
157 24.0757.E1    (0)    7 :  0.006 0.005 0.974 0.005 0.005 0.004 
158 24.0758.E1    (0)    7 :  0.006 0.006 0.973 0.006 0.006 0.005 
159 24.0759.E1    (0)    7 :  0.008 0.011 0.937 0.025 0.011 0.008 
160 24.0760.E1    (0)    7 :  0.251 0.018 0.643 0.018 0.062 0.008 
161 24.0761.E1    (0)    7 :  0.011 0.006 0.964 0.007 0.006 0.006 
162 24.0762.E1    (0)    7 :  0.013 0.441 0.080 0.217 0.190 0.060 
163 24.0763.E1    (0)    7 :  0.006 0.006 0.964 0.011 0.008 0.005 
164 24.0764.E1    (0)    7 :  0.010 0.007 0.951 0.017 0.009 0.006 
165 24.0765.E1    (0)    7 :  0.024 0.010 0.930 0.013 0.010 0.013 
166 24.0766.E1    (0)    7 :  0.008 0.007 0.959 0.011 0.008 0.006 
167 24.0767.E1    (0)    7 :  0.006 0.005 0.968 0.009 0.006 0.006 
168 24.0768.E1    (0)    7 :  0.009 0.048 0.143 0.721 0.042 0.037 
169 24.0779.E1    (0)    8 :  0.011 0.032 0.059 0.023 0.861 0.014 
170 24.0780.E1    (6)    8 :  0.008 0.019 0.007 0.011 0.811 0.144 
171 24.0781.E1    (0)    8 :  0.007 0.013 0.007 0.007 0.954 0.011 
172 24.0782.E1    (0)    8 :  0.100 0.026 0.046 0.638 0.152 0.038 
173 24.0783.E1    (0)    8 :  0.023 0.163 0.009 0.022 0.502 0.281 
174 24.0784.E1    (0)    8 :  0.010 0.011 0.006 0.012 0.941 0.021 
175 24.0785.E1    (0)    8 :  0.006 0.098 0.006 0.012 0.719 0.158 
176 24.0786.E1    (0)    8 :  0.010 0.018 0.016 0.032 0.854 0.071 
177 24.0787.E1    (0)    8 :  0.044 0.052 0.027 0.022 0.840 0.016 
178 24.0788.E1    (0)    8 :  0.014 0.041 0.009 0.007 0.870 0.059 
179 24.0789.E1    (0)    8 :  0.053 0.054 0.012 0.086 0.666 0.129 
180 24.0790.E1    (0)    8 :  0.009 0.066 0.006 0.006 0.892 0.021 
181 24.0791.E1    (0)    8 :  0.011 0.561 0.011 0.093 0.311 0.014 
182 24.0792.E1    (0)    8 :  0.007 0.114 0.054 0.021 0.735 0.070 
183 24.0793.E1    (0)    9 :  0.278 0.301 0.009 0.022 0.026 0.365 
184 24.0794.E1    (0)    9 :  0.014 0.050 0.015 0.489 0.092 0.341 
185 24.0795.E1    (0)    9 :  0.305 0.035 0.018 0.450 0.034 0.159 
186 24.0796.E1    (0)    9 :  0.009 0.034 0.007 0.037 0.140 0.773 
187 24.0797.E1    (0)    9 :  0.071 0.174 0.006 0.018 0.084 0.647 
188 24.0798.E1    (0)    9 :  0.167 0.658 0.042 0.015 0.042 0.075 
189 24.0799.E1    (0)    9 :  0.019 0.809 0.010 0.019 0.016 0.127 
190 24.0800.E1    (0)    9 :  0.008 0.273 0.014 0.029 0.046 0.631 
191 24.0801.E1    (0)    9 :  0.014 0.896 0.009 0.009 0.034 0.038 
192 24.0802.E1    (0)    9 :  0.483 0.093 0.007 0.021 0.023 0.374 
193 24.0803.E1    (0)    9 :  0.103 0.760 0.008 0.016 0.015 0.099 
194 24.0804.E1    (0)    9 :  0.257 0.047 0.006 0.013 0.012 0.666 
195 24.0805.E1    (0)    9 :  0.016 0.614 0.014 0.023 0.268 0.066 
196 24.0806.E1    (0)    9 :  0.630 0.142 0.014 0.031 0.020 0.163 
197 24.0807.E1    (0)    9 :  0.349 0.102 0.006 0.016 0.032 0.495 
198 24.0808.E1    (0)    9 :  0.014 0.090 0.008 0.020 0.534 0.334 
199 24.0809.E1    (0)    9 :  0.012 0.428 0.023 0.074 0.188 0.275 
200 24.0810.E1    (0)    9 :  0.046 0.612 0.028 0.035 0.033 0.246 
201 24.0811.E1    (0)    9 :  0.193 0.040 0.007 0.034 0.024 0.701 
202 24.0812.E1    (0)    9 :  0.018 0.048 0.010 0.044 0.198 0.682 
203 24.0813.E1    (0)    9 :  0.246 0.066 0.010 0.014 0.520 0.143 
204 24.0814.E1    (6)    9 :  0.137 0.059 0.007 0.011 0.063 0.723 
205 24.0815.E1    (0)    9 :  0.311 0.463 0.012 0.009 0.098 0.106 
206 24.0816.E1    (0)    9 :  0.348 0.261 0.006 0.010 0.020 0.354 
207 24.0817.E1    (0)   10 :  0.010 0.017 0.009 0.021 0.021 0.922 
208 24.0818.E1    (0)   10 :  0.015 0.032 0.014 0.040 0.044 0.855 
209 24.0819.E1    (0)   10 :  0.012 0.639 0.198 0.013 0.018 0.120 
210 24.0820.E1    (0)   10 :  0.010 0.057 0.415 0.008 0.010 0.501 
211 24.0821.E1    (0)   10 :  0.016 0.471 0.009 0.019 0.240 0.246 
212 24.0822.E1    (0)   10 :  0.006 0.016 0.026 0.010 0.023 0.919 
213 24.0823.E1    (0)   10 :  0.014 0.048 0.107 0.011 0.012 0.808 
214 24.0824.E1    (0)   10 :  0.012 0.585 0.014 0.019 0.020 0.350 
215 24.0825.E1    (0)   10 :  0.009 0.008 0.011 0.010 0.012 0.949 
216 24.0826.E1    (0)   10 :  0.010 0.079 0.244 0.008 0.016 0.643 
217 24.0827.E1    (0)   10 :  0.012 0.013 0.007 0.037 0.020 0.911 
218 24.0828.E1    (0)   10 :  0.012 0.064 0.058 0.009 0.016 0.841 
219 24.0829.E1    (0)   10 :  0.008 0.018 0.016 0.009 0.014 0.935 
220 24.0830.E1    (0)   10 :  0.009 0.058 0.006 0.012 0.045 0.870 
221 24.0831.E1    (0)   10 :  0.008 0.090 0.006 0.008 0.095 0.793 
222 24.0832.E1    (0)   10 :  0.005 0.007 0.006 0.013 0.011 0.957 
223 24.0833.E1    (0)   10 :  0.006 0.005 0.007 0.007 0.010 0.965 
224 24.0834.E1    (0)   10 :  0.010 0.009 0.013 0.012 0.012 0.944 
225 24.0835.E1    (0)   10 :  0.010 0.023 0.007 0.019 0.013 0.929 
226 24.0836.E1    (0)   10 :  0.008 0.028 0.018 0.025 0.027 0.894 
227 24.0837.E1    (0)   10 :  0.006 0.014 0.010 0.011 0.018 0.942 
228 24.0838.E1    (0)   10 :  0.006 0.008 0.014 0.008 0.021 0.942 
229 24.0839.E1    (0)   10 :  0.029 0.081 0.037 0.082 0.071 0.700 
230 24.0840.E1    (0)   10 :  0.057 0.018 0.006 0.017 0.015 0.888 
231 24.0841.E1    (0)   11 :  0.006 0.020 0.023 0.025 0.019 0.907 
232 24.0842.E1    (0)   11 :  0.005 0.282 0.012 0.020 0.012 0.669 
233 24.0843.E1    (0)   11 :  0.009 0.298 0.030 0.007 0.017 0.639 
234 24.0844.E1    (0)   11 :  0.008 0.629 0.010 0.027 0.032 0.294 
235 24.0845.E1    (0)   11 :  0.007 0.028 0.008 0.009 0.053 0.895 
236 24.0846.E1    (0)   11 :  0.013 0.028 0.011 0.020 0.017 0.911 
237 24.0847.E1    (0)   11 :  0.010 0.030 0.021 0.077 0.032 0.829 
238 24.0848.E1    (0)   11 :  0.007 0.067 0.006 0.025 0.056 0.839 
239 24.0849.E1    (0)   11 :  0.006 0.021 0.013 0.009 0.009 0.942 
240 24.0850.E1    (0)   11 :  0.006 0.021 0.014 0.009 0.009 0.942 
241 24.0851.E1    (0)   11 :  0.006 0.021 0.014 0.009 0.009 0.942 
242 24.0852.E1    (0)   11 :  0.006 0.026 0.045 0.009 0.029 0.885 
243 24.0853.E1    (0)   11 :  0.008 0.010 0.016 0.006 0.009 0.951 
244 24.0854.E1    (0)   11 :  0.009 0.866 0.014 0.013 0.019 0.081 
245 24.0855.E1    (0)   11 :  0.007 0.014 0.009 0.009 0.009 0.952 
246 24.0856.E1    (0)   11 :  0.295 0.451 0.047 0.087 0.038 0.082 
247 24.0857.E1    (0)   11 :  0.016 0.057 0.018 0.032 0.027 0.850 
248 24.0858.E1    (0)   11 :  0.007 0.069 0.018 0.017 0.031 0.858 
249 24.0859.E1    (0)   11 :  0.015 0.038 0.110 0.013 0.015 0.809 
250 24.0860.E1    (0)   11 :  0.036 0.703 0.036 0.029 0.022 0.174 
251 24.0861.E1    (0)   11 :  0.006 0.012 0.016 0.008 0.010 0.948 
252 24.0862.E1    (0)   11 :  0.299 0.134 0.011 0.061 0.069 0.427 
253 24.0863.E1    (0)   11 :  0.006 0.013 0.016 0.008 0.010 0.948 
254 24.0864.E1    (0)   11 :  0.009 0.036 0.009 0.450 0.319 0.176 
255 24.0865.E1    (0)   12 :  0.019 0.053 0.464 0.022 0.199 0.244 
256 24.0866.E1    (0)   12 :  0.010 0.281 0.076 0.072 0.313 0.249 
257 24.0867.E1    (0)   12 :  0.072 0.071 0.417 0.038 0.230 0.172 
258 24.0868.E1    (0)   12 :  0.024 0.028 0.022 0.017 0.877 0.033 
259 24.0869.E1    (0)   12 :  0.032 0.013 0.016 0.026 0.823 0.090 
260 24.0870.E1    (0)   12 :  0.096 0.029 0.030 0.087 0.730 0.028 
261 24.0871.E1    (0)   12 :  0.069 0.073 0.013 0.293 0.509 0.044 
262 24.0872.E1    (0)   12 :  0.014 0.163 0.348 0.023 0.406 0.046 
263 24.0873.E1    (0)   12 :  0.023 0.046 0.044 0.045 0.755 0.087 
264 24.0874.E1    (0)   12 :  0.014 0.103 0.449 0.023 0.159 0.253 
265 24.0875.E1    (0)   12 :  0.020 0.466 0.020 0.052 0.426 0.017 
266 24.0876.E1    (0)   12 :  0.021 0.331 0.036 0.286 0.316 0.010 
267 24.0877.E1    (0)   12 :  0.008 0.028 0.062 0.876 0.018 0.008 
268 24.0878.E1    (0)   12 :  0.010 0.013 0.014 0.867 0.057 0.039 
269 24.0879.E1    (0)   12 :  0.014 0.185 0.008 0.760 0.024 0.009 
270 24.0880.E1    (0)   12 :  0.022 0.046 0.022 0.052 0.558 0.300 
271 24.0881.E1    (0)   12 :  0.010 0.009 0.016 0.949 0.008 0.008 
272 24.0882.E1    (0)   12 :  0.009 0.023 0.722 0.219 0.014 0.012 
273 24.0883.E1    (0)   12 :  0.013 0.215 0.327 0.411 0.021 0.014 
274 24.0884.E1    (0)   12 :  0.010 0.012 0.039 0.916 0.013 0.010 
275 24.0885.E1    (0)   12 :  0.015 0.019 0.011 0.876 0.068 0.011 
276 24.0886.E1    (0)   12 :  0.006 0.066 0.209 0.677 0.028 0.014 
277 24.0887.E1    (0)   12 :  0.012 0.177 0.730 0.064 0.011 0.006 
278 24.0888.E1    (0)   12 :  0.011 0.080 0.008 0.021 0.869 0.011 


Estimated Allele Frequencies in each cluster
First column gives estimated ancestral frequencies


Locus 1 : 
31 alleles
0.0% missing data
 115   (0.033) 0.004 0.014 0.029 0.151 0.020 0.004 
 117   (0.040) 0.004 0.039 0.167 0.179 0.012 0.004 
 119   (0.042) 0.203 0.007 0.266 0.224 0.008 0.003 
 131   (0.016) 0.001 0.002 0.003 0.039 0.003 0.001 
 128   (0.036) 0.004 0.023 0.004 0.043 0.031 0.016 
 135   (0.017) 0.002 0.003 0.004 0.046 0.004 0.002 
 126   (0.078) 0.016 0.066 0.086 0.072 0.067 0.167 
 122   (0.031) 0.154 0.043 0.002 0.012 0.017 0.005 
 132   (0.032) 0.006 0.015 0.016 0.005 0.025 0.031 
 141   (0.011) 0.003 0.002 0.001 0.007 0.002 0.001 
 130   (0.053) 0.025 0.053 0.025 0.009 0.091 0.026 
 134   (0.035) 0.114 0.011 0.003 0.004 0.029 0.043 
 145   (0.027) 0.012 0.021 0.021 0.004 0.018 0.012 
 127   (0.027) 0.030 0.005 0.144 0.023 0.006 0.002 
 116   (0.111) 0.191 0.116 0.040 0.034 0.237 0.191 
 114   (0.050) 0.092 0.062 0.009 0.007 0.040 0.156 
 120   (0.040) 0.073 0.075 0.004 0.010 0.040 0.003 
 110   (0.047) 0.024 0.052 0.023 0.036 0.020 0.054 
 133   (0.016) 0.007 0.007 0.012 0.003 0.003 0.001 
 118   (0.098) 0.015 0.336 0.033 0.018 0.250 0.216 
 125   (0.016) 0.003 0.005 0.001 0.002 0.006 0.010 
 129   (0.021) 0.002 0.009 0.007 0.038 0.007 0.001 
 124   (0.018) 0.002 0.015 0.002 0.006 0.011 0.001 
 136   (0.023) 0.003 0.004 0.002 0.004 0.026 0.037 
 121   (0.015) 0.001 0.002 0.056 0.006 0.003 0.001 
 139   (0.011) 0.001 0.002 0.001 0.009 0.002 0.001 
 113   (0.011) 0.001 0.002 0.012 0.001 0.002 0.001 
 111   (0.010) 0.001 0.002 0.012 0.001 0.002 0.001 
 143   (0.012) 0.001 0.002 0.013 0.001 0.002 0.001 
 140   (0.013) 0.003 0.003 0.001 0.001 0.014 0.001 
 112   (0.012) 0.001 0.002 0.001 0.001 0.002 0.008 

Locus 2 : 
18 alleles
0.0% missing data
 152   (0.374) 0.438 0.430 0.743 0.589 0.375 0.290 
 148   (0.065) 0.182 0.029 0.053 0.178 0.034 0.005 
 154   (0.113) 0.238 0.055 0.056 0.060 0.115 0.156 
 156   (0.017) 0.004 0.005 0.001 0.011 0.006 0.002 
 150   (0.025) 0.051 0.005 0.040 0.006 0.005 0.002 
 164   (0.076) 0.020 0.047 0.015 0.080 0.079 0.083 
 158   (0.031) 0.021 0.077 0.009 0.017 0.008 0.003 
 160   (0.018) 0.002 0.003 0.021 0.002 0.012 0.001 
 166   (0.022) 0.010 0.020 0.002 0.004 0.016 0.002 
 151   (0.071) 0.007 0.132 0.006 0.009 0.154 0.335 
 147   (0.064) 0.010 0.149 0.009 0.008 0.115 0.104 
 168   (0.022) 0.002 0.016 0.003 0.004 0.020 0.003 
 153   (0.016) 0.002 0.005 0.002 0.002 0.013 0.002 
 149   (0.025) 0.002 0.017 0.011 0.004 0.018 0.002 
 162   (0.020) 0.009 0.005 0.003 0.006 0.008 0.009 
 167   (0.013) 0.001 0.002 0.001 0.017 0.002 0.001 
 146   (0.013) 0.001 0.002 0.025 0.001 0.002 0.001 
 172   (0.014) 0.001 0.002 0.001 0.001 0.017 0.001 

Locus 3 : 
4 alleles
0.0% missing data
 128   (0.292) 0.284 0.281 0.394 0.239 0.263 0.379 
 126   (0.613) 0.653 0.621 0.597 0.694 0.691 0.537 
 132   (0.079) 0.056 0.077 0.007 0.066 0.043 0.083 
 134   (0.015) 0.007 0.020 0.001 0.002 0.003 0.001 

Locus 4 : 
3 alleles
0.0% missing data
 170   (0.317) 0.393 0.283 0.266 0.286 0.297 0.341 
 172   (0.670) 0.600 0.715 0.731 0.712 0.699 0.657 
 171   (0.013) 0.007 0.002 0.003 0.002 0.004 0.001 

Locus 5 : 
37 alleles
0.0% missing data
 125   (0.054) 0.057 0.076 0.051 0.051 0.027 0.079 
 110   (0.034) 0.031 0.045 0.012 0.029 0.008 0.063 
 129   (0.038) 0.004 0.037 0.003 0.047 0.059 0.031 
 113   (0.033) 0.013 0.025 0.003 0.011 0.084 0.038 
 145   (0.051) 0.006 0.052 0.100 0.211 0.054 0.018 
 155   (0.047) 0.179 0.041 0.015 0.128 0.020 0.044 
 117   (0.030) 0.006 0.008 0.040 0.037 0.052 0.003 
 124   (0.010) 0.001 0.001 0.001 0.017 0.002 0.001 
 133   (0.034) 0.003 0.019 0.067 0.035 0.050 0.003 
 157   (0.047) 0.019 0.136 0.024 0.008 0.096 0.031 
 141   (0.016) 0.002 0.003 0.001 0.006 0.026 0.003 
 112   (0.066) 0.165 0.038 0.144 0.081 0.051 0.146 
 121   (0.021) 0.022 0.009 0.003 0.005 0.014 0.026 
 114   (0.043) 0.018 0.009 0.174 0.055 0.037 0.048 
 153   (0.046) 0.010 0.199 0.004 0.060 0.037 0.087 
 127   (0.069) 0.036 0.044 0.097 0.069 0.112 0.131 
 131   (0.060) 0.191 0.094 0.167 0.052 0.027 0.042 
 135   (0.030) 0.006 0.038 0.003 0.009 0.032 0.054 
 104   (0.010) 0.007 0.002 0.003 0.001 0.004 0.001 
 118   (0.020) 0.012 0.006 0.003 0.017 0.011 0.001 
 116   (0.027) 0.051 0.016 0.004 0.017 0.015 0.013 
 137   (0.021) 0.131 0.012 0.006 0.007 0.010 0.002 
 123   (0.021) 0.005 0.018 0.002 0.009 0.005 0.061 
 149   (0.010) 0.001 0.002 0.001 0.003 0.004 0.003 
 138   (0.014) 0.001 0.007 0.001 0.002 0.033 0.002 
 143   (0.025) 0.003 0.016 0.059 0.003 0.013 0.039 
 163   (0.008) 0.006 0.001 0.001 0.001 0.005 0.001 
 109   (0.011) 0.001 0.002 0.001 0.003 0.015 0.001 
 139   (0.010) 0.001 0.003 0.001 0.001 0.008 0.001 
 106   (0.010) 0.001 0.002 0.001 0.001 0.008 0.001 
 144   (0.015) 0.001 0.010 0.001 0.002 0.025 0.001 
 122   (0.011) 0.001 0.002 0.004 0.014 0.002 0.001 
 100   (0.017) 0.003 0.013 0.001 0.003 0.017 0.015 
 111   (0.011) 0.001 0.003 0.001 0.001 0.022 0.001 
 233   (0.009) 0.001 0.007 0.001 0.001 0.004 0.002 
 134   (0.010) 0.001 0.003 0.001 0.001 0.003 0.006 
 140   (0.009) 0.001 0.002 0.001 0.001 0.008 0.001 

Locus 6 : 
17 alleles
0.0% missing data
 221   (0.026) 0.003 0.004 0.067 0.102 0.005 0.002 
 232   (0.236) 0.150 0.322 0.456 0.174 0.300 0.417 
 229   (0.053) 0.044 0.028 0.047 0.090 0.013 0.052 
 223   (0.057) 0.008 0.082 0.008 0.099 0.032 0.039 
 230   (0.157) 0.150 0.109 0.272 0.113 0.221 0.147 
 235   (0.015) 0.002 0.002 0.001 0.050 0.003 0.001 
 236   (0.040) 0.031 0.016 0.006 0.068 0.028 0.005 
 227   (0.019) 0.002 0.009 0.002 0.051 0.005 0.001 
 220   (0.053) 0.165 0.054 0.004 0.008 0.045 0.074 
 222   (0.043) 0.275 0.045 0.003 0.005 0.049 0.012 
 234   (0.140) 0.141 0.190 0.092 0.130 0.138 0.103 
 224   (0.036) 0.004 0.051 0.002 0.004 0.027 0.042 
 228   (0.057) 0.008 0.069 0.005 0.015 0.119 0.060 
 225   (0.012) 0.006 0.002 0.001 0.005 0.002 0.002 
 226   (0.018) 0.009 0.004 0.001 0.005 0.004 0.040 
 233   (0.026) 0.002 0.011 0.031 0.046 0.008 0.002 
 231   (0.013) 0.001 0.002 0.001 0.033 0.003 0.001 

Locus 7 : 
10 alleles
0.0% missing data
 121   (0.693) 0.804 0.730 0.754 0.863 0.828 0.731 
 129   (0.078) 0.010 0.057 0.098 0.082 0.034 0.141 
 130   (0.016) 0.006 0.015 0.002 0.003 0.003 0.003 
 123   (0.097) 0.121 0.126 0.089 0.029 0.061 0.115 
 128   (0.021) 0.026 0.010 0.020 0.003 0.004 0.001 
 131   (0.016) 0.023 0.005 0.002 0.002 0.003 0.002 
 117   (0.013) 0.001 0.002 0.001 0.001 0.009 0.001 
 125   (0.014) 0.001 0.025 0.001 0.001 0.002 0.001 
 134   (0.038) 0.006 0.028 0.013 0.014 0.053 0.004 
 132   (0.013) 0.001 0.002 0.020 0.002 0.004 0.001 

Locus 8 : 
19 alleles
0.0% missing data
 184   (0.293) 0.455 0.500 0.376 0.478 0.368 0.313 
 194   (0.048) 0.022 0.015 0.031 0.032 0.062 0.009 
 178   (0.089) 0.173 0.033 0.075 0.179 0.052 0.197 
 176   (0.079) 0.011 0.080 0.191 0.052 0.103 0.045 
 182   (0.082) 0.031 0.079 0.172 0.049 0.086 0.070 
 190   (0.034) 0.057 0.024 0.035 0.006 0.008 0.015 
 196   (0.023) 0.002 0.006 0.002 0.009 0.014 0.037 
 200   (0.030) 0.008 0.037 0.010 0.013 0.018 0.002 
 180   (0.026) 0.060 0.046 0.002 0.007 0.005 0.003 
 188   (0.039) 0.007 0.012 0.007 0.024 0.046 0.040 
 174   (0.044) 0.020 0.035 0.036 0.030 0.038 0.003 
 186   (0.115) 0.124 0.068 0.055 0.104 0.164 0.209 
 192   (0.025) 0.011 0.015 0.003 0.009 0.006 0.044 
 201   (0.011) 0.009 0.006 0.001 0.001 0.002 0.001 
 199   (0.017) 0.005 0.025 0.001 0.002 0.005 0.004 
 185   (0.012) 0.001 0.003 0.001 0.001 0.006 0.003 
 203   (0.011) 0.001 0.002 0.001 0.002 0.008 0.001 
 198   (0.011) 0.001 0.002 0.001 0.001 0.007 0.002 
 209   (0.011) 0.001 0.010 0.001 0.001 0.002 0.002 

Locus 9 : 
6 alleles
0.4% missing data
 154   (0.690) 0.796 0.701 0.666 0.703 0.755 0.821 
 156   (0.210) 0.193 0.269 0.320 0.184 0.186 0.088 
 152   (0.047) 0.004 0.008 0.007 0.065 0.030 0.085 
 153   (0.015) 0.003 0.004 0.001 0.003 0.012 0.003 
 160   (0.016) 0.001 0.015 0.001 0.002 0.008 0.002 
 164   (0.022) 0.002 0.003 0.005 0.043 0.009 0.001 

Locus 10 : 
29 alleles
0.7% missing data
 305   (0.060) 0.250 0.024 0.008 0.080 0.067 0.013 
 313   (0.048) 0.011 0.019 0.005 0.109 0.038 0.025 
 311   (0.015) 0.001 0.007 0.001 0.012 0.004 0.001 
 299   (0.101) 0.027 0.133 0.032 0.215 0.076 0.202 
 315   (0.078) 0.058 0.023 0.078 0.070 0.112 0.015 
 287   (0.025) 0.004 0.366 0.003 0.011 0.007 0.003 
 291   (0.117) 0.055 0.034 0.038 0.140 0.187 0.320 
 295   (0.029) 0.004 0.004 0.002 0.115 0.035 0.003 
 289   (0.017) 0.002 0.093 0.001 0.003 0.005 0.005 
 303   (0.051) 0.028 0.028 0.535 0.010 0.033 0.137 
 297   (0.037) 0.004 0.015 0.104 0.045 0.009 0.073 
 293   (0.021) 0.004 0.058 0.001 0.024 0.013 0.001 
 301   (0.054) 0.103 0.015 0.006 0.056 0.085 0.007 
 285   (0.020) 0.333 0.020 0.002 0.002 0.005 0.005 
 307   (0.054) 0.024 0.016 0.164 0.030 0.039 0.061 
 312   (0.054) 0.048 0.032 0.005 0.010 0.095 0.061 
 306   (0.024) 0.002 0.006 0.002 0.009 0.054 0.003 
 320   (0.012) 0.001 0.003 0.001 0.001 0.016 0.001 
 317   (0.022) 0.002 0.012 0.001 0.013 0.025 0.018 
 314   (0.025) 0.002 0.016 0.002 0.026 0.012 0.002 
 323   (0.013) 0.001 0.006 0.001 0.002 0.006 0.001 
 325   (0.014) 0.001 0.006 0.001 0.002 0.006 0.001 
 310   (0.018) 0.002 0.007 0.001 0.003 0.012 0.020 
 309   (0.013) 0.002 0.004 0.001 0.002 0.015 0.001 
 316   (0.018) 0.002 0.004 0.001 0.002 0.020 0.005 
 296   (0.012) 0.001 0.003 0.001 0.001 0.008 0.001 
 304   (0.019) 0.023 0.014 0.001 0.002 0.004 0.012 
 321   (0.014) 0.003 0.016 0.001 0.002 0.006 0.002 
 332   (0.015) 0.001 0.015 0.001 0.002 0.006 0.003 

Locus 11 : 
19 alleles
0.0% missing data
 114   (0.145) 0.274 0.066 0.210 0.229 0.182 0.013 
 126   (0.021) 0.010 0.003 0.004 0.045 0.004 0.001 
 111   (0.086) 0.039 0.205 0.007 0.158 0.025 0.572 
 116   (0.104) 0.034 0.126 0.218 0.129 0.072 0.018 
 132   (0.014) 0.001 0.002 0.001 0.009 0.003 0.001 
 109   (0.016) 0.001 0.002 0.001 0.034 0.003 0.001 
 128   (0.018) 0.002 0.003 0.001 0.008 0.011 0.002 
 112   (0.322) 0.567 0.317 0.500 0.301 0.547 0.044 
 122   (0.017) 0.006 0.004 0.008 0.002 0.008 0.002 
 124   (0.013) 0.016 0.002 0.002 0.001 0.002 0.001 
 118   (0.051) 0.021 0.082 0.033 0.028 0.026 0.010 
 127   (0.014) 0.001 0.003 0.001 0.002 0.009 0.001 
 113   (0.049) 0.009 0.080 0.004 0.007 0.036 0.279 
 115   (0.035) 0.005 0.068 0.003 0.026 0.017 0.003 
 120   (0.023) 0.002 0.004 0.001 0.004 0.012 0.036 
 117   (0.024) 0.003 0.014 0.002 0.004 0.012 0.007 
 125   (0.019) 0.002 0.011 0.001 0.002 0.018 0.002 
 119   (0.016) 0.004 0.003 0.001 0.002 0.009 0.006 
 136   (0.013) 0.001 0.004 0.001 0.007 0.003 0.001 

Locus 12 : 
28 alleles
0.7% missing data
 306   (0.063) 0.273 0.033 0.009 0.080 0.045 0.020 
 314   (0.051) 0.006 0.028 0.005 0.097 0.027 0.073 
 312   (0.014) 0.001 0.002 0.001 0.018 0.002 0.001 
 300   (0.107) 0.027 0.134 0.033 0.226 0.077 0.200 
 316   (0.044) 0.049 0.007 0.072 0.064 0.010 0.014 
 288   (0.025) 0.004 0.358 0.003 0.010 0.006 0.003 
 292   (0.123) 0.055 0.039 0.039 0.142 0.188 0.322 
 296   (0.034) 0.005 0.006 0.003 0.116 0.042 0.004 
 290   (0.018) 0.002 0.093 0.001 0.003 0.005 0.006 
 304   (0.052) 0.028 0.028 0.539 0.010 0.033 0.136 
 298   (0.038) 0.004 0.015 0.105 0.045 0.009 0.072 
 294   (0.021) 0.004 0.059 0.001 0.024 0.013 0.001 
 302   (0.057) 0.101 0.016 0.007 0.057 0.085 0.007 
 286   (0.021) 0.342 0.021 0.002 0.002 0.006 0.005 
 308   (0.034) 0.022 0.012 0.156 0.014 0.022 0.002 
 313   (0.045) 0.049 0.027 0.004 0.010 0.112 0.004 
 307   (0.046) 0.004 0.009 0.006 0.025 0.071 0.067 
 321   (0.015) 0.001 0.003 0.001 0.002 0.016 0.001 
 315   (0.048) 0.006 0.035 0.004 0.031 0.112 0.004 
 318   (0.020) 0.002 0.010 0.001 0.005 0.023 0.021 
 324   (0.013) 0.001 0.006 0.001 0.002 0.006 0.001 
 326   (0.013) 0.001 0.006 0.001 0.002 0.006 0.001 
 311   (0.024) 0.002 0.019 0.002 0.006 0.018 0.028 
 310   (0.014) 0.002 0.004 0.001 0.002 0.015 0.001 
 305   (0.016) 0.002 0.002 0.001 0.002 0.024 0.001 
 317   (0.015) 0.001 0.003 0.001 0.002 0.017 0.001 
 320   (0.014) 0.001 0.009 0.001 0.002 0.005 0.001 
 322   (0.015) 0.003 0.017 0.001 0.002 0.006 0.002 

Locus 13 : 
7 alleles
1.1% missing data
 161   (0.595) 0.126 0.565 0.892 0.683 0.638 0.375 
 163   (0.297) 0.067 0.415 0.037 0.242 0.335 0.545 
 160   (0.018) 0.397 0.003 0.002 0.003 0.004 0.001 
 162   (0.017) 0.401 0.002 0.001 0.002 0.003 0.001 
 165   (0.042) 0.006 0.010 0.005 0.063 0.014 0.076 
 166   (0.015) 0.002 0.002 0.003 0.006 0.004 0.001 
 164   (0.016) 0.001 0.002 0.060 0.002 0.003 0.001 

Locus 14 : 
4 alleles
0.4% missing data
  98   (0.955) 0.996 0.991 0.985 0.987 0.981 0.997 
 100   (0.014) 0.001 0.003 0.002 0.002 0.007 0.001 
  96   (0.018) 0.002 0.003 0.012 0.010 0.004 0.001 
 105   (0.014) 0.001 0.003 0.001 0.002 0.008 0.001 

Locus 15 : 
12 alleles
2.2% missing data
 171   (0.300) 0.199 0.411 0.192 0.371 0.312 0.323 
 177   (0.187) 0.303 0.243 0.076 0.198 0.189 0.093 
 173   (0.256) 0.201 0.174 0.099 0.314 0.316 0.536 
 179   (0.098) 0.269 0.115 0.506 0.065 0.051 0.020 
 183   (0.021) 0.003 0.006 0.010 0.021 0.007 0.003 
 181   (0.041) 0.005 0.008 0.095 0.008 0.043 0.019 
 197   (0.024) 0.002 0.003 0.016 0.010 0.024 0.002 
 170   (0.015) 0.002 0.006 0.001 0.002 0.014 0.001 
 189   (0.015) 0.012 0.003 0.001 0.003 0.011 0.001 
 203   (0.016) 0.001 0.002 0.001 0.004 0.022 0.001 
 187   (0.015) 0.001 0.021 0.001 0.002 0.005 0.001 
 198   (0.013) 0.001 0.009 0.001 0.002 0.005 0.001 

Values of parameters used in structure:
DATAFILE=STRUCTURE_main_final_278_HEG_ZG.str,	OUTFILE=STRUCTURE_main_final_278_HEG_ZG-K6-2,	NUMINDS=278,	NUMLOCI=15,	MISSING=-9,	LABEL=1,	POPDATA=1,	POPFLAG=0,	PHENOTYPE=0,	EXTRACOLS=0,	MAXPOPS=6,	BURNIN=100000,	NUMREPS=500000,	USEPOPINFO=0,	INFERALPHA=1,	INFERLAMBDA=0,	POPSPECIFICLAMBDA=0,	POPALPHAS=0,	COMPUTEPROB=1,	NOADMIX=0,	ADMBURNIN=2500,	UPDATEFREQ=1,	PRINTLIKES=0,	INTERMEDSAVE=0,	PRINTKLD=0,	PRINTNET=0,	PRINTLAMBDA=0,	ANCESTDIST=0,	NUMBOXES=1000,	ANCESTPINT=0.90000,	GENSBACK=2,	MIGRPRIOR=0.05000,	PRINTQHAT=0,	PRINTQSUM=0,	ALPHA=1.0000,	FREQSCORR=1,	FPRIORMEAN=0.0100,	FPRIORSD=0.0500,	ONEFST=0,	LAMBDA=1.0000,	UNIFPRIORALPHA=1,	ALPHAMAX=10.0000,	ALPHAPRIORA=1.0000,	ALPHAPRIORB=2.0000,	ALPHAPROPSD=0.0250,	STARTATPOPINFO=0,	RANDOMIZE=1,	LINKAGE=0,	METROFREQ=10,	REPORTHITRATE=0,	MARKOVPHASE=-1,	PHASED=0,	PLOIDY=2,	PHASEINFO=0	LOCPRIOR=0, 	LOCPRIORINIT=1.000000, 	LOCDATA=0, 	LOCISPOP=0, 	LOCPRIORSTEP=0.100000, 	MAXLOCPRIOR=20.000000, 	SEED=1782481566,	
[STRAT parameters]:    NUMSIMSTATS=1000,	PHENOTYPECOL=-9,	POOLFREQ=10,	LOCUSxONLY=0,	EMERROR=0.00100,	MISSINGPHENO=-9,	