

----------------------------------------------------
STRUCTURE by Pritchard, Stephens and Donnelly (2000)
     and Falush, Stephens and Pritchard (2003)
       Code by Pritchard, Falush and Hubisz
             Version 2.3.4 (Jul 2012)
----------------------------------------------------



Command line arguments:   structure -K 10 -i STRUCTURE_main_final_278_HEG_ZG.str -o STRUCTURE_main_final_278_HEG_ZG-K10-19 
Input File:    STRUCTURE_main_final_278_HEG_ZG.str

Run parameters:
   278 individuals
   15 loci
   10 populations assumed
   100000 Burn-in period
   500000 Reps


--------------------------------------------
Proportion of membership of each pre-defined
 population in each of the 10 clusters

Given    Inferred Clusters                                                        Number of
 Pop       1      2      3      4      5      6      7      8      9     10      Individuals

  1:     0.015  0.039  0.013  0.040  0.601  0.067  0.014  0.105  0.018  0.088       24
  2:     0.015  0.015  0.037  0.035  0.017  0.055  0.731  0.031  0.046  0.018       24
  3:     0.289  0.077  0.244  0.029  0.019  0.010  0.011  0.017  0.256  0.047       24
  4:     0.151  0.032  0.047  0.537  0.055  0.038  0.023  0.036  0.033  0.047       24
  5:     0.487  0.044  0.100  0.192  0.022  0.046  0.027  0.047  0.014  0.021       24
  6:     0.071  0.047  0.030  0.092  0.459  0.225  0.024  0.017  0.022  0.014       24
  7:     0.019  0.010  0.016  0.049  0.061  0.748  0.030  0.038  0.009  0.020       24
  8:     0.670  0.017  0.015  0.065  0.020  0.011  0.013  0.065  0.047  0.076       14
  9:     0.033  0.467  0.030  0.018  0.037  0.006  0.017  0.294  0.035  0.063       24
 10:     0.026  0.056  0.039  0.011  0.012  0.013  0.008  0.037  0.162  0.636       24
 11:     0.026  0.162  0.080  0.032  0.018  0.011  0.008  0.057  0.336  0.270       24
 12:     0.088  0.011  0.046  0.217  0.267  0.106  0.020  0.119  0.077  0.049       24
--------------------------------------------

Allele-freq. divergence among pops (Net nucleotide distance),
computed using point estimates of P.

      1       2       3       4       5       6       7       8       9      10      
 1      -    0.0531  0.0704  0.0370  0.0341  0.0784  0.0653  0.0465  0.0711  0.0577  
 2   0.0531     -    0.1092  0.0736  0.0567  0.1161  0.0903  0.0634  0.0727  0.0533  
 3   0.0704  0.1092     -    0.0862  0.0881  0.1248  0.1154  0.0854  0.1134  0.1094  
 4   0.0370  0.0736  0.0862     -    0.0350  0.0677  0.0769  0.0406  0.0924  0.0698  
 5   0.0341  0.0567  0.0881  0.0350     -    0.0672  0.0680  0.0382  0.0872  0.0675  
 6   0.0784  0.1161  0.1248  0.0677  0.0672     -    0.1038  0.0820  0.0894  0.1352  
 7   0.0653  0.0903  0.1154  0.0769  0.0680  0.1038     -    0.0911  0.1317  0.1123  
 8   0.0465  0.0634  0.0854  0.0406  0.0382  0.0820  0.0911     -    0.0829  0.0615  
 9   0.0711  0.0727  0.1134  0.0924  0.0872  0.0894  0.1317  0.0829     -    0.0794  
10   0.0577  0.0533  0.1094  0.0698  0.0675  0.1352  0.1123  0.0615  0.0794     -    

Average distances (expected heterozygosity) between individuals in same cluster:
cluster  1  : 0.6290 
cluster  2  : 0.6038 
cluster  3  : 0.5818 
cluster  4  : 0.6015 
cluster  5  : 0.6165 
cluster  6  : 0.5491 
cluster  7  : 0.6125 
cluster  8  : 0.6043 
cluster  9  : 0.5494 
cluster 10  : 0.6044 

--------------------------------------------
Estimated Ln Prob of Data   = -12251.6
Mean value of ln likelihood = -11580.0
Variance of ln likelihood   = 1343.3
Mean value of alpha         = 0.0475

Mean value of Fst_1         = 0.0638
Mean value of Fst_2         = 0.1515
Mean value of Fst_3         = 0.1955
Mean value of Fst_4         = 0.1081
Mean value of Fst_5         = 0.0894
Mean value of Fst_6         = 0.2004
Mean value of Fst_7         = 0.1957
Mean value of Fst_8         = 0.1475
Mean value of Fst_9         = 0.2163
Mean value of Fst_10         = 0.1559


Inferred ancestry of individuals:
        Label (%Miss) Pop:  Inferred clusters
  1 24.0601.E1    (0)    1 :  0.006 0.010 0.010 0.009 0.911 0.011 0.014 0.010 0.012 0.007 
  2 24.0602.E1    (0)    1 :  0.010 0.018 0.009 0.006 0.902 0.010 0.004 0.019 0.009 0.014 
  3 24.0603.E1    (0)    1 :  0.048 0.016 0.007 0.025 0.855 0.020 0.005 0.012 0.006 0.005 
  4 24.0604.E1    (0)    1 :  0.005 0.006 0.144 0.103 0.653 0.005 0.008 0.026 0.005 0.044 
  5 24.0605.E1    (0)    1 :  0.010 0.033 0.006 0.030 0.840 0.036 0.007 0.018 0.012 0.008 
  6 24.0606.E1    (0)    1 :  0.014 0.026 0.006 0.137 0.734 0.020 0.010 0.025 0.007 0.021 
  7 24.0607.E1    (0)    1 :  0.045 0.057 0.010 0.014 0.061 0.165 0.006 0.623 0.008 0.011 
  8 24.0608.E1    (0)    1 :  0.007 0.017 0.006 0.007 0.657 0.109 0.003 0.020 0.133 0.040 
  9 24.0609.E1    (0)    1 :  0.023 0.010 0.008 0.250 0.166 0.006 0.005 0.062 0.013 0.457 
 10 24.0610.E1    (0)    1 :  0.018 0.010 0.005 0.074 0.464 0.010 0.005 0.009 0.005 0.402 
 11 24.0611.E1    (0)    1 :  0.007 0.056 0.005 0.025 0.845 0.006 0.007 0.013 0.005 0.031 
 12 24.0612.E1    (0)    1 :  0.012 0.010 0.017 0.007 0.905 0.016 0.008 0.012 0.005 0.008 
 13 24.0613.E1    (0)    1 :  0.006 0.005 0.005 0.042 0.898 0.005 0.007 0.008 0.005 0.019 
 14 24.0614.E1    (0)    1 :  0.006 0.364 0.005 0.010 0.170 0.340 0.006 0.013 0.075 0.010 
 15 24.0615.E1    (0)    1 :  0.011 0.021 0.020 0.011 0.559 0.064 0.016 0.102 0.020 0.178 
 16 24.0616.E1    (0)    1 :  0.007 0.007 0.005 0.009 0.909 0.005 0.014 0.027 0.006 0.011 
 17 24.0617.E1    (0)    1 :  0.015 0.019 0.006 0.016 0.253 0.023 0.029 0.035 0.009 0.596 
 18 24.0618.E1    (0)    1 :  0.037 0.051 0.005 0.029 0.775 0.005 0.009 0.012 0.018 0.060 
 19 24.0619.E1    (0)    1 :  0.007 0.008 0.005 0.022 0.281 0.005 0.026 0.630 0.004 0.012 
 20 24.0620.E1   (20)    1 :  0.023 0.016 0.012 0.084 0.035 0.696 0.013 0.068 0.009 0.045 
 21 24.0621.E1    (0)    1 :  0.012 0.112 0.008 0.019 0.043 0.005 0.005 0.691 0.038 0.067 
 22 24.0622.E1    (0)    1 :  0.015 0.005 0.005 0.015 0.907 0.009 0.021 0.007 0.006 0.010 
 23 24.0623.E1    (0)    1 :  0.016 0.056 0.010 0.015 0.655 0.019 0.114 0.064 0.014 0.037 
 24 24.0624.E1    (0)    1 :  0.007 0.009 0.004 0.005 0.942 0.006 0.006 0.005 0.005 0.011 
 25 24.0625.E1    (0)    2 :  0.019 0.054 0.039 0.050 0.013 0.062 0.561 0.006 0.187 0.009 
 26 24.0626.E1    (0)    2 :  0.004 0.005 0.004 0.004 0.004 0.035 0.805 0.004 0.132 0.003 
 27 24.0627.E1    (0)    2 :  0.007 0.007 0.390 0.032 0.006 0.020 0.487 0.032 0.013 0.005 
 28 24.0628.E1    (0)    2 :  0.014 0.009 0.006 0.066 0.035 0.119 0.478 0.017 0.167 0.089 
 29 24.0629.E1    (0)    2 :  0.029 0.007 0.009 0.007 0.069 0.005 0.846 0.010 0.007 0.011 
 30 24.0630.E1    (0)    2 :  0.005 0.008 0.007 0.011 0.005 0.094 0.804 0.006 0.054 0.005 
 31 24.0631.E1    (0)    2 :  0.004 0.004 0.004 0.003 0.005 0.004 0.968 0.003 0.003 0.003 
 32 24.0632.E1    (0)    2 :  0.010 0.005 0.010 0.006 0.007 0.031 0.915 0.005 0.005 0.006 
 33 24.0633.E1    (0)    2 :  0.019 0.022 0.006 0.020 0.013 0.039 0.438 0.023 0.414 0.008 
 34 24.0634.E1    (0)    2 :  0.010 0.022 0.009 0.010 0.009 0.007 0.897 0.007 0.019 0.010 
 35 24.0635.E1    (0)    2 :  0.086 0.105 0.020 0.018 0.024 0.020 0.616 0.043 0.033 0.035 
 36 24.0636.E1   (33)    2 :  0.022 0.008 0.023 0.120 0.030 0.698 0.067 0.010 0.009 0.011 
 37 24.0637.E1    (0)    2 :  0.005 0.005 0.004 0.005 0.004 0.007 0.959 0.004 0.003 0.003 
 38 24.0638.E1    (0)    2 :  0.028 0.005 0.011 0.022 0.008 0.004 0.891 0.019 0.006 0.006 
 39 24.0639.E1    (0)    2 :  0.019 0.008 0.027 0.008 0.042 0.015 0.771 0.011 0.009 0.091 
 40 24.0640.E1    (0)    2 :  0.007 0.014 0.005 0.007 0.008 0.006 0.936 0.005 0.006 0.007 
 41 24.0641.E1    (0)    2 :  0.016 0.028 0.008 0.009 0.032 0.018 0.423 0.442 0.009 0.015 
 42 24.0642.E1    (0)    2 :  0.006 0.004 0.007 0.275 0.052 0.037 0.579 0.032 0.005 0.004 
 43 24.0643.E1    (0)    2 :  0.016 0.010 0.264 0.009 0.008 0.062 0.607 0.006 0.006 0.011 
 44 24.0644.E1    (0)    2 :  0.006 0.006 0.005 0.017 0.007 0.005 0.900 0.017 0.005 0.031 
 45 24.0645.E1    (0)    2 :  0.006 0.005 0.006 0.119 0.011 0.017 0.774 0.029 0.004 0.029 
 46 24.0646.E1    (0)    2 :  0.006 0.006 0.004 0.017 0.007 0.005 0.902 0.017 0.005 0.031 
 47 24.0647.E1    (0)    2 :  0.005 0.005 0.004 0.005 0.004 0.007 0.959 0.004 0.003 0.003 
 48 24.0648.E1    (0)    2 :  0.005 0.005 0.004 0.005 0.004 0.007 0.959 0.004 0.003 0.003 
 49 24.0649.E1    (0)    3 :  0.926 0.010 0.010 0.007 0.005 0.003 0.006 0.006 0.011 0.015 
 50 24.0650.E1    (0)    3 :  0.029 0.236 0.010 0.381 0.018 0.004 0.004 0.041 0.167 0.110 
 51 24.0651.E1    (0)    3 :  0.273 0.437 0.060 0.025 0.009 0.034 0.079 0.014 0.061 0.008 
 52 24.0652.E1    (0)    3 :  0.047 0.008 0.014 0.006 0.036 0.005 0.006 0.015 0.858 0.005 
 53 24.0653.E1    (0)    3 :  0.045 0.011 0.856 0.009 0.005 0.006 0.005 0.026 0.017 0.021 
 54 24.0654.E1    (0)    3 :  0.266 0.006 0.008 0.008 0.008 0.004 0.014 0.009 0.648 0.028 
 55 24.0655.E1    (0)    3 :  0.412 0.061 0.009 0.012 0.044 0.007 0.024 0.012 0.399 0.020 
 56 24.0656.E1    (0)    3 :  0.014 0.005 0.014 0.015 0.008 0.010 0.006 0.007 0.909 0.011 
 57 24.0657.E1    (0)    3 :  0.018 0.006 0.015 0.016 0.008 0.010 0.006 0.008 0.901 0.012 
 58 24.0658.E1    (0)    3 :  0.739 0.010 0.050 0.023 0.021 0.006 0.006 0.012 0.006 0.128 
 59 24.0659.E1    (0)    3 :  0.092 0.273 0.393 0.014 0.057 0.004 0.010 0.022 0.107 0.028 
 60 24.0660.E1    (6)    3 :  0.904 0.008 0.009 0.013 0.020 0.005 0.012 0.011 0.012 0.006 
 61 24.0661.E1    (0)    3 :  0.023 0.009 0.007 0.005 0.010 0.006 0.005 0.007 0.923 0.005 
 62 24.0662.E1    (0)    3 :  0.070 0.600 0.124 0.014 0.073 0.020 0.015 0.014 0.048 0.020 
 63 24.0663.E1    (0)    3 :  0.154 0.046 0.006 0.053 0.007 0.005 0.010 0.016 0.088 0.613 
 64 24.0664.E1    (0)    3 :  0.498 0.005 0.010 0.010 0.006 0.021 0.010 0.021 0.401 0.018 
 65 24.0665.E1    (0)    3 :  0.373 0.007 0.042 0.031 0.007 0.045 0.007 0.019 0.463 0.005 
 66 24.0666.E1    (0)    3 :  0.007 0.004 0.946 0.008 0.007 0.004 0.005 0.006 0.007 0.007 
 67 24.0667.E1    (0)    3 :  0.014 0.004 0.945 0.005 0.009 0.004 0.003 0.005 0.006 0.004 
 68 24.0668.E1    (0)    3 :  0.004 0.003 0.967 0.004 0.003 0.003 0.004 0.004 0.004 0.004 
 69 24.0669.E1    (0)    3 :  0.005 0.003 0.962 0.004 0.004 0.003 0.004 0.007 0.004 0.004 
 70 24.0670.E1    (0)    3 :  0.897 0.018 0.023 0.004 0.010 0.005 0.003 0.004 0.011 0.025 
 71 24.0671.E1    (0)    3 :  0.783 0.046 0.009 0.014 0.008 0.007 0.010 0.007 0.083 0.032 
 72 24.0672.E1    (0)    3 :  0.353 0.023 0.378 0.021 0.079 0.006 0.006 0.112 0.013 0.009 
 73 24.0673.E1    (6)    4 :  0.020 0.027 0.008 0.223 0.126 0.096 0.022 0.014 0.457 0.008 
 74 24.0674.E1    (0)    4 :  0.006 0.040 0.004 0.893 0.011 0.019 0.007 0.006 0.005 0.008 
 75 24.0675.E1    (0)    4 :  0.028 0.048 0.010 0.779 0.023 0.022 0.025 0.012 0.025 0.028 
 76 24.0676.E1    (0)    4 :  0.045 0.023 0.006 0.690 0.014 0.023 0.007 0.017 0.016 0.158 
 77 24.0677.E1    (0)    4 :  0.780 0.021 0.015 0.018 0.036 0.010 0.004 0.057 0.033 0.026 
 78 24.0678.E1    (0)    4 :  0.213 0.019 0.094 0.022 0.436 0.011 0.066 0.090 0.042 0.008 
 79 24.0679.E1    (0)    4 :  0.133 0.024 0.046 0.285 0.152 0.008 0.014 0.072 0.010 0.255 
 80 24.0680.E1    (0)    4 :  0.481 0.010 0.124 0.077 0.062 0.011 0.034 0.170 0.023 0.008 
 81 24.0681.E1    (0)    4 :  0.207 0.013 0.017 0.605 0.039 0.017 0.008 0.078 0.010 0.006 
 82 24.0682.E1    (0)    4 :  0.004 0.003 0.004 0.962 0.004 0.004 0.004 0.007 0.003 0.005 
 83 24.0683.E1    (0)    4 :  0.006 0.023 0.007 0.823 0.012 0.104 0.006 0.008 0.006 0.004 
 84 24.0684.E1    (0)    4 :  0.043 0.010 0.010 0.738 0.077 0.032 0.033 0.026 0.006 0.025 
 85 24.0685.E1    (0)    4 :  0.009 0.006 0.052 0.833 0.010 0.016 0.006 0.048 0.005 0.015 
 86 24.0686.E1    (0)    4 :  0.579 0.174 0.015 0.052 0.066 0.015 0.063 0.016 0.005 0.014 
 87 24.0687.E1    (0)    4 :  0.388 0.214 0.007 0.124 0.039 0.017 0.161 0.018 0.008 0.025 
 88 24.0688.E1    (0)    4 :  0.009 0.004 0.004 0.950 0.006 0.005 0.007 0.007 0.005 0.004 
 89 24.0689.E1    (0)    4 :  0.317 0.014 0.006 0.130 0.026 0.033 0.017 0.039 0.031 0.386 
 90 24.0690.E1    (0)    4 :  0.153 0.036 0.628 0.047 0.025 0.035 0.029 0.020 0.022 0.006 
 91 24.0691.E1    (0)    4 :  0.012 0.006 0.009 0.901 0.022 0.006 0.007 0.007 0.005 0.025 
 92 24.0692.E1    (0)    4 :  0.065 0.005 0.008 0.872 0.005 0.008 0.005 0.008 0.005 0.019 
 93 24.0693.E1    (0)    4 :  0.100 0.017 0.016 0.340 0.011 0.397 0.008 0.012 0.058 0.042 
 94 24.0694.E1    (0)    4 :  0.009 0.004 0.011 0.916 0.008 0.008 0.007 0.025 0.005 0.007 
 95 24.0695.E1    (0)    4 :  0.010 0.007 0.014 0.743 0.083 0.007 0.007 0.080 0.010 0.039 
 96 24.0696.E1    (0)    4 :  0.014 0.009 0.011 0.871 0.022 0.008 0.014 0.033 0.005 0.014 
 97 24.0697.E1    (0)    5 :  0.708 0.016 0.006 0.139 0.006 0.083 0.012 0.011 0.007 0.012 
 98 24.0698.E1    (0)    5 :  0.734 0.023 0.043 0.030 0.020 0.091 0.018 0.012 0.008 0.021 
 99 24.0699.E1    (0)    5 :  0.920 0.010 0.009 0.006 0.014 0.009 0.009 0.010 0.007 0.005 
100 24.0700.E1    (0)    5 :  0.892 0.011 0.010 0.020 0.006 0.007 0.005 0.035 0.007 0.007 
101 24.0701.E1    (0)    5 :  0.015 0.008 0.889 0.009 0.007 0.033 0.010 0.014 0.006 0.010 
102 24.0702.E1    (0)    5 :  0.821 0.007 0.042 0.012 0.010 0.029 0.013 0.048 0.008 0.008 
103 24.0703.E1    (0)    5 :  0.740 0.150 0.023 0.007 0.011 0.007 0.045 0.007 0.005 0.006 
104 24.0704.E1    (6)    5 :  0.654 0.049 0.007 0.016 0.014 0.009 0.010 0.229 0.005 0.008 
105 24.0705.E1    (0)    5 :  0.043 0.009 0.031 0.772 0.016 0.008 0.010 0.091 0.007 0.014 
106 24.0706.E1    (0)    5 :  0.810 0.006 0.015 0.030 0.007 0.011 0.009 0.084 0.017 0.010 
107 24.0707.E1    (0)    5 :  0.788 0.034 0.007 0.046 0.027 0.017 0.021 0.044 0.012 0.005 
108 24.0708.E1    (0)    5 :  0.031 0.483 0.026 0.042 0.033 0.023 0.189 0.016 0.017 0.139 
109 24.0709.E1    (0)    5 :  0.023 0.016 0.009 0.832 0.011 0.006 0.008 0.044 0.015 0.036 
110 24.0710.E1    (0)    5 :  0.450 0.060 0.073 0.251 0.049 0.041 0.008 0.030 0.007 0.030 
111 24.0711.E1    (0)    5 :  0.671 0.009 0.031 0.053 0.073 0.017 0.055 0.076 0.009 0.006 
112 24.0712.E1    (0)    5 :  0.053 0.012 0.779 0.048 0.022 0.016 0.047 0.008 0.007 0.009 
113 24.0713.E1    (0)    5 :  0.272 0.020 0.011 0.509 0.010 0.017 0.009 0.109 0.008 0.036 
114 24.0714.E1    (0)    5 :  0.742 0.024 0.011 0.027 0.032 0.008 0.013 0.114 0.012 0.018 
115 24.0715.E1    (0)    5 :  0.398 0.006 0.019 0.106 0.029 0.380 0.007 0.010 0.033 0.012 
116 24.0716.E1    (0)    5 :  0.490 0.024 0.286 0.018 0.061 0.013 0.035 0.017 0.009 0.046 
117 24.0717.E1    (0)    5 :  0.428 0.061 0.016 0.019 0.016 0.257 0.046 0.031 0.101 0.023 
118 24.0718.E1    (0)    5 :  0.701 0.007 0.045 0.158 0.020 0.011 0.030 0.016 0.005 0.007 
119 24.0719.E1    (0)    5 :  0.016 0.007 0.011 0.853 0.006 0.006 0.015 0.062 0.008 0.016 
120 24.0720.E1    (0)    5 :  0.295 0.007 0.011 0.603 0.016 0.005 0.015 0.017 0.009 0.021 
121 24.0721.E1    (0)    6 :  0.112 0.081 0.023 0.079 0.011 0.551 0.012 0.013 0.091 0.028 
122 24.0722.E1    (0)    6 :  0.043 0.132 0.079 0.066 0.021 0.547 0.085 0.007 0.009 0.012 
123 24.0723.E1    (0)    6 :  0.016 0.289 0.008 0.011 0.025 0.327 0.135 0.008 0.164 0.018 
124 24.0724.E1    (0)    6 :  0.024 0.296 0.013 0.231 0.213 0.085 0.045 0.025 0.011 0.057 
125 24.0725.E1    (0)    6 :  0.010 0.005 0.007 0.010 0.923 0.007 0.008 0.008 0.016 0.007 
126 24.0726.E1    (6)    6 :  0.013 0.017 0.007 0.173 0.627 0.089 0.008 0.052 0.007 0.007 
127 24.0727.E1    (0)    6 :  0.030 0.063 0.088 0.021 0.274 0.443 0.022 0.010 0.036 0.014 
128 24.0728.E1    (0)    6 :  0.341 0.021 0.011 0.017 0.353 0.172 0.034 0.007 0.031 0.012 
129 24.0729.E1    (0)    6 :  0.014 0.011 0.038 0.145 0.699 0.039 0.011 0.017 0.005 0.021 
130 24.0730.E1    (0)    6 :  0.785 0.008 0.015 0.028 0.070 0.041 0.011 0.010 0.010 0.023 
131 24.0731.E1    (0)    6 :  0.009 0.012 0.004 0.641 0.168 0.065 0.014 0.063 0.017 0.007 
132 24.0732.E1    (0)    6 :  0.014 0.005 0.012 0.106 0.055 0.759 0.009 0.009 0.027 0.004 
133 24.0733.E1    (0)    6 :  0.005 0.004 0.003 0.008 0.943 0.017 0.006 0.004 0.004 0.006 
134 24.0734.E1    (0)    6 :  0.078 0.024 0.013 0.008 0.033 0.809 0.011 0.006 0.009 0.007 
135 24.0735.E1    (0)    6 :  0.039 0.008 0.015 0.019 0.645 0.180 0.051 0.009 0.010 0.024 
136 24.0736.E1    (0)    6 :  0.008 0.005 0.005 0.007 0.908 0.039 0.008 0.007 0.007 0.006 
137 24.0737.E1    (0)    6 :  0.017 0.043 0.009 0.011 0.870 0.007 0.020 0.006 0.009 0.007 
138 24.0738.E1    (0)    6 :  0.015 0.008 0.008 0.007 0.906 0.025 0.009 0.009 0.008 0.005 
139 24.0739.E1    (0)    6 :  0.018 0.006 0.006 0.009 0.923 0.005 0.014 0.005 0.008 0.007 
140 24.0740.E1    (0)    6 :  0.014 0.006 0.009 0.140 0.738 0.009 0.018 0.041 0.006 0.017 
141 24.0741.E1    (0)    6 :  0.043 0.008 0.006 0.105 0.434 0.356 0.017 0.009 0.012 0.009 
142 24.0742.E1    (0)    6 :  0.012 0.017 0.008 0.024 0.226 0.681 0.010 0.009 0.006 0.007 
143 24.0743.E1    (0)    6 :  0.012 0.037 0.020 0.253 0.572 0.036 0.005 0.043 0.007 0.015 
144 24.0744.E1    (0)    6 :  0.021 0.018 0.303 0.079 0.374 0.123 0.012 0.028 0.018 0.024 
145 24.0745.E1    (0)    7 :  0.012 0.006 0.026 0.021 0.005 0.884 0.004 0.017 0.018 0.007 
146 24.0746.E1    (0)    7 :  0.041 0.073 0.009 0.049 0.044 0.620 0.071 0.073 0.008 0.011 
147 24.0747.E1    (0)    7 :  0.012 0.005 0.012 0.153 0.029 0.664 0.010 0.075 0.010 0.030 
148 24.0748.E1    (6)    7 :  0.012 0.006 0.012 0.196 0.029 0.562 0.009 0.110 0.026 0.038 
149 24.0749.E1    (0)    7 :  0.008 0.010 0.007 0.007 0.229 0.714 0.007 0.007 0.004 0.006 
150 24.0750.E1    (0)    7 :  0.101 0.031 0.025 0.171 0.262 0.296 0.013 0.073 0.012 0.018 
151 24.0751.E1    (0)    7 :  0.005 0.004 0.004 0.005 0.007 0.955 0.006 0.005 0.005 0.004 
152 24.0752.E1    (0)    7 :  0.012 0.004 0.004 0.010 0.038 0.893 0.007 0.015 0.010 0.007 
153 24.0753.E1    (0)    7 :  0.007 0.010 0.009 0.012 0.239 0.497 0.184 0.009 0.028 0.004 
154 24.0754.E1    (0)    7 :  0.008 0.005 0.006 0.022 0.027 0.893 0.018 0.006 0.009 0.006 
155 24.0755.E1    (0)    7 :  0.030 0.006 0.008 0.086 0.015 0.738 0.025 0.039 0.006 0.048 
156 24.0756.E1    (0)    7 :  0.005 0.008 0.004 0.006 0.010 0.928 0.009 0.012 0.005 0.014 
157 24.0757.E1    (0)    7 :  0.004 0.003 0.004 0.004 0.003 0.969 0.004 0.004 0.003 0.003 
158 24.0758.E1    (0)    7 :  0.004 0.003 0.004 0.004 0.004 0.968 0.004 0.004 0.004 0.003 
159 24.0759.E1    (0)    7 :  0.009 0.005 0.009 0.007 0.022 0.916 0.006 0.009 0.013 0.005 
160 24.0760.E1    (0)    7 :  0.040 0.007 0.009 0.020 0.010 0.610 0.282 0.008 0.008 0.006 
161 24.0761.E1    (0)    7 :  0.004 0.004 0.004 0.005 0.006 0.955 0.008 0.004 0.005 0.005 
162 24.0762.E1    (0)    7 :  0.095 0.012 0.197 0.040 0.223 0.088 0.009 0.121 0.009 0.206 
163 24.0763.E1    (0)    7 :  0.004 0.004 0.003 0.013 0.007 0.950 0.004 0.005 0.006 0.004 
164 24.0764.E1    (0)    7 :  0.007 0.004 0.004 0.005 0.012 0.947 0.008 0.006 0.004 0.005 
165 24.0765.E1    (0)    7 :  0.007 0.019 0.004 0.018 0.006 0.895 0.023 0.010 0.008 0.010 
166 24.0766.E1    (0)    7 :  0.007 0.005 0.005 0.008 0.009 0.941 0.006 0.006 0.009 0.004 
167 24.0767.E1    (0)    7 :  0.004 0.005 0.003 0.006 0.004 0.963 0.004 0.004 0.004 0.004 
168 24.0768.E1    (0)    7 :  0.020 0.012 0.007 0.307 0.215 0.111 0.005 0.285 0.009 0.027 
169 24.0779.E1    (0)    8 :  0.801 0.039 0.009 0.045 0.015 0.038 0.006 0.027 0.013 0.007 
170 24.0780.E1    (6)    8 :  0.789 0.013 0.008 0.026 0.008 0.004 0.006 0.012 0.034 0.100 
171 24.0781.E1    (0)    8 :  0.942 0.006 0.005 0.007 0.004 0.005 0.005 0.015 0.006 0.007 
172 24.0782.E1    (0)    8 :  0.207 0.034 0.009 0.428 0.135 0.026 0.041 0.047 0.044 0.030 
173 24.0783.E1    (0)    8 :  0.168 0.008 0.019 0.090 0.011 0.006 0.019 0.077 0.012 0.588 
174 24.0784.E1    (0)    8 :  0.884 0.034 0.004 0.026 0.008 0.004 0.005 0.008 0.006 0.020 
175 24.0785.E1    (0)    8 :  0.855 0.018 0.011 0.010 0.005 0.004 0.004 0.018 0.046 0.027 
176 24.0786.E1    (0)    8 :  0.716 0.009 0.009 0.083 0.022 0.009 0.008 0.020 0.018 0.105 
177 24.0787.E1    (0)    8 :  0.881 0.011 0.006 0.012 0.011 0.011 0.031 0.008 0.020 0.010 
178 24.0788.E1    (0)    8 :  0.773 0.010 0.007 0.032 0.005 0.006 0.026 0.009 0.021 0.109 
179 24.0789.E1    (0)    8 :  0.867 0.027 0.006 0.008 0.023 0.006 0.017 0.011 0.011 0.025 
180 24.0790.E1    (0)    8 :  0.924 0.012 0.007 0.006 0.004 0.004 0.006 0.009 0.018 0.011 
181 24.0791.E1    (0)    8 :  0.189 0.006 0.091 0.026 0.013 0.010 0.006 0.613 0.024 0.022 
182 24.0792.E1    (0)    8 :  0.390 0.009 0.024 0.106 0.015 0.016 0.004 0.037 0.391 0.009 
183 24.0793.E1    (0)    9 :  0.106 0.535 0.008 0.011 0.044 0.008 0.067 0.075 0.048 0.098 
184 24.0794.E1    (0)    9 :  0.019 0.178 0.006 0.006 0.492 0.007 0.006 0.012 0.237 0.038 
185 24.0795.E1    (0)    9 :  0.008 0.800 0.006 0.018 0.105 0.013 0.012 0.016 0.005 0.016 
186 24.0796.E1    (0)    9 :  0.171 0.113 0.005 0.008 0.063 0.005 0.009 0.050 0.213 0.364 
187 24.0797.E1    (0)    9 :  0.132 0.625 0.006 0.008 0.018 0.003 0.009 0.021 0.053 0.125 
188 24.0798.E1    (0)    9 :  0.015 0.470 0.334 0.024 0.008 0.019 0.020 0.033 0.068 0.009 
189 24.0799.E1    (0)    9 :  0.006 0.079 0.005 0.005 0.008 0.005 0.006 0.871 0.005 0.009 
190 24.0800.E1    (0)    9 :  0.007 0.062 0.005 0.012 0.009 0.005 0.004 0.856 0.009 0.033 
191 24.0801.E1    (0)    9 :  0.007 0.058 0.221 0.010 0.004 0.004 0.006 0.674 0.011 0.005 
192 24.0802.E1    (0)    9 :  0.006 0.940 0.006 0.006 0.005 0.004 0.010 0.006 0.005 0.012 
193 24.0803.E1    (0)    9 :  0.009 0.374 0.014 0.006 0.009 0.005 0.010 0.558 0.007 0.008 
194 24.0804.E1    (0)    9 :  0.008 0.855 0.004 0.009 0.011 0.003 0.011 0.013 0.008 0.078 
195 24.0805.E1    (0)    9 :  0.008 0.098 0.005 0.021 0.006 0.006 0.004 0.841 0.006 0.005 
196 24.0806.E1    (0)    9 :  0.007 0.915 0.006 0.006 0.007 0.005 0.026 0.015 0.007 0.005 
197 24.0807.E1    (0)    9 :  0.010 0.907 0.008 0.009 0.006 0.003 0.007 0.011 0.020 0.018 
198 24.0808.E1    (0)    9 :  0.109 0.104 0.005 0.061 0.014 0.005 0.020 0.632 0.017 0.032 
199 24.0809.E1    (0)    9 :  0.005 0.081 0.005 0.016 0.008 0.005 0.004 0.854 0.005 0.018 
200 24.0810.E1    (0)    9 :  0.011 0.216 0.006 0.034 0.009 0.010 0.014 0.676 0.015 0.009 
201 24.0811.E1    (0)    9 :  0.011 0.895 0.004 0.007 0.013 0.005 0.013 0.005 0.030 0.018 
202 24.0812.E1    (0)    9 :  0.043 0.529 0.009 0.032 0.028 0.007 0.009 0.039 0.006 0.298 
203 24.0813.E1    (0)    9 :  0.051 0.729 0.004 0.078 0.008 0.006 0.010 0.084 0.007 0.022 
204 24.0814.E1    (6)    9 :  0.010 0.414 0.010 0.026 0.010 0.005 0.031 0.199 0.024 0.271 
205 24.0815.E1    (0)    9 :  0.007 0.352 0.018 0.007 0.005 0.007 0.088 0.495 0.009 0.012 
206 24.0816.E1    (0)    9 :  0.014 0.890 0.021 0.004 0.007 0.005 0.012 0.017 0.019 0.010 
207 24.0817.E1    (0)   10 :  0.021 0.082 0.008 0.010 0.018 0.006 0.005 0.039 0.056 0.754 
208 24.0818.E1    (0)   10 :  0.094 0.011 0.007 0.005 0.033 0.009 0.012 0.013 0.014 0.802 
209 24.0819.E1    (0)   10 :  0.007 0.038 0.057 0.011 0.010 0.066 0.013 0.443 0.342 0.014 
210 24.0820.E1    (0)   10 :  0.006 0.006 0.009 0.005 0.006 0.043 0.007 0.015 0.887 0.016 
211 24.0821.E1    (0)   10 :  0.197 0.053 0.237 0.019 0.018 0.006 0.014 0.030 0.268 0.158 
212 24.0822.E1    (0)   10 :  0.030 0.005 0.006 0.008 0.006 0.018 0.004 0.009 0.010 0.905 
213 24.0823.E1    (0)   10 :  0.006 0.005 0.011 0.010 0.008 0.029 0.009 0.014 0.543 0.366 
214 24.0824.E1    (0)   10 :  0.006 0.008 0.421 0.026 0.007 0.008 0.005 0.015 0.013 0.491 
215 24.0825.E1    (0)   10 :  0.004 0.005 0.005 0.008 0.004 0.005 0.004 0.005 0.005 0.955 
216 24.0826.E1    (0)   10 :  0.015 0.014 0.012 0.009 0.006 0.017 0.009 0.019 0.861 0.039 
217 24.0827.E1    (0)   10 :  0.021 0.021 0.007 0.010 0.039 0.004 0.007 0.009 0.122 0.760 
218 24.0828.E1    (0)   10 :  0.025 0.069 0.062 0.021 0.011 0.021 0.010 0.026 0.617 0.138 
219 24.0829.E1    (0)   10 :  0.009 0.226 0.010 0.013 0.005 0.011 0.006 0.053 0.012 0.655 
220 24.0830.E1    (0)   10 :  0.007 0.027 0.006 0.009 0.006 0.004 0.004 0.022 0.014 0.901 
221 24.0831.E1    (0)   10 :  0.029 0.012 0.008 0.009 0.005 0.004 0.005 0.041 0.012 0.875 
222 24.0832.E1    (0)   10 :  0.006 0.005 0.003 0.007 0.008 0.003 0.003 0.004 0.013 0.947 
223 24.0833.E1    (0)   10 :  0.004 0.005 0.004 0.006 0.004 0.004 0.003 0.004 0.007 0.960 
224 24.0834.E1    (0)   10 :  0.005 0.007 0.005 0.007 0.007 0.007 0.007 0.006 0.008 0.942 
225 24.0835.E1    (0)   10 :  0.007 0.006 0.008 0.006 0.012 0.004 0.006 0.020 0.006 0.924 
226 24.0836.E1    (0)   10 :  0.009 0.007 0.015 0.016 0.009 0.008 0.004 0.013 0.007 0.911 
227 24.0837.E1    (0)   10 :  0.008 0.006 0.006 0.007 0.006 0.005 0.004 0.009 0.007 0.941 
228 24.0838.E1    (0)   10 :  0.010 0.010 0.005 0.010 0.004 0.007 0.004 0.005 0.010 0.935 
229 24.0839.E1    (0)   10 :  0.082 0.310 0.020 0.024 0.042 0.021 0.030 0.065 0.022 0.383 
230 24.0840.E1    (0)   10 :  0.008 0.403 0.010 0.006 0.007 0.004 0.012 0.010 0.045 0.495 
231 24.0841.E1    (0)   11 :  0.021 0.876 0.004 0.011 0.006 0.009 0.003 0.006 0.041 0.024 
232 24.0842.E1    (0)   11 :  0.013 0.726 0.178 0.006 0.008 0.006 0.003 0.008 0.031 0.020 
233 24.0843.E1    (0)   11 :  0.015 0.276 0.206 0.007 0.005 0.019 0.005 0.009 0.435 0.023 
234 24.0844.E1    (0)   11 :  0.028 0.142 0.339 0.014 0.026 0.007 0.005 0.109 0.019 0.310 
235 24.0845.E1    (0)   11 :  0.087 0.065 0.022 0.018 0.009 0.005 0.005 0.013 0.029 0.748 
236 24.0846.E1    (0)   11 :  0.009 0.028 0.010 0.010 0.011 0.010 0.009 0.012 0.007 0.895 
237 24.0847.E1    (0)   11 :  0.009 0.014 0.019 0.064 0.032 0.013 0.007 0.033 0.015 0.795 
238 24.0848.E1    (0)   11 :  0.045 0.023 0.015 0.022 0.012 0.005 0.004 0.029 0.010 0.835 
239 24.0849.E1    (0)   11 :  0.005 0.006 0.004 0.004 0.006 0.004 0.003 0.008 0.953 0.007 
240 24.0850.E1    (0)   11 :  0.005 0.006 0.004 0.004 0.006 0.004 0.003 0.008 0.953 0.007 
241 24.0851.E1    (0)   11 :  0.005 0.006 0.004 0.004 0.006 0.004 0.003 0.008 0.953 0.007 
242 24.0852.E1    (0)   11 :  0.057 0.048 0.006 0.010 0.011 0.013 0.005 0.015 0.737 0.098 
243 24.0853.E1    (0)   11 :  0.007 0.026 0.005 0.011 0.005 0.010 0.006 0.009 0.509 0.412 
244 24.0854.E1    (0)   11 :  0.006 0.015 0.578 0.008 0.009 0.008 0.005 0.025 0.326 0.021 
245 24.0855.E1    (0)   11 :  0.014 0.152 0.011 0.015 0.007 0.010 0.006 0.022 0.027 0.737 
246 24.0856.E1    (0)   11 :  0.023 0.445 0.395 0.008 0.029 0.033 0.031 0.009 0.011 0.015 
247 24.0857.E1    (0)   11 :  0.020 0.034 0.013 0.020 0.021 0.009 0.010 0.294 0.019 0.559 
248 24.0858.E1    (0)   11 :  0.098 0.042 0.022 0.016 0.016 0.017 0.005 0.040 0.070 0.674 
249 24.0859.E1    (0)   11 :  0.011 0.014 0.009 0.007 0.011 0.017 0.009 0.024 0.884 0.013 
250 24.0860.E1    (0)   11 :  0.070 0.102 0.042 0.008 0.029 0.045 0.045 0.529 0.064 0.065 
251 24.0861.E1    (0)   11 :  0.009 0.019 0.005 0.004 0.006 0.005 0.004 0.007 0.922 0.020 
252 24.0862.E1    (0)   11 :  0.013 0.797 0.011 0.011 0.014 0.008 0.011 0.089 0.018 0.028 
253 24.0863.E1    (0)   11 :  0.009 0.018 0.005 0.004 0.006 0.005 0.004 0.007 0.923 0.020 
254 24.0864.E1    (0)   11 :  0.037 0.018 0.013 0.491 0.137 0.007 0.007 0.050 0.100 0.139 
255 24.0865.E1    (0)   12 :  0.018 0.011 0.005 0.040 0.041 0.033 0.019 0.009 0.814 0.011 
256 24.0866.E1    (0)   12 :  0.141 0.019 0.015 0.143 0.023 0.029 0.006 0.520 0.014 0.089 
257 24.0867.E1    (0)   12 :  0.012 0.009 0.012 0.490 0.010 0.122 0.024 0.129 0.162 0.030 
258 24.0868.E1    (0)   12 :  0.376 0.013 0.016 0.411 0.010 0.019 0.027 0.035 0.008 0.085 
259 24.0869.E1    (0)   12 :  0.017 0.013 0.004 0.796 0.007 0.005 0.038 0.045 0.010 0.065 
260 24.0870.E1    (0)   12 :  0.245 0.021 0.015 0.237 0.126 0.025 0.136 0.036 0.010 0.148 
261 24.0871.E1    (0)   12 :  0.082 0.049 0.014 0.554 0.058 0.007 0.048 0.082 0.081 0.025 
262 24.0872.E1    (0)   12 :  0.061 0.009 0.014 0.230 0.014 0.111 0.009 0.220 0.321 0.009 
263 24.0873.E1    (0)   12 :  0.015 0.016 0.012 0.747 0.012 0.012 0.014 0.099 0.055 0.017 
264 24.0874.E1    (0)   12 :  0.015 0.012 0.021 0.211 0.009 0.194 0.007 0.295 0.182 0.054 
265 24.0875.E1    (0)   12 :  0.063 0.006 0.022 0.121 0.007 0.019 0.031 0.713 0.009 0.009 
266 24.0876.E1    (0)   12 :  0.017 0.005 0.011 0.410 0.059 0.017 0.012 0.456 0.006 0.006 
267 24.0877.E1    (0)   12 :  0.020 0.005 0.009 0.018 0.856 0.040 0.006 0.034 0.007 0.004 
268 24.0878.E1    (0)   12 :  0.021 0.010 0.023 0.095 0.769 0.010 0.008 0.007 0.006 0.050 
269 24.0879.E1    (0)   12 :  0.011 0.006 0.221 0.013 0.716 0.005 0.009 0.005 0.007 0.007 
270 24.0880.E1    (0)   12 :  0.050 0.009 0.078 0.241 0.039 0.014 0.015 0.012 0.020 0.523 
271 24.0881.E1    (0)   12 :  0.006 0.004 0.006 0.007 0.943 0.009 0.010 0.005 0.006 0.004 
272 24.0882.E1    (0)   12 :  0.019 0.004 0.009 0.016 0.233 0.666 0.008 0.024 0.014 0.007 
273 24.0883.E1    (0)   12 :  0.009 0.005 0.238 0.108 0.320 0.241 0.011 0.011 0.050 0.007 
274 24.0884.E1    (0)   12 :  0.009 0.006 0.014 0.010 0.908 0.027 0.007 0.006 0.009 0.004 
275 24.0885.E1    (0)   12 :  0.033 0.006 0.050 0.085 0.777 0.007 0.014 0.011 0.007 0.010 
276 24.0886.E1    (0)   12 :  0.011 0.007 0.098 0.178 0.412 0.211 0.004 0.033 0.040 0.005 
277 24.0887.E1    (0)   12 :  0.006 0.005 0.173 0.029 0.040 0.716 0.010 0.008 0.008 0.005 
278 24.0888.E1    (0)   12 :  0.851 0.021 0.016 0.014 0.020 0.005 0.007 0.048 0.009 0.008 


Estimated Allele Frequencies in each cluster
First column gives estimated ancestral frequencies


Locus 1 : 
31 alleles
0.0% missing data
 115   (0.036) 0.007 0.022 0.009 0.143 0.127 0.004 0.004 0.036 0.005 0.006 
 117   (0.039) 0.007 0.025 0.010 0.026 0.203 0.186 0.004 0.125 0.003 0.005 
 119   (0.042) 0.008 0.006 0.007 0.015 0.273 0.321 0.286 0.009 0.004 0.006 
 131   (0.013) 0.002 0.003 0.002 0.002 0.051 0.003 0.001 0.002 0.001 0.001 
 128   (0.038) 0.032 0.009 0.012 0.041 0.032 0.003 0.004 0.037 0.006 0.033 
 135   (0.018) 0.004 0.007 0.004 0.008 0.049 0.010 0.002 0.005 0.002 0.003 
 126   (0.081) 0.071 0.032 0.035 0.051 0.052 0.076 0.013 0.188 0.066 0.259 
 122   (0.035) 0.039 0.129 0.008 0.010 0.012 0.002 0.098 0.015 0.004 0.004 
 132   (0.032) 0.024 0.046 0.015 0.017 0.005 0.015 0.004 0.022 0.006 0.026 
 141   (0.011) 0.002 0.002 0.002 0.002 0.008 0.001 0.003 0.003 0.001 0.001 
 130   (0.047) 0.068 0.032 0.138 0.105 0.006 0.011 0.013 0.013 0.028 0.016 
 134   (0.039) 0.029 0.029 0.006 0.032 0.005 0.003 0.130 0.018 0.071 0.007 
 145   (0.016) 0.003 0.002 0.007 0.004 0.002 0.009 0.007 0.003 0.112 0.001 
 127   (0.026) 0.005 0.004 0.006 0.005 0.032 0.157 0.054 0.005 0.003 0.002 
 116   (0.105) 0.262 0.184 0.090 0.176 0.015 0.011 0.177 0.077 0.279 0.128 
 114   (0.058) 0.040 0.201 0.029 0.027 0.008 0.005 0.053 0.054 0.170 0.104 
 120   (0.035) 0.066 0.005 0.130 0.013 0.008 0.002 0.089 0.017 0.003 0.004 
 110   (0.046) 0.027 0.025 0.090 0.059 0.009 0.025 0.019 0.011 0.014 0.094 
 133   (0.016) 0.003 0.003 0.002 0.003 0.002 0.013 0.010 0.014 0.001 0.002 
 118   (0.114) 0.250 0.182 0.335 0.196 0.015 0.020 0.013 0.310 0.201 0.184 
 125   (0.015) 0.004 0.017 0.006 0.002 0.003 0.001 0.002 0.003 0.003 0.011 
 129   (0.017) 0.006 0.003 0.028 0.004 0.047 0.005 0.002 0.005 0.002 0.002 
 124   (0.016) 0.012 0.002 0.014 0.004 0.009 0.002 0.002 0.008 0.006 0.003 
 136   (0.019) 0.005 0.004 0.003 0.038 0.003 0.001 0.002 0.004 0.002 0.077 
 121   (0.014) 0.002 0.002 0.002 0.003 0.006 0.067 0.001 0.003 0.001 0.001 
 139   (0.011) 0.002 0.001 0.002 0.002 0.011 0.001 0.001 0.002 0.001 0.001 
 113   (0.011) 0.002 0.001 0.002 0.002 0.001 0.015 0.001 0.002 0.001 0.001 
 111   (0.011) 0.002 0.001 0.002 0.002 0.002 0.013 0.001 0.002 0.001 0.001 
 143   (0.010) 0.002 0.001 0.001 0.001 0.001 0.015 0.001 0.002 0.001 0.001 
 140   (0.015) 0.012 0.015 0.002 0.003 0.002 0.001 0.002 0.006 0.001 0.001 
 112   (0.010) 0.002 0.001 0.002 0.001 0.001 0.001 0.001 0.002 0.001 0.014 

Locus 2 : 
18 alleles
0.0% missing data
 152   (0.388) 0.327 0.547 0.364 0.507 0.640 0.796 0.397 0.514 0.289 0.180 
 148   (0.066) 0.031 0.012 0.038 0.191 0.146 0.021 0.228 0.024 0.007 0.009 
 154   (0.105) 0.087 0.111 0.031 0.169 0.040 0.034 0.254 0.044 0.016 0.278 
 156   (0.016) 0.004 0.016 0.005 0.002 0.012 0.001 0.002 0.003 0.002 0.002 
 150   (0.023) 0.004 0.003 0.005 0.003 0.008 0.048 0.065 0.004 0.002 0.002 
 164   (0.077) 0.147 0.103 0.017 0.027 0.078 0.013 0.009 0.026 0.089 0.043 
 158   (0.030) 0.006 0.009 0.181 0.019 0.009 0.008 0.011 0.013 0.010 0.004 
 160   (0.019) 0.013 0.003 0.003 0.010 0.003 0.020 0.002 0.003 0.002 0.002 
 166   (0.022) 0.020 0.016 0.003 0.004 0.003 0.001 0.006 0.031 0.002 0.002 
 151   (0.070) 0.189 0.045 0.223 0.012 0.009 0.005 0.006 0.018 0.316 0.440 
 147   (0.067) 0.098 0.090 0.072 0.020 0.009 0.005 0.007 0.290 0.200 0.027 
 168   (0.022) 0.016 0.004 0.005 0.009 0.003 0.002 0.003 0.011 0.035 0.002 
 153   (0.014) 0.012 0.002 0.002 0.002 0.002 0.001 0.001 0.002 0.018 0.001 
 149   (0.025) 0.010 0.003 0.042 0.018 0.004 0.011 0.003 0.008 0.002 0.002 
 162   (0.020) 0.009 0.030 0.003 0.003 0.007 0.003 0.002 0.004 0.008 0.002 
 167   (0.013) 0.002 0.001 0.002 0.002 0.024 0.001 0.001 0.002 0.001 0.001 
 146   (0.011) 0.002 0.001 0.001 0.001 0.001 0.030 0.001 0.002 0.001 0.001 
 172   (0.012) 0.024 0.002 0.001 0.002 0.001 0.001 0.001 0.002 0.001 0.001 

Locus 3 : 
4 alleles
0.0% missing data
 128   (0.295) 0.221 0.168 0.250 0.299 0.211 0.441 0.322 0.402 0.340 0.430 
 126   (0.612) 0.742 0.777 0.571 0.677 0.710 0.552 0.607 0.572 0.496 0.525 
 132   (0.079) 0.035 0.053 0.133 0.022 0.077 0.006 0.064 0.023 0.163 0.044 
 134   (0.014) 0.003 0.002 0.046 0.002 0.002 0.001 0.007 0.002 0.001 0.001 

Locus 4 : 
3 alleles
0.0% missing data
 170   (0.322) 0.386 0.378 0.207 0.157 0.309 0.288 0.410 0.290 0.131 0.448 
 172   (0.665) 0.611 0.620 0.792 0.840 0.689 0.710 0.579 0.708 0.865 0.549 
 171   (0.013) 0.002 0.002 0.002 0.003 0.002 0.002 0.011 0.002 0.004 0.002 

Locus 5 : 
37 alleles
0.0% missing data
 125   (0.054) 0.016 0.013 0.161 0.038 0.061 0.031 0.061 0.037 0.131 0.072 
 110   (0.035) 0.008 0.026 0.025 0.005 0.033 0.014 0.042 0.071 0.020 0.085 
 129   (0.032) 0.112 0.047 0.008 0.007 0.055 0.003 0.003 0.008 0.023 0.007 
 113   (0.030) 0.108 0.127 0.006 0.011 0.012 0.002 0.004 0.015 0.006 0.011 
 145   (0.051) 0.014 0.011 0.091 0.146 0.216 0.101 0.006 0.035 0.097 0.015 
 155   (0.055) 0.040 0.101 0.018 0.023 0.150 0.018 0.183 0.039 0.007 0.057 
 117   (0.029) 0.013 0.025 0.006 0.130 0.021 0.032 0.004 0.008 0.005 0.003 
 124   (0.009) 0.002 0.001 0.001 0.002 0.023 0.001 0.001 0.002 0.001 0.001 
 133   (0.035) 0.060 0.005 0.013 0.026 0.040 0.070 0.004 0.036 0.010 0.004 
 157   (0.049) 0.152 0.009 0.132 0.041 0.008 0.024 0.031 0.047 0.006 0.064 
 141   (0.014) 0.033 0.002 0.002 0.006 0.004 0.001 0.001 0.005 0.001 0.006 
 112   (0.072) 0.048 0.055 0.017 0.104 0.069 0.160 0.196 0.030 0.155 0.157 
 121   (0.016) 0.010 0.094 0.005 0.002 0.003 0.002 0.008 0.008 0.009 0.004 
 114   (0.038) 0.008 0.005 0.007 0.147 0.040 0.178 0.017 0.031 0.004 0.075 
 153   (0.052) 0.017 0.037 0.224 0.026 0.057 0.004 0.011 0.263 0.083 0.093 
 127   (0.073) 0.110 0.153 0.030 0.077 0.063 0.075 0.022 0.027 0.198 0.096 
 131   (0.062) 0.017 0.042 0.139 0.027 0.063 0.178 0.224 0.096 0.085 0.041 
 135   (0.030) 0.023 0.009 0.020 0.012 0.006 0.004 0.010 0.131 0.068 0.016 
 104   (0.010) 0.002 0.001 0.001 0.002 0.002 0.002 0.011 0.002 0.003 0.002 
 118   (0.017) 0.010 0.002 0.012 0.007 0.019 0.002 0.017 0.003 0.002 0.002 
 116   (0.027) 0.006 0.072 0.020 0.033 0.006 0.005 0.019 0.010 0.004 0.014 
 137   (0.024) 0.013 0.079 0.014 0.008 0.004 0.006 0.099 0.007 0.003 0.002 
 123   (0.024) 0.005 0.023 0.006 0.006 0.005 0.002 0.006 0.032 0.017 0.088 
 149   (0.008) 0.002 0.005 0.001 0.007 0.001 0.001 0.001 0.002 0.003 0.002 
 138   (0.012) 0.040 0.001 0.002 0.002 0.002 0.001 0.001 0.002 0.024 0.001 
 143   (0.025) 0.036 0.006 0.009 0.004 0.004 0.072 0.003 0.005 0.010 0.051 
 163   (0.008) 0.006 0.005 0.001 0.003 0.001 0.001 0.004 0.002 0.001 0.001 
 109   (0.012) 0.002 0.001 0.001 0.030 0.001 0.001 0.001 0.002 0.001 0.001 
 139   (0.008) 0.010 0.001 0.002 0.001 0.001 0.001 0.001 0.002 0.001 0.001 
 106   (0.009) 0.010 0.002 0.001 0.002 0.001 0.001 0.001 0.002 0.001 0.001 
 144   (0.015) 0.005 0.003 0.002 0.039 0.002 0.001 0.002 0.025 0.001 0.002 
 122   (0.010) 0.002 0.002 0.002 0.007 0.016 0.003 0.001 0.002 0.001 0.001 
 100   (0.017) 0.021 0.029 0.007 0.008 0.003 0.001 0.002 0.005 0.012 0.007 
 111   (0.011) 0.029 0.001 0.002 0.002 0.001 0.001 0.001 0.002 0.004 0.001 
 233   (0.010) 0.004 0.002 0.008 0.002 0.001 0.001 0.001 0.002 0.005 0.003 
 134   (0.007) 0.002 0.001 0.001 0.001 0.001 0.000 0.001 0.002 0.001 0.013 
 140   (0.009) 0.006 0.001 0.002 0.007 0.001 0.001 0.001 0.002 0.001 0.002 

Locus 6 : 
17 alleles
0.0% missing data
 221   (0.023) 0.004 0.003 0.003 0.003 0.140 0.087 0.002 0.004 0.002 0.002 
 232   (0.240) 0.280 0.410 0.266 0.248 0.151 0.426 0.099 0.241 0.748 0.273 
 229   (0.056) 0.011 0.010 0.014 0.027 0.097 0.057 0.067 0.044 0.018 0.091 
 223   (0.062) 0.046 0.026 0.118 0.063 0.099 0.009 0.007 0.020 0.006 0.072 
 230   (0.158) 0.226 0.082 0.118 0.246 0.070 0.301 0.162 0.109 0.049 0.241 
 235   (0.014) 0.002 0.002 0.002 0.002 0.070 0.001 0.002 0.002 0.001 0.001 
 236   (0.039) 0.016 0.017 0.016 0.009 0.090 0.006 0.043 0.021 0.026 0.004 
 227   (0.021) 0.011 0.003 0.006 0.007 0.064 0.002 0.002 0.012 0.002 0.002 
 220   (0.057) 0.021 0.104 0.013 0.041 0.008 0.004 0.179 0.146 0.069 0.024 
 222   (0.046) 0.040 0.127 0.007 0.020 0.006 0.003 0.252 0.118 0.004 0.006 
 234   (0.129) 0.109 0.044 0.277 0.247 0.096 0.057 0.167 0.229 0.015 0.146 
 224   (0.030) 0.033 0.006 0.120 0.005 0.004 0.002 0.003 0.006 0.002 0.074 
 228   (0.057) 0.189 0.060 0.014 0.049 0.011 0.004 0.006 0.025 0.054 0.034 
 225   (0.011) 0.002 0.017 0.002 0.002 0.003 0.001 0.001 0.002 0.001 0.001 
 226   (0.016) 0.003 0.083 0.002 0.002 0.002 0.001 0.002 0.005 0.001 0.024 
 233   (0.027) 0.005 0.003 0.014 0.022 0.051 0.037 0.003 0.012 0.003 0.003 
 231   (0.015) 0.003 0.002 0.006 0.007 0.040 0.001 0.002 0.003 0.001 0.001 

Locus 7 : 
10 alleles
0.0% missing data
 121   (0.681) 0.839 0.757 0.585 0.814 0.875 0.742 0.795 0.803 0.725 0.780 
 129   (0.095) 0.053 0.095 0.097 0.054 0.080 0.100 0.010 0.020 0.132 0.120 
 130   (0.017) 0.004 0.021 0.003 0.002 0.003 0.002 0.002 0.018 0.001 0.002 
 123   (0.103) 0.059 0.102 0.219 0.029 0.027 0.102 0.126 0.076 0.134 0.087 
 128   (0.020) 0.004 0.002 0.018 0.004 0.003 0.022 0.037 0.003 0.002 0.002 
 131   (0.014) 0.003 0.008 0.010 0.002 0.002 0.001 0.023 0.002 0.001 0.002 
 117   (0.013) 0.012 0.002 0.002 0.002 0.002 0.001 0.001 0.002 0.001 0.001 
 125   (0.012) 0.002 0.001 0.058 0.002 0.002 0.001 0.001 0.002 0.001 0.001 
 134   (0.033) 0.023 0.010 0.006 0.084 0.005 0.007 0.004 0.069 0.003 0.003 
 132   (0.012) 0.002 0.001 0.002 0.007 0.002 0.020 0.001 0.006 0.001 0.001 

Locus 8 : 
19 alleles
0.0% missing data
 184   (0.304) 0.373 0.217 0.497 0.455 0.489 0.325 0.519 0.540 0.460 0.270 
 194   (0.047) 0.041 0.014 0.033 0.093 0.030 0.022 0.017 0.010 0.009 0.013 
 178   (0.101) 0.058 0.164 0.026 0.081 0.209 0.061 0.181 0.035 0.029 0.288 
 176   (0.080) 0.083 0.063 0.042 0.077 0.046 0.218 0.010 0.140 0.116 0.009 
 182   (0.076) 0.135 0.159 0.019 0.047 0.039 0.209 0.009 0.077 0.015 0.044 
 190   (0.033) 0.006 0.014 0.006 0.005 0.006 0.045 0.070 0.044 0.003 0.019 
 196   (0.021) 0.013 0.004 0.003 0.004 0.005 0.001 0.002 0.004 0.021 0.066 
 200   (0.029) 0.034 0.011 0.056 0.006 0.015 0.011 0.004 0.005 0.002 0.003 
 180   (0.023) 0.004 0.004 0.117 0.003 0.008 0.002 0.067 0.005 0.002 0.003 
 188   (0.037) 0.009 0.006 0.009 0.045 0.030 0.003 0.009 0.008 0.082 0.055 
 174   (0.037) 0.011 0.013 0.038 0.082 0.014 0.035 0.024 0.048 0.004 0.004 
 186   (0.118) 0.204 0.296 0.084 0.075 0.089 0.058 0.056 0.051 0.226 0.133 
 192   (0.022) 0.006 0.003 0.014 0.003 0.010 0.003 0.013 0.004 0.008 0.082 
 201   (0.010) 0.002 0.001 0.010 0.001 0.001 0.001 0.012 0.001 0.001 0.001 
 199   (0.018) 0.014 0.019 0.029 0.002 0.002 0.001 0.002 0.004 0.002 0.002 
 185   (0.011) 0.002 0.001 0.002 0.002 0.002 0.001 0.001 0.002 0.017 0.001 
 203   (0.010) 0.002 0.001 0.001 0.013 0.001 0.001 0.001 0.002 0.001 0.001 
 198   (0.011) 0.003 0.003 0.001 0.002 0.002 0.001 0.001 0.016 0.001 0.001 
 209   (0.011) 0.002 0.004 0.012 0.002 0.002 0.001 0.001 0.004 0.001 0.004 

Locus 9 : 
6 alleles
0.4% missing data
 154   (0.684) 0.751 0.844 0.671 0.645 0.709 0.640 0.818 0.728 0.849 0.795 
 156   (0.209) 0.180 0.137 0.314 0.275 0.166 0.343 0.171 0.253 0.033 0.128 
 152   (0.054) 0.029 0.010 0.008 0.044 0.080 0.006 0.005 0.010 0.098 0.072 
 153   (0.014) 0.012 0.003 0.002 0.002 0.002 0.001 0.002 0.002 0.017 0.001 
 160   (0.014) 0.024 0.002 0.002 0.002 0.002 0.001 0.001 0.002 0.001 0.001 
 164   (0.025) 0.005 0.003 0.004 0.032 0.042 0.008 0.002 0.005 0.002 0.002 

Locus 10 : 
29 alleles
0.7% missing data
 305   (0.064) 0.084 0.225 0.011 0.012 0.101 0.009 0.206 0.013 0.008 0.008 
 313   (0.047) 0.049 0.072 0.012 0.011 0.155 0.005 0.005 0.012 0.005 0.009 
 311   (0.016) 0.004 0.002 0.005 0.002 0.018 0.002 0.002 0.005 0.001 0.003 
 299   (0.126) 0.222 0.040 0.018 0.036 0.273 0.033 0.046 0.149 0.151 0.160 
 315   (0.072) 0.155 0.015 0.021 0.020 0.090 0.102 0.082 0.023 0.006 0.020 
 287   (0.019) 0.004 0.004 0.791 0.003 0.006 0.002 0.003 0.005 0.002 0.002 
 291   (0.116) 0.073 0.064 0.018 0.343 0.116 0.022 0.077 0.148 0.013 0.475 
 295   (0.021) 0.005 0.003 0.003 0.200 0.029 0.002 0.003 0.022 0.002 0.002 
 289   (0.016) 0.005 0.014 0.002 0.002 0.002 0.001 0.002 0.183 0.001 0.001 
 303   (0.030) 0.007 0.005 0.004 0.006 0.006 0.511 0.021 0.006 0.628 0.003 
 297   (0.049) 0.012 0.166 0.007 0.089 0.019 0.085 0.006 0.019 0.005 0.031 
 293   (0.015) 0.003 0.002 0.002 0.003 0.003 0.001 0.002 0.196 0.001 0.001 
 301   (0.061) 0.074 0.010 0.010 0.064 0.072 0.007 0.156 0.022 0.024 0.007 
 285   (0.025) 0.008 0.250 0.004 0.003 0.003 0.002 0.247 0.005 0.002 0.002 
 307   (0.055) 0.055 0.008 0.010 0.065 0.011 0.198 0.040 0.010 0.005 0.097 
 312   (0.060) 0.073 0.012 0.010 0.070 0.009 0.004 0.078 0.055 0.020 0.099 
 306   (0.028) 0.062 0.004 0.005 0.018 0.013 0.002 0.004 0.005 0.002 0.013 
 320   (0.015) 0.025 0.002 0.002 0.002 0.002 0.001 0.002 0.002 0.001 0.001 
 317   (0.019) 0.004 0.003 0.002 0.003 0.017 0.001 0.002 0.003 0.104 0.002 
 314   (0.025) 0.014 0.003 0.033 0.004 0.035 0.002 0.003 0.004 0.002 0.002 
 323   (0.012) 0.006 0.002 0.009 0.002 0.002 0.001 0.001 0.004 0.001 0.001 
 325   (0.012) 0.006 0.002 0.009 0.002 0.002 0.001 0.001 0.004 0.001 0.001 
 310   (0.014) 0.004 0.002 0.002 0.003 0.003 0.001 0.002 0.006 0.001 0.049 
 309   (0.013) 0.002 0.002 0.002 0.027 0.002 0.001 0.002 0.004 0.001 0.001 
 316   (0.018) 0.030 0.004 0.002 0.002 0.003 0.001 0.002 0.003 0.004 0.005 
 296   (0.013) 0.008 0.002 0.002 0.003 0.002 0.001 0.001 0.003 0.005 0.001 
 304   (0.016) 0.003 0.073 0.002 0.002 0.002 0.001 0.002 0.006 0.001 0.002 
 321   (0.012) 0.002 0.006 0.001 0.002 0.002 0.001 0.001 0.041 0.001 0.001 
 332   (0.011) 0.002 0.004 0.001 0.001 0.001 0.001 0.001 0.043 0.001 0.001 

Locus 11 : 
19 alleles
0.0% missing data
 114   (0.149) 0.166 0.025 0.052 0.275 0.249 0.189 0.290 0.063 0.044 0.026 
 126   (0.022) 0.004 0.003 0.003 0.006 0.059 0.003 0.018 0.004 0.002 0.002 
 111   (0.099) 0.019 0.552 0.021 0.014 0.170 0.007 0.009 0.456 0.281 0.555 
 116   (0.114) 0.078 0.068 0.150 0.138 0.105 0.259 0.018 0.086 0.010 0.032 
 132   (0.012) 0.002 0.002 0.002 0.002 0.012 0.001 0.001 0.002 0.001 0.001 
 109   (0.015) 0.002 0.002 0.002 0.002 0.048 0.001 0.001 0.002 0.001 0.002 
 128   (0.016) 0.006 0.002 0.002 0.012 0.008 0.001 0.002 0.003 0.001 0.007 
 112   (0.318) 0.612 0.079 0.446 0.448 0.267 0.512 0.604 0.161 0.213 0.050 
 122   (0.017) 0.004 0.002 0.003 0.006 0.003 0.004 0.008 0.008 0.014 0.002 
 124   (0.012) 0.002 0.002 0.002 0.002 0.002 0.002 0.017 0.002 0.002 0.001 
 118   (0.051) 0.023 0.013 0.079 0.043 0.023 0.009 0.016 0.148 0.012 0.007 
 127   (0.012) 0.012 0.002 0.002 0.002 0.002 0.001 0.001 0.002 0.001 0.001 
 113   (0.047) 0.015 0.191 0.023 0.009 0.007 0.003 0.004 0.013 0.402 0.226 
 115   (0.026) 0.007 0.008 0.190 0.011 0.025 0.003 0.002 0.006 0.003 0.006 
 120   (0.021) 0.004 0.003 0.003 0.021 0.003 0.001 0.002 0.005 0.002 0.067 
 117   (0.022) 0.015 0.011 0.005 0.003 0.004 0.002 0.003 0.019 0.003 0.008 
 125   (0.019) 0.024 0.002 0.005 0.003 0.002 0.001 0.002 0.014 0.006 0.002 
 119   (0.015) 0.003 0.033 0.002 0.002 0.002 0.001 0.001 0.004 0.001 0.004 
 136   (0.013) 0.002 0.002 0.008 0.002 0.010 0.001 0.001 0.002 0.001 0.001 

Locus 12 : 
28 alleles
0.7% missing data
 306   (0.061) 0.048 0.285 0.009 0.011 0.101 0.009 0.205 0.016 0.008 0.008 
 314   (0.060) 0.043 0.070 0.022 0.009 0.139 0.007 0.007 0.012 0.015 0.078 
 312   (0.015) 0.003 0.002 0.002 0.002 0.026 0.001 0.002 0.002 0.001 0.001 
 300   (0.130) 0.223 0.041 0.019 0.036 0.290 0.033 0.046 0.150 0.152 0.157 
 316   (0.044) 0.011 0.010 0.006 0.007 0.085 0.098 0.076 0.009 0.003 0.019 
 288   (0.018) 0.004 0.004 0.776 0.003 0.005 0.002 0.002 0.004 0.002 0.002 
 292   (0.118) 0.073 0.065 0.018 0.338 0.118 0.022 0.077 0.173 0.014 0.467 
 296   (0.027) 0.009 0.004 0.004 0.204 0.031 0.003 0.004 0.024 0.005 0.003 
 290   (0.017) 0.005 0.014 0.002 0.002 0.002 0.001 0.002 0.183 0.001 0.001 
 304   (0.033) 0.008 0.005 0.005 0.007 0.007 0.512 0.022 0.007 0.632 0.003 
 298   (0.048) 0.012 0.166 0.007 0.088 0.019 0.085 0.006 0.019 0.005 0.030 
 294   (0.016) 0.003 0.002 0.002 0.003 0.003 0.001 0.002 0.196 0.001 0.001 
 302   (0.064) 0.075 0.010 0.010 0.063 0.072 0.008 0.156 0.022 0.025 0.008 
 286   (0.026) 0.008 0.269 0.004 0.003 0.004 0.003 0.245 0.005 0.002 0.002 
 308   (0.034) 0.045 0.004 0.006 0.013 0.008 0.194 0.039 0.005 0.003 0.003 
 313   (0.049) 0.093 0.007 0.008 0.079 0.009 0.004 0.083 0.054 0.007 0.010 
 307   (0.045) 0.069 0.006 0.006 0.071 0.013 0.004 0.005 0.009 0.004 0.113 
 321   (0.014) 0.025 0.002 0.002 0.002 0.002 0.001 0.001 0.002 0.001 0.001 
 315   (0.048) 0.150 0.008 0.059 0.015 0.040 0.004 0.006 0.015 0.014 0.004 
 318   (0.017) 0.005 0.005 0.002 0.002 0.005 0.001 0.002 0.003 0.096 0.004 
 324   (0.012) 0.007 0.002 0.009 0.002 0.003 0.001 0.001 0.004 0.001 0.001 
 326   (0.013) 0.007 0.002 0.009 0.002 0.003 0.001 0.001 0.004 0.001 0.001 
 311   (0.019) 0.007 0.003 0.007 0.004 0.007 0.002 0.002 0.011 0.001 0.077 
 310   (0.014) 0.003 0.002 0.002 0.027 0.002 0.001 0.002 0.004 0.001 0.001 
 305   (0.014) 0.035 0.002 0.001 0.002 0.002 0.001 0.001 0.002 0.001 0.001 
 317   (0.016) 0.025 0.002 0.002 0.002 0.002 0.001 0.002 0.002 0.001 0.001 
 320   (0.014) 0.003 0.003 0.002 0.002 0.002 0.001 0.001 0.021 0.001 0.001 
 322   (0.013) 0.002 0.006 0.002 0.002 0.002 0.001 0.002 0.041 0.001 0.001 

Locus 13 : 
7 alleles
1.1% missing data
 161   (0.593) 0.547 0.353 0.441 0.819 0.661 0.890 0.066 0.818 0.503 0.412 
 163   (0.302) 0.434 0.469 0.541 0.141 0.250 0.026 0.032 0.163 0.462 0.575 
 160   (0.017) 0.003 0.002 0.003 0.002 0.002 0.001 0.446 0.003 0.001 0.002 
 162   (0.016) 0.003 0.002 0.002 0.002 0.002 0.001 0.449 0.002 0.001 0.001 
 165   (0.044) 0.008 0.170 0.008 0.029 0.078 0.003 0.004 0.008 0.030 0.007 
 166   (0.013) 0.003 0.002 0.002 0.004 0.005 0.004 0.001 0.004 0.001 0.001 
 164   (0.015) 0.002 0.002 0.002 0.002 0.002 0.075 0.001 0.002 0.001 0.001 

Locus 14 : 
4 alleles
0.4% missing data
  98   (0.958) 0.982 0.995 0.993 0.988 0.987 0.985 0.996 0.992 0.985 0.996 
 100   (0.013) 0.008 0.002 0.003 0.002 0.002 0.001 0.001 0.002 0.007 0.001 
  96   (0.017) 0.003 0.002 0.002 0.007 0.009 0.013 0.002 0.003 0.002 0.001 
 105   (0.013) 0.007 0.002 0.002 0.003 0.002 0.001 0.001 0.003 0.006 0.001 

Locus 15 : 
12 alleles
2.2% missing data
 171   (0.309) 0.381 0.200 0.422 0.186 0.422 0.177 0.228 0.419 0.320 0.359 
 177   (0.186) 0.161 0.084 0.226 0.285 0.181 0.050 0.362 0.295 0.077 0.094 
 173   (0.261) 0.260 0.618 0.146 0.339 0.281 0.072 0.091 0.159 0.483 0.494 
 179   (0.109) 0.093 0.056 0.171 0.047 0.071 0.569 0.301 0.041 0.104 0.012 
 183   (0.019) 0.004 0.014 0.009 0.003 0.026 0.009 0.002 0.004 0.006 0.002 
 181   (0.036) 0.062 0.007 0.005 0.010 0.006 0.117 0.004 0.007 0.003 0.032 
 197   (0.013) 0.002 0.002 0.002 0.075 0.002 0.001 0.001 0.002 0.001 0.001 
 170   (0.013) 0.014 0.002 0.008 0.004 0.003 0.001 0.002 0.009 0.001 0.001 
 189   (0.015) 0.015 0.010 0.002 0.004 0.003 0.001 0.005 0.003 0.001 0.001 
 203   (0.013) 0.002 0.002 0.002 0.045 0.002 0.001 0.001 0.002 0.001 0.001 
 187   (0.013) 0.003 0.002 0.006 0.002 0.002 0.001 0.001 0.040 0.001 0.001 
 198   (0.012) 0.002 0.003 0.002 0.002 0.002 0.001 0.001 0.021 0.001 0.001 

Values of parameters used in structure:
DATAFILE=STRUCTURE_main_final_278_HEG_ZG.str,	OUTFILE=STRUCTURE_main_final_278_HEG_ZG-K10-19,	NUMINDS=278,	NUMLOCI=15,	MISSING=-9,	LABEL=1,	POPDATA=1,	POPFLAG=0,	PHENOTYPE=0,	EXTRACOLS=0,	MAXPOPS=10,	BURNIN=100000,	NUMREPS=500000,	USEPOPINFO=0,	INFERALPHA=1,	INFERLAMBDA=0,	POPSPECIFICLAMBDA=0,	POPALPHAS=0,	COMPUTEPROB=1,	NOADMIX=0,	ADMBURNIN=2500,	UPDATEFREQ=1,	PRINTLIKES=0,	INTERMEDSAVE=0,	PRINTKLD=0,	PRINTNET=0,	PRINTLAMBDA=0,	ANCESTDIST=0,	NUMBOXES=1000,	ANCESTPINT=0.90000,	GENSBACK=2,	MIGRPRIOR=0.05000,	PRINTQHAT=0,	PRINTQSUM=0,	ALPHA=1.0000,	FREQSCORR=1,	FPRIORMEAN=0.0100,	FPRIORSD=0.0500,	ONEFST=0,	LAMBDA=1.0000,	UNIFPRIORALPHA=1,	ALPHAMAX=10.0000,	ALPHAPRIORA=1.0000,	ALPHAPRIORB=2.0000,	ALPHAPROPSD=0.0250,	STARTATPOPINFO=0,	RANDOMIZE=1,	LINKAGE=0,	METROFREQ=10,	REPORTHITRATE=0,	MARKOVPHASE=-1,	PHASED=0,	PLOIDY=2,	PHASEINFO=0	LOCPRIOR=0, 	LOCPRIORINIT=1.000000, 	LOCDATA=0, 	LOCISPOP=0, 	LOCPRIORSTEP=0.100000, 	MAXLOCPRIOR=20.000000, 	SEED=1782485012,	
[STRAT parameters]:    NUMSIMSTATS=1000,	PHENOTYPECOL=-9,	POOLFREQ=10,	LOCUSxONLY=0,	EMERROR=0.00100,	MISSINGPHENO=-9,	