

----------------------------------------------------
STRUCTURE by Pritchard, Stephens and Donnelly (2000)
     and Falush, Stephens and Pritchard (2003)
       Code by Pritchard, Falush and Hubisz
             Version 2.3.4 (Jul 2012)
----------------------------------------------------



Command line arguments:   structure -K 5 -i STRUCTURE_main_final_278_HEG_ZG.str -o STRUCTURE_main_final_278_HEG_ZG-K5-4 
Input File:    STRUCTURE_main_final_278_HEG_ZG.str

Run parameters:
   278 individuals
   15 loci
   5 populations assumed
   100000 Burn-in period
   500000 Reps


--------------------------------------------
Proportion of membership of each pre-defined
 population in each of the 5 clusters

Given    Inferred Clusters                     Number of
 Pop       1      2      3      4      5      Individuals

  1:     0.043  0.095  0.687  0.128  0.047       24
  2:     0.076  0.116  0.057  0.046  0.705       24
  3:     0.695  0.054  0.040  0.157  0.054       24
  4:     0.218  0.128  0.440  0.134  0.081       24
  5:     0.603  0.102  0.112  0.097  0.086       24
  6:     0.060  0.251  0.589  0.037  0.063       24
  7:     0.049  0.770  0.112  0.026  0.043       24
  8:     0.701  0.037  0.097  0.122  0.043       14
  9:     0.138  0.019  0.068  0.543  0.231       24
 10:     0.101  0.071  0.026  0.780  0.022       24
 11:     0.107  0.040  0.052  0.746  0.055       24
 12:     0.244  0.187  0.361  0.169  0.038       24
--------------------------------------------

Allele-freq. divergence among pops (Net nucleotide distance),
computed using point estimates of P.

      1       2       3       4       5      
 1      -    0.0707  0.0287  0.0402  0.0507  
 2   0.0707     -    0.0569  0.1016  0.0895  
 3   0.0287  0.0569     -    0.0456  0.0512  
 4   0.0402  0.1016  0.0456     -    0.0816  
 5   0.0507  0.0895  0.0512  0.0816     -    

Average distances (expected heterozygosity) between individuals in same cluster:
cluster  1  : 0.6476 
cluster  2  : 0.5466 
cluster  3  : 0.6298 
cluster  4  : 0.6188 
cluster  5  : 0.6291 

--------------------------------------------
Estimated Ln Prob of Data   = -12973.8
Mean value of ln likelihood = -12465.0
Variance of ln likelihood   = 1017.7
Mean value of alpha         = 0.1027

Mean value of Fst_1         = 0.0406
Mean value of Fst_2         = 0.1737
Mean value of Fst_3         = 0.0691
Mean value of Fst_4         = 0.1171
Mean value of Fst_5         = 0.1517


Inferred ancestry of individuals:
        Label (%Miss) Pop:  Inferred clusters
  1 24.0601.E1    (0)    1 :  0.017 0.036 0.814 0.018 0.116 
  2 24.0602.E1    (0)    1 :  0.030 0.018 0.906 0.034 0.011 
  3 24.0603.E1    (0)    1 :  0.050 0.052 0.866 0.019 0.014 
  4 24.0604.E1    (0)    1 :  0.071 0.012 0.861 0.041 0.014 
  5 24.0605.E1    (0)    1 :  0.017 0.038 0.846 0.027 0.071 
  6 24.0606.E1    (0)    1 :  0.015 0.035 0.886 0.035 0.028 
  7 24.0607.E1    (0)    1 :  0.122 0.379 0.185 0.241 0.074 
  8 24.0608.E1    (0)    1 :  0.018 0.228 0.595 0.148 0.010 
  9 24.0609.E1    (0)    1 :  0.044 0.014 0.452 0.481 0.010 
 10 24.0610.E1    (0)    1 :  0.027 0.015 0.678 0.269 0.011 
 11 24.0611.E1    (0)    1 :  0.016 0.013 0.845 0.050 0.077 
 12 24.0612.E1    (0)    1 :  0.024 0.031 0.825 0.013 0.107 
 13 24.0613.E1    (0)    1 :  0.011 0.010 0.937 0.030 0.012 
 14 24.0614.E1    (0)    1 :  0.019 0.377 0.362 0.217 0.025 
 15 24.0615.E1    (0)    1 :  0.033 0.096 0.536 0.299 0.037 
 16 24.0616.E1    (0)    1 :  0.013 0.012 0.930 0.025 0.021 
 17 24.0617.E1    (0)    1 :  0.018 0.037 0.323 0.570 0.051 
 18 24.0618.E1    (0)    1 :  0.031 0.013 0.755 0.167 0.034 
 19 24.0619.E1    (0)    1 :  0.142 0.011 0.789 0.025 0.033 
 20 24.0620.E1   (20)    1 :  0.031 0.776 0.097 0.065 0.031 
 21 24.0621.E1    (0)    1 :  0.196 0.014 0.568 0.199 0.023 
 22 24.0622.E1    (0)    1 :  0.022 0.019 0.913 0.016 0.030 
 23 24.0623.E1    (0)    1 :  0.041 0.032 0.584 0.071 0.271 
 24 24.0624.E1    (0)    1 :  0.012 0.013 0.940 0.021 0.014 
 25 24.0625.E1    (0)    2 :  0.038 0.256 0.021 0.032 0.653 
 26 24.0626.E1    (0)    2 :  0.013 0.185 0.009 0.013 0.780 
 27 24.0627.E1    (0)    2 :  0.483 0.047 0.018 0.012 0.441 
 28 24.0628.E1    (0)    2 :  0.058 0.342 0.072 0.192 0.336 
 29 24.0629.E1    (0)    2 :  0.031 0.013 0.119 0.027 0.811 
 30 24.0630.E1    (0)    2 :  0.014 0.203 0.014 0.013 0.757 
 31 24.0631.E1    (0)    2 :  0.009 0.011 0.015 0.007 0.959 
 32 24.0632.E1    (0)    2 :  0.019 0.091 0.023 0.014 0.852 
 33 24.0633.E1    (0)    2 :  0.116 0.314 0.029 0.059 0.482 
 34 24.0634.E1    (0)    2 :  0.015 0.013 0.016 0.014 0.942 
 35 24.0635.E1    (0)    2 :  0.257 0.058 0.039 0.062 0.585 
 36 24.0636.E1   (33)    2 :  0.039 0.818 0.069 0.016 0.058 
 37 24.0637.E1    (0)    2 :  0.010 0.015 0.010 0.006 0.959 
 38 24.0638.E1    (0)    2 :  0.121 0.012 0.021 0.013 0.833 
 39 24.0639.E1    (0)    2 :  0.029 0.041 0.068 0.078 0.784 
 40 24.0640.E1    (0)    2 :  0.012 0.014 0.018 0.010 0.946 
 41 24.0641.E1    (0)    2 :  0.195 0.032 0.268 0.117 0.387 
 42 24.0642.E1    (0)    2 :  0.036 0.062 0.331 0.011 0.561 
 43 24.0643.E1    (0)    2 :  0.258 0.136 0.025 0.016 0.565 
 44 24.0644.E1    (0)    2 :  0.015 0.015 0.036 0.129 0.805 
 45 24.0645.E1    (0)    2 :  0.013 0.068 0.102 0.112 0.704 
 46 24.0646.E1    (0)    2 :  0.015 0.015 0.036 0.128 0.806 
 47 24.0647.E1    (0)    2 :  0.010 0.015 0.010 0.006 0.959 
 48 24.0648.E1    (0)    2 :  0.010 0.015 0.010 0.007 0.958 
 49 24.0649.E1    (0)    3 :  0.880 0.008 0.017 0.075 0.020 
 50 24.0650.E1    (0)    3 :  0.072 0.009 0.327 0.583 0.009 
 51 24.0651.E1    (0)    3 :  0.460 0.032 0.016 0.062 0.430 
 52 24.0652.E1    (0)    3 :  0.807 0.014 0.029 0.141 0.009 
 53 24.0653.E1    (0)    3 :  0.947 0.012 0.011 0.020 0.011 
 54 24.0654.E1    (0)    3 :  0.770 0.011 0.015 0.187 0.017 
 55 24.0655.E1    (0)    3 :  0.481 0.028 0.081 0.189 0.220 
 56 24.0656.E1    (0)    3 :  0.642 0.146 0.020 0.181 0.011 
 57 24.0657.E1    (0)    3 :  0.662 0.137 0.019 0.172 0.010 
 58 24.0658.E1    (0)    3 :  0.742 0.016 0.046 0.182 0.014 
 59 24.0659.E1    (0)    3 :  0.861 0.008 0.042 0.060 0.030 
 60 24.0660.E1    (6)    3 :  0.879 0.013 0.055 0.020 0.032 
 61 24.0661.E1    (0)    3 :  0.310 0.270 0.017 0.391 0.013 
 62 24.0662.E1    (0)    3 :  0.474 0.029 0.065 0.119 0.313 
 63 24.0663.E1    (0)    3 :  0.032 0.012 0.014 0.926 0.015 
 64 24.0664.E1    (0)    3 :  0.760 0.109 0.014 0.104 0.013 
 65 24.0665.E1    (0)    3 :  0.583 0.363 0.012 0.029 0.012 
 66 24.0666.E1    (0)    3 :  0.940 0.010 0.020 0.018 0.013 
 67 24.0667.E1    (0)    3 :  0.950 0.010 0.013 0.014 0.014 
 68 24.0668.E1    (0)    3 :  0.954 0.010 0.010 0.012 0.014 
 69 24.0669.E1    (0)    3 :  0.948 0.012 0.012 0.015 0.013 
 70 24.0670.E1    (0)    3 :  0.855 0.012 0.023 0.099 0.011 
 71 24.0671.E1    (0)    3 :  0.764 0.020 0.026 0.157 0.033 
 72 24.0672.E1    (0)    3 :  0.906 0.010 0.055 0.017 0.012 
 73 24.0673.E1    (6)    4 :  0.032 0.537 0.337 0.063 0.031 
 74 24.0674.E1    (0)    4 :  0.019 0.200 0.733 0.023 0.025 
 75 24.0675.E1    (0)    4 :  0.052 0.168 0.258 0.465 0.058 
 76 24.0676.E1    (0)    4 :  0.055 0.107 0.079 0.732 0.028 
 77 24.0677.E1    (0)    4 :  0.320 0.032 0.105 0.530 0.013 
 78 24.0678.E1    (0)    4 :  0.404 0.033 0.284 0.035 0.244 
 79 24.0679.E1    (0)    4 :  0.663 0.018 0.255 0.042 0.022 
 80 24.0680.E1    (0)    4 :  0.871 0.020 0.064 0.020 0.026 
 81 24.0681.E1    (0)    4 :  0.297 0.061 0.580 0.031 0.031 
 82 24.0682.E1    (0)    4 :  0.027 0.112 0.797 0.040 0.023 
 83 24.0683.E1    (0)    4 :  0.026 0.302 0.637 0.021 0.014 
 84 24.0684.E1    (0)    4 :  0.034 0.145 0.754 0.025 0.042 
 85 24.0685.E1    (0)    4 :  0.078 0.080 0.789 0.024 0.029 
 86 24.0686.E1    (0)    4 :  0.384 0.021 0.143 0.029 0.422 
 87 24.0687.E1    (0)    4 :  0.139 0.049 0.094 0.045 0.673 
 88 24.0688.E1    (0)    4 :  0.074 0.107 0.772 0.022 0.025 
 89 24.0689.E1    (0)    4 :  0.076 0.088 0.176 0.606 0.054 
 90 24.0690.E1    (0)    4 :  0.842 0.045 0.028 0.014 0.071 
 91 24.0691.E1    (0)    4 :  0.028 0.039 0.859 0.055 0.019 
 92 24.0692.E1    (0)    4 :  0.517 0.097 0.218 0.151 0.017 
 93 24.0693.E1    (0)    4 :  0.104 0.698 0.050 0.130 0.019 
 94 24.0694.E1    (0)    4 :  0.108 0.065 0.771 0.040 0.016 
 95 24.0695.E1    (0)    4 :  0.027 0.018 0.898 0.044 0.013 
 96 24.0696.E1    (0)    4 :  0.051 0.024 0.872 0.031 0.021 
 97 24.0697.E1    (0)    5 :  0.519 0.318 0.047 0.078 0.039 
 98 24.0698.E1    (0)    5 :  0.432 0.242 0.089 0.175 0.062 
 99 24.0699.E1    (0)    5 :  0.747 0.026 0.092 0.064 0.071 
100 24.0700.E1    (0)    5 :  0.931 0.018 0.017 0.018 0.016 
101 24.0701.E1    (0)    5 :  0.826 0.103 0.019 0.026 0.027 
102 24.0702.E1    (0)    5 :  0.861 0.068 0.024 0.015 0.031 
103 24.0703.E1    (0)    5 :  0.654 0.018 0.035 0.066 0.227 
104 24.0704.E1    (6)    5 :  0.478 0.034 0.091 0.239 0.157 
105 24.0705.E1    (0)    5 :  0.537 0.019 0.398 0.016 0.032 
106 24.0706.E1    (0)    5 :  0.918 0.024 0.018 0.022 0.017 
107 24.0707.E1    (0)    5 :  0.645 0.056 0.123 0.017 0.159 
108 24.0708.E1    (0)    5 :  0.037 0.046 0.161 0.285 0.472 
109 24.0709.E1    (0)    5 :  0.237 0.038 0.171 0.516 0.039 
110 24.0710.E1    (0)    5 :  0.373 0.084 0.402 0.107 0.034 
111 24.0711.E1    (0)    5 :  0.596 0.036 0.256 0.026 0.085 
112 24.0712.E1    (0)    5 :  0.832 0.038 0.044 0.013 0.073 
113 24.0713.E1    (0)    5 :  0.723 0.042 0.044 0.170 0.022 
114 24.0714.E1    (0)    5 :  0.750 0.020 0.121 0.046 0.063 
115 24.0715.E1    (0)    5 :  0.101 0.717 0.086 0.080 0.015 
116 24.0716.E1    (0)    5 :  0.714 0.026 0.104 0.058 0.097 
117 24.0717.E1    (0)    5 :  0.387 0.384 0.035 0.070 0.125 
118 24.0718.E1    (0)    5 :  0.831 0.026 0.078 0.014 0.052 
119 24.0719.E1    (0)    5 :  0.680 0.035 0.074 0.102 0.108 
120 24.0720.E1    (0)    5 :  0.675 0.025 0.148 0.115 0.037 
121 24.0721.E1    (0)    6 :  0.110 0.688 0.060 0.086 0.057 
122 24.0722.E1    (0)    6 :  0.060 0.578 0.101 0.025 0.236 
123 24.0723.E1    (0)    6 :  0.030 0.410 0.065 0.096 0.399 
124 24.0724.E1    (0)    6 :  0.033 0.139 0.694 0.090 0.045 
125 24.0725.E1    (0)    6 :  0.034 0.012 0.923 0.016 0.015 
126 24.0726.E1    (6)    6 :  0.028 0.097 0.841 0.016 0.018 
127 24.0727.E1    (0)    6 :  0.081 0.435 0.403 0.039 0.042 
128 24.0728.E1    (0)    6 :  0.079 0.301 0.418 0.062 0.140 
129 24.0729.E1    (0)    6 :  0.029 0.059 0.860 0.029 0.023 
130 24.0730.E1    (0)    6 :  0.306 0.119 0.451 0.100 0.025 
131 24.0731.E1    (0)    6 :  0.017 0.050 0.899 0.019 0.015 
132 24.0732.E1    (0)    6 :  0.036 0.781 0.158 0.009 0.016 
133 24.0733.E1    (0)    6 :  0.010 0.035 0.934 0.011 0.011 
134 24.0734.E1    (0)    6 :  0.048 0.833 0.057 0.016 0.046 
135 24.0735.E1    (0)    6 :  0.049 0.225 0.612 0.034 0.080 
136 24.0736.E1    (0)    6 :  0.015 0.085 0.868 0.014 0.018 
137 24.0737.E1    (0)    6 :  0.026 0.015 0.753 0.019 0.186 
138 24.0738.E1    (0)    6 :  0.025 0.062 0.879 0.016 0.019 
139 24.0739.E1    (0)    6 :  0.030 0.011 0.921 0.014 0.023 
140 24.0740.E1    (0)    6 :  0.025 0.019 0.906 0.030 0.019 
141 24.0741.E1    (0)    6 :  0.029 0.333 0.599 0.017 0.022 
142 24.0742.E1    (0)    6 :  0.020 0.417 0.525 0.015 0.024 
143 24.0743.E1    (0)    6 :  0.021 0.079 0.843 0.046 0.010 
144 24.0744.E1    (0)    6 :  0.299 0.252 0.364 0.064 0.021 
145 24.0745.E1    (0)    7 :  0.037 0.921 0.014 0.018 0.010 
146 24.0746.E1    (0)    7 :  0.037 0.628 0.100 0.028 0.207 
147 24.0747.E1    (0)    7 :  0.031 0.793 0.090 0.071 0.015 
148 24.0748.E1    (6)    7 :  0.032 0.752 0.110 0.089 0.016 
149 24.0749.E1    (0)    7 :  0.017 0.689 0.265 0.014 0.015 
150 24.0750.E1    (0)    7 :  0.109 0.251 0.565 0.045 0.031 
151 24.0751.E1    (0)    7 :  0.010 0.949 0.018 0.009 0.014 
152 24.0752.E1    (0)    7 :  0.013 0.889 0.066 0.019 0.013 
153 24.0753.E1    (0)    7 :  0.014 0.585 0.149 0.011 0.241 
154 24.0754.E1    (0)    7 :  0.015 0.900 0.051 0.011 0.023 
155 24.0755.E1    (0)    7 :  0.031 0.812 0.049 0.084 0.023 
156 24.0756.E1    (0)    7 :  0.011 0.906 0.042 0.027 0.014 
157 24.0757.E1    (0)    7 :  0.008 0.969 0.008 0.006 0.008 
158 24.0758.E1    (0)    7 :  0.008 0.968 0.009 0.007 0.009 
159 24.0759.E1    (0)    7 :  0.017 0.925 0.034 0.011 0.012 
160 24.0760.E1    (0)    7 :  0.044 0.658 0.027 0.011 0.259 
161 24.0761.E1    (0)    7 :  0.009 0.955 0.011 0.009 0.016 
162 24.0762.E1    (0)    7 :  0.648 0.082 0.219 0.034 0.017 
163 24.0763.E1    (0)    7 :  0.009 0.953 0.021 0.008 0.009 
164 24.0764.E1    (0)    7 :  0.012 0.941 0.023 0.009 0.014 
165 24.0765.E1    (0)    7 :  0.014 0.905 0.027 0.020 0.034 
166 24.0766.E1    (0)    7 :  0.010 0.956 0.015 0.009 0.010 
167 24.0767.E1    (0)    7 :  0.008 0.955 0.018 0.010 0.008 
168 24.0768.E1    (0)    7 :  0.035 0.134 0.747 0.071 0.013 
169 24.0779.E1    (0)    8 :  0.673 0.154 0.064 0.051 0.058 
170 24.0780.E1    (6)    8 :  0.603 0.011 0.019 0.352 0.015 
171 24.0781.E1    (0)    8 :  0.945 0.013 0.011 0.019 0.012 
172 24.0782.E1    (0)    8 :  0.055 0.061 0.708 0.039 0.136 
173 24.0783.E1    (0)    8 :  0.854 0.013 0.025 0.086 0.022 
174 24.0784.E1    (0)    8 :  0.762 0.011 0.037 0.154 0.036 
175 24.0785.E1    (0)    8 :  0.822 0.009 0.016 0.142 0.011 
176 24.0786.E1    (0)    8 :  0.483 0.040 0.146 0.308 0.023 
177 24.0787.E1    (0)    8 :  0.828 0.033 0.034 0.025 0.079 
178 24.0788.E1    (0)    8 :  0.697 0.021 0.018 0.230 0.034 
179 24.0789.E1    (0)    8 :  0.563 0.021 0.086 0.198 0.132 
180 24.0790.E1    (0)    8 :  0.923 0.009 0.010 0.042 0.017 
181 24.0791.E1    (0)    8 :  0.816 0.016 0.139 0.015 0.014 
182 24.0792.E1    (0)    8 :  0.791 0.106 0.051 0.043 0.010 
183 24.0793.E1    (0)    9 :  0.054 0.013 0.033 0.497 0.403 
184 24.0794.E1    (0)    9 :  0.184 0.020 0.508 0.263 0.024 
185 24.0795.E1    (0)    9 :  0.025 0.021 0.349 0.135 0.470 
186 24.0796.E1    (0)    9 :  0.167 0.010 0.038 0.770 0.015 
187 24.0797.E1    (0)    9 :  0.164 0.008 0.022 0.645 0.161 
188 24.0798.E1    (0)    9 :  0.526 0.077 0.025 0.132 0.240 
189 24.0799.E1    (0)    9 :  0.125 0.016 0.029 0.735 0.096 
190 24.0800.E1    (0)    9 :  0.035 0.020 0.030 0.903 0.013 
191 24.0801.E1    (0)    9 :  0.470 0.018 0.025 0.415 0.073 
192 24.0802.E1    (0)    9 :  0.046 0.010 0.029 0.324 0.592 
193 24.0803.E1    (0)    9 :  0.139 0.015 0.032 0.509 0.305 
194 24.0804.E1    (0)    9 :  0.013 0.008 0.016 0.666 0.297 
195 24.0805.E1    (0)    9 :  0.339 0.029 0.048 0.527 0.057 
196 24.0806.E1    (0)    9 :  0.020 0.018 0.025 0.213 0.723 
197 24.0807.E1    (0)    9 :  0.039 0.010 0.019 0.508 0.425 
198 24.0808.E1    (0)    9 :  0.213 0.017 0.065 0.667 0.038 
199 24.0809.E1    (0)    9 :  0.093 0.047 0.090 0.747 0.023 
200 24.0810.E1    (0)    9 :  0.096 0.023 0.059 0.709 0.113 
201 24.0811.E1    (0)    9 :  0.027 0.011 0.053 0.681 0.228 
202 24.0812.E1    (0)    9 :  0.075 0.014 0.052 0.833 0.026 
203 24.0813.E1    (0)    9 :  0.207 0.020 0.039 0.410 0.324 
204 24.0814.E1    (6)    9 :  0.020 0.010 0.013 0.877 0.080 
205 24.0815.E1    (0)    9 :  0.145 0.018 0.013 0.459 0.365 
206 24.0816.E1    (0)    9 :  0.101 0.010 0.015 0.410 0.464 
207 24.0817.E1    (0)   10 :  0.027 0.012 0.028 0.914 0.020 
208 24.0818.E1    (0)   10 :  0.075 0.019 0.052 0.832 0.022 
209 24.0819.E1    (0)   10 :  0.172 0.272 0.025 0.454 0.077 
210 24.0820.E1    (0)   10 :  0.018 0.469 0.010 0.490 0.013 
211 24.0821.E1    (0)   10 :  0.644 0.013 0.021 0.308 0.016 
212 24.0822.E1    (0)   10 :  0.029 0.040 0.013 0.909 0.009 
213 24.0823.E1    (0)   10 :  0.019 0.151 0.013 0.801 0.017 
214 24.0824.E1    (0)   10 :  0.349 0.032 0.049 0.548 0.022 
215 24.0825.E1    (0)   10 :  0.012 0.015 0.014 0.945 0.013 
216 24.0826.E1    (0)   10 :  0.045 0.325 0.010 0.608 0.012 
217 24.0827.E1    (0)   10 :  0.028 0.009 0.056 0.884 0.023 
218 24.0828.E1    (0)   10 :  0.030 0.174 0.014 0.768 0.014 
219 24.0829.E1    (0)   10 :  0.019 0.018 0.014 0.935 0.014 
220 24.0830.E1    (0)   10 :  0.254 0.010 0.018 0.703 0.015 
221 24.0831.E1    (0)   10 :  0.430 0.009 0.012 0.538 0.011 
222 24.0832.E1    (0)   10 :  0.011 0.008 0.017 0.957 0.008 
223 24.0833.E1    (0)   10 :  0.011 0.010 0.010 0.960 0.009 
224 24.0834.E1    (0)   10 :  0.018 0.015 0.017 0.938 0.013 
225 24.0835.E1    (0)   10 :  0.017 0.009 0.024 0.935 0.015 
226 24.0836.E1    (0)   10 :  0.026 0.022 0.030 0.907 0.015 
227 24.0837.E1    (0)   10 :  0.023 0.014 0.016 0.939 0.009 
228 24.0838.E1    (0)   10 :  0.022 0.025 0.014 0.929 0.010 
229 24.0839.E1    (0)   10 :  0.130 0.035 0.120 0.659 0.056 
230 24.0840.E1    (0)   10 :  0.018 0.008 0.020 0.849 0.104 
231 24.0841.E1    (0)   11 :  0.025 0.023 0.064 0.878 0.009 
232 24.0842.E1    (0)   11 :  0.151 0.015 0.037 0.787 0.009 
233 24.0843.E1    (0)   11 :  0.220 0.071 0.011 0.685 0.013 
234 24.0844.E1    (0)   11 :  0.421 0.015 0.038 0.513 0.013 
235 24.0845.E1    (0)   11 :  0.109 0.013 0.016 0.851 0.011 
236 24.0846.E1    (0)   11 :  0.027 0.014 0.023 0.919 0.017 
237 24.0847.E1    (0)   11 :  0.027 0.030 0.091 0.837 0.015 
238 24.0848.E1    (0)   11 :  0.062 0.009 0.032 0.887 0.010 
239 24.0849.E1    (0)   11 :  0.013 0.040 0.011 0.925 0.010 
240 24.0850.E1    (0)   11 :  0.013 0.040 0.011 0.925 0.010 
241 24.0851.E1    (0)   11 :  0.014 0.040 0.011 0.925 0.010 
242 24.0852.E1    (0)   11 :  0.080 0.090 0.013 0.808 0.010 
243 24.0853.E1    (0)   11 :  0.013 0.047 0.010 0.919 0.012 
244 24.0854.E1    (0)   11 :  0.806 0.018 0.023 0.141 0.014 
245 24.0855.E1    (0)   11 :  0.015 0.012 0.013 0.949 0.010 
246 24.0856.E1    (0)   11 :  0.198 0.088 0.087 0.137 0.490 
247 24.0857.E1    (0)   11 :  0.022 0.021 0.031 0.906 0.020 
248 24.0858.E1    (0)   11 :  0.040 0.022 0.019 0.907 0.011 
249 24.0859.E1    (0)   11 :  0.019 0.161 0.015 0.786 0.019 
250 24.0860.E1    (0)   11 :  0.131 0.073 0.031 0.607 0.158 
251 24.0861.E1    (0)   11 :  0.015 0.047 0.011 0.917 0.010 
252 24.0862.E1    (0)   11 :  0.034 0.015 0.030 0.503 0.417 
253 24.0863.E1    (0)   11 :  0.016 0.048 0.012 0.915 0.010 
254 24.0864.E1    (0)   11 :  0.102 0.014 0.600 0.270 0.015 
255 24.0865.E1    (0)   12 :  0.099 0.549 0.032 0.293 0.028 
256 24.0866.E1    (0)   12 :  0.138 0.108 0.081 0.655 0.018 
257 24.0867.E1    (0)   12 :  0.049 0.443 0.070 0.365 0.074 
258 24.0868.E1    (0)   12 :  0.600 0.057 0.062 0.228 0.054 
259 24.0869.E1    (0)   12 :  0.252 0.045 0.109 0.494 0.101 
260 24.0870.E1    (0)   12 :  0.406 0.056 0.204 0.115 0.219 
261 24.0871.E1    (0)   12 :  0.412 0.020 0.423 0.045 0.101 
262 24.0872.E1    (0)   12 :  0.445 0.425 0.032 0.076 0.022 
263 24.0873.E1    (0)   12 :  0.201 0.158 0.155 0.450 0.037 
264 24.0874.E1    (0)   12 :  0.049 0.421 0.028 0.483 0.019 
265 24.0875.E1    (0)   12 :  0.823 0.029 0.097 0.029 0.021 
266 24.0876.E1    (0)   12 :  0.469 0.031 0.462 0.017 0.021 
267 24.0877.E1    (0)   12 :  0.024 0.059 0.891 0.015 0.012 
268 24.0878.E1    (0)   12 :  0.040 0.020 0.858 0.068 0.014 
269 24.0879.E1    (0)   12 :  0.209 0.012 0.745 0.013 0.021 
270 24.0880.E1    (0)   12 :  0.279 0.028 0.091 0.575 0.026 
271 24.0881.E1    (0)   12 :  0.012 0.026 0.934 0.013 0.015 
272 24.0882.E1    (0)   12 :  0.020 0.693 0.256 0.018 0.013 
273 24.0883.E1    (0)   12 :  0.159 0.283 0.522 0.020 0.015 
274 24.0884.E1    (0)   12 :  0.021 0.057 0.892 0.015 0.014 
275 24.0885.E1    (0)   12 :  0.070 0.015 0.876 0.019 0.020 
276 24.0886.E1    (0)   12 :  0.052 0.235 0.685 0.020 0.009 
277 24.0887.E1    (0)   12 :  0.119 0.710 0.141 0.011 0.019 
278 24.0888.E1    (0)   12 :  0.916 0.013 0.024 0.025 0.022 


Estimated Allele Frequencies in each cluster
First column gives estimated ancestral frequencies


Locus 1 : 
31 alleles
0.0% missing data
 115   (0.025) 0.009 0.012 0.161 0.002 0.004 
 117   (0.040) 0.013 0.158 0.174 0.007 0.006 
 119   (0.048) 0.009 0.260 0.195 0.003 0.176 
 131   (0.017) 0.003 0.003 0.035 0.001 0.002 
 128   (0.037) 0.036 0.005 0.041 0.012 0.004 
 135   (0.017) 0.003 0.004 0.042 0.001 0.002 
 126   (0.074) 0.057 0.087 0.068 0.155 0.027 
 122   (0.030) 0.020 0.002 0.011 0.006 0.165 
 132   (0.031) 0.019 0.017 0.005 0.033 0.006 
 141   (0.013) 0.002 0.001 0.006 0.001 0.004 
 130   (0.051) 0.081 0.046 0.014 0.028 0.021 
 134   (0.037) 0.021 0.003 0.005 0.042 0.103 
 145   (0.027) 0.027 0.025 0.004 0.006 0.009 
 127   (0.027) 0.006 0.145 0.019 0.002 0.019 
 116   (0.111) 0.194 0.045 0.061 0.187 0.189 
 114   (0.043) 0.033 0.009 0.006 0.151 0.099 
 120   (0.036) 0.072 0.003 0.010 0.002 0.065 
 110   (0.050) 0.032 0.031 0.037 0.043 0.029 
 133   (0.017) 0.004 0.011 0.004 0.001 0.008 
 118   (0.096) 0.294 0.034 0.029 0.253 0.035 
 125   (0.017) 0.006 0.001 0.002 0.007 0.005 
 129   (0.022) 0.010 0.005 0.035 0.001 0.002 
 124   (0.016) 0.017 0.002 0.005 0.001 0.003 
 136   (0.024) 0.009 0.002 0.009 0.040 0.004 
 121   (0.017) 0.003 0.053 0.006 0.001 0.002 
 139   (0.012) 0.002 0.001 0.008 0.001 0.001 
 113   (0.013) 0.002 0.012 0.001 0.001 0.001 
 111   (0.013) 0.002 0.011 0.002 0.001 0.002 
 143   (0.012) 0.002 0.012 0.001 0.001 0.001 
 140   (0.016) 0.011 0.001 0.002 0.002 0.005 
 112   (0.012) 0.002 0.001 0.001 0.006 0.001 

Locus 2 : 
18 alleles
0.0% missing data
 152   (0.360) 0.317 0.760 0.579 0.335 0.453 
 148   (0.064) 0.026 0.031 0.183 0.005 0.161 
 154   (0.113) 0.090 0.048 0.073 0.139 0.224 
 156   (0.018) 0.006 0.001 0.008 0.002 0.007 
 150   (0.027) 0.006 0.039 0.005 0.002 0.044 
 164   (0.080) 0.070 0.019 0.075 0.082 0.026 
 158   (0.042) 0.036 0.016 0.017 0.006 0.025 
 160   (0.019) 0.008 0.024 0.003 0.001 0.002 
 166   (0.022) 0.016 0.002 0.005 0.004 0.016 
 151   (0.065) 0.213 0.006 0.007 0.273 0.007 
 147   (0.055) 0.129 0.009 0.007 0.136 0.012 
 168   (0.023) 0.023 0.003 0.004 0.004 0.004 
 153   (0.017) 0.012 0.003 0.002 0.002 0.003 
 149   (0.027) 0.019 0.011 0.008 0.002 0.003 
 162   (0.023) 0.009 0.003 0.005 0.006 0.011 
 167   (0.016) 0.003 0.001 0.016 0.001 0.001 
 146   (0.014) 0.002 0.023 0.001 0.001 0.001 
 172   (0.016) 0.015 0.001 0.002 0.001 0.001 

Locus 3 : 
4 alleles
0.0% missing data
 128   (0.286) 0.242 0.382 0.253 0.382 0.276 
 126   (0.613) 0.676 0.609 0.686 0.544 0.662 
 132   (0.083) 0.070 0.008 0.059 0.073 0.054 
 134   (0.018) 0.012 0.002 0.002 0.001 0.008 

Locus 4 : 
3 alleles
0.0% missing data
 170   (0.321) 0.313 0.265 0.268 0.321 0.395 
 172   (0.664) 0.684 0.731 0.729 0.677 0.598 
 171   (0.015) 0.003 0.004 0.002 0.002 0.006 

Locus 5 : 
37 alleles
0.0% missing data
 125   (0.054) 0.048 0.048 0.039 0.071 0.079 
 110   (0.036) 0.019 0.011 0.032 0.060 0.023 
 129   (0.037) 0.058 0.003 0.045 0.033 0.006 
 113   (0.034) 0.070 0.003 0.011 0.045 0.017 
 145   (0.048) 0.060 0.102 0.199 0.011 0.006 
 155   (0.048) 0.023 0.011 0.118 0.037 0.178 
 117   (0.033) 0.022 0.033 0.061 0.005 0.013 
 124   (0.011) 0.002 0.001 0.015 0.001 0.001 
 133   (0.033) 0.045 0.075 0.030 0.003 0.004 
 157   (0.047) 0.128 0.034 0.011 0.041 0.021 
 141   (0.017) 0.022 0.001 0.006 0.003 0.002 
 112   (0.063) 0.031 0.134 0.084 0.134 0.158 
 121   (0.022) 0.012 0.003 0.004 0.026 0.020 
 114   (0.036) 0.008 0.158 0.067 0.053 0.011 
 153   (0.047) 0.093 0.004 0.054 0.113 0.017 
 127   (0.063) 0.078 0.117 0.065 0.128 0.032 
 131   (0.060) 0.040 0.169 0.049 0.053 0.173 
 135   (0.027) 0.036 0.003 0.009 0.054 0.004 
 104   (0.010) 0.002 0.003 0.002 0.002 0.006 
 118   (0.018) 0.010 0.002 0.017 0.001 0.011 
 116   (0.027) 0.019 0.004 0.016 0.007 0.053 
 137   (0.020) 0.010 0.005 0.005 0.002 0.125 
 123   (0.020) 0.008 0.002 0.008 0.055 0.005 
 149   (0.011) 0.002 0.001 0.004 0.004 0.001 
 138   (0.015) 0.033 0.001 0.002 0.002 0.002 
 143   (0.027) 0.021 0.059 0.003 0.028 0.003 
 163   (0.010) 0.003 0.001 0.002 0.001 0.009 
 109   (0.012) 0.003 0.002 0.013 0.001 0.001 
 139   (0.011) 0.008 0.001 0.001 0.001 0.001 
 106   (0.010) 0.006 0.001 0.002 0.001 0.002 
 144   (0.016) 0.018 0.001 0.003 0.009 0.003 
 122   (0.012) 0.002 0.003 0.014 0.001 0.001 
 100   (0.018) 0.021 0.001 0.003 0.011 0.006 
 111   (0.013) 0.020 0.001 0.001 0.001 0.001 
 233   (0.011) 0.007 0.001 0.001 0.002 0.001 
 134   (0.010) 0.005 0.001 0.001 0.003 0.001 
 140   (0.011) 0.006 0.001 0.002 0.002 0.001 

Locus 6 : 
17 alleles
0.0% missing data
 221   (0.030) 0.005 0.063 0.090 0.002 0.004 
 232   (0.233) 0.315 0.485 0.176 0.375 0.190 
 229   (0.056) 0.015 0.048 0.084 0.045 0.042 
 223   (0.059) 0.048 0.009 0.095 0.047 0.011 
 230   (0.157) 0.188 0.259 0.135 0.135 0.152 
 235   (0.017) 0.003 0.001 0.044 0.001 0.003 
 236   (0.042) 0.030 0.007 0.060 0.004 0.030 
 227   (0.021) 0.007 0.003 0.047 0.001 0.002 
 220   (0.045) 0.028 0.004 0.008 0.093 0.148 
 222   (0.042) 0.034 0.003 0.005 0.038 0.240 
 234   (0.134) 0.134 0.084 0.146 0.137 0.135 
 224   (0.032) 0.046 0.002 0.004 0.037 0.006 
 228   (0.057) 0.132 0.006 0.019 0.049 0.011 
 225   (0.013) 0.002 0.001 0.004 0.001 0.007 
 226   (0.020) 0.004 0.001 0.004 0.031 0.016 
 233   (0.025) 0.007 0.024 0.049 0.002 0.002 
 231   (0.016) 0.003 0.001 0.030 0.001 0.001 

Locus 7 : 
10 alleles
0.0% missing data
 121   (0.672) 0.782 0.746 0.845 0.759 0.808 
 129   (0.083) 0.051 0.103 0.075 0.115 0.013 
 130   (0.018) 0.005 0.003 0.003 0.006 0.008 
 123   (0.101) 0.103 0.090 0.027 0.102 0.112 
 128   (0.024) 0.007 0.020 0.004 0.001 0.023 
 131   (0.016) 0.004 0.002 0.002 0.001 0.021 
 117   (0.014) 0.008 0.001 0.001 0.001 0.001 
 125   (0.015) 0.015 0.001 0.002 0.001 0.001 
 134   (0.041) 0.022 0.016 0.039 0.013 0.011 
 132   (0.015) 0.003 0.020 0.002 0.001 0.001 

Locus 8 : 
19 alleles
0.0% missing data
 184   (0.281) 0.386 0.385 0.494 0.339 0.445 
 194   (0.050) 0.044 0.023 0.043 0.008 0.032 
 178   (0.091) 0.043 0.063 0.166 0.174 0.157 
 176   (0.075) 0.093 0.198 0.055 0.053 0.013 
 182   (0.078) 0.071 0.172 0.044 0.088 0.039 
 190   (0.032) 0.007 0.036 0.006 0.020 0.050 
 196   (0.026) 0.016 0.002 0.008 0.030 0.003 
 200   (0.031) 0.029 0.010 0.013 0.002 0.015 
 180   (0.030) 0.025 0.003 0.007 0.003 0.057 
 188   (0.040) 0.027 0.009 0.025 0.047 0.008 
 174   (0.043) 0.043 0.035 0.031 0.003 0.019 
 186   (0.117) 0.164 0.054 0.090 0.178 0.131 
 192   (0.026) 0.010 0.003 0.007 0.039 0.011 
 201   (0.013) 0.004 0.002 0.001 0.001 0.008 
 199   (0.018) 0.017 0.001 0.002 0.003 0.007 
 185   (0.012) 0.007 0.001 0.001 0.002 0.001 
 203   (0.012) 0.004 0.001 0.003 0.003 0.002 
 198   (0.011) 0.004 0.001 0.002 0.004 0.001 
 209   (0.012) 0.006 0.001 0.001 0.003 0.001 

Locus 9 : 
6 alleles
0.4% missing data
 154   (0.688) 0.757 0.670 0.693 0.802 0.777 
 156   (0.214) 0.203 0.316 0.203 0.106 0.207 
 152   (0.043) 0.011 0.008 0.057 0.086 0.005 
 153   (0.016) 0.010 0.001 0.003 0.003 0.007 
 160   (0.017) 0.014 0.001 0.002 0.001 0.002 
 164   (0.022) 0.005 0.004 0.042 0.001 0.002 

Locus 10 : 
29 alleles
0.7% missing data
 305   (0.049) 0.037 0.006 0.049 0.008 0.308 
 313   (0.050) 0.044 0.005 0.096 0.017 0.013 
 311   (0.016) 0.007 0.001 0.011 0.001 0.001 
 299   (0.106) 0.090 0.033 0.196 0.201 0.040 
 315   (0.079) 0.098 0.072 0.069 0.013 0.054 
 287   (0.053) 0.200 0.009 0.021 0.014 0.010 
 291   (0.082) 0.052 0.032 0.149 0.373 0.030 
 295   (0.022) 0.007 0.002 0.127 0.002 0.003 
 289   (0.022) 0.015 0.002 0.004 0.038 0.016 
 303   (0.042) 0.020 0.570 0.007 0.090 0.012 
 297   (0.041) 0.009 0.065 0.066 0.062 0.006 
 293   (0.026) 0.032 0.002 0.035 0.002 0.005 
 301   (0.057) 0.058 0.008 0.064 0.009 0.094 
 285   (0.020) 0.005 0.001 0.002 0.004 0.300 
 307   (0.050) 0.021 0.172 0.029 0.053 0.017 
 312   (0.053) 0.098 0.005 0.011 0.048 0.041 
 306   (0.029) 0.045 0.002 0.011 0.006 0.004 
 320   (0.015) 0.015 0.001 0.002 0.001 0.001 
 317   (0.026) 0.035 0.002 0.012 0.008 0.002 
 314   (0.024) 0.019 0.001 0.022 0.001 0.002 
 323   (0.013) 0.008 0.001 0.002 0.001 0.001 
 325   (0.013) 0.008 0.001 0.002 0.001 0.001 
 310   (0.019) 0.022 0.001 0.003 0.008 0.002 
 309   (0.015) 0.012 0.001 0.002 0.002 0.003 
 316   (0.019) 0.019 0.001 0.002 0.005 0.002 
 296   (0.013) 0.008 0.001 0.002 0.001 0.001 
 304   (0.017) 0.004 0.001 0.002 0.013 0.026 
 321   (0.015) 0.006 0.001 0.002 0.008 0.004 
 332   (0.016) 0.006 0.001 0.002 0.010 0.002 

Locus 11 : 
19 alleles
0.0% missing data
 114   (0.143) 0.126 0.203 0.249 0.014 0.259 
 126   (0.024) 0.004 0.004 0.038 0.001 0.013 
 111   (0.075) 0.028 0.006 0.133 0.567 0.067 
 116   (0.101) 0.071 0.217 0.141 0.022 0.060 
 132   (0.014) 0.003 0.001 0.008 0.001 0.001 
 109   (0.017) 0.003 0.001 0.031 0.001 0.002 
 128   (0.020) 0.008 0.001 0.009 0.003 0.002 
 112   (0.327) 0.542 0.511 0.309 0.053 0.524 
 122   (0.018) 0.006 0.011 0.002 0.002 0.006 
 124   (0.014) 0.002 0.002 0.002 0.001 0.013 
 118   (0.055) 0.039 0.028 0.028 0.032 0.020 
 127   (0.014) 0.008 0.001 0.002 0.001 0.001 
 113   (0.048) 0.062 0.004 0.007 0.245 0.012 
 115   (0.037) 0.049 0.004 0.024 0.004 0.005 
 120   (0.024) 0.008 0.001 0.005 0.033 0.003 
 117   (0.022) 0.010 0.003 0.003 0.009 0.005 
 125   (0.018) 0.021 0.001 0.002 0.001 0.002 
 119   (0.015) 0.005 0.001 0.002 0.009 0.004 
 136   (0.014) 0.004 0.001 0.007 0.001 0.001 

Locus 12 : 
28 alleles
0.7% missing data
 306   (0.047) 0.022 0.005 0.048 0.012 0.331 
 314   (0.056) 0.039 0.006 0.085 0.059 0.008 
 312   (0.015) 0.002 0.001 0.016 0.001 0.001 
 300   (0.111) 0.090 0.033 0.207 0.200 0.040 
 316   (0.047) 0.010 0.066 0.057 0.011 0.043 
 288   (0.053) 0.192 0.009 0.020 0.014 0.010 
 292   (0.091) 0.053 0.033 0.151 0.378 0.030 
 296   (0.030) 0.014 0.002 0.129 0.003 0.004 
 290   (0.024) 0.016 0.003 0.005 0.038 0.016 
 304   (0.044) 0.020 0.575 0.007 0.089 0.012 
 298   (0.044) 0.009 0.066 0.067 0.061 0.006 
 294   (0.026) 0.031 0.002 0.035 0.002 0.004 
 302   (0.061) 0.058 0.008 0.065 0.009 0.094 
 286   (0.020) 0.005 0.001 0.002 0.005 0.310 
 308   (0.030) 0.013 0.163 0.012 0.002 0.014 
 313   (0.042) 0.107 0.004 0.011 0.005 0.043 
 307   (0.050) 0.049 0.007 0.028 0.066 0.005 
 321   (0.015) 0.015 0.001 0.002 0.001 0.001 
 315   (0.041) 0.109 0.003 0.030 0.003 0.006 
 318   (0.024) 0.031 0.002 0.005 0.012 0.002 
 324   (0.013) 0.008 0.001 0.002 0.001 0.001 
 326   (0.013) 0.008 0.001 0.002 0.001 0.001 
 311   (0.024) 0.039 0.002 0.004 0.011 0.002 
 310   (0.015) 0.012 0.001 0.003 0.002 0.004 
 305   (0.018) 0.019 0.001 0.003 0.002 0.003 
 317   (0.015) 0.015 0.001 0.002 0.001 0.001 
 320   (0.014) 0.005 0.001 0.002 0.004 0.002 
 322   (0.015) 0.006 0.001 0.002 0.008 0.004 

Locus 13 : 
7 alleles
1.1% missing data
 161   (0.577) 0.534 0.899 0.694 0.454 0.189 
 163   (0.309) 0.445 0.035 0.233 0.476 0.117 
 160   (0.021) 0.004 0.002 0.003 0.001 0.340 
 162   (0.019) 0.003 0.001 0.002 0.001 0.344 
 165   (0.041) 0.008 0.005 0.061 0.066 0.007 
 166   (0.016) 0.003 0.003 0.006 0.001 0.002 
 164   (0.017) 0.003 0.056 0.002 0.001 0.002 

Locus 14 : 
4 alleles
0.4% missing data
  98   (0.951) 0.981 0.986 0.987 0.997 0.996 
 100   (0.015) 0.007 0.003 0.002 0.001 0.001 
  96   (0.019) 0.003 0.010 0.010 0.001 0.002 
 105   (0.015) 0.008 0.001 0.002 0.001 0.001 

Locus 15 : 
12 alleles
2.2% missing data
 171   (0.299) 0.379 0.174 0.355 0.344 0.197 
 177   (0.186) 0.196 0.091 0.217 0.107 0.283 
 173   (0.255) 0.271 0.106 0.296 0.494 0.221 
 179   (0.094) 0.065 0.506 0.055 0.019 0.260 
 183   (0.023) 0.008 0.012 0.017 0.003 0.005 
 181   (0.042) 0.031 0.094 0.007 0.021 0.006 
 197   (0.022) 0.007 0.011 0.026 0.003 0.003 
 170   (0.016) 0.015 0.001 0.002 0.001 0.002 
 189   (0.015) 0.005 0.001 0.003 0.001 0.019 
 203   (0.017) 0.004 0.003 0.020 0.001 0.002 
 187   (0.017) 0.014 0.001 0.002 0.002 0.002 
 198   (0.014) 0.005 0.001 0.002 0.004 0.002 

Values of parameters used in structure:
DATAFILE=STRUCTURE_main_final_278_HEG_ZG.str,	OUTFILE=STRUCTURE_main_final_278_HEG_ZG-K5-4,	NUMINDS=278,	NUMLOCI=15,	MISSING=-9,	LABEL=1,	POPDATA=1,	POPFLAG=0,	PHENOTYPE=0,	EXTRACOLS=0,	MAXPOPS=5,	BURNIN=100000,	NUMREPS=500000,	USEPOPINFO=0,	INFERALPHA=1,	INFERLAMBDA=0,	POPSPECIFICLAMBDA=0,	POPALPHAS=0,	COMPUTEPROB=1,	NOADMIX=0,	ADMBURNIN=2500,	UPDATEFREQ=1,	PRINTLIKES=0,	INTERMEDSAVE=0,	PRINTKLD=0,	PRINTNET=0,	PRINTLAMBDA=0,	ANCESTDIST=0,	NUMBOXES=1000,	ANCESTPINT=0.90000,	GENSBACK=2,	MIGRPRIOR=0.05000,	PRINTQHAT=0,	PRINTQSUM=0,	ALPHA=1.0000,	FREQSCORR=1,	FPRIORMEAN=0.0100,	FPRIORSD=0.0500,	ONEFST=0,	LAMBDA=1.0000,	UNIFPRIORALPHA=1,	ALPHAMAX=10.0000,	ALPHAPRIORA=1.0000,	ALPHAPRIORB=2.0000,	ALPHAPROPSD=0.0250,	STARTATPOPINFO=0,	RANDOMIZE=1,	LINKAGE=0,	METROFREQ=10,	REPORTHITRATE=0,	MARKOVPHASE=-1,	PHASED=0,	PLOIDY=2,	PHASEINFO=0	LOCPRIOR=0, 	LOCPRIORINIT=1.000000, 	LOCDATA=0, 	LOCISPOP=0, 	LOCPRIORSTEP=0.100000, 	MAXLOCPRIOR=20.000000, 	SEED=1782480886,	
[STRAT parameters]:    NUMSIMSTATS=1000,	PHENOTYPECOL=-9,	POOLFREQ=10,	LOCUSxONLY=0,	EMERROR=0.00100,	MISSINGPHENO=-9,	