

----------------------------------------------------
STRUCTURE by Pritchard, Stephens and Donnelly (2000)
     and Falush, Stephens and Pritchard (2003)
       Code by Pritchard, Falush and Hubisz
             Version 2.3.4 (Jul 2012)
----------------------------------------------------



Command line arguments:   structure -K 3 -i STRUCTURE_main_final_278_HEG_ZG.str -o STRUCTURE_main_final_278_HEG_ZG-K3-17 
Input File:    STRUCTURE_main_final_278_HEG_ZG.str

Run parameters:
   278 individuals
   15 loci
   3 populations assumed
   100000 Burn-in period
   500000 Reps


--------------------------------------------
Proportion of membership of each pre-defined
 population in each of the 3 clusters

Given    Inferred Clusters       Number of
 Pop       1      2      3      Individuals

  1:     0.162  0.167  0.671       24
  2:     0.042  0.830  0.128       24
  3:     0.593  0.373  0.034       24
  4:     0.231  0.230  0.539       24
  5:     0.203  0.643  0.154       24
  6:     0.042  0.056  0.902       24
  7:     0.030  0.039  0.931       24
  8:     0.698  0.186  0.116       14
  9:     0.427  0.538  0.035       24
 10:     0.870  0.102  0.028       24
 11:     0.772  0.185  0.043       24
 12:     0.359  0.175  0.465       24
--------------------------------------------

Allele-freq. divergence among pops (Net nucleotide distance),
computed using point estimates of P.

      1       2       3      
 1      -    0.0253  0.0383  
 2   0.0253     -    0.0232  
 3   0.0383  0.0232     -    

Average distances (expected heterozygosity) between individuals in same cluster:
cluster  1  : 0.6379 
cluster  2  : 0.6686 
cluster  3  : 0.6259 

--------------------------------------------
Estimated Ln Prob of Data   = -13295.2
Mean value of ln likelihood = -13029.9
Variance of ln likelihood   = 530.6
Mean value of alpha         = 0.0873

Mean value of Fst_1         = 0.0577
Mean value of Fst_2         = 0.0353
Mean value of Fst_3         = 0.0599


Inferred ancestry of individuals:
        Label (%Miss) Pop:  Inferred clusters
  1 24.0601.E1    (0)    1 :  0.014 0.036 0.950 
  2 24.0602.E1    (0)    1 :  0.071 0.043 0.885 
  3 24.0603.E1    (0)    1 :  0.022 0.040 0.938 
  4 24.0604.E1    (0)    1 :  0.121 0.157 0.722 
  5 24.0605.E1    (0)    1 :  0.025 0.043 0.932 
  6 24.0606.E1    (0)    1 :  0.035 0.025 0.941 
  7 24.0607.E1    (0)    1 :  0.017 0.544 0.439 
  8 24.0608.E1    (0)    1 :  0.142 0.023 0.835 
  9 24.0609.E1    (0)    1 :  0.850 0.040 0.111 
 10 24.0610.E1    (0)    1 :  0.542 0.013 0.446 
 11 24.0611.E1    (0)    1 :  0.086 0.086 0.827 
 12 24.0612.E1    (0)    1 :  0.012 0.046 0.942 
 13 24.0613.E1    (0)    1 :  0.048 0.018 0.934 
 14 24.0614.E1    (0)    1 :  0.148 0.036 0.816 
 15 24.0615.E1    (0)    1 :  0.205 0.181 0.613 
 16 24.0616.E1    (0)    1 :  0.031 0.083 0.886 
 17 24.0617.E1    (0)    1 :  0.661 0.069 0.271 
 18 24.0618.E1    (0)    1 :  0.558 0.101 0.341 
 19 24.0619.E1    (0)    1 :  0.015 0.884 0.101 
 20 24.0620.E1   (20)    1 :  0.072 0.078 0.850 
 21 24.0621.E1    (0)    1 :  0.078 0.896 0.026 
 22 24.0622.E1    (0)    1 :  0.031 0.026 0.943 
 23 24.0623.E1    (0)    1 :  0.061 0.530 0.409 
 24 24.0624.E1    (0)    1 :  0.034 0.020 0.946 
 25 24.0625.E1    (0)    2 :  0.059 0.819 0.121 
 26 24.0626.E1    (0)    2 :  0.034 0.907 0.058 
 27 24.0627.E1    (0)    2 :  0.009 0.971 0.020 
 28 24.0628.E1    (0)    2 :  0.282 0.322 0.396 
 29 24.0629.E1    (0)    2 :  0.014 0.947 0.039 
 30 24.0630.E1    (0)    2 :  0.023 0.833 0.143 
 31 24.0631.E1    (0)    2 :  0.007 0.972 0.021 
 32 24.0632.E1    (0)    2 :  0.011 0.912 0.077 
 33 24.0633.E1    (0)    2 :  0.132 0.713 0.155 
 34 24.0634.E1    (0)    2 :  0.017 0.959 0.024 
 35 24.0635.E1    (0)    2 :  0.040 0.910 0.050 
 36 24.0636.E1   (33)    2 :  0.022 0.047 0.931 
 37 24.0637.E1    (0)    2 :  0.008 0.974 0.018 
 38 24.0638.E1    (0)    2 :  0.011 0.976 0.013 
 39 24.0639.E1    (0)    2 :  0.021 0.943 0.036 
 40 24.0640.E1    (0)    2 :  0.010 0.970 0.020 
 41 24.0641.E1    (0)    2 :  0.016 0.937 0.047 
 42 24.0642.E1    (0)    2 :  0.011 0.541 0.448 
 43 24.0643.E1    (0)    2 :  0.013 0.921 0.066 
 44 24.0644.E1    (0)    2 :  0.097 0.867 0.037 
 45 24.0645.E1    (0)    2 :  0.063 0.651 0.287 
 46 24.0646.E1    (0)    2 :  0.095 0.867 0.038 
 47 24.0647.E1    (0)    2 :  0.008 0.975 0.018 
 48 24.0648.E1    (0)    2 :  0.008 0.974 0.018 
 49 24.0649.E1    (0)    3 :  0.898 0.090 0.012 
 50 24.0650.E1    (0)    3 :  0.779 0.015 0.206 
 51 24.0651.E1    (0)    3 :  0.064 0.909 0.027 
 52 24.0652.E1    (0)    3 :  0.914 0.060 0.025 
 53 24.0653.E1    (0)    3 :  0.076 0.914 0.011 
 54 24.0654.E1    (0)    3 :  0.974 0.016 0.010 
 55 24.0655.E1    (0)    3 :  0.596 0.354 0.049 
 56 24.0656.E1    (0)    3 :  0.962 0.014 0.024 
 57 24.0657.E1    (0)    3 :  0.962 0.015 0.023 
 58 24.0658.E1    (0)    3 :  0.908 0.058 0.034 
 59 24.0659.E1    (0)    3 :  0.657 0.314 0.029 
 60 24.0660.E1    (6)    3 :  0.543 0.398 0.059 
 61 24.0661.E1    (0)    3 :  0.964 0.013 0.023 
 62 24.0662.E1    (0)    3 :  0.107 0.855 0.038 
 63 24.0663.E1    (0)    3 :  0.982 0.010 0.009 
 64 24.0664.E1    (0)    3 :  0.958 0.025 0.017 
 65 24.0665.E1    (0)    3 :  0.891 0.057 0.052 
 66 24.0666.E1    (0)    3 :  0.047 0.936 0.018 
 67 24.0667.E1    (0)    3 :  0.030 0.954 0.016 
 68 24.0668.E1    (0)    3 :  0.016 0.976 0.008 
 69 24.0669.E1    (0)    3 :  0.019 0.971 0.009 
 70 24.0670.E1    (0)    3 :  0.856 0.128 0.016 
 71 24.0671.E1    (0)    3 :  0.888 0.080 0.032 
 72 24.0672.E1    (0)    3 :  0.136 0.797 0.067 
 73 24.0673.E1    (6)    4 :  0.081 0.023 0.896 
 74 24.0674.E1    (0)    4 :  0.020 0.020 0.960 
 75 24.0675.E1    (0)    4 :  0.676 0.034 0.289 
 76 24.0676.E1    (0)    4 :  0.924 0.016 0.060 
 77 24.0677.E1    (0)    4 :  0.795 0.066 0.139 
 78 24.0678.E1    (0)    4 :  0.042 0.821 0.137 
 79 24.0679.E1    (0)    4 :  0.596 0.228 0.177 
 80 24.0680.E1    (0)    4 :  0.034 0.903 0.063 
 81 24.0681.E1    (0)    4 :  0.094 0.167 0.739 
 82 24.0682.E1    (0)    4 :  0.043 0.025 0.931 
 83 24.0683.E1    (0)    4 :  0.017 0.018 0.965 
 84 24.0684.E1    (0)    4 :  0.022 0.049 0.929 
 85 24.0685.E1    (0)    4 :  0.033 0.050 0.917 
 86 24.0686.E1    (0)    4 :  0.025 0.935 0.039 
 87 24.0687.E1    (0)    4 :  0.022 0.934 0.044 
 88 24.0688.E1    (0)    4 :  0.035 0.025 0.940 
 89 24.0689.E1    (0)    4 :  0.606 0.073 0.321 
 90 24.0690.E1    (0)    4 :  0.027 0.929 0.044 
 91 24.0691.E1    (0)    4 :  0.073 0.018 0.909 
 92 24.0692.E1    (0)    4 :  0.722 0.045 0.233 
 93 24.0693.E1    (0)    4 :  0.443 0.024 0.532 
 94 24.0694.E1    (0)    4 :  0.055 0.036 0.908 
 95 24.0695.E1    (0)    4 :  0.098 0.024 0.878 
 96 24.0696.E1    (0)    4 :  0.054 0.052 0.894 
 97 24.0697.E1    (0)    5 :  0.250 0.329 0.421 
 98 24.0698.E1    (0)    5 :  0.155 0.477 0.368 
 99 24.0699.E1    (0)    5 :  0.305 0.639 0.056 
100 24.0700.E1    (0)    5 :  0.155 0.820 0.025 
101 24.0701.E1    (0)    5 :  0.023 0.951 0.026 
102 24.0702.E1    (0)    5 :  0.025 0.945 0.030 
103 24.0703.E1    (0)    5 :  0.092 0.876 0.033 
104 24.0704.E1    (6)    5 :  0.063 0.881 0.057 
105 24.0705.E1    (0)    5 :  0.053 0.533 0.414 
106 24.0706.E1    (0)    5 :  0.167 0.809 0.025 
107 24.0707.E1    (0)    5 :  0.037 0.857 0.107 
108 24.0708.E1    (0)    5 :  0.133 0.745 0.122 
109 24.0709.E1    (0)    5 :  0.873 0.072 0.055 
110 24.0710.E1    (0)    5 :  0.100 0.479 0.422 
111 24.0711.E1    (0)    5 :  0.037 0.859 0.104 
112 24.0712.E1    (0)    5 :  0.013 0.966 0.021 
113 24.0713.E1    (0)    5 :  0.722 0.232 0.046 
114 24.0714.E1    (0)    5 :  0.178 0.765 0.057 
115 24.0715.E1    (0)    5 :  0.081 0.061 0.858 
116 24.0716.E1    (0)    5 :  0.116 0.809 0.074 
117 24.0717.E1    (0)    5 :  0.320 0.459 0.220 
118 24.0718.E1    (0)    5 :  0.031 0.901 0.068 
119 24.0719.E1    (0)    5 :  0.116 0.857 0.027 
120 24.0720.E1    (0)    5 :  0.826 0.120 0.054 
121 24.0721.E1    (0)    6 :  0.073 0.052 0.875 
122 24.0722.E1    (0)    6 :  0.017 0.199 0.784 
123 24.0723.E1    (0)    6 :  0.118 0.307 0.574 
124 24.0724.E1    (0)    6 :  0.056 0.043 0.901 
125 24.0725.E1    (0)    6 :  0.064 0.044 0.892 
126 24.0726.E1    (6)    6 :  0.018 0.018 0.965 
127 24.0727.E1    (0)    6 :  0.024 0.059 0.917 
128 24.0728.E1    (0)    6 :  0.039 0.041 0.920 
129 24.0729.E1    (0)    6 :  0.026 0.020 0.954 
130 24.0730.E1    (0)    6 :  0.192 0.061 0.747 
131 24.0731.E1    (0)    6 :  0.017 0.011 0.971 
132 24.0732.E1    (0)    6 :  0.015 0.016 0.969 
133 24.0733.E1    (0)    6 :  0.011 0.009 0.980 
134 24.0734.E1    (0)    6 :  0.015 0.019 0.966 
135 24.0735.E1    (0)    6 :  0.032 0.037 0.931 
136 24.0736.E1    (0)    6 :  0.012 0.016 0.972 
137 24.0737.E1    (0)    6 :  0.037 0.121 0.843 
138 24.0738.E1    (0)    6 :  0.018 0.019 0.963 
139 24.0739.E1    (0)    6 :  0.041 0.041 0.918 
140 24.0740.E1    (0)    6 :  0.062 0.023 0.914 
141 24.0741.E1    (0)    6 :  0.016 0.011 0.973 
142 24.0742.E1    (0)    6 :  0.010 0.016 0.974 
143 24.0743.E1    (0)    6 :  0.028 0.012 0.960 
144 24.0744.E1    (0)    6 :  0.068 0.146 0.786 
145 24.0745.E1    (0)    7 :  0.028 0.029 0.942 
146 24.0746.E1    (0)    7 :  0.019 0.088 0.892 
147 24.0747.E1    (0)    7 :  0.027 0.014 0.959 
148 24.0748.E1    (6)    7 :  0.045 0.019 0.936 
149 24.0749.E1    (0)    7 :  0.010 0.015 0.975 
150 24.0750.E1    (0)    7 :  0.036 0.081 0.884 
151 24.0751.E1    (0)    7 :  0.009 0.017 0.974 
152 24.0752.E1    (0)    7 :  0.008 0.011 0.981 
153 24.0753.E1    (0)    7 :  0.011 0.029 0.961 
154 24.0754.E1    (0)    7 :  0.016 0.012 0.972 
155 24.0755.E1    (0)    7 :  0.059 0.023 0.918 
156 24.0756.E1    (0)    7 :  0.016 0.013 0.971 
157 24.0757.E1    (0)    7 :  0.009 0.011 0.981 
158 24.0758.E1    (0)    7 :  0.009 0.011 0.980 
159 24.0759.E1    (0)    7 :  0.014 0.014 0.973 
160 24.0760.E1    (0)    7 :  0.019 0.103 0.877 
161 24.0761.E1    (0)    7 :  0.011 0.013 0.976 
162 24.0762.E1    (0)    7 :  0.268 0.345 0.388 
163 24.0763.E1    (0)    7 :  0.010 0.009 0.980 
164 24.0764.E1    (0)    7 :  0.008 0.012 0.979 
165 24.0765.E1    (0)    7 :  0.013 0.024 0.963 
166 24.0766.E1    (0)    7 :  0.011 0.010 0.979 
167 24.0767.E1    (0)    7 :  0.010 0.008 0.981 
168 24.0768.E1    (0)    7 :  0.043 0.026 0.930 
169 24.0779.E1    (0)    8 :  0.383 0.306 0.311 
170 24.0780.E1    (6)    8 :  0.960 0.030 0.010 
171 24.0781.E1    (0)    8 :  0.611 0.372 0.017 
172 24.0782.E1    (0)    8 :  0.059 0.074 0.867 
173 24.0783.E1    (0)    8 :  0.763 0.218 0.019 
174 24.0784.E1    (0)    8 :  0.903 0.078 0.019 
175 24.0785.E1    (0)    8 :  0.958 0.032 0.010 
176 24.0786.E1    (0)    8 :  0.802 0.101 0.097 
177 24.0787.E1    (0)    8 :  0.674 0.264 0.062 
178 24.0788.E1    (0)    8 :  0.968 0.017 0.015 
179 24.0789.E1    (0)    8 :  0.822 0.112 0.066 
180 24.0790.E1    (0)    8 :  0.955 0.035 0.010 
181 24.0791.E1    (0)    8 :  0.076 0.900 0.023 
182 24.0792.E1    (0)    8 :  0.841 0.068 0.091 
183 24.0793.E1    (0)    9 :  0.099 0.884 0.018 
184 24.0794.E1    (0)    9 :  0.751 0.048 0.201 
185 24.0795.E1    (0)    9 :  0.051 0.814 0.135 
186 24.0796.E1    (0)    9 :  0.971 0.017 0.012 
187 24.0797.E1    (0)    9 :  0.683 0.305 0.012 
188 24.0798.E1    (0)    9 :  0.111 0.856 0.032 
189 24.0799.E1    (0)    9 :  0.083 0.898 0.019 
190 24.0800.E1    (0)    9 :  0.933 0.042 0.025 
191 24.0801.E1    (0)    9 :  0.024 0.961 0.015 
192 24.0802.E1    (0)    9 :  0.100 0.887 0.013 
193 24.0803.E1    (0)    9 :  0.019 0.969 0.011 
194 24.0804.E1    (0)    9 :  0.698 0.289 0.013 
195 24.0805.E1    (0)    9 :  0.216 0.755 0.029 
196 24.0806.E1    (0)    9 :  0.023 0.964 0.013 
197 24.0807.E1    (0)    9 :  0.264 0.724 0.012 
198 24.0808.E1    (0)    9 :  0.896 0.069 0.035 
199 24.0809.E1    (0)    9 :  0.756 0.154 0.091 
200 24.0810.E1    (0)    9 :  0.122 0.811 0.067 
201 24.0811.E1    (0)    9 :  0.792 0.186 0.022 
202 24.0812.E1    (0)    9 :  0.934 0.041 0.024 
203 24.0813.E1    (0)    9 :  0.522 0.459 0.019 
204 24.0814.E1    (6)    9 :  0.943 0.046 0.011 
205 24.0815.E1    (0)    9 :  0.103 0.884 0.013 
206 24.0816.E1    (0)    9 :  0.145 0.844 0.010 
207 24.0817.E1    (0)   10 :  0.957 0.025 0.018 
208 24.0818.E1    (0)   10 :  0.907 0.052 0.041 
209 24.0819.E1    (0)   10 :  0.176 0.764 0.059 
210 24.0820.E1    (0)   10 :  0.883 0.026 0.092 
211 24.0821.E1    (0)   10 :  0.805 0.178 0.017 
212 24.0822.E1    (0)   10 :  0.972 0.011 0.017 
213 24.0823.E1    (0)   10 :  0.943 0.021 0.036 
214 24.0824.E1    (0)   10 :  0.469 0.473 0.058 
215 24.0825.E1    (0)   10 :  0.971 0.013 0.016 
216 24.0826.E1    (0)   10 :  0.938 0.021 0.041 
217 24.0827.E1    (0)   10 :  0.948 0.031 0.022 
218 24.0828.E1    (0)   10 :  0.963 0.018 0.019 
219 24.0829.E1    (0)   10 :  0.950 0.034 0.016 
220 24.0830.E1    (0)   10 :  0.967 0.023 0.011 
221 24.0831.E1    (0)   10 :  0.953 0.038 0.009 
222 24.0832.E1    (0)   10 :  0.981 0.008 0.011 
223 24.0833.E1    (0)   10 :  0.982 0.008 0.010 
224 24.0834.E1    (0)   10 :  0.974 0.011 0.015 
225 24.0835.E1    (0)   10 :  0.960 0.022 0.018 
226 24.0836.E1    (0)   10 :  0.945 0.025 0.030 
227 24.0837.E1    (0)   10 :  0.973 0.013 0.014 
228 24.0838.E1    (0)   10 :  0.968 0.011 0.021 
229 24.0839.E1    (0)   10 :  0.428 0.505 0.068 
230 24.0840.E1    (0)   10 :  0.864 0.118 0.018 
231 24.0841.E1    (0)   11 :  0.911 0.015 0.075 
232 24.0842.E1    (0)   11 :  0.879 0.081 0.039 
233 24.0843.E1    (0)   11 :  0.866 0.117 0.017 
234 24.0844.E1    (0)   11 :  0.541 0.433 0.026 
235 24.0845.E1    (0)   11 :  0.971 0.018 0.011 
236 24.0846.E1    (0)   11 :  0.948 0.032 0.021 
237 24.0847.E1    (0)   11 :  0.946 0.019 0.035 
238 24.0848.E1    (0)   11 :  0.969 0.018 0.013 
239 24.0849.E1    (0)   11 :  0.973 0.014 0.014 
240 24.0850.E1    (0)   11 :  0.973 0.013 0.014 
241 24.0851.E1    (0)   11 :  0.973 0.013 0.014 
242 24.0852.E1    (0)   11 :  0.967 0.015 0.018 
243 24.0853.E1    (0)   11 :  0.973 0.014 0.013 
244 24.0854.E1    (0)   11 :  0.160 0.825 0.016 
245 24.0855.E1    (0)   11 :  0.966 0.016 0.017 
246 24.0856.E1    (0)   11 :  0.035 0.908 0.058 
247 24.0857.E1    (0)   11 :  0.938 0.031 0.031 
248 24.0858.E1    (0)   11 :  0.945 0.030 0.025 
249 24.0859.E1    (0)   11 :  0.907 0.040 0.053 
250 24.0860.E1    (0)   11 :  0.051 0.923 0.027 
251 24.0861.E1    (0)   11 :  0.968 0.015 0.017 
252 24.0862.E1    (0)   11 :  0.168 0.812 0.020 
253 24.0863.E1    (0)   11 :  0.968 0.015 0.017 
254 24.0864.E1    (0)   11 :  0.527 0.035 0.438 
255 24.0865.E1    (0)   12 :  0.822 0.024 0.154 
256 24.0866.E1    (0)   12 :  0.830 0.041 0.130 
257 24.0867.E1    (0)   12 :  0.560 0.066 0.374 
258 24.0868.E1    (0)   12 :  0.774 0.148 0.077 
259 24.0869.E1    (0)   12 :  0.877 0.073 0.050 
260 24.0870.E1    (0)   12 :  0.450 0.315 0.235 
261 24.0871.E1    (0)   12 :  0.292 0.470 0.238 
262 24.0872.E1    (0)   12 :  0.534 0.210 0.256 
263 24.0873.E1    (0)   12 :  0.864 0.038 0.098 
264 24.0874.E1    (0)   12 :  0.599 0.048 0.353 
265 24.0875.E1    (0)   12 :  0.027 0.954 0.019 
266 24.0876.E1    (0)   12 :  0.018 0.747 0.234 
267 24.0877.E1    (0)   12 :  0.015 0.014 0.971 
268 24.0878.E1    (0)   12 :  0.226 0.016 0.758 
269 24.0879.E1    (0)   12 :  0.027 0.363 0.610 
270 24.0880.E1    (0)   12 :  0.922 0.041 0.037 
271 24.0881.E1    (0)   12 :  0.018 0.018 0.964 
272 24.0882.E1    (0)   12 :  0.011 0.011 0.978 
273 24.0883.E1    (0)   12 :  0.018 0.107 0.875 
274 24.0884.E1    (0)   12 :  0.018 0.019 0.963 
275 24.0885.E1    (0)   12 :  0.035 0.077 0.889 
276 24.0886.E1    (0)   12 :  0.018 0.036 0.946 
277 24.0887.E1    (0)   12 :  0.011 0.080 0.909 
278 24.0888.E1    (0)   12 :  0.658 0.294 0.048 


Estimated Allele Frequencies in each cluster
First column gives estimated ancestral frequencies


Locus 1 : 
31 alleles
0.0% missing data
 115   (0.038) 0.010 0.021 0.097 
 117   (0.038) 0.007 0.022 0.173 
 119   (0.052) 0.006 0.065 0.244 
 131   (0.017) 0.003 0.003 0.023 
 128   (0.035) 0.024 0.022 0.023 
 135   (0.016) 0.002 0.003 0.029 
 126   (0.074) 0.126 0.062 0.063 
 122   (0.027) 0.006 0.081 0.004 
 132   (0.030) 0.027 0.017 0.009 
 141   (0.012) 0.001 0.005 0.003 
 130   (0.048) 0.051 0.050 0.020 
 134   (0.034) 0.036 0.049 0.004 
 145   (0.028) 0.022 0.013 0.007 
 127   (0.026) 0.002 0.014 0.070 
 116   (0.104) 0.204 0.158 0.056 
 114   (0.046) 0.113 0.063 0.006 
 120   (0.038) 0.018 0.068 0.007 
 110   (0.046) 0.036 0.030 0.040 
 133   (0.017) 0.001 0.008 0.006 
 118   (0.108) 0.239 0.203 0.032 
 125   (0.016) 0.006 0.007 0.001 
 129   (0.020) 0.002 0.007 0.026 
 124   (0.018) 0.006 0.010 0.004 
 136   (0.022) 0.033 0.004 0.006 
 121   (0.015) 0.001 0.002 0.025 
 139   (0.012) 0.001 0.002 0.005 
 113   (0.012) 0.001 0.002 0.006 
 111   (0.012) 0.001 0.002 0.006 
 143   (0.011) 0.001 0.002 0.006 
 140   (0.014) 0.006 0.006 0.001 
 112   (0.013) 0.005 0.002 0.001 

Locus 2 : 
18 alleles
0.0% missing data
 152   (0.386) 0.293 0.470 0.638 
 148   (0.062) 0.007 0.085 0.133 
 154   (0.117) 0.127 0.135 0.066 
 156   (0.018) 0.002 0.008 0.005 
 150   (0.029) 0.002 0.022 0.019 
 164   (0.067) 0.085 0.032 0.061 
 158   (0.034) 0.004 0.042 0.015 
 160   (0.020) 0.005 0.005 0.011 
 166   (0.019) 0.003 0.022 0.002 
 151   (0.062) 0.299 0.056 0.005 
 147   (0.059) 0.132 0.074 0.006 
 168   (0.022) 0.011 0.013 0.002 
 153   (0.016) 0.008 0.004 0.001 
 149   (0.024) 0.002 0.014 0.011 
 162   (0.021) 0.008 0.010 0.003 
 167   (0.015) 0.001 0.002 0.010 
 146   (0.015) 0.001 0.002 0.011 
 172   (0.016) 0.008 0.005 0.001 

Locus 3 : 
4 alleles
0.0% missing data
 128   (0.301) 0.315 0.283 0.317 
 126   (0.604) 0.611 0.641 0.649 
 132   (0.079) 0.073 0.063 0.033 
 134   (0.016) 0.001 0.013 0.001 

Locus 4 : 
3 alleles
0.0% missing data
 170   (0.321) 0.318 0.339 0.267 
 172   (0.665) 0.680 0.657 0.730 
 171   (0.014) 0.002 0.004 0.003 

Locus 5 : 
37 alleles
0.0% missing data
 125   (0.050) 0.055 0.065 0.046 
 110   (0.036) 0.037 0.040 0.016 
 129   (0.035) 0.056 0.021 0.024 
 113   (0.035) 0.050 0.043 0.010 
 145   (0.047) 0.046 0.028 0.161 
 155   (0.052) 0.031 0.092 0.076 
 117   (0.028) 0.014 0.013 0.054 
 124   (0.011) 0.001 0.002 0.010 
 133   (0.034) 0.024 0.019 0.048 
 157   (0.046) 0.064 0.073 0.023 
 141   (0.017) 0.008 0.014 0.002 
 112   (0.070) 0.095 0.092 0.110 
 121   (0.023) 0.020 0.016 0.005 
 114   (0.031) 0.044 0.008 0.110 
 153   (0.055) 0.067 0.104 0.033 
 127   (0.056) 0.130 0.051 0.074 
 131   (0.061) 0.047 0.104 0.095 
 135   (0.030) 0.039 0.031 0.007 
 104   (0.011) 0.002 0.004 0.002 
 118   (0.018) 0.002 0.014 0.010 
 116   (0.028) 0.010 0.031 0.012 
 137   (0.023) 0.003 0.051 0.010 
 123   (0.025) 0.035 0.014 0.006 
 149   (0.010) 0.004 0.002 0.002 
 138   (0.013) 0.022 0.004 0.001 
 143   (0.027) 0.032 0.010 0.023 
 163   (0.010) 0.001 0.006 0.001 
 109   (0.011) 0.001 0.002 0.010 
 139   (0.011) 0.001 0.007 0.001 
 106   (0.011) 0.001 0.006 0.001 
 144   (0.018) 0.010 0.013 0.002 
 122   (0.011) 0.001 0.002 0.010 
 100   (0.016) 0.019 0.008 0.002 
 111   (0.012) 0.015 0.002 0.001 
 233   (0.010) 0.004 0.003 0.001 
 134   (0.010) 0.005 0.002 0.001 
 140   (0.011) 0.004 0.003 0.001 

Locus 6 : 
17 alleles
0.0% missing data
 221   (0.022) 0.002 0.006 0.085 
 232   (0.245) 0.379 0.276 0.273 
 229   (0.058) 0.035 0.038 0.066 
 223   (0.061) 0.042 0.041 0.060 
 230   (0.146) 0.158 0.143 0.202 
 235   (0.021) 0.003 0.006 0.026 
 236   (0.042) 0.012 0.031 0.039 
 227   (0.022) 0.002 0.008 0.030 
 220   (0.051) 0.069 0.078 0.006 
 222   (0.047) 0.038 0.108 0.004 
 234   (0.123) 0.120 0.138 0.129 
 224   (0.033) 0.031 0.036 0.003 
 228   (0.055) 0.088 0.057 0.011 
 225   (0.012) 0.001 0.006 0.001 
 226   (0.025) 0.015 0.020 0.002 
 233   (0.021) 0.003 0.006 0.041 
 231   (0.016) 0.002 0.003 0.020 

Locus 7 : 
10 alleles
0.0% missing data
 121   (0.684) 0.796 0.766 0.803 
 129   (0.074) 0.106 0.030 0.082 
 130   (0.016) 0.002 0.011 0.002 
 123   (0.103) 0.078 0.127 0.053 
 128   (0.024) 0.002 0.015 0.011 
 131   (0.016) 0.002 0.012 0.002 
 117   (0.014) 0.005 0.003 0.001 
 125   (0.016) 0.001 0.013 0.001 
 134   (0.038) 0.008 0.023 0.035 
 132   (0.015) 0.001 0.002 0.011 

Locus 8 : 
19 alleles
0.0% missing data
 184   (0.307) 0.331 0.455 0.444 
 194   (0.045) 0.015 0.041 0.036 
 178   (0.103) 0.151 0.088 0.119 
 176   (0.075) 0.072 0.054 0.114 
 182   (0.079) 0.081 0.060 0.100 
 190   (0.037) 0.011 0.031 0.018 
 196   (0.017) 0.033 0.003 0.002 
 200   (0.027) 0.003 0.027 0.013 
 180   (0.023) 0.003 0.042 0.004 
 188   (0.031) 0.053 0.008 0.014 
 174   (0.038) 0.006 0.043 0.032 
 186   (0.109) 0.188 0.106 0.089 
 192   (0.029) 0.028 0.012 0.006 
 201   (0.012) 0.001 0.007 0.001 
 199   (0.019) 0.006 0.014 0.002 
 185   (0.012) 0.005 0.002 0.001 
 203   (0.012) 0.005 0.002 0.001 
 198   (0.012) 0.005 0.002 0.001 
 209   (0.012) 0.003 0.004 0.001 

Locus 9 : 
6 alleles
0.4% missing data
 154   (0.701) 0.810 0.739 0.681 
 156   (0.204) 0.105 0.237 0.252 
 152   (0.041) 0.069 0.007 0.035 
 153   (0.016) 0.007 0.006 0.002 
 160   (0.018) 0.007 0.007 0.002 
 164   (0.020) 0.002 0.004 0.029 

Locus 10 : 
29 alleles
0.7% missing data
 305   (0.065) 0.022 0.130 0.049 
 313   (0.045) 0.033 0.022 0.061 
 311   (0.015) 0.002 0.004 0.008 
 299   (0.104) 0.144 0.086 0.141 
 315   (0.063) 0.020 0.087 0.075 
 287   (0.058) 0.022 0.146 0.021 
 291   (0.071) 0.285 0.024 0.102 
 295   (0.027) 0.008 0.008 0.080 
 289   (0.020) 0.002 0.048 0.002 
 303   (0.076) 0.143 0.031 0.187 
 297   (0.045) 0.034 0.019 0.078 
 293   (0.018) 0.002 0.048 0.002 
 301   (0.056) 0.039 0.046 0.049 
 285   (0.035) 0.009 0.119 0.006 
 307   (0.048) 0.043 0.021 0.097 
 312   (0.043) 0.061 0.064 0.005 
 306   (0.022) 0.034 0.005 0.005 
 320   (0.014) 0.008 0.005 0.001 
 317   (0.021) 0.031 0.004 0.005 
 314   (0.025) 0.004 0.013 0.015 
 323   (0.012) 0.001 0.006 0.001 
 325   (0.012) 0.002 0.006 0.001 
 310   (0.016) 0.018 0.004 0.002 
 309   (0.014) 0.002 0.011 0.001 
 316   (0.015) 0.014 0.003 0.001 
 296   (0.012) 0.005 0.002 0.001 
 304   (0.019) 0.004 0.020 0.002 
 321   (0.014) 0.002 0.011 0.001 
 332   (0.016) 0.005 0.007 0.002 

Locus 11 : 
19 alleles
0.0% missing data
 114   (0.135) 0.066 0.163 0.227 
 126   (0.017) 0.001 0.003 0.029 
 111   (0.152) 0.357 0.160 0.066 
 116   (0.077) 0.018 0.086 0.178 
 132   (0.013) 0.001 0.002 0.005 
 109   (0.016) 0.002 0.003 0.019 
 128   (0.015) 0.009 0.003 0.003 
 112   (0.306) 0.260 0.409 0.406 
 122   (0.016) 0.005 0.006 0.004 
 124   (0.013) 0.001 0.007 0.001 
 118   (0.049) 0.024 0.041 0.028 
 127   (0.013) 0.005 0.003 0.001 
 113   (0.049) 0.191 0.042 0.004 
 115   (0.038) 0.008 0.037 0.016 
 120   (0.023) 0.025 0.008 0.002 
 117   (0.019) 0.005 0.013 0.003 
 125   (0.020) 0.011 0.008 0.002 
 119   (0.016) 0.009 0.004 0.001 
 136   (0.013) 0.001 0.004 0.004 

Locus 12 : 
28 alleles
0.7% missing data
 306   (0.064) 0.015 0.139 0.046 
 314   (0.048) 0.059 0.017 0.054 
 312   (0.013) 0.001 0.002 0.011 
 300   (0.106) 0.144 0.086 0.147 
 316   (0.039) 0.008 0.025 0.068 
 288   (0.058) 0.021 0.143 0.020 
 292   (0.075) 0.288 0.025 0.103 
 296   (0.032) 0.012 0.009 0.082 
 290   (0.021) 0.002 0.048 0.002 
 304   (0.078) 0.142 0.031 0.188 
 298   (0.046) 0.034 0.019 0.078 
 294   (0.020) 0.002 0.049 0.002 
 302   (0.059) 0.039 0.046 0.049 
 286   (0.036) 0.009 0.124 0.006 
 308   (0.031) 0.003 0.018 0.082 
 313   (0.043) 0.030 0.076 0.006 
 307   (0.032) 0.074 0.007 0.018 
 321   (0.015) 0.008 0.005 0.001 
 315   (0.050) 0.022 0.072 0.021 
 318   (0.016) 0.029 0.002 0.001 
 324   (0.012) 0.002 0.006 0.001 
 326   (0.013) 0.002 0.006 0.001 
 311   (0.022) 0.027 0.009 0.004 
 310   (0.015) 0.002 0.011 0.001 
 305   (0.017) 0.012 0.005 0.002 
 317   (0.014) 0.009 0.003 0.001 
 320   (0.012) 0.002 0.006 0.001 
 322   (0.015) 0.002 0.011 0.001 

Locus 13 : 
7 alleles
1.1% missing data
 161   (0.541) 0.491 0.428 0.773 
 163   (0.309) 0.450 0.311 0.148 
 160   (0.038) 0.004 0.121 0.006 
 162   (0.033) 0.003 0.124 0.003 
 165   (0.047) 0.050 0.011 0.039 
 166   (0.014) 0.001 0.003 0.005 
 164   (0.018) 0.001 0.003 0.026 

Locus 14 : 
4 alleles
0.4% missing data
  98   (0.956) 0.989 0.993 0.986 
 100   (0.014) 0.005 0.002 0.001 
  96   (0.016) 0.001 0.002 0.011 
 105   (0.014) 0.005 0.003 0.002 

Locus 15 : 
12 alleles
2.2% missing data
 171   (0.282) 0.345 0.285 0.299 
 177   (0.179) 0.126 0.261 0.141 
 173   (0.255) 0.441 0.228 0.223 
 179   (0.127) 0.037 0.161 0.235 
 183   (0.023) 0.003 0.008 0.016 
 181   (0.036) 0.034 0.007 0.043 
 197   (0.022) 0.007 0.004 0.021 
 170   (0.015) 0.001 0.012 0.002 
 189   (0.016) 0.001 0.013 0.001 
 203   (0.016) 0.001 0.003 0.016 
 187   (0.016) 0.001 0.013 0.001 
 198   (0.014) 0.002 0.006 0.001 

Values of parameters used in structure:
DATAFILE=STRUCTURE_main_final_278_HEG_ZG.str,	OUTFILE=STRUCTURE_main_final_278_HEG_ZG-K3-17,	NUMINDS=278,	NUMLOCI=15,	MISSING=-9,	LABEL=1,	POPDATA=1,	POPFLAG=0,	PHENOTYPE=0,	EXTRACOLS=0,	MAXPOPS=3,	BURNIN=100000,	NUMREPS=500000,	USEPOPINFO=0,	INFERALPHA=1,	INFERLAMBDA=0,	POPSPECIFICLAMBDA=0,	POPALPHAS=0,	COMPUTEPROB=1,	NOADMIX=0,	ADMBURNIN=2500,	UPDATEFREQ=1,	PRINTLIKES=0,	INTERMEDSAVE=0,	PRINTKLD=0,	PRINTNET=0,	PRINTLAMBDA=0,	ANCESTDIST=0,	NUMBOXES=1000,	ANCESTPINT=0.90000,	GENSBACK=2,	MIGRPRIOR=0.05000,	PRINTQHAT=0,	PRINTQSUM=0,	ALPHA=1.0000,	FREQSCORR=1,	FPRIORMEAN=0.0100,	FPRIORSD=0.0500,	ONEFST=0,	LAMBDA=1.0000,	UNIFPRIORALPHA=1,	ALPHAMAX=10.0000,	ALPHAPRIORA=1.0000,	ALPHAPRIORB=2.0000,	ALPHAPROPSD=0.0250,	STARTATPOPINFO=0,	RANDOMIZE=1,	LINKAGE=0,	METROFREQ=10,	REPORTHITRATE=0,	MARKOVPHASE=-1,	PHASED=0,	PLOIDY=2,	PHASEINFO=0	LOCPRIOR=0, 	LOCPRIORINIT=1.000000, 	LOCDATA=0, 	LOCISPOP=0, 	LOCPRIORSTEP=0.100000, 	MAXLOCPRIOR=20.000000, 	SEED=1782479799,	
[STRAT parameters]:    NUMSIMSTATS=1000,	PHENOTYPECOL=-9,	POOLFREQ=10,	LOCUSxONLY=0,	EMERROR=0.00100,	MISSINGPHENO=-9,	