

----------------------------------------------------
STRUCTURE by Pritchard, Stephens and Donnelly (2000)
     and Falush, Stephens and Pritchard (2003)
       Code by Pritchard, Falush and Hubisz
             Version 2.3.4 (Jul 2012)
----------------------------------------------------



Command line arguments:   structure -K 10 -i STRUCTURE_main_final_278_HEG_ZG.str -o STRUCTURE_main_final_278_HEG_ZG-K10-9 
Input File:    STRUCTURE_main_final_278_HEG_ZG.str

Run parameters:
   278 individuals
   15 loci
   10 populations assumed
   100000 Burn-in period
   500000 Reps


--------------------------------------------
Proportion of membership of each pre-defined
 population in each of the 10 clusters

Given    Inferred Clusters                                                        Number of
 Pop       1      2      3      4      5      6      7      8      9     10      Individuals

  1:     0.104  0.602  0.089  0.067  0.014  0.017  0.038  0.014  0.039  0.015       24
  2:     0.028  0.017  0.018  0.056  0.735  0.045  0.036  0.037  0.014  0.015       24
  3:     0.014  0.019  0.048  0.009  0.010  0.257  0.030  0.246  0.080  0.286       24
  4:     0.020  0.055  0.048  0.038  0.023  0.033  0.547  0.049  0.032  0.156       24
  5:     0.036  0.021  0.020  0.046  0.026  0.014  0.191  0.100  0.045  0.501       24
  6:     0.011  0.461  0.014  0.229  0.023  0.021  0.090  0.030  0.050  0.070       24
  7:     0.034  0.061  0.020  0.749  0.031  0.009  0.050  0.016  0.010  0.018       24
  8:     0.053  0.020  0.079  0.011  0.013  0.048  0.066  0.015  0.017  0.678       14
  9:     0.321  0.036  0.064  0.006  0.017  0.033  0.017  0.030  0.442  0.034       24
 10:     0.037  0.012  0.635  0.013  0.008  0.164  0.011  0.039  0.057  0.026       24
 11:     0.058  0.018  0.272  0.011  0.008  0.334  0.032  0.080  0.162  0.024       24
 12:     0.112  0.268  0.049  0.107  0.020  0.077  0.224  0.045  0.010  0.089       24
--------------------------------------------

Allele-freq. divergence among pops (Net nucleotide distance),
computed using point estimates of P.

      1       2       3       4       5       6       7       8       9      10      
 1      -    0.0431  0.0651  0.0875  0.0969  0.0876  0.0468  0.0902  0.0740  0.0529  
 2   0.0431     -    0.0671  0.0667  0.0676  0.0871  0.0346  0.0875  0.0599  0.0338  
 3   0.0651  0.0671     -    0.1346  0.1117  0.0792  0.0698  0.1089  0.0559  0.0574  
 4   0.0875  0.0667  0.1346     -    0.1030  0.0892  0.0672  0.1238  0.1190  0.0777  
 5   0.0969  0.0676  0.1117  0.1030     -    0.1309  0.0765  0.1144  0.0922  0.0648  
 6   0.0876  0.0871  0.0792  0.0892  0.1309     -    0.0919  0.1125  0.0752  0.0710  
 7   0.0468  0.0346  0.0698  0.0672  0.0765  0.0919     -    0.0854  0.0770  0.0367  
 8   0.0902  0.0875  0.1089  0.1238  0.1144  0.1125  0.0854     -    0.1120  0.0697  
 9   0.0740  0.0599  0.0559  0.1190  0.0922  0.0752  0.0770  0.1120     -    0.0555  
10   0.0529  0.0338  0.0574  0.0777  0.0648  0.0710  0.0367  0.0697  0.0555     -    

Average distances (expected heterozygosity) between individuals in same cluster:
cluster  1  : 0.5936 
cluster  2  : 0.6169 
cluster  3  : 0.6042 
cluster  4  : 0.5495 
cluster  5  : 0.6132 
cluster  6  : 0.5491 
cluster  7  : 0.6024 
cluster  8  : 0.5822 
cluster  9  : 0.6000 
cluster 10  : 0.6294 

--------------------------------------------
Estimated Ln Prob of Data   = -12236.3
Mean value of ln likelihood = -11577.4
Variance of ln likelihood   = 1317.8
Mean value of alpha         = 0.0470

Mean value of Fst_1         = 0.1546
Mean value of Fst_2         = 0.0890
Mean value of Fst_3         = 0.1549
Mean value of Fst_4         = 0.1986
Mean value of Fst_5         = 0.1942
Mean value of Fst_6         = 0.2154
Mean value of Fst_7         = 0.1047
Mean value of Fst_8         = 0.1942
Mean value of Fst_9         = 0.1553
Mean value of Fst_10         = 0.0633


Inferred ancestry of individuals:
        Label (%Miss) Pop:  Inferred clusters
  1 24.0601.E1    (0)    1 :  0.010 0.911 0.007 0.012 0.014 0.012 0.009 0.011 0.010 0.006 
  2 24.0602.E1    (0)    1 :  0.019 0.902 0.013 0.010 0.004 0.009 0.007 0.009 0.018 0.009 
  3 24.0603.E1    (0)    1 :  0.010 0.855 0.005 0.021 0.005 0.006 0.025 0.007 0.017 0.049 
  4 24.0604.E1    (0)    1 :  0.026 0.641 0.046 0.005 0.008 0.005 0.111 0.147 0.006 0.005 
  5 24.0605.E1    (0)    1 :  0.018 0.835 0.008 0.037 0.008 0.012 0.030 0.006 0.035 0.010 
  6 24.0606.E1    (0)    1 :  0.008 0.751 0.021 0.020 0.010 0.006 0.137 0.005 0.027 0.014 
  7 24.0607.E1    (0)    1 :  0.667 0.057 0.011 0.162 0.006 0.008 0.013 0.010 0.019 0.047 
  8 24.0608.E1    (0)    1 :  0.020 0.636 0.047 0.121 0.003 0.135 0.007 0.006 0.018 0.007 
  9 24.0609.E1    (0)    1 :  0.057 0.188 0.463 0.006 0.005 0.013 0.228 0.008 0.009 0.024 
 10 24.0610.E1    (0)    1 :  0.008 0.477 0.410 0.009 0.005 0.005 0.056 0.005 0.011 0.015 
 11 24.0611.E1    (0)    1 :  0.014 0.844 0.029 0.006 0.007 0.005 0.023 0.005 0.060 0.007 
 12 24.0612.E1    (0)    1 :  0.011 0.903 0.008 0.017 0.009 0.005 0.007 0.017 0.010 0.012 
 13 24.0613.E1    (0)    1 :  0.007 0.911 0.018 0.005 0.007 0.005 0.031 0.005 0.005 0.006 
 14 24.0614.E1    (0)    1 :  0.011 0.176 0.009 0.336 0.006 0.068 0.009 0.005 0.374 0.006 
 15 24.0615.E1    (0)    1 :  0.103 0.555 0.179 0.065 0.016 0.019 0.011 0.020 0.020 0.011 
 16 24.0616.E1    (0)    1 :  0.028 0.909 0.011 0.005 0.014 0.006 0.009 0.006 0.006 0.007 
 17 24.0617.E1    (0)    1 :  0.033 0.251 0.601 0.024 0.029 0.008 0.015 0.006 0.017 0.015 
 18 24.0618.E1    (0)    1 :  0.011 0.769 0.063 0.005 0.008 0.018 0.031 0.005 0.051 0.038 
 19 24.0619.E1    (0)    1 :  0.623 0.292 0.011 0.005 0.026 0.004 0.019 0.004 0.008 0.008 
 20 24.0620.E1   (20)    1 :  0.052 0.033 0.048 0.711 0.013 0.009 0.086 0.011 0.015 0.022 
 21 24.0621.E1    (0)    1 :  0.685 0.048 0.059 0.006 0.005 0.037 0.018 0.008 0.122 0.013 
 22 24.0622.E1    (0)    1 :  0.007 0.909 0.010 0.009 0.021 0.006 0.015 0.005 0.005 0.015 
 23 24.0623.E1    (0)    1 :  0.065 0.654 0.036 0.020 0.109 0.013 0.015 0.010 0.062 0.016 
 24 24.0624.E1    (0)    1 :  0.005 0.943 0.011 0.006 0.006 0.005 0.005 0.004 0.010 0.006 
 25 24.0625.E1    (0)    2 :  0.005 0.013 0.009 0.062 0.563 0.184 0.051 0.038 0.056 0.020 
 26 24.0626.E1    (0)    2 :  0.004 0.004 0.003 0.034 0.808 0.130 0.004 0.004 0.005 0.004 
 27 24.0627.E1    (0)    2 :  0.028 0.006 0.005 0.021 0.488 0.012 0.033 0.394 0.006 0.007 
 28 24.0628.E1    (0)    2 :  0.018 0.034 0.088 0.124 0.475 0.163 0.068 0.006 0.008 0.015 
 29 24.0629.E1    (0)    2 :  0.010 0.071 0.010 0.006 0.844 0.007 0.008 0.009 0.007 0.029 
 30 24.0630.E1    (0)    2 :  0.006 0.005 0.005 0.092 0.807 0.054 0.012 0.007 0.008 0.005 
 31 24.0631.E1    (0)    2 :  0.003 0.005 0.003 0.004 0.968 0.003 0.003 0.003 0.004 0.004 
 32 24.0632.E1    (0)    2 :  0.005 0.007 0.006 0.030 0.917 0.005 0.006 0.010 0.005 0.010 
 33 24.0633.E1    (0)    2 :  0.006 0.013 0.008 0.042 0.452 0.408 0.021 0.006 0.024 0.020 
 34 24.0634.E1    (0)    2 :  0.006 0.009 0.010 0.006 0.899 0.018 0.009 0.008 0.025 0.010 
 35 24.0635.E1    (0)    2 :  0.019 0.026 0.037 0.020 0.638 0.034 0.020 0.022 0.095 0.089 
 36 24.0636.E1   (33)    2 :  0.009 0.028 0.011 0.711 0.064 0.008 0.116 0.023 0.008 0.022 
 37 24.0637.E1    (0)    2 :  0.004 0.004 0.003 0.007 0.960 0.003 0.005 0.004 0.005 0.005 
 38 24.0638.E1    (0)    2 :  0.008 0.008 0.006 0.005 0.901 0.006 0.022 0.011 0.005 0.028 
 39 24.0639.E1    (0)    2 :  0.010 0.037 0.091 0.015 0.776 0.009 0.008 0.027 0.008 0.019 
 40 24.0640.E1    (0)    2 :  0.005 0.008 0.007 0.006 0.936 0.006 0.007 0.004 0.015 0.007 
 41 24.0641.E1    (0)    2 :  0.444 0.033 0.016 0.019 0.433 0.010 0.008 0.008 0.013 0.017 
 42 24.0642.E1    (0)    2 :  0.006 0.051 0.004 0.034 0.590 0.005 0.293 0.007 0.004 0.006 
 43 24.0643.E1    (0)    2 :  0.005 0.008 0.011 0.062 0.605 0.006 0.008 0.269 0.010 0.016 
 44 24.0644.E1    (0)    2 :  0.018 0.008 0.029 0.005 0.905 0.005 0.016 0.004 0.006 0.005 
 45 24.0645.E1    (0)    2 :  0.030 0.012 0.030 0.017 0.779 0.004 0.112 0.006 0.005 0.006 
 46 24.0646.E1    (0)    2 :  0.018 0.007 0.028 0.005 0.904 0.005 0.016 0.004 0.006 0.006 
 47 24.0647.E1    (0)    2 :  0.004 0.004 0.003 0.007 0.959 0.003 0.005 0.004 0.005 0.005 
 48 24.0648.E1    (0)    2 :  0.004 0.004 0.003 0.007 0.959 0.003 0.005 0.004 0.005 0.005 
 49 24.0649.E1    (0)    3 :  0.006 0.005 0.014 0.003 0.006 0.011 0.007 0.009 0.011 0.927 
 50 24.0650.E1    (0)    3 :  0.009 0.021 0.112 0.004 0.004 0.153 0.407 0.010 0.251 0.029 
 51 24.0651.E1    (0)    3 :  0.014 0.008 0.008 0.036 0.070 0.064 0.026 0.065 0.459 0.250 
 52 24.0652.E1    (0)    3 :  0.011 0.035 0.005 0.005 0.006 0.861 0.007 0.014 0.008 0.049 
 53 24.0653.E1    (0)    3 :  0.027 0.005 0.021 0.006 0.005 0.017 0.009 0.855 0.010 0.045 
 54 24.0654.E1    (0)    3 :  0.009 0.008 0.028 0.004 0.014 0.659 0.007 0.008 0.006 0.255 
 55 24.0655.E1    (0)    3 :  0.009 0.039 0.020 0.007 0.024 0.407 0.012 0.009 0.066 0.406 
 56 24.0656.E1    (0)    3 :  0.006 0.008 0.011 0.010 0.006 0.912 0.014 0.014 0.005 0.014 
 57 24.0657.E1    (0)    3 :  0.007 0.008 0.012 0.010 0.006 0.904 0.016 0.014 0.006 0.018 
 58 24.0658.E1    (0)    3 :  0.011 0.020 0.136 0.006 0.007 0.006 0.023 0.054 0.009 0.727 
 59 24.0659.E1    (0)    3 :  0.006 0.057 0.025 0.004 0.010 0.105 0.015 0.400 0.279 0.099 
 60 24.0660.E1    (6)    3 :  0.009 0.020 0.006 0.005 0.012 0.009 0.013 0.009 0.007 0.910 
 61 24.0661.E1    (0)    3 :  0.007 0.010 0.005 0.006 0.005 0.925 0.005 0.007 0.009 0.022 
 62 24.0662.E1    (0)    3 :  0.012 0.068 0.020 0.025 0.013 0.042 0.014 0.120 0.641 0.045 
 63 24.0663.E1    (0)    3 :  0.016 0.007 0.628 0.005 0.010 0.085 0.044 0.007 0.046 0.152 
 64 24.0664.E1    (0)    3 :  0.022 0.006 0.018 0.019 0.010 0.414 0.009 0.010 0.005 0.487 
 65 24.0665.E1    (0)    3 :  0.019 0.007 0.005 0.040 0.006 0.473 0.032 0.045 0.007 0.365 
 66 24.0666.E1    (0)    3 :  0.006 0.006 0.008 0.004 0.005 0.007 0.008 0.946 0.004 0.007 
 67 24.0667.E1    (0)    3 :  0.004 0.009 0.004 0.004 0.003 0.006 0.005 0.946 0.004 0.015 
 68 24.0668.E1    (0)    3 :  0.004 0.003 0.004 0.003 0.004 0.004 0.003 0.967 0.003 0.004 
 69 24.0669.E1    (0)    3 :  0.008 0.004 0.004 0.004 0.004 0.004 0.004 0.962 0.003 0.005 
 70 24.0670.E1    (0)    3 :  0.004 0.010 0.025 0.004 0.003 0.011 0.004 0.024 0.020 0.895 
 71 24.0671.E1    (0)    3 :  0.007 0.008 0.033 0.007 0.011 0.084 0.013 0.010 0.040 0.788 
 72 24.0672.E1    (0)    3 :  0.102 0.076 0.009 0.006 0.006 0.012 0.021 0.398 0.020 0.349 
 73 24.0673.E1    (6)    4 :  0.006 0.131 0.008 0.102 0.021 0.451 0.226 0.008 0.027 0.020 
 74 24.0674.E1    (0)    4 :  0.005 0.013 0.008 0.017 0.008 0.004 0.893 0.004 0.042 0.006 
 75 24.0675.E1    (0)    4 :  0.012 0.023 0.027 0.022 0.024 0.023 0.786 0.010 0.046 0.028 
 76 24.0676.E1    (0)    4 :  0.017 0.014 0.158 0.023 0.007 0.014 0.690 0.006 0.023 0.048 
 77 24.0677.E1    (0)    4 :  0.061 0.034 0.026 0.010 0.004 0.032 0.017 0.015 0.020 0.782 
 78 24.0678.E1    (0)    4 :  0.079 0.444 0.007 0.011 0.066 0.042 0.023 0.101 0.019 0.206 
 79 24.0679.E1    (0)    4 :  0.015 0.160 0.275 0.008 0.015 0.011 0.305 0.049 0.024 0.138 
 80 24.0680.E1    (0)    4 :  0.098 0.067 0.008 0.011 0.036 0.023 0.075 0.143 0.010 0.528 
 81 24.0681.E1    (0)    4 :  0.011 0.039 0.006 0.016 0.008 0.010 0.651 0.017 0.012 0.229 
 82 24.0682.E1    (0)    4 :  0.007 0.004 0.005 0.004 0.004 0.003 0.962 0.004 0.003 0.004 
 83 24.0683.E1    (0)    4 :  0.007 0.014 0.004 0.102 0.006 0.006 0.824 0.007 0.025 0.006 
 84 24.0684.E1    (0)    4 :  0.023 0.078 0.023 0.029 0.031 0.006 0.746 0.010 0.010 0.044 
 85 24.0685.E1    (0)    4 :  0.007 0.010 0.015 0.015 0.006 0.005 0.878 0.050 0.006 0.008 
 86 24.0686.E1    (0)    4 :  0.007 0.057 0.013 0.015 0.060 0.005 0.051 0.016 0.180 0.596 
 87 24.0687.E1    (0)    4 :  0.009 0.033 0.022 0.017 0.154 0.008 0.128 0.007 0.228 0.393 
 88 24.0688.E1    (0)    4 :  0.007 0.006 0.004 0.005 0.007 0.005 0.951 0.004 0.004 0.008 
 89 24.0689.E1    (0)    4 :  0.024 0.028 0.380 0.032 0.016 0.030 0.129 0.006 0.014 0.340 
 90 24.0690.E1    (0)    4 :  0.007 0.026 0.006 0.034 0.030 0.022 0.045 0.640 0.036 0.155 
 91 24.0691.E1    (0)    4 :  0.004 0.023 0.025 0.006 0.007 0.005 0.903 0.009 0.006 0.012 
 92 24.0692.E1    (0)    4 :  0.007 0.005 0.019 0.008 0.005 0.005 0.879 0.008 0.005 0.059 
 93 24.0693.E1    (0)    4 :  0.008 0.011 0.043 0.399 0.007 0.057 0.347 0.017 0.016 0.095 
 94 24.0694.E1    (0)    4 :  0.008 0.007 0.006 0.008 0.007 0.005 0.936 0.011 0.004 0.008 
 95 24.0695.E1    (0)    4 :  0.042 0.086 0.039 0.007 0.006 0.010 0.779 0.014 0.006 0.010 
 96 24.0696.E1    (0)    4 :  0.010 0.022 0.013 0.008 0.013 0.005 0.895 0.011 0.009 0.014 
 97 24.0697.E1    (0)    5 :  0.010 0.006 0.012 0.085 0.012 0.006 0.111 0.007 0.015 0.736 
 98 24.0698.E1    (0)    5 :  0.011 0.020 0.020 0.088 0.017 0.008 0.023 0.043 0.023 0.745 
 99 24.0699.E1    (0)    5 :  0.009 0.014 0.005 0.009 0.009 0.008 0.006 0.010 0.011 0.921 
100 24.0700.E1    (0)    5 :  0.005 0.006 0.007 0.007 0.005 0.007 0.017 0.010 0.012 0.925 
101 24.0701.E1    (0)    5 :  0.014 0.007 0.010 0.034 0.009 0.006 0.008 0.889 0.008 0.014 
102 24.0702.E1    (0)    5 :  0.013 0.010 0.009 0.029 0.014 0.008 0.012 0.041 0.007 0.858 
103 24.0703.E1    (0)    5 :  0.007 0.011 0.006 0.007 0.043 0.005 0.006 0.021 0.156 0.737 
104 24.0704.E1    (6)    5 :  0.252 0.015 0.008 0.008 0.011 0.005 0.014 0.006 0.024 0.657 
105 24.0705.E1    (0)    5 :  0.021 0.017 0.014 0.008 0.010 0.007 0.840 0.031 0.009 0.042 
106 24.0706.E1    (0)    5 :  0.039 0.007 0.010 0.012 0.009 0.017 0.022 0.016 0.006 0.864 
107 24.0707.E1    (0)    5 :  0.026 0.025 0.005 0.017 0.020 0.011 0.038 0.008 0.032 0.819 
108 24.0708.E1    (0)    5 :  0.014 0.032 0.123 0.024 0.169 0.016 0.040 0.025 0.526 0.029 
109 24.0709.E1    (0)    5 :  0.055 0.012 0.038 0.006 0.008 0.014 0.819 0.009 0.016 0.023 
110 24.0710.E1    (0)    5 :  0.027 0.051 0.028 0.041 0.008 0.007 0.241 0.071 0.067 0.460 
111 24.0711.E1    (0)    5 :  0.070 0.066 0.006 0.016 0.054 0.009 0.045 0.030 0.007 0.697 
112 24.0712.E1    (0)    5 :  0.006 0.021 0.009 0.015 0.046 0.006 0.046 0.780 0.012 0.058 
113 24.0713.E1    (0)    5 :  0.079 0.010 0.036 0.017 0.008 0.008 0.518 0.012 0.017 0.295 
114 24.0714.E1    (0)    5 :  0.061 0.029 0.018 0.009 0.014 0.012 0.027 0.011 0.022 0.798 
115 24.0715.E1    (0)    5 :  0.009 0.028 0.012 0.393 0.007 0.033 0.103 0.020 0.006 0.389 
116 24.0716.E1    (0)    5 :  0.016 0.060 0.049 0.013 0.034 0.009 0.019 0.288 0.023 0.491 
117 24.0717.E1    (0)    5 :  0.023 0.015 0.022 0.251 0.046 0.105 0.018 0.015 0.060 0.445 
118 24.0718.E1    (0)    5 :  0.009 0.021 0.007 0.010 0.029 0.005 0.147 0.047 0.007 0.717 
119 24.0719.E1    (0)    5 :  0.065 0.006 0.016 0.006 0.015 0.008 0.851 0.008 0.006 0.020 
120 24.0720.E1    (0)    5 :  0.018 0.015 0.019 0.005 0.015 0.009 0.607 0.011 0.007 0.292 
121 24.0721.E1    (0)    6 :  0.006 0.010 0.028 0.564 0.012 0.086 0.064 0.026 0.091 0.112 
122 24.0722.E1    (0)    6 :  0.006 0.021 0.012 0.557 0.080 0.009 0.056 0.081 0.139 0.040 
123 24.0723.E1    (0)    6 :  0.005 0.023 0.016 0.339 0.124 0.149 0.011 0.008 0.310 0.015 
124 24.0724.E1    (0)    6 :  0.021 0.213 0.049 0.083 0.047 0.010 0.223 0.014 0.315 0.025 
125 24.0725.E1    (0)    6 :  0.007 0.924 0.007 0.007 0.008 0.017 0.010 0.007 0.005 0.010 
126 24.0726.E1    (6)    6 :  0.007 0.662 0.007 0.092 0.008 0.007 0.178 0.008 0.017 0.014 
127 24.0727.E1    (0)    6 :  0.007 0.261 0.013 0.458 0.020 0.036 0.020 0.090 0.066 0.029 
128 24.0728.E1    (0)    6 :  0.006 0.350 0.012 0.180 0.034 0.034 0.018 0.012 0.023 0.331 
129 24.0729.E1    (0)    6 :  0.016 0.700 0.021 0.039 0.012 0.005 0.145 0.037 0.010 0.014 
130 24.0730.E1    (0)    6 :  0.009 0.066 0.022 0.040 0.010 0.010 0.022 0.014 0.007 0.798 
131 24.0731.E1    (0)    6 :  0.006 0.173 0.008 0.070 0.014 0.017 0.687 0.004 0.013 0.009 
132 24.0732.E1    (0)    6 :  0.007 0.057 0.004 0.771 0.009 0.024 0.098 0.012 0.005 0.013 
133 24.0733.E1    (0)    6 :  0.004 0.944 0.006 0.016 0.006 0.004 0.007 0.003 0.004 0.005 
134 24.0734.E1    (0)    6 :  0.005 0.033 0.007 0.813 0.011 0.009 0.008 0.013 0.026 0.074 
135 24.0735.E1    (0)    6 :  0.006 0.626 0.025 0.198 0.050 0.010 0.018 0.015 0.009 0.042 
136 24.0736.E1    (0)    6 :  0.006 0.912 0.006 0.037 0.008 0.007 0.007 0.005 0.005 0.008 
137 24.0737.E1    (0)    6 :  0.005 0.870 0.007 0.007 0.020 0.008 0.011 0.009 0.046 0.016 
138 24.0738.E1    (0)    6 :  0.008 0.908 0.005 0.024 0.010 0.007 0.007 0.008 0.008 0.015 
139 24.0739.E1    (0)    6 :  0.005 0.926 0.007 0.005 0.013 0.008 0.008 0.006 0.007 0.016 
140 24.0740.E1    (0)    6 :  0.043 0.745 0.018 0.009 0.019 0.006 0.132 0.009 0.005 0.013 
141 24.0741.E1    (0)    6 :  0.008 0.444 0.009 0.357 0.016 0.012 0.099 0.006 0.008 0.041 
142 24.0742.E1    (0)    6 :  0.007 0.227 0.006 0.683 0.010 0.006 0.023 0.008 0.017 0.012 
143 24.0743.E1    (0)    6 :  0.042 0.592 0.014 0.034 0.005 0.008 0.238 0.019 0.037 0.011 
144 24.0744.E1    (0)    6 :  0.027 0.379 0.025 0.122 0.012 0.018 0.069 0.309 0.018 0.023 
145 24.0745.E1    (0)    7 :  0.016 0.004 0.008 0.885 0.004 0.018 0.021 0.026 0.006 0.012 
146 24.0746.E1    (0)    7 :  0.076 0.043 0.011 0.619 0.073 0.008 0.054 0.009 0.067 0.042 
147 24.0747.E1    (0)    7 :  0.080 0.027 0.028 0.662 0.010 0.010 0.156 0.012 0.005 0.011 
148 24.0748.E1    (6)    7 :  0.112 0.027 0.037 0.563 0.009 0.025 0.197 0.011 0.005 0.012 
149 24.0749.E1    (0)    7 :  0.006 0.232 0.006 0.713 0.007 0.004 0.007 0.007 0.010 0.008 
150 24.0750.E1    (0)    7 :  0.043 0.288 0.018 0.296 0.014 0.011 0.172 0.028 0.031 0.098 
151 24.0751.E1    (0)    7 :  0.005 0.007 0.004 0.955 0.006 0.005 0.005 0.004 0.004 0.005 
152 24.0752.E1    (0)    7 :  0.014 0.037 0.006 0.896 0.007 0.010 0.010 0.004 0.004 0.011 
153 24.0753.E1    (0)    7 :  0.009 0.226 0.004 0.496 0.197 0.028 0.012 0.009 0.011 0.007 
154 24.0754.E1    (0)    7 :  0.005 0.026 0.006 0.896 0.017 0.009 0.023 0.006 0.004 0.008 
155 24.0755.E1    (0)    7 :  0.041 0.015 0.047 0.744 0.024 0.006 0.080 0.008 0.005 0.028 
156 24.0756.E1    (0)    7 :  0.012 0.010 0.013 0.929 0.009 0.005 0.006 0.004 0.007 0.005 
157 24.0757.E1    (0)    7 :  0.003 0.003 0.003 0.969 0.004 0.003 0.004 0.003 0.003 0.004 
158 24.0758.E1    (0)    7 :  0.004 0.004 0.003 0.968 0.004 0.003 0.004 0.004 0.003 0.004 
159 24.0759.E1    (0)    7 :  0.008 0.021 0.005 0.917 0.006 0.013 0.007 0.009 0.005 0.009 
160 24.0760.E1    (0)    7 :  0.007 0.010 0.006 0.611 0.281 0.008 0.021 0.008 0.006 0.039 
161 24.0761.E1    (0)    7 :  0.004 0.006 0.005 0.956 0.008 0.005 0.005 0.003 0.004 0.004 
162 24.0762.E1    (0)    7 :  0.084 0.224 0.229 0.096 0.008 0.008 0.045 0.206 0.011 0.089 
163 24.0763.E1    (0)    7 :  0.005 0.007 0.004 0.950 0.004 0.006 0.013 0.003 0.004 0.004 
164 24.0764.E1    (0)    7 :  0.005 0.011 0.004 0.948 0.008 0.004 0.005 0.004 0.004 0.007 
165 24.0765.E1    (0)    7 :  0.009 0.006 0.010 0.897 0.022 0.007 0.018 0.004 0.019 0.007 
166 24.0766.E1    (0)    7 :  0.006 0.009 0.004 0.941 0.006 0.009 0.008 0.005 0.005 0.007 
167 24.0767.E1    (0)    7 :  0.003 0.004 0.004 0.963 0.004 0.004 0.006 0.003 0.005 0.004 
168 24.0768.E1    (0)    7 :  0.267 0.221 0.028 0.102 0.005 0.009 0.331 0.007 0.009 0.021 
169 24.0779.E1    (0)    8 :  0.028 0.015 0.007 0.042 0.006 0.013 0.044 0.009 0.041 0.796 
170 24.0780.E1    (6)    8 :  0.007 0.008 0.099 0.004 0.006 0.034 0.025 0.008 0.013 0.795 
171 24.0781.E1    (0)    8 :  0.005 0.004 0.007 0.005 0.005 0.006 0.006 0.004 0.006 0.953 
172 24.0782.E1    (0)    8 :  0.013 0.133 0.029 0.026 0.040 0.043 0.453 0.009 0.034 0.220 
173 24.0783.E1    (0)    8 :  0.015 0.012 0.627 0.007 0.021 0.012 0.098 0.019 0.008 0.181 
174 24.0784.E1    (0)    8 :  0.008 0.008 0.020 0.004 0.005 0.006 0.027 0.004 0.036 0.882 
175 24.0785.E1    (0)    8 :  0.015 0.005 0.029 0.004 0.004 0.050 0.011 0.011 0.017 0.854 
176 24.0786.E1    (0)    8 :  0.018 0.020 0.109 0.009 0.008 0.018 0.072 0.009 0.008 0.729 
177 24.0787.E1    (0)    8 :  0.007 0.011 0.010 0.011 0.029 0.019 0.012 0.006 0.010 0.885 
178 24.0788.E1    (0)    8 :  0.009 0.006 0.106 0.006 0.026 0.019 0.032 0.007 0.010 0.780 
179 24.0789.E1    (0)    8 :  0.011 0.021 0.024 0.006 0.017 0.011 0.008 0.006 0.026 0.870 
180 24.0790.E1    (0)    8 :  0.008 0.004 0.010 0.004 0.006 0.016 0.006 0.006 0.012 0.929 
181 24.0791.E1    (0)    8 :  0.593 0.015 0.023 0.010 0.006 0.025 0.023 0.090 0.005 0.210 
182 24.0792.E1    (0)    8 :  0.011 0.013 0.009 0.016 0.004 0.394 0.114 0.024 0.009 0.405 
183 24.0793.E1    (0)    9 :  0.076 0.045 0.098 0.007 0.068 0.051 0.011 0.009 0.523 0.111 
184 24.0794.E1    (0)    9 :  0.010 0.490 0.037 0.007 0.006 0.234 0.006 0.006 0.188 0.018 
185 24.0795.E1    (0)    9 :  0.014 0.089 0.010 0.013 0.009 0.005 0.018 0.006 0.830 0.007 
186 24.0796.E1    (0)    9 :  0.051 0.059 0.350 0.005 0.009 0.214 0.008 0.005 0.106 0.194 
187 24.0797.E1    (0)    9 :  0.018 0.017 0.121 0.003 0.008 0.056 0.008 0.006 0.623 0.140 
188 24.0798.E1    (0)    9 :  0.032 0.008 0.009 0.019 0.014 0.057 0.023 0.336 0.487 0.015 
189 24.0799.E1    (0)    9 :  0.952 0.006 0.007 0.005 0.006 0.005 0.005 0.005 0.005 0.006 
190 24.0800.E1    (0)    9 :  0.938 0.007 0.016 0.004 0.004 0.006 0.010 0.005 0.004 0.006 
191 24.0801.E1    (0)    9 :  0.737 0.004 0.005 0.004 0.007 0.010 0.009 0.213 0.005 0.007 
192 24.0802.E1    (0)    9 :  0.005 0.005 0.008 0.004 0.008 0.004 0.006 0.006 0.948 0.006 
193 24.0803.E1    (0)    9 :  0.614 0.009 0.007 0.005 0.010 0.008 0.006 0.013 0.319 0.009 
194 24.0804.E1    (0)    9 :  0.014 0.011 0.080 0.004 0.011 0.007 0.010 0.004 0.852 0.008 
195 24.0805.E1    (0)    9 :  0.924 0.006 0.005 0.005 0.004 0.006 0.021 0.005 0.016 0.008 
196 24.0806.E1    (0)    9 :  0.015 0.007 0.005 0.006 0.027 0.007 0.006 0.006 0.913 0.007 
197 24.0807.E1    (0)    9 :  0.011 0.006 0.018 0.003 0.007 0.017 0.009 0.008 0.911 0.010 
198 24.0808.E1    (0)    9 :  0.693 0.014 0.032 0.005 0.020 0.015 0.057 0.005 0.046 0.114 
199 24.0809.E1    (0)    9 :  0.939 0.007 0.013 0.005 0.004 0.004 0.013 0.005 0.005 0.005 
200 24.0810.E1    (0)    9 :  0.743 0.009 0.008 0.010 0.014 0.014 0.032 0.006 0.153 0.011 
201 24.0811.E1    (0)    9 :  0.004 0.011 0.013 0.004 0.010 0.015 0.007 0.004 0.923 0.010 
202 24.0812.E1    (0)    9 :  0.044 0.026 0.326 0.007 0.009 0.006 0.031 0.009 0.500 0.042 
203 24.0813.E1    (0)    9 :  0.096 0.008 0.024 0.006 0.011 0.007 0.084 0.004 0.710 0.049 
204 24.0814.E1    (6)    9 :  0.213 0.010 0.315 0.005 0.036 0.026 0.023 0.010 0.352 0.011 
205 24.0815.E1    (0)    9 :  0.540 0.005 0.011 0.006 0.093 0.009 0.007 0.016 0.305 0.007 
206 24.0816.E1    (0)    9 :  0.019 0.007 0.010 0.005 0.013 0.018 0.004 0.021 0.889 0.013 
207 24.0817.E1    (0)   10 :  0.041 0.018 0.750 0.005 0.005 0.052 0.010 0.008 0.087 0.022 
208 24.0818.E1    (0)   10 :  0.012 0.034 0.804 0.009 0.012 0.015 0.005 0.007 0.011 0.090 
209 24.0819.E1    (0)   10 :  0.481 0.009 0.013 0.061 0.012 0.350 0.010 0.049 0.007 0.006 
210 24.0820.E1    (0)   10 :  0.015 0.006 0.015 0.041 0.007 0.890 0.005 0.009 0.006 0.006 
211 24.0821.E1    (0)   10 :  0.033 0.017 0.159 0.007 0.013 0.273 0.019 0.238 0.045 0.197 
212 24.0822.E1    (0)   10 :  0.010 0.006 0.907 0.017 0.004 0.010 0.007 0.006 0.005 0.029 
213 24.0823.E1    (0)   10 :  0.015 0.008 0.359 0.027 0.009 0.551 0.010 0.011 0.005 0.006 
214 24.0824.E1    (0)   10 :  0.015 0.006 0.495 0.008 0.006 0.013 0.025 0.419 0.008 0.006 
215 24.0825.E1    (0)   10 :  0.005 0.004 0.955 0.005 0.004 0.005 0.008 0.005 0.005 0.004 
216 24.0826.E1    (0)   10 :  0.020 0.006 0.039 0.017 0.008 0.863 0.009 0.012 0.013 0.014 
217 24.0827.E1    (0)   10 :  0.008 0.041 0.766 0.004 0.007 0.114 0.010 0.007 0.021 0.022 
218 24.0828.E1    (0)   10 :  0.025 0.010 0.131 0.019 0.010 0.622 0.023 0.062 0.072 0.024 
219 24.0829.E1    (0)   10 :  0.054 0.005 0.638 0.010 0.006 0.012 0.012 0.010 0.244 0.009 
220 24.0830.E1    (0)   10 :  0.005 0.006 0.917 0.004 0.004 0.014 0.010 0.007 0.027 0.008 
221 24.0831.E1    (0)   10 :  0.008 0.005 0.909 0.004 0.005 0.010 0.010 0.008 0.012 0.029 
222 24.0832.E1    (0)   10 :  0.004 0.008 0.948 0.003 0.003 0.012 0.006 0.003 0.006 0.006 
223 24.0833.E1    (0)   10 :  0.004 0.004 0.960 0.004 0.003 0.007 0.006 0.004 0.005 0.004 
224 24.0834.E1    (0)   10 :  0.006 0.007 0.943 0.007 0.006 0.008 0.006 0.005 0.007 0.005 
225 24.0835.E1    (0)   10 :  0.021 0.012 0.924 0.004 0.006 0.006 0.006 0.008 0.005 0.008 
226 24.0836.E1    (0)   10 :  0.014 0.009 0.912 0.008 0.005 0.007 0.014 0.015 0.007 0.009 
227 24.0837.E1    (0)   10 :  0.009 0.006 0.943 0.005 0.004 0.007 0.007 0.006 0.006 0.008 
228 24.0838.E1    (0)   10 :  0.005 0.004 0.936 0.007 0.004 0.009 0.010 0.005 0.010 0.010 
229 24.0839.E1    (0)   10 :  0.062 0.044 0.355 0.021 0.032 0.024 0.024 0.020 0.332 0.087 
230 24.0840.E1    (0)   10 :  0.010 0.006 0.465 0.004 0.010 0.052 0.006 0.010 0.430 0.007 
231 24.0841.E1    (0)   11 :  0.006 0.006 0.010 0.008 0.003 0.015 0.008 0.004 0.920 0.020 
232 24.0842.E1    (0)   11 :  0.009 0.008 0.011 0.005 0.003 0.013 0.005 0.178 0.756 0.012 
233 24.0843.E1    (0)   11 :  0.009 0.005 0.022 0.020 0.005 0.427 0.007 0.206 0.285 0.015 
234 24.0844.E1    (0)   11 :  0.109 0.023 0.339 0.007 0.006 0.017 0.014 0.339 0.121 0.026 
235 24.0845.E1    (0)   11 :  0.007 0.008 0.760 0.005 0.005 0.029 0.018 0.022 0.064 0.081 
236 24.0846.E1    (0)   11 :  0.012 0.010 0.899 0.009 0.009 0.007 0.009 0.010 0.026 0.009 
237 24.0847.E1    (0)   11 :  0.035 0.031 0.804 0.014 0.007 0.015 0.055 0.019 0.011 0.008 
238 24.0848.E1    (0)   11 :  0.030 0.012 0.844 0.005 0.004 0.010 0.020 0.014 0.019 0.042 
239 24.0849.E1    (0)   11 :  0.008 0.006 0.007 0.004 0.003 0.953 0.004 0.004 0.006 0.005 
240 24.0850.E1    (0)   11 :  0.008 0.006 0.007 0.004 0.003 0.953 0.004 0.004 0.006 0.005 
241 24.0851.E1    (0)   11 :  0.008 0.006 0.007 0.004 0.003 0.953 0.004 0.004 0.006 0.005 
242 24.0852.E1    (0)   11 :  0.010 0.011 0.095 0.012 0.005 0.747 0.010 0.006 0.046 0.057 
243 24.0853.E1    (0)   11 :  0.009 0.005 0.411 0.011 0.006 0.509 0.010 0.004 0.028 0.006 
244 24.0854.E1    (0)   11 :  0.026 0.010 0.019 0.008 0.005 0.325 0.008 0.579 0.014 0.005 
245 24.0855.E1    (0)   11 :  0.022 0.007 0.732 0.010 0.006 0.024 0.014 0.011 0.160 0.014 
246 24.0856.E1    (0)   11 :  0.008 0.022 0.013 0.033 0.025 0.010 0.008 0.395 0.466 0.020 
247 24.0857.E1    (0)   11 :  0.301 0.021 0.576 0.009 0.011 0.019 0.018 0.013 0.014 0.020 
248 24.0858.E1    (0)   11 :  0.041 0.017 0.695 0.017 0.005 0.068 0.015 0.021 0.029 0.091 
249 24.0859.E1    (0)   11 :  0.025 0.011 0.013 0.016 0.009 0.888 0.007 0.008 0.012 0.011 
250 24.0860.E1    (0)   11 :  0.577 0.028 0.064 0.046 0.048 0.069 0.008 0.037 0.055 0.070 
251 24.0861.E1    (0)   11 :  0.007 0.006 0.020 0.005 0.003 0.922 0.004 0.004 0.019 0.008 
252 24.0862.E1    (0)   11 :  0.099 0.013 0.033 0.008 0.009 0.019 0.011 0.012 0.783 0.012 
253 24.0863.E1    (0)   11 :  0.008 0.006 0.019 0.005 0.004 0.924 0.004 0.005 0.018 0.008 
254 24.0864.E1    (0)   11 :  0.026 0.149 0.140 0.007 0.007 0.099 0.506 0.013 0.018 0.035 
255 24.0865.E1    (0)   12 :  0.007 0.040 0.011 0.034 0.019 0.815 0.041 0.006 0.011 0.018 
256 24.0866.E1    (0)   12 :  0.539 0.022 0.090 0.028 0.006 0.015 0.141 0.015 0.009 0.134 
257 24.0867.E1    (0)   12 :  0.136 0.011 0.029 0.125 0.024 0.157 0.485 0.012 0.009 0.012 
258 24.0868.E1    (0)   12 :  0.033 0.011 0.081 0.018 0.026 0.008 0.437 0.016 0.012 0.359 
259 24.0869.E1    (0)   12 :  0.032 0.007 0.052 0.005 0.033 0.010 0.831 0.004 0.011 0.015 
260 24.0870.E1    (0)   12 :  0.025 0.127 0.144 0.024 0.135 0.010 0.245 0.016 0.021 0.253 
261 24.0871.E1    (0)   12 :  0.014 0.061 0.027 0.007 0.050 0.084 0.605 0.014 0.047 0.090 
262 24.0872.E1    (0)   12 :  0.199 0.014 0.009 0.117 0.009 0.316 0.246 0.014 0.008 0.069 
263 24.0873.E1    (0)   12 :  0.103 0.012 0.016 0.012 0.013 0.050 0.756 0.012 0.011 0.015 
264 24.0874.E1    (0)   12 :  0.306 0.009 0.055 0.201 0.007 0.174 0.204 0.021 0.009 0.014 
265 24.0875.E1    (0)   12 :  0.697 0.007 0.010 0.021 0.033 0.009 0.124 0.024 0.005 0.070 
266 24.0876.E1    (0)   12 :  0.421 0.067 0.006 0.018 0.013 0.006 0.430 0.012 0.005 0.022 
267 24.0877.E1    (0)   12 :  0.038 0.852 0.004 0.042 0.006 0.007 0.017 0.009 0.004 0.021 
268 24.0878.E1    (0)   12 :  0.006 0.775 0.049 0.010 0.008 0.006 0.096 0.021 0.011 0.019 
269 24.0879.E1    (0)   12 :  0.005 0.715 0.006 0.005 0.009 0.007 0.013 0.223 0.007 0.010 
270 24.0880.E1    (0)   12 :  0.012 0.037 0.525 0.014 0.015 0.020 0.246 0.073 0.009 0.049 
271 24.0881.E1    (0)   12 :  0.005 0.944 0.004 0.008 0.010 0.006 0.007 0.006 0.004 0.006 
272 24.0882.E1    (0)   12 :  0.024 0.220 0.007 0.678 0.008 0.014 0.016 0.009 0.004 0.020 
273 24.0883.E1    (0)   12 :  0.007 0.322 0.007 0.238 0.011 0.051 0.111 0.238 0.005 0.008 
274 24.0884.E1    (0)   12 :  0.005 0.909 0.004 0.027 0.007 0.008 0.009 0.014 0.006 0.010 
275 24.0885.E1    (0)   12 :  0.009 0.785 0.010 0.007 0.014 0.007 0.083 0.047 0.005 0.033 
276 24.0886.E1    (0)   12 :  0.014 0.441 0.005 0.205 0.004 0.041 0.185 0.087 0.007 0.010 
277 24.0887.E1    (0)   12 :  0.007 0.038 0.005 0.722 0.009 0.007 0.028 0.173 0.005 0.006 
278 24.0888.E1    (0)   12 :  0.045 0.016 0.008 0.005 0.007 0.009 0.015 0.014 0.016 0.863 


Estimated Allele Frequencies in each cluster
First column gives estimated ancestral frequencies


Locus 1 : 
31 alleles
0.0% missing data
 115   (0.034) 0.030 0.129 0.006 0.004 0.004 0.005 0.143 0.008 0.023 0.007 
 117   (0.041) 0.132 0.203 0.005 0.185 0.004 0.003 0.025 0.011 0.023 0.008 
 119   (0.038) 0.007 0.271 0.005 0.322 0.286 0.004 0.014 0.007 0.006 0.008 
 131   (0.013) 0.002 0.051 0.001 0.003 0.001 0.001 0.002 0.002 0.003 0.002 
 128   (0.038) 0.031 0.031 0.034 0.004 0.004 0.007 0.044 0.012 0.009 0.034 
 135   (0.017) 0.003 0.051 0.003 0.009 0.002 0.002 0.008 0.004 0.007 0.003 
 126   (0.078) 0.192 0.051 0.257 0.076 0.013 0.068 0.051 0.034 0.029 0.071 
 122   (0.037) 0.015 0.012 0.004 0.002 0.098 0.004 0.011 0.009 0.131 0.039 
 132   (0.031) 0.020 0.005 0.029 0.016 0.004 0.006 0.017 0.015 0.044 0.024 
 141   (0.008) 0.003 0.008 0.001 0.001 0.003 0.001 0.001 0.001 0.002 0.002 
 130   (0.048) 0.009 0.006 0.016 0.011 0.013 0.028 0.108 0.138 0.033 0.066 
 134   (0.041) 0.020 0.005 0.008 0.003 0.130 0.071 0.032 0.006 0.030 0.029 
 145   (0.018) 0.003 0.003 0.002 0.010 0.007 0.111 0.004 0.007 0.002 0.003 
 127   (0.028) 0.004 0.032 0.003 0.156 0.054 0.003 0.005 0.007 0.004 0.005 
 116   (0.107) 0.076 0.015 0.126 0.011 0.177 0.277 0.171 0.091 0.189 0.265 
 114   (0.059) 0.056 0.008 0.103 0.005 0.052 0.167 0.027 0.028 0.209 0.040 
 120   (0.036) 0.014 0.008 0.004 0.002 0.089 0.003 0.013 0.131 0.005 0.067 
 110   (0.046) 0.008 0.009 0.095 0.026 0.019 0.014 0.059 0.089 0.027 0.027 
 133   (0.016) 0.014 0.002 0.002 0.013 0.010 0.001 0.003 0.002 0.003 0.003 
 118   (0.110) 0.327 0.015 0.185 0.019 0.013 0.205 0.196 0.332 0.168 0.248 
 125   (0.014) 0.003 0.002 0.010 0.001 0.001 0.002 0.002 0.005 0.019 0.003 
 129   (0.020) 0.005 0.046 0.002 0.006 0.002 0.002 0.005 0.029 0.003 0.006 
 124   (0.018) 0.006 0.009 0.003 0.002 0.002 0.006 0.005 0.015 0.002 0.012 
 136   (0.020) 0.003 0.003 0.075 0.001 0.002 0.002 0.039 0.003 0.004 0.005 
 121   (0.014) 0.002 0.006 0.001 0.067 0.001 0.001 0.003 0.002 0.002 0.002 
 139   (0.011) 0.002 0.011 0.001 0.001 0.001 0.001 0.002 0.002 0.001 0.002 
 113   (0.010) 0.002 0.001 0.001 0.014 0.001 0.001 0.001 0.002 0.001 0.002 
 111   (0.013) 0.002 0.002 0.001 0.013 0.002 0.001 0.002 0.002 0.002 0.002 
 143   (0.011) 0.002 0.001 0.001 0.015 0.001 0.001 0.002 0.002 0.001 0.002 
 140   (0.015) 0.006 0.002 0.002 0.001 0.002 0.001 0.003 0.002 0.015 0.012 
 112   (0.011) 0.002 0.001 0.014 0.001 0.001 0.001 0.002 0.002 0.001 0.002 

Locus 2 : 
18 alleles
0.0% missing data
 152   (0.391) 0.510 0.640 0.182 0.795 0.397 0.286 0.508 0.365 0.548 0.333 
 148   (0.067) 0.016 0.146 0.009 0.021 0.229 0.007 0.191 0.039 0.013 0.032 
 154   (0.107) 0.038 0.041 0.278 0.034 0.253 0.017 0.168 0.031 0.115 0.088 
 156   (0.015) 0.003 0.012 0.002 0.001 0.002 0.002 0.002 0.005 0.017 0.003 
 150   (0.023) 0.004 0.008 0.002 0.047 0.064 0.002 0.003 0.005 0.003 0.004 
 164   (0.076) 0.026 0.078 0.043 0.013 0.009 0.088 0.026 0.017 0.107 0.145 
 158   (0.031) 0.013 0.009 0.004 0.008 0.011 0.010 0.019 0.179 0.009 0.006 
 160   (0.018) 0.003 0.002 0.002 0.020 0.002 0.002 0.010 0.003 0.003 0.013 
 166   (0.021) 0.032 0.003 0.002 0.001 0.006 0.002 0.004 0.003 0.014 0.021 
 151   (0.067) 0.014 0.009 0.438 0.004 0.006 0.318 0.011 0.222 0.049 0.187 
 147   (0.067) 0.315 0.009 0.028 0.005 0.007 0.200 0.019 0.073 0.077 0.095 
 168   (0.022) 0.010 0.004 0.002 0.002 0.003 0.035 0.009 0.004 0.003 0.016 
 153   (0.013) 0.002 0.002 0.001 0.001 0.001 0.019 0.002 0.003 0.002 0.012 
 149   (0.025) 0.006 0.004 0.002 0.011 0.003 0.002 0.018 0.043 0.003 0.010 
 162   (0.020) 0.003 0.007 0.002 0.003 0.002 0.008 0.003 0.003 0.031 0.009 
 167   (0.012) 0.002 0.024 0.001 0.001 0.001 0.001 0.002 0.002 0.001 0.002 
 146   (0.012) 0.002 0.001 0.001 0.030 0.001 0.001 0.002 0.002 0.001 0.002 
 172   (0.013) 0.002 0.002 0.001 0.001 0.001 0.001 0.002 0.002 0.002 0.024 

Locus 3 : 
4 alleles
0.0% missing data
 128   (0.297) 0.409 0.213 0.427 0.439 0.322 0.340 0.301 0.249 0.161 0.225 
 126   (0.611) 0.568 0.709 0.526 0.554 0.607 0.495 0.675 0.572 0.784 0.739 
 132   (0.079) 0.021 0.077 0.046 0.006 0.065 0.164 0.023 0.133 0.053 0.034 
 134   (0.014) 0.002 0.002 0.001 0.001 0.006 0.001 0.002 0.047 0.002 0.003 

Locus 4 : 
3 alleles
0.0% missing data
 170   (0.321) 0.285 0.309 0.446 0.288 0.408 0.129 0.157 0.207 0.388 0.388 
 172   (0.666) 0.713 0.689 0.551 0.710 0.581 0.867 0.841 0.791 0.611 0.609 
 171   (0.013) 0.002 0.002 0.002 0.002 0.011 0.004 0.003 0.002 0.002 0.002 

Locus 5 : 
37 alleles
0.0% missing data
 125   (0.055) 0.035 0.061 0.071 0.031 0.062 0.132 0.040 0.162 0.014 0.016 
 110   (0.037) 0.074 0.033 0.083 0.014 0.043 0.021 0.006 0.025 0.027 0.008 
 129   (0.034) 0.008 0.055 0.007 0.003 0.004 0.022 0.007 0.008 0.049 0.111 
 113   (0.029) 0.015 0.011 0.011 0.002 0.003 0.005 0.011 0.006 0.133 0.106 
 145   (0.051) 0.027 0.217 0.015 0.103 0.006 0.098 0.146 0.092 0.011 0.014 
 155   (0.055) 0.039 0.149 0.057 0.018 0.181 0.006 0.024 0.018 0.105 0.041 
 117   (0.028) 0.006 0.021 0.003 0.033 0.004 0.005 0.129 0.006 0.026 0.013 
 124   (0.011) 0.002 0.023 0.001 0.001 0.001 0.001 0.002 0.001 0.001 0.002 
 133   (0.034) 0.033 0.039 0.004 0.070 0.004 0.010 0.027 0.013 0.005 0.061 
 157   (0.049) 0.045 0.008 0.066 0.025 0.031 0.006 0.040 0.132 0.008 0.150 
 141   (0.014) 0.004 0.004 0.006 0.001 0.001 0.001 0.006 0.002 0.002 0.034 
 112   (0.068) 0.028 0.069 0.156 0.159 0.196 0.156 0.101 0.016 0.056 0.047 
 121   (0.018) 0.009 0.003 0.005 0.002 0.009 0.009 0.003 0.006 0.093 0.011 
 114   (0.037) 0.028 0.040 0.074 0.178 0.016 0.004 0.148 0.007 0.005 0.008 
 153   (0.054) 0.281 0.059 0.093 0.004 0.012 0.084 0.027 0.223 0.023 0.018 
 127   (0.071) 0.023 0.063 0.096 0.076 0.021 0.194 0.075 0.029 0.161 0.109 
 131   (0.064) 0.103 0.063 0.042 0.177 0.224 0.086 0.027 0.137 0.037 0.018 
 135   (0.031) 0.138 0.007 0.015 0.004 0.010 0.068 0.012 0.021 0.005 0.024 
 104   (0.010) 0.002 0.002 0.002 0.002 0.011 0.003 0.002 0.001 0.001 0.002 
 118   (0.016) 0.003 0.020 0.002 0.002 0.017 0.002 0.007 0.012 0.002 0.010 
 116   (0.027) 0.005 0.006 0.014 0.005 0.018 0.004 0.035 0.021 0.074 0.006 
 137   (0.024) 0.007 0.004 0.002 0.006 0.099 0.003 0.008 0.015 0.081 0.014 
 123   (0.023) 0.032 0.005 0.090 0.002 0.007 0.016 0.006 0.006 0.022 0.004 
 149   (0.009) 0.001 0.001 0.002 0.001 0.001 0.003 0.008 0.001 0.006 0.002 
 138   (0.012) 0.002 0.002 0.001 0.001 0.001 0.025 0.002 0.002 0.001 0.039 
 143   (0.027) 0.005 0.004 0.050 0.071 0.003 0.011 0.004 0.009 0.006 0.036 
 163   (0.009) 0.001 0.001 0.001 0.001 0.003 0.001 0.003 0.001 0.005 0.006 
 109   (0.008) 0.001 0.001 0.001 0.000 0.001 0.001 0.029 0.001 0.001 0.001 
 139   (0.009) 0.002 0.001 0.001 0.001 0.001 0.001 0.001 0.002 0.001 0.011 
 106   (0.009) 0.002 0.001 0.001 0.001 0.001 0.001 0.002 0.001 0.002 0.010 
 144   (0.014) 0.027 0.002 0.002 0.001 0.001 0.001 0.038 0.002 0.002 0.005 
 122   (0.009) 0.002 0.016 0.001 0.003 0.001 0.001 0.006 0.001 0.001 0.002 
 100   (0.017) 0.004 0.003 0.007 0.001 0.002 0.012 0.008 0.007 0.028 0.021 
 111   (0.011) 0.002 0.001 0.001 0.001 0.001 0.003 0.002 0.002 0.001 0.030 
 233   (0.009) 0.002 0.001 0.003 0.001 0.001 0.005 0.001 0.008 0.002 0.004 
 134   (0.008) 0.001 0.001 0.014 0.001 0.001 0.001 0.001 0.001 0.001 0.002 
 140   (0.009) 0.002 0.001 0.002 0.001 0.001 0.001 0.007 0.002 0.001 0.005 

Locus 6 : 
17 alleles
0.0% missing data
 221   (0.023) 0.004 0.139 0.002 0.087 0.002 0.002 0.003 0.003 0.003 0.004 
 232   (0.242) 0.229 0.151 0.274 0.425 0.101 0.747 0.248 0.268 0.423 0.279 
 229   (0.056) 0.042 0.097 0.092 0.058 0.067 0.018 0.029 0.014 0.010 0.011 
 223   (0.063) 0.019 0.100 0.073 0.009 0.007 0.006 0.059 0.119 0.027 0.046 
 230   (0.155) 0.098 0.069 0.242 0.300 0.160 0.049 0.249 0.118 0.081 0.226 
 235   (0.014) 0.002 0.069 0.001 0.001 0.002 0.001 0.002 0.002 0.002 0.002 
 236   (0.040) 0.016 0.091 0.004 0.006 0.044 0.026 0.009 0.018 0.018 0.017 
 227   (0.022) 0.012 0.064 0.002 0.002 0.002 0.002 0.006 0.006 0.003 0.011 
 220   (0.060) 0.159 0.008 0.022 0.004 0.178 0.069 0.043 0.014 0.100 0.022 
 222   (0.046) 0.130 0.006 0.007 0.003 0.252 0.004 0.021 0.007 0.120 0.040 
 234   (0.129) 0.243 0.095 0.147 0.058 0.168 0.015 0.244 0.275 0.034 0.108 
 224   (0.030) 0.005 0.004 0.074 0.002 0.003 0.002 0.005 0.119 0.006 0.034 
 228   (0.056) 0.020 0.011 0.035 0.004 0.006 0.055 0.048 0.013 0.062 0.189 
 225   (0.012) 0.002 0.003 0.001 0.001 0.001 0.001 0.002 0.002 0.018 0.002 
 226   (0.014) 0.004 0.002 0.020 0.001 0.001 0.001 0.002 0.002 0.090 0.003 
 233   (0.026) 0.011 0.051 0.003 0.038 0.003 0.003 0.022 0.014 0.003 0.005 
 231   (0.014) 0.002 0.040 0.001 0.001 0.001 0.001 0.007 0.006 0.002 0.002 

Locus 7 : 
10 alleles
0.0% missing data
 121   (0.676) 0.801 0.874 0.783 0.743 0.795 0.726 0.814 0.586 0.750 0.837 
 129   (0.096) 0.017 0.080 0.119 0.100 0.010 0.131 0.056 0.096 0.101 0.052 
 130   (0.017) 0.019 0.003 0.002 0.003 0.002 0.002 0.002 0.003 0.020 0.004 
 123   (0.103) 0.072 0.028 0.085 0.102 0.127 0.134 0.029 0.219 0.106 0.061 
 128   (0.019) 0.003 0.003 0.002 0.023 0.037 0.001 0.004 0.017 0.002 0.003 
 131   (0.016) 0.002 0.002 0.002 0.002 0.021 0.001 0.003 0.011 0.010 0.003 
 117   (0.012) 0.002 0.001 0.001 0.001 0.001 0.001 0.002 0.002 0.002 0.012 
 125   (0.014) 0.002 0.002 0.001 0.001 0.001 0.001 0.002 0.058 0.002 0.002 
 134   (0.033) 0.075 0.005 0.003 0.007 0.004 0.003 0.082 0.006 0.006 0.024 
 132   (0.013) 0.006 0.002 0.001 0.020 0.001 0.001 0.007 0.002 0.002 0.002 

Locus 8 : 
19 alleles
0.0% missing data
 184   (0.302) 0.553 0.489 0.269 0.326 0.518 0.464 0.450 0.494 0.205 0.373 
 194   (0.046) 0.008 0.029 0.013 0.023 0.017 0.009 0.093 0.033 0.014 0.041 
 178   (0.100) 0.031 0.207 0.289 0.061 0.180 0.029 0.081 0.025 0.166 0.058 
 176   (0.080) 0.144 0.046 0.009 0.218 0.010 0.115 0.079 0.043 0.060 0.084 
 182   (0.077) 0.078 0.041 0.045 0.207 0.009 0.014 0.047 0.020 0.161 0.133 
 190   (0.032) 0.047 0.006 0.020 0.045 0.070 0.003 0.005 0.006 0.011 0.006 
 196   (0.021) 0.004 0.006 0.065 0.001 0.002 0.022 0.004 0.003 0.004 0.012 
 200   (0.029) 0.005 0.015 0.003 0.011 0.004 0.002 0.006 0.054 0.012 0.034 
 180   (0.023) 0.005 0.008 0.003 0.002 0.067 0.002 0.003 0.117 0.004 0.004 
 188   (0.038) 0.008 0.030 0.053 0.003 0.009 0.082 0.046 0.009 0.006 0.009 
 174   (0.038) 0.044 0.014 0.004 0.035 0.024 0.004 0.085 0.039 0.014 0.010 
 186   (0.120) 0.039 0.090 0.133 0.059 0.058 0.223 0.075 0.088 0.308 0.204 
 192   (0.022) 0.004 0.010 0.081 0.003 0.013 0.009 0.003 0.014 0.003 0.006 
 201   (0.011) 0.002 0.002 0.001 0.001 0.013 0.001 0.002 0.010 0.002 0.002 
 199   (0.019) 0.004 0.003 0.002 0.001 0.002 0.002 0.003 0.029 0.020 0.013 
 185   (0.010) 0.002 0.001 0.001 0.001 0.001 0.017 0.002 0.002 0.001 0.002 
 203   (0.011) 0.003 0.001 0.001 0.001 0.001 0.001 0.013 0.002 0.001 0.002 
 198   (0.010) 0.017 0.001 0.001 0.001 0.001 0.001 0.002 0.001 0.002 0.003 
 209   (0.011) 0.004 0.002 0.005 0.001 0.001 0.001 0.002 0.012 0.004 0.002 

Locus 9 : 
6 alleles
0.4% missing data
 154   (0.682) 0.730 0.708 0.794 0.641 0.817 0.849 0.643 0.673 0.848 0.751 
 156   (0.211) 0.254 0.167 0.129 0.342 0.172 0.033 0.276 0.312 0.133 0.181 
 152   (0.055) 0.009 0.080 0.072 0.006 0.006 0.098 0.045 0.008 0.011 0.028 
 153   (0.014) 0.002 0.002 0.001 0.001 0.002 0.017 0.002 0.002 0.004 0.012 
 160   (0.013) 0.002 0.002 0.001 0.001 0.001 0.001 0.002 0.002 0.002 0.024 
 164   (0.025) 0.004 0.041 0.002 0.009 0.003 0.002 0.033 0.004 0.003 0.005 

Locus 10 : 
29 alleles
0.7% missing data
 305   (0.063) 0.012 0.098 0.007 0.009 0.202 0.008 0.011 0.011 0.239 0.082 
 313   (0.045) 0.008 0.155 0.009 0.005 0.005 0.004 0.011 0.013 0.074 0.049 
 311   (0.016) 0.005 0.018 0.004 0.002 0.002 0.001 0.003 0.005 0.002 0.004 
 299   (0.123) 0.156 0.271 0.159 0.034 0.046 0.151 0.036 0.018 0.034 0.221 
 315   (0.073) 0.015 0.089 0.020 0.102 0.083 0.006 0.020 0.023 0.016 0.159 
 287   (0.017) 0.004 0.006 0.002 0.002 0.002 0.002 0.003 0.789 0.004 0.004 
 291   (0.121) 0.156 0.118 0.476 0.023 0.079 0.014 0.333 0.019 0.057 0.072 
 295   (0.023) 0.004 0.032 0.002 0.002 0.004 0.002 0.213 0.003 0.004 0.005 
 289   (0.014) 0.202 0.002 0.001 0.001 0.002 0.001 0.002 0.002 0.002 0.004 
 303   (0.031) 0.006 0.007 0.003 0.509 0.023 0.628 0.007 0.004 0.004 0.007 
 297   (0.049) 0.019 0.020 0.027 0.084 0.006 0.004 0.086 0.007 0.177 0.012 
 293   (0.013) 0.204 0.003 0.001 0.001 0.002 0.001 0.002 0.001 0.002 0.003 
 301   (0.062) 0.022 0.072 0.007 0.007 0.155 0.025 0.063 0.010 0.009 0.073 
 285   (0.023) 0.004 0.003 0.002 0.002 0.243 0.002 0.003 0.003 0.256 0.007 
 307   (0.056) 0.009 0.011 0.097 0.199 0.040 0.005 0.063 0.010 0.008 0.055 
 312   (0.063) 0.042 0.009 0.101 0.005 0.082 0.021 0.075 0.011 0.011 0.077 
 306   (0.029) 0.005 0.013 0.013 0.002 0.004 0.002 0.018 0.005 0.004 0.061 
 320   (0.012) 0.002 0.002 0.001 0.001 0.001 0.001 0.002 0.001 0.001 0.024 
 317   (0.019) 0.003 0.017 0.002 0.001 0.002 0.104 0.003 0.002 0.003 0.004 
 314   (0.027) 0.005 0.035 0.002 0.002 0.003 0.002 0.004 0.033 0.003 0.014 
 323   (0.012) 0.004 0.002 0.001 0.001 0.001 0.001 0.002 0.009 0.002 0.006 
 325   (0.011) 0.004 0.002 0.001 0.001 0.001 0.001 0.002 0.009 0.002 0.006 
 310   (0.015) 0.002 0.003 0.052 0.001 0.002 0.001 0.004 0.002 0.002 0.005 
 309   (0.013) 0.005 0.002 0.001 0.001 0.002 0.001 0.027 0.002 0.002 0.003 
 316   (0.016) 0.003 0.003 0.004 0.001 0.002 0.003 0.002 0.002 0.003 0.030 
 296   (0.013) 0.002 0.002 0.001 0.001 0.001 0.006 0.003 0.002 0.002 0.008 
 304   (0.015) 0.006 0.002 0.002 0.001 0.002 0.001 0.002 0.002 0.074 0.003 
 321   (0.013) 0.045 0.002 0.001 0.001 0.001 0.001 0.002 0.002 0.003 0.002 
 332   (0.013) 0.047 0.002 0.001 0.001 0.001 0.001 0.002 0.001 0.001 0.002 

Locus 11 : 
19 alleles
0.0% missing data
 114   (0.146) 0.046 0.249 0.027 0.188 0.291 0.044 0.277 0.052 0.024 0.167 
 126   (0.023) 0.003 0.058 0.002 0.004 0.019 0.002 0.006 0.003 0.003 0.004 
 111   (0.094) 0.498 0.167 0.553 0.006 0.009 0.278 0.014 0.020 0.545 0.018 
 116   (0.115) 0.084 0.105 0.032 0.257 0.018 0.010 0.137 0.149 0.070 0.079 
 132   (0.014) 0.002 0.012 0.001 0.001 0.001 0.001 0.002 0.002 0.002 0.003 
 109   (0.015) 0.002 0.048 0.002 0.001 0.001 0.001 0.002 0.002 0.002 0.002 
 128   (0.018) 0.003 0.009 0.007 0.001 0.002 0.002 0.012 0.003 0.002 0.006 
 112   (0.313) 0.129 0.268 0.050 0.514 0.601 0.216 0.447 0.453 0.081 0.609 
 122   (0.016) 0.007 0.002 0.002 0.004 0.007 0.014 0.006 0.002 0.002 0.003 
 124   (0.013) 0.002 0.002 0.001 0.002 0.017 0.002 0.002 0.002 0.002 0.002 
 118   (0.052) 0.157 0.023 0.007 0.009 0.016 0.012 0.040 0.078 0.009 0.023 
 127   (0.014) 0.002 0.002 0.001 0.001 0.001 0.001 0.002 0.002 0.002 0.012 
 113   (0.048) 0.013 0.007 0.226 0.003 0.004 0.401 0.009 0.023 0.197 0.015 
 115   (0.030) 0.006 0.027 0.007 0.003 0.003 0.003 0.012 0.185 0.010 0.008 
 120   (0.022) 0.005 0.004 0.067 0.001 0.002 0.002 0.021 0.003 0.003 0.004 
 117   (0.021) 0.021 0.003 0.007 0.002 0.003 0.003 0.003 0.004 0.010 0.014 
 125   (0.018) 0.012 0.002 0.002 0.001 0.002 0.006 0.003 0.005 0.002 0.024 
 119   (0.015) 0.005 0.002 0.004 0.001 0.001 0.001 0.003 0.002 0.033 0.003 
 136   (0.013) 0.002 0.010 0.001 0.001 0.001 0.001 0.002 0.008 0.002 0.002 

Locus 12 : 
28 alleles
0.7% missing data
 306   (0.060) 0.016 0.098 0.007 0.009 0.202 0.008 0.011 0.009 0.298 0.047 
 314   (0.059) 0.010 0.139 0.079 0.007 0.007 0.014 0.009 0.022 0.070 0.043 
 312   (0.015) 0.002 0.026 0.001 0.001 0.001 0.001 0.002 0.002 0.002 0.003 
 300   (0.137) 0.158 0.288 0.157 0.035 0.047 0.153 0.037 0.019 0.036 0.224 
 316   (0.043) 0.008 0.085 0.018 0.098 0.076 0.003 0.007 0.005 0.010 0.011 
 288   (0.018) 0.004 0.005 0.002 0.002 0.002 0.002 0.003 0.773 0.004 0.004 
 292   (0.123) 0.185 0.120 0.467 0.023 0.078 0.014 0.327 0.019 0.057 0.073 
 296   (0.028) 0.005 0.033 0.003 0.003 0.005 0.005 0.217 0.004 0.004 0.010 
 290   (0.017) 0.202 0.002 0.001 0.001 0.002 0.001 0.002 0.002 0.002 0.005 
 304   (0.032) 0.006 0.007 0.003 0.510 0.023 0.632 0.007 0.004 0.005 0.008 
 298   (0.049) 0.019 0.020 0.026 0.084 0.006 0.004 0.085 0.007 0.177 0.012 
 294   (0.014) 0.204 0.003 0.001 0.001 0.002 0.001 0.002 0.002 0.002 0.003 
 302   (0.065) 0.023 0.073 0.008 0.008 0.155 0.025 0.062 0.010 0.010 0.074 
 286   (0.026) 0.004 0.003 0.002 0.002 0.242 0.002 0.003 0.004 0.277 0.008 
 308   (0.034) 0.005 0.008 0.003 0.195 0.039 0.003 0.010 0.007 0.004 0.045 
 313   (0.051) 0.038 0.009 0.011 0.004 0.087 0.007 0.084 0.009 0.007 0.097 
 307   (0.043) 0.007 0.013 0.113 0.004 0.005 0.004 0.072 0.006 0.006 0.067 
 321   (0.013) 0.002 0.002 0.001 0.001 0.001 0.001 0.002 0.001 0.002 0.024 
 315   (0.047) 0.009 0.040 0.004 0.004 0.006 0.015 0.015 0.060 0.008 0.154 
 318   (0.018) 0.003 0.005 0.004 0.001 0.002 0.095 0.002 0.002 0.005 0.005 
 324   (0.011) 0.004 0.002 0.001 0.001 0.001 0.001 0.002 0.009 0.002 0.006 
 326   (0.013) 0.004 0.003 0.001 0.001 0.001 0.001 0.002 0.010 0.002 0.007 
 311   (0.017) 0.005 0.006 0.082 0.002 0.002 0.001 0.005 0.007 0.002 0.007 
 310   (0.014) 0.005 0.002 0.001 0.001 0.002 0.001 0.026 0.002 0.002 0.003 
 305   (0.014) 0.002 0.002 0.001 0.001 0.001 0.001 0.002 0.002 0.002 0.035 
 317   (0.013) 0.002 0.002 0.001 0.001 0.001 0.001 0.002 0.001 0.002 0.024 
 320   (0.012) 0.023 0.002 0.001 0.001 0.001 0.001 0.002 0.001 0.002 0.002 
 322   (0.012) 0.045 0.002 0.001 0.001 0.001 0.001 0.002 0.001 0.003 0.002 

Locus 13 : 
7 alleles
1.1% missing data
 161   (0.596) 0.836 0.662 0.414 0.890 0.067 0.505 0.816 0.443 0.333 0.547 
 163   (0.300) 0.147 0.249 0.575 0.027 0.032 0.466 0.143 0.540 0.480 0.433 
 160   (0.017) 0.003 0.002 0.002 0.001 0.446 0.001 0.002 0.003 0.002 0.003 
 162   (0.015) 0.002 0.002 0.001 0.001 0.448 0.001 0.002 0.002 0.002 0.003 
 165   (0.044) 0.007 0.078 0.006 0.003 0.004 0.024 0.030 0.008 0.179 0.008 
 166   (0.014) 0.003 0.005 0.001 0.004 0.001 0.001 0.005 0.003 0.002 0.003 
 164   (0.014) 0.002 0.002 0.001 0.074 0.001 0.001 0.002 0.002 0.002 0.002 

Locus 14 : 
4 alleles
0.4% missing data
  98   (0.958) 0.993 0.987 0.996 0.985 0.996 0.985 0.987 0.993 0.995 0.982 
 100   (0.013) 0.002 0.002 0.001 0.001 0.001 0.008 0.002 0.003 0.002 0.007 
  96   (0.016) 0.002 0.010 0.001 0.013 0.002 0.002 0.007 0.002 0.002 0.003 
 105   (0.013) 0.002 0.002 0.001 0.001 0.001 0.006 0.003 0.002 0.002 0.008 

Locus 15 : 
12 alleles
2.2% missing data
 171   (0.309) 0.434 0.422 0.360 0.177 0.230 0.322 0.187 0.420 0.185 0.379 
 177   (0.184) 0.303 0.182 0.094 0.049 0.360 0.078 0.279 0.227 0.080 0.163 
 173   (0.266) 0.135 0.283 0.494 0.073 0.093 0.479 0.346 0.149 0.636 0.263 
 179   (0.109) 0.041 0.070 0.012 0.568 0.299 0.105 0.047 0.170 0.058 0.091 
 183   (0.018) 0.003 0.025 0.002 0.011 0.002 0.006 0.003 0.009 0.015 0.004 
 181   (0.037) 0.007 0.006 0.032 0.116 0.004 0.003 0.010 0.005 0.008 0.061 
 197   (0.014) 0.002 0.002 0.001 0.001 0.001 0.001 0.074 0.002 0.002 0.003 
 170   (0.012) 0.006 0.003 0.001 0.001 0.002 0.001 0.003 0.009 0.002 0.015 
 189   (0.013) 0.002 0.002 0.001 0.001 0.005 0.001 0.004 0.002 0.011 0.015 
 203   (0.014) 0.002 0.002 0.001 0.001 0.001 0.001 0.045 0.002 0.002 0.002 
 187   (0.013) 0.043 0.002 0.001 0.001 0.001 0.001 0.002 0.005 0.002 0.003 
 198   (0.012) 0.023 0.001 0.001 0.001 0.001 0.001 0.002 0.001 0.002 0.002 

Values of parameters used in structure:
DATAFILE=STRUCTURE_main_final_278_HEG_ZG.str,	OUTFILE=STRUCTURE_main_final_278_HEG_ZG-K10-9,	NUMINDS=278,	NUMLOCI=15,	MISSING=-9,	LABEL=1,	POPDATA=1,	POPFLAG=0,	PHENOTYPE=0,	EXTRACOLS=0,	MAXPOPS=10,	BURNIN=100000,	NUMREPS=500000,	USEPOPINFO=0,	INFERALPHA=1,	INFERLAMBDA=0,	POPSPECIFICLAMBDA=0,	POPALPHAS=0,	COMPUTEPROB=1,	NOADMIX=0,	ADMBURNIN=2500,	UPDATEFREQ=1,	PRINTLIKES=0,	INTERMEDSAVE=0,	PRINTKLD=0,	PRINTNET=0,	PRINTLAMBDA=0,	ANCESTDIST=0,	NUMBOXES=1000,	ANCESTPINT=0.90000,	GENSBACK=2,	MIGRPRIOR=0.05000,	PRINTQHAT=0,	PRINTQSUM=0,	ALPHA=1.0000,	FREQSCORR=1,	FPRIORMEAN=0.0100,	FPRIORSD=0.0500,	ONEFST=0,	LAMBDA=1.0000,	UNIFPRIORALPHA=1,	ALPHAMAX=10.0000,	ALPHAPRIORA=1.0000,	ALPHAPRIORB=2.0000,	ALPHAPROPSD=0.0250,	STARTATPOPINFO=0,	RANDOMIZE=1,	LINKAGE=0,	METROFREQ=10,	REPORTHITRATE=0,	MARKOVPHASE=-1,	PHASED=0,	PLOIDY=2,	PHASEINFO=0	LOCPRIOR=0, 	LOCPRIORINIT=1.000000, 	LOCDATA=0, 	LOCISPOP=0, 	LOCPRIORSTEP=0.100000, 	MAXLOCPRIOR=20.000000, 	SEED=1782485002,	
[STRAT parameters]:    NUMSIMSTATS=1000,	PHENOTYPECOL=-9,	POOLFREQ=10,	LOCUSxONLY=0,	EMERROR=0.00100,	MISSINGPHENO=-9,	