

----------------------------------------------------
STRUCTURE by Pritchard, Stephens and Donnelly (2000)
     and Falush, Stephens and Pritchard (2003)
       Code by Pritchard, Falush and Hubisz
             Version 2.3.4 (Jul 2012)
----------------------------------------------------



Command line arguments:   structure -K 12 -i STRUCTURE_main_final_278_HEG_ZG.str -o STRUCTURE_main_final_278_HEG_ZG-K12-7 
Input File:    STRUCTURE_main_final_278_HEG_ZG.str

Run parameters:
   278 individuals
   15 loci
   12 populations assumed
   100000 Burn-in period
   500000 Reps


--------------------------------------------
Proportion of membership of each pre-defined
 population in each of the 12 clusters

Given    Inferred Clusters                                                                      Number of
 Pop       1      2      3      4      5      6      7      8      9     10     11     12      Individuals

  1:     0.012  0.016  0.082  0.037  0.012  0.029  0.029  0.013  0.586  0.036  0.066  0.082       24
  2:     0.012  0.041  0.017  0.027  0.034  0.018  0.020  0.683  0.016  0.013  0.051  0.067       24
  3:     0.317  0.215  0.039  0.014  0.232  0.010  0.037  0.011  0.016  0.062  0.010  0.037       24
  4:     0.051  0.032  0.042  0.422  0.039  0.014  0.087  0.022  0.048  0.032  0.032  0.179       24
  5:     0.112  0.012  0.016  0.134  0.072  0.025  0.374  0.022  0.017  0.037  0.030  0.148       24
  6:     0.023  0.021  0.012  0.081  0.028  0.013  0.087  0.022  0.396  0.042  0.194  0.081       24
  7:     0.013  0.008  0.016  0.034  0.013  0.020  0.018  0.029  0.050  0.009  0.734  0.055       24
  8:     0.606  0.036  0.052  0.027  0.010  0.012  0.065  0.012  0.018  0.014  0.010  0.139       14
  9:     0.030  0.028  0.046  0.018  0.028  0.334  0.050  0.014  0.036  0.402  0.006  0.009       24
 10:     0.033  0.150  0.605  0.013  0.040  0.035  0.018  0.007  0.011  0.051  0.014  0.022       24
 11:     0.022  0.326  0.239  0.021  0.072  0.060  0.046  0.008  0.016  0.151  0.011  0.029       24
 12:     0.090  0.074  0.045  0.113  0.045  0.073  0.022  0.016  0.231  0.010  0.103  0.177       24
--------------------------------------------

Allele-freq. divergence among pops (Net nucleotide distance),
computed using point estimates of P.

      1       2       3       4       5       6       7       8       9      10      11      12      
 1      -    0.0779  0.0579  0.0489  0.0829  0.0776  0.0510  0.0734  0.0453  0.0670  0.0915  0.0326  
 2   0.0779     -    0.0891  0.1112  0.1288  0.1173  0.1153  0.1470  0.0954  0.0845  0.0947  0.0847  
 3   0.0579  0.0891     -    0.0805  0.1261  0.0857  0.0978  0.1237  0.0736  0.0648  0.1457  0.0747  
 4   0.0489  0.1112  0.0805     -    0.1063  0.0629  0.0830  0.0907  0.0479  0.0999  0.0835  0.0411  
 5   0.0829  0.1288  0.1261  0.1063     -    0.1196  0.1099  0.1329  0.1019  0.1351  0.1443  0.0903  
 6   0.0776  0.1173  0.0857  0.0629  0.1196     -    0.1150  0.1325  0.0665  0.1108  0.1212  0.0787  
 7   0.0510  0.1153  0.0978  0.0830  0.1099  0.1150     -    0.0950  0.0523  0.0884  0.1021  0.0567  
 8   0.0734  0.1470  0.1237  0.0907  0.1329  0.1325  0.0950     -    0.0750  0.1027  0.1128  0.0783  
 9   0.0453  0.0954  0.0736  0.0479  0.1019  0.0665  0.0523  0.0750     -    0.0674  0.0740  0.0336  
10   0.0670  0.0845  0.0648  0.0999  0.1351  0.1108  0.0884  0.1027  0.0674     -    0.1317  0.0666  
11   0.0915  0.0947  0.1457  0.0835  0.1443  0.1212  0.1021  0.1128  0.0740  0.1317     -    0.0698  
12   0.0326  0.0847  0.0747  0.0411  0.0903  0.0787  0.0567  0.0783  0.0336  0.0666  0.0698     -    

Average distances (expected heterozygosity) between individuals in same cluster:
cluster  1  : 0.6340 
cluster  2  : 0.5358 
cluster  3  : 0.5983 
cluster  4  : 0.5760 
cluster  5  : 0.5610 
cluster  6  : 0.5346 
cluster  7  : 0.5647 
cluster  8  : 0.6047 
cluster  9  : 0.6134 
cluster 10  : 0.5906 
cluster 11  : 0.5437 
cluster 12  : 0.6242 

--------------------------------------------
Estimated Ln Prob of Data   = -12170.0
Mean value of ln likelihood = -11338.6
Variance of ln likelihood   = 1662.7
Mean value of alpha         = 0.0472

Mean value of Fst_1         = 0.0734
Mean value of Fst_2         = 0.2494
Mean value of Fst_3         = 0.1766
Mean value of Fst_4         = 0.1601
Mean value of Fst_5         = 0.2370
Mean value of Fst_6         = 0.2476
Mean value of Fst_7         = 0.2084
Mean value of Fst_8         = 0.2235
Mean value of Fst_9         = 0.1011
Mean value of Fst_10         = 0.1774
Mean value of Fst_11         = 0.2155
Mean value of Fst_12         = 0.1125


Inferred ancestry of individuals:
        Label (%Miss) Pop:  Inferred clusters
  1 24.0601.E1    (0)    1 :  0.006 0.013 0.007 0.008 0.010 0.006 0.005 0.012 0.900 0.009 0.013 0.012 
  2 24.0602.E1    (0)    1 :  0.008 0.009 0.012 0.006 0.008 0.008 0.012 0.004 0.887 0.020 0.009 0.016 
  3 24.0603.E1    (0)    1 :  0.027 0.006 0.004 0.027 0.007 0.007 0.037 0.005 0.821 0.015 0.018 0.025 
  4 24.0604.E1    (0)    1 :  0.005 0.005 0.043 0.089 0.141 0.020 0.004 0.007 0.632 0.005 0.005 0.043 
  5 24.0605.E1    (0)    1 :  0.009 0.012 0.008 0.030 0.006 0.014 0.013 0.007 0.817 0.029 0.032 0.023 
  6 24.0606.E1    (0)    1 :  0.007 0.006 0.022 0.022 0.005 0.006 0.101 0.011 0.572 0.026 0.019 0.203 
  7 24.0607.E1    (0)    1 :  0.014 0.008 0.010 0.012 0.007 0.289 0.221 0.006 0.088 0.023 0.267 0.056 
  8 24.0608.E1    (0)    1 :  0.006 0.125 0.029 0.005 0.005 0.013 0.007 0.003 0.675 0.014 0.103 0.015 
  9 24.0609.E1    (0)    1 :  0.027 0.012 0.391 0.312 0.007 0.044 0.007 0.004 0.144 0.009 0.005 0.038 
 10 24.0610.E1    (0)    1 :  0.018 0.004 0.398 0.103 0.004 0.009 0.025 0.004 0.393 0.013 0.010 0.018 
 11 24.0611.E1    (0)    1 :  0.010 0.005 0.034 0.045 0.005 0.016 0.005 0.007 0.809 0.050 0.005 0.009 
 12 24.0612.E1    (0)    1 :  0.006 0.005 0.008 0.005 0.010 0.008 0.020 0.008 0.891 0.010 0.017 0.012 
 13 24.0613.E1    (0)    1 :  0.005 0.005 0.023 0.067 0.004 0.008 0.037 0.006 0.824 0.004 0.005 0.011 
 14 24.0614.E1    (0)    1 :  0.006 0.064 0.009 0.010 0.005 0.012 0.008 0.006 0.151 0.358 0.339 0.032 
 15 24.0615.E1    (0)    1 :  0.007 0.020 0.163 0.009 0.019 0.044 0.012 0.014 0.622 0.020 0.044 0.026 
 16 24.0616.E1    (0)    1 :  0.005 0.006 0.011 0.012 0.007 0.024 0.021 0.013 0.883 0.005 0.005 0.009 
 17 24.0617.E1    (0)    1 :  0.009 0.008 0.515 0.020 0.006 0.026 0.036 0.025 0.308 0.016 0.019 0.012 
 18 24.0618.E1    (0)    1 :  0.012 0.018 0.065 0.022 0.005 0.010 0.045 0.008 0.729 0.052 0.005 0.030 
 19 24.0619.E1    (0)    1 :  0.005 0.005 0.023 0.016 0.005 0.042 0.009 0.014 0.277 0.012 0.004 0.587 
 20 24.0620.E1   (20)    1 :  0.016 0.008 0.039 0.039 0.009 0.023 0.027 0.012 0.033 0.012 0.624 0.158 
 21 24.0621.E1    (0)    1 :  0.007 0.030 0.099 0.007 0.005 0.041 0.011 0.005 0.115 0.099 0.004 0.576 
 22 24.0622.E1    (0)    1 :  0.017 0.006 0.010 0.011 0.004 0.004 0.014 0.024 0.883 0.005 0.009 0.014 
 23 24.0623.E1    (0)    1 :  0.052 0.011 0.034 0.010 0.009 0.015 0.006 0.097 0.674 0.047 0.020 0.026 
 24 24.0624.E1    (0)    1 :  0.006 0.005 0.011 0.006 0.004 0.005 0.012 0.006 0.924 0.010 0.006 0.007 
 25 24.0625.E1    (0)    2 :  0.024 0.183 0.009 0.034 0.042 0.004 0.009 0.546 0.012 0.065 0.050 0.021 
 26 24.0626.E1    (0)    2 :  0.004 0.128 0.003 0.004 0.004 0.003 0.004 0.805 0.004 0.005 0.032 0.004 
 27 24.0627.E1    (0)    2 :  0.007 0.012 0.005 0.014 0.364 0.010 0.005 0.457 0.006 0.006 0.021 0.093 
 28 24.0628.E1    (0)    2 :  0.034 0.143 0.092 0.079 0.006 0.020 0.006 0.427 0.031 0.008 0.133 0.020 
 29 24.0629.E1    (0)    2 :  0.013 0.008 0.010 0.007 0.009 0.010 0.049 0.799 0.075 0.006 0.005 0.010 
 30 24.0630.E1    (0)    2 :  0.007 0.045 0.004 0.008 0.006 0.005 0.004 0.793 0.005 0.009 0.102 0.013 
 31 24.0631.E1    (0)    2 :  0.003 0.003 0.003 0.003 0.003 0.003 0.004 0.962 0.005 0.004 0.004 0.004 
 32 24.0632.E1    (0)    2 :  0.005 0.005 0.006 0.007 0.012 0.005 0.055 0.861 0.008 0.006 0.023 0.006 
 33 24.0633.E1    (0)    2 :  0.009 0.347 0.006 0.007 0.005 0.004 0.010 0.307 0.010 0.020 0.041 0.234 
 34 24.0634.E1    (0)    2 :  0.014 0.025 0.011 0.011 0.009 0.004 0.008 0.863 0.009 0.029 0.007 0.010 
 35 24.0635.E1    (0)    2 :  0.051 0.019 0.023 0.008 0.015 0.013 0.011 0.475 0.018 0.069 0.020 0.277 
 36 24.0636.E1   (33)    2 :  0.023 0.009 0.010 0.153 0.024 0.007 0.016 0.068 0.034 0.008 0.616 0.031 
 37 24.0637.E1    (0)    2 :  0.005 0.003 0.003 0.005 0.004 0.004 0.006 0.951 0.004 0.005 0.007 0.004 
 38 24.0638.E1    (0)    2 :  0.014 0.005 0.005 0.014 0.008 0.005 0.027 0.764 0.007 0.005 0.004 0.141 
 39 24.0639.E1    (0)    2 :  0.007 0.007 0.086 0.006 0.028 0.008 0.095 0.697 0.038 0.006 0.012 0.009 
 40 24.0640.E1    (0)    2 :  0.006 0.007 0.008 0.007 0.004 0.006 0.006 0.917 0.008 0.018 0.006 0.008 
 41 24.0641.E1    (0)    2 :  0.010 0.007 0.012 0.005 0.007 0.187 0.022 0.311 0.035 0.008 0.014 0.384 
 42 24.0642.E1    (0)    2 :  0.005 0.005 0.004 0.038 0.006 0.006 0.008 0.521 0.039 0.004 0.056 0.309 
 43 24.0643.E1    (0)    2 :  0.009 0.006 0.013 0.010 0.226 0.004 0.116 0.536 0.009 0.012 0.046 0.013 
 44 24.0644.E1    (0)    2 :  0.007 0.005 0.035 0.033 0.004 0.031 0.004 0.857 0.007 0.005 0.005 0.006 
 45 24.0645.E1    (0)    2 :  0.005 0.004 0.021 0.162 0.005 0.049 0.005 0.716 0.008 0.005 0.013 0.007 
 46 24.0646.E1    (0)    2 :  0.007 0.005 0.034 0.034 0.004 0.031 0.004 0.857 0.007 0.005 0.005 0.006 
 47 24.0647.E1    (0)    2 :  0.005 0.003 0.003 0.005 0.004 0.004 0.006 0.951 0.004 0.005 0.007 0.004 
 48 24.0648.E1    (0)    2 :  0.004 0.003 0.003 0.005 0.004 0.004 0.006 0.951 0.004 0.005 0.007 0.004 
 49 24.0649.E1    (0)    3 :  0.929 0.008 0.010 0.006 0.008 0.006 0.007 0.005 0.005 0.009 0.003 0.005 
 50 24.0650.E1    (0)    3 :  0.175 0.129 0.072 0.051 0.011 0.010 0.004 0.004 0.011 0.177 0.003 0.352 
 51 24.0651.E1    (0)    3 :  0.252 0.052 0.008 0.028 0.044 0.013 0.141 0.109 0.007 0.310 0.024 0.012 
 52 24.0652.E1    (0)    3 :  0.094 0.772 0.005 0.005 0.010 0.008 0.009 0.005 0.030 0.007 0.004 0.052 
 53 24.0653.E1    (0)    3 :  0.075 0.016 0.025 0.008 0.786 0.022 0.025 0.005 0.005 0.009 0.007 0.017 
 54 24.0654.E1    (0)    3 :  0.521 0.398 0.024 0.006 0.007 0.006 0.010 0.008 0.006 0.006 0.004 0.005 
 55 24.0655.E1    (0)    3 :  0.310 0.382 0.030 0.010 0.008 0.007 0.076 0.024 0.055 0.062 0.007 0.028 
 56 24.0656.E1    (0)    3 :  0.046 0.850 0.011 0.013 0.015 0.006 0.010 0.006 0.007 0.005 0.011 0.020 
 57 24.0657.E1    (0)    3 :  0.056 0.836 0.012 0.014 0.015 0.006 0.010 0.006 0.008 0.006 0.010 0.023 
 58 24.0658.E1    (0)    3 :  0.656 0.005 0.112 0.030 0.065 0.017 0.061 0.006 0.017 0.009 0.006 0.016 
 59 24.0659.E1    (0)    3 :  0.146 0.066 0.023 0.007 0.333 0.005 0.010 0.007 0.036 0.233 0.004 0.130 
 60 24.0660.E1    (6)    3 :  0.852 0.008 0.006 0.013 0.011 0.008 0.022 0.012 0.024 0.008 0.006 0.030 
 61 24.0661.E1    (0)    3 :  0.040 0.885 0.005 0.005 0.008 0.009 0.013 0.005 0.009 0.008 0.006 0.007 
 62 24.0662.E1    (0)    3 :  0.166 0.047 0.019 0.010 0.102 0.006 0.016 0.016 0.055 0.521 0.022 0.020 
 63 24.0663.E1    (0)    3 :  0.353 0.059 0.441 0.055 0.005 0.028 0.010 0.007 0.006 0.025 0.004 0.006 
 64 24.0664.E1    (0)    3 :  0.700 0.185 0.013 0.006 0.007 0.012 0.020 0.006 0.005 0.004 0.034 0.008 
 65 24.0665.E1    (0)    3 :  0.476 0.369 0.004 0.013 0.031 0.009 0.016 0.006 0.005 0.006 0.052 0.013 
 66 24.0666.E1    (0)    3 :  0.007 0.007 0.008 0.008 0.926 0.005 0.010 0.005 0.008 0.004 0.004 0.008 
 67 24.0667.E1    (0)    3 :  0.016 0.006 0.005 0.004 0.927 0.004 0.005 0.003 0.010 0.004 0.004 0.014 
 68 24.0668.E1    (0)    3 :  0.004 0.003 0.004 0.004 0.961 0.005 0.004 0.004 0.003 0.003 0.003 0.003 
 69 24.0669.E1    (0)    3 :  0.004 0.004 0.004 0.004 0.949 0.013 0.004 0.004 0.004 0.003 0.003 0.004 
 70 24.0670.E1    (0)    3 :  0.424 0.015 0.061 0.004 0.073 0.004 0.355 0.004 0.014 0.031 0.005 0.009 
 71 24.0671.E1    (0)    3 :  0.773 0.054 0.035 0.016 0.012 0.009 0.040 0.007 0.011 0.028 0.008 0.008 
 72 24.0672.E1    (0)    3 :  0.526 0.008 0.008 0.011 0.243 0.032 0.014 0.005 0.048 0.012 0.005 0.089 
 73 24.0673.E1    (6)    4 :  0.014 0.431 0.008 0.170 0.007 0.005 0.032 0.020 0.105 0.029 0.100 0.080 
 74 24.0674.E1    (0)    4 :  0.005 0.004 0.006 0.934 0.004 0.005 0.005 0.007 0.007 0.010 0.007 0.005 
 75 24.0675.E1    (0)    4 :  0.028 0.026 0.022 0.718 0.008 0.014 0.048 0.023 0.023 0.052 0.021 0.016 
 76 24.0676.E1    (0)    4 :  0.049 0.020 0.136 0.599 0.006 0.041 0.047 0.006 0.013 0.031 0.022 0.031 
 77 24.0677.E1    (0)    4 :  0.024 0.047 0.022 0.018 0.015 0.030 0.747 0.004 0.020 0.030 0.012 0.031 
 78 24.0678.E1    (0)    4 :  0.081 0.038 0.007 0.017 0.103 0.028 0.065 0.054 0.489 0.016 0.010 0.092 
 79 24.0679.E1    (0)    4 :  0.052 0.008 0.154 0.146 0.038 0.008 0.047 0.011 0.097 0.018 0.007 0.413 
 80 24.0680.E1    (0)    4 :  0.130 0.010 0.006 0.014 0.028 0.014 0.021 0.012 0.018 0.008 0.008 0.730 
 81 24.0681.E1    (0)    4 :  0.065 0.008 0.007 0.085 0.011 0.011 0.036 0.009 0.019 0.013 0.019 0.718 
 82 24.0682.E1    (0)    4 :  0.003 0.003 0.004 0.955 0.003 0.009 0.003 0.004 0.004 0.003 0.004 0.004 
 83 24.0683.E1    (0)    4 :  0.005 0.006 0.004 0.881 0.006 0.005 0.012 0.007 0.007 0.008 0.051 0.008 
 84 24.0684.E1    (0)    4 :  0.018 0.006 0.023 0.753 0.010 0.017 0.042 0.027 0.066 0.005 0.013 0.019 
 85 24.0685.E1    (0)    4 :  0.010 0.005 0.028 0.311 0.065 0.006 0.020 0.007 0.010 0.006 0.020 0.513 
 86 24.0686.E1    (0)    4 :  0.170 0.005 0.013 0.043 0.012 0.006 0.310 0.081 0.068 0.202 0.014 0.076 
 87 24.0687.E1    (0)    4 :  0.199 0.007 0.023 0.102 0.006 0.006 0.127 0.160 0.033 0.242 0.018 0.077 
 88 24.0688.E1    (0)    4 :  0.010 0.004 0.003 0.934 0.003 0.007 0.005 0.007 0.006 0.004 0.005 0.011 
 89 24.0689.E1    (0)    4 :  0.045 0.031 0.359 0.073 0.005 0.012 0.237 0.012 0.020 0.013 0.022 0.170 
 90 24.0690.E1    (0)    4 :  0.063 0.021 0.005 0.026 0.530 0.005 0.066 0.030 0.019 0.038 0.034 0.162 
 91 24.0691.E1    (0)    4 :  0.012 0.006 0.044 0.763 0.011 0.005 0.056 0.006 0.036 0.007 0.007 0.048 
 92 24.0692.E1    (0)    4 :  0.052 0.005 0.020 0.776 0.008 0.008 0.088 0.004 0.005 0.005 0.009 0.020 
 93 24.0693.E1    (0)    4 :  0.146 0.063 0.035 0.267 0.018 0.010 0.017 0.008 0.011 0.016 0.353 0.057 
 94 24.0694.E1    (0)    4 :  0.016 0.004 0.009 0.708 0.009 0.007 0.005 0.007 0.008 0.004 0.008 0.214 
 95 24.0695.E1    (0)    4 :  0.011 0.007 0.044 0.289 0.011 0.065 0.006 0.007 0.059 0.006 0.006 0.488 
 96 24.0696.E1    (0)    4 :  0.010 0.004 0.018 0.548 0.011 0.009 0.033 0.012 0.022 0.008 0.008 0.319 
 97 24.0697.E1    (0)    5 :  0.039 0.007 0.010 0.137 0.005 0.010 0.736 0.008 0.005 0.014 0.016 0.013 
 98 24.0698.E1    (0)    5 :  0.011 0.009 0.009 0.017 0.012 0.006 0.870 0.014 0.008 0.021 0.014 0.009 
 99 24.0699.E1    (0)    5 :  0.007 0.004 0.004 0.004 0.005 0.004 0.948 0.004 0.005 0.005 0.005 0.005 
100 24.0700.E1    (0)    5 :  0.130 0.009 0.008 0.010 0.007 0.005 0.439 0.005 0.006 0.014 0.006 0.362 
101 24.0701.E1    (0)    5 :  0.007 0.006 0.009 0.007 0.654 0.008 0.236 0.009 0.007 0.007 0.040 0.010 
102 24.0702.E1    (0)    5 :  0.082 0.007 0.008 0.007 0.019 0.006 0.492 0.011 0.010 0.006 0.020 0.332 
103 24.0703.E1    (0)    5 :  0.008 0.003 0.004 0.004 0.005 0.004 0.833 0.036 0.005 0.089 0.004 0.004 
104 24.0704.E1    (6)    5 :  0.014 0.005 0.006 0.013 0.005 0.164 0.737 0.008 0.008 0.016 0.008 0.018 
105 24.0705.E1    (0)    5 :  0.018 0.006 0.009 0.084 0.029 0.008 0.042 0.006 0.023 0.007 0.009 0.759 
106 24.0706.E1    (0)    5 :  0.416 0.012 0.010 0.012 0.013 0.012 0.036 0.008 0.006 0.006 0.009 0.460 
107 24.0707.E1    (0)    5 :  0.527 0.012 0.005 0.066 0.006 0.026 0.068 0.029 0.037 0.043 0.019 0.163 
108 24.0708.E1    (0)    5 :  0.020 0.016 0.102 0.054 0.018 0.006 0.070 0.157 0.029 0.476 0.020 0.030 
109 24.0709.E1    (0)    5 :  0.024 0.016 0.028 0.755 0.008 0.097 0.014 0.007 0.011 0.017 0.006 0.016 
110 24.0710.E1    (0)    5 :  0.005 0.004 0.007 0.142 0.008 0.006 0.761 0.005 0.009 0.027 0.019 0.007 
111 24.0711.E1    (0)    5 :  0.056 0.008 0.005 0.047 0.035 0.064 0.598 0.048 0.063 0.006 0.014 0.055 
112 24.0712.E1    (0)    5 :  0.007 0.005 0.006 0.019 0.492 0.004 0.396 0.025 0.012 0.007 0.010 0.017 
113 24.0713.E1    (0)    5 :  0.072 0.006 0.039 0.182 0.008 0.060 0.112 0.006 0.008 0.012 0.012 0.483 
114 24.0714.E1    (0)    5 :  0.053 0.011 0.013 0.007 0.010 0.009 0.268 0.011 0.037 0.014 0.007 0.559 
115 24.0715.E1    (0)    5 :  0.048 0.036 0.007 0.100 0.018 0.006 0.573 0.006 0.020 0.007 0.148 0.031 
116 24.0716.E1    (0)    5 :  0.027 0.007 0.040 0.014 0.296 0.011 0.497 0.024 0.038 0.014 0.017 0.015 
117 24.0717.E1    (0)    5 :  0.214 0.083 0.024 0.024 0.013 0.024 0.117 0.050 0.016 0.071 0.286 0.078 
118 24.0718.E1    (0)    5 :  0.614 0.004 0.008 0.148 0.042 0.006 0.044 0.028 0.020 0.008 0.013 0.064 
119 24.0719.E1    (0)    5 :  0.076 0.007 0.018 0.744 0.014 0.038 0.011 0.016 0.007 0.005 0.008 0.057 
120 24.0720.E1    (0)    5 :  0.219 0.007 0.013 0.619 0.010 0.014 0.067 0.013 0.012 0.006 0.005 0.015 
121 24.0721.E1    (0)    6 :  0.017 0.080 0.017 0.064 0.020 0.006 0.366 0.009 0.011 0.060 0.274 0.075 
122 24.0722.E1    (0)    6 :  0.019 0.008 0.011 0.069 0.064 0.005 0.145 0.074 0.017 0.106 0.454 0.028 
123 24.0723.E1    (0)    6 :  0.012 0.152 0.019 0.009 0.009 0.005 0.035 0.117 0.023 0.288 0.304 0.027 
124 24.0724.E1    (0)    6 :  0.019 0.011 0.042 0.371 0.012 0.010 0.047 0.034 0.122 0.230 0.058 0.045 
125 24.0725.E1    (0)    6 :  0.007 0.015 0.006 0.010 0.006 0.005 0.034 0.007 0.883 0.005 0.007 0.015 
126 24.0726.E1    (6)    6 :  0.014 0.005 0.007 0.024 0.006 0.005 0.008 0.008 0.300 0.017 0.078 0.528 
127 24.0727.E1    (0)    6 :  0.025 0.037 0.012 0.030 0.063 0.004 0.036 0.021 0.226 0.059 0.449 0.037 
128 24.0728.E1    (0)    6 :  0.123 0.030 0.012 0.015 0.012 0.005 0.165 0.029 0.401 0.023 0.166 0.019 
129 24.0729.E1    (0)    6 :  0.020 0.005 0.024 0.095 0.038 0.033 0.010 0.012 0.609 0.011 0.043 0.100 
130 24.0730.E1    (0)    6 :  0.046 0.009 0.010 0.034 0.016 0.013 0.792 0.007 0.042 0.006 0.013 0.013 
131 24.0731.E1    (0)    6 :  0.009 0.019 0.007 0.104 0.004 0.005 0.008 0.013 0.091 0.012 0.059 0.670 
132 24.0732.E1    (0)    6 :  0.013 0.024 0.004 0.119 0.012 0.007 0.066 0.009 0.066 0.005 0.634 0.042 
133 24.0733.E1    (0)    6 :  0.005 0.004 0.006 0.007 0.003 0.004 0.004 0.006 0.927 0.004 0.017 0.013 
134 24.0734.E1    (0)    6 :  0.021 0.010 0.007 0.008 0.007 0.004 0.118 0.010 0.025 0.028 0.746 0.017 
135 24.0735.E1    (0)    6 :  0.023 0.008 0.022 0.020 0.011 0.005 0.095 0.044 0.564 0.008 0.163 0.038 
136 24.0736.E1    (0)    6 :  0.006 0.006 0.006 0.008 0.004 0.005 0.015 0.007 0.889 0.005 0.034 0.015 
137 24.0737.E1    (0)    6 :  0.030 0.008 0.007 0.011 0.008 0.004 0.010 0.023 0.804 0.058 0.007 0.028 
138 24.0738.E1    (0)    6 :  0.013 0.007 0.005 0.007 0.009 0.008 0.017 0.010 0.851 0.008 0.026 0.037 
139 24.0739.E1    (0)    6 :  0.029 0.007 0.006 0.011 0.006 0.004 0.012 0.015 0.882 0.006 0.005 0.017 
140 24.0740.E1    (0)    6 :  0.025 0.006 0.018 0.173 0.009 0.085 0.007 0.022 0.587 0.005 0.010 0.054 
141 24.0741.E1    (0)    6 :  0.044 0.009 0.009 0.161 0.006 0.006 0.047 0.015 0.367 0.008 0.291 0.039 
142 24.0742.E1    (0)    6 :  0.012 0.007 0.007 0.033 0.008 0.007 0.012 0.010 0.171 0.017 0.689 0.027 
143 24.0743.E1    (0)    6 :  0.010 0.009 0.011 0.433 0.025 0.044 0.018 0.005 0.376 0.019 0.021 0.030 
144 24.0744.E1    (0)    6 :  0.022 0.018 0.023 0.129 0.307 0.036 0.012 0.011 0.276 0.017 0.110 0.039 
145 24.0745.E1    (0)    7 :  0.009 0.016 0.007 0.015 0.021 0.015 0.013 0.004 0.004 0.005 0.870 0.022 
146 24.0746.E1    (0)    7 :  0.024 0.007 0.009 0.044 0.007 0.084 0.033 0.077 0.047 0.055 0.595 0.017 
147 24.0747.E1    (0)    7 :  0.020 0.009 0.028 0.136 0.012 0.050 0.006 0.009 0.022 0.004 0.681 0.021 
148 24.0748.E1    (6)    7 :  0.019 0.018 0.042 0.162 0.012 0.060 0.007 0.009 0.026 0.005 0.607 0.034 
149 24.0749.E1    (0)    7 :  0.006 0.004 0.006 0.008 0.007 0.005 0.016 0.007 0.224 0.010 0.698 0.011 
150 24.0750.E1    (0)    7 :  0.021 0.008 0.012 0.063 0.013 0.017 0.095 0.009 0.141 0.021 0.209 0.391 
151 24.0751.E1    (0)    7 :  0.004 0.005 0.004 0.004 0.004 0.004 0.006 0.006 0.007 0.004 0.946 0.006 
152 24.0752.E1    (0)    7 :  0.005 0.010 0.006 0.007 0.004 0.008 0.046 0.006 0.037 0.003 0.860 0.007 
153 24.0753.E1    (0)    7 :  0.009 0.026 0.004 0.011 0.009 0.010 0.005 0.183 0.226 0.009 0.497 0.010 
154 24.0754.E1    (0)    7 :  0.007 0.009 0.006 0.024 0.006 0.005 0.007 0.016 0.028 0.004 0.867 0.019 
155 24.0755.E1    (0)    7 :  0.023 0.006 0.033 0.125 0.007 0.035 0.024 0.017 0.012 0.005 0.703 0.011 
156 24.0756.E1    (0)    7 :  0.004 0.005 0.014 0.007 0.004 0.005 0.005 0.009 0.011 0.007 0.920 0.009 
157 24.0757.E1    (0)    7 :  0.003 0.003 0.003 0.004 0.004 0.004 0.005 0.004 0.003 0.003 0.961 0.004 
158 24.0758.E1    (0)    7 :  0.003 0.003 0.003 0.004 0.004 0.004 0.005 0.004 0.004 0.003 0.960 0.004 
159 24.0759.E1    (0)    7 :  0.007 0.013 0.005 0.007 0.010 0.007 0.007 0.006 0.020 0.005 0.903 0.010 
160 24.0760.E1    (0)    7 :  0.032 0.007 0.006 0.025 0.007 0.005 0.029 0.280 0.009 0.006 0.584 0.010 
161 24.0761.E1    (0)    7 :  0.004 0.005 0.005 0.005 0.003 0.003 0.004 0.008 0.006 0.005 0.946 0.005 
162 24.0762.E1    (0)    7 :  0.067 0.007 0.137 0.039 0.159 0.019 0.034 0.008 0.193 0.010 0.071 0.257 
163 24.0763.E1    (0)    7 :  0.005 0.006 0.004 0.016 0.003 0.005 0.004 0.004 0.007 0.004 0.936 0.006 
164 24.0764.E1    (0)    7 :  0.005 0.004 0.004 0.004 0.004 0.004 0.009 0.008 0.011 0.003 0.936 0.006 
165 24.0765.E1    (0)    7 :  0.006 0.007 0.010 0.024 0.004 0.006 0.008 0.020 0.006 0.020 0.869 0.020 
166 24.0766.E1    (0)    7 :  0.006 0.009 0.004 0.009 0.005 0.005 0.008 0.006 0.009 0.005 0.926 0.006 
167 24.0767.E1    (0)    7 :  0.004 0.004 0.004 0.008 0.003 0.003 0.004 0.004 0.004 0.004 0.954 0.004 
168 24.0768.E1    (0)    7 :  0.012 0.008 0.024 0.063 0.007 0.124 0.057 0.005 0.143 0.008 0.117 0.433 
169 24.0779.E1    (0)    8 :  0.823 0.008 0.006 0.024 0.008 0.014 0.023 0.005 0.011 0.024 0.041 0.012 
170 24.0780.E1    (6)    8 :  0.588 0.031 0.110 0.019 0.009 0.007 0.133 0.005 0.007 0.014 0.004 0.072 
171 24.0781.E1    (0)    8 :  0.711 0.006 0.009 0.006 0.005 0.004 0.090 0.005 0.004 0.007 0.005 0.149 
172 24.0782.E1    (0)    8 :  0.030 0.031 0.022 0.111 0.007 0.007 0.296 0.032 0.057 0.028 0.017 0.361 
173 24.0783.E1    (0)    8 :  0.020 0.011 0.357 0.011 0.016 0.004 0.054 0.008 0.007 0.008 0.005 0.501 
174 24.0784.E1    (0)    8 :  0.843 0.007 0.015 0.026 0.004 0.012 0.035 0.005 0.007 0.029 0.004 0.014 
175 24.0785.E1    (0)    8 :  0.769 0.034 0.025 0.007 0.009 0.011 0.102 0.004 0.007 0.012 0.004 0.016 
176 24.0786.E1    (0)    8 :  0.666 0.017 0.074 0.093 0.008 0.022 0.037 0.008 0.018 0.008 0.009 0.041 
177 24.0787.E1    (0)    8 :  0.794 0.008 0.012 0.018 0.006 0.007 0.042 0.053 0.015 0.010 0.017 0.017 
178 24.0788.E1    (0)    8 :  0.888 0.007 0.040 0.013 0.005 0.009 0.006 0.011 0.004 0.007 0.004 0.006 
179 24.0789.E1    (0)    8 :  0.748 0.011 0.032 0.009 0.005 0.014 0.063 0.021 0.058 0.027 0.006 0.008 
180 24.0790.E1    (0)    8 :  0.934 0.010 0.008 0.004 0.005 0.006 0.006 0.005 0.004 0.008 0.003 0.007 
181 24.0791.E1    (0)    8 :  0.197 0.016 0.011 0.008 0.043 0.043 0.010 0.005 0.041 0.005 0.008 0.615 
182 24.0792.E1    (0)    8 :  0.471 0.302 0.007 0.024 0.017 0.005 0.009 0.004 0.008 0.007 0.018 0.127 
183 24.0793.E1    (0)    9 :  0.006 0.014 0.024 0.006 0.005 0.017 0.578 0.030 0.017 0.292 0.005 0.006 
184 24.0794.E1    (0)    9 :  0.026 0.204 0.028 0.006 0.005 0.006 0.017 0.006 0.508 0.174 0.007 0.012 
185 24.0795.E1    (0)    9 :  0.006 0.005 0.010 0.023 0.005 0.007 0.007 0.009 0.079 0.817 0.012 0.021 
186 24.0796.E1    (0)    9 :  0.107 0.188 0.366 0.006 0.005 0.032 0.078 0.009 0.083 0.108 0.005 0.012 
187 24.0797.E1    (0)    9 :  0.035 0.021 0.054 0.006 0.005 0.007 0.277 0.007 0.014 0.560 0.003 0.010 
188 24.0798.E1    (0)    9 :  0.018 0.066 0.008 0.027 0.328 0.023 0.022 0.016 0.009 0.451 0.017 0.014 
189 24.0799.E1    (0)    9 :  0.004 0.004 0.007 0.005 0.005 0.934 0.014 0.007 0.008 0.004 0.005 0.004 
190 24.0800.E1    (0)    9 :  0.005 0.006 0.009 0.007 0.004 0.936 0.010 0.004 0.007 0.004 0.004 0.005 
191 24.0801.E1    (0)    9 :  0.009 0.008 0.004 0.012 0.181 0.757 0.005 0.005 0.004 0.005 0.004 0.007 
192 24.0802.E1    (0)    9 :  0.005 0.004 0.007 0.005 0.005 0.007 0.007 0.011 0.005 0.931 0.004 0.008 
193 24.0803.E1    (0)    9 :  0.007 0.008 0.008 0.007 0.017 0.478 0.058 0.009 0.011 0.379 0.006 0.012 
194 24.0804.E1    (0)    9 :  0.010 0.007 0.093 0.014 0.004 0.033 0.009 0.012 0.011 0.798 0.003 0.005 
195 24.0805.E1    (0)    9 :  0.010 0.005 0.005 0.018 0.004 0.913 0.006 0.004 0.006 0.013 0.006 0.011 
196 24.0806.E1    (0)    9 :  0.007 0.008 0.005 0.006 0.007 0.044 0.006 0.031 0.007 0.868 0.006 0.007 
197 24.0807.E1    (0)    9 :  0.011 0.016 0.018 0.007 0.009 0.009 0.008 0.007 0.006 0.892 0.003 0.014 
198 24.0808.E1    (0)    9 :  0.241 0.008 0.016 0.034 0.004 0.627 0.009 0.016 0.009 0.023 0.005 0.008 
199 24.0809.E1    (0)    9 :  0.004 0.004 0.005 0.008 0.004 0.949 0.004 0.003 0.006 0.004 0.005 0.005 
200 24.0810.E1    (0)    9 :  0.011 0.013 0.007 0.079 0.005 0.762 0.009 0.011 0.007 0.086 0.008 0.004 
201 24.0811.E1    (0)    9 :  0.014 0.018 0.012 0.007 0.003 0.004 0.005 0.011 0.010 0.905 0.004 0.006 
202 24.0812.E1    (0)    9 :  0.059 0.007 0.254 0.042 0.008 0.110 0.023 0.008 0.026 0.444 0.006 0.013 
203 24.0813.E1    (0)    9 :  0.079 0.007 0.017 0.086 0.004 0.173 0.010 0.011 0.006 0.582 0.006 0.018 
204 24.0814.E1    (6)    9 :  0.016 0.029 0.119 0.015 0.009 0.591 0.004 0.013 0.009 0.186 0.004 0.007 
205 24.0815.E1    (0)    9 :  0.006 0.008 0.009 0.005 0.010 0.571 0.005 0.089 0.004 0.282 0.006 0.006 
206 24.0816.E1    (0)    9 :  0.014 0.022 0.010 0.004 0.031 0.020 0.034 0.014 0.007 0.832 0.006 0.006 
207 24.0817.E1    (0)   10 :  0.016 0.067 0.710 0.010 0.007 0.045 0.016 0.005 0.018 0.080 0.005 0.021 
208 24.0818.E1    (0)   10 :  0.030 0.011 0.745 0.005 0.005 0.009 0.122 0.011 0.030 0.010 0.008 0.014 
209 24.0819.E1    (0)   10 :  0.009 0.331 0.020 0.008 0.066 0.407 0.017 0.015 0.014 0.007 0.083 0.024 
210 24.0820.E1    (0)   10 :  0.006 0.855 0.017 0.005 0.010 0.028 0.005 0.007 0.006 0.005 0.050 0.005 
211 24.0821.E1    (0)   10 :  0.469 0.092 0.129 0.010 0.205 0.021 0.010 0.008 0.011 0.031 0.006 0.010 
212 24.0822.E1    (0)   10 :  0.033 0.010 0.872 0.009 0.008 0.014 0.015 0.004 0.007 0.004 0.020 0.005 
213 24.0823.E1    (0)   10 :  0.008 0.530 0.351 0.010 0.012 0.033 0.005 0.008 0.007 0.004 0.028 0.005 
214 24.0824.E1    (0)   10 :  0.007 0.014 0.440 0.050 0.422 0.026 0.007 0.005 0.006 0.008 0.009 0.007 
215 24.0825.E1    (0)   10 :  0.004 0.005 0.945 0.008 0.005 0.006 0.005 0.004 0.004 0.005 0.005 0.005 
216 24.0826.E1    (0)   10 :  0.014 0.828 0.040 0.009 0.014 0.015 0.022 0.009 0.006 0.011 0.018 0.014 
217 24.0827.E1    (0)   10 :  0.009 0.108 0.739 0.009 0.007 0.007 0.045 0.007 0.038 0.020 0.004 0.009 
218 24.0828.E1    (0)   10 :  0.027 0.591 0.117 0.015 0.097 0.018 0.020 0.009 0.011 0.065 0.016 0.014 
219 24.0829.E1    (0)   10 :  0.016 0.013 0.597 0.026 0.015 0.086 0.004 0.007 0.005 0.213 0.011 0.007 
220 24.0830.E1    (0)   10 :  0.007 0.013 0.824 0.005 0.005 0.004 0.005 0.003 0.005 0.023 0.004 0.101 
221 24.0831.E1    (0)   10 :  0.016 0.014 0.717 0.007 0.007 0.006 0.023 0.004 0.005 0.013 0.003 0.183 
222 24.0832.E1    (0)   10 :  0.005 0.014 0.932 0.007 0.003 0.004 0.009 0.003 0.009 0.005 0.003 0.004 
223 24.0833.E1    (0)   10 :  0.005 0.007 0.952 0.006 0.004 0.003 0.003 0.003 0.003 0.005 0.004 0.005 
224 24.0834.E1    (0)   10 :  0.005 0.009 0.926 0.006 0.006 0.009 0.004 0.007 0.007 0.007 0.007 0.007 
225 24.0835.E1    (0)   10 :  0.006 0.007 0.889 0.006 0.009 0.032 0.016 0.006 0.013 0.005 0.004 0.007 
226 24.0836.E1    (0)   10 :  0.009 0.007 0.891 0.019 0.014 0.015 0.008 0.004 0.010 0.007 0.008 0.009 
227 24.0837.E1    (0)   10 :  0.010 0.006 0.928 0.008 0.006 0.010 0.005 0.004 0.006 0.006 0.005 0.006 
228 24.0838.E1    (0)   10 :  0.008 0.010 0.915 0.010 0.005 0.004 0.016 0.003 0.004 0.011 0.006 0.007 
229 24.0839.E1    (0)   10 :  0.073 0.025 0.336 0.045 0.024 0.027 0.046 0.029 0.044 0.270 0.021 0.061 
230 24.0840.E1    (0)   10 :  0.010 0.041 0.486 0.007 0.012 0.010 0.005 0.011 0.006 0.403 0.004 0.005 
231 24.0841.E1    (0)   11 :  0.016 0.027 0.012 0.015 0.003 0.005 0.020 0.003 0.005 0.878 0.008 0.007 
232 24.0842.E1    (0)   11 :  0.013 0.022 0.013 0.008 0.170 0.013 0.012 0.003 0.007 0.729 0.006 0.005 
233 24.0843.E1    (0)   11 :  0.013 0.428 0.018 0.007 0.210 0.014 0.011 0.004 0.005 0.263 0.019 0.008 
234 24.0844.E1    (0)   11 :  0.019 0.018 0.315 0.011 0.304 0.083 0.024 0.005 0.029 0.113 0.007 0.071 
235 24.0845.E1    (0)   11 :  0.036 0.026 0.681 0.011 0.019 0.005 0.081 0.005 0.009 0.066 0.004 0.056 
236 24.0846.E1    (0)   11 :  0.008 0.008 0.867 0.009 0.010 0.016 0.012 0.009 0.011 0.028 0.010 0.012 
237 24.0847.E1    (0)   11 :  0.007 0.014 0.699 0.117 0.020 0.052 0.014 0.007 0.029 0.014 0.011 0.016 
238 24.0848.E1    (0)   11 :  0.034 0.011 0.736 0.025 0.015 0.051 0.061 0.004 0.013 0.019 0.005 0.025 
239 24.0849.E1    (0)   11 :  0.004 0.946 0.006 0.003 0.004 0.008 0.006 0.003 0.006 0.005 0.004 0.005 
240 24.0850.E1    (0)   11 :  0.004 0.946 0.006 0.003 0.004 0.008 0.005 0.003 0.006 0.005 0.004 0.004 
241 24.0851.E1    (0)   11 :  0.004 0.946 0.006 0.003 0.004 0.008 0.006 0.003 0.006 0.005 0.004 0.004 
242 24.0852.E1    (0)   11 :  0.036 0.678 0.109 0.006 0.006 0.007 0.038 0.004 0.010 0.035 0.013 0.058 
243 24.0853.E1    (0)   11 :  0.007 0.519 0.389 0.017 0.004 0.010 0.006 0.006 0.005 0.023 0.009 0.006 
244 24.0854.E1    (0)   11 :  0.007 0.327 0.021 0.008 0.559 0.015 0.007 0.005 0.013 0.013 0.009 0.015 
245 24.0855.E1    (0)   11 :  0.024 0.033 0.674 0.041 0.013 0.042 0.009 0.006 0.006 0.137 0.010 0.005 
246 24.0856.E1    (0)   11 :  0.015 0.013 0.019 0.007 0.278 0.007 0.057 0.038 0.035 0.462 0.058 0.012 
247 24.0857.E1    (0)   11 :  0.014 0.018 0.341 0.019 0.009 0.502 0.037 0.009 0.021 0.012 0.008 0.010 
248 24.0858.E1    (0)   11 :  0.040 0.068 0.585 0.012 0.030 0.075 0.112 0.005 0.016 0.024 0.014 0.020 
249 24.0859.E1    (0)   11 :  0.007 0.845 0.013 0.006 0.008 0.027 0.039 0.009 0.010 0.011 0.016 0.010 
250 24.0860.E1    (0)   11 :  0.012 0.035 0.037 0.007 0.017 0.292 0.504 0.022 0.016 0.025 0.020 0.011 
251 24.0861.E1    (0)   11 :  0.006 0.907 0.017 0.004 0.004 0.007 0.019 0.003 0.006 0.017 0.004 0.005 
252 24.0862.E1    (0)   11 :  0.017 0.016 0.020 0.008 0.010 0.170 0.007 0.011 0.012 0.701 0.007 0.021 
253 24.0863.E1    (0)   11 :  0.006 0.908 0.017 0.004 0.004 0.007 0.019 0.003 0.006 0.017 0.004 0.005 
254 24.0864.E1    (0)   11 :  0.172 0.058 0.137 0.152 0.012 0.021 0.009 0.010 0.106 0.014 0.007 0.303 
255 24.0865.E1    (0)   12 :  0.019 0.789 0.010 0.041 0.005 0.008 0.010 0.017 0.040 0.010 0.031 0.020 
256 24.0866.E1    (0)   12 :  0.026 0.013 0.039 0.112 0.011 0.583 0.148 0.005 0.015 0.008 0.026 0.013 
257 24.0867.E1    (0)   12 :  0.009 0.168 0.018 0.500 0.011 0.109 0.009 0.018 0.009 0.008 0.128 0.012 
258 24.0868.E1    (0)   12 :  0.544 0.008 0.057 0.211 0.014 0.030 0.018 0.026 0.011 0.009 0.023 0.050 
259 24.0869.E1    (0)   12 :  0.031 0.011 0.124 0.458 0.005 0.080 0.011 0.047 0.008 0.011 0.007 0.207 
260 24.0870.E1    (0)   12 :  0.233 0.009 0.140 0.121 0.012 0.017 0.036 0.114 0.115 0.021 0.026 0.156 
261 24.0871.E1    (0)   12 :  0.036 0.043 0.013 0.051 0.014 0.006 0.023 0.023 0.033 0.055 0.006 0.696 
262 24.0872.E1    (0)   12 :  0.020 0.318 0.006 0.023 0.012 0.058 0.016 0.006 0.010 0.007 0.091 0.432 
263 24.0873.E1    (0)   12 :  0.033 0.057 0.013 0.551 0.014 0.247 0.007 0.011 0.015 0.009 0.011 0.031 
264 24.0874.E1    (0)   12 :  0.013 0.182 0.035 0.137 0.012 0.358 0.010 0.006 0.008 0.009 0.215 0.015 
265 24.0875.E1    (0)   12 :  0.012 0.008 0.007 0.010 0.016 0.042 0.024 0.007 0.017 0.004 0.009 0.843 
266 24.0876.E1    (0)   12 :  0.007 0.005 0.004 0.026 0.009 0.024 0.018 0.006 0.048 0.004 0.017 0.831 
267 24.0877.E1    (0)   12 :  0.011 0.006 0.004 0.012 0.011 0.061 0.056 0.006 0.729 0.004 0.040 0.060 
268 24.0878.E1    (0)   12 :  0.058 0.005 0.050 0.053 0.030 0.010 0.004 0.008 0.670 0.011 0.011 0.089 
269 24.0879.E1    (0)   12 :  0.013 0.007 0.007 0.011 0.211 0.005 0.007 0.009 0.656 0.007 0.005 0.063 
270 24.0880.E1    (0)   12 :  0.110 0.019 0.514 0.151 0.084 0.016 0.010 0.014 0.026 0.008 0.014 0.034 
271 24.0881.E1    (0)   12 :  0.005 0.006 0.004 0.007 0.008 0.006 0.011 0.010 0.896 0.003 0.009 0.037 
272 24.0882.E1    (0)   12 :  0.008 0.012 0.006 0.015 0.009 0.020 0.067 0.007 0.218 0.004 0.609 0.025 
273 24.0883.E1    (0)   12 :  0.012 0.047 0.007 0.074 0.227 0.006 0.005 0.010 0.280 0.005 0.236 0.089 
274 24.0884.E1    (0)   12 :  0.007 0.009 0.004 0.007 0.014 0.005 0.013 0.008 0.820 0.006 0.031 0.076 
275 24.0885.E1    (0)   12 :  0.071 0.006 0.010 0.078 0.059 0.016 0.008 0.012 0.622 0.005 0.007 0.105 
276 24.0886.E1    (0)   12 :  0.017 0.033 0.004 0.027 0.121 0.018 0.012 0.004 0.234 0.007 0.230 0.292 
277 24.0887.E1    (0)   12 :  0.007 0.008 0.005 0.020 0.169 0.006 0.005 0.009 0.039 0.006 0.695 0.032 
278 24.0888.E1    (0)   12 :  0.869 0.006 0.007 0.007 0.010 0.017 0.008 0.006 0.017 0.010 0.005 0.036 


Estimated Allele Frequencies in each cluster
First column gives estimated ancestral frequencies


Locus 1 : 
31 alleles
0.0% missing data
 115   (0.035) 0.009 0.004 0.004 0.172 0.008 0.005 0.005 0.003 0.119 0.020 0.003 0.098 
 117   (0.045) 0.011 0.003 0.005 0.042 0.012 0.110 0.010 0.004 0.202 0.024 0.198 0.053 
 119   (0.040) 0.010 0.004 0.005 0.010 0.007 0.005 0.006 0.299 0.280 0.006 0.330 0.043 
 131   (0.015) 0.004 0.001 0.001 0.003 0.003 0.002 0.002 0.001 0.054 0.004 0.003 0.004 
 128   (0.032) 0.024 0.004 0.026 0.016 0.008 0.007 0.009 0.003 0.034 0.008 0.003 0.106 
 135   (0.020) 0.005 0.002 0.003 0.006 0.004 0.003 0.005 0.002 0.042 0.008 0.009 0.025 
 126   (0.079) 0.077 0.057 0.275 0.032 0.030 0.168 0.038 0.012 0.061 0.031 0.077 0.123 
 122   (0.032) 0.008 0.003 0.003 0.005 0.006 0.007 0.102 0.097 0.009 0.141 0.002 0.016 
 132   (0.032) 0.031 0.005 0.022 0.011 0.013 0.038 0.006 0.003 0.004 0.037 0.013 0.038 
 141   (0.011) 0.003 0.001 0.001 0.002 0.002 0.001 0.001 0.003 0.009 0.002 0.001 0.002 
 130   (0.049) 0.094 0.024 0.013 0.086 0.159 0.008 0.035 0.012 0.006 0.036 0.007 0.058 
 134   (0.038) 0.047 0.076 0.006 0.042 0.005 0.020 0.005 0.140 0.005 0.028 0.002 0.009 
 145   (0.018) 0.006 0.119 0.002 0.005 0.007 0.002 0.003 0.007 0.003 0.002 0.008 0.004 
 127   (0.025) 0.006 0.003 0.002 0.007 0.007 0.003 0.003 0.052 0.032 0.004 0.162 0.009 
 116   (0.109) 0.260 0.283 0.130 0.223 0.059 0.111 0.189 0.171 0.014 0.209 0.009 0.097 
 114   (0.057) 0.044 0.192 0.108 0.032 0.026 0.071 0.029 0.050 0.007 0.232 0.004 0.015 
 120   (0.039) 0.075 0.003 0.004 0.017 0.150 0.005 0.016 0.092 0.009 0.005 0.002 0.037 
 110   (0.043) 0.012 0.012 0.096 0.050 0.105 0.006 0.086 0.014 0.009 0.025 0.014 0.033 
 133   (0.014) 0.003 0.001 0.001 0.003 0.002 0.007 0.002 0.008 0.002 0.002 0.012 0.013 
 118   (0.112) 0.195 0.185 0.166 0.180 0.331 0.396 0.428 0.011 0.014 0.124 0.017 0.153 
 125   (0.013) 0.006 0.003 0.011 0.002 0.005 0.003 0.002 0.001 0.002 0.018 0.001 0.003 
 129   (0.020) 0.012 0.002 0.002 0.004 0.025 0.003 0.003 0.002 0.046 0.003 0.006 0.010 
 124   (0.018) 0.016 0.005 0.003 0.003 0.014 0.003 0.003 0.002 0.010 0.002 0.002 0.015 
 136   (0.021) 0.008 0.002 0.089 0.035 0.003 0.003 0.002 0.002 0.003 0.004 0.001 0.013 
 121   (0.015) 0.003 0.001 0.001 0.002 0.002 0.002 0.002 0.001 0.004 0.002 0.068 0.010 
 139   (0.011) 0.003 0.001 0.001 0.001 0.001 0.001 0.001 0.001 0.011 0.001 0.001 0.002 
 113   (0.012) 0.003 0.001 0.001 0.002 0.002 0.001 0.001 0.001 0.001 0.001 0.015 0.002 
 111   (0.011) 0.002 0.001 0.001 0.002 0.002 0.001 0.001 0.001 0.002 0.001 0.013 0.002 
 143   (0.011) 0.003 0.001 0.001 0.002 0.002 0.001 0.001 0.001 0.001 0.001 0.015 0.002 
 140   (0.014) 0.019 0.001 0.001 0.003 0.002 0.007 0.002 0.001 0.002 0.013 0.001 0.003 
 112   (0.011) 0.003 0.001 0.016 0.001 0.002 0.001 0.001 0.001 0.001 0.001 0.001 0.002 

Locus 2 : 
18 alleles
0.0% missing data
 152   (0.371) 0.168 0.304 0.158 0.453 0.309 0.443 0.615 0.380 0.650 0.570 0.801 0.588 
 148   (0.073) 0.020 0.007 0.009 0.209 0.029 0.009 0.051 0.234 0.141 0.012 0.018 0.121 
 154   (0.108) 0.059 0.016 0.286 0.223 0.033 0.019 0.110 0.265 0.038 0.120 0.030 0.087 
 156   (0.015) 0.006 0.002 0.002 0.003 0.005 0.002 0.002 0.001 0.013 0.016 0.001 0.003 
 150   (0.024) 0.006 0.002 0.002 0.003 0.005 0.003 0.002 0.069 0.008 0.003 0.051 0.005 
 164   (0.082) 0.142 0.088 0.040 0.032 0.017 0.029 0.143 0.009 0.075 0.106 0.011 0.026 
 158   (0.031) 0.008 0.010 0.004 0.013 0.212 0.012 0.007 0.012 0.009 0.010 0.008 0.016 
 160   (0.019) 0.021 0.002 0.002 0.012 0.003 0.002 0.003 0.002 0.003 0.003 0.018 0.005 
 166   (0.024) 0.007 0.002 0.002 0.004 0.003 0.027 0.025 0.004 0.003 0.013 0.002 0.026 
 151   (0.071) 0.290 0.316 0.470 0.009 0.265 0.009 0.016 0.006 0.009 0.037 0.004 0.037 
 147   (0.061) 0.180 0.191 0.015 0.013 0.064 0.426 0.008 0.005 0.008 0.058 0.004 0.022 
 168   (0.022) 0.022 0.031 0.002 0.003 0.005 0.009 0.003 0.002 0.003 0.004 0.002 0.020 
 153   (0.014) 0.018 0.018 0.001 0.002 0.002 0.002 0.003 0.001 0.002 0.002 0.001 0.003 
 149   (0.025) 0.008 0.002 0.002 0.014 0.040 0.003 0.003 0.002 0.003 0.003 0.011 0.029 
 162   (0.019) 0.009 0.007 0.002 0.003 0.003 0.003 0.004 0.002 0.007 0.036 0.003 0.005 
 167   (0.013) 0.003 0.001 0.001 0.001 0.001 0.001 0.001 0.001 0.026 0.001 0.001 0.002 
 146   (0.014) 0.003 0.001 0.001 0.002 0.002 0.001 0.001 0.001 0.002 0.002 0.032 0.002 
 172   (0.013) 0.031 0.001 0.001 0.002 0.002 0.001 0.003 0.001 0.002 0.002 0.001 0.004 

Locus 3 : 
4 alleles
0.0% missing data
 128   (0.299) 0.277 0.341 0.443 0.281 0.227 0.391 0.117 0.327 0.210 0.163 0.463 0.361 
 126   (0.607) 0.683 0.483 0.515 0.704 0.577 0.581 0.846 0.613 0.706 0.782 0.530 0.589 
 132   (0.080) 0.037 0.174 0.041 0.014 0.154 0.026 0.026 0.054 0.083 0.054 0.006 0.048 
 134   (0.014) 0.003 0.001 0.001 0.002 0.042 0.001 0.011 0.006 0.002 0.002 0.001 0.002 

Locus 4 : 
3 alleles
0.0% missing data
 170   (0.318) 0.372 0.104 0.462 0.129 0.148 0.108 0.485 0.421 0.317 0.398 0.298 0.309 
 172   (0.669) 0.625 0.892 0.536 0.867 0.850 0.890 0.513 0.569 0.681 0.600 0.700 0.688 
 171   (0.013) 0.004 0.003 0.003 0.003 0.002 0.002 0.001 0.010 0.002 0.002 0.002 0.003 

Locus 5 : 
37 alleles
0.0% missing data
 125   (0.050) 0.018 0.148 0.079 0.019 0.171 0.016 0.010 0.058 0.068 0.014 0.042 0.053 
 110   (0.037) 0.010 0.026 0.095 0.006 0.028 0.023 0.005 0.044 0.042 0.028 0.015 0.036 
 129   (0.037) 0.091 0.021 0.008 0.006 0.010 0.006 0.121 0.004 0.052 0.054 0.003 0.013 
 113   (0.030) 0.124 0.004 0.007 0.008 0.005 0.012 0.082 0.003 0.011 0.127 0.002 0.011 
 145   (0.055) 0.018 0.098 0.013 0.145 0.088 0.011 0.019 0.006 0.220 0.011 0.086 0.135 
 155   (0.052) 0.021 0.006 0.059 0.021 0.016 0.017 0.086 0.184 0.156 0.110 0.014 0.047 
 117   (0.029) 0.022 0.005 0.004 0.172 0.005 0.009 0.008 0.004 0.021 0.020 0.028 0.019 
 124   (0.010) 0.002 0.001 0.001 0.001 0.001 0.001 0.002 0.001 0.024 0.001 0.001 0.003 
 133   (0.032) 0.066 0.006 0.003 0.008 0.007 0.009 0.014 0.003 0.044 0.004 0.080 0.068 
 157   (0.043) 0.067 0.004 0.054 0.039 0.088 0.026 0.308 0.023 0.007 0.007 0.019 0.049 
 141   (0.015) 0.037 0.001 0.005 0.009 0.002 0.003 0.003 0.001 0.004 0.002 0.001 0.016 
 112   (0.071) 0.037 0.162 0.160 0.129 0.015 0.022 0.138 0.202 0.066 0.038 0.162 0.032 
 121   (0.018) 0.017 0.008 0.003 0.003 0.006 0.024 0.002 0.007 0.003 0.092 0.002 0.008 
 114   (0.041) 0.010 0.004 0.083 0.163 0.007 0.039 0.007 0.017 0.043 0.005 0.185 0.047 
 153   (0.052) 0.021 0.081 0.085 0.012 0.254 0.359 0.008 0.008 0.046 0.018 0.004 0.105 
 127   (0.076) 0.133 0.207 0.097 0.084 0.033 0.013 0.059 0.018 0.067 0.176 0.069 0.061 
 131   (0.060) 0.018 0.087 0.034 0.020 0.157 0.209 0.025 0.236 0.057 0.025 0.181 0.022 
 135   (0.032) 0.014 0.074 0.014 0.006 0.013 0.112 0.008 0.008 0.005 0.005 0.003 0.094 
 104   (0.009) 0.003 0.003 0.002 0.003 0.001 0.002 0.001 0.010 0.002 0.001 0.002 0.002 
 118   (0.017) 0.014 0.002 0.002 0.008 0.014 0.002 0.003 0.017 0.018 0.002 0.002 0.008 
 116   (0.024) 0.007 0.003 0.011 0.010 0.014 0.003 0.004 0.018 0.004 0.081 0.004 0.055 
 137   (0.023) 0.009 0.002 0.002 0.005 0.012 0.007 0.012 0.107 0.003 0.091 0.006 0.015 
 123   (0.022) 0.005 0.016 0.095 0.004 0.005 0.016 0.005 0.005 0.004 0.023 0.002 0.031 
 149   (0.007) 0.005 0.002 0.001 0.002 0.001 0.001 0.001 0.001 0.001 0.004 0.000 0.009 
 138   (0.010) 0.073 0.004 0.001 0.001 0.001 0.001 0.001 0.001 0.001 0.001 0.001 0.002 
 143   (0.025) 0.029 0.010 0.056 0.004 0.020 0.004 0.024 0.003 0.003 0.006 0.078 0.005 
 163   (0.011) 0.006 0.001 0.001 0.003 0.001 0.001 0.003 0.004 0.002 0.006 0.001 0.003 
 109   (0.008) 0.002 0.001 0.001 0.039 0.001 0.001 0.001 0.001 0.001 0.001 0.000 0.003 
 139   (0.010) 0.003 0.001 0.001 0.001 0.002 0.001 0.011 0.001 0.001 0.001 0.001 0.008 
 106   (0.011) 0.011 0.001 0.001 0.002 0.001 0.002 0.002 0.001 0.002 0.002 0.001 0.005 
 144   (0.016) 0.005 0.001 0.002 0.045 0.002 0.039 0.003 0.001 0.002 0.002 0.001 0.009 
 122   (0.010) 0.003 0.001 0.001 0.013 0.002 0.002 0.002 0.001 0.013 0.001 0.002 0.003 
 100   (0.017) 0.029 0.004 0.004 0.003 0.005 0.002 0.018 0.002 0.002 0.033 0.001 0.013 
 111   (0.012) 0.045 0.002 0.001 0.001 0.001 0.001 0.001 0.001 0.001 0.001 0.001 0.003 
 233   (0.009) 0.011 0.002 0.002 0.001 0.006 0.001 0.001 0.001 0.001 0.001 0.001 0.002 
 134   (0.009) 0.002 0.001 0.012 0.001 0.001 0.001 0.001 0.001 0.001 0.001 0.001 0.005 
 140   (0.010) 0.011 0.001 0.001 0.005 0.001 0.002 0.001 0.001 0.001 0.001 0.001 0.002 

Locus 6 : 
17 alleles
0.0% missing data
 221   (0.023) 0.005 0.002 0.002 0.003 0.003 0.003 0.002 0.002 0.154 0.003 0.090 0.007 
 232   (0.239) 0.282 0.775 0.264 0.273 0.279 0.095 0.273 0.082 0.158 0.445 0.431 0.312 
 229   (0.055) 0.013 0.017 0.100 0.012 0.016 0.024 0.010 0.055 0.097 0.009 0.058 0.077 
 223   (0.059) 0.022 0.006 0.077 0.070 0.096 0.012 0.132 0.006 0.095 0.023 0.007 0.027 
 230   (0.163) 0.216 0.044 0.248 0.226 0.086 0.056 0.218 0.169 0.066 0.087 0.301 0.235 
 235   (0.013) 0.003 0.001 0.001 0.002 0.001 0.001 0.001 0.001 0.077 0.002 0.001 0.002 
 236   (0.037) 0.018 0.018 0.004 0.006 0.010 0.005 0.006 0.027 0.084 0.018 0.005 0.076 
 227   (0.023) 0.006 0.002 0.002 0.013 0.008 0.004 0.017 0.002 0.064 0.003 0.002 0.013 
 220   (0.057) 0.036 0.069 0.022 0.020 0.012 0.224 0.007 0.194 0.008 0.104 0.004 0.032 
 222   (0.041) 0.063 0.003 0.005 0.013 0.005 0.213 0.004 0.274 0.005 0.101 0.003 0.010 
 234   (0.127) 0.136 0.013 0.136 0.297 0.307 0.340 0.072 0.172 0.087 0.030 0.051 0.086 
 224   (0.031) 0.042 0.002 0.081 0.005 0.135 0.004 0.005 0.003 0.004 0.007 0.002 0.012 
 228   (0.060) 0.137 0.044 0.026 0.044 0.010 0.008 0.246 0.006 0.011 0.047 0.004 0.056 
 225   (0.012) 0.003 0.001 0.001 0.002 0.001 0.001 0.001 0.001 0.002 0.020 0.001 0.002 
 226   (0.015) 0.004 0.001 0.024 0.003 0.002 0.003 0.002 0.001 0.002 0.099 0.001 0.003 
 233   (0.028) 0.008 0.002 0.003 0.008 0.016 0.004 0.004 0.003 0.050 0.003 0.038 0.037 
 231   (0.015) 0.006 0.001 0.001 0.005 0.011 0.002 0.002 0.001 0.035 0.002 0.002 0.013 

Locus 7 : 
10 alleles
0.0% missing data
 121   (0.684) 0.865 0.706 0.774 0.782 0.553 0.823 0.832 0.794 0.881 0.738 0.740 0.819 
 129   (0.097) 0.049 0.144 0.130 0.044 0.100 0.012 0.051 0.009 0.079 0.111 0.103 0.053 
 130   (0.016) 0.004 0.001 0.002 0.002 0.003 0.012 0.009 0.002 0.003 0.020 0.004 0.004 
 123   (0.101) 0.034 0.141 0.084 0.028 0.238 0.046 0.080 0.129 0.023 0.110 0.099 0.102 
 128   (0.020) 0.005 0.001 0.002 0.004 0.022 0.002 0.003 0.038 0.003 0.002 0.022 0.005 
 131   (0.015) 0.004 0.001 0.002 0.003 0.009 0.002 0.006 0.021 0.002 0.009 0.001 0.003 
 117   (0.012) 0.018 0.001 0.001 0.001 0.002 0.001 0.001 0.001 0.001 0.001 0.001 0.002 
 125   (0.013) 0.003 0.001 0.001 0.001 0.067 0.001 0.001 0.001 0.002 0.001 0.001 0.002 
 134   (0.030) 0.016 0.002 0.003 0.126 0.005 0.097 0.016 0.004 0.004 0.005 0.005 0.008 
 132   (0.013) 0.003 0.001 0.001 0.008 0.002 0.004 0.001 0.001 0.002 0.001 0.024 0.003 

Locus 8 : 
19 alleles
0.0% missing data
 184   (0.293) 0.296 0.473 0.255 0.507 0.518 0.526 0.518 0.522 0.501 0.165 0.318 0.406 
 194   (0.048) 0.044 0.008 0.013 0.115 0.036 0.006 0.020 0.019 0.031 0.017 0.020 0.032 
 178   (0.104) 0.062 0.027 0.296 0.093 0.029 0.059 0.036 0.189 0.224 0.183 0.061 0.060 
 176   (0.085) 0.104 0.113 0.009 0.059 0.045 0.155 0.042 0.010 0.043 0.055 0.225 0.108 
 182   (0.078) 0.113 0.012 0.036 0.031 0.020 0.104 0.154 0.008 0.029 0.173 0.213 0.064 
 190   (0.032) 0.008 0.002 0.019 0.005 0.006 0.056 0.006 0.076 0.006 0.010 0.052 0.006 
 196   (0.021) 0.030 0.008 0.071 0.006 0.003 0.003 0.003 0.002 0.005 0.004 0.001 0.004 
 200   (0.024) 0.007 0.002 0.002 0.003 0.022 0.003 0.097 0.003 0.014 0.011 0.009 0.008 
 180   (0.024) 0.005 0.002 0.003 0.003 0.132 0.003 0.003 0.072 0.010 0.005 0.002 0.004 
 188   (0.038) 0.018 0.085 0.065 0.040 0.009 0.011 0.005 0.008 0.031 0.006 0.003 0.017 
 174   (0.040) 0.021 0.003 0.004 0.049 0.037 0.009 0.006 0.021 0.014 0.013 0.043 0.096 
 186   (0.122) 0.247 0.237 0.126 0.060 0.070 0.034 0.087 0.040 0.074 0.326 0.046 0.174 
 192   (0.022) 0.011 0.005 0.089 0.003 0.015 0.003 0.006 0.012 0.010 0.003 0.003 0.005 
 201   (0.010) 0.002 0.001 0.001 0.001 0.009 0.001 0.004 0.012 0.001 0.001 0.001 0.002 
 199   (0.017) 0.014 0.002 0.002 0.002 0.035 0.003 0.009 0.002 0.002 0.019 0.001 0.003 
 185   (0.011) 0.004 0.016 0.001 0.002 0.002 0.001 0.001 0.001 0.001 0.001 0.001 0.002 
 203   (0.011) 0.003 0.001 0.001 0.017 0.001 0.003 0.001 0.001 0.001 0.002 0.001 0.002 
 198   (0.009) 0.007 0.001 0.001 0.002 0.001 0.017 0.001 0.001 0.001 0.001 0.001 0.002 
 209   (0.010) 0.003 0.001 0.005 0.001 0.012 0.003 0.001 0.001 0.002 0.004 0.001 0.003 

Locus 9 : 
6 alleles
0.4% missing data
 154   (0.683) 0.818 0.843 0.804 0.677 0.661 0.702 0.637 0.823 0.705 0.854 0.627 0.721 
 156   (0.206) 0.115 0.030 0.118 0.251 0.323 0.284 0.291 0.166 0.163 0.127 0.357 0.229 
 152   (0.055) 0.039 0.107 0.073 0.046 0.008 0.009 0.022 0.005 0.083 0.011 0.005 0.021 
 153   (0.013) 0.014 0.017 0.002 0.002 0.002 0.001 0.004 0.002 0.003 0.004 0.001 0.003 
 160   (0.014) 0.008 0.001 0.001 0.002 0.002 0.001 0.041 0.001 0.002 0.002 0.001 0.002 
 164   (0.027) 0.007 0.002 0.003 0.023 0.004 0.003 0.004 0.003 0.045 0.003 0.009 0.023 

Locus 10 : 
29 alleles
0.7% missing data
 305   (0.066) 0.101 0.007 0.008 0.011 0.009 0.010 0.025 0.230 0.113 0.252 0.009 0.017 
 313   (0.053) 0.058 0.004 0.009 0.009 0.011 0.007 0.013 0.006 0.160 0.080 0.006 0.043 
 311   (0.017) 0.005 0.001 0.003 0.003 0.004 0.002 0.002 0.002 0.019 0.002 0.002 0.007 
 299   (0.107) 0.074 0.152 0.154 0.025 0.012 0.153 0.527 0.032 0.283 0.019 0.021 0.037 
 315   (0.085) 0.113 0.006 0.020 0.016 0.015 0.011 0.095 0.086 0.093 0.016 0.107 0.109 
 287   (0.019) 0.006 0.002 0.002 0.003 0.836 0.004 0.003 0.003 0.006 0.004 0.002 0.005 
 291   (0.106) 0.117 0.010 0.489 0.481 0.014 0.335 0.015 0.063 0.102 0.036 0.018 0.034 
 295   (0.026) 0.010 0.002 0.002 0.052 0.003 0.003 0.004 0.003 0.016 0.004 0.002 0.242 
 289   (0.019) 0.004 0.001 0.002 0.002 0.002 0.250 0.021 0.003 0.003 0.002 0.001 0.005 
 303   (0.032) 0.015 0.663 0.003 0.006 0.004 0.004 0.004 0.024 0.006 0.004 0.558 0.007 
 297   (0.048) 0.012 0.004 0.027 0.167 0.005 0.020 0.016 0.006 0.012 0.171 0.084 0.009 
 293   (0.016) 0.004 0.001 0.001 0.002 0.002 0.016 0.002 0.002 0.012 0.002 0.001 0.140 
 301   (0.059) 0.145 0.007 0.006 0.075 0.007 0.014 0.007 0.170 0.071 0.007 0.006 0.016 
 285   (0.027) 0.007 0.002 0.002 0.004 0.003 0.004 0.021 0.274 0.004 0.272 0.002 0.004 
 307   (0.053) 0.015 0.004 0.104 0.065 0.008 0.006 0.192 0.031 0.010 0.007 0.163 0.024 
 312   (0.048) 0.043 0.012 0.098 0.012 0.006 0.008 0.026 0.041 0.007 0.009 0.003 0.224 
 306   (0.026) 0.100 0.002 0.012 0.012 0.004 0.003 0.003 0.004 0.011 0.003 0.002 0.008 
 320   (0.015) 0.036 0.001 0.001 0.002 0.001 0.002 0.002 0.001 0.002 0.002 0.001 0.002 
 317   (0.023) 0.012 0.103 0.002 0.003 0.002 0.002 0.003 0.002 0.019 0.004 0.001 0.004 
 314   (0.026) 0.022 0.002 0.002 0.004 0.032 0.003 0.003 0.003 0.034 0.003 0.002 0.009 
 323   (0.014) 0.013 0.001 0.001 0.002 0.005 0.002 0.002 0.001 0.002 0.002 0.001 0.004 
 325   (0.012) 0.013 0.001 0.001 0.001 0.005 0.002 0.001 0.001 0.002 0.001 0.001 0.003 
 310   (0.017) 0.005 0.001 0.040 0.003 0.002 0.002 0.003 0.002 0.003 0.002 0.001 0.026 
 309   (0.012) 0.005 0.001 0.001 0.034 0.001 0.003 0.001 0.002 0.002 0.001 0.001 0.004 
 316   (0.020) 0.042 0.003 0.005 0.002 0.002 0.003 0.004 0.002 0.003 0.004 0.001 0.003 
 296   (0.013) 0.013 0.004 0.001 0.002 0.001 0.001 0.001 0.001 0.002 0.002 0.001 0.005 
 304   (0.016) 0.004 0.001 0.001 0.002 0.001 0.004 0.003 0.002 0.002 0.085 0.001 0.003 
 321   (0.012) 0.003 0.001 0.001 0.001 0.001 0.062 0.001 0.001 0.001 0.002 0.001 0.002 
 332   (0.015) 0.003 0.001 0.001 0.002 0.001 0.064 0.001 0.001 0.002 0.002 0.001 0.002 

Locus 11 : 
19 alleles
0.0% missing data
 114   (0.151) 0.135 0.041 0.019 0.275 0.039 0.024 0.155 0.298 0.255 0.023 0.194 0.242 
 126   (0.023) 0.005 0.002 0.002 0.003 0.003 0.002 0.002 0.018 0.064 0.003 0.004 0.009 
 111   (0.097) 0.027 0.301 0.569 0.015 0.021 0.602 0.027 0.009 0.203 0.566 0.006 0.038 
 116   (0.111) 0.051 0.009 0.030 0.148 0.109 0.030 0.156 0.016 0.108 0.078 0.272 0.104 
 132   (0.013) 0.003 0.001 0.001 0.002 0.002 0.001 0.002 0.001 0.012 0.002 0.001 0.002 
 109   (0.016) 0.004 0.001 0.002 0.003 0.002 0.002 0.003 0.001 0.051 0.002 0.001 0.003 
 128   (0.018) 0.008 0.001 0.006 0.018 0.002 0.002 0.004 0.002 0.008 0.002 0.001 0.004 
 112   (0.307) 0.592 0.176 0.041 0.435 0.468 0.065 0.581 0.602 0.231 0.062 0.493 0.487 
 122   (0.015) 0.004 0.015 0.002 0.004 0.002 0.003 0.002 0.007 0.002 0.002 0.004 0.011 
 124   (0.013) 0.003 0.002 0.001 0.002 0.002 0.001 0.001 0.018 0.002 0.002 0.002 0.003 
 118   (0.048) 0.015 0.013 0.005 0.050 0.076 0.212 0.030 0.012 0.016 0.007 0.009 0.026 
 127   (0.013) 0.018 0.001 0.001 0.002 0.002 0.001 0.001 0.001 0.002 0.002 0.001 0.002 
 113   (0.054) 0.045 0.424 0.229 0.008 0.033 0.020 0.007 0.004 0.007 0.197 0.003 0.017 
 115   (0.029) 0.018 0.003 0.006 0.007 0.220 0.004 0.003 0.003 0.018 0.008 0.003 0.017 
 120   (0.023) 0.008 0.002 0.073 0.019 0.003 0.003 0.002 0.002 0.003 0.003 0.001 0.008 
 117   (0.022) 0.020 0.002 0.007 0.004 0.004 0.013 0.017 0.002 0.003 0.008 0.002 0.005 
 125   (0.019) 0.037 0.003 0.002 0.002 0.003 0.002 0.003 0.002 0.003 0.002 0.001 0.015 
 119   (0.015) 0.005 0.001 0.003 0.003 0.002 0.009 0.002 0.001 0.002 0.030 0.001 0.003 
 136   (0.014) 0.003 0.001 0.001 0.002 0.008 0.001 0.001 0.001 0.010 0.002 0.001 0.003 

Locus 12 : 
28 alleles
0.7% missing data
 306   (0.057) 0.048 0.006 0.007 0.010 0.007 0.011 0.025 0.229 0.112 0.322 0.008 0.016 
 314   (0.062) 0.057 0.012 0.087 0.008 0.019 0.009 0.014 0.007 0.145 0.076 0.008 0.025 
 312   (0.015) 0.003 0.001 0.001 0.002 0.001 0.002 0.002 0.001 0.029 0.002 0.001 0.002 
 300   (0.111) 0.074 0.153 0.149 0.025 0.012 0.152 0.543 0.032 0.298 0.019 0.022 0.037 
 316   (0.047) 0.013 0.003 0.019 0.007 0.005 0.006 0.012 0.082 0.090 0.009 0.104 0.016 
 288   (0.019) 0.005 0.002 0.002 0.002 0.823 0.003 0.003 0.002 0.005 0.004 0.002 0.004 
 292   (0.115) 0.119 0.011 0.476 0.477 0.015 0.376 0.017 0.064 0.103 0.037 0.018 0.036 
 296   (0.030) 0.019 0.004 0.003 0.053 0.003 0.004 0.005 0.004 0.017 0.004 0.003 0.247 
 290   (0.019) 0.004 0.001 0.002 0.002 0.002 0.249 0.021 0.003 0.003 0.002 0.001 0.005 
 304   (0.036) 0.016 0.667 0.003 0.006 0.004 0.005 0.004 0.024 0.007 0.005 0.560 0.008 
 298   (0.047) 0.012 0.004 0.026 0.166 0.005 0.020 0.016 0.006 0.012 0.170 0.084 0.009 
 294   (0.018) 0.005 0.001 0.001 0.002 0.002 0.016 0.002 0.002 0.012 0.002 0.001 0.138 
 302   (0.058) 0.145 0.007 0.006 0.075 0.006 0.014 0.007 0.169 0.071 0.007 0.006 0.016 
 286   (0.029) 0.008 0.002 0.002 0.004 0.003 0.004 0.022 0.273 0.004 0.293 0.003 0.005 
 308   (0.033) 0.008 0.002 0.003 0.016 0.004 0.004 0.172 0.030 0.007 0.004 0.157 0.010 
 313   (0.039) 0.044 0.004 0.007 0.013 0.004 0.005 0.037 0.042 0.006 0.005 0.003 0.245 
 307   (0.048) 0.106 0.004 0.128 0.068 0.006 0.006 0.013 0.005 0.012 0.006 0.004 0.023 
 321   (0.013) 0.035 0.001 0.001 0.002 0.001 0.001 0.001 0.001 0.002 0.001 0.001 0.002 
 315   (0.060) 0.132 0.012 0.005 0.012 0.052 0.008 0.066 0.008 0.039 0.010 0.005 0.087 
 318   (0.020) 0.013 0.094 0.004 0.002 0.002 0.003 0.003 0.002 0.006 0.006 0.001 0.003 
 324   (0.014) 0.013 0.001 0.001 0.002 0.005 0.002 0.002 0.001 0.002 0.002 0.001 0.004 
 326   (0.016) 0.014 0.001 0.001 0.002 0.006 0.002 0.002 0.002 0.003 0.002 0.001 0.004 
 311   (0.022) 0.007 0.001 0.060 0.004 0.006 0.003 0.004 0.002 0.006 0.003 0.002 0.045 
 310   (0.015) 0.006 0.001 0.001 0.034 0.002 0.003 0.002 0.002 0.002 0.002 0.001 0.004 
 305   (0.015) 0.051 0.001 0.001 0.002 0.001 0.002 0.002 0.001 0.002 0.002 0.001 0.002 
 317   (0.015) 0.036 0.001 0.001 0.002 0.001 0.002 0.002 0.002 0.002 0.002 0.001 0.002 
 320   (0.015) 0.004 0.001 0.001 0.002 0.001 0.029 0.002 0.001 0.002 0.002 0.001 0.002 
 322   (0.013) 0.003 0.001 0.001 0.001 0.001 0.062 0.001 0.001 0.002 0.002 0.001 0.002 

Locus 13 : 
7 alleles
1.1% missing data
 161   (0.598) 0.582 0.508 0.413 0.869 0.457 0.929 0.397 0.057 0.666 0.309 0.890 0.666 
 163   (0.295) 0.389 0.459 0.576 0.099 0.526 0.059 0.589 0.026 0.246 0.488 0.024 0.281 
 160   (0.017) 0.004 0.001 0.002 0.002 0.002 0.002 0.002 0.452 0.002 0.002 0.001 0.009 
 162   (0.016) 0.003 0.002 0.001 0.002 0.002 0.002 0.002 0.459 0.002 0.002 0.001 0.004 
 165   (0.045) 0.015 0.028 0.006 0.023 0.009 0.005 0.006 0.004 0.078 0.196 0.003 0.026 
 166   (0.014) 0.003 0.001 0.001 0.003 0.002 0.002 0.003 0.001 0.003 0.002 0.003 0.012 
 164   (0.015) 0.003 0.001 0.001 0.002 0.002 0.002 0.001 0.001 0.002 0.002 0.078 0.003 

Locus 14 : 
4 alleles
0.4% missing data
  98   (0.957) 0.970 0.989 0.996 0.991 0.994 0.995 0.994 0.996 0.990 0.995 0.986 0.980 
 100   (0.013) 0.013 0.005 0.001 0.002 0.002 0.001 0.002 0.001 0.002 0.002 0.001 0.002 
  96   (0.017) 0.004 0.002 0.001 0.005 0.002 0.002 0.003 0.002 0.007 0.002 0.012 0.013 
 105   (0.013) 0.012 0.004 0.001 0.002 0.002 0.001 0.001 0.001 0.002 0.001 0.001 0.005 

Locus 15 : 
12 alleles
2.2% missing data
 171   (0.312) 0.444 0.296 0.351 0.181 0.490 0.563 0.274 0.215 0.424 0.159 0.175 0.239 
 177   (0.190) 0.167 0.074 0.077 0.351 0.251 0.216 0.176 0.370 0.201 0.071 0.048 0.196 
 173   (0.260) 0.212 0.508 0.524 0.234 0.126 0.129 0.230 0.077 0.264 0.680 0.060 0.462 
 179   (0.096) 0.043 0.106 0.010 0.046 0.101 0.021 0.290 0.319 0.065 0.047 0.577 0.032 
 183   (0.020) 0.008 0.007 0.002 0.003 0.008 0.002 0.003 0.002 0.028 0.014 0.010 0.004 
 181   (0.036) 0.091 0.003 0.029 0.008 0.005 0.006 0.009 0.004 0.007 0.007 0.123 0.007 
 197   (0.013) 0.003 0.001 0.001 0.107 0.001 0.001 0.001 0.001 0.002 0.001 0.001 0.002 
 170   (0.015) 0.007 0.001 0.001 0.002 0.003 0.002 0.002 0.001 0.002 0.002 0.001 0.032 
 189   (0.015) 0.010 0.001 0.001 0.004 0.002 0.002 0.010 0.006 0.003 0.013 0.001 0.005 
 203   (0.012) 0.003 0.001 0.001 0.061 0.001 0.001 0.001 0.001 0.001 0.001 0.001 0.005 
 187   (0.018) 0.008 0.001 0.002 0.002 0.010 0.027 0.002 0.002 0.003 0.002 0.001 0.013 
 198   (0.013) 0.003 0.001 0.001 0.002 0.002 0.029 0.001 0.001 0.002 0.002 0.001 0.002 

Values of parameters used in structure:
DATAFILE=STRUCTURE_main_final_278_HEG_ZG.str,	OUTFILE=STRUCTURE_main_final_278_HEG_ZG-K12-7,	NUMINDS=278,	NUMLOCI=15,	MISSING=-9,	LABEL=1,	POPDATA=1,	POPFLAG=0,	PHENOTYPE=0,	EXTRACOLS=0,	MAXPOPS=12,	BURNIN=100000,	NUMREPS=500000,	USEPOPINFO=0,	INFERALPHA=1,	INFERLAMBDA=0,	POPSPECIFICLAMBDA=0,	POPALPHAS=0,	COMPUTEPROB=1,	NOADMIX=0,	ADMBURNIN=2500,	UPDATEFREQ=1,	PRINTLIKES=0,	INTERMEDSAVE=0,	PRINTKLD=0,	PRINTNET=0,	PRINTLAMBDA=0,	ANCESTDIST=0,	NUMBOXES=1000,	ANCESTPINT=0.90000,	GENSBACK=2,	MIGRPRIOR=0.05000,	PRINTQHAT=0,	PRINTQSUM=0,	ALPHA=1.0000,	FREQSCORR=1,	FPRIORMEAN=0.0100,	FPRIORSD=0.0500,	ONEFST=0,	LAMBDA=1.0000,	UNIFPRIORALPHA=1,	ALPHAMAX=10.0000,	ALPHAPRIORA=1.0000,	ALPHAPRIORB=2.0000,	ALPHAPROPSD=0.0250,	STARTATPOPINFO=0,	RANDOMIZE=1,	LINKAGE=0,	METROFREQ=10,	REPORTHITRATE=0,	MARKOVPHASE=-1,	PHASED=0,	PLOIDY=2,	PHASEINFO=0	LOCPRIOR=0, 	LOCPRIORINIT=1.000000, 	LOCDATA=0, 	LOCISPOP=0, 	LOCPRIORSTEP=0.100000, 	MAXLOCPRIOR=20.000000, 	SEED=1782487177,	
[STRAT parameters]:    NUMSIMSTATS=1000,	PHENOTYPECOL=-9,	POOLFREQ=10,	LOCUSxONLY=0,	EMERROR=0.00100,	MISSINGPHENO=-9,	