

----------------------------------------------------
STRUCTURE by Pritchard, Stephens and Donnelly (2000)
     and Falush, Stephens and Pritchard (2003)
       Code by Pritchard, Falush and Hubisz
             Version 2.3.4 (Jul 2012)
----------------------------------------------------



Command line arguments:   structure -K 10 -i STRUCTURE_main_final_278_HEG_ZG.str -o STRUCTURE_main_final_278_HEG_ZG-K10-11 
Input File:    STRUCTURE_main_final_278_HEG_ZG.str

Run parameters:
   278 individuals
   15 loci
   10 populations assumed
   100000 Burn-in period
   500000 Reps


--------------------------------------------
Proportion of membership of each pre-defined
 population in each of the 10 clusters

Given    Inferred Clusters                                                        Number of
 Pop       1      2      3      4      5      6      7      8      9     10      Individuals

  1:     0.014  0.041  0.019  0.096  0.068  0.089  0.040  0.605  0.013  0.015       24
  2:     0.715  0.033  0.044  0.052  0.055  0.018  0.016  0.018  0.036  0.014       24
  3:     0.012  0.022  0.244  0.034  0.010  0.047  0.058  0.019  0.239  0.316       24
  4:     0.023  0.494  0.034  0.120  0.035  0.045  0.023  0.052  0.043  0.131       24
  5:     0.028  0.185  0.014  0.155  0.046  0.023  0.044  0.023  0.098  0.384       24
  6:     0.027  0.091  0.025  0.048  0.221  0.016  0.034  0.439  0.029  0.070       24
  7:     0.029  0.047  0.009  0.046  0.749  0.017  0.013  0.059  0.015  0.016       24
  8:     0.013  0.049  0.043  0.136  0.011  0.066  0.016  0.021  0.013  0.632       14
  9:     0.016  0.023  0.043  0.136  0.006  0.071  0.596  0.043  0.033  0.034       24
 10:     0.008  0.012  0.158  0.034  0.015  0.634  0.059  0.012  0.041  0.027       24
 11:     0.010  0.028  0.350  0.045  0.011  0.272  0.157  0.020  0.080  0.026       24
 12:     0.018  0.190  0.078  0.139  0.106  0.050  0.018  0.267  0.045  0.090       24
--------------------------------------------

Allele-freq. divergence among pops (Net nucleotide distance),
computed using point estimates of P.

      1       2       3       4       5       6       7       8       9      10      
 1      -    0.0815  0.1342  0.0701  0.1049  0.1145  0.0834  0.0699  0.1185  0.0666  
 2   0.0815     -    0.0981  0.0274  0.0713  0.0701  0.0612  0.0386  0.0903  0.0406  
 3   0.1342  0.0981     -    0.0690  0.0905  0.0788  0.0642  0.0873  0.1163  0.0713  
 4   0.0701  0.0274  0.0690     -    0.0642  0.0539  0.0311  0.0240  0.0699  0.0217  
 5   0.1049  0.0713  0.0905  0.0642     -    0.1354  0.1016  0.0674  0.1263  0.0794  
 6   0.1145  0.0701  0.0788  0.0539  0.1354     -    0.0448  0.0668  0.1108  0.0572  
 7   0.0834  0.0612  0.0642  0.0311  0.1016  0.0448     -    0.0431  0.0953  0.0436  
 8   0.0699  0.0386  0.0873  0.0240  0.0674  0.0668  0.0431     -    0.0894  0.0347  
 9   0.1185  0.0903  0.1163  0.0699  0.1263  0.1108  0.0953  0.0894     -    0.0716  
10   0.0666  0.0406  0.0713  0.0217  0.0794  0.0572  0.0436  0.0347  0.0716     -    

Average distances (expected heterozygosity) between individuals in same cluster:
cluster  1  : 0.6100 
cluster  2  : 0.5910 
cluster  3  : 0.5512 
cluster  4  : 0.6380 
cluster  5  : 0.5493 
cluster  6  : 0.6042 
cluster  7  : 0.6198 
cluster  8  : 0.6171 
cluster  9  : 0.5796 
cluster 10  : 0.6317 

--------------------------------------------
Estimated Ln Prob of Data   = -12291.7
Mean value of ln likelihood = -11589.4
Variance of ln likelihood   = 1404.7
Mean value of alpha         = 0.0477

Mean value of Fst_1         = 0.2028
Mean value of Fst_2         = 0.1253
Mean value of Fst_3         = 0.2217
Mean value of Fst_4         = 0.1191
Mean value of Fst_5         = 0.2007
Mean value of Fst_6         = 0.1592
Mean value of Fst_7         = 0.1309
Mean value of Fst_8         = 0.0903
Mean value of Fst_9         = 0.1988
Mean value of Fst_10         = 0.0636


Inferred ancestry of individuals:
        Label (%Miss) Pop:  Inferred clusters
  1 24.0601.E1    (0)    1 :  0.013 0.009 0.012 0.010 0.012 0.007 0.008 0.911 0.011 0.007 
  2 24.0602.E1    (0)    1 :  0.004 0.006 0.009 0.019 0.009 0.012 0.014 0.909 0.009 0.009 
  3 24.0603.E1    (0)    1 :  0.005 0.026 0.006 0.018 0.021 0.005 0.014 0.851 0.007 0.046 
  4 24.0604.E1    (0)    1 :  0.008 0.108 0.005 0.024 0.005 0.047 0.007 0.645 0.145 0.005 
  5 24.0605.E1    (0)    1 :  0.007 0.029 0.012 0.018 0.033 0.008 0.031 0.846 0.006 0.011 
  6 24.0606.E1    (0)    1 :  0.011 0.069 0.007 0.105 0.020 0.021 0.020 0.728 0.005 0.014 
  7 24.0607.E1    (0)    1 :  0.006 0.015 0.007 0.348 0.230 0.011 0.255 0.077 0.010 0.041 
  8 24.0608.E1    (0)    1 :  0.003 0.006 0.131 0.017 0.105 0.035 0.014 0.674 0.006 0.008 
  9 24.0609.E1    (0)    1 :  0.004 0.310 0.015 0.044 0.005 0.441 0.013 0.140 0.007 0.021 
 10 24.0610.E1    (0)    1 :  0.005 0.092 0.005 0.011 0.009 0.396 0.010 0.451 0.005 0.016 
 11 24.0611.E1    (0)    1 :  0.007 0.031 0.005 0.010 0.006 0.034 0.041 0.851 0.005 0.009 
 12 24.0612.E1    (0)    1 :  0.009 0.007 0.005 0.013 0.016 0.008 0.008 0.908 0.016 0.011 
 13 24.0613.E1    (0)    1 :  0.007 0.052 0.005 0.009 0.005 0.021 0.005 0.885 0.005 0.006 
 14 24.0614.E1    (0)    1 :  0.006 0.011 0.118 0.024 0.342 0.014 0.272 0.200 0.005 0.007 
 15 24.0615.E1    (0)    1 :  0.016 0.011 0.019 0.062 0.058 0.182 0.021 0.601 0.020 0.010 
 16 24.0616.E1    (0)    1 :  0.014 0.011 0.005 0.022 0.005 0.011 0.009 0.909 0.006 0.007 
 17 24.0617.E1    (0)    1 :  0.030 0.020 0.008 0.023 0.022 0.598 0.024 0.256 0.006 0.014 
 18 24.0618.E1    (0)    1 :  0.009 0.026 0.019 0.026 0.005 0.064 0.043 0.773 0.005 0.031 
 19 24.0619.E1    (0)    1 :  0.018 0.018 0.005 0.651 0.005 0.019 0.010 0.259 0.005 0.011 
 20 24.0620.E1   (20)    1 :  0.013 0.074 0.009 0.105 0.677 0.042 0.017 0.033 0.010 0.020 
 21 24.0621.E1    (0)    1 :  0.005 0.012 0.037 0.684 0.005 0.099 0.068 0.070 0.006 0.014 
 22 24.0622.E1    (0)    1 :  0.023 0.013 0.006 0.010 0.009 0.010 0.005 0.906 0.005 0.014 
 23 24.0623.E1    (0)    1 :  0.107 0.014 0.013 0.039 0.019 0.039 0.044 0.691 0.010 0.025 
 24 24.0624.E1    (0)    1 :  0.006 0.005 0.005 0.006 0.006 0.011 0.008 0.943 0.004 0.006 
 25 24.0625.E1    (0)    2 :  0.576 0.040 0.199 0.014 0.054 0.009 0.030 0.013 0.041 0.023 
 26 24.0626.E1    (0)    2 :  0.810 0.004 0.125 0.004 0.037 0.003 0.005 0.004 0.004 0.004 
 27 24.0627.E1    (0)    2 :  0.484 0.024 0.012 0.052 0.021 0.005 0.008 0.006 0.381 0.007 
 28 24.0628.E1    (0)    2 :  0.455 0.080 0.158 0.018 0.125 0.096 0.010 0.035 0.006 0.017 
 29 24.0629.E1    (0)    2 :  0.841 0.007 0.008 0.011 0.006 0.011 0.009 0.072 0.009 0.026 
 30 24.0630.E1    (0)    2 :  0.804 0.009 0.050 0.010 0.097 0.005 0.008 0.005 0.007 0.005 
 31 24.0631.E1    (0)    2 :  0.968 0.003 0.003 0.004 0.004 0.003 0.004 0.005 0.004 0.004 
 32 24.0632.E1    (0)    2 :  0.910 0.007 0.005 0.007 0.029 0.006 0.006 0.007 0.011 0.010 
 33 24.0633.E1    (0)    2 :  0.372 0.013 0.382 0.138 0.043 0.007 0.014 0.012 0.005 0.013 
 34 24.0634.E1    (0)    2 :  0.896 0.011 0.021 0.009 0.007 0.010 0.017 0.009 0.008 0.012 
 35 24.0635.E1    (0)    2 :  0.547 0.013 0.029 0.192 0.020 0.026 0.074 0.022 0.017 0.061 
 36 24.0636.E1   (33)    2 :  0.067 0.126 0.008 0.020 0.682 0.011 0.008 0.030 0.023 0.025 
 37 24.0637.E1    (0)    2 :  0.959 0.005 0.003 0.004 0.007 0.003 0.005 0.004 0.004 0.005 
 38 24.0638.E1    (0)    2 :  0.818 0.019 0.005 0.101 0.004 0.005 0.006 0.008 0.010 0.024 
 39 24.0639.E1    (0)    2 :  0.771 0.007 0.008 0.014 0.014 0.088 0.008 0.039 0.028 0.022 
 40 24.0640.E1    (0)    2 :  0.935 0.007 0.006 0.007 0.006 0.008 0.012 0.008 0.005 0.007 
 41 24.0641.E1    (0)    2 :  0.371 0.006 0.008 0.409 0.016 0.012 0.117 0.038 0.007 0.015 
 42 24.0642.E1    (0)    2 :  0.553 0.146 0.005 0.166 0.048 0.004 0.005 0.061 0.007 0.006 
 43 24.0643.E1    (0)    2 :  0.610 0.010 0.006 0.013 0.058 0.011 0.008 0.008 0.261 0.015 
 44 24.0644.E1    (0)    2 :  0.885 0.030 0.005 0.010 0.005 0.038 0.009 0.008 0.005 0.006 
 45 24.0645.E1    (0)    2 :  0.732 0.182 0.004 0.014 0.015 0.026 0.007 0.009 0.006 0.005 
 46 24.0646.E1    (0)    2 :  0.884 0.030 0.005 0.010 0.005 0.038 0.009 0.008 0.005 0.006 
 47 24.0647.E1    (0)    2 :  0.959 0.005 0.003 0.004 0.007 0.003 0.005 0.004 0.004 0.005 
 48 24.0648.E1    (0)    2 :  0.959 0.005 0.003 0.004 0.007 0.003 0.005 0.004 0.004 0.005 
 49 24.0649.E1    (0)    3 :  0.006 0.007 0.010 0.007 0.003 0.015 0.009 0.005 0.010 0.928 
 50 24.0650.E1    (0)    3 :  0.004 0.202 0.219 0.201 0.004 0.098 0.171 0.030 0.009 0.061 
 51 24.0651.E1    (0)    3 :  0.103 0.023 0.045 0.023 0.029 0.008 0.365 0.008 0.044 0.352 
 52 24.0652.E1    (0)    3 :  0.005 0.006 0.836 0.043 0.005 0.005 0.008 0.033 0.012 0.046 
 53 24.0653.E1    (0)    3 :  0.005 0.009 0.017 0.022 0.007 0.022 0.015 0.005 0.842 0.057 
 54 24.0654.E1    (0)    3 :  0.012 0.008 0.570 0.008 0.004 0.027 0.007 0.007 0.008 0.348 
 55 24.0655.E1    (0)    3 :  0.024 0.013 0.293 0.024 0.008 0.022 0.036 0.038 0.009 0.534 
 56 24.0656.E1    (0)    3 :  0.006 0.015 0.896 0.016 0.011 0.011 0.006 0.008 0.015 0.016 
 57 24.0657.E1    (0)    3 :  0.006 0.015 0.886 0.018 0.011 0.012 0.006 0.008 0.016 0.021 
 58 24.0658.E1    (0)    3 :  0.006 0.033 0.006 0.019 0.006 0.138 0.012 0.019 0.054 0.706 
 59 24.0659.E1    (0)    3 :  0.009 0.011 0.111 0.153 0.004 0.032 0.144 0.053 0.367 0.115 
 60 24.0660.E1    (6)    3 :  0.012 0.013 0.008 0.021 0.006 0.006 0.008 0.020 0.010 0.897 
 61 24.0661.E1    (0)    3 :  0.005 0.005 0.926 0.007 0.006 0.005 0.009 0.009 0.007 0.021 
 62 24.0662.E1    (0)    3 :  0.022 0.011 0.058 0.019 0.017 0.023 0.439 0.079 0.097 0.236 
 63 24.0663.E1    (0)    3 :  0.010 0.067 0.096 0.011 0.005 0.592 0.048 0.007 0.006 0.159 
 64 24.0664.E1    (0)    3 :  0.009 0.010 0.331 0.018 0.025 0.016 0.006 0.006 0.009 0.570 
 65 24.0665.E1    (0)    3 :  0.006 0.024 0.418 0.023 0.051 0.005 0.008 0.006 0.036 0.422 
 66 24.0666.E1    (0)    3 :  0.005 0.009 0.007 0.008 0.004 0.007 0.004 0.007 0.942 0.007 
 67 24.0667.E1    (0)    3 :  0.003 0.005 0.006 0.010 0.004 0.005 0.004 0.009 0.942 0.013 
 68 24.0668.E1    (0)    3 :  0.004 0.004 0.004 0.004 0.003 0.004 0.003 0.003 0.967 0.004 
 69 24.0669.E1    (0)    3 :  0.004 0.004 0.004 0.005 0.004 0.004 0.004 0.004 0.963 0.005 
 70 24.0670.E1    (0)    3 :  0.004 0.004 0.012 0.026 0.005 0.028 0.013 0.010 0.025 0.873 
 71 24.0671.E1    (0)    3 :  0.010 0.015 0.080 0.010 0.007 0.029 0.030 0.008 0.010 0.801 
 72 24.0672.E1    (0)    3 :  0.005 0.015 0.012 0.131 0.006 0.008 0.034 0.065 0.326 0.398 
 73 24.0673.E1    (6)    4 :  0.023 0.208 0.477 0.045 0.083 0.008 0.016 0.112 0.008 0.018 
 74 24.0674.E1    (0)    4 :  0.007 0.923 0.005 0.005 0.014 0.008 0.019 0.009 0.004 0.006 
 75 24.0675.E1    (0)    4 :  0.024 0.781 0.039 0.015 0.021 0.025 0.036 0.022 0.010 0.027 
 76 24.0676.E1    (0)    4 :  0.006 0.705 0.019 0.022 0.021 0.144 0.022 0.013 0.006 0.042 
 77 24.0677.E1    (0)    4 :  0.004 0.022 0.037 0.119 0.011 0.028 0.039 0.035 0.018 0.687 
 78 24.0678.E1    (0)    4 :  0.057 0.022 0.034 0.125 0.011 0.008 0.027 0.408 0.092 0.216 
 79 24.0679.E1    (0)    4 :  0.013 0.191 0.008 0.344 0.008 0.178 0.017 0.116 0.037 0.088 
 80 24.0680.E1    (0)    4 :  0.020 0.053 0.015 0.503 0.009 0.007 0.011 0.037 0.068 0.278 
 81 24.0681.E1    (0)    4 :  0.009 0.343 0.010 0.421 0.018 0.007 0.013 0.039 0.013 0.128 
 82 24.0682.E1    (0)    4 :  0.004 0.965 0.003 0.005 0.004 0.005 0.003 0.004 0.004 0.004 
 83 24.0683.E1    (0)    4 :  0.006 0.858 0.006 0.009 0.080 0.004 0.014 0.010 0.007 0.006 
 84 24.0684.E1    (0)    4 :  0.030 0.764 0.006 0.027 0.022 0.026 0.008 0.068 0.009 0.039 
 85 24.0685.E1    (0)    4 :  0.007 0.593 0.005 0.253 0.020 0.021 0.006 0.019 0.065 0.011 
 86 24.0686.E1    (0)    4 :  0.073 0.046 0.005 0.089 0.015 0.015 0.107 0.077 0.015 0.559 
 87 24.0687.E1    (0)    4 :  0.170 0.094 0.008 0.069 0.015 0.023 0.116 0.037 0.007 0.462 
 88 24.0688.E1    (0)    4 :  0.006 0.952 0.004 0.007 0.005 0.003 0.004 0.006 0.004 0.008 
 89 24.0689.E1    (0)    4 :  0.016 0.107 0.029 0.137 0.031 0.404 0.015 0.026 0.006 0.229 
 90 24.0690.E1    (0)    4 :  0.028 0.036 0.020 0.115 0.032 0.006 0.026 0.023 0.596 0.118 
 91 24.0691.E1    (0)    4 :  0.007 0.868 0.005 0.023 0.007 0.030 0.006 0.028 0.010 0.016 
 92 24.0692.E1    (0)    4 :  0.005 0.864 0.005 0.017 0.009 0.017 0.005 0.006 0.008 0.064 
 93 24.0693.E1    (0)    4 :  0.008 0.320 0.066 0.031 0.384 0.039 0.015 0.011 0.016 0.111 
 94 24.0694.E1    (0)    4 :  0.007 0.832 0.005 0.106 0.008 0.008 0.004 0.011 0.010 0.009 
 95 24.0695.E1    (0)    4 :  0.007 0.545 0.009 0.242 0.007 0.044 0.011 0.114 0.012 0.010 
 96 24.0696.E1    (0)    4 :  0.013 0.757 0.005 0.144 0.008 0.014 0.008 0.029 0.010 0.012 
 97 24.0697.E1    (0)    5 :  0.013 0.179 0.007 0.076 0.078 0.013 0.016 0.006 0.007 0.605 
 98 24.0698.E1    (0)    5 :  0.018 0.033 0.008 0.102 0.093 0.020 0.023 0.019 0.044 0.641 
 99 24.0699.E1    (0)    5 :  0.009 0.006 0.007 0.114 0.009 0.005 0.013 0.014 0.010 0.812 
100 24.0700.E1    (0)    5 :  0.005 0.022 0.008 0.310 0.007 0.007 0.009 0.007 0.012 0.613 
101 24.0701.E1    (0)    5 :  0.010 0.009 0.006 0.021 0.038 0.010 0.008 0.007 0.877 0.014 
102 24.0702.E1    (0)    5 :  0.014 0.015 0.007 0.340 0.029 0.008 0.007 0.010 0.038 0.531 
103 24.0703.E1    (0)    5 :  0.046 0.007 0.005 0.096 0.008 0.006 0.137 0.011 0.022 0.664 
104 24.0704.E1    (6)    5 :  0.009 0.019 0.005 0.203 0.009 0.008 0.186 0.015 0.007 0.538 
105 24.0705.E1    (0)    5 :  0.008 0.412 0.006 0.456 0.008 0.010 0.008 0.026 0.028 0.038 
106 24.0706.E1    (0)    5 :  0.008 0.033 0.015 0.347 0.011 0.011 0.007 0.007 0.015 0.546 
107 24.0707.E1    (0)    5 :  0.021 0.062 0.011 0.119 0.017 0.005 0.044 0.028 0.007 0.684 
108 24.0708.E1    (0)    5 :  0.224 0.061 0.022 0.042 0.024 0.203 0.321 0.040 0.024 0.039 
109 24.0709.E1    (0)    5 :  0.007 0.869 0.014 0.023 0.006 0.028 0.017 0.009 0.009 0.017 
110 24.0710.E1    (0)    5 :  0.007 0.324 0.007 0.117 0.032 0.027 0.041 0.041 0.060 0.344 
111 24.0711.E1    (0)    5 :  0.058 0.085 0.009 0.145 0.018 0.007 0.020 0.091 0.035 0.533 
112 24.0712.E1    (0)    5 :  0.044 0.045 0.007 0.047 0.016 0.008 0.010 0.020 0.757 0.047 
113 24.0713.E1    (0)    5 :  0.007 0.367 0.007 0.349 0.014 0.040 0.029 0.009 0.010 0.167 
114 24.0714.E1    (0)    5 :  0.012 0.018 0.013 0.454 0.008 0.017 0.027 0.042 0.011 0.399 
115 24.0715.E1    (0)    5 :  0.007 0.114 0.034 0.049 0.397 0.012 0.006 0.029 0.020 0.332 
116 24.0716.E1    (0)    5 :  0.037 0.019 0.008 0.071 0.014 0.044 0.036 0.063 0.289 0.419 
117 24.0717.E1    (0)    5 :  0.046 0.028 0.105 0.083 0.256 0.022 0.063 0.016 0.014 0.366 
118 24.0718.E1    (0)    5 :  0.030 0.168 0.005 0.071 0.012 0.008 0.007 0.021 0.048 0.630 
119 24.0719.E1    (0)    5 :  0.014 0.840 0.008 0.062 0.007 0.016 0.008 0.006 0.009 0.030 
120 24.0720.E1    (0)    5 :  0.012 0.705 0.008 0.019 0.005 0.015 0.007 0.013 0.011 0.203 
121 24.0721.E1    (0)    6 :  0.013 0.083 0.096 0.089 0.511 0.028 0.047 0.010 0.024 0.098 
122 24.0722.E1    (0)    6 :  0.103 0.076 0.009 0.020 0.518 0.012 0.106 0.023 0.074 0.058 
123 24.0723.E1    (0)    6 :  0.197 0.010 0.236 0.021 0.261 0.019 0.198 0.028 0.009 0.021 
124 24.0724.E1    (0)    6 :  0.037 0.335 0.015 0.045 0.075 0.073 0.204 0.178 0.013 0.024 
125 24.0725.E1    (0)    6 :  0.007 0.011 0.017 0.012 0.007 0.007 0.005 0.918 0.007 0.010 
126 24.0726.E1    (6)    6 :  0.008 0.083 0.006 0.269 0.084 0.007 0.012 0.511 0.007 0.013 
127 24.0727.E1    (0)    6 :  0.020 0.024 0.040 0.028 0.464 0.016 0.037 0.265 0.075 0.031 
128 24.0728.E1    (0)    6 :  0.034 0.017 0.031 0.020 0.166 0.012 0.015 0.341 0.012 0.351 
129 24.0729.E1    (0)    6 :  0.013 0.127 0.005 0.030 0.042 0.025 0.014 0.691 0.038 0.015 
130 24.0730.E1    (0)    6 :  0.011 0.032 0.010 0.072 0.037 0.021 0.008 0.054 0.014 0.742 
131 24.0731.E1    (0)    6 :  0.013 0.345 0.018 0.327 0.059 0.007 0.009 0.209 0.004 0.009 
132 24.0732.E1    (0)    6 :  0.010 0.104 0.024 0.019 0.753 0.004 0.005 0.052 0.012 0.017 
133 24.0733.E1    (0)    6 :  0.006 0.007 0.004 0.005 0.016 0.006 0.004 0.944 0.003 0.005 
134 24.0734.E1    (0)    6 :  0.012 0.010 0.010 0.022 0.809 0.008 0.016 0.035 0.013 0.067 
135 24.0735.E1    (0)    6 :  0.049 0.019 0.009 0.025 0.194 0.025 0.008 0.617 0.014 0.041 
136 24.0736.E1    (0)    6 :  0.008 0.007 0.007 0.009 0.041 0.006 0.006 0.904 0.004 0.008 
137 24.0737.E1    (0)    6 :  0.022 0.011 0.009 0.012 0.007 0.007 0.026 0.874 0.010 0.021 
138 24.0738.E1    (0)    6 :  0.010 0.008 0.008 0.012 0.025 0.005 0.008 0.900 0.009 0.014 
139 24.0739.E1    (0)    6 :  0.015 0.009 0.008 0.008 0.005 0.007 0.006 0.917 0.006 0.020 
140 24.0740.E1    (0)    6 :  0.019 0.197 0.006 0.028 0.010 0.019 0.012 0.684 0.010 0.016 
141 24.0741.E1    (0)    6 :  0.017 0.137 0.011 0.015 0.352 0.009 0.008 0.400 0.006 0.045 
142 24.0742.E1    (0)    6 :  0.009 0.024 0.007 0.014 0.712 0.007 0.014 0.194 0.008 0.012 
143 24.0743.E1    (0)    6 :  0.005 0.385 0.009 0.025 0.030 0.014 0.029 0.469 0.020 0.013 
144 24.0744.E1    (0)    6 :  0.012 0.114 0.017 0.024 0.135 0.027 0.023 0.318 0.308 0.021 
145 24.0745.E1    (0)    7 :  0.004 0.018 0.017 0.021 0.883 0.008 0.008 0.005 0.025 0.011 
146 24.0746.E1    (0)    7 :  0.064 0.047 0.007 0.043 0.618 0.011 0.117 0.042 0.009 0.041 
147 24.0747.E1    (0)    7 :  0.010 0.177 0.009 0.038 0.675 0.033 0.007 0.027 0.012 0.013 
148 24.0748.E1    (6)    7 :  0.009 0.224 0.022 0.055 0.587 0.043 0.007 0.029 0.012 0.012 
149 24.0749.E1    (0)    7 :  0.007 0.008 0.004 0.009 0.713 0.006 0.008 0.231 0.007 0.007 
150 24.0750.E1    (0)    7 :  0.012 0.117 0.009 0.230 0.281 0.016 0.031 0.222 0.022 0.060 
151 24.0751.E1    (0)    7 :  0.006 0.005 0.005 0.006 0.954 0.004 0.004 0.007 0.004 0.005 
152 24.0752.E1    (0)    7 :  0.007 0.009 0.010 0.013 0.899 0.007 0.005 0.036 0.004 0.011 
153 24.0753.E1    (0)    7 :  0.182 0.011 0.026 0.009 0.496 0.004 0.010 0.243 0.009 0.009 
154 24.0754.E1    (0)    7 :  0.017 0.021 0.009 0.010 0.890 0.006 0.005 0.028 0.006 0.008 
155 24.0755.E1    (0)    7 :  0.019 0.134 0.006 0.022 0.727 0.040 0.008 0.013 0.007 0.023 
156 24.0756.E1    (0)    7 :  0.009 0.006 0.005 0.011 0.928 0.015 0.006 0.010 0.004 0.004 
157 24.0757.E1    (0)    7 :  0.004 0.004 0.003 0.004 0.968 0.003 0.003 0.004 0.004 0.003 
158 24.0758.E1    (0)    7 :  0.004 0.004 0.004 0.004 0.967 0.003 0.003 0.004 0.004 0.004 
159 24.0759.E1    (0)    7 :  0.006 0.007 0.012 0.009 0.920 0.005 0.005 0.019 0.009 0.008 
160 24.0760.E1    (0)    7 :  0.274 0.026 0.008 0.011 0.609 0.006 0.007 0.010 0.008 0.040 
161 24.0761.E1    (0)    7 :  0.009 0.005 0.005 0.004 0.954 0.005 0.004 0.006 0.003 0.004 
162 24.0762.E1    (0)    7 :  0.008 0.036 0.007 0.256 0.072 0.140 0.012 0.203 0.184 0.081 
163 24.0763.E1    (0)    7 :  0.004 0.013 0.006 0.005 0.949 0.004 0.004 0.007 0.003 0.004 
164 24.0764.E1    (0)    7 :  0.008 0.005 0.004 0.006 0.947 0.004 0.004 0.011 0.004 0.006 
165 24.0765.E1    (0)    7 :  0.021 0.020 0.008 0.015 0.893 0.011 0.015 0.006 0.004 0.007 
166 24.0766.E1    (0)    7 :  0.006 0.009 0.009 0.006 0.939 0.004 0.005 0.009 0.006 0.006 
167 24.0767.E1    (0)    7 :  0.004 0.007 0.004 0.004 0.963 0.004 0.004 0.004 0.003 0.004 
168 24.0768.E1    (0)    7 :  0.005 0.210 0.009 0.310 0.134 0.030 0.026 0.244 0.008 0.024 
169 24.0779.E1    (0)    8 :  0.006 0.040 0.011 0.022 0.043 0.007 0.036 0.014 0.009 0.811 
170 24.0780.E1    (6)    8 :  0.006 0.030 0.035 0.086 0.004 0.125 0.013 0.008 0.008 0.684 
171 24.0781.E1    (0)    8 :  0.005 0.008 0.006 0.149 0.005 0.008 0.006 0.004 0.005 0.804 
172 24.0782.E1    (0)    8 :  0.042 0.265 0.043 0.230 0.025 0.028 0.028 0.138 0.009 0.192 
173 24.0783.E1    (0)    8 :  0.013 0.046 0.012 0.393 0.006 0.403 0.007 0.009 0.018 0.093 
174 24.0784.E1    (0)    8 :  0.005 0.037 0.007 0.016 0.004 0.022 0.030 0.008 0.004 0.867 
175 24.0785.E1    (0)    8 :  0.004 0.009 0.037 0.048 0.004 0.026 0.019 0.006 0.010 0.836 
176 24.0786.E1    (0)    8 :  0.008 0.120 0.021 0.056 0.010 0.125 0.011 0.023 0.010 0.616 
177 24.0787.E1    (0)    8 :  0.035 0.013 0.015 0.027 0.011 0.010 0.010 0.012 0.006 0.861 
178 24.0788.E1    (0)    8 :  0.023 0.033 0.018 0.015 0.006 0.111 0.010 0.005 0.007 0.772 
179 24.0789.E1    (0)    8 :  0.018 0.009 0.011 0.013 0.006 0.027 0.024 0.026 0.005 0.862 
180 24.0790.E1    (0)    8 :  0.006 0.005 0.014 0.029 0.004 0.011 0.012 0.004 0.006 0.910 
181 24.0791.E1    (0)    8 :  0.006 0.014 0.022 0.685 0.008 0.016 0.009 0.021 0.072 0.146 
182 24.0792.E1    (0)    8 :  0.004 0.058 0.349 0.137 0.017 0.008 0.008 0.011 0.019 0.388 
183 24.0793.E1    (0)    9 :  0.059 0.012 0.038 0.113 0.007 0.078 0.569 0.030 0.008 0.086 
184 24.0794.E1    (0)    9 :  0.006 0.006 0.257 0.015 0.007 0.035 0.110 0.538 0.006 0.020 
185 24.0795.E1    (0)    9 :  0.028 0.019 0.007 0.025 0.010 0.045 0.670 0.173 0.006 0.016 
186 24.0796.E1    (0)    9 :  0.009 0.007 0.228 0.042 0.005 0.386 0.086 0.060 0.005 0.171 
187 24.0797.E1    (0)    9 :  0.009 0.007 0.045 0.056 0.003 0.138 0.555 0.015 0.006 0.165 
188 24.0798.E1    (0)    9 :  0.023 0.028 0.086 0.023 0.019 0.011 0.457 0.008 0.328 0.018 
189 24.0799.E1    (0)    9 :  0.008 0.008 0.007 0.398 0.006 0.025 0.512 0.014 0.009 0.011 
190 24.0800.E1    (0)    9 :  0.005 0.041 0.032 0.369 0.007 0.136 0.372 0.016 0.009 0.014 
191 24.0801.E1    (0)    9 :  0.007 0.018 0.012 0.291 0.005 0.006 0.371 0.004 0.278 0.008 
192 24.0802.E1    (0)    9 :  0.018 0.006 0.006 0.024 0.004 0.035 0.884 0.006 0.008 0.008 
193 24.0803.E1    (0)    9 :  0.008 0.007 0.008 0.272 0.006 0.008 0.659 0.009 0.016 0.008 
194 24.0804.E1    (0)    9 :  0.013 0.009 0.010 0.009 0.003 0.085 0.849 0.010 0.004 0.009 
195 24.0805.E1    (0)    9 :  0.004 0.029 0.006 0.343 0.006 0.005 0.585 0.007 0.007 0.008 
196 24.0806.E1    (0)    9 :  0.022 0.005 0.007 0.009 0.005 0.005 0.929 0.006 0.006 0.007 
197 24.0807.E1    (0)    9 :  0.007 0.008 0.039 0.015 0.004 0.019 0.877 0.008 0.008 0.015 
198 24.0808.E1    (0)    9 :  0.019 0.098 0.021 0.260 0.006 0.052 0.419 0.014 0.005 0.106 
199 24.0809.E1    (0)    9 :  0.004 0.053 0.007 0.349 0.008 0.045 0.508 0.012 0.007 0.007 
200 24.0810.E1    (0)    9 :  0.013 0.046 0.020 0.293 0.009 0.009 0.586 0.008 0.007 0.010 
201 24.0811.E1    (0)    9 :  0.021 0.007 0.122 0.009 0.005 0.044 0.739 0.028 0.004 0.021 
202 24.0812.E1    (0)    9 :  0.007 0.027 0.008 0.025 0.006 0.285 0.563 0.030 0.009 0.039 
203 24.0813.E1    (0)    9 :  0.008 0.062 0.007 0.045 0.006 0.021 0.806 0.007 0.004 0.034 
204 24.0814.E1    (6)    9 :  0.021 0.026 0.017 0.076 0.004 0.210 0.620 0.009 0.008 0.008 
205 24.0815.E1    (0)    9 :  0.047 0.009 0.009 0.200 0.007 0.013 0.680 0.005 0.024 0.007 
206 24.0816.E1    (0)    9 :  0.012 0.004 0.022 0.013 0.005 0.011 0.896 0.006 0.016 0.016 
207 24.0817.E1    (0)   10 :  0.005 0.011 0.053 0.026 0.006 0.767 0.083 0.018 0.008 0.023 
208 24.0818.E1    (0)   10 :  0.012 0.005 0.020 0.025 0.009 0.796 0.013 0.032 0.007 0.081 
209 24.0819.E1    (0)   10 :  0.016 0.011 0.309 0.228 0.104 0.017 0.218 0.013 0.076 0.009 
210 24.0820.E1    (0)   10 :  0.008 0.005 0.867 0.009 0.059 0.019 0.009 0.006 0.011 0.007 
211 24.0821.E1    (0)   10 :  0.013 0.017 0.212 0.024 0.007 0.159 0.065 0.016 0.234 0.253 
212 24.0822.E1    (0)   10 :  0.004 0.008 0.010 0.007 0.018 0.899 0.006 0.006 0.006 0.035 
213 24.0823.E1    (0)   10 :  0.009 0.012 0.517 0.009 0.035 0.383 0.008 0.009 0.013 0.006 
214 24.0824.E1    (0)   10 :  0.005 0.043 0.013 0.009 0.008 0.466 0.012 0.007 0.431 0.006 
215 24.0825.E1    (0)   10 :  0.004 0.008 0.005 0.005 0.005 0.954 0.005 0.004 0.005 0.004 
216 24.0826.E1    (0)   10 :  0.009 0.010 0.848 0.017 0.021 0.040 0.018 0.006 0.015 0.014 
217 24.0827.E1    (0)   10 :  0.008 0.010 0.111 0.011 0.004 0.775 0.017 0.038 0.007 0.020 
218 24.0828.E1    (0)   10 :  0.010 0.019 0.650 0.020 0.017 0.125 0.057 0.010 0.064 0.028 
219 24.0829.E1    (0)   10 :  0.006 0.015 0.013 0.026 0.010 0.683 0.223 0.005 0.010 0.009 
220 24.0830.E1    (0)   10 :  0.004 0.007 0.023 0.096 0.004 0.827 0.018 0.005 0.006 0.009 
221 24.0831.E1    (0)   10 :  0.005 0.008 0.016 0.175 0.004 0.746 0.012 0.004 0.007 0.023 
222 24.0832.E1    (0)   10 :  0.003 0.008 0.013 0.004 0.003 0.946 0.005 0.009 0.004 0.006 
223 24.0833.E1    (0)   10 :  0.003 0.007 0.007 0.004 0.004 0.959 0.005 0.004 0.004 0.004 
224 24.0834.E1    (0)   10 :  0.007 0.007 0.008 0.008 0.007 0.939 0.008 0.007 0.005 0.005 
225 24.0835.E1    (0)   10 :  0.006 0.006 0.006 0.013 0.004 0.926 0.011 0.012 0.009 0.008 
226 24.0836.E1    (0)   10 :  0.004 0.018 0.007 0.011 0.009 0.909 0.009 0.009 0.016 0.009 
227 24.0837.E1    (0)   10 :  0.004 0.008 0.007 0.007 0.005 0.941 0.007 0.006 0.006 0.008 
228 24.0838.E1    (0)   10 :  0.004 0.011 0.010 0.007 0.007 0.934 0.008 0.004 0.005 0.010 
229 24.0839.E1    (0)   10 :  0.026 0.025 0.022 0.077 0.020 0.441 0.275 0.039 0.016 0.059 
230 24.0840.E1    (0)   10 :  0.019 0.006 0.049 0.008 0.004 0.554 0.329 0.009 0.010 0.012 
231 24.0841.E1    (0)   11 :  0.003 0.026 0.205 0.012 0.010 0.060 0.650 0.008 0.004 0.021 
232 24.0842.E1    (0)   11 :  0.003 0.011 0.159 0.009 0.009 0.052 0.560 0.009 0.174 0.015 
233 24.0843.E1    (0)   11 :  0.005 0.008 0.495 0.011 0.015 0.026 0.200 0.005 0.217 0.018 
234 24.0844.E1    (0)   11 :  0.005 0.012 0.020 0.090 0.008 0.303 0.176 0.024 0.337 0.025 
235 24.0845.E1    (0)   11 :  0.005 0.016 0.035 0.067 0.005 0.726 0.035 0.009 0.023 0.079 
236 24.0846.E1    (0)   11 :  0.009 0.010 0.008 0.013 0.010 0.890 0.027 0.011 0.011 0.010 
237 24.0847.E1    (0)   11 :  0.007 0.094 0.014 0.023 0.014 0.769 0.022 0.030 0.018 0.008 
238 24.0848.E1    (0)   11 :  0.004 0.029 0.010 0.034 0.005 0.810 0.040 0.012 0.016 0.041 
239 24.0849.E1    (0)   11 :  0.003 0.004 0.954 0.006 0.004 0.007 0.007 0.006 0.004 0.005 
240 24.0850.E1    (0)   11 :  0.003 0.004 0.953 0.006 0.004 0.008 0.007 0.006 0.004 0.005 
241 24.0851.E1    (0)   11 :  0.003 0.004 0.953 0.006 0.004 0.007 0.007 0.006 0.004 0.005 
242 24.0852.E1    (0)   11 :  0.005 0.008 0.733 0.050 0.012 0.105 0.027 0.011 0.006 0.044 
243 24.0853.E1    (0)   11 :  0.006 0.014 0.519 0.007 0.009 0.409 0.019 0.005 0.005 0.006 
244 24.0854.E1    (0)   11 :  0.005 0.008 0.321 0.018 0.009 0.020 0.018 0.010 0.586 0.006 
245 24.0855.E1    (0)   11 :  0.005 0.021 0.035 0.012 0.009 0.757 0.130 0.006 0.011 0.013 
246 24.0856.E1    (0)   11 :  0.074 0.008 0.018 0.021 0.032 0.030 0.317 0.058 0.384 0.059 
247 24.0857.E1    (0)   11 :  0.010 0.026 0.020 0.116 0.010 0.603 0.158 0.020 0.015 0.021 
248 24.0858.E1    (0)   11 :  0.005 0.015 0.061 0.035 0.017 0.654 0.081 0.016 0.023 0.093 
249 24.0859.E1    (0)   11 :  0.009 0.007 0.881 0.018 0.018 0.014 0.022 0.011 0.009 0.011 
250 24.0860.E1    (0)   11 :  0.043 0.008 0.049 0.310 0.045 0.060 0.369 0.025 0.032 0.060 
251 24.0861.E1    (0)   11 :  0.004 0.004 0.927 0.007 0.004 0.020 0.014 0.006 0.005 0.008 
252 24.0862.E1    (0)   11 :  0.018 0.009 0.012 0.043 0.007 0.021 0.850 0.016 0.008 0.016 
253 24.0863.E1    (0)   11 :  0.003 0.004 0.925 0.007 0.005 0.021 0.015 0.006 0.005 0.008 
254 24.0864.E1    (0)   11 :  0.008 0.330 0.087 0.156 0.007 0.146 0.021 0.173 0.013 0.058 
255 24.0865.E1    (0)   12 :  0.018 0.041 0.806 0.015 0.035 0.011 0.010 0.041 0.006 0.018 
256 24.0866.E1    (0)   12 :  0.006 0.294 0.020 0.219 0.025 0.113 0.083 0.025 0.020 0.196 
257 24.0867.E1    (0)   12 :  0.018 0.584 0.166 0.054 0.115 0.023 0.010 0.009 0.011 0.010 
258 24.0868.E1    (0)   12 :  0.029 0.349 0.007 0.051 0.020 0.086 0.020 0.011 0.016 0.410 
259 24.0869.E1    (0)   12 :  0.045 0.657 0.010 0.135 0.006 0.091 0.023 0.007 0.005 0.021 
260 24.0870.E1    (0)   12 :  0.109 0.209 0.010 0.100 0.025 0.133 0.019 0.125 0.015 0.255 
261 24.0871.E1    (0)   12 :  0.037 0.273 0.053 0.406 0.006 0.020 0.043 0.071 0.014 0.076 
262 24.0872.E1    (0)   12 :  0.007 0.140 0.331 0.341 0.094 0.007 0.014 0.012 0.014 0.041 
263 24.0873.E1    (0)   12 :  0.015 0.746 0.072 0.048 0.013 0.018 0.045 0.012 0.013 0.018 
264 24.0874.E1    (0)   12 :  0.007 0.336 0.200 0.119 0.187 0.061 0.039 0.009 0.024 0.017 
265 24.0875.E1    (0)   12 :  0.017 0.063 0.008 0.814 0.013 0.009 0.007 0.010 0.018 0.040 
266 24.0876.E1    (0)   12 :  0.009 0.196 0.006 0.659 0.020 0.005 0.006 0.071 0.010 0.018 
267 24.0877.E1    (0)   12 :  0.006 0.016 0.007 0.023 0.044 0.004 0.008 0.863 0.009 0.020 
268 24.0878.E1    (0)   12 :  0.008 0.084 0.007 0.012 0.010 0.056 0.010 0.763 0.023 0.027 
269 24.0879.E1    (0)   12 :  0.009 0.013 0.007 0.009 0.005 0.007 0.006 0.713 0.221 0.011 
270 24.0880.E1    (0)   12 :  0.014 0.225 0.018 0.021 0.014 0.514 0.012 0.035 0.076 0.071 
271 24.0881.E1    (0)   12 :  0.010 0.007 0.006 0.006 0.009 0.004 0.004 0.941 0.007 0.006 
272 24.0882.E1    (0)   12 :  0.009 0.017 0.013 0.020 0.677 0.008 0.006 0.221 0.009 0.020 
273 24.0883.E1    (0)   12 :  0.011 0.085 0.049 0.026 0.243 0.007 0.005 0.330 0.235 0.008 
274 24.0884.E1    (0)   12 :  0.007 0.010 0.010 0.008 0.029 0.004 0.006 0.903 0.014 0.009 
275 24.0885.E1    (0)   12 :  0.014 0.086 0.007 0.022 0.007 0.011 0.007 0.765 0.048 0.033 
276 24.0886.E1    (0)   12 :  0.004 0.094 0.041 0.124 0.209 0.005 0.009 0.401 0.098 0.013 
277 24.0887.E1    (0)   12 :  0.009 0.022 0.008 0.012 0.721 0.005 0.005 0.039 0.173 0.006 
278 24.0888.E1    (0)   12 :  0.007 0.013 0.009 0.082 0.005 0.008 0.035 0.022 0.013 0.806 


Estimated Allele Frequencies in each cluster
First column gives estimated ancestral frequencies


Locus 1 : 
31 alleles
0.0% missing data
 115   (0.035) 0.004 0.144 0.005 0.061 0.004 0.005 0.015 0.123 0.008 0.008 
 117   (0.044) 0.004 0.036 0.003 0.072 0.193 0.005 0.045 0.203 0.012 0.009 
 119   (0.039) 0.289 0.011 0.004 0.018 0.319 0.005 0.006 0.271 0.007 0.009 
 131   (0.013) 0.001 0.002 0.001 0.002 0.003 0.001 0.003 0.052 0.002 0.003 
 128   (0.035) 0.003 0.028 0.005 0.068 0.003 0.029 0.008 0.033 0.010 0.024 
 135   (0.017) 0.002 0.006 0.002 0.010 0.009 0.003 0.005 0.049 0.004 0.004 
 126   (0.083) 0.012 0.051 0.061 0.145 0.078 0.267 0.042 0.057 0.035 0.076 
 122   (0.035) 0.099 0.007 0.003 0.024 0.002 0.004 0.118 0.012 0.008 0.035 
 132   (0.032) 0.003 0.014 0.006 0.029 0.015 0.023 0.047 0.005 0.013 0.023 
 141   (0.011) 0.003 0.002 0.001 0.003 0.001 0.001 0.002 0.009 0.002 0.002 
 130   (0.050) 0.013 0.095 0.031 0.037 0.011 0.015 0.026 0.007 0.139 0.071 
 134   (0.039) 0.132 0.034 0.074 0.013 0.003 0.007 0.028 0.005 0.006 0.032 
 145   (0.018) 0.007 0.004 0.110 0.003 0.010 0.002 0.002 0.003 0.007 0.004 
 127   (0.025) 0.052 0.005 0.003 0.006 0.157 0.002 0.004 0.031 0.007 0.005 
 116   (0.103) 0.174 0.201 0.286 0.103 0.010 0.133 0.155 0.015 0.088 0.251 
 114   (0.060) 0.054 0.035 0.179 0.032 0.005 0.109 0.169 0.008 0.034 0.047 
 120   (0.038) 0.088 0.014 0.003 0.030 0.003 0.004 0.005 0.008 0.129 0.066 
 110   (0.049) 0.022 0.059 0.017 0.027 0.022 0.089 0.019 0.009 0.094 0.029 
 133   (0.016) 0.009 0.003 0.001 0.013 0.013 0.002 0.004 0.002 0.002 0.003 
 118   (0.111) 0.012 0.189 0.187 0.253 0.019 0.180 0.249 0.015 0.336 0.245 
 125   (0.015) 0.002 0.002 0.003 0.003 0.001 0.011 0.013 0.003 0.005 0.006 
 129   (0.019) 0.002 0.004 0.002 0.006 0.006 0.002 0.003 0.047 0.025 0.007 
 124   (0.016) 0.002 0.003 0.005 0.014 0.002 0.002 0.002 0.008 0.012 0.012 
 136   (0.019) 0.002 0.036 0.002 0.007 0.001 0.077 0.004 0.003 0.003 0.006 
 121   (0.016) 0.001 0.003 0.001 0.006 0.066 0.001 0.002 0.005 0.002 0.003 
 139   (0.010) 0.001 0.001 0.001 0.002 0.001 0.001 0.001 0.011 0.001 0.002 
 113   (0.009) 0.001 0.001 0.001 0.002 0.014 0.001 0.001 0.001 0.001 0.002 
 111   (0.009) 0.001 0.002 0.001 0.002 0.013 0.001 0.001 0.002 0.002 0.002 
 143   (0.011) 0.001 0.001 0.001 0.002 0.015 0.001 0.001 0.001 0.002 0.002 
 140   (0.014) 0.001 0.003 0.001 0.005 0.001 0.001 0.016 0.002 0.002 0.012 
 112   (0.010) 0.001 0.001 0.001 0.002 0.001 0.014 0.001 0.001 0.002 0.002 

Locus 2 : 
18 alleles
0.0% missing data
 152   (0.378) 0.393 0.495 0.303 0.547 0.798 0.184 0.524 0.642 0.367 0.288 
 148   (0.069) 0.227 0.190 0.007 0.062 0.020 0.009 0.011 0.144 0.037 0.030 
 154   (0.105) 0.257 0.187 0.017 0.081 0.032 0.271 0.081 0.040 0.034 0.083 
 156   (0.017) 0.002 0.002 0.002 0.003 0.001 0.002 0.011 0.013 0.005 0.006 
 150   (0.024) 0.066 0.003 0.002 0.005 0.048 0.002 0.004 0.008 0.005 0.005 
 164   (0.077) 0.010 0.029 0.092 0.032 0.013 0.046 0.088 0.076 0.018 0.152 
 158   (0.031) 0.014 0.016 0.009 0.013 0.008 0.004 0.010 0.010 0.186 0.007 
 160   (0.018) 0.002 0.010 0.002 0.004 0.019 0.002 0.003 0.002 0.003 0.014 
 166   (0.020) 0.004 0.003 0.002 0.029 0.001 0.002 0.025 0.003 0.003 0.014 
 151   (0.073) 0.007 0.011 0.307 0.039 0.005 0.436 0.032 0.009 0.221 0.206 
 147   (0.067) 0.006 0.024 0.202 0.136 0.005 0.031 0.170 0.009 0.067 0.114 
 168   (0.024) 0.003 0.006 0.028 0.016 0.002 0.002 0.007 0.004 0.005 0.017 
 153   (0.013) 0.001 0.002 0.013 0.003 0.001 0.001 0.002 0.002 0.002 0.016 
 149   (0.025) 0.002 0.015 0.002 0.018 0.011 0.002 0.003 0.003 0.039 0.008 
 162   (0.019) 0.002 0.003 0.009 0.005 0.003 0.002 0.024 0.008 0.003 0.009 
 167   (0.013) 0.001 0.001 0.001 0.002 0.001 0.001 0.002 0.024 0.002 0.002 
 146   (0.013) 0.001 0.002 0.001 0.002 0.030 0.001 0.002 0.002 0.002 0.002 
 172   (0.014) 0.001 0.002 0.001 0.004 0.001 0.001 0.002 0.002 0.002 0.024 

Locus 3 : 
4 alleles
0.0% missing data
 128   (0.295) 0.322 0.287 0.343 0.355 0.442 0.431 0.218 0.213 0.248 0.215 
 126   (0.612) 0.612 0.694 0.497 0.607 0.551 0.524 0.729 0.707 0.570 0.747 
 132   (0.079) 0.059 0.017 0.159 0.036 0.006 0.044 0.051 0.079 0.135 0.036 
 134   (0.014) 0.006 0.002 0.001 0.003 0.001 0.001 0.002 0.002 0.047 0.003 

Locus 4 : 
3 alleles
0.0% missing data
 170   (0.324) 0.418 0.154 0.143 0.331 0.290 0.445 0.327 0.311 0.200 0.382 
 172   (0.663) 0.571 0.843 0.854 0.667 0.707 0.553 0.671 0.687 0.798 0.615 
 171   (0.013) 0.011 0.003 0.003 0.002 0.002 0.002 0.002 0.002 0.002 0.003 

Locus 5 : 
37 alleles
0.0% missing data
 125   (0.055) 0.062 0.033 0.127 0.043 0.034 0.073 0.012 0.063 0.157 0.019 
 110   (0.036) 0.043 0.005 0.021 0.053 0.015 0.089 0.023 0.036 0.027 0.008 
 129   (0.032) 0.003 0.006 0.031 0.017 0.003 0.008 0.034 0.055 0.008 0.113 
 113   (0.030) 0.004 0.011 0.009 0.020 0.002 0.012 0.104 0.012 0.006 0.115 
 145   (0.053) 0.006 0.137 0.095 0.075 0.097 0.014 0.010 0.213 0.081 0.014 
 155   (0.054) 0.188 0.023 0.006 0.047 0.017 0.060 0.092 0.151 0.018 0.035 
 117   (0.030) 0.004 0.135 0.005 0.016 0.032 0.004 0.023 0.021 0.005 0.015 
 124   (0.010) 0.001 0.001 0.001 0.002 0.001 0.001 0.001 0.023 0.001 0.002 
 133   (0.034) 0.003 0.018 0.008 0.052 0.073 0.003 0.007 0.041 0.011 0.055 
 157   (0.048) 0.025 0.052 0.006 0.074 0.026 0.056 0.014 0.008 0.131 0.139 
 141   (0.016) 0.002 0.008 0.001 0.011 0.001 0.006 0.002 0.004 0.002 0.030 
 112   (0.072) 0.197 0.115 0.149 0.039 0.158 0.159 0.049 0.067 0.017 0.051 
 121   (0.019) 0.008 0.003 0.012 0.009 0.002 0.003 0.080 0.004 0.006 0.012 
 114   (0.038) 0.016 0.158 0.004 0.031 0.176 0.076 0.006 0.042 0.007 0.009 
 153   (0.052) 0.009 0.020 0.080 0.162 0.004 0.088 0.115 0.055 0.229 0.017 
 127   (0.073) 0.020 0.081 0.214 0.047 0.076 0.102 0.109 0.066 0.033 0.106 
 131   (0.060) 0.227 0.027 0.082 0.048 0.179 0.042 0.074 0.062 0.145 0.018 
 135   (0.033) 0.010 0.011 0.068 0.102 0.004 0.019 0.030 0.006 0.017 0.018 
 104   (0.009) 0.010 0.003 0.003 0.002 0.002 0.002 0.001 0.002 0.001 0.002 
 118   (0.018) 0.018 0.007 0.002 0.005 0.002 0.002 0.002 0.020 0.012 0.011 
 116   (0.024) 0.021 0.020 0.004 0.035 0.004 0.013 0.052 0.006 0.023 0.007 
 137   (0.024) 0.099 0.006 0.003 0.012 0.006 0.002 0.072 0.005 0.014 0.013 
 123   (0.022) 0.005 0.005 0.017 0.029 0.002 0.085 0.026 0.005 0.006 0.005 
 149   (0.009) 0.001 0.004 0.003 0.006 0.001 0.002 0.004 0.001 0.001 0.002 
 138   (0.011) 0.001 0.001 0.017 0.002 0.001 0.001 0.001 0.001 0.002 0.047 
 143   (0.028) 0.003 0.004 0.011 0.007 0.072 0.050 0.006 0.004 0.010 0.037 
 163   (0.008) 0.003 0.002 0.001 0.002 0.001 0.001 0.003 0.001 0.001 0.007 
 109   (0.009) 0.001 0.032 0.001 0.002 0.001 0.001 0.001 0.001 0.001 0.002 
 139   (0.009) 0.001 0.001 0.001 0.007 0.001 0.001 0.001 0.001 0.002 0.007 
 106   (0.008) 0.001 0.002 0.001 0.003 0.001 0.001 0.002 0.001 0.001 0.009 
 144   (0.014) 0.001 0.043 0.001 0.015 0.001 0.002 0.011 0.002 0.002 0.004 
 122   (0.010) 0.001 0.010 0.001 0.002 0.003 0.001 0.002 0.014 0.002 0.002 
 100   (0.016) 0.002 0.005 0.008 0.012 0.001 0.007 0.024 0.003 0.006 0.024 
 111   (0.009) 0.001 0.002 0.003 0.004 0.001 0.001 0.001 0.001 0.001 0.031 
 233   (0.010) 0.001 0.001 0.004 0.002 0.001 0.003 0.002 0.001 0.008 0.005 
 134   (0.008) 0.001 0.001 0.001 0.005 0.001 0.011 0.001 0.001 0.001 0.002 
 140   (0.009) 0.001 0.006 0.001 0.002 0.001 0.002 0.001 0.001 0.002 0.007 

Locus 6 : 
17 alleles
0.0% missing data
 221   (0.023) 0.002 0.003 0.002 0.004 0.088 0.002 0.003 0.142 0.003 0.004 
 232   (0.243) 0.100 0.258 0.745 0.291 0.426 0.264 0.337 0.155 0.265 0.288 
 229   (0.056) 0.067 0.019 0.017 0.052 0.055 0.090 0.013 0.097 0.015 0.012 
 223   (0.062) 0.007 0.070 0.007 0.031 0.009 0.071 0.024 0.097 0.115 0.045 
 230   (0.159) 0.163 0.227 0.048 0.179 0.301 0.239 0.079 0.069 0.115 0.219 
 235   (0.013) 0.001 0.002 0.001 0.002 0.001 0.001 0.002 0.071 0.002 0.002 
 236   (0.037) 0.032 0.008 0.023 0.049 0.006 0.004 0.012 0.085 0.012 0.015 
 227   (0.024) 0.002 0.009 0.002 0.014 0.003 0.002 0.003 0.061 0.007 0.012 
 220   (0.055) 0.185 0.033 0.074 0.079 0.004 0.029 0.135 0.008 0.014 0.023 
 222   (0.041) 0.257 0.017 0.003 0.054 0.003 0.006 0.163 0.005 0.006 0.042 
 234   (0.130) 0.165 0.273 0.015 0.137 0.058 0.148 0.095 0.096 0.288 0.115 
 224   (0.030) 0.003 0.005 0.002 0.011 0.002 0.074 0.006 0.004 0.121 0.032 
 228   (0.059) 0.007 0.055 0.056 0.069 0.004 0.031 0.045 0.012 0.013 0.176 
 225   (0.011) 0.001 0.002 0.001 0.002 0.001 0.001 0.013 0.003 0.001 0.002 
 226   (0.017) 0.002 0.002 0.001 0.004 0.001 0.032 0.065 0.003 0.002 0.003 
 233   (0.027) 0.003 0.014 0.002 0.018 0.038 0.003 0.004 0.053 0.014 0.006 
 231   (0.014) 0.001 0.005 0.001 0.004 0.001 0.001 0.002 0.040 0.006 0.003 

Locus 7 : 
10 alleles
0.0% missing data
 121   (0.688) 0.796 0.809 0.714 0.810 0.743 0.777 0.767 0.877 0.583 0.846 
 129   (0.094) 0.010 0.048 0.146 0.035 0.099 0.121 0.066 0.080 0.100 0.056 
 130   (0.015) 0.001 0.002 0.001 0.010 0.002 0.001 0.025 0.002 0.002 0.003 
 123   (0.100) 0.123 0.027 0.131 0.096 0.103 0.090 0.095 0.025 0.217 0.048 
 128   (0.020) 0.037 0.004 0.001 0.004 0.022 0.002 0.003 0.003 0.018 0.004 
 131   (0.015) 0.025 0.002 0.001 0.003 0.001 0.003 0.006 0.002 0.009 0.003 
 117   (0.012) 0.001 0.001 0.001 0.002 0.001 0.001 0.002 0.001 0.002 0.013 
 125   (0.013) 0.001 0.002 0.001 0.002 0.001 0.001 0.002 0.002 0.060 0.002 
 134   (0.031) 0.004 0.098 0.002 0.034 0.006 0.003 0.033 0.005 0.006 0.021 
 132   (0.012) 0.001 0.008 0.001 0.004 0.021 0.001 0.001 0.002 0.002 0.002 

Locus 8 : 
19 alleles
0.0% missing data
 184   (0.301) 0.517 0.483 0.445 0.475 0.325 0.269 0.290 0.483 0.505 0.361 
 194   (0.048) 0.018 0.094 0.009 0.022 0.022 0.013 0.011 0.030 0.034 0.044 
 178   (0.100) 0.182 0.081 0.029 0.047 0.060 0.288 0.140 0.214 0.026 0.061 
 176   (0.079) 0.010 0.070 0.121 0.116 0.217 0.010 0.081 0.047 0.041 0.080 
 182   (0.076) 0.009 0.043 0.022 0.073 0.209 0.047 0.151 0.038 0.023 0.133 
 190   (0.030) 0.071 0.005 0.002 0.022 0.048 0.018 0.027 0.005 0.006 0.006 
 196   (0.021) 0.002 0.005 0.017 0.004 0.001 0.065 0.004 0.005 0.003 0.017 
 200   (0.030) 0.004 0.008 0.002 0.016 0.011 0.003 0.009 0.016 0.052 0.030 
 180   (0.023) 0.070 0.003 0.002 0.005 0.002 0.003 0.004 0.009 0.117 0.004 
 188   (0.037) 0.008 0.043 0.081 0.011 0.003 0.057 0.006 0.030 0.009 0.011 
 174   (0.040) 0.024 0.067 0.004 0.062 0.037 0.004 0.011 0.016 0.035 0.015 
 186   (0.122) 0.052 0.070 0.237 0.122 0.056 0.130 0.227 0.088 0.081 0.204 
 192   (0.022) 0.013 0.003 0.007 0.005 0.003 0.082 0.004 0.010 0.015 0.007 
 201   (0.011) 0.013 0.001 0.001 0.002 0.001 0.001 0.001 0.001 0.010 0.002 
 199   (0.019) 0.002 0.002 0.002 0.004 0.001 0.002 0.018 0.002 0.028 0.015 
 185   (0.011) 0.001 0.002 0.016 0.002 0.001 0.001 0.002 0.001 0.002 0.002 
 203   (0.011) 0.001 0.015 0.001 0.002 0.001 0.001 0.002 0.001 0.002 0.002 
 198   (0.011) 0.001 0.003 0.001 0.007 0.001 0.001 0.008 0.001 0.001 0.003 
 209   (0.009) 0.001 0.001 0.001 0.003 0.001 0.004 0.004 0.001 0.012 0.002 

Locus 9 : 
6 alleles
0.4% missing data
 154   (0.684) 0.820 0.656 0.852 0.725 0.640 0.796 0.818 0.707 0.666 0.752 
 156   (0.208) 0.169 0.271 0.033 0.242 0.343 0.127 0.164 0.167 0.318 0.174 
 152   (0.053) 0.005 0.044 0.100 0.013 0.006 0.072 0.010 0.079 0.008 0.029 
 153   (0.014) 0.002 0.002 0.012 0.003 0.001 0.001 0.003 0.002 0.002 0.016 
 160   (0.014) 0.001 0.002 0.001 0.005 0.001 0.001 0.002 0.002 0.002 0.024 
 164   (0.027) 0.003 0.026 0.002 0.012 0.009 0.003 0.004 0.042 0.004 0.006 

Locus 10 : 
29 alleles
0.7% missing data
 305   (0.067) 0.224 0.012 0.008 0.018 0.009 0.010 0.160 0.108 0.013 0.105 
 313   (0.050) 0.006 0.009 0.006 0.030 0.006 0.009 0.057 0.154 0.011 0.049 
 311   (0.016) 0.002 0.002 0.001 0.007 0.002 0.003 0.002 0.018 0.005 0.004 
 299   (0.127) 0.045 0.038 0.148 0.121 0.036 0.166 0.071 0.275 0.018 0.218 
 315   (0.075) 0.080 0.018 0.006 0.079 0.103 0.021 0.015 0.089 0.019 0.129 
 287   (0.019) 0.003 0.003 0.002 0.005 0.002 0.002 0.004 0.006 0.798 0.005 
 291   (0.100) 0.067 0.421 0.011 0.071 0.019 0.476 0.096 0.106 0.016 0.069 
 295   (0.025) 0.004 0.118 0.002 0.106 0.002 0.002 0.004 0.034 0.003 0.007 
 289   (0.019) 0.003 0.002 0.002 0.088 0.002 0.002 0.078 0.003 0.003 0.006 
 303   (0.032) 0.023 0.006 0.632 0.007 0.512 0.003 0.005 0.007 0.004 0.009 
 297   (0.047) 0.006 0.119 0.015 0.016 0.085 0.041 0.116 0.016 0.007 0.012 
 293   (0.018) 0.002 0.002 0.001 0.159 0.001 0.001 0.003 0.006 0.002 0.005 
 301   (0.060) 0.157 0.070 0.019 0.018 0.007 0.007 0.014 0.071 0.009 0.083 
 285   (0.028) 0.258 0.004 0.002 0.006 0.003 0.002 0.220 0.004 0.004 0.011 
 307   (0.057) 0.041 0.068 0.005 0.025 0.195 0.098 0.008 0.011 0.010 0.053 
 312   (0.049) 0.056 0.038 0.016 0.144 0.004 0.088 0.010 0.007 0.009 0.053 
 306   (0.028) 0.004 0.016 0.002 0.008 0.002 0.012 0.004 0.013 0.005 0.067 
 320   (0.014) 0.001 0.002 0.001 0.002 0.001 0.001 0.002 0.002 0.001 0.026 
 317   (0.019) 0.002 0.002 0.104 0.003 0.001 0.002 0.003 0.017 0.002 0.005 
 314   (0.027) 0.003 0.004 0.002 0.006 0.002 0.002 0.004 0.035 0.033 0.015 
 323   (0.013) 0.001 0.002 0.001 0.004 0.001 0.001 0.002 0.002 0.008 0.008 
 325   (0.012) 0.001 0.002 0.001 0.004 0.001 0.001 0.002 0.002 0.008 0.008 
 310   (0.014) 0.001 0.003 0.001 0.021 0.001 0.037 0.002 0.002 0.002 0.004 
 309   (0.012) 0.001 0.029 0.001 0.004 0.001 0.001 0.002 0.002 0.001 0.003 
 316   (0.016) 0.002 0.002 0.003 0.004 0.001 0.005 0.003 0.003 0.002 0.032 
 296   (0.012) 0.001 0.002 0.005 0.004 0.001 0.001 0.002 0.002 0.002 0.008 
 304   (0.016) 0.002 0.002 0.001 0.005 0.001 0.002 0.067 0.002 0.002 0.004 
 321   (0.014) 0.002 0.002 0.001 0.018 0.001 0.001 0.023 0.002 0.002 0.003 
 332   (0.013) 0.001 0.002 0.001 0.019 0.001 0.001 0.022 0.002 0.001 0.002 

Locus 11 : 
19 alleles
0.0% missing data
 114   (0.152) 0.289 0.259 0.042 0.157 0.191 0.022 0.025 0.249 0.052 0.155 
 126   (0.021) 0.017 0.004 0.002 0.006 0.004 0.002 0.003 0.059 0.003 0.004 
 111   (0.095) 0.009 0.014 0.309 0.219 0.007 0.567 0.576 0.186 0.024 0.021 
 116   (0.111) 0.019 0.137 0.009 0.101 0.263 0.032 0.062 0.107 0.149 0.072 
 132   (0.012) 0.001 0.002 0.001 0.002 0.001 0.001 0.002 0.012 0.002 0.003 
 109   (0.015) 0.001 0.002 0.001 0.003 0.001 0.002 0.002 0.048 0.002 0.003 
 128   (0.016) 0.002 0.016 0.001 0.003 0.001 0.006 0.002 0.008 0.003 0.006 
 112   (0.313) 0.607 0.443 0.190 0.352 0.504 0.047 0.067 0.251 0.432 0.610 
 122   (0.017) 0.007 0.005 0.014 0.009 0.004 0.002 0.002 0.003 0.003 0.004 
 124   (0.013) 0.017 0.002 0.002 0.002 0.002 0.001 0.002 0.002 0.002 0.002 
 118   (0.054) 0.014 0.068 0.014 0.075 0.010 0.007 0.038 0.021 0.089 0.024 
 127   (0.012) 0.001 0.001 0.001 0.002 0.001 0.001 0.002 0.002 0.002 0.013 
 113   (0.050) 0.004 0.008 0.401 0.016 0.003 0.222 0.157 0.007 0.028 0.023 
 115   (0.030) 0.003 0.009 0.003 0.010 0.003 0.006 0.008 0.025 0.189 0.012 
 120   (0.022) 0.002 0.020 0.002 0.006 0.001 0.067 0.003 0.004 0.003 0.005 
 117   (0.021) 0.003 0.003 0.002 0.013 0.002 0.008 0.015 0.003 0.004 0.015 
 125   (0.019) 0.002 0.003 0.004 0.018 0.001 0.002 0.003 0.003 0.005 0.024 
 119   (0.014) 0.001 0.002 0.001 0.003 0.001 0.004 0.031 0.002 0.002 0.003 
 136   (0.011) 0.001 0.001 0.001 0.002 0.001 0.001 0.001 0.010 0.008 0.002 

Locus 12 : 
28 alleles
0.7% missing data
 306   (0.065) 0.221 0.011 0.008 0.020 0.009 0.011 0.220 0.107 0.010 0.067 
 314   (0.061) 0.007 0.008 0.017 0.021 0.007 0.079 0.051 0.140 0.023 0.048 
 312   (0.012) 0.001 0.001 0.001 0.002 0.001 0.001 0.001 0.026 0.001 0.002 
 300   (0.134) 0.046 0.039 0.149 0.121 0.036 0.163 0.071 0.292 0.019 0.220 
 316   (0.045) 0.076 0.006 0.004 0.012 0.100 0.020 0.009 0.084 0.005 0.011 
 288   (0.018) 0.002 0.002 0.002 0.004 0.002 0.002 0.004 0.005 0.783 0.004 
 292   (0.112) 0.068 0.420 0.012 0.083 0.020 0.468 0.106 0.109 0.017 0.072 
 296   (0.030) 0.005 0.120 0.005 0.111 0.003 0.003 0.005 0.035 0.004 0.012 
 290   (0.017) 0.003 0.002 0.002 0.088 0.001 0.001 0.078 0.002 0.003 0.006 
 304   (0.033) 0.023 0.006 0.634 0.007 0.513 0.003 0.005 0.007 0.004 0.009 
 298   (0.051) 0.007 0.119 0.015 0.016 0.085 0.041 0.117 0.017 0.007 0.012 
 294   (0.014) 0.002 0.002 0.001 0.159 0.001 0.001 0.002 0.006 0.002 0.004 
 302   (0.064) 0.157 0.070 0.019 0.018 0.008 0.007 0.014 0.072 0.010 0.084 
 286   (0.028) 0.258 0.004 0.002 0.006 0.003 0.002 0.237 0.004 0.004 0.011 
 308   (0.034) 0.040 0.016 0.003 0.015 0.190 0.003 0.005 0.007 0.006 0.043 
 313   (0.040) 0.059 0.042 0.005 0.153 0.003 0.007 0.006 0.007 0.006 0.063 
 307   (0.045) 0.005 0.069 0.004 0.016 0.004 0.114 0.007 0.013 0.006 0.074 
 321   (0.013) 0.001 0.002 0.001 0.002 0.001 0.001 0.002 0.002 0.001 0.026 
 315   (0.051) 0.007 0.015 0.013 0.061 0.004 0.005 0.008 0.040 0.055 0.129 
 318   (0.018) 0.002 0.002 0.096 0.003 0.001 0.004 0.004 0.005 0.002 0.006 
 324   (0.013) 0.001 0.002 0.001 0.004 0.001 0.001 0.002 0.002 0.008 0.008 
 326   (0.012) 0.001 0.002 0.001 0.004 0.001 0.001 0.002 0.002 0.008 0.008 
 311   (0.021) 0.002 0.004 0.002 0.037 0.002 0.057 0.003 0.006 0.007 0.007 
 310   (0.013) 0.001 0.029 0.001 0.004 0.001 0.001 0.002 0.002 0.002 0.003 
 305   (0.014) 0.001 0.002 0.001 0.002 0.001 0.001 0.002 0.002 0.001 0.038 
 317   (0.015) 0.002 0.002 0.001 0.003 0.001 0.001 0.002 0.002 0.002 0.026 
 320   (0.014) 0.001 0.002 0.001 0.010 0.001 0.001 0.011 0.002 0.002 0.003 
 322   (0.014) 0.001 0.002 0.001 0.018 0.001 0.001 0.023 0.002 0.002 0.003 

Locus 13 : 
7 alleles
1.1% missing data
 161   (0.589) 0.064 0.842 0.482 0.684 0.889 0.413 0.482 0.659 0.443 0.550 
 163   (0.305) 0.032 0.124 0.451 0.287 0.027 0.571 0.390 0.252 0.539 0.428 
 160   (0.017) 0.447 0.002 0.001 0.005 0.001 0.001 0.002 0.002 0.003 0.003 
 162   (0.015) 0.450 0.002 0.001 0.003 0.001 0.001 0.002 0.002 0.002 0.003 
 165   (0.044) 0.004 0.025 0.062 0.011 0.003 0.011 0.120 0.078 0.009 0.010 
 166   (0.014) 0.001 0.003 0.001 0.007 0.003 0.001 0.002 0.004 0.002 0.003 
 164   (0.015) 0.001 0.002 0.001 0.002 0.075 0.001 0.002 0.002 0.002 0.003 

Locus 14 : 
4 alleles
0.4% missing data
  98   (0.957) 0.996 0.990 0.987 0.986 0.985 0.996 0.994 0.988 0.993 0.980 
 100   (0.013) 0.001 0.002 0.006 0.002 0.001 0.001 0.002 0.002 0.003 0.009 
  96   (0.017) 0.002 0.005 0.002 0.007 0.013 0.001 0.002 0.008 0.002 0.003 
 105   (0.013) 0.001 0.002 0.005 0.005 0.001 0.001 0.002 0.002 0.002 0.008 

Locus 15 : 
12 alleles
2.2% missing data
 171   (0.308) 0.222 0.190 0.309 0.315 0.179 0.359 0.284 0.418 0.433 0.392 
 177   (0.184) 0.359 0.323 0.076 0.245 0.050 0.094 0.111 0.183 0.227 0.155 
 173   (0.263) 0.090 0.284 0.501 0.312 0.069 0.495 0.505 0.283 0.145 0.247 
 179   (0.106) 0.311 0.048 0.098 0.052 0.571 0.011 0.052 0.071 0.160 0.093 
 183   (0.020) 0.002 0.003 0.006 0.004 0.009 0.002 0.010 0.027 0.008 0.007 
 181   (0.036) 0.004 0.010 0.003 0.007 0.116 0.031 0.007 0.006 0.005 0.067 
 197   (0.013) 0.001 0.083 0.001 0.002 0.001 0.001 0.002 0.002 0.002 0.003 
 170   (0.013) 0.002 0.003 0.001 0.020 0.001 0.001 0.002 0.002 0.005 0.009 
 189   (0.014) 0.005 0.003 0.001 0.005 0.001 0.001 0.006 0.003 0.002 0.017 
 203   (0.014) 0.001 0.049 0.001 0.003 0.001 0.001 0.002 0.002 0.002 0.003 
 187   (0.016) 0.002 0.002 0.001 0.025 0.001 0.001 0.008 0.002 0.011 0.004 
 198   (0.012) 0.001 0.002 0.001 0.010 0.001 0.001 0.011 0.002 0.002 0.002 

Values of parameters used in structure:
DATAFILE=STRUCTURE_main_final_278_HEG_ZG.str,	OUTFILE=STRUCTURE_main_final_278_HEG_ZG-K10-11,	NUMINDS=278,	NUMLOCI=15,	MISSING=-9,	LABEL=1,	POPDATA=1,	POPFLAG=0,	PHENOTYPE=0,	EXTRACOLS=0,	MAXPOPS=10,	BURNIN=100000,	NUMREPS=500000,	USEPOPINFO=0,	INFERALPHA=1,	INFERLAMBDA=0,	POPSPECIFICLAMBDA=0,	POPALPHAS=0,	COMPUTEPROB=1,	NOADMIX=0,	ADMBURNIN=2500,	UPDATEFREQ=1,	PRINTLIKES=0,	INTERMEDSAVE=0,	PRINTKLD=0,	PRINTNET=0,	PRINTLAMBDA=0,	ANCESTDIST=0,	NUMBOXES=1000,	ANCESTPINT=0.90000,	GENSBACK=2,	MIGRPRIOR=0.05000,	PRINTQHAT=0,	PRINTQSUM=0,	ALPHA=1.0000,	FREQSCORR=1,	FPRIORMEAN=0.0100,	FPRIORSD=0.0500,	ONEFST=0,	LAMBDA=1.0000,	UNIFPRIORALPHA=1,	ALPHAMAX=10.0000,	ALPHAPRIORA=1.0000,	ALPHAPRIORB=2.0000,	ALPHAPROPSD=0.0250,	STARTATPOPINFO=0,	RANDOMIZE=1,	LINKAGE=0,	METROFREQ=10,	REPORTHITRATE=0,	MARKOVPHASE=-1,	PHASED=0,	PLOIDY=2,	PHASEINFO=0	LOCPRIOR=0, 	LOCPRIORINIT=1.000000, 	LOCDATA=0, 	LOCISPOP=0, 	LOCPRIORSTEP=0.100000, 	MAXLOCPRIOR=20.000000, 	SEED=1782485004,	
[STRAT parameters]:    NUMSIMSTATS=1000,	PHENOTYPECOL=-9,	POOLFREQ=10,	LOCUSxONLY=0,	EMERROR=0.00100,	MISSINGPHENO=-9,	