

----------------------------------------------------
STRUCTURE by Pritchard, Stephens and Donnelly (2000)
     and Falush, Stephens and Pritchard (2003)
       Code by Pritchard, Falush and Hubisz
             Version 2.3.4 (Jul 2012)
----------------------------------------------------



Command line arguments:   structure -K 7 -i STRUCTURE_main_final_278_HEG_ZG.str -o STRUCTURE_main_final_278_HEG_ZG-K7-19 
Input File:    STRUCTURE_main_final_278_HEG_ZG.str

Run parameters:
   278 individuals
   15 loci
   7 populations assumed
   100000 Burn-in period
   500000 Reps


--------------------------------------------
Proportion of membership of each pre-defined
 population in each of the 7 clusters

Given    Inferred Clusters                                   Number of
 Pop       1      2      3      4      5      6      7      Individuals

  1:     0.072  0.079  0.017  0.670  0.073  0.014  0.075       24
  2:     0.090  0.026  0.036  0.031  0.059  0.701  0.058       24
  3:     0.028  0.109  0.536  0.032  0.032  0.025  0.237       24
  4:     0.065  0.060  0.156  0.086  0.550  0.035  0.047       24
  5:     0.067  0.043  0.409  0.048  0.247  0.044  0.142       24
  6:     0.240  0.032  0.065  0.449  0.142  0.042  0.030       24
  7:     0.741  0.015  0.026  0.073  0.086  0.029  0.029       24
  8:     0.019  0.074  0.720  0.041  0.075  0.019  0.052       14
  9:     0.011  0.327  0.069  0.078  0.048  0.173  0.294       24
 10:     0.058  0.762  0.043  0.020  0.020  0.011  0.088       24
 11:     0.022  0.690  0.029  0.038  0.047  0.028  0.146       24
 12:     0.146  0.045  0.109  0.242  0.347  0.021  0.091       24
--------------------------------------------

Allele-freq. divergence among pops (Net nucleotide distance),
computed using point estimates of P.

      1       2       3       4       5       6       7      
 1      -    0.1196  0.0805  0.0694  0.0672  0.1072  0.0892  
 2   0.1196     -    0.0469  0.0567  0.0647  0.1071  0.0599  
 3   0.0805  0.0469     -    0.0368  0.0372  0.0667  0.0433  
 4   0.0694  0.0567  0.0368     -    0.0349  0.0672  0.0462  
 5   0.0672  0.0647  0.0372  0.0349     -    0.0768  0.0486  
 6   0.1072  0.1071  0.0667  0.0672  0.0768     -    0.0896  
 7   0.0892  0.0599  0.0433  0.0462  0.0486  0.0896     -    

Average distances (expected heterozygosity) between individuals in same cluster:
cluster  1  : 0.5393 
cluster  2  : 0.6168 
cluster  3  : 0.6318 
cluster  4  : 0.6191 
cluster  5  : 0.6038 
cluster  6  : 0.6097 
cluster  7  : 0.6288 

--------------------------------------------
Estimated Ln Prob of Data   = -12622.1
Mean value of ln likelihood = -12042.8
Variance of ln likelihood   = 1158.5
Mean value of alpha         = 0.0668

Mean value of Fst_1         = 0.1968
Mean value of Fst_2         = 0.1397
Mean value of Fst_3         = 0.0535
Mean value of Fst_4         = 0.0885
Mean value of Fst_5         = 0.0923
Mean value of Fst_6         = 0.1902
Mean value of Fst_7         = 0.1048


Inferred ancestry of individuals:
        Label (%Miss) Pop:  Inferred clusters
  1 24.0601.E1    (0)    1 :  0.017 0.011 0.008 0.927 0.012 0.012 0.012 
  2 24.0602.E1    (0)    1 :  0.011 0.013 0.014 0.927 0.009 0.006 0.019 
  3 24.0603.E1    (0)    1 :  0.029 0.013 0.047 0.863 0.031 0.007 0.011 
  4 24.0604.E1    (0)    1 :  0.008 0.028 0.006 0.529 0.202 0.010 0.217 
  5 24.0605.E1    (0)    1 :  0.042 0.012 0.016 0.870 0.035 0.010 0.015 
  6 24.0606.E1    (0)    1 :  0.024 0.021 0.013 0.748 0.169 0.014 0.010 
  7 24.0607.E1    (0)    1 :  0.176 0.020 0.035 0.221 0.019 0.011 0.517 
  8 24.0608.E1    (0)    1 :  0.136 0.064 0.015 0.760 0.010 0.005 0.010 
  9 24.0609.E1    (0)    1 :  0.007 0.375 0.027 0.200 0.365 0.006 0.020 
 10 24.0610.E1    (0)    1 :  0.010 0.195 0.022 0.404 0.354 0.007 0.008 
 11 24.0611.E1    (0)    1 :  0.007 0.034 0.010 0.870 0.060 0.009 0.009 
 12 24.0612.E1    (0)    1 :  0.017 0.007 0.010 0.930 0.009 0.010 0.016 
 13 24.0613.E1    (0)    1 :  0.007 0.025 0.007 0.798 0.147 0.009 0.008 
 14 24.0614.E1    (0)    1 :  0.370 0.180 0.018 0.383 0.020 0.012 0.017 
 15 24.0615.E1    (0)    1 :  0.035 0.100 0.012 0.778 0.014 0.015 0.045 
 16 24.0616.E1    (0)    1 :  0.007 0.012 0.008 0.934 0.011 0.013 0.015 
 17 24.0617.E1    (0)    1 :  0.025 0.476 0.013 0.409 0.035 0.029 0.013 
 18 24.0618.E1    (0)    1 :  0.007 0.150 0.035 0.719 0.059 0.018 0.011 
 19 24.0619.E1    (0)    1 :  0.007 0.009 0.009 0.632 0.021 0.017 0.306 
 20 24.0620.E1   (20)    1 :  0.735 0.038 0.023 0.069 0.091 0.016 0.029 
 21 24.0621.E1    (0)    1 :  0.008 0.071 0.014 0.442 0.019 0.007 0.438 
 22 24.0622.E1    (0)    1 :  0.012 0.009 0.020 0.906 0.026 0.020 0.007 
 23 24.0623.E1    (0)    1 :  0.020 0.024 0.018 0.820 0.021 0.068 0.030 
 24 24.0624.E1    (0)    1 :  0.008 0.012 0.008 0.949 0.009 0.008 0.006 
 25 24.0625.E1    (0)    2 :  0.181 0.036 0.043 0.023 0.055 0.641 0.020 
 26 24.0626.E1    (0)    2 :  0.132 0.009 0.015 0.007 0.006 0.824 0.008 
 27 24.0627.E1    (0)    2 :  0.030 0.008 0.009 0.011 0.054 0.452 0.436 
 28 24.0628.E1    (0)    2 :  0.242 0.095 0.062 0.036 0.205 0.348 0.012 
 29 24.0629.E1    (0)    2 :  0.008 0.020 0.031 0.112 0.016 0.796 0.016 
 30 24.0630.E1    (0)    2 :  0.155 0.010 0.009 0.007 0.012 0.798 0.009 
 31 24.0631.E1    (0)    2 :  0.007 0.004 0.006 0.010 0.005 0.964 0.005 
 32 24.0632.E1    (0)    2 :  0.062 0.009 0.012 0.012 0.012 0.880 0.013 
 33 24.0633.E1    (0)    2 :  0.237 0.076 0.140 0.024 0.053 0.460 0.011 
 34 24.0634.E1    (0)    2 :  0.010 0.014 0.012 0.014 0.014 0.926 0.010 
 35 24.0635.E1    (0)    2 :  0.037 0.047 0.282 0.040 0.031 0.537 0.025 
 36 24.0636.E1   (33)    2 :  0.765 0.011 0.028 0.037 0.088 0.051 0.020 
 37 24.0637.E1    (0)    2 :  0.010 0.004 0.007 0.006 0.007 0.960 0.006 
 38 24.0638.E1    (0)    2 :  0.007 0.007 0.089 0.013 0.068 0.801 0.016 
 39 24.0639.E1    (0)    2 :  0.025 0.076 0.019 0.092 0.011 0.727 0.049 
 40 24.0640.E1    (0)    2 :  0.009 0.007 0.009 0.012 0.008 0.949 0.006 
 41 24.0641.E1    (0)    2 :  0.027 0.019 0.035 0.144 0.014 0.378 0.383 
 42 24.0642.E1    (0)    2 :  0.050 0.006 0.011 0.068 0.321 0.535 0.009 
 43 24.0643.E1    (0)    2 :  0.100 0.012 0.017 0.014 0.015 0.560 0.282 
 44 24.0644.E1    (0)    2 :  0.008 0.063 0.009 0.014 0.065 0.829 0.012 
 45 24.0645.E1    (0)    2 :  0.022 0.018 0.007 0.013 0.277 0.653 0.010 
 46 24.0646.E1    (0)    2 :  0.008 0.063 0.009 0.014 0.065 0.829 0.012 
 47 24.0647.E1    (0)    2 :  0.010 0.004 0.007 0.006 0.007 0.960 0.006 
 48 24.0648.E1    (0)    2 :  0.010 0.004 0.007 0.006 0.007 0.960 0.006 
 49 24.0649.E1    (0)    3 :  0.005 0.033 0.917 0.007 0.014 0.011 0.014 
 50 24.0650.E1    (0)    3 :  0.005 0.567 0.031 0.019 0.362 0.005 0.011 
 51 24.0651.E1    (0)    3 :  0.018 0.020 0.585 0.011 0.019 0.313 0.033 
 52 24.0652.E1    (0)    3 :  0.008 0.045 0.863 0.020 0.008 0.005 0.052 
 53 24.0653.E1    (0)    3 :  0.008 0.021 0.052 0.008 0.014 0.008 0.890 
 54 24.0654.E1    (0)    3 :  0.007 0.085 0.857 0.008 0.010 0.009 0.024 
 55 24.0655.E1    (0)    3 :  0.013 0.069 0.733 0.118 0.020 0.034 0.014 
 56 24.0656.E1    (0)    3 :  0.055 0.058 0.821 0.011 0.016 0.006 0.032 
 57 24.0657.E1    (0)    3 :  0.050 0.053 0.834 0.010 0.016 0.006 0.030 
 58 24.0658.E1    (0)    3 :  0.009 0.093 0.776 0.021 0.059 0.008 0.033 
 59 24.0659.E1    (0)    3 :  0.005 0.078 0.607 0.045 0.017 0.020 0.227 
 60 24.0660.E1    (6)    3 :  0.008 0.010 0.907 0.023 0.018 0.018 0.015 
 61 24.0661.E1    (0)    3 :  0.160 0.219 0.537 0.010 0.009 0.009 0.055 
 62 24.0662.E1    (0)    3 :  0.017 0.183 0.319 0.294 0.021 0.074 0.093 
 63 24.0663.E1    (0)    3 :  0.009 0.882 0.039 0.008 0.040 0.011 0.011 
 64 24.0664.E1    (0)    3 :  0.041 0.038 0.878 0.008 0.010 0.007 0.019 
 65 24.0665.E1    (0)    3 :  0.214 0.018 0.692 0.008 0.021 0.008 0.039 
 66 24.0666.E1    (0)    3 :  0.007 0.012 0.026 0.013 0.016 0.009 0.917 
 67 24.0667.E1    (0)    3 :  0.006 0.010 0.061 0.014 0.010 0.006 0.892 
 68 24.0668.E1    (0)    3 :  0.005 0.007 0.010 0.005 0.006 0.006 0.961 
 69 24.0669.E1    (0)    3 :  0.005 0.006 0.009 0.005 0.006 0.006 0.961 
 70 24.0670.E1    (0)    3 :  0.007 0.048 0.890 0.014 0.006 0.005 0.031 
 71 24.0671.E1    (0)    3 :  0.010 0.052 0.883 0.013 0.016 0.013 0.013 
 72 24.0672.E1    (0)    3 :  0.007 0.011 0.538 0.073 0.040 0.009 0.323 
 73 24.0673.E1    (6)    4 :  0.467 0.083 0.052 0.151 0.212 0.023 0.012 
 74 24.0674.E1    (0)    4 :  0.040 0.016 0.009 0.062 0.856 0.010 0.006 
 75 24.0675.E1    (0)    4 :  0.041 0.110 0.024 0.027 0.754 0.031 0.012 
 76 24.0676.E1    (0)    4 :  0.022 0.111 0.027 0.014 0.807 0.010 0.008 
 77 24.0677.E1    (0)    4 :  0.018 0.188 0.549 0.079 0.048 0.006 0.111 
 78 24.0678.E1    (0)    4 :  0.016 0.012 0.211 0.557 0.025 0.047 0.133 
 79 24.0679.E1    (0)    4 :  0.010 0.094 0.506 0.135 0.210 0.014 0.031 
 80 24.0680.E1    (0)    4 :  0.014 0.014 0.678 0.046 0.091 0.018 0.139 
 81 24.0681.E1    (0)    4 :  0.022 0.011 0.231 0.048 0.661 0.011 0.015 
 82 24.0682.E1    (0)    4 :  0.006 0.005 0.005 0.006 0.965 0.006 0.006 
 83 24.0683.E1    (0)    4 :  0.144 0.009 0.009 0.068 0.750 0.008 0.011 
 84 24.0684.E1    (0)    4 :  0.040 0.028 0.029 0.155 0.706 0.023 0.020 
 85 24.0685.E1    (0)    4 :  0.025 0.011 0.011 0.016 0.896 0.012 0.031 
 86 24.0686.E1    (0)    4 :  0.017 0.018 0.447 0.251 0.075 0.165 0.027 
 87 24.0687.E1    (0)    4 :  0.026 0.030 0.317 0.200 0.111 0.302 0.014 
 88 24.0688.E1    (0)    4 :  0.008 0.005 0.010 0.008 0.953 0.008 0.007 
 89 24.0689.E1    (0)    4 :  0.055 0.558 0.105 0.048 0.197 0.023 0.013 
 90 24.0690.E1    (0)    4 :  0.039 0.011 0.334 0.034 0.075 0.059 0.447 
 91 24.0691.E1    (0)    4 :  0.009 0.015 0.012 0.025 0.921 0.010 0.008 
 92 24.0692.E1    (0)    4 :  0.011 0.012 0.042 0.007 0.912 0.006 0.010 
 93 24.0693.E1    (0)    4 :  0.502 0.071 0.082 0.015 0.305 0.011 0.015 
 94 24.0694.E1    (0)    4 :  0.012 0.006 0.012 0.010 0.939 0.007 0.014 
 95 24.0695.E1    (0)    4 :  0.010 0.020 0.019 0.082 0.840 0.008 0.022 
 96 24.0696.E1    (0)    4 :  0.011 0.012 0.013 0.032 0.900 0.016 0.014 
 97 24.0697.E1    (0)    5 :  0.178 0.033 0.521 0.010 0.221 0.017 0.020 
 98 24.0698.E1    (0)    5 :  0.188 0.105 0.449 0.045 0.067 0.025 0.121 
 99 24.0699.E1    (0)    5 :  0.015 0.014 0.776 0.059 0.010 0.022 0.104 
100 24.0700.E1    (0)    5 :  0.013 0.011 0.881 0.011 0.062 0.008 0.014 
101 24.0701.E1    (0)    5 :  0.049 0.014 0.015 0.011 0.012 0.012 0.887 
102 24.0702.E1    (0)    5 :  0.056 0.011 0.806 0.021 0.045 0.019 0.041 
103 24.0703.E1    (0)    5 :  0.011 0.022 0.663 0.024 0.015 0.167 0.097 
104 24.0704.E1    (6)    5 :  0.016 0.015 0.545 0.044 0.028 0.032 0.320 
105 24.0705.E1    (0)    5 :  0.010 0.012 0.059 0.023 0.859 0.013 0.025 
106 24.0706.E1    (0)    5 :  0.018 0.021 0.804 0.011 0.091 0.011 0.046 
107 24.0707.E1    (0)    5 :  0.025 0.008 0.758 0.064 0.084 0.036 0.024 
108 24.0708.E1    (0)    5 :  0.027 0.395 0.029 0.163 0.056 0.302 0.027 
109 24.0709.E1    (0)    5 :  0.009 0.029 0.015 0.011 0.910 0.012 0.015 
110 24.0710.E1    (0)    5 :  0.044 0.072 0.208 0.138 0.354 0.012 0.172 
111 24.0711.E1    (0)    5 :  0.026 0.012 0.471 0.148 0.152 0.070 0.121 
112 24.0712.E1    (0)    5 :  0.026 0.010 0.047 0.033 0.053 0.056 0.776 
113 24.0713.E1    (0)    5 :  0.024 0.038 0.234 0.013 0.657 0.011 0.024 
114 24.0714.E1    (0)    5 :  0.014 0.032 0.759 0.084 0.047 0.026 0.038 
115 24.0715.E1    (0)    5 :  0.554 0.042 0.150 0.060 0.154 0.009 0.030 
116 24.0716.E1    (0)    5 :  0.024 0.053 0.323 0.102 0.031 0.069 0.398 
117 24.0717.E1    (0)    5 :  0.240 0.036 0.567 0.021 0.035 0.075 0.026 
118 24.0718.E1    (0)    5 :  0.017 0.011 0.596 0.030 0.279 0.028 0.039 
119 24.0719.E1    (0)    5 :  0.008 0.019 0.018 0.008 0.905 0.017 0.025 
120 24.0720.E1    (0)    5 :  0.009 0.015 0.132 0.016 0.798 0.014 0.018 
121 24.0721.E1    (0)    6 :  0.605 0.070 0.152 0.015 0.111 0.033 0.014 
122 24.0722.E1    (0)    6 :  0.544 0.016 0.044 0.032 0.099 0.223 0.041 
123 24.0723.E1    (0)    6 :  0.390 0.134 0.043 0.034 0.020 0.369 0.011 
124 24.0724.E1    (0)    6 :  0.097 0.169 0.029 0.282 0.370 0.034 0.018 
125 24.0725.E1    (0)    6 :  0.010 0.008 0.028 0.923 0.014 0.009 0.009 
126 24.0726.E1    (6)    6 :  0.109 0.011 0.042 0.597 0.218 0.013 0.010 
127 24.0727.E1    (0)    6 :  0.415 0.041 0.042 0.426 0.030 0.017 0.028 
128 24.0728.E1    (0)    6 :  0.233 0.025 0.161 0.509 0.027 0.032 0.013 
129 24.0729.E1    (0)    6 :  0.052 0.019 0.017 0.555 0.308 0.019 0.029 
130 24.0730.E1    (0)    6 :  0.091 0.054 0.596 0.133 0.056 0.015 0.055 
131 24.0731.E1    (0)    6 :  0.081 0.012 0.013 0.180 0.691 0.016 0.007 
132 24.0732.E1    (0)    6 :  0.763 0.005 0.045 0.060 0.102 0.012 0.014 
133 24.0733.E1    (0)    6 :  0.025 0.006 0.006 0.940 0.010 0.006 0.005 
134 24.0734.E1    (0)    6 :  0.824 0.012 0.057 0.057 0.014 0.024 0.012 
135 24.0735.E1    (0)    6 :  0.175 0.022 0.064 0.657 0.022 0.046 0.014 
136 24.0736.E1    (0)    6 :  0.037 0.008 0.010 0.919 0.010 0.009 0.007 
137 24.0737.E1    (0)    6 :  0.010 0.013 0.026 0.890 0.017 0.035 0.009 
138 24.0738.E1    (0)    6 :  0.035 0.009 0.021 0.899 0.012 0.012 0.013 
139 24.0739.E1    (0)    6 :  0.008 0.009 0.034 0.910 0.014 0.017 0.008 
140 24.0740.E1    (0)    6 :  0.017 0.016 0.021 0.508 0.402 0.018 0.020 
141 24.0741.E1    (0)    6 :  0.392 0.013 0.049 0.332 0.186 0.018 0.010 
142 24.0742.E1    (0)    6 :  0.616 0.012 0.014 0.299 0.035 0.014 0.010 
143 24.0743.E1    (0)    6 :  0.047 0.034 0.016 0.413 0.453 0.006 0.031 
144 24.0744.E1    (0)    6 :  0.190 0.042 0.030 0.219 0.180 0.017 0.323 
145 24.0745.E1    (0)    7 :  0.897 0.011 0.018 0.006 0.029 0.006 0.033 
146 24.0746.E1    (0)    7 :  0.603 0.014 0.038 0.104 0.083 0.110 0.047 
147 24.0747.E1    (0)    7 :  0.616 0.021 0.014 0.026 0.300 0.008 0.014 
148 24.0748.E1    (6)    7 :  0.520 0.028 0.015 0.030 0.383 0.009 0.015 
149 24.0749.E1    (0)    7 :  0.696 0.010 0.010 0.251 0.011 0.010 0.012 
150 24.0750.E1    (0)    7 :  0.254 0.030 0.079 0.256 0.316 0.022 0.042 
151 24.0751.E1    (0)    7 :  0.954 0.006 0.007 0.012 0.007 0.008 0.007 
152 24.0752.E1    (0)    7 :  0.858 0.012 0.012 0.082 0.017 0.008 0.011 
153 24.0753.E1    (0)    7 :  0.545 0.007 0.010 0.293 0.016 0.117 0.013 
154 24.0754.E1    (0)    7 :  0.904 0.008 0.012 0.026 0.026 0.017 0.008 
155 24.0755.E1    (0)    7 :  0.701 0.035 0.023 0.018 0.189 0.019 0.016 
156 24.0756.E1    (0)    7 :  0.922 0.018 0.006 0.023 0.009 0.010 0.013 
157 24.0757.E1    (0)    7 :  0.970 0.004 0.005 0.005 0.006 0.005 0.005 
158 24.0758.E1    (0)    7 :  0.969 0.004 0.005 0.005 0.006 0.005 0.005 
159 24.0759.E1    (0)    7 :  0.921 0.007 0.013 0.030 0.010 0.007 0.011 
160 24.0760.E1    (0)    7 :  0.633 0.007 0.053 0.017 0.034 0.243 0.014 
161 24.0761.E1    (0)    7 :  0.958 0.006 0.006 0.008 0.006 0.011 0.005 
162 24.0762.E1    (0)    7 :  0.056 0.044 0.247 0.245 0.061 0.012 0.336 
163 24.0763.E1    (0)    7 :  0.952 0.005 0.007 0.009 0.015 0.006 0.005 
164 24.0764.E1    (0)    7 :  0.941 0.006 0.009 0.022 0.007 0.009 0.007 
165 24.0765.E1    (0)    7 :  0.905 0.015 0.010 0.012 0.020 0.028 0.010 
166 24.0766.E1    (0)    7 :  0.950 0.006 0.007 0.011 0.010 0.008 0.007 
167 24.0767.E1    (0)    7 :  0.962 0.006 0.005 0.008 0.009 0.005 0.005 
168 24.0768.E1    (0)    7 :  0.105 0.058 0.024 0.253 0.502 0.007 0.052 
169 24.0779.E1    (0)    8 :  0.085 0.014 0.782 0.034 0.046 0.010 0.029 
170 24.0780.E1    (6)    8 :  0.006 0.248 0.672 0.010 0.047 0.008 0.009 
171 24.0781.E1    (0)    8 :  0.007 0.009 0.947 0.006 0.018 0.006 0.007 
172 24.0782.E1    (0)    8 :  0.041 0.046 0.205 0.209 0.413 0.069 0.016 
173 24.0783.E1    (0)    8 :  0.009 0.241 0.588 0.014 0.099 0.017 0.032 
174 24.0784.E1    (0)    8 :  0.006 0.044 0.872 0.012 0.050 0.008 0.007 
175 24.0785.E1    (0)    8 :  0.005 0.081 0.863 0.009 0.015 0.006 0.020 
176 24.0786.E1    (0)    8 :  0.016 0.140 0.601 0.036 0.182 0.011 0.015 
177 24.0787.E1    (0)    8 :  0.019 0.011 0.873 0.017 0.019 0.050 0.010 
178 24.0788.E1    (0)    8 :  0.010 0.108 0.794 0.007 0.054 0.019 0.009 
179 24.0789.E1    (0)    8 :  0.009 0.045 0.822 0.059 0.014 0.039 0.013 
180 24.0790.E1    (0)    8 :  0.005 0.013 0.948 0.005 0.009 0.010 0.009 
181 24.0791.E1    (0)    8 :  0.010 0.013 0.265 0.137 0.029 0.006 0.539 
182 24.0792.E1    (0)    8 :  0.039 0.028 0.844 0.013 0.050 0.006 0.019 
183 24.0793.E1    (0)    9 :  0.008 0.464 0.044 0.060 0.012 0.336 0.076 
184 24.0794.E1    (0)    9 :  0.010 0.100 0.200 0.657 0.008 0.010 0.016 
185 24.0795.E1    (0)    9 :  0.010 0.139 0.028 0.609 0.017 0.184 0.014 
186 24.0796.E1    (0)    9 :  0.006 0.571 0.305 0.080 0.011 0.010 0.017 
187 24.0797.E1    (0)    9 :  0.005 0.657 0.170 0.040 0.011 0.073 0.045 
188 24.0798.E1    (0)    9 :  0.051 0.066 0.031 0.015 0.032 0.196 0.610 
189 24.0799.E1    (0)    9 :  0.009 0.042 0.015 0.039 0.011 0.014 0.870 
190 24.0800.E1    (0)    9 :  0.011 0.488 0.017 0.025 0.070 0.007 0.382 
191 24.0801.E1    (0)    9 :  0.006 0.011 0.012 0.006 0.022 0.010 0.933 
192 24.0802.E1    (0)    9 :  0.007 0.401 0.034 0.022 0.012 0.508 0.016 
193 24.0803.E1    (0)    9 :  0.007 0.031 0.016 0.029 0.009 0.125 0.783 
194 24.0804.E1    (0)    9 :  0.006 0.695 0.010 0.012 0.008 0.260 0.009 
195 24.0805.E1    (0)    9 :  0.010 0.015 0.024 0.013 0.101 0.011 0.825 
196 24.0806.E1    (0)    9 :  0.015 0.155 0.019 0.051 0.016 0.647 0.096 
197 24.0807.E1    (0)    9 :  0.006 0.529 0.039 0.022 0.011 0.372 0.021 
198 24.0808.E1    (0)    9 :  0.009 0.411 0.155 0.019 0.229 0.016 0.161 
199 24.0809.E1    (0)    9 :  0.011 0.121 0.012 0.025 0.197 0.008 0.627 
200 24.0810.E1    (0)    9 :  0.017 0.153 0.014 0.024 0.072 0.033 0.687 
201 24.0811.E1    (0)    9 :  0.007 0.722 0.024 0.038 0.008 0.195 0.006 
202 24.0812.E1    (0)    9 :  0.010 0.771 0.084 0.050 0.044 0.017 0.025 
203 24.0813.E1    (0)    9 :  0.010 0.170 0.311 0.012 0.170 0.287 0.039 
204 24.0814.E1    (6)    9 :  0.007 0.683 0.018 0.010 0.042 0.141 0.099 
205 24.0815.E1    (0)    9 :  0.010 0.045 0.017 0.007 0.032 0.302 0.588 
206 24.0816.E1    (0)    9 :  0.007 0.399 0.061 0.013 0.007 0.395 0.119 
207 24.0817.E1    (0)   10 :  0.008 0.909 0.021 0.025 0.015 0.008 0.012 
208 24.0818.E1    (0)   10 :  0.012 0.803 0.094 0.052 0.009 0.013 0.018 
209 24.0819.E1    (0)   10 :  0.220 0.043 0.019 0.011 0.011 0.009 0.687 
210 24.0820.E1    (0)   10 :  0.476 0.463 0.014 0.008 0.007 0.008 0.025 
211 24.0821.E1    (0)   10 :  0.008 0.205 0.282 0.017 0.020 0.013 0.455 
212 24.0822.E1    (0)   10 :  0.027 0.901 0.031 0.009 0.015 0.005 0.012 
213 24.0823.E1    (0)   10 :  0.126 0.793 0.013 0.011 0.013 0.013 0.032 
214 24.0824.E1    (0)   10 :  0.011 0.312 0.009 0.010 0.087 0.010 0.562 
215 24.0825.E1    (0)   10 :  0.010 0.933 0.008 0.008 0.027 0.008 0.008 
216 24.0826.E1    (0)   10 :  0.296 0.623 0.028 0.007 0.010 0.010 0.026 
217 24.0827.E1    (0)   10 :  0.006 0.883 0.023 0.053 0.016 0.010 0.010 
218 24.0828.E1    (0)   10 :  0.066 0.839 0.020 0.009 0.015 0.011 0.041 
219 24.0829.E1    (0)   10 :  0.014 0.921 0.012 0.010 0.014 0.007 0.021 
220 24.0830.E1    (0)   10 :  0.006 0.850 0.098 0.010 0.014 0.009 0.012 
221 24.0831.E1    (0)   10 :  0.006 0.781 0.166 0.008 0.015 0.007 0.019 
222 24.0832.E1    (0)   10 :  0.006 0.945 0.009 0.014 0.017 0.005 0.006 
223 24.0833.E1    (0)   10 :  0.006 0.953 0.006 0.006 0.019 0.005 0.005 
224 24.0834.E1    (0)   10 :  0.015 0.928 0.009 0.012 0.018 0.010 0.008 
225 24.0835.E1    (0)   10 :  0.006 0.920 0.011 0.017 0.015 0.009 0.022 
226 24.0836.E1    (0)   10 :  0.015 0.864 0.016 0.020 0.049 0.007 0.029 
227 24.0837.E1    (0)   10 :  0.009 0.931 0.015 0.010 0.015 0.006 0.014 
228 24.0838.E1    (0)   10 :  0.014 0.930 0.014 0.006 0.023 0.006 0.007 
229 24.0839.E1    (0)   10 :  0.024 0.670 0.088 0.104 0.031 0.023 0.059 
230 24.0840.E1    (0)   10 :  0.005 0.880 0.017 0.036 0.007 0.044 0.012 
231 24.0841.E1    (0)   11 :  0.016 0.898 0.032 0.022 0.018 0.005 0.009 
232 24.0842.E1    (0)   11 :  0.010 0.701 0.018 0.018 0.010 0.005 0.238 
233 24.0843.E1    (0)   11 :  0.033 0.659 0.024 0.007 0.008 0.008 0.262 
234 24.0844.E1    (0)   11 :  0.009 0.307 0.033 0.033 0.020 0.007 0.591 
235 24.0845.E1    (0)   11 :  0.007 0.886 0.053 0.010 0.019 0.007 0.017 
236 24.0846.E1    (0)   11 :  0.011 0.910 0.012 0.015 0.018 0.012 0.022 
237 24.0847.E1    (0)   11 :  0.017 0.716 0.015 0.048 0.167 0.009 0.029 
238 24.0848.E1    (0)   11 :  0.005 0.824 0.038 0.016 0.065 0.006 0.046 
239 24.0849.E1    (0)   11 :  0.014 0.943 0.010 0.009 0.007 0.006 0.012 
240 24.0850.E1    (0)   11 :  0.014 0.943 0.010 0.009 0.007 0.006 0.012 
241 24.0851.E1    (0)   11 :  0.013 0.943 0.010 0.009 0.007 0.006 0.012 
242 24.0852.E1    (0)   11 :  0.055 0.851 0.056 0.008 0.012 0.005 0.012 
243 24.0853.E1    (0)   11 :  0.015 0.950 0.008 0.006 0.008 0.007 0.007 
244 24.0854.E1    (0)   11 :  0.012 0.039 0.020 0.012 0.011 0.008 0.899 
245 24.0855.E1    (0)   11 :  0.007 0.946 0.010 0.008 0.010 0.006 0.012 
246 24.0856.E1    (0)   11 :  0.045 0.076 0.048 0.184 0.016 0.257 0.373 
247 24.0857.E1    (0)   11 :  0.018 0.811 0.016 0.027 0.050 0.015 0.063 
248 24.0858.E1    (0)   11 :  0.017 0.846 0.041 0.016 0.018 0.007 0.054 
249 24.0859.E1    (0)   11 :  0.127 0.785 0.019 0.015 0.012 0.015 0.029 
250 24.0860.E1    (0)   11 :  0.038 0.157 0.036 0.079 0.011 0.038 0.641 
251 24.0861.E1    (0)   11 :  0.016 0.944 0.012 0.008 0.007 0.006 0.008 
252 24.0862.E1    (0)   11 :  0.011 0.331 0.083 0.240 0.016 0.209 0.111 
253 24.0863.E1    (0)   11 :  0.015 0.944 0.012 0.008 0.007 0.005 0.008 
254 24.0864.E1    (0)   11 :  0.010 0.149 0.080 0.102 0.608 0.009 0.043 
255 24.0865.E1    (0)   12 :  0.426 0.177 0.216 0.024 0.120 0.016 0.021 
256 24.0866.E1    (0)   12 :  0.034 0.168 0.135 0.043 0.437 0.008 0.175 
257 24.0867.E1    (0)   12 :  0.223 0.072 0.018 0.012 0.616 0.025 0.033 
258 24.0868.E1    (0)   12 :  0.022 0.040 0.171 0.012 0.702 0.025 0.028 
259 24.0869.E1    (0)   12 :  0.007 0.025 0.024 0.008 0.888 0.037 0.011 
260 24.0870.E1    (0)   12 :  0.029 0.024 0.202 0.141 0.471 0.111 0.021 
261 24.0871.E1    (0)   12 :  0.012 0.044 0.177 0.089 0.570 0.062 0.046 
262 24.0872.E1    (0)   12 :  0.306 0.034 0.215 0.013 0.334 0.011 0.087 
263 24.0873.E1    (0)   12 :  0.019 0.024 0.027 0.011 0.865 0.017 0.037 
264 24.0874.E1    (0)   12 :  0.310 0.132 0.031 0.011 0.417 0.010 0.088 
265 24.0875.E1    (0)   12 :  0.019 0.018 0.164 0.069 0.242 0.015 0.473 
266 24.0876.E1    (0)   12 :  0.019 0.010 0.058 0.140 0.497 0.012 0.263 
267 24.0877.E1    (0)   12 :  0.088 0.008 0.026 0.780 0.057 0.009 0.032 
268 24.0878.E1    (0)   12 :  0.022 0.054 0.017 0.518 0.365 0.013 0.012 
269 24.0879.E1    (0)   12 :  0.008 0.008 0.031 0.695 0.036 0.017 0.205 
270 24.0880.E1    (0)   12 :  0.016 0.162 0.060 0.033 0.674 0.019 0.036 
271 24.0881.E1    (0)   12 :  0.016 0.007 0.008 0.936 0.013 0.011 0.009 
272 24.0882.E1    (0)   12 :  0.663 0.012 0.022 0.252 0.026 0.009 0.017 
273 24.0883.E1    (0)   12 :  0.254 0.014 0.017 0.285 0.176 0.013 0.242 
274 24.0884.E1    (0)   12 :  0.074 0.012 0.016 0.824 0.048 0.010 0.016 
275 24.0885.E1    (0)   12 :  0.010 0.012 0.058 0.539 0.341 0.015 0.024 
276 24.0886.E1    (0)   12 :  0.222 0.012 0.021 0.311 0.357 0.006 0.071 
277 24.0887.E1    (0)   12 :  0.689 0.006 0.008 0.044 0.039 0.012 0.202 
278 24.0888.E1    (0)   12 :  0.007 0.010 0.887 0.017 0.034 0.013 0.032 


Estimated Allele Frequencies in each cluster
First column gives estimated ancestral frequencies


Locus 1 : 
31 alleles
0.0% missing data
 115   (0.032) 0.005 0.003 0.009 0.127 0.118 0.003 0.014 
 117   (0.043) 0.167 0.003 0.008 0.188 0.055 0.004 0.058 
 119   (0.040) 0.302 0.003 0.008 0.256 0.019 0.212 0.007 
 131   (0.015) 0.003 0.001 0.003 0.047 0.004 0.001 0.002 
 128   (0.039) 0.004 0.016 0.036 0.032 0.040 0.004 0.020 
 135   (0.017) 0.005 0.002 0.003 0.042 0.017 0.001 0.003 
 126   (0.079) 0.081 0.168 0.068 0.084 0.064 0.011 0.074 
 122   (0.032) 0.002 0.005 0.026 0.018 0.008 0.169 0.027 
 132   (0.031) 0.016 0.034 0.022 0.006 0.012 0.004 0.018 
 141   (0.011) 0.001 0.001 0.002 0.010 0.002 0.002 0.002 
 130   (0.053) 0.024 0.026 0.053 0.007 0.094 0.023 0.060 
 134   (0.039) 0.003 0.046 0.023 0.005 0.026 0.117 0.012 
 145   (0.029) 0.019 0.003 0.037 0.004 0.005 0.012 0.020 
 127   (0.027) 0.159 0.002 0.006 0.027 0.005 0.026 0.006 
 116   (0.103) 0.021 0.177 0.266 0.018 0.168 0.182 0.100 
 114   (0.052) 0.008 0.173 0.037 0.008 0.036 0.091 0.057 
 120   (0.041) 0.003 0.003 0.063 0.010 0.012 0.070 0.072 
 110   (0.050) 0.029 0.055 0.024 0.012 0.055 0.027 0.048 
 133   (0.015) 0.013 0.001 0.003 0.003 0.002 0.008 0.009 
 118   (0.099) 0.023 0.217 0.242 0.016 0.191 0.015 0.350 
 125   (0.014) 0.001 0.011 0.006 0.004 0.002 0.002 0.003 
 129   (0.020) 0.005 0.001 0.008 0.044 0.007 0.002 0.011 
 124   (0.016) 0.001 0.001 0.016 0.009 0.003 0.002 0.009 
 136   (0.021) 0.001 0.037 0.005 0.003 0.042 0.002 0.003 
 121   (0.014) 0.062 0.001 0.003 0.005 0.003 0.001 0.002 
 139   (0.011) 0.001 0.001 0.002 0.010 0.001 0.001 0.002 
 113   (0.011) 0.013 0.001 0.002 0.001 0.001 0.001 0.002 
 111   (0.010) 0.012 0.001 0.002 0.001 0.002 0.001 0.002 
 143   (0.011) 0.013 0.001 0.002 0.001 0.001 0.001 0.002 
 140   (0.014) 0.001 0.001 0.015 0.002 0.004 0.004 0.003 
 112   (0.011) 0.001 0.008 0.002 0.001 0.002 0.001 0.002 

Locus 2 : 
18 alleles
0.0% missing data
 152   (0.366) 0.778 0.286 0.244 0.638 0.537 0.439 0.432 
 148   (0.073) 0.028 0.006 0.025 0.133 0.161 0.185 0.029 
 154   (0.107) 0.036 0.164 0.078 0.058 0.156 0.235 0.038 
 156   (0.016) 0.001 0.001 0.005 0.016 0.002 0.002 0.003 
 150   (0.026) 0.044 0.002 0.005 0.009 0.003 0.050 0.006 
 164   (0.077) 0.019 0.092 0.113 0.070 0.032 0.020 0.032 
 158   (0.033) 0.010 0.002 0.007 0.009 0.020 0.021 0.094 
 160   (0.018) 0.023 0.001 0.011 0.002 0.006 0.002 0.003 
 166   (0.022) 0.001 0.002 0.022 0.004 0.004 0.013 0.015 
 151   (0.064) 0.005 0.339 0.255 0.008 0.009 0.005 0.104 
 147   (0.070) 0.008 0.091 0.140 0.010 0.036 0.009 0.194 
 168   (0.024) 0.003 0.002 0.025 0.003 0.008 0.003 0.017 
 153   (0.015) 0.001 0.001 0.019 0.002 0.002 0.001 0.002 
 149   (0.027) 0.011 0.002 0.012 0.003 0.015 0.002 0.022 
 162   (0.022) 0.003 0.006 0.014 0.008 0.003 0.010 0.004 
 167   (0.015) 0.001 0.001 0.003 0.022 0.002 0.001 0.002 
 146   (0.012) 0.027 0.001 0.002 0.001 0.001 0.001 0.002 
 172   (0.015) 0.001 0.001 0.020 0.002 0.002 0.001 0.002 

Locus 3 : 
4 alleles
0.0% missing data
 128   (0.287) 0.405 0.399 0.208 0.205 0.314 0.265 0.342 
 126   (0.614) 0.587 0.519 0.734 0.713 0.658 0.666 0.549 
 132   (0.083) 0.007 0.081 0.054 0.080 0.025 0.062 0.085 
 134   (0.015) 0.001 0.001 0.003 0.002 0.002 0.007 0.025 

Locus 4 : 
3 alleles
0.0% missing data
 170   (0.316) 0.272 0.352 0.358 0.337 0.174 0.407 0.241 
 172   (0.670) 0.726 0.647 0.639 0.661 0.822 0.586 0.757 
 171   (0.014) 0.003 0.001 0.003 0.002 0.004 0.007 0.002 

Locus 5 : 
37 alleles
0.0% missing data
 125   (0.054) 0.037 0.082 0.021 0.072 0.047 0.049 0.085 
 110   (0.036) 0.012 0.059 0.009 0.048 0.006 0.029 0.055 
 129   (0.034) 0.003 0.026 0.096 0.049 0.011 0.003 0.015 
 113   (0.030) 0.002 0.056 0.096 0.015 0.012 0.007 0.011 
 145   (0.056) 0.098 0.008 0.060 0.195 0.129 0.006 0.046 
 155   (0.051) 0.014 0.047 0.028 0.150 0.026 0.196 0.031 
 117   (0.030) 0.027 0.002 0.028 0.020 0.096 0.007 0.005 
 124   (0.010) 0.001 0.001 0.002 0.021 0.002 0.001 0.001 
 133   (0.036) 0.068 0.003 0.054 0.041 0.026 0.003 0.014 
 157   (0.050) 0.023 0.030 0.121 0.010 0.054 0.019 0.107 
 141   (0.017) 0.001 0.003 0.029 0.004 0.008 0.001 0.003 
 112   (0.064) 0.148 0.153 0.036 0.072 0.108 0.165 0.024 
 121   (0.022) 0.003 0.025 0.019 0.008 0.004 0.021 0.011 
 114   (0.038) 0.158 0.041 0.008 0.041 0.130 0.008 0.008 
 153   (0.050) 0.004 0.077 0.047 0.053 0.036 0.008 0.264 
 127   (0.068) 0.108 0.139 0.098 0.078 0.076 0.030 0.041 
 131   (0.054) 0.199 0.036 0.013 0.044 0.045 0.204 0.118 
 135   (0.029) 0.003 0.056 0.021 0.006 0.022 0.004 0.056 
 104   (0.010) 0.003 0.001 0.003 0.002 0.004 0.006 0.002 
 118   (0.019) 0.002 0.001 0.009 0.015 0.012 0.012 0.007 
 116   (0.028) 0.003 0.013 0.013 0.007 0.030 0.056 0.013 
 137   (0.021) 0.005 0.002 0.014 0.008 0.006 0.138 0.010 
 123   (0.019) 0.002 0.070 0.005 0.006 0.006 0.006 0.017 
 149   (0.010) 0.001 0.004 0.002 0.001 0.007 0.001 0.002 
 138   (0.013) 0.001 0.001 0.046 0.001 0.002 0.001 0.002 
 143   (0.026) 0.063 0.037 0.030 0.004 0.003 0.003 0.007 
 163   (0.010) 0.001 0.001 0.005 0.003 0.002 0.005 0.002 
 109   (0.009) 0.001 0.001 0.002 0.001 0.023 0.001 0.001 
 139   (0.010) 0.001 0.001 0.009 0.001 0.002 0.001 0.002 
 106   (0.010) 0.001 0.001 0.009 0.002 0.002 0.001 0.002 
 144   (0.016) 0.001 0.001 0.004 0.002 0.036 0.001 0.013 
 122   (0.010) 0.003 0.001 0.002 0.011 0.009 0.001 0.002 
 100   (0.017) 0.001 0.015 0.022 0.003 0.006 0.004 0.009 
 111   (0.012) 0.001 0.001 0.028 0.001 0.002 0.001 0.002 
 233   (0.009) 0.001 0.002 0.005 0.001 0.001 0.001 0.009 
 134   (0.010) 0.001 0.007 0.004 0.001 0.001 0.001 0.002 
 140   (0.010) 0.001 0.001 0.003 0.001 0.009 0.001 0.002 

Locus 6 : 
17 alleles
0.0% missing data
 221   (0.024) 0.072 0.001 0.004 0.133 0.003 0.002 0.003 
 232   (0.238) 0.470 0.416 0.353 0.194 0.236 0.131 0.286 
 229   (0.056) 0.057 0.055 0.012 0.093 0.027 0.046 0.036 
 223   (0.064) 0.009 0.043 0.033 0.089 0.070 0.009 0.074 
 230   (0.151) 0.278 0.149 0.189 0.079 0.241 0.141 0.093 
 235   (0.015) 0.001 0.001 0.003 0.065 0.002 0.001 0.002 
 236   (0.037) 0.005 0.003 0.034 0.088 0.010 0.029 0.011 
 227   (0.023) 0.003 0.002 0.009 0.058 0.009 0.002 0.010 
 220   (0.055) 0.004 0.073 0.030 0.007 0.040 0.176 0.074 
 222   (0.044) 0.003 0.007 0.036 0.005 0.025 0.304 0.067 
 234   (0.131) 0.056 0.095 0.096 0.092 0.239 0.134 0.231 
 224   (0.034) 0.002 0.046 0.028 0.005 0.007 0.004 0.063 
 228   (0.055) 0.004 0.059 0.158 0.013 0.046 0.007 0.025 
 225   (0.012) 0.001 0.001 0.002 0.008 0.002 0.004 0.002 
 226   (0.018) 0.001 0.045 0.004 0.007 0.002 0.007 0.003 
 233   (0.029) 0.032 0.002 0.006 0.040 0.024 0.003 0.015 
 231   (0.014) 0.001 0.001 0.003 0.024 0.019 0.001 0.003 

Locus 7 : 
10 alleles
0.0% missing data
 121   (0.683) 0.743 0.711 0.837 0.879 0.824 0.807 0.698 
 129   (0.086) 0.109 0.152 0.049 0.067 0.051 0.010 0.050 
 130   (0.018) 0.002 0.004 0.004 0.004 0.002 0.007 0.015 
 123   (0.096) 0.100 0.124 0.067 0.032 0.029 0.117 0.148 
 128   (0.022) 0.021 0.001 0.004 0.004 0.004 0.028 0.012 
 131   (0.016) 0.002 0.002 0.003 0.003 0.002 0.023 0.006 
 117   (0.013) 0.001 0.001 0.011 0.002 0.002 0.001 0.002 
 125   (0.014) 0.001 0.001 0.002 0.002 0.002 0.001 0.031 
 134   (0.038) 0.008 0.004 0.020 0.006 0.074 0.005 0.036 
 132   (0.014) 0.015 0.001 0.003 0.002 0.010 0.001 0.002 

Locus 8 : 
19 alleles
0.0% missing data
 184   (0.291) 0.364 0.308 0.351 0.487 0.429 0.459 0.520 
 194   (0.047) 0.023 0.009 0.036 0.032 0.076 0.019 0.015 
 178   (0.096) 0.062 0.200 0.058 0.204 0.087 0.173 0.030 
 176   (0.080) 0.212 0.039 0.091 0.042 0.081 0.011 0.101 
 182   (0.080) 0.190 0.078 0.100 0.037 0.058 0.029 0.064 
 190   (0.034) 0.036 0.016 0.007 0.007 0.005 0.060 0.031 
 196   (0.025) 0.002 0.036 0.022 0.007 0.008 0.002 0.004 
 200   (0.031) 0.010 0.002 0.026 0.019 0.008 0.008 0.029 
 180   (0.025) 0.002 0.002 0.005 0.011 0.003 0.062 0.057 
 188   (0.043) 0.006 0.030 0.034 0.026 0.058 0.007 0.009 
 174   (0.037) 0.023 0.003 0.011 0.021 0.082 0.015 0.035 
 186   (0.111) 0.062 0.218 0.217 0.085 0.079 0.125 0.043 
 192   (0.025) 0.003 0.048 0.007 0.011 0.004 0.010 0.016 
 201   (0.012) 0.001 0.001 0.002 0.001 0.001 0.009 0.007 
 199   (0.020) 0.001 0.004 0.013 0.002 0.002 0.007 0.020 
 185   (0.011) 0.001 0.001 0.010 0.001 0.001 0.001 0.002 
 203   (0.011) 0.001 0.001 0.002 0.001 0.011 0.001 0.002 
 198   (0.012) 0.001 0.003 0.004 0.002 0.004 0.001 0.004 
 209   (0.010) 0.001 0.002 0.002 0.002 0.001 0.001 0.011 

Locus 9 : 
6 alleles
0.4% missing data
 154   (0.686) 0.653 0.818 0.796 0.729 0.668 0.790 0.708 
 156   (0.209) 0.332 0.084 0.147 0.163 0.257 0.201 0.275 
 152   (0.047) 0.007 0.094 0.015 0.066 0.043 0.004 0.008 
 153   (0.015) 0.001 0.001 0.017 0.004 0.002 0.002 0.002 
 160   (0.015) 0.001 0.001 0.019 0.002 0.002 0.001 0.004 
 164   (0.027) 0.007 0.002 0.005 0.036 0.029 0.002 0.004 

Locus 10 : 
29 alleles
0.7% missing data
 305   (0.058) 0.006 0.011 0.077 0.150 0.011 0.220 0.014 
 313   (0.049) 0.004 0.023 0.059 0.135 0.009 0.011 0.009 
 311   (0.016) 0.001 0.001 0.005 0.016 0.002 0.001 0.006 
 299   (0.111) 0.027 0.207 0.153 0.273 0.037 0.028 0.071 
 315   (0.075) 0.078 0.013 0.137 0.091 0.024 0.055 0.016 
 287   (0.023) 0.002 0.002 0.007 0.008 0.003 0.003 0.459 
 291   (0.087) 0.013 0.330 0.050 0.072 0.374 0.034 0.029 
 295   (0.024) 0.002 0.002 0.006 0.025 0.168 0.003 0.003 
 289   (0.017) 0.001 0.001 0.005 0.003 0.002 0.002 0.121 
 303   (0.057) 0.585 0.132 0.065 0.012 0.016 0.026 0.013 
 297   (0.045) 0.073 0.083 0.010 0.029 0.073 0.005 0.014 
 293   (0.020) 0.001 0.001 0.007 0.034 0.006 0.002 0.073 
 301   (0.062) 0.007 0.006 0.074 0.058 0.062 0.108 0.014 
 285   (0.019) 0.001 0.004 0.006 0.002 0.002 0.390 0.006 
 307   (0.053) 0.180 0.066 0.030 0.010 0.058 0.024 0.011 
 312   (0.056) 0.004 0.067 0.083 0.008 0.068 0.040 0.023 
 306   (0.028) 0.002 0.003 0.049 0.008 0.031 0.003 0.004 
 320   (0.014) 0.001 0.001 0.021 0.002 0.002 0.001 0.002 
 317   (0.024) 0.001 0.003 0.054 0.017 0.003 0.002 0.005 
 314   (0.027) 0.002 0.002 0.015 0.028 0.007 0.002 0.019 
 323   (0.013) 0.001 0.001 0.008 0.002 0.002 0.001 0.006 
 325   (0.013) 0.001 0.001 0.008 0.002 0.002 0.001 0.006 
 310   (0.020) 0.001 0.020 0.019 0.003 0.004 0.002 0.003 
 309   (0.014) 0.001 0.001 0.003 0.002 0.022 0.001 0.002 
 316   (0.015) 0.001 0.003 0.028 0.002 0.002 0.001 0.002 
 296   (0.013) 0.001 0.001 0.011 0.002 0.002 0.001 0.002 
 304   (0.018) 0.001 0.012 0.005 0.003 0.002 0.030 0.013 
 321   (0.015) 0.001 0.001 0.003 0.002 0.003 0.002 0.027 
 332   (0.014) 0.001 0.001 0.003 0.002 0.004 0.001 0.026 

Locus 11 : 
19 alleles
0.0% missing data
 114   (0.145) 0.206 0.011 0.138 0.228 0.238 0.275 0.046 
 126   (0.022) 0.003 0.001 0.004 0.055 0.005 0.013 0.003 
 111   (0.079) 0.006 0.586 0.018 0.233 0.015 0.026 0.271 
 116   (0.110) 0.239 0.016 0.055 0.124 0.120 0.030 0.132 
 132   (0.014) 0.001 0.001 0.003 0.011 0.002 0.001 0.002 
 109   (0.017) 0.001 0.001 0.003 0.040 0.005 0.002 0.002 
 128   (0.017) 0.001 0.002 0.004 0.006 0.017 0.002 0.002 
 112   (0.320) 0.505 0.028 0.607 0.232 0.451 0.590 0.229 
 122   (0.017) 0.008 0.001 0.006 0.002 0.009 0.006 0.004 
 124   (0.014) 0.002 0.001 0.002 0.002 0.002 0.017 0.002 
 118   (0.048) 0.014 0.005 0.022 0.015 0.068 0.012 0.098 
 127   (0.013) 0.001 0.001 0.011 0.002 0.002 0.001 0.002 
 113   (0.053) 0.004 0.290 0.060 0.007 0.011 0.009 0.088 
 115   (0.036) 0.003 0.003 0.013 0.021 0.025 0.004 0.083 
 120   (0.023) 0.001 0.036 0.004 0.003 0.019 0.002 0.004 
 117   (0.023) 0.002 0.007 0.014 0.005 0.003 0.003 0.015 
 125   (0.020) 0.001 0.001 0.025 0.003 0.003 0.002 0.009 
 119   (0.017) 0.001 0.008 0.007 0.003 0.004 0.005 0.003 
 136   (0.013) 0.001 0.001 0.003 0.009 0.002 0.001 0.005 

Locus 12 : 
28 alleles
0.7% missing data
 306   (0.059) 0.006 0.018 0.048 0.149 0.010 0.252 0.021 
 314   (0.052) 0.005 0.075 0.046 0.125 0.008 0.006 0.018 
 312   (0.013) 0.001 0.001 0.002 0.023 0.002 0.001 0.002 
 300   (0.117) 0.028 0.206 0.154 0.287 0.037 0.027 0.073 
 316   (0.046) 0.076 0.013 0.012 0.083 0.007 0.050 0.007 
 288   (0.023) 0.002 0.002 0.006 0.007 0.003 0.003 0.454 
 292   (0.099) 0.014 0.333 0.053 0.074 0.375 0.035 0.037 
 296   (0.031) 0.002 0.003 0.015 0.026 0.169 0.003 0.005 
 290   (0.018) 0.001 0.001 0.005 0.003 0.002 0.002 0.123 
 304   (0.059) 0.586 0.132 0.065 0.012 0.016 0.026 0.014 
 298   (0.048) 0.073 0.083 0.010 0.030 0.072 0.005 0.015 
 294   (0.020) 0.001 0.001 0.007 0.034 0.006 0.002 0.075 
 302   (0.063) 0.007 0.007 0.074 0.059 0.062 0.106 0.015 
 286   (0.019) 0.001 0.004 0.006 0.002 0.002 0.398 0.006 
 308   (0.033) 0.176 0.002 0.024 0.007 0.014 0.022 0.008 
 313   (0.047) 0.004 0.004 0.103 0.008 0.072 0.039 0.017 
 307   (0.046) 0.004 0.069 0.052 0.009 0.076 0.004 0.007 
 321   (0.014) 0.001 0.001 0.021 0.002 0.002 0.001 0.002 
 315   (0.045) 0.003 0.003 0.139 0.033 0.021 0.005 0.029 
 318   (0.021) 0.001 0.005 0.051 0.006 0.002 0.002 0.004 
 324   (0.015) 0.001 0.001 0.008 0.002 0.002 0.001 0.006 
 326   (0.014) 0.001 0.001 0.008 0.002 0.002 0.001 0.006 
 311   (0.025) 0.002 0.029 0.029 0.008 0.006 0.002 0.012 
 310   (0.013) 0.001 0.001 0.002 0.001 0.022 0.001 0.002 
 305   (0.015) 0.001 0.001 0.030 0.002 0.002 0.001 0.002 
 317   (0.015) 0.001 0.001 0.021 0.002 0.002 0.001 0.002 
 320   (0.013) 0.001 0.001 0.003 0.002 0.002 0.001 0.013 
 322   (0.016) 0.001 0.001 0.003 0.002 0.003 0.002 0.027 

Locus 13 : 
7 alleles
1.1% missing data
 161   (0.597) 0.896 0.336 0.524 0.645 0.814 0.102 0.623 
 163   (0.295) 0.028 0.572 0.455 0.281 0.147 0.054 0.359 
 160   (0.018) 0.001 0.001 0.004 0.002 0.003 0.415 0.003 
 162   (0.017) 0.001 0.001 0.003 0.002 0.002 0.420 0.002 
 165   (0.043) 0.005 0.088 0.008 0.063 0.027 0.006 0.007 
 166   (0.015) 0.003 0.001 0.003 0.005 0.005 0.002 0.003 
 164   (0.016) 0.066 0.001 0.003 0.002 0.002 0.001 0.002 

Locus 14 : 
4 alleles
0.4% missing data
  98   (0.955) 0.985 0.997 0.976 0.988 0.990 0.996 0.993 
 100   (0.014) 0.002 0.001 0.010 0.002 0.002 0.001 0.002 
  96   (0.018) 0.012 0.001 0.004 0.008 0.006 0.002 0.003 
 105   (0.014) 0.001 0.001 0.011 0.002 0.002 0.001 0.002 

Locus 15 : 
12 alleles
2.2% missing data
 171   (0.308) 0.179 0.321 0.390 0.385 0.229 0.197 0.435 
 177   (0.182) 0.058 0.089 0.129 0.193 0.268 0.307 0.253 
 173   (0.260) 0.094 0.548 0.315 0.284 0.347 0.191 0.147 
 179   (0.101) 0.553 0.016 0.071 0.079 0.036 0.284 0.103 
 183   (0.019) 0.006 0.002 0.006 0.034 0.002 0.002 0.004 
 181   (0.041) 0.104 0.019 0.049 0.007 0.014 0.004 0.006 
 197   (0.016) 0.001 0.001 0.003 0.003 0.057 0.001 0.002 
 170   (0.015) 0.001 0.001 0.016 0.002 0.003 0.001 0.006 
 189   (0.015) 0.001 0.001 0.011 0.007 0.003 0.009 0.002 
 203   (0.014) 0.001 0.001 0.003 0.002 0.035 0.001 0.002 
 187   (0.015) 0.001 0.001 0.005 0.003 0.002 0.001 0.026 
 198   (0.013) 0.001 0.001 0.003 0.002 0.003 0.001 0.014 

Values of parameters used in structure:
DATAFILE=STRUCTURE_main_final_278_HEG_ZG.str,	OUTFILE=STRUCTURE_main_final_278_HEG_ZG-K7-19,	NUMINDS=278,	NUMLOCI=15,	MISSING=-9,	LABEL=1,	POPDATA=1,	POPFLAG=0,	PHENOTYPE=0,	EXTRACOLS=0,	MAXPOPS=7,	BURNIN=100000,	NUMREPS=500000,	USEPOPINFO=0,	INFERALPHA=1,	INFERLAMBDA=0,	POPSPECIFICLAMBDA=0,	POPALPHAS=0,	COMPUTEPROB=1,	NOADMIX=0,	ADMBURNIN=2500,	UPDATEFREQ=1,	PRINTLIKES=0,	INTERMEDSAVE=0,	PRINTKLD=0,	PRINTNET=0,	PRINTLAMBDA=0,	ANCESTDIST=0,	NUMBOXES=1000,	ANCESTPINT=0.90000,	GENSBACK=2,	MIGRPRIOR=0.05000,	PRINTQHAT=0,	PRINTQSUM=0,	ALPHA=1.0000,	FREQSCORR=1,	FPRIORMEAN=0.0100,	FPRIORSD=0.0500,	ONEFST=0,	LAMBDA=1.0000,	UNIFPRIORALPHA=1,	ALPHAMAX=10.0000,	ALPHAPRIORA=1.0000,	ALPHAPRIORB=2.0000,	ALPHAPROPSD=0.0250,	STARTATPOPINFO=0,	RANDOMIZE=1,	LINKAGE=0,	METROFREQ=10,	REPORTHITRATE=0,	MARKOVPHASE=-1,	PHASED=0,	PLOIDY=2,	PHASEINFO=0	LOCPRIOR=0, 	LOCPRIORINIT=1.000000, 	LOCDATA=0, 	LOCISPOP=0, 	LOCPRIORSTEP=0.100000, 	MAXLOCPRIOR=20.000000, 	SEED=1782482330,	
[STRAT parameters]:    NUMSIMSTATS=1000,	PHENOTYPECOL=-9,	POOLFREQ=10,	LOCUSxONLY=0,	EMERROR=0.00100,	MISSINGPHENO=-9,	