

----------------------------------------------------
STRUCTURE by Pritchard, Stephens and Donnelly (2000)
     and Falush, Stephens and Pritchard (2003)
       Code by Pritchard, Falush and Hubisz
             Version 2.3.4 (Jul 2012)
----------------------------------------------------



Command line arguments:   structure -K 4 -i STRUCTURE_main_final_278_HEG_ZG.str -o STRUCTURE_main_final_278_HEG_ZG-K4-10 
Input File:    STRUCTURE_main_final_278_HEG_ZG.str

Run parameters:
   278 individuals
   15 loci
   4 populations assumed
   100000 Burn-in period
   500000 Reps


--------------------------------------------
Proportion of membership of each pre-defined
 population in each of the 4 clusters

Given    Inferred Clusters              Number of
 Pop       1      2      3      4      Individuals

  1:     0.116  0.148  0.523  0.213       24
  2:     0.091  0.744  0.121  0.045       24
  3:     0.504  0.189  0.039  0.268       24
  4:     0.438  0.118  0.312  0.132       24
  5:     0.532  0.246  0.134  0.088       24
  6:     0.096  0.092  0.762  0.051       24
  7:     0.068  0.041  0.864  0.027       24
  8:     0.728  0.053  0.071  0.148       14
  9:     0.152  0.403  0.041  0.404       24
 10:     0.072  0.066  0.037  0.825       24
 11:     0.088  0.125  0.034  0.753       24
 12:     0.413  0.064  0.368  0.155       24
--------------------------------------------

Allele-freq. divergence among pops (Net nucleotide distance),
computed using point estimates of P.

      1       2       3       4      
 1      -    0.0225  0.0273  0.0359  
 2   0.0225     -    0.0370  0.0506  
 3   0.0273  0.0370     -    0.0622  
 4   0.0359  0.0506  0.0622     -    

Average distances (expected heterozygosity) between individuals in same cluster:
cluster  1  : 0.6519 
cluster  2  : 0.6584 
cluster  3  : 0.6118 
cluster  4  : 0.6199 

--------------------------------------------
Estimated Ln Prob of Data   = -13174.2
Mean value of ln likelihood = -12752.0
Variance of ln likelihood   = 844.4
Mean value of alpha         = 0.1172

Mean value of Fst_1         = 0.0319
Mean value of Fst_2         = 0.0869
Mean value of Fst_3         = 0.0863
Mean value of Fst_4         = 0.1149


Inferred ancestry of individuals:
        Label (%Miss) Pop:  Inferred clusters
  1 24.0601.E1    (0)    1 :  0.021 0.124 0.837 0.018 
  2 24.0602.E1    (0)    1 :  0.070 0.046 0.741 0.142 
  3 24.0603.E1    (0)    1 :  0.071 0.030 0.878 0.021 
  4 24.0604.E1    (0)    1 :  0.257 0.177 0.340 0.226 
  5 24.0605.E1    (0)    1 :  0.024 0.153 0.772 0.050 
  6 24.0606.E1    (0)    1 :  0.085 0.129 0.691 0.095 
  7 24.0607.E1    (0)    1 :  0.040 0.367 0.538 0.054 
  8 24.0608.E1    (0)    1 :  0.028 0.024 0.619 0.329 
  9 24.0609.E1    (0)    1 :  0.242 0.019 0.076 0.664 
 10 24.0610.E1    (0)    1 :  0.163 0.028 0.319 0.490 
 11 24.0611.E1    (0)    1 :  0.069 0.158 0.581 0.191 
 12 24.0612.E1    (0)    1 :  0.023 0.167 0.794 0.017 
 13 24.0613.E1    (0)    1 :  0.081 0.089 0.651 0.179 
 14 24.0614.E1    (0)    1 :  0.022 0.048 0.678 0.252 
 15 24.0615.E1    (0)    1 :  0.030 0.096 0.439 0.435 
 16 24.0616.E1    (0)    1 :  0.025 0.316 0.593 0.067 
 17 24.0617.E1    (0)    1 :  0.028 0.122 0.152 0.697 
 18 24.0618.E1    (0)    1 :  0.120 0.140 0.227 0.514 
 19 24.0619.E1    (0)    1 :  0.603 0.251 0.095 0.051 
 20 24.0620.E1   (20)    1 :  0.099 0.057 0.745 0.099 
 21 24.0621.E1    (0)    1 :  0.492 0.189 0.023 0.296 
 22 24.0622.E1    (0)    1 :  0.075 0.215 0.679 0.030 
 23 24.0623.E1    (0)    1 :  0.096 0.474 0.336 0.094 
 24 24.0624.E1    (0)    1 :  0.032 0.123 0.753 0.092 
 25 24.0625.E1    (0)    2 :  0.062 0.703 0.166 0.069 
 26 24.0626.E1    (0)    2 :  0.020 0.840 0.097 0.043 
 27 24.0627.E1    (0)    2 :  0.277 0.673 0.035 0.015 
 28 24.0628.E1    (0)    2 :  0.210 0.318 0.292 0.180 
 29 24.0629.E1    (0)    2 :  0.028 0.902 0.048 0.022 
 30 24.0630.E1    (0)    2 :  0.032 0.785 0.160 0.022 
 31 24.0631.E1    (0)    2 :  0.013 0.952 0.028 0.008 
 32 24.0632.E1    (0)    2 :  0.019 0.881 0.086 0.014 
 33 24.0633.E1    (0)    2 :  0.219 0.461 0.205 0.114 
 34 24.0634.E1    (0)    2 :  0.021 0.944 0.020 0.016 
 35 24.0635.E1    (0)    2 :  0.294 0.570 0.084 0.052 
 36 24.0636.E1   (33)    2 :  0.082 0.070 0.828 0.019 
 37 24.0637.E1    (0)    2 :  0.015 0.959 0.018 0.008 
 38 24.0638.E1    (0)    2 :  0.152 0.818 0.017 0.013 
 39 24.0639.E1    (0)    2 :  0.019 0.881 0.056 0.044 
 40 24.0640.E1    (0)    2 :  0.018 0.937 0.032 0.013 
 41 24.0641.E1    (0)    2 :  0.240 0.648 0.070 0.042 
 42 24.0642.E1    (0)    2 :  0.168 0.481 0.339 0.012 
 43 24.0643.E1    (0)    2 :  0.137 0.749 0.095 0.019 
 44 24.0644.E1    (0)    2 :  0.041 0.825 0.023 0.111 
 45 24.0645.E1    (0)    2 :  0.053 0.703 0.137 0.108 
 46 24.0646.E1    (0)    2 :  0.039 0.824 0.024 0.113 
 47 24.0647.E1    (0)    2 :  0.015 0.960 0.017 0.008 
 48 24.0648.E1    (0)    2 :  0.015 0.960 0.018 0.008 
 49 24.0649.E1    (0)    3 :  0.853 0.025 0.012 0.109 
 50 24.0650.E1    (0)    3 :  0.437 0.012 0.085 0.467 
 51 24.0651.E1    (0)    3 :  0.240 0.675 0.032 0.053 
 52 24.0652.E1    (0)    3 :  0.518 0.017 0.025 0.440 
 53 24.0653.E1    (0)    3 :  0.492 0.431 0.013 0.064 
 54 24.0654.E1    (0)    3 :  0.485 0.031 0.014 0.470 
 55 24.0655.E1    (0)    3 :  0.347 0.301 0.067 0.284 
 56 24.0656.E1    (0)    3 :  0.417 0.019 0.052 0.512 
 57 24.0657.E1    (0)    3 :  0.440 0.018 0.047 0.495 
 58 24.0658.E1    (0)    3 :  0.675 0.041 0.042 0.243 
 59 24.0659.E1    (0)    3 :  0.571 0.184 0.027 0.218 
 60 24.0660.E1    (6)    3 :  0.888 0.043 0.039 0.030 
 61 24.0661.E1    (0)    3 :  0.223 0.019 0.072 0.687 
 62 24.0662.E1    (0)    3 :  0.264 0.492 0.070 0.174 
 63 24.0663.E1    (0)    3 :  0.068 0.018 0.014 0.900 
 64 24.0664.E1    (0)    3 :  0.675 0.029 0.033 0.263 
 65 24.0665.E1    (0)    3 :  0.687 0.025 0.140 0.148 
 66 24.0666.E1    (0)    3 :  0.465 0.485 0.018 0.032 
 67 24.0667.E1    (0)    3 :  0.572 0.388 0.014 0.026 
 68 24.0668.E1    (0)    3 :  0.459 0.514 0.010 0.017 
 69 24.0669.E1    (0)    3 :  0.457 0.511 0.012 0.019 
 70 24.0670.E1    (0)    3 :  0.413 0.139 0.032 0.417 
 71 24.0671.E1    (0)    3 :  0.533 0.079 0.035 0.354 
 72 24.0672.E1    (0)    3 :  0.918 0.035 0.028 0.020 
 73 24.0673.E1    (6)    4 :  0.057 0.034 0.806 0.103 
 74 24.0674.E1    (0)    4 :  0.092 0.030 0.847 0.032 
 75 24.0675.E1    (0)    4 :  0.311 0.048 0.258 0.383 
 76 24.0676.E1    (0)    4 :  0.277 0.028 0.091 0.604 
 77 24.0677.E1    (0)    4 :  0.145 0.059 0.125 0.671 
 78 24.0678.E1    (0)    4 :  0.210 0.577 0.175 0.037 
 79 24.0679.E1    (0)    4 :  0.805 0.035 0.076 0.084 
 80 24.0680.E1    (0)    4 :  0.918 0.028 0.035 0.019 
 81 24.0681.E1    (0)    4 :  0.749 0.026 0.203 0.023 
 82 24.0682.E1    (0)    4 :  0.654 0.025 0.279 0.042 
 83 24.0683.E1    (0)    4 :  0.051 0.019 0.909 0.021 
 84 24.0684.E1    (0)    4 :  0.098 0.068 0.809 0.025 
 85 24.0685.E1    (0)    4 :  0.555 0.047 0.373 0.025 
 86 24.0686.E1    (0)    4 :  0.351 0.562 0.057 0.030 
 87 24.0687.E1    (0)    4 :  0.242 0.661 0.064 0.034 
 88 24.0688.E1    (0)    4 :  0.730 0.025 0.223 0.022 
 89 24.0689.E1    (0)    4 :  0.183 0.059 0.215 0.542 
 90 24.0690.E1    (0)    4 :  0.578 0.349 0.053 0.020 
 91 24.0691.E1    (0)    4 :  0.476 0.030 0.421 0.073 
 92 24.0692.E1    (0)    4 :  0.803 0.018 0.102 0.076 
 93 24.0693.E1    (0)    4 :  0.347 0.021 0.476 0.156 
 94 24.0694.E1    (0)    4 :  0.735 0.021 0.221 0.023 
 95 24.0695.E1    (0)    4 :  0.586 0.021 0.306 0.087 
 96 24.0696.E1    (0)    4 :  0.553 0.046 0.362 0.040 
 97 24.0697.E1    (0)    5 :  0.610 0.084 0.249 0.057 
 98 24.0698.E1    (0)    5 :  0.164 0.328 0.366 0.142 
 99 24.0699.E1    (0)    5 :  0.267 0.500 0.078 0.155 
100 24.0700.E1    (0)    5 :  0.926 0.031 0.021 0.022 
101 24.0701.E1    (0)    5 :  0.405 0.512 0.051 0.032 
102 24.0702.E1    (0)    5 :  0.798 0.114 0.065 0.023 
103 24.0703.E1    (0)    5 :  0.238 0.629 0.045 0.088 
104 24.0704.E1    (6)    5 :  0.194 0.624 0.084 0.097 
105 24.0705.E1    (0)    5 :  0.818 0.038 0.129 0.016 
106 24.0706.E1    (0)    5 :  0.936 0.019 0.020 0.024 
107 24.0707.E1    (0)    5 :  0.761 0.152 0.069 0.017 
108 24.0708.E1    (0)    5 :  0.035 0.542 0.131 0.292 
109 24.0709.E1    (0)    5 :  0.627 0.032 0.040 0.301 
110 24.0710.E1    (0)    5 :  0.181 0.282 0.402 0.135 
111 24.0711.E1    (0)    5 :  0.469 0.356 0.142 0.033 
112 24.0712.E1    (0)    5 :  0.397 0.544 0.042 0.017 
113 24.0713.E1    (0)    5 :  0.855 0.027 0.033 0.086 
114 24.0714.E1    (0)    5 :  0.664 0.191 0.062 0.082 
115 24.0715.E1    (0)    5 :  0.154 0.039 0.766 0.040 
116 24.0716.E1    (0)    5 :  0.308 0.490 0.091 0.110 
117 24.0717.E1    (0)    5 :  0.383 0.165 0.247 0.206 
118 24.0718.E1    (0)    5 :  0.903 0.055 0.029 0.013 
119 24.0719.E1    (0)    5 :  0.837 0.089 0.026 0.048 
120 24.0720.E1    (0)    5 :  0.843 0.046 0.029 0.082 
121 24.0721.E1    (0)    6 :  0.160 0.057 0.697 0.086 
122 24.0722.E1    (0)    6 :  0.040 0.267 0.675 0.018 
123 24.0723.E1    (0)    6 :  0.037 0.398 0.432 0.133 
124 24.0724.E1    (0)    6 :  0.043 0.067 0.778 0.111 
125 24.0725.E1    (0)    6 :  0.078 0.118 0.742 0.063 
126 24.0726.E1    (6)    6 :  0.169 0.027 0.781 0.022 
127 24.0727.E1    (0)    6 :  0.039 0.041 0.877 0.043 
128 24.0728.E1    (0)    6 :  0.046 0.153 0.752 0.049 
129 24.0729.E1    (0)    6 :  0.114 0.035 0.801 0.050 
130 24.0730.E1    (0)    6 :  0.208 0.103 0.525 0.164 
131 24.0731.E1    (0)    6 :  0.282 0.019 0.678 0.021 
132 24.0732.E1    (0)    6 :  0.037 0.018 0.931 0.014 
133 24.0733.E1    (0)    6 :  0.017 0.020 0.950 0.013 
134 24.0734.E1    (0)    6 :  0.030 0.026 0.929 0.016 
135 24.0735.E1    (0)    6 :  0.038 0.061 0.861 0.041 
136 24.0736.E1    (0)    6 :  0.016 0.024 0.945 0.016 
137 24.0737.E1    (0)    6 :  0.108 0.374 0.480 0.039 
138 24.0738.E1    (0)    6 :  0.035 0.024 0.914 0.026 
139 24.0739.E1    (0)    6 :  0.186 0.118 0.665 0.031 
140 24.0740.E1    (0)    6 :  0.247 0.054 0.622 0.077 
141 24.0741.E1    (0)    6 :  0.053 0.027 0.902 0.019 
142 24.0742.E1    (0)    6 :  0.016 0.018 0.953 0.013 
143 24.0743.E1    (0)    6 :  0.072 0.017 0.836 0.074 
144 24.0744.E1    (0)    6 :  0.232 0.137 0.555 0.075 
145 24.0745.E1    (0)    7 :  0.061 0.026 0.877 0.036 
146 24.0746.E1    (0)    7 :  0.058 0.170 0.745 0.027 
147 24.0747.E1    (0)    7 :  0.096 0.016 0.848 0.039 
148 24.0748.E1    (6)    7 :  0.145 0.020 0.767 0.068 
149 24.0749.E1    (0)    7 :  0.015 0.022 0.951 0.013 
150 24.0750.E1    (0)    7 :  0.238 0.038 0.682 0.042 
151 24.0751.E1    (0)    7 :  0.014 0.017 0.957 0.012 
152 24.0752.E1    (0)    7 :  0.011 0.016 0.962 0.011 
153 24.0753.E1    (0)    7 :  0.016 0.126 0.846 0.013 
154 24.0754.E1    (0)    7 :  0.018 0.014 0.952 0.016 
155 24.0755.E1    (0)    7 :  0.073 0.031 0.832 0.064 
156 24.0756.E1    (0)    7 :  0.014 0.016 0.943 0.027 
157 24.0757.E1    (0)    7 :  0.012 0.012 0.966 0.010 
158 24.0758.E1    (0)    7 :  0.013 0.012 0.965 0.010 
159 24.0759.E1    (0)    7 :  0.018 0.014 0.953 0.015 
160 24.0760.E1    (0)    7 :  0.052 0.222 0.710 0.016 
161 24.0761.E1    (0)    7 :  0.012 0.021 0.955 0.012 
162 24.0762.E1    (0)    7 :  0.573 0.083 0.260 0.085 
163 24.0763.E1    (0)    7 :  0.013 0.012 0.963 0.013 
164 24.0764.E1    (0)    7 :  0.013 0.015 0.962 0.010 
165 24.0765.E1    (0)    7 :  0.018 0.038 0.926 0.017 
166 24.0766.E1    (0)    7 :  0.013 0.012 0.962 0.013 
167 24.0767.E1    (0)    7 :  0.012 0.010 0.967 0.011 
168 24.0768.E1    (0)    7 :  0.127 0.022 0.789 0.062 
169 24.0779.E1    (0)    8 :  0.757 0.088 0.116 0.040 
170 24.0780.E1    (6)    8 :  0.588 0.023 0.015 0.375 
171 24.0781.E1    (0)    8 :  0.942 0.016 0.014 0.027 
172 24.0782.E1    (0)    8 :  0.273 0.124 0.529 0.074 
173 24.0783.E1    (0)    8 :  0.767 0.033 0.017 0.183 
174 24.0784.E1    (0)    8 :  0.833 0.045 0.016 0.105 
175 24.0785.E1    (0)    8 :  0.648 0.030 0.014 0.307 
176 24.0786.E1    (0)    8 :  0.698 0.027 0.054 0.221 
177 24.0787.E1    (0)    8 :  0.852 0.061 0.049 0.038 
178 24.0788.E1    (0)    8 :  0.757 0.027 0.019 0.197 
179 24.0789.E1    (0)    8 :  0.446 0.183 0.080 0.292 
180 24.0790.E1    (0)    8 :  0.912 0.020 0.010 0.058 
181 24.0791.E1    (0)    8 :  0.914 0.048 0.017 0.021 
182 24.0792.E1    (0)    8 :  0.805 0.016 0.049 0.130 
183 24.0793.E1    (0)    9 :  0.026 0.719 0.019 0.236 
184 24.0794.E1    (0)    9 :  0.186 0.045 0.200 0.570 
185 24.0795.E1    (0)    9 :  0.087 0.566 0.199 0.149 
186 24.0796.E1    (0)    9 :  0.105 0.026 0.015 0.854 
187 24.0797.E1    (0)    9 :  0.072 0.319 0.013 0.596 
188 24.0798.E1    (0)    9 :  0.282 0.475 0.048 0.195 
189 24.0799.E1    (0)    9 :  0.046 0.611 0.024 0.319 
190 24.0800.E1    (0)    9 :  0.072 0.032 0.027 0.869 
191 24.0801.E1    (0)    9 :  0.308 0.558 0.018 0.115 
192 24.0802.E1    (0)    9 :  0.042 0.712 0.017 0.229 
193 24.0803.E1    (0)    9 :  0.035 0.839 0.015 0.112 
194 24.0804.E1    (0)    9 :  0.017 0.363 0.012 0.608 
195 24.0805.E1    (0)    9 :  0.597 0.184 0.034 0.185 
196 24.0806.E1    (0)    9 :  0.020 0.905 0.018 0.058 
197 24.0807.E1    (0)    9 :  0.039 0.570 0.013 0.377 
198 24.0808.E1    (0)    9 :  0.453 0.049 0.025 0.473 
199 24.0809.E1    (0)    9 :  0.383 0.061 0.071 0.484 
200 24.0810.E1    (0)    9 :  0.047 0.549 0.083 0.321 
201 24.0811.E1    (0)    9 :  0.031 0.240 0.028 0.701 
202 24.0812.E1    (0)    9 :  0.152 0.058 0.034 0.755 
203 24.0813.E1    (0)    9 :  0.373 0.368 0.022 0.238 
204 24.0814.E1    (6)    9 :  0.062 0.152 0.012 0.774 
205 24.0815.E1    (0)    9 :  0.163 0.597 0.018 0.223 
206 24.0816.E1    (0)    9 :  0.041 0.683 0.013 0.263 
207 24.0817.E1    (0)   10 :  0.027 0.027 0.019 0.926 
208 24.0818.E1    (0)   10 :  0.048 0.044 0.054 0.854 
209 24.0819.E1    (0)   10 :  0.100 0.463 0.083 0.354 
210 24.0820.E1    (0)   10 :  0.018 0.031 0.166 0.785 
211 24.0821.E1    (0)   10 :  0.377 0.157 0.019 0.446 
212 24.0822.E1    (0)   10 :  0.025 0.012 0.026 0.936 
213 24.0823.E1    (0)   10 :  0.019 0.029 0.054 0.898 
214 24.0824.E1    (0)   10 :  0.217 0.289 0.036 0.459 
215 24.0825.E1    (0)   10 :  0.022 0.015 0.017 0.946 
216 24.0826.E1    (0)   10 :  0.031 0.029 0.084 0.855 
217 24.0827.E1    (0)   10 :  0.026 0.041 0.023 0.909 
218 24.0828.E1    (0)   10 :  0.037 0.027 0.027 0.909 
219 24.0829.E1    (0)   10 :  0.020 0.021 0.020 0.939 
220 24.0830.E1    (0)   10 :  0.156 0.018 0.013 0.814 
221 24.0831.E1    (0)   10 :  0.294 0.017 0.010 0.679 
222 24.0832.E1    (0)   10 :  0.013 0.010 0.012 0.965 
223 24.0833.E1    (0)   10 :  0.016 0.010 0.011 0.963 
224 24.0834.E1    (0)   10 :  0.020 0.014 0.018 0.948 
225 24.0835.E1    (0)   10 :  0.022 0.028 0.017 0.934 
226 24.0836.E1    (0)   10 :  0.046 0.024 0.030 0.899 
227 24.0837.E1    (0)   10 :  0.031 0.013 0.017 0.940 
228 24.0838.E1    (0)   10 :  0.034 0.013 0.022 0.931 
229 24.0839.E1    (0)   10 :  0.102 0.128 0.098 0.672 
230 24.0840.E1    (0)   10 :  0.019 0.119 0.018 0.844 
231 24.0841.E1    (0)   11 :  0.019 0.012 0.048 0.921 
232 24.0842.E1    (0)   11 :  0.070 0.074 0.030 0.826 
233 24.0843.E1    (0)   11 :  0.118 0.110 0.022 0.751 
234 24.0844.E1    (0)   11 :  0.237 0.172 0.027 0.564 
235 24.0845.E1    (0)   11 :  0.085 0.019 0.014 0.882 
236 24.0846.E1    (0)   11 :  0.033 0.033 0.021 0.913 
237 24.0847.E1    (0)   11 :  0.045 0.023 0.050 0.882 
238 24.0848.E1    (0)   11 :  0.057 0.019 0.013 0.911 
239 24.0849.E1    (0)   11 :  0.014 0.013 0.016 0.957 
240 24.0850.E1    (0)   11 :  0.014 0.013 0.016 0.957 
241 24.0851.E1    (0)   11 :  0.014 0.013 0.016 0.957 
242 24.0852.E1    (0)   11 :  0.050 0.013 0.028 0.909 
243 24.0853.E1    (0)   11 :  0.014 0.015 0.015 0.956 
244 24.0854.E1    (0)   11 :  0.379 0.318 0.020 0.284 
245 24.0855.E1    (0)   11 :  0.015 0.015 0.016 0.954 
246 24.0856.E1    (0)   11 :  0.082 0.722 0.099 0.098 
247 24.0857.E1    (0)   11 :  0.034 0.039 0.032 0.896 
248 24.0858.E1    (0)   11 :  0.042 0.026 0.032 0.900 
249 24.0859.E1    (0)   11 :  0.021 0.041 0.070 0.868 
250 24.0860.E1    (0)   11 :  0.033 0.706 0.034 0.227 
251 24.0861.E1    (0)   11 :  0.015 0.015 0.018 0.953 
252 24.0862.E1    (0)   11 :  0.064 0.550 0.024 0.361 
253 24.0863.E1    (0)   11 :  0.015 0.014 0.018 0.953 
254 24.0864.E1    (0)   11 :  0.634 0.023 0.140 0.203 
255 24.0865.E1    (0)   12 :  0.153 0.034 0.291 0.522 
256 24.0866.E1    (0)   12 :  0.210 0.051 0.160 0.579 
257 24.0867.E1    (0)   12 :  0.247 0.070 0.290 0.393 
258 24.0868.E1    (0)   12 :  0.801 0.047 0.046 0.106 
259 24.0869.E1    (0)   12 :  0.684 0.050 0.040 0.226 
260 24.0870.E1    (0)   12 :  0.653 0.202 0.078 0.068 
261 24.0871.E1    (0)   12 :  0.686 0.148 0.099 0.067 
262 24.0872.E1    (0)   12 :  0.648 0.024 0.190 0.138 
263 24.0873.E1    (0)   12 :  0.637 0.034 0.086 0.243 
264 24.0874.E1    (0)   12 :  0.173 0.042 0.267 0.518 
265 24.0875.E1    (0)   12 :  0.887 0.063 0.022 0.027 
266 24.0876.E1    (0)   12 :  0.798 0.046 0.142 0.014 
267 24.0877.E1    (0)   12 :  0.026 0.023 0.929 0.021 
268 24.0878.E1    (0)   12 :  0.280 0.023 0.536 0.162 
269 24.0879.E1    (0)   12 :  0.342 0.246 0.393 0.019 
270 24.0880.E1    (0)   12 :  0.483 0.038 0.038 0.441 
271 24.0881.E1    (0)   12 :  0.019 0.056 0.890 0.035 
272 24.0882.E1    (0)   12 :  0.015 0.015 0.957 0.013 
273 24.0883.E1    (0)   12 :  0.170 0.123 0.685 0.022 
274 24.0884.E1    (0)   12 :  0.071 0.017 0.882 0.030 
275 24.0885.E1    (0)   12 :  0.603 0.029 0.340 0.028 
276 24.0886.E1    (0)   12 :  0.323 0.028 0.627 0.022 
277 24.0887.E1    (0)   12 :  0.071 0.100 0.817 0.013 
278 24.0888.E1    (0)   12 :  0.939 0.023 0.016 0.022 


Estimated Allele Frequencies in each cluster
First column gives estimated ancestral frequencies


Locus 1 : 
31 alleles
0.0% missing data
 115   (0.042) 0.045 0.014 0.092 0.008 
 117   (0.034) 0.024 0.011 0.207 0.005 
 119   (0.039) 0.013 0.133 0.269 0.003 
 131   (0.019) 0.008 0.002 0.024 0.002 
 128   (0.036) 0.045 0.006 0.011 0.023 
 135   (0.017) 0.007 0.003 0.029 0.003 
 126   (0.070) 0.070 0.040 0.053 0.168 
 122   (0.024) 0.012 0.124 0.003 0.004 
 132   (0.030) 0.025 0.008 0.007 0.028 
 141   (0.011) 0.003 0.005 0.002 0.001 
 130   (0.053) 0.087 0.034 0.015 0.022 
 134   (0.039) 0.025 0.066 0.003 0.038 
 145   (0.026) 0.017 0.011 0.008 0.019 
 127   (0.024) 0.007 0.017 0.084 0.001 
 116   (0.109) 0.191 0.152 0.031 0.194 
 114   (0.044) 0.030 0.077 0.005 0.146 
 120   (0.038) 0.053 0.064 0.006 0.004 
 110   (0.048) 0.032 0.035 0.029 0.046 
 133   (0.016) 0.005 0.007 0.007 0.001 
 118   (0.112) 0.225 0.157 0.023 0.226 
 125   (0.015) 0.005 0.005 0.001 0.008 
 129   (0.021) 0.010 0.003 0.030 0.001 
 124   (0.019) 0.015 0.007 0.003 0.002 
 136   (0.025) 0.020 0.004 0.003 0.034 
 121   (0.015) 0.003 0.001 0.030 0.001 
 139   (0.012) 0.004 0.002 0.004 0.001 
 113   (0.012) 0.002 0.001 0.006 0.001 
 111   (0.012) 0.003 0.001 0.006 0.001 
 143   (0.012) 0.002 0.001 0.006 0.001 
 140   (0.015) 0.012 0.004 0.001 0.002 
 112   (0.012) 0.003 0.001 0.001 0.006 

Locus 2 : 
18 alleles
0.0% missing data
 152   (0.358) 0.376 0.478 0.673 0.315 
 148   (0.070) 0.063 0.118 0.120 0.006 
 154   (0.112) 0.107 0.160 0.053 0.134 
 156   (0.017) 0.005 0.008 0.004 0.003 
 150   (0.025) 0.006 0.031 0.022 0.001 
 164   (0.074) 0.065 0.033 0.056 0.081 
 158   (0.034) 0.023 0.047 0.011 0.004 
 160   (0.020) 0.012 0.003 0.010 0.002 
 166   (0.021) 0.013 0.020 0.002 0.002 
 151   (0.073) 0.138 0.034 0.005 0.310 
 147   (0.068) 0.114 0.040 0.006 0.122 
 168   (0.023) 0.020 0.007 0.002 0.005 
 153   (0.017) 0.011 0.004 0.002 0.003 
 149   (0.024) 0.020 0.005 0.007 0.001 
 162   (0.019) 0.008 0.008 0.003 0.009 
 167   (0.015) 0.003 0.002 0.012 0.001 
 146   (0.014) 0.003 0.001 0.013 0.001 
 172   (0.015) 0.014 0.002 0.001 0.001 

Locus 3 : 
4 alleles
0.0% missing data
 128   (0.295) 0.279 0.261 0.320 0.353 
 126   (0.612) 0.665 0.661 0.650 0.560 
 132   (0.076) 0.050 0.065 0.029 0.086 
 134   (0.017) 0.007 0.012 0.001 0.001 

Locus 4 : 
3 alleles
0.0% missing data
 170   (0.311) 0.282 0.361 0.278 0.324 
 172   (0.675) 0.714 0.635 0.720 0.674 
 171   (0.014) 0.004 0.004 0.002 0.002 

Locus 5 : 
37 alleles
0.0% missing data
 125   (0.048) 0.038 0.071 0.047 0.071 
 110   (0.033) 0.019 0.028 0.014 0.066 
 129   (0.038) 0.045 0.019 0.021 0.048 
 113   (0.039) 0.059 0.034 0.008 0.035 
 145   (0.050) 0.079 0.015 0.171 0.027 
 155   (0.047) 0.029 0.149 0.065 0.039 
 117   (0.030) 0.042 0.010 0.045 0.003 
 124   (0.011) 0.003 0.003 0.010 0.001 
 133   (0.031) 0.050 0.008 0.051 0.004 
 157   (0.052) 0.087 0.061 0.022 0.043 
 141   (0.016) 0.023 0.002 0.002 0.003 
 112   (0.059) 0.038 0.120 0.119 0.129 
 121   (0.022) 0.011 0.019 0.003 0.023 
 114   (0.036) 0.028 0.009 0.122 0.050 
 153   (0.057) 0.077 0.085 0.023 0.088 
 127   (0.060) 0.089 0.035 0.082 0.132 
 131   (0.054) 0.036 0.145 0.108 0.051 
 135   (0.030) 0.039 0.008 0.005 0.047 
 104   (0.011) 0.004 0.004 0.002 0.001 
 118   (0.020) 0.015 0.012 0.006 0.001 
 116   (0.028) 0.022 0.038 0.007 0.008 
 137   (0.021) 0.010 0.078 0.007 0.002 
 123   (0.021) 0.009 0.009 0.005 0.052 
 149   (0.011) 0.005 0.001 0.001 0.002 
 138   (0.015) 0.028 0.002 0.001 0.004 
 143   (0.027) 0.013 0.006 0.029 0.038 
 163   (0.011) 0.004 0.006 0.001 0.001 
 109   (0.012) 0.011 0.001 0.003 0.001 
 139   (0.010) 0.007 0.002 0.001 0.001 
 106   (0.010) 0.007 0.002 0.001 0.001 
 144   (0.014) 0.022 0.003 0.001 0.003 
 122   (0.011) 0.003 0.001 0.012 0.001 
 100   (0.018) 0.015 0.009 0.001 0.014 
 111   (0.014) 0.019 0.001 0.001 0.002 
 233   (0.010) 0.005 0.002 0.001 0.003 
 134   (0.010) 0.004 0.001 0.001 0.004 
 140   (0.011) 0.007 0.001 0.001 0.001 

Locus 6 : 
17 alleles
0.0% missing data
 221   (0.020) 0.005 0.005 0.104 0.002 
 232   (0.232) 0.274 0.239 0.295 0.422 
 229   (0.053) 0.022 0.048 0.068 0.048 
 223   (0.059) 0.042 0.035 0.051 0.059 
 230   (0.155) 0.197 0.120 0.205 0.137 
 235   (0.019) 0.005 0.015 0.024 0.002 
 236   (0.043) 0.035 0.026 0.039 0.005 
 227   (0.023) 0.011 0.009 0.030 0.002 
 220   (0.051) 0.039 0.110 0.004 0.070 
 222   (0.044) 0.044 0.165 0.003 0.015 
 234   (0.130) 0.154 0.145 0.110 0.110 
 224   (0.037) 0.033 0.021 0.003 0.036 
 228   (0.060) 0.102 0.035 0.008 0.060 
 225   (0.013) 0.003 0.006 0.002 0.001 
 226   (0.020) 0.005 0.014 0.002 0.029 
 233   (0.024) 0.014 0.003 0.044 0.002 
 231   (0.018) 0.015 0.002 0.011 0.001 

Locus 7 : 
10 alleles
0.0% missing data
 121   (0.687) 0.801 0.784 0.804 0.762 
 129   (0.073) 0.048 0.022 0.088 0.128 
 130   (0.016) 0.003 0.014 0.002 0.002 
 123   (0.101) 0.076 0.116 0.061 0.097 
 128   (0.023) 0.006 0.019 0.011 0.001 
 131   (0.016) 0.004 0.016 0.002 0.001 
 117   (0.014) 0.008 0.001 0.001 0.001 
 125   (0.015) 0.008 0.010 0.001 0.001 
 134   (0.040) 0.042 0.017 0.019 0.005 
 132   (0.015) 0.004 0.002 0.011 0.001 

Locus 8 : 
19 alleles
0.0% missing data
 184   (0.296) 0.391 0.481 0.437 0.334 
 194   (0.047) 0.049 0.028 0.034 0.009 
 178   (0.089) 0.058 0.113 0.118 0.195 
 176   (0.076) 0.101 0.019 0.126 0.056 
 182   (0.081) 0.068 0.059 0.117 0.073 
 190   (0.032) 0.008 0.044 0.021 0.013 
 196   (0.021) 0.011 0.002 0.002 0.037 
 200   (0.030) 0.017 0.025 0.015 0.002 
 180   (0.024) 0.013 0.052 0.003 0.003 
 188   (0.040) 0.038 0.010 0.010 0.044 
 174   (0.041) 0.046 0.023 0.030 0.003 
 186   (0.118) 0.159 0.103 0.075 0.178 
 192   (0.026) 0.008 0.012 0.006 0.038 
 201   (0.013) 0.003 0.007 0.001 0.001 
 199   (0.018) 0.009 0.014 0.001 0.004 
 185   (0.012) 0.005 0.001 0.001 0.003 
 203   (0.012) 0.006 0.001 0.001 0.002 
 198   (0.012) 0.006 0.002 0.001 0.003 
 209   (0.012) 0.004 0.003 0.001 0.003 

Locus 9 : 
6 alleles
0.4% missing data
 154   (0.685) 0.739 0.747 0.685 0.809 
 156   (0.211) 0.211 0.228 0.252 0.094 
 152   (0.046) 0.024 0.008 0.030 0.089 
 153   (0.016) 0.008 0.007 0.002 0.003 
 160   (0.017) 0.008 0.007 0.001 0.004 
 164   (0.024) 0.012 0.003 0.030 0.001 

Locus 10 : 
29 alleles
0.7% missing data
 305   (0.052) 0.038 0.200 0.040 0.010 
 313   (0.050) 0.041 0.016 0.070 0.023 
 311   (0.017) 0.007 0.002 0.008 0.002 
 299   (0.081) 0.044 0.099 0.152 0.198 
 315   (0.071) 0.089 0.043 0.090 0.012 
 287   (0.042) 0.091 0.129 0.010 0.014 
 291   (0.097) 0.137 0.027 0.063 0.333 
 295   (0.034) 0.060 0.005 0.049 0.003 
 289   (0.019) 0.006 0.060 0.002 0.007 
 303   (0.069) 0.043 0.027 0.243 0.162 
 297   (0.033) 0.007 0.009 0.093 0.056 
 293   (0.022) 0.046 0.014 0.002 0.002 
 301   (0.060) 0.070 0.068 0.032 0.011 
 285   (0.021) 0.005 0.194 0.002 0.003 
 307   (0.053) 0.033 0.019 0.108 0.049 
 312   (0.053) 0.092 0.025 0.005 0.049 
 306   (0.025) 0.045 0.003 0.003 0.005 
 320   (0.015) 0.014 0.001 0.001 0.001 
 317   (0.022) 0.020 0.003 0.005 0.025 
 314   (0.025) 0.022 0.006 0.010 0.002 
 323   (0.013) 0.008 0.001 0.001 0.001 
 325   (0.013) 0.008 0.001 0.001 0.001 
 310   (0.020) 0.017 0.002 0.001 0.012 
 309   (0.014) 0.013 0.003 0.001 0.001 
 316   (0.020) 0.016 0.002 0.001 0.006 
 296   (0.014) 0.008 0.001 0.001 0.001 
 304   (0.016) 0.003 0.029 0.001 0.004 
 321   (0.016) 0.008 0.007 0.001 0.003 
 332   (0.015) 0.010 0.003 0.001 0.004 

Locus 11 : 
19 alleles
0.0% missing data
 114   (0.141) 0.167 0.190 0.237 0.017 
 126   (0.019) 0.004 0.008 0.031 0.001 
 111   (0.082) 0.034 0.162 0.033 0.548 
 116   (0.092) 0.079 0.087 0.189 0.017 
 132   (0.014) 0.003 0.002 0.006 0.001 
 109   (0.019) 0.005 0.006 0.018 0.003 
 128   (0.019) 0.010 0.002 0.003 0.004 
 112   (0.343) 0.513 0.422 0.428 0.074 
 122   (0.018) 0.009 0.005 0.004 0.002 
 124   (0.013) 0.003 0.009 0.002 0.001 
 118   (0.051) 0.037 0.036 0.026 0.025 
 127   (0.014) 0.008 0.002 0.001 0.001 
 113   (0.043) 0.035 0.024 0.003 0.256 
 115   (0.037) 0.040 0.024 0.010 0.004 
 120   (0.024) 0.012 0.003 0.002 0.030 
 117   (0.023) 0.010 0.011 0.002 0.006 
 125   (0.017) 0.019 0.002 0.001 0.002 
 119   (0.017) 0.007 0.005 0.001 0.007 
 136   (0.014) 0.005 0.003 0.002 0.001 

Locus 12 : 
28 alleles
0.7% missing data
 306   (0.050) 0.024 0.220 0.039 0.012 
 314   (0.054) 0.030 0.014 0.062 0.067 
 312   (0.015) 0.003 0.002 0.013 0.001 
 300   (0.086) 0.045 0.101 0.160 0.196 
 316   (0.036) 0.009 0.028 0.086 0.010 
 288   (0.043) 0.087 0.129 0.010 0.014 
 292   (0.102) 0.140 0.028 0.064 0.334 
 296   (0.039) 0.067 0.006 0.049 0.004 
 290   (0.020) 0.006 0.060 0.002 0.007 
 304   (0.078) 0.045 0.028 0.246 0.161 
 298   (0.035) 0.008 0.009 0.094 0.056 
 294   (0.026) 0.046 0.014 0.002 0.002 
 302   (0.062) 0.071 0.068 0.032 0.011 
 286   (0.021) 0.005 0.203 0.002 0.003 
 308   (0.033) 0.015 0.018 0.098 0.002 
 313   (0.043) 0.104 0.025 0.005 0.004 
 307   (0.044) 0.060 0.005 0.010 0.058 
 321   (0.016) 0.014 0.002 0.001 0.001 
 315   (0.048) 0.103 0.017 0.012 0.005 
 318   (0.018) 0.016 0.002 0.001 0.025 
 324   (0.013) 0.008 0.001 0.001 0.001 
 326   (0.013) 0.008 0.001 0.001 0.001 
 311   (0.026) 0.029 0.003 0.003 0.017 
 310   (0.016) 0.013 0.003 0.001 0.001 
 305   (0.018) 0.017 0.004 0.002 0.002 
 317   (0.016) 0.014 0.002 0.001 0.001 
 320   (0.013) 0.006 0.002 0.001 0.002 
 322   (0.016) 0.008 0.007 0.001 0.003 

Locus 13 : 
7 alleles
1.1% missing data
 161   (0.570) 0.620 0.310 0.806 0.443 
 163   (0.305) 0.342 0.273 0.113 0.485 
 160   (0.027) 0.009 0.199 0.003 0.002 
 162   (0.022) 0.005 0.206 0.002 0.001 
 165   (0.043) 0.015 0.008 0.040 0.067 
 166   (0.015) 0.005 0.002 0.004 0.001 
 164   (0.018) 0.003 0.002 0.032 0.001 

Locus 14 : 
4 alleles
0.4% missing data
  98   (0.954) 0.981 0.995 0.985 0.997 
 100   (0.015) 0.007 0.002 0.001 0.001 
  96   (0.016) 0.004 0.002 0.012 0.001 
 105   (0.015) 0.008 0.001 0.001 0.001 

Locus 15 : 
12 alleles
2.2% missing data
 171   (0.288) 0.325 0.266 0.311 0.331 
 177   (0.186) 0.220 0.275 0.114 0.108 
 173   (0.257) 0.298 0.205 0.187 0.497 
 179   (0.097) 0.048 0.213 0.290 0.030 
 183   (0.021) 0.006 0.006 0.018 0.005 
 181   (0.045) 0.030 0.007 0.053 0.022 
 197   (0.025) 0.017 0.003 0.018 0.002 
 170   (0.016) 0.014 0.002 0.001 0.001 
 189   (0.016) 0.006 0.013 0.001 0.001 
 203   (0.018) 0.017 0.002 0.005 0.001 
 187   (0.018) 0.012 0.006 0.001 0.001 
 198   (0.014) 0.006 0.003 0.001 0.002 

Values of parameters used in structure:
DATAFILE=STRUCTURE_main_final_278_HEG_ZG.str,	OUTFILE=STRUCTURE_main_final_278_HEG_ZG-K4-10,	NUMINDS=278,	NUMLOCI=15,	MISSING=-9,	LABEL=1,	POPDATA=1,	POPFLAG=0,	PHENOTYPE=0,	EXTRACOLS=0,	MAXPOPS=4,	BURNIN=100000,	NUMREPS=500000,	USEPOPINFO=0,	INFERALPHA=1,	INFERLAMBDA=0,	POPSPECIFICLAMBDA=0,	POPALPHAS=0,	COMPUTEPROB=1,	NOADMIX=0,	ADMBURNIN=2500,	UPDATEFREQ=1,	PRINTLIKES=0,	INTERMEDSAVE=0,	PRINTKLD=0,	PRINTNET=0,	PRINTLAMBDA=0,	ANCESTDIST=0,	NUMBOXES=1000,	ANCESTPINT=0.90000,	GENSBACK=2,	MIGRPRIOR=0.05000,	PRINTQHAT=0,	PRINTQSUM=0,	ALPHA=1.0000,	FREQSCORR=1,	FPRIORMEAN=0.0100,	FPRIORSD=0.0500,	ONEFST=0,	LAMBDA=1.0000,	UNIFPRIORALPHA=1,	ALPHAMAX=10.0000,	ALPHAPRIORA=1.0000,	ALPHAPRIORB=2.0000,	ALPHAPROPSD=0.0250,	STARTATPOPINFO=0,	RANDOMIZE=1,	LINKAGE=0,	METROFREQ=10,	REPORTHITRATE=0,	MARKOVPHASE=-1,	PHASED=0,	PLOIDY=2,	PHASEINFO=0	LOCPRIOR=0, 	LOCPRIORINIT=1.000000, 	LOCDATA=0, 	LOCISPOP=0, 	LOCPRIORSTEP=0.100000, 	MAXLOCPRIOR=20.000000, 	SEED=1782480293,	
[STRAT parameters]:    NUMSIMSTATS=1000,	PHENOTYPECOL=-9,	POOLFREQ=10,	LOCUSxONLY=0,	EMERROR=0.00100,	MISSINGPHENO=-9,	