

----------------------------------------------------
STRUCTURE by Pritchard, Stephens and Donnelly (2000)
     and Falush, Stephens and Pritchard (2003)
       Code by Pritchard, Falush and Hubisz
             Version 2.3.4 (Jul 2012)
----------------------------------------------------



Command line arguments:   structure -K 12 -i STRUCTURE_main_final_278_HEG_ZG.str -o STRUCTURE_main_final_278_HEG_ZG-K12-4 
Input File:    STRUCTURE_main_final_278_HEG_ZG.str

Run parameters:
   278 individuals
   15 loci
   12 populations assumed
   100000 Burn-in period
   500000 Reps


--------------------------------------------
Proportion of membership of each pre-defined
 population in each of the 12 clusters

Given    Inferred Clusters                                                                      Number of
 Pop       1      2      3      4      5      6      7      8      9     10     11     12      Individuals

  1:     0.060  0.070  0.092  0.032  0.019  0.085  0.012  0.541  0.032  0.033  0.013  0.011       24
  2:     0.220  0.052  0.057  0.030  0.038  0.015  0.013  0.018  0.017  0.012  0.035  0.493       24
  3:     0.049  0.009  0.021  0.021  0.210  0.042  0.328  0.017  0.014  0.051  0.232  0.007       24
  4:     0.076  0.032  0.116  0.481  0.033  0.044  0.052  0.042  0.020  0.055  0.037  0.013       24
  5:     0.043  0.046  0.184  0.172  0.013  0.019  0.150  0.023  0.034  0.208  0.089  0.018       24
  6:     0.029  0.174  0.047  0.101  0.026  0.013  0.039  0.440  0.013  0.066  0.026  0.026       24
  7:     0.049  0.724  0.041  0.043  0.008  0.014  0.012  0.052  0.020  0.012  0.014  0.011       24
  8:     0.035  0.011  0.134  0.046  0.035  0.049  0.588  0.024  0.012  0.045  0.013  0.009       14
  9:     0.045  0.006  0.023  0.014  0.042  0.051  0.034  0.035  0.387  0.310  0.029  0.023       24
 10:     0.012  0.016  0.046  0.011  0.145  0.603  0.034  0.011  0.034  0.038  0.041  0.008       24
 11:     0.043  0.010  0.035  0.027  0.331  0.237  0.023  0.019  0.081  0.112  0.074  0.007       24
 12:     0.030  0.104  0.110  0.141  0.071  0.047  0.081  0.271  0.076  0.012  0.043  0.014       24
--------------------------------------------

Allele-freq. divergence among pops (Net nucleotide distance),
computed using point estimates of P.

      1       2       3       4       5       6       7       8       9      10      11      12      
 1      -    0.1040  0.0879  0.0880  0.1454  0.1414  0.0933  0.0906  0.1238  0.1108  0.1409  0.1311  
 2   0.1040     -    0.0793  0.0749  0.0954  0.1464  0.0952  0.0758  0.1138  0.1176  0.1411  0.1370  
 3   0.0879  0.0793     -    0.0374  0.0804  0.0666  0.0320  0.0373  0.0720  0.0375  0.0823  0.0824  
 4   0.0880  0.0749  0.0374     -    0.1002  0.0771  0.0425  0.0384  0.0543  0.0763  0.0938  0.0949  
 5   0.1454  0.0954  0.0804  0.1002     -    0.0872  0.0761  0.0961  0.1031  0.0793  0.1257  0.1545  
 6   0.1414  0.1464  0.0666  0.0771  0.0872     -    0.0572  0.0739  0.0731  0.0611  0.1213  0.1243  
 7   0.0933  0.0952  0.0320  0.0425  0.0761  0.0572     -    0.0434  0.0680  0.0434  0.0780  0.0847  
 8   0.0906  0.0758  0.0373  0.0384  0.0961  0.0739  0.0434     -    0.0570  0.0514  0.0981  0.0887  
 9   0.1238  0.1138  0.0720  0.0543  0.1031  0.0731  0.0680  0.0570     -    0.0856  0.1099  0.1316  
10   0.1108  0.1176  0.0375  0.0763  0.0793  0.0611  0.0434  0.0514  0.0856     -    0.1054  0.1001  
11   0.1409  0.1411  0.0823  0.0938  0.1257  0.1213  0.0780  0.0981  0.1099  0.1054     -    0.1413  
12   0.1311  0.1370  0.0824  0.0949  0.1545  0.1243  0.0847  0.0887  0.1316  0.1001  0.1413     -    

Average distances (expected heterozygosity) between individuals in same cluster:
cluster  1  : 0.5356 
cluster  2  : 0.5404 
cluster  3  : 0.6233 
cluster  4  : 0.5982 
cluster  5  : 0.5414 
cluster  6  : 0.5980 
cluster  7  : 0.6330 
cluster  8  : 0.6125 
cluster  9  : 0.5541 
cluster 10  : 0.6052 
cluster 11  : 0.5709 
cluster 12  : 0.5837 

--------------------------------------------
Estimated Ln Prob of Data   = -12143.2
Mean value of ln likelihood = -11336.4
Variance of ln likelihood   = 1613.5
Mean value of alpha         = 0.0485

Mean value of Fst_1         = 0.2689
Mean value of Fst_2         = 0.2228
Mean value of Fst_3         = 0.1627
Mean value of Fst_4         = 0.1262
Mean value of Fst_5         = 0.2472
Mean value of Fst_6         = 0.1763
Mean value of Fst_7         = 0.0760
Mean value of Fst_8         = 0.1014
Mean value of Fst_9         = 0.2090
Mean value of Fst_10         = 0.1826
Mean value of Fst_11         = 0.2154
Mean value of Fst_12         = 0.2459


Inferred ancestry of individuals:
        Label (%Miss) Pop:  Inferred clusters
  1 24.0601.E1    (0)    1 :  0.296 0.015 0.012 0.009 0.011 0.007 0.006 0.616 0.006 0.006 0.009 0.007 
  2 24.0602.E1    (0)    1 :  0.007 0.011 0.036 0.007 0.010 0.012 0.009 0.857 0.009 0.028 0.011 0.005 
  3 24.0603.E1    (0)    1 :  0.017 0.021 0.016 0.041 0.008 0.005 0.031 0.815 0.009 0.025 0.008 0.005 
  4 24.0604.E1    (0)    1 :  0.005 0.005 0.016 0.080 0.005 0.037 0.005 0.665 0.020 0.005 0.144 0.013 
  5 24.0605.E1    (0)    1 :  0.159 0.040 0.016 0.034 0.014 0.010 0.009 0.664 0.022 0.021 0.007 0.005 
  6 24.0606.E1    (0)    1 :  0.018 0.018 0.026 0.073 0.007 0.019 0.008 0.752 0.008 0.060 0.005 0.006 
  7 24.0607.E1    (0)    1 :  0.011 0.336 0.050 0.012 0.008 0.009 0.017 0.052 0.327 0.163 0.008 0.006 
  8 24.0608.E1    (0)    1 :  0.011 0.102 0.025 0.007 0.149 0.037 0.008 0.625 0.018 0.009 0.006 0.004 
  9 24.0609.E1    (0)    1 :  0.005 0.006 0.078 0.211 0.012 0.431 0.020 0.164 0.050 0.010 0.008 0.006 
 10 24.0610.E1    (0)    1 :  0.005 0.008 0.009 0.044 0.004 0.388 0.018 0.492 0.009 0.014 0.004 0.006 
 11 24.0611.E1    (0)    1 :  0.163 0.006 0.009 0.026 0.006 0.046 0.008 0.697 0.020 0.009 0.005 0.005 
 12 24.0612.E1    (0)    1 :  0.300 0.015 0.010 0.006 0.004 0.007 0.006 0.619 0.007 0.011 0.011 0.005 
 13 24.0613.E1    (0)    1 :  0.004 0.005 0.007 0.025 0.005 0.017 0.005 0.901 0.008 0.009 0.005 0.010 
 14 24.0614.E1    (0)    1 :  0.007 0.288 0.122 0.011 0.101 0.013 0.008 0.255 0.037 0.148 0.005 0.005 
 15 24.0615.E1    (0)    1 :  0.011 0.056 0.070 0.010 0.022 0.191 0.008 0.507 0.059 0.024 0.020 0.022 
 16 24.0616.E1    (0)    1 :  0.008 0.005 0.011 0.011 0.006 0.011 0.005 0.888 0.024 0.009 0.006 0.014 
 17 24.0617.E1    (0)    1 :  0.012 0.021 0.022 0.017 0.009 0.558 0.011 0.246 0.032 0.033 0.006 0.033 
 18 24.0618.E1    (0)    1 :  0.023 0.005 0.014 0.024 0.021 0.051 0.017 0.755 0.014 0.066 0.005 0.005 
 19 24.0619.E1    (0)    1 :  0.007 0.005 0.748 0.013 0.005 0.017 0.006 0.154 0.011 0.012 0.005 0.017 
 20 24.0620.E1   (20)    1 :  0.033 0.662 0.066 0.073 0.009 0.039 0.017 0.027 0.037 0.012 0.010 0.015 
 21 24.0621.E1    (0)    1 :  0.005 0.004 0.782 0.006 0.021 0.060 0.005 0.016 0.010 0.080 0.005 0.005 
 22 24.0622.E1    (0)    1 :  0.016 0.010 0.011 0.014 0.005 0.010 0.019 0.880 0.005 0.008 0.005 0.017 
 23 24.0623.E1    (0)    1 :  0.309 0.026 0.046 0.013 0.014 0.049 0.034 0.412 0.019 0.024 0.010 0.044 
 24 24.0624.E1    (0)    1 :  0.004 0.006 0.007 0.005 0.005 0.010 0.005 0.931 0.005 0.012 0.004 0.007 
 25 24.0625.E1    (0)    2 :  0.490 0.077 0.012 0.032 0.167 0.009 0.018 0.013 0.007 0.018 0.030 0.125 
 26 24.0626.E1    (0)    2 :  0.210 0.045 0.004 0.004 0.111 0.003 0.005 0.004 0.004 0.004 0.004 0.601 
 27 24.0627.E1    (0)    2 :  0.115 0.027 0.042 0.027 0.012 0.005 0.007 0.007 0.011 0.006 0.376 0.365 
 28 24.0628.E1    (0)    2 :  0.029 0.120 0.019 0.050 0.137 0.066 0.029 0.028 0.014 0.007 0.006 0.495 
 29 24.0629.E1    (0)    2 :  0.007 0.007 0.008 0.008 0.007 0.012 0.018 0.074 0.010 0.021 0.007 0.820 
 30 24.0630.E1    (0)    2 :  0.009 0.089 0.007 0.014 0.036 0.004 0.012 0.006 0.004 0.006 0.006 0.806 
 31 24.0631.E1    (0)    2 :  0.004 0.004 0.004 0.003 0.003 0.003 0.003 0.005 0.003 0.004 0.003 0.959 
 32 24.0632.E1    (0)    2 :  0.005 0.020 0.005 0.008 0.005 0.005 0.005 0.007 0.005 0.010 0.009 0.917 
 33 24.0633.E1    (0)    2 :  0.013 0.048 0.240 0.017 0.317 0.006 0.012 0.012 0.005 0.022 0.005 0.303 
 34 24.0634.E1    (0)    2 :  0.059 0.007 0.011 0.015 0.023 0.010 0.021 0.010 0.005 0.018 0.009 0.812 
 35 24.0635.E1    (0)    2 :  0.172 0.022 0.347 0.013 0.015 0.019 0.066 0.027 0.025 0.028 0.018 0.247 
 36 24.0636.E1   (33)    2 :  0.102 0.540 0.023 0.188 0.009 0.010 0.021 0.037 0.007 0.009 0.032 0.022 
 37 24.0637.E1    (0)    2 :  0.957 0.004 0.003 0.004 0.003 0.003 0.004 0.003 0.003 0.003 0.003 0.008 
 38 24.0638.E1    (0)    2 :  0.005 0.004 0.176 0.016 0.005 0.005 0.013 0.006 0.005 0.020 0.008 0.736 
 39 24.0639.E1    (0)    2 :  0.688 0.016 0.007 0.009 0.007 0.114 0.014 0.041 0.012 0.024 0.029 0.039 
 40 24.0640.E1    (0)    2 :  0.008 0.007 0.008 0.008 0.006 0.008 0.006 0.009 0.008 0.011 0.006 0.914 
 41 24.0641.E1    (0)    2 :  0.024 0.017 0.283 0.007 0.008 0.014 0.012 0.037 0.217 0.035 0.008 0.340 
 42 24.0642.E1    (0)    2 :  0.414 0.057 0.132 0.188 0.006 0.004 0.007 0.057 0.006 0.005 0.006 0.117 
 43 24.0643.E1    (0)    2 :  0.034 0.058 0.011 0.012 0.006 0.010 0.007 0.007 0.004 0.023 0.242 0.585 
 44 24.0644.E1    (0)    2 :  0.006 0.005 0.007 0.011 0.004 0.013 0.005 0.006 0.011 0.004 0.004 0.923 
 45 24.0645.E1    (0)    2 :  0.014 0.058 0.007 0.078 0.004 0.020 0.006 0.012 0.031 0.005 0.007 0.758 
 46 24.0646.E1    (0)    2 :  0.006 0.004 0.007 0.011 0.004 0.013 0.005 0.006 0.011 0.004 0.004 0.923 
 47 24.0647.E1    (0)    2 :  0.957 0.004 0.003 0.004 0.003 0.003 0.004 0.003 0.004 0.003 0.003 0.008 
 48 24.0648.E1    (0)    2 :  0.957 0.004 0.003 0.004 0.003 0.003 0.004 0.003 0.003 0.003 0.003 0.008 
 49 24.0649.E1    (0)    3 :  0.003 0.003 0.005 0.006 0.009 0.013 0.921 0.005 0.006 0.011 0.010 0.007 
 50 24.0650.E1    (0)    3 :  0.003 0.004 0.061 0.239 0.177 0.080 0.286 0.042 0.018 0.074 0.009 0.006 
 51 24.0651.E1    (0)    3 :  0.274 0.012 0.013 0.019 0.046 0.009 0.233 0.006 0.050 0.279 0.028 0.032 
 52 24.0652.E1    (0)    3 :  0.004 0.005 0.063 0.006 0.698 0.005 0.157 0.031 0.008 0.007 0.011 0.006 
 53 24.0653.E1    (0)    3 :  0.014 0.007 0.018 0.008 0.015 0.022 0.049 0.004 0.020 0.016 0.823 0.004 
 54 24.0654.E1    (0)    3 :  0.006 0.004 0.007 0.006 0.369 0.026 0.545 0.006 0.007 0.009 0.008 0.007 
 55 24.0655.E1    (0)    3 :  0.315 0.006 0.013 0.011 0.389 0.033 0.171 0.013 0.008 0.029 0.007 0.005 
 56 24.0656.E1    (0)    3 :  0.008 0.011 0.015 0.015 0.788 0.012 0.111 0.008 0.006 0.006 0.014 0.005 
 57 24.0657.E1    (0)    3 :  0.008 0.010 0.017 0.016 0.775 0.012 0.119 0.009 0.006 0.007 0.016 0.005 
 58 24.0658.E1    (0)    3 :  0.007 0.007 0.016 0.022 0.005 0.102 0.690 0.021 0.018 0.047 0.060 0.005 
 59 24.0659.E1    (0)    3 :  0.004 0.003 0.086 0.012 0.074 0.029 0.211 0.058 0.009 0.179 0.323 0.012 
 60 24.0660.E1    (6)    3 :  0.011 0.006 0.042 0.015 0.007 0.006 0.836 0.028 0.008 0.021 0.011 0.010 
 61 24.0661.E1    (0)    3 :  0.003 0.008 0.007 0.005 0.834 0.005 0.089 0.011 0.009 0.014 0.009 0.007 
 62 24.0662.E1    (0)    3 :  0.463 0.010 0.016 0.010 0.127 0.048 0.144 0.022 0.011 0.050 0.093 0.005 
 63 24.0663.E1    (0)    3 :  0.004 0.005 0.006 0.029 0.071 0.483 0.326 0.006 0.034 0.017 0.006 0.012 
 64 24.0664.E1    (0)    3 :  0.007 0.037 0.011 0.007 0.185 0.015 0.696 0.005 0.013 0.010 0.008 0.006 
 65 24.0665.E1    (0)    3 :  0.004 0.056 0.012 0.018 0.366 0.004 0.467 0.006 0.010 0.010 0.037 0.009 
 66 24.0666.E1    (0)    3 :  0.004 0.004 0.008 0.010 0.007 0.007 0.008 0.008 0.005 0.006 0.926 0.007 
 67 24.0667.E1    (0)    3 :  0.004 0.004 0.012 0.005 0.006 0.005 0.015 0.010 0.004 0.004 0.928 0.003 
 68 24.0668.E1    (0)    3 :  0.004 0.003 0.004 0.004 0.004 0.004 0.004 0.003 0.004 0.003 0.959 0.004 
 69 24.0669.E1    (0)    3 :  0.004 0.004 0.004 0.004 0.004 0.004 0.005 0.004 0.009 0.003 0.952 0.003 
 70 24.0670.E1    (0)    3 :  0.005 0.005 0.008 0.004 0.014 0.039 0.494 0.010 0.004 0.365 0.048 0.003 
 71 24.0671.E1    (0)    3 :  0.020 0.008 0.009 0.018 0.054 0.031 0.789 0.009 0.017 0.029 0.011 0.005 
 72 24.0672.E1    (0)    3 :  0.005 0.005 0.045 0.013 0.008 0.008 0.517 0.073 0.040 0.016 0.264 0.005 
 73 24.0673.E1    (6)    4 :  0.013 0.123 0.079 0.155 0.409 0.008 0.016 0.120 0.005 0.042 0.008 0.023 
 74 24.0674.E1    (0)    4 :  0.008 0.009 0.144 0.768 0.005 0.007 0.007 0.009 0.005 0.025 0.005 0.009 
 75 24.0675.E1    (0)    4 :  0.018 0.024 0.020 0.703 0.030 0.030 0.036 0.026 0.018 0.069 0.009 0.017 
 76 24.0676.E1    (0)    4 :  0.006 0.025 0.020 0.563 0.021 0.172 0.054 0.019 0.063 0.040 0.006 0.011 
 77 24.0677.E1    (0)    4 :  0.008 0.016 0.023 0.026 0.035 0.023 0.212 0.035 0.065 0.534 0.018 0.004 
 78 24.0678.E1    (0)    4 :  0.484 0.010 0.075 0.019 0.047 0.010 0.048 0.131 0.087 0.026 0.056 0.008 
 79 24.0679.E1    (0)    4 :  0.007 0.006 0.520 0.110 0.007 0.094 0.063 0.100 0.009 0.038 0.031 0.015 
 80 24.0680.E1    (0)    4 :  0.005 0.008 0.592 0.033 0.010 0.006 0.164 0.028 0.022 0.046 0.042 0.043 
 81 24.0681.E1    (0)    4 :  0.006 0.016 0.384 0.370 0.009 0.007 0.087 0.055 0.010 0.036 0.012 0.009 
 82 24.0682.E1    (0)    4 :  0.004 0.004 0.005 0.950 0.003 0.005 0.004 0.004 0.010 0.003 0.004 0.005 
 83 24.0683.E1    (0)    4 :  0.013 0.051 0.177 0.697 0.006 0.004 0.005 0.009 0.005 0.020 0.007 0.004 
 84 24.0684.E1    (0)    4 :  0.037 0.023 0.112 0.641 0.006 0.027 0.022 0.072 0.019 0.020 0.010 0.011 
 85 24.0685.E1    (0)    4 :  0.007 0.013 0.054 0.809 0.005 0.015 0.008 0.017 0.005 0.008 0.050 0.008 
 86 24.0686.E1    (0)    4 :  0.410 0.013 0.107 0.038 0.007 0.025 0.155 0.060 0.008 0.141 0.021 0.015 
 87 24.0687.E1    (0)    4 :  0.625 0.020 0.052 0.090 0.013 0.035 0.053 0.015 0.008 0.054 0.007 0.027 
 88 24.0688.E1    (0)    4 :  0.010 0.005 0.005 0.939 0.004 0.004 0.007 0.005 0.007 0.004 0.004 0.005 
 89 24.0689.E1    (0)    4 :  0.013 0.033 0.086 0.159 0.036 0.442 0.056 0.028 0.016 0.102 0.005 0.022 
 90 24.0690.E1    (0)    4 :  0.105 0.022 0.144 0.036 0.019 0.006 0.056 0.024 0.008 0.036 0.536 0.008 
 91 24.0691.E1    (0)    4 :  0.004 0.005 0.011 0.860 0.006 0.025 0.011 0.038 0.005 0.016 0.008 0.010 
 92 24.0692.E1    (0)    4 :  0.006 0.007 0.016 0.859 0.005 0.015 0.045 0.005 0.009 0.020 0.009 0.005 
 93 24.0693.E1    (0)    4 :  0.008 0.299 0.014 0.397 0.081 0.029 0.113 0.011 0.013 0.011 0.013 0.010 
 94 24.0694.E1    (0)    4 :  0.010 0.008 0.025 0.898 0.005 0.009 0.011 0.008 0.006 0.004 0.010 0.005 
 95 24.0695.E1    (0)    4 :  0.009 0.007 0.087 0.587 0.009 0.037 0.012 0.165 0.059 0.006 0.014 0.009 
 96 24.0696.E1    (0)    4 :  0.005 0.008 0.031 0.841 0.004 0.012 0.010 0.025 0.006 0.016 0.008 0.034 
 97 24.0697.E1    (0)    5 :  0.008 0.061 0.044 0.349 0.007 0.012 0.213 0.006 0.009 0.257 0.007 0.026 
 98 24.0698.E1    (0)    5 :  0.009 0.118 0.018 0.069 0.008 0.014 0.171 0.016 0.008 0.509 0.034 0.026 
 99 24.0699.E1    (0)    5 :  0.024 0.010 0.012 0.006 0.007 0.005 0.247 0.014 0.008 0.653 0.010 0.005 
100 24.0700.E1    (0)    5 :  0.008 0.007 0.547 0.020 0.009 0.006 0.172 0.007 0.005 0.205 0.011 0.004 
101 24.0701.E1    (0)    5 :  0.038 0.059 0.016 0.009 0.006 0.010 0.009 0.007 0.009 0.046 0.786 0.006 
102 24.0702.E1    (0)    5 :  0.023 0.027 0.599 0.011 0.007 0.007 0.127 0.009 0.006 0.145 0.031 0.008 
103 24.0703.E1    (0)    5 :  0.011 0.009 0.011 0.008 0.007 0.004 0.189 0.010 0.013 0.700 0.015 0.022 
104 24.0704.E1    (6)    5 :  0.031 0.011 0.026 0.019 0.005 0.008 0.165 0.016 0.230 0.475 0.007 0.007 
105 24.0705.E1    (0)    5 :  0.022 0.008 0.422 0.428 0.006 0.010 0.019 0.024 0.007 0.019 0.029 0.006 
106 24.0706.E1    (0)    5 :  0.005 0.009 0.561 0.022 0.011 0.011 0.263 0.006 0.010 0.075 0.014 0.012 
107 24.0707.E1    (0)    5 :  0.201 0.015 0.326 0.050 0.011 0.005 0.278 0.013 0.026 0.058 0.007 0.009 
108 24.0708.E1    (0)    5 :  0.285 0.012 0.176 0.027 0.017 0.125 0.011 0.015 0.006 0.219 0.018 0.089 
109 24.0709.E1    (0)    5 :  0.006 0.007 0.014 0.694 0.016 0.038 0.027 0.014 0.143 0.016 0.009 0.017 
110 24.0710.E1    (0)    5 :  0.008 0.015 0.103 0.154 0.005 0.010 0.079 0.020 0.009 0.550 0.038 0.008 
111 24.0711.E1    (0)    5 :  0.013 0.015 0.184 0.086 0.010 0.007 0.182 0.145 0.097 0.162 0.035 0.063 
112 24.0712.E1    (0)    5 :  0.051 0.018 0.036 0.040 0.006 0.007 0.015 0.018 0.005 0.139 0.639 0.027 
113 24.0713.E1    (0)    5 :  0.006 0.014 0.444 0.274 0.007 0.034 0.063 0.010 0.072 0.061 0.009 0.008 
114 24.0714.E1    (0)    5 :  0.011 0.009 0.502 0.026 0.013 0.015 0.134 0.045 0.016 0.207 0.010 0.012 
115 24.0715.E1    (0)    5 :  0.025 0.382 0.020 0.187 0.039 0.011 0.132 0.035 0.009 0.137 0.018 0.005 
116 24.0716.E1    (0)    5 :  0.067 0.018 0.027 0.020 0.009 0.050 0.147 0.074 0.021 0.229 0.325 0.013 
117 24.0717.E1    (0)    5 :  0.123 0.260 0.155 0.018 0.084 0.023 0.197 0.015 0.030 0.065 0.013 0.017 
118 24.0718.E1    (0)    5 :  0.043 0.013 0.115 0.215 0.005 0.008 0.464 0.023 0.006 0.037 0.050 0.020 
119 24.0719.E1    (0)    5 :  0.012 0.007 0.033 0.778 0.007 0.017 0.048 0.006 0.047 0.007 0.015 0.023 
120 24.0720.E1    (0)    5 :  0.012 0.006 0.022 0.619 0.007 0.015 0.246 0.013 0.015 0.024 0.011 0.010 
121 24.0721.E1    (0)    6 :  0.010 0.312 0.051 0.221 0.081 0.020 0.031 0.013 0.007 0.210 0.019 0.024 
122 24.0722.E1    (0)    6 :  0.008 0.426 0.008 0.171 0.011 0.011 0.030 0.020 0.010 0.165 0.054 0.086 
123 24.0723.E1    (0)    6 :  0.008 0.235 0.011 0.015 0.234 0.020 0.014 0.026 0.009 0.232 0.009 0.188 
124 24.0724.E1    (0)    6 :  0.006 0.047 0.254 0.175 0.009 0.043 0.015 0.114 0.009 0.239 0.010 0.077 
125 24.0725.E1    (0)    6 :  0.004 0.007 0.012 0.010 0.012 0.007 0.010 0.906 0.005 0.010 0.007 0.009 
126 24.0726.E1    (6)    6 :  0.005 0.066 0.074 0.101 0.006 0.006 0.018 0.689 0.007 0.014 0.007 0.009 
127 24.0727.E1    (0)    6 :  0.042 0.356 0.186 0.019 0.040 0.014 0.021 0.187 0.004 0.049 0.060 0.021 
128 24.0728.E1    (0)    6 :  0.293 0.145 0.011 0.025 0.061 0.017 0.173 0.202 0.007 0.050 0.010 0.007 
129 24.0729.E1    (0)    6 :  0.013 0.030 0.010 0.100 0.005 0.020 0.015 0.728 0.026 0.009 0.033 0.011 
130 24.0730.E1    (0)    6 :  0.005 0.040 0.014 0.099 0.012 0.021 0.343 0.096 0.010 0.319 0.016 0.025 
131 24.0731.E1    (0)    6 :  0.008 0.048 0.128 0.431 0.019 0.007 0.010 0.314 0.006 0.011 0.004 0.013 
132 24.0732.E1    (0)    6 :  0.010 0.592 0.008 0.221 0.021 0.004 0.016 0.084 0.007 0.015 0.011 0.012 
133 24.0733.E1    (0)    6 :  0.005 0.017 0.005 0.008 0.004 0.007 0.005 0.931 0.004 0.004 0.003 0.007 
134 24.0734.E1    (0)    6 :  0.009 0.753 0.024 0.014 0.011 0.007 0.032 0.030 0.005 0.089 0.009 0.017 
135 24.0735.E1    (0)    6 :  0.023 0.136 0.020 0.021 0.007 0.021 0.026 0.687 0.006 0.024 0.012 0.017 
136 24.0736.E1    (0)    6 :  0.007 0.039 0.012 0.008 0.007 0.006 0.006 0.886 0.006 0.008 0.005 0.010 
137 24.0737.E1    (0)    6 :  0.181 0.007 0.012 0.014 0.010 0.008 0.026 0.694 0.005 0.022 0.010 0.010 
138 24.0738.E1    (0)    6 :  0.008 0.022 0.013 0.008 0.007 0.005 0.012 0.892 0.007 0.011 0.008 0.007 
139 24.0739.E1    (0)    6 :  0.009 0.005 0.009 0.011 0.006 0.006 0.030 0.893 0.004 0.009 0.006 0.011 
140 24.0740.E1    (0)    6 :  0.011 0.009 0.009 0.137 0.006 0.016 0.021 0.691 0.071 0.005 0.009 0.015 
141 24.0741.E1    (0)    6 :  0.017 0.272 0.012 0.226 0.009 0.009 0.041 0.371 0.007 0.019 0.006 0.013 
142 24.0742.E1    (0)    6 :  0.007 0.494 0.114 0.026 0.006 0.006 0.010 0.289 0.007 0.021 0.008 0.014 
143 24.0743.E1    (0)    6 :  0.004 0.020 0.106 0.277 0.007 0.014 0.010 0.465 0.042 0.029 0.019 0.007 
144 24.0744.E1    (0)    6 :  0.008 0.099 0.032 0.087 0.019 0.023 0.021 0.346 0.035 0.014 0.300 0.015 
145 24.0745.E1    (0)    7 :  0.011 0.869 0.018 0.018 0.015 0.007 0.009 0.004 0.014 0.008 0.023 0.004 
146 24.0746.E1    (0)    7 :  0.312 0.483 0.017 0.041 0.013 0.012 0.010 0.015 0.067 0.012 0.009 0.010 
147 24.0747.E1    (0)    7 :  0.011 0.682 0.012 0.129 0.010 0.033 0.020 0.019 0.048 0.005 0.012 0.021 
148 24.0748.E1    (6)    7 :  0.017 0.606 0.021 0.162 0.017 0.047 0.017 0.018 0.059 0.005 0.012 0.017 
149 24.0749.E1    (0)    7 :  0.007 0.691 0.008 0.012 0.004 0.006 0.006 0.236 0.005 0.013 0.007 0.006 
150 24.0750.E1    (0)    7 :  0.006 0.184 0.131 0.183 0.010 0.015 0.027 0.291 0.024 0.076 0.017 0.036 
151 24.0751.E1    (0)    7 :  0.006 0.943 0.006 0.005 0.005 0.004 0.004 0.007 0.005 0.004 0.004 0.007 
152 24.0752.E1    (0)    7 :  0.008 0.888 0.005 0.009 0.010 0.006 0.007 0.034 0.009 0.014 0.004 0.006 
153 24.0753.E1    (0)    7 :  0.334 0.503 0.007 0.017 0.015 0.005 0.006 0.063 0.010 0.004 0.009 0.026 
154 24.0754.E1    (0)    7 :  0.007 0.865 0.010 0.026 0.010 0.006 0.008 0.032 0.006 0.005 0.006 0.019 
155 24.0755.E1    (0)    7 :  0.007 0.733 0.012 0.087 0.006 0.032 0.023 0.015 0.043 0.011 0.007 0.024 
156 24.0756.E1    (0)    7 :  0.005 0.867 0.068 0.006 0.004 0.011 0.004 0.008 0.004 0.009 0.004 0.009 
157 24.0757.E1    (0)    7 :  0.005 0.960 0.004 0.004 0.003 0.003 0.003 0.004 0.003 0.003 0.004 0.004 
158 24.0758.E1    (0)    7 :  0.005 0.958 0.004 0.005 0.004 0.003 0.003 0.004 0.004 0.003 0.004 0.004 
159 24.0759.E1    (0)    7 :  0.005 0.892 0.014 0.007 0.014 0.005 0.008 0.022 0.007 0.007 0.010 0.008 
160 24.0760.E1    (0)    7 :  0.347 0.552 0.010 0.018 0.007 0.005 0.019 0.008 0.005 0.010 0.007 0.012 
161 24.0761.E1    (0)    7 :  0.008 0.943 0.005 0.005 0.005 0.005 0.004 0.006 0.004 0.004 0.004 0.008 
162 24.0762.E1    (0)    7 :  0.024 0.065 0.388 0.029 0.008 0.084 0.062 0.124 0.022 0.020 0.165 0.007 
163 24.0763.E1    (0)    7 :  0.010 0.930 0.006 0.015 0.006 0.004 0.005 0.007 0.006 0.004 0.003 0.003 
164 24.0764.E1    (0)    7 :  0.005 0.928 0.008 0.005 0.004 0.005 0.006 0.012 0.004 0.006 0.004 0.014 
165 24.0765.E1    (0)    7 :  0.016 0.824 0.074 0.016 0.008 0.010 0.006 0.006 0.007 0.018 0.004 0.013 
166 24.0766.E1    (0)    7 :  0.005 0.925 0.008 0.009 0.010 0.005 0.006 0.009 0.005 0.006 0.005 0.007 
167 24.0767.E1    (0)    7 :  0.004 0.915 0.042 0.007 0.004 0.004 0.004 0.004 0.003 0.006 0.003 0.004 
168 24.0768.E1    (0)    7 :  0.007 0.161 0.102 0.213 0.009 0.030 0.019 0.301 0.118 0.026 0.008 0.006 
169 24.0779.E1    (0)    8 :  0.091 0.044 0.014 0.041 0.011 0.007 0.721 0.009 0.017 0.032 0.010 0.003 
170 24.0780.E1    (6)    8 :  0.005 0.004 0.120 0.022 0.032 0.104 0.586 0.009 0.009 0.095 0.008 0.007 
171 24.0781.E1    (0)    8 :  0.004 0.005 0.264 0.007 0.006 0.009 0.586 0.004 0.005 0.100 0.005 0.005 
172 24.0782.E1    (0)    8 :  0.221 0.014 0.065 0.313 0.037 0.026 0.055 0.176 0.011 0.070 0.006 0.006 
173 24.0783.E1    (0)    8 :  0.008 0.005 0.531 0.037 0.013 0.262 0.050 0.007 0.005 0.055 0.021 0.007 
174 24.0784.E1    (0)    8 :  0.019 0.004 0.011 0.028 0.007 0.016 0.822 0.008 0.019 0.057 0.004 0.005 
175 24.0785.E1    (0)    8 :  0.005 0.004 0.016 0.009 0.025 0.023 0.822 0.007 0.013 0.062 0.010 0.004 
176 24.0786.E1    (0)    8 :  0.008 0.010 0.089 0.083 0.020 0.122 0.542 0.027 0.024 0.051 0.010 0.015 
177 24.0787.E1    (0)    8 :  0.074 0.017 0.035 0.018 0.010 0.012 0.757 0.018 0.008 0.025 0.007 0.018 
178 24.0788.E1    (0)    8 :  0.005 0.005 0.006 0.016 0.008 0.050 0.869 0.004 0.008 0.008 0.005 0.016 
179 24.0789.E1    (0)    8 :  0.028 0.006 0.007 0.009 0.011 0.030 0.777 0.041 0.016 0.046 0.005 0.023 
180 24.0790.E1    (0)    8 :  0.005 0.004 0.010 0.005 0.010 0.008 0.929 0.004 0.008 0.009 0.005 0.005 
181 24.0791.E1    (0)    8 :  0.013 0.010 0.630 0.013 0.018 0.011 0.197 0.007 0.019 0.007 0.071 0.005 
182 24.0792.E1    (0)    8 :  0.006 0.018 0.077 0.049 0.283 0.007 0.516 0.009 0.006 0.008 0.017 0.005 
183 24.0793.E1    (0)    9 :  0.008 0.006 0.027 0.008 0.032 0.022 0.028 0.017 0.073 0.740 0.007 0.033 
184 24.0794.E1    (0)    9 :  0.009 0.007 0.049 0.006 0.190 0.031 0.040 0.497 0.009 0.152 0.006 0.005 
185 24.0795.E1    (0)    9 :  0.411 0.010 0.175 0.018 0.013 0.089 0.008 0.086 0.009 0.169 0.006 0.005 
186 24.0796.E1    (0)    9 :  0.007 0.005 0.045 0.007 0.153 0.327 0.152 0.051 0.032 0.206 0.005 0.011 
187 24.0797.E1    (0)    9 :  0.037 0.003 0.018 0.007 0.025 0.075 0.059 0.010 0.060 0.693 0.006 0.008 
188 24.0798.E1    (0)    9 :  0.007 0.021 0.016 0.028 0.132 0.010 0.021 0.008 0.062 0.317 0.334 0.043 
189 24.0799.E1    (0)    9 :  0.009 0.006 0.005 0.005 0.004 0.007 0.005 0.007 0.935 0.008 0.005 0.004 
190 24.0800.E1    (0)    9 :  0.004 0.005 0.006 0.008 0.006 0.013 0.005 0.007 0.931 0.006 0.005 0.004 
191 24.0801.E1    (0)    9 :  0.004 0.004 0.009 0.010 0.009 0.005 0.008 0.004 0.726 0.005 0.207 0.009 
192 24.0802.E1    (0)    9 :  0.038 0.004 0.024 0.009 0.027 0.027 0.010 0.006 0.104 0.720 0.009 0.022 
193 24.0803.E1    (0)    9 :  0.071 0.006 0.019 0.007 0.011 0.009 0.008 0.008 0.493 0.340 0.022 0.007 
194 24.0804.E1    (0)    9 :  0.003 0.003 0.006 0.009 0.036 0.103 0.010 0.011 0.131 0.635 0.004 0.049 
195 24.0805.E1    (0)    9 :  0.004 0.006 0.007 0.015 0.005 0.005 0.007 0.006 0.931 0.006 0.004 0.004 
196 24.0806.E1    (0)    9 :  0.326 0.005 0.006 0.005 0.024 0.006 0.007 0.007 0.164 0.433 0.005 0.011 
197 24.0807.E1    (0)    9 :  0.044 0.003 0.014 0.009 0.056 0.020 0.015 0.007 0.105 0.710 0.008 0.008 
198 24.0808.E1    (0)    9 :  0.019 0.006 0.008 0.036 0.010 0.019 0.190 0.010 0.669 0.018 0.005 0.011 
199 24.0809.E1    (0)    9 :  0.004 0.006 0.005 0.007 0.004 0.006 0.004 0.007 0.945 0.004 0.004 0.003 
200 24.0810.E1    (0)    9 :  0.006 0.007 0.057 0.041 0.013 0.008 0.011 0.007 0.758 0.077 0.005 0.011 
201 24.0811.E1    (0)    9 :  0.006 0.005 0.013 0.008 0.113 0.029 0.028 0.028 0.039 0.702 0.004 0.025 
202 24.0812.E1    (0)    9 :  0.013 0.007 0.014 0.026 0.013 0.277 0.077 0.039 0.172 0.349 0.008 0.005 
203 24.0813.E1    (0)    9 :  0.008 0.006 0.018 0.043 0.018 0.018 0.104 0.007 0.421 0.320 0.004 0.033 
204 24.0814.E1    (6)    9 :  0.015 0.004 0.006 0.009 0.034 0.107 0.011 0.009 0.770 0.017 0.008 0.010 
205 24.0815.E1    (0)    9 :  0.023 0.006 0.008 0.006 0.016 0.011 0.007 0.004 0.640 0.068 0.013 0.198 
206 24.0816.E1    (0)    9 :  0.006 0.006 0.006 0.004 0.054 0.010 0.011 0.007 0.111 0.746 0.017 0.022 
207 24.0817.E1    (0)   10 :  0.012 0.006 0.015 0.011 0.084 0.742 0.016 0.019 0.052 0.031 0.008 0.005 
208 24.0818.E1    (0)   10 :  0.003 0.008 0.024 0.006 0.013 0.730 0.057 0.037 0.010 0.081 0.007 0.023 
209 24.0819.E1    (0)   10 :  0.015 0.106 0.023 0.012 0.287 0.018 0.011 0.012 0.409 0.019 0.074 0.012 
210 24.0820.E1    (0)   10 :  0.031 0.066 0.006 0.005 0.810 0.028 0.008 0.006 0.021 0.005 0.010 0.004 
211 24.0821.E1    (0)   10 :  0.013 0.007 0.011 0.013 0.100 0.141 0.415 0.010 0.030 0.032 0.221 0.006 
212 24.0822.E1    (0)   10 :  0.004 0.020 0.005 0.008 0.010 0.878 0.037 0.006 0.012 0.007 0.007 0.005 
213 24.0823.E1    (0)   10 :  0.015 0.040 0.005 0.008 0.489 0.378 0.008 0.008 0.028 0.005 0.012 0.006 
214 24.0824.E1    (0)   10 :  0.007 0.008 0.006 0.034 0.013 0.446 0.007 0.007 0.027 0.007 0.431 0.006 
215 24.0825.E1    (0)   10 :  0.006 0.005 0.004 0.008 0.005 0.943 0.005 0.004 0.006 0.004 0.005 0.005 
216 24.0826.E1    (0)   10 :  0.011 0.031 0.015 0.011 0.793 0.047 0.021 0.006 0.017 0.025 0.016 0.006 
217 24.0827.E1    (0)   10 :  0.008 0.004 0.008 0.011 0.101 0.734 0.013 0.037 0.009 0.060 0.007 0.008 
218 24.0828.E1    (0)   10 :  0.004 0.017 0.016 0.020 0.591 0.101 0.042 0.009 0.017 0.093 0.075 0.013 
219 24.0829.E1    (0)   10 :  0.004 0.009 0.134 0.011 0.012 0.626 0.014 0.005 0.057 0.105 0.012 0.011 
220 24.0830.E1    (0)   10 :  0.004 0.004 0.114 0.007 0.016 0.797 0.014 0.006 0.005 0.020 0.007 0.004 
221 24.0831.E1    (0)   10 :  0.004 0.004 0.270 0.008 0.017 0.608 0.029 0.005 0.006 0.036 0.008 0.004 
222 24.0832.E1    (0)   10 :  0.003 0.003 0.004 0.006 0.013 0.935 0.006 0.009 0.004 0.009 0.004 0.003 
223 24.0833.E1    (0)   10 :  0.005 0.004 0.005 0.006 0.007 0.951 0.005 0.003 0.004 0.004 0.004 0.003 
224 24.0834.E1    (0)   10 :  0.008 0.007 0.007 0.006 0.009 0.923 0.006 0.008 0.009 0.007 0.006 0.005 
225 24.0835.E1    (0)   10 :  0.005 0.004 0.007 0.006 0.007 0.897 0.007 0.013 0.029 0.010 0.009 0.007 
226 24.0836.E1    (0)   10 :  0.012 0.009 0.009 0.016 0.007 0.890 0.008 0.008 0.015 0.007 0.015 0.005 
227 24.0837.E1    (0)   10 :  0.004 0.005 0.009 0.008 0.007 0.923 0.010 0.006 0.009 0.006 0.007 0.006 
228 24.0838.E1    (0)   10 :  0.004 0.006 0.007 0.014 0.011 0.913 0.010 0.004 0.005 0.016 0.005 0.004 
229 24.0839.E1    (0)   10 :  0.005 0.014 0.293 0.020 0.024 0.313 0.054 0.029 0.014 0.176 0.020 0.036 
230 24.0840.E1    (0)   10 :  0.105 0.003 0.114 0.006 0.054 0.519 0.013 0.005 0.011 0.155 0.009 0.006 
231 24.0841.E1    (0)   11 :  0.003 0.009 0.136 0.011 0.108 0.012 0.014 0.006 0.007 0.686 0.004 0.004 
232 24.0842.E1    (0)   11 :  0.003 0.006 0.074 0.006 0.103 0.014 0.015 0.008 0.023 0.573 0.170 0.004 
233 24.0843.E1    (0)   11 :  0.008 0.016 0.014 0.008 0.527 0.026 0.020 0.005 0.046 0.097 0.227 0.005 
234 24.0844.E1    (0)   11 :  0.007 0.007 0.068 0.013 0.022 0.257 0.020 0.026 0.157 0.099 0.320 0.005 
235 24.0845.E1    (0)   11 :  0.006 0.005 0.084 0.020 0.028 0.601 0.047 0.008 0.006 0.167 0.023 0.005 
236 24.0846.E1    (0)   11 :  0.015 0.009 0.013 0.010 0.009 0.846 0.009 0.012 0.016 0.047 0.011 0.004 
237 24.0847.E1    (0)   11 :  0.005 0.012 0.032 0.071 0.014 0.723 0.009 0.033 0.052 0.015 0.023 0.012 
238 24.0848.E1    (0)   11 :  0.004 0.005 0.029 0.029 0.011 0.710 0.044 0.015 0.064 0.065 0.019 0.005 
239 24.0849.E1    (0)   11 :  0.004 0.004 0.004 0.004 0.943 0.007 0.005 0.006 0.009 0.007 0.004 0.004 
240 24.0850.E1    (0)   11 :  0.004 0.004 0.004 0.004 0.942 0.007 0.005 0.006 0.009 0.007 0.004 0.004 
241 24.0851.E1    (0)   11 :  0.004 0.004 0.004 0.004 0.943 0.007 0.005 0.006 0.009 0.007 0.004 0.004 
242 24.0852.E1    (0)   11 :  0.005 0.016 0.079 0.008 0.637 0.090 0.034 0.010 0.008 0.102 0.006 0.005 
243 24.0853.E1    (0)   11 :  0.004 0.010 0.011 0.010 0.512 0.386 0.007 0.005 0.011 0.027 0.005 0.011 
244 24.0854.E1    (0)   11 :  0.004 0.009 0.018 0.009 0.294 0.019 0.010 0.011 0.018 0.012 0.588 0.008 
245 24.0855.E1    (0)   11 :  0.003 0.007 0.085 0.011 0.032 0.681 0.024 0.006 0.035 0.093 0.013 0.010 
246 24.0856.E1    (0)   11 :  0.430 0.014 0.012 0.010 0.025 0.076 0.012 0.015 0.013 0.138 0.245 0.011 
247 24.0857.E1    (0)   11 :  0.008 0.009 0.012 0.017 0.017 0.348 0.017 0.021 0.504 0.026 0.011 0.010 
248 24.0858.E1    (0)   11 :  0.007 0.015 0.014 0.018 0.064 0.589 0.058 0.017 0.140 0.043 0.028 0.006 
249 24.0859.E1    (0)   11 :  0.008 0.022 0.011 0.007 0.831 0.015 0.009 0.012 0.034 0.032 0.009 0.011 
250 24.0860.E1    (0)   11 :  0.020 0.046 0.077 0.008 0.052 0.059 0.027 0.021 0.339 0.284 0.033 0.034 
251 24.0861.E1    (0)   11 :  0.003 0.006 0.007 0.004 0.870 0.017 0.007 0.006 0.008 0.063 0.005 0.004 
252 24.0862.E1    (0)   11 :  0.469 0.005 0.010 0.006 0.024 0.031 0.008 0.007 0.414 0.016 0.005 0.004 
253 24.0863.E1    (0)   11 :  0.003 0.006 0.007 0.004 0.868 0.018 0.007 0.006 0.008 0.063 0.005 0.004 
254 24.0864.E1    (0)   11 :  0.010 0.007 0.042 0.349 0.063 0.147 0.130 0.190 0.027 0.014 0.015 0.006 
255 24.0865.E1    (0)   12 :  0.033 0.035 0.018 0.036 0.769 0.011 0.022 0.036 0.010 0.009 0.005 0.017 
256 24.0866.E1    (0)   12 :  0.008 0.037 0.014 0.096 0.013 0.048 0.049 0.020 0.644 0.049 0.017 0.007 
257 24.0867.E1    (0)   12 :  0.014 0.158 0.015 0.409 0.147 0.029 0.011 0.009 0.135 0.009 0.013 0.051 
258 24.0868.E1    (0)   12 :  0.023 0.024 0.036 0.275 0.008 0.066 0.467 0.011 0.028 0.011 0.016 0.035 
259 24.0869.E1    (0)   12 :  0.015 0.006 0.160 0.544 0.010 0.112 0.020 0.008 0.085 0.008 0.005 0.026 
260 24.0870.E1    (0)   12 :  0.329 0.016 0.115 0.180 0.008 0.130 0.131 0.040 0.012 0.012 0.013 0.014 
261 24.0871.E1    (0)   12 :  0.134 0.007 0.316 0.299 0.041 0.019 0.055 0.059 0.014 0.032 0.013 0.011 
262 24.0872.E1    (0)   12 :  0.005 0.101 0.310 0.127 0.318 0.006 0.033 0.012 0.054 0.012 0.014 0.008 
263 24.0873.E1    (0)   12 :  0.010 0.012 0.019 0.561 0.045 0.014 0.032 0.018 0.257 0.007 0.013 0.012 
264 24.0874.E1    (0)   12 :  0.016 0.235 0.011 0.120 0.156 0.047 0.013 0.008 0.361 0.009 0.016 0.007 
265 24.0875.E1    (0)   12 :  0.007 0.009 0.773 0.080 0.008 0.009 0.030 0.006 0.022 0.026 0.019 0.011 
266 24.0876.E1    (0)   12 :  0.006 0.024 0.660 0.176 0.005 0.005 0.012 0.069 0.009 0.016 0.010 0.008 
267 24.0877.E1    (0)   12 :  0.006 0.038 0.007 0.013 0.006 0.004 0.012 0.839 0.049 0.011 0.009 0.005 
268 24.0878.E1    (0)   12 :  0.006 0.009 0.005 0.043 0.007 0.048 0.046 0.791 0.009 0.007 0.021 0.009 
269 24.0879.E1    (0)   12 :  0.004 0.004 0.009 0.011 0.007 0.007 0.010 0.714 0.005 0.007 0.204 0.017 
270 24.0880.E1    (0)   12 :  0.023 0.014 0.014 0.156 0.019 0.527 0.088 0.037 0.018 0.008 0.081 0.014 
271 24.0881.E1    (0)   12 :  0.005 0.008 0.004 0.007 0.006 0.004 0.005 0.930 0.006 0.005 0.007 0.013 
272 24.0882.E1    (0)   12 :  0.006 0.617 0.008 0.017 0.012 0.006 0.013 0.270 0.019 0.014 0.009 0.009 
273 24.0883.E1    (0)   12 :  0.005 0.245 0.024 0.065 0.042 0.007 0.010 0.343 0.007 0.005 0.225 0.023 
274 24.0884.E1    (0)   12 :  0.011 0.024 0.008 0.006 0.009 0.004 0.006 0.904 0.005 0.008 0.010 0.004 
275 24.0885.E1    (0)   12 :  0.006 0.007 0.017 0.038 0.006 0.010 0.036 0.805 0.012 0.007 0.035 0.022 
276 24.0886.E1    (0)   12 :  0.005 0.193 0.023 0.088 0.040 0.005 0.014 0.508 0.017 0.007 0.096 0.004 
277 24.0887.E1    (0)   12 :  0.032 0.670 0.010 0.028 0.008 0.005 0.006 0.048 0.006 0.005 0.178 0.004 
278 24.0888.E1    (0)   12 :  0.007 0.005 0.059 0.011 0.007 0.007 0.825 0.021 0.030 0.010 0.011 0.006 


Estimated Allele Frequencies in each cluster
First column gives estimated ancestral frequencies


Locus 1 : 
31 alleles
0.0% missing data
 115   (0.036) 0.012 0.004 0.124 0.133 0.004 0.005 0.008 0.126 0.005 0.010 0.008 0.004 
 117   (0.042) 0.012 0.203 0.070 0.028 0.003 0.005 0.009 0.209 0.090 0.015 0.011 0.005 
 119   (0.043) 0.068 0.328 0.015 0.018 0.005 0.005 0.010 0.287 0.006 0.006 0.008 0.335 
 131   (0.013) 0.001 0.003 0.002 0.002 0.001 0.001 0.003 0.055 0.001 0.003 0.002 0.001 
 128   (0.035) 0.004 0.003 0.085 0.037 0.005 0.022 0.026 0.034 0.007 0.010 0.010 0.004 
 135   (0.013) 0.002 0.005 0.006 0.005 0.001 0.002 0.003 0.058 0.002 0.003 0.003 0.002 
 126   (0.080) 0.173 0.073 0.150 0.040 0.052 0.274 0.057 0.034 0.139 0.023 0.032 0.009 
 122   (0.027) 0.273 0.002 0.008 0.006 0.003 0.003 0.014 0.009 0.019 0.116 0.006 0.003 
 132   (0.033) 0.011 0.013 0.022 0.019 0.007 0.019 0.031 0.004 0.069 0.008 0.013 0.004 
 141   (0.011) 0.011 0.001 0.003 0.002 0.001 0.002 0.003 0.006 0.002 0.002 0.002 0.002 
 130   (0.048) 0.031 0.010 0.029 0.107 0.026 0.011 0.089 0.006 0.010 0.034 0.146 0.009 
 134   (0.043) 0.014 0.003 0.011 0.038 0.079 0.007 0.045 0.005 0.022 0.021 0.006 0.163 
 145   (0.019) 0.005 0.008 0.003 0.006 0.106 0.002 0.011 0.003 0.002 0.002 0.009 0.009 
 127   (0.029) 0.013 0.166 0.009 0.008 0.003 0.003 0.007 0.032 0.004 0.004 0.007 0.053 
 116   (0.108) 0.065 0.010 0.131 0.197 0.287 0.138 0.242 0.015 0.107 0.209 0.068 0.259 
 114   (0.060) 0.028 0.005 0.018 0.025 0.203 0.114 0.046 0.007 0.090 0.144 0.039 0.081 
 120   (0.038) 0.162 0.002 0.039 0.013 0.003 0.004 0.073 0.005 0.005 0.011 0.133 0.006 
 110   (0.044) 0.030 0.012 0.018 0.076 0.018 0.093 0.019 0.007 0.006 0.055 0.090 0.011 
 133   (0.014) 0.003 0.011 0.018 0.002 0.001 0.001 0.003 0.002 0.007 0.002 0.002 0.009 
 118   (0.112) 0.033 0.018 0.190 0.178 0.171 0.164 0.231 0.014 0.371 0.298 0.350 0.013 
 125   (0.013) 0.015 0.001 0.003 0.002 0.006 0.013 0.006 0.002 0.003 0.003 0.005 0.001 
 129   (0.020) 0.003 0.005 0.007 0.004 0.002 0.002 0.011 0.049 0.003 0.003 0.023 0.002 
 124   (0.017) 0.015 0.002 0.016 0.004 0.005 0.002 0.015 0.004 0.004 0.002 0.012 0.002 
 136   (0.021) 0.007 0.001 0.007 0.037 0.002 0.087 0.006 0.002 0.003 0.003 0.003 0.002 
 121   (0.015) 0.002 0.069 0.003 0.003 0.001 0.001 0.003 0.007 0.002 0.002 0.002 0.002 
 139   (0.009) 0.001 0.001 0.002 0.001 0.001 0.001 0.002 0.011 0.001 0.001 0.001 0.001 
 113   (0.011) 0.001 0.015 0.002 0.002 0.001 0.001 0.002 0.001 0.001 0.001 0.002 0.001 
 111   (0.011) 0.001 0.013 0.002 0.002 0.001 0.001 0.002 0.002 0.001 0.001 0.002 0.002 
 143   (0.011) 0.001 0.015 0.002 0.001 0.001 0.001 0.002 0.001 0.001 0.001 0.002 0.001 
 140   (0.013) 0.002 0.001 0.003 0.002 0.001 0.001 0.018 0.001 0.014 0.007 0.002 0.002 
 112   (0.011) 0.001 0.001 0.002 0.002 0.001 0.015 0.002 0.001 0.002 0.001 0.002 0.001 

Locus 2 : 
18 alleles
0.0% missing data
 152   (0.370) 0.525 0.803 0.598 0.471 0.308 0.156 0.171 0.646 0.458 0.605 0.337 0.365 
 148   (0.071) 0.030 0.026 0.067 0.202 0.007 0.009 0.020 0.152 0.009 0.023 0.032 0.334 
 154   (0.111) 0.311 0.025 0.161 0.183 0.020 0.279 0.059 0.035 0.024 0.094 0.039 0.154 
 156   (0.015) 0.031 0.001 0.002 0.002 0.002 0.002 0.005 0.007 0.002 0.002 0.004 0.002 
 150   (0.025) 0.012 0.051 0.005 0.003 0.002 0.002 0.006 0.006 0.003 0.003 0.006 0.087 
 164   (0.077) 0.015 0.009 0.022 0.037 0.095 0.045 0.153 0.079 0.032 0.143 0.017 0.012 
 158   (0.032) 0.022 0.008 0.006 0.023 0.009 0.004 0.007 0.010 0.011 0.007 0.190 0.008 
 160   (0.019) 0.006 0.015 0.003 0.014 0.002 0.002 0.017 0.002 0.002 0.002 0.004 0.002 
 166   (0.020) 0.002 0.001 0.020 0.003 0.002 0.002 0.009 0.003 0.034 0.024 0.003 0.006 
 151   (0.072) 0.012 0.004 0.041 0.011 0.303 0.469 0.293 0.009 0.009 0.031 0.239 0.008 
 147   (0.061) 0.009 0.004 0.022 0.014 0.190 0.018 0.173 0.007 0.390 0.025 0.073 0.007 
 168   (0.024) 0.005 0.002 0.014 0.007 0.027 0.002 0.023 0.004 0.010 0.003 0.006 0.003 
 153   (0.015) 0.006 0.001 0.002 0.002 0.020 0.001 0.014 0.002 0.002 0.002 0.003 0.002 
 149   (0.027) 0.003 0.012 0.018 0.019 0.002 0.002 0.008 0.003 0.004 0.004 0.041 0.004 
 162   (0.020) 0.007 0.003 0.008 0.003 0.008 0.002 0.009 0.007 0.005 0.026 0.003 0.002 
 167   (0.014) 0.001 0.001 0.002 0.002 0.001 0.001 0.003 0.025 0.001 0.001 0.002 0.001 
 146   (0.013) 0.001 0.032 0.002 0.002 0.001 0.001 0.002 0.001 0.001 0.001 0.002 0.001 
 172   (0.015) 0.001 0.001 0.005 0.002 0.001 0.001 0.028 0.002 0.002 0.004 0.002 0.001 

Locus 3 : 
4 alleles
0.0% missing data
 128   (0.297) 0.224 0.462 0.317 0.292 0.341 0.449 0.242 0.195 0.340 0.132 0.236 0.442 
 126   (0.607) 0.710 0.530 0.646 0.688 0.487 0.509 0.713 0.724 0.619 0.835 0.573 0.490 
 132   (0.082) 0.063 0.006 0.034 0.018 0.171 0.041 0.042 0.080 0.039 0.030 0.145 0.058 
 134   (0.014) 0.002 0.001 0.002 0.002 0.001 0.001 0.003 0.002 0.002 0.003 0.047 0.009 

Locus 4 : 
3 alleles
0.0% missing data
 170   (0.317) 0.201 0.304 0.394 0.139 0.112 0.459 0.381 0.306 0.129 0.483 0.178 0.537 
 172   (0.670) 0.797 0.694 0.604 0.858 0.885 0.539 0.615 0.692 0.869 0.516 0.820 0.447 
 171   (0.013) 0.002 0.002 0.002 0.003 0.003 0.002 0.003 0.002 0.002 0.001 0.002 0.016 

Locus 5 : 
37 alleles
0.0% missing data
 125   (0.047) 0.228 0.034 0.040 0.026 0.135 0.075 0.013 0.019 0.014 0.007 0.144 0.034 
 110   (0.037) 0.004 0.012 0.112 0.005 0.022 0.078 0.009 0.028 0.015 0.026 0.029 0.070 
 129   (0.032) 0.006 0.002 0.012 0.006 0.022 0.006 0.106 0.061 0.006 0.103 0.007 0.004 
 113   (0.030) 0.029 0.002 0.011 0.015 0.014 0.011 0.128 0.011 0.020 0.115 0.008 0.004 
 145   (0.052) 0.010 0.077 0.079 0.160 0.092 0.013 0.024 0.239 0.010 0.012 0.084 0.007 
 155   (0.052) 0.017 0.016 0.057 0.022 0.008 0.064 0.024 0.156 0.024 0.108 0.016 0.277 
 117   (0.033) 0.013 0.027 0.024 0.140 0.005 0.004 0.022 0.021 0.015 0.016 0.006 0.005 
 124   (0.010) 0.001 0.001 0.001 0.002 0.001 0.001 0.002 0.025 0.001 0.001 0.001 0.001 
 133   (0.034) 0.005 0.083 0.055 0.018 0.008 0.003 0.065 0.040 0.010 0.010 0.009 0.004 
 157   (0.051) 0.017 0.032 0.086 0.046 0.005 0.046 0.088 0.007 0.035 0.142 0.125 0.017 
 141   (0.015) 0.003 0.001 0.029 0.006 0.001 0.005 0.025 0.004 0.003 0.004 0.002 0.002 
 112   (0.072) 0.038 0.162 0.076 0.099 0.154 0.164 0.036 0.071 0.024 0.096 0.017 0.279 
 121   (0.023) 0.014 0.003 0.014 0.004 0.016 0.004 0.018 0.005 0.077 0.016 0.009 0.007 
 114   (0.038) 0.008 0.192 0.020 0.149 0.004 0.085 0.009 0.045 0.034 0.005 0.007 0.018 
 153   (0.051) 0.012 0.004 0.067 0.021 0.078 0.086 0.023 0.059 0.316 0.010 0.240 0.008 
 127   (0.073) 0.028 0.071 0.091 0.083 0.219 0.105 0.124 0.063 0.016 0.133 0.035 0.025 
 131   (0.064) 0.247 0.174 0.014 0.022 0.082 0.035 0.016 0.068 0.168 0.026 0.143 0.115 
 135   (0.032) 0.005 0.003 0.078 0.013 0.074 0.017 0.013 0.006 0.094 0.010 0.015 0.014 
 104   (0.007) 0.001 0.002 0.002 0.002 0.003 0.002 0.002 0.001 0.001 0.001 0.001 0.016 
 118   (0.017) 0.002 0.002 0.005 0.007 0.001 0.002 0.011 0.021 0.002 0.003 0.012 0.026 
 116   (0.027) 0.011 0.004 0.026 0.029 0.004 0.015 0.009 0.006 0.008 0.051 0.026 0.031 
 137   (0.019) 0.252 0.003 0.008 0.005 0.002 0.002 0.007 0.003 0.022 0.011 0.010 0.006 
 123   (0.024) 0.003 0.003 0.021 0.005 0.017 0.093 0.006 0.006 0.022 0.023 0.006 0.008 
 149   (0.009) 0.001 0.001 0.002 0.005 0.003 0.002 0.006 0.001 0.001 0.002 0.001 0.001 
 138   (0.012) 0.001 0.001 0.002 0.002 0.007 0.001 0.068 0.001 0.001 0.001 0.002 0.001 
 143   (0.025) 0.004 0.078 0.006 0.004 0.010 0.055 0.033 0.003 0.004 0.017 0.016 0.003 
 163   (0.010) 0.017 0.001 0.003 0.003 0.001 0.001 0.003 0.001 0.001 0.002 0.001 0.002 
 109   (0.009) 0.001 0.001 0.001 0.034 0.001 0.001 0.002 0.001 0.001 0.001 0.001 0.001 
 139   (0.009) 0.001 0.001 0.014 0.001 0.001 0.001 0.004 0.001 0.001 0.003 0.002 0.001 
 106   (0.009) 0.005 0.001 0.008 0.002 0.001 0.001 0.006 0.001 0.002 0.002 0.001 0.001 
 144   (0.015) 0.002 0.001 0.008 0.037 0.001 0.002 0.004 0.002 0.037 0.002 0.002 0.002 
 122   (0.011) 0.001 0.002 0.004 0.011 0.001 0.001 0.003 0.014 0.002 0.001 0.002 0.001 
 100   (0.018) 0.007 0.001 0.009 0.006 0.004 0.005 0.029 0.003 0.005 0.036 0.006 0.002 
 111   (0.009) 0.001 0.001 0.002 0.001 0.001 0.001 0.043 0.001 0.001 0.001 0.001 0.001 
 233   (0.008) 0.001 0.001 0.001 0.001 0.002 0.002 0.009 0.001 0.002 0.001 0.007 0.001 
 134   (0.008) 0.001 0.001 0.007 0.001 0.001 0.010 0.002 0.001 0.001 0.002 0.001 0.001 
 140   (0.009) 0.001 0.001 0.002 0.005 0.001 0.001 0.009 0.001 0.002 0.001 0.002 0.002 

Locus 6 : 
17 alleles
0.0% missing data
 221   (0.023) 0.005 0.088 0.005 0.004 0.002 0.002 0.005 0.148 0.003 0.003 0.003 0.003 
 232   (0.236) 0.322 0.436 0.362 0.253 0.778 0.261 0.266 0.121 0.136 0.399 0.268 0.088 
 229   (0.056) 0.032 0.059 0.031 0.022 0.017 0.100 0.013 0.103 0.027 0.011 0.017 0.070 
 223   (0.060) 0.007 0.006 0.017 0.065 0.007 0.073 0.031 0.104 0.017 0.093 0.102 0.008 
 230   (0.161) 0.323 0.297 0.223 0.241 0.043 0.246 0.211 0.067 0.058 0.103 0.108 0.065 
 235   (0.015) 0.005 0.001 0.002 0.002 0.001 0.001 0.003 0.071 0.002 0.002 0.002 0.002 
 236   (0.037) 0.010 0.004 0.073 0.008 0.016 0.004 0.020 0.088 0.005 0.010 0.011 0.032 
 227   (0.023) 0.002 0.002 0.021 0.010 0.002 0.002 0.010 0.062 0.004 0.007 0.007 0.003 
 220   (0.058) 0.014 0.004 0.028 0.030 0.071 0.027 0.040 0.008 0.200 0.069 0.014 0.251 
 222   (0.048) 0.217 0.003 0.010 0.016 0.003 0.005 0.059 0.006 0.229 0.030 0.007 0.196 
 234   (0.125) 0.028 0.054 0.048 0.263 0.012 0.138 0.137 0.099 0.293 0.037 0.296 0.264 
 224   (0.033) 0.006 0.002 0.016 0.006 0.002 0.083 0.034 0.004 0.005 0.006 0.127 0.004 
 228   (0.058) 0.008 0.004 0.084 0.058 0.040 0.021 0.156 0.010 0.010 0.173 0.013 0.007 
 225   (0.010) 0.012 0.001 0.007 0.002 0.001 0.002 0.002 0.002 0.001 0.005 0.001 0.001 
 226   (0.017) 0.006 0.001 0.056 0.002 0.001 0.030 0.004 0.002 0.004 0.048 0.002 0.002 
 233   (0.027) 0.004 0.037 0.015 0.014 0.002 0.003 0.007 0.059 0.004 0.003 0.016 0.003 
 231   (0.013) 0.001 0.001 0.002 0.003 0.001 0.001 0.003 0.045 0.002 0.001 0.005 0.002 

Locus 7 : 
10 alleles
0.0% missing data
 121   (0.689) 0.892 0.751 0.752 0.787 0.695 0.776 0.867 0.881 0.841 0.779 0.561 0.735 
 129   (0.095) 0.022 0.100 0.031 0.064 0.158 0.128 0.051 0.082 0.013 0.104 0.096 0.011 
 130   (0.015) 0.002 0.003 0.003 0.002 0.002 0.001 0.003 0.002 0.014 0.023 0.003 0.002 
 123   (0.093) 0.020 0.096 0.187 0.025 0.137 0.083 0.035 0.020 0.036 0.075 0.226 0.207 
 128   (0.020) 0.034 0.018 0.004 0.006 0.002 0.003 0.005 0.003 0.003 0.002 0.032 0.011 
 131   (0.016) 0.010 0.001 0.006 0.002 0.001 0.003 0.003 0.002 0.002 0.005 0.010 0.026 
 117   (0.012) 0.001 0.001 0.002 0.002 0.001 0.001 0.017 0.001 0.001 0.001 0.002 0.001 
 125   (0.013) 0.001 0.001 0.002 0.002 0.001 0.001 0.003 0.001 0.001 0.001 0.063 0.001 
 134   (0.032) 0.016 0.005 0.011 0.104 0.002 0.003 0.014 0.004 0.086 0.008 0.005 0.004 
 132   (0.014) 0.001 0.024 0.002 0.007 0.001 0.002 0.003 0.002 0.003 0.001 0.002 0.002 

Locus 8 : 
19 alleles
0.0% missing data
 184   (0.304) 0.492 0.318 0.506 0.476 0.455 0.248 0.320 0.468 0.471 0.292 0.521 0.509 
 194   (0.043) 0.096 0.016 0.020 0.104 0.006 0.013 0.033 0.024 0.006 0.008 0.029 0.006 
 178   (0.103) 0.132 0.057 0.082 0.075 0.029 0.300 0.061 0.226 0.080 0.081 0.027 0.222 
 176   (0.080) 0.016 0.234 0.095 0.071 0.108 0.008 0.095 0.046 0.145 0.047 0.048 0.012 
 182   (0.075) 0.020 0.218 0.037 0.042 0.024 0.042 0.116 0.048 0.127 0.186 0.024 0.011 
 190   (0.030) 0.104 0.052 0.005 0.005 0.002 0.018 0.007 0.005 0.048 0.010 0.006 0.003 
 196   (0.022) 0.002 0.001 0.005 0.004 0.009 0.071 0.029 0.006 0.003 0.003 0.003 0.002 
 200   (0.027) 0.029 0.009 0.016 0.006 0.002 0.003 0.013 0.010 0.003 0.052 0.033 0.004 
 180   (0.023) 0.005 0.002 0.005 0.003 0.002 0.004 0.005 0.008 0.004 0.003 0.124 0.098 
 188   (0.039) 0.008 0.003 0.010 0.041 0.078 0.063 0.020 0.031 0.011 0.006 0.009 0.012 
 174   (0.039) 0.042 0.043 0.055 0.071 0.004 0.004 0.017 0.011 0.009 0.005 0.032 0.026 
 186   (0.121) 0.032 0.037 0.148 0.077 0.255 0.126 0.245 0.099 0.055 0.268 0.072 0.066 
 192   (0.023) 0.013 0.002 0.004 0.003 0.005 0.091 0.010 0.011 0.004 0.003 0.015 0.003 
 201   (0.010) 0.002 0.001 0.002 0.001 0.001 0.001 0.002 0.001 0.001 0.001 0.010 0.017 
 199   (0.018) 0.002 0.001 0.003 0.002 0.002 0.002 0.012 0.002 0.004 0.026 0.030 0.002 
 185   (0.010) 0.001 0.001 0.002 0.002 0.015 0.001 0.004 0.001 0.001 0.001 0.002 0.001 
 203   (0.011) 0.001 0.001 0.002 0.013 0.001 0.001 0.003 0.001 0.005 0.001 0.002 0.002 
 198   (0.010) 0.001 0.001 0.001 0.002 0.001 0.001 0.006 0.001 0.017 0.001 0.001 0.001 
 209   (0.011) 0.001 0.001 0.003 0.002 0.001 0.004 0.002 0.002 0.005 0.003 0.012 0.001 

Locus 9 : 
6 alleles
0.4% missing data
 154   (0.687) 0.668 0.625 0.794 0.663 0.837 0.802 0.806 0.698 0.716 0.769 0.660 0.922 
 156   (0.205) 0.299 0.361 0.178 0.265 0.034 0.117 0.124 0.167 0.268 0.189 0.325 0.066 
 152   (0.054) 0.009 0.006 0.012 0.039 0.110 0.076 0.042 0.084 0.010 0.011 0.008 0.006 
 153   (0.013) 0.020 0.001 0.002 0.002 0.017 0.002 0.009 0.002 0.002 0.002 0.002 0.001 
 160   (0.014) 0.001 0.001 0.002 0.002 0.001 0.001 0.014 0.002 0.002 0.025 0.002 0.001 
 164   (0.026) 0.003 0.006 0.011 0.030 0.002 0.002 0.006 0.048 0.003 0.003 0.004 0.003 

Locus 10 : 
29 alleles
0.7% missing data
 305   (0.032) 0.742 0.003 0.007 0.005 0.003 0.005 0.054 0.025 0.005 0.011 0.004 0.007 
 313   (0.049) 0.005 0.005 0.030 0.008 0.006 0.008 0.057 0.169 0.011 0.076 0.010 0.008 
 311   (0.017) 0.002 0.002 0.011 0.003 0.001 0.002 0.005 0.017 0.003 0.003 0.005 0.002 
 299   (0.131) 0.036 0.035 0.033 0.039 0.161 0.166 0.140 0.297 0.180 0.258 0.017 0.040 
 315   (0.078) 0.015 0.097 0.153 0.020 0.006 0.019 0.097 0.102 0.011 0.044 0.017 0.111 
 287   (0.020) 0.002 0.002 0.005 0.003 0.002 0.002 0.006 0.007 0.004 0.004 0.823 0.004 
 291   (0.116) 0.010 0.021 0.023 0.344 0.012 0.497 0.112 0.126 0.322 0.029 0.016 0.148 
 295   (0.032) 0.005 0.003 0.046 0.173 0.003 0.003 0.017 0.056 0.005 0.004 0.004 0.005 
 289   (0.019) 0.002 0.001 0.004 0.002 0.002 0.002 0.005 0.002 0.221 0.016 0.002 0.004 
 303   (0.035) 0.004 0.568 0.006 0.007 0.652 0.003 0.022 0.007 0.005 0.005 0.004 0.037 
 297   (0.038) 0.004 0.059 0.190 0.083 0.004 0.031 0.009 0.011 0.014 0.134 0.005 0.006 
 293   (0.016) 0.001 0.001 0.181 0.002 0.001 0.001 0.004 0.002 0.003 0.002 0.002 0.004 
 301   (0.066) 0.133 0.007 0.010 0.075 0.009 0.007 0.131 0.066 0.018 0.009 0.009 0.074 
 285   (0.028) 0.003 0.002 0.004 0.004 0.011 0.002 0.008 0.004 0.031 0.230 0.003 0.408 
 307   (0.056) 0.005 0.178 0.011 0.120 0.004 0.106 0.028 0.011 0.008 0.051 0.008 0.074 
 312   (0.045) 0.007 0.003 0.215 0.042 0.011 0.085 0.037 0.006 0.009 0.027 0.007 0.039 
 306   (0.030) 0.005 0.002 0.006 0.015 0.002 0.013 0.095 0.013 0.004 0.003 0.005 0.004 
 320   (0.014) 0.001 0.001 0.002 0.002 0.001 0.001 0.035 0.002 0.002 0.002 0.001 0.002 
 317   (0.023) 0.002 0.001 0.003 0.003 0.094 0.002 0.019 0.020 0.003 0.003 0.002 0.003 
 314   (0.027) 0.002 0.002 0.005 0.004 0.002 0.002 0.020 0.040 0.004 0.003 0.031 0.004 
 323   (0.011) 0.001 0.001 0.002 0.002 0.001 0.001 0.012 0.002 0.002 0.001 0.006 0.001 
 325   (0.014) 0.001 0.001 0.003 0.002 0.001 0.001 0.012 0.003 0.002 0.002 0.006 0.002 
 310   (0.018) 0.001 0.001 0.037 0.003 0.001 0.029 0.006 0.003 0.002 0.003 0.002 0.002 
 309   (0.014) 0.001 0.001 0.003 0.030 0.001 0.001 0.004 0.002 0.004 0.001 0.002 0.003 
 316   (0.018) 0.002 0.001 0.003 0.002 0.003 0.004 0.043 0.003 0.003 0.005 0.002 0.002 
 296   (0.012) 0.001 0.001 0.003 0.002 0.004 0.001 0.013 0.002 0.001 0.001 0.001 0.001 
 304   (0.015) 0.007 0.001 0.002 0.002 0.002 0.002 0.004 0.002 0.013 0.069 0.002 0.002 
 321   (0.014) 0.001 0.001 0.002 0.002 0.001 0.001 0.003 0.002 0.055 0.002 0.001 0.002 
 332   (0.013) 0.001 0.001 0.002 0.002 0.001 0.001 0.003 0.002 0.057 0.001 0.001 0.002 

Locus 11 : 
19 alleles
0.0% missing data
 114   (0.149) 0.300 0.199 0.200 0.261 0.038 0.019 0.122 0.253 0.026 0.064 0.045 0.247 
 126   (0.022) 0.061 0.004 0.004 0.004 0.002 0.002 0.004 0.047 0.002 0.002 0.003 0.004 
 111   (0.095) 0.032 0.006 0.147 0.014 0.317 0.563 0.025 0.178 0.592 0.405 0.025 0.011 
 116   (0.100) 0.153 0.271 0.093 0.160 0.008 0.029 0.047 0.086 0.029 0.088 0.129 0.013 
 132   (0.012) 0.001 0.001 0.002 0.002 0.001 0.001 0.003 0.012 0.002 0.002 0.002 0.001 
 109   (0.015) 0.001 0.001 0.002 0.002 0.001 0.002 0.003 0.052 0.002 0.002 0.002 0.002 
 128   (0.018) 0.002 0.001 0.003 0.014 0.001 0.006 0.008 0.009 0.002 0.002 0.003 0.002 
 112   (0.323) 0.409 0.486 0.452 0.453 0.166 0.043 0.605 0.277 0.076 0.252 0.439 0.639 
 122   (0.015) 0.002 0.004 0.009 0.005 0.014 0.002 0.004 0.002 0.003 0.002 0.002 0.012 
 124   (0.013) 0.001 0.002 0.002 0.002 0.001 0.001 0.003 0.002 0.001 0.001 0.002 0.025 
 118   (0.050) 0.007 0.013 0.021 0.034 0.014 0.005 0.017 0.023 0.180 0.015 0.082 0.024 
 127   (0.013) 0.001 0.001 0.002 0.002 0.001 0.001 0.017 0.002 0.001 0.001 0.002 0.001 
 113   (0.057) 0.008 0.004 0.019 0.010 0.422 0.235 0.056 0.008 0.045 0.122 0.042 0.006 
 115   (0.029) 0.009 0.003 0.005 0.007 0.004 0.007 0.016 0.028 0.004 0.003 0.201 0.003 
 120   (0.023) 0.002 0.001 0.004 0.020 0.002 0.072 0.007 0.004 0.004 0.002 0.003 0.003 
 117   (0.021) 0.004 0.002 0.016 0.003 0.003 0.007 0.018 0.003 0.010 0.013 0.004 0.004 
 125   (0.017) 0.002 0.001 0.014 0.002 0.003 0.001 0.036 0.002 0.002 0.002 0.004 0.002 
 119   (0.015) 0.002 0.001 0.002 0.002 0.001 0.003 0.006 0.002 0.016 0.020 0.002 0.002 
 136   (0.014) 0.001 0.001 0.002 0.002 0.001 0.001 0.003 0.011 0.002 0.001 0.008 0.002 

Locus 12 : 
28 alleles
0.7% missing data
 306   (0.032) 0.743 0.003 0.007 0.005 0.003 0.004 0.012 0.024 0.015 0.064 0.004 0.006 
 314   (0.059) 0.011 0.006 0.015 0.009 0.014 0.084 0.056 0.153 0.012 0.072 0.021 0.008 
 312   (0.015) 0.001 0.001 0.002 0.002 0.001 0.001 0.003 0.028 0.002 0.002 0.002 0.002 
 300   (0.140) 0.038 0.035 0.034 0.041 0.162 0.162 0.141 0.315 0.180 0.262 0.018 0.041 
 316   (0.045) 0.005 0.095 0.023 0.007 0.003 0.017 0.012 0.097 0.006 0.010 0.005 0.108 
 288   (0.020) 0.002 0.002 0.003 0.003 0.002 0.002 0.006 0.006 0.004 0.004 0.809 0.004 
 292   (0.114) 0.010 0.020 0.022 0.343 0.012 0.485 0.110 0.127 0.356 0.028 0.016 0.147 
 296   (0.040) 0.006 0.004 0.049 0.175 0.005 0.004 0.028 0.057 0.005 0.005 0.005 0.006 
 290   (0.018) 0.001 0.001 0.004 0.002 0.001 0.001 0.004 0.002 0.221 0.016 0.002 0.004 
 304   (0.036) 0.004 0.568 0.006 0.007 0.655 0.003 0.022 0.008 0.006 0.005 0.004 0.037 
 298   (0.039) 0.004 0.059 0.189 0.084 0.004 0.031 0.009 0.011 0.014 0.134 0.005 0.006 
 294   (0.017) 0.001 0.001 0.180 0.003 0.001 0.001 0.004 0.002 0.003 0.002 0.002 0.004 
 302   (0.069) 0.134 0.007 0.010 0.075 0.009 0.007 0.131 0.067 0.018 0.009 0.009 0.073 
 286   (0.027) 0.003 0.002 0.003 0.004 0.012 0.002 0.008 0.003 0.033 0.250 0.003 0.405 
 308   (0.035) 0.003 0.175 0.007 0.050 0.003 0.003 0.021 0.008 0.004 0.045 0.005 0.072 
 313   (0.036) 0.006 0.002 0.233 0.043 0.004 0.005 0.040 0.005 0.005 0.026 0.004 0.040 
 307   (0.047) 0.005 0.004 0.009 0.082 0.004 0.127 0.098 0.013 0.007 0.007 0.006 0.006 
 321   (0.014) 0.001 0.001 0.002 0.002 0.001 0.001 0.034 0.002 0.002 0.002 0.001 0.002 
 315   (0.056) 0.011 0.004 0.114 0.015 0.011 0.005 0.112 0.046 0.008 0.031 0.051 0.009 
 318   (0.021) 0.002 0.001 0.004 0.003 0.085 0.004 0.020 0.006 0.003 0.008 0.002 0.003 
 324   (0.014) 0.001 0.001 0.002 0.002 0.001 0.001 0.012 0.003 0.002 0.002 0.006 0.002 
 326   (0.015) 0.001 0.001 0.003 0.002 0.001 0.001 0.013 0.003 0.003 0.002 0.006 0.002 
 311   (0.021) 0.002 0.002 0.067 0.004 0.001 0.043 0.008 0.004 0.003 0.004 0.006 0.003 
 310   (0.016) 0.001 0.001 0.003 0.030 0.001 0.001 0.005 0.002 0.004 0.002 0.002 0.003 
 305   (0.016) 0.002 0.001 0.002 0.002 0.001 0.001 0.048 0.002 0.002 0.003 0.002 0.002 
 317   (0.015) 0.001 0.001 0.002 0.002 0.001 0.001 0.035 0.002 0.002 0.002 0.002 0.002 
 320   (0.014) 0.001 0.001 0.002 0.002 0.001 0.001 0.003 0.002 0.027 0.002 0.001 0.002 
 322   (0.013) 0.001 0.001 0.002 0.002 0.001 0.001 0.003 0.002 0.055 0.002 0.001 0.002 

Locus 13 : 
7 alleles
1.1% missing data
 161   (0.585) 0.494 0.889 0.527 0.849 0.503 0.426 0.538 0.658 0.894 0.229 0.439 0.068 
 163   (0.290) 0.090 0.023 0.432 0.112 0.437 0.561 0.426 0.243 0.088 0.622 0.541 0.033 
 160   (0.027) 0.305 0.002 0.011 0.004 0.002 0.002 0.006 0.003 0.004 0.003 0.004 0.351 
 162   (0.025) 0.104 0.002 0.005 0.003 0.002 0.002 0.005 0.003 0.003 0.002 0.003 0.540 
 165   (0.044) 0.005 0.003 0.018 0.024 0.054 0.006 0.019 0.085 0.008 0.139 0.008 0.005 
 166   (0.014) 0.001 0.003 0.005 0.005 0.001 0.001 0.003 0.005 0.002 0.003 0.002 0.002 
 164   (0.015) 0.001 0.079 0.002 0.002 0.001 0.001 0.003 0.002 0.002 0.001 0.002 0.001 

Locus 14 : 
4 alleles
0.4% missing data
  98   (0.956) 0.996 0.988 0.991 0.987 0.989 0.996 0.971 0.985 0.995 0.995 0.993 0.995 
 100   (0.014) 0.001 0.001 0.002 0.002 0.005 0.001 0.013 0.002 0.002 0.001 0.003 0.001 
  96   (0.017) 0.002 0.010 0.004 0.009 0.001 0.001 0.004 0.012 0.002 0.002 0.002 0.002 
 105   (0.013) 0.001 0.001 0.003 0.002 0.004 0.001 0.012 0.002 0.002 0.001 0.002 0.001 

Locus 15 : 
12 alleles
2.2% missing data
 171   (0.309) 0.119 0.169 0.265 0.170 0.288 0.347 0.441 0.419 0.504 0.229 0.473 0.308 
 177   (0.189) 0.046 0.051 0.261 0.315 0.073 0.076 0.159 0.177 0.192 0.129 0.240 0.527 
 173   (0.263) 0.194 0.056 0.360 0.302 0.521 0.526 0.225 0.297 0.215 0.519 0.136 0.095 
 179   (0.099) 0.567 0.588 0.043 0.050 0.097 0.011 0.050 0.068 0.027 0.099 0.113 0.051 
 183   (0.020) 0.015 0.008 0.009 0.003 0.012 0.003 0.007 0.023 0.003 0.004 0.008 0.002 
 181   (0.036) 0.006 0.122 0.008 0.010 0.003 0.031 0.089 0.006 0.005 0.007 0.005 0.005 
 197   (0.015) 0.001 0.001 0.006 0.086 0.001 0.001 0.003 0.002 0.002 0.002 0.002 0.002 
 170   (0.013) 0.001 0.001 0.027 0.002 0.001 0.001 0.008 0.002 0.002 0.003 0.004 0.003 
 189   (0.014) 0.046 0.001 0.004 0.003 0.001 0.001 0.005 0.002 0.002 0.003 0.002 0.002 
 203   (0.013) 0.001 0.001 0.002 0.054 0.001 0.001 0.003 0.001 0.001 0.001 0.002 0.001 
 187   (0.016) 0.002 0.001 0.013 0.002 0.001 0.001 0.007 0.002 0.020 0.002 0.014 0.002 
 198   (0.012) 0.001 0.001 0.002 0.002 0.001 0.001 0.003 0.001 0.026 0.001 0.002 0.001 

Values of parameters used in structure:
DATAFILE=STRUCTURE_main_final_278_HEG_ZG.str,	OUTFILE=STRUCTURE_main_final_278_HEG_ZG-K12-4,	NUMINDS=278,	NUMLOCI=15,	MISSING=-9,	LABEL=1,	POPDATA=1,	POPFLAG=0,	PHENOTYPE=0,	EXTRACOLS=0,	MAXPOPS=12,	BURNIN=100000,	NUMREPS=500000,	USEPOPINFO=0,	INFERALPHA=1,	INFERLAMBDA=0,	POPSPECIFICLAMBDA=0,	POPALPHAS=0,	COMPUTEPROB=1,	NOADMIX=0,	ADMBURNIN=2500,	UPDATEFREQ=1,	PRINTLIKES=0,	INTERMEDSAVE=0,	PRINTKLD=0,	PRINTNET=0,	PRINTLAMBDA=0,	ANCESTDIST=0,	NUMBOXES=1000,	ANCESTPINT=0.90000,	GENSBACK=2,	MIGRPRIOR=0.05000,	PRINTQHAT=0,	PRINTQSUM=0,	ALPHA=1.0000,	FREQSCORR=1,	FPRIORMEAN=0.0100,	FPRIORSD=0.0500,	ONEFST=0,	LAMBDA=1.0000,	UNIFPRIORALPHA=1,	ALPHAMAX=10.0000,	ALPHAPRIORA=1.0000,	ALPHAPRIORB=2.0000,	ALPHAPROPSD=0.0250,	STARTATPOPINFO=0,	RANDOMIZE=1,	LINKAGE=0,	METROFREQ=10,	REPORTHITRATE=0,	MARKOVPHASE=-1,	PHASED=0,	PLOIDY=2,	PHASEINFO=0	LOCPRIOR=0, 	LOCPRIORINIT=1.000000, 	LOCDATA=0, 	LOCISPOP=0, 	LOCPRIORSTEP=0.100000, 	MAXLOCPRIOR=20.000000, 	SEED=1782487174,	
[STRAT parameters]:    NUMSIMSTATS=1000,	PHENOTYPECOL=-9,	POOLFREQ=10,	LOCUSxONLY=0,	EMERROR=0.00100,	MISSINGPHENO=-9,	