

----------------------------------------------------
STRUCTURE by Pritchard, Stephens and Donnelly (2000)
     and Falush, Stephens and Pritchard (2003)
       Code by Pritchard, Falush and Hubisz
             Version 2.3.4 (Jul 2012)
----------------------------------------------------



Command line arguments:   structure -K 4 -i STRUCTURE_main_final_278_HEG_ZG.str -o STRUCTURE_main_final_278_HEG_ZG-K4-18 
Input File:    STRUCTURE_main_final_278_HEG_ZG.str

Run parameters:
   278 individuals
   15 loci
   4 populations assumed
   100000 Burn-in period
   500000 Reps


--------------------------------------------
Proportion of membership of each pre-defined
 population in each of the 4 clusters

Given    Inferred Clusters              Number of
 Pop       1      2      3      4      Individuals

  1:     0.029  0.798  0.062  0.111       24
  2:     0.063  0.040  0.866  0.032       24
  3:     0.814  0.031  0.033  0.122       24
  4:     0.285  0.507  0.102  0.107       24
  5:     0.675  0.133  0.092  0.100       24
  6:     0.049  0.728  0.199  0.024       24
  7:     0.045  0.132  0.808  0.015       24
  8:     0.832  0.089  0.024  0.055       14
  9:     0.070  0.064  0.027  0.839       24
 10:     0.069  0.020  0.033  0.877       24
 11:     0.087  0.048  0.030  0.836       24
 12:     0.306  0.379  0.189  0.125       24
--------------------------------------------

Allele-freq. divergence among pops (Net nucleotide distance),
computed using point estimates of P.

      1       2       3       4      
 1      -    0.0224  0.0362  0.0311  
 2   0.0224     -    0.0306  0.0362  
 3   0.0362  0.0306     -    0.0606  
 4   0.0311  0.0362  0.0606     -    

Average distances (expected heterozygosity) between individuals in same cluster:
cluster  1  : 0.6492 
cluster  2  : 0.6323 
cluster  3  : 0.6297 
cluster  4  : 0.6336 

--------------------------------------------
Estimated Ln Prob of Data   = -13090.1
Mean value of ln likelihood = -12740.8
Variance of ln likelihood   = 698.5
Mean value of alpha         = 0.0614

Mean value of Fst_1         = 0.0300
Mean value of Fst_2         = 0.0573
Mean value of Fst_3         = 0.0914
Mean value of Fst_4         = 0.0812


Inferred ancestry of individuals:
        Label (%Miss) Pop:  Inferred clusters
  1 24.0601.E1    (0)    1 :  0.013 0.932 0.042 0.013 
  2 24.0602.E1    (0)    1 :  0.018 0.953 0.008 0.021 
  3 24.0603.E1    (0)    1 :  0.034 0.941 0.012 0.013 
  4 24.0604.E1    (0)    1 :  0.034 0.920 0.013 0.033 
  5 24.0605.E1    (0)    1 :  0.011 0.950 0.019 0.019 
  6 24.0606.E1    (0)    1 :  0.009 0.957 0.015 0.019 
  7 24.0607.E1    (0)    1 :  0.042 0.339 0.203 0.416 
  8 24.0608.E1    (0)    1 :  0.016 0.797 0.058 0.129 
  9 24.0609.E1    (0)    1 :  0.038 0.615 0.007 0.340 
 10 24.0610.E1    (0)    1 :  0.026 0.845 0.009 0.120 
 11 24.0611.E1    (0)    1 :  0.013 0.947 0.010 0.031 
 12 24.0612.E1    (0)    1 :  0.018 0.940 0.032 0.010 
 13 24.0613.E1    (0)    1 :  0.007 0.971 0.007 0.015 
 14 24.0614.E1    (0)    1 :  0.014 0.564 0.132 0.291 
 15 24.0615.E1    (0)    1 :  0.019 0.707 0.065 0.209 
 16 24.0616.E1    (0)    1 :  0.008 0.966 0.009 0.016 
 17 24.0617.E1    (0)    1 :  0.012 0.475 0.041 0.471 
 18 24.0618.E1    (0)    1 :  0.021 0.811 0.010 0.158 
 19 24.0619.E1    (0)    1 :  0.107 0.865 0.010 0.018 
 20 24.0620.E1   (20)    1 :  0.037 0.271 0.615 0.077 
 21 24.0621.E1    (0)    1 :  0.138 0.702 0.008 0.151 
 22 24.0622.E1    (0)    1 :  0.014 0.959 0.019 0.008 
 23 24.0623.E1    (0)    1 :  0.040 0.755 0.142 0.063 
 24 24.0624.E1    (0)    1 :  0.007 0.973 0.007 0.013 
 25 24.0625.E1    (0)    2 :  0.052 0.025 0.902 0.021 
 26 24.0626.E1    (0)    2 :  0.011 0.008 0.974 0.007 
 27 24.0627.E1    (0)    2 :  0.313 0.010 0.664 0.012 
 28 24.0628.E1    (0)    2 :  0.064 0.037 0.856 0.043 
 29 24.0629.E1    (0)    2 :  0.026 0.099 0.843 0.032 
 30 24.0630.E1    (0)    2 :  0.014 0.013 0.963 0.010 
 31 24.0631.E1    (0)    2 :  0.006 0.010 0.978 0.006 
 32 24.0632.E1    (0)    2 :  0.015 0.017 0.955 0.014 
 33 24.0633.E1    (0)    2 :  0.113 0.023 0.831 0.033 
 34 24.0634.E1    (0)    2 :  0.014 0.013 0.957 0.015 
 35 24.0635.E1    (0)    2 :  0.326 0.024 0.580 0.071 
 36 24.0636.E1   (33)    2 :  0.028 0.062 0.901 0.009 
 37 24.0637.E1    (0)    2 :  0.010 0.008 0.977 0.006 
 38 24.0638.E1    (0)    2 :  0.119 0.018 0.853 0.010 
 39 24.0639.E1    (0)    2 :  0.018 0.048 0.845 0.089 
 40 24.0640.E1    (0)    2 :  0.008 0.013 0.964 0.015 
 41 24.0641.E1    (0)    2 :  0.115 0.244 0.434 0.208 
 42 24.0642.E1    (0)    2 :  0.046 0.204 0.743 0.007 
 43 24.0643.E1    (0)    2 :  0.154 0.021 0.813 0.012 
 44 24.0644.E1    (0)    2 :  0.011 0.014 0.924 0.051 
 45 24.0645.E1    (0)    2 :  0.008 0.020 0.944 0.027 
 46 24.0646.E1    (0)    2 :  0.011 0.014 0.924 0.050 
 47 24.0647.E1    (0)    2 :  0.011 0.008 0.976 0.005 
 48 24.0648.E1    (0)    2 :  0.010 0.007 0.977 0.005 
 49 24.0649.E1    (0)    3 :  0.952 0.009 0.007 0.032 
 50 24.0650.E1    (0)    3 :  0.154 0.273 0.006 0.567 
 51 24.0651.E1    (0)    3 :  0.626 0.016 0.210 0.148 
 52 24.0652.E1    (0)    3 :  0.932 0.012 0.006 0.049 
 53 24.0653.E1    (0)    3 :  0.973 0.007 0.007 0.013 
 54 24.0654.E1    (0)    3 :  0.910 0.009 0.008 0.073 
 55 24.0655.E1    (0)    3 :  0.780 0.077 0.028 0.115 
 56 24.0656.E1    (0)    3 :  0.904 0.011 0.029 0.056 
 57 24.0657.E1    (0)    3 :  0.915 0.010 0.026 0.049 
 58 24.0658.E1    (0)    3 :  0.902 0.027 0.010 0.062 
 59 24.0659.E1    (0)    3 :  0.921 0.025 0.007 0.048 
 60 24.0660.E1    (6)    3 :  0.948 0.029 0.012 0.011 
 61 24.0661.E1    (0)    3 :  0.552 0.013 0.127 0.308 
 62 24.0662.E1    (0)    3 :  0.718 0.091 0.039 0.152 
 63 24.0663.E1    (0)    3 :  0.036 0.012 0.010 0.942 
 64 24.0664.E1    (0)    3 :  0.914 0.009 0.032 0.045 
 65 24.0665.E1    (0)    3 :  0.790 0.008 0.175 0.027 
 66 24.0666.E1    (0)    3 :  0.966 0.013 0.007 0.014 
 67 24.0667.E1    (0)    3 :  0.976 0.008 0.008 0.008 
 68 24.0668.E1    (0)    3 :  0.976 0.007 0.007 0.010 
 69 24.0669.E1    (0)    3 :  0.972 0.007 0.009 0.012 
 70 24.0670.E1    (0)    3 :  0.896 0.016 0.007 0.081 
 71 24.0671.E1    (0)    3 :  0.872 0.016 0.017 0.095 
 72 24.0672.E1    (0)    3 :  0.946 0.036 0.006 0.011 
 73 24.0673.E1    (6)    4 :  0.036 0.318 0.589 0.056 
 74 24.0674.E1    (0)    4 :  0.014 0.927 0.048 0.012 
 75 24.0675.E1    (0)    4 :  0.109 0.435 0.146 0.310 
 76 24.0676.E1    (0)    4 :  0.090 0.183 0.064 0.663 
 77 24.0677.E1    (0)    4 :  0.260 0.098 0.010 0.632 
 78 24.0678.E1    (0)    4 :  0.629 0.294 0.054 0.023 
 79 24.0679.E1    (0)    4 :  0.736 0.227 0.010 0.027 
 80 24.0680.E1    (0)    4 :  0.925 0.046 0.018 0.011 
 81 24.0681.E1    (0)    4 :  0.373 0.565 0.044 0.019 
 82 24.0682.E1    (0)    4 :  0.042 0.890 0.052 0.017 
 83 24.0683.E1    (0)    4 :  0.019 0.918 0.050 0.014 
 84 24.0684.E1    (0)    4 :  0.022 0.864 0.102 0.012 
 85 24.0685.E1    (0)    4 :  0.064 0.881 0.039 0.016 
 86 24.0686.E1    (0)    4 :  0.615 0.294 0.059 0.031 
 87 24.0687.E1    (0)    4 :  0.446 0.295 0.236 0.023 
 88 24.0688.E1    (0)    4 :  0.158 0.787 0.043 0.012 
 89 24.0689.E1    (0)    4 :  0.137 0.323 0.083 0.457 
 90 24.0690.E1    (0)    4 :  0.931 0.021 0.036 0.013 
 91 24.0691.E1    (0)    4 :  0.019 0.947 0.015 0.018 
 92 24.0692.E1    (0)    4 :  0.744 0.187 0.031 0.038 
 93 24.0693.E1    (0)    4 :  0.193 0.053 0.654 0.100 
 94 24.0694.E1    (0)    4 :  0.207 0.742 0.032 0.019 
 95 24.0695.E1    (0)    4 :  0.026 0.946 0.010 0.019 
 96 24.0696.E1    (0)    4 :  0.035 0.929 0.020 0.016 
 97 24.0697.E1    (0)    5 :  0.582 0.152 0.219 0.047 
 98 24.0698.E1    (0)    5 :  0.495 0.181 0.165 0.160 
 99 24.0699.E1    (0)    5 :  0.799 0.092 0.017 0.093 
100 24.0700.E1    (0)    5 :  0.969 0.011 0.009 0.010 
101 24.0701.E1    (0)    5 :  0.893 0.016 0.055 0.036 
102 24.0702.E1    (0)    5 :  0.945 0.018 0.027 0.010 
103 24.0703.E1    (0)    5 :  0.700 0.034 0.057 0.209 
104 24.0704.E1    (6)    5 :  0.401 0.093 0.039 0.467 
105 24.0705.E1    (0)    5 :  0.639 0.336 0.014 0.011 
106 24.0706.E1    (0)    5 :  0.960 0.012 0.015 0.013 
107 24.0707.E1    (0)    5 :  0.817 0.112 0.059 0.012 
108 24.0708.E1    (0)    5 :  0.065 0.371 0.208 0.356 
109 24.0709.E1    (0)    5 :  0.358 0.203 0.041 0.398 
110 24.0710.E1    (0)    5 :  0.280 0.605 0.027 0.088 
111 24.0711.E1    (0)    5 :  0.621 0.314 0.044 0.022 
112 24.0712.E1    (0)    5 :  0.893 0.038 0.059 0.010 
113 24.0713.E1    (0)    5 :  0.894 0.029 0.020 0.057 
114 24.0714.E1    (0)    5 :  0.821 0.101 0.019 0.059 
115 24.0715.E1    (0)    5 :  0.250 0.181 0.525 0.043 
116 24.0716.E1    (0)    5 :  0.775 0.083 0.037 0.105 
117 24.0717.E1    (0)    5 :  0.442 0.028 0.437 0.093 
118 24.0718.E1    (0)    5 :  0.918 0.042 0.033 0.008 
119 24.0719.E1    (0)    5 :  0.847 0.049 0.054 0.051 
120 24.0720.E1    (0)    5 :  0.843 0.099 0.027 0.031 
121 24.0721.E1    (0)    6 :  0.134 0.241 0.588 0.037 
122 24.0722.E1    (0)    6 :  0.055 0.158 0.761 0.026 
123 24.0723.E1    (0)    6 :  0.026 0.070 0.727 0.177 
124 24.0724.E1    (0)    6 :  0.016 0.914 0.037 0.033 
125 24.0725.E1    (0)    6 :  0.023 0.961 0.008 0.008 
126 24.0726.E1    (6)    6 :  0.018 0.925 0.047 0.010 
127 24.0727.E1    (0)    6 :  0.044 0.799 0.137 0.019 
128 24.0728.E1    (0)    6 :  0.110 0.565 0.289 0.035 
129 24.0729.E1    (0)    6 :  0.019 0.941 0.025 0.015 
130 24.0730.E1    (0)    6 :  0.274 0.633 0.050 0.043 
131 24.0731.E1    (0)    6 :  0.013 0.960 0.017 0.010 
132 24.0732.E1    (0)    6 :  0.030 0.458 0.506 0.006 
133 24.0733.E1    (0)    6 :  0.006 0.971 0.017 0.006 
134 24.0734.E1    (0)    6 :  0.034 0.074 0.882 0.009 
135 24.0735.E1    (0)    6 :  0.026 0.817 0.138 0.019 
136 24.0736.E1    (0)    6 :  0.009 0.962 0.020 0.008 
137 24.0737.E1    (0)    6 :  0.018 0.953 0.016 0.012 
138 24.0738.E1    (0)    6 :  0.014 0.959 0.018 0.009 
139 24.0739.E1    (0)    6 :  0.023 0.959 0.010 0.009 
140 24.0740.E1    (0)    6 :  0.018 0.947 0.018 0.017 
141 24.0741.E1    (0)    6 :  0.018 0.817 0.155 0.010 
142 24.0742.E1    (0)    6 :  0.011 0.893 0.087 0.010 
143 24.0743.E1    (0)    6 :  0.012 0.956 0.013 0.019 
144 24.0744.E1    (0)    6 :  0.218 0.541 0.203 0.038 
145 24.0745.E1    (0)    7 :  0.043 0.013 0.924 0.020 
146 24.0746.E1    (0)    7 :  0.040 0.066 0.858 0.036 
147 24.0747.E1    (0)    7 :  0.025 0.064 0.897 0.014 
148 24.0748.E1    (6)    7 :  0.034 0.101 0.842 0.023 
149 24.0749.E1    (0)    7 :  0.012 0.507 0.468 0.012 
150 24.0750.E1    (0)    7 :  0.062 0.813 0.095 0.029 
151 24.0751.E1    (0)    7 :  0.007 0.014 0.971 0.007 
152 24.0752.E1    (0)    7 :  0.009 0.083 0.896 0.013 
153 24.0753.E1    (0)    7 :  0.010 0.048 0.935 0.008 
154 24.0754.E1    (0)    7 :  0.013 0.022 0.958 0.007 
155 24.0755.E1    (0)    7 :  0.018 0.024 0.942 0.016 
156 24.0756.E1    (0)    7 :  0.006 0.031 0.950 0.013 
157 24.0757.E1    (0)    7 :  0.006 0.008 0.981 0.005 
158 24.0758.E1    (0)    7 :  0.006 0.009 0.980 0.005 
159 24.0759.E1    (0)    7 :  0.016 0.100 0.873 0.010 
160 24.0760.E1    (0)    7 :  0.015 0.011 0.967 0.007 
161 24.0761.E1    (0)    7 :  0.006 0.006 0.983 0.005 
162 24.0762.E1    (0)    7 :  0.703 0.220 0.047 0.030 
163 24.0763.E1    (0)    7 :  0.009 0.028 0.955 0.007 
164 24.0764.E1    (0)    7 :  0.008 0.044 0.942 0.006 
165 24.0765.E1    (0)    7 :  0.007 0.017 0.964 0.013 
166 24.0766.E1    (0)    7 :  0.007 0.018 0.969 0.007 
167 24.0767.E1    (0)    7 :  0.006 0.021 0.963 0.009 
168 24.0768.E1    (0)    7 :  0.023 0.891 0.034 0.052 
169 24.0779.E1    (0)    8 :  0.870 0.032 0.066 0.032 
170 24.0780.E1    (6)    8 :  0.836 0.014 0.008 0.143 
171 24.0781.E1    (0)    8 :  0.976 0.007 0.007 0.010 
172 24.0782.E1    (0)    8 :  0.071 0.815 0.074 0.040 
173 24.0783.E1    (0)    8 :  0.915 0.016 0.009 0.060 
174 24.0784.E1    (0)    8 :  0.927 0.018 0.008 0.047 
175 24.0785.E1    (0)    8 :  0.898 0.010 0.005 0.086 
176 24.0786.E1    (0)    8 :  0.761 0.108 0.023 0.108 
177 24.0787.E1    (0)    8 :  0.931 0.018 0.036 0.015 
178 24.0788.E1    (0)    8 :  0.915 0.010 0.025 0.050 
179 24.0789.E1    (0)    8 :  0.768 0.067 0.032 0.133 
180 24.0790.E1    (0)    8 :  0.969 0.006 0.007 0.018 
181 24.0791.E1    (0)    8 :  0.876 0.104 0.009 0.011 
182 24.0792.E1    (0)    8 :  0.934 0.024 0.021 0.020 
183 24.0793.E1    (0)    9 :  0.018 0.016 0.016 0.950 
184 24.0794.E1    (0)    9 :  0.166 0.576 0.010 0.248 
185 24.0795.E1    (0)    9 :  0.042 0.538 0.063 0.358 
186 24.0796.E1    (0)    9 :  0.190 0.036 0.007 0.767 
187 24.0797.E1    (0)    9 :  0.069 0.012 0.007 0.912 
188 24.0798.E1    (0)    9 :  0.269 0.020 0.170 0.541 
189 24.0799.E1    (0)    9 :  0.013 0.013 0.011 0.963 
190 24.0800.E1    (0)    9 :  0.016 0.017 0.010 0.957 
191 24.0801.E1    (0)    9 :  0.227 0.016 0.014 0.743 
192 24.0802.E1    (0)    9 :  0.019 0.013 0.019 0.949 
193 24.0803.E1    (0)    9 :  0.018 0.018 0.014 0.950 
194 24.0804.E1    (0)    9 :  0.007 0.010 0.009 0.974 
195 24.0805.E1    (0)    9 :  0.138 0.028 0.018 0.817 
196 24.0806.E1    (0)    9 :  0.012 0.010 0.096 0.882 
197 24.0807.E1    (0)    9 :  0.021 0.009 0.011 0.958 
198 24.0808.E1    (0)    9 :  0.200 0.050 0.028 0.723 
199 24.0809.E1    (0)    9 :  0.032 0.049 0.020 0.899 
200 24.0810.E1    (0)    9 :  0.013 0.023 0.013 0.951 
201 24.0811.E1    (0)    9 :  0.013 0.019 0.010 0.959 
202 24.0812.E1    (0)    9 :  0.029 0.024 0.008 0.939 
203 24.0813.E1    (0)    9 :  0.113 0.022 0.028 0.837 
204 24.0814.E1    (6)    9 :  0.010 0.008 0.009 0.974 
205 24.0815.E1    (0)    9 :  0.026 0.007 0.036 0.930 
206 24.0816.E1    (0)    9 :  0.024 0.009 0.015 0.953 
207 24.0817.E1    (0)   10 :  0.018 0.014 0.007 0.961 
208 24.0818.E1    (0)   10 :  0.047 0.052 0.016 0.884 
209 24.0819.E1    (0)   10 :  0.076 0.017 0.143 0.765 
210 24.0820.E1    (0)   10 :  0.014 0.008 0.221 0.757 
211 24.0821.E1    (0)   10 :  0.582 0.015 0.012 0.390 
212 24.0822.E1    (0)   10 :  0.025 0.009 0.017 0.948 
213 24.0823.E1    (0)   10 :  0.013 0.009 0.044 0.934 
214 24.0824.E1    (0)   10 :  0.206 0.038 0.027 0.729 
215 24.0825.E1    (0)   10 :  0.010 0.011 0.011 0.967 
216 24.0826.E1    (0)   10 :  0.024 0.007 0.109 0.859 
217 24.0827.E1    (0)   10 :  0.023 0.036 0.007 0.934 
218 24.0828.E1    (0)   10 :  0.020 0.008 0.056 0.916 
219 24.0829.E1    (0)   10 :  0.011 0.010 0.010 0.969 
220 24.0830.E1    (0)   10 :  0.123 0.009 0.005 0.863 
221 24.0831.E1    (0)   10 :  0.294 0.008 0.006 0.692 
222 24.0832.E1    (0)   10 :  0.010 0.013 0.006 0.971 
223 24.0833.E1    (0)   10 :  0.009 0.008 0.007 0.976 
224 24.0834.E1    (0)   10 :  0.011 0.011 0.009 0.969 
225 24.0835.E1    (0)   10 :  0.011 0.013 0.006 0.969 
226 24.0836.E1    (0)   10 :  0.019 0.019 0.011 0.951 
227 24.0837.E1    (0)   10 :  0.019 0.012 0.009 0.961 
228 24.0838.E1    (0)   10 :  0.023 0.014 0.013 0.950 
229 24.0839.E1    (0)   10 :  0.065 0.134 0.023 0.777 
230 24.0840.E1    (0)   10 :  0.013 0.013 0.008 0.966 
231 24.0841.E1    (0)   11 :  0.013 0.075 0.008 0.903 
232 24.0842.E1    (0)   11 :  0.049 0.029 0.007 0.915 
233 24.0843.E1    (0)   11 :  0.079 0.007 0.016 0.898 
234 24.0844.E1    (0)   11 :  0.222 0.025 0.009 0.744 
235 24.0845.E1    (0)   11 :  0.076 0.012 0.007 0.905 
236 24.0846.E1    (0)   11 :  0.014 0.015 0.008 0.963 
237 24.0847.E1    (0)   11 :  0.022 0.105 0.016 0.857 
238 24.0848.E1    (0)   11 :  0.036 0.023 0.006 0.935 
239 24.0849.E1    (0)   11 :  0.009 0.008 0.011 0.973 
240 24.0850.E1    (0)   11 :  0.009 0.007 0.011 0.973 
241 24.0851.E1    (0)   11 :  0.009 0.007 0.011 0.972 
242 24.0852.E1    (0)   11 :  0.051 0.009 0.019 0.921 
243 24.0853.E1    (0)   11 :  0.009 0.007 0.014 0.970 
244 24.0854.E1    (0)   11 :  0.819 0.015 0.013 0.153 
245 24.0855.E1    (0)   11 :  0.009 0.010 0.007 0.974 
246 24.0856.E1    (0)   11 :  0.282 0.093 0.377 0.248 
247 24.0857.E1    (0)   11 :  0.013 0.020 0.011 0.956 
248 24.0858.E1    (0)   11 :  0.035 0.014 0.009 0.941 
249 24.0859.E1    (0)   11 :  0.013 0.011 0.040 0.936 
250 24.0860.E1    (0)   11 :  0.023 0.019 0.042 0.916 
251 24.0861.E1    (0)   11 :  0.010 0.008 0.011 0.971 
252 24.0862.E1    (0)   11 :  0.046 0.042 0.042 0.870 
253 24.0863.E1    (0)   11 :  0.011 0.008 0.011 0.970 
254 24.0864.E1    (0)   11 :  0.220 0.575 0.011 0.194 
255 24.0865.E1    (0)   12 :  0.143 0.020 0.651 0.185 
256 24.0866.E1    (0)   12 :  0.137 0.082 0.048 0.734 
257 24.0867.E1    (0)   12 :  0.031 0.031 0.809 0.130 
258 24.0868.E1    (0)   12 :  0.841 0.035 0.055 0.069 
259 24.0869.E1    (0)   12 :  0.437 0.082 0.097 0.384 
260 24.0870.E1    (0)   12 :  0.705 0.170 0.085 0.040 
261 24.0871.E1    (0)   12 :  0.589 0.321 0.034 0.056 
262 24.0872.E1    (0)   12 :  0.537 0.029 0.371 0.063 
263 24.0873.E1    (0)   12 :  0.459 0.127 0.157 0.257 
264 24.0874.E1    (0)   12 :  0.043 0.021 0.357 0.579 
265 24.0875.E1    (0)   12 :  0.883 0.082 0.016 0.018 
266 24.0876.E1    (0)   12 :  0.493 0.469 0.027 0.011 
267 24.0877.E1    (0)   12 :  0.016 0.951 0.023 0.010 
268 24.0878.E1    (0)   12 :  0.041 0.921 0.011 0.027 
269 24.0879.E1    (0)   12 :  0.147 0.829 0.015 0.010 
270 24.0880.E1    (0)   12 :  0.543 0.102 0.025 0.330 
271 24.0881.E1    (0)   12 :  0.008 0.969 0.015 0.008 
272 24.0882.E1    (0)   12 :  0.014 0.396 0.579 0.011 
273 24.0883.E1    (0)   12 :  0.122 0.580 0.279 0.020 
274 24.0884.E1    (0)   12 :  0.013 0.963 0.015 0.009 
275 24.0885.E1    (0)   12 :  0.058 0.919 0.013 0.010 
276 24.0886.E1    (0)   12 :  0.073 0.809 0.093 0.025 
277 24.0887.E1    (0)   12 :  0.049 0.183 0.760 0.008 
278 24.0888.E1    (0)   12 :  0.962 0.013 0.010 0.015 


Estimated Allele Frequencies in each cluster
First column gives estimated ancestral frequencies


Locus 1 : 
31 alleles
0.0% missing data
 115   (0.025) 0.011 0.145 0.005 0.003 
 117   (0.045) 0.015 0.171 0.085 0.014 
 119   (0.036) 0.007 0.195 0.252 0.003 
 131   (0.015) 0.003 0.032 0.002 0.001 
 128   (0.037) 0.033 0.037 0.005 0.013 
 135   (0.014) 0.003 0.039 0.002 0.001 
 126   (0.079) 0.067 0.077 0.054 0.135 
 122   (0.040) 0.026 0.013 0.038 0.045 
 132   (0.029) 0.020 0.006 0.011 0.031 
 141   (0.011) 0.002 0.006 0.002 0.001 
 130   (0.050) 0.084 0.013 0.032 0.027 
 134   (0.037) 0.024 0.006 0.054 0.041 
 145   (0.026) 0.031 0.005 0.016 0.004 
 127   (0.023) 0.005 0.020 0.107 0.002 
 116   (0.122) 0.198 0.067 0.115 0.170 
 114   (0.046) 0.035 0.008 0.044 0.151 
 120   (0.036) 0.069 0.010 0.034 0.003 
 110   (0.047) 0.027 0.040 0.030 0.044 
 133   (0.013) 0.003 0.002 0.015 0.001 
 118   (0.106) 0.264 0.038 0.025 0.251 
 125   (0.015) 0.007 0.002 0.001 0.008 
 129   (0.020) 0.009 0.033 0.003 0.001 
 124   (0.016) 0.017 0.004 0.002 0.001 
 136   (0.025) 0.015 0.009 0.003 0.032 
 121   (0.017) 0.003 0.007 0.035 0.001 
 139   (0.011) 0.002 0.007 0.001 0.001 
 113   (0.011) 0.002 0.001 0.009 0.001 
 111   (0.011) 0.002 0.001 0.009 0.001 
 143   (0.011) 0.002 0.001 0.009 0.001 
 140   (0.015) 0.010 0.002 0.002 0.005 
 112   (0.011) 0.002 0.001 0.001 0.006 

Locus 2 : 
18 alleles
0.0% missing data
 152   (0.378) 0.335 0.597 0.587 0.375 
 148   (0.057) 0.029 0.163 0.111 0.005 
 154   (0.116) 0.097 0.080 0.135 0.129 
 156   (0.018) 0.008 0.009 0.002 0.002 
 150   (0.019) 0.004 0.005 0.051 0.001 
 164   (0.074) 0.068 0.071 0.017 0.078 
 158   (0.041) 0.031 0.018 0.022 0.011 
 160   (0.019) 0.010 0.003 0.015 0.002 
 166   (0.022) 0.014 0.005 0.004 0.012 
 151   (0.073) 0.210 0.009 0.007 0.231 
 147   (0.059) 0.113 0.007 0.013 0.132 
 168   (0.022) 0.021 0.003 0.003 0.006 
 153   (0.015) 0.013 0.002 0.002 0.001 
 149   (0.025) 0.019 0.007 0.009 0.002 
 162   (0.021) 0.009 0.005 0.004 0.010 
 167   (0.014) 0.003 0.014 0.001 0.001 
 146   (0.013) 0.002 0.001 0.017 0.001 
 172   (0.015) 0.014 0.002 0.001 0.001 

Locus 3 : 
4 alleles
0.0% missing data
 128   (0.285) 0.245 0.261 0.366 0.357 
 126   (0.618) 0.672 0.682 0.603 0.573 
 132   (0.080) 0.072 0.055 0.024 0.068 
 134   (0.017) 0.010 0.002 0.007 0.001 

Locus 4 : 
3 alleles
0.0% missing data
 170   (0.313) 0.305 0.281 0.326 0.317 
 172   (0.674) 0.691 0.717 0.667 0.682 
 171   (0.013) 0.003 0.002 0.007 0.001 

Locus 5 : 
37 alleles
0.0% missing data
 125   (0.051) 0.050 0.041 0.072 0.061 
 110   (0.034) 0.017 0.031 0.026 0.050 
 129   (0.035) 0.055 0.042 0.003 0.029 
 113   (0.033) 0.068 0.012 0.004 0.042 
 145   (0.054) 0.071 0.190 0.045 0.010 
 155   (0.048) 0.026 0.109 0.078 0.053 
 117   (0.032) 0.024 0.059 0.018 0.008 
 124   (0.010) 0.002 0.014 0.001 0.001 
 133   (0.034) 0.045 0.034 0.042 0.004 
 157   (0.046) 0.112 0.014 0.033 0.042 
 141   (0.017) 0.020 0.006 0.002 0.003 
 112   (0.063) 0.044 0.096 0.147 0.120 
 121   (0.019) 0.012 0.004 0.005 0.030 
 114   (0.039) 0.013 0.065 0.116 0.045 
 153   (0.048) 0.082 0.048 0.006 0.113 
 127   (0.069) 0.084 0.073 0.087 0.105 
 131   (0.056) 0.042 0.052 0.177 0.072 
 135   (0.029) 0.032 0.012 0.006 0.047 
 104   (0.009) 0.002 0.001 0.007 0.001 
 118   (0.019) 0.010 0.014 0.009 0.002 
 116   (0.030) 0.018 0.017 0.013 0.022 
 137   (0.028) 0.013 0.010 0.045 0.021 
 123   (0.019) 0.006 0.008 0.003 0.052 
 149   (0.011) 0.003 0.003 0.001 0.004 
 138   (0.014) 0.031 0.002 0.001 0.001 
 143   (0.027) 0.022 0.003 0.040 0.028 
 163   (0.010) 0.005 0.003 0.002 0.001 
 109   (0.011) 0.004 0.011 0.001 0.001 
 139   (0.011) 0.007 0.001 0.001 0.001 
 106   (0.010) 0.007 0.002 0.001 0.001 
 144   (0.016) 0.017 0.003 0.002 0.008 
 122   (0.011) 0.002 0.013 0.002 0.001 
 100   (0.017) 0.017 0.003 0.001 0.015 
 111   (0.011) 0.019 0.001 0.001 0.001 
 233   (0.010) 0.006 0.001 0.001 0.002 
 134   (0.010) 0.004 0.001 0.001 0.004 
 140   (0.010) 0.007 0.001 0.001 0.001 

Locus 6 : 
17 alleles
0.0% missing data
 221   (0.027) 0.006 0.088 0.038 0.002 
 232   (0.258) 0.326 0.207 0.341 0.371 
 229   (0.048) 0.013 0.073 0.054 0.047 
 223   (0.056) 0.042 0.089 0.009 0.044 
 230   (0.162) 0.200 0.148 0.222 0.119 
 235   (0.015) 0.003 0.039 0.002 0.001 
 236   (0.038) 0.031 0.055 0.017 0.003 
 227   (0.019) 0.006 0.043 0.002 0.001 
 220   (0.048) 0.033 0.009 0.071 0.092 
 222   (0.045) 0.034 0.005 0.093 0.069 
 234   (0.129) 0.130 0.139 0.119 0.127 
 224   (0.031) 0.042 0.004 0.004 0.035 
 228   (0.057) 0.117 0.022 0.007 0.049 
 225   (0.012) 0.003 0.005 0.001 0.003 
 226   (0.016) 0.004 0.004 0.001 0.034 
 233   (0.023) 0.008 0.044 0.016 0.002 
 231   (0.014) 0.003 0.026 0.001 0.001 

Locus 7 : 
10 alleles
0.0% missing data
 121   (0.695) 0.795 0.835 0.773 0.748 
 129   (0.084) 0.052 0.075 0.060 0.110 
 130   (0.015) 0.003 0.003 0.002 0.011 
 123   (0.096) 0.096 0.040 0.094 0.107 
 128   (0.015) 0.003 0.002 0.031 0.001 
 131   (0.016) 0.005 0.004 0.010 0.003 
 117   (0.012) 0.008 0.001 0.001 0.001 
 125   (0.014) 0.014 0.001 0.001 0.001 
 134   (0.040) 0.021 0.036 0.012 0.017 
 132   (0.013) 0.003 0.002 0.015 0.001 

Locus 8 : 
19 alleles
0.0% missing data
 184   (0.298) 0.384 0.482 0.400 0.359 
 194   (0.045) 0.046 0.043 0.022 0.008 
 178   (0.090) 0.054 0.154 0.110 0.160 
 176   (0.082) 0.092 0.052 0.133 0.057 
 182   (0.081) 0.074 0.060 0.099 0.094 
 190   (0.024) 0.005 0.006 0.049 0.022 
 196   (0.027) 0.017 0.011 0.002 0.024 
 200   (0.029) 0.026 0.014 0.013 0.004 
 180   (0.029) 0.024 0.008 0.031 0.004 
 188   (0.044) 0.038 0.022 0.015 0.029 
 174   (0.039) 0.039 0.029 0.038 0.003 
 186   (0.115) 0.155 0.101 0.066 0.179 
 192   (0.024) 0.008 0.008 0.008 0.036 
 201   (0.011) 0.003 0.001 0.007 0.001 
 199   (0.018) 0.015 0.002 0.002 0.007 
 185   (0.011) 0.007 0.001 0.001 0.001 
 203   (0.011) 0.005 0.002 0.001 0.003 
 198   (0.011) 0.004 0.002 0.001 0.004 
 209   (0.011) 0.004 0.001 0.001 0.005 

Locus 9 : 
6 alleles
0.4% missing data
 154   (0.699) 0.754 0.707 0.717 0.787 
 156   (0.207) 0.197 0.196 0.271 0.139 
 152   (0.046) 0.018 0.055 0.008 0.069 
 153   (0.015) 0.012 0.002 0.001 0.002 
 160   (0.015) 0.013 0.002 0.001 0.002 
 164   (0.019) 0.006 0.038 0.002 0.001 

Locus 10 : 
29 alleles
0.7% missing data
 305   (0.069) 0.072 0.071 0.096 0.030 
 313   (0.044) 0.040 0.082 0.005 0.022 
 311   (0.015) 0.007 0.010 0.001 0.001 
 299   (0.092) 0.085 0.181 0.035 0.175 
 315   (0.065) 0.090 0.072 0.066 0.013 
 287   (0.061) 0.148 0.025 0.026 0.032 
 291   (0.103) 0.082 0.145 0.073 0.261 
 295   (0.025) 0.015 0.102 0.004 0.003 
 289   (0.018) 0.006 0.004 0.003 0.050 
 303   (0.064) 0.051 0.018 0.351 0.113 
 297   (0.039) 0.009 0.079 0.031 0.054 
 293   (0.024) 0.027 0.032 0.003 0.003 
 301   (0.052) 0.058 0.057 0.057 0.008 
 285   (0.030) 0.012 0.004 0.095 0.070 
 307   (0.051) 0.027 0.051 0.106 0.044 
 312   (0.049) 0.086 0.010 0.028 0.045 
 306   (0.023) 0.043 0.009 0.002 0.003 
 320   (0.013) 0.014 0.001 0.001 0.001 
 317   (0.024) 0.034 0.012 0.002 0.003 
 314   (0.021) 0.017 0.020 0.002 0.001 
 323   (0.011) 0.008 0.001 0.001 0.001 
 325   (0.011) 0.008 0.001 0.001 0.001 
 310   (0.019) 0.017 0.003 0.002 0.010 
 309   (0.012) 0.012 0.002 0.002 0.001 
 316   (0.016) 0.017 0.002 0.001 0.004 
 296   (0.011) 0.008 0.001 0.001 0.001 
 304   (0.013) 0.003 0.001 0.001 0.025 
 321   (0.013) 0.003 0.001 0.001 0.012 
 332   (0.013) 0.003 0.002 0.001 0.012 

Locus 11 : 
19 alleles
0.0% missing data
 114   (0.141) 0.147 0.224 0.245 0.016 
 126   (0.023) 0.005 0.032 0.013 0.002 
 111   (0.063) 0.018 0.134 0.006 0.550 
 116   (0.112) 0.073 0.153 0.140 0.038 
 132   (0.013) 0.003 0.007 0.001 0.001 
 109   (0.016) 0.003 0.027 0.001 0.001 
 128   (0.019) 0.009 0.008 0.002 0.002 
 112   (0.345) 0.544 0.338 0.525 0.056 
 122   (0.016) 0.007 0.002 0.011 0.001 
 124   (0.013) 0.003 0.002 0.008 0.001 
 118   (0.056) 0.033 0.026 0.031 0.037 
 127   (0.013) 0.008 0.001 0.001 0.001 
 113   (0.049) 0.056 0.007 0.005 0.234 
 115   (0.034) 0.046 0.022 0.003 0.004 
 120   (0.024) 0.011 0.005 0.002 0.029 
 117   (0.020) 0.009 0.003 0.002 0.012 
 125   (0.017) 0.020 0.002 0.001 0.001 
 119   (0.014) 0.003 0.002 0.001 0.012 
 136   (0.012) 0.003 0.006 0.001 0.001 

Locus 12 : 
28 alleles
0.7% missing data
 306   (0.072) 0.053 0.070 0.091 0.056 
 314   (0.048) 0.034 0.074 0.006 0.054 
 312   (0.012) 0.002 0.014 0.001 0.001 
 300   (0.096) 0.085 0.190 0.036 0.174 
 316   (0.035) 0.008 0.061 0.062 0.011 
 288   (0.064) 0.143 0.025 0.026 0.032 
 292   (0.107) 0.083 0.147 0.073 0.265 
 296   (0.030) 0.022 0.103 0.005 0.004 
 290   (0.018) 0.006 0.004 0.003 0.049 
 304   (0.068) 0.051 0.019 0.353 0.112 
 298   (0.040) 0.009 0.080 0.031 0.054 
 294   (0.025) 0.027 0.032 0.004 0.003 
 302   (0.054) 0.058 0.058 0.058 0.008 
 286   (0.032) 0.012 0.004 0.096 0.076 
 308   (0.029) 0.016 0.032 0.100 0.002 
 313   (0.039) 0.097 0.010 0.029 0.004 
 307   (0.048) 0.053 0.027 0.008 0.047 
 321   (0.013) 0.014 0.002 0.001 0.001 
 315   (0.037) 0.097 0.028 0.005 0.003 
 318   (0.023) 0.031 0.005 0.002 0.007 
 324   (0.011) 0.008 0.001 0.001 0.001 
 326   (0.011) 0.008 0.001 0.001 0.001 
 311   (0.023) 0.030 0.005 0.002 0.014 
 310   (0.014) 0.013 0.002 0.002 0.001 
 305   (0.015) 0.019 0.002 0.001 0.002 
 317   (0.014) 0.014 0.001 0.001 0.001 
 320   (0.012) 0.003 0.002 0.001 0.005 
 322   (0.012) 0.003 0.001 0.001 0.012 

Locus 13 : 
7 alleles
1.1% missing data
 161   (0.607) 0.556 0.690 0.551 0.490 
 163   (0.289) 0.420 0.243 0.034 0.444 
 160   (0.019) 0.005 0.003 0.183 0.002 
 162   (0.018) 0.003 0.002 0.185 0.001 
 165   (0.038) 0.009 0.054 0.005 0.061 
 166   (0.013) 0.003 0.007 0.002 0.001 
 164   (0.016) 0.003 0.002 0.041 0.001 

Locus 14 : 
4 alleles
0.4% missing data
  98   (0.958) 0.981 0.986 0.992 0.997 
 100   (0.013) 0.008 0.001 0.002 0.001 
  96   (0.016) 0.003 0.011 0.005 0.001 
 105   (0.013) 0.008 0.002 0.001 0.001 

Locus 15 : 
12 alleles
2.2% missing data
 171   (0.296) 0.357 0.337 0.187 0.337 
 177   (0.177) 0.182 0.206 0.198 0.115 
 173   (0.259) 0.279 0.293 0.128 0.463 
 179   (0.110) 0.084 0.082 0.407 0.050 
 183   (0.020) 0.008 0.021 0.003 0.003 
 181   (0.044) 0.036 0.009 0.064 0.016 
 197   (0.022) 0.010 0.026 0.004 0.003 
 170   (0.014) 0.014 0.002 0.001 0.001 
 189   (0.015) 0.010 0.005 0.003 0.001 
 203   (0.015) 0.006 0.017 0.002 0.001 
 187   (0.017) 0.011 0.002 0.001 0.005 
 198   (0.012) 0.004 0.002 0.001 0.005 

Values of parameters used in structure:
DATAFILE=STRUCTURE_main_final_278_HEG_ZG.str,	OUTFILE=STRUCTURE_main_final_278_HEG_ZG-K4-18,	NUMINDS=278,	NUMLOCI=15,	MISSING=-9,	LABEL=1,	POPDATA=1,	POPFLAG=0,	PHENOTYPE=0,	EXTRACOLS=0,	MAXPOPS=4,	BURNIN=100000,	NUMREPS=500000,	USEPOPINFO=0,	INFERALPHA=1,	INFERLAMBDA=0,	POPSPECIFICLAMBDA=0,	POPALPHAS=0,	COMPUTEPROB=1,	NOADMIX=0,	ADMBURNIN=2500,	UPDATEFREQ=1,	PRINTLIKES=0,	INTERMEDSAVE=0,	PRINTKLD=0,	PRINTNET=0,	PRINTLAMBDA=0,	ANCESTDIST=0,	NUMBOXES=1000,	ANCESTPINT=0.90000,	GENSBACK=2,	MIGRPRIOR=0.05000,	PRINTQHAT=0,	PRINTQSUM=0,	ALPHA=1.0000,	FREQSCORR=1,	FPRIORMEAN=0.0100,	FPRIORSD=0.0500,	ONEFST=0,	LAMBDA=1.0000,	UNIFPRIORALPHA=1,	ALPHAMAX=10.0000,	ALPHAPRIORA=1.0000,	ALPHAPRIORB=2.0000,	ALPHAPROPSD=0.0250,	STARTATPOPINFO=0,	RANDOMIZE=1,	LINKAGE=0,	METROFREQ=10,	REPORTHITRATE=0,	MARKOVPHASE=-1,	PHASED=0,	PLOIDY=2,	PHASEINFO=0	LOCPRIOR=0, 	LOCPRIORINIT=1.000000, 	LOCDATA=0, 	LOCISPOP=0, 	LOCPRIORSTEP=0.100000, 	MAXLOCPRIOR=20.000000, 	SEED=1782480301,	
[STRAT parameters]:    NUMSIMSTATS=1000,	PHENOTYPECOL=-9,	POOLFREQ=10,	LOCUSxONLY=0,	EMERROR=0.00100,	MISSINGPHENO=-9,	