

----------------------------------------------------
STRUCTURE by Pritchard, Stephens and Donnelly (2000)
     and Falush, Stephens and Pritchard (2003)
       Code by Pritchard, Falush and Hubisz
             Version 2.3.4 (Jul 2012)
----------------------------------------------------



Command line arguments:   structure -K 11 -i STRUCTURE_main_final_278_HEG_ZG.str -o STRUCTURE_main_final_278_HEG_ZG-K11-1 
Input File:    STRUCTURE_main_final_278_HEG_ZG.str

Run parameters:
   278 individuals
   15 loci
   11 populations assumed
   100000 Burn-in period
   500000 Reps


--------------------------------------------
Proportion of membership of each pre-defined
 population in each of the 11 clusters

Given    Inferred Clusters                                                               Number of
 Pop       1      2      3      4      5      6      7      8      9     10     11      Individuals

  1:     0.014  0.033  0.084  0.596  0.070  0.032  0.014  0.090  0.013  0.038  0.017       24
  2:     0.011  0.030  0.063  0.017  0.051  0.018  0.700  0.019  0.036  0.012  0.042       24
  3:     0.302  0.022  0.047  0.018  0.010  0.012  0.011  0.045  0.233  0.068  0.233       24
  4:     0.083  0.497  0.144  0.050  0.032  0.017  0.021  0.047  0.038  0.040  0.032       24
  5:     0.287  0.162  0.244  0.023  0.044  0.037  0.025  0.018  0.097  0.051  0.012       24
  6:     0.068  0.123  0.033  0.428  0.201  0.014  0.025  0.013  0.027  0.045  0.022       24
  7:     0.014  0.038  0.045  0.056  0.747  0.025  0.029  0.015  0.014  0.010  0.008       24
  8:     0.558  0.053  0.209  0.020  0.011  0.012  0.013  0.053  0.013  0.017  0.041       14
  9:     0.038  0.015  0.016  0.034  0.006  0.341  0.017  0.051  0.029  0.423  0.031       24
 10:     0.029  0.012  0.036  0.012  0.013  0.034  0.008  0.594  0.040  0.061  0.161       24
 11:     0.026  0.028  0.028  0.019  0.011  0.066  0.008  0.245  0.079  0.159  0.331       24
 12:     0.068  0.110  0.161  0.267  0.107  0.088  0.017  0.056  0.043  0.010  0.074       24
--------------------------------------------

Allele-freq. divergence among pops (Net nucleotide distance),
computed using point estimates of P.

      1       2       3       4       5       6       7       8       9      10      11      
 1      -    0.0424  0.0242  0.0384  0.0881  0.0749  0.0723  0.0638  0.0776  0.0612  0.0787  
 2   0.0424     -    0.0335  0.0368  0.0707  0.0566  0.0802  0.0765  0.0915  0.0840  0.0977  
 3   0.0242  0.0335     -    0.0327  0.0700  0.0730  0.0701  0.0684  0.0771  0.0556  0.0776  
 4   0.0384  0.0368  0.0327     -    0.0695  0.0599  0.0718  0.0727  0.0940  0.0618  0.0921  
 5   0.0881  0.0707  0.0700  0.0695     -    0.1116  0.1083  0.1416  0.1319  0.1234  0.0926  
 6   0.0749  0.0566  0.0730  0.0599  0.1116     -    0.1237  0.0797  0.1122  0.1002  0.1096  
 7   0.0723  0.0802  0.0701  0.0718  0.1083  0.1237     -    0.1213  0.1236  0.0956  0.1412  
 8   0.0638  0.0765  0.0684  0.0727  0.1416  0.0797  0.1213     -    0.1209  0.0622  0.0873  
 9   0.0776  0.0915  0.0771  0.0940  0.1319  0.1122  0.1236  0.1209     -    0.1189  0.1219  
10   0.0612  0.0840  0.0556  0.0618  0.1234  0.1002  0.0956  0.0622  0.1189     -    0.0801  
11   0.0787  0.0977  0.0776  0.0921  0.0926  0.1096  0.1412  0.0873  0.1219  0.0801     -    

Average distances (expected heterozygosity) between individuals in same cluster:
cluster  1  : 0.6229 
cluster  2  : 0.5993 
cluster  3  : 0.6306 
cluster  4  : 0.6160 
cluster  5  : 0.5467 
cluster  6  : 0.5440 
cluster  7  : 0.6075 
cluster  8  : 0.5952 
cluster  9  : 0.5748 
cluster 10  : 0.5988 
cluster 11  : 0.5414 

--------------------------------------------
Estimated Ln Prob of Data   = -12231.6
Mean value of ln likelihood = -11463.6
Variance of ln likelihood   = 1536.0
Mean value of alpha         = 0.0476

Mean value of Fst_1         = 0.0792
Mean value of Fst_2         = 0.1250
Mean value of Fst_3         = 0.1010
Mean value of Fst_4         = 0.0916
Mean value of Fst_5         = 0.2053
Mean value of Fst_6         = 0.2250
Mean value of Fst_7         = 0.2111
Mean value of Fst_8         = 0.1753
Mean value of Fst_9         = 0.2093
Mean value of Fst_10         = 0.1620
Mean value of Fst_11         = 0.2331


Inferred ancestry of individuals:
        Label (%Miss) Pop:  Inferred clusters
  1 24.0601.E1    (0)    1 :  0.006 0.009 0.019 0.890 0.014 0.006 0.013 0.007 0.011 0.011 0.013 
  2 24.0602.E1    (0)    1 :  0.009 0.006 0.021 0.891 0.009 0.008 0.004 0.011 0.009 0.022 0.009 
  3 24.0603.E1    (0)    1 :  0.038 0.042 0.021 0.830 0.021 0.008 0.005 0.005 0.007 0.016 0.006 
  4 24.0604.E1    (0)    1 :  0.005 0.094 0.017 0.647 0.005 0.021 0.008 0.047 0.146 0.006 0.005 
  5 24.0605.E1    (0)    1 :  0.009 0.031 0.018 0.827 0.032 0.015 0.007 0.008 0.007 0.034 0.012 
  6 24.0606.E1    (0)    1 :  0.015 0.086 0.044 0.756 0.019 0.007 0.010 0.022 0.005 0.029 0.006 
  7 24.0607.E1    (0)    1 :  0.043 0.014 0.115 0.083 0.299 0.380 0.006 0.012 0.011 0.030 0.008 
  8 24.0608.E1    (0)    1 :  0.007 0.006 0.014 0.658 0.113 0.014 0.003 0.034 0.005 0.019 0.125 
  9 24.0609.E1    (0)    1 :  0.014 0.219 0.068 0.152 0.006 0.045 0.005 0.463 0.008 0.009 0.012 
 10 24.0610.E1    (0)    1 :  0.017 0.041 0.011 0.450 0.008 0.009 0.004 0.440 0.004 0.011 0.004 
 11 24.0611.E1    (0)    1 :  0.007 0.028 0.012 0.822 0.006 0.016 0.007 0.036 0.005 0.056 0.005 
 12 24.0612.E1    (0)    1 :  0.010 0.007 0.019 0.892 0.017 0.008 0.009 0.008 0.017 0.011 0.005 
 13 24.0613.E1    (0)    1 :  0.006 0.032 0.007 0.895 0.005 0.009 0.007 0.024 0.005 0.005 0.005 
 14 24.0614.E1    (0)    1 :  0.006 0.010 0.015 0.202 0.318 0.013 0.006 0.010 0.005 0.343 0.072 
 15 24.0615.E1    (0)    1 :  0.009 0.010 0.030 0.584 0.058 0.052 0.016 0.177 0.020 0.023 0.022 
 16 24.0616.E1    (0)    1 :  0.008 0.011 0.010 0.898 0.005 0.026 0.015 0.011 0.006 0.006 0.006 
 17 24.0617.E1    (0)    1 :  0.016 0.017 0.014 0.263 0.021 0.029 0.033 0.574 0.006 0.019 0.008 
 18 24.0618.E1    (0)    1 :  0.031 0.019 0.024 0.768 0.005 0.010 0.008 0.060 0.005 0.053 0.017 
 19 24.0619.E1    (0)    1 :  0.006 0.016 0.696 0.209 0.004 0.014 0.013 0.019 0.005 0.013 0.005 
 20 24.0620.E1   (20)    1 :  0.017 0.062 0.086 0.035 0.681 0.029 0.013 0.044 0.010 0.014 0.009 
 21 24.0621.E1    (0)    1 :  0.006 0.008 0.694 0.055 0.004 0.012 0.005 0.077 0.005 0.107 0.027 
 22 24.0622.E1    (0)    1 :  0.015 0.012 0.012 0.898 0.009 0.005 0.024 0.011 0.004 0.005 0.006 
 23 24.0623.E1    (0)    1 :  0.022 0.012 0.042 0.654 0.021 0.016 0.109 0.040 0.010 0.062 0.012 
 24 24.0624.E1    (0)    1 :  0.006 0.005 0.006 0.936 0.006 0.005 0.006 0.011 0.004 0.011 0.005 
 25 24.0625.E1    (0)    2 :  0.018 0.049 0.016 0.013 0.052 0.004 0.550 0.009 0.042 0.059 0.189 
 26 24.0626.E1    (0)    2 :  0.004 0.004 0.004 0.004 0.032 0.003 0.806 0.003 0.004 0.005 0.132 
 27 24.0627.E1    (0)    2 :  0.006 0.018 0.059 0.006 0.023 0.011 0.471 0.005 0.381 0.006 0.013 
 28 24.0628.E1    (0)    2 :  0.018 0.042 0.026 0.033 0.134 0.022 0.448 0.114 0.006 0.008 0.148 
 29 24.0629.E1    (0)    2 :  0.024 0.008 0.011 0.066 0.005 0.011 0.841 0.010 0.009 0.007 0.007 
 30 24.0630.E1    (0)    2 :  0.005 0.011 0.009 0.005 0.102 0.005 0.796 0.004 0.007 0.008 0.048 
 31 24.0631.E1    (0)    2 :  0.003 0.003 0.004 0.005 0.004 0.003 0.964 0.003 0.004 0.004 0.003 
 32 24.0632.E1    (0)    2 :  0.011 0.013 0.006 0.007 0.025 0.005 0.905 0.006 0.011 0.006 0.005 
 33 24.0633.E1    (0)    2 :  0.009 0.008 0.236 0.011 0.046 0.004 0.315 0.007 0.005 0.018 0.342 
 34 24.0634.E1    (0)    2 :  0.012 0.009 0.011 0.009 0.007 0.005 0.873 0.011 0.009 0.029 0.024 
 35 24.0635.E1    (0)    2 :  0.026 0.009 0.357 0.018 0.020 0.013 0.453 0.018 0.012 0.055 0.019 
 36 24.0636.E1   (33)    2 :  0.022 0.201 0.021 0.032 0.595 0.007 0.071 0.010 0.024 0.008 0.009 
 37 24.0637.E1    (0)    2 :  0.005 0.005 0.005 0.004 0.007 0.004 0.955 0.003 0.004 0.005 0.003 
 38 24.0638.E1    (0)    2 :  0.016 0.012 0.174 0.007 0.004 0.006 0.758 0.005 0.008 0.005 0.005 
 39 24.0639.E1    (0)    2 :  0.023 0.008 0.010 0.039 0.014 0.010 0.757 0.093 0.030 0.008 0.008 
 40 24.0640.E1    (0)    2 :  0.007 0.007 0.008 0.009 0.006 0.006 0.923 0.008 0.005 0.016 0.006 
 41 24.0641.E1    (0)    2 :  0.011 0.007 0.359 0.033 0.016 0.185 0.356 0.013 0.007 0.008 0.008 
 42 24.0642.E1    (0)    2 :  0.005 0.145 0.158 0.077 0.048 0.006 0.540 0.004 0.007 0.004 0.005 
 43 24.0643.E1    (0)    2 :  0.015 0.019 0.015 0.008 0.056 0.004 0.592 0.012 0.261 0.012 0.006 
 44 24.0644.E1    (0)    2 :  0.006 0.018 0.006 0.007 0.005 0.026 0.882 0.034 0.004 0.005 0.005 
 45 24.0645.E1    (0)    2 :  0.005 0.088 0.006 0.010 0.016 0.065 0.764 0.032 0.006 0.005 0.004 
 46 24.0646.E1    (0)    2 :  0.006 0.018 0.006 0.007 0.005 0.027 0.881 0.034 0.004 0.006 0.005 
 47 24.0647.E1    (0)    2 :  0.005 0.005 0.004 0.004 0.007 0.004 0.956 0.003 0.004 0.005 0.003 
 48 24.0648.E1    (0)    2 :  0.005 0.005 0.004 0.004 0.007 0.004 0.955 0.003 0.004 0.005 0.003 
 49 24.0649.E1    (0)    3 :  0.832 0.007 0.094 0.005 0.003 0.007 0.005 0.018 0.011 0.009 0.010 
 50 24.0650.E1    (0)    3 :  0.057 0.258 0.149 0.036 0.004 0.012 0.004 0.109 0.009 0.191 0.169 
 51 24.0651.E1    (0)    3 :  0.335 0.025 0.029 0.007 0.026 0.012 0.089 0.007 0.048 0.371 0.050 
 52 24.0652.E1    (0)    3 :  0.030 0.006 0.072 0.033 0.005 0.008 0.005 0.005 0.010 0.007 0.820 
 53 24.0653.E1    (0)    3 :  0.056 0.007 0.021 0.005 0.007 0.021 0.005 0.020 0.832 0.010 0.016 
 54 24.0654.E1    (0)    3 :  0.399 0.007 0.010 0.007 0.004 0.007 0.011 0.024 0.007 0.006 0.518 
 55 24.0655.E1    (0)    3 :  0.421 0.011 0.055 0.044 0.008 0.008 0.024 0.026 0.009 0.071 0.324 
 56 24.0656.E1    (0)    3 :  0.017 0.016 0.018 0.008 0.010 0.006 0.006 0.012 0.013 0.005 0.889 
 57 24.0657.E1    (0)    3 :  0.022 0.016 0.021 0.008 0.010 0.006 0.006 0.012 0.014 0.006 0.878 
 58 24.0658.E1    (0)    3 :  0.765 0.018 0.023 0.016 0.006 0.018 0.006 0.098 0.035 0.008 0.005 
 59 24.0659.E1    (0)    3 :  0.108 0.011 0.130 0.053 0.004 0.006 0.008 0.024 0.340 0.225 0.092 
 60 24.0660.E1    (6)    3 :  0.792 0.013 0.120 0.020 0.006 0.008 0.012 0.006 0.009 0.007 0.008 
 61 24.0661.E1    (0)    3 :  0.030 0.005 0.007 0.011 0.006 0.009 0.005 0.005 0.007 0.010 0.906 
 62 24.0662.E1    (0)    3 :  0.083 0.011 0.041 0.058 0.023 0.007 0.013 0.018 0.109 0.589 0.047 
 63 24.0663.E1    (0)    3 :  0.199 0.029 0.011 0.006 0.005 0.037 0.009 0.601 0.006 0.028 0.070 
 64 24.0664.E1    (0)    3 :  0.602 0.008 0.018 0.006 0.030 0.016 0.007 0.014 0.008 0.004 0.286 
 65 24.0665.E1    (0)    3 :  0.429 0.017 0.039 0.006 0.054 0.011 0.006 0.004 0.032 0.006 0.394 
 66 24.0666.E1    (0)    3 :  0.007 0.010 0.008 0.007 0.004 0.005 0.005 0.007 0.934 0.004 0.007 
 67 24.0667.E1    (0)    3 :  0.010 0.005 0.016 0.009 0.004 0.004 0.003 0.004 0.934 0.004 0.006 
 68 24.0668.E1    (0)    3 :  0.004 0.004 0.004 0.003 0.003 0.005 0.004 0.004 0.963 0.003 0.004 
 69 24.0669.E1    (0)    3 :  0.005 0.004 0.004 0.004 0.003 0.012 0.004 0.004 0.953 0.003 0.004 
 70 24.0670.E1    (0)    3 :  0.867 0.004 0.026 0.010 0.004 0.003 0.003 0.022 0.026 0.024 0.010 
 71 24.0671.E1    (0)    3 :  0.801 0.019 0.016 0.007 0.007 0.008 0.009 0.026 0.010 0.035 0.062 
 72 24.0672.E1    (0)    3 :  0.363 0.013 0.196 0.060 0.006 0.045 0.005 0.008 0.282 0.014 0.009 
 73 24.0673.E1    (6)    4 :  0.016 0.196 0.057 0.118 0.108 0.005 0.021 0.008 0.008 0.031 0.432 
 74 24.0674.E1    (0)    4 :  0.006 0.928 0.006 0.007 0.008 0.005 0.007 0.007 0.004 0.018 0.004 
 75 24.0675.E1    (0)    4 :  0.038 0.709 0.021 0.026 0.025 0.022 0.027 0.046 0.010 0.054 0.024 
 76 24.0676.E1    (0)    4 :  0.067 0.448 0.029 0.017 0.031 0.071 0.008 0.277 0.007 0.025 0.019 
 77 24.0677.E1    (0)    4 :  0.677 0.023 0.075 0.035 0.013 0.062 0.004 0.024 0.018 0.032 0.036 
 78 24.0678.E1    (0)    4 :  0.138 0.020 0.202 0.383 0.011 0.040 0.061 0.007 0.076 0.021 0.041 
 79 24.0679.E1    (0)    4 :  0.036 0.102 0.611 0.086 0.006 0.008 0.010 0.089 0.026 0.018 0.008 
 80 24.0680.E1    (0)    4 :  0.065 0.022 0.805 0.021 0.008 0.015 0.011 0.006 0.030 0.007 0.009 
 81 24.0681.E1    (0)    4 :  0.064 0.307 0.509 0.042 0.017 0.011 0.009 0.007 0.012 0.013 0.009 
 82 24.0682.E1    (0)    4 :  0.003 0.953 0.005 0.004 0.004 0.012 0.004 0.006 0.004 0.003 0.003 
 83 24.0683.E1    (0)    4 :  0.006 0.889 0.008 0.007 0.048 0.006 0.006 0.004 0.007 0.013 0.006 
 84 24.0684.E1    (0)    4 :  0.035 0.789 0.022 0.049 0.016 0.018 0.030 0.020 0.009 0.006 0.006 
 85 24.0685.E1    (0)    4 :  0.008 0.778 0.101 0.015 0.013 0.005 0.006 0.014 0.049 0.007 0.005 
 86 24.0686.E1    (0)    4 :  0.251 0.051 0.209 0.078 0.016 0.007 0.056 0.013 0.017 0.296 0.005 
 87 24.0687.E1    (0)    4 :  0.183 0.114 0.165 0.033 0.018 0.006 0.140 0.021 0.007 0.305 0.007 
 88 24.0688.E1    (0)    4 :  0.007 0.946 0.007 0.005 0.005 0.007 0.006 0.004 0.004 0.004 0.004 
 89 24.0689.E1    (0)    4 :  0.120 0.153 0.149 0.030 0.031 0.015 0.015 0.433 0.006 0.018 0.030 
 90 24.0690.E1    (0)    4 :  0.061 0.040 0.194 0.020 0.027 0.006 0.026 0.006 0.563 0.037 0.020 
 91 24.0691.E1    (0)    4 :  0.014 0.882 0.014 0.028 0.006 0.005 0.006 0.025 0.008 0.007 0.006 
 92 24.0692.E1    (0)    4 :  0.070 0.849 0.020 0.005 0.007 0.010 0.005 0.016 0.008 0.005 0.005 
 93 24.0693.E1    (0)    4 :  0.095 0.398 0.025 0.010 0.321 0.010 0.007 0.033 0.013 0.014 0.075 
 94 24.0694.E1    (0)    4 :  0.008 0.884 0.046 0.009 0.008 0.007 0.007 0.011 0.011 0.004 0.005 
 95 24.0695.E1    (0)    4 :  0.009 0.585 0.129 0.140 0.007 0.058 0.007 0.039 0.012 0.006 0.009 
 96 24.0696.E1    (0)    4 :  0.011 0.850 0.052 0.024 0.008 0.007 0.013 0.012 0.009 0.009 0.004 
 97 24.0697.E1    (0)    5 :  0.475 0.341 0.054 0.006 0.056 0.008 0.011 0.012 0.006 0.023 0.007 
 98 24.0698.E1    (0)    5 :  0.597 0.083 0.063 0.020 0.092 0.010 0.021 0.019 0.049 0.038 0.009 
 99 24.0699.E1    (0)    5 :  0.831 0.006 0.073 0.016 0.010 0.009 0.010 0.005 0.011 0.022 0.007 
100 24.0700.E1    (0)    5 :  0.290 0.014 0.629 0.007 0.007 0.005 0.004 0.007 0.014 0.015 0.009 
101 24.0701.E1    (0)    5 :  0.014 0.008 0.023 0.007 0.037 0.010 0.010 0.010 0.865 0.009 0.006 
102 24.0702.E1    (0)    5 :  0.181 0.008 0.706 0.009 0.024 0.006 0.012 0.007 0.033 0.007 0.007 
103 24.0703.E1    (0)    5 :  0.673 0.008 0.057 0.011 0.008 0.007 0.047 0.005 0.026 0.153 0.004 
104 24.0704.E1    (6)    5 :  0.574 0.019 0.094 0.016 0.009 0.220 0.011 0.008 0.007 0.038 0.005 
105 24.0705.E1    (0)    5 :  0.019 0.272 0.608 0.030 0.009 0.007 0.007 0.008 0.026 0.008 0.006 
106 24.0706.E1    (0)    5 :  0.167 0.012 0.748 0.006 0.009 0.010 0.007 0.011 0.014 0.006 0.011 
107 24.0707.E1    (0)    5 :  0.298 0.059 0.461 0.032 0.016 0.029 0.030 0.005 0.007 0.052 0.011 
108 24.0708.E1    (0)    5 :  0.021 0.043 0.048 0.022 0.020 0.007 0.139 0.083 0.023 0.579 0.014 
109 24.0709.E1    (0)    5 :  0.029 0.638 0.019 0.013 0.007 0.194 0.009 0.053 0.010 0.015 0.015 
110 24.0710.E1    (0)    5 :  0.324 0.364 0.080 0.034 0.028 0.013 0.007 0.016 0.061 0.066 0.006 
111 24.0711.E1    (0)    5 :  0.373 0.074 0.215 0.104 0.015 0.112 0.053 0.006 0.030 0.008 0.009 
112 24.0712.E1    (0)    5 :  0.038 0.051 0.057 0.021 0.014 0.006 0.046 0.008 0.739 0.013 0.006 
113 24.0713.E1    (0)    5 :  0.080 0.129 0.608 0.009 0.013 0.084 0.006 0.045 0.008 0.013 0.006 
114 24.0714.E1    (0)    5 :  0.144 0.010 0.715 0.046 0.008 0.012 0.010 0.014 0.010 0.020 0.012 
115 24.0715.E1    (0)    5 :  0.348 0.168 0.030 0.030 0.342 0.009 0.007 0.010 0.018 0.007 0.032 
116 24.0716.E1    (0)    5 :  0.443 0.018 0.057 0.055 0.014 0.016 0.037 0.039 0.285 0.028 0.008 
117 24.0717.E1    (0)    5 :  0.223 0.023 0.185 0.015 0.283 0.025 0.046 0.022 0.014 0.076 0.087 
118 24.0718.E1    (0)    5 :  0.416 0.247 0.183 0.024 0.012 0.007 0.032 0.009 0.056 0.010 0.005 
119 24.0719.E1    (0)    5 :  0.036 0.706 0.114 0.006 0.008 0.066 0.017 0.019 0.014 0.007 0.007 
120 24.0720.E1    (0)    5 :  0.294 0.595 0.023 0.013 0.005 0.018 0.012 0.015 0.011 0.007 0.007 
121 24.0721.E1    (0)    6 :  0.090 0.221 0.071 0.011 0.406 0.006 0.012 0.024 0.019 0.064 0.076 
122 24.0722.E1    (0)    6 :  0.064 0.191 0.011 0.019 0.427 0.005 0.103 0.011 0.062 0.099 0.008 
123 24.0723.E1    (0)    6 :  0.018 0.015 0.014 0.024 0.292 0.005 0.148 0.019 0.009 0.269 0.188 
124 24.0724.E1    (0)    6 :  0.021 0.342 0.033 0.134 0.060 0.011 0.038 0.034 0.012 0.305 0.010 
125 24.0725.E1    (0)    6 :  0.010 0.011 0.011 0.914 0.007 0.006 0.008 0.007 0.007 0.005 0.016 
126 24.0726.E1    (6)    6 :  0.013 0.112 0.140 0.614 0.074 0.006 0.007 0.007 0.006 0.014 0.006 
127 24.0727.E1    (0)    6 :  0.023 0.026 0.055 0.203 0.469 0.005 0.023 0.012 0.070 0.082 0.032 
128 24.0728.E1    (0)    6 :  0.341 0.022 0.019 0.340 0.157 0.006 0.036 0.013 0.012 0.022 0.033 
129 24.0729.E1    (0)    6 :  0.015 0.110 0.018 0.701 0.036 0.032 0.012 0.026 0.035 0.009 0.005 
130 24.0730.E1    (0)    6 :  0.726 0.089 0.030 0.051 0.032 0.009 0.010 0.019 0.013 0.010 0.010 
131 24.0731.E1    (0)    6 :  0.008 0.431 0.202 0.242 0.058 0.005 0.012 0.008 0.004 0.012 0.018 
132 24.0732.E1    (0)    6 :  0.015 0.213 0.012 0.064 0.635 0.007 0.009 0.004 0.010 0.005 0.026 
133 24.0733.E1    (0)    6 :  0.005 0.007 0.005 0.938 0.017 0.004 0.006 0.007 0.003 0.004 0.004 
134 24.0734.E1    (0)    6 :  0.065 0.017 0.026 0.033 0.786 0.004 0.011 0.008 0.013 0.028 0.010 
135 24.0735.E1    (0)    6 :  0.036 0.022 0.028 0.651 0.160 0.006 0.045 0.023 0.013 0.008 0.009 
136 24.0736.E1    (0)    6 :  0.008 0.008 0.010 0.898 0.041 0.006 0.007 0.006 0.004 0.006 0.007 
137 24.0737.E1    (0)    6 :  0.020 0.014 0.013 0.848 0.007 0.004 0.021 0.007 0.008 0.048 0.008 
138 24.0738.E1    (0)    6 :  0.016 0.009 0.014 0.890 0.024 0.008 0.010 0.005 0.009 0.008 0.008 
139 24.0739.E1    (0)    6 :  0.029 0.012 0.009 0.899 0.005 0.004 0.015 0.007 0.006 0.007 0.008 
140 24.0740.E1    (0)    6 :  0.018 0.190 0.011 0.624 0.010 0.086 0.023 0.018 0.009 0.005 0.006 
141 24.0741.E1    (0)    6 :  0.047 0.300 0.010 0.323 0.266 0.007 0.016 0.009 0.006 0.008 0.009 
142 24.0742.E1    (0)    6 :  0.011 0.034 0.018 0.177 0.704 0.007 0.010 0.006 0.008 0.019 0.006 
143 24.0743.E1    (0)    6 :  0.013 0.444 0.012 0.376 0.024 0.059 0.005 0.011 0.022 0.025 0.008 
144 24.0744.E1    (0)    6 :  0.023 0.103 0.026 0.298 0.134 0.044 0.011 0.028 0.299 0.015 0.018 
145 24.0745.E1    (0)    7 :  0.009 0.017 0.020 0.004 0.879 0.015 0.004 0.007 0.023 0.006 0.016 
146 24.0746.E1    (0)    7 :  0.025 0.047 0.036 0.041 0.602 0.081 0.076 0.010 0.009 0.067 0.007 
147 24.0747.E1    (0)    7 :  0.015 0.081 0.018 0.027 0.717 0.071 0.010 0.036 0.012 0.004 0.009 
148 24.0748.E1    (6)    7 :  0.014 0.101 0.028 0.028 0.647 0.086 0.010 0.053 0.012 0.005 0.017 
149 24.0749.E1    (0)    7 :  0.007 0.012 0.009 0.227 0.706 0.005 0.007 0.006 0.007 0.011 0.004 
150 24.0750.E1    (0)    7 :  0.041 0.186 0.206 0.238 0.233 0.022 0.011 0.015 0.016 0.023 0.009 
151 24.0751.E1    (0)    7 :  0.004 0.005 0.006 0.007 0.951 0.005 0.006 0.004 0.004 0.004 0.005 
152 24.0752.E1    (0)    7 :  0.013 0.008 0.007 0.034 0.897 0.011 0.006 0.007 0.004 0.004 0.010 
153 24.0753.E1    (0)    7 :  0.007 0.011 0.011 0.225 0.503 0.010 0.183 0.004 0.009 0.010 0.026 
154 24.0754.E1    (0)    7 :  0.007 0.031 0.011 0.030 0.872 0.005 0.017 0.006 0.006 0.005 0.010 
155 24.0755.E1    (0)    7 :  0.028 0.078 0.014 0.013 0.738 0.056 0.019 0.037 0.007 0.005 0.006 
156 24.0756.E1    (0)    7 :  0.004 0.007 0.010 0.010 0.927 0.005 0.008 0.012 0.004 0.008 0.005 
157 24.0757.E1    (0)    7 :  0.003 0.004 0.004 0.004 0.965 0.004 0.004 0.003 0.004 0.003 0.003 
158 24.0758.E1    (0)    7 :  0.003 0.005 0.004 0.004 0.963 0.004 0.004 0.003 0.004 0.003 0.004 
159 24.0759.E1    (0)    7 :  0.007 0.007 0.010 0.018 0.912 0.008 0.006 0.005 0.009 0.005 0.013 
160 24.0760.E1    (0)    7 :  0.041 0.030 0.014 0.009 0.602 0.006 0.270 0.006 0.008 0.007 0.008 
161 24.0761.E1    (0)    7 :  0.004 0.005 0.005 0.006 0.950 0.003 0.009 0.005 0.004 0.005 0.005 
162 24.0762.E1    (0)    7 :  0.040 0.028 0.456 0.138 0.057 0.021 0.008 0.077 0.158 0.010 0.007 
163 24.0763.E1    (0)    7 :  0.004 0.014 0.006 0.007 0.941 0.005 0.004 0.004 0.003 0.004 0.006 
164 24.0764.E1    (0)    7 :  0.006 0.005 0.007 0.011 0.943 0.004 0.008 0.005 0.004 0.004 0.004 
165 24.0765.E1    (0)    7 :  0.007 0.020 0.018 0.006 0.880 0.006 0.020 0.010 0.004 0.021 0.008 
166 24.0766.E1    (0)    7 :  0.007 0.009 0.006 0.008 0.935 0.005 0.006 0.004 0.005 0.005 0.009 
167 24.0767.E1    (0)    7 :  0.004 0.007 0.004 0.004 0.958 0.003 0.004 0.004 0.003 0.005 0.004 
168 24.0768.E1    (0)    7 :  0.026 0.206 0.165 0.248 0.141 0.153 0.006 0.029 0.008 0.009 0.009 
169 24.0779.E1    (0)    8 :  0.761 0.066 0.025 0.013 0.043 0.019 0.006 0.007 0.009 0.040 0.011 
170 24.0780.E1    (6)    8 :  0.622 0.017 0.151 0.008 0.004 0.008 0.006 0.128 0.008 0.016 0.032 
171 24.0781.E1    (0)    8 :  0.629 0.006 0.316 0.004 0.005 0.005 0.005 0.009 0.005 0.008 0.006 
172 24.0782.E1    (0)    8 :  0.158 0.385 0.139 0.135 0.022 0.010 0.042 0.027 0.008 0.036 0.036 
173 24.0783.E1    (0)    8 :  0.026 0.013 0.686 0.006 0.005 0.005 0.006 0.213 0.020 0.008 0.012 
174 24.0784.E1    (0)    8 :  0.852 0.032 0.018 0.008 0.004 0.017 0.005 0.021 0.004 0.032 0.007 
175 24.0785.E1    (0)    8 :  0.764 0.008 0.125 0.006 0.004 0.010 0.004 0.023 0.009 0.018 0.029 
176 24.0786.E1    (0)    8 :  0.493 0.096 0.137 0.029 0.010 0.031 0.009 0.153 0.010 0.010 0.022 
177 24.0787.E1    (0)    8 :  0.741 0.017 0.117 0.015 0.013 0.008 0.045 0.010 0.006 0.010 0.018 
178 24.0788.E1    (0)    8 :  0.762 0.023 0.041 0.005 0.005 0.011 0.024 0.102 0.006 0.009 0.013 
179 24.0789.E1    (0)    8 :  0.834 0.009 0.016 0.027 0.006 0.015 0.021 0.026 0.005 0.029 0.011 
180 24.0790.E1    (0)    8 :  0.782 0.005 0.150 0.004 0.004 0.008 0.006 0.011 0.006 0.010 0.015 
181 24.0791.E1    (0)    8 :  0.072 0.009 0.776 0.008 0.008 0.021 0.005 0.010 0.067 0.005 0.018 
182 24.0792.E1    (0)    8 :  0.314 0.055 0.226 0.010 0.016 0.005 0.004 0.007 0.014 0.008 0.342 
183 24.0793.E1    (0)    9 :  0.117 0.012 0.050 0.040 0.007 0.038 0.053 0.063 0.009 0.574 0.038 
184 24.0794.E1    (0)    9 :  0.019 0.007 0.019 0.470 0.007 0.006 0.006 0.027 0.006 0.213 0.221 
185 24.0795.E1    (0)    9 :  0.006 0.024 0.026 0.071 0.012 0.007 0.011 0.010 0.006 0.824 0.005 
186 24.0796.E1    (0)    9 :  0.177 0.006 0.028 0.062 0.005 0.031 0.009 0.351 0.005 0.141 0.186 
187 24.0797.E1    (0)    9 :  0.154 0.007 0.038 0.016 0.003 0.011 0.007 0.061 0.006 0.668 0.029 
188 24.0798.E1    (0)    9 :  0.016 0.028 0.015 0.008 0.018 0.025 0.018 0.009 0.334 0.456 0.073 
189 24.0799.E1    (0)    9 :  0.005 0.004 0.005 0.006 0.005 0.948 0.006 0.007 0.004 0.004 0.004 
190 24.0800.E1    (0)    9 :  0.005 0.006 0.006 0.006 0.004 0.948 0.004 0.008 0.004 0.004 0.005 
191 24.0801.E1    (0)    9 :  0.006 0.009 0.009 0.004 0.004 0.755 0.005 0.005 0.192 0.005 0.008 
192 24.0802.E1    (0)    9 :  0.006 0.006 0.008 0.005 0.004 0.007 0.012 0.007 0.006 0.935 0.004 
193 24.0803.E1    (0)    9 :  0.009 0.007 0.027 0.009 0.006 0.480 0.008 0.008 0.019 0.418 0.009 
194 24.0804.E1    (0)    9 :  0.010 0.010 0.005 0.011 0.003 0.034 0.012 0.103 0.004 0.800 0.008 
195 24.0805.E1    (0)    9 :  0.007 0.014 0.009 0.006 0.006 0.930 0.004 0.005 0.004 0.010 0.005 
196 24.0806.E1    (0)    9 :  0.008 0.006 0.007 0.008 0.006 0.047 0.041 0.005 0.006 0.858 0.008 
197 24.0807.E1    (0)    9 :  0.010 0.008 0.013 0.006 0.003 0.009 0.007 0.016 0.009 0.901 0.017 
198 24.0808.E1    (0)    9 :  0.153 0.045 0.014 0.012 0.006 0.688 0.022 0.019 0.005 0.027 0.010 
199 24.0809.E1    (0)    9 :  0.004 0.006 0.004 0.006 0.005 0.955 0.003 0.005 0.004 0.004 0.004 
200 24.0810.E1    (0)    9 :  0.012 0.059 0.005 0.007 0.008 0.768 0.011 0.007 0.005 0.106 0.012 
201 24.0811.E1    (0)    9 :  0.013 0.006 0.007 0.011 0.004 0.004 0.011 0.013 0.004 0.909 0.018 
202 24.0812.E1    (0)    9 :  0.063 0.024 0.017 0.026 0.006 0.102 0.008 0.296 0.008 0.443 0.006 
203 24.0813.E1    (0)    9 :  0.066 0.057 0.050 0.007 0.006 0.194 0.014 0.022 0.004 0.571 0.008 
204 24.0814.E1    (6)    9 :  0.010 0.010 0.008 0.009 0.004 0.589 0.015 0.148 0.008 0.168 0.032 
205 24.0815.E1    (0)    9 :  0.005 0.005 0.006 0.004 0.006 0.584 0.106 0.010 0.009 0.257 0.008 
206 24.0816.E1    (0)    9 :  0.021 0.004 0.008 0.008 0.006 0.021 0.016 0.010 0.026 0.858 0.022 
207 24.0817.E1    (0)   10 :  0.019 0.010 0.020 0.017 0.006 0.047 0.005 0.732 0.008 0.072 0.063 
208 24.0818.E1    (0)   10 :  0.096 0.006 0.035 0.036 0.010 0.011 0.012 0.755 0.007 0.014 0.018 
209 24.0819.E1    (0)   10 :  0.008 0.011 0.025 0.012 0.067 0.411 0.015 0.017 0.070 0.008 0.358 
210 24.0820.E1    (0)   10 :  0.006 0.005 0.006 0.006 0.043 0.026 0.008 0.015 0.009 0.006 0.872 
211 24.0821.E1    (0)   10 :  0.291 0.020 0.026 0.015 0.007 0.025 0.012 0.157 0.226 0.038 0.184 
212 24.0822.E1    (0)   10 :  0.049 0.008 0.005 0.006 0.018 0.013 0.004 0.876 0.006 0.004 0.010 
213 24.0823.E1    (0)   10 :  0.006 0.008 0.005 0.008 0.026 0.031 0.008 0.350 0.011 0.004 0.543 
214 24.0824.E1    (0)   10 :  0.006 0.030 0.006 0.006 0.008 0.027 0.005 0.466 0.424 0.008 0.014 
215 24.0825.E1    (0)   10 :  0.004 0.007 0.005 0.004 0.005 0.006 0.004 0.950 0.005 0.005 0.005 
216 24.0826.E1    (0)   10 :  0.017 0.010 0.017 0.006 0.017 0.016 0.009 0.031 0.013 0.014 0.851 
217 24.0827.E1    (0)   10 :  0.021 0.010 0.010 0.038 0.004 0.008 0.008 0.741 0.007 0.025 0.129 
218 24.0828.E1    (0)   10 :  0.036 0.027 0.014 0.011 0.017 0.019 0.010 0.102 0.068 0.072 0.624 
219 24.0829.E1    (0)   10 :  0.012 0.018 0.009 0.005 0.011 0.073 0.007 0.570 0.013 0.268 0.015 
220 24.0830.E1    (0)   10 :  0.007 0.006 0.155 0.005 0.004 0.004 0.003 0.764 0.006 0.022 0.022 
221 24.0831.E1    (0)   10 :  0.016 0.007 0.345 0.005 0.003 0.006 0.004 0.566 0.007 0.018 0.022 
222 24.0832.E1    (0)   10 :  0.007 0.005 0.004 0.007 0.003 0.004 0.003 0.947 0.003 0.005 0.011 
223 24.0833.E1    (0)   10 :  0.004 0.005 0.005 0.004 0.004 0.004 0.003 0.957 0.004 0.005 0.007 
224 24.0834.E1    (0)   10 :  0.005 0.006 0.008 0.007 0.007 0.009 0.007 0.929 0.006 0.007 0.010 
225 24.0835.E1    (0)   10 :  0.008 0.006 0.007 0.013 0.004 0.031 0.006 0.903 0.009 0.006 0.007 
226 24.0836.E1    (0)   10 :  0.008 0.016 0.009 0.010 0.009 0.015 0.004 0.897 0.017 0.007 0.007 
227 24.0837.E1    (0)   10 :  0.009 0.008 0.007 0.006 0.005 0.009 0.004 0.930 0.006 0.007 0.008 
228 24.0838.E1    (0)   10 :  0.011 0.014 0.007 0.004 0.006 0.005 0.004 0.924 0.005 0.011 0.010 
229 24.0839.E1    (0)   10 :  0.051 0.038 0.132 0.040 0.019 0.020 0.026 0.248 0.021 0.376 0.028 
230 24.0840.E1    (0)   10 :  0.008 0.006 0.008 0.006 0.004 0.008 0.010 0.435 0.011 0.451 0.054 
231 24.0841.E1    (0)   11 :  0.015 0.011 0.009 0.005 0.008 0.005 0.003 0.012 0.003 0.912 0.016 
232 24.0842.E1    (0)   11 :  0.014 0.006 0.005 0.007 0.005 0.013 0.003 0.015 0.179 0.739 0.014 
233 24.0843.E1    (0)   11 :  0.017 0.007 0.010 0.005 0.018 0.015 0.004 0.021 0.206 0.246 0.451 
234 24.0844.E1    (0)   11 :  0.021 0.012 0.084 0.026 0.007 0.103 0.005 0.281 0.329 0.110 0.022 
235 24.0845.E1    (0)   11 :  0.082 0.018 0.102 0.009 0.005 0.005 0.005 0.629 0.022 0.093 0.030 
236 24.0846.E1    (0)   11 :  0.010 0.010 0.014 0.011 0.010 0.015 0.009 0.876 0.011 0.027 0.008 
237 24.0847.E1    (0)   11 :  0.008 0.071 0.016 0.029 0.013 0.053 0.007 0.752 0.021 0.014 0.016 
238 24.0848.E1    (0)   11 :  0.059 0.027 0.040 0.015 0.005 0.055 0.004 0.742 0.020 0.023 0.012 
239 24.0849.E1    (0)   11 :  0.005 0.004 0.005 0.006 0.004 0.009 0.003 0.007 0.004 0.006 0.948 
240 24.0850.E1    (0)   11 :  0.005 0.004 0.005 0.006 0.004 0.009 0.003 0.007 0.004 0.006 0.948 
241 24.0851.E1    (0)   11 :  0.005 0.004 0.005 0.006 0.004 0.009 0.003 0.007 0.004 0.006 0.948 
242 24.0852.E1    (0)   11 :  0.036 0.006 0.087 0.010 0.013 0.007 0.004 0.086 0.006 0.053 0.691 
243 24.0853.E1    (0)   11 :  0.006 0.010 0.007 0.005 0.010 0.010 0.006 0.412 0.005 0.025 0.504 
244 24.0854.E1    (0)   11 :  0.005 0.008 0.013 0.009 0.008 0.014 0.005 0.015 0.568 0.013 0.340 
245 24.0855.E1    (0)   11 :  0.017 0.023 0.007 0.006 0.011 0.039 0.006 0.683 0.012 0.169 0.028 
246 24.0856.E1    (0)   11 :  0.018 0.008 0.018 0.022 0.035 0.006 0.026 0.013 0.378 0.464 0.011 
247 24.0857.E1    (0)   11 :  0.020 0.015 0.012 0.018 0.008 0.496 0.009 0.378 0.010 0.015 0.017 
248 24.0858.E1    (0)   11 :  0.092 0.017 0.022 0.017 0.015 0.081 0.005 0.629 0.023 0.027 0.073 
249 24.0859.E1    (0)   11 :  0.011 0.006 0.010 0.011 0.017 0.029 0.010 0.013 0.009 0.014 0.870 
250 24.0860.E1    (0)   11 :  0.083 0.010 0.073 0.033 0.047 0.402 0.049 0.071 0.048 0.104 0.080 
251 24.0861.E1    (0)   11 :  0.008 0.004 0.006 0.006 0.005 0.007 0.004 0.020 0.005 0.022 0.913 
252 24.0862.E1    (0)   11 :  0.012 0.009 0.026 0.012 0.007 0.170 0.010 0.022 0.010 0.703 0.018 
253 24.0863.E1    (0)   11 :  0.009 0.004 0.006 0.006 0.004 0.007 0.003 0.020 0.005 0.021 0.914 
254 24.0864.E1    (0)   11 :  0.053 0.380 0.082 0.184 0.008 0.025 0.008 0.156 0.012 0.014 0.078 
255 24.0865.E1    (0)   12 :  0.014 0.035 0.023 0.039 0.035 0.009 0.019 0.011 0.005 0.010 0.799 
256 24.0866.E1    (0)   12 :  0.097 0.062 0.019 0.016 0.034 0.690 0.006 0.044 0.013 0.008 0.011 
257 24.0867.E1    (0)   12 :  0.011 0.366 0.017 0.011 0.156 0.200 0.029 0.032 0.012 0.009 0.157 
258 24.0868.E1    (0)   12 :  0.395 0.221 0.148 0.012 0.024 0.038 0.031 0.097 0.017 0.010 0.008 
259 24.0869.E1    (0)   12 :  0.019 0.410 0.220 0.009 0.007 0.091 0.043 0.174 0.005 0.010 0.011 
260 24.0870.E1    (0)   12 :  0.148 0.110 0.244 0.142 0.026 0.019 0.101 0.162 0.015 0.023 0.009 
261 24.0871.E1    (0)   12 :  0.045 0.206 0.499 0.075 0.007 0.007 0.030 0.017 0.015 0.047 0.053 
262 24.0872.E1    (0)   12 :  0.014 0.029 0.431 0.011 0.092 0.067 0.006 0.006 0.013 0.007 0.324 
263 24.0873.E1    (0)   12 :  0.017 0.505 0.029 0.018 0.012 0.313 0.011 0.019 0.013 0.008 0.055 
264 24.0874.E1    (0)   12 :  0.011 0.070 0.013 0.008 0.230 0.430 0.007 0.044 0.014 0.009 0.164 
265 24.0875.E1    (0)   12 :  0.008 0.009 0.911 0.006 0.009 0.020 0.006 0.007 0.014 0.004 0.007 
266 24.0876.E1    (0)   12 :  0.007 0.048 0.811 0.069 0.025 0.010 0.007 0.004 0.009 0.005 0.005 
267 24.0877.E1    (0)   12 :  0.022 0.016 0.011 0.818 0.037 0.068 0.006 0.004 0.008 0.004 0.006 
268 24.0878.E1    (0)   12 :  0.026 0.062 0.025 0.761 0.010 0.011 0.008 0.062 0.020 0.010 0.005 
269 24.0879.E1    (0)   12 :  0.009 0.015 0.013 0.713 0.005 0.005 0.009 0.007 0.212 0.007 0.007 
270 24.0880.E1    (0)   12 :  0.058 0.103 0.058 0.037 0.015 0.018 0.014 0.591 0.080 0.008 0.019 
271 24.0881.E1    (0)   12 :  0.006 0.008 0.005 0.936 0.009 0.006 0.011 0.004 0.006 0.004 0.006 
272 24.0882.E1    (0)   12 :  0.023 0.019 0.010 0.235 0.647 0.025 0.008 0.007 0.009 0.004 0.013 
273 24.0883.E1    (0)   12 :  0.007 0.102 0.027 0.309 0.243 0.007 0.012 0.008 0.232 0.005 0.048 
274 24.0884.E1    (0)   12 :  0.008 0.013 0.010 0.899 0.027 0.006 0.007 0.004 0.012 0.006 0.008 
275 24.0885.E1    (0)   12 :  0.028 0.079 0.041 0.754 0.007 0.017 0.014 0.011 0.037 0.005 0.007 
276 24.0886.E1    (0)   12 :  0.011 0.104 0.057 0.458 0.206 0.020 0.004 0.005 0.090 0.007 0.038 
277 24.0887.E1    (0)   12 :  0.006 0.028 0.012 0.041 0.702 0.006 0.011 0.005 0.176 0.006 0.008 
278 24.0888.E1    (0)   12 :  0.641 0.012 0.237 0.021 0.005 0.034 0.007 0.008 0.013 0.014 0.008 


Estimated Allele Frequencies in each cluster
First column gives estimated ancestral frequencies


Locus 1 : 
31 alleles
0.0% missing data
 115   (0.036) 0.007 0.155 0.068 0.119 0.004 0.005 0.003 0.005 0.008 0.021 0.005 
 117   (0.046) 0.009 0.040 0.034 0.199 0.198 0.107 0.005 0.005 0.012 0.025 0.003 
 119   (0.040) 0.008 0.018 0.014 0.279 0.321 0.005 0.294 0.005 0.007 0.006 0.004 
 131   (0.015) 0.003 0.003 0.003 0.052 0.003 0.002 0.001 0.001 0.002 0.004 0.002 
 128   (0.033) 0.017 0.032 0.092 0.034 0.003 0.007 0.003 0.020 0.009 0.009 0.005 
 135   (0.016) 0.003 0.007 0.007 0.053 0.008 0.002 0.001 0.003 0.003 0.006 0.002 
 126   (0.081) 0.062 0.041 0.123 0.056 0.078 0.155 0.012 0.271 0.034 0.037 0.059 
 122   (0.035) 0.040 0.007 0.021 0.012 0.002 0.010 0.099 0.004 0.008 0.143 0.003 
 132   (0.032) 0.021 0.018 0.030 0.005 0.014 0.038 0.003 0.024 0.012 0.034 0.007 
 141   (0.011) 0.002 0.002 0.003 0.009 0.001 0.001 0.003 0.001 0.002 0.002 0.001 
 130   (0.046) 0.079 0.102 0.042 0.007 0.009 0.009 0.012 0.013 0.146 0.033 0.027 
 134   (0.039) 0.035 0.033 0.013 0.005 0.003 0.022 0.135 0.008 0.006 0.028 0.074 
 145   (0.016) 0.003 0.006 0.003 0.003 0.008 0.002 0.006 0.001 0.006 0.002 0.119 
 127   (0.025) 0.005 0.007 0.008 0.031 0.159 0.003 0.051 0.002 0.006 0.003 0.003 
 116   (0.110) 0.235 0.197 0.153 0.016 0.011 0.119 0.178 0.142 0.078 0.195 0.279 
 114   (0.057) 0.045 0.022 0.018 0.007 0.005 0.083 0.049 0.106 0.029 0.210 0.181 
 120   (0.037) 0.068 0.015 0.047 0.007 0.002 0.005 0.088 0.003 0.130 0.005 0.003 
 110   (0.046) 0.030 0.081 0.023 0.009 0.018 0.006 0.019 0.092 0.095 0.024 0.015 
 133   (0.014) 0.003 0.003 0.012 0.002 0.013 0.006 0.008 0.001 0.002 0.002 0.001 
 118   (0.115) 0.272 0.159 0.218 0.015 0.019 0.384 0.012 0.166 0.350 0.161 0.193 
 125   (0.015) 0.004 0.002 0.004 0.003 0.001 0.003 0.002 0.011 0.006 0.018 0.003 
 129   (0.021) 0.008 0.005 0.008 0.046 0.007 0.004 0.002 0.002 0.025 0.004 0.002 
 124   (0.016) 0.010 0.003 0.023 0.007 0.001 0.003 0.002 0.002 0.010 0.002 0.005 
 136   (0.020) 0.005 0.030 0.010 0.003 0.001 0.003 0.002 0.091 0.003 0.004 0.002 
 121   (0.015) 0.003 0.003 0.005 0.006 0.067 0.002 0.001 0.001 0.002 0.002 0.001 
 139   (0.012) 0.002 0.002 0.002 0.011 0.001 0.001 0.001 0.001 0.002 0.001 0.001 
 113   (0.011) 0.002 0.002 0.002 0.001 0.015 0.001 0.001 0.001 0.002 0.001 0.001 
 111   (0.011) 0.002 0.002 0.002 0.002 0.013 0.001 0.001 0.001 0.002 0.001 0.001 
 143   (0.010) 0.002 0.001 0.002 0.001 0.015 0.001 0.001 0.001 0.001 0.001 0.001 
 140   (0.012) 0.012 0.003 0.007 0.002 0.001 0.008 0.001 0.001 0.002 0.012 0.001 
 112   (0.008) 0.002 0.001 0.002 0.001 0.001 0.001 0.001 0.015 0.001 0.001 0.001 

Locus 2 : 
18 alleles
0.0% missing data
 152   (0.387) 0.249 0.444 0.571 0.650 0.806 0.467 0.392 0.180 0.362 0.573 0.291 
 148   (0.067) 0.023 0.216 0.064 0.146 0.019 0.009 0.234 0.008 0.033 0.013 0.006 
 154   (0.108) 0.078 0.191 0.119 0.037 0.031 0.021 0.255 0.274 0.032 0.124 0.017 
 156   (0.016) 0.004 0.002 0.004 0.012 0.001 0.002 0.002 0.002 0.005 0.016 0.002 
 150   (0.024) 0.005 0.003 0.005 0.008 0.049 0.003 0.067 0.002 0.005 0.004 0.002 
 164   (0.075) 0.174 0.045 0.028 0.072 0.010 0.027 0.009 0.043 0.016 0.101 0.091 
 158   (0.030) 0.007 0.024 0.008 0.009 0.006 0.011 0.011 0.003 0.192 0.008 0.010 
 160   (0.018) 0.015 0.015 0.004 0.003 0.016 0.002 0.002 0.002 0.003 0.003 0.002 
 166   (0.022) 0.014 0.004 0.032 0.003 0.001 0.026 0.004 0.002 0.003 0.012 0.002 
 151   (0.071) 0.232 0.011 0.061 0.009 0.005 0.009 0.006 0.455 0.228 0.043 0.325 
 147   (0.062) 0.122 0.012 0.042 0.008 0.004 0.403 0.006 0.018 0.069 0.055 0.193 
 168   (0.023) 0.016 0.005 0.018 0.004 0.002 0.008 0.002 0.002 0.005 0.004 0.033 
 153   (0.013) 0.017 0.002 0.004 0.002 0.001 0.002 0.001 0.001 0.002 0.002 0.015 
 149   (0.026) 0.006 0.018 0.022 0.003 0.012 0.004 0.002 0.002 0.038 0.003 0.002 
 162   (0.019) 0.007 0.003 0.008 0.007 0.003 0.003 0.002 0.002 0.003 0.034 0.007 
 167   (0.013) 0.002 0.002 0.002 0.025 0.001 0.001 0.001 0.001 0.002 0.002 0.001 
 146   (0.012) 0.002 0.002 0.002 0.001 0.031 0.001 0.001 0.001 0.001 0.001 0.001 
 172   (0.013) 0.027 0.002 0.006 0.002 0.001 0.001 0.001 0.001 0.002 0.002 0.001 

Locus 3 : 
4 alleles
0.0% missing data
 128   (0.293) 0.181 0.293 0.336 0.211 0.449 0.375 0.326 0.453 0.241 0.166 0.343 
 126   (0.614) 0.779 0.690 0.619 0.707 0.543 0.598 0.609 0.504 0.572 0.780 0.486 
 132   (0.079) 0.037 0.016 0.042 0.080 0.006 0.026 0.058 0.041 0.139 0.052 0.170 
 134   (0.014) 0.003 0.002 0.003 0.002 0.001 0.001 0.007 0.001 0.048 0.002 0.001 

Locus 4 : 
3 alleles
0.0% missing data
 170   (0.320) 0.387 0.138 0.373 0.312 0.304 0.128 0.423 0.461 0.197 0.415 0.117 
 172   (0.667) 0.610 0.860 0.624 0.686 0.693 0.870 0.567 0.536 0.801 0.584 0.880 
 171   (0.013) 0.003 0.002 0.003 0.002 0.002 0.002 0.011 0.003 0.002 0.002 0.003 

Locus 5 : 
37 alleles
0.0% missing data
 125   (0.052) 0.015 0.018 0.050 0.060 0.043 0.020 0.059 0.078 0.166 0.014 0.137 
 110   (0.039) 0.008 0.006 0.049 0.033 0.015 0.018 0.044 0.082 0.028 0.035 0.028 
 129   (0.031) 0.125 0.006 0.017 0.057 0.003 0.006 0.003 0.007 0.007 0.058 0.020 
 113   (0.031) 0.124 0.018 0.019 0.011 0.002 0.015 0.004 0.011 0.006 0.126 0.005 
 145   (0.052) 0.013 0.166 0.078 0.220 0.081 0.011 0.006 0.013 0.082 0.010 0.100 
 155   (0.055) 0.035 0.028 0.046 0.152 0.017 0.020 0.188 0.062 0.019 0.109 0.007 
 117   (0.031) 0.015 0.142 0.026 0.021 0.027 0.009 0.005 0.004 0.006 0.022 0.005 
 124   (0.010) 0.002 0.002 0.002 0.024 0.001 0.001 0.001 0.001 0.001 0.001 0.001 
 133   (0.032) 0.050 0.009 0.075 0.041 0.079 0.012 0.003 0.003 0.009 0.004 0.007 
 157   (0.047) 0.152 0.045 0.101 0.008 0.027 0.044 0.021 0.045 0.134 0.010 0.005 
 141   (0.016) 0.019 0.007 0.033 0.004 0.001 0.003 0.002 0.006 0.002 0.002 0.001 
 112   (0.070) 0.047 0.111 0.035 0.068 0.163 0.026 0.198 0.170 0.017 0.073 0.159 
 121   (0.020) 0.013 0.003 0.011 0.004 0.002 0.026 0.007 0.004 0.006 0.079 0.010 
 114   (0.041) 0.009 0.143 0.022 0.043 0.179 0.048 0.019 0.087 0.007 0.005 0.004 
 153   (0.052) 0.014 0.022 0.081 0.055 0.004 0.329 0.008 0.082 0.228 0.019 0.084 
 127   (0.073) 0.111 0.084 0.064 0.063 0.073 0.015 0.018 0.110 0.031 0.162 0.198 
 131   (0.061) 0.016 0.021 0.019 0.063 0.177 0.192 0.230 0.037 0.141 0.025 0.085 
 135   (0.031) 0.009 0.009 0.087 0.006 0.003 0.104 0.009 0.016 0.014 0.005 0.070 
 104   (0.009) 0.002 0.002 0.002 0.002 0.002 0.002 0.011 0.002 0.001 0.001 0.003 
 118   (0.017) 0.009 0.010 0.007 0.019 0.002 0.002 0.018 0.002 0.012 0.002 0.002 
 116   (0.027) 0.006 0.025 0.034 0.006 0.005 0.004 0.018 0.010 0.019 0.073 0.004 
 137   (0.022) 0.010 0.008 0.014 0.004 0.006 0.007 0.106 0.002 0.013 0.082 0.002 
 123   (0.022) 0.005 0.005 0.026 0.005 0.002 0.019 0.005 0.089 0.006 0.022 0.018 
 149   (0.010) 0.003 0.006 0.005 0.002 0.001 0.001 0.001 0.002 0.002 0.005 0.003 
 138   (0.012) 0.053 0.002 0.005 0.001 0.001 0.001 0.001 0.001 0.002 0.001 0.014 
 143   (0.025) 0.043 0.004 0.007 0.003 0.075 0.004 0.003 0.051 0.010 0.006 0.010 
 163   (0.008) 0.004 0.003 0.004 0.001 0.001 0.001 0.003 0.001 0.001 0.007 0.001 
 109   (0.009) 0.002 0.034 0.002 0.001 0.001 0.001 0.001 0.001 0.001 0.001 0.001 
 139   (0.009) 0.004 0.001 0.015 0.001 0.001 0.001 0.001 0.001 0.002 0.001 0.001 
 106   (0.009) 0.005 0.002 0.010 0.001 0.001 0.002 0.001 0.001 0.001 0.002 0.001 
 144   (0.015) 0.004 0.031 0.011 0.002 0.001 0.045 0.001 0.002 0.002 0.002 0.001 
 122   (0.009) 0.002 0.015 0.002 0.011 0.002 0.002 0.001 0.001 0.001 0.001 0.001 
 100   (0.016) 0.027 0.004 0.015 0.003 0.001 0.003 0.002 0.005 0.006 0.030 0.006 
 111   (0.012) 0.032 0.002 0.009 0.002 0.001 0.001 0.001 0.001 0.002 0.001 0.003 
 233   (0.009) 0.006 0.001 0.002 0.001 0.001 0.002 0.001 0.003 0.008 0.002 0.003 
 134   (0.009) 0.002 0.001 0.009 0.001 0.001 0.001 0.001 0.008 0.001 0.001 0.001 
 140   (0.007) 0.007 0.004 0.004 0.001 0.001 0.002 0.001 0.002 0.001 0.001 0.001 

Locus 6 : 
17 alleles
0.0% missing data
 221   (0.023) 0.004 0.004 0.005 0.144 0.089 0.003 0.002 0.002 0.003 0.003 0.002 
 232   (0.240) 0.274 0.254 0.348 0.149 0.433 0.118 0.085 0.263 0.265 0.436 0.763 
 229   (0.056) 0.011 0.022 0.039 0.100 0.057 0.026 0.066 0.097 0.016 0.010 0.021 
 223   (0.062) 0.053 0.077 0.024 0.098 0.008 0.017 0.007 0.078 0.119 0.025 0.006 
 230   (0.160) 0.214 0.235 0.242 0.066 0.297 0.058 0.169 0.252 0.113 0.089 0.046 
 235   (0.013) 0.002 0.002 0.003 0.072 0.001 0.001 0.001 0.001 0.002 0.002 0.001 
 236   (0.037) 0.011 0.007 0.069 0.087 0.005 0.005 0.024 0.004 0.011 0.015 0.020 
 227   (0.025) 0.014 0.013 0.014 0.058 0.003 0.005 0.003 0.002 0.007 0.003 0.002 
 220   (0.055) 0.024 0.025 0.025 0.008 0.004 0.206 0.188 0.023 0.012 0.099 0.070 
 222   (0.044) 0.044 0.013 0.020 0.006 0.003 0.203 0.266 0.006 0.006 0.089 0.003 
 234   (0.125) 0.119 0.259 0.060 0.096 0.053 0.336 0.172 0.148 0.280 0.032 0.013 
 224   (0.032) 0.026 0.006 0.022 0.004 0.002 0.004 0.003 0.080 0.130 0.006 0.002 
 228   (0.059) 0.191 0.061 0.100 0.011 0.004 0.008 0.006 0.021 0.012 0.070 0.047 
 225   (0.012) 0.002 0.002 0.003 0.002 0.001 0.001 0.001 0.001 0.002 0.018 0.001 
 226   (0.016) 0.003 0.003 0.004 0.002 0.001 0.003 0.002 0.017 0.002 0.099 0.001 
 233   (0.028) 0.006 0.014 0.018 0.054 0.038 0.004 0.003 0.003 0.015 0.003 0.003 
 231   (0.015) 0.003 0.006 0.004 0.041 0.001 0.002 0.001 0.001 0.005 0.002 0.001 

Locus 7 : 
10 alleles
0.0% missing data
 121   (0.690) 0.862 0.781 0.802 0.884 0.742 0.828 0.794 0.793 0.575 0.740 0.715 
 129   (0.097) 0.060 0.069 0.036 0.077 0.098 0.013 0.010 0.119 0.100 0.103 0.140 
 130   (0.016) 0.004 0.002 0.005 0.003 0.004 0.014 0.002 0.002 0.003 0.020 0.001 
 123   (0.096) 0.034 0.027 0.127 0.021 0.102 0.043 0.129 0.077 0.219 0.114 0.136 
 128   (0.019) 0.004 0.005 0.004 0.003 0.021 0.002 0.038 0.002 0.021 0.002 0.001 
 131   (0.015) 0.003 0.003 0.004 0.002 0.002 0.002 0.021 0.002 0.011 0.011 0.001 
 117   (0.012) 0.014 0.002 0.003 0.002 0.001 0.001 0.001 0.001 0.002 0.001 0.001 
 125   (0.013) 0.002 0.002 0.002 0.002 0.001 0.001 0.001 0.001 0.062 0.001 0.001 
 134   (0.030) 0.015 0.106 0.013 0.004 0.006 0.091 0.004 0.003 0.005 0.006 0.002 
 132   (0.012) 0.002 0.004 0.003 0.002 0.025 0.004 0.001 0.001 0.002 0.001 0.001 

Locus 8 : 
19 alleles
0.0% missing data
 184   (0.301) 0.363 0.491 0.430 0.484 0.323 0.518 0.523 0.249 0.503 0.211 0.468 
 194   (0.046) 0.035 0.106 0.034 0.030 0.019 0.007 0.017 0.013 0.035 0.019 0.009 
 178   (0.103) 0.058 0.088 0.059 0.209 0.058 0.052 0.186 0.292 0.026 0.176 0.028 
 176   (0.080) 0.072 0.068 0.111 0.045 0.221 0.152 0.010 0.008 0.042 0.054 0.113 
 182   (0.074) 0.147 0.036 0.050 0.043 0.209 0.112 0.008 0.047 0.018 0.162 0.012 
 190   (0.031) 0.006 0.005 0.007 0.006 0.049 0.053 0.074 0.019 0.006 0.010 0.002 
 196   (0.021) 0.021 0.004 0.005 0.005 0.001 0.003 0.002 0.070 0.003 0.004 0.015 
 200   (0.029) 0.029 0.009 0.022 0.015 0.010 0.004 0.004 0.003 0.056 0.014 0.002 
 180   (0.022) 0.004 0.003 0.005 0.009 0.002 0.003 0.070 0.003 0.124 0.004 0.002 
 188   (0.037) 0.010 0.031 0.014 0.031 0.003 0.012 0.008 0.068 0.008 0.006 0.084 
 174   (0.043) 0.014 0.055 0.070 0.016 0.046 0.012 0.023 0.005 0.039 0.014 0.004 
 186   (0.122) 0.205 0.081 0.173 0.088 0.051 0.037 0.044 0.125 0.070 0.296 0.230 
 192   (0.022) 0.007 0.003 0.005 0.010 0.003 0.004 0.012 0.088 0.014 0.003 0.007 
 201   (0.010) 0.002 0.002 0.002 0.001 0.001 0.001 0.013 0.001 0.010 0.001 0.001 
 199   (0.017) 0.017 0.002 0.004 0.002 0.001 0.003 0.002 0.002 0.030 0.019 0.002 
 185   (0.010) 0.002 0.002 0.002 0.001 0.001 0.001 0.001 0.001 0.002 0.001 0.017 
 203   (0.010) 0.002 0.012 0.002 0.001 0.001 0.006 0.001 0.001 0.001 0.001 0.001 
 198   (0.010) 0.005 0.002 0.002 0.001 0.001 0.018 0.001 0.001 0.001 0.002 0.001 
 209   (0.009) 0.002 0.001 0.003 0.001 0.001 0.003 0.001 0.004 0.012 0.003 0.001 

Locus 9 : 
6 alleles
0.4% missing data
 154   (0.683) 0.752 0.684 0.740 0.699 0.632 0.697 0.821 0.791 0.661 0.846 0.850 
 156   (0.212) 0.166 0.251 0.223 0.172 0.351 0.288 0.169 0.115 0.324 0.136 0.032 
 152   (0.052) 0.034 0.033 0.016 0.081 0.006 0.009 0.005 0.089 0.007 0.009 0.102 
 153   (0.013) 0.015 0.002 0.004 0.002 0.001 0.002 0.002 0.001 0.002 0.004 0.014 
 160   (0.013) 0.028 0.002 0.004 0.002 0.001 0.001 0.001 0.001 0.002 0.002 0.001 
 164   (0.027) 0.005 0.028 0.014 0.044 0.009 0.003 0.003 0.002 0.004 0.003 0.002 

Locus 10 : 
29 alleles
0.7% missing data
 305   (0.066) 0.085 0.012 0.034 0.100 0.009 0.010 0.214 0.007 0.010 0.250 0.007 
 313   (0.051) 0.053 0.009 0.040 0.155 0.006 0.007 0.005 0.007 0.009 0.073 0.004 
 311   (0.016) 0.004 0.002 0.011 0.017 0.002 0.002 0.002 0.002 0.004 0.002 0.001 
 299   (0.131) 0.257 0.045 0.064 0.281 0.034 0.187 0.047 0.163 0.018 0.040 0.153 
 315   (0.076) 0.089 0.020 0.167 0.091 0.104 0.010 0.079 0.018 0.017 0.018 0.006 
 287   (0.015) 0.004 0.002 0.005 0.005 0.001 0.003 0.002 0.002 0.817 0.003 0.001 
 291   (0.113) 0.086 0.326 0.034 0.108 0.022 0.338 0.073 0.522 0.016 0.037 0.012 
 295   (0.029) 0.007 0.165 0.069 0.043 0.003 0.004 0.005 0.003 0.003 0.005 0.003 
 289   (0.016) 0.005 0.002 0.009 0.002 0.001 0.237 0.003 0.001 0.002 0.002 0.001 
 303   (0.032) 0.009 0.006 0.007 0.007 0.535 0.005 0.023 0.003 0.004 0.005 0.649 
 297   (0.046) 0.011 0.131 0.010 0.012 0.081 0.018 0.005 0.021 0.006 0.179 0.004 
 293   (0.016) 0.003 0.002 0.148 0.005 0.001 0.002 0.002 0.001 0.002 0.002 0.001 
 301   (0.060) 0.103 0.080 0.016 0.068 0.007 0.018 0.165 0.007 0.008 0.008 0.014 
 285   (0.026) 0.010 0.004 0.005 0.003 0.002 0.004 0.270 0.002 0.003 0.253 0.002 
 307   (0.056) 0.055 0.117 0.018 0.011 0.175 0.007 0.041 0.104 0.009 0.008 0.004 
 312   (0.044) 0.031 0.015 0.244 0.007 0.003 0.007 0.040 0.082 0.007 0.008 0.012 
 306   (0.028) 0.069 0.011 0.021 0.013 0.002 0.004 0.004 0.015 0.005 0.004 0.002 
 320   (0.013) 0.028 0.002 0.005 0.002 0.001 0.001 0.001 0.001 0.001 0.001 0.001 
 317   (0.019) 0.005 0.002 0.004 0.017 0.001 0.002 0.002 0.002 0.002 0.003 0.107 
 314   (0.027) 0.014 0.004 0.009 0.036 0.002 0.004 0.003 0.002 0.032 0.003 0.002 
 323   (0.012) 0.008 0.002 0.005 0.002 0.001 0.002 0.001 0.001 0.007 0.001 0.001 
 325   (0.013) 0.008 0.002 0.005 0.002 0.001 0.002 0.001 0.001 0.007 0.002 0.001 
 310   (0.015) 0.003 0.002 0.042 0.002 0.001 0.002 0.001 0.024 0.002 0.002 0.001 
 309   (0.012) 0.003 0.027 0.006 0.002 0.001 0.004 0.002 0.001 0.002 0.001 0.001 
 316   (0.017) 0.034 0.002 0.007 0.003 0.001 0.002 0.002 0.004 0.002 0.004 0.003 
 296   (0.013) 0.008 0.003 0.007 0.002 0.001 0.001 0.001 0.001 0.002 0.002 0.004 
 304   (0.012) 0.002 0.001 0.002 0.002 0.001 0.003 0.001 0.001 0.001 0.079 0.001 
 321   (0.013) 0.002 0.002 0.002 0.002 0.001 0.056 0.001 0.001 0.001 0.002 0.001 
 332   (0.012) 0.002 0.002 0.002 0.002 0.001 0.058 0.001 0.001 0.001 0.001 0.001 

Locus 11 : 
19 alleles
0.0% missing data
 114   (0.151) 0.135 0.260 0.238 0.252 0.194 0.030 0.293 0.019 0.051 0.026 0.042 
 126   (0.020) 0.004 0.004 0.006 0.060 0.004 0.002 0.017 0.002 0.003 0.002 0.002 
 111   (0.096) 0.021 0.014 0.048 0.180 0.007 0.558 0.009 0.563 0.022 0.546 0.292 
 116   (0.108) 0.063 0.173 0.087 0.103 0.267 0.034 0.016 0.029 0.153 0.081 0.009 
 132   (0.013) 0.003 0.002 0.003 0.012 0.001 0.002 0.001 0.001 0.002 0.002 0.001 
 109   (0.013) 0.002 0.002 0.002 0.049 0.001 0.001 0.001 0.002 0.002 0.002 0.001 
 128   (0.018) 0.008 0.013 0.004 0.008 0.001 0.003 0.002 0.007 0.003 0.002 0.001 
 112   (0.324) 0.640 0.446 0.500 0.256 0.498 0.091 0.605 0.050 0.436 0.077 0.189 
 122   (0.017) 0.003 0.003 0.012 0.003 0.004 0.004 0.008 0.003 0.003 0.002 0.014 
 124   (0.014) 0.003 0.002 0.003 0.002 0.002 0.002 0.018 0.001 0.002 0.002 0.002 
 118   (0.047) 0.020 0.032 0.024 0.018 0.009 0.221 0.014 0.005 0.079 0.007 0.012 
 127   (0.012) 0.014 0.001 0.003 0.002 0.001 0.001 0.001 0.001 0.002 0.001 0.001 
 113   (0.049) 0.023 0.009 0.015 0.007 0.003 0.018 0.004 0.226 0.026 0.192 0.422 
 115   (0.030) 0.010 0.008 0.011 0.027 0.003 0.005 0.003 0.007 0.197 0.009 0.003 
 120   (0.022) 0.005 0.020 0.006 0.004 0.001 0.004 0.002 0.072 0.003 0.003 0.002 
 117   (0.020) 0.017 0.004 0.008 0.003 0.002 0.013 0.003 0.006 0.005 0.014 0.003 
 125   (0.019) 0.023 0.003 0.024 0.002 0.001 0.002 0.002 0.002 0.004 0.002 0.004 
 119   (0.014) 0.004 0.002 0.003 0.002 0.001 0.008 0.001 0.004 0.002 0.028 0.001 
 136   (0.012) 0.002 0.002 0.002 0.010 0.001 0.001 0.001 0.001 0.008 0.001 0.001 

Locus 12 : 
28 alleles
0.7% missing data
 306   (0.058) 0.040 0.010 0.032 0.099 0.008 0.011 0.213 0.006 0.008 0.313 0.007 
 314   (0.061) 0.054 0.009 0.022 0.141 0.007 0.009 0.007 0.079 0.020 0.071 0.013 
 312   (0.013) 0.002 0.002 0.002 0.027 0.001 0.001 0.001 0.001 0.001 0.001 0.001 
 300   (0.135) 0.260 0.046 0.064 0.296 0.034 0.185 0.047 0.159 0.018 0.041 0.154 
 316   (0.047) 0.012 0.008 0.017 0.087 0.101 0.006 0.077 0.016 0.006 0.011 0.004 
 288   (0.019) 0.004 0.003 0.004 0.005 0.002 0.003 0.002 0.002 0.803 0.004 0.002 
 292   (0.117) 0.087 0.326 0.034 0.109 0.023 0.374 0.073 0.511 0.017 0.037 0.012 
 296   (0.033) 0.012 0.169 0.076 0.043 0.003 0.004 0.005 0.003 0.004 0.005 0.005 
 290   (0.018) 0.006 0.002 0.009 0.003 0.001 0.235 0.003 0.001 0.002 0.003 0.001 
 304   (0.032) 0.009 0.006 0.007 0.007 0.535 0.005 0.023 0.003 0.004 0.005 0.652 
 298   (0.047) 0.011 0.132 0.010 0.013 0.081 0.018 0.005 0.021 0.006 0.178 0.004 
 294   (0.016) 0.003 0.002 0.148 0.005 0.001 0.002 0.002 0.001 0.002 0.002 0.001 
 302   (0.059) 0.103 0.080 0.015 0.068 0.006 0.017 0.164 0.006 0.008 0.008 0.014 
 286   (0.027) 0.010 0.004 0.005 0.004 0.002 0.004 0.268 0.002 0.004 0.273 0.002 
 308   (0.036) 0.048 0.049 0.011 0.008 0.173 0.004 0.041 0.003 0.006 0.005 0.003 
 313   (0.033) 0.032 0.015 0.264 0.005 0.002 0.005 0.040 0.005 0.004 0.004 0.004 
 307   (0.045) 0.075 0.075 0.026 0.013 0.004 0.006 0.005 0.126 0.006 0.006 0.004 
 321   (0.013) 0.028 0.002 0.005 0.002 0.001 0.001 0.001 0.001 0.001 0.001 0.001 
 315   (0.053) 0.093 0.016 0.138 0.042 0.005 0.007 0.007 0.005 0.052 0.010 0.013 
 318   (0.021) 0.008 0.003 0.004 0.006 0.001 0.003 0.002 0.004 0.002 0.007 0.096 
 324   (0.013) 0.008 0.002 0.005 0.002 0.001 0.002 0.001 0.001 0.007 0.002 0.001 
 326   (0.013) 0.008 0.002 0.005 0.002 0.001 0.002 0.001 0.001 0.007 0.002 0.001 
 311   (0.019) 0.005 0.003 0.075 0.004 0.001 0.002 0.002 0.035 0.005 0.002 0.001 
 310   (0.014) 0.003 0.027 0.006 0.002 0.001 0.004 0.002 0.001 0.002 0.002 0.001 
 305   (0.015) 0.045 0.002 0.003 0.002 0.001 0.002 0.002 0.001 0.002 0.002 0.001 
 317   (0.015) 0.027 0.002 0.006 0.002 0.001 0.002 0.002 0.001 0.002 0.002 0.001 
 320   (0.013) 0.002 0.002 0.002 0.002 0.001 0.027 0.001 0.001 0.001 0.002 0.001 
 322   (0.013) 0.002 0.002 0.002 0.002 0.001 0.056 0.001 0.001 0.001 0.002 0.001 

Locus 13 : 
7 alleles
1.1% missing data
 161   (0.596) 0.537 0.842 0.579 0.662 0.889 0.922 0.061 0.425 0.435 0.297 0.508 
 163   (0.299) 0.442 0.118 0.387 0.246 0.026 0.065 0.029 0.563 0.548 0.517 0.460 
 160   (0.017) 0.003 0.002 0.007 0.002 0.001 0.002 0.449 0.002 0.003 0.002 0.001 
 162   (0.016) 0.003 0.002 0.004 0.002 0.001 0.002 0.454 0.001 0.002 0.002 0.002 
 165   (0.044) 0.010 0.029 0.013 0.080 0.003 0.005 0.004 0.006 0.008 0.178 0.027 
 166   (0.013) 0.003 0.005 0.007 0.005 0.003 0.002 0.001 0.001 0.002 0.002 0.001 
 164   (0.014) 0.002 0.002 0.003 0.002 0.076 0.001 0.001 0.001 0.002 0.002 0.001 

Locus 14 : 
4 alleles
0.4% missing data
  98   (0.958) 0.979 0.987 0.985 0.987 0.987 0.995 0.996 0.997 0.994 0.995 0.988 
 100   (0.013) 0.010 0.002 0.003 0.002 0.001 0.002 0.001 0.001 0.002 0.002 0.006 
  96   (0.017) 0.003 0.009 0.005 0.010 0.011 0.002 0.002 0.001 0.002 0.002 0.002 
 105   (0.013) 0.008 0.003 0.007 0.002 0.001 0.001 0.001 0.001 0.002 0.002 0.005 

Locus 15 : 
12 alleles
2.2% missing data
 171   (0.307) 0.412 0.184 0.269 0.413 0.176 0.535 0.225 0.354 0.430 0.171 0.309 
 177   (0.188) 0.154 0.317 0.226 0.187 0.051 0.223 0.364 0.074 0.229 0.092 0.078 
 173   (0.260) 0.227 0.276 0.377 0.286 0.065 0.144 0.079 0.520 0.135 0.630 0.490 
 179   (0.108) 0.097 0.058 0.048 0.073 0.575 0.032 0.315 0.011 0.172 0.059 0.108 
 183   (0.019) 0.005 0.003 0.006 0.025 0.011 0.003 0.002 0.002 0.008 0.016 0.006 
 181   (0.035) 0.080 0.009 0.010 0.006 0.116 0.006 0.004 0.032 0.005 0.008 0.003 
 197   (0.014) 0.003 0.088 0.003 0.002 0.001 0.002 0.001 0.001 0.002 0.002 0.001 
 170   (0.014) 0.004 0.002 0.033 0.002 0.001 0.002 0.001 0.001 0.003 0.002 0.001 
 189   (0.013) 0.009 0.004 0.009 0.003 0.001 0.001 0.004 0.001 0.002 0.016 0.001 
 203   (0.014) 0.003 0.053 0.003 0.002 0.001 0.001 0.001 0.001 0.002 0.002 0.001 
 187   (0.016) 0.004 0.002 0.015 0.002 0.001 0.023 0.002 0.001 0.013 0.002 0.001 
 198   (0.012) 0.002 0.002 0.002 0.002 0.001 0.027 0.001 0.001 0.001 0.002 0.001 

Values of parameters used in structure:
DATAFILE=STRUCTURE_main_final_278_HEG_ZG.str,	OUTFILE=STRUCTURE_main_final_278_HEG_ZG-K11-1,	NUMINDS=278,	NUMLOCI=15,	MISSING=-9,	LABEL=1,	POPDATA=1,	POPFLAG=0,	PHENOTYPE=0,	EXTRACOLS=0,	MAXPOPS=11,	BURNIN=100000,	NUMREPS=500000,	USEPOPINFO=0,	INFERALPHA=1,	INFERLAMBDA=0,	POPSPECIFICLAMBDA=0,	POPALPHAS=0,	COMPUTEPROB=1,	NOADMIX=0,	ADMBURNIN=2500,	UPDATEFREQ=1,	PRINTLIKES=0,	INTERMEDSAVE=0,	PRINTKLD=0,	PRINTNET=0,	PRINTLAMBDA=0,	ANCESTDIST=0,	NUMBOXES=1000,	ANCESTPINT=0.90000,	GENSBACK=2,	MIGRPRIOR=0.05000,	PRINTQHAT=0,	PRINTQSUM=0,	ALPHA=1.0000,	FREQSCORR=1,	FPRIORMEAN=0.0100,	FPRIORSD=0.0500,	ONEFST=0,	LAMBDA=1.0000,	UNIFPRIORALPHA=1,	ALPHAMAX=10.0000,	ALPHAPRIORA=1.0000,	ALPHAPRIORB=2.0000,	ALPHAPROPSD=0.0250,	STARTATPOPINFO=0,	RANDOMIZE=1,	LINKAGE=0,	METROFREQ=10,	REPORTHITRATE=0,	MARKOVPHASE=-1,	PHASED=0,	PLOIDY=2,	PHASEINFO=0	LOCPRIOR=0, 	LOCPRIORINIT=1.000000, 	LOCDATA=0, 	LOCISPOP=0, 	LOCPRIORSTEP=0.100000, 	MAXLOCPRIOR=20.000000, 	SEED=1782486033,	
[STRAT parameters]:    NUMSIMSTATS=1000,	PHENOTYPECOL=-9,	POOLFREQ=10,	LOCUSxONLY=0,	EMERROR=0.00100,	MISSINGPHENO=-9,	