

----------------------------------------------------
STRUCTURE by Pritchard, Stephens and Donnelly (2000)
     and Falush, Stephens and Pritchard (2003)
       Code by Pritchard, Falush and Hubisz
             Version 2.3.4 (Jul 2012)
----------------------------------------------------



Command line arguments:   structure -K 4 -i STRUCTURE_main_final_278_HEG_ZG.str -o STRUCTURE_main_final_278_HEG_ZG-K4-13 
Input File:    STRUCTURE_main_final_278_HEG_ZG.str

Run parameters:
   278 individuals
   15 loci
   4 populations assumed
   100000 Burn-in period
   500000 Reps


--------------------------------------------
Proportion of membership of each pre-defined
 population in each of the 4 clusters

Given    Inferred Clusters              Number of
 Pop       1      2      3      4      Individuals

  1:     0.124  0.104  0.210  0.563       24
  2:     0.091  0.749  0.042  0.118       24
  3:     0.476  0.215  0.271  0.037       24
  4:     0.468  0.115  0.123  0.294       24
  5:     0.532  0.250  0.085  0.133       24
  6:     0.094  0.080  0.047  0.780       24
  7:     0.069  0.037  0.025  0.869       24
  8:     0.752  0.043  0.136  0.069       14
  9:     0.147  0.398  0.415  0.041       24
 10:     0.062  0.066  0.838  0.034       24
 11:     0.078  0.129  0.761  0.032       24
 12:     0.435  0.061  0.142  0.362       24
--------------------------------------------

Allele-freq. divergence among pops (Net nucleotide distance),
computed using point estimates of P.

      1       2       3       4      
 1      -    0.0230  0.0357  0.0260  
 2   0.0230     -    0.0508  0.0369  
 3   0.0357  0.0508     -    0.0607  
 4   0.0260  0.0369  0.0607     -    

Average distances (expected heterozygosity) between individuals in same cluster:
cluster  1  : 0.6501 
cluster  2  : 0.6601 
cluster  3  : 0.6208 
cluster  4  : 0.6134 

--------------------------------------------
Estimated Ln Prob of Data   = -13172.4
Mean value of ln likelihood = -12753.7
Variance of ln likelihood   = 837.5
Mean value of alpha         = 0.1094

Mean value of Fst_1         = 0.0313
Mean value of Fst_2         = 0.0866
Mean value of Fst_3         = 0.1112
Mean value of Fst_4         = 0.0825


Inferred ancestry of individuals:
        Label (%Miss) Pop:  Inferred clusters
  1 24.0601.E1    (0)    1 :  0.019 0.077 0.018 0.886 
  2 24.0602.E1    (0)    1 :  0.062 0.030 0.140 0.767 
  3 24.0603.E1    (0)    1 :  0.070 0.026 0.019 0.885 
  4 24.0604.E1    (0)    1 :  0.238 0.197 0.216 0.348 
  5 24.0605.E1    (0)    1 :  0.023 0.098 0.050 0.829 
  6 24.0606.E1    (0)    1 :  0.087 0.074 0.089 0.750 
  7 24.0607.E1    (0)    1 :  0.038 0.330 0.067 0.565 
  8 24.0608.E1    (0)    1 :  0.027 0.017 0.308 0.648 
  9 24.0609.E1    (0)    1 :  0.267 0.015 0.646 0.071 
 10 24.0610.E1    (0)    1 :  0.177 0.018 0.461 0.343 
 11 24.0611.E1    (0)    1 :  0.070 0.110 0.191 0.629 
 12 24.0612.E1    (0)    1 :  0.020 0.096 0.015 0.869 
 13 24.0613.E1    (0)    1 :  0.086 0.049 0.150 0.716 
 14 24.0614.E1    (0)    1 :  0.020 0.038 0.245 0.697 
 15 24.0615.E1    (0)    1 :  0.028 0.075 0.437 0.460 
 16 24.0616.E1    (0)    1 :  0.025 0.188 0.073 0.714 
 17 24.0617.E1    (0)    1 :  0.029 0.093 0.711 0.167 
 18 24.0618.E1    (0)    1 :  0.135 0.099 0.510 0.256 
 19 24.0619.E1    (0)    1 :  0.682 0.149 0.059 0.111 
 20 24.0620.E1   (20)    1 :  0.102 0.048 0.088 0.763 
 21 24.0621.E1    (0)    1 :  0.552 0.106 0.319 0.023 
 22 24.0622.E1    (0)    1 :  0.079 0.112 0.028 0.781 
 23 24.0623.E1    (0)    1 :  0.103 0.388 0.104 0.405 
 24 24.0624.E1    (0)    1 :  0.029 0.060 0.087 0.825 
 25 24.0625.E1    (0)    2 :  0.060 0.706 0.065 0.169 
 26 24.0626.E1    (0)    2 :  0.018 0.848 0.044 0.090 
 27 24.0627.E1    (0)    2 :  0.204 0.747 0.016 0.033 
 28 24.0628.E1    (0)    2 :  0.246 0.315 0.158 0.281 
 29 24.0629.E1    (0)    2 :  0.026 0.901 0.022 0.051 
 30 24.0630.E1    (0)    2 :  0.031 0.794 0.021 0.154 
 31 24.0631.E1    (0)    2 :  0.012 0.953 0.007 0.028 
 32 24.0632.E1    (0)    2 :  0.017 0.892 0.012 0.079 
 33 24.0633.E1    (0)    2 :  0.245 0.448 0.106 0.201 
 34 24.0634.E1    (0)    2 :  0.021 0.944 0.015 0.020 
 35 24.0635.E1    (0)    2 :  0.311 0.555 0.052 0.082 
 36 24.0636.E1   (33)    2 :  0.082 0.074 0.018 0.826 
 37 24.0637.E1    (0)    2 :  0.014 0.962 0.007 0.017 
 38 24.0638.E1    (0)    2 :  0.162 0.809 0.013 0.017 
 39 24.0639.E1    (0)    2 :  0.017 0.882 0.045 0.057 
 40 24.0640.E1    (0)    2 :  0.017 0.939 0.012 0.031 
 41 24.0641.E1    (0)    2 :  0.260 0.626 0.046 0.068 
 42 24.0642.E1    (0)    2 :  0.185 0.476 0.011 0.328 
 43 24.0643.E1    (0)    2 :  0.096 0.798 0.018 0.088 
 44 24.0644.E1    (0)    2 :  0.043 0.835 0.100 0.022 
 45 24.0645.E1    (0)    2 :  0.057 0.723 0.093 0.127 
 46 24.0646.E1    (0)    2 :  0.043 0.833 0.101 0.023 
 47 24.0647.E1    (0)    2 :  0.014 0.962 0.007 0.016 
 48 24.0648.E1    (0)    2 :  0.014 0.962 0.007 0.017 
 49 24.0649.E1    (0)    3 :  0.859 0.024 0.106 0.011 
 50 24.0650.E1    (0)    3 :  0.479 0.011 0.449 0.061 
 51 24.0651.E1    (0)    3 :  0.223 0.692 0.053 0.031 
 52 24.0652.E1    (0)    3 :  0.508 0.017 0.451 0.024 
 53 24.0653.E1    (0)    3 :  0.372 0.544 0.071 0.012 
 54 24.0654.E1    (0)    3 :  0.473 0.031 0.483 0.014 
 55 24.0655.E1    (0)    3 :  0.380 0.249 0.292 0.079 
 56 24.0656.E1    (0)    3 :  0.418 0.018 0.516 0.047 
 57 24.0657.E1    (0)    3 :  0.441 0.017 0.498 0.043 
 58 24.0658.E1    (0)    3 :  0.691 0.044 0.226 0.039 
 59 24.0659.E1    (0)    3 :  0.514 0.224 0.234 0.028 
 60 24.0660.E1    (6)    3 :  0.894 0.038 0.031 0.037 
 61 24.0661.E1    (0)    3 :  0.214 0.020 0.702 0.064 
 62 24.0662.E1    (0)    3 :  0.252 0.493 0.177 0.078 
 63 24.0663.E1    (0)    3 :  0.077 0.018 0.892 0.013 
 64 24.0664.E1    (0)    3 :  0.678 0.027 0.263 0.032 
 65 24.0665.E1    (0)    3 :  0.691 0.026 0.148 0.135 
 66 24.0666.E1    (0)    3 :  0.335 0.613 0.034 0.018 
 67 24.0667.E1    (0)    3 :  0.472 0.488 0.026 0.014 
 68 24.0668.E1    (0)    3 :  0.324 0.650 0.017 0.009 
 69 24.0669.E1    (0)    3 :  0.322 0.647 0.020 0.011 
 70 24.0670.E1    (0)    3 :  0.364 0.161 0.444 0.031 
 71 24.0671.E1    (0)    3 :  0.529 0.075 0.361 0.035 
 72 24.0672.E1    (0)    3 :  0.914 0.039 0.019 0.028 
 73 24.0673.E1    (6)    4 :  0.059 0.033 0.094 0.815 
 74 24.0674.E1    (0)    4 :  0.096 0.029 0.030 0.845 
 75 24.0675.E1    (0)    4 :  0.366 0.045 0.351 0.238 
 76 24.0676.E1    (0)    4 :  0.332 0.027 0.556 0.085 
 77 24.0677.E1    (0)    4 :  0.132 0.057 0.684 0.128 
 78 24.0678.E1    (0)    4 :  0.226 0.539 0.039 0.196 
 79 24.0679.E1    (0)    4 :  0.814 0.032 0.086 0.068 
 80 24.0680.E1    (0)    4 :  0.924 0.028 0.017 0.030 
 81 24.0681.E1    (0)    4 :  0.803 0.022 0.020 0.155 
 82 24.0682.E1    (0)    4 :  0.734 0.019 0.027 0.221 
 83 24.0683.E1    (0)    4 :  0.052 0.019 0.021 0.908 
 84 24.0684.E1    (0)    4 :  0.105 0.059 0.023 0.812 
 85 24.0685.E1    (0)    4 :  0.596 0.053 0.023 0.329 
 86 24.0686.E1    (0)    4 :  0.369 0.541 0.029 0.060 
 87 24.0687.E1    (0)    4 :  0.276 0.619 0.033 0.072 
 88 24.0688.E1    (0)    4 :  0.800 0.018 0.015 0.166 
 89 24.0689.E1    (0)    4 :  0.201 0.050 0.538 0.211 
 90 24.0690.E1    (0)    4 :  0.504 0.425 0.020 0.052 
 91 24.0691.E1    (0)    4 :  0.528 0.027 0.055 0.389 
 92 24.0692.E1    (0)    4 :  0.857 0.016 0.051 0.075 
 93 24.0693.E1    (0)    4 :  0.384 0.020 0.136 0.460 
 94 24.0694.E1    (0)    4 :  0.800 0.017 0.018 0.165 
 95 24.0695.E1    (0)    4 :  0.665 0.020 0.066 0.250 
 96 24.0696.E1    (0)    4 :  0.612 0.043 0.029 0.315 
 97 24.0697.E1    (0)    5 :  0.643 0.075 0.050 0.232 
 98 24.0698.E1    (0)    5 :  0.148 0.340 0.142 0.371 
 99 24.0699.E1    (0)    5 :  0.251 0.486 0.178 0.085 
100 24.0700.E1    (0)    5 :  0.929 0.031 0.020 0.020 
101 24.0701.E1    (0)    5 :  0.290 0.637 0.033 0.041 
102 24.0702.E1    (0)    5 :  0.794 0.120 0.022 0.064 
103 24.0703.E1    (0)    5 :  0.214 0.642 0.098 0.047 
104 24.0704.E1    (6)    5 :  0.200 0.601 0.112 0.087 
105 24.0705.E1    (0)    5 :  0.854 0.035 0.015 0.096 
106 24.0706.E1    (0)    5 :  0.941 0.019 0.022 0.019 
107 24.0707.E1    (0)    5 :  0.800 0.117 0.017 0.066 
108 24.0708.E1    (0)    5 :  0.035 0.513 0.308 0.144 
109 24.0709.E1    (0)    5 :  0.702 0.028 0.235 0.035 
110 24.0710.E1    (0)    5 :  0.169 0.265 0.138 0.429 
111 24.0711.E1    (0)    5 :  0.485 0.333 0.032 0.150 
112 24.0712.E1    (0)    5 :  0.289 0.661 0.016 0.034 
113 24.0713.E1    (0)    5 :  0.891 0.022 0.060 0.027 
114 24.0714.E1    (0)    5 :  0.699 0.149 0.087 0.065 
115 24.0715.E1    (0)    5 :  0.158 0.039 0.033 0.770 
116 24.0716.E1    (0)    5 :  0.246 0.542 0.118 0.094 
117 24.0717.E1    (0)    5 :  0.377 0.170 0.210 0.243 
118 24.0718.E1    (0)    5 :  0.906 0.055 0.013 0.026 
119 24.0719.E1    (0)    5 :  0.861 0.077 0.039 0.023 
120 24.0720.E1    (0)    5 :  0.887 0.035 0.053 0.025 
121 24.0721.E1    (0)    6 :  0.169 0.057 0.082 0.693 
122 24.0722.E1    (0)    6 :  0.037 0.275 0.016 0.672 
123 24.0723.E1    (0)    6 :  0.036 0.391 0.129 0.444 
124 24.0724.E1    (0)    6 :  0.039 0.058 0.100 0.803 
125 24.0725.E1    (0)    6 :  0.068 0.066 0.065 0.801 
126 24.0726.E1    (6)    6 :  0.171 0.023 0.020 0.786 
127 24.0727.E1    (0)    6 :  0.032 0.035 0.038 0.894 
128 24.0728.E1    (0)    6 :  0.044 0.094 0.042 0.821 
129 24.0729.E1    (0)    6 :  0.122 0.038 0.043 0.796 
130 24.0730.E1    (0)    6 :  0.196 0.082 0.157 0.565 
131 24.0731.E1    (0)    6 :  0.312 0.016 0.019 0.653 
132 24.0732.E1    (0)    6 :  0.034 0.018 0.015 0.933 
133 24.0733.E1    (0)    6 :  0.015 0.012 0.012 0.961 
134 24.0734.E1    (0)    6 :  0.028 0.020 0.015 0.937 
135 24.0735.E1    (0)    6 :  0.034 0.048 0.038 0.880 
136 24.0736.E1    (0)    6 :  0.015 0.017 0.015 0.954 
137 24.0737.E1    (0)    6 :  0.116 0.300 0.036 0.548 
138 24.0738.E1    (0)    6 :  0.032 0.021 0.024 0.923 
139 24.0739.E1    (0)    6 :  0.170 0.075 0.030 0.725 
140 24.0740.E1    (0)    6 :  0.262 0.047 0.066 0.624 
141 24.0741.E1    (0)    6 :  0.047 0.021 0.017 0.914 
142 24.0742.E1    (0)    6 :  0.015 0.016 0.013 0.956 
143 24.0743.E1    (0)    6 :  0.067 0.016 0.064 0.854 
144 24.0744.E1    (0)    6 :  0.194 0.164 0.072 0.570 
145 24.0745.E1    (0)    7 :  0.063 0.028 0.035 0.875 
146 24.0746.E1    (0)    7 :  0.063 0.136 0.027 0.774 
147 24.0747.E1    (0)    7 :  0.110 0.015 0.033 0.842 
148 24.0748.E1    (6)    7 :  0.169 0.018 0.057 0.756 
149 24.0749.E1    (0)    7 :  0.014 0.019 0.012 0.955 
150 24.0750.E1    (0)    7 :  0.239 0.037 0.038 0.686 
151 24.0751.E1    (0)    7 :  0.013 0.017 0.011 0.959 
152 24.0752.E1    (0)    7 :  0.010 0.014 0.010 0.965 
153 24.0753.E1    (0)    7 :  0.015 0.087 0.012 0.886 
154 24.0754.E1    (0)    7 :  0.018 0.013 0.015 0.954 
155 24.0755.E1    (0)    7 :  0.081 0.030 0.056 0.833 
156 24.0756.E1    (0)    7 :  0.013 0.013 0.026 0.947 
157 24.0757.E1    (0)    7 :  0.012 0.011 0.009 0.968 
158 24.0758.E1    (0)    7 :  0.012 0.012 0.010 0.966 
159 24.0759.E1    (0)    7 :  0.017 0.013 0.014 0.956 
160 24.0760.E1    (0)    7 :  0.048 0.208 0.015 0.729 
161 24.0761.E1    (0)    7 :  0.011 0.021 0.011 0.957 
162 24.0762.E1    (0)    7 :  0.546 0.093 0.095 0.265 
163 24.0763.E1    (0)    7 :  0.013 0.011 0.012 0.964 
164 24.0764.E1    (0)    7 :  0.012 0.013 0.010 0.965 
165 24.0765.E1    (0)    7 :  0.018 0.034 0.016 0.932 
166 24.0766.E1    (0)    7 :  0.012 0.011 0.012 0.965 
167 24.0767.E1    (0)    7 :  0.011 0.009 0.011 0.969 
168 24.0768.E1    (0)    7 :  0.133 0.021 0.057 0.789 
169 24.0779.E1    (0)    8 :  0.796 0.061 0.036 0.106 
170 24.0780.E1    (6)    8 :  0.636 0.021 0.330 0.013 
171 24.0781.E1    (0)    8 :  0.946 0.015 0.025 0.013 
172 24.0782.E1    (0)    8 :  0.299 0.104 0.069 0.528 
173 24.0783.E1    (0)    8 :  0.764 0.031 0.189 0.016 
174 24.0784.E1    (0)    8 :  0.882 0.030 0.073 0.015 
175 24.0785.E1    (0)    8 :  0.640 0.027 0.319 0.014 
176 24.0786.E1    (0)    8 :  0.761 0.022 0.173 0.044 
177 24.0787.E1    (0)    8 :  0.867 0.055 0.032 0.045 
178 24.0788.E1    (0)    8 :  0.798 0.023 0.162 0.017 
179 24.0789.E1    (0)    8 :  0.479 0.144 0.290 0.087 
180 24.0790.E1    (0)    8 :  0.919 0.019 0.052 0.010 
181 24.0791.E1    (0)    8 :  0.931 0.033 0.019 0.016 
182 24.0792.E1    (0)    8 :  0.811 0.016 0.132 0.040 
183 24.0793.E1    (0)    9 :  0.023 0.684 0.273 0.019 
184 24.0794.E1    (0)    9 :  0.178 0.032 0.584 0.206 
185 24.0795.E1    (0)    9 :  0.092 0.517 0.163 0.228 
186 24.0796.E1    (0)    9 :  0.104 0.021 0.861 0.015 
187 24.0797.E1    (0)    9 :  0.070 0.264 0.654 0.013 
188 24.0798.E1    (0)    9 :  0.228 0.514 0.210 0.048 
189 24.0799.E1    (0)    9 :  0.037 0.597 0.343 0.023 
190 24.0800.E1    (0)    9 :  0.074 0.031 0.870 0.025 
191 24.0801.E1    (0)    9 :  0.232 0.620 0.132 0.016 
192 24.0802.E1    (0)    9 :  0.038 0.702 0.244 0.016 
193 24.0803.E1    (0)    9 :  0.027 0.819 0.139 0.015 
194 24.0804.E1    (0)    9 :  0.017 0.345 0.626 0.012 
195 24.0805.E1    (0)    9 :  0.598 0.197 0.174 0.032 
196 24.0806.E1    (0)    9 :  0.020 0.896 0.067 0.017 
197 24.0807.E1    (0)    9 :  0.035 0.561 0.391 0.013 
198 24.0808.E1    (0)    9 :  0.475 0.043 0.461 0.021 
199 24.0809.E1    (0)    9 :  0.409 0.062 0.466 0.064 
200 24.0810.E1    (0)    9 :  0.042 0.530 0.349 0.079 
201 24.0811.E1    (0)    9 :  0.032 0.233 0.708 0.027 
202 24.0812.E1    (0)    9 :  0.164 0.054 0.749 0.032 
203 24.0813.E1    (0)    9 :  0.400 0.354 0.227 0.019 
204 24.0814.E1    (6)    9 :  0.062 0.151 0.775 0.012 
205 24.0815.E1    (0)    9 :  0.139 0.637 0.207 0.016 
206 24.0816.E1    (0)    9 :  0.035 0.676 0.278 0.012 
207 24.0817.E1    (0)   10 :  0.026 0.023 0.932 0.019 
208 24.0818.E1    (0)   10 :  0.042 0.037 0.870 0.051 
209 24.0819.E1    (0)   10 :  0.076 0.465 0.386 0.073 
210 24.0820.E1    (0)   10 :  0.017 0.031 0.803 0.149 
211 24.0821.E1    (0)   10 :  0.312 0.188 0.481 0.019 
212 24.0822.E1    (0)   10 :  0.024 0.011 0.941 0.024 
213 24.0823.E1    (0)   10 :  0.017 0.028 0.906 0.048 
214 24.0824.E1    (0)   10 :  0.153 0.348 0.467 0.032 
215 24.0825.E1    (0)   10 :  0.022 0.014 0.947 0.016 
216 24.0826.E1    (0)   10 :  0.025 0.028 0.873 0.074 
217 24.0827.E1    (0)   10 :  0.025 0.033 0.920 0.022 
218 24.0828.E1    (0)   10 :  0.035 0.028 0.913 0.024 
219 24.0829.E1    (0)   10 :  0.018 0.019 0.944 0.019 
220 24.0830.E1    (0)   10 :  0.133 0.018 0.839 0.011 
221 24.0831.E1    (0)   10 :  0.266 0.016 0.709 0.010 
222 24.0832.E1    (0)   10 :  0.014 0.009 0.966 0.012 
223 24.0833.E1    (0)   10 :  0.016 0.009 0.965 0.010 
224 24.0834.E1    (0)   10 :  0.019 0.012 0.952 0.017 
225 24.0835.E1    (0)   10 :  0.022 0.025 0.938 0.015 
226 24.0836.E1    (0)   10 :  0.046 0.022 0.903 0.028 
227 24.0837.E1    (0)   10 :  0.028 0.012 0.945 0.015 
228 24.0838.E1    (0)   10 :  0.034 0.012 0.934 0.020 
229 24.0839.E1    (0)   10 :  0.091 0.104 0.709 0.096 
230 24.0840.E1    (0)   10 :  0.017 0.100 0.864 0.019 
231 24.0841.E1    (0)   11 :  0.019 0.011 0.926 0.045 
232 24.0842.E1    (0)   11 :  0.046 0.087 0.837 0.030 
233 24.0843.E1    (0)   11 :  0.076 0.127 0.777 0.020 
234 24.0844.E1    (0)   11 :  0.174 0.201 0.597 0.028 
235 24.0845.E1    (0)   11 :  0.080 0.018 0.889 0.013 
236 24.0846.E1    (0)   11 :  0.030 0.032 0.917 0.021 
237 24.0847.E1    (0)   11 :  0.046 0.022 0.887 0.046 
238 24.0848.E1    (0)   11 :  0.055 0.018 0.914 0.012 
239 24.0849.E1    (0)   11 :  0.013 0.012 0.959 0.015 
240 24.0850.E1    (0)   11 :  0.013 0.012 0.959 0.015 
241 24.0851.E1    (0)   11 :  0.013 0.012 0.960 0.015 
242 24.0852.E1    (0)   11 :  0.042 0.012 0.921 0.025 
243 24.0853.E1    (0)   11 :  0.014 0.014 0.959 0.014 
244 24.0854.E1    (0)   11 :  0.271 0.401 0.308 0.020 
245 24.0855.E1    (0)   11 :  0.014 0.014 0.956 0.015 
246 24.0856.E1    (0)   11 :  0.070 0.735 0.098 0.097 
247 24.0857.E1    (0)   11 :  0.034 0.037 0.900 0.030 
248 24.0858.E1    (0)   11 :  0.039 0.026 0.906 0.030 
249 24.0859.E1    (0)   11 :  0.019 0.038 0.879 0.065 
250 24.0860.E1    (0)   11 :  0.025 0.683 0.258 0.034 
251 24.0861.E1    (0)   11 :  0.014 0.013 0.956 0.017 
252 24.0862.E1    (0)   11 :  0.063 0.531 0.381 0.025 
253 24.0863.E1    (0)   11 :  0.014 0.013 0.956 0.017 
254 24.0864.E1    (0)   11 :  0.696 0.019 0.176 0.109 
255 24.0865.E1    (0)   12 :  0.188 0.032 0.497 0.283 
256 24.0866.E1    (0)   12 :  0.223 0.055 0.570 0.152 
257 24.0867.E1    (0)   12 :  0.278 0.070 0.376 0.275 
258 24.0868.E1    (0)   12 :  0.847 0.042 0.074 0.037 
259 24.0869.E1    (0)   12 :  0.753 0.039 0.176 0.032 
260 24.0870.E1    (0)   12 :  0.711 0.154 0.052 0.082 
261 24.0871.E1    (0)   12 :  0.728 0.125 0.072 0.075 
262 24.0872.E1    (0)   12 :  0.674 0.023 0.132 0.171 
263 24.0873.E1    (0)   12 :  0.722 0.031 0.180 0.066 
264 24.0874.E1    (0)   12 :  0.192 0.044 0.511 0.253 
265 24.0875.E1    (0)   12 :  0.911 0.043 0.025 0.021 
266 24.0876.E1    (0)   12 :  0.835 0.031 0.012 0.122 
267 24.0877.E1    (0)   12 :  0.025 0.018 0.020 0.937 
268 24.0878.E1    (0)   12 :  0.309 0.022 0.133 0.536 
269 24.0879.E1    (0)   12 :  0.294 0.279 0.018 0.409 
270 24.0880.E1    (0)   12 :  0.537 0.038 0.389 0.036 
271 24.0881.E1    (0)   12 :  0.017 0.038 0.031 0.914 
272 24.0882.E1    (0)   12 :  0.014 0.013 0.012 0.961 
273 24.0883.E1    (0)   12 :  0.135 0.150 0.022 0.693 
274 24.0884.E1    (0)   12 :  0.068 0.017 0.025 0.891 
275 24.0885.E1    (0)   12 :  0.644 0.030 0.021 0.304 
276 24.0886.E1    (0)   12 :  0.340 0.030 0.019 0.611 
277 24.0887.E1    (0)   12 :  0.050 0.120 0.012 0.818 
278 24.0888.E1    (0)   12 :  0.944 0.022 0.020 0.015 


Estimated Allele Frequencies in each cluster
First column gives estimated ancestral frequencies


Locus 1 : 
31 alleles
0.0% missing data
 115   (0.040) 0.049 0.010 0.008 0.090 
 117   (0.035) 0.025 0.009 0.005 0.205 
 119   (0.040) 0.013 0.124 0.004 0.275 
 131   (0.020) 0.008 0.002 0.003 0.024 
 128   (0.035) 0.045 0.006 0.023 0.011 
 135   (0.016) 0.007 0.002 0.002 0.030 
 126   (0.070) 0.074 0.034 0.168 0.054 
 122   (0.025) 0.013 0.123 0.006 0.003 
 132   (0.032) 0.025 0.008 0.027 0.007 
 141   (0.012) 0.003 0.005 0.001 0.003 
 130   (0.052) 0.086 0.038 0.021 0.014 
 134   (0.037) 0.025 0.066 0.038 0.003 
 145   (0.026) 0.016 0.012 0.020 0.008 
 127   (0.024) 0.007 0.018 0.002 0.083 
 116   (0.112) 0.194 0.156 0.191 0.030 
 114   (0.044) 0.030 0.078 0.146 0.005 
 120   (0.037) 0.050 0.068 0.004 0.006 
 110   (0.047) 0.031 0.037 0.046 0.029 
 133   (0.017) 0.005 0.007 0.001 0.007 
 118   (0.110) 0.215 0.166 0.229 0.023 
 125   (0.015) 0.005 0.005 0.008 0.001 
 129   (0.020) 0.010 0.003 0.001 0.029 
 124   (0.019) 0.014 0.007 0.002 0.003 
 136   (0.024) 0.021 0.003 0.032 0.002 
 121   (0.014) 0.003 0.001 0.001 0.030 
 139   (0.012) 0.004 0.002 0.001 0.005 
 113   (0.012) 0.002 0.001 0.001 0.006 
 111   (0.012) 0.002 0.001 0.001 0.006 
 143   (0.013) 0.002 0.002 0.001 0.006 
 140   (0.016) 0.012 0.004 0.002 0.001 
 112   (0.012) 0.003 0.001 0.006 0.001 

Locus 2 : 
18 alleles
0.0% missing data
 152   (0.360) 0.385 0.467 0.313 0.673 
 148   (0.071) 0.067 0.119 0.006 0.117 
 154   (0.114) 0.111 0.157 0.134 0.054 
 156   (0.017) 0.005 0.007 0.003 0.005 
 150   (0.025) 0.006 0.031 0.001 0.023 
 164   (0.074) 0.065 0.030 0.081 0.058 
 158   (0.031) 0.018 0.053 0.004 0.010 
 160   (0.020) 0.012 0.003 0.001 0.009 
 166   (0.020) 0.013 0.019 0.002 0.002 
 151   (0.075) 0.130 0.041 0.312 0.006 
 147   (0.068) 0.111 0.044 0.120 0.006 
 168   (0.023) 0.020 0.007 0.006 0.002 
 153   (0.017) 0.011 0.004 0.003 0.002 
 149   (0.023) 0.020 0.005 0.001 0.006 
 162   (0.020) 0.007 0.008 0.010 0.003 
 167   (0.014) 0.003 0.002 0.001 0.012 
 146   (0.013) 0.003 0.001 0.001 0.012 
 172   (0.015) 0.014 0.002 0.001 0.001 

Locus 3 : 
4 alleles
0.0% missing data
 128   (0.296) 0.281 0.266 0.351 0.316 
 126   (0.613) 0.668 0.653 0.562 0.652 
 132   (0.075) 0.046 0.067 0.086 0.031 
 134   (0.016) 0.005 0.014 0.001 0.001 

Locus 4 : 
3 alleles
0.0% missing data
 170   (0.310) 0.282 0.351 0.326 0.284 
 172   (0.676) 0.713 0.645 0.673 0.713 
 171   (0.014) 0.004 0.004 0.001 0.002 

Locus 5 : 
37 alleles
0.0% missing data
 125   (0.050) 0.037 0.071 0.071 0.049 
 110   (0.033) 0.018 0.026 0.068 0.014 
 129   (0.039) 0.046 0.017 0.049 0.022 
 113   (0.038) 0.060 0.034 0.034 0.008 
 145   (0.052) 0.081 0.016 0.028 0.168 
 155   (0.048) 0.030 0.140 0.040 0.071 
 117   (0.030) 0.045 0.010 0.003 0.043 
 124   (0.011) 0.003 0.002 0.001 0.011 
 133   (0.030) 0.050 0.006 0.003 0.051 
 157   (0.055) 0.082 0.066 0.044 0.023 
 141   (0.016) 0.023 0.002 0.003 0.002 
 112   (0.060) 0.041 0.118 0.128 0.120 
 121   (0.021) 0.011 0.018 0.024 0.003 
 114   (0.038) 0.032 0.010 0.049 0.119 
 153   (0.056) 0.072 0.090 0.088 0.023 
 127   (0.061) 0.093 0.034 0.128 0.082 
 131   (0.054) 0.035 0.150 0.051 0.105 
 135   (0.029) 0.039 0.008 0.047 0.005 
 104   (0.010) 0.004 0.004 0.001 0.002 
 118   (0.018) 0.014 0.012 0.001 0.006 
 116   (0.027) 0.021 0.039 0.009 0.007 
 137   (0.021) 0.010 0.079 0.002 0.008 
 123   (0.021) 0.008 0.009 0.052 0.005 
 149   (0.010) 0.006 0.001 0.002 0.001 
 138   (0.015) 0.028 0.002 0.004 0.001 
 143   (0.028) 0.012 0.006 0.039 0.029 
 163   (0.010) 0.004 0.006 0.001 0.001 
 109   (0.011) 0.012 0.001 0.001 0.002 
 139   (0.011) 0.007 0.002 0.001 0.001 
 106   (0.010) 0.007 0.002 0.001 0.001 
 144   (0.015) 0.023 0.003 0.002 0.001 
 122   (0.011) 0.002 0.001 0.001 0.012 
 100   (0.016) 0.014 0.008 0.016 0.001 
 111   (0.013) 0.019 0.001 0.001 0.001 
 233   (0.010) 0.004 0.003 0.003 0.001 
 134   (0.011) 0.004 0.001 0.004 0.001 
 140   (0.010) 0.007 0.001 0.001 0.001 

Locus 6 : 
17 alleles
0.0% missing data
 221   (0.019) 0.005 0.004 0.002 0.103 
 232   (0.236) 0.274 0.236 0.425 0.292 
 229   (0.053) 0.022 0.047 0.048 0.068 
 223   (0.060) 0.041 0.035 0.057 0.054 
 230   (0.155) 0.200 0.122 0.136 0.201 
 235   (0.019) 0.005 0.009 0.002 0.029 
 236   (0.041) 0.036 0.023 0.005 0.041 
 227   (0.022) 0.010 0.006 0.002 0.032 
 220   (0.051) 0.040 0.112 0.069 0.004 
 222   (0.043) 0.045 0.167 0.015 0.003 
 234   (0.130) 0.153 0.156 0.107 0.106 
 224   (0.036) 0.030 0.025 0.036 0.003 
 228   (0.060) 0.101 0.034 0.062 0.008 
 225   (0.012) 0.003 0.006 0.001 0.002 
 226   (0.020) 0.005 0.013 0.030 0.002 
 233   (0.025) 0.015 0.003 0.002 0.042 
 231   (0.018) 0.017 0.002 0.001 0.010 

Locus 7 : 
10 alleles
0.0% missing data
 121   (0.689) 0.808 0.771 0.760 0.809 
 129   (0.074) 0.047 0.024 0.129 0.087 
 130   (0.016) 0.003 0.013 0.002 0.003 
 123   (0.099) 0.070 0.123 0.098 0.060 
 128   (0.022) 0.006 0.021 0.001 0.010 
 131   (0.016) 0.003 0.016 0.002 0.002 
 117   (0.013) 0.008 0.001 0.001 0.001 
 125   (0.015) 0.006 0.012 0.001 0.001 
 134   (0.040) 0.044 0.016 0.006 0.016 
 132   (0.015) 0.004 0.002 0.001 0.011 

Locus 8 : 
19 alleles
0.0% missing data
 184   (0.296) 0.390 0.477 0.336 0.437 
 194   (0.047) 0.049 0.027 0.009 0.033 
 178   (0.092) 0.061 0.110 0.194 0.121 
 176   (0.077) 0.101 0.020 0.057 0.123 
 182   (0.081) 0.069 0.059 0.073 0.115 
 190   (0.032) 0.007 0.045 0.013 0.020 
 196   (0.020) 0.011 0.002 0.037 0.002 
 200   (0.029) 0.015 0.026 0.002 0.016 
 180   (0.023) 0.010 0.055 0.004 0.004 
 188   (0.039) 0.041 0.009 0.041 0.011 
 174   (0.041) 0.047 0.024 0.003 0.029 
 186   (0.119) 0.160 0.103 0.178 0.076 
 192   (0.026) 0.007 0.013 0.038 0.006 
 201   (0.012) 0.003 0.008 0.001 0.001 
 199   (0.017) 0.008 0.015 0.004 0.001 
 185   (0.013) 0.005 0.001 0.003 0.001 
 203   (0.012) 0.007 0.001 0.002 0.001 
 198   (0.012) 0.006 0.002 0.003 0.001 
 209   (0.012) 0.004 0.003 0.004 0.001 

Locus 9 : 
6 alleles
0.4% missing data
 154   (0.686) 0.737 0.746 0.811 0.686 
 156   (0.211) 0.210 0.231 0.095 0.250 
 152   (0.046) 0.026 0.007 0.085 0.032 
 153   (0.016) 0.008 0.006 0.004 0.002 
 160   (0.017) 0.007 0.007 0.004 0.001 
 164   (0.024) 0.012 0.003 0.001 0.029 

Locus 10 : 
29 alleles
0.7% missing data
 305   (0.059) 0.042 0.186 0.012 0.049 
 313   (0.050) 0.039 0.015 0.024 0.071 
 311   (0.016) 0.007 0.002 0.002 0.008 
 299   (0.079) 0.043 0.085 0.201 0.160 
 315   (0.072) 0.089 0.043 0.013 0.089 
 287   (0.041) 0.063 0.161 0.016 0.011 
 291   (0.097) 0.154 0.029 0.315 0.061 
 295   (0.037) 0.067 0.005 0.003 0.043 
 289   (0.019) 0.005 0.058 0.009 0.002 
 303   (0.071) 0.044 0.029 0.164 0.237 
 297   (0.033) 0.007 0.008 0.057 0.093 
 293   (0.022) 0.049 0.009 0.002 0.002 
 301   (0.058) 0.071 0.065 0.011 0.033 
 285   (0.020) 0.005 0.196 0.004 0.002 
 307   (0.054) 0.035 0.021 0.049 0.105 
 312   (0.050) 0.092 0.024 0.049 0.005 
 306   (0.023) 0.045 0.003 0.004 0.003 
 320   (0.014) 0.013 0.001 0.001 0.001 
 317   (0.022) 0.019 0.003 0.026 0.005 
 314   (0.026) 0.022 0.007 0.002 0.010 
 323   (0.013) 0.008 0.001 0.001 0.001 
 325   (0.012) 0.008 0.001 0.001 0.001 
 310   (0.020) 0.016 0.002 0.012 0.001 
 309   (0.015) 0.013 0.002 0.001 0.001 
 316   (0.020) 0.016 0.002 0.006 0.002 
 296   (0.012) 0.007 0.001 0.001 0.001 
 304   (0.017) 0.004 0.028 0.005 0.001 
 321   (0.016) 0.008 0.008 0.003 0.001 
 332   (0.014) 0.010 0.003 0.004 0.001 

Locus 11 : 
19 alleles
0.0% missing data
 114   (0.142) 0.175 0.185 0.017 0.234 
 126   (0.020) 0.004 0.006 0.001 0.033 
 111   (0.085) 0.036 0.147 0.551 0.040 
 116   (0.097) 0.080 0.087 0.019 0.188 
 132   (0.013) 0.003 0.002 0.001 0.006 
 109   (0.018) 0.005 0.003 0.002 0.020 
 128   (0.018) 0.010 0.002 0.004 0.003 
 112   (0.336) 0.510 0.434 0.071 0.422 
 122   (0.017) 0.010 0.005 0.002 0.003 
 124   (0.013) 0.003 0.009 0.001 0.002 
 118   (0.051) 0.034 0.041 0.024 0.026 
 127   (0.015) 0.008 0.002 0.001 0.001 
 113   (0.044) 0.031 0.026 0.258 0.003 
 115   (0.036) 0.037 0.029 0.004 0.010 
 120   (0.024) 0.013 0.003 0.029 0.002 
 117   (0.023) 0.010 0.010 0.007 0.003 
 125   (0.018) 0.019 0.002 0.002 0.001 
 119   (0.017) 0.007 0.005 0.007 0.001 
 136   (0.014) 0.005 0.004 0.001 0.003 

Locus 12 : 
28 alleles
0.7% missing data
 306   (0.055) 0.027 0.207 0.015 0.047 
 314   (0.051) 0.028 0.012 0.069 0.063 
 312   (0.015) 0.003 0.001 0.001 0.013 
 300   (0.088) 0.045 0.087 0.200 0.167 
 316   (0.037) 0.009 0.027 0.010 0.085 
 288   (0.042) 0.059 0.160 0.016 0.010 
 292   (0.105) 0.157 0.031 0.317 0.062 
 296   (0.040) 0.073 0.005 0.004 0.043 
 290   (0.020) 0.006 0.058 0.009 0.002 
 304   (0.077) 0.045 0.030 0.163 0.239 
 298   (0.034) 0.008 0.008 0.057 0.094 
 294   (0.024) 0.049 0.010 0.002 0.002 
 302   (0.064) 0.072 0.065 0.011 0.034 
 286   (0.022) 0.005 0.205 0.004 0.002 
 308   (0.035) 0.015 0.019 0.002 0.096 
 313   (0.041) 0.105 0.024 0.004 0.004 
 307   (0.043) 0.063 0.005 0.056 0.010 
 321   (0.015) 0.014 0.002 0.001 0.001 
 315   (0.045) 0.100 0.018 0.004 0.012 
 318   (0.018) 0.015 0.002 0.026 0.002 
 324   (0.013) 0.008 0.001 0.001 0.001 
 326   (0.014) 0.008 0.001 0.001 0.001 
 311   (0.025) 0.027 0.003 0.019 0.003 
 310   (0.015) 0.013 0.002 0.001 0.001 
 305   (0.018) 0.018 0.003 0.002 0.002 
 317   (0.015) 0.014 0.002 0.001 0.001 
 320   (0.014) 0.006 0.003 0.002 0.001 
 322   (0.017) 0.008 0.008 0.003 0.001 

Locus 13 : 
7 alleles
1.1% missing data
 161   (0.571) 0.634 0.300 0.440 0.796 
 163   (0.306) 0.328 0.274 0.489 0.122 
 160   (0.026) 0.010 0.204 0.002 0.003 
 162   (0.022) 0.005 0.210 0.001 0.002 
 165   (0.043) 0.016 0.008 0.066 0.040 
 166   (0.015) 0.005 0.002 0.001 0.004 
 164   (0.017) 0.003 0.002 0.001 0.031 

Locus 14 : 
4 alleles
0.4% missing data
  98   (0.956) 0.981 0.995 0.997 0.986 
 100   (0.014) 0.007 0.002 0.001 0.001 
  96   (0.016) 0.004 0.002 0.001 0.012 
 105   (0.014) 0.008 0.001 0.001 0.001 

Locus 15 : 
12 alleles
2.2% missing data
 171   (0.287) 0.314 0.273 0.334 0.311 
 177   (0.187) 0.223 0.269 0.108 0.118 
 173   (0.259) 0.306 0.199 0.492 0.190 
 179   (0.095) 0.045 0.218 0.032 0.285 
 183   (0.021) 0.006 0.006 0.004 0.018 
 181   (0.045) 0.031 0.006 0.021 0.052 
 197   (0.025) 0.019 0.003 0.002 0.016 
 170   (0.015) 0.014 0.002 0.001 0.001 
 189   (0.016) 0.007 0.013 0.001 0.001 
 203   (0.017) 0.018 0.002 0.001 0.004 
 187   (0.018) 0.011 0.006 0.001 0.001 
 198   (0.014) 0.006 0.003 0.002 0.001 

Values of parameters used in structure:
DATAFILE=STRUCTURE_main_final_278_HEG_ZG.str,	OUTFILE=STRUCTURE_main_final_278_HEG_ZG-K4-13,	NUMINDS=278,	NUMLOCI=15,	MISSING=-9,	LABEL=1,	POPDATA=1,	POPFLAG=0,	PHENOTYPE=0,	EXTRACOLS=0,	MAXPOPS=4,	BURNIN=100000,	NUMREPS=500000,	USEPOPINFO=0,	INFERALPHA=1,	INFERLAMBDA=0,	POPSPECIFICLAMBDA=0,	POPALPHAS=0,	COMPUTEPROB=1,	NOADMIX=0,	ADMBURNIN=2500,	UPDATEFREQ=1,	PRINTLIKES=0,	INTERMEDSAVE=0,	PRINTKLD=0,	PRINTNET=0,	PRINTLAMBDA=0,	ANCESTDIST=0,	NUMBOXES=1000,	ANCESTPINT=0.90000,	GENSBACK=2,	MIGRPRIOR=0.05000,	PRINTQHAT=0,	PRINTQSUM=0,	ALPHA=1.0000,	FREQSCORR=1,	FPRIORMEAN=0.0100,	FPRIORSD=0.0500,	ONEFST=0,	LAMBDA=1.0000,	UNIFPRIORALPHA=1,	ALPHAMAX=10.0000,	ALPHAPRIORA=1.0000,	ALPHAPRIORB=2.0000,	ALPHAPROPSD=0.0250,	STARTATPOPINFO=0,	RANDOMIZE=1,	LINKAGE=0,	METROFREQ=10,	REPORTHITRATE=0,	MARKOVPHASE=-1,	PHASED=0,	PLOIDY=2,	PHASEINFO=0	LOCPRIOR=0, 	LOCPRIORINIT=1.000000, 	LOCDATA=0, 	LOCISPOP=0, 	LOCPRIORSTEP=0.100000, 	MAXLOCPRIOR=20.000000, 	SEED=1782480296,	
[STRAT parameters]:    NUMSIMSTATS=1000,	PHENOTYPECOL=-9,	POOLFREQ=10,	LOCUSxONLY=0,	EMERROR=0.00100,	MISSINGPHENO=-9,	