

----------------------------------------------------
STRUCTURE by Pritchard, Stephens and Donnelly (2000)
     and Falush, Stephens and Pritchard (2003)
       Code by Pritchard, Falush and Hubisz
             Version 2.3.4 (Jul 2012)
----------------------------------------------------



Command line arguments:   structure -K 8 -i STRUCTURE_main_final_278_HEG_ZG.str -o STRUCTURE_main_final_278_HEG_ZG-K8-11 
Input File:    STRUCTURE_main_final_278_HEG_ZG.str

Run parameters:
   278 individuals
   15 loci
   8 populations assumed
   100000 Burn-in period
   500000 Reps


--------------------------------------------
Proportion of membership of each pre-defined
 population in each of the 8 clusters

Given    Inferred Clusters                                          Number of
 Pop       1      2      3      4      5      6      7      8      Individuals

  1:     0.068  0.065  0.020  0.103  0.013  0.037  0.628  0.067       24
  2:     0.073  0.056  0.026  0.036  0.686  0.043  0.028  0.052       24
  3:     0.016  0.235  0.334  0.064  0.024  0.262  0.034  0.032       24
  4:     0.046  0.048  0.177  0.069  0.028  0.038  0.065  0.530       24
  5:     0.054  0.116  0.500  0.053  0.039  0.022  0.030  0.186       24
  6:     0.216  0.027  0.074  0.025  0.040  0.036  0.435  0.147       24
  7:     0.746  0.025  0.026  0.027  0.026  0.010  0.069  0.072       24
  8:     0.014  0.047  0.668  0.082  0.016  0.050  0.027  0.097       14
  9:     0.010  0.228  0.057  0.267  0.164  0.172  0.066  0.037       24
 10:     0.027  0.077  0.037  0.567  0.010  0.246  0.017  0.018       24
 11:     0.014  0.133  0.036  0.298  0.024  0.426  0.033  0.036       24
 12:     0.123  0.077  0.101  0.122  0.019  0.060  0.270  0.228       24
--------------------------------------------

Allele-freq. divergence among pops (Net nucleotide distance),
computed using point estimates of P.

      1       2       3       4       5       6       7       8      
 1      -    0.0929  0.0792  0.1228  0.1105  0.0979  0.0679  0.0639  
 2   0.0929     -    0.0468  0.0669  0.0958  0.0764  0.0525  0.0498  
 3   0.0792  0.0468     -    0.0520  0.0677  0.0600  0.0332  0.0318  
 4   0.1228  0.0669  0.0520     -    0.1108  0.0596  0.0561  0.0528  
 5   0.1105  0.0958  0.0677  0.1108     -    0.1236  0.0708  0.0781  
 6   0.0979  0.0764  0.0600  0.0596  0.1236     -    0.0741  0.0833  
 7   0.0679  0.0525  0.0332  0.0561  0.0708  0.0741     -    0.0310  
 8   0.0639  0.0498  0.0318  0.0528  0.0781  0.0833  0.0310     -    

Average distances (expected heterozygosity) between individuals in same cluster:
cluster  1  : 0.5463 
cluster  2  : 0.6231 
cluster  3  : 0.6308 
cluster  4  : 0.6026 
cluster  5  : 0.6026 
cluster  6  : 0.5839 
cluster  7  : 0.6198 
cluster  8  : 0.6135 

--------------------------------------------
Estimated Ln Prob of Data   = -12492.2
Mean value of ln likelihood = -11866.7
Variance of ln likelihood   = 1251.0
Mean value of alpha         = 0.0625

Mean value of Fst_1         = 0.2028
Mean value of Fst_2         = 0.1231
Mean value of Fst_3         = 0.0604
Mean value of Fst_4         = 0.1405
Mean value of Fst_5         = 0.2055
Mean value of Fst_6         = 0.1850
Mean value of Fst_7         = 0.0872
Mean value of Fst_8         = 0.1003


Inferred ancestry of individuals:
        Label (%Miss) Pop:  Inferred clusters
  1 24.0601.E1    (0)    1 :  0.015 0.013 0.008 0.008 0.011 0.011 0.919 0.014 
  2 24.0602.E1    (0)    1 :  0.011 0.019 0.013 0.013 0.006 0.018 0.908 0.011 
  3 24.0603.E1    (0)    1 :  0.028 0.009 0.057 0.008 0.007 0.012 0.841 0.039 
  4 24.0604.E1    (0)    1 :  0.007 0.210 0.006 0.063 0.009 0.007 0.525 0.172 
  5 24.0605.E1    (0)    1 :  0.039 0.013 0.016 0.010 0.009 0.015 0.853 0.045 
  6 24.0606.E1    (0)    1 :  0.023 0.009 0.017 0.026 0.014 0.010 0.750 0.150 
  7 24.0607.E1    (0)    1 :  0.249 0.421 0.069 0.016 0.011 0.023 0.191 0.020 
  8 24.0608.E1    (0)    1 :  0.114 0.009 0.010 0.033 0.004 0.112 0.708 0.010 
  9 24.0609.E1    (0)    1 :  0.007 0.018 0.029 0.520 0.005 0.020 0.182 0.218 
 10 24.0610.E1    (0)    1 :  0.011 0.006 0.022 0.447 0.006 0.011 0.416 0.081 
 11 24.0611.E1    (0)    1 :  0.007 0.008 0.011 0.064 0.008 0.008 0.859 0.035 
 12 24.0612.E1    (0)    1 :  0.018 0.017 0.014 0.009 0.009 0.005 0.917 0.010 
 13 24.0613.E1    (0)    1 :  0.007 0.007 0.008 0.055 0.008 0.006 0.851 0.058 
 14 24.0614.E1    (0)    1 :  0.265 0.014 0.012 0.039 0.011 0.354 0.287 0.018 
 15 24.0615.E1    (0)    1 :  0.056 0.042 0.015 0.147 0.015 0.051 0.658 0.015 
 16 24.0616.E1    (0)    1 :  0.007 0.013 0.010 0.014 0.015 0.007 0.921 0.014 
 17 24.0617.E1    (0)    1 :  0.024 0.010 0.016 0.647 0.028 0.012 0.245 0.018 
 18 24.0618.E1    (0)    1 :  0.006 0.009 0.051 0.101 0.016 0.030 0.742 0.045 
 19 24.0619.E1    (0)    1 :  0.006 0.276 0.010 0.020 0.018 0.009 0.411 0.249 
 20 24.0620.E1   (20)    1 :  0.674 0.030 0.027 0.061 0.015 0.013 0.050 0.129 
 21 24.0621.E1    (0)    1 :  0.007 0.360 0.014 0.099 0.006 0.114 0.201 0.199 
 22 24.0622.E1    (0)    1 :  0.013 0.007 0.019 0.012 0.020 0.007 0.904 0.019 
 23 24.0623.E1    (0)    1 :  0.023 0.028 0.024 0.037 0.064 0.018 0.782 0.024 
 24 24.0624.E1    (0)    1 :  0.008 0.006 0.009 0.013 0.007 0.007 0.941 0.008 
 25 24.0625.E1    (0)    2 :  0.086 0.022 0.027 0.011 0.589 0.200 0.022 0.043 
 26 24.0626.E1    (0)    2 :  0.071 0.005 0.005 0.004 0.785 0.118 0.006 0.005 
 27 24.0627.E1    (0)    2 :  0.038 0.433 0.009 0.007 0.436 0.010 0.009 0.057 
 28 24.0628.E1    (0)    2 :  0.243 0.009 0.018 0.216 0.307 0.076 0.036 0.095 
 29 24.0629.E1    (0)    2 :  0.008 0.012 0.039 0.014 0.788 0.011 0.116 0.013 
 30 24.0630.E1    (0)    2 :  0.167 0.009 0.007 0.006 0.747 0.042 0.007 0.015 
 31 24.0631.E1    (0)    2 :  0.006 0.005 0.006 0.004 0.962 0.004 0.009 0.005 
 32 24.0632.E1    (0)    2 :  0.054 0.013 0.015 0.009 0.877 0.007 0.010 0.015 
 33 24.0633.E1    (0)    2 :  0.069 0.009 0.039 0.010 0.414 0.403 0.019 0.038 
 34 24.0634.E1    (0)    2 :  0.009 0.010 0.012 0.012 0.916 0.016 0.013 0.012 
 35 24.0635.E1    (0)    2 :  0.041 0.029 0.202 0.052 0.541 0.041 0.042 0.052 
 36 24.0636.E1   (33)    2 :  0.698 0.022 0.028 0.014 0.049 0.010 0.036 0.144 
 37 24.0637.E1    (0)    2 :  0.009 0.006 0.007 0.004 0.958 0.004 0.006 0.006 
 38 24.0638.E1    (0)    2 :  0.006 0.017 0.076 0.008 0.807 0.009 0.013 0.065 
 39 24.0639.E1    (0)    2 :  0.023 0.044 0.030 0.064 0.730 0.017 0.080 0.012 
 40 24.0640.E1    (0)    2 :  0.010 0.006 0.009 0.008 0.939 0.006 0.012 0.008 
 41 24.0641.E1    (0)    2 :  0.025 0.344 0.029 0.012 0.387 0.023 0.080 0.100 
 42 24.0642.E1    (0)    2 :  0.048 0.009 0.010 0.006 0.537 0.006 0.083 0.301 
 43 24.0643.E1    (0)    2 :  0.086 0.293 0.024 0.012 0.546 0.008 0.012 0.020 
 44 24.0644.E1    (0)    2 :  0.007 0.010 0.008 0.125 0.796 0.008 0.012 0.034 
 45 24.0645.E1    (0)    2 :  0.020 0.008 0.006 0.138 0.641 0.005 0.011 0.170 
 46 24.0646.E1    (0)    2 :  0.007 0.010 0.008 0.124 0.796 0.008 0.013 0.035 
 47 24.0647.E1    (0)    2 :  0.009 0.005 0.007 0.004 0.959 0.004 0.006 0.006 
 48 24.0648.E1    (0)    2 :  0.009 0.005 0.007 0.004 0.959 0.004 0.006 0.006 
 49 24.0649.E1    (0)    3 :  0.004 0.011 0.919 0.022 0.009 0.018 0.007 0.009 
 50 24.0650.E1    (0)    3 :  0.005 0.011 0.022 0.091 0.006 0.487 0.025 0.354 
 51 24.0651.E1    (0)    3 :  0.018 0.035 0.531 0.017 0.303 0.062 0.010 0.025 
 52 24.0652.E1    (0)    3 :  0.006 0.027 0.059 0.008 0.006 0.840 0.042 0.012 
 53 24.0653.E1    (0)    3 :  0.007 0.876 0.052 0.023 0.007 0.015 0.007 0.012 
 54 24.0654.E1    (0)    3 :  0.006 0.013 0.350 0.029 0.013 0.567 0.010 0.012 
 55 24.0655.E1    (0)    3 :  0.010 0.011 0.654 0.030 0.025 0.168 0.080 0.020 
 56 24.0656.E1    (0)    3 :  0.024 0.018 0.029 0.018 0.009 0.857 0.013 0.033 
 57 24.0657.E1    (0)    3 :  0.023 0.018 0.035 0.018 0.009 0.849 0.014 0.034 
 58 24.0658.E1    (0)    3 :  0.008 0.036 0.634 0.255 0.009 0.010 0.022 0.026 
 59 24.0659.E1    (0)    3 :  0.005 0.275 0.160 0.068 0.022 0.366 0.080 0.024 
 60 24.0660.E1    (6)    3 :  0.008 0.015 0.892 0.009 0.017 0.013 0.028 0.019 
 61 24.0661.E1    (0)    3 :  0.013 0.011 0.016 0.008 0.007 0.927 0.009 0.008 
 62 24.0662.E1    (0)    3 :  0.017 0.068 0.291 0.053 0.054 0.210 0.288 0.019 
 63 24.0663.E1    (0)    3 :  0.006 0.009 0.060 0.749 0.012 0.123 0.007 0.035 
 64 24.0664.E1    (0)    3 :  0.040 0.017 0.625 0.018 0.008 0.270 0.008 0.014 
 65 24.0665.E1    (0)    3 :  0.130 0.038 0.479 0.008 0.008 0.303 0.008 0.026 
 66 24.0666.E1    (0)    3 :  0.006 0.922 0.013 0.012 0.008 0.012 0.011 0.015 
 67 24.0667.E1    (0)    3 :  0.006 0.912 0.035 0.007 0.005 0.010 0.015 0.009 
 68 24.0668.E1    (0)    3 :  0.004 0.961 0.007 0.006 0.006 0.005 0.005 0.005 
 69 24.0669.E1    (0)    3 :  0.005 0.960 0.007 0.007 0.005 0.005 0.005 0.006 
 70 24.0670.E1    (0)    3 :  0.006 0.019 0.878 0.029 0.005 0.044 0.013 0.005 
 71 24.0671.E1    (0)    3 :  0.010 0.012 0.794 0.041 0.013 0.101 0.010 0.019 
 72 24.0672.E1    (0)    3 :  0.007 0.354 0.466 0.019 0.008 0.013 0.104 0.029 
 73 24.0673.E1    (6)    4 :  0.159 0.010 0.025 0.012 0.027 0.447 0.107 0.214 
 74 24.0674.E1    (0)    4 :  0.034 0.006 0.009 0.013 0.009 0.010 0.020 0.899 
 75 24.0675.E1    (0)    4 :  0.038 0.013 0.035 0.176 0.034 0.077 0.036 0.591 
 76 24.0676.E1    (0)    4 :  0.024 0.009 0.040 0.471 0.010 0.019 0.014 0.413 
 77 24.0677.E1    (0)    4 :  0.014 0.036 0.787 0.034 0.005 0.053 0.039 0.031 
 78 24.0678.E1    (0)    4 :  0.014 0.139 0.263 0.011 0.043 0.022 0.462 0.045 
 79 24.0679.E1    (0)    4 :  0.009 0.047 0.249 0.168 0.014 0.036 0.120 0.358 
 80 24.0680.E1    (0)    4 :  0.013 0.186 0.466 0.012 0.018 0.021 0.072 0.211 
 81 24.0681.E1    (0)    4 :  0.025 0.017 0.246 0.012 0.013 0.016 0.061 0.609 
 82 24.0682.E1    (0)    4 :  0.006 0.006 0.006 0.027 0.005 0.003 0.006 0.941 
 83 24.0683.E1    (0)    4 :  0.113 0.010 0.008 0.006 0.007 0.010 0.020 0.824 
 84 24.0684.E1    (0)    4 :  0.036 0.016 0.040 0.028 0.020 0.009 0.078 0.774 
 85 24.0685.E1    (0)    4 :  0.020 0.035 0.012 0.014 0.009 0.007 0.018 0.884 
 86 24.0686.E1    (0)    4 :  0.016 0.015 0.665 0.019 0.105 0.009 0.125 0.047 
 87 24.0687.E1    (0)    4 :  0.018 0.010 0.529 0.030 0.211 0.012 0.108 0.083 
 88 24.0688.E1    (0)    4 :  0.007 0.006 0.014 0.010 0.008 0.006 0.008 0.940 
 89 24.0689.E1    (0)    4 :  0.037 0.012 0.305 0.338 0.017 0.042 0.035 0.213 
 90 24.0690.E1    (0)    4 :  0.039 0.498 0.258 0.008 0.054 0.030 0.039 0.073 
 91 24.0691.E1    (0)    4 :  0.009 0.008 0.018 0.050 0.009 0.006 0.038 0.863 
 92 24.0692.E1    (0)    4 :  0.010 0.010 0.118 0.044 0.006 0.007 0.007 0.799 
 93 24.0693.E1    (0)    4 :  0.422 0.015 0.112 0.068 0.009 0.055 0.015 0.303 
 94 24.0694.E1    (0)    4 :  0.011 0.015 0.013 0.013 0.007 0.006 0.013 0.921 
 95 24.0695.E1    (0)    4 :  0.009 0.019 0.013 0.072 0.007 0.009 0.078 0.793 
 96 24.0696.E1    (0)    4 :  0.009 0.013 0.017 0.018 0.014 0.007 0.031 0.891 
 97 24.0697.E1    (0)    5 :  0.102 0.011 0.655 0.018 0.012 0.013 0.008 0.181 
 98 24.0698.E1    (0)    5 :  0.112 0.050 0.685 0.033 0.021 0.017 0.026 0.057 
 99 24.0699.E1    (0)    5 :  0.011 0.023 0.906 0.007 0.014 0.010 0.021 0.008 
100 24.0700.E1    (0)    5 :  0.009 0.010 0.922 0.009 0.007 0.011 0.009 0.023 
101 24.0701.E1    (0)    5 :  0.041 0.888 0.018 0.013 0.010 0.009 0.009 0.011 
102 24.0702.E1    (0)    5 :  0.037 0.037 0.851 0.010 0.015 0.009 0.014 0.027 
103 24.0703.E1    (0)    5 :  0.008 0.024 0.783 0.010 0.146 0.008 0.013 0.009 
104 24.0704.E1    (6)    5 :  0.012 0.186 0.727 0.012 0.019 0.009 0.019 0.016 
105 24.0705.E1    (0)    5 :  0.010 0.041 0.076 0.016 0.011 0.009 0.026 0.810 
106 24.0706.E1    (0)    5 :  0.015 0.037 0.815 0.017 0.009 0.017 0.009 0.080 
107 24.0707.E1    (0)    5 :  0.020 0.021 0.808 0.008 0.024 0.012 0.040 0.066 
108 24.0708.E1    (0)    5 :  0.032 0.031 0.062 0.244 0.294 0.132 0.105 0.100 
109 24.0709.E1    (0)    5 :  0.010 0.016 0.026 0.360 0.012 0.015 0.014 0.546 
110 24.0710.E1    (0)    5 :  0.049 0.089 0.448 0.044 0.010 0.022 0.055 0.282 
111 24.0711.E1    (0)    5 :  0.023 0.067 0.666 0.013 0.069 0.009 0.085 0.067 
112 24.0712.E1    (0)    5 :  0.021 0.761 0.079 0.010 0.047 0.008 0.030 0.044 
113 24.0713.E1    (0)    5 :  0.023 0.019 0.332 0.148 0.010 0.011 0.012 0.445 
114 24.0714.E1    (0)    5 :  0.012 0.024 0.804 0.019 0.020 0.018 0.043 0.061 
115 24.0715.E1    (0)    5 :  0.438 0.019 0.329 0.016 0.008 0.038 0.039 0.111 
116 24.0716.E1    (0)    5 :  0.018 0.333 0.437 0.051 0.057 0.012 0.066 0.026 
117 24.0717.E1    (0)    5 :  0.262 0.022 0.447 0.034 0.065 0.115 0.019 0.036 
118 24.0718.E1    (0)    5 :  0.014 0.031 0.706 0.011 0.021 0.007 0.030 0.181 
119 24.0719.E1    (0)    5 :  0.010 0.030 0.058 0.099 0.021 0.009 0.009 0.764 
120 24.0720.E1    (0)    5 :  0.008 0.016 0.351 0.061 0.013 0.010 0.019 0.523 
121 24.0721.E1    (0)    6 :  0.495 0.017 0.137 0.033 0.027 0.125 0.015 0.150 
122 24.0722.E1    (0)    6 :  0.485 0.045 0.055 0.017 0.214 0.012 0.031 0.140 
123 24.0723.E1    (0)    6 :  0.201 0.011 0.028 0.021 0.369 0.314 0.032 0.023 
124 24.0724.E1    (0)    6 :  0.097 0.015 0.031 0.107 0.032 0.070 0.182 0.464 
125 24.0725.E1    (0)    6 :  0.010 0.008 0.013 0.009 0.010 0.020 0.913 0.017 
126 24.0726.E1    (6)    6 :  0.091 0.010 0.020 0.010 0.011 0.013 0.626 0.219 
127 24.0727.E1    (0)    6 :  0.418 0.035 0.041 0.018 0.016 0.077 0.354 0.040 
128 24.0728.E1    (0)    6 :  0.182 0.013 0.310 0.017 0.034 0.028 0.392 0.024 
129 24.0729.E1    (0)    6 :  0.042 0.033 0.016 0.068 0.016 0.007 0.638 0.181 
130 24.0730.E1    (0)    6 :  0.050 0.018 0.730 0.027 0.012 0.018 0.071 0.074 
131 24.0731.E1    (0)    6 :  0.071 0.006 0.012 0.010 0.015 0.024 0.204 0.658 
132 24.0732.E1    (0)    6 :  0.720 0.011 0.019 0.006 0.010 0.020 0.060 0.154 
133 24.0733.E1    (0)    6 :  0.025 0.005 0.006 0.008 0.006 0.005 0.934 0.012 
134 24.0734.E1    (0)    6 :  0.785 0.012 0.096 0.010 0.019 0.013 0.049 0.017 
135 24.0735.E1    (0)    6 :  0.185 0.013 0.053 0.022 0.045 0.013 0.644 0.025 
136 24.0736.E1    (0)    6 :  0.046 0.007 0.011 0.008 0.009 0.008 0.901 0.011 
137 24.0737.E1    (0)    6 :  0.009 0.009 0.023 0.010 0.028 0.013 0.891 0.018 
138 24.0738.E1    (0)    6 :  0.032 0.012 0.019 0.007 0.011 0.012 0.893 0.014 
139 24.0739.E1    (0)    6 :  0.007 0.008 0.026 0.009 0.015 0.011 0.908 0.017 
140 24.0740.E1    (0)    6 :  0.014 0.016 0.017 0.053 0.017 0.007 0.531 0.344 
141 24.0741.E1    (0)    6 :  0.337 0.008 0.045 0.011 0.015 0.012 0.305 0.267 
142 24.0742.E1    (0)    6 :  0.673 0.010 0.015 0.009 0.013 0.012 0.220 0.047 
143 24.0743.E1    (0)    6 :  0.040 0.027 0.015 0.031 0.006 0.017 0.370 0.494 
144 24.0744.E1    (0)    6 :  0.158 0.311 0.029 0.083 0.014 0.019 0.264 0.123 
145 24.0745.E1    (0)    7 :  0.884 0.035 0.016 0.011 0.005 0.014 0.006 0.028 
146 24.0746.E1    (0)    7 :  0.606 0.040 0.067 0.020 0.095 0.009 0.087 0.076 
147 24.0747.E1    (0)    7 :  0.658 0.013 0.013 0.093 0.008 0.009 0.025 0.182 
148 24.0748.E1    (6)    7 :  0.570 0.014 0.013 0.114 0.008 0.017 0.028 0.237 
149 24.0749.E1    (0)    7 :  0.701 0.010 0.009 0.008 0.009 0.007 0.243 0.012 
150 24.0750.E1    (0)    7 :  0.256 0.036 0.086 0.027 0.016 0.016 0.280 0.282 
151 24.0751.E1    (0)    7 :  0.951 0.007 0.006 0.005 0.007 0.006 0.010 0.007 
152 24.0752.E1    (0)    7 :  0.890 0.007 0.013 0.008 0.007 0.011 0.051 0.013 
153 24.0753.E1    (0)    7 :  0.518 0.012 0.010 0.007 0.103 0.015 0.319 0.016 
154 24.0754.E1    (0)    7 :  0.885 0.008 0.010 0.008 0.016 0.008 0.031 0.033 
155 24.0755.E1    (0)    7 :  0.719 0.013 0.029 0.107 0.015 0.007 0.016 0.094 
156 24.0756.E1    (0)    7 :  0.919 0.011 0.006 0.014 0.009 0.015 0.015 0.012 
157 24.0757.E1    (0)    7 :  0.968 0.005 0.005 0.004 0.005 0.004 0.005 0.005 
158 24.0758.E1    (0)    7 :  0.967 0.005 0.005 0.004 0.005 0.004 0.005 0.006 
159 24.0759.E1    (0)    7 :  0.919 0.011 0.011 0.006 0.007 0.012 0.024 0.010 
160 24.0760.E1    (0)    7 :  0.635 0.012 0.065 0.008 0.222 0.008 0.015 0.035 
161 24.0761.E1    (0)    7 :  0.954 0.005 0.006 0.006 0.010 0.006 0.008 0.006 
162 24.0762.E1    (0)    7 :  0.071 0.291 0.178 0.111 0.010 0.019 0.190 0.131 
163 24.0763.E1    (0)    7 :  0.947 0.005 0.006 0.005 0.005 0.006 0.009 0.016 
164 24.0764.E1    (0)    7 :  0.945 0.006 0.009 0.006 0.008 0.005 0.015 0.007 
165 24.0765.E1    (0)    7 :  0.891 0.010 0.010 0.013 0.026 0.014 0.009 0.027 
166 24.0766.E1    (0)    7 :  0.942 0.007 0.008 0.006 0.007 0.009 0.011 0.010 
167 24.0767.E1    (0)    7 :  0.960 0.004 0.005 0.005 0.005 0.006 0.005 0.010 
168 24.0768.E1    (0)    7 :  0.149 0.032 0.033 0.047 0.007 0.023 0.244 0.467 
169 24.0779.E1    (0)    8 :  0.055 0.020 0.802 0.012 0.007 0.017 0.022 0.065 
170 24.0780.E1    (6)    8 :  0.005 0.009 0.705 0.172 0.007 0.059 0.010 0.032 
171 24.0781.E1    (0)    8 :  0.007 0.006 0.950 0.009 0.006 0.008 0.005 0.010 
172 24.0782.E1    (0)    8 :  0.032 0.012 0.203 0.025 0.060 0.039 0.148 0.481 
173 24.0783.E1    (0)    8 :  0.008 0.047 0.366 0.319 0.015 0.061 0.012 0.172 
174 24.0784.E1    (0)    8 :  0.005 0.006 0.860 0.062 0.007 0.011 0.011 0.039 
175 24.0785.E1    (0)    8 :  0.005 0.016 0.856 0.039 0.005 0.057 0.007 0.014 
176 24.0786.E1    (0)    8 :  0.013 0.013 0.603 0.215 0.009 0.022 0.028 0.097 
177 24.0787.E1    (0)    8 :  0.014 0.008 0.887 0.013 0.037 0.012 0.013 0.015 
178 24.0788.E1    (0)    8 :  0.008 0.009 0.703 0.185 0.020 0.027 0.007 0.040 
179 24.0789.E1    (0)    8 :  0.008 0.009 0.849 0.049 0.027 0.015 0.032 0.011 
180 24.0790.E1    (0)    8 :  0.005 0.009 0.928 0.018 0.009 0.018 0.005 0.007 
181 24.0791.E1    (0)    8 :  0.009 0.467 0.175 0.016 0.006 0.017 0.063 0.247 
182 24.0792.E1    (0)    8 :  0.026 0.027 0.458 0.009 0.005 0.334 0.016 0.125 
183 24.0793.E1    (0)    9 :  0.008 0.042 0.102 0.224 0.343 0.224 0.044 0.012 
184 24.0794.E1    (0)    9 :  0.009 0.009 0.017 0.041 0.009 0.411 0.496 0.008 
185 24.0795.E1    (0)    9 :  0.010 0.012 0.043 0.108 0.158 0.080 0.560 0.029 
186 24.0796.E1    (0)    9 :  0.007 0.011 0.127 0.330 0.010 0.453 0.053 0.010 
187 24.0797.E1    (0)    9 :  0.005 0.021 0.242 0.311 0.069 0.309 0.031 0.011 
188 24.0798.E1    (0)    9 :  0.032 0.483 0.027 0.056 0.184 0.179 0.012 0.027 
189 24.0799.E1    (0)    9 :  0.009 0.709 0.020 0.189 0.014 0.020 0.029 0.010 
190 24.0800.E1    (0)    9 :  0.010 0.292 0.021 0.558 0.007 0.028 0.023 0.062 
191 24.0801.E1    (0)    9 :  0.006 0.889 0.012 0.028 0.010 0.026 0.006 0.024 
192 24.0802.E1    (0)    9 :  0.007 0.012 0.026 0.238 0.468 0.216 0.020 0.013 
193 24.0803.E1    (0)    9 :  0.007 0.736 0.020 0.019 0.136 0.051 0.023 0.009 
194 24.0804.E1    (0)    9 :  0.005 0.009 0.018 0.572 0.271 0.102 0.014 0.008 
195 24.0805.E1    (0)    9 :  0.011 0.503 0.016 0.372 0.010 0.011 0.014 0.063 
196 24.0806.E1    (0)    9 :  0.015 0.065 0.022 0.108 0.624 0.115 0.038 0.013 
197 24.0807.E1    (0)    9 :  0.005 0.014 0.026 0.082 0.328 0.521 0.015 0.009 
198 24.0808.E1    (0)    9 :  0.008 0.119 0.178 0.399 0.015 0.082 0.017 0.182 
199 24.0809.E1    (0)    9 :  0.016 0.378 0.010 0.451 0.007 0.010 0.023 0.104 
200 24.0810.E1    (0)    9 :  0.015 0.610 0.018 0.048 0.041 0.169 0.015 0.085 
201 24.0811.E1    (0)    9 :  0.007 0.006 0.029 0.102 0.207 0.585 0.057 0.008 
202 24.0812.E1    (0)    9 :  0.008 0.016 0.107 0.745 0.011 0.042 0.050 0.021 
203 24.0813.E1    (0)    9 :  0.010 0.022 0.216 0.313 0.262 0.040 0.012 0.124 
204 24.0814.E1    (6)    9 :  0.006 0.086 0.016 0.730 0.088 0.040 0.010 0.025 
205 24.0815.E1    (0)    9 :  0.008 0.363 0.011 0.291 0.282 0.017 0.006 0.021 
206 24.0816.E1    (0)    9 :  0.006 0.076 0.046 0.083 0.377 0.395 0.012 0.006 
207 24.0817.E1    (0)   10 :  0.007 0.014 0.033 0.784 0.007 0.109 0.031 0.015 
208 24.0818.E1    (0)   10 :  0.011 0.021 0.128 0.483 0.011 0.293 0.044 0.010 
209 24.0819.E1    (0)   10 :  0.095 0.586 0.009 0.014 0.009 0.266 0.010 0.011 
210 24.0820.E1    (0)   10 :  0.203 0.021 0.009 0.033 0.011 0.707 0.009 0.007 
211 24.0821.E1    (0)   10 :  0.008 0.378 0.211 0.116 0.012 0.234 0.017 0.023 
212 24.0822.E1    (0)   10 :  0.025 0.011 0.043 0.872 0.005 0.026 0.008 0.010 
213 24.0823.E1    (0)   10 :  0.076 0.029 0.009 0.400 0.011 0.450 0.011 0.014 
214 24.0824.E1    (0)   10 :  0.010 0.475 0.007 0.447 0.007 0.012 0.008 0.034 
215 24.0825.E1    (0)   10 :  0.007 0.006 0.006 0.952 0.006 0.007 0.006 0.011 
216 24.0826.E1    (0)   10 :  0.072 0.028 0.015 0.029 0.015 0.823 0.008 0.011 
217 24.0827.E1    (0)   10 :  0.005 0.009 0.022 0.425 0.011 0.459 0.058 0.012 
218 24.0828.E1    (0)   10 :  0.024 0.065 0.024 0.103 0.013 0.745 0.009 0.017 
219 24.0829.E1    (0)   10 :  0.014 0.022 0.010 0.691 0.007 0.229 0.008 0.019 
220 24.0830.E1    (0)   10 :  0.005 0.017 0.051 0.536 0.007 0.350 0.009 0.025 
221 24.0831.E1    (0)   10 :  0.006 0.028 0.131 0.530 0.007 0.239 0.007 0.053 
222 24.0832.E1    (0)   10 :  0.005 0.005 0.008 0.932 0.004 0.026 0.011 0.008 
223 24.0833.E1    (0)   10 :  0.005 0.005 0.006 0.954 0.004 0.012 0.005 0.008 
224 24.0834.E1    (0)   10 :  0.009 0.008 0.010 0.888 0.008 0.054 0.013 0.011 
225 24.0835.E1    (0)   10 :  0.005 0.016 0.012 0.919 0.008 0.015 0.017 0.009 
226 24.0836.E1    (0)   10 :  0.013 0.024 0.013 0.897 0.006 0.010 0.014 0.023 
227 24.0837.E1    (0)   10 :  0.008 0.017 0.014 0.859 0.005 0.073 0.009 0.014 
228 24.0838.E1    (0)   10 :  0.010 0.007 0.025 0.884 0.005 0.034 0.006 0.029 
229 24.0839.E1    (0)   10 :  0.025 0.045 0.079 0.416 0.020 0.305 0.053 0.057 
230 24.0840.E1    (0)   10 :  0.005 0.016 0.020 0.450 0.037 0.431 0.028 0.012 
231 24.0841.E1    (0)   11 :  0.021 0.006 0.015 0.115 0.005 0.811 0.012 0.015 
232 24.0842.E1    (0)   11 :  0.015 0.238 0.019 0.103 0.004 0.595 0.015 0.010 
233 24.0843.E1    (0)   11 :  0.016 0.267 0.023 0.053 0.009 0.614 0.007 0.010 
234 24.0844.E1    (0)   11 :  0.009 0.564 0.039 0.221 0.007 0.105 0.033 0.022 
235 24.0845.E1    (0)   11 :  0.007 0.019 0.151 0.495 0.007 0.275 0.012 0.033 
236 24.0846.E1    (0)   11 :  0.008 0.017 0.018 0.884 0.009 0.036 0.015 0.013 
237 24.0847.E1    (0)   11 :  0.016 0.025 0.010 0.833 0.008 0.017 0.029 0.061 
238 24.0848.E1    (0)   11 :  0.005 0.032 0.051 0.848 0.005 0.018 0.013 0.027 
239 24.0849.E1    (0)   11 :  0.006 0.008 0.007 0.013 0.005 0.946 0.009 0.006 
240 24.0850.E1    (0)   11 :  0.006 0.008 0.007 0.013 0.005 0.946 0.009 0.006 
241 24.0851.E1    (0)   11 :  0.006 0.008 0.008 0.013 0.004 0.946 0.009 0.006 
242 24.0852.E1    (0)   11 :  0.015 0.009 0.038 0.089 0.006 0.821 0.009 0.012 
243 24.0853.E1    (0)   11 :  0.012 0.007 0.008 0.380 0.007 0.568 0.007 0.012 
244 24.0854.E1    (0)   11 :  0.008 0.717 0.007 0.016 0.006 0.228 0.009 0.009 
245 24.0855.E1    (0)   11 :  0.012 0.016 0.012 0.776 0.006 0.153 0.008 0.016 
246 24.0856.E1    (0)   11 :  0.040 0.388 0.102 0.045 0.197 0.052 0.160 0.017 
247 24.0857.E1    (0)   11 :  0.011 0.045 0.018 0.856 0.011 0.018 0.020 0.021 
248 24.0858.E1    (0)   11 :  0.016 0.049 0.070 0.760 0.007 0.064 0.018 0.017 
249 24.0859.E1    (0)   11 :  0.039 0.024 0.014 0.023 0.011 0.862 0.016 0.010 
250 24.0860.E1    (0)   11 :  0.035 0.606 0.072 0.090 0.034 0.089 0.061 0.012 
251 24.0861.E1    (0)   11 :  0.007 0.007 0.010 0.019 0.005 0.939 0.007 0.006 
252 24.0862.E1    (0)   11 :  0.009 0.090 0.112 0.290 0.196 0.105 0.179 0.018 
253 24.0863.E1    (0)   11 :  0.007 0.007 0.010 0.020 0.005 0.939 0.007 0.006 
254 24.0864.E1    (0)   11 :  0.009 0.025 0.040 0.201 0.008 0.075 0.136 0.506 
255 24.0865.E1    (0)   12 :  0.121 0.009 0.027 0.043 0.020 0.685 0.047 0.047 
256 24.0866.E1    (0)   12 :  0.027 0.089 0.164 0.453 0.007 0.016 0.027 0.217 
257 24.0867.E1    (0)   12 :  0.203 0.019 0.014 0.225 0.018 0.097 0.012 0.413 
258 24.0868.E1    (0)   12 :  0.027 0.031 0.331 0.227 0.024 0.009 0.014 0.336 
259 24.0869.E1    (0)   12 :  0.008 0.012 0.038 0.288 0.037 0.011 0.009 0.597 
260 24.0870.E1    (0)   12 :  0.029 0.024 0.292 0.189 0.103 0.011 0.164 0.188 
261 24.0871.E1    (0)   12 :  0.009 0.039 0.148 0.026 0.058 0.083 0.088 0.549 
262 24.0872.E1    (0)   12 :  0.227 0.065 0.118 0.036 0.009 0.201 0.016 0.329 
263 24.0873.E1    (0)   12 :  0.030 0.036 0.028 0.258 0.021 0.037 0.019 0.570 
264 24.0874.E1    (0)   12 :  0.254 0.045 0.015 0.297 0.008 0.097 0.009 0.275 
265 24.0875.E1    (0)   12 :  0.017 0.404 0.095 0.017 0.012 0.012 0.034 0.409 
266 24.0876.E1    (0)   12 :  0.020 0.233 0.040 0.009 0.010 0.008 0.097 0.584 
267 24.0877.E1    (0)   12 :  0.066 0.017 0.029 0.007 0.008 0.008 0.824 0.041 
268 24.0878.E1    (0)   12 :  0.014 0.015 0.023 0.104 0.009 0.012 0.707 0.116 
269 24.0879.E1    (0)   12 :  0.006 0.189 0.017 0.009 0.013 0.009 0.726 0.031 
270 24.0880.E1    (0)   12 :  0.016 0.051 0.060 0.622 0.014 0.015 0.043 0.180 
271 24.0881.E1    (0)   12 :  0.014 0.008 0.008 0.006 0.010 0.008 0.929 0.018 
272 24.0882.E1    (0)   12 :  0.669 0.013 0.022 0.011 0.009 0.012 0.237 0.028 
273 24.0883.E1    (0)   12 :  0.243 0.219 0.011 0.010 0.010 0.037 0.361 0.109 
274 24.0884.E1    (0)   12 :  0.045 0.011 0.012 0.006 0.009 0.019 0.869 0.030 
275 24.0885.E1    (0)   12 :  0.010 0.023 0.041 0.030 0.014 0.007 0.743 0.132 
276 24.0886.E1    (0)   12 :  0.215 0.082 0.014 0.009 0.005 0.038 0.428 0.208 
277 24.0887.E1    (0)   12 :  0.683 0.188 0.008 0.007 0.010 0.009 0.057 0.039 
278 24.0888.E1    (0)   12 :  0.007 0.028 0.864 0.031 0.012 0.011 0.022 0.024 


Estimated Allele Frequencies in each cluster
First column gives estimated ancestral frequencies


Locus 1 : 
31 alleles
0.0% missing data
 115   (0.031) 0.004 0.015 0.007 0.005 0.003 0.005 0.126 0.143 
 117   (0.044) 0.189 0.043 0.009 0.014 0.004 0.004 0.193 0.060 
 119   (0.044) 0.311 0.008 0.008 0.006 0.233 0.004 0.263 0.022 
 131   (0.014) 0.003 0.002 0.002 0.001 0.001 0.002 0.050 0.003 
 128   (0.039) 0.004 0.019 0.033 0.024 0.003 0.007 0.030 0.051 
 135   (0.018) 0.006 0.003 0.003 0.003 0.001 0.003 0.049 0.010 
 126   (0.082) 0.079 0.068 0.074 0.223 0.010 0.060 0.067 0.069 
 122   (0.032) 0.002 0.022 0.038 0.005 0.171 0.006 0.015 0.009 
 132   (0.032) 0.014 0.022 0.022 0.037 0.004 0.012 0.006 0.021 
 141   (0.011) 0.001 0.002 0.002 0.001 0.002 0.001 0.010 0.002 
 130   (0.050) 0.015 0.074 0.068 0.015 0.017 0.045 0.007 0.085 
 134   (0.037) 0.003 0.011 0.025 0.011 0.121 0.070 0.005 0.025 
 145   (0.020) 0.011 0.009 0.004 0.002 0.006 0.080 0.003 0.005 
 127   (0.027) 0.169 0.006 0.006 0.003 0.025 0.002 0.028 0.007 
 116   (0.100) 0.011 0.098 0.242 0.135 0.176 0.279 0.016 0.154 
 114   (0.055) 0.006 0.047 0.042 0.128 0.080 0.182 0.008 0.023 
 120   (0.037) 0.003 0.085 0.063 0.004 0.073 0.003 0.008 0.017 
 110   (0.051) 0.021 0.053 0.029 0.069 0.029 0.020 0.011 0.063 
 133   (0.015) 0.013 0.009 0.003 0.001 0.008 0.001 0.003 0.004 
 118   (0.104) 0.020 0.360 0.262 0.218 0.014 0.192 0.015 0.171 
 125   (0.014) 0.001 0.003 0.006 0.010 0.002 0.006 0.005 0.002 
 129   (0.019) 0.005 0.012 0.007 0.002 0.002 0.002 0.048 0.005 
 124   (0.016) 0.002 0.011 0.014 0.002 0.002 0.004 0.008 0.007 
 136   (0.023) 0.002 0.004 0.006 0.064 0.002 0.005 0.004 0.028 
 121   (0.015) 0.065 0.002 0.003 0.001 0.001 0.001 0.006 0.004 
 139   (0.011) 0.001 0.002 0.002 0.001 0.001 0.001 0.011 0.002 
 113   (0.012) 0.014 0.002 0.002 0.001 0.001 0.001 0.002 0.002 
 111   (0.010) 0.013 0.002 0.002 0.001 0.001 0.001 0.002 0.002 
 143   (0.010) 0.014 0.001 0.002 0.001 0.001 0.001 0.001 0.001 
 140   (0.015) 0.001 0.003 0.015 0.004 0.004 0.001 0.002 0.004 
 112   (0.011) 0.001 0.002 0.002 0.011 0.001 0.002 0.001 0.002 

Locus 2 : 
18 alleles
0.0% missing data
 152   (0.377) 0.793 0.437 0.320 0.290 0.444 0.325 0.644 0.486 
 148   (0.068) 0.022 0.029 0.030 0.008 0.189 0.006 0.139 0.191 
 154   (0.105) 0.035 0.037 0.096 0.225 0.234 0.032 0.046 0.163 
 156   (0.015) 0.001 0.003 0.005 0.002 0.002 0.002 0.017 0.002 
 150   (0.026) 0.049 0.006 0.005 0.002 0.051 0.002 0.009 0.004 
 164   (0.076) 0.014 0.026 0.133 0.043 0.018 0.103 0.068 0.042 
 158   (0.031) 0.007 0.112 0.006 0.004 0.019 0.004 0.010 0.021 
 160   (0.019) 0.020 0.003 0.012 0.002 0.002 0.002 0.003 0.009 
 166   (0.022) 0.002 0.012 0.025 0.003 0.014 0.002 0.003 0.006 
 151   (0.073) 0.005 0.122 0.182 0.303 0.006 0.315 0.010 0.013 
 147   (0.064) 0.005 0.161 0.108 0.106 0.007 0.152 0.009 0.025 
 168   (0.024) 0.002 0.013 0.017 0.002 0.002 0.022 0.004 0.009 
 153   (0.016) 0.001 0.003 0.017 0.001 0.001 0.006 0.002 0.002 
 149   (0.025) 0.011 0.027 0.009 0.002 0.002 0.002 0.004 0.019 
 162   (0.019) 0.003 0.003 0.008 0.003 0.006 0.023 0.006 0.003 
 167   (0.014) 0.001 0.002 0.002 0.001 0.001 0.001 0.023 0.002 
 146   (0.013) 0.029 0.002 0.002 0.001 0.001 0.001 0.002 0.002 
 172   (0.013) 0.001 0.002 0.022 0.001 0.001 0.001 0.002 0.002 

Locus 3 : 
4 alleles
0.0% missing data
 128   (0.296) 0.432 0.343 0.216 0.385 0.256 0.318 0.214 0.314 
 126   (0.609) 0.561 0.537 0.746 0.568 0.674 0.550 0.707 0.662 
 132   (0.079) 0.006 0.091 0.035 0.046 0.064 0.131 0.077 0.022 
 134   (0.015) 0.001 0.029 0.003 0.001 0.006 0.001 0.002 0.002 

Locus 4 : 
3 alleles
0.0% missing data
 170   (0.321) 0.287 0.241 0.379 0.387 0.412 0.223 0.322 0.177 
 172   (0.666) 0.710 0.758 0.619 0.609 0.581 0.775 0.676 0.820 
 171   (0.014) 0.003 0.002 0.003 0.004 0.006 0.002 0.002 0.003 

Locus 5 : 
37 alleles
0.0% missing data
 125   (0.057) 0.032 0.098 0.020 0.066 0.048 0.089 0.071 0.043 
 110   (0.034) 0.013 0.047 0.007 0.059 0.027 0.048 0.037 0.011 
 129   (0.033) 0.003 0.008 0.102 0.009 0.003 0.049 0.051 0.007 
 113   (0.031) 0.002 0.007 0.111 0.027 0.008 0.049 0.016 0.013 
 145   (0.054) 0.091 0.053 0.016 0.015 0.005 0.073 0.202 0.160 
 155   (0.050) 0.014 0.031 0.037 0.054 0.207 0.012 0.147 0.032 
 117   (0.031) 0.030 0.005 0.021 0.007 0.008 0.004 0.020 0.117 
 124   (0.010) 0.001 0.001 0.002 0.001 0.001 0.001 0.022 0.002 
 133   (0.033) 0.077 0.013 0.060 0.004 0.003 0.005 0.041 0.025 
 157   (0.046) 0.025 0.102 0.153 0.043 0.018 0.008 0.008 0.039 
 141   (0.014) 0.001 0.003 0.031 0.005 0.001 0.001 0.004 0.006 
 112   (0.071) 0.158 0.023 0.047 0.150 0.166 0.124 0.066 0.092 
 121   (0.023) 0.003 0.011 0.017 0.021 0.021 0.025 0.007 0.004 
 114   (0.035) 0.173 0.006 0.007 0.083 0.007 0.003 0.040 0.123 
 153   (0.051) 0.004 0.275 0.022 0.101 0.009 0.066 0.056 0.042 
 127   (0.067) 0.082 0.032 0.094 0.115 0.018 0.209 0.070 0.061 
 131   (0.056) 0.187 0.131 0.016 0.056 0.215 0.046 0.056 0.024 
 135   (0.033) 0.004 0.051 0.023 0.033 0.005 0.054 0.007 0.034 
 104   (0.010) 0.003 0.002 0.002 0.003 0.006 0.002 0.002 0.003 
 118   (0.017) 0.002 0.006 0.010 0.002 0.011 0.001 0.021 0.008 
 116   (0.025) 0.004 0.015 0.008 0.015 0.046 0.017 0.007 0.034 
 137   (0.021) 0.006 0.010 0.014 0.003 0.143 0.003 0.008 0.008 
 123   (0.023) 0.003 0.019 0.005 0.045 0.007 0.052 0.006 0.010 
 149   (0.009) 0.001 0.001 0.002 0.002 0.001 0.006 0.001 0.007 
 138   (0.013) 0.001 0.002 0.044 0.001 0.001 0.009 0.002 0.002 
 143   (0.026) 0.071 0.008 0.033 0.037 0.003 0.013 0.004 0.004 
 163   (0.011) 0.001 0.002 0.007 0.001 0.003 0.001 0.002 0.002 
 109   (0.010) 0.001 0.001 0.002 0.001 0.001 0.001 0.001 0.027 
 139   (0.010) 0.001 0.002 0.010 0.001 0.001 0.001 0.001 0.002 
 106   (0.010) 0.001 0.002 0.010 0.001 0.001 0.001 0.002 0.002 
 144   (0.014) 0.001 0.009 0.004 0.015 0.001 0.001 0.002 0.028 
 122   (0.011) 0.003 0.002 0.002 0.001 0.001 0.001 0.010 0.012 
 100   (0.018) 0.001 0.007 0.024 0.010 0.003 0.016 0.003 0.007 
 111   (0.012) 0.001 0.002 0.028 0.002 0.001 0.003 0.002 0.003 
 233   (0.009) 0.001 0.008 0.004 0.002 0.001 0.003 0.001 0.001 
 134   (0.011) 0.001 0.002 0.003 0.007 0.001 0.003 0.001 0.002 
 140   (0.010) 0.001 0.002 0.005 0.003 0.001 0.001 0.001 0.005 

Locus 6 : 
17 alleles
0.0% missing data
 221   (0.026) 0.083 0.004 0.004 0.002 0.002 0.002 0.136 0.004 
 232   (0.239) 0.444 0.284 0.312 0.249 0.116 0.652 0.169 0.254 
 229   (0.060) 0.053 0.041 0.012 0.047 0.052 0.039 0.094 0.035 
 223   (0.065) 0.009 0.082 0.045 0.065 0.008 0.009 0.093 0.060 
 230   (0.152) 0.294 0.095 0.212 0.218 0.145 0.047 0.068 0.250 
 235   (0.014) 0.001 0.002 0.002 0.001 0.001 0.001 0.067 0.002 
 236   (0.039) 0.005 0.014 0.017 0.004 0.029 0.028 0.091 0.015 
 227   (0.025) 0.003 0.010 0.011 0.003 0.002 0.002 0.057 0.013 
 220   (0.055) 0.004 0.068 0.019 0.057 0.183 0.092 0.008 0.034 
 222   (0.042) 0.003 0.052 0.038 0.042 0.307 0.004 0.005 0.017 
 234   (0.127) 0.059 0.236 0.103 0.186 0.133 0.015 0.096 0.228 
 224   (0.033) 0.002 0.073 0.032 0.059 0.003 0.003 0.005 0.006 
 228   (0.051) 0.004 0.018 0.177 0.026 0.006 0.074 0.010 0.046 
 225   (0.012) 0.001 0.002 0.002 0.002 0.003 0.001 0.008 0.002 
 226   (0.017) 0.001 0.003 0.003 0.035 0.005 0.029 0.006 0.003 
 233   (0.029) 0.034 0.014 0.005 0.003 0.002 0.002 0.050 0.023 
 231   (0.016) 0.001 0.003 0.003 0.001 0.001 0.001 0.037 0.008 

Locus 7 : 
10 alleles
0.0% missing data
 121   (0.676) 0.741 0.669 0.833 0.830 0.807 0.677 0.875 0.794 
 129   (0.095) 0.101 0.059 0.054 0.081 0.010 0.164 0.074 0.061 
 130   (0.017) 0.003 0.014 0.004 0.002 0.007 0.006 0.004 0.002 
 123   (0.100) 0.101 0.161 0.062 0.072 0.119 0.143 0.030 0.040 
 128   (0.021) 0.022 0.013 0.004 0.002 0.028 0.002 0.004 0.005 
 131   (0.015) 0.002 0.007 0.003 0.003 0.022 0.002 0.003 0.003 
 117   (0.013) 0.001 0.002 0.011 0.001 0.001 0.001 0.002 0.002 
 125   (0.013) 0.001 0.036 0.002 0.001 0.001 0.001 0.002 0.002 
 134   (0.036) 0.007 0.037 0.024 0.005 0.004 0.004 0.006 0.084 
 132   (0.014) 0.020 0.002 0.002 0.002 0.001 0.001 0.002 0.007 

Locus 8 : 
19 alleles
0.0% missing data
 184   (0.295) 0.338 0.542 0.365 0.273 0.474 0.387 0.474 0.466 
 194   (0.048) 0.022 0.017 0.044 0.009 0.016 0.012 0.031 0.083 
 178   (0.096) 0.060 0.027 0.059 0.273 0.176 0.041 0.204 0.084 
 176   (0.078) 0.221 0.082 0.082 0.029 0.010 0.105 0.044 0.081 
 182   (0.079) 0.204 0.052 0.123 0.089 0.025 0.044 0.041 0.044 
 190   (0.032) 0.042 0.026 0.007 0.026 0.062 0.003 0.007 0.005 
 196   (0.023) 0.002 0.003 0.014 0.037 0.002 0.031 0.007 0.005 
 200   (0.029) 0.010 0.028 0.036 0.003 0.006 0.002 0.017 0.006 
 180   (0.025) 0.002 0.067 0.005 0.003 0.063 0.002 0.010 0.003 
 188   (0.037) 0.003 0.007 0.009 0.053 0.005 0.064 0.029 0.032 
 174   (0.038) 0.036 0.037 0.013 0.006 0.014 0.004 0.020 0.083 
 186   (0.117) 0.052 0.049 0.211 0.130 0.116 0.268 0.094 0.084 
 192   (0.027) 0.003 0.015 0.007 0.054 0.011 0.014 0.011 0.004 
 201   (0.012) 0.002 0.008 0.002 0.001 0.009 0.001 0.002 0.002 
 199   (0.019) 0.001 0.021 0.014 0.003 0.006 0.007 0.003 0.003 
 185   (0.011) 0.001 0.002 0.002 0.001 0.001 0.012 0.002 0.002 
 203   (0.011) 0.001 0.002 0.002 0.005 0.001 0.001 0.002 0.008 
 198   (0.011) 0.001 0.003 0.004 0.004 0.001 0.002 0.001 0.004 
 209   (0.011) 0.001 0.012 0.002 0.003 0.001 0.002 0.002 0.002 

Locus 9 : 
6 alleles
0.4% missing data
 154   (0.685) 0.638 0.708 0.757 0.774 0.784 0.877 0.721 0.677 
 156   (0.204) 0.346 0.275 0.177 0.150 0.207 0.030 0.163 0.259 
 152   (0.054) 0.007 0.008 0.022 0.071 0.004 0.085 0.072 0.030 
 153   (0.015) 0.001 0.002 0.017 0.001 0.001 0.005 0.003 0.002 
 160   (0.015) 0.001 0.002 0.022 0.001 0.001 0.001 0.002 0.002 
 164   (0.027) 0.008 0.004 0.005 0.002 0.002 0.002 0.039 0.031 

Locus 10 : 
29 alleles
0.7% missing data
 305   (0.059) 0.007 0.015 0.102 0.011 0.212 0.014 0.145 0.012 
 313   (0.049) 0.005 0.010 0.049 0.019 0.010 0.025 0.149 0.013 
 311   (0.018) 0.002 0.006 0.005 0.002 0.001 0.002 0.016 0.004 
 299   (0.133) 0.035 0.052 0.210 0.137 0.031 0.157 0.269 0.044 
 315   (0.074) 0.095 0.017 0.151 0.015 0.056 0.011 0.088 0.025 
 287   (0.022) 0.002 0.515 0.006 0.002 0.002 0.004 0.009 0.004 
 291   (0.082) 0.014 0.021 0.050 0.544 0.026 0.010 0.080 0.270 
 295   (0.024) 0.002 0.003 0.005 0.002 0.003 0.003 0.031 0.190 
 289   (0.019) 0.002 0.129 0.007 0.002 0.002 0.004 0.003 0.003 
 303   (0.034) 0.535 0.005 0.009 0.003 0.008 0.487 0.007 0.007 
 297   (0.049) 0.084 0.014 0.012 0.040 0.005 0.082 0.018 0.099 
 293   (0.018) 0.001 0.064 0.005 0.001 0.002 0.001 0.017 0.041 
 301   (0.062) 0.008 0.013 0.075 0.009 0.113 0.016 0.063 0.067 
 285   (0.019) 0.002 0.004 0.007 0.003 0.411 0.006 0.003 0.003 
 307   (0.057) 0.186 0.010 0.049 0.071 0.024 0.007 0.010 0.075 
 312   (0.060) 0.005 0.024 0.084 0.060 0.043 0.039 0.009 0.077 
 306   (0.027) 0.002 0.004 0.057 0.015 0.003 0.002 0.011 0.013 
 320   (0.015) 0.001 0.002 0.023 0.001 0.001 0.001 0.002 0.002 
 317   (0.020) 0.001 0.003 0.004 0.002 0.001 0.090 0.014 0.003 
 314   (0.026) 0.002 0.020 0.014 0.002 0.002 0.002 0.033 0.005 
 323   (0.013) 0.001 0.007 0.007 0.001 0.001 0.001 0.003 0.002 
 325   (0.012) 0.001 0.006 0.007 0.001 0.001 0.001 0.003 0.002 
 310   (0.018) 0.001 0.004 0.012 0.023 0.001 0.009 0.003 0.008 
 309   (0.014) 0.001 0.003 0.004 0.003 0.001 0.001 0.002 0.022 
 316   (0.017) 0.001 0.002 0.027 0.004 0.001 0.006 0.003 0.002 
 296   (0.013) 0.001 0.002 0.008 0.001 0.001 0.004 0.002 0.003 
 304   (0.020) 0.001 0.011 0.006 0.006 0.032 0.014 0.003 0.003 
 321   (0.014) 0.001 0.018 0.002 0.010 0.002 0.001 0.002 0.002 
 332   (0.014) 0.001 0.017 0.002 0.010 0.001 0.001 0.002 0.003 

Locus 11 : 
19 alleles
0.0% missing data
 114   (0.150) 0.198 0.049 0.163 0.023 0.279 0.025 0.237 0.255 
 126   (0.020) 0.003 0.003 0.003 0.002 0.011 0.001 0.058 0.006 
 111   (0.094) 0.006 0.244 0.021 0.539 0.026 0.434 0.200 0.019 
 116   (0.108) 0.252 0.142 0.074 0.024 0.023 0.009 0.115 0.143 
 132   (0.013) 0.001 0.002 0.003 0.001 0.001 0.001 0.011 0.002 
 109   (0.017) 0.001 0.002 0.003 0.002 0.001 0.001 0.044 0.003 
 128   (0.018) 0.001 0.003 0.007 0.007 0.002 0.001 0.007 0.010 
 112   (0.322) 0.502 0.272 0.606 0.087 0.604 0.126 0.247 0.441 
 122   (0.016) 0.009 0.003 0.004 0.003 0.005 0.005 0.002 0.008 
 124   (0.014) 0.003 0.002 0.002 0.001 0.016 0.001 0.002 0.002 
 118   (0.047) 0.012 0.091 0.023 0.038 0.010 0.006 0.016 0.058 
 127   (0.014) 0.001 0.002 0.011 0.001 0.001 0.001 0.002 0.002 
 113   (0.044) 0.003 0.045 0.019 0.184 0.007 0.371 0.007 0.009 
 115   (0.033) 0.003 0.104 0.012 0.008 0.003 0.003 0.030 0.011 
 120   (0.021) 0.001 0.003 0.004 0.055 0.002 0.002 0.003 0.016 
 117   (0.022) 0.002 0.015 0.014 0.007 0.002 0.005 0.004 0.004 
 125   (0.019) 0.001 0.010 0.022 0.002 0.002 0.004 0.003 0.006 
 119   (0.016) 0.001 0.003 0.006 0.015 0.004 0.002 0.002 0.003 
 136   (0.013) 0.001 0.005 0.002 0.001 0.001 0.001 0.009 0.002 

Locus 12 : 
28 alleles
0.7% missing data
 306   (0.063) 0.008 0.020 0.071 0.015 0.246 0.021 0.145 0.012 
 314   (0.059) 0.006 0.020 0.042 0.059 0.006 0.051 0.135 0.009 
 312   (0.015) 0.001 0.002 0.003 0.001 0.001 0.001 0.024 0.002 
 300   (0.134) 0.035 0.053 0.212 0.135 0.029 0.157 0.283 0.044 
 316   (0.047) 0.092 0.007 0.013 0.013 0.052 0.010 0.083 0.008 
 288   (0.022) 0.002 0.508 0.005 0.002 0.002 0.004 0.008 0.003 
 292   (0.088) 0.014 0.026 0.052 0.547 0.025 0.010 0.082 0.269 
 296   (0.029) 0.003 0.004 0.011 0.003 0.003 0.006 0.032 0.193 
 290   (0.018) 0.001 0.130 0.007 0.002 0.002 0.004 0.003 0.003 
 304   (0.035) 0.537 0.006 0.009 0.003 0.008 0.490 0.007 0.007 
 298   (0.050) 0.085 0.014 0.012 0.040 0.005 0.082 0.019 0.098 
 294   (0.019) 0.001 0.065 0.005 0.001 0.002 0.002 0.017 0.040 
 302   (0.065) 0.008 0.013 0.076 0.009 0.110 0.016 0.064 0.067 
 286   (0.021) 0.002 0.004 0.007 0.003 0.418 0.007 0.003 0.003 
 308   (0.035) 0.183 0.007 0.037 0.003 0.022 0.003 0.007 0.025 
 313   (0.049) 0.004 0.018 0.101 0.008 0.046 0.008 0.008 0.086 
 307   (0.048) 0.004 0.007 0.067 0.091 0.004 0.006 0.012 0.061 
 321   (0.014) 0.001 0.002 0.023 0.001 0.001 0.001 0.002 0.002 
 315   (0.052) 0.004 0.035 0.145 0.004 0.005 0.013 0.040 0.020 
 318   (0.016) 0.001 0.002 0.004 0.003 0.001 0.087 0.003 0.002 
 324   (0.012) 0.001 0.007 0.007 0.001 0.001 0.001 0.003 0.002 
 326   (0.014) 0.001 0.007 0.008 0.001 0.001 0.001 0.003 0.002 
 311   (0.023) 0.002 0.010 0.019 0.036 0.002 0.013 0.006 0.013 
 310   (0.014) 0.001 0.003 0.004 0.003 0.001 0.001 0.002 0.022 
 305   (0.017) 0.001 0.002 0.033 0.001 0.001 0.001 0.002 0.003 
 317   (0.016) 0.001 0.002 0.023 0.001 0.001 0.001 0.002 0.002 
 320   (0.012) 0.001 0.009 0.002 0.005 0.001 0.001 0.002 0.002 
 322   (0.014) 0.001 0.018 0.002 0.009 0.002 0.001 0.002 0.002 

Locus 13 : 
7 alleles
1.1% missing data
 161   (0.596) 0.893 0.591 0.548 0.493 0.089 0.352 0.653 0.816 
 163   (0.303) 0.026 0.393 0.434 0.488 0.047 0.504 0.265 0.155 
 160   (0.018) 0.001 0.003 0.003 0.002 0.426 0.001 0.002 0.003 
 162   (0.017) 0.001 0.002 0.003 0.001 0.431 0.001 0.002 0.002 
 165   (0.037) 0.003 0.006 0.007 0.014 0.004 0.139 0.070 0.017 
 166   (0.014) 0.003 0.002 0.003 0.001 0.001 0.001 0.005 0.006 
 164   (0.016) 0.072 0.002 0.002 0.001 0.001 0.001 0.002 0.002 

Locus 14 : 
4 alleles
0.4% missing data
  98   (0.955) 0.985 0.993 0.981 0.996 0.996 0.991 0.987 0.986 
 100   (0.014) 0.002 0.003 0.008 0.001 0.001 0.004 0.002 0.002 
  96   (0.017) 0.012 0.002 0.003 0.001 0.001 0.001 0.009 0.008 
 105   (0.014) 0.001 0.002 0.008 0.001 0.001 0.004 0.002 0.004 

Locus 15 : 
12 alleles
2.2% missing data
 171   (0.307) 0.182 0.429 0.363 0.369 0.201 0.278 0.394 0.230 
 177   (0.182) 0.058 0.258 0.160 0.114 0.329 0.068 0.182 0.275 
 173   (0.258) 0.070 0.132 0.286 0.463 0.158 0.575 0.293 0.315 
 179   (0.107) 0.566 0.120 0.088 0.011 0.294 0.063 0.077 0.044 
 183   (0.019) 0.007 0.004 0.006 0.002 0.002 0.005 0.033 0.003 
 181   (0.038) 0.111 0.006 0.054 0.029 0.004 0.004 0.006 0.010 
 197   (0.017) 0.001 0.002 0.003 0.002 0.001 0.001 0.002 0.065 
 170   (0.015) 0.001 0.008 0.013 0.001 0.001 0.001 0.003 0.007 
 189   (0.014) 0.001 0.002 0.017 0.001 0.006 0.001 0.004 0.003 
 203   (0.014) 0.001 0.002 0.003 0.001 0.001 0.001 0.002 0.041 
 187   (0.015) 0.001 0.027 0.004 0.001 0.001 0.001 0.002 0.005 
 198   (0.013) 0.001 0.010 0.003 0.005 0.001 0.001 0.002 0.002 

Values of parameters used in structure:
DATAFILE=STRUCTURE_main_final_278_HEG_ZG.str,	OUTFILE=STRUCTURE_main_final_278_HEG_ZG-K8-11,	NUMINDS=278,	NUMLOCI=15,	MISSING=-9,	LABEL=1,	POPDATA=1,	POPFLAG=0,	PHENOTYPE=0,	EXTRACOLS=0,	MAXPOPS=8,	BURNIN=100000,	NUMREPS=500000,	USEPOPINFO=0,	INFERALPHA=1,	INFERLAMBDA=0,	POPSPECIFICLAMBDA=0,	POPALPHAS=0,	COMPUTEPROB=1,	NOADMIX=0,	ADMBURNIN=2500,	UPDATEFREQ=1,	PRINTLIKES=0,	INTERMEDSAVE=0,	PRINTKLD=0,	PRINTNET=0,	PRINTLAMBDA=0,	ANCESTDIST=0,	NUMBOXES=1000,	ANCESTPINT=0.90000,	GENSBACK=2,	MIGRPRIOR=0.05000,	PRINTQHAT=0,	PRINTQSUM=0,	ALPHA=1.0000,	FREQSCORR=1,	FPRIORMEAN=0.0100,	FPRIORSD=0.0500,	ONEFST=0,	LAMBDA=1.0000,	UNIFPRIORALPHA=1,	ALPHAMAX=10.0000,	ALPHAPRIORA=1.0000,	ALPHAPRIORB=2.0000,	ALPHAPROPSD=0.0250,	STARTATPOPINFO=0,	RANDOMIZE=1,	LINKAGE=0,	METROFREQ=10,	REPORTHITRATE=0,	MARKOVPHASE=-1,	PHASED=0,	PLOIDY=2,	PHASEINFO=0	LOCPRIOR=0, 	LOCPRIORINIT=1.000000, 	LOCDATA=0, 	LOCISPOP=0, 	LOCPRIORSTEP=0.100000, 	MAXLOCPRIOR=20.000000, 	SEED=1782483149,	
[STRAT parameters]:    NUMSIMSTATS=1000,	PHENOTYPECOL=-9,	POOLFREQ=10,	LOCUSxONLY=0,	EMERROR=0.00100,	MISSINGPHENO=-9,	