

----------------------------------------------------
STRUCTURE by Pritchard, Stephens and Donnelly (2000)
     and Falush, Stephens and Pritchard (2003)
       Code by Pritchard, Falush and Hubisz
             Version 2.3.4 (Jul 2012)
----------------------------------------------------



Command line arguments:   structure -K 4 -i STRUCTURE_main_final_278_HEG_ZG.str -o STRUCTURE_main_final_278_HEG_ZG-K4-11 
Input File:    STRUCTURE_main_final_278_HEG_ZG.str

Run parameters:
   278 individuals
   15 loci
   4 populations assumed
   100000 Burn-in period
   500000 Reps


--------------------------------------------
Proportion of membership of each pre-defined
 population in each of the 4 clusters

Given    Inferred Clusters              Number of
 Pop       1      2      3      4      Individuals

  1:     0.559  0.101  0.212  0.127       24
  2:     0.111  0.082  0.042  0.764       24
  3:     0.035  0.609  0.209  0.147       24
  4:     0.368  0.387  0.136  0.108       24
  5:     0.140  0.566  0.099  0.195       24
  6:     0.800  0.076  0.044  0.080       24
  7:     0.873  0.061  0.024  0.041       24
  8:     0.076  0.752  0.125  0.047       14
  9:     0.038  0.149  0.462  0.350       24
 10:     0.032  0.079  0.836  0.053       24
 11:     0.034  0.095  0.768  0.103       24
 12:     0.387  0.389  0.164  0.059       24
--------------------------------------------

Allele-freq. divergence among pops (Net nucleotide distance),
computed using point estimates of P.

      1       2       3       4      
 1      -    0.0264  0.0575  0.0364  
 2   0.0264     -    0.0342  0.0246  
 3   0.0575  0.0342     -    0.0520  
 4   0.0364  0.0246  0.0520     -    

Average distances (expected heterozygosity) between individuals in same cluster:
cluster  1  : 0.6165 
cluster  2  : 0.6527 
cluster  3  : 0.6216 
cluster  4  : 0.6566 

--------------------------------------------
Estimated Ln Prob of Data   = -13184.3
Mean value of ln likelihood = -12753.6
Variance of ln likelihood   = 861.4
Mean value of alpha         = 0.1053

Mean value of Fst_1         = 0.0782
Mean value of Fst_2         = 0.0305
Mean value of Fst_3         = 0.1099
Mean value of Fst_4         = 0.0925


Inferred ancestry of individuals:
        Label (%Miss) Pop:  Inferred clusters
  1 24.0601.E1    (0)    1 :  0.845 0.019 0.017 0.119 
  2 24.0602.E1    (0)    1 :  0.764 0.070 0.127 0.038 
  3 24.0603.E1    (0)    1 :  0.893 0.063 0.019 0.024 
  4 24.0604.E1    (0)    1 :  0.436 0.207 0.229 0.129 
  5 24.0605.E1    (0)    1 :  0.799 0.021 0.045 0.135 
  6 24.0606.E1    (0)    1 :  0.785 0.052 0.091 0.072 
  7 24.0607.E1    (0)    1 :  0.551 0.048 0.119 0.282 
  8 24.0608.E1    (0)    1 :  0.660 0.026 0.295 0.019 
  9 24.0609.E1    (0)    1 :  0.096 0.199 0.689 0.016 
 10 24.0610.E1    (0)    1 :  0.373 0.125 0.485 0.017 
 11 24.0611.E1    (0)    1 :  0.631 0.055 0.168 0.147 
 12 24.0612.E1    (0)    1 :  0.814 0.022 0.015 0.149 
 13 24.0613.E1    (0)    1 :  0.753 0.054 0.150 0.043 
 14 24.0614.E1    (0)    1 :  0.693 0.019 0.244 0.044 
 15 24.0615.E1    (0)    1 :  0.440 0.031 0.447 0.083 
 16 24.0616.E1    (0)    1 :  0.656 0.023 0.072 0.249 
 17 24.0617.E1    (0)    1 :  0.149 0.024 0.721 0.106 
 18 24.0618.E1    (0)    1 :  0.274 0.098 0.513 0.114 
 19 24.0619.E1    (0)    1 :  0.115 0.555 0.054 0.275 
 20 24.0620.E1   (20)    1 :  0.769 0.077 0.100 0.053 
 21 24.0621.E1    (0)    1 :  0.026 0.466 0.291 0.217 
 22 24.0622.E1    (0)    1 :  0.744 0.065 0.027 0.164 
 23 24.0623.E1    (0)    1 :  0.345 0.091 0.092 0.472 
 24 24.0624.E1    (0)    1 :  0.811 0.026 0.085 0.078 
 25 24.0625.E1    (0)    2 :  0.124 0.059 0.054 0.762 
 26 24.0626.E1    (0)    2 :  0.066 0.020 0.030 0.884 
 27 24.0627.E1    (0)    2 :  0.030 0.312 0.013 0.645 
 28 24.0628.E1    (0)    2 :  0.242 0.190 0.166 0.402 
 29 24.0629.E1    (0)    2 :  0.053 0.027 0.024 0.896 
 30 24.0630.E1    (0)    2 :  0.117 0.026 0.018 0.838 
 31 24.0631.E1    (0)    2 :  0.022 0.011 0.007 0.960 
 32 24.0632.E1    (0)    2 :  0.083 0.017 0.013 0.887 
 33 24.0633.E1    (0)    2 :  0.155 0.182 0.092 0.571 
 34 24.0634.E1    (0)    2 :  0.017 0.018 0.014 0.951 
 35 24.0635.E1    (0)    2 :  0.065 0.251 0.048 0.637 
 36 24.0636.E1   (33)    2 :  0.834 0.069 0.018 0.079 
 37 24.0637.E1    (0)    2 :  0.015 0.013 0.007 0.965 
 38 24.0638.E1    (0)    2 :  0.016 0.118 0.012 0.854 
 39 24.0639.E1    (0)    2 :  0.064 0.019 0.054 0.864 
 40 24.0640.E1    (0)    2 :  0.026 0.015 0.012 0.947 
 41 24.0641.E1    (0)    2 :  0.068 0.229 0.076 0.627 
 42 24.0642.E1    (0)    2 :  0.369 0.110 0.011 0.509 
 43 24.0643.E1    (0)    2 :  0.091 0.158 0.018 0.732 
 44 24.0644.E1    (0)    2 :  0.022 0.031 0.104 0.843 
 45 24.0645.E1    (0)    2 :  0.137 0.036 0.106 0.720 
 46 24.0646.E1    (0)    2 :  0.022 0.031 0.104 0.843 
 47 24.0647.E1    (0)    2 :  0.015 0.013 0.007 0.965 
 48 24.0648.E1    (0)    2 :  0.015 0.013 0.007 0.965 
 49 24.0649.E1    (0)    3 :  0.011 0.875 0.092 0.022 
 50 24.0650.E1    (0)    3 :  0.119 0.411 0.459 0.011 
 51 24.0651.E1    (0)    3 :  0.027 0.316 0.059 0.599 
 52 24.0652.E1    (0)    3 :  0.019 0.702 0.264 0.014 
 53 24.0653.E1    (0)    3 :  0.011 0.636 0.049 0.304 
 54 24.0654.E1    (0)    3 :  0.013 0.658 0.306 0.024 
 55 24.0655.E1    (0)    3 :  0.057 0.422 0.241 0.280 
 56 24.0656.E1    (0)    3 :  0.040 0.630 0.315 0.015 
 57 24.0657.E1    (0)    3 :  0.035 0.650 0.300 0.015 
 58 24.0658.E1    (0)    3 :  0.037 0.739 0.192 0.031 
 59 24.0659.E1    (0)    3 :  0.023 0.693 0.150 0.134 
 60 24.0660.E1    (6)    3 :  0.033 0.905 0.025 0.037 
 61 24.0661.E1    (0)    3 :  0.064 0.359 0.558 0.018 
 62 24.0662.E1    (0)    3 :  0.062 0.362 0.145 0.431 
 63 24.0663.E1    (0)    3 :  0.014 0.062 0.907 0.017 
 64 24.0664.E1    (0)    3 :  0.027 0.779 0.171 0.022 
 65 24.0665.E1    (0)    3 :  0.106 0.769 0.103 0.021 
 66 24.0666.E1    (0)    3 :  0.016 0.614 0.026 0.344 
 67 24.0667.E1    (0)    3 :  0.013 0.694 0.021 0.273 
 68 24.0668.E1    (0)    3 :  0.009 0.612 0.015 0.363 
 69 24.0669.E1    (0)    3 :  0.011 0.609 0.018 0.362 
 70 24.0670.E1    (0)    3 :  0.027 0.560 0.319 0.094 
 71 24.0671.E1    (0)    3 :  0.032 0.634 0.271 0.062 
 72 24.0672.E1    (0)    3 :  0.028 0.927 0.018 0.027 
 73 24.0673.E1    (6)    4 :  0.830 0.050 0.085 0.036 
 74 24.0674.E1    (0)    4 :  0.882 0.061 0.028 0.029 
 75 24.0675.E1    (0)    4 :  0.285 0.245 0.419 0.051 
 76 24.0676.E1    (0)    4 :  0.103 0.210 0.659 0.028 
 77 24.0677.E1    (0)    4 :  0.112 0.153 0.692 0.043 
 78 24.0678.E1    (0)    4 :  0.173 0.297 0.039 0.491 
 79 24.0679.E1    (0)    4 :  0.074 0.829 0.065 0.031 
 80 24.0680.E1    (0)    4 :  0.037 0.918 0.017 0.028 
 81 24.0681.E1    (0)    4 :  0.279 0.672 0.023 0.025 
 82 24.0682.E1    (0)    4 :  0.438 0.486 0.047 0.029 
 83 24.0683.E1    (0)    4 :  0.927 0.038 0.020 0.016 
 84 24.0684.E1    (0)    4 :  0.841 0.075 0.023 0.060 
 85 24.0685.E1    (0)    4 :  0.545 0.387 0.025 0.043 
 86 24.0686.E1    (0)    4 :  0.057 0.390 0.032 0.522 
 87 24.0687.E1    (0)    4 :  0.061 0.231 0.032 0.676 
 88 24.0688.E1    (0)    4 :  0.321 0.632 0.020 0.026 
 89 24.0689.E1    (0)    4 :  0.240 0.147 0.556 0.058 
 90 24.0690.E1    (0)    4 :  0.047 0.674 0.018 0.262 
 91 24.0691.E1    (0)    4 :  0.605 0.297 0.072 0.025 
 92 24.0692.E1    (0)    4 :  0.132 0.762 0.089 0.018 
 93 24.0693.E1    (0)    4 :  0.521 0.308 0.150 0.021 
 94 24.0694.E1    (0)    4 :  0.313 0.641 0.025 0.020 
 95 24.0695.E1    (0)    4 :  0.472 0.419 0.089 0.020 
 96 24.0696.E1    (0)    4 :  0.541 0.376 0.041 0.042 
 97 24.0697.E1    (0)    5 :  0.284 0.583 0.058 0.075 
 98 24.0698.E1    (0)    5 :  0.401 0.201 0.163 0.234 
 99 24.0699.E1    (0)    5 :  0.077 0.396 0.169 0.357 
100 24.0700.E1    (0)    5 :  0.019 0.936 0.019 0.025 
101 24.0701.E1    (0)    5 :  0.048 0.547 0.039 0.366 
102 24.0702.E1    (0)    5 :  0.055 0.835 0.020 0.090 
103 24.0703.E1    (0)    5 :  0.046 0.342 0.123 0.489 
104 24.0704.E1    (6)    5 :  0.084 0.245 0.189 0.482 
105 24.0705.E1    (0)    5 :  0.167 0.778 0.015 0.040 
106 24.0706.E1    (0)    5 :  0.019 0.941 0.022 0.019 
107 24.0707.E1    (0)    5 :  0.067 0.772 0.016 0.145 
108 24.0708.E1    (0)    5 :  0.124 0.036 0.309 0.531 
109 24.0709.E1    (0)    5 :  0.048 0.549 0.367 0.035 
110 24.0710.E1    (0)    5 :  0.455 0.205 0.153 0.187 
111 24.0711.E1    (0)    5 :  0.157 0.537 0.036 0.270 
112 24.0712.E1    (0)    5 :  0.048 0.538 0.016 0.399 
113 24.0713.E1    (0)    5 :  0.035 0.842 0.097 0.026 
114 24.0714.E1    (0)    5 :  0.062 0.696 0.085 0.157 
115 24.0715.E1    (0)    5 :  0.784 0.146 0.036 0.033 
116 24.0716.E1    (0)    5 :  0.088 0.434 0.117 0.361 
117 24.0717.E1    (0)    5 :  0.202 0.468 0.178 0.152 
118 24.0718.E1    (0)    5 :  0.031 0.902 0.012 0.054 
119 24.0719.E1    (0)    5 :  0.026 0.809 0.054 0.112 
120 24.0720.E1    (0)    5 :  0.033 0.838 0.086 0.043 
121 24.0721.E1    (0)    6 :  0.763 0.116 0.069 0.052 
122 24.0722.E1    (0)    6 :  0.708 0.031 0.017 0.245 
123 24.0723.E1    (0)    6 :  0.433 0.034 0.133 0.400 
124 24.0724.E1    (0)    6 :  0.813 0.036 0.096 0.054 
125 24.0725.E1    (0)    6 :  0.788 0.089 0.047 0.076 
126 24.0726.E1    (6)    6 :  0.859 0.098 0.019 0.023 
127 24.0727.E1    (0)    6 :  0.886 0.040 0.036 0.038 
128 24.0728.E1    (0)    6 :  0.785 0.044 0.041 0.129 
129 24.0729.E1    (0)    6 :  0.859 0.073 0.039 0.029 
130 24.0730.E1    (0)    6 :  0.599 0.198 0.137 0.066 
131 24.0731.E1    (0)    6 :  0.808 0.158 0.018 0.016 
132 24.0732.E1    (0)    6 :  0.940 0.032 0.011 0.017 
133 24.0733.E1    (0)    6 :  0.957 0.015 0.012 0.017 
134 24.0734.E1    (0)    6 :  0.938 0.028 0.014 0.021 
135 24.0735.E1    (0)    6 :  0.877 0.034 0.036 0.053 
136 24.0736.E1    (0)    6 :  0.950 0.015 0.015 0.021 
137 24.0737.E1    (0)    6 :  0.516 0.092 0.035 0.357 
138 24.0738.E1    (0)    6 :  0.928 0.029 0.023 0.020 
139 24.0739.E1    (0)    6 :  0.711 0.174 0.026 0.089 
140 24.0740.E1    (0)    6 :  0.716 0.168 0.069 0.047 
141 24.0741.E1    (0)    6 :  0.925 0.037 0.016 0.022 
142 24.0742.E1    (0)    6 :  0.957 0.014 0.012 0.016 
143 24.0743.E1    (0)    6 :  0.884 0.045 0.058 0.013 
144 24.0744.E1    (0)    6 :  0.600 0.232 0.065 0.103 
145 24.0745.E1    (0)    7 :  0.883 0.058 0.035 0.023 
146 24.0746.E1    (0)    7 :  0.761 0.054 0.028 0.157 
147 24.0747.E1    (0)    7 :  0.882 0.071 0.031 0.015 
148 24.0748.E1    (6)    7 :  0.819 0.106 0.057 0.018 
149 24.0749.E1    (0)    7 :  0.957 0.013 0.012 0.018 
150 24.0750.E1    (0)    7 :  0.764 0.161 0.040 0.035 
151 24.0751.E1    (0)    7 :  0.958 0.012 0.011 0.018 
152 24.0752.E1    (0)    7 :  0.965 0.010 0.010 0.016 
153 24.0753.E1    (0)    7 :  0.837 0.015 0.012 0.137 
154 24.0754.E1    (0)    7 :  0.955 0.017 0.014 0.013 
155 24.0755.E1    (0)    7 :  0.862 0.057 0.052 0.029 
156 24.0756.E1    (0)    7 :  0.947 0.013 0.026 0.015 
157 24.0757.E1    (0)    7 :  0.968 0.011 0.009 0.011 
158 24.0758.E1    (0)    7 :  0.967 0.012 0.009 0.012 
159 24.0759.E1    (0)    7 :  0.956 0.017 0.014 0.013 
160 24.0760.E1    (0)    7 :  0.684 0.046 0.015 0.255 
161 24.0761.E1    (0)    7 :  0.945 0.011 0.012 0.032 
162 24.0762.E1    (0)    7 :  0.227 0.643 0.068 0.062 
163 24.0763.E1    (0)    7 :  0.965 0.012 0.012 0.011 
164 24.0764.E1    (0)    7 :  0.964 0.012 0.009 0.015 
165 24.0765.E1    (0)    7 :  0.922 0.016 0.017 0.045 
166 24.0766.E1    (0)    7 :  0.965 0.012 0.012 0.011 
167 24.0767.E1    (0)    7 :  0.969 0.011 0.011 0.009 
168 24.0768.E1    (0)    7 :  0.842 0.079 0.061 0.018 
169 24.0779.E1    (0)    8 :  0.104 0.783 0.038 0.076 
170 24.0780.E1    (6)    8 :  0.014 0.637 0.329 0.020 
171 24.0781.E1    (0)    8 :  0.013 0.951 0.022 0.014 
172 24.0782.E1    (0)    8 :  0.632 0.197 0.065 0.106 
173 24.0783.E1    (0)    8 :  0.016 0.802 0.153 0.029 
174 24.0784.E1    (0)    8 :  0.017 0.840 0.104 0.040 
175 24.0785.E1    (0)    8 :  0.013 0.719 0.245 0.023 
176 24.0786.E1    (0)    8 :  0.057 0.704 0.215 0.025 
177 24.0787.E1    (0)    8 :  0.041 0.879 0.027 0.053 
178 24.0788.E1    (0)    8 :  0.018 0.801 0.156 0.025 
179 24.0789.E1    (0)    8 :  0.074 0.517 0.258 0.150 
180 24.0790.E1    (0)    8 :  0.009 0.933 0.040 0.018 
181 24.0791.E1    (0)    8 :  0.017 0.907 0.017 0.059 
182 24.0792.E1    (0)    8 :  0.046 0.861 0.080 0.014 
183 24.0793.E1    (0)    9 :  0.018 0.029 0.347 0.607 
184 24.0794.E1    (0)    9 :  0.192 0.268 0.494 0.045 
185 24.0795.E1    (0)    9 :  0.192 0.084 0.151 0.573 
186 24.0796.E1    (0)    9 :  0.014 0.140 0.823 0.023 
187 24.0797.E1    (0)    9 :  0.012 0.089 0.627 0.272 
188 24.0798.E1    (0)    9 :  0.042 0.335 0.215 0.408 
189 24.0799.E1    (0)    9 :  0.020 0.046 0.474 0.460 
190 24.0800.E1    (0)    9 :  0.025 0.056 0.895 0.025 
191 24.0801.E1    (0)    9 :  0.017 0.339 0.226 0.418 
192 24.0802.E1    (0)    9 :  0.016 0.040 0.273 0.671 
193 24.0803.E1    (0)    9 :  0.015 0.040 0.265 0.680 
194 24.0804.E1    (0)    9 :  0.012 0.015 0.652 0.321 
195 24.0805.E1    (0)    9 :  0.033 0.546 0.274 0.147 
196 24.0806.E1    (0)    9 :  0.017 0.019 0.116 0.849 
197 24.0807.E1    (0)    9 :  0.012 0.039 0.428 0.521 
198 24.0808.E1    (0)    9 :  0.028 0.415 0.511 0.046 
199 24.0809.E1    (0)    9 :  0.074 0.293 0.584 0.050 
200 24.0810.E1    (0)    9 :  0.067 0.046 0.467 0.419 
201 24.0811.E1    (0)    9 :  0.027 0.031 0.712 0.230 
202 24.0812.E1    (0)    9 :  0.032 0.135 0.786 0.048 
203 24.0813.E1    (0)    9 :  0.023 0.327 0.301 0.350 
204 24.0814.E1    (6)    9 :  0.011 0.046 0.820 0.123 
205 24.0815.E1    (0)    9 :  0.016 0.154 0.308 0.522 
206 24.0816.E1    (0)    9 :  0.012 0.049 0.336 0.604 
207 24.0817.E1    (0)   10 :  0.018 0.025 0.935 0.022 
208 24.0818.E1    (0)   10 :  0.049 0.048 0.866 0.037 
209 24.0819.E1    (0)   10 :  0.070 0.117 0.441 0.372 
210 24.0820.E1    (0)   10 :  0.126 0.020 0.826 0.028 
211 24.0821.E1    (0)   10 :  0.017 0.494 0.378 0.111 
212 24.0822.E1    (0)   10 :  0.024 0.026 0.940 0.010 
213 24.0823.E1    (0)   10 :  0.042 0.019 0.915 0.025 
214 24.0824.E1    (0)   10 :  0.038 0.241 0.517 0.205 
215 24.0825.E1    (0)   10 :  0.015 0.018 0.953 0.013 
216 24.0826.E1    (0)   10 :  0.065 0.035 0.875 0.025 
217 24.0827.E1    (0)   10 :  0.022 0.026 0.918 0.034 
218 24.0828.E1    (0)   10 :  0.025 0.037 0.915 0.023 
219 24.0829.E1    (0)   10 :  0.017 0.019 0.946 0.018 
220 24.0830.E1    (0)   10 :  0.012 0.173 0.798 0.017 
221 24.0831.E1    (0)   10 :  0.009 0.323 0.653 0.015 
222 24.0832.E1    (0)   10 :  0.011 0.013 0.968 0.009 
223 24.0833.E1    (0)   10 :  0.010 0.014 0.967 0.009 
224 24.0834.E1    (0)   10 :  0.016 0.018 0.954 0.012 
225 24.0835.E1    (0)   10 :  0.015 0.020 0.944 0.021 
226 24.0836.E1    (0)   10 :  0.027 0.037 0.916 0.020 
227 24.0837.E1    (0)   10 :  0.015 0.027 0.946 0.011 
228 24.0838.E1    (0)   10 :  0.021 0.028 0.940 0.012 
229 24.0839.E1    (0)   10 :  0.089 0.104 0.699 0.108 
230 24.0840.E1    (0)   10 :  0.015 0.018 0.856 0.110 
231 24.0841.E1    (0)   11 :  0.042 0.018 0.929 0.011 
232 24.0842.E1    (0)   11 :  0.028 0.078 0.842 0.052 
233 24.0843.E1    (0)   11 :  0.019 0.135 0.767 0.078 
234 24.0844.E1    (0)   11 :  0.024 0.260 0.597 0.118 
235 24.0845.E1    (0)   11 :  0.013 0.083 0.887 0.017 
236 24.0846.E1    (0)   11 :  0.019 0.027 0.927 0.026 
237 24.0847.E1    (0)   11 :  0.054 0.039 0.887 0.020 
238 24.0848.E1    (0)   11 :  0.013 0.048 0.924 0.016 
239 24.0849.E1    (0)   11 :  0.014 0.013 0.960 0.012 
240 24.0850.E1    (0)   11 :  0.014 0.014 0.961 0.012 
241 24.0851.E1    (0)   11 :  0.014 0.013 0.961 0.012 
242 24.0852.E1    (0)   11 :  0.025 0.058 0.905 0.012 
243 24.0853.E1    (0)   11 :  0.013 0.014 0.960 0.014 
244 24.0854.E1    (0)   11 :  0.018 0.530 0.222 0.231 
245 24.0855.E1    (0)   11 :  0.014 0.014 0.959 0.013 
246 24.0856.E1    (0)   11 :  0.109 0.115 0.122 0.654 
247 24.0857.E1    (0)   11 :  0.027 0.027 0.916 0.030 
248 24.0858.E1    (0)   11 :  0.027 0.040 0.913 0.020 
249 24.0859.E1    (0)   11 :  0.054 0.020 0.893 0.033 
250 24.0860.E1    (0)   11 :  0.034 0.039 0.386 0.540 
251 24.0861.E1    (0)   11 :  0.016 0.014 0.957 0.013 
252 24.0862.E1    (0)   11 :  0.022 0.065 0.408 0.506 
253 24.0863.E1    (0)   11 :  0.016 0.015 0.957 0.013 
254 24.0864.E1    (0)   11 :  0.188 0.594 0.197 0.021 
255 24.0865.E1    (0)   12 :  0.270 0.205 0.487 0.038 
256 24.0866.E1    (0)   12 :  0.142 0.181 0.638 0.039 
257 24.0867.E1    (0)   12 :  0.292 0.202 0.434 0.073 
258 24.0868.E1    (0)   12 :  0.047 0.785 0.119 0.049 
259 24.0869.E1    (0)   12 :  0.045 0.599 0.292 0.064 
260 24.0870.E1    (0)   12 :  0.082 0.634 0.075 0.209 
261 24.0871.E1    (0)   12 :  0.125 0.662 0.060 0.152 
262 24.0872.E1    (0)   12 :  0.174 0.673 0.128 0.025 
263 24.0873.E1    (0)   12 :  0.105 0.580 0.281 0.034 
264 24.0874.E1    (0)   12 :  0.237 0.139 0.588 0.035 
265 24.0875.E1    (0)   12 :  0.021 0.868 0.027 0.085 
266 24.0876.E1    (0)   12 :  0.176 0.745 0.014 0.065 
267 24.0877.E1    (0)   12 :  0.942 0.023 0.019 0.017 
268 24.0878.E1    (0)   12 :  0.620 0.211 0.150 0.019 
269 24.0879.E1    (0)   12 :  0.451 0.351 0.017 0.180 
270 24.0880.E1    (0)   12 :  0.039 0.475 0.453 0.032 
271 24.0881.E1    (0)   12 :  0.915 0.017 0.029 0.038 
272 24.0882.E1    (0)   12 :  0.961 0.014 0.012 0.013 
273 24.0883.E1    (0)   12 :  0.713 0.175 0.020 0.092 
274 24.0884.E1    (0)   12 :  0.900 0.060 0.026 0.014 
275 24.0885.E1    (0)   12 :  0.460 0.488 0.025 0.027 
276 24.0886.E1    (0)   12 :  0.727 0.232 0.019 0.022 
277 24.0887.E1    (0)   12 :  0.837 0.072 0.012 0.079 
278 24.0888.E1    (0)   12 :  0.015 0.945 0.019 0.021 


Estimated Allele Frequencies in each cluster
First column gives estimated ancestral frequencies


Locus 1 : 
31 alleles
0.0% missing data
 115   (0.039) 0.096 0.037 0.008 0.014 
 117   (0.034) 0.200 0.021 0.006 0.010 
 119   (0.037) 0.259 0.011 0.003 0.150 
 131   (0.018) 0.024 0.008 0.002 0.002 
 128   (0.036) 0.015 0.041 0.022 0.006 
 135   (0.016) 0.031 0.005 0.002 0.002 
 126   (0.071) 0.053 0.069 0.167 0.041 
 122   (0.026) 0.003 0.014 0.009 0.125 
 132   (0.031) 0.008 0.023 0.029 0.008 
 141   (0.013) 0.003 0.003 0.001 0.006 
 130   (0.052) 0.016 0.085 0.023 0.033 
 134   (0.037) 0.003 0.023 0.039 0.074 
 145   (0.029) 0.008 0.024 0.012 0.013 
 127   (0.024) 0.078 0.007 0.002 0.025 
 116   (0.115) 0.038 0.193 0.187 0.157 
 114   (0.044) 0.005 0.031 0.148 0.078 
 120   (0.038) 0.006 0.057 0.004 0.063 
 110   (0.047) 0.035 0.029 0.045 0.031 
 133   (0.016) 0.007 0.005 0.001 0.008 
 118   (0.113) 0.025 0.237 0.233 0.123 
 125   (0.016) 0.001 0.006 0.008 0.005 
 129   (0.019) 0.029 0.010 0.001 0.002 
 124   (0.017) 0.003 0.015 0.001 0.006 
 136   (0.023) 0.003 0.017 0.035 0.004 
 121   (0.014) 0.029 0.003 0.001 0.001 
 139   (0.013) 0.004 0.004 0.001 0.002 
 113   (0.012) 0.006 0.002 0.001 0.001 
 111   (0.012) 0.006 0.002 0.001 0.001 
 143   (0.012) 0.006 0.002 0.001 0.002 
 140   (0.015) 0.001 0.011 0.002 0.004 
 112   (0.012) 0.001 0.003 0.006 0.001 

Locus 2 : 
18 alleles
0.0% missing data
 152   (0.361) 0.662 0.361 0.338 0.473 
 148   (0.067) 0.127 0.050 0.006 0.128 
 154   (0.113) 0.054 0.102 0.136 0.176 
 156   (0.017) 0.004 0.006 0.002 0.008 
 150   (0.025) 0.020 0.006 0.001 0.036 
 164   (0.074) 0.058 0.065 0.081 0.028 
 158   (0.035) 0.013 0.025 0.005 0.041 
 160   (0.020) 0.009 0.011 0.002 0.003 
 166   (0.020) 0.002 0.013 0.003 0.019 
 151   (0.077) 0.006 0.163 0.285 0.028 
 147   (0.067) 0.006 0.117 0.121 0.032 
 168   (0.023) 0.002 0.021 0.005 0.006 
 153   (0.017) 0.002 0.011 0.002 0.004 
 149   (0.024) 0.007 0.020 0.001 0.004 
 162   (0.019) 0.003 0.009 0.008 0.008 
 167   (0.014) 0.011 0.003 0.001 0.002 
 146   (0.014) 0.012 0.003 0.001 0.001 
 172   (0.015) 0.001 0.014 0.001 0.002 

Locus 3 : 
4 alleles
0.0% missing data
 128   (0.291) 0.317 0.269 0.357 0.270 
 126   (0.613) 0.651 0.666 0.562 0.657 
 132   (0.079) 0.031 0.057 0.081 0.062 
 134   (0.017) 0.001 0.008 0.001 0.012 

Locus 4 : 
3 alleles
0.0% missing data
 170   (0.313) 0.276 0.288 0.322 0.368 
 172   (0.673) 0.722 0.707 0.676 0.626 
 171   (0.014) 0.002 0.004 0.001 0.006 

Locus 5 : 
37 alleles
0.0% missing data
 125   (0.051) 0.046 0.042 0.070 0.072 
 110   (0.033) 0.014 0.020 0.064 0.030 
 129   (0.040) 0.023 0.048 0.046 0.015 
 113   (0.038) 0.009 0.061 0.036 0.029 
 145   (0.048) 0.171 0.077 0.021 0.013 
 155   (0.049) 0.070 0.029 0.042 0.148 
 117   (0.030) 0.048 0.037 0.004 0.011 
 124   (0.011) 0.011 0.002 0.001 0.002 
 133   (0.030) 0.051 0.048 0.004 0.007 
 157   (0.052) 0.023 0.093 0.044 0.050 
 141   (0.016) 0.002 0.022 0.003 0.002 
 112   (0.060) 0.118 0.037 0.129 0.128 
 121   (0.021) 0.003 0.011 0.024 0.019 
 114   (0.035) 0.118 0.023 0.053 0.011 
 153   (0.056) 0.026 0.080 0.093 0.068 
 127   (0.067) 0.078 0.090 0.126 0.048 
 131   (0.055) 0.102 0.037 0.057 0.148 
 135   (0.029) 0.005 0.037 0.048 0.008 
 104   (0.010) 0.002 0.003 0.001 0.005 
 118   (0.018) 0.007 0.014 0.001 0.012 
 116   (0.027) 0.009 0.020 0.008 0.040 
 137   (0.021) 0.007 0.011 0.002 0.084 
 123   (0.021) 0.005 0.008 0.052 0.009 
 149   (0.010) 0.001 0.005 0.003 0.001 
 138   (0.014) 0.001 0.029 0.002 0.002 
 143   (0.027) 0.027 0.016 0.036 0.005 
 163   (0.010) 0.001 0.003 0.001 0.007 
 109   (0.012) 0.004 0.010 0.001 0.001 
 139   (0.010) 0.001 0.007 0.001 0.002 
 106   (0.011) 0.001 0.007 0.001 0.002 
 144   (0.014) 0.001 0.021 0.004 0.003 
 122   (0.011) 0.012 0.002 0.001 0.001 
 100   (0.018) 0.001 0.016 0.013 0.008 
 111   (0.012) 0.001 0.018 0.001 0.001 
 233   (0.011) 0.001 0.006 0.002 0.002 
 134   (0.010) 0.001 0.004 0.004 0.001 
 140   (0.011) 0.001 0.007 0.001 0.001 

Locus 6 : 
17 alleles
0.0% missing data
 221   (0.020) 0.099 0.005 0.002 0.005 
 232   (0.240) 0.284 0.292 0.410 0.238 
 229   (0.050) 0.067 0.019 0.049 0.049 
 223   (0.056) 0.057 0.041 0.058 0.025 
 230   (0.156) 0.203 0.193 0.134 0.126 
 235   (0.019) 0.025 0.005 0.002 0.013 
 236   (0.042) 0.038 0.034 0.004 0.030 
 227   (0.023) 0.031 0.010 0.002 0.008 
 220   (0.050) 0.005 0.038 0.073 0.116 
 222   (0.044) 0.003 0.041 0.022 0.176 
 234   (0.131) 0.116 0.146 0.118 0.140 
 224   (0.035) 0.003 0.035 0.036 0.017 
 228   (0.059) 0.009 0.107 0.057 0.028 
 225   (0.013) 0.002 0.003 0.001 0.007 
 226   (0.020) 0.002 0.005 0.028 0.015 
 233   (0.023) 0.043 0.013 0.002 0.003 
 231   (0.017) 0.014 0.012 0.001 0.002 

Locus 7 : 
10 alleles
0.0% missing data
 121   (0.689) 0.803 0.799 0.760 0.790 
 129   (0.072) 0.088 0.048 0.125 0.019 
 130   (0.016) 0.003 0.004 0.003 0.012 
 123   (0.102) 0.059 0.081 0.098 0.115 
 128   (0.023) 0.011 0.006 0.001 0.021 
 131   (0.015) 0.002 0.004 0.002 0.017 
 117   (0.013) 0.001 0.008 0.001 0.001 
 125   (0.015) 0.001 0.010 0.001 0.007 
 134   (0.040) 0.022 0.037 0.008 0.015 
 132   (0.014) 0.011 0.004 0.001 0.002 

Locus 8 : 
19 alleles
0.0% missing data
 184   (0.298) 0.438 0.388 0.345 0.470 
 194   (0.046) 0.035 0.046 0.009 0.030 
 178   (0.090) 0.118 0.058 0.190 0.124 
 176   (0.076) 0.122 0.100 0.054 0.019 
 182   (0.079) 0.113 0.068 0.077 0.053 
 190   (0.032) 0.020 0.007 0.015 0.045 
 196   (0.022) 0.002 0.013 0.035 0.002 
 200   (0.029) 0.015 0.019 0.003 0.021 
 180   (0.026) 0.004 0.016 0.004 0.052 
 188   (0.039) 0.011 0.040 0.041 0.011 
 174   (0.040) 0.032 0.043 0.003 0.025 
 186   (0.117) 0.079 0.155 0.174 0.110 
 192   (0.026) 0.006 0.009 0.037 0.012 
 201   (0.012) 0.001 0.004 0.001 0.008 
 199   (0.018) 0.001 0.011 0.004 0.011 
 185   (0.012) 0.001 0.006 0.002 0.001 
 203   (0.012) 0.001 0.006 0.002 0.002 
 198   (0.012) 0.001 0.005 0.003 0.002 
 209   (0.012) 0.001 0.004 0.003 0.002 

Locus 9 : 
6 alleles
0.4% missing data
 154   (0.692) 0.681 0.747 0.799 0.760 
 156   (0.209) 0.253 0.205 0.105 0.217 
 152   (0.044) 0.032 0.021 0.088 0.007 
 153   (0.016) 0.002 0.008 0.003 0.007 
 160   (0.017) 0.001 0.009 0.003 0.005 
 164   (0.022) 0.030 0.010 0.001 0.002 

Locus 10 : 
29 alleles
0.7% missing data
 305   (0.054) 0.039 0.040 0.011 0.214 
 313   (0.049) 0.068 0.042 0.021 0.016 
 311   (0.016) 0.007 0.007 0.002 0.002 
 299   (0.084) 0.152 0.053 0.198 0.080 
 315   (0.071) 0.086 0.088 0.013 0.046 
 287   (0.047) 0.013 0.113 0.017 0.097 
 291   (0.091) 0.076 0.114 0.334 0.032 
 295   (0.033) 0.062 0.045 0.003 0.005 
 289   (0.020) 0.002 0.007 0.017 0.048 
 303   (0.082) 0.223 0.054 0.154 0.042 
 297   (0.032) 0.089 0.007 0.057 0.008 
 293   (0.023) 0.002 0.043 0.002 0.018 
 301   (0.057) 0.034 0.068 0.009 0.074 
 285   (0.020) 0.002 0.006 0.008 0.206 
 307   (0.051) 0.108 0.028 0.049 0.021 
 312   (0.051) 0.005 0.087 0.048 0.033 
 306   (0.024) 0.004 0.043 0.005 0.003 
 320   (0.015) 0.001 0.014 0.001 0.002 
 317   (0.023) 0.005 0.028 0.015 0.003 
 314   (0.024) 0.011 0.022 0.001 0.005 
 323   (0.012) 0.001 0.008 0.001 0.001 
 325   (0.012) 0.001 0.008 0.001 0.001 
 310   (0.019) 0.001 0.018 0.011 0.002 
 309   (0.015) 0.001 0.012 0.001 0.003 
 316   (0.019) 0.001 0.017 0.005 0.002 
 296   (0.012) 0.001 0.007 0.001 0.001 
 304   (0.017) 0.001 0.004 0.007 0.026 
 321   (0.015) 0.001 0.007 0.004 0.007 
 332   (0.015) 0.001 0.008 0.006 0.003 

Locus 11 : 
19 alleles
0.0% missing data
 114   (0.142) 0.235 0.159 0.019 0.205 
 126   (0.020) 0.031 0.004 0.001 0.008 
 111   (0.078) 0.037 0.034 0.556 0.143 
 116   (0.096) 0.188 0.075 0.022 0.081 
 132   (0.013) 0.006 0.003 0.001 0.002 
 109   (0.018) 0.020 0.004 0.003 0.004 
 128   (0.018) 0.003 0.009 0.004 0.002 
 112   (0.339) 0.424 0.513 0.067 0.443 
 122   (0.018) 0.003 0.009 0.002 0.006 
 124   (0.013) 0.001 0.003 0.001 0.010 
 118   (0.052) 0.026 0.037 0.029 0.032 
 127   (0.014) 0.001 0.008 0.001 0.002 
 113   (0.050) 0.004 0.047 0.244 0.023 
 115   (0.036) 0.012 0.041 0.004 0.018 
 120   (0.024) 0.002 0.012 0.030 0.003 
 117   (0.022) 0.002 0.010 0.007 0.009 
 125   (0.018) 0.001 0.019 0.002 0.002 
 119   (0.016) 0.001 0.006 0.007 0.005 
 136   (0.014) 0.003 0.005 0.001 0.003 

Locus 12 : 
28 alleles
0.7% missing data
 306   (0.050) 0.037 0.026 0.014 0.233 
 314   (0.051) 0.061 0.033 0.064 0.012 
 312   (0.014) 0.012 0.003 0.001 0.002 
 300   (0.094) 0.159 0.055 0.196 0.082 
 316   (0.035) 0.081 0.009 0.010 0.032 
 288   (0.048) 0.012 0.108 0.017 0.097 
 292   (0.100) 0.078 0.117 0.335 0.033 
 296   (0.037) 0.062 0.052 0.004 0.005 
 290   (0.020) 0.002 0.007 0.017 0.048 
 304   (0.083) 0.225 0.054 0.153 0.042 
 298   (0.035) 0.090 0.008 0.057 0.008 
 294   (0.025) 0.002 0.043 0.002 0.019 
 302   (0.062) 0.035 0.069 0.009 0.074 
 286   (0.022) 0.002 0.006 0.009 0.214 
 308   (0.032) 0.095 0.014 0.002 0.019 
 313   (0.043) 0.005 0.099 0.004 0.034 
 307   (0.045) 0.014 0.056 0.058 0.005 
 321   (0.015) 0.001 0.014 0.001 0.002 
 315   (0.044) 0.013 0.102 0.004 0.014 
 318   (0.020) 0.002 0.023 0.017 0.002 
 324   (0.013) 0.001 0.008 0.001 0.001 
 326   (0.013) 0.001 0.008 0.001 0.001 
 311   (0.025) 0.003 0.030 0.015 0.003 
 310   (0.015) 0.001 0.012 0.001 0.003 
 305   (0.017) 0.002 0.017 0.002 0.003 
 317   (0.014) 0.001 0.014 0.001 0.002 
 320   (0.013) 0.001 0.006 0.002 0.002 
 322   (0.016) 0.001 0.008 0.004 0.007 

Locus 13 : 
7 alleles
1.1% missing data
 161   (0.566) 0.797 0.596 0.458 0.286 
 163   (0.313) 0.123 0.370 0.472 0.235 
 160   (0.024) 0.003 0.008 0.001 0.230 
 162   (0.021) 0.002 0.005 0.001 0.236 
 165   (0.043) 0.040 0.014 0.066 0.008 
 166   (0.015) 0.005 0.004 0.001 0.002 
 164   (0.018) 0.030 0.003 0.001 0.003 

Locus 14 : 
4 alleles
0.4% missing data
  98   (0.956) 0.986 0.981 0.997 0.995 
 100   (0.014) 0.001 0.008 0.001 0.002 
  96   (0.016) 0.012 0.004 0.001 0.002 
 105   (0.014) 0.001 0.008 0.001 0.001 

Locus 15 : 
12 alleles
2.2% missing data
 171   (0.289) 0.305 0.339 0.328 0.249 
 177   (0.182) 0.125 0.211 0.114 0.278 
 173   (0.256) 0.201 0.287 0.487 0.214 
 179   (0.103) 0.272 0.057 0.037 0.218 
 183   (0.021) 0.017 0.007 0.004 0.006 
 181   (0.046) 0.051 0.031 0.020 0.007 
 197   (0.024) 0.019 0.015 0.003 0.003 
 170   (0.016) 0.001 0.014 0.001 0.002 
 189   (0.016) 0.001 0.006 0.001 0.015 
 203   (0.017) 0.006 0.015 0.001 0.002 
 187   (0.018) 0.001 0.012 0.002 0.005 
 198   (0.013) 0.001 0.006 0.002 0.002 

Values of parameters used in structure:
DATAFILE=STRUCTURE_main_final_278_HEG_ZG.str,	OUTFILE=STRUCTURE_main_final_278_HEG_ZG-K4-11,	NUMINDS=278,	NUMLOCI=15,	MISSING=-9,	LABEL=1,	POPDATA=1,	POPFLAG=0,	PHENOTYPE=0,	EXTRACOLS=0,	MAXPOPS=4,	BURNIN=100000,	NUMREPS=500000,	USEPOPINFO=0,	INFERALPHA=1,	INFERLAMBDA=0,	POPSPECIFICLAMBDA=0,	POPALPHAS=0,	COMPUTEPROB=1,	NOADMIX=0,	ADMBURNIN=2500,	UPDATEFREQ=1,	PRINTLIKES=0,	INTERMEDSAVE=0,	PRINTKLD=0,	PRINTNET=0,	PRINTLAMBDA=0,	ANCESTDIST=0,	NUMBOXES=1000,	ANCESTPINT=0.90000,	GENSBACK=2,	MIGRPRIOR=0.05000,	PRINTQHAT=0,	PRINTQSUM=0,	ALPHA=1.0000,	FREQSCORR=1,	FPRIORMEAN=0.0100,	FPRIORSD=0.0500,	ONEFST=0,	LAMBDA=1.0000,	UNIFPRIORALPHA=1,	ALPHAMAX=10.0000,	ALPHAPRIORA=1.0000,	ALPHAPRIORB=2.0000,	ALPHAPROPSD=0.0250,	STARTATPOPINFO=0,	RANDOMIZE=1,	LINKAGE=0,	METROFREQ=10,	REPORTHITRATE=0,	MARKOVPHASE=-1,	PHASED=0,	PLOIDY=2,	PHASEINFO=0	LOCPRIOR=0, 	LOCPRIORINIT=1.000000, 	LOCDATA=0, 	LOCISPOP=0, 	LOCPRIORSTEP=0.100000, 	MAXLOCPRIOR=20.000000, 	SEED=1782480294,	
[STRAT parameters]:    NUMSIMSTATS=1000,	PHENOTYPECOL=-9,	POOLFREQ=10,	LOCUSxONLY=0,	EMERROR=0.00100,	MISSINGPHENO=-9,	