

----------------------------------------------------
STRUCTURE by Pritchard, Stephens and Donnelly (2000)
     and Falush, Stephens and Pritchard (2003)
       Code by Pritchard, Falush and Hubisz
             Version 2.3.4 (Jul 2012)
----------------------------------------------------



Command line arguments:   structure -K 4 -i STRUCTURE_main_final_278_HEG_ZG.str -o STRUCTURE_main_final_278_HEG_ZG-K4-16 
Input File:    STRUCTURE_main_final_278_HEG_ZG.str

Run parameters:
   278 individuals
   15 loci
   4 populations assumed
   100000 Burn-in period
   500000 Reps


--------------------------------------------
Proportion of membership of each pre-defined
 population in each of the 4 clusters

Given    Inferred Clusters              Number of
 Pop       1      2      3      4      Individuals

  1:     0.545  0.209  0.124  0.122       24
  2:     0.118  0.044  0.090  0.748       24
  3:     0.038  0.266  0.506  0.190       24
  4:     0.320  0.129  0.435  0.116       24
  5:     0.135  0.087  0.541  0.238       24
  6:     0.773  0.049  0.094  0.084       24
  7:     0.867  0.026  0.068  0.040       24
  8:     0.072  0.146  0.735  0.047       14
  9:     0.041  0.417  0.155  0.388       24
 10:     0.035  0.831  0.071  0.062       24
 11:     0.033  0.758  0.087  0.121       24
 12:     0.371  0.152  0.415  0.061       24
--------------------------------------------

Allele-freq. divergence among pops (Net nucleotide distance),
computed using point estimates of P.

      1       2       3       4      
 1      -    0.0606  0.0260  0.0368  
 2   0.0606     -    0.0350  0.0512  
 3   0.0260  0.0350     -    0.0228  
 4   0.0368  0.0512  0.0228     -    

Average distances (expected heterozygosity) between individuals in same cluster:
cluster  1  : 0.6136 
cluster  2  : 0.6205 
cluster  3  : 0.6522 
cluster  4  : 0.6583 

--------------------------------------------
Estimated Ln Prob of Data   = -13171.2
Mean value of ln likelihood = -12753.9
Variance of ln likelihood   = 834.6
Mean value of alpha         = 0.1115

Mean value of Fst_1         = 0.0826
Mean value of Fst_2         = 0.1121
Mean value of Fst_3         = 0.0306
Mean value of Fst_4         = 0.0894


Inferred ancestry of individuals:
        Label (%Miss) Pop:  Inferred clusters
  1 24.0601.E1    (0)    1 :  0.856 0.017 0.020 0.106 
  2 24.0602.E1    (0)    1 :  0.756 0.138 0.071 0.036 
  3 24.0603.E1    (0)    1 :  0.885 0.020 0.069 0.027 
  4 24.0604.E1    (0)    1 :  0.370 0.218 0.241 0.171 
  5 24.0605.E1    (0)    1 :  0.796 0.048 0.024 0.131 
  6 24.0606.E1    (0)    1 :  0.732 0.093 0.091 0.085 
  7 24.0607.E1    (0)    1 :  0.543 0.064 0.058 0.335 
  8 24.0608.E1    (0)    1 :  0.643 0.309 0.028 0.021 
  9 24.0609.E1    (0)    1 :  0.081 0.653 0.249 0.017 
 10 24.0610.E1    (0)    1 :  0.329 0.469 0.183 0.019 
 11 24.0611.E1    (0)    1 :  0.605 0.182 0.077 0.136 
 12 24.0612.E1    (0)    1 :  0.827 0.016 0.023 0.135 
 13 24.0613.E1    (0)    1 :  0.687 0.159 0.097 0.057 
 14 24.0614.E1    (0)    1 :  0.690 0.246 0.022 0.043 
 15 24.0615.E1    (0)    1 :  0.450 0.437 0.032 0.081 
 16 24.0616.E1    (0)    1 :  0.650 0.068 0.029 0.254 
 17 24.0617.E1    (0)    1 :  0.160 0.706 0.030 0.104 
 18 24.0618.E1    (0)    1 :  0.246 0.507 0.128 0.118 
 19 24.0619.E1    (0)    1 :  0.102 0.054 0.657 0.187 
 20 24.0620.E1   (20)    1 :  0.758 0.092 0.098 0.052 
 21 24.0621.E1    (0)    1 :  0.022 0.301 0.540 0.136 
 22 24.0622.E1    (0)    1 :  0.729 0.029 0.081 0.161 
 23 24.0623.E1    (0)    1 :  0.366 0.094 0.103 0.437 
 24 24.0624.E1    (0)    1 :  0.795 0.089 0.036 0.080 
 25 24.0625.E1    (0)    2 :  0.162 0.065 0.058 0.715 
 26 24.0626.E1    (0)    2 :  0.090 0.041 0.019 0.850 
 27 24.0627.E1    (0)    2 :  0.033 0.015 0.259 0.692 
 28 24.0628.E1    (0)    2 :  0.282 0.172 0.214 0.332 
 29 24.0629.E1    (0)    2 :  0.048 0.021 0.027 0.903 
 30 24.0630.E1    (0)    2 :  0.154 0.021 0.031 0.795 
 31 24.0631.E1    (0)    2 :  0.027 0.007 0.012 0.953 
 32 24.0632.E1    (0)    2 :  0.084 0.013 0.018 0.886 
 33 24.0633.E1    (0)    2 :  0.194 0.109 0.216 0.481 
 34 24.0634.E1    (0)    2 :  0.019 0.015 0.021 0.945 
 35 24.0635.E1    (0)    2 :  0.082 0.053 0.287 0.578 
 36 24.0636.E1   (33)    2 :  0.827 0.019 0.081 0.073 
 37 24.0637.E1    (0)    2 :  0.017 0.007 0.014 0.962 
 38 24.0638.E1    (0)    2 :  0.017 0.013 0.147 0.824 
 39 24.0639.E1    (0)    2 :  0.057 0.045 0.019 0.879 
 40 24.0640.E1    (0)    2 :  0.031 0.013 0.017 0.939 
 41 24.0641.E1    (0)    2 :  0.065 0.046 0.268 0.622 
 42 24.0642.E1    (0)    2 :  0.336 0.011 0.166 0.487 
 43 24.0643.E1    (0)    2 :  0.095 0.018 0.128 0.758 
 44 24.0644.E1    (0)    2 :  0.023 0.113 0.040 0.825 
 45 24.0645.E1    (0)    2 :  0.136 0.102 0.052 0.710 
 46 24.0646.E1    (0)    2 :  0.024 0.112 0.039 0.825 
 47 24.0647.E1    (0)    2 :  0.017 0.007 0.014 0.962 
 48 24.0648.E1    (0)    2 :  0.016 0.007 0.014 0.963 
 49 24.0649.E1    (0)    3 :  0.012 0.102 0.863 0.023 
 50 24.0650.E1    (0)    3 :  0.085 0.471 0.433 0.011 
 51 24.0651.E1    (0)    3 :  0.031 0.055 0.244 0.670 
 52 24.0652.E1    (0)    3 :  0.024 0.431 0.528 0.017 
 53 24.0653.E1    (0)    3 :  0.012 0.063 0.474 0.451 
 54 24.0654.E1    (0)    3 :  0.014 0.461 0.495 0.030 
 55 24.0655.E1    (0)    3 :  0.070 0.278 0.373 0.279 
 56 24.0656.E1    (0)    3 :  0.048 0.502 0.431 0.018 
 57 24.0657.E1    (0)    3 :  0.044 0.484 0.455 0.017 
 58 24.0658.E1    (0)    3 :  0.041 0.248 0.667 0.044 
 59 24.0659.E1    (0)    3 :  0.027 0.230 0.554 0.189 
 60 24.0660.E1    (6)    3 :  0.037 0.029 0.896 0.037 
 61 24.0661.E1    (0)    3 :  0.065 0.682 0.235 0.018 
 62 24.0662.E1    (0)    3 :  0.076 0.175 0.280 0.468 
 63 24.0663.E1    (0)    3 :  0.014 0.905 0.064 0.017 
 64 24.0664.E1    (0)    3 :  0.032 0.249 0.693 0.026 
 65 24.0665.E1    (0)    3 :  0.134 0.143 0.698 0.025 
 66 24.0666.E1    (0)    3 :  0.017 0.031 0.447 0.505 
 67 24.0667.E1    (0)    3 :  0.014 0.025 0.557 0.405 
 68 24.0668.E1    (0)    3 :  0.009 0.017 0.440 0.533 
 69 24.0669.E1    (0)    3 :  0.011 0.019 0.439 0.531 
 70 24.0670.E1    (0)    3 :  0.030 0.406 0.423 0.141 
 71 24.0671.E1    (0)    3 :  0.035 0.354 0.535 0.076 
 72 24.0672.E1    (0)    3 :  0.027 0.019 0.918 0.037 
 73 24.0673.E1    (6)    4 :  0.817 0.093 0.056 0.034 
 74 24.0674.E1    (0)    4 :  0.856 0.029 0.086 0.029 
 75 24.0675.E1    (0)    4 :  0.255 0.375 0.322 0.049 
 76 24.0676.E1    (0)    4 :  0.092 0.589 0.293 0.026 
 77 24.0677.E1    (0)    4 :  0.123 0.664 0.156 0.057 
 78 24.0678.E1    (0)    4 :  0.176 0.036 0.235 0.552 
 79 24.0679.E1    (0)    4 :  0.075 0.086 0.806 0.033 
 80 24.0680.E1    (0)    4 :  0.035 0.018 0.921 0.027 
 81 24.0681.E1    (0)    4 :  0.211 0.023 0.741 0.025 
 82 24.0682.E1    (0)    4 :  0.312 0.039 0.626 0.022 
 83 24.0683.E1    (0)    4 :  0.915 0.020 0.047 0.018 
 84 24.0684.E1    (0)    4 :  0.820 0.024 0.094 0.062 
 85 24.0685.E1    (0)    4 :  0.393 0.024 0.536 0.047 
 86 24.0686.E1    (0)    4 :  0.055 0.030 0.358 0.556 
 87 24.0687.E1    (0)    4 :  0.067 0.033 0.243 0.657 
 88 24.0688.E1    (0)    4 :  0.243 0.020 0.716 0.022 
 89 24.0689.E1    (0)    4 :  0.217 0.538 0.191 0.054 
 90 24.0690.E1    (0)    4 :  0.051 0.021 0.562 0.366 
 91 24.0691.E1    (0)    4 :  0.438 0.064 0.470 0.028 
 92 24.0692.E1    (0)    4 :  0.109 0.080 0.794 0.017 
 93 24.0693.E1    (0)    4 :  0.478 0.151 0.351 0.020 
 94 24.0694.E1    (0)    4 :  0.234 0.022 0.725 0.019 
 95 24.0695.E1    (0)    4 :  0.330 0.081 0.569 0.020 
 96 24.0696.E1    (0)    4 :  0.385 0.036 0.536 0.043 
 97 24.0697.E1    (0)    5 :  0.254 0.056 0.612 0.078 
 98 24.0698.E1    (0)    5 :  0.368 0.141 0.169 0.322 
 99 24.0699.E1    (0)    5 :  0.075 0.153 0.290 0.483 
100 24.0700.E1    (0)    5 :  0.020 0.021 0.929 0.030 
101 24.0701.E1    (0)    5 :  0.045 0.033 0.396 0.526 
102 24.0702.E1    (0)    5 :  0.062 0.021 0.801 0.116 
103 24.0703.E1    (0)    5 :  0.043 0.091 0.262 0.604 
104 24.0704.E1    (6)    5 :  0.081 0.107 0.227 0.585 
105 24.0705.E1    (0)    5 :  0.126 0.015 0.823 0.036 
106 24.0706.E1    (0)    5 :  0.019 0.023 0.940 0.018 
107 24.0707.E1    (0)    5 :  0.070 0.017 0.774 0.139 
108 24.0708.E1    (0)    5 :  0.138 0.302 0.037 0.524 
109 24.0709.E1    (0)    5 :  0.041 0.293 0.638 0.029 
110 24.0710.E1    (0)    5 :  0.426 0.133 0.184 0.256 
111 24.0711.E1    (0)    5 :  0.140 0.030 0.494 0.336 
112 24.0712.E1    (0)    5 :  0.041 0.016 0.387 0.556 
113 24.0713.E1    (0)    5 :  0.032 0.079 0.865 0.024 
114 24.0714.E1    (0)    5 :  0.060 0.077 0.690 0.173 
115 24.0715.E1    (0)    5 :  0.771 0.037 0.152 0.039 
116 24.0716.E1    (0)    5 :  0.091 0.107 0.319 0.484 
117 24.0717.E1    (0)    5 :  0.246 0.201 0.388 0.166 
118 24.0718.E1    (0)    5 :  0.030 0.013 0.898 0.058 
119 24.0719.E1    (0)    5 :  0.025 0.040 0.851 0.084 
120 24.0720.E1    (0)    5 :  0.029 0.081 0.850 0.041 
121 24.0721.E1    (0)    6 :  0.702 0.083 0.158 0.057 
122 24.0722.E1    (0)    6 :  0.681 0.017 0.036 0.266 
123 24.0723.E1    (0)    6 :  0.428 0.139 0.036 0.397 
124 24.0724.E1    (0)    6 :  0.795 0.105 0.040 0.060 
125 24.0725.E1    (0)    6 :  0.773 0.062 0.080 0.084 
126 24.0726.E1    (6)    6 :  0.791 0.021 0.162 0.025 
127 24.0727.E1    (0)    6 :  0.884 0.041 0.038 0.038 
128 24.0728.E1    (0)    6 :  0.776 0.047 0.047 0.131 
129 24.0729.E1    (0)    6 :  0.806 0.045 0.115 0.034 
130 24.0730.E1    (0)    6 :  0.550 0.158 0.207 0.086 
131 24.0731.E1    (0)    6 :  0.678 0.020 0.285 0.017 
132 24.0732.E1    (0)    6 :  0.934 0.014 0.035 0.018 
133 24.0733.E1    (0)    6 :  0.956 0.012 0.016 0.016 
134 24.0734.E1    (0)    6 :  0.934 0.015 0.028 0.022 
135 24.0735.E1    (0)    6 :  0.870 0.038 0.036 0.056 
136 24.0736.E1    (0)    6 :  0.949 0.015 0.015 0.021 
137 24.0737.E1    (0)    6 :  0.508 0.038 0.110 0.344 
138 24.0738.E1    (0)    6 :  0.920 0.025 0.033 0.022 
139 24.0739.E1    (0)    6 :  0.697 0.029 0.182 0.091 
140 24.0740.E1    (0)    6 :  0.637 0.071 0.243 0.049 
141 24.0741.E1    (0)    6 :  0.910 0.018 0.048 0.023 
142 24.0742.E1    (0)    6 :  0.955 0.013 0.016 0.016 
143 24.0743.E1    (0)    6 :  0.851 0.066 0.068 0.016 
144 24.0744.E1    (0)    6 :  0.580 0.074 0.209 0.137 
145 24.0745.E1    (0)    7 :  0.881 0.035 0.058 0.025 
146 24.0746.E1    (0)    7 :  0.761 0.027 0.057 0.155 
147 24.0747.E1    (0)    7 :  0.854 0.036 0.094 0.016 
148 24.0748.E1    (6)    7 :  0.773 0.063 0.145 0.019 
149 24.0749.E1    (0)    7 :  0.953 0.013 0.014 0.020 
150 24.0750.E1    (0)    7 :  0.686 0.040 0.239 0.035 
151 24.0751.E1    (0)    7 :  0.958 0.012 0.013 0.018 
152 24.0752.E1    (0)    7 :  0.964 0.010 0.010 0.015 
153 24.0753.E1    (0)    7 :  0.853 0.013 0.015 0.119 
154 24.0754.E1    (0)    7 :  0.953 0.016 0.018 0.014 
155 24.0755.E1    (0)    7 :  0.836 0.059 0.074 0.031 
156 24.0756.E1    (0)    7 :  0.945 0.027 0.013 0.014 
157 24.0757.E1    (0)    7 :  0.967 0.009 0.012 0.012 
158 24.0758.E1    (0)    7 :  0.966 0.010 0.012 0.012 
159 24.0759.E1    (0)    7 :  0.955 0.015 0.017 0.013 
160 24.0760.E1    (0)    7 :  0.704 0.016 0.047 0.234 
161 24.0761.E1    (0)    7 :  0.954 0.012 0.011 0.023 
162 24.0762.E1    (0)    7 :  0.254 0.087 0.580 0.080 
163 24.0763.E1    (0)    7 :  0.964 0.012 0.012 0.011 
164 24.0764.E1    (0)    7 :  0.964 0.010 0.012 0.014 
165 24.0765.E1    (0)    7 :  0.927 0.017 0.018 0.038 
166 24.0766.E1    (0)    7 :  0.963 0.012 0.013 0.012 
167 24.0767.E1    (0)    7 :  0.968 0.011 0.011 0.010 
168 24.0768.E1    (0)    7 :  0.794 0.059 0.127 0.020 
169 24.0779.E1    (0)    8 :  0.115 0.038 0.774 0.073 
170 24.0780.E1    (6)    8 :  0.014 0.370 0.595 0.022 
171 24.0781.E1    (0)    8 :  0.013 0.027 0.944 0.016 
172 24.0782.E1    (0)    8 :  0.547 0.069 0.271 0.113 
173 24.0783.E1    (0)    8 :  0.016 0.183 0.770 0.031 
174 24.0784.E1    (0)    8 :  0.016 0.100 0.847 0.037 
175 24.0785.E1    (0)    8 :  0.014 0.310 0.649 0.027 
176 24.0786.E1    (0)    8 :  0.053 0.215 0.706 0.025 
177 24.0787.E1    (0)    8 :  0.046 0.033 0.863 0.057 
178 24.0788.E1    (0)    8 :  0.018 0.204 0.751 0.027 
179 24.0789.E1    (0)    8 :  0.083 0.286 0.470 0.161 
180 24.0790.E1    (0)    8 :  0.010 0.056 0.915 0.019 
181 24.0791.E1    (0)    8 :  0.016 0.019 0.926 0.039 
182 24.0792.E1    (0)    8 :  0.044 0.128 0.812 0.016 
183 24.0793.E1    (0)    9 :  0.019 0.264 0.027 0.690 
184 24.0794.E1    (0)    9 :  0.203 0.565 0.194 0.037 
185 24.0795.E1    (0)    9 :  0.211 0.151 0.092 0.545 
186 24.0796.E1    (0)    9 :  0.015 0.857 0.105 0.023 
187 24.0797.E1    (0)    9 :  0.013 0.618 0.075 0.294 
188 24.0798.E1    (0)    9 :  0.048 0.211 0.274 0.467 
189 24.0799.E1    (0)    9 :  0.022 0.337 0.067 0.574 
190 24.0800.E1    (0)    9 :  0.026 0.872 0.072 0.030 
191 24.0801.E1    (0)    9 :  0.017 0.131 0.300 0.552 
192 24.0802.E1    (0)    9 :  0.016 0.247 0.040 0.697 
193 24.0803.E1    (0)    9 :  0.014 0.136 0.054 0.796 
194 24.0804.E1    (0)    9 :  0.012 0.629 0.017 0.342 
195 24.0805.E1    (0)    9 :  0.032 0.178 0.616 0.173 
196 24.0806.E1    (0)    9 :  0.017 0.070 0.020 0.892 
197 24.0807.E1    (0)    9 :  0.013 0.395 0.037 0.555 
198 24.0808.E1    (0)    9 :  0.025 0.480 0.451 0.044 
199 24.0809.E1    (0)    9 :  0.068 0.484 0.392 0.056 
200 24.0810.E1    (0)    9 :  0.081 0.350 0.062 0.508 
201 24.0811.E1    (0)    9 :  0.027 0.714 0.031 0.228 
202 24.0812.E1    (0)    9 :  0.033 0.765 0.149 0.054 
203 24.0813.E1    (0)    9 :  0.021 0.256 0.371 0.352 
204 24.0814.E1    (6)    9 :  0.012 0.782 0.060 0.146 
205 24.0815.E1    (0)    9 :  0.016 0.219 0.170 0.594 
206 24.0816.E1    (0)    9 :  0.012 0.288 0.044 0.657 
207 24.0817.E1    (0)   10 :  0.019 0.929 0.027 0.024 
208 24.0818.E1    (0)   10 :  0.052 0.860 0.049 0.040 
209 24.0819.E1    (0)   10 :  0.077 0.373 0.120 0.431 
210 24.0820.E1    (0)   10 :  0.156 0.796 0.018 0.031 
211 24.0821.E1    (0)   10 :  0.019 0.446 0.381 0.155 
212 24.0822.E1    (0)   10 :  0.025 0.940 0.024 0.012 
213 24.0823.E1    (0)   10 :  0.051 0.903 0.019 0.028 
214 24.0824.E1    (0)   10 :  0.036 0.476 0.196 0.292 
215 24.0825.E1    (0)   10 :  0.016 0.947 0.022 0.014 
216 24.0826.E1    (0)   10 :  0.078 0.864 0.030 0.028 
217 24.0827.E1    (0)   10 :  0.023 0.916 0.025 0.036 
218 24.0828.E1    (0)   10 :  0.025 0.914 0.035 0.026 
219 24.0829.E1    (0)   10 :  0.018 0.943 0.019 0.019 
220 24.0830.E1    (0)   10 :  0.012 0.823 0.148 0.017 
221 24.0831.E1    (0)   10 :  0.010 0.684 0.291 0.016 
222 24.0832.E1    (0)   10 :  0.011 0.966 0.014 0.009 
223 24.0833.E1    (0)   10 :  0.011 0.964 0.016 0.009 
224 24.0834.E1    (0)   10 :  0.018 0.951 0.019 0.013 
225 24.0835.E1    (0)   10 :  0.016 0.937 0.022 0.026 
226 24.0836.E1    (0)   10 :  0.030 0.903 0.045 0.022 
227 24.0837.E1    (0)   10 :  0.016 0.943 0.029 0.012 
228 24.0838.E1    (0)   10 :  0.021 0.933 0.034 0.012 
229 24.0839.E1    (0)   10 :  0.096 0.689 0.106 0.110 
230 24.0840.E1    (0)   10 :  0.018 0.853 0.018 0.111 
231 24.0841.E1    (0)   11 :  0.046 0.924 0.019 0.011 
232 24.0842.E1    (0)   11 :  0.030 0.833 0.064 0.074 
233 24.0843.E1    (0)   11 :  0.021 0.764 0.106 0.108 
234 24.0844.E1    (0)   11 :  0.027 0.575 0.229 0.170 
235 24.0845.E1    (0)   11 :  0.013 0.889 0.079 0.018 
236 24.0846.E1    (0)   11 :  0.021 0.917 0.032 0.031 
237 24.0847.E1    (0)   11 :  0.048 0.886 0.044 0.022 
238 24.0848.E1    (0)   11 :  0.013 0.914 0.055 0.018 
239 24.0849.E1    (0)   11 :  0.015 0.958 0.014 0.013 
240 24.0850.E1    (0)   11 :  0.015 0.958 0.014 0.013 
241 24.0851.E1    (0)   11 :  0.015 0.958 0.014 0.013 
242 24.0852.E1    (0)   11 :  0.026 0.914 0.047 0.013 
243 24.0853.E1    (0)   11 :  0.014 0.958 0.014 0.014 
244 24.0854.E1    (0)   11 :  0.019 0.285 0.375 0.321 
245 24.0855.E1    (0)   11 :  0.015 0.956 0.015 0.014 
246 24.0856.E1    (0)   11 :  0.102 0.103 0.090 0.705 
247 24.0857.E1    (0)   11 :  0.030 0.898 0.034 0.037 
248 24.0858.E1    (0)   11 :  0.029 0.905 0.041 0.025 
249 24.0859.E1    (0)   11 :  0.067 0.874 0.020 0.040 
250 24.0860.E1    (0)   11 :  0.035 0.247 0.055 0.663 
251 24.0861.E1    (0)   11 :  0.017 0.955 0.015 0.014 
252 24.0862.E1    (0)   11 :  0.024 0.376 0.066 0.534 
253 24.0863.E1    (0)   11 :  0.017 0.955 0.015 0.014 
254 24.0864.E1    (0)   11 :  0.142 0.196 0.642 0.021 
255 24.0865.E1    (0)   12 :  0.288 0.513 0.164 0.035 
256 24.0866.E1    (0)   12 :  0.157 0.574 0.220 0.050 
257 24.0867.E1    (0)   12 :  0.294 0.389 0.248 0.069 
258 24.0868.E1    (0)   12 :  0.044 0.106 0.805 0.045 
259 24.0869.E1    (0)   12 :  0.040 0.229 0.680 0.051 
260 24.0870.E1    (0)   12 :  0.080 0.066 0.665 0.188 
261 24.0871.E1    (0)   12 :  0.093 0.067 0.700 0.140 
262 24.0872.E1    (0)   12 :  0.181 0.130 0.666 0.023 
263 24.0873.E1    (0)   12 :  0.086 0.238 0.644 0.032 
264 24.0874.E1    (0)   12 :  0.265 0.517 0.176 0.042 
265 24.0875.E1    (0)   12 :  0.021 0.026 0.900 0.052 
266 24.0876.E1    (0)   12 :  0.142 0.013 0.805 0.040 
267 24.0877.E1    (0)   12 :  0.934 0.020 0.026 0.020 
268 24.0878.E1    (0)   12 :  0.549 0.147 0.282 0.022 
269 24.0879.E1    (0)   12 :  0.416 0.019 0.322 0.243 
270 24.0880.E1    (0)   12 :  0.037 0.433 0.495 0.036 
271 24.0881.E1    (0)   12 :  0.903 0.032 0.018 0.047 
272 24.0882.E1    (0)   12 :  0.959 0.012 0.014 0.014 
273 24.0883.E1    (0)   12 :  0.704 0.022 0.148 0.126 
274 24.0884.E1    (0)   12 :  0.890 0.027 0.067 0.016 
275 24.0885.E1    (0)   12 :  0.359 0.026 0.586 0.029 
276 24.0886.E1    (0)   12 :  0.627 0.020 0.325 0.027 
277 24.0887.E1    (0)   12 :  0.828 0.012 0.059 0.102 
278 24.0888.E1    (0)   12 :  0.015 0.022 0.941 0.022 


Estimated Allele Frequencies in each cluster
First column gives estimated ancestral frequencies


Locus 1 : 
31 alleles
0.0% missing data
 115   (0.040) 0.092 0.008 0.046 0.012 
 117   (0.034) 0.204 0.005 0.024 0.009 
 119   (0.039) 0.268 0.003 0.013 0.135 
 131   (0.019) 0.024 0.002 0.008 0.002 
 128   (0.035) 0.012 0.023 0.044 0.006 
 135   (0.018) 0.029 0.003 0.008 0.003 
 126   (0.070) 0.054 0.167 0.072 0.038 
 122   (0.024) 0.003 0.005 0.013 0.124 
 132   (0.031) 0.007 0.028 0.025 0.008 
 141   (0.011) 0.003 0.001 0.003 0.005 
 130   (0.054) 0.015 0.023 0.085 0.035 
 134   (0.038) 0.003 0.038 0.025 0.068 
 145   (0.026) 0.008 0.019 0.017 0.012 
 127   (0.022) 0.082 0.001 0.007 0.019 
 116   (0.115) 0.034 0.193 0.191 0.155 
 114   (0.045) 0.005 0.146 0.031 0.078 
 120   (0.038) 0.006 0.004 0.052 0.066 
 110   (0.046) 0.030 0.046 0.031 0.035 
 133   (0.017) 0.007 0.001 0.005 0.007 
 118   (0.115) 0.024 0.228 0.224 0.153 
 125   (0.014) 0.001 0.008 0.005 0.005 
 129   (0.020) 0.029 0.001 0.010 0.003 
 124   (0.018) 0.003 0.002 0.015 0.006 
 136   (0.024) 0.003 0.034 0.019 0.003 
 121   (0.014) 0.030 0.001 0.003 0.001 
 139   (0.012) 0.004 0.001 0.004 0.002 
 113   (0.012) 0.006 0.001 0.002 0.001 
 111   (0.011) 0.006 0.001 0.002 0.001 
 143   (0.012) 0.006 0.001 0.002 0.001 
 140   (0.014) 0.001 0.002 0.012 0.004 
 112   (0.012) 0.001 0.006 0.003 0.001 

Locus 2 : 
18 alleles
0.0% missing data
 152   (0.361) 0.670 0.316 0.380 0.474 
 148   (0.071) 0.120 0.006 0.062 0.121 
 154   (0.111) 0.054 0.134 0.107 0.163 
 156   (0.017) 0.004 0.003 0.006 0.008 
 150   (0.025) 0.022 0.001 0.006 0.032 
 164   (0.074) 0.057 0.081 0.065 0.031 
 158   (0.034) 0.011 0.004 0.022 0.048 
 160   (0.019) 0.009 0.002 0.012 0.003 
 166   (0.020) 0.002 0.002 0.013 0.019 
 151   (0.074) 0.006 0.309 0.135 0.035 
 147   (0.069) 0.006 0.120 0.114 0.040 
 168   (0.023) 0.002 0.005 0.020 0.006 
 153   (0.017) 0.002 0.003 0.011 0.004 
 149   (0.024) 0.007 0.001 0.020 0.005 
 162   (0.019) 0.003 0.009 0.008 0.008 
 167   (0.015) 0.012 0.001 0.003 0.002 
 146   (0.014) 0.012 0.001 0.003 0.001 
 172   (0.015) 0.001 0.001 0.014 0.002 

Locus 3 : 
4 alleles
0.0% missing data
 128   (0.295) 0.318 0.352 0.278 0.265 
 126   (0.613) 0.651 0.562 0.665 0.657 
 132   (0.076) 0.030 0.085 0.050 0.065 
 134   (0.016) 0.001 0.001 0.007 0.013 

Locus 4 : 
3 alleles
0.0% missing data
 170   (0.311) 0.280 0.324 0.285 0.359 
 172   (0.674) 0.718 0.675 0.710 0.637 
 171   (0.014) 0.002 0.002 0.004 0.005 

Locus 5 : 
37 alleles
0.0% missing data
 125   (0.051) 0.048 0.070 0.039 0.072 
 110   (0.032) 0.014 0.067 0.019 0.026 
 129   (0.040) 0.021 0.048 0.046 0.018 
 113   (0.038) 0.008 0.036 0.059 0.032 
 145   (0.052) 0.170 0.027 0.079 0.015 
 155   (0.049) 0.068 0.039 0.030 0.146 
 117   (0.030) 0.045 0.003 0.042 0.010 
 124   (0.011) 0.010 0.001 0.003 0.002 
 133   (0.031) 0.051 0.004 0.050 0.007 
 157   (0.052) 0.022 0.043 0.085 0.061 
 141   (0.015) 0.002 0.003 0.023 0.002 
 112   (0.058) 0.119 0.128 0.039 0.121 
 121   (0.021) 0.003 0.024 0.011 0.019 
 114   (0.037) 0.120 0.050 0.029 0.010 
 153   (0.054) 0.023 0.088 0.076 0.083 
 127   (0.062) 0.081 0.131 0.089 0.037 
 131   (0.055) 0.106 0.052 0.036 0.148 
 135   (0.029) 0.005 0.047 0.039 0.008 
 104   (0.011) 0.002 0.001 0.004 0.004 
 118   (0.020) 0.006 0.001 0.014 0.012 
 116   (0.028) 0.007 0.008 0.021 0.039 
 137   (0.021) 0.007 0.002 0.010 0.080 
 123   (0.021) 0.005 0.051 0.009 0.009 
 149   (0.010) 0.001 0.003 0.005 0.001 
 138   (0.016) 0.001 0.004 0.028 0.002 
 143   (0.026) 0.029 0.038 0.013 0.006 
 163   (0.011) 0.001 0.001 0.004 0.007 
 109   (0.012) 0.003 0.001 0.011 0.001 
 139   (0.010) 0.001 0.001 0.007 0.002 
 106   (0.010) 0.001 0.001 0.007 0.002 
 144   (0.015) 0.001 0.003 0.022 0.003 
 122   (0.011) 0.012 0.001 0.003 0.001 
 100   (0.017) 0.001 0.015 0.014 0.008 
 111   (0.014) 0.001 0.002 0.019 0.001 
 233   (0.010) 0.001 0.003 0.005 0.002 
 134   (0.010) 0.001 0.004 0.004 0.001 
 140   (0.010) 0.001 0.001 0.007 0.001 

Locus 6 : 
17 alleles
0.0% missing data
 221   (0.020) 0.102 0.002 0.005 0.005 
 232   (0.235) 0.292 0.421 0.277 0.237 
 229   (0.053) 0.067 0.048 0.022 0.047 
 223   (0.059) 0.053 0.057 0.043 0.033 
 230   (0.154) 0.203 0.137 0.196 0.123 
 235   (0.019) 0.026 0.002 0.005 0.012 
 236   (0.041) 0.039 0.005 0.035 0.026 
 227   (0.023) 0.031 0.002 0.011 0.007 
 220   (0.050) 0.004 0.071 0.039 0.113 
 222   (0.044) 0.003 0.016 0.044 0.169 
 234   (0.130) 0.110 0.110 0.152 0.148 
 224   (0.036) 0.003 0.036 0.032 0.022 
 228   (0.061) 0.008 0.060 0.101 0.034 
 225   (0.013) 0.002 0.001 0.003 0.006 
 226   (0.020) 0.002 0.029 0.005 0.014 
 233   (0.024) 0.043 0.002 0.014 0.003 
 231   (0.018) 0.011 0.001 0.015 0.002 

Locus 7 : 
10 alleles
0.0% missing data
 121   (0.689) 0.805 0.762 0.803 0.781 
 129   (0.073) 0.087 0.128 0.048 0.022 
 130   (0.016) 0.002 0.002 0.004 0.013 
 123   (0.100) 0.060 0.097 0.075 0.118 
 128   (0.023) 0.011 0.001 0.006 0.020 
 131   (0.016) 0.002 0.002 0.004 0.016 
 117   (0.014) 0.001 0.001 0.008 0.001 
 125   (0.015) 0.001 0.001 0.008 0.010 
 134   (0.040) 0.019 0.006 0.041 0.016 
 132   (0.015) 0.011 0.001 0.004 0.002 

Locus 8 : 
19 alleles
0.0% missing data
 184   (0.296) 0.437 0.335 0.391 0.478 
 194   (0.047) 0.034 0.009 0.048 0.029 
 178   (0.090) 0.119 0.193 0.059 0.114 
 176   (0.078) 0.124 0.056 0.101 0.019 
 182   (0.081) 0.115 0.073 0.069 0.058 
 190   (0.032) 0.020 0.013 0.008 0.045 
 196   (0.021) 0.002 0.037 0.011 0.002 
 200   (0.029) 0.015 0.002 0.017 0.024 
 180   (0.024) 0.004 0.003 0.013 0.053 
 188   (0.039) 0.011 0.043 0.038 0.009 
 174   (0.041) 0.030 0.003 0.046 0.023 
 186   (0.118) 0.076 0.178 0.158 0.105 
 192   (0.026) 0.006 0.037 0.008 0.012 
 201   (0.012) 0.001 0.001 0.003 0.008 
 199   (0.017) 0.001 0.004 0.009 0.014 
 185   (0.012) 0.001 0.003 0.005 0.001 
 203   (0.012) 0.001 0.002 0.006 0.001 
 198   (0.012) 0.001 0.003 0.006 0.002 
 209   (0.012) 0.001 0.003 0.004 0.003 

Locus 9 : 
6 alleles
0.4% missing data
 154   (0.687) 0.685 0.809 0.738 0.749 
 156   (0.211) 0.252 0.095 0.210 0.227 
 152   (0.045) 0.031 0.087 0.024 0.007 
 153   (0.016) 0.002 0.003 0.008 0.007 
 160   (0.017) 0.001 0.004 0.008 0.007 
 164   (0.024) 0.029 0.001 0.012 0.003 

Locus 10 : 
29 alleles
0.7% missing data
 305   (0.054) 0.043 0.011 0.039 0.200 
 313   (0.050) 0.070 0.024 0.040 0.015 
 311   (0.017) 0.008 0.002 0.007 0.002 
 299   (0.085) 0.155 0.197 0.048 0.092 
 315   (0.068) 0.089 0.012 0.088 0.043 
 287   (0.045) 0.012 0.016 0.085 0.134 
 291   (0.095) 0.065 0.327 0.138 0.028 
 295   (0.034) 0.049 0.003 0.060 0.005 
 289   (0.019) 0.002 0.008 0.008 0.056 
 303   (0.072) 0.237 0.162 0.045 0.031 
 297   (0.032) 0.092 0.057 0.007 0.008 
 293   (0.023) 0.002 0.002 0.048 0.011 
 301   (0.058) 0.033 0.011 0.069 0.068 
 285   (0.021) 0.002 0.005 0.005 0.197 
 307   (0.054) 0.106 0.049 0.034 0.020 
 312   (0.051) 0.005 0.049 0.090 0.027 
 306   (0.024) 0.003 0.005 0.044 0.003 
 320   (0.014) 0.001 0.001 0.014 0.001 
 317   (0.022) 0.005 0.024 0.020 0.003 
 314   (0.025) 0.010 0.002 0.022 0.006 
 323   (0.012) 0.001 0.001 0.008 0.001 
 325   (0.012) 0.001 0.001 0.008 0.001 
 310   (0.020) 0.002 0.012 0.017 0.002 
 309   (0.015) 0.001 0.001 0.013 0.003 
 316   (0.020) 0.001 0.006 0.016 0.002 
 296   (0.013) 0.001 0.001 0.008 0.001 
 304   (0.016) 0.001 0.005 0.004 0.028 
 321   (0.015) 0.001 0.003 0.008 0.007 
 332   (0.015) 0.001 0.004 0.010 0.003 

Locus 11 : 
19 alleles
0.0% missing data
 114   (0.141) 0.236 0.018 0.167 0.191 
 126   (0.020) 0.032 0.001 0.005 0.007 
 111   (0.084) 0.037 0.548 0.038 0.153 
 116   (0.094) 0.188 0.018 0.079 0.085 
 132   (0.014) 0.006 0.001 0.003 0.002 
 109   (0.019) 0.019 0.003 0.005 0.004 
 128   (0.018) 0.003 0.004 0.010 0.002 
 112   (0.342) 0.424 0.075 0.508 0.434 
 122   (0.018) 0.003 0.002 0.010 0.005 
 124   (0.014) 0.002 0.001 0.003 0.009 
 118   (0.050) 0.026 0.024 0.037 0.037 
 127   (0.013) 0.001 0.001 0.008 0.001 
 113   (0.043) 0.003 0.255 0.035 0.023 
 115   (0.035) 0.010 0.004 0.039 0.024 
 120   (0.024) 0.002 0.029 0.013 0.003 
 117   (0.022) 0.002 0.006 0.010 0.010 
 125   (0.018) 0.001 0.002 0.019 0.002 
 119   (0.017) 0.001 0.007 0.007 0.004 
 136   (0.014) 0.003 0.001 0.005 0.003 

Locus 12 : 
28 alleles
0.7% missing data
 306   (0.050) 0.041 0.013 0.025 0.221 
 314   (0.048) 0.062 0.067 0.029 0.012 
 312   (0.014) 0.012 0.001 0.003 0.001 
 300   (0.090) 0.162 0.195 0.049 0.093 
 316   (0.037) 0.084 0.010 0.010 0.028 
 288   (0.045) 0.011 0.016 0.081 0.133 
 292   (0.101) 0.066 0.328 0.141 0.029 
 296   (0.040) 0.049 0.004 0.066 0.006 
 290   (0.019) 0.002 0.008 0.008 0.056 
 304   (0.079) 0.239 0.160 0.046 0.032 
 298   (0.034) 0.093 0.056 0.008 0.008 
 294   (0.025) 0.002 0.002 0.048 0.012 
 302   (0.063) 0.034 0.011 0.070 0.069 
 286   (0.023) 0.002 0.005 0.006 0.206 
 308   (0.033) 0.096 0.002 0.015 0.018 
 313   (0.042) 0.005 0.004 0.102 0.027 
 307   (0.044) 0.011 0.058 0.060 0.005 
 321   (0.015) 0.001 0.001 0.014 0.002 
 315   (0.047) 0.013 0.005 0.101 0.017 
 318   (0.019) 0.002 0.025 0.016 0.002 
 324   (0.012) 0.001 0.001 0.008 0.001 
 326   (0.014) 0.001 0.001 0.008 0.001 
 311   (0.025) 0.003 0.018 0.028 0.003 
 310   (0.016) 0.001 0.001 0.013 0.003 
 305   (0.019) 0.002 0.002 0.017 0.003 
 317   (0.016) 0.001 0.001 0.014 0.002 
 320   (0.013) 0.001 0.002 0.006 0.002 
 322   (0.017) 0.001 0.003 0.008 0.007 

Locus 13 : 
7 alleles
1.1% missing data
 161   (0.570) 0.800 0.443 0.622 0.299 
 163   (0.308) 0.119 0.486 0.340 0.266 
 160   (0.026) 0.003 0.002 0.009 0.209 
 162   (0.022) 0.002 0.001 0.005 0.215 
 165   (0.043) 0.040 0.067 0.016 0.008 
 166   (0.015) 0.004 0.001 0.005 0.002 
 164   (0.017) 0.031 0.001 0.003 0.002 

Locus 14 : 
4 alleles
0.4% missing data
  98   (0.955) 0.986 0.997 0.981 0.995 
 100   (0.014) 0.001 0.001 0.007 0.002 
  96   (0.016) 0.012 0.001 0.004 0.002 
 105   (0.014) 0.001 0.001 0.008 0.001 

Locus 15 : 
12 alleles
2.2% missing data
 171   (0.290) 0.309 0.331 0.324 0.266 
 177   (0.186) 0.118 0.109 0.220 0.273 
 173   (0.257) 0.190 0.494 0.298 0.205 
 179   (0.097) 0.284 0.031 0.049 0.217 
 183   (0.021) 0.018 0.004 0.006 0.006 
 181   (0.044) 0.052 0.022 0.030 0.007 
 197   (0.025) 0.017 0.002 0.017 0.003 
 170   (0.016) 0.001 0.001 0.014 0.002 
 189   (0.015) 0.001 0.001 0.006 0.014 
 203   (0.017) 0.005 0.001 0.016 0.002 
 187   (0.018) 0.001 0.001 0.012 0.006 
 198   (0.013) 0.001 0.001 0.007 0.003 

Values of parameters used in structure:
DATAFILE=STRUCTURE_main_final_278_HEG_ZG.str,	OUTFILE=STRUCTURE_main_final_278_HEG_ZG-K4-16,	NUMINDS=278,	NUMLOCI=15,	MISSING=-9,	LABEL=1,	POPDATA=1,	POPFLAG=0,	PHENOTYPE=0,	EXTRACOLS=0,	MAXPOPS=4,	BURNIN=100000,	NUMREPS=500000,	USEPOPINFO=0,	INFERALPHA=1,	INFERLAMBDA=0,	POPSPECIFICLAMBDA=0,	POPALPHAS=0,	COMPUTEPROB=1,	NOADMIX=0,	ADMBURNIN=2500,	UPDATEFREQ=1,	PRINTLIKES=0,	INTERMEDSAVE=0,	PRINTKLD=0,	PRINTNET=0,	PRINTLAMBDA=0,	ANCESTDIST=0,	NUMBOXES=1000,	ANCESTPINT=0.90000,	GENSBACK=2,	MIGRPRIOR=0.05000,	PRINTQHAT=0,	PRINTQSUM=0,	ALPHA=1.0000,	FREQSCORR=1,	FPRIORMEAN=0.0100,	FPRIORSD=0.0500,	ONEFST=0,	LAMBDA=1.0000,	UNIFPRIORALPHA=1,	ALPHAMAX=10.0000,	ALPHAPRIORA=1.0000,	ALPHAPRIORB=2.0000,	ALPHAPROPSD=0.0250,	STARTATPOPINFO=0,	RANDOMIZE=1,	LINKAGE=0,	METROFREQ=10,	REPORTHITRATE=0,	MARKOVPHASE=-1,	PHASED=0,	PLOIDY=2,	PHASEINFO=0	LOCPRIOR=0, 	LOCPRIORINIT=1.000000, 	LOCDATA=0, 	LOCISPOP=0, 	LOCPRIORSTEP=0.100000, 	MAXLOCPRIOR=20.000000, 	SEED=1782480299,	
[STRAT parameters]:    NUMSIMSTATS=1000,	PHENOTYPECOL=-9,	POOLFREQ=10,	LOCUSxONLY=0,	EMERROR=0.00100,	MISSINGPHENO=-9,	