

----------------------------------------------------
STRUCTURE by Pritchard, Stephens and Donnelly (2000)
     and Falush, Stephens and Pritchard (2003)
       Code by Pritchard, Falush and Hubisz
             Version 2.3.4 (Jul 2012)
----------------------------------------------------



Command line arguments:   structure -K 9 -i STRUCTURE_main_final_278_HEG_ZG.str -o STRUCTURE_main_final_278_HEG_ZG-K9-10 
Input File:    STRUCTURE_main_final_278_HEG_ZG.str

Run parameters:
   278 individuals
   15 loci
   9 populations assumed
   100000 Burn-in period
   500000 Reps


--------------------------------------------
Proportion of membership of each pre-defined
 population in each of the 9 clusters

Given    Inferred Clusters                                                 Number of
 Pop       1      2      3      4      5      6      7      8      9      Individuals

  1:     0.085  0.016  0.052  0.021  0.033  0.072  0.045  0.663  0.013       24
  2:     0.017  0.016  0.039  0.049  0.045  0.054  0.023  0.021  0.736       24
  3:     0.049  0.317  0.030  0.258  0.250  0.010  0.053  0.020  0.013       24
  4:     0.046  0.165  0.553  0.036  0.068  0.038  0.017  0.054  0.024       24
  5:     0.029  0.501  0.194  0.014  0.114  0.048  0.047  0.022  0.029       24
  6:     0.019  0.076  0.126  0.031  0.032  0.231  0.026  0.428  0.031       24
  7:     0.019  0.019  0.064  0.009  0.023  0.761  0.017  0.059  0.030       24
  8:     0.074  0.688  0.075  0.044  0.048  0.011  0.017  0.030  0.013       14
  9:     0.072  0.030  0.019  0.047  0.037  0.006  0.722  0.053  0.014       24
 10:     0.665  0.023  0.011  0.156  0.044  0.018  0.064  0.012  0.009       24
 11:     0.282  0.027  0.036  0.364  0.086  0.012  0.160  0.022  0.012       24
 12:     0.048  0.106  0.277  0.078  0.088  0.113  0.026  0.246  0.019       24
--------------------------------------------

Allele-freq. divergence among pops (Net nucleotide distance),
computed using point estimates of P.

      1       2       3       4       5       6       7       8       9      
 1      -    0.0542  0.0656  0.0734  0.0874  0.1296  0.0414  0.0623  0.1089  
 2   0.0542     -    0.0333  0.0681  0.0508  0.0745  0.0404  0.0335  0.0639  
 3   0.0656  0.0333     -    0.0886  0.0630  0.0627  0.0475  0.0333  0.0750  
 4   0.0734  0.0681  0.0886     -    0.0952  0.0882  0.0623  0.0834  0.1287  
 5   0.0874  0.0508  0.0630  0.0952     -    0.1015  0.0686  0.0675  0.0960  
 6   0.1296  0.0745  0.0627  0.0882  0.1015     -    0.0924  0.0655  0.1012  
 7   0.0414  0.0404  0.0475  0.0623  0.0686  0.0924     -    0.0363  0.0813  
 8   0.0623  0.0335  0.0333  0.0834  0.0675  0.0655  0.0363     -    0.0679  
 9   0.1089  0.0639  0.0750  0.1287  0.0960  0.1012  0.0813  0.0679     -    

Average distances (expected heterozygosity) between individuals in same cluster:
cluster  1  : 0.6113 
cluster  2  : 0.6313 
cluster  3  : 0.6064 
cluster  4  : 0.5579 
cluster  5  : 0.6119 
cluster  6  : 0.5527 
cluster  7  : 0.6210 
cluster  8  : 0.6173 
cluster  9  : 0.6118 

--------------------------------------------
Estimated Ln Prob of Data   = -12336.7
Mean value of ln likelihood = -11719.0
Variance of ln likelihood   = 1235.5
Mean value of alpha         = 0.0472

Mean value of Fst_1         = 0.1467
Mean value of Fst_2         = 0.0593
Mean value of Fst_3         = 0.0949
Mean value of Fst_4         = 0.2097
Mean value of Fst_5         = 0.1501
Mean value of Fst_6         = 0.1938
Mean value of Fst_7         = 0.1084
Mean value of Fst_8         = 0.0889
Mean value of Fst_9         = 0.1932


Inferred ancestry of individuals:
        Label (%Miss) Pop:  Inferred clusters
  1 24.0601.E1    (0)    1 :  0.007 0.007 0.009 0.011 0.010 0.012 0.007 0.924 0.012 
  2 24.0602.E1    (0)    1 :  0.010 0.009 0.006 0.008 0.010 0.009 0.010 0.934 0.004 
  3 24.0603.E1    (0)    1 :  0.005 0.048 0.027 0.007 0.007 0.026 0.015 0.859 0.005 
  4 24.0604.E1    (0)    1 :  0.046 0.005 0.108 0.005 0.173 0.005 0.010 0.640 0.008 
  5 24.0605.E1    (0)    1 :  0.008 0.011 0.031 0.011 0.008 0.037 0.033 0.855 0.008 
  6 24.0606.E1    (0)    1 :  0.019 0.013 0.161 0.007 0.005 0.020 0.015 0.749 0.010 
  7 24.0607.E1    (0)    1 :  0.012 0.054 0.016 0.007 0.014 0.319 0.469 0.101 0.007 
  8 24.0608.E1    (0)    1 :  0.030 0.008 0.007 0.121 0.006 0.110 0.012 0.704 0.003 
  9 24.0609.E1    (0)    1 :  0.453 0.023 0.245 0.012 0.011 0.006 0.017 0.228 0.005 
 10 24.0610.E1    (0)    1 :  0.398 0.019 0.108 0.005 0.005 0.010 0.010 0.441 0.005 
 11 24.0611.E1    (0)    1 :  0.030 0.009 0.026 0.005 0.006 0.006 0.033 0.879 0.007 
 12 24.0612.E1    (0)    1 :  0.007 0.011 0.007 0.004 0.016 0.014 0.007 0.925 0.008 
 13 24.0613.E1    (0)    1 :  0.021 0.006 0.059 0.005 0.005 0.005 0.006 0.885 0.007 
 14 24.0614.E1    (0)    1 :  0.017 0.007 0.014 0.181 0.007 0.341 0.188 0.237 0.007 
 15 24.0615.E1    (0)    1 :  0.139 0.010 0.011 0.015 0.021 0.042 0.021 0.726 0.014 
 16 24.0616.E1    (0)    1 :  0.010 0.007 0.009 0.005 0.006 0.005 0.010 0.935 0.012 
 17 24.0617.E1    (0)    1 :  0.541 0.014 0.018 0.008 0.006 0.021 0.028 0.338 0.025 
 18 24.0618.E1    (0)    1 :  0.066 0.044 0.035 0.019 0.006 0.005 0.039 0.777 0.009 
 19 24.0619.E1    (0)    1 :  0.018 0.007 0.101 0.005 0.197 0.004 0.021 0.633 0.014 
 20 24.0620.E1   (20)    1 :  0.037 0.022 0.134 0.009 0.018 0.696 0.022 0.049 0.013 
 21 24.0621.E1    (0)    1 :  0.105 0.010 0.086 0.033 0.232 0.005 0.058 0.466 0.005 
 22 24.0622.E1    (0)    1 :  0.010 0.015 0.016 0.006 0.005 0.010 0.005 0.911 0.023 
 23 24.0623.E1    (0)    1 :  0.029 0.018 0.016 0.012 0.016 0.017 0.029 0.777 0.086 
 24 24.0624.E1    (0)    1 :  0.011 0.006 0.006 0.005 0.004 0.006 0.007 0.950 0.006 
 25 24.0625.E1    (0)    2 :  0.009 0.023 0.045 0.216 0.037 0.052 0.013 0.014 0.590 
 26 24.0626.E1    (0)    2 :  0.003 0.004 0.004 0.131 0.004 0.037 0.004 0.004 0.809 
 27 24.0627.E1    (0)    2 :  0.004 0.007 0.033 0.009 0.452 0.016 0.007 0.006 0.465 
 28 24.0628.E1    (0)    2 :  0.080 0.016 0.086 0.167 0.008 0.128 0.012 0.030 0.473 
 29 24.0629.E1    (0)    2 :  0.011 0.030 0.008 0.008 0.010 0.006 0.011 0.053 0.863 
 30 24.0630.E1    (0)    2 :  0.005 0.005 0.010 0.056 0.009 0.096 0.007 0.005 0.806 
 31 24.0631.E1    (0)    2 :  0.003 0.004 0.003 0.003 0.004 0.004 0.004 0.005 0.971 
 32 24.0632.E1    (0)    2 :  0.006 0.010 0.007 0.005 0.010 0.029 0.006 0.007 0.920 
 33 24.0633.E1    (0)    2 :  0.007 0.017 0.019 0.451 0.010 0.030 0.008 0.013 0.445 
 34 24.0634.E1    (0)    2 :  0.011 0.011 0.010 0.019 0.009 0.006 0.012 0.009 0.913 
 35 24.0635.E1    (0)    2 :  0.032 0.094 0.021 0.044 0.036 0.023 0.085 0.026 0.640 
 36 24.0636.E1   (33)    2 :  0.011 0.023 0.119 0.009 0.025 0.703 0.008 0.032 0.070 
 37 24.0637.E1    (0)    2 :  0.003 0.005 0.005 0.003 0.004 0.007 0.005 0.004 0.964 
 38 24.0638.E1    (0)    2 :  0.006 0.031 0.022 0.006 0.017 0.005 0.006 0.009 0.899 
 39 24.0639.E1    (0)    2 :  0.086 0.019 0.008 0.008 0.022 0.014 0.010 0.037 0.795 
 40 24.0640.E1    (0)    2 :  0.008 0.007 0.006 0.006 0.005 0.006 0.010 0.008 0.944 
 41 24.0641.E1    (0)    2 :  0.010 0.019 0.036 0.007 0.101 0.017 0.290 0.145 0.375 
 42 24.0642.E1    (0)    2 :  0.004 0.006 0.291 0.005 0.007 0.034 0.005 0.055 0.593 
 43 24.0643.E1    (0)    2 :  0.011 0.015 0.008 0.006 0.285 0.052 0.006 0.008 0.609 
 44 24.0644.E1    (0)    2 :  0.032 0.006 0.018 0.005 0.005 0.005 0.011 0.008 0.911 
 45 24.0645.E1    (0)    2 :  0.028 0.006 0.156 0.004 0.006 0.018 0.011 0.010 0.761 
 46 24.0646.E1    (0)    2 :  0.032 0.006 0.019 0.005 0.005 0.005 0.010 0.008 0.910 
 47 24.0647.E1    (0)    2 :  0.003 0.005 0.005 0.003 0.004 0.007 0.005 0.004 0.964 
 48 24.0648.E1    (0)    2 :  0.003 0.005 0.005 0.003 0.004 0.007 0.005 0.004 0.964 
 49 24.0649.E1    (0)    3 :  0.014 0.934 0.007 0.012 0.009 0.003 0.009 0.005 0.006 
 50 24.0650.E1    (0)    3 :  0.106 0.033 0.393 0.296 0.009 0.004 0.134 0.021 0.004 
 51 24.0651.E1    (0)    3 :  0.008 0.350 0.019 0.042 0.034 0.029 0.392 0.008 0.116 
 52 24.0652.E1    (0)    3 :  0.005 0.048 0.008 0.866 0.022 0.005 0.009 0.032 0.005 
 53 24.0653.E1    (0)    3 :  0.017 0.041 0.008 0.014 0.890 0.006 0.014 0.005 0.005 
 54 24.0654.E1    (0)    3 :  0.032 0.313 0.008 0.603 0.009 0.004 0.009 0.008 0.014 
 55 24.0655.E1    (0)    3 :  0.023 0.573 0.012 0.286 0.011 0.007 0.021 0.043 0.024 
 56 24.0656.E1    (0)    3 :  0.011 0.015 0.016 0.913 0.015 0.011 0.006 0.008 0.006 
 57 24.0657.E1    (0)    3 :  0.011 0.019 0.018 0.905 0.016 0.011 0.006 0.008 0.006 
 58 24.0658.E1    (0)    3 :  0.126 0.750 0.024 0.006 0.051 0.006 0.013 0.018 0.007 
 59 24.0659.E1    (0)    3 :  0.054 0.127 0.018 0.185 0.471 0.004 0.065 0.064 0.012 
 60 24.0660.E1    (6)    3 :  0.006 0.915 0.013 0.009 0.011 0.006 0.008 0.019 0.013 
 61 24.0661.E1    (0)    3 :  0.006 0.018 0.005 0.938 0.007 0.006 0.008 0.008 0.005 
 62 24.0662.E1    (0)    3 :  0.031 0.220 0.013 0.078 0.098 0.015 0.396 0.124 0.024 
 63 24.0663.E1    (0)    3 :  0.598 0.150 0.054 0.112 0.007 0.005 0.058 0.006 0.009 
 64 24.0664.E1    (0)    3 :  0.018 0.559 0.009 0.353 0.011 0.025 0.008 0.007 0.009 
 65 24.0665.E1    (0)    3 :  0.005 0.425 0.027 0.435 0.035 0.050 0.009 0.007 0.007 
 66 24.0666.E1    (0)    3 :  0.008 0.007 0.008 0.007 0.951 0.004 0.004 0.006 0.005 
 67 24.0667.E1    (0)    3 :  0.005 0.011 0.005 0.006 0.954 0.004 0.004 0.008 0.003 
 68 24.0668.E1    (0)    3 :  0.004 0.004 0.004 0.004 0.969 0.003 0.004 0.003 0.004 
 69 24.0669.E1    (0)    3 :  0.004 0.005 0.005 0.004 0.965 0.004 0.005 0.004 0.004 
 70 24.0670.E1    (0)    3 :  0.031 0.905 0.004 0.013 0.020 0.005 0.009 0.010 0.003 
 71 24.0671.E1    (0)    3 :  0.031 0.804 0.013 0.092 0.010 0.007 0.025 0.008 0.011 
 72 24.0672.E1    (0)    3 :  0.009 0.388 0.032 0.012 0.434 0.006 0.058 0.056 0.006 
 73 24.0673.E1    (6)    4 :  0.008 0.020 0.227 0.506 0.013 0.078 0.010 0.114 0.023 
 74 24.0674.E1    (0)    4 :  0.014 0.006 0.906 0.005 0.004 0.032 0.013 0.010 0.008 
 75 24.0675.E1    (0)    4 :  0.029 0.031 0.789 0.045 0.010 0.022 0.027 0.023 0.025 
 76 24.0676.E1    (0)    4 :  0.140 0.046 0.730 0.018 0.007 0.021 0.020 0.012 0.007 
 77 24.0677.E1    (0)    4 :  0.030 0.796 0.024 0.035 0.016 0.011 0.055 0.029 0.004 
 78 24.0678.E1    (0)    4 :  0.008 0.235 0.027 0.033 0.123 0.011 0.034 0.476 0.053 
 79 24.0679.E1    (0)    4 :  0.231 0.125 0.301 0.009 0.156 0.008 0.015 0.140 0.014 
 80 24.0680.E1    (0)    4 :  0.007 0.382 0.121 0.017 0.376 0.011 0.017 0.045 0.024 
 81 24.0681.E1    (0)    4 :  0.007 0.228 0.651 0.011 0.025 0.017 0.012 0.040 0.008 
 82 24.0682.E1    (0)    4 :  0.005 0.004 0.967 0.003 0.004 0.004 0.004 0.004 0.005 
 83 24.0683.E1    (0)    4 :  0.005 0.006 0.819 0.006 0.008 0.128 0.011 0.011 0.006 
 84 24.0684.E1    (0)    4 :  0.031 0.041 0.770 0.006 0.011 0.034 0.010 0.065 0.031 
 85 24.0685.E1    (0)    4 :  0.015 0.008 0.874 0.005 0.061 0.015 0.005 0.010 0.007 
 86 24.0686.E1    (0)    4 :  0.014 0.742 0.032 0.005 0.014 0.013 0.048 0.059 0.072 
 87 24.0687.E1    (0)    4 :  0.025 0.602 0.072 0.008 0.009 0.014 0.040 0.047 0.183 
 88 24.0688.E1    (0)    4 :  0.004 0.008 0.956 0.004 0.004 0.006 0.005 0.006 0.007 
 89 24.0689.E1    (0)    4 :  0.388 0.321 0.158 0.029 0.013 0.033 0.016 0.027 0.015 
 90 24.0690.E1    (0)    4 :  0.006 0.135 0.039 0.020 0.696 0.033 0.020 0.020 0.030 
 91 24.0691.E1    (0)    4 :  0.024 0.012 0.912 0.005 0.009 0.007 0.005 0.020 0.007 
 92 24.0692.E1    (0)    4 :  0.022 0.074 0.867 0.005 0.009 0.008 0.006 0.005 0.005 
 93 24.0693.E1    (0)    4 :  0.036 0.101 0.357 0.070 0.016 0.388 0.013 0.011 0.008 
 94 24.0694.E1    (0)    4 :  0.006 0.008 0.942 0.005 0.012 0.008 0.005 0.007 0.006 
 95 24.0695.E1    (0)    4 :  0.028 0.010 0.826 0.009 0.017 0.007 0.013 0.084 0.006 
 96 24.0696.E1    (0)    4 :  0.013 0.013 0.906 0.005 0.013 0.008 0.007 0.022 0.013 
 97 24.0697.E1    (0)    5 :  0.013 0.738 0.121 0.007 0.007 0.080 0.016 0.006 0.012 
 98 24.0698.E1    (0)    5 :  0.022 0.735 0.030 0.009 0.040 0.097 0.030 0.019 0.017 
 99 24.0699.E1    (0)    5 :  0.005 0.920 0.006 0.007 0.009 0.009 0.019 0.015 0.010 
100 24.0700.E1    (0)    5 :  0.007 0.925 0.018 0.008 0.017 0.007 0.007 0.006 0.005 
101 24.0701.E1    (0)    5 :  0.009 0.014 0.009 0.006 0.903 0.035 0.008 0.007 0.010 
102 24.0702.E1    (0)    5 :  0.009 0.819 0.012 0.007 0.092 0.028 0.007 0.011 0.014 
103 24.0703.E1    (0)    5 :  0.006 0.746 0.007 0.005 0.018 0.007 0.149 0.011 0.050 
104 24.0704.E1    (6)    5 :  0.008 0.597 0.017 0.005 0.009 0.010 0.329 0.016 0.009 
105 24.0705.E1    (0)    5 :  0.012 0.057 0.800 0.006 0.081 0.008 0.009 0.018 0.009 
106 24.0706.E1    (0)    5 :  0.010 0.810 0.041 0.017 0.085 0.012 0.010 0.007 0.008 
107 24.0707.E1    (0)    5 :  0.005 0.847 0.036 0.011 0.013 0.016 0.035 0.021 0.016 
108 24.0708.E1    (0)    5 :  0.308 0.044 0.052 0.023 0.029 0.025 0.206 0.060 0.253 
109 24.0709.E1    (0)    5 :  0.036 0.024 0.867 0.015 0.010 0.006 0.023 0.010 0.008 
110 24.0710.E1    (0)    5 :  0.054 0.466 0.254 0.008 0.065 0.047 0.048 0.049 0.008 
111 24.0711.E1    (0)    5 :  0.007 0.719 0.058 0.008 0.040 0.018 0.025 0.066 0.059 
112 24.0712.E1    (0)    5 :  0.008 0.048 0.029 0.006 0.830 0.016 0.008 0.017 0.037 
113 24.0713.E1    (0)    5 :  0.036 0.333 0.541 0.008 0.021 0.016 0.027 0.009 0.008 
114 24.0714.E1    (0)    5 :  0.020 0.796 0.036 0.012 0.035 0.009 0.038 0.040 0.014 
115 24.0715.E1    (0)    5 :  0.012 0.385 0.091 0.036 0.017 0.418 0.007 0.027 0.007 
116 24.0716.E1    (0)    5 :  0.048 0.462 0.018 0.008 0.310 0.014 0.044 0.060 0.036 
117 24.0717.E1    (0)    5 :  0.026 0.449 0.024 0.105 0.023 0.257 0.056 0.016 0.044 
118 24.0718.E1    (0)    5 :  0.008 0.729 0.126 0.005 0.067 0.011 0.007 0.016 0.031 
119 24.0719.E1    (0)    5 :  0.016 0.043 0.884 0.008 0.012 0.006 0.010 0.006 0.015 
120 24.0720.E1    (0)    5 :  0.020 0.328 0.584 0.009 0.012 0.006 0.010 0.017 0.015 
121 24.0721.E1    (0)    6 :  0.032 0.123 0.099 0.130 0.032 0.540 0.021 0.010 0.014 
122 24.0722.E1    (0)    6 :  0.014 0.053 0.085 0.010 0.070 0.528 0.099 0.022 0.120 
123 24.0723.E1    (0)    6 :  0.023 0.021 0.015 0.307 0.010 0.212 0.125 0.027 0.260 
124 24.0724.E1    (0)    6 :  0.128 0.027 0.357 0.019 0.017 0.114 0.148 0.152 0.037 
125 24.0725.E1    (0)    6 :  0.007 0.010 0.010 0.015 0.007 0.008 0.005 0.931 0.007 
126 24.0726.E1    (6)    6 :  0.008 0.015 0.229 0.008 0.010 0.094 0.012 0.616 0.008 
127 24.0727.E1    (0)    6 :  0.020 0.033 0.022 0.046 0.085 0.495 0.019 0.263 0.018 
128 24.0728.E1    (0)    6 :  0.012 0.402 0.018 0.030 0.011 0.161 0.012 0.317 0.037 
129 24.0729.E1    (0)    6 :  0.022 0.016 0.218 0.006 0.041 0.051 0.017 0.615 0.014 
130 24.0730.E1    (0)    6 :  0.022 0.805 0.033 0.012 0.014 0.038 0.008 0.057 0.010 
131 24.0731.E1    (0)    6 :  0.007 0.009 0.694 0.018 0.005 0.058 0.008 0.188 0.013 
132 24.0732.E1    (0)    6 :  0.004 0.015 0.100 0.023 0.013 0.777 0.006 0.053 0.009 
133 24.0733.E1    (0)    6 :  0.006 0.004 0.007 0.004 0.003 0.016 0.004 0.949 0.006 
134 24.0734.E1    (0)    6 :  0.008 0.086 0.009 0.010 0.014 0.814 0.011 0.036 0.012 
135 24.0735.E1    (0)    6 :  0.028 0.041 0.020 0.011 0.016 0.229 0.008 0.589 0.059 
136 24.0736.E1    (0)    6 :  0.006 0.008 0.007 0.006 0.005 0.048 0.006 0.906 0.008 
137 24.0737.E1    (0)    6 :  0.008 0.024 0.013 0.011 0.011 0.008 0.017 0.884 0.025 
138 24.0738.E1    (0)    6 :  0.005 0.016 0.009 0.009 0.010 0.028 0.009 0.904 0.011 
139 24.0739.E1    (0)    6 :  0.007 0.020 0.010 0.008 0.007 0.005 0.006 0.920 0.016 
140 24.0740.E1    (0)    6 :  0.017 0.014 0.308 0.006 0.010 0.012 0.015 0.595 0.022 
141 24.0741.E1    (0)    6 :  0.009 0.044 0.182 0.012 0.007 0.366 0.009 0.352 0.019 
142 24.0742.E1    (0)    6 :  0.008 0.012 0.026 0.007 0.009 0.754 0.012 0.164 0.010 
143 24.0743.E1    (0)    6 :  0.023 0.013 0.430 0.009 0.020 0.040 0.031 0.429 0.005 
144 24.0744.E1    (0)    6 :  0.025 0.023 0.118 0.017 0.346 0.142 0.026 0.290 0.013 
145 24.0745.E1    (0)    7 :  0.008 0.012 0.022 0.017 0.030 0.893 0.010 0.004 0.004 
146 24.0746.E1    (0)    7 :  0.011 0.047 0.044 0.007 0.010 0.621 0.162 0.041 0.057 
147 24.0747.E1    (0)    7 :  0.028 0.013 0.204 0.009 0.013 0.691 0.009 0.024 0.009 
148 24.0748.E1    (6)    7 :  0.038 0.013 0.276 0.022 0.013 0.593 0.009 0.027 0.009 
149 24.0749.E1    (0)    7 :  0.006 0.008 0.008 0.004 0.008 0.725 0.007 0.227 0.006 
150 24.0750.E1    (0)    7 :  0.017 0.085 0.239 0.011 0.068 0.307 0.041 0.221 0.011 
151 24.0751.E1    (0)    7 :  0.004 0.005 0.005 0.005 0.004 0.959 0.004 0.007 0.007 
152 24.0752.E1    (0)    7 :  0.006 0.011 0.011 0.009 0.005 0.909 0.006 0.037 0.006 
153 24.0753.E1    (0)    7 :  0.005 0.008 0.012 0.024 0.009 0.513 0.010 0.223 0.195 
154 24.0754.E1    (0)    7 :  0.006 0.008 0.023 0.009 0.008 0.902 0.005 0.023 0.017 
155 24.0755.E1    (0)    7 :  0.044 0.028 0.092 0.006 0.008 0.771 0.013 0.014 0.023 
156 24.0756.E1    (0)    7 :  0.016 0.004 0.006 0.005 0.006 0.936 0.006 0.013 0.009 
157 24.0757.E1    (0)    7 :  0.003 0.004 0.004 0.003 0.004 0.972 0.003 0.003 0.004 
158 24.0758.E1    (0)    7 :  0.003 0.004 0.004 0.003 0.004 0.971 0.003 0.004 0.004 
159 24.0759.E1    (0)    7 :  0.005 0.009 0.007 0.012 0.008 0.933 0.006 0.016 0.005 
160 24.0760.E1    (0)    7 :  0.006 0.036 0.020 0.008 0.008 0.625 0.008 0.010 0.278 
161 24.0761.E1    (0)    7 :  0.005 0.004 0.005 0.005 0.004 0.959 0.004 0.006 0.008 
162 24.0762.E1    (0)    7 :  0.181 0.094 0.050 0.008 0.316 0.090 0.015 0.238 0.008 
163 24.0763.E1    (0)    7 :  0.003 0.004 0.011 0.006 0.004 0.955 0.005 0.007 0.004 
164 24.0764.E1    (0)    7 :  0.004 0.006 0.005 0.004 0.004 0.954 0.004 0.010 0.008 
165 24.0765.E1    (0)    7 :  0.011 0.008 0.018 0.009 0.006 0.907 0.013 0.007 0.021 
166 24.0766.E1    (0)    7 :  0.004 0.006 0.008 0.009 0.005 0.948 0.005 0.009 0.006 
167 24.0767.E1    (0)    7 :  0.004 0.004 0.006 0.004 0.003 0.967 0.003 0.004 0.004 
168 24.0768.E1    (0)    7 :  0.039 0.027 0.466 0.011 0.012 0.156 0.049 0.236 0.005 
169 24.0779.E1    (0)    8 :  0.008 0.825 0.039 0.012 0.009 0.038 0.048 0.014 0.006 
170 24.0780.E1    (6)    8 :  0.092 0.811 0.024 0.036 0.009 0.004 0.010 0.008 0.006 
171 24.0781.E1    (0)    8 :  0.007 0.956 0.007 0.006 0.005 0.005 0.005 0.004 0.005 
172 24.0782.E1    (0)    8 :  0.028 0.200 0.486 0.040 0.011 0.028 0.028 0.136 0.043 
173 24.0783.E1    (0)    8 :  0.572 0.178 0.083 0.012 0.109 0.007 0.008 0.012 0.020 
174 24.0784.E1    (0)    8 :  0.017 0.903 0.028 0.007 0.005 0.004 0.023 0.008 0.005 
175 24.0785.E1    (0)    8 :  0.030 0.876 0.011 0.032 0.015 0.004 0.023 0.006 0.004 
176 24.0786.E1    (0)    8 :  0.101 0.741 0.080 0.019 0.011 0.009 0.011 0.020 0.008 
177 24.0787.E1    (0)    8 :  0.010 0.899 0.011 0.014 0.006 0.010 0.010 0.010 0.030 
178 24.0788.E1    (0)    8 :  0.115 0.778 0.029 0.023 0.007 0.006 0.010 0.005 0.026 
179 24.0789.E1    (0)    8 :  0.024 0.886 0.008 0.011 0.006 0.006 0.023 0.020 0.016 
180 24.0790.E1    (0)    8 :  0.010 0.936 0.006 0.015 0.006 0.004 0.012 0.004 0.006 
181 24.0791.E1    (0)    8 :  0.013 0.234 0.119 0.016 0.425 0.008 0.018 0.160 0.005 
182 24.0792.E1    (0)    8 :  0.009 0.413 0.112 0.377 0.044 0.017 0.010 0.013 0.004 
183 24.0793.E1    (0)    9 :  0.089 0.076 0.011 0.035 0.008 0.008 0.686 0.034 0.054 
184 24.0794.E1    (0)    9 :  0.033 0.019 0.006 0.251 0.007 0.007 0.051 0.621 0.006 
185 24.0795.E1    (0)    9 :  0.067 0.018 0.021 0.008 0.009 0.008 0.563 0.273 0.034 
186 24.0796.E1    (0)    9 :  0.399 0.151 0.008 0.247 0.006 0.005 0.078 0.096 0.009 
187 24.0797.E1    (0)    9 :  0.206 0.138 0.008 0.042 0.008 0.003 0.570 0.016 0.010 
188 24.0798.E1    (0)    9 :  0.012 0.016 0.020 0.091 0.352 0.017 0.456 0.009 0.026 
189 24.0799.E1    (0)    9 :  0.031 0.013 0.009 0.008 0.012 0.007 0.892 0.021 0.007 
190 24.0800.E1    (0)    9 :  0.159 0.019 0.047 0.032 0.017 0.008 0.689 0.022 0.006 
191 24.0801.E1    (0)    9 :  0.006 0.008 0.015 0.011 0.342 0.005 0.601 0.005 0.007 
192 24.0802.E1    (0)    9 :  0.060 0.011 0.010 0.008 0.011 0.004 0.868 0.008 0.022 
193 24.0803.E1    (0)    9 :  0.008 0.008 0.007 0.007 0.018 0.006 0.928 0.010 0.007 
194 24.0804.E1    (0)    9 :  0.057 0.009 0.006 0.011 0.004 0.004 0.889 0.009 0.011 
195 24.0805.E1    (0)    9 :  0.005 0.008 0.028 0.006 0.007 0.007 0.929 0.007 0.004 
196 24.0806.E1    (0)    9 :  0.005 0.006 0.005 0.007 0.005 0.004 0.943 0.006 0.019 
197 24.0807.E1    (0)    9 :  0.016 0.015 0.009 0.050 0.009 0.004 0.883 0.009 0.007 
198 24.0808.E1    (0)    9 :  0.045 0.076 0.090 0.021 0.007 0.006 0.721 0.014 0.020 
199 24.0809.E1    (0)    9 :  0.044 0.008 0.046 0.007 0.010 0.009 0.856 0.015 0.004 
200 24.0810.E1    (0)    9 :  0.013 0.008 0.029 0.025 0.007 0.011 0.890 0.007 0.011 
201 24.0811.E1    (0)    9 :  0.067 0.022 0.008 0.194 0.005 0.005 0.636 0.037 0.025 
202 24.0812.E1    (0)    9 :  0.238 0.040 0.018 0.009 0.008 0.006 0.644 0.033 0.005 
203 24.0813.E1    (0)    9 :  0.015 0.023 0.032 0.007 0.004 0.006 0.900 0.006 0.007 
204 24.0814.E1    (6)    9 :  0.120 0.007 0.016 0.012 0.006 0.004 0.813 0.008 0.013 
205 24.0815.E1    (0)    9 :  0.013 0.007 0.008 0.009 0.020 0.007 0.914 0.004 0.018 
206 24.0816.E1    (0)    9 :  0.011 0.013 0.004 0.021 0.011 0.004 0.921 0.006 0.010 
207 24.0817.E1    (0)   10 :  0.752 0.025 0.013 0.053 0.010 0.005 0.119 0.018 0.005 
208 24.0818.E1    (0)   10 :  0.840 0.073 0.005 0.014 0.007 0.009 0.013 0.029 0.011 
209 24.0819.E1    (0)   10 :  0.020 0.009 0.015 0.279 0.096 0.138 0.403 0.017 0.022 
210 24.0820.E1    (0)   10 :  0.020 0.007 0.006 0.863 0.010 0.068 0.011 0.007 0.008 
211 24.0821.E1    (0)   10 :  0.176 0.187 0.019 0.212 0.276 0.007 0.095 0.016 0.014 
212 24.0822.E1    (0)   10 :  0.917 0.026 0.008 0.010 0.006 0.017 0.007 0.006 0.004 
213 24.0823.E1    (0)   10 :  0.392 0.006 0.011 0.510 0.011 0.039 0.011 0.009 0.010 
214 24.0824.E1    (0)   10 :  0.479 0.006 0.031 0.013 0.434 0.008 0.016 0.007 0.006 
215 24.0825.E1    (0)   10 :  0.959 0.005 0.008 0.005 0.005 0.005 0.005 0.004 0.005 
216 24.0826.E1    (0)   10 :  0.046 0.013 0.009 0.854 0.015 0.024 0.024 0.006 0.009 
217 24.0827.E1    (0)   10 :  0.782 0.020 0.010 0.108 0.007 0.004 0.017 0.045 0.008 
218 24.0828.E1    (0)   10 :  0.156 0.023 0.018 0.670 0.048 0.016 0.049 0.010 0.010 
219 24.0829.E1    (0)   10 :  0.746 0.008 0.010 0.011 0.008 0.009 0.196 0.005 0.006 
220 24.0830.E1    (0)   10 :  0.923 0.007 0.009 0.017 0.017 0.004 0.013 0.006 0.004 
221 24.0831.E1    (0)   10 :  0.905 0.024 0.009 0.011 0.029 0.004 0.009 0.005 0.005 
222 24.0832.E1    (0)   10 :  0.949 0.006 0.007 0.014 0.004 0.003 0.005 0.009 0.003 
223 24.0833.E1    (0)   10 :  0.964 0.004 0.007 0.007 0.004 0.004 0.004 0.004 0.003 
224 24.0834.E1    (0)   10 :  0.945 0.005 0.007 0.008 0.005 0.007 0.007 0.007 0.007 
225 24.0835.E1    (0)   10 :  0.936 0.008 0.007 0.006 0.008 0.004 0.014 0.013 0.006 
226 24.0836.E1    (0)   10 :  0.923 0.009 0.016 0.007 0.013 0.008 0.009 0.009 0.005 
227 24.0837.E1    (0)   10 :  0.949 0.008 0.007 0.007 0.007 0.005 0.007 0.006 0.004 
228 24.0838.E1    (0)   10 :  0.942 0.010 0.011 0.010 0.005 0.007 0.007 0.004 0.004 
229 24.0839.E1    (0)   10 :  0.581 0.046 0.019 0.015 0.020 0.020 0.240 0.036 0.023 
230 24.0840.E1    (0)   10 :  0.649 0.012 0.006 0.040 0.009 0.004 0.245 0.012 0.024 
231 24.0841.E1    (0)   11 :  0.127 0.025 0.018 0.338 0.004 0.015 0.460 0.009 0.004 
232 24.0842.E1    (0)   11 :  0.096 0.017 0.009 0.256 0.175 0.012 0.421 0.012 0.003 
233 24.0843.E1    (0)   11 :  0.027 0.020 0.008 0.548 0.228 0.015 0.143 0.005 0.005 
234 24.0844.E1    (0)   11 :  0.267 0.024 0.014 0.022 0.397 0.007 0.234 0.029 0.005 
235 24.0845.E1    (0)   11 :  0.799 0.080 0.017 0.039 0.028 0.005 0.016 0.010 0.005 
236 24.0846.E1    (0)   11 :  0.902 0.010 0.010 0.009 0.010 0.011 0.026 0.011 0.010 
237 24.0847.E1    (0)   11 :  0.806 0.009 0.069 0.014 0.019 0.015 0.027 0.035 0.007 
238 24.0848.E1    (0)   11 :  0.850 0.038 0.022 0.010 0.017 0.005 0.043 0.011 0.004 
239 24.0849.E1    (0)   11 :  0.007 0.005 0.004 0.958 0.005 0.004 0.007 0.006 0.003 
240 24.0850.E1    (0)   11 :  0.007 0.005 0.004 0.958 0.005 0.004 0.007 0.006 0.003 
241 24.0851.E1    (0)   11 :  0.007 0.005 0.004 0.958 0.005 0.004 0.007 0.006 0.003 
242 24.0852.E1    (0)   11 :  0.116 0.054 0.011 0.763 0.010 0.012 0.018 0.011 0.005 
243 24.0853.E1    (0)   11 :  0.408 0.006 0.011 0.532 0.005 0.009 0.017 0.006 0.006 
244 24.0854.E1    (0)   11 :  0.019 0.005 0.008 0.276 0.651 0.008 0.017 0.011 0.005 
245 24.0855.E1    (0)   11 :  0.797 0.012 0.013 0.036 0.009 0.008 0.114 0.006 0.005 
246 24.0856.E1    (0)   11 :  0.046 0.066 0.011 0.023 0.388 0.035 0.227 0.100 0.103 
247 24.0857.E1    (0)   11 :  0.599 0.023 0.025 0.020 0.016 0.011 0.276 0.021 0.010 
248 24.0858.E1    (0)   11 :  0.642 0.100 0.018 0.061 0.024 0.018 0.115 0.016 0.006 
249 24.0859.E1    (0)   11 :  0.014 0.011 0.008 0.894 0.009 0.019 0.026 0.011 0.009 
250 24.0860.E1    (0)   11 :  0.070 0.059 0.008 0.042 0.030 0.051 0.676 0.024 0.040 
251 24.0861.E1    (0)   11 :  0.019 0.008 0.004 0.937 0.005 0.005 0.013 0.006 0.004 
252 24.0862.E1    (0)   11 :  0.014 0.015 0.008 0.009 0.006 0.006 0.902 0.021 0.020 
253 24.0863.E1    (0)   11 :  0.019 0.008 0.004 0.937 0.005 0.004 0.013 0.006 0.004 
254 24.0864.E1    (0)   11 :  0.117 0.034 0.562 0.090 0.018 0.007 0.026 0.138 0.007 
255 24.0865.E1    (0)   12 :  0.010 0.018 0.039 0.821 0.007 0.036 0.009 0.042 0.018 
256 24.0866.E1    (0)   12 :  0.142 0.268 0.307 0.020 0.024 0.035 0.167 0.031 0.006 
257 24.0867.E1    (0)   12 :  0.036 0.012 0.597 0.164 0.013 0.127 0.018 0.010 0.022 
258 24.0868.E1    (0)   12 :  0.072 0.420 0.402 0.007 0.020 0.019 0.024 0.010 0.026 
259 24.0869.E1    (0)   12 :  0.058 0.024 0.820 0.010 0.007 0.005 0.024 0.007 0.046 
260 24.0870.E1    (0)   12 :  0.120 0.286 0.284 0.010 0.024 0.024 0.017 0.116 0.120 
261 24.0871.E1    (0)   12 :  0.028 0.109 0.588 0.060 0.032 0.007 0.050 0.069 0.056 
262 24.0872.E1    (0)   12 :  0.010 0.095 0.329 0.328 0.078 0.118 0.017 0.015 0.010 
263 24.0873.E1    (0)   12 :  0.019 0.018 0.801 0.053 0.013 0.012 0.057 0.012 0.015 
264 24.0874.E1    (0)   12 :  0.071 0.021 0.393 0.182 0.029 0.212 0.074 0.009 0.007 
265 24.0875.E1    (0)   12 :  0.014 0.127 0.312 0.012 0.429 0.013 0.020 0.060 0.013 
266 24.0876.E1    (0)   12 :  0.006 0.052 0.431 0.006 0.318 0.020 0.011 0.145 0.010 
267 24.0877.E1    (0)   12 :  0.004 0.032 0.033 0.008 0.014 0.073 0.012 0.818 0.007 
268 24.0878.E1    (0)   12 :  0.048 0.022 0.225 0.009 0.025 0.014 0.010 0.637 0.010 
269 24.0879.E1    (0)   12 :  0.007 0.012 0.019 0.007 0.263 0.006 0.006 0.669 0.011 
270 24.0880.E1    (0)   12 :  0.444 0.062 0.342 0.018 0.061 0.014 0.013 0.032 0.015 
271 24.0881.E1    (0)   12 :  0.004 0.006 0.009 0.006 0.007 0.010 0.005 0.941 0.012 
272 24.0882.E1    (0)   12 :  0.007 0.019 0.020 0.013 0.010 0.721 0.008 0.194 0.008 
273 24.0883.E1    (0)   12 :  0.007 0.009 0.128 0.047 0.307 0.253 0.006 0.231 0.012 
274 24.0884.E1    (0)   12 :  0.004 0.013 0.032 0.017 0.026 0.051 0.007 0.842 0.008 
275 24.0885.E1    (0)   12 :  0.010 0.042 0.208 0.007 0.092 0.007 0.008 0.609 0.015 
276 24.0886.E1    (0)   12 :  0.005 0.012 0.278 0.048 0.078 0.209 0.011 0.354 0.004 
277 24.0887.E1    (0)   12 :  0.005 0.006 0.023 0.008 0.204 0.715 0.005 0.026 0.009 
278 24.0888.E1    (0)   12 :  0.008 0.869 0.017 0.009 0.023 0.005 0.046 0.017 0.007 


Estimated Allele Frequencies in each cluster
First column gives estimated ancestral frequencies


Locus 1 : 
31 alleles
0.0% missing data
 115   (0.032) 0.005 0.007 0.137 0.004 0.022 0.004 0.011 0.129 0.003 
 117   (0.042) 0.006 0.008 0.047 0.003 0.020 0.201 0.056 0.190 0.004 
 119   (0.040) 0.005 0.008 0.021 0.004 0.008 0.311 0.006 0.262 0.287 
 131   (0.016) 0.001 0.003 0.004 0.002 0.004 0.004 0.002 0.050 0.001 
 128   (0.038) 0.035 0.031 0.042 0.006 0.025 0.003 0.009 0.034 0.004 
 135   (0.018) 0.003 0.004 0.012 0.003 0.005 0.009 0.005 0.046 0.002 
 126   (0.083) 0.257 0.078 0.066 0.057 0.056 0.077 0.052 0.078 0.012 
 122   (0.036) 0.004 0.036 0.010 0.003 0.009 0.002 0.108 0.012 0.097 
 132   (0.032) 0.019 0.022 0.019 0.007 0.021 0.015 0.047 0.005 0.003 
 141   (0.011) 0.001 0.002 0.002 0.001 0.002 0.001 0.002 0.010 0.002 
 130   (0.049) 0.017 0.068 0.091 0.035 0.114 0.012 0.022 0.007 0.014 
 134   (0.039) 0.008 0.028 0.029 0.074 0.006 0.003 0.027 0.005 0.128 
 145   (0.018) 0.002 0.003 0.004 0.104 0.008 0.010 0.003 0.003 0.007 
 127   (0.026) 0.003 0.005 0.006 0.003 0.007 0.154 0.004 0.030 0.054 
 116   (0.105) 0.135 0.256 0.164 0.292 0.097 0.011 0.125 0.015 0.173 
 114   (0.058) 0.109 0.043 0.029 0.177 0.034 0.005 0.143 0.008 0.056 
 120   (0.036) 0.004 0.064 0.014 0.003 0.115 0.003 0.006 0.009 0.087 
 110   (0.047) 0.092 0.028 0.055 0.019 0.074 0.021 0.014 0.009 0.025 
 133   (0.016) 0.002 0.003 0.003 0.001 0.005 0.013 0.007 0.003 0.009 
 118   (0.107) 0.184 0.249 0.180 0.182 0.302 0.020 0.304 0.015 0.012 
 125   (0.015) 0.011 0.005 0.002 0.003 0.005 0.001 0.011 0.003 0.002 
 129   (0.020) 0.002 0.007 0.006 0.002 0.028 0.007 0.003 0.042 0.002 
 124   (0.017) 0.003 0.012 0.005 0.005 0.017 0.002 0.003 0.010 0.002 
 136   (0.018) 0.072 0.005 0.037 0.002 0.003 0.001 0.003 0.003 0.002 
 121   (0.015) 0.001 0.003 0.004 0.001 0.002 0.065 0.002 0.006 0.001 
 139   (0.011) 0.001 0.002 0.002 0.001 0.002 0.001 0.001 0.011 0.001 
 113   (0.010) 0.001 0.002 0.001 0.001 0.002 0.014 0.001 0.001 0.001 
 111   (0.010) 0.001 0.002 0.002 0.001 0.002 0.013 0.001 0.002 0.001 
 143   (0.011) 0.001 0.002 0.002 0.001 0.002 0.014 0.002 0.001 0.001 
 140   (0.015) 0.001 0.011 0.003 0.001 0.003 0.001 0.017 0.002 0.001 
 112   (0.010) 0.014 0.002 0.001 0.001 0.002 0.001 0.001 0.001 0.001 

Locus 2 : 
18 alleles
0.0% missing data
 152   (0.383) 0.185 0.331 0.517 0.311 0.399 0.793 0.509 0.647 0.399 
 148   (0.068) 0.009 0.032 0.178 0.007 0.057 0.023 0.011 0.134 0.222 
 154   (0.107) 0.274 0.087 0.159 0.019 0.046 0.035 0.061 0.048 0.256 
 156   (0.015) 0.002 0.005 0.002 0.002 0.004 0.001 0.008 0.014 0.002 
 150   (0.024) 0.002 0.004 0.003 0.002 0.006 0.046 0.003 0.009 0.063 
 164   (0.078) 0.048 0.140 0.034 0.093 0.018 0.014 0.074 0.070 0.011 
 158   (0.031) 0.004 0.007 0.019 0.008 0.144 0.009 0.012 0.009 0.016 
 160   (0.019) 0.002 0.013 0.009 0.002 0.004 0.019 0.003 0.003 0.002 
 166   (0.020) 0.002 0.017 0.003 0.002 0.005 0.001 0.036 0.004 0.004 
 151   (0.069) 0.428 0.185 0.012 0.304 0.183 0.005 0.025 0.009 0.007 
 147   (0.068) 0.032 0.103 0.027 0.196 0.074 0.005 0.218 0.009 0.007 
 168   (0.023) 0.002 0.017 0.009 0.028 0.006 0.002 0.009 0.004 0.003 
 153   (0.014) 0.001 0.015 0.002 0.013 0.003 0.001 0.002 0.002 0.001 
 149   (0.024) 0.002 0.008 0.017 0.002 0.041 0.011 0.003 0.003 0.002 
 162   (0.020) 0.003 0.009 0.003 0.010 0.004 0.003 0.019 0.009 0.002 
 167   (0.013) 0.001 0.002 0.002 0.001 0.002 0.001 0.002 0.024 0.001 
 146   (0.011) 0.001 0.002 0.001 0.001 0.002 0.029 0.001 0.001 0.001 
 172   (0.013) 0.001 0.023 0.002 0.001 0.002 0.001 0.002 0.002 0.001 

Locus 3 : 
4 alleles
0.0% missing data
 128   (0.294) 0.424 0.223 0.303 0.339 0.292 0.438 0.251 0.203 0.320 
 126   (0.612) 0.533 0.738 0.671 0.509 0.554 0.555 0.697 0.716 0.615 
 132   (0.080) 0.042 0.036 0.024 0.151 0.114 0.006 0.050 0.079 0.059 
 134   (0.014) 0.001 0.003 0.002 0.001 0.039 0.001 0.002 0.002 0.006 

Locus 4 : 
3 alleles
0.0% missing data
 170   (0.320) 0.446 0.377 0.174 0.158 0.240 0.291 0.290 0.333 0.408 
 172   (0.667) 0.552 0.621 0.823 0.838 0.758 0.707 0.708 0.665 0.581 
 171   (0.013) 0.002 0.002 0.003 0.003 0.002 0.002 0.002 0.002 0.011 

Locus 5 : 
37 alleles
0.0% missing data
 125   (0.053) 0.071 0.018 0.044 0.117 0.132 0.032 0.011 0.066 0.064 
 110   (0.035) 0.088 0.007 0.007 0.016 0.039 0.016 0.020 0.051 0.044 
 129   (0.030) 0.010 0.107 0.008 0.038 0.007 0.003 0.022 0.051 0.003 
 113   (0.030) 0.012 0.107 0.011 0.012 0.007 0.002 0.090 0.013 0.004 
 145   (0.048) 0.014 0.013 0.140 0.094 0.090 0.099 0.008 0.209 0.006 
 155   (0.052) 0.057 0.039 0.026 0.006 0.021 0.017 0.086 0.149 0.184 
 117   (0.031) 0.004 0.014 0.113 0.005 0.007 0.034 0.024 0.020 0.005 
 124   (0.009) 0.001 0.001 0.002 0.001 0.001 0.001 0.001 0.023 0.001 
 133   (0.032) 0.003 0.062 0.028 0.008 0.014 0.074 0.008 0.039 0.003 
 157   (0.048) 0.062 0.146 0.039 0.006 0.115 0.031 0.020 0.009 0.030 
 141   (0.015) 0.006 0.032 0.006 0.001 0.003 0.001 0.002 0.004 0.002 
 112   (0.074) 0.157 0.053 0.097 0.143 0.017 0.157 0.050 0.065 0.195 
 121   (0.020) 0.003 0.012 0.003 0.017 0.007 0.003 0.067 0.004 0.008 
 114   (0.036) 0.072 0.008 0.145 0.003 0.007 0.172 0.007 0.041 0.015 
 153   (0.053) 0.090 0.019 0.038 0.080 0.205 0.004 0.167 0.056 0.010 
 127   (0.072) 0.094 0.108 0.071 0.224 0.038 0.073 0.072 0.074 0.021 
 131   (0.062) 0.038 0.019 0.033 0.078 0.116 0.176 0.093 0.052 0.224 
 135   (0.033) 0.019 0.024 0.024 0.066 0.051 0.004 0.048 0.007 0.008 
 104   (0.008) 0.002 0.002 0.002 0.003 0.001 0.002 0.001 0.001 0.011 
 118   (0.018) 0.002 0.011 0.008 0.002 0.016 0.002 0.003 0.014 0.019 
 116   (0.028) 0.018 0.007 0.031 0.005 0.034 0.005 0.039 0.006 0.022 
 137   (0.025) 0.003 0.013 0.008 0.003 0.015 0.007 0.063 0.006 0.095 
 123   (0.023) 0.085 0.005 0.008 0.016 0.009 0.003 0.034 0.006 0.005 
 149   (0.011) 0.002 0.002 0.007 0.005 0.002 0.001 0.003 0.002 0.001 
 138   (0.013) 0.001 0.041 0.002 0.019 0.002 0.001 0.002 0.002 0.002 
 143   (0.026) 0.050 0.034 0.004 0.011 0.008 0.069 0.005 0.004 0.003 
 163   (0.008) 0.001 0.008 0.002 0.001 0.001 0.001 0.002 0.001 0.004 
 109   (0.010) 0.001 0.002 0.027 0.001 0.001 0.001 0.001 0.001 0.001 
 139   (0.009) 0.001 0.010 0.001 0.001 0.003 0.001 0.001 0.001 0.001 
 106   (0.008) 0.001 0.010 0.001 0.001 0.001 0.001 0.002 0.001 0.001 
 144   (0.016) 0.002 0.006 0.037 0.001 0.003 0.001 0.016 0.002 0.002 
 122   (0.011) 0.001 0.002 0.009 0.001 0.002 0.004 0.002 0.012 0.001 
 100   (0.017) 0.010 0.020 0.008 0.008 0.007 0.001 0.023 0.003 0.003 
 111   (0.012) 0.002 0.028 0.003 0.003 0.002 0.001 0.002 0.001 0.001 
 233   (0.008) 0.003 0.003 0.001 0.003 0.008 0.001 0.002 0.001 0.001 
 134   (0.010) 0.013 0.002 0.001 0.001 0.002 0.001 0.001 0.001 0.001 
 140   (0.008) 0.002 0.006 0.006 0.001 0.002 0.001 0.001 0.001 0.001 

Locus 6 : 
17 alleles
0.0% missing data
 221   (0.022) 0.002 0.004 0.003 0.002 0.004 0.086 0.003 0.139 0.002 
 232   (0.244) 0.268 0.291 0.253 0.730 0.284 0.425 0.294 0.176 0.108 
 229   (0.053) 0.088 0.010 0.030 0.016 0.019 0.054 0.018 0.100 0.072 
 223   (0.062) 0.069 0.045 0.064 0.007 0.099 0.009 0.025 0.095 0.008 
 230   (0.157) 0.227 0.224 0.235 0.050 0.135 0.297 0.079 0.067 0.160 
 235   (0.013) 0.001 0.002 0.002 0.001 0.002 0.001 0.002 0.070 0.001 
 236   (0.038) 0.004 0.015 0.011 0.029 0.026 0.006 0.008 0.091 0.040 
 227   (0.022) 0.002 0.011 0.009 0.002 0.010 0.003 0.004 0.062 0.002 
 220   (0.055) 0.032 0.021 0.040 0.076 0.016 0.004 0.148 0.008 0.179 
 222   (0.039) 0.005 0.038 0.017 0.003 0.006 0.002 0.178 0.005 0.246 
 234   (0.133) 0.144 0.112 0.245 0.016 0.242 0.065 0.138 0.087 0.163 
 224   (0.031) 0.071 0.032 0.005 0.002 0.097 0.002 0.006 0.004 0.003 
 228   (0.059) 0.039 0.181 0.046 0.060 0.022 0.005 0.037 0.013 0.007 
 225   (0.011) 0.002 0.002 0.002 0.001 0.002 0.001 0.010 0.005 0.002 
 226   (0.017) 0.041 0.003 0.002 0.001 0.003 0.001 0.044 0.004 0.002 
 233   (0.027) 0.003 0.005 0.021 0.003 0.025 0.038 0.004 0.044 0.003 
 231   (0.013) 0.001 0.003 0.014 0.001 0.008 0.001 0.002 0.030 0.001 

Locus 7 : 
10 alleles
0.0% missing data
 121   (0.687) 0.762 0.840 0.813 0.711 0.632 0.747 0.779 0.884 0.799 
 129   (0.095) 0.126 0.053 0.058 0.149 0.084 0.098 0.041 0.074 0.011 
 130   (0.012) 0.001 0.002 0.002 0.001 0.002 0.002 0.029 0.002 0.001 
 123   (0.100) 0.098 0.058 0.034 0.131 0.198 0.102 0.088 0.025 0.120 
 128   (0.020) 0.002 0.004 0.004 0.002 0.016 0.022 0.003 0.003 0.037 
 131   (0.015) 0.003 0.003 0.002 0.001 0.008 0.001 0.004 0.002 0.025 
 117   (0.011) 0.001 0.012 0.002 0.001 0.002 0.001 0.002 0.001 0.001 
 125   (0.013) 0.001 0.002 0.002 0.001 0.048 0.001 0.002 0.002 0.001 
 134   (0.034) 0.003 0.024 0.076 0.003 0.008 0.006 0.051 0.005 0.004 
 132   (0.013) 0.001 0.002 0.008 0.001 0.002 0.020 0.002 0.002 0.001 

Locus 8 : 
19 alleles
0.0% missing data
 184   (0.304) 0.282 0.371 0.455 0.430 0.482 0.330 0.354 0.493 0.519 
 194   (0.047) 0.014 0.045 0.080 0.009 0.032 0.022 0.008 0.029 0.019 
 178   (0.103) 0.279 0.059 0.084 0.031 0.031 0.060 0.119 0.208 0.180 
 176   (0.079) 0.012 0.082 0.077 0.119 0.061 0.213 0.096 0.047 0.011 
 182   (0.072) 0.047 0.130 0.052 0.028 0.022 0.205 0.136 0.036 0.008 
 190   (0.031) 0.016 0.006 0.005 0.002 0.006 0.048 0.038 0.005 0.069 
 196   (0.022) 0.064 0.014 0.005 0.017 0.003 0.001 0.004 0.006 0.002 
 200   (0.028) 0.003 0.034 0.006 0.002 0.043 0.011 0.007 0.016 0.005 
 180   (0.023) 0.003 0.004 0.003 0.002 0.091 0.002 0.004 0.010 0.069 
 188   (0.037) 0.050 0.010 0.046 0.077 0.009 0.003 0.006 0.029 0.009 
 174   (0.037) 0.004 0.014 0.080 0.003 0.056 0.035 0.010 0.018 0.018 
 186   (0.122) 0.136 0.200 0.082 0.251 0.100 0.060 0.176 0.083 0.058 
 192   (0.022) 0.080 0.005 0.003 0.007 0.013 0.003 0.004 0.009 0.014 
 201   (0.011) 0.001 0.002 0.001 0.001 0.010 0.001 0.001 0.001 0.012 
 199   (0.020) 0.002 0.014 0.003 0.002 0.024 0.001 0.017 0.003 0.002 
 185   (0.010) 0.001 0.002 0.002 0.016 0.002 0.001 0.001 0.001 0.001 
 203   (0.011) 0.001 0.002 0.013 0.001 0.002 0.001 0.002 0.001 0.001 
 198   (0.010) 0.001 0.003 0.002 0.001 0.001 0.001 0.012 0.001 0.001 
 209   (0.011) 0.004 0.002 0.002 0.001 0.011 0.001 0.005 0.002 0.001 

Locus 9 : 
6 alleles
0.4% missing data
 154   (0.685) 0.798 0.745 0.652 0.853 0.693 0.644 0.793 0.716 0.818 
 156   (0.208) 0.130 0.184 0.272 0.034 0.289 0.337 0.190 0.167 0.171 
 152   (0.055) 0.067 0.029 0.042 0.099 0.009 0.007 0.010 0.075 0.006 
 153   (0.013) 0.001 0.015 0.002 0.011 0.002 0.001 0.002 0.002 0.002 
 160   (0.013) 0.001 0.023 0.002 0.001 0.002 0.001 0.002 0.002 0.001 
 164   (0.026) 0.002 0.005 0.031 0.002 0.005 0.010 0.004 0.038 0.003 

Locus 10 : 
29 alleles
0.7% missing data
 305   (0.064) 0.013 0.101 0.011 0.008 0.016 0.009 0.107 0.114 0.219 
 313   (0.048) 0.011 0.046 0.012 0.007 0.022 0.006 0.045 0.152 0.006 
 311   (0.016) 0.003 0.004 0.003 0.001 0.007 0.002 0.002 0.018 0.002 
 299   (0.126) 0.161 0.214 0.041 0.144 0.020 0.041 0.102 0.265 0.046 
 315   (0.075) 0.024 0.147 0.020 0.006 0.032 0.103 0.014 0.084 0.079 
 287   (0.017) 0.002 0.004 0.003 0.002 0.661 0.002 0.005 0.005 0.002 
 291   (0.111) 0.444 0.073 0.334 0.013 0.020 0.025 0.130 0.100 0.073 
 295   (0.023) 0.002 0.005 0.192 0.003 0.003 0.002 0.004 0.029 0.004 
 289   (0.017) 0.002 0.005 0.002 0.002 0.005 0.002 0.130 0.003 0.003 
 303   (0.030) 0.003 0.008 0.007 0.617 0.005 0.495 0.005 0.006 0.019 
 297   (0.047) 0.059 0.012 0.087 0.024 0.008 0.093 0.074 0.016 0.006 
 293   (0.019) 0.002 0.007 0.021 0.001 0.060 0.001 0.006 0.041 0.004 
 301   (0.061) 0.008 0.072 0.062 0.021 0.011 0.008 0.018 0.066 0.150 
 285   (0.026) 0.002 0.009 0.004 0.003 0.004 0.003 0.189 0.003 0.248 
 307   (0.056) 0.093 0.053 0.061 0.005 0.011 0.191 0.009 0.010 0.039 
 312   (0.057) 0.095 0.074 0.067 0.021 0.035 0.004 0.011 0.009 0.077 
 306   (0.026) 0.010 0.059 0.020 0.002 0.005 0.002 0.004 0.010 0.004 
 320   (0.013) 0.001 0.023 0.002 0.001 0.002 0.001 0.002 0.002 0.001 
 317   (0.019) 0.002 0.004 0.002 0.101 0.002 0.001 0.003 0.017 0.002 
 314   (0.024) 0.002 0.014 0.005 0.002 0.033 0.002 0.004 0.029 0.003 
 323   (0.013) 0.001 0.007 0.002 0.001 0.009 0.001 0.002 0.002 0.001 
 325   (0.012) 0.001 0.007 0.002 0.001 0.009 0.001 0.002 0.002 0.001 
 310   (0.018) 0.047 0.005 0.004 0.001 0.006 0.001 0.002 0.003 0.002 
 309   (0.013) 0.001 0.003 0.025 0.001 0.002 0.001 0.002 0.002 0.002 
 316   (0.018) 0.005 0.028 0.002 0.004 0.002 0.001 0.003 0.003 0.002 
 296   (0.012) 0.001 0.008 0.003 0.005 0.002 0.001 0.002 0.002 0.001 
 304   (0.014) 0.002 0.003 0.002 0.001 0.002 0.001 0.060 0.002 0.001 
 321   (0.013) 0.001 0.002 0.002 0.001 0.002 0.001 0.032 0.002 0.001 
 332   (0.014) 0.001 0.003 0.002 0.001 0.002 0.001 0.031 0.002 0.001 

Locus 11 : 
19 alleles
0.0% missing data
 114   (0.154) 0.027 0.168 0.251 0.044 0.077 0.190 0.027 0.241 0.286 
 126   (0.022) 0.002 0.004 0.006 0.002 0.003 0.004 0.003 0.057 0.018 
 111   (0.088) 0.551 0.017 0.014 0.309 0.033 0.006 0.579 0.221 0.009 
 116   (0.113) 0.036 0.079 0.129 0.010 0.138 0.264 0.062 0.109 0.020 
 132   (0.011) 0.001 0.002 0.002 0.001 0.002 0.001 0.002 0.011 0.001 
 109   (0.016) 0.002 0.003 0.003 0.001 0.002 0.001 0.002 0.046 0.001 
 128   (0.017) 0.006 0.006 0.011 0.001 0.003 0.001 0.003 0.008 0.002 
 112   (0.304) 0.049 0.601 0.445 0.199 0.447 0.502 0.064 0.231 0.606 
 122   (0.015) 0.002 0.004 0.007 0.014 0.004 0.004 0.002 0.002 0.007 
 124   (0.012) 0.001 0.002 0.002 0.002 0.002 0.002 0.002 0.002 0.017 
 118   (0.055) 0.009 0.026 0.067 0.013 0.078 0.012 0.058 0.019 0.015 
 127   (0.012) 0.001 0.012 0.002 0.001 0.002 0.001 0.002 0.002 0.001 
 113   (0.053) 0.225 0.019 0.011 0.389 0.031 0.003 0.130 0.007 0.005 
 115   (0.032) 0.007 0.011 0.018 0.004 0.146 0.003 0.008 0.023 0.003 
 120   (0.022) 0.064 0.004 0.021 0.002 0.004 0.001 0.003 0.003 0.002 
 117   (0.021) 0.010 0.013 0.003 0.002 0.004 0.002 0.019 0.003 0.003 
 125   (0.019) 0.002 0.023 0.005 0.005 0.012 0.001 0.003 0.003 0.002 
 119   (0.016) 0.003 0.003 0.002 0.001 0.002 0.001 0.029 0.002 0.001 
 136   (0.014) 0.001 0.003 0.002 0.001 0.009 0.001 0.002 0.009 0.001 

Locus 12 : 
28 alleles
0.7% missing data
 306   (0.068) 0.014 0.067 0.012 0.009 0.013 0.009 0.166 0.112 0.215 
 314   (0.059) 0.078 0.043 0.010 0.020 0.026 0.007 0.036 0.139 0.007 
 312   (0.004) 0.000 0.001 0.000 0.000 0.000 0.000 0.000 0.024 0.000 
 300   (0.134) 0.159 0.216 0.042 0.144 0.022 0.041 0.102 0.281 0.047 
 316   (0.042) 0.022 0.010 0.007 0.003 0.006 0.099 0.008 0.080 0.072 
 288   (0.018) 0.002 0.004 0.003 0.002 0.646 0.002 0.005 0.005 0.002 
 292   (0.121) 0.439 0.076 0.331 0.014 0.022 0.026 0.146 0.103 0.074 
 296   (0.027) 0.003 0.010 0.195 0.006 0.005 0.003 0.005 0.031 0.004 
 290   (0.016) 0.001 0.005 0.002 0.002 0.004 0.001 0.130 0.003 0.003 
 304   (0.031) 0.003 0.008 0.007 0.619 0.005 0.497 0.005 0.006 0.020 
 298   (0.050) 0.058 0.012 0.086 0.024 0.008 0.093 0.074 0.017 0.007 
 294   (0.019) 0.002 0.007 0.021 0.001 0.060 0.001 0.006 0.042 0.004 
 302   (0.065) 0.008 0.073 0.061 0.021 0.012 0.008 0.019 0.067 0.150 
 286   (0.027) 0.003 0.009 0.004 0.003 0.004 0.003 0.204 0.004 0.248 
 308   (0.036) 0.003 0.044 0.013 0.003 0.008 0.187 0.005 0.007 0.039 
 313   (0.047) 0.010 0.090 0.075 0.007 0.038 0.004 0.007 0.008 0.082 
 307   (0.043) 0.106 0.066 0.069 0.004 0.006 0.004 0.007 0.011 0.005 
 321   (0.014) 0.001 0.023 0.002 0.001 0.002 0.001 0.002 0.002 0.001 
 315   (0.049) 0.004 0.143 0.017 0.015 0.066 0.004 0.008 0.032 0.006 
 318   (0.018) 0.004 0.005 0.002 0.093 0.002 0.001 0.003 0.006 0.002 
 324   (0.013) 0.001 0.007 0.002 0.001 0.009 0.001 0.002 0.002 0.001 
 326   (0.014) 0.001 0.007 0.002 0.001 0.009 0.001 0.003 0.002 0.001 
 311   (0.019) 0.071 0.007 0.005 0.001 0.016 0.002 0.003 0.007 0.002 
 310   (0.013) 0.001 0.003 0.025 0.001 0.002 0.001 0.002 0.002 0.002 
 305   (0.014) 0.001 0.033 0.002 0.001 0.002 0.001 0.002 0.002 0.001 
 317   (0.014) 0.001 0.023 0.002 0.001 0.002 0.001 0.002 0.002 0.001 
 320   (0.013) 0.001 0.002 0.002 0.001 0.002 0.001 0.016 0.002 0.001 
 322   (0.014) 0.001 0.002 0.002 0.001 0.002 0.001 0.032 0.002 0.001 

Locus 13 : 
7 alleles
1.1% missing data
 161   (0.591) 0.403 0.551 0.820 0.468 0.482 0.889 0.575 0.654 0.069 
 163   (0.305) 0.577 0.429 0.139 0.445 0.498 0.029 0.338 0.265 0.034 
 160   (0.016) 0.001 0.003 0.002 0.001 0.003 0.001 0.003 0.002 0.444 
 162   (0.015) 0.001 0.003 0.002 0.001 0.002 0.001 0.002 0.002 0.447 
 165   (0.044) 0.015 0.009 0.030 0.083 0.009 0.003 0.077 0.071 0.004 
 166   (0.014) 0.001 0.003 0.005 0.001 0.004 0.004 0.003 0.004 0.001 
 164   (0.015) 0.001 0.002 0.002 0.001 0.002 0.073 0.002 0.002 0.001 

Locus 14 : 
4 alleles
0.4% missing data
  98   (0.958) 0.996 0.982 0.988 0.987 0.992 0.985 0.994 0.988 0.996 
 100   (0.013) 0.001 0.008 0.002 0.006 0.003 0.001 0.002 0.002 0.001 
  96   (0.016) 0.001 0.003 0.007 0.002 0.003 0.013 0.002 0.009 0.002 
 105   (0.013) 0.001 0.007 0.003 0.005 0.003 0.001 0.002 0.002 0.001 

Locus 15 : 
12 alleles
2.2% missing data
 171   (0.308) 0.348 0.370 0.212 0.306 0.395 0.186 0.349 0.398 0.223 
 177   (0.183) 0.105 0.162 0.273 0.074 0.239 0.055 0.138 0.205 0.353 
 173   (0.267) 0.493 0.268 0.337 0.513 0.174 0.072 0.408 0.281 0.097 
 179   (0.107) 0.012 0.092 0.045 0.092 0.130 0.560 0.057 0.069 0.308 
 183   (0.019) 0.002 0.006 0.003 0.006 0.007 0.010 0.008 0.028 0.002 
 181   (0.036) 0.032 0.060 0.010 0.003 0.006 0.112 0.007 0.006 0.004 
 197   (0.014) 0.001 0.003 0.067 0.001 0.002 0.001 0.002 0.002 0.001 
 170   (0.013) 0.001 0.011 0.005 0.001 0.018 0.001 0.002 0.002 0.002 
 189   (0.014) 0.001 0.019 0.003 0.001 0.002 0.001 0.003 0.003 0.005 
 203   (0.013) 0.001 0.002 0.041 0.001 0.002 0.001 0.002 0.002 0.001 
 187   (0.016) 0.001 0.005 0.003 0.001 0.024 0.001 0.009 0.003 0.002 
 198   (0.012) 0.001 0.002 0.002 0.001 0.002 0.001 0.016 0.001 0.001 

Values of parameters used in structure:
DATAFILE=STRUCTURE_main_final_278_HEG_ZG.str,	OUTFILE=STRUCTURE_main_final_278_HEG_ZG-K9-10,	NUMINDS=278,	NUMLOCI=15,	MISSING=-9,	LABEL=1,	POPDATA=1,	POPFLAG=0,	PHENOTYPE=0,	EXTRACOLS=0,	MAXPOPS=9,	BURNIN=100000,	NUMREPS=500000,	USEPOPINFO=0,	INFERALPHA=1,	INFERLAMBDA=0,	POPSPECIFICLAMBDA=0,	POPALPHAS=0,	COMPUTEPROB=1,	NOADMIX=0,	ADMBURNIN=2500,	UPDATEFREQ=1,	PRINTLIKES=0,	INTERMEDSAVE=0,	PRINTKLD=0,	PRINTNET=0,	PRINTLAMBDA=0,	ANCESTDIST=0,	NUMBOXES=1000,	ANCESTPINT=0.90000,	GENSBACK=2,	MIGRPRIOR=0.05000,	PRINTQHAT=0,	PRINTQSUM=0,	ALPHA=1.0000,	FREQSCORR=1,	FPRIORMEAN=0.0100,	FPRIORSD=0.0500,	ONEFST=0,	LAMBDA=1.0000,	UNIFPRIORALPHA=1,	ALPHAMAX=10.0000,	ALPHAPRIORA=1.0000,	ALPHAPRIORB=2.0000,	ALPHAPROPSD=0.0250,	STARTATPOPINFO=0,	RANDOMIZE=1,	LINKAGE=0,	METROFREQ=10,	REPORTHITRATE=0,	MARKOVPHASE=-1,	PHASED=0,	PLOIDY=2,	PHASEINFO=0	LOCPRIOR=0, 	LOCPRIORINIT=1.000000, 	LOCDATA=0, 	LOCISPOP=0, 	LOCPRIORSTEP=0.100000, 	MAXLOCPRIOR=20.000000, 	SEED=1782484027,	
[STRAT parameters]:    NUMSIMSTATS=1000,	PHENOTYPECOL=-9,	POOLFREQ=10,	LOCUSxONLY=0,	EMERROR=0.00100,	MISSINGPHENO=-9,	