

----------------------------------------------------
STRUCTURE by Pritchard, Stephens and Donnelly (2000)
     and Falush, Stephens and Pritchard (2003)
       Code by Pritchard, Falush and Hubisz
             Version 2.3.4 (Jul 2012)
----------------------------------------------------



Command line arguments:   structure -K 11 -i STRUCTURE_main_final_278_HEG_ZG.str -o STRUCTURE_main_final_278_HEG_ZG-K11-19 
Input File:    STRUCTURE_main_final_278_HEG_ZG.str

Run parameters:
   278 individuals
   15 loci
   11 populations assumed
   100000 Burn-in period
   500000 Reps


--------------------------------------------
Proportion of membership of each pre-defined
 population in each of the 11 clusters

Given    Inferred Clusters                                                               Number of
 Pop       1      2      3      4      5      6      7      8      9     10     11      Individuals

  1:     0.043  0.021  0.013  0.083  0.064  0.156  0.033  0.023  0.537  0.013  0.013       24
  2:     0.042  0.041  0.716  0.017  0.050  0.020  0.024  0.022  0.019  0.035  0.014       24
  3:     0.027  0.147  0.012  0.049  0.011  0.018  0.030  0.061  0.017  0.228  0.399       24
  4:     0.452  0.036  0.018  0.035  0.029  0.126  0.012  0.140  0.050  0.040  0.061       24
  5:     0.183  0.012  0.022  0.014  0.029  0.057  0.028  0.473  0.017  0.080  0.084       24
  6:     0.070  0.025  0.030  0.011  0.133  0.102  0.016  0.113  0.451  0.025  0.023       24
  7:     0.060  0.008  0.028  0.015  0.711  0.049  0.014  0.026  0.060  0.015  0.014       24
  8:     0.061  0.026  0.013  0.080  0.011  0.054  0.015  0.209  0.021  0.011  0.499       14
  9:     0.015  0.053  0.015  0.056  0.006  0.054  0.665  0.033  0.034  0.033  0.035       24
 10:     0.010  0.114  0.008  0.622  0.031  0.072  0.036  0.017  0.010  0.044  0.036       24
 11:     0.033  0.381  0.011  0.247  0.010  0.052  0.104  0.041  0.019  0.078  0.023       24
 12:     0.248  0.063  0.017  0.044  0.101  0.056  0.029  0.031  0.276  0.043  0.092       24
--------------------------------------------

Allele-freq. divergence among pops (Net nucleotide distance),
computed using point estimates of P.

      1       2       3       4       5       6       7       8       9      10      11      
 1      -    0.1137  0.0861  0.0764  0.0849  0.0589  0.0542  0.0496  0.0388  0.0965  0.0468  
 2   0.1137     -    0.1472  0.0887  0.1056  0.0933  0.0781  0.0966  0.0999  0.1364  0.0765  
 3   0.0861  0.1472     -    0.1210  0.1176  0.0768  0.0905  0.0751  0.0710  0.1253  0.0694  
 4   0.0764  0.0887  0.1210     -    0.1544  0.0717  0.0531  0.0790  0.0734  0.1204  0.0546  
 5   0.0849  0.1056  0.1176  0.1544     -    0.1014  0.1127  0.0899  0.0794  0.1467  0.0976  
 6   0.0589  0.0933  0.0768  0.0717  0.1014     -    0.0546  0.0493  0.0428  0.0936  0.0446  
 7   0.0542  0.0781  0.0905  0.0531  0.1127  0.0546     -    0.0566  0.0437  0.0971  0.0467  
 8   0.0496  0.0966  0.0751  0.0790  0.0899  0.0493  0.0566     -    0.0377  0.0886  0.0275  
 9   0.0388  0.0999  0.0710  0.0734  0.0794  0.0428  0.0437  0.0377     -    0.0951  0.0413  
10   0.0965  0.1364  0.1253  0.1204  0.1467  0.0936  0.0971  0.0886  0.0951     -    0.0759  
11   0.0468  0.0765  0.0694  0.0546  0.0976  0.0446  0.0467  0.0275  0.0413  0.0759     -    

Average distances (expected heterozygosity) between individuals in same cluster:
cluster  1  : 0.5899 
cluster  2  : 0.5453 
cluster  3  : 0.6080 
cluster  4  : 0.5946 
cluster  5  : 0.5289 
cluster  6  : 0.6082 
cluster  7  : 0.6031 
cluster  8  : 0.6010 
cluster  9  : 0.6148 
cluster 10  : 0.5671 
cluster 11  : 0.6403 

--------------------------------------------
Estimated Ln Prob of Data   = -12238.7
Mean value of ln likelihood = -11463.7
Variance of ln likelihood   = 1550.1
Mean value of alpha         = 0.0472

Mean value of Fst_1         = 0.1183
Mean value of Fst_2         = 0.2795
Mean value of Fst_3         = 0.2040
Mean value of Fst_4         = 0.1732
Mean value of Fst_5         = 0.2397
Mean value of Fst_6         = 0.1711
Mean value of Fst_7         = 0.1301
Mean value of Fst_8         = 0.1436
Mean value of Fst_9         = 0.0972
Mean value of Fst_10         = 0.2198
Mean value of Fst_11         = 0.0662


Inferred ancestry of individuals:
        Label (%Miss) Pop:  Inferred clusters
  1 24.0601.E1    (0)    1 :  0.010 0.014 0.013 0.007 0.012 0.144 0.006 0.006 0.770 0.010 0.008 
  2 24.0602.E1    (0)    1 :  0.006 0.010 0.004 0.011 0.009 0.121 0.011 0.010 0.798 0.010 0.010 
  3 24.0603.E1    (0)    1 :  0.021 0.007 0.005 0.005 0.017 0.047 0.012 0.058 0.799 0.007 0.022 
  4 24.0604.E1    (0)    1 :  0.134 0.005 0.008 0.044 0.005 0.054 0.011 0.005 0.581 0.149 0.005 
  5 24.0605.E1    (0)    1 :  0.023 0.012 0.008 0.008 0.034 0.100 0.029 0.014 0.755 0.006 0.011 
  6 24.0606.E1    (0)    1 :  0.127 0.008 0.011 0.023 0.017 0.040 0.013 0.043 0.706 0.005 0.007 
  7 24.0607.E1    (0)    1 :  0.012 0.008 0.006 0.011 0.297 0.039 0.403 0.130 0.072 0.008 0.012 
  8 24.0608.E1    (0)    1 :  0.008 0.109 0.003 0.031 0.104 0.098 0.012 0.009 0.609 0.005 0.012 
  9 24.0609.E1    (0)    1 :  0.269 0.011 0.004 0.438 0.005 0.078 0.017 0.014 0.134 0.007 0.021 
 10 24.0610.E1    (0)    1 :  0.086 0.005 0.004 0.390 0.008 0.036 0.008 0.014 0.430 0.004 0.013 
 11 24.0611.E1    (0)    1 :  0.028 0.005 0.007 0.035 0.005 0.109 0.026 0.008 0.760 0.005 0.012 
 12 24.0612.E1    (0)    1 :  0.007 0.004 0.009 0.008 0.015 0.117 0.007 0.027 0.786 0.011 0.008 
 13 24.0613.E1    (0)    1 :  0.050 0.005 0.006 0.020 0.005 0.048 0.006 0.015 0.835 0.005 0.004 
 14 24.0614.E1    (0)    1 :  0.007 0.181 0.008 0.009 0.217 0.296 0.062 0.008 0.197 0.006 0.010 
 15 24.0615.E1    (0)    1 :  0.013 0.019 0.015 0.158 0.041 0.138 0.024 0.020 0.543 0.020 0.008 
 16 24.0616.E1    (0)    1 :  0.010 0.005 0.015 0.013 0.005 0.065 0.013 0.013 0.850 0.007 0.005 
 17 24.0617.E1    (0)    1 :  0.017 0.009 0.029 0.590 0.021 0.057 0.026 0.021 0.216 0.006 0.008 
 18 24.0618.E1    (0)    1 :  0.045 0.033 0.009 0.064 0.005 0.041 0.037 0.050 0.696 0.005 0.014 
 19 24.0619.E1    (0)    1 :  0.010 0.004 0.011 0.006 0.005 0.868 0.007 0.007 0.073 0.004 0.006 
 20 24.0620.E1   (20)    1 :  0.107 0.008 0.013 0.033 0.678 0.053 0.022 0.031 0.028 0.010 0.019 
 21 24.0621.E1    (0)    1 :  0.006 0.025 0.004 0.024 0.004 0.903 0.012 0.007 0.007 0.004 0.005 
 22 24.0622.E1    (0)    1 :  0.017 0.005 0.022 0.010 0.009 0.052 0.005 0.013 0.845 0.004 0.017 
 23 24.0623.E1    (0)    1 :  0.019 0.012 0.097 0.033 0.017 0.194 0.024 0.008 0.516 0.009 0.071 
 24 24.0624.E1    (0)    1 :  0.005 0.005 0.006 0.011 0.006 0.057 0.007 0.009 0.885 0.004 0.005 
 25 24.0625.E1    (0)    2 :  0.050 0.177 0.581 0.010 0.044 0.015 0.010 0.020 0.014 0.045 0.034 
 26 24.0626.E1    (0)    2 :  0.004 0.082 0.824 0.003 0.051 0.006 0.004 0.004 0.004 0.004 0.014 
 27 24.0627.E1    (0)    2 :  0.048 0.014 0.482 0.005 0.020 0.021 0.010 0.009 0.007 0.376 0.009 
 28 24.0628.E1    (0)    2 :  0.121 0.099 0.436 0.090 0.135 0.011 0.011 0.007 0.031 0.006 0.054 
 29 24.0629.E1    (0)    2 :  0.006 0.008 0.807 0.010 0.005 0.008 0.010 0.037 0.088 0.009 0.012 
 30 24.0630.E1    (0)    2 :  0.010 0.037 0.806 0.005 0.102 0.007 0.007 0.004 0.005 0.008 0.009 
 31 24.0631.E1    (0)    2 :  0.003 0.003 0.964 0.003 0.004 0.004 0.003 0.004 0.005 0.003 0.003 
 32 24.0632.E1    (0)    2 :  0.005 0.005 0.879 0.006 0.021 0.005 0.007 0.046 0.009 0.011 0.006 
 33 24.0633.E1    (0)    2 :  0.022 0.444 0.428 0.006 0.021 0.012 0.006 0.034 0.012 0.005 0.010 
 34 24.0634.E1    (0)    2 :  0.011 0.024 0.892 0.010 0.006 0.011 0.011 0.009 0.008 0.008 0.012 
 35 24.0635.E1    (0)    2 :  0.019 0.032 0.589 0.027 0.018 0.054 0.072 0.063 0.027 0.020 0.077 
 36 24.0636.E1   (33)    2 :  0.134 0.007 0.083 0.011 0.602 0.040 0.007 0.019 0.045 0.030 0.023 
 37 24.0637.E1    (0)    2 :  0.005 0.003 0.955 0.003 0.007 0.004 0.005 0.005 0.004 0.004 0.005 
 38 24.0638.E1    (0)    2 :  0.025 0.005 0.865 0.005 0.004 0.010 0.005 0.052 0.007 0.009 0.012 
 39 24.0639.E1    (0)    2 :  0.007 0.007 0.749 0.088 0.010 0.009 0.009 0.055 0.033 0.025 0.009 
 40 24.0640.E1    (0)    2 :  0.007 0.007 0.930 0.008 0.005 0.006 0.011 0.008 0.008 0.004 0.006 
 41 24.0641.E1    (0)    2 :  0.007 0.006 0.384 0.012 0.015 0.193 0.322 0.014 0.029 0.007 0.012 
 42 24.0642.E1    (0)    2 :  0.278 0.004 0.568 0.004 0.042 0.008 0.005 0.009 0.071 0.006 0.005 
 43 24.0643.E1    (0)    2 :  0.008 0.006 0.572 0.010 0.041 0.016 0.005 0.093 0.009 0.231 0.010 
 44 24.0644.E1    (0)    2 :  0.025 0.005 0.881 0.035 0.005 0.012 0.013 0.005 0.008 0.005 0.006 
 45 24.0645.E1    (0)    2 :  0.177 0.004 0.728 0.030 0.018 0.006 0.011 0.006 0.011 0.006 0.005 
 46 24.0646.E1    (0)    2 :  0.024 0.005 0.882 0.036 0.005 0.012 0.013 0.005 0.007 0.005 0.006 
 47 24.0647.E1    (0)    2 :  0.005 0.003 0.955 0.003 0.007 0.004 0.005 0.006 0.004 0.004 0.004 
 48 24.0648.E1    (0)    2 :  0.005 0.003 0.955 0.003 0.007 0.004 0.005 0.006 0.004 0.004 0.005 
 49 24.0649.E1    (0)    3 :  0.006 0.014 0.005 0.015 0.003 0.004 0.008 0.053 0.007 0.010 0.876 
 50 24.0650.E1    (0)    3 :  0.330 0.317 0.004 0.057 0.004 0.005 0.049 0.010 0.046 0.009 0.170 
 51 24.0651.E1    (0)    3 :  0.014 0.020 0.135 0.009 0.022 0.046 0.265 0.168 0.007 0.027 0.289 
 52 24.0652.E1    (0)    3 :  0.006 0.449 0.004 0.006 0.004 0.009 0.009 0.011 0.020 0.011 0.470 
 53 24.0653.E1    (0)    3 :  0.011 0.012 0.005 0.029 0.007 0.012 0.022 0.021 0.005 0.800 0.076 
 54 24.0654.E1    (0)    3 :  0.006 0.229 0.008 0.026 0.004 0.008 0.008 0.009 0.006 0.008 0.689 
 55 24.0655.E1    (0)    3 :  0.012 0.120 0.013 0.033 0.006 0.083 0.012 0.262 0.027 0.009 0.423 
 56 24.0656.E1    (0)    3 :  0.014 0.486 0.005 0.012 0.013 0.008 0.006 0.011 0.008 0.014 0.423 
 57 24.0657.E1    (0)    3 :  0.015 0.474 0.005 0.011 0.013 0.008 0.006 0.011 0.008 0.015 0.435 
 58 24.0658.E1    (0)    3 :  0.039 0.005 0.007 0.200 0.007 0.008 0.016 0.120 0.022 0.095 0.480 
 59 24.0659.E1    (0)    3 :  0.014 0.094 0.010 0.032 0.003 0.011 0.038 0.032 0.049 0.295 0.422 
 60 24.0660.E1    (6)    3 :  0.014 0.007 0.013 0.007 0.006 0.009 0.009 0.087 0.024 0.012 0.813 
 61 24.0661.E1    (0)    3 :  0.005 0.681 0.005 0.005 0.010 0.006 0.006 0.007 0.007 0.010 0.257 
 62 24.0662.E1    (0)    3 :  0.009 0.049 0.023 0.023 0.010 0.159 0.144 0.111 0.050 0.076 0.345 
 63 24.0663.E1    (0)    3 :  0.056 0.138 0.009 0.561 0.005 0.005 0.040 0.028 0.007 0.007 0.144 
 64 24.0664.E1    (0)    3 :  0.008 0.115 0.007 0.016 0.034 0.008 0.007 0.026 0.005 0.009 0.766 
 65 24.0665.E1    (0)    3 :  0.024 0.229 0.006 0.005 0.082 0.008 0.008 0.019 0.006 0.035 0.578 
 66 24.0666.E1    (0)    3 :  0.008 0.005 0.006 0.008 0.004 0.009 0.004 0.009 0.008 0.931 0.010 
 67 24.0667.E1    (0)    3 :  0.005 0.006 0.003 0.005 0.004 0.004 0.004 0.008 0.011 0.932 0.019 
 68 24.0668.E1    (0)    3 :  0.003 0.003 0.004 0.004 0.003 0.004 0.004 0.004 0.003 0.964 0.004 
 69 24.0669.E1    (0)    3 :  0.004 0.003 0.004 0.004 0.003 0.004 0.005 0.004 0.003 0.961 0.004 
 70 24.0670.E1    (0)    3 :  0.004 0.016 0.004 0.073 0.005 0.005 0.008 0.367 0.013 0.066 0.438 
 71 24.0671.E1    (0)    3 :  0.012 0.038 0.008 0.032 0.008 0.007 0.017 0.067 0.010 0.011 0.788 
 72 24.0672.E1    (0)    3 :  0.018 0.007 0.005 0.008 0.004 0.009 0.036 0.017 0.059 0.172 0.664 
 73 24.0673.E1    (6)    4 :  0.137 0.484 0.028 0.007 0.083 0.116 0.007 0.035 0.079 0.008 0.016 
 74 24.0674.E1    (0)    4 :  0.387 0.006 0.010 0.006 0.007 0.543 0.006 0.011 0.010 0.006 0.009 
 75 24.0675.E1    (0)    4 :  0.730 0.084 0.026 0.023 0.021 0.019 0.014 0.032 0.025 0.009 0.018 
 76 24.0676.E1    (0)    4 :  0.746 0.025 0.006 0.095 0.016 0.008 0.018 0.049 0.014 0.005 0.017 
 77 24.0677.E1    (0)    4 :  0.020 0.048 0.004 0.018 0.010 0.009 0.022 0.816 0.020 0.014 0.018 
 78 24.0678.E1    (0)    4 :  0.020 0.020 0.041 0.008 0.010 0.181 0.030 0.131 0.286 0.107 0.168 
 79 24.0679.E1    (0)    4 :  0.114 0.007 0.012 0.134 0.006 0.418 0.012 0.080 0.089 0.038 0.092 
 80 24.0680.E1    (0)    4 :  0.054 0.012 0.021 0.006 0.008 0.140 0.024 0.284 0.046 0.074 0.330 
 81 24.0681.E1    (0)    4 :  0.610 0.008 0.008 0.007 0.015 0.017 0.011 0.147 0.080 0.013 0.084 
 82 24.0682.E1    (0)    4 :  0.957 0.003 0.004 0.005 0.005 0.008 0.004 0.004 0.004 0.004 0.003 
 83 24.0683.E1    (0)    4 :  0.252 0.007 0.007 0.004 0.040 0.647 0.006 0.012 0.011 0.008 0.007 
 84 24.0684.E1    (0)    4 :  0.329 0.007 0.029 0.028 0.031 0.401 0.008 0.040 0.098 0.009 0.020 
 85 24.0685.E1    (0)    4 :  0.800 0.005 0.007 0.017 0.015 0.009 0.005 0.018 0.060 0.057 0.008 
 86 24.0686.E1    (0)    4 :  0.022 0.005 0.055 0.012 0.010 0.132 0.025 0.517 0.039 0.010 0.172 
 87 24.0687.E1    (0)    4 :  0.036 0.007 0.089 0.015 0.012 0.222 0.014 0.364 0.014 0.005 0.220 
 88 24.0688.E1    (0)    4 :  0.948 0.004 0.006 0.004 0.005 0.005 0.005 0.006 0.005 0.004 0.007 
 89 24.0689.E1    (0)    4 :  0.073 0.037 0.012 0.307 0.022 0.057 0.011 0.406 0.021 0.005 0.049 
 90 24.0690.E1    (0)    4 :  0.038 0.017 0.026 0.005 0.022 0.025 0.017 0.229 0.030 0.528 0.064 
 91 24.0691.E1    (0)    4 :  0.829 0.005 0.007 0.029 0.005 0.013 0.005 0.032 0.056 0.009 0.009 
 92 24.0692.E1    (0)    4 :  0.856 0.004 0.005 0.018 0.007 0.007 0.005 0.068 0.006 0.007 0.018 
 93 24.0693.E1    (0)    4 :  0.388 0.057 0.008 0.032 0.328 0.011 0.012 0.030 0.018 0.016 0.101 
 94 24.0694.E1    (0)    4 :  0.918 0.004 0.006 0.006 0.009 0.006 0.005 0.006 0.019 0.011 0.011 
 95 24.0695.E1    (0)    4 :  0.739 0.007 0.007 0.035 0.006 0.024 0.017 0.008 0.129 0.015 0.013 
 96 24.0696.E1    (0)    4 :  0.837 0.005 0.014 0.015 0.007 0.017 0.006 0.030 0.050 0.010 0.008 
 97 24.0697.E1    (0)    5 :  0.045 0.006 0.008 0.008 0.012 0.013 0.010 0.869 0.006 0.006 0.016 
 98 24.0698.E1    (0)    5 :  0.010 0.009 0.011 0.010 0.014 0.014 0.011 0.885 0.010 0.017 0.009 
 99 24.0699.E1    (0)    5 :  0.004 0.005 0.006 0.004 0.006 0.006 0.009 0.932 0.008 0.007 0.013 
100 24.0700.E1    (0)    5 :  0.019 0.009 0.005 0.007 0.005 0.006 0.006 0.871 0.005 0.006 0.062 
101 24.0701.E1    (0)    5 :  0.009 0.007 0.011 0.010 0.060 0.015 0.007 0.105 0.007 0.759 0.007 
102 24.0702.E1    (0)    5 :  0.010 0.006 0.009 0.008 0.015 0.037 0.006 0.835 0.008 0.018 0.049 
103 24.0703.E1    (0)    5 :  0.004 0.004 0.041 0.005 0.005 0.004 0.085 0.831 0.006 0.007 0.007 
104 24.0704.E1    (6)    5 :  0.010 0.005 0.007 0.006 0.007 0.007 0.253 0.679 0.009 0.005 0.012 
105 24.0705.E1    (0)    5 :  0.760 0.005 0.009 0.013 0.007 0.020 0.010 0.087 0.041 0.029 0.020 
106 24.0706.E1    (0)    5 :  0.039 0.016 0.009 0.011 0.011 0.039 0.010 0.466 0.007 0.016 0.376 
107 24.0707.E1    (0)    5 :  0.034 0.010 0.014 0.005 0.015 0.066 0.025 0.417 0.017 0.007 0.391 
108 24.0708.E1    (0)    5 :  0.012 0.036 0.134 0.040 0.007 0.662 0.024 0.034 0.015 0.014 0.021 
109 24.0709.E1    (0)    5 :  0.877 0.015 0.007 0.027 0.005 0.008 0.016 0.015 0.010 0.008 0.012 
110 24.0710.E1    (0)    5 :  0.028 0.009 0.006 0.008 0.009 0.237 0.006 0.668 0.009 0.015 0.005 
111 24.0711.E1    (0)    5 :  0.044 0.005 0.050 0.006 0.012 0.012 0.022 0.735 0.051 0.034 0.027 
112 24.0712.E1    (0)    5 :  0.020 0.005 0.028 0.006 0.012 0.011 0.005 0.335 0.014 0.556 0.007 
113 24.0713.E1    (0)    5 :  0.547 0.008 0.008 0.026 0.013 0.027 0.023 0.290 0.009 0.011 0.038 
114 24.0714.E1    (0)    5 :  0.043 0.015 0.016 0.016 0.009 0.086 0.030 0.594 0.037 0.013 0.140 
115 24.0715.E1    (0)    5 :  0.096 0.030 0.006 0.008 0.161 0.007 0.006 0.621 0.026 0.017 0.023 
116 24.0716.E1    (0)    5 :  0.013 0.006 0.031 0.054 0.016 0.019 0.039 0.435 0.047 0.305 0.036 
117 24.0717.E1    (0)    5 :  0.022 0.054 0.037 0.024 0.271 0.034 0.047 0.298 0.013 0.013 0.186 
118 24.0718.E1    (0)    5 :  0.181 0.004 0.040 0.008 0.011 0.019 0.007 0.263 0.029 0.047 0.392 
119 24.0719.E1    (0)    5 :  0.832 0.008 0.017 0.015 0.006 0.020 0.012 0.016 0.006 0.010 0.058 
120 24.0720.E1    (0)    5 :  0.728 0.007 0.014 0.016 0.005 0.011 0.008 0.073 0.014 0.012 0.112 
121 24.0721.E1    (0)    6 :  0.031 0.055 0.010 0.014 0.154 0.013 0.011 0.635 0.041 0.018 0.017 
122 24.0722.E1    (0)    6 :  0.048 0.007 0.101 0.012 0.402 0.007 0.074 0.218 0.048 0.059 0.022 
123 24.0723.E1    (0)    6 :  0.013 0.276 0.258 0.024 0.167 0.008 0.105 0.077 0.045 0.010 0.018 
124 24.0724.E1    (0)    6 :  0.025 0.033 0.023 0.015 0.010 0.778 0.010 0.016 0.068 0.009 0.014 
125 24.0725.E1    (0)    6 :  0.010 0.009 0.008 0.007 0.007 0.056 0.005 0.017 0.854 0.006 0.020 
126 24.0726.E1    (6)    6 :  0.161 0.006 0.008 0.007 0.066 0.011 0.011 0.012 0.681 0.007 0.030 
127 24.0727.E1    (0)    6 :  0.008 0.037 0.036 0.007 0.135 0.471 0.005 0.028 0.233 0.022 0.019 
128 24.0728.E1    (0)    6 :  0.018 0.030 0.034 0.012 0.141 0.035 0.009 0.305 0.299 0.011 0.106 
129 24.0729.E1    (0)    6 :  0.139 0.005 0.011 0.021 0.027 0.009 0.016 0.012 0.716 0.031 0.013 
130 24.0730.E1    (0)    6 :  0.012 0.010 0.008 0.012 0.011 0.019 0.009 0.810 0.059 0.015 0.036 
131 24.0731.E1    (0)    6 :  0.618 0.020 0.015 0.007 0.050 0.012 0.007 0.010 0.248 0.004 0.009 
132 24.0732.E1    (0)    6 :  0.090 0.013 0.010 0.004 0.580 0.010 0.006 0.083 0.153 0.015 0.035 
133 24.0733.E1    (0)    6 :  0.008 0.004 0.006 0.006 0.017 0.062 0.004 0.004 0.881 0.003 0.005 
134 24.0734.E1    (0)    6 :  0.007 0.012 0.010 0.007 0.644 0.013 0.008 0.226 0.045 0.007 0.019 
135 24.0735.E1    (0)    6 :  0.015 0.006 0.053 0.019 0.092 0.027 0.007 0.072 0.674 0.010 0.025 
136 24.0736.E1    (0)    6 :  0.006 0.006 0.007 0.005 0.028 0.055 0.005 0.013 0.862 0.005 0.006 
137 24.0737.E1    (0)    6 :  0.011 0.009 0.025 0.007 0.006 0.059 0.012 0.016 0.822 0.008 0.026 
138 24.0738.E1    (0)    6 :  0.006 0.009 0.010 0.005 0.019 0.028 0.007 0.017 0.880 0.008 0.011 
139 24.0739.E1    (0)    6 :  0.007 0.006 0.016 0.006 0.005 0.050 0.006 0.010 0.856 0.006 0.032 
140 24.0740.E1    (0)    6 :  0.162 0.005 0.018 0.019 0.009 0.012 0.021 0.008 0.720 0.010 0.018 
141 24.0741.E1    (0)    6 :  0.061 0.009 0.017 0.009 0.282 0.028 0.008 0.066 0.468 0.007 0.045 
142 24.0742.E1    (0)    6 :  0.010 0.008 0.012 0.005 0.255 0.300 0.006 0.013 0.376 0.007 0.008 
143 24.0743.E1    (0)    6 :  0.129 0.012 0.004 0.015 0.010 0.334 0.014 0.014 0.440 0.018 0.010 
144 24.0744.E1    (0)    6 :  0.084 0.018 0.011 0.025 0.086 0.040 0.026 0.020 0.361 0.312 0.017 
145 24.0745.E1    (0)    7 :  0.020 0.010 0.004 0.007 0.888 0.009 0.010 0.014 0.004 0.024 0.010 
146 24.0746.E1    (0)    7 :  0.028 0.005 0.042 0.009 0.605 0.073 0.118 0.061 0.027 0.008 0.024 
147 24.0747.E1    (0)    7 :  0.288 0.008 0.009 0.025 0.596 0.010 0.009 0.006 0.023 0.011 0.015 
148 24.0748.E1    (6)    7 :  0.370 0.015 0.008 0.031 0.500 0.015 0.009 0.008 0.021 0.010 0.014 
149 24.0749.E1    (0)    7 :  0.007 0.004 0.007 0.006 0.698 0.027 0.006 0.012 0.218 0.007 0.008 
150 24.0750.E1    (0)    7 :  0.108 0.012 0.011 0.013 0.122 0.068 0.034 0.279 0.300 0.018 0.035 
151 24.0751.E1    (0)    7 :  0.005 0.004 0.007 0.004 0.947 0.006 0.004 0.006 0.008 0.004 0.005 
152 24.0752.E1    (0)    7 :  0.012 0.011 0.006 0.007 0.868 0.008 0.006 0.026 0.045 0.004 0.006 
153 24.0753.E1    (0)    7 :  0.014 0.016 0.171 0.004 0.496 0.049 0.009 0.009 0.210 0.010 0.011 
154 24.0754.E1    (0)    7 :  0.021 0.007 0.017 0.006 0.867 0.016 0.005 0.008 0.037 0.007 0.010 
155 24.0755.E1    (0)    7 :  0.123 0.005 0.022 0.047 0.719 0.009 0.015 0.022 0.015 0.007 0.017 
156 24.0756.E1    (0)    7 :  0.004 0.004 0.006 0.006 0.798 0.162 0.003 0.004 0.006 0.003 0.004 
157 24.0757.E1    (0)    7 :  0.004 0.003 0.004 0.003 0.965 0.004 0.003 0.005 0.004 0.004 0.003 
158 24.0758.E1    (0)    7 :  0.004 0.003 0.004 0.003 0.963 0.004 0.003 0.005 0.004 0.004 0.003 
159 24.0759.E1    (0)    7 :  0.008 0.013 0.007 0.005 0.883 0.016 0.006 0.011 0.031 0.012 0.009 
160 24.0760.E1    (0)    7 :  0.021 0.006 0.290 0.006 0.591 0.010 0.007 0.029 0.009 0.008 0.025 
161 24.0761.E1    (0)    7 :  0.004 0.005 0.008 0.005 0.952 0.005 0.004 0.004 0.006 0.003 0.005 
162 24.0762.E1    (0)    7 :  0.023 0.006 0.007 0.100 0.055 0.358 0.013 0.044 0.108 0.190 0.096 
163 24.0763.E1    (0)    7 :  0.014 0.005 0.004 0.003 0.943 0.007 0.005 0.004 0.007 0.003 0.005 
164 24.0764.E1    (0)    7 :  0.005 0.004 0.009 0.005 0.928 0.008 0.004 0.012 0.015 0.004 0.006 
165 24.0765.E1    (0)    7 :  0.009 0.010 0.014 0.007 0.762 0.169 0.007 0.007 0.005 0.004 0.005 
166 24.0766.E1    (0)    7 :  0.009 0.011 0.006 0.005 0.925 0.010 0.004 0.008 0.009 0.006 0.006 
167 24.0767.E1    (0)    7 :  0.005 0.005 0.004 0.003 0.864 0.101 0.003 0.004 0.004 0.003 0.004 
168 24.0768.E1    (0)    7 :  0.340 0.009 0.005 0.041 0.135 0.022 0.059 0.037 0.330 0.008 0.014 
169 24.0779.E1    (0)    8 :  0.056 0.009 0.006 0.006 0.041 0.033 0.034 0.199 0.014 0.010 0.592 
170 24.0780.E1    (6)    8 :  0.039 0.037 0.006 0.174 0.004 0.007 0.010 0.454 0.008 0.009 0.252 
171 24.0781.E1    (0)    8 :  0.008 0.007 0.005 0.013 0.005 0.005 0.005 0.618 0.004 0.006 0.323 
172 24.0782.E1    (0)    8 :  0.355 0.023 0.031 0.023 0.018 0.025 0.015 0.343 0.124 0.007 0.036 
173 24.0783.E1    (0)    8 :  0.083 0.010 0.013 0.516 0.006 0.066 0.007 0.221 0.010 0.016 0.051 
174 24.0784.E1    (0)    8 :  0.048 0.007 0.005 0.024 0.004 0.007 0.027 0.385 0.010 0.004 0.480 
175 24.0785.E1    (0)    8 :  0.008 0.024 0.004 0.036 0.004 0.008 0.028 0.072 0.007 0.009 0.799 
176 24.0786.E1    (0)    8 :  0.131 0.022 0.008 0.168 0.009 0.016 0.012 0.274 0.025 0.011 0.324 
177 24.0787.E1    (0)    8 :  0.015 0.008 0.055 0.012 0.018 0.014 0.010 0.122 0.018 0.006 0.723 
178 24.0788.E1    (0)    8 :  0.026 0.009 0.013 0.078 0.005 0.005 0.008 0.010 0.005 0.006 0.836 
179 24.0789.E1    (0)    8 :  0.009 0.012 0.021 0.041 0.006 0.014 0.028 0.193 0.046 0.006 0.623 
180 24.0790.E1    (0)    8 :  0.005 0.009 0.005 0.008 0.003 0.004 0.009 0.008 0.004 0.005 0.939 
181 24.0791.E1    (0)    8 :  0.019 0.012 0.005 0.011 0.010 0.526 0.011 0.013 0.008 0.047 0.338 
182 24.0792.E1    (0)    8 :  0.050 0.178 0.004 0.006 0.017 0.026 0.008 0.011 0.010 0.018 0.672 
183 24.0793.E1    (0)    9 :  0.008 0.034 0.040 0.051 0.006 0.049 0.489 0.289 0.015 0.006 0.011 
184 24.0794.E1    (0)    9 :  0.005 0.168 0.006 0.038 0.007 0.141 0.033 0.017 0.449 0.006 0.131 
185 24.0795.E1    (0)    9 :  0.008 0.015 0.046 0.017 0.005 0.622 0.158 0.036 0.058 0.005 0.029 
186 24.0796.E1    (0)    9 :  0.008 0.199 0.009 0.329 0.005 0.082 0.051 0.043 0.052 0.005 0.218 
187 24.0797.E1    (0)    9 :  0.008 0.038 0.011 0.214 0.003 0.047 0.429 0.130 0.013 0.006 0.101 
188 24.0798.E1    (0)    9 :  0.031 0.111 0.028 0.013 0.018 0.017 0.381 0.032 0.008 0.342 0.018 
189 24.0799.E1    (0)    9 :  0.008 0.006 0.006 0.022 0.006 0.008 0.896 0.019 0.014 0.008 0.007 
190 24.0800.E1    (0)    9 :  0.034 0.016 0.005 0.081 0.007 0.009 0.798 0.016 0.016 0.009 0.010 
191 24.0801.E1    (0)    9 :  0.015 0.011 0.007 0.006 0.005 0.009 0.652 0.007 0.005 0.274 0.011 
192 24.0802.E1    (0)    9 :  0.013 0.013 0.023 0.030 0.004 0.047 0.813 0.026 0.008 0.010 0.014 
193 24.0803.E1    (0)    9 :  0.007 0.007 0.008 0.007 0.007 0.026 0.888 0.015 0.009 0.018 0.007 
194 24.0804.E1    (0)    9 :  0.006 0.018 0.012 0.063 0.003 0.008 0.854 0.014 0.009 0.004 0.007 
195 24.0805.E1    (0)    9 :  0.025 0.005 0.004 0.004 0.006 0.007 0.924 0.005 0.008 0.006 0.008 
196 24.0806.E1    (0)    9 :  0.005 0.007 0.018 0.004 0.004 0.004 0.936 0.008 0.005 0.004 0.005 
197 24.0807.E1    (0)    9 :  0.011 0.074 0.008 0.013 0.003 0.009 0.825 0.016 0.011 0.009 0.021 
198 24.0808.E1    (0)    9 :  0.067 0.011 0.018 0.023 0.006 0.008 0.727 0.010 0.012 0.005 0.114 
199 24.0809.E1    (0)    9 :  0.023 0.005 0.004 0.014 0.008 0.007 0.910 0.005 0.012 0.007 0.006 
200 24.0810.E1    (0)    9 :  0.012 0.033 0.012 0.005 0.005 0.149 0.758 0.006 0.006 0.006 0.007 
201 24.0811.E1    (0)    9 :  0.007 0.414 0.041 0.036 0.005 0.014 0.368 0.026 0.050 0.004 0.034 
202 24.0812.E1    (0)    9 :  0.020 0.013 0.006 0.261 0.006 0.013 0.571 0.031 0.035 0.008 0.037 
203 24.0813.E1    (0)    9 :  0.026 0.007 0.006 0.011 0.005 0.007 0.895 0.007 0.006 0.004 0.026 
204 24.0814.E1    (6)    9 :  0.015 0.009 0.008 0.076 0.004 0.005 0.858 0.004 0.007 0.006 0.007 
205 24.0815.E1    (0)    9 :  0.008 0.016 0.022 0.011 0.007 0.011 0.880 0.008 0.004 0.028 0.007 
206 24.0816.E1    (0)    9 :  0.004 0.032 0.011 0.013 0.004 0.007 0.868 0.027 0.006 0.014 0.015 
207 24.0817.E1    (0)   10 :  0.011 0.056 0.005 0.761 0.005 0.013 0.084 0.023 0.015 0.007 0.020 
208 24.0818.E1    (0)   10 :  0.005 0.012 0.011 0.755 0.008 0.011 0.011 0.126 0.034 0.006 0.021 
209 24.0819.E1    (0)   10 :  0.016 0.138 0.021 0.019 0.207 0.030 0.438 0.013 0.012 0.087 0.018 
210 24.0820.E1    (0)   10 :  0.006 0.584 0.009 0.108 0.217 0.008 0.016 0.007 0.007 0.019 0.019 
211 24.0821.E1    (0)   10 :  0.013 0.077 0.009 0.137 0.006 0.009 0.065 0.012 0.011 0.223 0.439 
212 24.0822.E1    (0)   10 :  0.008 0.008 0.004 0.899 0.020 0.006 0.006 0.011 0.006 0.007 0.025 
213 24.0823.E1    (0)   10 :  0.010 0.343 0.010 0.489 0.089 0.005 0.012 0.006 0.008 0.017 0.012 
214 24.0824.E1    (0)   10 :  0.032 0.010 0.005 0.458 0.009 0.008 0.015 0.006 0.007 0.443 0.006 
215 24.0825.E1    (0)   10 :  0.008 0.005 0.004 0.950 0.005 0.005 0.005 0.004 0.004 0.004 0.004 
216 24.0826.E1    (0)   10 :  0.011 0.625 0.011 0.133 0.093 0.009 0.028 0.018 0.007 0.025 0.040 
217 24.0827.E1    (0)   10 :  0.010 0.070 0.008 0.796 0.004 0.011 0.015 0.033 0.034 0.008 0.013 
218 24.0828.E1    (0)   10 :  0.017 0.565 0.011 0.154 0.016 0.014 0.023 0.013 0.006 0.111 0.069 
219 24.0829.E1    (0)   10 :  0.010 0.019 0.006 0.498 0.007 0.390 0.035 0.004 0.004 0.010 0.017 
220 24.0830.E1    (0)   10 :  0.009 0.009 0.004 0.915 0.004 0.010 0.012 0.010 0.005 0.007 0.014 
221 24.0831.E1    (0)   10 :  0.009 0.010 0.005 0.868 0.004 0.027 0.008 0.035 0.004 0.007 0.023 
222 24.0832.E1    (0)   10 :  0.007 0.015 0.003 0.940 0.003 0.005 0.004 0.006 0.008 0.003 0.005 
223 24.0833.E1    (0)   10 :  0.007 0.007 0.003 0.956 0.004 0.004 0.004 0.004 0.003 0.004 0.004 
224 24.0834.E1    (0)   10 :  0.007 0.006 0.006 0.942 0.007 0.004 0.007 0.004 0.006 0.005 0.005 
225 24.0835.E1    (0)   10 :  0.006 0.006 0.006 0.925 0.004 0.007 0.014 0.008 0.011 0.008 0.006 
226 24.0836.E1    (0)   10 :  0.017 0.006 0.004 0.903 0.009 0.013 0.009 0.009 0.009 0.014 0.008 
227 24.0837.E1    (0)   10 :  0.007 0.006 0.004 0.931 0.005 0.011 0.007 0.006 0.006 0.007 0.010 
228 24.0838.E1    (0)   10 :  0.009 0.012 0.004 0.926 0.006 0.006 0.006 0.015 0.004 0.005 0.008 
229 24.0839.E1    (0)   10 :  0.010 0.035 0.011 0.094 0.009 0.718 0.014 0.023 0.016 0.018 0.053 
230 24.0840.E1    (0)   10 :  0.005 0.100 0.018 0.375 0.003 0.405 0.038 0.010 0.007 0.009 0.030 
231 24.0841.E1    (0)   11 :  0.006 0.580 0.003 0.009 0.005 0.317 0.031 0.024 0.007 0.003 0.016 
232 24.0842.E1    (0)   11 :  0.005 0.510 0.003 0.015 0.008 0.165 0.071 0.024 0.012 0.172 0.014 
233 24.0843.E1    (0)   11 :  0.008 0.584 0.006 0.022 0.011 0.015 0.082 0.016 0.005 0.239 0.014 
234 24.0844.E1    (0)   11 :  0.018 0.021 0.005 0.296 0.007 0.017 0.231 0.035 0.022 0.331 0.017 
235 24.0845.E1    (0)   11 :  0.019 0.047 0.005 0.712 0.004 0.028 0.011 0.110 0.009 0.024 0.031 
236 24.0846.E1    (0)   11 :  0.011 0.011 0.011 0.883 0.011 0.008 0.023 0.014 0.010 0.010 0.007 
237 24.0847.E1    (0)   11 :  0.065 0.012 0.007 0.740 0.011 0.059 0.027 0.014 0.030 0.024 0.010 
238 24.0848.E1    (0)   11 :  0.032 0.011 0.004 0.779 0.005 0.015 0.045 0.055 0.012 0.017 0.023 
239 24.0849.E1    (0)   11 :  0.004 0.953 0.003 0.006 0.004 0.004 0.006 0.005 0.006 0.004 0.005 
240 24.0850.E1    (0)   11 :  0.004 0.953 0.003 0.006 0.004 0.004 0.007 0.005 0.006 0.004 0.005 
241 24.0851.E1    (0)   11 :  0.004 0.953 0.003 0.006 0.004 0.004 0.007 0.005 0.006 0.004 0.005 
242 24.0852.E1    (0)   11 :  0.012 0.690 0.005 0.111 0.015 0.021 0.015 0.075 0.009 0.007 0.040 
243 24.0853.E1    (0)   11 :  0.015 0.606 0.006 0.319 0.007 0.012 0.013 0.006 0.005 0.005 0.006 
244 24.0854.E1    (0)   11 :  0.011 0.207 0.006 0.027 0.010 0.028 0.026 0.008 0.012 0.637 0.030 
245 24.0855.E1    (0)   11 :  0.008 0.098 0.005 0.613 0.005 0.208 0.025 0.006 0.006 0.010 0.017 
246 24.0856.E1    (0)   11 :  0.012 0.035 0.092 0.057 0.037 0.096 0.100 0.146 0.077 0.269 0.079 
247 24.0857.E1    (0)   11 :  0.024 0.019 0.010 0.546 0.010 0.012 0.312 0.020 0.020 0.013 0.015 
248 24.0858.E1    (0)   11 :  0.015 0.050 0.005 0.587 0.015 0.012 0.122 0.098 0.017 0.034 0.046 
249 24.0859.E1    (0)   11 :  0.008 0.812 0.011 0.015 0.023 0.011 0.052 0.031 0.013 0.014 0.012 
250 24.0860.E1    (0)   11 :  0.007 0.055 0.027 0.023 0.033 0.118 0.463 0.227 0.016 0.019 0.013 
251 24.0861.E1    (0)   11 :  0.004 0.937 0.003 0.011 0.004 0.007 0.008 0.012 0.005 0.005 0.005 
252 24.0862.E1    (0)   11 :  0.007 0.009 0.024 0.013 0.006 0.075 0.797 0.021 0.015 0.005 0.028 
253 24.0863.E1    (0)   11 :  0.004 0.937 0.003 0.011 0.004 0.007 0.008 0.012 0.005 0.004 0.005 
254 24.0864.E1    (0)   11 :  0.501 0.048 0.007 0.130 0.007 0.010 0.025 0.013 0.142 0.015 0.103 
255 24.0865.E1    (0)   12 :  0.071 0.708 0.016 0.015 0.052 0.017 0.010 0.015 0.051 0.006 0.040 
256 24.0866.E1    (0)   12 :  0.335 0.020 0.006 0.129 0.026 0.009 0.229 0.148 0.033 0.023 0.043 
257 24.0867.E1    (0)   12 :  0.668 0.124 0.015 0.020 0.117 0.009 0.013 0.008 0.007 0.009 0.010 
258 24.0868.E1    (0)   12 :  0.380 0.008 0.024 0.058 0.019 0.020 0.025 0.018 0.012 0.014 0.421 
259 24.0869.E1    (0)   12 :  0.838 0.008 0.039 0.035 0.005 0.006 0.028 0.015 0.008 0.004 0.013 
260 24.0870.E1    (0)   12 :  0.237 0.006 0.105 0.108 0.028 0.072 0.014 0.082 0.074 0.014 0.261 
261 24.0871.E1    (0)   12 :  0.582 0.028 0.052 0.031 0.007 0.019 0.069 0.045 0.081 0.014 0.072 
262 24.0872.E1    (0)   12 :  0.447 0.249 0.008 0.008 0.130 0.016 0.019 0.042 0.015 0.012 0.054 
263 24.0873.E1    (0)   12 :  0.819 0.024 0.013 0.011 0.013 0.005 0.064 0.007 0.011 0.010 0.024 
264 24.0874.E1    (0)   12 :  0.458 0.150 0.006 0.048 0.200 0.007 0.078 0.011 0.008 0.016 0.018 
265 24.0875.E1    (0)   12 :  0.153 0.009 0.012 0.013 0.010 0.574 0.019 0.127 0.008 0.035 0.039 
266 24.0876.E1    (0)   12 :  0.333 0.006 0.011 0.006 0.019 0.455 0.009 0.076 0.056 0.013 0.017 
267 24.0877.E1    (0)   12 :  0.015 0.007 0.006 0.004 0.043 0.008 0.011 0.028 0.860 0.009 0.010 
268 24.0878.E1    (0)   12 :  0.062 0.012 0.007 0.041 0.009 0.005 0.007 0.005 0.786 0.019 0.047 
269 24.0879.E1    (0)   12 :  0.011 0.006 0.009 0.006 0.004 0.009 0.006 0.009 0.721 0.206 0.014 
270 24.0880.E1    (0)   12 :  0.204 0.012 0.014 0.481 0.014 0.014 0.013 0.012 0.036 0.067 0.133 
271 24.0881.E1    (0)   12 :  0.006 0.006 0.009 0.004 0.008 0.012 0.005 0.007 0.931 0.007 0.005 
272 24.0882.E1    (0)   12 :  0.015 0.010 0.008 0.007 0.581 0.010 0.008 0.035 0.307 0.009 0.010 
273 24.0883.E1    (0)   12 :  0.055 0.037 0.011 0.007 0.236 0.029 0.006 0.007 0.382 0.219 0.013 
274 24.0884.E1    (0)   12 :  0.006 0.016 0.007 0.004 0.025 0.006 0.004 0.013 0.902 0.010 0.007 
275 24.0885.E1    (0)   12 :  0.050 0.005 0.013 0.011 0.006 0.011 0.008 0.014 0.806 0.036 0.039 
276 24.0886.E1    (0)   12 :  0.172 0.038 0.004 0.005 0.194 0.005 0.010 0.009 0.450 0.095 0.018 
277 24.0887.E1    (0)   12 :  0.032 0.010 0.010 0.005 0.671 0.009 0.005 0.007 0.066 0.177 0.006 
278 24.0888.E1    (0)   12 :  0.013 0.007 0.007 0.006 0.005 0.010 0.026 0.015 0.019 0.010 0.881 


Estimated Allele Frequencies in each cluster
First column gives estimated ancestral frequencies


Locus 1 : 
31 alleles
0.0% missing data
 115   (0.031) 0.099 0.004 0.003 0.004 0.003 0.198 0.005 0.006 0.113 0.007 0.009 
 117   (0.042) 0.020 0.003 0.004 0.004 0.199 0.137 0.054 0.007 0.206 0.011 0.011 
 119   (0.037) 0.013 0.003 0.300 0.005 0.319 0.028 0.006 0.006 0.290 0.006 0.010 
 131   (0.015) 0.002 0.001 0.001 0.001 0.003 0.009 0.002 0.002 0.050 0.002 0.005 
 128   (0.038) 0.052 0.005 0.004 0.025 0.003 0.053 0.007 0.020 0.031 0.010 0.034 
 135   (0.017) 0.008 0.002 0.002 0.002 0.005 0.013 0.003 0.004 0.052 0.003 0.005 
 126   (0.085) 0.069 0.036 0.010 0.273 0.087 0.174 0.057 0.068 0.044 0.033 0.071 
 122   (0.033) 0.010 0.003 0.097 0.004 0.002 0.008 0.121 0.063 0.010 0.007 0.011 
 132   (0.031) 0.021 0.006 0.003 0.018 0.014 0.010 0.054 0.017 0.005 0.014 0.027 
 141   (0.011) 0.002 0.001 0.003 0.001 0.001 0.006 0.002 0.001 0.007 0.002 0.004 
 130   (0.048) 0.120 0.026 0.013 0.014 0.007 0.009 0.020 0.042 0.008 0.152 0.074 
 134   (0.036) 0.030 0.105 0.133 0.006 0.002 0.009 0.021 0.006 0.004 0.005 0.039 
 145   (0.021) 0.004 0.064 0.011 0.002 0.008 0.004 0.003 0.004 0.004 0.015 0.039 
 127   (0.025) 0.005 0.002 0.051 0.002 0.171 0.006 0.004 0.005 0.033 0.007 0.007 
 116   (0.107) 0.188 0.324 0.166 0.133 0.008 0.051 0.110 0.269 0.015 0.065 0.228 
 114   (0.061) 0.039 0.228 0.055 0.117 0.005 0.030 0.140 0.031 0.008 0.038 0.045 
 120   (0.037) 0.009 0.003 0.088 0.004 0.002 0.031 0.006 0.023 0.007 0.138 0.079 
 110   (0.043) 0.051 0.013 0.021 0.096 0.009 0.010 0.011 0.079 0.011 0.099 0.014 
 133   (0.015) 0.002 0.001 0.007 0.001 0.008 0.028 0.006 0.002 0.002 0.002 0.004 
 118   (0.116) 0.189 0.157 0.013 0.174 0.020 0.132 0.325 0.319 0.015 0.337 0.197 
 125   (0.014) 0.002 0.003 0.002 0.012 0.001 0.006 0.007 0.004 0.002 0.004 0.009 
 129   (0.021) 0.004 0.002 0.002 0.002 0.003 0.012 0.003 0.003 0.050 0.014 0.014 
 124   (0.015) 0.003 0.002 0.002 0.002 0.001 0.017 0.002 0.004 0.005 0.015 0.021 
 136   (0.021) 0.042 0.002 0.002 0.077 0.001 0.007 0.003 0.003 0.003 0.003 0.009 
 121   (0.013) 0.003 0.001 0.001 0.001 0.072 0.002 0.002 0.002 0.007 0.002 0.003 
 139   (0.010) 0.001 0.001 0.001 0.001 0.001 0.002 0.001 0.001 0.011 0.001 0.003 
 113   (0.010) 0.001 0.001 0.001 0.001 0.015 0.002 0.001 0.001 0.001 0.001 0.002 
 111   (0.011) 0.002 0.001 0.001 0.001 0.013 0.002 0.002 0.002 0.002 0.002 0.003 
 143   (0.011) 0.002 0.001 0.001 0.001 0.016 0.002 0.002 0.001 0.001 0.002 0.003 
 140   (0.014) 0.002 0.001 0.001 0.001 0.001 0.002 0.019 0.002 0.002 0.002 0.018 
 112   (0.009) 0.001 0.001 0.001 0.015 0.001 0.002 0.001 0.001 0.001 0.001 0.002 

Locus 2 : 
18 alleles
0.0% missing data
 152   (0.364) 0.544 0.415 0.389 0.147 0.796 0.514 0.499 0.558 0.644 0.345 0.163 
 148   (0.074) 0.155 0.007 0.227 0.008 0.019 0.110 0.011 0.052 0.152 0.032 0.025 
 154   (0.104) 0.155 0.023 0.259 0.265 0.024 0.226 0.040 0.100 0.031 0.040 0.053 
 156   (0.016) 0.002 0.001 0.002 0.002 0.001 0.009 0.005 0.004 0.011 0.004 0.009 
 150   (0.023) 0.003 0.002 0.066 0.002 0.055 0.007 0.003 0.003 0.007 0.005 0.006 
 164   (0.083) 0.025 0.116 0.011 0.042 0.010 0.032 0.071 0.147 0.077 0.019 0.102 
 158   (0.032) 0.019 0.006 0.015 0.004 0.009 0.006 0.012 0.008 0.012 0.198 0.009 
 160   (0.020) 0.012 0.002 0.003 0.002 0.019 0.004 0.003 0.005 0.003 0.004 0.015 
 166   (0.020) 0.003 0.001 0.004 0.002 0.001 0.007 0.044 0.021 0.003 0.003 0.007 
 151   (0.072) 0.011 0.200 0.007 0.490 0.005 0.036 0.014 0.042 0.009 0.241 0.315 
 147   (0.063) 0.032 0.197 0.006 0.025 0.005 0.019 0.253 0.012 0.008 0.048 0.198 
 168   (0.024) 0.010 0.013 0.003 0.002 0.003 0.005 0.014 0.005 0.004 0.007 0.031 
 153   (0.015) 0.002 0.006 0.001 0.001 0.001 0.003 0.002 0.005 0.002 0.003 0.023 
 149   (0.027) 0.019 0.002 0.003 0.002 0.013 0.007 0.004 0.007 0.004 0.045 0.012 
 162   (0.021) 0.003 0.008 0.002 0.002 0.003 0.007 0.020 0.008 0.007 0.003 0.012 
 167   (0.015) 0.002 0.001 0.001 0.001 0.001 0.004 0.002 0.002 0.024 0.002 0.004 
 146   (0.013) 0.002 0.001 0.001 0.001 0.035 0.002 0.002 0.002 0.002 0.002 0.003 
 172   (0.013) 0.002 0.001 0.001 0.001 0.001 0.002 0.002 0.018 0.002 0.002 0.015 

Locus 3 : 
4 alleles
0.0% missing data
 128   (0.294) 0.283 0.422 0.314 0.426 0.481 0.303 0.248 0.180 0.213 0.239 0.258 
 126   (0.609) 0.692 0.428 0.622 0.529 0.511 0.662 0.691 0.781 0.708 0.571 0.685 
 132   (0.084) 0.023 0.149 0.057 0.043 0.006 0.033 0.060 0.031 0.077 0.148 0.054 
 134   (0.014) 0.002 0.001 0.006 0.001 0.001 0.002 0.002 0.008 0.002 0.041 0.003 

Locus 4 : 
3 alleles
0.0% missing data
 170   (0.325) 0.156 0.165 0.410 0.452 0.288 0.407 0.242 0.398 0.295 0.171 0.368 
 172   (0.663) 0.840 0.833 0.580 0.545 0.710 0.591 0.756 0.600 0.703 0.827 0.628 
 171   (0.013) 0.004 0.002 0.010 0.002 0.002 0.002 0.002 0.002 0.002 0.002 0.004 

Locus 5 : 
37 alleles
0.0% missing data
 125   (0.052) 0.060 0.130 0.065 0.076 0.024 0.065 0.009 0.013 0.052 0.145 0.027 
 110   (0.031) 0.005 0.014 0.041 0.062 0.009 0.182 0.012 0.005 0.023 0.028 0.012 
 129   (0.034) 0.006 0.053 0.003 0.006 0.003 0.019 0.007 0.102 0.054 0.008 0.081 
 113   (0.031) 0.010 0.018 0.004 0.011 0.002 0.011 0.080 0.110 0.011 0.006 0.081 
 145   (0.053) 0.136 0.053 0.006 0.013 0.079 0.097 0.009 0.027 0.227 0.079 0.060 
 155   (0.054) 0.019 0.005 0.183 0.059 0.012 0.090 0.086 0.063 0.144 0.016 0.022 
 117   (0.032) 0.109 0.003 0.005 0.003 0.029 0.045 0.025 0.008 0.023 0.005 0.025 
 124   (0.009) 0.002 0.001 0.001 0.001 0.001 0.003 0.001 0.001 0.023 0.001 0.002 
 133   (0.035) 0.039 0.005 0.004 0.003 0.083 0.011 0.008 0.029 0.039 0.007 0.071 
 157   (0.044) 0.042 0.004 0.028 0.058 0.025 0.014 0.016 0.246 0.007 0.110 0.052 
 141   (0.016) 0.007 0.001 0.002 0.006 0.001 0.006 0.003 0.018 0.004 0.002 0.029 
 112   (0.074) 0.081 0.164 0.191 0.141 0.161 0.162 0.032 0.081 0.064 0.016 0.044 
 121   (0.022) 0.003 0.020 0.008 0.003 0.003 0.013 0.072 0.004 0.004 0.009 0.019 
 114   (0.034) 0.161 0.003 0.014 0.079 0.195 0.018 0.007 0.006 0.047 0.006 0.009 
 153   (0.053) 0.030 0.050 0.010 0.097 0.004 0.037 0.204 0.015 0.060 0.251 0.048 
 127   (0.071) 0.084 0.297 0.020 0.104 0.058 0.093 0.037 0.091 0.061 0.042 0.099 
 131   (0.060) 0.025 0.049 0.232 0.045 0.201 0.014 0.115 0.029 0.071 0.148 0.020 
 135   (0.032) 0.016 0.080 0.010 0.015 0.003 0.041 0.062 0.033 0.007 0.018 0.020 
 104   (0.010) 0.003 0.002 0.010 0.002 0.002 0.002 0.002 0.001 0.002 0.001 0.004 
 118   (0.014) 0.005 0.001 0.016 0.001 0.002 0.003 0.002 0.006 0.023 0.011 0.009 
 116   (0.029) 0.032 0.004 0.024 0.018 0.004 0.010 0.040 0.012 0.009 0.028 0.015 
 137   (0.025) 0.007 0.002 0.100 0.002 0.005 0.015 0.066 0.022 0.004 0.012 0.010 
 123   (0.021) 0.006 0.011 0.005 0.100 0.003 0.007 0.042 0.004 0.006 0.005 0.006 
 149   (0.009) 0.007 0.005 0.001 0.001 0.001 0.001 0.002 0.001 0.002 0.001 0.005 
 138   (0.011) 0.001 0.004 0.001 0.001 0.001 0.002 0.001 0.002 0.001 0.002 0.072 
 143   (0.025) 0.003 0.008 0.003 0.056 0.083 0.006 0.004 0.019 0.003 0.018 0.030 
 163   (0.009) 0.001 0.001 0.002 0.001 0.001 0.006 0.001 0.006 0.001 0.001 0.005 
 109   (0.010) 0.031 0.001 0.001 0.001 0.001 0.001 0.001 0.001 0.001 0.001 0.002 
 139   (0.010) 0.001 0.001 0.001 0.001 0.001 0.002 0.001 0.015 0.001 0.002 0.003 
 106   (0.008) 0.001 0.001 0.001 0.001 0.001 0.002 0.001 0.007 0.001 0.001 0.007 
 144   (0.015) 0.044 0.001 0.001 0.001 0.001 0.003 0.018 0.004 0.002 0.002 0.004 
 122   (0.012) 0.004 0.001 0.001 0.001 0.002 0.009 0.002 0.002 0.016 0.002 0.004 
 100   (0.016) 0.007 0.003 0.002 0.010 0.001 0.004 0.023 0.008 0.003 0.005 0.033 
 111   (0.011) 0.001 0.001 0.001 0.001 0.001 0.002 0.001 0.001 0.001 0.001 0.046 
 233   (0.009) 0.001 0.001 0.001 0.002 0.001 0.001 0.002 0.001 0.001 0.007 0.010 
 134   (0.010) 0.001 0.001 0.001 0.014 0.001 0.002 0.001 0.002 0.001 0.001 0.003 
 140   (0.009) 0.006 0.001 0.001 0.001 0.001 0.002 0.002 0.001 0.001 0.001 0.009 

Locus 6 : 
17 alleles
0.0% missing data
 221   (0.023) 0.003 0.001 0.002 0.002 0.087 0.017 0.003 0.003 0.146 0.003 0.006 
 232   (0.249) 0.259 0.778 0.097 0.272 0.444 0.341 0.264 0.303 0.140 0.290 0.327 
 229   (0.053) 0.029 0.009 0.078 0.101 0.063 0.024 0.024 0.009 0.098 0.014 0.014 
 223   (0.060) 0.056 0.009 0.007 0.074 0.006 0.029 0.016 0.097 0.095 0.096 0.024 
 230   (0.160) 0.222 0.034 0.157 0.244 0.300 0.197 0.076 0.230 0.073 0.094 0.194 
 235   (0.014) 0.002 0.001 0.002 0.001 0.001 0.009 0.002 0.002 0.067 0.002 0.004 
 236   (0.040) 0.009 0.017 0.043 0.004 0.004 0.047 0.007 0.011 0.083 0.011 0.037 
 227   (0.023) 0.005 0.002 0.002 0.002 0.002 0.038 0.004 0.014 0.056 0.007 0.007 
 220   (0.055) 0.045 0.070 0.183 0.023 0.003 0.030 0.171 0.008 0.008 0.014 0.052 
 222   (0.037) 0.018 0.002 0.252 0.004 0.002 0.006 0.219 0.005 0.005 0.005 0.056 
 234   (0.133) 0.276 0.013 0.161 0.147 0.044 0.070 0.163 0.075 0.108 0.304 0.116 
 224   (0.032) 0.006 0.002 0.003 0.079 0.002 0.007 0.006 0.017 0.004 0.125 0.033 
 228   (0.056) 0.045 0.054 0.006 0.037 0.004 0.033 0.021 0.219 0.010 0.011 0.110 
 225   (0.012) 0.002 0.001 0.002 0.001 0.001 0.017 0.004 0.002 0.002 0.001 0.003 
 226   (0.016) 0.002 0.003 0.002 0.007 0.001 0.124 0.016 0.002 0.002 0.002 0.004 
 233   (0.025) 0.019 0.002 0.002 0.003 0.036 0.011 0.004 0.004 0.059 0.016 0.008 
 231   (0.012) 0.004 0.001 0.001 0.001 0.001 0.002 0.002 0.001 0.044 0.005 0.004 

Locus 7 : 
10 alleles
0.0% missing data
 121   (0.696) 0.821 0.624 0.803 0.803 0.758 0.699 0.825 0.819 0.880 0.567 0.854 
 129   (0.087) 0.053 0.206 0.010 0.134 0.108 0.033 0.018 0.048 0.083 0.097 0.051 
 130   (0.013) 0.002 0.001 0.001 0.001 0.002 0.002 0.033 0.003 0.002 0.002 0.003 
 123   (0.097) 0.021 0.162 0.121 0.052 0.083 0.226 0.055 0.092 0.020 0.229 0.044 
 128   (0.019) 0.004 0.001 0.038 0.002 0.022 0.003 0.003 0.003 0.003 0.022 0.005 
 131   (0.016) 0.002 0.001 0.019 0.002 0.001 0.016 0.003 0.004 0.002 0.009 0.004 
 117   (0.012) 0.001 0.001 0.001 0.001 0.001 0.002 0.002 0.002 0.001 0.002 0.016 
 125   (0.012) 0.001 0.001 0.001 0.001 0.001 0.002 0.002 0.001 0.001 0.064 0.003 
 134   (0.035) 0.081 0.002 0.004 0.003 0.006 0.016 0.059 0.026 0.005 0.007 0.015 
 132   (0.013) 0.014 0.001 0.001 0.001 0.019 0.002 0.002 0.001 0.002 0.002 0.003 

Locus 8 : 
19 alleles
0.0% missing data
 184   (0.300) 0.446 0.405 0.519 0.259 0.319 0.571 0.351 0.421 0.465 0.531 0.315 
 194   (0.046) 0.089 0.007 0.016 0.014 0.018 0.027 0.007 0.034 0.030 0.035 0.039 
 178   (0.103) 0.060 0.029 0.181 0.295 0.066 0.160 0.111 0.038 0.211 0.028 0.064 
 176   (0.080) 0.088 0.113 0.010 0.009 0.241 0.045 0.107 0.058 0.048 0.048 0.102 
 182   (0.078) 0.050 0.055 0.008 0.043 0.223 0.030 0.137 0.155 0.047 0.031 0.073 
 190   (0.030) 0.004 0.002 0.071 0.017 0.056 0.005 0.044 0.005 0.005 0.005 0.008 
 196   (0.021) 0.005 0.006 0.002 0.069 0.001 0.007 0.003 0.003 0.005 0.003 0.032 
 200   (0.021) 0.003 0.002 0.003 0.002 0.006 0.008 0.004 0.081 0.012 0.021 0.007 
 180   (0.023) 0.003 0.002 0.071 0.003 0.002 0.006 0.004 0.004 0.009 0.121 0.006 
 188   (0.040) 0.056 0.049 0.008 0.056 0.003 0.008 0.006 0.005 0.030 0.009 0.040 
 174   (0.037) 0.098 0.003 0.023 0.004 0.033 0.039 0.008 0.009 0.014 0.036 0.021 
 186   (0.127) 0.072 0.312 0.054 0.131 0.025 0.080 0.171 0.168 0.103 0.062 0.243 
 192   (0.022) 0.003 0.003 0.013 0.089 0.002 0.004 0.004 0.005 0.010 0.014 0.011 
 201   (0.011) 0.001 0.001 0.012 0.001 0.001 0.002 0.002 0.003 0.001 0.010 0.003 
 199   (0.018) 0.002 0.002 0.002 0.003 0.001 0.003 0.018 0.008 0.002 0.030 0.015 
 185   (0.010) 0.002 0.008 0.001 0.001 0.001 0.002 0.001 0.001 0.001 0.002 0.010 
 203   (0.012) 0.015 0.001 0.001 0.001 0.001 0.002 0.002 0.002 0.002 0.002 0.003 
 198   (0.011) 0.002 0.001 0.001 0.001 0.001 0.002 0.014 0.001 0.001 0.001 0.005 
 209   (0.010) 0.001 0.001 0.001 0.004 0.001 0.002 0.006 0.002 0.001 0.012 0.003 

Locus 9 : 
6 alleles
0.4% missing data
 154   (0.700) 0.616 0.834 0.823 0.794 0.605 0.883 0.773 0.684 0.710 0.670 0.837 
 156   (0.196) 0.302 0.028 0.167 0.134 0.385 0.091 0.212 0.246 0.160 0.315 0.109 
 152   (0.052) 0.047 0.131 0.005 0.068 0.004 0.012 0.008 0.028 0.078 0.007 0.022 
 153   (0.013) 0.002 0.005 0.001 0.001 0.001 0.005 0.002 0.010 0.002 0.002 0.017 
 160   (0.015) 0.002 0.001 0.001 0.001 0.001 0.002 0.002 0.029 0.002 0.002 0.009 
 164   (0.023) 0.031 0.002 0.002 0.002 0.004 0.007 0.003 0.003 0.048 0.003 0.006 

Locus 10 : 
29 alleles
0.7% missing data
 305   (0.070) 0.011 0.007 0.215 0.008 0.009 0.122 0.065 0.074 0.089 0.013 0.097 
 313   (0.052) 0.009 0.008 0.006 0.011 0.006 0.029 0.046 0.021 0.155 0.014 0.068 
 311   (0.017) 0.002 0.001 0.002 0.002 0.002 0.013 0.003 0.003 0.014 0.005 0.006 
 299   (0.116) 0.026 0.171 0.037 0.168 0.028 0.040 0.100 0.340 0.273 0.014 0.086 
 315   (0.078) 0.019 0.006 0.082 0.015 0.087 0.049 0.012 0.179 0.096 0.015 0.078 
 287   (0.019) 0.003 0.002 0.003 0.002 0.002 0.004 0.004 0.003 0.006 0.822 0.007 
 291   (0.104) 0.411 0.011 0.065 0.494 0.017 0.021 0.161 0.025 0.114 0.015 0.072 
 295   (0.024) 0.210 0.002 0.004 0.002 0.002 0.003 0.004 0.004 0.048 0.003 0.010 
 289   (0.016) 0.002 0.001 0.002 0.001 0.001 0.003 0.158 0.009 0.002 0.002 0.004 
 303   (0.038) 0.010 0.646 0.027 0.004 0.631 0.005 0.006 0.005 0.008 0.005 0.060 
 297   (0.024) 0.015 0.034 0.003 0.005 0.023 0.437 0.008 0.004 0.005 0.003 0.006 
 293   (0.017) 0.003 0.001 0.003 0.001 0.001 0.183 0.004 0.003 0.002 0.002 0.006 
 301   (0.061) 0.070 0.007 0.157 0.006 0.007 0.012 0.018 0.013 0.070 0.008 0.119 
 285   (0.030) 0.004 0.003 0.263 0.003 0.003 0.004 0.218 0.022 0.004 0.004 0.009 
 307   (0.054) 0.055 0.004 0.033 0.097 0.164 0.008 0.008 0.167 0.017 0.008 0.016 
 312   (0.059) 0.083 0.019 0.075 0.105 0.004 0.027 0.013 0.093 0.009 0.010 0.037 
 306   (0.026) 0.015 0.002 0.004 0.009 0.002 0.004 0.004 0.004 0.012 0.004 0.095 
 320   (0.013) 0.002 0.001 0.001 0.001 0.001 0.002 0.002 0.003 0.002 0.001 0.032 
 317   (0.022) 0.003 0.058 0.002 0.002 0.001 0.004 0.003 0.003 0.016 0.002 0.056 
 314   (0.027) 0.004 0.002 0.003 0.002 0.002 0.003 0.004 0.003 0.038 0.031 0.022 
 323   (0.012) 0.002 0.001 0.001 0.001 0.001 0.001 0.002 0.002 0.002 0.004 0.015 
 325   (0.014) 0.002 0.001 0.001 0.001 0.001 0.002 0.002 0.002 0.002 0.004 0.015 
 310   (0.019) 0.003 0.001 0.002 0.048 0.001 0.010 0.003 0.005 0.003 0.002 0.007 
 309   (0.013) 0.028 0.001 0.002 0.001 0.001 0.002 0.002 0.002 0.002 0.002 0.005 
 316   (0.019) 0.002 0.004 0.002 0.004 0.001 0.003 0.003 0.003 0.003 0.002 0.045 
 296   (0.013) 0.002 0.002 0.001 0.001 0.001 0.002 0.002 0.002 0.002 0.002 0.016 
 304   (0.016) 0.002 0.001 0.002 0.002 0.001 0.002 0.071 0.003 0.002 0.002 0.005 
 321   (0.013) 0.002 0.001 0.001 0.001 0.001 0.002 0.038 0.001 0.002 0.001 0.003 
 332   (0.015) 0.002 0.001 0.001 0.001 0.001 0.002 0.039 0.002 0.002 0.001 0.004 

Locus 11 : 
19 alleles
0.0% missing data
 114   (0.146) 0.264 0.035 0.288 0.022 0.211 0.130 0.023 0.180 0.247 0.041 0.113 
 126   (0.020) 0.005 0.001 0.017 0.002 0.004 0.011 0.003 0.002 0.056 0.003 0.005 
 111   (0.097) 0.014 0.424 0.009 0.571 0.006 0.250 0.609 0.018 0.164 0.026 0.033 
 116   (0.107) 0.123 0.008 0.017 0.026 0.285 0.163 0.046 0.119 0.102 0.126 0.048 
 132   (0.013) 0.002 0.001 0.001 0.001 0.001 0.003 0.002 0.002 0.012 0.002 0.004 
 109   (0.015) 0.003 0.001 0.001 0.002 0.001 0.005 0.002 0.002 0.047 0.002 0.004 
 128   (0.017) 0.015 0.001 0.002 0.006 0.001 0.003 0.002 0.003 0.008 0.003 0.006 
 112   (0.313) 0.429 0.099 0.610 0.041 0.460 0.326 0.056 0.607 0.280 0.433 0.569 
 122   (0.015) 0.012 0.009 0.007 0.002 0.005 0.003 0.002 0.002 0.002 0.002 0.006 
 124   (0.011) 0.002 0.001 0.017 0.001 0.002 0.002 0.002 0.001 0.001 0.002 0.003 
 118   (0.055) 0.078 0.010 0.013 0.007 0.011 0.015 0.069 0.029 0.024 0.093 0.018 
 127   (0.012) 0.001 0.001 0.001 0.001 0.001 0.002 0.002 0.002 0.002 0.002 0.016 
 113   (0.062) 0.011 0.397 0.006 0.235 0.004 0.034 0.125 0.010 0.009 0.054 0.080 
 115   (0.030) 0.010 0.003 0.003 0.006 0.003 0.007 0.006 0.004 0.027 0.192 0.024 
 120   (0.022) 0.021 0.002 0.002 0.069 0.001 0.003 0.003 0.003 0.003 0.003 0.007 
 117   (0.021) 0.003 0.003 0.002 0.003 0.002 0.030 0.011 0.009 0.003 0.004 0.015 
 125   (0.016) 0.002 0.002 0.001 0.001 0.001 0.008 0.002 0.002 0.002 0.003 0.043 
 119   (0.014) 0.002 0.001 0.001 0.003 0.001 0.002 0.033 0.002 0.002 0.002 0.004 
 136   (0.012) 0.002 0.001 0.001 0.001 0.001 0.002 0.002 0.001 0.010 0.008 0.003 

Locus 12 : 
28 alleles
0.7% missing data
 306   (0.074) 0.011 0.007 0.211 0.009 0.009 0.117 0.139 0.060 0.088 0.011 0.067 
 314   (0.059) 0.009 0.024 0.007 0.090 0.007 0.021 0.031 0.020 0.141 0.022 0.062 
 312   (0.014) 0.002 0.001 0.001 0.001 0.001 0.004 0.002 0.002 0.025 0.001 0.003 
 300   (0.124) 0.026 0.171 0.038 0.165 0.029 0.041 0.100 0.349 0.288 0.015 0.089 
 316   (0.048) 0.007 0.004 0.077 0.013 0.088 0.038 0.007 0.015 0.094 0.005 0.014 
 288   (0.017) 0.002 0.002 0.002 0.001 0.001 0.002 0.003 0.003 0.005 0.810 0.006 
 292   (0.110) 0.405 0.012 0.066 0.485 0.018 0.022 0.181 0.027 0.116 0.016 0.074 
 296   (0.029) 0.210 0.004 0.004 0.002 0.003 0.004 0.004 0.005 0.049 0.003 0.023 
 290   (0.017) 0.002 0.001 0.002 0.001 0.001 0.003 0.157 0.009 0.002 0.002 0.004 
 304   (0.039) 0.010 0.645 0.027 0.004 0.632 0.006 0.006 0.005 0.008 0.005 0.061 
 298   (0.024) 0.014 0.034 0.003 0.005 0.023 0.435 0.008 0.005 0.006 0.003 0.006 
 294   (0.018) 0.003 0.001 0.003 0.001 0.001 0.182 0.004 0.003 0.003 0.002 0.006 
 302   (0.063) 0.069 0.007 0.157 0.006 0.007 0.012 0.018 0.014 0.070 0.008 0.120 
 286   (0.031) 0.004 0.003 0.264 0.003 0.003 0.004 0.235 0.022 0.004 0.004 0.009 
 308   (0.033) 0.006 0.002 0.032 0.003 0.157 0.004 0.005 0.150 0.012 0.005 0.009 
 313   (0.049) 0.086 0.006 0.078 0.008 0.003 0.039 0.008 0.120 0.008 0.007 0.041 
 307   (0.050) 0.073 0.004 0.005 0.117 0.004 0.007 0.008 0.014 0.015 0.006 0.097 
 321   (0.014) 0.002 0.001 0.001 0.001 0.001 0.002 0.002 0.003 0.002 0.001 0.032 
 315   (0.052) 0.015 0.009 0.006 0.005 0.004 0.012 0.008 0.140 0.042 0.049 0.101 
 318   (0.017) 0.002 0.055 0.002 0.003 0.001 0.003 0.003 0.002 0.004 0.002 0.054 
 324   (0.013) 0.002 0.001 0.001 0.001 0.001 0.002 0.002 0.002 0.002 0.004 0.015 
 326   (0.012) 0.002 0.001 0.001 0.001 0.001 0.002 0.002 0.002 0.002 0.004 0.015 
 311   (0.022) 0.004 0.001 0.002 0.069 0.002 0.030 0.003 0.007 0.005 0.007 0.011 
 310   (0.015) 0.028 0.001 0.002 0.001 0.001 0.002 0.002 0.002 0.002 0.002 0.005 
 305   (0.016) 0.002 0.001 0.002 0.001 0.001 0.002 0.003 0.014 0.002 0.002 0.033 
 317   (0.014) 0.002 0.001 0.001 0.001 0.001 0.002 0.002 0.002 0.002 0.001 0.034 
 320   (0.015) 0.002 0.001 0.001 0.001 0.001 0.002 0.019 0.002 0.002 0.001 0.004 
 322   (0.013) 0.002 0.001 0.001 0.001 0.001 0.002 0.038 0.002 0.002 0.001 0.003 

Locus 13 : 
7 alleles
1.1% missing data
 161   (0.594) 0.859 0.370 0.064 0.420 0.892 0.531 0.655 0.523 0.676 0.468 0.547 
 163   (0.307) 0.114 0.434 0.030 0.570 0.020 0.442 0.304 0.460 0.230 0.516 0.424 
 160   (0.017) 0.003 0.001 0.448 0.001 0.001 0.003 0.003 0.002 0.002 0.003 0.004 
 162   (0.014) 0.002 0.001 0.451 0.001 0.001 0.002 0.002 0.002 0.002 0.002 0.003 
 165   (0.040) 0.018 0.192 0.004 0.005 0.002 0.017 0.032 0.005 0.082 0.007 0.014 
 166   (0.013) 0.003 0.001 0.001 0.001 0.002 0.004 0.003 0.006 0.006 0.002 0.004 
 164   (0.014) 0.002 0.001 0.001 0.001 0.082 0.002 0.002 0.002 0.002 0.002 0.003 

Locus 14 : 
4 alleles
0.4% missing data
  98   (0.959) 0.989 0.993 0.996 0.997 0.988 0.994 0.994 0.994 0.984 0.994 0.965 
 100   (0.013) 0.002 0.003 0.001 0.001 0.001 0.002 0.002 0.002 0.002 0.002 0.015 
  96   (0.016) 0.007 0.001 0.002 0.001 0.010 0.002 0.002 0.003 0.013 0.002 0.005 
 105   (0.012) 0.002 0.002 0.001 0.001 0.001 0.002 0.002 0.002 0.002 0.002 0.015 

Locus 15 : 
12 alleles
2.2% missing data
 171   (0.312) 0.165 0.268 0.216 0.352 0.156 0.306 0.388 0.267 0.425 0.483 0.418 
 177   (0.184) 0.312 0.048 0.359 0.089 0.054 0.290 0.138 0.140 0.163 0.246 0.154 
 173   (0.260) 0.352 0.597 0.090 0.510 0.045 0.247 0.384 0.336 0.292 0.131 0.244 
 179   (0.098) 0.034 0.073 0.317 0.011 0.610 0.061 0.037 0.202 0.076 0.104 0.050 
 183   (0.020) 0.003 0.005 0.002 0.002 0.005 0.024 0.005 0.004 0.025 0.004 0.010 
 181   (0.038) 0.010 0.003 0.004 0.030 0.124 0.013 0.006 0.016 0.007 0.005 0.079 
 197   (0.018) 0.066 0.001 0.002 0.001 0.001 0.024 0.002 0.002 0.002 0.002 0.004 
 170   (0.013) 0.003 0.001 0.002 0.001 0.001 0.008 0.002 0.011 0.002 0.005 0.013 
 189   (0.014) 0.002 0.001 0.004 0.001 0.001 0.010 0.002 0.016 0.002 0.002 0.009 
 203   (0.013) 0.049 0.001 0.001 0.001 0.001 0.002 0.002 0.002 0.002 0.002 0.003 
 187   (0.017) 0.003 0.001 0.002 0.001 0.001 0.013 0.014 0.002 0.002 0.013 0.011 
 198   (0.013) 0.002 0.001 0.001 0.001 0.001 0.002 0.019 0.002 0.002 0.002 0.003 

Values of parameters used in structure:
DATAFILE=STRUCTURE_main_final_278_HEG_ZG.str,	OUTFILE=STRUCTURE_main_final_278_HEG_ZG-K11-19,	NUMINDS=278,	NUMLOCI=15,	MISSING=-9,	LABEL=1,	POPDATA=1,	POPFLAG=0,	PHENOTYPE=0,	EXTRACOLS=0,	MAXPOPS=11,	BURNIN=100000,	NUMREPS=500000,	USEPOPINFO=0,	INFERALPHA=1,	INFERLAMBDA=0,	POPSPECIFICLAMBDA=0,	POPALPHAS=0,	COMPUTEPROB=1,	NOADMIX=0,	ADMBURNIN=2500,	UPDATEFREQ=1,	PRINTLIKES=0,	INTERMEDSAVE=0,	PRINTKLD=0,	PRINTNET=0,	PRINTLAMBDA=0,	ANCESTDIST=0,	NUMBOXES=1000,	ANCESTPINT=0.90000,	GENSBACK=2,	MIGRPRIOR=0.05000,	PRINTQHAT=0,	PRINTQSUM=0,	ALPHA=1.0000,	FREQSCORR=1,	FPRIORMEAN=0.0100,	FPRIORSD=0.0500,	ONEFST=0,	LAMBDA=1.0000,	UNIFPRIORALPHA=1,	ALPHAMAX=10.0000,	ALPHAPRIORA=1.0000,	ALPHAPRIORB=2.0000,	ALPHAPROPSD=0.0250,	STARTATPOPINFO=0,	RANDOMIZE=1,	LINKAGE=0,	METROFREQ=10,	REPORTHITRATE=0,	MARKOVPHASE=-1,	PHASED=0,	PLOIDY=2,	PHASEINFO=0	LOCPRIOR=0, 	LOCPRIORINIT=1.000000, 	LOCDATA=0, 	LOCISPOP=0, 	LOCPRIORSTEP=0.100000, 	MAXLOCPRIOR=20.000000, 	SEED=1782486051,	
[STRAT parameters]:    NUMSIMSTATS=1000,	PHENOTYPECOL=-9,	POOLFREQ=10,	LOCUSxONLY=0,	EMERROR=0.00100,	MISSINGPHENO=-9,	