

----------------------------------------------------
STRUCTURE by Pritchard, Stephens and Donnelly (2000)
     and Falush, Stephens and Pritchard (2003)
       Code by Pritchard, Falush and Hubisz
             Version 2.3.4 (Jul 2012)
----------------------------------------------------



Command line arguments:   structure -K 3 -i STRUCTURE_main_final_278_HEG_ZG.str -o STRUCTURE_main_final_278_HEG_ZG-K3-4 
Input File:    STRUCTURE_main_final_278_HEG_ZG.str

Run parameters:
   278 individuals
   15 loci
   3 populations assumed
   100000 Burn-in period
   500000 Reps


--------------------------------------------
Proportion of membership of each pre-defined
 population in each of the 3 clusters

Given    Inferred Clusters       Number of
 Pop       1      2      3      Individuals

  1:     0.163  0.168  0.669       24
  2:     0.043  0.829  0.129       24
  3:     0.588  0.376  0.035       24
  4:     0.228  0.231  0.541       24
  5:     0.202  0.642  0.156       24
  6:     0.043  0.057  0.900       24
  7:     0.030  0.040  0.930       24
  8:     0.689  0.193  0.118       14
  9:     0.430  0.534  0.036       24
 10:     0.869  0.102  0.029       24
 11:     0.772  0.185  0.044       24
 12:     0.354  0.179  0.466       24
--------------------------------------------

Allele-freq. divergence among pops (Net nucleotide distance),
computed using point estimates of P.

      1       2       3      
 1      -    0.0255  0.0388  
 2   0.0255     -    0.0232  
 3   0.0388  0.0232     -    

Average distances (expected heterozygosity) between individuals in same cluster:
cluster  1  : 0.6375 
cluster  2  : 0.6687 
cluster  3  : 0.6257 

--------------------------------------------
Estimated Ln Prob of Data   = -13297.7
Mean value of ln likelihood = -13030.4
Variance of ln likelihood   = 534.5
Mean value of alpha         = 0.0903

Mean value of Fst_1         = 0.0588
Mean value of Fst_2         = 0.0350
Mean value of Fst_3         = 0.0602


Inferred ancestry of individuals:
        Label (%Miss) Pop:  Inferred clusters
  1 24.0601.E1    (0)    1 :  0.015 0.038 0.947 
  2 24.0602.E1    (0)    1 :  0.077 0.045 0.878 
  3 24.0603.E1    (0)    1 :  0.023 0.040 0.937 
  4 24.0604.E1    (0)    1 :  0.124 0.160 0.716 
  5 24.0605.E1    (0)    1 :  0.026 0.044 0.930 
  6 24.0606.E1    (0)    1 :  0.036 0.025 0.939 
  7 24.0607.E1    (0)    1 :  0.018 0.536 0.447 
  8 24.0608.E1    (0)    1 :  0.150 0.024 0.826 
  9 24.0609.E1    (0)    1 :  0.844 0.043 0.113 
 10 24.0610.E1    (0)    1 :  0.545 0.013 0.442 
 11 24.0611.E1    (0)    1 :  0.091 0.086 0.823 
 12 24.0612.E1    (0)    1 :  0.012 0.049 0.938 
 13 24.0613.E1    (0)    1 :  0.048 0.018 0.934 
 14 24.0614.E1    (0)    1 :  0.154 0.037 0.809 
 15 24.0615.E1    (0)    1 :  0.213 0.180 0.607 
 16 24.0616.E1    (0)    1 :  0.033 0.084 0.883 
 17 24.0617.E1    (0)    1 :  0.660 0.066 0.274 
 18 24.0618.E1    (0)    1 :  0.553 0.105 0.342 
 19 24.0619.E1    (0)    1 :  0.016 0.881 0.103 
 20 24.0620.E1   (20)    1 :  0.071 0.077 0.851 
 21 24.0621.E1    (0)    1 :  0.083 0.889 0.027 
 22 24.0622.E1    (0)    1 :  0.031 0.027 0.942 
 23 24.0623.E1    (0)    1 :  0.064 0.529 0.407 
 24 24.0624.E1    (0)    1 :  0.034 0.022 0.945 
 25 24.0625.E1    (0)    2 :  0.059 0.818 0.123 
 26 24.0626.E1    (0)    2 :  0.035 0.907 0.058 
 27 24.0627.E1    (0)    2 :  0.009 0.970 0.021 
 28 24.0628.E1    (0)    2 :  0.285 0.331 0.384 
 29 24.0629.E1    (0)    2 :  0.014 0.947 0.040 
 30 24.0630.E1    (0)    2 :  0.023 0.834 0.142 
 31 24.0631.E1    (0)    2 :  0.007 0.971 0.022 
 32 24.0632.E1    (0)    2 :  0.011 0.907 0.082 
 33 24.0633.E1    (0)    2 :  0.131 0.713 0.156 
 34 24.0634.E1    (0)    2 :  0.017 0.959 0.024 
 35 24.0635.E1    (0)    2 :  0.039 0.910 0.051 
 36 24.0636.E1   (33)    2 :  0.023 0.047 0.930 
 37 24.0637.E1    (0)    2 :  0.008 0.974 0.018 
 38 24.0638.E1    (0)    2 :  0.011 0.975 0.013 
 39 24.0639.E1    (0)    2 :  0.022 0.942 0.036 
 40 24.0640.E1    (0)    2 :  0.011 0.968 0.021 
 41 24.0641.E1    (0)    2 :  0.016 0.935 0.049 
 42 24.0642.E1    (0)    2 :  0.011 0.540 0.449 
 43 24.0643.E1    (0)    2 :  0.014 0.915 0.071 
 44 24.0644.E1    (0)    2 :  0.097 0.864 0.039 
 45 24.0645.E1    (0)    2 :  0.063 0.647 0.290 
 46 24.0646.E1    (0)    2 :  0.099 0.863 0.037 
 47 24.0647.E1    (0)    2 :  0.008 0.974 0.018 
 48 24.0648.E1    (0)    2 :  0.008 0.973 0.019 
 49 24.0649.E1    (0)    3 :  0.882 0.105 0.013 
 50 24.0650.E1    (0)    3 :  0.766 0.015 0.219 
 51 24.0651.E1    (0)    3 :  0.070 0.903 0.028 
 52 24.0652.E1    (0)    3 :  0.908 0.066 0.026 
 53 24.0653.E1    (0)    3 :  0.080 0.909 0.011 
 54 24.0654.E1    (0)    3 :  0.973 0.016 0.010 
 55 24.0655.E1    (0)    3 :  0.597 0.355 0.048 
 56 24.0656.E1    (0)    3 :  0.962 0.014 0.024 
 57 24.0657.E1    (0)    3 :  0.961 0.015 0.023 
 58 24.0658.E1    (0)    3 :  0.900 0.063 0.037 
 59 24.0659.E1    (0)    3 :  0.651 0.319 0.030 
 60 24.0660.E1    (6)    3 :  0.499 0.438 0.063 
 61 24.0661.E1    (0)    3 :  0.962 0.014 0.024 
 62 24.0662.E1    (0)    3 :  0.117 0.840 0.042 
 63 24.0663.E1    (0)    3 :  0.981 0.010 0.009 
 64 24.0664.E1    (0)    3 :  0.954 0.027 0.018 
 65 24.0665.E1    (0)    3 :  0.884 0.063 0.053 
 66 24.0666.E1    (0)    3 :  0.050 0.932 0.018 
 67 24.0667.E1    (0)    3 :  0.033 0.952 0.015 
 68 24.0668.E1    (0)    3 :  0.019 0.973 0.008 
 69 24.0669.E1    (0)    3 :  0.022 0.968 0.010 
 70 24.0670.E1    (0)    3 :  0.838 0.144 0.018 
 71 24.0671.E1    (0)    3 :  0.880 0.088 0.032 
 72 24.0672.E1    (0)    3 :  0.131 0.801 0.068 
 73 24.0673.E1    (6)    4 :  0.081 0.024 0.896 
 74 24.0674.E1    (0)    4 :  0.020 0.021 0.959 
 75 24.0675.E1    (0)    4 :  0.664 0.035 0.301 
 76 24.0676.E1    (0)    4 :  0.922 0.016 0.062 
 77 24.0677.E1    (0)    4 :  0.794 0.067 0.139 
 78 24.0678.E1    (0)    4 :  0.043 0.812 0.145 
 79 24.0679.E1    (0)    4 :  0.572 0.248 0.180 
 80 24.0680.E1    (0)    4 :  0.033 0.905 0.062 
 81 24.0681.E1    (0)    4 :  0.090 0.170 0.740 
 82 24.0682.E1    (0)    4 :  0.045 0.026 0.929 
 83 24.0683.E1    (0)    4 :  0.018 0.018 0.964 
 84 24.0684.E1    (0)    4 :  0.022 0.050 0.928 
 85 24.0685.E1    (0)    4 :  0.033 0.050 0.916 
 86 24.0686.E1    (0)    4 :  0.026 0.934 0.040 
 87 24.0687.E1    (0)    4 :  0.023 0.931 0.046 
 88 24.0688.E1    (0)    4 :  0.036 0.027 0.937 
 89 24.0689.E1    (0)    4 :  0.606 0.073 0.321 
 90 24.0690.E1    (0)    4 :  0.028 0.926 0.047 
 91 24.0691.E1    (0)    4 :  0.073 0.019 0.908 
 92 24.0692.E1    (0)    4 :  0.708 0.048 0.244 
 93 24.0693.E1    (0)    4 :  0.434 0.025 0.541 
 94 24.0694.E1    (0)    4 :  0.055 0.040 0.905 
 95 24.0695.E1    (0)    4 :  0.100 0.025 0.876 
 96 24.0696.E1    (0)    4 :  0.053 0.053 0.894 
 97 24.0697.E1    (0)    5 :  0.248 0.327 0.425 
 98 24.0698.E1    (0)    5 :  0.158 0.461 0.381 
 99 24.0699.E1    (0)    5 :  0.299 0.642 0.059 
100 24.0700.E1    (0)    5 :  0.149 0.826 0.026 
101 24.0701.E1    (0)    5 :  0.025 0.948 0.028 
102 24.0702.E1    (0)    5 :  0.025 0.943 0.032 
103 24.0703.E1    (0)    5 :  0.096 0.870 0.034 
104 24.0704.E1    (6)    5 :  0.066 0.877 0.057 
105 24.0705.E1    (0)    5 :  0.052 0.532 0.416 
106 24.0706.E1    (0)    5 :  0.159 0.816 0.025 
107 24.0707.E1    (0)    5 :  0.036 0.855 0.109 
108 24.0708.E1    (0)    5 :  0.140 0.730 0.130 
109 24.0709.E1    (0)    5 :  0.870 0.073 0.056 
110 24.0710.E1    (0)    5 :  0.106 0.463 0.431 
111 24.0711.E1    (0)    5 :  0.037 0.857 0.106 
112 24.0712.E1    (0)    5 :  0.013 0.965 0.022 
113 24.0713.E1    (0)    5 :  0.712 0.241 0.047 
114 24.0714.E1    (0)    5 :  0.177 0.767 0.056 
115 24.0715.E1    (0)    5 :  0.077 0.060 0.863 
116 24.0716.E1    (0)    5 :  0.115 0.812 0.074 
117 24.0717.E1    (0)    5 :  0.320 0.469 0.212 
118 24.0718.E1    (0)    5 :  0.031 0.900 0.069 
119 24.0719.E1    (0)    5 :  0.119 0.855 0.026 
120 24.0720.E1    (0)    5 :  0.818 0.125 0.057 
121 24.0721.E1    (0)    6 :  0.074 0.051 0.875 
122 24.0722.E1    (0)    6 :  0.017 0.199 0.783 
123 24.0723.E1    (0)    6 :  0.122 0.309 0.569 
124 24.0724.E1    (0)    6 :  0.059 0.044 0.897 
125 24.0725.E1    (0)    6 :  0.067 0.045 0.888 
126 24.0726.E1    (6)    6 :  0.019 0.018 0.963 
127 24.0727.E1    (0)    6 :  0.025 0.057 0.918 
128 24.0728.E1    (0)    6 :  0.040 0.043 0.917 
129 24.0729.E1    (0)    6 :  0.027 0.020 0.953 
130 24.0730.E1    (0)    6 :  0.193 0.061 0.746 
131 24.0731.E1    (0)    6 :  0.018 0.012 0.970 
132 24.0732.E1    (0)    6 :  0.015 0.016 0.969 
133 24.0733.E1    (0)    6 :  0.011 0.010 0.980 
134 24.0734.E1    (0)    6 :  0.015 0.020 0.965 
135 24.0735.E1    (0)    6 :  0.032 0.038 0.930 
136 24.0736.E1    (0)    6 :  0.013 0.016 0.971 
137 24.0737.E1    (0)    6 :  0.038 0.130 0.831 
138 24.0738.E1    (0)    6 :  0.019 0.020 0.961 
139 24.0739.E1    (0)    6 :  0.043 0.044 0.913 
140 24.0740.E1    (0)    6 :  0.065 0.024 0.911 
141 24.0741.E1    (0)    6 :  0.017 0.012 0.971 
142 24.0742.E1    (0)    6 :  0.011 0.016 0.973 
143 24.0743.E1    (0)    6 :  0.029 0.013 0.958 
144 24.0744.E1    (0)    6 :  0.074 0.148 0.779 
145 24.0745.E1    (0)    7 :  0.028 0.032 0.940 
146 24.0746.E1    (0)    7 :  0.020 0.091 0.888 
147 24.0747.E1    (0)    7 :  0.028 0.014 0.959 
148 24.0748.E1    (6)    7 :  0.046 0.020 0.934 
149 24.0749.E1    (0)    7 :  0.010 0.015 0.975 
150 24.0750.E1    (0)    7 :  0.037 0.082 0.881 
151 24.0751.E1    (0)    7 :  0.010 0.016 0.974 
152 24.0752.E1    (0)    7 :  0.009 0.011 0.980 
153 24.0753.E1    (0)    7 :  0.011 0.030 0.959 
154 24.0754.E1    (0)    7 :  0.016 0.013 0.971 
155 24.0755.E1    (0)    7 :  0.059 0.024 0.917 
156 24.0756.E1    (0)    7 :  0.016 0.014 0.970 
157 24.0757.E1    (0)    7 :  0.009 0.011 0.980 
158 24.0758.E1    (0)    7 :  0.009 0.012 0.979 
159 24.0759.E1    (0)    7 :  0.014 0.014 0.971 
160 24.0760.E1    (0)    7 :  0.019 0.107 0.875 
161 24.0761.E1    (0)    7 :  0.011 0.013 0.976 
162 24.0762.E1    (0)    7 :  0.270 0.350 0.380 
163 24.0763.E1    (0)    7 :  0.011 0.010 0.980 
164 24.0764.E1    (0)    7 :  0.009 0.013 0.978 
165 24.0765.E1    (0)    7 :  0.013 0.025 0.961 
166 24.0766.E1    (0)    7 :  0.012 0.010 0.978 
167 24.0767.E1    (0)    7 :  0.010 0.009 0.981 
168 24.0768.E1    (0)    7 :  0.043 0.026 0.931 
169 24.0779.E1    (0)    8 :  0.372 0.304 0.323 
170 24.0780.E1    (6)    8 :  0.958 0.032 0.010 
171 24.0781.E1    (0)    8 :  0.585 0.397 0.018 
172 24.0782.E1    (0)    8 :  0.062 0.075 0.863 
173 24.0783.E1    (0)    8 :  0.748 0.232 0.020 
174 24.0784.E1    (0)    8 :  0.894 0.085 0.020 
175 24.0785.E1    (0)    8 :  0.957 0.033 0.010 
176 24.0786.E1    (0)    8 :  0.789 0.108 0.103 
177 24.0787.E1    (0)    8 :  0.654 0.282 0.064 
178 24.0788.E1    (0)    8 :  0.966 0.018 0.016 
179 24.0789.E1    (0)    8 :  0.811 0.122 0.067 
180 24.0790.E1    (0)    8 :  0.951 0.039 0.010 
181 24.0791.E1    (0)    8 :  0.075 0.900 0.025 
182 24.0792.E1    (0)    8 :  0.825 0.076 0.099 
183 24.0793.E1    (0)    9 :  0.108 0.874 0.018 
184 24.0794.E1    (0)    9 :  0.748 0.048 0.204 
185 24.0795.E1    (0)    9 :  0.054 0.813 0.133 
186 24.0796.E1    (0)    9 :  0.970 0.018 0.012 
187 24.0797.E1    (0)    9 :  0.685 0.303 0.012 
188 24.0798.E1    (0)    9 :  0.118 0.850 0.033 
189 24.0799.E1    (0)    9 :  0.088 0.892 0.020 
190 24.0800.E1    (0)    9 :  0.931 0.043 0.025 
191 24.0801.E1    (0)    9 :  0.026 0.959 0.015 
192 24.0802.E1    (0)    9 :  0.109 0.878 0.013 
193 24.0803.E1    (0)    9 :  0.021 0.967 0.012 
194 24.0804.E1    (0)    9 :  0.702 0.284 0.014 
195 24.0805.E1    (0)    9 :  0.223 0.747 0.030 
196 24.0806.E1    (0)    9 :  0.025 0.962 0.013 
197 24.0807.E1    (0)    9 :  0.278 0.710 0.012 
198 24.0808.E1    (0)    9 :  0.893 0.071 0.036 
199 24.0809.E1    (0)    9 :  0.752 0.155 0.093 
200 24.0810.E1    (0)    9 :  0.129 0.801 0.070 
201 24.0811.E1    (0)    9 :  0.793 0.185 0.022 
202 24.0812.E1    (0)    9 :  0.933 0.042 0.025 
203 24.0813.E1    (0)    9 :  0.526 0.454 0.020 
204 24.0814.E1    (6)    9 :  0.941 0.048 0.011 
205 24.0815.E1    (0)    9 :  0.108 0.879 0.013 
206 24.0816.E1    (0)    9 :  0.154 0.835 0.011 
207 24.0817.E1    (0)   10 :  0.956 0.026 0.018 
208 24.0818.E1    (0)   10 :  0.901 0.055 0.044 
209 24.0819.E1    (0)   10 :  0.175 0.764 0.061 
210 24.0820.E1    (0)   10 :  0.879 0.026 0.096 
211 24.0821.E1    (0)   10 :  0.802 0.181 0.017 
212 24.0822.E1    (0)   10 :  0.972 0.011 0.017 
213 24.0823.E1    (0)   10 :  0.941 0.022 0.037 
214 24.0824.E1    (0)   10 :  0.471 0.467 0.062 
215 24.0825.E1    (0)   10 :  0.970 0.013 0.017 
216 24.0826.E1    (0)   10 :  0.936 0.022 0.042 
217 24.0827.E1    (0)   10 :  0.946 0.032 0.021 
218 24.0828.E1    (0)   10 :  0.962 0.018 0.020 
219 24.0829.E1    (0)   10 :  0.953 0.031 0.016 
220 24.0830.E1    (0)   10 :  0.963 0.026 0.011 
221 24.0831.E1    (0)   10 :  0.944 0.047 0.009 
222 24.0832.E1    (0)   10 :  0.980 0.008 0.012 
223 24.0833.E1    (0)   10 :  0.981 0.009 0.010 
224 24.0834.E1    (0)   10 :  0.973 0.012 0.015 
225 24.0835.E1    (0)   10 :  0.959 0.023 0.018 
226 24.0836.E1    (0)   10 :  0.944 0.026 0.031 
227 24.0837.E1    (0)   10 :  0.973 0.014 0.014 
228 24.0838.E1    (0)   10 :  0.968 0.011 0.021 
229 24.0839.E1    (0)   10 :  0.442 0.490 0.069 
230 24.0840.E1    (0)   10 :  0.869 0.113 0.018 
231 24.0841.E1    (0)   11 :  0.913 0.014 0.073 
232 24.0842.E1    (0)   11 :  0.882 0.079 0.039 
233 24.0843.E1    (0)   11 :  0.862 0.120 0.018 
234 24.0844.E1    (0)   11 :  0.541 0.431 0.027 
235 24.0845.E1    (0)   11 :  0.970 0.019 0.011 
236 24.0846.E1    (0)   11 :  0.947 0.031 0.021 
237 24.0847.E1    (0)   11 :  0.945 0.020 0.035 
238 24.0848.E1    (0)   11 :  0.968 0.019 0.013 
239 24.0849.E1    (0)   11 :  0.972 0.014 0.014 
240 24.0850.E1    (0)   11 :  0.972 0.014 0.014 
241 24.0851.E1    (0)   11 :  0.972 0.014 0.014 
242 24.0852.E1    (0)   11 :  0.966 0.016 0.018 
243 24.0853.E1    (0)   11 :  0.972 0.014 0.013 
244 24.0854.E1    (0)   11 :  0.169 0.814 0.016 
245 24.0855.E1    (0)   11 :  0.966 0.017 0.017 
246 24.0856.E1    (0)   11 :  0.036 0.905 0.060 
247 24.0857.E1    (0)   11 :  0.935 0.033 0.032 
248 24.0858.E1    (0)   11 :  0.944 0.030 0.026 
249 24.0859.E1    (0)   11 :  0.904 0.040 0.056 
250 24.0860.E1    (0)   11 :  0.054 0.918 0.028 
251 24.0861.E1    (0)   11 :  0.968 0.015 0.017 
252 24.0862.E1    (0)   11 :  0.174 0.805 0.021 
253 24.0863.E1    (0)   11 :  0.968 0.015 0.017 
254 24.0864.E1    (0)   11 :  0.519 0.035 0.446 
255 24.0865.E1    (0)   12 :  0.813 0.024 0.163 
256 24.0866.E1    (0)   12 :  0.821 0.041 0.138 
257 24.0867.E1    (0)   12 :  0.545 0.070 0.386 
258 24.0868.E1    (0)   12 :  0.765 0.154 0.081 
259 24.0869.E1    (0)   12 :  0.866 0.079 0.055 
260 24.0870.E1    (0)   12 :  0.444 0.322 0.234 
261 24.0871.E1    (0)   12 :  0.264 0.487 0.249 
262 24.0872.E1    (0)   12 :  0.516 0.221 0.262 
263 24.0873.E1    (0)   12 :  0.857 0.041 0.102 
264 24.0874.E1    (0)   12 :  0.593 0.051 0.356 
265 24.0875.E1    (0)   12 :  0.027 0.953 0.019 
266 24.0876.E1    (0)   12 :  0.018 0.742 0.240 
267 24.0877.E1    (0)   12 :  0.015 0.014 0.970 
268 24.0878.E1    (0)   12 :  0.229 0.016 0.755 
269 24.0879.E1    (0)   12 :  0.028 0.378 0.594 
270 24.0880.E1    (0)   12 :  0.922 0.041 0.037 
271 24.0881.E1    (0)   12 :  0.019 0.018 0.963 
272 24.0882.E1    (0)   12 :  0.012 0.012 0.977 
273 24.0883.E1    (0)   12 :  0.020 0.113 0.867 
274 24.0884.E1    (0)   12 :  0.019 0.020 0.961 
275 24.0885.E1    (0)   12 :  0.036 0.080 0.884 
276 24.0886.E1    (0)   12 :  0.019 0.036 0.946 
277 24.0887.E1    (0)   12 :  0.011 0.082 0.907 
278 24.0888.E1    (0)   12 :  0.642 0.311 0.046 


Estimated Allele Frequencies in each cluster
First column gives estimated ancestral frequencies


Locus 1 : 
31 alleles
0.0% missing data
 115   (0.038) 0.010 0.021 0.097 
 117   (0.037) 0.006 0.022 0.173 
 119   (0.053) 0.006 0.065 0.244 
 131   (0.017) 0.003 0.003 0.023 
 128   (0.037) 0.024 0.022 0.023 
 135   (0.016) 0.002 0.003 0.029 
 126   (0.075) 0.126 0.062 0.063 
 122   (0.028) 0.006 0.080 0.004 
 132   (0.030) 0.027 0.016 0.009 
 141   (0.012) 0.001 0.005 0.003 
 130   (0.049) 0.051 0.050 0.021 
 134   (0.035) 0.036 0.049 0.004 
 145   (0.029) 0.022 0.013 0.007 
 127   (0.026) 0.002 0.014 0.069 
 116   (0.102) 0.204 0.158 0.055 
 114   (0.047) 0.114 0.062 0.006 
 120   (0.038) 0.017 0.068 0.007 
 110   (0.046) 0.036 0.030 0.040 
 133   (0.017) 0.001 0.008 0.006 
 118   (0.106) 0.240 0.202 0.031 
 125   (0.016) 0.006 0.007 0.001 
 129   (0.020) 0.002 0.007 0.026 
 124   (0.018) 0.006 0.010 0.004 
 136   (0.022) 0.033 0.005 0.006 
 121   (0.014) 0.001 0.002 0.025 
 139   (0.012) 0.001 0.002 0.005 
 113   (0.012) 0.001 0.002 0.006 
 111   (0.011) 0.001 0.002 0.006 
 143   (0.013) 0.001 0.002 0.006 
 140   (0.013) 0.006 0.006 0.001 
 112   (0.012) 0.005 0.002 0.001 

Locus 2 : 
18 alleles
0.0% missing data
 152   (0.389) 0.293 0.469 0.639 
 148   (0.063) 0.007 0.085 0.132 
 154   (0.116) 0.127 0.136 0.066 
 156   (0.018) 0.002 0.008 0.005 
 150   (0.029) 0.002 0.022 0.019 
 164   (0.067) 0.085 0.032 0.061 
 158   (0.033) 0.004 0.042 0.015 
 160   (0.019) 0.005 0.004 0.011 
 166   (0.019) 0.003 0.022 0.002 
 151   (0.062) 0.300 0.056 0.005 
 147   (0.060) 0.132 0.074 0.006 
 168   (0.022) 0.010 0.014 0.002 
 153   (0.016) 0.008 0.004 0.001 
 149   (0.024) 0.002 0.014 0.011 
 162   (0.020) 0.008 0.010 0.003 
 167   (0.015) 0.001 0.002 0.010 
 146   (0.014) 0.001 0.002 0.011 
 172   (0.015) 0.008 0.005 0.001 

Locus 3 : 
4 alleles
0.0% missing data
 128   (0.301) 0.315 0.283 0.317 
 126   (0.604) 0.610 0.642 0.649 
 132   (0.078) 0.073 0.063 0.033 
 134   (0.016) 0.001 0.013 0.001 

Locus 4 : 
3 alleles
0.0% missing data
 170   (0.321) 0.317 0.339 0.267 
 172   (0.665) 0.680 0.657 0.730 
 171   (0.014) 0.002 0.004 0.003 

Locus 5 : 
37 alleles
0.0% missing data
 125   (0.051) 0.055 0.065 0.046 
 110   (0.037) 0.038 0.040 0.016 
 129   (0.035) 0.056 0.022 0.024 
 113   (0.034) 0.050 0.043 0.010 
 145   (0.046) 0.046 0.028 0.161 
 155   (0.053) 0.031 0.092 0.075 
 117   (0.028) 0.014 0.013 0.054 
 124   (0.012) 0.001 0.002 0.010 
 133   (0.034) 0.024 0.020 0.048 
 157   (0.049) 0.064 0.074 0.023 
 141   (0.017) 0.008 0.015 0.002 
 112   (0.066) 0.096 0.091 0.110 
 121   (0.022) 0.020 0.016 0.004 
 114   (0.031) 0.044 0.008 0.110 
 153   (0.055) 0.067 0.103 0.033 
 127   (0.055) 0.130 0.051 0.074 
 131   (0.063) 0.047 0.104 0.095 
 135   (0.029) 0.039 0.031 0.007 
 104   (0.011) 0.002 0.004 0.002 
 118   (0.018) 0.001 0.014 0.010 
 116   (0.028) 0.010 0.031 0.012 
 137   (0.023) 0.003 0.051 0.010 
 123   (0.025) 0.035 0.014 0.006 
 149   (0.010) 0.004 0.002 0.002 
 138   (0.014) 0.022 0.004 0.001 
 143   (0.028) 0.032 0.010 0.023 
 163   (0.010) 0.001 0.006 0.001 
 109   (0.011) 0.001 0.002 0.010 
 139   (0.010) 0.001 0.006 0.001 
 106   (0.010) 0.001 0.006 0.001 
 144   (0.017) 0.010 0.013 0.002 
 122   (0.011) 0.001 0.002 0.010 
 100   (0.016) 0.018 0.008 0.002 
 111   (0.012) 0.015 0.002 0.001 
 233   (0.011) 0.004 0.003 0.001 
 134   (0.010) 0.005 0.002 0.001 
 140   (0.010) 0.004 0.003 0.001 

Locus 6 : 
17 alleles
0.0% missing data
 221   (0.022) 0.002 0.006 0.085 
 232   (0.246) 0.380 0.276 0.274 
 229   (0.058) 0.035 0.038 0.066 
 223   (0.060) 0.042 0.041 0.060 
 230   (0.144) 0.158 0.143 0.202 
 235   (0.021) 0.003 0.006 0.026 
 236   (0.042) 0.012 0.031 0.038 
 227   (0.022) 0.002 0.008 0.030 
 220   (0.052) 0.069 0.078 0.007 
 222   (0.047) 0.038 0.108 0.004 
 234   (0.124) 0.120 0.139 0.129 
 224   (0.033) 0.031 0.036 0.003 
 228   (0.055) 0.088 0.057 0.011 
 225   (0.013) 0.001 0.006 0.001 
 226   (0.025) 0.015 0.019 0.002 
 233   (0.021) 0.002 0.006 0.041 
 231   (0.015) 0.001 0.003 0.020 

Locus 7 : 
10 alleles
0.0% missing data
 121   (0.684) 0.796 0.766 0.803 
 129   (0.074) 0.106 0.030 0.081 
 130   (0.016) 0.002 0.011 0.002 
 123   (0.104) 0.078 0.126 0.053 
 128   (0.024) 0.002 0.015 0.011 
 131   (0.016) 0.002 0.012 0.002 
 117   (0.013) 0.005 0.003 0.001 
 125   (0.016) 0.001 0.013 0.001 
 134   (0.039) 0.008 0.023 0.035 
 132   (0.015) 0.001 0.002 0.011 

Locus 8 : 
19 alleles
0.0% missing data
 184   (0.308) 0.331 0.455 0.445 
 194   (0.045) 0.015 0.041 0.036 
 178   (0.104) 0.151 0.088 0.119 
 176   (0.075) 0.072 0.054 0.114 
 182   (0.079) 0.081 0.059 0.100 
 190   (0.038) 0.012 0.031 0.018 
 196   (0.016) 0.033 0.003 0.002 
 200   (0.026) 0.003 0.027 0.013 
 180   (0.023) 0.003 0.042 0.004 
 188   (0.031) 0.053 0.008 0.014 
 174   (0.038) 0.006 0.043 0.032 
 186   (0.110) 0.188 0.107 0.088 
 192   (0.029) 0.029 0.012 0.006 
 201   (0.012) 0.001 0.007 0.001 
 199   (0.018) 0.005 0.014 0.001 
 185   (0.012) 0.005 0.002 0.001 
 203   (0.013) 0.005 0.002 0.001 
 198   (0.012) 0.005 0.002 0.001 
 209   (0.012) 0.003 0.004 0.001 

Locus 9 : 
6 alleles
0.4% missing data
 154   (0.702) 0.811 0.739 0.680 
 156   (0.204) 0.104 0.236 0.252 
 152   (0.041) 0.070 0.007 0.035 
 153   (0.016) 0.007 0.006 0.002 
 160   (0.018) 0.006 0.007 0.002 
 164   (0.020) 0.002 0.004 0.029 

Locus 10 : 
29 alleles
0.7% missing data
 305   (0.067) 0.022 0.130 0.049 
 313   (0.045) 0.032 0.022 0.061 
 311   (0.015) 0.002 0.004 0.008 
 299   (0.103) 0.145 0.085 0.141 
 315   (0.063) 0.020 0.087 0.076 
 287   (0.059) 0.023 0.145 0.021 
 291   (0.069) 0.287 0.024 0.102 
 295   (0.025) 0.007 0.007 0.081 
 289   (0.019) 0.002 0.048 0.002 
 303   (0.078) 0.143 0.032 0.187 
 297   (0.044) 0.034 0.018 0.078 
 293   (0.019) 0.002 0.048 0.002 
 301   (0.056) 0.039 0.046 0.049 
 285   (0.035) 0.009 0.118 0.006 
 307   (0.049) 0.043 0.021 0.097 
 312   (0.043) 0.060 0.065 0.005 
 306   (0.021) 0.034 0.006 0.004 
 320   (0.015) 0.008 0.005 0.001 
 317   (0.021) 0.031 0.004 0.005 
 314   (0.025) 0.004 0.013 0.014 
 323   (0.012) 0.001 0.006 0.001 
 325   (0.011) 0.001 0.006 0.001 
 310   (0.017) 0.018 0.005 0.002 
 309   (0.013) 0.002 0.011 0.001 
 316   (0.015) 0.014 0.003 0.001 
 296   (0.012) 0.005 0.002 0.001 
 304   (0.019) 0.004 0.020 0.002 
 321   (0.014) 0.002 0.011 0.001 
 332   (0.016) 0.006 0.007 0.002 

Locus 11 : 
19 alleles
0.0% missing data
 114   (0.135) 0.064 0.163 0.228 
 126   (0.018) 0.001 0.004 0.029 
 111   (0.149) 0.360 0.158 0.065 
 116   (0.078) 0.018 0.086 0.179 
 132   (0.013) 0.001 0.002 0.005 
 109   (0.017) 0.002 0.003 0.019 
 128   (0.016) 0.009 0.003 0.003 
 112   (0.305) 0.258 0.410 0.406 
 122   (0.016) 0.005 0.006 0.004 
 124   (0.013) 0.001 0.007 0.001 
 118   (0.049) 0.024 0.041 0.028 
 127   (0.014) 0.005 0.003 0.001 
 113   (0.049) 0.192 0.041 0.004 
 115   (0.038) 0.008 0.037 0.016 
 120   (0.022) 0.025 0.007 0.002 
 117   (0.020) 0.005 0.013 0.003 
 125   (0.021) 0.011 0.008 0.002 
 119   (0.016) 0.009 0.004 0.001 
 136   (0.013) 0.001 0.004 0.003 

Locus 12 : 
28 alleles
0.7% missing data
 306   (0.066) 0.016 0.139 0.046 
 314   (0.046) 0.059 0.017 0.054 
 312   (0.014) 0.001 0.002 0.011 
 300   (0.106) 0.144 0.086 0.147 
 316   (0.038) 0.008 0.025 0.068 
 288   (0.059) 0.021 0.143 0.020 
 292   (0.075) 0.290 0.025 0.103 
 296   (0.030) 0.011 0.009 0.082 
 290   (0.021) 0.002 0.048 0.002 
 304   (0.080) 0.142 0.032 0.188 
 298   (0.045) 0.034 0.018 0.078 
 294   (0.021) 0.002 0.049 0.002 
 302   (0.058) 0.039 0.047 0.049 
 286   (0.037) 0.009 0.123 0.006 
 308   (0.029) 0.003 0.018 0.082 
 313   (0.042) 0.030 0.076 0.006 
 307   (0.032) 0.074 0.007 0.018 
 321   (0.015) 0.008 0.005 0.001 
 315   (0.049) 0.021 0.072 0.021 
 318   (0.016) 0.029 0.002 0.001 
 324   (0.013) 0.001 0.006 0.001 
 326   (0.013) 0.001 0.006 0.001 
 311   (0.022) 0.026 0.009 0.004 
 310   (0.014) 0.002 0.011 0.001 
 305   (0.017) 0.012 0.005 0.003 
 317   (0.014) 0.009 0.003 0.001 
 320   (0.012) 0.002 0.006 0.001 
 322   (0.015) 0.002 0.011 0.001 

Locus 13 : 
7 alleles
1.1% missing data
 161   (0.540) 0.489 0.429 0.773 
 163   (0.310) 0.452 0.311 0.148 
 160   (0.037) 0.004 0.121 0.005 
 162   (0.034) 0.003 0.123 0.003 
 165   (0.046) 0.051 0.011 0.039 
 166   (0.014) 0.001 0.003 0.005 
 164   (0.018) 0.001 0.003 0.026 

Locus 14 : 
4 alleles
0.4% missing data
  98   (0.956) 0.989 0.992 0.986 
 100   (0.014) 0.005 0.003 0.001 
  96   (0.016) 0.001 0.002 0.011 
 105   (0.014) 0.005 0.003 0.002 

Locus 15 : 
12 alleles
2.2% missing data
 171   (0.282) 0.345 0.285 0.299 
 177   (0.182) 0.126 0.261 0.142 
 173   (0.254) 0.442 0.228 0.223 
 179   (0.126) 0.036 0.161 0.235 
 183   (0.022) 0.003 0.008 0.016 
 181   (0.036) 0.034 0.007 0.043 
 197   (0.022) 0.006 0.004 0.021 
 170   (0.016) 0.001 0.012 0.002 
 189   (0.015) 0.001 0.013 0.001 
 203   (0.016) 0.001 0.003 0.016 
 187   (0.015) 0.001 0.013 0.001 
 198   (0.013) 0.002 0.006 0.001 

Values of parameters used in structure:
DATAFILE=STRUCTURE_main_final_278_HEG_ZG.str,	OUTFILE=STRUCTURE_main_final_278_HEG_ZG-K3-4,	NUMINDS=278,	NUMLOCI=15,	MISSING=-9,	LABEL=1,	POPDATA=1,	POPFLAG=0,	PHENOTYPE=0,	EXTRACOLS=0,	MAXPOPS=3,	BURNIN=100000,	NUMREPS=500000,	USEPOPINFO=0,	INFERALPHA=1,	INFERLAMBDA=0,	POPSPECIFICLAMBDA=0,	POPALPHAS=0,	COMPUTEPROB=1,	NOADMIX=0,	ADMBURNIN=2500,	UPDATEFREQ=1,	PRINTLIKES=0,	INTERMEDSAVE=0,	PRINTKLD=0,	PRINTNET=0,	PRINTLAMBDA=0,	ANCESTDIST=0,	NUMBOXES=1000,	ANCESTPINT=0.90000,	GENSBACK=2,	MIGRPRIOR=0.05000,	PRINTQHAT=0,	PRINTQSUM=0,	ALPHA=1.0000,	FREQSCORR=1,	FPRIORMEAN=0.0100,	FPRIORSD=0.0500,	ONEFST=0,	LAMBDA=1.0000,	UNIFPRIORALPHA=1,	ALPHAMAX=10.0000,	ALPHAPRIORA=1.0000,	ALPHAPRIORB=2.0000,	ALPHAPROPSD=0.0250,	STARTATPOPINFO=0,	RANDOMIZE=1,	LINKAGE=0,	METROFREQ=10,	REPORTHITRATE=0,	MARKOVPHASE=-1,	PHASED=0,	PLOIDY=2,	PHASEINFO=0	LOCPRIOR=0, 	LOCPRIORINIT=1.000000, 	LOCDATA=0, 	LOCISPOP=0, 	LOCPRIORSTEP=0.100000, 	MAXLOCPRIOR=20.000000, 	SEED=1782479786,	
[STRAT parameters]:    NUMSIMSTATS=1000,	PHENOTYPECOL=-9,	POOLFREQ=10,	LOCUSxONLY=0,	EMERROR=0.00100,	MISSINGPHENO=-9,	