

----------------------------------------------------
STRUCTURE by Pritchard, Stephens and Donnelly (2000)
     and Falush, Stephens and Pritchard (2003)
       Code by Pritchard, Falush and Hubisz
             Version 2.3.4 (Jul 2012)
----------------------------------------------------



Command line arguments:   structure -K 12 -i STRUCTURE_main_final_278_HEG_ZG.str -o STRUCTURE_main_final_278_HEG_ZG-K12-2 
Input File:    STRUCTURE_main_final_278_HEG_ZG.str

Run parameters:
   278 individuals
   15 loci
   12 populations assumed
   100000 Burn-in period
   500000 Reps


--------------------------------------------
Proportion of membership of each pre-defined
 population in each of the 12 clusters

Given    Inferred Clusters                                                                      Number of
 Pop       1      2      3      4      5      6      7      8      9     10     11     12      Individuals

  1:     0.013  0.588  0.086  0.012  0.026  0.027  0.016  0.082  0.035  0.066  0.012  0.036       24
  2:     0.685  0.017  0.067  0.033  0.021  0.018  0.041  0.017  0.013  0.050  0.012  0.028       24
  3:     0.011  0.016  0.033  0.229  0.037  0.010  0.208  0.041  0.063  0.010  0.326  0.015       24
  4:     0.022  0.047  0.169  0.038  0.090  0.013  0.032  0.043  0.031  0.031  0.049  0.434       24
  5:     0.022  0.017  0.148  0.073  0.377  0.026  0.012  0.016  0.038  0.029  0.105  0.137       24
  6:     0.022  0.389  0.099  0.027  0.093  0.013  0.021  0.012  0.041  0.181  0.023  0.079       24
  7:     0.029  0.051  0.055  0.013  0.019  0.020  0.008  0.016  0.009  0.732  0.012  0.036       24
  8:     0.012  0.019  0.140  0.010  0.078  0.010  0.034  0.053  0.014  0.010  0.588  0.031       14
  9:     0.014  0.036  0.010  0.027  0.047  0.335  0.028  0.046  0.404  0.006  0.030  0.017       24
 10:     0.007  0.012  0.025  0.040  0.018  0.035  0.151  0.600  0.054  0.013  0.033  0.012       24
 11:     0.008  0.016  0.027  0.072  0.044  0.061  0.326  0.239  0.152  0.011  0.022  0.022       24
 12:     0.016  0.230  0.173  0.044  0.022  0.071  0.074  0.046  0.010  0.103  0.091  0.119       24
--------------------------------------------

Allele-freq. divergence among pops (Net nucleotide distance),
computed using point estimates of P.

      1       2       3       4       5       6       7       8       9      10      11      12      
 1      -    0.0743  0.0751  0.1330  0.0924  0.1328  0.1469  0.1236  0.1016  0.1131  0.0727  0.0895  
 2   0.0743     -    0.0301  0.1021  0.0506  0.0666  0.0951  0.0724  0.0659  0.0744  0.0445  0.0460  
 3   0.0751  0.0301     -    0.0886  0.0507  0.0780  0.0830  0.0727  0.0642  0.0690  0.0302  0.0372  
 4   0.1330  0.1021  0.0886     -    0.1082  0.1205  0.1297  0.1270  0.1346  0.1454  0.0829  0.1057  
 5   0.0924  0.0506  0.0507  0.1082     -    0.1137  0.1133  0.0965  0.0853  0.1003  0.0475  0.0788  
 6   0.1328  0.0666  0.0780  0.1205  0.1137     -    0.1177  0.0867  0.1110  0.1224  0.0781  0.0636  
 7   0.1469  0.0951  0.0830  0.1297  0.1133  0.1177     -    0.0896  0.0840  0.0950  0.0774  0.1099  
 8   0.1236  0.0724  0.0727  0.1270  0.0965  0.0867  0.0896     -    0.0646  0.1463  0.0575  0.0797  
 9   0.1016  0.0659  0.0642  0.1346  0.0853  0.1110  0.0840  0.0646     -    0.1319  0.0657  0.0978  
10   0.1131  0.0744  0.0690  0.1454  0.1003  0.1224  0.0950  0.1463  0.1319     -    0.0922  0.0828  
11   0.0727  0.0445  0.0302  0.0829  0.0475  0.0781  0.0774  0.0575  0.0657  0.0922     -    0.0478  
12   0.0895  0.0460  0.0372  0.1057  0.0788  0.0636  0.1099  0.0797  0.0978  0.0828  0.0478     -    

Average distances (expected heterozygosity) between individuals in same cluster:
cluster  1  : 0.6052 
cluster  2  : 0.6150 
cluster  3  : 0.6272 
cluster  4  : 0.5600 
cluster  5  : 0.5680 
cluster  6  : 0.5334 
cluster  7  : 0.5352 
cluster  8  : 0.5973 
cluster  9  : 0.5924 
cluster 10  : 0.5431 
cluster 11  : 0.6357 
cluster 12  : 0.5788 

--------------------------------------------
Estimated Ln Prob of Data   = -12157.0
Mean value of ln likelihood = -11339.8
Variance of ln likelihood   = 1634.5
Mean value of alpha         = 0.0468

Mean value of Fst_1         = 0.2207
Mean value of Fst_2         = 0.1011
Mean value of Fst_3         = 0.1135
Mean value of Fst_4         = 0.2379
Mean value of Fst_5         = 0.2058
Mean value of Fst_6         = 0.2493
Mean value of Fst_7         = 0.2501
Mean value of Fst_8         = 0.1769
Mean value of Fst_9         = 0.1763
Mean value of Fst_10         = 0.2165
Mean value of Fst_11         = 0.0714
Mean value of Fst_12         = 0.1552


Inferred ancestry of individuals:
        Label (%Miss) Pop:  Inferred clusters
  1 24.0601.E1    (0)    1 :  0.012 0.892 0.020 0.010 0.005 0.006 0.012 0.007 0.010 0.013 0.006 0.008 
  2 24.0602.E1    (0)    1 :  0.004 0.879 0.025 0.009 0.011 0.008 0.009 0.013 0.019 0.009 0.008 0.006 
  3 24.0603.E1    (0)    1 :  0.005 0.798 0.042 0.007 0.043 0.007 0.006 0.004 0.015 0.020 0.026 0.026 
  4 24.0604.E1    (0)    1 :  0.007 0.632 0.041 0.142 0.004 0.019 0.005 0.044 0.005 0.005 0.005 0.091 
  5 24.0605.E1    (0)    1 :  0.007 0.802 0.036 0.006 0.013 0.014 0.012 0.008 0.029 0.033 0.009 0.030 
  6 24.0606.E1    (0)    1 :  0.011 0.596 0.171 0.005 0.091 0.007 0.006 0.021 0.025 0.020 0.007 0.041 
  7 24.0607.E1    (0)    1 :  0.006 0.089 0.065 0.007 0.173 0.322 0.008 0.011 0.024 0.268 0.015 0.012 
  8 24.0608.E1    (0)    1 :  0.003 0.676 0.015 0.005 0.007 0.013 0.124 0.029 0.014 0.103 0.006 0.005 
  9 24.0609.E1    (0)    1 :  0.004 0.165 0.041 0.007 0.008 0.040 0.012 0.389 0.009 0.005 0.027 0.294 
 10 24.0610.E1    (0)    1 :  0.004 0.418 0.021 0.004 0.020 0.009 0.004 0.394 0.012 0.009 0.019 0.086 
 11 24.0611.E1    (0)    1 :  0.007 0.820 0.011 0.005 0.005 0.015 0.005 0.033 0.047 0.005 0.010 0.037 
 12 24.0612.E1    (0)    1 :  0.008 0.887 0.019 0.010 0.018 0.008 0.005 0.008 0.010 0.016 0.007 0.005 
 13 24.0613.E1    (0)    1 :  0.006 0.838 0.017 0.004 0.030 0.007 0.005 0.023 0.005 0.005 0.005 0.055 
 14 24.0614.E1    (0)    1 :  0.006 0.162 0.037 0.005 0.009 0.014 0.067 0.009 0.344 0.332 0.006 0.010 
 15 24.0615.E1    (0)    1 :  0.014 0.609 0.029 0.019 0.014 0.041 0.021 0.169 0.020 0.047 0.007 0.009 
 16 24.0616.E1    (0)    1 :  0.013 0.879 0.010 0.007 0.022 0.026 0.006 0.011 0.005 0.005 0.005 0.011 
 17 24.0617.E1    (0)    1 :  0.025 0.319 0.012 0.006 0.033 0.025 0.008 0.510 0.015 0.018 0.009 0.019 
 18 24.0618.E1    (0)    1 :  0.008 0.736 0.030 0.005 0.043 0.009 0.018 0.063 0.050 0.005 0.012 0.022 
 19 24.0619.E1    (0)    1 :  0.014 0.284 0.611 0.005 0.009 0.012 0.005 0.023 0.012 0.004 0.005 0.014 
 20 24.0620.E1   (20)    1 :  0.011 0.036 0.150 0.009 0.026 0.022 0.009 0.039 0.011 0.625 0.017 0.047 
 21 24.0621.E1    (0)    1 :  0.005 0.135 0.599 0.005 0.009 0.011 0.029 0.095 0.096 0.004 0.006 0.006 
 22 24.0622.E1    (0)    1 :  0.026 0.879 0.016 0.004 0.013 0.004 0.005 0.010 0.005 0.009 0.016 0.012 
 23 24.0623.E1    (0)    1 :  0.105 0.663 0.028 0.008 0.006 0.013 0.010 0.035 0.049 0.020 0.051 0.011 
 24 24.0624.E1    (0)    1 :  0.006 0.920 0.013 0.004 0.011 0.004 0.005 0.011 0.010 0.006 0.006 0.005 
 25 24.0625.E1    (0)    2 :  0.551 0.013 0.018 0.043 0.009 0.004 0.180 0.008 0.062 0.050 0.025 0.036 
 26 24.0626.E1    (0)    2 :  0.807 0.004 0.004 0.004 0.005 0.003 0.125 0.003 0.005 0.031 0.005 0.004 
 27 24.0627.E1    (0)    2 :  0.460 0.006 0.091 0.361 0.006 0.010 0.013 0.004 0.006 0.020 0.007 0.016 
 28 24.0628.E1    (0)    2 :  0.431 0.031 0.023 0.006 0.006 0.019 0.141 0.099 0.008 0.127 0.038 0.072 
 29 24.0629.E1    (0)    2 :  0.801 0.074 0.013 0.008 0.046 0.010 0.007 0.010 0.006 0.005 0.013 0.006 
 30 24.0630.E1    (0)    2 :  0.799 0.005 0.013 0.006 0.004 0.005 0.043 0.004 0.009 0.099 0.007 0.008 
 31 24.0631.E1    (0)    2 :  0.962 0.005 0.004 0.003 0.004 0.003 0.003 0.003 0.004 0.004 0.003 0.003 
 32 24.0632.E1    (0)    2 :  0.861 0.007 0.007 0.011 0.057 0.005 0.005 0.006 0.006 0.021 0.005 0.006 
 33 24.0633.E1    (0)    2 :  0.310 0.010 0.229 0.005 0.012 0.004 0.348 0.006 0.019 0.041 0.008 0.008 
 34 24.0634.E1    (0)    2 :  0.864 0.009 0.010 0.008 0.009 0.004 0.024 0.010 0.030 0.007 0.014 0.010 
 35 24.0635.E1    (0)    2 :  0.466 0.016 0.299 0.015 0.015 0.013 0.018 0.022 0.062 0.018 0.047 0.009 
 36 24.0636.E1   (33)    2 :  0.073 0.033 0.039 0.024 0.017 0.006 0.009 0.010 0.008 0.595 0.022 0.164 
 37 24.0637.E1    (0)    2 :  0.952 0.004 0.004 0.004 0.006 0.004 0.003 0.003 0.005 0.007 0.004 0.005 
 38 24.0638.E1    (0)    2 :  0.766 0.007 0.140 0.007 0.031 0.005 0.005 0.005 0.005 0.004 0.012 0.014 
 39 24.0639.E1    (0)    2 :  0.702 0.036 0.010 0.027 0.096 0.008 0.007 0.082 0.006 0.012 0.007 0.006 
 40 24.0640.E1    (0)    2 :  0.918 0.008 0.008 0.004 0.007 0.005 0.007 0.008 0.017 0.006 0.006 0.006 
 41 24.0641.E1    (0)    2 :  0.316 0.045 0.370 0.007 0.014 0.191 0.007 0.011 0.008 0.014 0.011 0.005 
 42 24.0642.E1    (0)    2 :  0.526 0.041 0.275 0.006 0.008 0.006 0.005 0.004 0.004 0.053 0.005 0.068 
 43 24.0643.E1    (0)    2 :  0.534 0.009 0.013 0.229 0.121 0.004 0.006 0.012 0.012 0.043 0.008 0.008 
 44 24.0644.E1    (0)    2 :  0.861 0.008 0.006 0.005 0.005 0.029 0.005 0.034 0.005 0.005 0.007 0.031 
 45 24.0645.E1    (0)    2 :  0.725 0.008 0.007 0.005 0.005 0.048 0.004 0.024 0.005 0.014 0.005 0.150 
 46 24.0646.E1    (0)    2 :  0.861 0.008 0.006 0.004 0.004 0.029 0.005 0.034 0.005 0.005 0.007 0.031 
 47 24.0647.E1    (0)    2 :  0.951 0.004 0.004 0.004 0.006 0.004 0.003 0.003 0.005 0.007 0.004 0.005 
 48 24.0648.E1    (0)    2 :  0.951 0.004 0.004 0.004 0.006 0.004 0.003 0.003 0.005 0.007 0.005 0.005 
 49 24.0649.E1    (0)    3 :  0.005 0.005 0.005 0.008 0.007 0.006 0.008 0.010 0.009 0.003 0.929 0.006 
 50 24.0650.E1    (0)    3 :  0.004 0.011 0.294 0.010 0.005 0.010 0.120 0.078 0.192 0.003 0.177 0.096 
 51 24.0651.E1    (0)    3 :  0.106 0.007 0.013 0.038 0.146 0.012 0.049 0.008 0.317 0.024 0.253 0.026 
 52 24.0652.E1    (0)    3 :  0.005 0.028 0.051 0.009 0.009 0.008 0.753 0.005 0.008 0.005 0.115 0.005 
 53 24.0653.E1    (0)    3 :  0.005 0.005 0.017 0.785 0.023 0.022 0.015 0.025 0.009 0.007 0.080 0.008 
 54 24.0654.E1    (0)    3 :  0.008 0.006 0.005 0.007 0.009 0.006 0.386 0.023 0.005 0.004 0.535 0.006 
 55 24.0655.E1    (0)    3 :  0.026 0.053 0.025 0.008 0.084 0.007 0.362 0.027 0.056 0.007 0.335 0.010 
 56 24.0656.E1    (0)    3 :  0.006 0.007 0.019 0.014 0.010 0.006 0.828 0.011 0.005 0.010 0.069 0.014 
 57 24.0657.E1    (0)    3 :  0.006 0.008 0.022 0.015 0.010 0.006 0.814 0.012 0.006 0.010 0.078 0.014 
 58 24.0658.E1    (0)    3 :  0.006 0.017 0.017 0.064 0.063 0.018 0.005 0.123 0.009 0.006 0.642 0.029 
 59 24.0659.E1    (0)    3 :  0.007 0.034 0.121 0.323 0.010 0.005 0.067 0.021 0.235 0.003 0.164 0.008 
 60 24.0660.E1    (6)    3 :  0.012 0.023 0.030 0.011 0.021 0.008 0.007 0.006 0.008 0.006 0.854 0.013 
 61 24.0661.E1    (0)    3 :  0.005 0.009 0.007 0.008 0.013 0.009 0.870 0.005 0.008 0.006 0.056 0.005 
 62 24.0662.E1    (0)    3 :  0.014 0.058 0.019 0.102 0.016 0.006 0.046 0.016 0.525 0.022 0.164 0.010 
 63 24.0663.E1    (0)    3 :  0.007 0.006 0.006 0.005 0.012 0.024 0.061 0.469 0.025 0.004 0.327 0.052 
 64 24.0664.E1    (0)    3 :  0.006 0.005 0.008 0.007 0.021 0.013 0.170 0.012 0.004 0.035 0.712 0.006 
 65 24.0665.E1    (0)    3 :  0.006 0.006 0.012 0.030 0.016 0.009 0.345 0.004 0.006 0.061 0.491 0.014 
 66 24.0666.E1    (0)    3 :  0.005 0.007 0.008 0.926 0.011 0.005 0.007 0.008 0.004 0.004 0.007 0.008 
 67 24.0667.E1    (0)    3 :  0.003 0.009 0.014 0.927 0.005 0.004 0.006 0.004 0.004 0.004 0.016 0.004 
 68 24.0668.E1    (0)    3 :  0.004 0.003 0.003 0.961 0.004 0.004 0.003 0.004 0.003 0.003 0.004 0.003 
 69 24.0669.E1    (0)    3 :  0.004 0.003 0.004 0.951 0.004 0.012 0.004 0.004 0.003 0.003 0.004 0.004 
 70 24.0670.E1    (0)    3 :  0.004 0.014 0.010 0.071 0.342 0.003 0.014 0.059 0.031 0.005 0.443 0.004 
 71 24.0671.E1    (0)    3 :  0.008 0.010 0.008 0.011 0.039 0.009 0.052 0.033 0.027 0.007 0.782 0.014 
 72 24.0672.E1    (0)    3 :  0.005 0.047 0.075 0.212 0.012 0.031 0.008 0.008 0.011 0.005 0.576 0.011 
 73 24.0673.E1    (6)    4 :  0.021 0.104 0.080 0.007 0.033 0.005 0.428 0.007 0.029 0.100 0.014 0.172 
 74 24.0674.E1    (0)    4 :  0.007 0.007 0.020 0.004 0.011 0.005 0.004 0.006 0.012 0.008 0.005 0.910 
 75 24.0675.E1    (0)    4 :  0.024 0.022 0.017 0.008 0.046 0.012 0.026 0.027 0.054 0.021 0.027 0.718 
 76 24.0676.E1    (0)    4 :  0.006 0.013 0.027 0.006 0.050 0.033 0.019 0.164 0.028 0.022 0.042 0.589 
 77 24.0677.E1    (0)    4 :  0.004 0.023 0.029 0.014 0.744 0.032 0.045 0.023 0.028 0.012 0.027 0.020 
 78 24.0678.E1    (0)    4 :  0.057 0.452 0.110 0.109 0.069 0.030 0.036 0.007 0.017 0.010 0.087 0.018 
 79 24.0679.E1    (0)    4 :  0.011 0.090 0.444 0.034 0.047 0.007 0.008 0.158 0.017 0.007 0.046 0.132 
 80 24.0680.E1    (0)    4 :  0.012 0.019 0.715 0.029 0.038 0.015 0.010 0.006 0.008 0.007 0.124 0.019 
 81 24.0681.E1    (0)    4 :  0.009 0.019 0.645 0.011 0.043 0.010 0.009 0.007 0.013 0.019 0.067 0.149 
 82 24.0682.E1    (0)    4 :  0.004 0.004 0.005 0.003 0.003 0.008 0.003 0.004 0.002 0.004 0.004 0.955 
 83 24.0683.E1    (0)    4 :  0.007 0.007 0.025 0.006 0.020 0.006 0.006 0.004 0.009 0.049 0.005 0.857 
 84 24.0684.E1    (0)    4 :  0.027 0.062 0.030 0.010 0.045 0.017 0.006 0.023 0.005 0.015 0.018 0.742 
 85 24.0685.E1    (0)    4 :  0.007 0.012 0.442 0.062 0.020 0.006 0.005 0.025 0.006 0.018 0.009 0.387 
 86 24.0686.E1    (0)    4 :  0.077 0.070 0.084 0.011 0.313 0.006 0.005 0.012 0.199 0.014 0.168 0.040 
 87 24.0687.E1    (0)    4 :  0.154 0.037 0.081 0.006 0.150 0.006 0.007 0.022 0.226 0.018 0.198 0.095 
 88 24.0688.E1    (0)    4 :  0.007 0.006 0.009 0.003 0.005 0.006 0.004 0.003 0.004 0.005 0.011 0.936 
 89 24.0689.E1    (0)    4 :  0.012 0.020 0.170 0.004 0.242 0.012 0.032 0.352 0.014 0.021 0.046 0.075 
 90 24.0690.E1    (0)    4 :  0.030 0.018 0.160 0.522 0.086 0.005 0.021 0.005 0.037 0.030 0.060 0.026 
 91 24.0691.E1    (0)    4 :  0.006 0.033 0.049 0.010 0.054 0.004 0.005 0.041 0.007 0.006 0.012 0.772 
 92 24.0692.E1    (0)    4 :  0.004 0.005 0.019 0.008 0.085 0.008 0.005 0.018 0.005 0.008 0.044 0.791 
 93 24.0693.E1    (0)    4 :  0.008 0.011 0.049 0.016 0.018 0.009 0.067 0.036 0.015 0.338 0.134 0.300 
 94 24.0694.E1    (0)    4 :  0.007 0.008 0.176 0.009 0.005 0.007 0.004 0.009 0.004 0.008 0.017 0.746 
 95 24.0695.E1    (0)    4 :  0.007 0.062 0.414 0.011 0.006 0.056 0.008 0.042 0.006 0.006 0.012 0.370 
 96 24.0696.E1    (0)    4 :  0.013 0.023 0.269 0.010 0.034 0.008 0.004 0.017 0.008 0.007 0.010 0.598 
 97 24.0697.E1    (0)    5 :  0.008 0.006 0.017 0.005 0.750 0.010 0.007 0.009 0.014 0.014 0.039 0.120 
 98 24.0698.E1    (0)    5 :  0.013 0.008 0.011 0.012 0.870 0.006 0.009 0.009 0.022 0.013 0.010 0.016 
 99 24.0699.E1    (0)    5 :  0.004 0.005 0.005 0.005 0.947 0.004 0.004 0.004 0.005 0.005 0.008 0.004 
100 24.0700.E1    (0)    5 :  0.005 0.006 0.353 0.007 0.467 0.004 0.009 0.008 0.013 0.006 0.111 0.011 
101 24.0701.E1    (0)    5 :  0.009 0.007 0.010 0.670 0.216 0.008 0.006 0.009 0.007 0.042 0.007 0.007 
102 24.0702.E1    (0)    5 :  0.011 0.009 0.349 0.020 0.496 0.006 0.007 0.008 0.006 0.019 0.062 0.007 
103 24.0703.E1    (0)    5 :  0.036 0.005 0.005 0.005 0.834 0.004 0.003 0.004 0.088 0.004 0.008 0.004 
104 24.0704.E1    (6)    5 :  0.008 0.008 0.020 0.005 0.704 0.192 0.004 0.006 0.016 0.008 0.016 0.013 
105 24.0705.E1    (0)    5 :  0.006 0.023 0.695 0.026 0.044 0.008 0.006 0.009 0.007 0.008 0.019 0.149 
106 24.0706.E1    (0)    5 :  0.007 0.006 0.478 0.013 0.070 0.012 0.013 0.010 0.006 0.009 0.362 0.013 
107 24.0707.E1    (0)    5 :  0.028 0.036 0.178 0.007 0.099 0.027 0.011 0.005 0.043 0.018 0.486 0.063 
108 24.0708.E1    (0)    5 :  0.152 0.032 0.034 0.019 0.071 0.006 0.015 0.094 0.491 0.020 0.021 0.044 
109 24.0709.E1    (0)    5 :  0.007 0.012 0.015 0.008 0.014 0.087 0.015 0.032 0.016 0.006 0.022 0.766 
110 24.0710.E1    (0)    5 :  0.005 0.010 0.008 0.009 0.759 0.007 0.004 0.008 0.030 0.018 0.006 0.136 
111 24.0711.E1    (0)    5 :  0.049 0.060 0.061 0.033 0.602 0.066 0.007 0.005 0.006 0.014 0.053 0.042 
112 24.0712.E1    (0)    5 :  0.025 0.011 0.017 0.503 0.381 0.004 0.005 0.006 0.007 0.010 0.007 0.021 
113 24.0713.E1    (0)    5 :  0.006 0.009 0.467 0.007 0.122 0.057 0.006 0.040 0.013 0.013 0.053 0.208 
114 24.0714.E1    (0)    5 :  0.010 0.040 0.560 0.010 0.257 0.009 0.012 0.014 0.014 0.007 0.058 0.010 
115 24.0715.E1    (0)    5 :  0.006 0.019 0.032 0.017 0.576 0.006 0.034 0.007 0.007 0.145 0.047 0.105 
116 24.0716.E1    (0)    5 :  0.024 0.038 0.017 0.296 0.493 0.011 0.007 0.039 0.015 0.017 0.028 0.014 
117 24.0717.E1    (0)    5 :  0.048 0.014 0.085 0.013 0.137 0.023 0.084 0.024 0.071 0.280 0.202 0.020 
118 24.0718.E1    (0)    5 :  0.028 0.021 0.071 0.039 0.063 0.006 0.004 0.007 0.008 0.014 0.591 0.148 
119 24.0719.E1    (0)    5 :  0.016 0.006 0.056 0.013 0.010 0.034 0.007 0.018 0.005 0.007 0.081 0.746 
120 24.0720.E1    (0)    5 :  0.012 0.014 0.015 0.011 0.063 0.013 0.007 0.014 0.006 0.005 0.219 0.621 
121 24.0721.E1    (0)    6 :  0.009 0.012 0.090 0.019 0.407 0.006 0.079 0.016 0.054 0.234 0.016 0.059 
122 24.0722.E1    (0)    6 :  0.079 0.017 0.042 0.060 0.165 0.005 0.008 0.011 0.098 0.425 0.020 0.070 
123 24.0723.E1    (0)    6 :  0.123 0.022 0.031 0.009 0.040 0.005 0.158 0.018 0.279 0.294 0.011 0.009 
124 24.0724.E1    (0)    6 :  0.033 0.131 0.082 0.011 0.055 0.010 0.010 0.037 0.238 0.053 0.019 0.319 
125 24.0725.E1    (0)    6 :  0.008 0.868 0.027 0.007 0.035 0.005 0.013 0.006 0.005 0.007 0.009 0.010 
126 24.0726.E1    (6)    6 :  0.008 0.332 0.474 0.006 0.009 0.005 0.005 0.007 0.016 0.074 0.016 0.048 
127 24.0727.E1    (0)    6 :  0.020 0.227 0.063 0.055 0.045 0.004 0.035 0.012 0.060 0.428 0.024 0.026 
128 24.0728.E1    (0)    6 :  0.031 0.372 0.028 0.011 0.187 0.005 0.033 0.012 0.023 0.160 0.123 0.015 
129 24.0729.E1    (0)    6 :  0.012 0.607 0.107 0.035 0.011 0.030 0.005 0.025 0.011 0.040 0.019 0.099 
130 24.0730.E1    (0)    6 :  0.007 0.040 0.024 0.016 0.792 0.013 0.009 0.010 0.006 0.012 0.046 0.025 
131 24.0731.E1    (0)    6 :  0.013 0.099 0.576 0.004 0.008 0.005 0.019 0.007 0.012 0.056 0.009 0.193 
132 24.0732.E1    (0)    6 :  0.008 0.075 0.071 0.011 0.082 0.007 0.026 0.004 0.004 0.582 0.015 0.113 
133 24.0733.E1    (0)    6 :  0.006 0.912 0.028 0.003 0.004 0.004 0.003 0.006 0.004 0.017 0.005 0.007 
134 24.0734.E1    (0)    6 :  0.009 0.027 0.032 0.007 0.133 0.004 0.010 0.007 0.027 0.717 0.021 0.008 
135 24.0735.E1    (0)    6 :  0.045 0.534 0.081 0.010 0.098 0.005 0.008 0.021 0.007 0.150 0.021 0.019 
136 24.0736.E1    (0)    6 :  0.007 0.855 0.049 0.004 0.016 0.005 0.007 0.005 0.005 0.033 0.006 0.007 
137 24.0737.E1    (0)    6 :  0.024 0.774 0.061 0.008 0.011 0.004 0.008 0.007 0.056 0.007 0.030 0.011 
138 24.0738.E1    (0)    6 :  0.010 0.815 0.076 0.009 0.017 0.008 0.007 0.005 0.008 0.024 0.012 0.008 
139 24.0739.E1    (0)    6 :  0.015 0.840 0.057 0.006 0.012 0.004 0.007 0.006 0.006 0.005 0.032 0.010 
140 24.0740.E1    (0)    6 :  0.021 0.565 0.087 0.009 0.007 0.082 0.005 0.017 0.005 0.009 0.023 0.170 
141 24.0741.E1    (0)    6 :  0.014 0.360 0.081 0.006 0.052 0.006 0.009 0.009 0.008 0.264 0.041 0.151 
142 24.0742.E1    (0)    6 :  0.010 0.187 0.068 0.008 0.015 0.007 0.007 0.006 0.019 0.633 0.011 0.030 
143 24.0743.E1    (0)    6 :  0.005 0.377 0.076 0.024 0.021 0.047 0.008 0.011 0.020 0.022 0.010 0.380 
144 24.0744.E1    (0)    6 :  0.009 0.276 0.071 0.302 0.014 0.037 0.019 0.024 0.016 0.105 0.021 0.107 
145 24.0745.E1    (0)    7 :  0.004 0.004 0.021 0.021 0.013 0.014 0.016 0.007 0.005 0.872 0.009 0.015 
146 24.0746.E1    (0)    7 :  0.077 0.048 0.018 0.007 0.037 0.081 0.007 0.009 0.056 0.594 0.023 0.043 
147 24.0747.E1    (0)    7 :  0.009 0.025 0.024 0.012 0.006 0.047 0.009 0.029 0.004 0.674 0.021 0.139 
148 24.0748.E1    (6)    7 :  0.009 0.028 0.038 0.011 0.007 0.057 0.018 0.041 0.005 0.600 0.019 0.168 
149 24.0749.E1    (0)    7 :  0.007 0.223 0.016 0.006 0.015 0.005 0.004 0.006 0.010 0.694 0.006 0.008 
150 24.0750.E1    (0)    7 :  0.009 0.155 0.377 0.012 0.111 0.017 0.008 0.012 0.021 0.184 0.021 0.073 
151 24.0751.E1    (0)    7 :  0.006 0.007 0.007 0.004 0.005 0.004 0.005 0.004 0.004 0.945 0.004 0.004 
152 24.0752.E1    (0)    7 :  0.006 0.037 0.008 0.004 0.042 0.009 0.010 0.006 0.003 0.863 0.005 0.007 
153 24.0753.E1    (0)    7 :  0.183 0.227 0.012 0.009 0.006 0.009 0.026 0.004 0.010 0.495 0.009 0.011 
154 24.0754.E1    (0)    7 :  0.016 0.029 0.021 0.006 0.007 0.005 0.009 0.006 0.004 0.863 0.008 0.025 
155 24.0755.E1    (0)    7 :  0.018 0.013 0.011 0.006 0.023 0.037 0.006 0.033 0.005 0.707 0.023 0.119 
156 24.0756.E1    (0)    7 :  0.008 0.011 0.009 0.004 0.005 0.005 0.005 0.013 0.008 0.921 0.004 0.006 
157 24.0757.E1    (0)    7 :  0.004 0.003 0.004 0.003 0.005 0.003 0.003 0.003 0.003 0.961 0.003 0.004 
158 24.0758.E1    (0)    7 :  0.004 0.004 0.004 0.004 0.005 0.004 0.004 0.003 0.003 0.959 0.003 0.004 
159 24.0759.E1    (0)    7 :  0.006 0.021 0.017 0.010 0.008 0.007 0.013 0.005 0.005 0.895 0.007 0.007 
160 24.0760.E1    (0)    7 :  0.278 0.009 0.011 0.007 0.027 0.005 0.007 0.006 0.006 0.587 0.031 0.025 
161 24.0761.E1    (0)    7 :  0.009 0.006 0.005 0.003 0.004 0.003 0.005 0.004 0.005 0.947 0.005 0.004 
162 24.0762.E1    (0)    7 :  0.007 0.191 0.273 0.161 0.030 0.019 0.007 0.141 0.010 0.066 0.059 0.034 
163 24.0763.E1    (0)    7 :  0.004 0.007 0.007 0.003 0.004 0.005 0.006 0.004 0.004 0.936 0.005 0.016 
164 24.0764.E1    (0)    7 :  0.008 0.012 0.011 0.004 0.011 0.004 0.004 0.004 0.003 0.929 0.006 0.004 
165 24.0765.E1    (0)    7 :  0.020 0.006 0.020 0.004 0.008 0.006 0.007 0.010 0.020 0.870 0.006 0.022 
166 24.0766.E1    (0)    7 :  0.006 0.009 0.007 0.005 0.009 0.005 0.009 0.004 0.005 0.926 0.006 0.009 
167 24.0767.E1    (0)    7 :  0.004 0.004 0.004 0.003 0.004 0.003 0.004 0.004 0.005 0.954 0.004 0.008 
168 24.0768.E1    (0)    7 :  0.005 0.145 0.387 0.007 0.053 0.130 0.008 0.024 0.008 0.120 0.013 0.100 
169 24.0779.E1    (0)    8 :  0.005 0.011 0.013 0.009 0.037 0.014 0.008 0.006 0.028 0.039 0.799 0.031 
170 24.0780.E1    (6)    8 :  0.005 0.008 0.078 0.008 0.177 0.007 0.031 0.122 0.013 0.004 0.528 0.020 
171 24.0781.E1    (0)    8 :  0.005 0.004 0.160 0.005 0.154 0.004 0.007 0.010 0.007 0.005 0.634 0.006 
172 24.0782.E1    (0)    8 :  0.033 0.057 0.318 0.007 0.300 0.007 0.029 0.020 0.027 0.017 0.029 0.156 
173 24.0783.E1    (0)    8 :  0.007 0.007 0.510 0.016 0.053 0.004 0.011 0.346 0.007 0.005 0.019 0.015 
174 24.0784.E1    (0)    8 :  0.005 0.007 0.013 0.004 0.071 0.012 0.007 0.016 0.031 0.004 0.799 0.030 
175 24.0785.E1    (0)    8 :  0.004 0.007 0.017 0.009 0.091 0.011 0.031 0.023 0.013 0.004 0.783 0.007 
176 24.0786.E1    (0)    8 :  0.008 0.019 0.047 0.008 0.061 0.022 0.018 0.085 0.008 0.009 0.619 0.096 
177 24.0787.E1    (0)    8 :  0.051 0.015 0.019 0.006 0.051 0.007 0.008 0.011 0.010 0.017 0.788 0.017 
178 24.0788.E1    (0)    8 :  0.011 0.004 0.006 0.005 0.006 0.008 0.007 0.044 0.007 0.004 0.883 0.014 
179 24.0789.E1    (0)    8 :  0.020 0.054 0.009 0.005 0.073 0.014 0.012 0.029 0.027 0.005 0.744 0.009 
180 24.0790.E1    (0)    8 :  0.005 0.004 0.007 0.005 0.006 0.006 0.010 0.008 0.008 0.003 0.934 0.004 
181 24.0791.E1    (0)    8 :  0.005 0.055 0.633 0.039 0.009 0.019 0.014 0.010 0.004 0.007 0.197 0.008 
182 24.0792.E1    (0)    8 :  0.004 0.008 0.127 0.018 0.009 0.005 0.292 0.007 0.007 0.018 0.478 0.029 
183 24.0793.E1    (0)    9 :  0.031 0.020 0.006 0.005 0.552 0.017 0.016 0.027 0.308 0.005 0.006 0.006 
184 24.0794.E1    (0)    9 :  0.006 0.495 0.018 0.005 0.016 0.006 0.201 0.029 0.182 0.007 0.030 0.006 
185 24.0795.E1    (0)    9 :  0.009 0.078 0.025 0.005 0.006 0.007 0.005 0.009 0.816 0.012 0.006 0.021 
186 24.0796.E1    (0)    9 :  0.009 0.094 0.012 0.005 0.076 0.030 0.181 0.350 0.109 0.005 0.125 0.006 
187 24.0797.E1    (0)    9 :  0.007 0.015 0.012 0.005 0.252 0.008 0.020 0.059 0.574 0.003 0.039 0.006 
188 24.0798.E1    (0)    9 :  0.016 0.009 0.014 0.325 0.024 0.022 0.065 0.008 0.453 0.018 0.019 0.027 
189 24.0799.E1    (0)    9 :  0.006 0.007 0.004 0.005 0.011 0.938 0.004 0.007 0.004 0.005 0.004 0.005 
190 24.0800.E1    (0)    9 :  0.004 0.007 0.005 0.004 0.008 0.940 0.006 0.008 0.003 0.004 0.004 0.006 
191 24.0801.E1    (0)    9 :  0.005 0.004 0.007 0.180 0.005 0.759 0.008 0.004 0.005 0.004 0.008 0.011 
192 24.0802.E1    (0)    9 :  0.011 0.005 0.008 0.005 0.007 0.007 0.004 0.007 0.931 0.004 0.005 0.005 
193 24.0803.E1    (0)    9 :  0.008 0.011 0.012 0.016 0.048 0.484 0.008 0.008 0.385 0.006 0.007 0.007 
194 24.0804.E1    (0)    9 :  0.011 0.011 0.005 0.004 0.009 0.031 0.007 0.096 0.799 0.003 0.010 0.013 
195 24.0805.E1    (0)    9 :  0.004 0.007 0.010 0.004 0.005 0.913 0.005 0.005 0.012 0.006 0.009 0.019 
196 24.0806.E1    (0)    9 :  0.031 0.007 0.007 0.007 0.007 0.047 0.008 0.005 0.864 0.006 0.007 0.006 
197 24.0807.E1    (0)    9 :  0.007 0.006 0.013 0.008 0.007 0.009 0.017 0.017 0.894 0.003 0.011 0.007 
198 24.0808.E1    (0)    9 :  0.017 0.009 0.008 0.004 0.010 0.629 0.008 0.016 0.024 0.005 0.238 0.031 
199 24.0809.E1    (0)    9 :  0.003 0.006 0.004 0.004 0.004 0.950 0.004 0.005 0.004 0.005 0.004 0.007 
200 24.0810.E1    (0)    9 :  0.011 0.006 0.007 0.005 0.011 0.768 0.012 0.006 0.092 0.008 0.011 0.065 
201 24.0811.E1    (0)    9 :  0.011 0.010 0.006 0.003 0.006 0.004 0.017 0.011 0.908 0.004 0.014 0.006 
202 24.0812.E1    (0)    9 :  0.008 0.027 0.013 0.008 0.022 0.105 0.007 0.268 0.438 0.006 0.060 0.039 
203 24.0813.E1    (0)    9 :  0.011 0.007 0.018 0.004 0.009 0.183 0.007 0.017 0.580 0.005 0.073 0.084 
204 24.0814.E1    (6)    9 :  0.012 0.009 0.008 0.008 0.004 0.592 0.030 0.121 0.182 0.004 0.014 0.015 
205 24.0815.E1    (0)    9 :  0.087 0.004 0.005 0.009 0.005 0.571 0.008 0.009 0.285 0.006 0.006 0.005 
206 24.0816.E1    (0)    9 :  0.015 0.007 0.006 0.031 0.028 0.020 0.023 0.010 0.834 0.006 0.015 0.004 
207 24.0817.E1    (0)   10 :  0.005 0.018 0.021 0.007 0.016 0.046 0.073 0.712 0.072 0.005 0.015 0.010 
208 24.0818.E1    (0)   10 :  0.011 0.030 0.016 0.005 0.120 0.009 0.014 0.744 0.010 0.008 0.028 0.005 
209 24.0819.E1    (0)   10 :  0.015 0.013 0.023 0.067 0.011 0.414 0.330 0.019 0.008 0.083 0.008 0.008 
210 24.0820.E1    (0)   10 :  0.007 0.006 0.005 0.009 0.005 0.029 0.857 0.018 0.005 0.046 0.007 0.005 
211 24.0821.E1    (0)   10 :  0.008 0.011 0.010 0.205 0.009 0.020 0.091 0.129 0.033 0.006 0.467 0.011 
212 24.0822.E1    (0)   10 :  0.004 0.006 0.005 0.008 0.015 0.014 0.010 0.871 0.004 0.019 0.035 0.009 
213 24.0823.E1    (0)   10 :  0.008 0.008 0.005 0.012 0.005 0.031 0.531 0.351 0.004 0.027 0.008 0.010 
214 24.0824.E1    (0)   10 :  0.005 0.006 0.007 0.423 0.007 0.024 0.014 0.443 0.008 0.008 0.007 0.048 
215 24.0825.E1    (0)   10 :  0.004 0.004 0.005 0.004 0.004 0.006 0.005 0.946 0.005 0.005 0.004 0.008 
216 24.0826.E1    (0)   10 :  0.009 0.006 0.014 0.015 0.021 0.015 0.829 0.039 0.012 0.017 0.014 0.010 
217 24.0827.E1    (0)   10 :  0.007 0.040 0.010 0.007 0.040 0.007 0.127 0.720 0.021 0.003 0.010 0.009 
218 24.0828.E1    (0)   10 :  0.009 0.011 0.014 0.098 0.019 0.018 0.583 0.110 0.070 0.018 0.033 0.017 
219 24.0829.E1    (0)   10 :  0.007 0.005 0.008 0.015 0.006 0.087 0.013 0.581 0.231 0.011 0.017 0.021 
220 24.0830.E1    (0)   10 :  0.003 0.005 0.111 0.005 0.005 0.004 0.014 0.811 0.026 0.004 0.008 0.005 
221 24.0831.E1    (0)   10 :  0.004 0.005 0.208 0.007 0.022 0.006 0.017 0.690 0.015 0.004 0.015 0.007 
222 24.0832.E1    (0)   10 :  0.003 0.009 0.004 0.003 0.009 0.004 0.013 0.933 0.005 0.003 0.005 0.007 
223 24.0833.E1    (0)   10 :  0.003 0.004 0.005 0.003 0.003 0.003 0.007 0.952 0.005 0.004 0.004 0.006 
224 24.0834.E1    (0)   10 :  0.007 0.007 0.008 0.006 0.004 0.009 0.009 0.925 0.007 0.008 0.005 0.006 
225 24.0835.E1    (0)   10 :  0.006 0.013 0.007 0.009 0.015 0.030 0.007 0.891 0.005 0.004 0.006 0.006 
226 24.0836.E1    (0)   10 :  0.004 0.009 0.009 0.014 0.008 0.015 0.007 0.891 0.007 0.009 0.009 0.018 
227 24.0837.E1    (0)   10 :  0.004 0.006 0.006 0.006 0.005 0.009 0.007 0.928 0.006 0.005 0.010 0.008 
228 24.0838.E1    (0)   10 :  0.003 0.004 0.007 0.005 0.017 0.004 0.010 0.914 0.011 0.006 0.009 0.010 
229 24.0839.E1    (0)   10 :  0.029 0.044 0.077 0.023 0.049 0.026 0.026 0.303 0.299 0.018 0.070 0.036 
230 24.0840.E1    (0)   10 :  0.011 0.007 0.006 0.011 0.007 0.011 0.040 0.470 0.417 0.004 0.010 0.006 
231 24.0841.E1    (0)   11 :  0.003 0.005 0.008 0.003 0.025 0.005 0.018 0.009 0.889 0.008 0.016 0.011 
232 24.0842.E1    (0)   11 :  0.003 0.008 0.005 0.169 0.016 0.012 0.017 0.011 0.736 0.005 0.012 0.006 
233 24.0843.E1    (0)   11 :  0.004 0.005 0.008 0.211 0.012 0.015 0.435 0.018 0.253 0.019 0.013 0.007 
234 24.0844.E1    (0)   11 :  0.005 0.029 0.072 0.308 0.024 0.080 0.020 0.318 0.107 0.007 0.019 0.012 
235 24.0845.E1    (0)   11 :  0.004 0.009 0.062 0.019 0.083 0.005 0.028 0.668 0.070 0.004 0.035 0.012 
236 24.0846.E1    (0)   11 :  0.009 0.011 0.012 0.010 0.012 0.015 0.008 0.868 0.027 0.010 0.008 0.010 
237 24.0847.E1    (0)   11 :  0.007 0.029 0.017 0.022 0.015 0.049 0.014 0.714 0.013 0.011 0.008 0.103 
238 24.0848.E1    (0)   11 :  0.004 0.014 0.027 0.016 0.058 0.046 0.011 0.744 0.019 0.004 0.032 0.027 
239 24.0849.E1    (0)   11 :  0.003 0.006 0.004 0.004 0.005 0.008 0.947 0.006 0.005 0.004 0.004 0.003 
240 24.0850.E1    (0)   11 :  0.003 0.006 0.004 0.004 0.005 0.008 0.946 0.006 0.005 0.004 0.004 0.003 
241 24.0851.E1    (0)   11 :  0.003 0.006 0.004 0.004 0.005 0.008 0.946 0.006 0.005 0.004 0.004 0.003 
242 24.0852.E1    (0)   11 :  0.004 0.010 0.063 0.006 0.042 0.006 0.678 0.101 0.038 0.013 0.033 0.006 
243 24.0853.E1    (0)   11 :  0.006 0.005 0.006 0.004 0.006 0.009 0.522 0.389 0.023 0.009 0.006 0.015 
244 24.0854.E1    (0)   11 :  0.005 0.013 0.014 0.559 0.007 0.015 0.327 0.020 0.014 0.009 0.008 0.009 
245 24.0855.E1    (0)   11 :  0.005 0.006 0.006 0.013 0.011 0.039 0.032 0.673 0.146 0.010 0.024 0.035 
246 24.0856.E1    (0)   11 :  0.037 0.038 0.011 0.282 0.052 0.006 0.012 0.018 0.465 0.055 0.016 0.007 
247 24.0857.E1    (0)   11 :  0.009 0.019 0.010 0.009 0.036 0.507 0.018 0.338 0.013 0.008 0.015 0.019 
248 24.0858.E1    (0)   11 :  0.005 0.015 0.020 0.033 0.113 0.075 0.071 0.579 0.025 0.014 0.039 0.012 
249 24.0859.E1    (0)   11 :  0.009 0.010 0.010 0.008 0.037 0.029 0.845 0.012 0.012 0.016 0.007 0.006 
250 24.0860.E1    (0)   11 :  0.025 0.016 0.013 0.018 0.450 0.326 0.043 0.037 0.031 0.022 0.012 0.007 
251 24.0861.E1    (0)   11 :  0.003 0.006 0.005 0.004 0.017 0.007 0.913 0.016 0.016 0.004 0.005 0.004 
252 24.0862.E1    (0)   11 :  0.011 0.013 0.020 0.009 0.007 0.171 0.016 0.020 0.700 0.007 0.017 0.008 
253 24.0863.E1    (0)   11 :  0.003 0.006 0.005 0.004 0.017 0.007 0.911 0.017 0.016 0.004 0.006 0.004 
254 24.0864.E1    (0)   11 :  0.009 0.110 0.248 0.013 0.010 0.020 0.055 0.140 0.014 0.007 0.176 0.200 
255 24.0865.E1    (0)   12 :  0.017 0.040 0.020 0.005 0.010 0.008 0.785 0.011 0.010 0.033 0.018 0.043 
256 24.0866.E1    (0)   12 :  0.006 0.014 0.014 0.012 0.134 0.595 0.013 0.045 0.008 0.029 0.026 0.105 
257 24.0867.E1    (0)   12 :  0.019 0.010 0.013 0.011 0.009 0.108 0.164 0.020 0.008 0.132 0.010 0.496 
258 24.0868.E1    (0)   12 :  0.025 0.012 0.043 0.014 0.018 0.030 0.008 0.053 0.009 0.023 0.548 0.218 
259 24.0869.E1    (0)   12 :  0.045 0.008 0.190 0.005 0.013 0.073 0.011 0.123 0.011 0.006 0.027 0.488 
260 24.0870.E1    (0)   12 :  0.112 0.123 0.134 0.012 0.041 0.017 0.009 0.137 0.020 0.028 0.242 0.126 
261 24.0871.E1    (0)   12 :  0.026 0.037 0.633 0.015 0.023 0.006 0.042 0.014 0.055 0.006 0.038 0.106 
262 24.0872.E1    (0)   12 :  0.006 0.012 0.420 0.012 0.017 0.056 0.320 0.006 0.007 0.087 0.020 0.037 
263 24.0873.E1    (0)   12 :  0.011 0.015 0.025 0.012 0.007 0.239 0.055 0.013 0.009 0.011 0.031 0.571 
264 24.0874.E1    (0)   12 :  0.007 0.008 0.015 0.011 0.009 0.355 0.185 0.038 0.009 0.214 0.014 0.134 
265 24.0875.E1    (0)   12 :  0.007 0.027 0.819 0.017 0.031 0.024 0.007 0.008 0.004 0.008 0.021 0.027 
266 24.0876.E1    (0)   12 :  0.006 0.067 0.787 0.009 0.023 0.011 0.005 0.004 0.004 0.019 0.011 0.054 
267 24.0877.E1    (0)   12 :  0.006 0.704 0.079 0.010 0.057 0.061 0.006 0.004 0.004 0.046 0.011 0.013 
268 24.0878.E1    (0)   12 :  0.008 0.669 0.101 0.029 0.004 0.010 0.006 0.049 0.010 0.011 0.056 0.048 
269 24.0879.E1    (0)   12 :  0.009 0.641 0.086 0.205 0.007 0.005 0.007 0.007 0.007 0.004 0.012 0.011 
270 24.0880.E1    (0)   12 :  0.014 0.027 0.026 0.086 0.011 0.016 0.020 0.523 0.008 0.014 0.112 0.143 
271 24.0881.E1    (0)   12 :  0.010 0.857 0.076 0.008 0.011 0.006 0.006 0.004 0.004 0.008 0.005 0.007 
272 24.0882.E1    (0)   12 :  0.008 0.213 0.046 0.009 0.064 0.020 0.013 0.006 0.004 0.595 0.009 0.015 
273 24.0883.E1    (0)   12 :  0.011 0.290 0.086 0.219 0.005 0.007 0.046 0.007 0.006 0.240 0.012 0.072 
274 24.0884.E1    (0)   12 :  0.008 0.800 0.103 0.012 0.012 0.005 0.009 0.004 0.006 0.030 0.007 0.006 
275 24.0885.E1    (0)   12 :  0.013 0.636 0.116 0.054 0.009 0.016 0.006 0.011 0.005 0.006 0.061 0.067 
276 24.0886.E1    (0)   12 :  0.004 0.259 0.243 0.121 0.010 0.019 0.032 0.005 0.007 0.227 0.020 0.053 
277 24.0887.E1    (0)   12 :  0.010 0.041 0.034 0.168 0.005 0.006 0.008 0.005 0.006 0.690 0.007 0.023 
278 24.0888.E1    (0)   12 :  0.006 0.017 0.036 0.009 0.008 0.016 0.006 0.007 0.009 0.005 0.873 0.007 


Estimated Allele Frequencies in each cluster
First column gives estimated ancestral frequencies


Locus 1 : 
31 alleles
0.0% missing data
 115   (0.036) 0.003 0.121 0.098 0.008 0.005 0.004 0.004 0.004 0.020 0.003 0.009 0.166 
 117   (0.044) 0.004 0.198 0.062 0.012 0.009 0.112 0.003 0.005 0.023 0.198 0.011 0.036 
 119   (0.039) 0.300 0.276 0.050 0.006 0.007 0.005 0.004 0.005 0.006 0.329 0.010 0.012 
 131   (0.015) 0.001 0.054 0.005 0.003 0.002 0.002 0.001 0.001 0.004 0.003 0.004 0.003 
 128   (0.033) 0.003 0.036 0.102 0.008 0.009 0.006 0.004 0.025 0.008 0.003 0.025 0.020 
 135   (0.018) 0.002 0.045 0.022 0.004 0.005 0.002 0.002 0.003 0.007 0.008 0.005 0.006 
 126   (0.079) 0.012 0.065 0.122 0.030 0.039 0.163 0.057 0.274 0.031 0.079 0.077 0.035 
 122   (0.032) 0.097 0.010 0.015 0.006 0.099 0.007 0.003 0.003 0.141 0.002 0.009 0.005 
 132   (0.031) 0.003 0.004 0.035 0.013 0.007 0.038 0.005 0.022 0.037 0.013 0.029 0.013 
 141   (0.011) 0.003 0.009 0.002 0.001 0.001 0.001 0.001 0.001 0.002 0.001 0.003 0.001 
 130   (0.050) 0.012 0.006 0.052 0.159 0.036 0.008 0.024 0.013 0.036 0.007 0.094 0.093 
 134   (0.039) 0.139 0.005 0.009 0.005 0.005 0.020 0.076 0.006 0.029 0.003 0.048 0.040 
 145   (0.015) 0.007 0.002 0.004 0.007 0.003 0.002 0.117 0.001 0.002 0.007 0.008 0.004 
 127   (0.027) 0.053 0.031 0.012 0.007 0.004 0.003 0.003 0.002 0.004 0.162 0.007 0.007 
 116   (0.112) 0.171 0.015 0.098 0.060 0.200 0.112 0.282 0.131 0.209 0.009 0.251 0.218 
 114   (0.059) 0.050 0.007 0.015 0.027 0.029 0.070 0.194 0.108 0.231 0.005 0.045 0.032 
 120   (0.038) 0.091 0.008 0.038 0.149 0.015 0.005 0.003 0.004 0.005 0.002 0.076 0.016 
 110   (0.043) 0.014 0.008 0.031 0.104 0.090 0.005 0.012 0.095 0.024 0.013 0.013 0.051 
 133   (0.014) 0.008 0.002 0.013 0.002 0.002 0.007 0.001 0.001 0.002 0.012 0.003 0.002 
 118   (0.112) 0.012 0.014 0.152 0.334 0.415 0.400 0.185 0.166 0.128 0.017 0.196 0.179 
 125   (0.015) 0.001 0.002 0.003 0.005 0.002 0.003 0.003 0.011 0.018 0.001 0.006 0.002 
 129   (0.019) 0.002 0.045 0.011 0.021 0.003 0.003 0.002 0.002 0.003 0.006 0.012 0.004 
 124   (0.015) 0.002 0.009 0.015 0.015 0.003 0.002 0.004 0.002 0.002 0.001 0.015 0.003 
 136   (0.019) 0.002 0.003 0.011 0.003 0.002 0.003 0.002 0.090 0.004 0.001 0.008 0.036 
 121   (0.016) 0.001 0.004 0.009 0.002 0.002 0.002 0.001 0.001 0.002 0.069 0.004 0.003 
 139   (0.010) 0.001 0.011 0.002 0.001 0.001 0.001 0.001 0.001 0.001 0.001 0.003 0.001 
 113   (0.010) 0.001 0.001 0.002 0.001 0.001 0.001 0.001 0.001 0.001 0.015 0.002 0.001 
 111   (0.012) 0.001 0.002 0.003 0.002 0.001 0.001 0.001 0.001 0.001 0.013 0.003 0.002 
 143   (0.010) 0.001 0.001 0.002 0.001 0.001 0.001 0.001 0.001 0.001 0.015 0.002 0.001 
 140   (0.015) 0.001 0.002 0.003 0.002 0.002 0.007 0.001 0.001 0.014 0.001 0.019 0.004 
 112   (0.011) 0.001 0.001 0.002 0.002 0.001 0.001 0.001 0.016 0.001 0.001 0.003 0.002 

Locus 2 : 
18 alleles
0.0% missing data
 152   (0.361) 0.380 0.651 0.583 0.312 0.609 0.440 0.307 0.159 0.567 0.799 0.164 0.457 
 148   (0.073) 0.235 0.139 0.117 0.029 0.051 0.009 0.007 0.009 0.012 0.019 0.021 0.208 
 154   (0.108) 0.263 0.039 0.092 0.034 0.109 0.018 0.017 0.285 0.121 0.031 0.059 0.216 
 156   (0.016) 0.002 0.013 0.003 0.005 0.002 0.002 0.002 0.002 0.016 0.001 0.006 0.003 
 150   (0.023) 0.069 0.008 0.005 0.005 0.002 0.002 0.002 0.002 0.003 0.052 0.006 0.003 
 164   (0.084) 0.009 0.072 0.030 0.017 0.146 0.029 0.090 0.040 0.105 0.011 0.139 0.031 
 158   (0.031) 0.012 0.009 0.015 0.212 0.007 0.012 0.010 0.004 0.010 0.008 0.008 0.014 
 160   (0.020) 0.002 0.003 0.005 0.003 0.003 0.002 0.002 0.002 0.003 0.017 0.020 0.013 
 166   (0.023) 0.004 0.003 0.026 0.003 0.022 0.030 0.002 0.002 0.013 0.002 0.007 0.004 
 151   (0.073) 0.006 0.009 0.039 0.265 0.019 0.009 0.313 0.469 0.041 0.005 0.291 0.010 
 147   (0.062) 0.006 0.008 0.022 0.060 0.009 0.425 0.190 0.015 0.060 0.004 0.185 0.013 
 168   (0.024) 0.002 0.004 0.019 0.005 0.003 0.010 0.030 0.002 0.004 0.002 0.023 0.004 
 153   (0.014) 0.001 0.002 0.003 0.002 0.003 0.002 0.016 0.001 0.002 0.001 0.019 0.002 
 149   (0.026) 0.002 0.003 0.027 0.041 0.003 0.003 0.002 0.002 0.003 0.012 0.008 0.015 
 162   (0.019) 0.002 0.007 0.005 0.003 0.005 0.002 0.007 0.002 0.036 0.003 0.009 0.003 
 167   (0.013) 0.001 0.026 0.003 0.002 0.001 0.001 0.001 0.001 0.002 0.001 0.003 0.002 
 146   (0.013) 0.001 0.002 0.002 0.002 0.001 0.001 0.001 0.001 0.002 0.033 0.003 0.002 
 172   (0.015) 0.001 0.002 0.004 0.002 0.005 0.002 0.001 0.001 0.002 0.001 0.029 0.002 

Locus 3 : 
4 alleles
0.0% missing data
 128   (0.299) 0.327 0.214 0.352 0.226 0.118 0.394 0.345 0.444 0.164 0.467 0.273 0.283 
 126   (0.608) 0.613 0.703 0.598 0.577 0.844 0.578 0.480 0.514 0.780 0.526 0.686 0.701 
 132   (0.080) 0.054 0.082 0.047 0.155 0.027 0.026 0.174 0.041 0.054 0.006 0.038 0.014 
 134   (0.014) 0.006 0.002 0.002 0.041 0.011 0.001 0.001 0.001 0.002 0.001 0.003 0.002 

Locus 4 : 
3 alleles
0.0% missing data
 170   (0.317) 0.420 0.322 0.315 0.150 0.476 0.105 0.103 0.462 0.401 0.300 0.371 0.127 
 172   (0.670) 0.570 0.676 0.683 0.848 0.523 0.893 0.894 0.535 0.598 0.698 0.625 0.869 
 171   (0.013) 0.010 0.002 0.003 0.002 0.001 0.002 0.003 0.003 0.002 0.002 0.004 0.003 

Locus 5 : 
37 alleles
0.0% missing data
 125   (0.052) 0.060 0.068 0.053 0.171 0.010 0.015 0.148 0.079 0.014 0.042 0.019 0.021 
 110   (0.037) 0.044 0.042 0.038 0.029 0.005 0.020 0.027 0.093 0.030 0.015 0.011 0.006 
 129   (0.038) 0.004 0.053 0.013 0.010 0.120 0.006 0.020 0.007 0.054 0.003 0.091 0.006 
 113   (0.029) 0.003 0.010 0.010 0.005 0.087 0.011 0.004 0.008 0.128 0.002 0.119 0.007 
 145   (0.056) 0.006 0.218 0.136 0.088 0.021 0.010 0.097 0.013 0.011 0.081 0.021 0.146 
 155   (0.053) 0.184 0.155 0.051 0.016 0.084 0.016 0.006 0.059 0.110 0.014 0.021 0.020 
 117   (0.030) 0.004 0.021 0.022 0.005 0.009 0.009 0.005 0.004 0.020 0.027 0.022 0.166 
 124   (0.011) 0.001 0.024 0.003 0.001 0.002 0.001 0.001 0.001 0.001 0.001 0.002 0.001 
 133   (0.033) 0.003 0.044 0.066 0.007 0.014 0.010 0.006 0.003 0.004 0.080 0.068 0.010 
 157   (0.045) 0.023 0.007 0.051 0.092 0.299 0.028 0.004 0.054 0.007 0.021 0.066 0.039 
 141   (0.014) 0.001 0.004 0.017 0.002 0.004 0.003 0.001 0.005 0.002 0.001 0.035 0.008 
 112   (0.073) 0.201 0.066 0.035 0.016 0.135 0.022 0.164 0.160 0.041 0.163 0.039 0.122 
 121   (0.019) 0.007 0.003 0.009 0.006 0.003 0.027 0.009 0.003 0.088 0.002 0.017 0.003 
 114   (0.040) 0.017 0.043 0.042 0.007 0.008 0.038 0.004 0.084 0.005 0.187 0.010 0.164 
 153   (0.051) 0.007 0.046 0.100 0.256 0.008 0.361 0.079 0.085 0.018 0.004 0.023 0.015 
 127   (0.075) 0.018 0.067 0.060 0.032 0.063 0.012 0.207 0.100 0.175 0.068 0.129 0.085 
 131   (0.058) 0.235 0.056 0.024 0.156 0.026 0.211 0.088 0.033 0.025 0.181 0.018 0.019 
 135   (0.028) 0.008 0.005 0.091 0.012 0.009 0.112 0.075 0.013 0.004 0.003 0.013 0.006 
 104   (0.009) 0.010 0.001 0.002 0.001 0.001 0.002 0.003 0.002 0.001 0.002 0.003 0.003 
 118   (0.017) 0.017 0.019 0.008 0.012 0.004 0.002 0.002 0.002 0.002 0.002 0.014 0.008 
 116   (0.024) 0.018 0.004 0.051 0.014 0.004 0.003 0.003 0.011 0.081 0.004 0.008 0.013 
 137   (0.023) 0.106 0.003 0.014 0.011 0.013 0.007 0.002 0.002 0.091 0.006 0.009 0.005 
 123   (0.022) 0.005 0.004 0.031 0.005 0.004 0.016 0.017 0.094 0.023 0.002 0.005 0.004 
 149   (0.010) 0.001 0.001 0.008 0.001 0.001 0.001 0.002 0.002 0.005 0.001 0.005 0.003 
 138   (0.010) 0.001 0.001 0.002 0.001 0.001 0.001 0.004 0.001 0.001 0.001 0.074 0.001 
 143   (0.026) 0.003 0.003 0.005 0.020 0.024 0.004 0.010 0.055 0.006 0.079 0.030 0.004 
 163   (0.009) 0.003 0.002 0.003 0.001 0.004 0.001 0.001 0.001 0.006 0.001 0.005 0.003 
 109   (0.009) 0.001 0.001 0.003 0.001 0.001 0.001 0.001 0.001 0.001 0.001 0.002 0.038 
 139   (0.010) 0.001 0.001 0.009 0.002 0.011 0.001 0.001 0.001 0.001 0.001 0.003 0.001 
 106   (0.009) 0.001 0.001 0.005 0.001 0.002 0.002 0.001 0.001 0.002 0.001 0.010 0.002 
 144   (0.015) 0.001 0.002 0.009 0.002 0.003 0.037 0.001 0.002 0.002 0.001 0.005 0.045 
 122   (0.011) 0.001 0.013 0.004 0.002 0.002 0.002 0.001 0.001 0.001 0.002 0.003 0.012 
 100   (0.018) 0.002 0.003 0.013 0.005 0.016 0.002 0.004 0.004 0.034 0.001 0.030 0.003 
 111   (0.011) 0.001 0.001 0.003 0.001 0.001 0.001 0.002 0.001 0.001 0.001 0.045 0.001 
 233   (0.009) 0.001 0.001 0.002 0.006 0.001 0.001 0.002 0.002 0.002 0.001 0.011 0.001 
 134   (0.011) 0.001 0.001 0.006 0.001 0.001 0.001 0.001 0.011 0.002 0.001 0.003 0.001 
 140   (0.008) 0.001 0.001 0.002 0.001 0.001 0.001 0.001 0.001 0.001 0.001 0.011 0.004 

Locus 6 : 
17 alleles
0.0% missing data
 221   (0.025) 0.002 0.151 0.013 0.003 0.003 0.003 0.002 0.002 0.003 0.089 0.006 0.003 
 232   (0.242) 0.083 0.160 0.316 0.282 0.273 0.095 0.776 0.265 0.442 0.431 0.284 0.272 
 229   (0.055) 0.057 0.097 0.073 0.016 0.010 0.024 0.019 0.099 0.009 0.059 0.013 0.015 
 223   (0.059) 0.006 0.098 0.026 0.096 0.130 0.012 0.006 0.078 0.023 0.007 0.023 0.067 
 230   (0.165) 0.168 0.068 0.228 0.087 0.219 0.055 0.044 0.249 0.087 0.302 0.215 0.228 
 235   (0.014) 0.001 0.078 0.002 0.002 0.002 0.001 0.001 0.001 0.002 0.001 0.003 0.002 
 236   (0.038) 0.027 0.082 0.078 0.010 0.006 0.005 0.019 0.004 0.017 0.005 0.019 0.006 
 227   (0.024) 0.002 0.063 0.016 0.008 0.017 0.004 0.002 0.002 0.003 0.002 0.007 0.011 
 220   (0.055) 0.193 0.008 0.029 0.012 0.007 0.224 0.067 0.021 0.105 0.004 0.038 0.022 
 222   (0.042) 0.272 0.005 0.010 0.006 0.004 0.215 0.003 0.005 0.099 0.003 0.064 0.014 
 234   (0.126) 0.173 0.086 0.085 0.305 0.070 0.340 0.012 0.140 0.030 0.050 0.135 0.293 
 224   (0.032) 0.003 0.004 0.013 0.136 0.006 0.004 0.002 0.081 0.007 0.002 0.040 0.005 
 228   (0.057) 0.006 0.011 0.058 0.010 0.246 0.007 0.043 0.025 0.049 0.004 0.132 0.045 
 225   (0.011) 0.001 0.002 0.002 0.001 0.001 0.001 0.001 0.001 0.019 0.001 0.003 0.002 
 226   (0.015) 0.001 0.002 0.003 0.002 0.002 0.004 0.001 0.021 0.101 0.001 0.004 0.002 
 233   (0.026) 0.002 0.050 0.035 0.015 0.003 0.004 0.002 0.003 0.003 0.038 0.008 0.009 
 231   (0.015) 0.001 0.035 0.012 0.010 0.002 0.002 0.001 0.001 0.002 0.002 0.005 0.004 

Locus 7 : 
10 alleles
0.0% missing data
 121   (0.685) 0.794 0.881 0.814 0.552 0.832 0.821 0.703 0.780 0.734 0.742 0.863 0.787 
 129   (0.097) 0.010 0.078 0.053 0.101 0.052 0.012 0.145 0.128 0.111 0.103 0.051 0.046 
 130   (0.017) 0.002 0.003 0.004 0.003 0.007 0.013 0.002 0.002 0.021 0.004 0.004 0.002 
 123   (0.100) 0.129 0.023 0.106 0.238 0.080 0.046 0.143 0.081 0.113 0.098 0.034 0.026 
 128   (0.020) 0.038 0.003 0.005 0.021 0.003 0.002 0.001 0.002 0.002 0.022 0.005 0.005 
 131   (0.015) 0.021 0.002 0.003 0.010 0.006 0.002 0.001 0.002 0.010 0.001 0.004 0.002 
 117   (0.011) 0.001 0.001 0.002 0.001 0.001 0.001 0.001 0.001 0.001 0.001 0.017 0.001 
 125   (0.012) 0.001 0.001 0.002 0.067 0.001 0.001 0.001 0.001 0.001 0.001 0.003 0.001 
 134   (0.030) 0.004 0.004 0.008 0.005 0.017 0.099 0.002 0.003 0.005 0.005 0.016 0.120 
 132   (0.013) 0.001 0.002 0.003 0.002 0.001 0.003 0.001 0.001 0.001 0.024 0.003 0.008 

Locus 8 : 
19 alleles
0.0% missing data
 184   (0.294) 0.523 0.497 0.418 0.523 0.508 0.525 0.475 0.253 0.172 0.317 0.298 0.499 
 194   (0.048) 0.018 0.031 0.032 0.035 0.021 0.006 0.009 0.013 0.016 0.019 0.044 0.113 
 178   (0.104) 0.188 0.223 0.063 0.029 0.037 0.057 0.027 0.297 0.183 0.061 0.063 0.091 
 176   (0.085) 0.010 0.043 0.106 0.045 0.044 0.155 0.112 0.009 0.057 0.228 0.102 0.062 
 182   (0.078) 0.008 0.030 0.060 0.020 0.155 0.106 0.012 0.039 0.171 0.215 0.108 0.033 
 190   (0.032) 0.075 0.006 0.006 0.005 0.005 0.057 0.002 0.019 0.010 0.052 0.008 0.005 
 196   (0.022) 0.002 0.006 0.004 0.003 0.003 0.003 0.008 0.070 0.004 0.001 0.031 0.006 
 200   (0.025) 0.003 0.014 0.009 0.023 0.095 0.003 0.002 0.002 0.011 0.009 0.007 0.004 
 180   (0.024) 0.072 0.010 0.004 0.132 0.003 0.003 0.002 0.004 0.005 0.002 0.006 0.003 
 188   (0.039) 0.008 0.031 0.016 0.009 0.005 0.010 0.083 0.064 0.006 0.003 0.021 0.041 
 174   (0.039) 0.021 0.015 0.089 0.037 0.006 0.009 0.003 0.004 0.012 0.043 0.021 0.054 
 186   (0.121) 0.041 0.074 0.174 0.064 0.096 0.034 0.239 0.126 0.322 0.042 0.247 0.061 
 192   (0.023) 0.012 0.009 0.005 0.015 0.007 0.004 0.005 0.089 0.003 0.003 0.011 0.004 
 201   (0.010) 0.012 0.001 0.002 0.010 0.004 0.001 0.001 0.001 0.001 0.001 0.002 0.001 
 199   (0.017) 0.002 0.002 0.003 0.035 0.008 0.003 0.002 0.002 0.019 0.001 0.014 0.002 
 185   (0.011) 0.001 0.001 0.002 0.002 0.001 0.001 0.016 0.001 0.001 0.001 0.004 0.002 
 203   (0.011) 0.001 0.001 0.002 0.001 0.001 0.003 0.001 0.001 0.002 0.001 0.003 0.017 
 198   (0.010) 0.001 0.001 0.002 0.001 0.001 0.017 0.001 0.001 0.002 0.001 0.008 0.002 
 209   (0.007) 0.001 0.001 0.003 0.012 0.001 0.003 0.001 0.005 0.003 0.000 0.002 0.001 

Locus 9 : 
6 alleles
0.4% missing data
 154   (0.684) 0.823 0.704 0.732 0.661 0.645 0.701 0.842 0.801 0.855 0.622 0.817 0.672 
 156   (0.206) 0.167 0.166 0.219 0.324 0.283 0.285 0.031 0.118 0.126 0.363 0.116 0.254 
 152   (0.055) 0.005 0.082 0.022 0.008 0.024 0.008 0.108 0.076 0.010 0.005 0.037 0.046 
 153   (0.013) 0.002 0.003 0.003 0.002 0.004 0.001 0.016 0.001 0.003 0.001 0.015 0.002 
 160   (0.015) 0.001 0.002 0.002 0.002 0.040 0.001 0.001 0.001 0.002 0.001 0.008 0.002 
 164   (0.027) 0.003 0.043 0.023 0.004 0.004 0.003 0.002 0.003 0.003 0.008 0.007 0.024 

Locus 10 : 
29 alleles
0.7% missing data
 305   (0.065) 0.228 0.112 0.018 0.009 0.028 0.010 0.007 0.007 0.250 0.009 0.099 0.011 
 313   (0.052) 0.006 0.157 0.046 0.011 0.013 0.007 0.004 0.009 0.079 0.006 0.059 0.009 
 311   (0.015) 0.002 0.019 0.008 0.004 0.002 0.002 0.001 0.003 0.002 0.002 0.005 0.002 
 299   (0.111) 0.034 0.278 0.046 0.012 0.507 0.162 0.155 0.153 0.021 0.023 0.079 0.026 
 315   (0.082) 0.085 0.091 0.117 0.014 0.102 0.011 0.006 0.019 0.016 0.104 0.104 0.016 
 287   (0.020) 0.003 0.006 0.006 0.840 0.003 0.004 0.002 0.002 0.004 0.002 0.006 0.003 
 291   (0.109) 0.065 0.107 0.037 0.014 0.016 0.328 0.011 0.498 0.036 0.019 0.114 0.464 
 295   (0.028) 0.004 0.019 0.205 0.003 0.004 0.004 0.002 0.003 0.004 0.003 0.012 0.081 
 289   (0.015) 0.002 0.002 0.004 0.001 0.011 0.263 0.001 0.001 0.002 0.001 0.003 0.002 
 303   (0.035) 0.026 0.007 0.008 0.004 0.004 0.005 0.664 0.003 0.005 0.566 0.019 0.006 
 297   (0.045) 0.005 0.012 0.015 0.005 0.021 0.020 0.003 0.024 0.176 0.083 0.012 0.151 
 293   (0.016) 0.002 0.017 0.143 0.001 0.002 0.003 0.001 0.001 0.002 0.001 0.005 0.002 
 301   (0.058) 0.169 0.068 0.018 0.006 0.008 0.014 0.006 0.006 0.007 0.006 0.144 0.075 
 285   (0.028) 0.273 0.004 0.005 0.003 0.022 0.004 0.002 0.002 0.269 0.002 0.007 0.004 
 307   (0.056) 0.032 0.010 0.028 0.008 0.199 0.006 0.004 0.104 0.007 0.156 0.017 0.065 
 312   (0.047) 0.041 0.007 0.220 0.006 0.032 0.007 0.012 0.096 0.008 0.003 0.038 0.017 
 306   (0.027) 0.004 0.011 0.008 0.004 0.003 0.003 0.002 0.012 0.003 0.002 0.101 0.012 
 320   (0.014) 0.001 0.002 0.002 0.001 0.001 0.001 0.001 0.001 0.001 0.001 0.035 0.002 
 317   (0.022) 0.002 0.019 0.004 0.002 0.003 0.002 0.100 0.002 0.004 0.001 0.015 0.003 
 314   (0.026) 0.003 0.034 0.011 0.032 0.003 0.003 0.002 0.002 0.003 0.002 0.022 0.004 
 323   (0.012) 0.001 0.002 0.003 0.005 0.001 0.002 0.001 0.001 0.001 0.001 0.014 0.002 
 325   (0.013) 0.001 0.002 0.003 0.005 0.001 0.002 0.001 0.001 0.002 0.001 0.014 0.002 
 310   (0.018) 0.002 0.003 0.029 0.002 0.003 0.002 0.001 0.039 0.002 0.001 0.005 0.003 
 309   (0.013) 0.002 0.002 0.004 0.002 0.001 0.003 0.001 0.001 0.001 0.001 0.005 0.033 
 316   (0.017) 0.002 0.003 0.003 0.002 0.004 0.002 0.003 0.005 0.004 0.001 0.043 0.002 
 296   (0.014) 0.001 0.002 0.005 0.001 0.002 0.002 0.004 0.001 0.002 0.001 0.014 0.002 
 304   (0.015) 0.002 0.002 0.002 0.001 0.003 0.004 0.001 0.001 0.084 0.001 0.003 0.002 
 321   (0.014) 0.002 0.002 0.002 0.001 0.001 0.062 0.001 0.001 0.002 0.001 0.003 0.002 
 332   (0.011) 0.001 0.001 0.002 0.001 0.001 0.064 0.001 0.001 0.001 0.001 0.003 0.001 

Locus 11 : 
19 alleles
0.0% missing data
 114   (0.148) 0.296 0.250 0.240 0.039 0.153 0.024 0.041 0.019 0.022 0.199 0.132 0.278 
 126   (0.022) 0.018 0.064 0.009 0.003 0.002 0.002 0.002 0.002 0.003 0.004 0.005 0.003 
 111   (0.096) 0.009 0.209 0.040 0.021 0.023 0.602 0.306 0.568 0.563 0.006 0.027 0.014 
 116   (0.111) 0.016 0.107 0.105 0.113 0.147 0.029 0.009 0.030 0.079 0.274 0.051 0.149 
 132   (0.014) 0.001 0.012 0.003 0.002 0.002 0.002 0.001 0.001 0.002 0.001 0.004 0.002 
 109   (0.015) 0.001 0.052 0.003 0.002 0.002 0.002 0.001 0.002 0.002 0.001 0.004 0.003 
 128   (0.018) 0.002 0.008 0.004 0.002 0.003 0.002 0.001 0.006 0.002 0.001 0.008 0.017 
 112   (0.314) 0.602 0.229 0.489 0.463 0.598 0.065 0.171 0.043 0.064 0.486 0.588 0.436 
 122   (0.016) 0.007 0.002 0.011 0.002 0.002 0.004 0.014 0.002 0.002 0.004 0.005 0.004 
 124   (0.013) 0.018 0.002 0.002 0.002 0.001 0.001 0.002 0.001 0.002 0.002 0.003 0.002 
 118   (0.048) 0.013 0.016 0.027 0.077 0.029 0.213 0.014 0.005 0.007 0.009 0.015 0.047 
 127   (0.014) 0.001 0.002 0.002 0.002 0.001 0.001 0.001 0.001 0.002 0.001 0.018 0.002 
 113   (0.053) 0.004 0.007 0.016 0.032 0.007 0.020 0.425 0.227 0.200 0.003 0.048 0.008 
 115   (0.029) 0.003 0.019 0.015 0.220 0.003 0.004 0.003 0.006 0.008 0.003 0.019 0.007 
 120   (0.022) 0.002 0.003 0.007 0.003 0.002 0.003 0.002 0.074 0.002 0.001 0.008 0.019 
 117   (0.023) 0.003 0.004 0.006 0.004 0.016 0.013 0.003 0.006 0.009 0.002 0.020 0.004 
 125   (0.017) 0.001 0.002 0.015 0.003 0.002 0.002 0.003 0.001 0.002 0.001 0.037 0.002 
 119   (0.015) 0.001 0.002 0.003 0.002 0.002 0.009 0.001 0.003 0.030 0.001 0.005 0.003 
 136   (0.013) 0.001 0.010 0.003 0.008 0.001 0.001 0.001 0.001 0.001 0.001 0.003 0.002 

Locus 12 : 
28 alleles
0.7% missing data
 306   (0.057) 0.227 0.110 0.017 0.007 0.027 0.011 0.006 0.006 0.319 0.008 0.048 0.009 
 314   (0.061) 0.007 0.143 0.028 0.019 0.014 0.009 0.012 0.086 0.076 0.008 0.058 0.008 
 312   (0.012) 0.001 0.028 0.002 0.001 0.001 0.001 0.001 0.001 0.001 0.001 0.003 0.001 
 300   (0.119) 0.034 0.294 0.047 0.013 0.522 0.160 0.156 0.148 0.021 0.023 0.081 0.026 
 316   (0.050) 0.081 0.088 0.023 0.005 0.013 0.006 0.004 0.018 0.010 0.101 0.014 0.007 
 288   (0.017) 0.002 0.005 0.004 0.827 0.003 0.003 0.001 0.002 0.004 0.002 0.005 0.002 
 292   (0.115) 0.066 0.108 0.038 0.015 0.017 0.368 0.012 0.483 0.036 0.019 0.115 0.459 
 296   (0.032) 0.004 0.019 0.210 0.004 0.005 0.004 0.004 0.003 0.005 0.003 0.021 0.083 
 290   (0.015) 0.002 0.002 0.004 0.002 0.011 0.262 0.001 0.001 0.002 0.001 0.004 0.002 
 304   (0.037) 0.026 0.007 0.008 0.004 0.004 0.005 0.668 0.003 0.005 0.568 0.020 0.007 
 298   (0.050) 0.006 0.013 0.015 0.005 0.022 0.021 0.004 0.024 0.176 0.084 0.013 0.150 
 294   (0.017) 0.002 0.018 0.142 0.002 0.002 0.003 0.001 0.001 0.002 0.001 0.005 0.002 
 302   (0.059) 0.169 0.069 0.019 0.007 0.008 0.014 0.007 0.006 0.008 0.006 0.145 0.075 
 286   (0.031) 0.272 0.004 0.005 0.003 0.023 0.005 0.002 0.003 0.290 0.003 0.008 0.004 
 308   (0.033) 0.030 0.007 0.014 0.004 0.178 0.003 0.002 0.003 0.004 0.150 0.009 0.014 
 313   (0.037) 0.041 0.006 0.240 0.004 0.043 0.005 0.004 0.006 0.005 0.003 0.038 0.018 
 307   (0.050) 0.005 0.013 0.022 0.006 0.013 0.006 0.004 0.127 0.006 0.004 0.107 0.069 
 321   (0.014) 0.001 0.002 0.002 0.001 0.002 0.001 0.001 0.001 0.002 0.001 0.036 0.002 
 315   (0.059) 0.008 0.039 0.090 0.050 0.072 0.008 0.012 0.005 0.009 0.005 0.123 0.012 
 318   (0.019) 0.002 0.007 0.003 0.002 0.003 0.002 0.091 0.004 0.006 0.001 0.016 0.002 
 324   (0.013) 0.001 0.002 0.003 0.005 0.001 0.002 0.001 0.001 0.001 0.001 0.014 0.002 
 326   (0.014) 0.001 0.002 0.003 0.005 0.002 0.002 0.001 0.001 0.002 0.001 0.014 0.002 
 311   (0.019) 0.002 0.005 0.048 0.005 0.004 0.002 0.001 0.059 0.002 0.002 0.006 0.004 
 310   (0.014) 0.002 0.002 0.004 0.002 0.002 0.003 0.001 0.001 0.002 0.001 0.006 0.033 
 305   (0.016) 0.002 0.002 0.002 0.001 0.004 0.002 0.001 0.001 0.002 0.001 0.050 0.002 
 317   (0.015) 0.002 0.002 0.002 0.001 0.002 0.002 0.001 0.001 0.002 0.001 0.036 0.002 
 320   (0.013) 0.001 0.002 0.002 0.001 0.001 0.029 0.001 0.001 0.002 0.001 0.003 0.002 
 322   (0.014) 0.001 0.002 0.002 0.001 0.001 0.062 0.001 0.001 0.002 0.001 0.003 0.002 

Locus 13 : 
7 alleles
1.1% missing data
 161   (0.596) 0.058 0.667 0.656 0.457 0.409 0.930 0.509 0.416 0.306 0.888 0.576 0.870 
 163   (0.298) 0.027 0.248 0.291 0.525 0.577 0.058 0.459 0.574 0.490 0.024 0.394 0.098 
 160   (0.018) 0.451 0.002 0.009 0.003 0.002 0.002 0.001 0.002 0.002 0.001 0.004 0.002 
 162   (0.016) 0.458 0.002 0.004 0.002 0.002 0.002 0.002 0.001 0.002 0.001 0.004 0.002 
 165   (0.044) 0.004 0.075 0.027 0.009 0.006 0.005 0.027 0.006 0.197 0.003 0.016 0.023 
 166   (0.013) 0.001 0.004 0.011 0.002 0.003 0.002 0.001 0.001 0.002 0.002 0.003 0.003 
 164   (0.015) 0.001 0.002 0.003 0.002 0.001 0.002 0.001 0.001 0.002 0.079 0.003 0.002 

Locus 14 : 
4 alleles
0.4% missing data
  98   (0.957) 0.996 0.989 0.980 0.994 0.994 0.995 0.990 0.996 0.995 0.987 0.970 0.991 
 100   (0.013) 0.001 0.002 0.002 0.002 0.002 0.001 0.005 0.001 0.002 0.001 0.014 0.002 
  96   (0.017) 0.002 0.007 0.013 0.002 0.003 0.002 0.002 0.001 0.002 0.011 0.004 0.005 
 105   (0.013) 0.001 0.002 0.005 0.002 0.001 0.001 0.004 0.001 0.002 0.001 0.012 0.002 

Locus 15 : 
12 alleles
2.2% missing data
 171   (0.313) 0.215 0.415 0.256 0.491 0.277 0.567 0.295 0.353 0.162 0.171 0.441 0.175 
 177   (0.190) 0.370 0.205 0.197 0.250 0.172 0.213 0.072 0.076 0.075 0.050 0.168 0.347 
 173   (0.259) 0.079 0.269 0.439 0.123 0.235 0.128 0.510 0.523 0.672 0.059 0.214 0.249 
 179   (0.099) 0.318 0.063 0.037 0.105 0.284 0.023 0.109 0.010 0.049 0.581 0.044 0.046 
 183   (0.020) 0.002 0.029 0.005 0.007 0.003 0.002 0.006 0.002 0.014 0.010 0.008 0.003 
 181   (0.036) 0.004 0.007 0.007 0.005 0.011 0.006 0.003 0.029 0.007 0.123 0.091 0.008 
 197   (0.013) 0.001 0.002 0.002 0.001 0.001 0.001 0.001 0.001 0.001 0.001 0.003 0.103 
 170   (0.014) 0.001 0.002 0.031 0.003 0.003 0.002 0.001 0.001 0.002 0.001 0.007 0.002 
 189   (0.013) 0.006 0.003 0.005 0.002 0.010 0.001 0.001 0.001 0.013 0.001 0.010 0.003 
 203   (0.014) 0.001 0.002 0.005 0.002 0.001 0.001 0.001 0.001 0.002 0.001 0.004 0.060 
 187   (0.018) 0.002 0.003 0.013 0.011 0.002 0.025 0.001 0.002 0.002 0.001 0.008 0.002 
 198   (0.012) 0.001 0.001 0.002 0.001 0.001 0.029 0.001 0.001 0.002 0.001 0.003 0.002 

Values of parameters used in structure:
DATAFILE=STRUCTURE_main_final_278_HEG_ZG.str,	OUTFILE=STRUCTURE_main_final_278_HEG_ZG-K12-2,	NUMINDS=278,	NUMLOCI=15,	MISSING=-9,	LABEL=1,	POPDATA=1,	POPFLAG=0,	PHENOTYPE=0,	EXTRACOLS=0,	MAXPOPS=12,	BURNIN=100000,	NUMREPS=500000,	USEPOPINFO=0,	INFERALPHA=1,	INFERLAMBDA=0,	POPSPECIFICLAMBDA=0,	POPALPHAS=0,	COMPUTEPROB=1,	NOADMIX=0,	ADMBURNIN=2500,	UPDATEFREQ=1,	PRINTLIKES=0,	INTERMEDSAVE=0,	PRINTKLD=0,	PRINTNET=0,	PRINTLAMBDA=0,	ANCESTDIST=0,	NUMBOXES=1000,	ANCESTPINT=0.90000,	GENSBACK=2,	MIGRPRIOR=0.05000,	PRINTQHAT=0,	PRINTQSUM=0,	ALPHA=1.0000,	FREQSCORR=1,	FPRIORMEAN=0.0100,	FPRIORSD=0.0500,	ONEFST=0,	LAMBDA=1.0000,	UNIFPRIORALPHA=1,	ALPHAMAX=10.0000,	ALPHAPRIORA=1.0000,	ALPHAPRIORB=2.0000,	ALPHAPROPSD=0.0250,	STARTATPOPINFO=0,	RANDOMIZE=1,	LINKAGE=0,	METROFREQ=10,	REPORTHITRATE=0,	MARKOVPHASE=-1,	PHASED=0,	PLOIDY=2,	PHASEINFO=0	LOCPRIOR=0, 	LOCPRIORINIT=1.000000, 	LOCDATA=0, 	LOCISPOP=0, 	LOCPRIORSTEP=0.100000, 	MAXLOCPRIOR=20.000000, 	SEED=1782487172,	
[STRAT parameters]:    NUMSIMSTATS=1000,	PHENOTYPECOL=-9,	POOLFREQ=10,	LOCUSxONLY=0,	EMERROR=0.00100,	MISSINGPHENO=-9,	