

----------------------------------------------------
STRUCTURE by Pritchard, Stephens and Donnelly (2000)
     and Falush, Stephens and Pritchard (2003)
       Code by Pritchard, Falush and Hubisz
             Version 2.3.4 (Jul 2012)
----------------------------------------------------



Command line arguments:   structure -K 3 -i STRUCTURE_main_final_278_HEG_ZG.str -o STRUCTURE_main_final_278_HEG_ZG-K3-8 
Input File:    STRUCTURE_main_final_278_HEG_ZG.str

Run parameters:
   278 individuals
   15 loci
   3 populations assumed
   100000 Burn-in period
   500000 Reps


--------------------------------------------
Proportion of membership of each pre-defined
 population in each of the 3 clusters

Given    Inferred Clusters       Number of
 Pop       1      2      3      Individuals

  1:     0.537  0.130  0.333       24
  2:     0.805  0.126  0.069       24
  3:     0.067  0.721  0.212       24
  4:     0.316  0.535  0.148       24
  5:     0.193  0.592  0.214       24
  6:     0.809  0.128  0.064       24
  7:     0.863  0.101  0.036       24
  8:     0.097  0.751  0.152       14
  9:     0.058  0.141  0.801       24
 10:     0.042  0.101  0.858       24
 11:     0.057  0.127  0.817       24
 12:     0.310  0.549  0.141       24
--------------------------------------------

Allele-freq. divergence among pops (Net nucleotide distance),
computed using point estimates of P.

      1       2       3      
 1      -    0.0245  0.0516  
 2   0.0245     -    0.0329  
 3   0.0516  0.0329     -    

Average distances (expected heterozygosity) between individuals in same cluster:
cluster  1  : 0.6364 
cluster  2  : 0.6508 
cluster  3  : 0.6300 

--------------------------------------------
Estimated Ln Prob of Data   = -13369.9
Mean value of ln likelihood = -13038.6
Variance of ln likelihood   = 662.6
Mean value of alpha         = 0.1396

Mean value of Fst_1         = 0.0680
Mean value of Fst_2         = 0.0297
Mean value of Fst_3         = 0.0875


Inferred ancestry of individuals:
        Label (%Miss) Pop:  Inferred clusters
  1 24.0601.E1    (0)    1 :  0.955 0.023 0.022 
  2 24.0602.E1    (0)    1 :  0.634 0.099 0.267 
  3 24.0603.E1    (0)    1 :  0.889 0.074 0.037 
  4 24.0604.E1    (0)    1 :  0.192 0.508 0.300 
  5 24.0605.E1    (0)    1 :  0.835 0.028 0.137 
  6 24.0606.E1    (0)    1 :  0.637 0.090 0.273 
  7 24.0607.E1    (0)    1 :  0.547 0.045 0.408 
  8 24.0608.E1    (0)    1 :  0.481 0.041 0.478 
  9 24.0609.E1    (0)    1 :  0.043 0.280 0.677 
 10 24.0610.E1    (0)    1 :  0.175 0.159 0.666 
 11 24.0611.E1    (0)    1 :  0.599 0.051 0.350 
 12 24.0612.E1    (0)    1 :  0.953 0.023 0.024 
 13 24.0613.E1    (0)    1 :  0.462 0.073 0.465 
 14 24.0614.E1    (0)    1 :  0.581 0.022 0.397 
 15 24.0615.E1    (0)    1 :  0.450 0.027 0.523 
 16 24.0616.E1    (0)    1 :  0.773 0.026 0.201 
 17 24.0617.E1    (0)    1 :  0.192 0.027 0.782 
 18 24.0618.E1    (0)    1 :  0.228 0.096 0.676 
 19 24.0619.E1    (0)    1 :  0.187 0.660 0.153 
 20 24.0620.E1   (20)    1 :  0.725 0.118 0.157 
 21 24.0621.E1    (0)    1 :  0.030 0.494 0.475 
 22 24.0622.E1    (0)    1 :  0.896 0.059 0.045 
 23 24.0623.E1    (0)    1 :  0.690 0.060 0.250 
 24 24.0624.E1    (0)    1 :  0.737 0.027 0.236 
 25 24.0625.E1    (0)    2 :  0.874 0.086 0.040 
 26 24.0626.E1    (0)    2 :  0.953 0.026 0.021 
 27 24.0627.E1    (0)    2 :  0.446 0.539 0.015 
 28 24.0628.E1    (0)    2 :  0.674 0.247 0.079 
 29 24.0629.E1    (0)    2 :  0.911 0.048 0.042 
 30 24.0630.E1    (0)    2 :  0.916 0.059 0.025 
 31 24.0631.E1    (0)    2 :  0.963 0.018 0.019 
 32 24.0632.E1    (0)    2 :  0.942 0.027 0.032 
 33 24.0633.E1    (0)    2 :  0.692 0.229 0.080 
 34 24.0634.E1    (0)    2 :  0.897 0.037 0.066 
 35 24.0635.E1    (0)    2 :  0.568 0.337 0.094 
 36 24.0636.E1   (33)    2 :  0.909 0.070 0.021 
 37 24.0637.E1    (0)    2 :  0.966 0.020 0.014 
 38 24.0638.E1    (0)    2 :  0.661 0.302 0.037 
 39 24.0639.E1    (0)    2 :  0.934 0.018 0.048 
 40 24.0640.E1    (0)    2 :  0.917 0.024 0.059 
 41 24.0641.E1    (0)    2 :  0.533 0.241 0.225 
 42 24.0642.E1    (0)    2 :  0.809 0.174 0.016 
 43 24.0643.E1    (0)    2 :  0.659 0.317 0.023 
 44 24.0644.E1    (0)    2 :  0.681 0.054 0.265 
 45 24.0645.E1    (0)    2 :  0.813 0.050 0.136 
 46 24.0646.E1    (0)    2 :  0.681 0.055 0.265 
 47 24.0647.E1    (0)    2 :  0.966 0.020 0.014 
 48 24.0648.E1    (0)    2 :  0.966 0.020 0.014 
 49 24.0649.E1    (0)    3 :  0.016 0.868 0.116 
 50 24.0650.E1    (0)    3 :  0.018 0.681 0.301 
 51 24.0651.E1    (0)    3 :  0.353 0.239 0.409 
 52 24.0652.E1    (0)    3 :  0.018 0.896 0.087 
 53 24.0653.E1    (0)    3 :  0.014 0.947 0.039 
 54 24.0654.E1    (0)    3 :  0.020 0.781 0.200 
 55 24.0655.E1    (0)    3 :  0.220 0.290 0.490 
 56 24.0656.E1    (0)    3 :  0.033 0.890 0.077 
 57 24.0657.E1    (0)    3 :  0.030 0.902 0.068 
 58 24.0658.E1    (0)    3 :  0.038 0.803 0.160 
 59 24.0659.E1    (0)    3 :  0.023 0.887 0.090 
 60 24.0660.E1    (6)    3 :  0.063 0.898 0.039 
 61 24.0661.E1    (0)    3 :  0.096 0.526 0.378 
 62 24.0662.E1    (0)    3 :  0.296 0.273 0.431 
 63 24.0663.E1    (0)    3 :  0.018 0.087 0.895 
 64 24.0664.E1    (0)    3 :  0.035 0.846 0.118 
 65 24.0665.E1    (0)    3 :  0.086 0.834 0.080 
 66 24.0666.E1    (0)    3 :  0.016 0.959 0.025 
 67 24.0667.E1    (0)    3 :  0.016 0.965 0.019 
 68 24.0668.E1    (0)    3 :  0.014 0.967 0.019 
 69 24.0669.E1    (0)    3 :  0.016 0.962 0.022 
 70 24.0670.E1    (0)    3 :  0.047 0.344 0.609 
 71 24.0671.E1    (0)    3 :  0.098 0.515 0.387 
 72 24.0672.E1    (0)    3 :  0.023 0.950 0.027 
 73 24.0673.E1    (6)    4 :  0.814 0.103 0.083 
 74 24.0674.E1    (0)    4 :  0.901 0.071 0.029 
 75 24.0675.E1    (0)    4 :  0.234 0.397 0.369 
 76 24.0676.E1    (0)    4 :  0.071 0.262 0.668 
 77 24.0677.E1    (0)    4 :  0.046 0.057 0.896 
 78 24.0678.E1    (0)    4 :  0.687 0.239 0.075 
 79 24.0679.E1    (0)    4 :  0.056 0.881 0.063 
 80 24.0680.E1    (0)    4 :  0.034 0.947 0.019 
 81 24.0681.E1    (0)    4 :  0.068 0.909 0.023 
 82 24.0682.E1    (0)    4 :  0.112 0.860 0.028 
 83 24.0683.E1    (0)    4 :  0.889 0.078 0.033 
 84 24.0684.E1    (0)    4 :  0.923 0.050 0.027 
 85 24.0685.E1    (0)    4 :  0.157 0.817 0.026 
 86 24.0686.E1    (0)    4 :  0.438 0.423 0.139 
 87 24.0687.E1    (0)    4 :  0.745 0.185 0.071 
 88 24.0688.E1    (0)    4 :  0.063 0.919 0.018 
 89 24.0689.E1    (0)    4 :  0.251 0.138 0.611 
 90 24.0690.E1    (0)    4 :  0.083 0.889 0.029 
 91 24.0691.E1    (0)    4 :  0.302 0.617 0.080 
 92 24.0692.E1    (0)    4 :  0.044 0.914 0.042 
 93 24.0693.E1    (0)    4 :  0.341 0.543 0.116 
 94 24.0694.E1    (0)    4 :  0.052 0.930 0.018 
 95 24.0695.E1    (0)    4 :  0.067 0.874 0.058 
 96 24.0696.E1    (0)    4 :  0.217 0.748 0.035 
 97 24.0697.E1    (0)    5 :  0.340 0.566 0.094 
 98 24.0698.E1    (0)    5 :  0.495 0.117 0.388 
 99 24.0699.E1    (0)    5 :  0.148 0.169 0.682 
100 24.0700.E1    (0)    5 :  0.024 0.948 0.028 
101 24.0701.E1    (0)    5 :  0.088 0.839 0.073 
102 24.0702.E1    (0)    5 :  0.088 0.880 0.032 
103 24.0703.E1    (0)    5 :  0.177 0.188 0.635 
104 24.0704.E1    (6)    5 :  0.119 0.147 0.734 
105 24.0705.E1    (0)    5 :  0.058 0.923 0.019 
106 24.0706.E1    (0)    5 :  0.023 0.953 0.024 
107 24.0707.E1    (0)    5 :  0.218 0.753 0.029 
108 24.0708.E1    (0)    5 :  0.516 0.050 0.434 
109 24.0709.E1    (0)    5 :  0.030 0.725 0.245 
110 24.0710.E1    (0)    5 :  0.399 0.176 0.426 
111 24.0711.E1    (0)    5 :  0.323 0.577 0.099 
112 24.0712.E1    (0)    5 :  0.080 0.894 0.026 
113 24.0713.E1    (0)    5 :  0.029 0.899 0.073 
114 24.0714.E1    (0)    5 :  0.111 0.599 0.290 
115 24.0715.E1    (0)    5 :  0.769 0.177 0.054 
116 24.0716.E1    (0)    5 :  0.176 0.464 0.360 
117 24.0717.E1    (0)    5 :  0.317 0.398 0.285 
118 24.0718.E1    (0)    5 :  0.040 0.943 0.016 
119 24.0719.E1    (0)    5 :  0.042 0.914 0.044 
120 24.0720.E1    (0)    5 :  0.030 0.918 0.052 
121 24.0721.E1    (0)    6 :  0.787 0.140 0.074 
122 24.0722.E1    (0)    6 :  0.908 0.053 0.039 
123 24.0723.E1    (0)    6 :  0.777 0.038 0.184 
124 24.0724.E1    (0)    6 :  0.839 0.044 0.117 
125 24.0725.E1    (0)    6 :  0.839 0.111 0.051 
126 24.0726.E1    (6)    6 :  0.737 0.232 0.030 
127 24.0727.E1    (0)    6 :  0.898 0.049 0.052 
128 24.0728.E1    (0)    6 :  0.899 0.043 0.058 
129 24.0729.E1    (0)    6 :  0.717 0.214 0.069 
130 24.0730.E1    (0)    6 :  0.585 0.177 0.237 
131 24.0731.E1    (0)    6 :  0.552 0.421 0.027 
132 24.0732.E1    (0)    6 :  0.944 0.045 0.011 
133 24.0733.E1    (0)    6 :  0.959 0.024 0.017 
134 24.0734.E1    (0)    6 :  0.949 0.031 0.020 
135 24.0735.E1    (0)    6 :  0.930 0.035 0.035 
136 24.0736.E1    (0)    6 :  0.960 0.019 0.021 
137 24.0737.E1    (0)    6 :  0.841 0.092 0.068 
138 24.0738.E1    (0)    6 :  0.897 0.061 0.042 
139 24.0739.E1    (0)    6 :  0.805 0.157 0.038 
140 24.0740.E1    (0)    6 :  0.601 0.296 0.103 
141 24.0741.E1    (0)    6 :  0.935 0.043 0.023 
142 24.0742.E1    (0)    6 :  0.964 0.019 0.017 
143 24.0743.E1    (0)    6 :  0.709 0.145 0.146 
144 24.0744.E1    (0)    6 :  0.378 0.571 0.051 
145 24.0745.E1    (0)    7 :  0.829 0.119 0.052 
146 24.0746.E1    (0)    7 :  0.868 0.082 0.050 
147 24.0747.E1    (0)    7 :  0.720 0.238 0.043 
148 24.0748.E1    (6)    7 :  0.573 0.357 0.070 
149 24.0749.E1    (0)    7 :  0.964 0.019 0.018 
150 24.0750.E1    (0)    7 :  0.650 0.255 0.095 
151 24.0751.E1    (0)    7 :  0.967 0.017 0.016 
152 24.0752.E1    (0)    7 :  0.970 0.015 0.015 
153 24.0753.E1    (0)    7 :  0.966 0.019 0.015 
154 24.0754.E1    (0)    7 :  0.953 0.027 0.020 
155 24.0755.E1    (0)    7 :  0.819 0.104 0.077 
156 24.0756.E1    (0)    7 :  0.950 0.017 0.032 
157 24.0757.E1    (0)    7 :  0.971 0.017 0.012 
158 24.0758.E1    (0)    7 :  0.970 0.017 0.013 
159 24.0759.E1    (0)    7 :  0.953 0.028 0.019 
160 24.0760.E1    (0)    7 :  0.944 0.036 0.020 
161 24.0761.E1    (0)    7 :  0.971 0.015 0.014 
162 24.0762.E1    (0)    7 :  0.162 0.767 0.071 
163 24.0763.E1    (0)    7 :  0.963 0.019 0.018 
164 24.0764.E1    (0)    7 :  0.972 0.016 0.013 
165 24.0765.E1    (0)    7 :  0.962 0.017 0.020 
166 24.0766.E1    (0)    7 :  0.966 0.017 0.016 
167 24.0767.E1    (0)    7 :  0.969 0.016 0.014 
168 24.0768.E1    (0)    7 :  0.689 0.191 0.120 
169 24.0779.E1    (0)    8 :  0.189 0.715 0.095 
170 24.0780.E1    (6)    8 :  0.017 0.682 0.301 
171 24.0781.E1    (0)    8 :  0.018 0.949 0.033 
172 24.0782.E1    (0)    8 :  0.652 0.240 0.108 
173 24.0783.E1    (0)    8 :  0.019 0.849 0.131 
174 24.0784.E1    (0)    8 :  0.027 0.793 0.180 
175 24.0785.E1    (0)    8 :  0.018 0.544 0.439 
176 24.0786.E1    (0)    8 :  0.042 0.836 0.122 
177 24.0787.E1    (0)    8 :  0.083 0.879 0.038 
178 24.0788.E1    (0)    8 :  0.029 0.897 0.074 
179 24.0789.E1    (0)    8 :  0.208 0.309 0.483 
180 24.0790.E1    (0)    8 :  0.014 0.935 0.052 
181 24.0791.E1    (0)    8 :  0.019 0.959 0.022 
182 24.0792.E1    (0)    8 :  0.027 0.927 0.046 
183 24.0793.E1    (0)    9 :  0.030 0.020 0.950 
184 24.0794.E1    (0)    9 :  0.117 0.276 0.607 
185 24.0795.E1    (0)    9 :  0.495 0.038 0.467 
186 24.0796.E1    (0)    9 :  0.019 0.137 0.845 
187 24.0797.E1    (0)    9 :  0.017 0.032 0.951 
188 24.0798.E1    (0)    9 :  0.080 0.461 0.459 
189 24.0799.E1    (0)    9 :  0.027 0.033 0.940 
190 24.0800.E1    (0)    9 :  0.024 0.058 0.918 
191 24.0801.E1    (0)    9 :  0.019 0.554 0.427 
192 24.0802.E1    (0)    9 :  0.033 0.038 0.929 
193 24.0803.E1    (0)    9 :  0.036 0.036 0.928 
194 24.0804.E1    (0)    9 :  0.018 0.015 0.967 
195 24.0805.E1    (0)    9 :  0.033 0.440 0.527 
196 24.0806.E1    (0)    9 :  0.107 0.024 0.869 
197 24.0807.E1    (0)    9 :  0.020 0.034 0.946 
198 24.0808.E1    (0)    9 :  0.037 0.441 0.523 
199 24.0809.E1    (0)    9 :  0.053 0.218 0.728 
200 24.0810.E1    (0)    9 :  0.054 0.056 0.890 
201 24.0811.E1    (0)    9 :  0.031 0.025 0.944 
202 24.0812.E1    (0)    9 :  0.027 0.058 0.914 
203 24.0813.E1    (0)    9 :  0.041 0.207 0.752 
204 24.0814.E1    (6)    9 :  0.017 0.030 0.953 
205 24.0815.E1    (0)    9 :  0.042 0.120 0.839 
206 24.0816.E1    (0)    9 :  0.025 0.025 0.950 
207 24.0817.E1    (0)   10 :  0.018 0.025 0.957 
208 24.0818.E1    (0)   10 :  0.071 0.040 0.889 
209 24.0819.E1    (0)   10 :  0.117 0.166 0.716 
210 24.0820.E1    (0)   10 :  0.147 0.030 0.823 
211 24.0821.E1    (0)   10 :  0.023 0.623 0.355 
212 24.0822.E1    (0)   10 :  0.027 0.036 0.937 
213 24.0823.E1    (0)   10 :  0.052 0.033 0.915 
214 24.0824.E1    (0)   10 :  0.038 0.542 0.420 
215 24.0825.E1    (0)   10 :  0.021 0.030 0.949 
216 24.0826.E1    (0)   10 :  0.072 0.038 0.890 
217 24.0827.E1    (0)   10 :  0.029 0.035 0.936 
218 24.0828.E1    (0)   10 :  0.039 0.061 0.900 
219 24.0829.E1    (0)   10 :  0.021 0.023 0.955 
220 24.0830.E1    (0)   10 :  0.013 0.125 0.861 
221 24.0831.E1    (0)   10 :  0.013 0.263 0.724 
222 24.0832.E1    (0)   10 :  0.014 0.022 0.964 
223 24.0833.E1    (0)   10 :  0.015 0.026 0.959 
224 24.0834.E1    (0)   10 :  0.021 0.031 0.948 
225 24.0835.E1    (0)   10 :  0.016 0.026 0.958 
226 24.0836.E1    (0)   10 :  0.025 0.054 0.920 
227 24.0837.E1    (0)   10 :  0.018 0.046 0.936 
228 24.0838.E1    (0)   10 :  0.028 0.055 0.917 
229 24.0839.E1    (0)   10 :  0.127 0.065 0.808 
230 24.0840.E1    (0)   10 :  0.030 0.019 0.951 
231 24.0841.E1    (0)   11 :  0.037 0.022 0.940 
232 24.0842.E1    (0)   11 :  0.021 0.116 0.863 
233 24.0843.E1    (0)   11 :  0.022 0.184 0.794 
234 24.0844.E1    (0)   11 :  0.021 0.335 0.644 
235 24.0845.E1    (0)   11 :  0.016 0.083 0.901 
236 24.0846.E1    (0)   11 :  0.020 0.033 0.947 
237 24.0847.E1    (0)   11 :  0.056 0.071 0.873 
238 24.0848.E1    (0)   11 :  0.013 0.046 0.941 
239 24.0849.E1    (0)   11 :  0.021 0.019 0.960 
240 24.0850.E1    (0)   11 :  0.021 0.019 0.960 
241 24.0851.E1    (0)   11 :  0.020 0.019 0.960 
242 24.0852.E1    (0)   11 :  0.033 0.069 0.898 
243 24.0853.E1    (0)   11 :  0.020 0.021 0.959 
244 24.0854.E1    (0)   11 :  0.019 0.826 0.155 
245 24.0855.E1    (0)   11 :  0.018 0.019 0.963 
246 24.0856.E1    (0)   11 :  0.612 0.096 0.292 
247 24.0857.E1    (0)   11 :  0.028 0.031 0.941 
248 24.0858.E1    (0)   11 :  0.027 0.042 0.931 
249 24.0859.E1    (0)   11 :  0.055 0.024 0.921 
250 24.0860.E1    (0)   11 :  0.076 0.024 0.899 
251 24.0861.E1    (0)   11 :  0.021 0.020 0.959 
252 24.0862.E1    (0)   11 :  0.120 0.033 0.846 
253 24.0863.E1    (0)   11 :  0.022 0.019 0.959 
254 24.0864.E1    (0)   11 :  0.039 0.869 0.092 
255 24.0865.E1    (0)   12 :  0.339 0.384 0.277 
256 24.0866.E1    (0)   12 :  0.077 0.153 0.770 
257 24.0867.E1    (0)   12 :  0.303 0.354 0.343 
258 24.0868.E1    (0)   12 :  0.046 0.878 0.076 
259 24.0869.E1    (0)   12 :  0.040 0.801 0.160 
260 24.0870.E1    (0)   12 :  0.220 0.717 0.064 
261 24.0871.E1    (0)   12 :  0.082 0.797 0.121 
262 24.0872.E1    (0)   12 :  0.095 0.800 0.105 
263 24.0873.E1    (0)   12 :  0.042 0.860 0.098 
264 24.0874.E1    (0)   12 :  0.139 0.241 0.620 
265 24.0875.E1    (0)   12 :  0.025 0.943 0.032 
266 24.0876.E1    (0)   12 :  0.080 0.904 0.016 
267 24.0877.E1    (0)   12 :  0.908 0.049 0.043 
268 24.0878.E1    (0)   12 :  0.350 0.501 0.149 
269 24.0879.E1    (0)   12 :  0.413 0.570 0.018 
270 24.0880.E1    (0)   12 :  0.036 0.708 0.255 
271 24.0881.E1    (0)   12 :  0.935 0.024 0.041 
272 24.0882.E1    (0)   12 :  0.959 0.023 0.018 
273 24.0883.E1    (0)   12 :  0.388 0.589 0.024 
274 24.0884.E1    (0)   12 :  0.805 0.150 0.045 
275 24.0885.E1    (0)   12 :  0.080 0.898 0.022 
276 24.0886.E1    (0)   12 :  0.286 0.678 0.036 
277 24.0887.E1    (0)   12 :  0.783 0.202 0.015 
278 24.0888.E1    (0)   12 :  0.019 0.951 0.031 


Estimated Allele Frequencies in each cluster
First column gives estimated ancestral frequencies


Locus 1 : 
31 alleles
0.0% missing data
 115   (0.047) 0.064 0.052 0.012 
 117   (0.044) 0.158 0.028 0.011 
 119   (0.028) 0.284 0.009 0.003 
 131   (0.022) 0.017 0.010 0.003 
 128   (0.033) 0.005 0.041 0.023 
 135   (0.022) 0.017 0.008 0.009 
 126   (0.070) 0.047 0.067 0.146 
 122   (0.034) 0.027 0.012 0.051 
 132   (0.030) 0.005 0.023 0.025 
 141   (0.012) 0.004 0.002 0.002 
 130   (0.048) 0.014 0.087 0.018 
 134   (0.040) 0.030 0.024 0.037 
 145   (0.027) 0.011 0.027 0.003 
 127   (0.019) 0.075 0.005 0.001 
 116   (0.109) 0.062 0.194 0.168 
 114   (0.045) 0.018 0.028 0.145 
 120   (0.039) 0.028 0.054 0.005 
 110   (0.047) 0.031 0.036 0.039 
 133   (0.015) 0.009 0.003 0.001 
 118   (0.096) 0.019 0.214 0.248 
 125   (0.015) 0.002 0.004 0.009 
 129   (0.023) 0.021 0.012 0.002 
 124   (0.018) 0.004 0.014 0.001 
 136   (0.025) 0.002 0.020 0.025 
 121   (0.015) 0.024 0.003 0.001 
 139   (0.012) 0.004 0.003 0.001 
 113   (0.012) 0.005 0.002 0.001 
 111   (0.012) 0.005 0.002 0.001 
 143   (0.012) 0.005 0.002 0.001 
 140   (0.016) 0.001 0.009 0.004 
 112   (0.012) 0.001 0.002 0.005 

Locus 2 : 
18 alleles
0.0% missing data
 152   (0.359) 0.601 0.384 0.394 
 148   (0.065) 0.140 0.069 0.006 
 154   (0.110) 0.103 0.097 0.127 
 156   (0.017) 0.005 0.004 0.005 
 150   (0.019) 0.032 0.004 0.001 
 164   (0.072) 0.047 0.056 0.081 
 158   (0.039) 0.018 0.034 0.007 
 160   (0.021) 0.008 0.011 0.002 
 166   (0.021) 0.003 0.010 0.013 
 151   (0.085) 0.006 0.157 0.227 
 147   (0.064) 0.005 0.101 0.114 
 168   (0.022) 0.002 0.020 0.004 
 153   (0.018) 0.002 0.010 0.003 
 149   (0.022) 0.004 0.020 0.001 
 162   (0.019) 0.002 0.007 0.012 
 167   (0.015) 0.010 0.003 0.001 
 146   (0.015) 0.010 0.003 0.001 
 172   (0.016) 0.001 0.012 0.001 

Locus 3 : 
4 alleles
0.0% missing data
 128   (0.299) 0.310 0.286 0.320 
 126   (0.603) 0.650 0.643 0.604 
 132   (0.080) 0.036 0.061 0.074 
 134   (0.018) 0.003 0.010 0.001 

Locus 4 : 
3 alleles
0.0% missing data
 170   (0.296) 0.321 0.257 0.340 
 172   (0.689) 0.675 0.739 0.659 
 171   (0.015) 0.004 0.004 0.001 

Locus 5 : 
37 alleles
0.0% missing data
 125   (0.048) 0.061 0.046 0.058 
 110   (0.030) 0.015 0.018 0.060 
 129   (0.037) 0.014 0.039 0.053 
 113   (0.036) 0.009 0.046 0.049 
 145   (0.055) 0.128 0.095 0.011 
 155   (0.044) 0.103 0.027 0.062 
 117   (0.032) 0.035 0.040 0.005 
 124   (0.013) 0.008 0.003 0.003 
 133   (0.035) 0.038 0.047 0.006 
 157   (0.050) 0.023 0.083 0.055 
 141   (0.017) 0.002 0.020 0.002 
 112   (0.054) 0.136 0.037 0.122 
 121   (0.018) 0.004 0.007 0.030 
 114   (0.044) 0.094 0.032 0.041 
 153   (0.050) 0.017 0.092 0.094 
 127   (0.062) 0.073 0.093 0.097 
 131   (0.054) 0.129 0.050 0.060 
 135   (0.030) 0.004 0.034 0.040 
 104   (0.012) 0.003 0.004 0.001 
 118   (0.018) 0.007 0.017 0.001 
 116   (0.028) 0.011 0.022 0.019 
 137   (0.027) 0.032 0.011 0.018 
 123   (0.018) 0.004 0.006 0.047 
 149   (0.011) 0.001 0.006 0.001 
 138   (0.015) 0.001 0.026 0.001 
 143   (0.026) 0.024 0.009 0.033 
 163   (0.011) 0.004 0.003 0.001 
 109   (0.013) 0.001 0.011 0.001 
 139   (0.012) 0.001 0.006 0.001 
 106   (0.011) 0.001 0.006 0.001 
 144   (0.016) 0.001 0.019 0.003 
 122   (0.012) 0.009 0.003 0.001 
 100   (0.017) 0.001 0.012 0.017 
 111   (0.013) 0.001 0.016 0.001 
 233   (0.010) 0.001 0.005 0.002 
 134   (0.010) 0.001 0.003 0.004 
 140   (0.011) 0.001 0.006 0.001 

Locus 6 : 
17 alleles
0.0% missing data
 221   (0.020) 0.085 0.004 0.002 
 232   (0.234) 0.274 0.281 0.382 
 229   (0.047) 0.069 0.021 0.045 
 223   (0.056) 0.031 0.042 0.071 
 230   (0.150) 0.202 0.186 0.115 
 235   (0.019) 0.027 0.004 0.003 
 236   (0.037) 0.042 0.032 0.003 
 227   (0.024) 0.026 0.011 0.002 
 220   (0.060) 0.037 0.044 0.075 
 222   (0.059) 0.052 0.039 0.059 
 234   (0.126) 0.108 0.169 0.108 
 224   (0.036) 0.003 0.035 0.031 
 228   (0.055) 0.006 0.086 0.067 
 225   (0.013) 0.003 0.002 0.003 
 226   (0.016) 0.002 0.003 0.031 
 233   (0.029) 0.028 0.021 0.002 
 231   (0.019) 0.003 0.020 0.001 

Locus 7 : 
10 alleles
0.0% missing data
 121   (0.676) 0.804 0.790 0.770 
 129   (0.082) 0.067 0.052 0.108 
 130   (0.017) 0.003 0.003 0.009 
 123   (0.098) 0.078 0.079 0.097 
 128   (0.019) 0.018 0.005 0.001 
 131   (0.017) 0.007 0.005 0.002 
 117   (0.014) 0.001 0.007 0.001 
 125   (0.016) 0.001 0.012 0.001 
 134   (0.043) 0.014 0.042 0.009 
 132   (0.017) 0.007 0.006 0.001 

Locus 8 : 
19 alleles
0.0% missing data
 184   (0.290) 0.441 0.403 0.374 
 194   (0.045) 0.036 0.045 0.008 
 178   (0.086) 0.125 0.058 0.179 
 176   (0.086) 0.096 0.102 0.042 
 182   (0.075) 0.090 0.055 0.097 
 190   (0.027) 0.033 0.005 0.018 
 196   (0.024) 0.002 0.013 0.028 
 200   (0.030) 0.019 0.017 0.006 
 180   (0.030) 0.024 0.020 0.003 
 188   (0.044) 0.011 0.048 0.021 
 174   (0.038) 0.027 0.047 0.003 
 186   (0.113) 0.078 0.143 0.173 
 192   (0.028) 0.010 0.009 0.029 
 201   (0.013) 0.003 0.004 0.001 
 199   (0.020) 0.002 0.010 0.009 
 185   (0.013) 0.001 0.007 0.001 
 203   (0.012) 0.001 0.006 0.002 
 198   (0.012) 0.001 0.005 0.002 
 209   (0.013) 0.001 0.004 0.003 

Locus 9 : 
6 alleles
0.4% missing data
 154   (0.679) 0.718 0.736 0.776 
 156   (0.207) 0.233 0.213 0.137 
 152   (0.052) 0.022 0.026 0.072 
 153   (0.017) 0.003 0.006 0.005 
 160   (0.017) 0.002 0.006 0.008 
 164   (0.028) 0.022 0.012 0.002 

Locus 10 : 
29 alleles
0.7% missing data
 305   (0.051) 0.128 0.028 0.034 
 313   (0.051) 0.054 0.036 0.027 
 311   (0.017) 0.005 0.007 0.002 
 299   (0.055) 0.136 0.019 0.216 
 315   (0.061) 0.090 0.074 0.012 
 287   (0.052) 0.009 0.151 0.015 
 291   (0.096) 0.038 0.141 0.261 
 295   (0.039) 0.025 0.067 0.004 
 289   (0.020) 0.003 0.006 0.044 
 303   (0.090) 0.195 0.065 0.111 
 297   (0.032) 0.073 0.006 0.050 
 293   (0.025) 0.004 0.041 0.005 
 301   (0.048) 0.060 0.062 0.005 
 285   (0.035) 0.053 0.008 0.071 
 307   (0.053) 0.093 0.030 0.040 
 312   (0.053) 0.011 0.081 0.039 
 306   (0.022) 0.002 0.039 0.003 
 320   (0.015) 0.001 0.011 0.001 
 317   (0.025) 0.005 0.031 0.004 
 314   (0.022) 0.005 0.023 0.001 
 323   (0.013) 0.001 0.007 0.001 
 325   (0.013) 0.001 0.007 0.001 
 310   (0.020) 0.001 0.015 0.009 
 309   (0.015) 0.001 0.011 0.001 
 316   (0.019) 0.001 0.014 0.004 
 296   (0.013) 0.001 0.006 0.001 
 304   (0.014) 0.001 0.002 0.022 
 321   (0.014) 0.001 0.005 0.008 
 332   (0.015) 0.001 0.006 0.007 

Locus 11 : 
19 alleles
0.0% missing data
 114   (0.140) 0.256 0.165 0.022 
 126   (0.018) 0.029 0.003 0.001 
 111   (0.050) 0.016 0.017 0.563 
 116   (0.103) 0.165 0.083 0.034 
 132   (0.015) 0.005 0.003 0.001 
 109   (0.022) 0.014 0.005 0.007 
 128   (0.020) 0.002 0.009 0.004 
 112   (0.340) 0.468 0.514 0.070 
 122   (0.019) 0.004 0.009 0.002 
 124   (0.015) 0.005 0.003 0.001 
 118   (0.053) 0.018 0.039 0.036 
 127   (0.014) 0.001 0.007 0.001 
 113   (0.054) 0.004 0.046 0.207 
 115   (0.033) 0.004 0.049 0.004 
 120   (0.028) 0.002 0.013 0.023 
 117   (0.022) 0.003 0.007 0.011 
 125   (0.020) 0.001 0.017 0.002 
 119   (0.017) 0.001 0.004 0.010 
 136   (0.014) 0.002 0.006 0.001 

Locus 12 : 
28 alleles
0.7% missing data
 306   (0.051) 0.119 0.019 0.056 
 314   (0.053) 0.051 0.027 0.057 
 312   (0.015) 0.010 0.003 0.001 
 300   (0.060) 0.143 0.021 0.213 
 316   (0.026) 0.082 0.005 0.008 
 288   (0.056) 0.010 0.146 0.015 
 292   (0.109) 0.040 0.144 0.263 
 296   (0.043) 0.025 0.073 0.004 
 290   (0.021) 0.003 0.006 0.043 
 304   (0.095) 0.197 0.066 0.110 
 298   (0.035) 0.074 0.007 0.050 
 294   (0.027) 0.004 0.041 0.005 
 302   (0.051) 0.061 0.063 0.006 
 286   (0.037) 0.053 0.009 0.076 
 308   (0.025) 0.089 0.009 0.002 
 313   (0.040) 0.011 0.091 0.004 
 307   (0.045) 0.006 0.057 0.043 
 321   (0.015) 0.001 0.011 0.001 
 315   (0.038) 0.008 0.093 0.003 
 318   (0.025) 0.002 0.026 0.008 
 324   (0.012) 0.001 0.006 0.001 
 326   (0.014) 0.001 0.007 0.001 
 311   (0.026) 0.002 0.026 0.013 
 310   (0.015) 0.001 0.011 0.001 
 305   (0.019) 0.003 0.013 0.004 
 317   (0.015) 0.001 0.012 0.001 
 320   (0.013) 0.001 0.005 0.003 
 322   (0.016) 0.001 0.005 0.008 

Locus 13 : 
7 alleles
1.1% missing data
 161   (0.575) 0.619 0.612 0.464 
 163   (0.286) 0.105 0.346 0.474 
 160   (0.029) 0.108 0.009 0.002 
 162   (0.025) 0.111 0.005 0.002 
 165   (0.051) 0.028 0.022 0.056 
 166   (0.015) 0.004 0.004 0.001 
 164   (0.019) 0.025 0.003 0.001 

Locus 14 : 
4 alleles
0.4% missing data
  98   (0.953) 0.988 0.982 0.997 
 100   (0.015) 0.001 0.007 0.001 
  96   (0.017) 0.010 0.004 0.001 
 105   (0.015) 0.001 0.007 0.001 

Locus 15 : 
12 alleles
2.2% missing data
 171   (0.290) 0.283 0.336 0.317 
 177   (0.183) 0.168 0.222 0.128 
 173   (0.253) 0.161 0.290 0.466 
 179   (0.093) 0.306 0.050 0.055 
 183   (0.021) 0.014 0.005 0.007 
 181   (0.049) 0.043 0.028 0.017 
 197   (0.028) 0.012 0.017 0.002 
 170   (0.016) 0.001 0.012 0.001 
 189   (0.017) 0.007 0.006 0.001 
 203   (0.018) 0.001 0.017 0.001 
 187   (0.017) 0.001 0.012 0.002 
 198   (0.014) 0.001 0.005 0.003 

Values of parameters used in structure:
DATAFILE=STRUCTURE_main_final_278_HEG_ZG.str,	OUTFILE=STRUCTURE_main_final_278_HEG_ZG-K3-8,	NUMINDS=278,	NUMLOCI=15,	MISSING=-9,	LABEL=1,	POPDATA=1,	POPFLAG=0,	PHENOTYPE=0,	EXTRACOLS=0,	MAXPOPS=3,	BURNIN=100000,	NUMREPS=500000,	USEPOPINFO=0,	INFERALPHA=1,	INFERLAMBDA=0,	POPSPECIFICLAMBDA=0,	POPALPHAS=0,	COMPUTEPROB=1,	NOADMIX=0,	ADMBURNIN=2500,	UPDATEFREQ=1,	PRINTLIKES=0,	INTERMEDSAVE=0,	PRINTKLD=0,	PRINTNET=0,	PRINTLAMBDA=0,	ANCESTDIST=0,	NUMBOXES=1000,	ANCESTPINT=0.90000,	GENSBACK=2,	MIGRPRIOR=0.05000,	PRINTQHAT=0,	PRINTQSUM=0,	ALPHA=1.0000,	FREQSCORR=1,	FPRIORMEAN=0.0100,	FPRIORSD=0.0500,	ONEFST=0,	LAMBDA=1.0000,	UNIFPRIORALPHA=1,	ALPHAMAX=10.0000,	ALPHAPRIORA=1.0000,	ALPHAPRIORB=2.0000,	ALPHAPROPSD=0.0250,	STARTATPOPINFO=0,	RANDOMIZE=1,	LINKAGE=0,	METROFREQ=10,	REPORTHITRATE=0,	MARKOVPHASE=-1,	PHASED=0,	PLOIDY=2,	PHASEINFO=0	LOCPRIOR=0, 	LOCPRIORINIT=1.000000, 	LOCDATA=0, 	LOCISPOP=0, 	LOCPRIORSTEP=0.100000, 	MAXLOCPRIOR=20.000000, 	SEED=1782479790,	
[STRAT parameters]:    NUMSIMSTATS=1000,	PHENOTYPECOL=-9,	POOLFREQ=10,	LOCUSxONLY=0,	EMERROR=0.00100,	MISSINGPHENO=-9,	