

----------------------------------------------------
STRUCTURE by Pritchard, Stephens and Donnelly (2000)
     and Falush, Stephens and Pritchard (2003)
       Code by Pritchard, Falush and Hubisz
             Version 2.3.4 (Jul 2012)
----------------------------------------------------



Command line arguments:   structure -K 6 -i STRUCTURE_main_final_278_HEG_ZG.str -o STRUCTURE_main_final_278_HEG_ZG-K6-7 
Input File:    STRUCTURE_main_final_278_HEG_ZG.str

Run parameters:
   278 individuals
   15 loci
   6 populations assumed
   100000 Burn-in period
   500000 Reps


--------------------------------------------
Proportion of membership of each pre-defined
 population in each of the 6 clusters

Given    Inferred Clusters                            Number of
 Pop       1      2      3      4      5      6      Individuals

  1:     0.666  0.042  0.113  0.071  0.023  0.085       24
  2:     0.048  0.074  0.057  0.042  0.683  0.097       24
  3:     0.045  0.487  0.096  0.308  0.039  0.026       24
  4:     0.282  0.225  0.232  0.042  0.062  0.156       24
  5:     0.061  0.608  0.138  0.052  0.056  0.085       24
  6:     0.522  0.073  0.042  0.044  0.048  0.271       24
  7:     0.096  0.048  0.046  0.015  0.034  0.762       24
  8:     0.093  0.557  0.186  0.100  0.036  0.028       14
  9:     0.057  0.077  0.345  0.333  0.173  0.015       24
 10:     0.020  0.075  0.416  0.444  0.014  0.030       24
 11:     0.044  0.106  0.266  0.529  0.035  0.019       24
 12:     0.327  0.162  0.281  0.048  0.027  0.156       24
--------------------------------------------

Allele-freq. divergence among pops (Net nucleotide distance),
computed using point estimates of P.

      1       2       3       4       5       6      
 1      -    0.0308  0.0481  0.0562  0.0643  0.0547  
 2   0.0308     -    0.0502  0.0439  0.0620  0.0669  
 3   0.0481  0.0502     -    0.0580  0.0973  0.0952  
 4   0.0562  0.0439  0.0580     -    0.0981  0.0893  
 5   0.0643  0.0620  0.0973  0.0981     -    0.0966  
 6   0.0547  0.0669  0.0952  0.0893  0.0966     -    

Average distances (expected heterozygosity) between individuals in same cluster:
cluster  1  : 0.6263 
cluster  2  : 0.6480 
cluster  3  : 0.5943 
cluster  4  : 0.6137 
cluster  5  : 0.6130 
cluster  6  : 0.5600 

--------------------------------------------
Estimated Ln Prob of Data   = -12752.6
Mean value of ln likelihood = -12220.5
Variance of ln likelihood   = 1064.1
Mean value of alpha         = 0.0863

Mean value of Fst_1         = 0.0759
Mean value of Fst_2         = 0.0535
Mean value of Fst_3         = 0.1135
Mean value of Fst_4         = 0.1207
Mean value of Fst_5         = 0.1911
Mean value of Fst_6         = 0.1775


Inferred ancestry of individuals:
        Label (%Miss) Pop:  Inferred clusters
  1 24.0601.E1    (0)    1 :  0.900 0.015 0.011 0.017 0.034 0.023 
  2 24.0602.E1    (0)    1 :  0.902 0.024 0.012 0.039 0.008 0.015 
  3 24.0603.E1    (0)    1 :  0.836 0.050 0.013 0.017 0.011 0.072 
  4 24.0604.E1    (0)    1 :  0.790 0.077 0.098 0.014 0.011 0.010 
  5 24.0605.E1    (0)    1 :  0.862 0.016 0.018 0.029 0.022 0.054 
  6 24.0606.E1    (0)    1 :  0.882 0.017 0.026 0.018 0.024 0.033 
  7 24.0607.E1    (0)    1 :  0.149 0.155 0.022 0.254 0.018 0.402 
  8 24.0608.E1    (0)    1 :  0.637 0.015 0.034 0.162 0.007 0.146 
  9 24.0609.E1    (0)    1 :  0.245 0.043 0.651 0.040 0.008 0.013 
 10 24.0610.E1    (0)    1 :  0.413 0.018 0.529 0.020 0.008 0.012 
 11 24.0611.E1    (0)    1 :  0.819 0.013 0.114 0.017 0.025 0.012 
 12 24.0612.E1    (0)    1 :  0.899 0.031 0.011 0.010 0.026 0.023 
 13 24.0613.E1    (0)    1 :  0.865 0.010 0.095 0.009 0.011 0.009 
 14 24.0614.E1    (0)    1 :  0.257 0.014 0.033 0.354 0.016 0.325 
 15 24.0615.E1    (0)    1 :  0.615 0.030 0.057 0.192 0.022 0.083 
 16 24.0616.E1    (0)    1 :  0.925 0.013 0.018 0.016 0.018 0.010 
 17 24.0617.E1    (0)    1 :  0.275 0.016 0.618 0.028 0.037 0.026 
 18 24.0618.E1    (0)    1 :  0.778 0.033 0.106 0.052 0.021 0.009 
 19 24.0619.E1    (0)    1 :  0.743 0.154 0.018 0.052 0.023 0.009 
 20 24.0620.E1   (20)    1 :  0.125 0.036 0.102 0.029 0.022 0.686 
 21 24.0621.E1    (0)    1 :  0.503 0.178 0.034 0.263 0.011 0.011 
 22 24.0622.E1    (0)    1 :  0.918 0.016 0.017 0.012 0.022 0.016 
 23 24.0623.E1    (0)    1 :  0.702 0.027 0.062 0.052 0.133 0.024 
 24 24.0624.E1    (0)    1 :  0.937 0.011 0.015 0.013 0.012 0.013 
 25 24.0625.E1    (0)    2 :  0.021 0.034 0.022 0.138 0.623 0.163 
 26 24.0626.E1    (0)    2 :  0.007 0.007 0.006 0.082 0.787 0.110 
 27 24.0627.E1    (0)    2 :  0.018 0.474 0.013 0.012 0.443 0.041 
 28 24.0628.E1    (0)    2 :  0.027 0.017 0.358 0.028 0.270 0.299 
 29 24.0629.E1    (0)    2 :  0.111 0.040 0.014 0.020 0.801 0.012 
 30 24.0630.E1    (0)    2 :  0.012 0.011 0.009 0.032 0.751 0.185 
 31 24.0631.E1    (0)    2 :  0.011 0.008 0.005 0.006 0.962 0.009 
 32 24.0632.E1    (0)    2 :  0.017 0.028 0.013 0.011 0.841 0.089 
 33 24.0633.E1    (0)    2 :  0.028 0.074 0.020 0.234 0.465 0.180 
 34 24.0634.E1    (0)    2 :  0.015 0.015 0.016 0.017 0.925 0.011 
 35 24.0635.E1    (0)    2 :  0.038 0.240 0.046 0.055 0.565 0.056 
 36 24.0636.E1   (33)    2 :  0.050 0.031 0.022 0.012 0.050 0.834 
 37 24.0637.E1    (0)    2 :  0.008 0.008 0.007 0.005 0.960 0.012 
 38 24.0638.E1    (0)    2 :  0.016 0.120 0.014 0.011 0.829 0.010 
 39 24.0639.E1    (0)    2 :  0.075 0.048 0.033 0.054 0.754 0.036 
 40 24.0640.E1    (0)    2 :  0.014 0.011 0.010 0.008 0.944 0.013 
 41 24.0641.E1    (0)    2 :  0.242 0.182 0.009 0.202 0.338 0.028 
 42 24.0642.E1    (0)    2 :  0.357 0.031 0.011 0.008 0.538 0.055 
 43 24.0643.E1    (0)    2 :  0.019 0.343 0.012 0.018 0.501 0.107 
 44 24.0644.E1    (0)    2 :  0.019 0.009 0.201 0.015 0.746 0.010 
 45 24.0645.E1    (0)    2 :  0.020 0.008 0.316 0.006 0.626 0.023 
 46 24.0646.E1    (0)    2 :  0.019 0.009 0.201 0.015 0.745 0.011 
 47 24.0647.E1    (0)    2 :  0.008 0.008 0.007 0.005 0.961 0.012 
 48 24.0648.E1    (0)    2 :  0.008 0.008 0.007 0.005 0.961 0.011 
 49 24.0649.E1    (0)    3 :  0.017 0.789 0.121 0.052 0.015 0.007 
 50 24.0650.E1    (0)    3 :  0.359 0.033 0.118 0.475 0.008 0.007 
 51 24.0651.E1    (0)    3 :  0.014 0.335 0.077 0.158 0.382 0.035 
 52 24.0652.E1    (0)    3 :  0.056 0.085 0.013 0.827 0.008 0.010 
 53 24.0653.E1    (0)    3 :  0.009 0.934 0.020 0.021 0.008 0.009 
 54 24.0654.E1    (0)    3 :  0.015 0.127 0.027 0.801 0.021 0.009 
 55 24.0655.E1    (0)    3 :  0.082 0.296 0.046 0.461 0.095 0.020 
 56 24.0656.E1    (0)    3 :  0.025 0.048 0.031 0.831 0.014 0.052 
 57 24.0657.E1    (0)    3 :  0.025 0.056 0.033 0.821 0.014 0.051 
 58 24.0658.E1    (0)    3 :  0.027 0.462 0.467 0.019 0.013 0.011 
 59 24.0659.E1    (0)    3 :  0.048 0.649 0.019 0.253 0.025 0.007 
 60 24.0660.E1    (6)    3 :  0.054 0.853 0.026 0.029 0.028 0.011 
 61 24.0661.E1    (0)    3 :  0.015 0.023 0.013 0.905 0.009 0.036 
 62 24.0662.E1    (0)    3 :  0.148 0.292 0.055 0.309 0.173 0.023 
 63 24.0663.E1    (0)    3 :  0.008 0.016 0.924 0.035 0.011 0.006 
 64 24.0664.E1    (0)    3 :  0.016 0.358 0.048 0.522 0.017 0.040 
 65 24.0665.E1    (0)    3 :  0.014 0.384 0.024 0.356 0.012 0.211 
 66 24.0666.E1    (0)    3 :  0.015 0.936 0.015 0.017 0.010 0.008 
 67 24.0667.E1    (0)    3 :  0.013 0.946 0.009 0.014 0.010 0.007 
 68 24.0668.E1    (0)    3 :  0.008 0.954 0.010 0.010 0.010 0.007 
 69 24.0669.E1    (0)    3 :  0.009 0.949 0.014 0.010 0.010 0.009 
 70 24.0670.E1    (0)    3 :  0.016 0.822 0.014 0.131 0.008 0.010 
 71 24.0671.E1    (0)    3 :  0.024 0.460 0.134 0.318 0.038 0.027 
 72 24.0672.E1    (0)    3 :  0.054 0.873 0.038 0.016 0.010 0.009 
 73 24.0673.E1    (6)    4 :  0.188 0.030 0.025 0.230 0.031 0.496 
 74 24.0674.E1    (0)    4 :  0.296 0.021 0.065 0.020 0.036 0.562 
 75 24.0675.E1    (0)    4 :  0.085 0.032 0.646 0.058 0.058 0.122 
 76 24.0676.E1    (0)    4 :  0.016 0.019 0.914 0.015 0.012 0.024 
 77 24.0677.E1    (0)    4 :  0.078 0.610 0.051 0.232 0.008 0.022 
 78 24.0678.E1    (0)    4 :  0.362 0.438 0.018 0.048 0.111 0.023 
 79 24.0679.E1    (0)    4 :  0.194 0.676 0.037 0.046 0.018 0.029 
 80 24.0680.E1    (0)    4 :  0.058 0.869 0.016 0.017 0.022 0.018 
 81 24.0681.E1    (0)    4 :  0.591 0.248 0.044 0.031 0.027 0.058 
 82 24.0682.E1    (0)    4 :  0.246 0.021 0.565 0.006 0.021 0.141 
 83 24.0683.E1    (0)    4 :  0.250 0.021 0.023 0.024 0.009 0.673 
 84 24.0684.E1    (0)    4 :  0.407 0.055 0.063 0.015 0.058 0.402 
 85 24.0685.E1    (0)    4 :  0.622 0.179 0.085 0.011 0.024 0.080 
 86 24.0686.E1    (0)    4 :  0.125 0.492 0.027 0.021 0.314 0.021 
 87 24.0687.E1    (0)    4 :  0.104 0.186 0.083 0.032 0.549 0.046 
 88 24.0688.E1    (0)    4 :  0.336 0.052 0.444 0.011 0.024 0.133 
 89 24.0689.E1    (0)    4 :  0.107 0.125 0.587 0.068 0.031 0.082 
 90 24.0690.E1    (0)    4 :  0.024 0.847 0.013 0.023 0.056 0.036 
 91 24.0691.E1    (0)    4 :  0.507 0.025 0.402 0.008 0.020 0.039 
 92 24.0692.E1    (0)    4 :  0.042 0.231 0.626 0.015 0.012 0.074 
 93 24.0693.E1    (0)    4 :  0.030 0.070 0.277 0.036 0.013 0.574 
 94 24.0694.E1    (0)    4 :  0.607 0.067 0.233 0.015 0.012 0.066 
 95 24.0695.E1    (0)    4 :  0.760 0.019 0.185 0.011 0.010 0.014 
 96 24.0696.E1    (0)    4 :  0.732 0.077 0.140 0.015 0.018 0.019 
 97 24.0697.E1    (0)    5 :  0.016 0.536 0.127 0.041 0.021 0.259 
 98 24.0698.E1    (0)    5 :  0.035 0.677 0.038 0.042 0.025 0.184 
 99 24.0699.E1    (0)    5 :  0.035 0.847 0.010 0.065 0.026 0.017 
100 24.0700.E1    (0)    5 :  0.013 0.926 0.019 0.017 0.011 0.014 
101 24.0701.E1    (0)    5 :  0.013 0.898 0.014 0.016 0.015 0.043 
102 24.0702.E1    (0)    5 :  0.017 0.900 0.013 0.014 0.018 0.038 
103 24.0703.E1    (0)    5 :  0.018 0.756 0.014 0.034 0.165 0.013 
104 24.0704.E1    (6)    5 :  0.049 0.689 0.038 0.149 0.050 0.026 
105 24.0705.E1    (0)    5 :  0.370 0.560 0.023 0.012 0.019 0.017 
106 24.0706.E1    (0)    5 :  0.014 0.915 0.023 0.016 0.013 0.020 
107 24.0707.E1    (0)    5 :  0.097 0.694 0.029 0.030 0.093 0.057 
108 24.0708.E1    (0)    5 :  0.110 0.055 0.044 0.310 0.403 0.078 
109 24.0709.E1    (0)    5 :  0.021 0.023 0.914 0.011 0.015 0.014 
110 24.0710.E1    (0)    5 :  0.115 0.609 0.025 0.084 0.015 0.153 
111 24.0711.E1    (0)    5 :  0.110 0.764 0.024 0.019 0.058 0.025 
112 24.0712.E1    (0)    5 :  0.021 0.897 0.010 0.009 0.036 0.026 
113 24.0713.E1    (0)    5 :  0.020 0.428 0.488 0.015 0.018 0.030 
114 24.0714.E1    (0)    5 :  0.076 0.829 0.014 0.040 0.027 0.015 
115 24.0715.E1    (0)    5 :  0.062 0.166 0.071 0.051 0.012 0.637 
116 24.0716.E1    (0)    5 :  0.070 0.777 0.035 0.031 0.063 0.024 
117 24.0717.E1    (0)    5 :  0.026 0.371 0.049 0.169 0.093 0.292 
118 24.0718.E1    (0)    5 :  0.072 0.787 0.040 0.013 0.065 0.024 
119 24.0719.E1    (0)    5 :  0.029 0.178 0.691 0.014 0.056 0.032 
120 24.0720.E1    (0)    5 :  0.059 0.303 0.554 0.035 0.034 0.015 
121 24.0721.E1    (0)    6 :  0.029 0.194 0.052 0.089 0.038 0.598 
122 24.0722.E1    (0)    6 :  0.069 0.110 0.032 0.019 0.211 0.559 
123 24.0723.E1    (0)    6 :  0.055 0.029 0.017 0.290 0.362 0.246 
124 24.0724.E1    (0)    6 :  0.352 0.045 0.040 0.147 0.062 0.354 
125 24.0725.E1    (0)    6 :  0.914 0.017 0.011 0.033 0.013 0.011 
126 24.0726.E1    (6)    6 :  0.841 0.022 0.012 0.014 0.014 0.098 
127 24.0727.E1    (0)    6 :  0.268 0.089 0.015 0.087 0.025 0.516 
128 24.0728.E1    (0)    6 :  0.464 0.094 0.034 0.059 0.073 0.276 
129 24.0729.E1    (0)    6 :  0.745 0.031 0.150 0.009 0.019 0.045 
130 24.0730.E1    (0)    6 :  0.241 0.528 0.052 0.053 0.017 0.109 
131 24.0731.E1    (0)    6 :  0.898 0.013 0.015 0.021 0.012 0.042 
132 24.0732.E1    (0)    6 :  0.086 0.020 0.014 0.020 0.014 0.847 
133 24.0733.E1    (0)    6 :  0.939 0.008 0.010 0.007 0.008 0.028 
134 24.0734.E1    (0)    6 :  0.050 0.067 0.012 0.017 0.026 0.827 
135 24.0735.E1    (0)    6 :  0.528 0.061 0.024 0.034 0.061 0.294 
136 24.0736.E1    (0)    6 :  0.847 0.013 0.011 0.012 0.014 0.102 
137 24.0737.E1    (0)    6 :  0.859 0.021 0.014 0.018 0.075 0.012 
138 24.0738.E1    (0)    6 :  0.875 0.023 0.010 0.018 0.016 0.058 
139 24.0739.E1    (0)    6 :  0.921 0.020 0.013 0.015 0.020 0.010 
140 24.0740.E1    (0)    6 :  0.781 0.016 0.161 0.010 0.016 0.016 
141 24.0741.E1    (0)    6 :  0.511 0.026 0.020 0.018 0.019 0.406 
142 24.0742.E1    (0)    6 :  0.273 0.019 0.010 0.014 0.018 0.665 
143 24.0743.E1    (0)    6 :  0.663 0.023 0.099 0.037 0.008 0.171 
144 24.0744.E1    (0)    6 :  0.325 0.262 0.172 0.022 0.017 0.202 
145 24.0745.E1    (0)    7 :  0.011 0.034 0.020 0.017 0.008 0.910 
146 24.0746.E1    (0)    7 :  0.080 0.040 0.050 0.021 0.157 0.652 
147 24.0747.E1    (0)    7 :  0.041 0.016 0.237 0.009 0.010 0.687 
148 24.0748.E1    (6)    7 :  0.047 0.019 0.289 0.012 0.011 0.622 
149 24.0749.E1    (0)    7 :  0.239 0.019 0.011 0.011 0.013 0.708 
150 24.0750.E1    (0)    7 :  0.408 0.194 0.045 0.020 0.020 0.313 
151 24.0751.E1    (0)    7 :  0.015 0.009 0.008 0.010 0.011 0.948 
152 24.0752.E1    (0)    7 :  0.052 0.012 0.011 0.014 0.009 0.902 
153 24.0753.E1    (0)    7 :  0.246 0.013 0.011 0.015 0.143 0.572 
154 24.0754.E1    (0)    7 :  0.029 0.011 0.011 0.009 0.016 0.924 
155 24.0755.E1    (0)    7 :  0.019 0.019 0.232 0.009 0.016 0.706 
156 24.0756.E1    (0)    7 :  0.025 0.009 0.009 0.031 0.013 0.915 
157 24.0757.E1    (0)    7 :  0.007 0.007 0.006 0.005 0.007 0.968 
158 24.0758.E1    (0)    7 :  0.007 0.007 0.006 0.006 0.008 0.967 
159 24.0759.E1    (0)    7 :  0.025 0.015 0.008 0.014 0.009 0.928 
160 24.0760.E1    (0)    7 :  0.021 0.036 0.015 0.012 0.257 0.659 
161 24.0761.E1    (0)    7 :  0.009 0.007 0.008 0.008 0.014 0.955 
162 24.0762.E1    (0)    7 :  0.228 0.601 0.025 0.041 0.014 0.092 
163 24.0763.E1    (0)    7 :  0.013 0.007 0.009 0.007 0.007 0.957 
164 24.0764.E1    (0)    7 :  0.017 0.010 0.008 0.008 0.011 0.946 
165 24.0765.E1    (0)    7 :  0.015 0.012 0.013 0.017 0.029 0.915 
166 24.0766.E1    (0)    7 :  0.014 0.009 0.009 0.009 0.009 0.949 
167 24.0767.E1    (0)    7 :  0.009 0.007 0.007 0.008 0.007 0.962 
168 24.0768.E1    (0)    7 :  0.733 0.038 0.050 0.039 0.009 0.131 
169 24.0779.E1    (0)    8 :  0.123 0.489 0.088 0.131 0.029 0.140 
170 24.0780.E1    (6)    8 :  0.014 0.512 0.372 0.083 0.010 0.008 
171 24.0781.E1    (0)    8 :  0.009 0.931 0.020 0.020 0.009 0.011 
172 24.0782.E1    (0)    8 :  0.660 0.082 0.028 0.044 0.140 0.046 
173 24.0783.E1    (0)    8 :  0.018 0.859 0.027 0.070 0.017 0.010 
174 24.0784.E1    (0)    8 :  0.034 0.624 0.250 0.064 0.019 0.008 
175 24.0785.E1    (0)    8 :  0.012 0.610 0.133 0.229 0.008 0.007 
176 24.0786.E1    (0)    8 :  0.079 0.305 0.544 0.032 0.016 0.024 
177 24.0787.E1    (0)    8 :  0.033 0.693 0.053 0.090 0.103 0.027 
178 24.0788.E1    (0)    8 :  0.013 0.230 0.624 0.082 0.036 0.015 
179 24.0789.E1    (0)    8 :  0.102 0.480 0.235 0.087 0.076 0.020 
180 24.0790.E1    (0)    8 :  0.009 0.679 0.189 0.097 0.018 0.008 
181 24.0791.E1    (0)    8 :  0.130 0.797 0.016 0.035 0.008 0.013 
182 24.0792.E1    (0)    8 :  0.071 0.506 0.024 0.331 0.008 0.061 
183 24.0793.E1    (0)    9 :  0.028 0.061 0.047 0.516 0.337 0.011 
184 24.0794.E1    (0)    9 :  0.370 0.017 0.016 0.569 0.012 0.015 
185 24.0795.E1    (0)    9 :  0.406 0.024 0.029 0.179 0.338 0.025 
186 24.0796.E1    (0)    9 :  0.041 0.056 0.103 0.774 0.015 0.010 
187 24.0797.E1    (0)    9 :  0.022 0.058 0.031 0.809 0.073 0.007 
188 24.0798.E1    (0)    9 :  0.023 0.407 0.108 0.211 0.195 0.056 
189 24.0799.E1    (0)    9 :  0.030 0.105 0.494 0.326 0.031 0.014 
190 24.0800.E1    (0)    9 :  0.023 0.022 0.883 0.051 0.009 0.012 
191 24.0801.E1    (0)    9 :  0.017 0.443 0.182 0.328 0.016 0.014 
192 24.0802.E1    (0)    9 :  0.028 0.050 0.045 0.342 0.525 0.010 
193 24.0803.E1    (0)    9 :  0.036 0.150 0.030 0.651 0.118 0.015 
194 24.0804.E1    (0)    9 :  0.021 0.016 0.445 0.216 0.295 0.007 
195 24.0805.E1    (0)    9 :  0.025 0.018 0.909 0.016 0.013 0.018 
196 24.0806.E1    (0)    9 :  0.028 0.020 0.084 0.228 0.622 0.017 
197 24.0807.E1    (0)    9 :  0.013 0.018 0.014 0.666 0.283 0.006 
198 24.0808.E1    (0)    9 :  0.028 0.054 0.816 0.068 0.021 0.013 
199 24.0809.E1    (0)    9 :  0.031 0.015 0.907 0.013 0.008 0.025 
200 24.0810.E1    (0)    9 :  0.025 0.080 0.127 0.681 0.059 0.027 
201 24.0811.E1    (0)    9 :  0.069 0.026 0.038 0.631 0.226 0.010 
202 24.0812.E1    (0)    9 :  0.054 0.054 0.817 0.053 0.012 0.010 
203 24.0813.E1    (0)    9 :  0.015 0.058 0.623 0.043 0.248 0.013 
204 24.0814.E1    (6)    9 :  0.011 0.013 0.878 0.053 0.038 0.008 
205 24.0815.E1    (0)    9 :  0.008 0.019 0.637 0.021 0.304 0.011 
206 24.0816.E1    (0)    9 :  0.011 0.055 0.017 0.547 0.362 0.008 
207 24.0817.E1    (0)   10 :  0.042 0.030 0.650 0.254 0.014 0.010 
208 24.0818.E1    (0)   10 :  0.040 0.106 0.036 0.784 0.017 0.017 
209 24.0819.E1    (0)   10 :  0.022 0.114 0.019 0.713 0.026 0.107 
210 24.0820.E1    (0)   10 :  0.010 0.011 0.024 0.739 0.013 0.202 
211 24.0821.E1    (0)   10 :  0.020 0.306 0.055 0.596 0.012 0.011 
212 24.0822.E1    (0)   10 :  0.012 0.028 0.803 0.121 0.007 0.029 
213 24.0823.E1    (0)   10 :  0.014 0.012 0.303 0.601 0.012 0.058 
214 24.0824.E1    (0)   10 :  0.022 0.313 0.586 0.048 0.012 0.018 
215 24.0825.E1    (0)   10 :  0.008 0.009 0.953 0.013 0.009 0.009 
216 24.0826.E1    (0)   10 :  0.009 0.014 0.011 0.879 0.012 0.076 
217 24.0827.E1    (0)   10 :  0.040 0.017 0.019 0.902 0.016 0.007 
218 24.0828.E1    (0)   10 :  0.011 0.032 0.037 0.870 0.013 0.036 
219 24.0829.E1    (0)   10 :  0.011 0.011 0.400 0.551 0.009 0.017 
220 24.0830.E1    (0)   10 :  0.015 0.162 0.023 0.783 0.010 0.007 
221 24.0831.E1    (0)   10 :  0.011 0.408 0.043 0.519 0.011 0.008 
222 24.0832.E1    (0)   10 :  0.016 0.011 0.896 0.065 0.006 0.006 
223 24.0833.E1    (0)   10 :  0.008 0.009 0.944 0.025 0.007 0.007 
224 24.0834.E1    (0)   10 :  0.024 0.019 0.775 0.158 0.013 0.011 
225 24.0835.E1    (0)   10 :  0.032 0.021 0.845 0.082 0.012 0.007 
226 24.0836.E1    (0)   10 :  0.021 0.025 0.905 0.023 0.009 0.016 
227 24.0837.E1    (0)   10 :  0.015 0.021 0.724 0.221 0.008 0.012 
228 24.0838.E1    (0)   10 :  0.009 0.021 0.891 0.055 0.008 0.016 
229 24.0839.E1    (0)   10 :  0.063 0.083 0.019 0.768 0.031 0.036 
230 24.0840.E1    (0)   10 :  0.015 0.012 0.033 0.892 0.040 0.007 
231 24.0841.E1    (0)   11 :  0.013 0.012 0.010 0.942 0.007 0.017 
232 24.0842.E1    (0)   11 :  0.023 0.178 0.031 0.743 0.007 0.019 
233 24.0843.E1    (0)   11 :  0.010 0.201 0.043 0.706 0.012 0.028 
234 24.0844.E1    (0)   11 :  0.043 0.498 0.090 0.348 0.009 0.012 
235 24.0845.E1    (0)   11 :  0.017 0.191 0.232 0.536 0.010 0.014 
236 24.0846.E1    (0)   11 :  0.027 0.049 0.829 0.071 0.012 0.011 
237 24.0847.E1    (0)   11 :  0.030 0.021 0.883 0.031 0.013 0.022 
238 24.0848.E1    (0)   11 :  0.025 0.082 0.828 0.051 0.007 0.007 
239 24.0849.E1    (0)   11 :  0.011 0.011 0.019 0.942 0.007 0.010 
240 24.0850.E1    (0)   11 :  0.011 0.011 0.019 0.942 0.007 0.010 
241 24.0851.E1    (0)   11 :  0.011 0.011 0.019 0.942 0.007 0.010 
242 24.0852.E1    (0)   11 :  0.011 0.028 0.017 0.917 0.008 0.020 
243 24.0853.E1    (0)   11 :  0.009 0.010 0.342 0.608 0.010 0.021 
244 24.0854.E1    (0)   11 :  0.018 0.478 0.017 0.464 0.010 0.012 
245 24.0855.E1    (0)   11 :  0.012 0.017 0.592 0.339 0.009 0.030 
246 24.0856.E1    (0)   11 :  0.090 0.420 0.040 0.101 0.295 0.054 
247 24.0857.E1    (0)   11 :  0.022 0.018 0.905 0.032 0.011 0.012 
248 24.0858.E1    (0)   11 :  0.021 0.068 0.699 0.183 0.009 0.020 
249 24.0859.E1    (0)   11 :  0.014 0.015 0.020 0.895 0.013 0.044 
250 24.0860.E1    (0)   11 :  0.029 0.142 0.027 0.702 0.055 0.045 
251 24.0861.E1    (0)   11 :  0.009 0.010 0.012 0.951 0.007 0.011 
252 24.0862.E1    (0)   11 :  0.052 0.035 0.348 0.245 0.308 0.013 
253 24.0863.E1    (0)   11 :  0.009 0.010 0.012 0.951 0.007 0.011 
254 24.0864.E1    (0)   11 :  0.536 0.026 0.353 0.064 0.011 0.010 
255 24.0865.E1    (0)   12 :  0.039 0.028 0.135 0.478 0.023 0.297 
256 24.0866.E1    (0)   12 :  0.029 0.060 0.853 0.020 0.009 0.029 
257 24.0867.E1    (0)   12 :  0.020 0.021 0.587 0.038 0.025 0.309 
258 24.0868.E1    (0)   12 :  0.024 0.120 0.777 0.014 0.026 0.039 
259 24.0869.E1    (0)   12 :  0.019 0.077 0.828 0.013 0.047 0.017 
260 24.0870.E1    (0)   12 :  0.113 0.147 0.480 0.016 0.213 0.030 
261 24.0871.E1    (0)   12 :  0.480 0.262 0.018 0.168 0.059 0.013 
262 24.0872.E1    (0)   12 :  0.034 0.421 0.080 0.117 0.014 0.335 
263 24.0873.E1    (0)   12 :  0.044 0.037 0.813 0.022 0.024 0.061 
264 24.0874.E1    (0)   12 :  0.012 0.017 0.614 0.031 0.010 0.315 
265 24.0875.E1    (0)   12 :  0.090 0.816 0.033 0.026 0.013 0.022 
266 24.0876.E1    (0)   12 :  0.410 0.496 0.022 0.017 0.015 0.040 
267 24.0877.E1    (0)   12 :  0.873 0.026 0.013 0.011 0.010 0.066 
268 24.0878.E1    (0)   12 :  0.730 0.019 0.210 0.013 0.012 0.016 
269 24.0879.E1    (0)   12 :  0.774 0.175 0.013 0.013 0.015 0.010 
270 24.0880.E1    (0)   12 :  0.027 0.056 0.868 0.018 0.015 0.015 
271 24.0881.E1    (0)   12 :  0.938 0.011 0.008 0.011 0.012 0.021 
272 24.0882.E1    (0)   12 :  0.210 0.020 0.015 0.015 0.011 0.729 
273 24.0883.E1    (0)   12 :  0.442 0.170 0.016 0.030 0.013 0.328 
274 24.0884.E1    (0)   12 :  0.886 0.021 0.008 0.017 0.013 0.054 
275 24.0885.E1    (0)   12 :  0.821 0.061 0.076 0.010 0.018 0.013 
276 24.0886.E1    (0)   12 :  0.688 0.042 0.017 0.028 0.007 0.217 
277 24.0887.E1    (0)   12 :  0.104 0.116 0.011 0.012 0.014 0.742 
278 24.0888.E1    (0)   12 :  0.045 0.658 0.249 0.015 0.020 0.013 


Estimated Allele Frequencies in each cluster
First column gives estimated ancestral frequencies


Locus 1 : 
31 alleles
0.0% missing data
 115   (0.034) 0.155 0.012 0.010 0.006 0.004 0.039 
 117   (0.040) 0.178 0.011 0.021 0.004 0.004 0.184 
 119   (0.045) 0.220 0.008 0.005 0.004 0.206 0.271 
 131   (0.017) 0.040 0.003 0.001 0.003 0.001 0.003 
 128   (0.036) 0.043 0.043 0.013 0.011 0.003 0.004 
 135   (0.017) 0.044 0.003 0.003 0.003 0.001 0.006 
 126   (0.082) 0.075 0.057 0.175 0.092 0.019 0.070 
 122   (0.031) 0.013 0.028 0.003 0.017 0.166 0.002 
 132   (0.032) 0.007 0.022 0.036 0.015 0.005 0.013 
 141   (0.012) 0.007 0.002 0.001 0.001 0.003 0.001 
 130   (0.053) 0.014 0.076 0.044 0.043 0.019 0.029 
 134   (0.038) 0.005 0.019 0.024 0.047 0.119 0.003 
 145   (0.021) 0.003 0.005 0.002 0.053 0.008 0.013 
 127   (0.027) 0.022 0.006 0.003 0.002 0.021 0.149 
 116   (0.104) 0.033 0.190 0.177 0.226 0.182 0.029 
 114   (0.052) 0.007 0.037 0.100 0.146 0.090 0.006 
 120   (0.033) 0.009 0.083 0.005 0.004 0.074 0.004 
 110   (0.052) 0.026 0.047 0.058 0.020 0.030 0.026 
 133   (0.016) 0.004 0.004 0.001 0.003 0.007 0.012 
 118   (0.091) 0.018 0.288 0.223 0.268 0.015 0.031 
 125   (0.015) 0.003 0.005 0.007 0.008 0.003 0.001 
 129   (0.023) 0.037 0.012 0.002 0.002 0.002 0.007 
 124   (0.016) 0.007 0.017 0.001 0.003 0.002 0.001 
 136   (0.022) 0.006 0.004 0.061 0.009 0.003 0.002 
 121   (0.015) 0.006 0.002 0.001 0.001 0.001 0.055 
 139   (0.011) 0.009 0.002 0.001 0.001 0.001 0.001 
 113   (0.012) 0.001 0.002 0.001 0.001 0.001 0.012 
 111   (0.012) 0.002 0.002 0.001 0.001 0.001 0.012 
 143   (0.012) 0.001 0.002 0.001 0.001 0.001 0.012 
 140   (0.015) 0.002 0.008 0.010 0.001 0.004 0.001 
 112   (0.012) 0.001 0.002 0.007 0.003 0.001 0.001 

Locus 2 : 
18 alleles
0.0% missing data
 152   (0.361) 0.590 0.370 0.364 0.328 0.432 0.740 
 148   (0.067) 0.179 0.036 0.015 0.006 0.182 0.059 
 154   (0.107) 0.054 0.091 0.202 0.050 0.248 0.054 
 156   (0.018) 0.011 0.005 0.003 0.003 0.004 0.001 
 150   (0.027) 0.007 0.005 0.002 0.002 0.049 0.040 
 164   (0.077) 0.079 0.083 0.029 0.106 0.020 0.016 
 158   (0.041) 0.016 0.048 0.008 0.010 0.022 0.011 
 160   (0.019) 0.003 0.007 0.003 0.002 0.002 0.024 
 166   (0.024) 0.005 0.021 0.006 0.005 0.014 0.002 
 151   (0.072) 0.009 0.168 0.190 0.313 0.006 0.005 
 147   (0.059) 0.007 0.093 0.164 0.116 0.007 0.005 
 168   (0.023) 0.005 0.016 0.002 0.021 0.002 0.002 
 153   (0.016) 0.002 0.009 0.002 0.010 0.002 0.002 
 149   (0.026) 0.007 0.022 0.004 0.002 0.002 0.011 
 162   (0.019) 0.004 0.006 0.002 0.021 0.005 0.003 
 167   (0.014) 0.018 0.002 0.001 0.001 0.001 0.001 
 146   (0.013) 0.001 0.002 0.001 0.001 0.001 0.024 
 172   (0.016) 0.002 0.017 0.002 0.002 0.001 0.001 

Locus 3 : 
4 alleles
0.0% missing data
 128   (0.294) 0.235 0.243 0.376 0.324 0.264 0.406 
 126   (0.605) 0.695 0.681 0.588 0.565 0.678 0.585 
 132   (0.084) 0.068 0.061 0.034 0.109 0.052 0.007 
 134   (0.017) 0.002 0.015 0.001 0.001 0.006 0.001 

Locus 4 : 
3 alleles
0.0% missing data
 170   (0.328) 0.280 0.339 0.309 0.278 0.409 0.263 
 172   (0.658) 0.719 0.659 0.687 0.721 0.586 0.733 
 171   (0.015) 0.002 0.002 0.004 0.001 0.005 0.004 

Locus 5 : 
37 alleles
0.0% missing data
 125   (0.059) 0.055 0.059 0.061 0.067 0.056 0.034 
 110   (0.034) 0.033 0.014 0.014 0.089 0.027 0.011 
 129   (0.036) 0.047 0.070 0.008 0.046 0.004 0.003 
 113   (0.037) 0.015 0.073 0.039 0.039 0.015 0.003 
 145   (0.055) 0.209 0.051 0.029 0.042 0.005 0.109 
 155   (0.050) 0.133 0.033 0.026 0.032 0.195 0.014 
 117   (0.032) 0.035 0.017 0.039 0.005 0.009 0.055 
 124   (0.011) 0.018 0.002 0.001 0.001 0.001 0.001 
 133   (0.033) 0.037 0.048 0.009 0.006 0.003 0.074 
 157   (0.040) 0.007 0.157 0.044 0.024 0.018 0.029 
 141   (0.016) 0.005 0.026 0.006 0.002 0.002 0.001 
 112   (0.064) 0.066 0.024 0.131 0.115 0.168 0.149 
 121   (0.022) 0.004 0.010 0.023 0.023 0.019 0.003 
 114   (0.031) 0.061 0.006 0.100 0.003 0.006 0.164 
 153   (0.051) 0.059 0.093 0.105 0.094 0.009 0.004 
 127   (0.064) 0.067 0.054 0.145 0.124 0.025 0.097 
 131   (0.061) 0.046 0.045 0.066 0.051 0.197 0.154 
 135   (0.034) 0.009 0.044 0.044 0.037 0.004 0.004 
 104   (0.010) 0.001 0.002 0.004 0.001 0.005 0.003 
 118   (0.019) 0.018 0.012 0.002 0.002 0.012 0.002 
 116   (0.025) 0.015 0.024 0.003 0.016 0.048 0.004 
 137   (0.019) 0.006 0.012 0.002 0.003 0.144 0.004 
 123   (0.020) 0.009 0.008 0.005 0.079 0.003 0.002 
 149   (0.010) 0.005 0.002 0.002 0.005 0.001 0.001 
 138   (0.016) 0.002 0.024 0.002 0.019 0.002 0.001 
 143   (0.028) 0.003 0.023 0.023 0.023 0.003 0.059 
 163   (0.010) 0.002 0.003 0.001 0.001 0.008 0.001 
 109   (0.012) 0.009 0.002 0.007 0.001 0.001 0.002 
 139   (0.011) 0.001 0.009 0.001 0.001 0.001 0.001 
 106   (0.010) 0.002 0.007 0.001 0.001 0.002 0.001 
 144   (0.012) 0.001 0.004 0.036 0.001 0.001 0.001 
 122   (0.011) 0.013 0.002 0.001 0.001 0.001 0.006 
 100   (0.015) 0.003 0.012 0.002 0.033 0.002 0.001 
 111   (0.014) 0.002 0.016 0.007 0.005 0.001 0.001 
 233   (0.009) 0.001 0.004 0.001 0.006 0.001 0.001 
 134   (0.010) 0.001 0.005 0.001 0.005 0.001 0.001 
 140   (0.009) 0.001 0.003 0.007 0.001 0.001 0.001 

Locus 6 : 
17 alleles
0.0% missing data
 221   (0.028) 0.104 0.004 0.002 0.002 0.002 0.071 
 232   (0.245) 0.178 0.294 0.220 0.557 0.148 0.449 
 229   (0.057) 0.098 0.015 0.011 0.072 0.039 0.042 
 223   (0.062) 0.089 0.069 0.063 0.016 0.008 0.010 
 230   (0.154) 0.104 0.194 0.227 0.048 0.168 0.291 
 235   (0.017) 0.052 0.003 0.001 0.001 0.002 0.001 
 236   (0.044) 0.070 0.024 0.005 0.016 0.036 0.007 
 227   (0.022) 0.052 0.009 0.003 0.002 0.002 0.003 
 220   (0.049) 0.009 0.017 0.066 0.098 0.161 0.003 
 222   (0.039) 0.005 0.020 0.079 0.008 0.273 0.002 
 234   (0.127) 0.123 0.141 0.253 0.029 0.131 0.080 
 224   (0.032) 0.004 0.056 0.046 0.005 0.004 0.002 
 228   (0.052) 0.013 0.141 0.017 0.088 0.006 0.004 
 225   (0.012) 0.005 0.002 0.001 0.002 0.006 0.001 
 226   (0.019) 0.004 0.003 0.002 0.050 0.009 0.001 
 233   (0.026) 0.053 0.007 0.003 0.002 0.002 0.030 
 231   (0.015) 0.035 0.003 0.002 0.001 0.001 0.001 

Locus 7 : 
10 alleles
0.0% missing data
 121   (0.667) 0.862 0.750 0.878 0.684 0.801 0.743 
 129   (0.093) 0.083 0.065 0.038 0.146 0.011 0.093 
 130   (0.017) 0.003 0.005 0.001 0.012 0.005 0.003 
 123   (0.098) 0.023 0.117 0.033 0.139 0.125 0.092 
 128   (0.023) 0.004 0.007 0.002 0.002 0.026 0.022 
 131   (0.016) 0.002 0.005 0.001 0.003 0.022 0.002 
 117   (0.014) 0.002 0.009 0.002 0.001 0.001 0.001 
 125   (0.016) 0.002 0.018 0.001 0.001 0.001 0.001 
 134   (0.040) 0.018 0.022 0.038 0.011 0.007 0.025 
 132   (0.015) 0.002 0.002 0.005 0.001 0.001 0.019 

Locus 8 : 
19 alleles
0.0% missing data
 184   (0.279) 0.487 0.406 0.308 0.423 0.456 0.370 
 194   (0.051) 0.034 0.043 0.021 0.016 0.031 0.036 
 178   (0.095) 0.174 0.043 0.216 0.060 0.174 0.070 
 176   (0.078) 0.058 0.078 0.059 0.080 0.010 0.195 
 182   (0.080) 0.044 0.082 0.105 0.044 0.034 0.176 
 190   (0.032) 0.006 0.007 0.026 0.005 0.057 0.039 
 196   (0.024) 0.007 0.006 0.012 0.049 0.002 0.002 
 200   (0.027) 0.012 0.041 0.002 0.003 0.006 0.010 
 180   (0.030) 0.008 0.029 0.003 0.006 0.062 0.002 
 188   (0.037) 0.024 0.007 0.061 0.048 0.005 0.004 
 174   (0.043) 0.036 0.039 0.022 0.005 0.017 0.034 
 186   (0.118) 0.093 0.171 0.114 0.208 0.117 0.052 
 192   (0.031) 0.008 0.010 0.029 0.030 0.012 0.004 
 201   (0.012) 0.001 0.005 0.001 0.001 0.007 0.001 
 199   (0.017) 0.002 0.018 0.001 0.007 0.006 0.001 
 185   (0.012) 0.002 0.002 0.001 0.009 0.001 0.001 
 203   (0.012) 0.001 0.002 0.009 0.001 0.001 0.001 
 198   (0.011) 0.002 0.002 0.008 0.002 0.001 0.001 
 209   (0.012) 0.002 0.006 0.001 0.003 0.001 0.001 

Locus 9 : 
6 alleles
0.4% missing data
 154   (0.689) 0.704 0.717 0.728 0.890 0.772 0.659 
 156   (0.202) 0.183 0.242 0.189 0.041 0.217 0.325 
 152   (0.054) 0.062 0.012 0.077 0.055 0.005 0.008 
 153   (0.016) 0.003 0.007 0.002 0.010 0.003 0.001 
 160   (0.016) 0.002 0.017 0.001 0.002 0.001 0.001 
 164   (0.023) 0.046 0.005 0.003 0.002 0.002 0.006 

Locus 10 : 
29 alleles
0.7% missing data
 305   (0.059) 0.084 0.046 0.008 0.030 0.288 0.009 
 313   (0.051) 0.113 0.047 0.012 0.022 0.012 0.005 
 311   (0.018) 0.013 0.007 0.001 0.002 0.001 0.002 
 299   (0.131) 0.218 0.127 0.087 0.201 0.033 0.043 
 315   (0.078) 0.070 0.118 0.008 0.020 0.058 0.086 
 287   (0.049) 0.022 0.231 0.006 0.029 0.007 0.009 
 291   (0.045) 0.081 0.011 0.625 0.006 0.009 0.006 
 295   (0.022) 0.150 0.006 0.002 0.003 0.002 0.002 
 289   (0.023) 0.004 0.019 0.004 0.066 0.004 0.002 
 303   (0.039) 0.007 0.008 0.004 0.282 0.012 0.491 
 297   (0.036) 0.030 0.008 0.005 0.099 0.004 0.125 
 293   (0.025) 0.038 0.036 0.002 0.008 0.003 0.002 
 301   (0.065) 0.071 0.037 0.030 0.029 0.112 0.010 
 285   (0.021) 0.002 0.005 0.002 0.011 0.359 0.002 
 307   (0.052) 0.018 0.035 0.072 0.009 0.016 0.187 
 312   (0.059) 0.014 0.113 0.031 0.045 0.046 0.005 
 306   (0.028) 0.008 0.030 0.035 0.004 0.003 0.002 
 320   (0.015) 0.002 0.016 0.002 0.002 0.001 0.001 
 317   (0.021) 0.010 0.004 0.002 0.064 0.002 0.001 
 314   (0.024) 0.026 0.019 0.003 0.002 0.002 0.002 
 323   (0.014) 0.002 0.009 0.001 0.001 0.001 0.001 
 325   (0.013) 0.002 0.009 0.001 0.001 0.001 0.001 
 310   (0.020) 0.003 0.024 0.002 0.014 0.002 0.001 
 309   (0.015) 0.002 0.005 0.013 0.001 0.003 0.001 
 316   (0.019) 0.003 0.016 0.004 0.011 0.002 0.001 
 296   (0.013) 0.002 0.007 0.001 0.004 0.001 0.001 
 304   (0.017) 0.002 0.003 0.002 0.031 0.014 0.001 
 321   (0.014) 0.002 0.002 0.017 0.001 0.002 0.001 
 332   (0.015) 0.002 0.002 0.018 0.001 0.001 0.001 

Locus 11 : 
19 alleles
0.0% missing data
 114   (0.146) 0.254 0.138 0.071 0.017 0.286 0.209 
 126   (0.020) 0.049 0.003 0.002 0.001 0.007 0.003 
 111   (0.101) 0.147 0.030 0.376 0.496 0.034 0.007 
 116   (0.100) 0.137 0.100 0.034 0.018 0.037 0.239 
 132   (0.013) 0.009 0.002 0.001 0.001 0.001 0.001 
 109   (0.017) 0.034 0.003 0.003 0.001 0.001 0.001 
 128   (0.017) 0.005 0.004 0.014 0.001 0.002 0.001 
 112   (0.322) 0.281 0.551 0.221 0.102 0.581 0.503 
 122   (0.017) 0.002 0.006 0.005 0.002 0.005 0.010 
 124   (0.014) 0.002 0.002 0.001 0.001 0.014 0.002 
 118   (0.050) 0.024 0.043 0.076 0.007 0.010 0.011 
 127   (0.014) 0.002 0.008 0.002 0.001 0.001 0.001 
 113   (0.044) 0.007 0.018 0.105 0.318 0.007 0.003 
 115   (0.038) 0.028 0.051 0.012 0.004 0.004 0.004 
 120   (0.019) 0.003 0.003 0.055 0.002 0.002 0.001 
 117   (0.020) 0.003 0.009 0.002 0.019 0.002 0.002 
 125   (0.018) 0.003 0.021 0.002 0.005 0.001 0.001 
 119   (0.015) 0.002 0.003 0.018 0.001 0.003 0.001 
 136   (0.013) 0.008 0.004 0.001 0.001 0.001 0.001 

Locus 12 : 
28 alleles
0.7% missing data
 306   (0.058) 0.080 0.028 0.006 0.049 0.304 0.008 
 314   (0.065) 0.101 0.044 0.030 0.059 0.007 0.007 
 312   (0.015) 0.019 0.002 0.001 0.001 0.001 0.001 
 300   (0.138) 0.231 0.127 0.086 0.203 0.033 0.044 
 316   (0.049) 0.059 0.010 0.004 0.019 0.049 0.083 
 288   (0.052) 0.022 0.223 0.006 0.029 0.008 0.009 
 292   (0.046) 0.082 0.011 0.628 0.006 0.009 0.007 
 296   (0.028) 0.154 0.011 0.003 0.006 0.003 0.002 
 290   (0.025) 0.005 0.020 0.005 0.066 0.004 0.002 
 304   (0.040) 0.007 0.009 0.004 0.284 0.011 0.496 
 298   (0.039) 0.031 0.008 0.005 0.100 0.004 0.126 
 294   (0.028) 0.039 0.036 0.002 0.009 0.003 0.002 
 302   (0.069) 0.073 0.037 0.030 0.030 0.110 0.011 
 286   (0.020) 0.002 0.005 0.002 0.011 0.367 0.002 
 308   (0.030) 0.008 0.024 0.003 0.003 0.014 0.177 
 313   (0.044) 0.013 0.121 0.011 0.007 0.049 0.004 
 307   (0.043) 0.015 0.036 0.114 0.010 0.004 0.005 
 321   (0.017) 0.002 0.017 0.002 0.002 0.001 0.001 
 315   (0.045) 0.036 0.124 0.006 0.011 0.006 0.004 
 318   (0.017) 0.002 0.003 0.001 0.063 0.001 0.001 
 324   (0.015) 0.002 0.009 0.001 0.001 0.001 0.001 
 326   (0.015) 0.002 0.009 0.001 0.001 0.001 0.001 
 311   (0.025) 0.005 0.043 0.002 0.019 0.002 0.002 
 310   (0.016) 0.002 0.005 0.013 0.001 0.003 0.001 
 305   (0.018) 0.004 0.018 0.005 0.004 0.002 0.002 
 317   (0.015) 0.002 0.014 0.002 0.003 0.002 0.001 
 320   (0.014) 0.002 0.002 0.009 0.001 0.001 0.001 
 322   (0.015) 0.002 0.002 0.017 0.001 0.002 0.001 

Locus 13 : 
7 alleles
1.1% missing data
 161   (0.574) 0.686 0.521 0.663 0.371 0.120 0.893 
 163   (0.313) 0.235 0.459 0.322 0.529 0.076 0.036 
 160   (0.020) 0.003 0.004 0.002 0.002 0.396 0.002 
 162   (0.018) 0.002 0.003 0.001 0.001 0.400 0.001 
 165   (0.044) 0.067 0.007 0.009 0.095 0.006 0.005 
 166   (0.015) 0.005 0.004 0.002 0.001 0.001 0.003 
 164   (0.017) 0.002 0.002 0.001 0.001 0.001 0.060 

Locus 14 : 
4 alleles
0.4% missing data
  98   (0.951) 0.986 0.984 0.996 0.991 0.996 0.984 
 100   (0.015) 0.002 0.006 0.001 0.004 0.001 0.002 
  96   (0.019) 0.010 0.003 0.002 0.002 0.002 0.012 
 105   (0.015) 0.002 0.007 0.001 0.004 0.001 0.001 

Locus 15 : 
12 alleles
2.2% missing data
 171   (0.297) 0.371 0.371 0.355 0.297 0.182 0.197 
 177   (0.184) 0.202 0.210 0.162 0.112 0.309 0.073 
 173   (0.260) 0.311 0.253 0.383 0.498 0.190 0.087 
 179   (0.100) 0.054 0.091 0.011 0.066 0.285 0.505 
 183   (0.021) 0.020 0.006 0.002 0.008 0.003 0.009 
 181   (0.038) 0.006 0.018 0.045 0.009 0.004 0.097 
 197   (0.023) 0.011 0.005 0.018 0.002 0.002 0.023 
 170   (0.015) 0.002 0.017 0.001 0.001 0.001 0.001 
 189   (0.016) 0.003 0.007 0.002 0.001 0.018 0.001 
 203   (0.017) 0.015 0.004 0.010 0.001 0.001 0.004 
 187   (0.017) 0.002 0.015 0.002 0.003 0.001 0.001 
 198   (0.015) 0.002 0.002 0.009 0.001 0.001 0.001 

Values of parameters used in structure:
DATAFILE=STRUCTURE_main_final_278_HEG_ZG.str,	OUTFILE=STRUCTURE_main_final_278_HEG_ZG-K6-7,	NUMINDS=278,	NUMLOCI=15,	MISSING=-9,	LABEL=1,	POPDATA=1,	POPFLAG=0,	PHENOTYPE=0,	EXTRACOLS=0,	MAXPOPS=6,	BURNIN=100000,	NUMREPS=500000,	USEPOPINFO=0,	INFERALPHA=1,	INFERLAMBDA=0,	POPSPECIFICLAMBDA=0,	POPALPHAS=0,	COMPUTEPROB=1,	NOADMIX=0,	ADMBURNIN=2500,	UPDATEFREQ=1,	PRINTLIKES=0,	INTERMEDSAVE=0,	PRINTKLD=0,	PRINTNET=0,	PRINTLAMBDA=0,	ANCESTDIST=0,	NUMBOXES=1000,	ANCESTPINT=0.90000,	GENSBACK=2,	MIGRPRIOR=0.05000,	PRINTQHAT=0,	PRINTQSUM=0,	ALPHA=1.0000,	FREQSCORR=1,	FPRIORMEAN=0.0100,	FPRIORSD=0.0500,	ONEFST=0,	LAMBDA=1.0000,	UNIFPRIORALPHA=1,	ALPHAMAX=10.0000,	ALPHAPRIORA=1.0000,	ALPHAPRIORB=2.0000,	ALPHAPROPSD=0.0250,	STARTATPOPINFO=0,	RANDOMIZE=1,	LINKAGE=0,	METROFREQ=10,	REPORTHITRATE=0,	MARKOVPHASE=-1,	PHASED=0,	PLOIDY=2,	PHASEINFO=0	LOCPRIOR=0, 	LOCPRIORINIT=1.000000, 	LOCDATA=0, 	LOCISPOP=0, 	LOCPRIORSTEP=0.100000, 	MAXLOCPRIOR=20.000000, 	SEED=1782481571,	
[STRAT parameters]:    NUMSIMSTATS=1000,	PHENOTYPECOL=-9,	POOLFREQ=10,	LOCUSxONLY=0,	EMERROR=0.00100,	MISSINGPHENO=-9,	