

----------------------------------------------------
STRUCTURE by Pritchard, Stephens and Donnelly (2000)
     and Falush, Stephens and Pritchard (2003)
       Code by Pritchard, Falush and Hubisz
             Version 2.3.4 (Jul 2012)
----------------------------------------------------



Command line arguments:   structure -K 7 -i STRUCTURE_main_final_278_HEG_ZG.str -o STRUCTURE_main_final_278_HEG_ZG-K7-5 
Input File:    STRUCTURE_main_final_278_HEG_ZG.str

Run parameters:
   278 individuals
   15 loci
   7 populations assumed
   100000 Burn-in period
   500000 Reps


--------------------------------------------
Proportion of membership of each pre-defined
 population in each of the 7 clusters

Given    Inferred Clusters                                   Number of
 Pop       1      2      3      4      5      6      7      Individuals

  1:     0.014  0.018  0.082  0.072  0.086  0.656  0.071       24
  2:     0.700  0.034  0.026  0.057  0.059  0.032  0.090       24
  3:     0.026  0.504  0.110  0.267  0.032  0.034  0.028       24
  4:     0.034  0.162  0.062  0.048  0.526  0.100  0.068       24
  5:     0.044  0.433  0.042  0.132  0.230  0.052  0.067       24
  6:     0.042  0.067  0.031  0.029  0.142  0.453  0.236       24
  7:     0.028  0.027  0.016  0.027  0.087  0.076  0.739       24
  8:     0.019  0.711  0.076  0.059  0.075  0.039  0.019       14
  9:     0.174  0.067  0.328  0.270  0.073  0.077  0.011       24
 10:     0.011  0.042  0.756  0.093  0.022  0.020  0.056       24
 11:     0.027  0.031  0.689  0.140  0.050  0.040  0.023       24
 12:     0.021  0.105  0.045  0.092  0.353  0.242  0.143       24
--------------------------------------------

Allele-freq. divergence among pops (Net nucleotide distance),
computed using point estimates of P.

      1       2       3       4       5       6       7      
 1      -    0.0661  0.1073  0.0885  0.0769  0.0671  0.1075  
 2   0.0661     -    0.0470  0.0403  0.0363  0.0354  0.0800  
 3   0.1073  0.0470     -    0.0582  0.0631  0.0568  0.1199  
 4   0.0885  0.0403  0.0582     -    0.0464  0.0461  0.0880  
 5   0.0769  0.0363  0.0631  0.0464     -    0.0334  0.0671  
 6   0.0671  0.0354  0.0568  0.0461  0.0334     -    0.0688  
 7   0.1075  0.0800  0.1199  0.0880  0.0671  0.0688     -    

Average distances (expected heterozygosity) between individuals in same cluster:
cluster  1  : 0.6094 
cluster  2  : 0.6322 
cluster  3  : 0.6168 
cluster  4  : 0.6303 
cluster  5  : 0.6056 
cluster  6  : 0.6200 
cluster  7  : 0.5395 

--------------------------------------------
Estimated Ln Prob of Data   = -12630.3
Mean value of ln likelihood = -12041.9
Variance of ln likelihood   = 1176.7
Mean value of alpha         = 0.0670

Mean value of Fst_1         = 0.1915
Mean value of Fst_2         = 0.0545
Mean value of Fst_3         = 0.1397
Mean value of Fst_4         = 0.1075
Mean value of Fst_5         = 0.0911
Mean value of Fst_6         = 0.0882
Mean value of Fst_7         = 0.1975


Inferred ancestry of individuals:
        Label (%Miss) Pop:  Inferred clusters
  1 24.0601.E1    (0)    1 :  0.012 0.008 0.011 0.012 0.013 0.928 0.016 
  2 24.0602.E1    (0)    1 :  0.006 0.014 0.015 0.019 0.009 0.924 0.012 
  3 24.0603.E1    (0)    1 :  0.007 0.048 0.013 0.010 0.028 0.865 0.029 
  4 24.0604.E1    (0)    1 :  0.010 0.007 0.028 0.212 0.231 0.504 0.008 
  5 24.0605.E1    (0)    1 :  0.010 0.016 0.013 0.015 0.034 0.874 0.039 
  6 24.0606.E1    (0)    1 :  0.014 0.015 0.022 0.010 0.169 0.747 0.023 
  7 24.0607.E1    (0)    1 :  0.012 0.049 0.023 0.450 0.061 0.234 0.172 
  8 24.0608.E1    (0)    1 :  0.005 0.014 0.066 0.012 0.011 0.754 0.138 
  9 24.0609.E1    (0)    1 :  0.006 0.028 0.358 0.020 0.402 0.179 0.007 
 10 24.0610.E1    (0)    1 :  0.007 0.023 0.193 0.008 0.366 0.392 0.010 
 11 24.0611.E1    (0)    1 :  0.009 0.011 0.037 0.009 0.067 0.859 0.008 
 12 24.0612.E1    (0)    1 :  0.010 0.012 0.007 0.015 0.009 0.930 0.016 
 13 24.0613.E1    (0)    1 :  0.009 0.008 0.026 0.008 0.158 0.785 0.007 
 14 24.0614.E1    (0)    1 :  0.012 0.018 0.188 0.018 0.022 0.372 0.370 
 15 24.0615.E1    (0)    1 :  0.016 0.012 0.115 0.045 0.017 0.757 0.038 
 16 24.0616.E1    (0)    1 :  0.013 0.009 0.012 0.014 0.013 0.932 0.007 
 17 24.0617.E1    (0)    1 :  0.030 0.014 0.487 0.013 0.037 0.395 0.025 
 18 24.0618.E1    (0)    1 :  0.018 0.039 0.160 0.010 0.063 0.702 0.007 
 19 24.0619.E1    (0)    1 :  0.019 0.009 0.010 0.315 0.099 0.542 0.007 
 20 24.0620.E1   (20)    1 :  0.016 0.024 0.040 0.028 0.105 0.069 0.717 
 21 24.0621.E1    (0)    1 :  0.007 0.014 0.096 0.449 0.093 0.333 0.008 
 22 24.0622.E1    (0)    1 :  0.020 0.020 0.009 0.008 0.026 0.906 0.012 
 23 24.0623.E1    (0)    1 :  0.069 0.020 0.026 0.031 0.025 0.810 0.019 
 24 24.0624.E1    (0)    1 :  0.008 0.008 0.012 0.006 0.009 0.949 0.008 
 25 24.0625.E1    (0)    2 :  0.634 0.041 0.035 0.033 0.053 0.024 0.181 
 26 24.0626.E1    (0)    2 :  0.821 0.014 0.009 0.013 0.006 0.007 0.130 
 27 24.0627.E1    (0)    2 :  0.451 0.009 0.008 0.435 0.055 0.011 0.031 
 28 24.0628.E1    (0)    2 :  0.340 0.052 0.088 0.015 0.223 0.033 0.249 
 29 24.0629.E1    (0)    2 :  0.790 0.034 0.021 0.015 0.015 0.117 0.008 
 30 24.0630.E1    (0)    2 :  0.793 0.009 0.010 0.010 0.012 0.008 0.159 
 31 24.0631.E1    (0)    2 :  0.964 0.006 0.004 0.005 0.005 0.010 0.006 
 32 24.0632.E1    (0)    2 :  0.876 0.013 0.009 0.014 0.011 0.012 0.065 
 33 24.0633.E1    (0)    2 :  0.469 0.124 0.076 0.015 0.048 0.024 0.244 
 34 24.0634.E1    (0)    2 :  0.927 0.012 0.014 0.010 0.013 0.014 0.010 
 35 24.0635.E1    (0)    2 :  0.549 0.260 0.055 0.027 0.029 0.042 0.038 
 36 24.0636.E1   (33)    2 :  0.053 0.029 0.012 0.020 0.082 0.042 0.763 
 37 24.0637.E1    (0)    2 :  0.960 0.007 0.004 0.006 0.007 0.006 0.010 
 38 24.0638.E1    (0)    2 :  0.814 0.084 0.007 0.016 0.059 0.013 0.007 
 39 24.0639.E1    (0)    2 :  0.725 0.022 0.074 0.042 0.011 0.101 0.026 
 40 24.0640.E1    (0)    2 :  0.948 0.009 0.007 0.006 0.008 0.013 0.009 
 41 24.0641.E1    (0)    2 :  0.386 0.032 0.021 0.362 0.051 0.123 0.026 
 42 24.0642.E1    (0)    2 :  0.538 0.011 0.006 0.010 0.295 0.091 0.049 
 43 24.0643.E1    (0)    2 :  0.556 0.021 0.013 0.280 0.013 0.015 0.102 
 44 24.0644.E1    (0)    2 :  0.822 0.009 0.067 0.012 0.069 0.013 0.008 
 45 24.0645.E1    (0)    2 :  0.652 0.007 0.018 0.009 0.278 0.013 0.023 
 46 24.0646.E1    (0)    2 :  0.822 0.009 0.065 0.012 0.071 0.014 0.008 
 47 24.0647.E1    (0)    2 :  0.961 0.007 0.004 0.006 0.007 0.006 0.010 
 48 24.0648.E1    (0)    2 :  0.960 0.007 0.004 0.006 0.007 0.007 0.010 
 49 24.0649.E1    (0)    3 :  0.011 0.908 0.031 0.025 0.014 0.007 0.005 
 50 24.0650.E1    (0)    3 :  0.005 0.027 0.566 0.013 0.341 0.042 0.005 
 51 24.0651.E1    (0)    3 :  0.316 0.569 0.022 0.044 0.019 0.012 0.018 
 52 24.0652.E1    (0)    3 :  0.005 0.754 0.051 0.153 0.008 0.020 0.008 
 53 24.0653.E1    (0)    3 :  0.007 0.050 0.020 0.893 0.014 0.008 0.008 
 54 24.0654.E1    (0)    3 :  0.010 0.773 0.088 0.103 0.011 0.009 0.007 
 55 24.0655.E1    (0)    3 :  0.031 0.733 0.068 0.015 0.018 0.121 0.013 
 56 24.0656.E1    (0)    3 :  0.006 0.716 0.066 0.129 0.017 0.011 0.054 
 57 24.0657.E1    (0)    3 :  0.006 0.726 0.063 0.129 0.016 0.010 0.050 
 58 24.0658.E1    (0)    3 :  0.009 0.759 0.098 0.039 0.064 0.022 0.009 
 59 24.0659.E1    (0)    3 :  0.022 0.547 0.089 0.269 0.017 0.051 0.005 
 60 24.0660.E1    (6)    3 :  0.019 0.896 0.010 0.026 0.018 0.023 0.008 
 61 24.0661.E1    (0)    3 :  0.009 0.471 0.204 0.144 0.010 0.010 0.153 
 62 24.0662.E1    (0)    3 :  0.073 0.324 0.172 0.104 0.020 0.290 0.017 
 63 24.0663.E1    (0)    3 :  0.011 0.038 0.882 0.011 0.041 0.008 0.009 
 64 24.0664.E1    (0)    3 :  0.007 0.814 0.038 0.078 0.012 0.008 0.043 
 65 24.0665.E1    (0)    3 :  0.008 0.641 0.018 0.097 0.021 0.008 0.208 
 66 24.0666.E1    (0)    3 :  0.009 0.025 0.011 0.920 0.015 0.012 0.007 
 67 24.0667.E1    (0)    3 :  0.006 0.051 0.010 0.902 0.010 0.014 0.006 
 68 24.0668.E1    (0)    3 :  0.007 0.009 0.007 0.962 0.006 0.005 0.005 
 69 24.0669.E1    (0)    3 :  0.006 0.009 0.006 0.961 0.007 0.005 0.006 
 70 24.0670.E1    (0)    3 :  0.006 0.888 0.052 0.028 0.005 0.014 0.007 
 71 24.0671.E1    (0)    3 :  0.013 0.867 0.058 0.023 0.015 0.013 0.010 
 72 24.0672.E1    (0)    3 :  0.009 0.500 0.011 0.345 0.045 0.082 0.007 
 73 24.0673.E1    (6)    4 :  0.025 0.052 0.084 0.019 0.198 0.156 0.466 
 74 24.0674.E1    (0)    4 :  0.011 0.011 0.016 0.007 0.809 0.092 0.055 
 75 24.0675.E1    (0)    4 :  0.033 0.025 0.116 0.013 0.739 0.028 0.046 
 76 24.0676.E1    (0)    4 :  0.010 0.031 0.123 0.009 0.789 0.014 0.024 
 77 24.0677.E1    (0)    4 :  0.006 0.585 0.180 0.086 0.049 0.076 0.018 
 78 24.0678.E1    (0)    4 :  0.047 0.220 0.012 0.131 0.029 0.545 0.016 
 79 24.0679.E1    (0)    4 :  0.015 0.473 0.107 0.039 0.206 0.149 0.010 
 80 24.0680.E1    (0)    4 :  0.020 0.647 0.015 0.159 0.093 0.050 0.015 
 81 24.0681.E1    (0)    4 :  0.012 0.232 0.012 0.020 0.613 0.089 0.023 
 82 24.0682.E1    (0)    4 :  0.006 0.006 0.005 0.006 0.963 0.007 0.007 
 83 24.0683.E1    (0)    4 :  0.008 0.010 0.009 0.012 0.704 0.098 0.158 
 84 24.0684.E1    (0)    4 :  0.024 0.034 0.028 0.020 0.666 0.182 0.047 
 85 24.0685.E1    (0)    4 :  0.012 0.013 0.011 0.033 0.835 0.066 0.030 
 86 24.0686.E1    (0)    4 :  0.155 0.488 0.018 0.024 0.059 0.239 0.016 
 87 24.0687.E1    (0)    4 :  0.289 0.359 0.029 0.013 0.092 0.192 0.025 
 88 24.0688.E1    (0)    4 :  0.008 0.012 0.005 0.007 0.951 0.008 0.009 
 89 24.0689.E1    (0)    4 :  0.023 0.134 0.559 0.013 0.165 0.050 0.056 
 90 24.0690.E1    (0)    4 :  0.061 0.326 0.011 0.464 0.061 0.035 0.042 
 91 24.0691.E1    (0)    4 :  0.010 0.016 0.018 0.008 0.864 0.074 0.011 
 92 24.0692.E1    (0)    4 :  0.007 0.073 0.014 0.010 0.875 0.008 0.013 
 93 24.0693.E1    (0)    4 :  0.012 0.088 0.074 0.018 0.285 0.016 0.507 
 94 24.0694.E1    (0)    4 :  0.007 0.013 0.006 0.014 0.921 0.026 0.012 
 95 24.0695.E1    (0)    4 :  0.008 0.018 0.019 0.022 0.808 0.115 0.010 
 96 24.0696.E1    (0)    4 :  0.017 0.016 0.013 0.014 0.855 0.075 0.011 
 97 24.0697.E1    (0)    5 :  0.017 0.567 0.032 0.021 0.169 0.010 0.184 
 98 24.0698.E1    (0)    5 :  0.025 0.492 0.101 0.095 0.051 0.050 0.187 
 99 24.0699.E1    (0)    5 :  0.021 0.806 0.013 0.073 0.010 0.063 0.015 
100 24.0700.E1    (0)    5 :  0.009 0.900 0.011 0.014 0.044 0.011 0.012 
101 24.0701.E1    (0)    5 :  0.012 0.020 0.014 0.870 0.014 0.012 0.057 
102 24.0702.E1    (0)    5 :  0.019 0.819 0.011 0.044 0.031 0.023 0.053 
103 24.0703.E1    (0)    5 :  0.165 0.696 0.020 0.071 0.012 0.025 0.011 
104 24.0704.E1    (6)    5 :  0.031 0.593 0.014 0.262 0.040 0.044 0.015 
105 24.0705.E1    (0)    5 :  0.013 0.079 0.012 0.026 0.811 0.049 0.010 
106 24.0706.E1    (0)    5 :  0.011 0.813 0.021 0.051 0.075 0.011 0.018 
107 24.0707.E1    (0)    5 :  0.035 0.769 0.008 0.025 0.071 0.067 0.025 
108 24.0708.E1    (0)    5 :  0.295 0.038 0.377 0.025 0.052 0.185 0.028 
109 24.0709.E1    (0)    5 :  0.011 0.016 0.028 0.014 0.910 0.011 0.009 
110 24.0710.E1    (0)    5 :  0.012 0.262 0.072 0.144 0.301 0.163 0.045 
111 24.0711.E1    (0)    5 :  0.073 0.517 0.012 0.106 0.123 0.142 0.026 
112 24.0712.E1    (0)    5 :  0.055 0.063 0.009 0.760 0.045 0.038 0.029 
113 24.0713.E1    (0)    5 :  0.012 0.245 0.039 0.023 0.644 0.013 0.024 
114 24.0714.E1    (0)    5 :  0.026 0.772 0.033 0.033 0.039 0.083 0.014 
115 24.0715.E1    (0)    5 :  0.009 0.188 0.042 0.027 0.126 0.063 0.545 
116 24.0716.E1    (0)    5 :  0.067 0.363 0.051 0.367 0.029 0.102 0.022 
117 24.0717.E1    (0)    5 :  0.072 0.556 0.039 0.030 0.034 0.022 0.247 
118 24.0718.E1    (0)    5 :  0.027 0.642 0.010 0.041 0.230 0.033 0.017 
119 24.0719.E1    (0)    5 :  0.018 0.021 0.019 0.023 0.903 0.008 0.009 
120 24.0720.E1    (0)    5 :  0.014 0.160 0.015 0.020 0.764 0.017 0.009 
121 24.0721.E1    (0)    6 :  0.034 0.156 0.073 0.018 0.096 0.019 0.605 
122 24.0722.E1    (0)    6 :  0.222 0.047 0.016 0.043 0.095 0.036 0.541 
123 24.0723.E1    (0)    6 :  0.369 0.044 0.133 0.013 0.021 0.035 0.386 
124 24.0724.E1    (0)    6 :  0.033 0.029 0.163 0.016 0.356 0.311 0.092 
125 24.0725.E1    (0)    6 :  0.010 0.027 0.008 0.010 0.014 0.923 0.009 
126 24.0726.E1    (6)    6 :  0.013 0.040 0.011 0.011 0.225 0.595 0.104 
127 24.0727.E1    (0)    6 :  0.017 0.042 0.041 0.030 0.028 0.440 0.401 
128 24.0728.E1    (0)    6 :  0.031 0.178 0.025 0.013 0.026 0.507 0.220 
129 24.0729.E1    (0)    6 :  0.017 0.017 0.019 0.028 0.314 0.556 0.049 
130 24.0730.E1    (0)    6 :  0.015 0.610 0.052 0.045 0.052 0.136 0.090 
131 24.0731.E1    (0)    6 :  0.016 0.013 0.013 0.007 0.659 0.216 0.077 
132 24.0732.E1    (0)    6 :  0.012 0.041 0.005 0.019 0.097 0.062 0.763 
133 24.0733.E1    (0)    6 :  0.007 0.007 0.006 0.005 0.010 0.940 0.025 
134 24.0734.E1    (0)    6 :  0.024 0.065 0.011 0.011 0.012 0.062 0.814 
135 24.0735.E1    (0)    6 :  0.045 0.060 0.020 0.014 0.020 0.679 0.162 
136 24.0736.E1    (0)    6 :  0.009 0.010 0.008 0.007 0.010 0.917 0.039 
137 24.0737.E1    (0)    6 :  0.034 0.026 0.013 0.009 0.016 0.892 0.009 
138 24.0738.E1    (0)    6 :  0.012 0.020 0.009 0.013 0.013 0.900 0.033 
139 24.0739.E1    (0)    6 :  0.017 0.035 0.009 0.008 0.014 0.909 0.008 
140 24.0740.E1    (0)    6 :  0.018 0.020 0.015 0.019 0.429 0.481 0.017 
141 24.0741.E1    (0)    6 :  0.018 0.050 0.013 0.010 0.191 0.320 0.397 
142 24.0742.E1    (0)    6 :  0.014 0.014 0.012 0.010 0.033 0.321 0.595 
143 24.0743.E1    (0)    6 :  0.006 0.015 0.031 0.029 0.482 0.395 0.042 
144 24.0744.E1    (0)    6 :  0.017 0.029 0.041 0.319 0.194 0.214 0.186 
145 24.0745.E1    (0)    7 :  0.006 0.018 0.011 0.034 0.028 0.007 0.896 
146 24.0746.E1    (0)    7 :  0.102 0.049 0.015 0.044 0.078 0.106 0.605 
147 24.0747.E1    (0)    7 :  0.008 0.013 0.020 0.014 0.319 0.025 0.601 
148 24.0748.E1    (6)    7 :  0.009 0.015 0.026 0.017 0.403 0.029 0.502 
149 24.0749.E1    (0)    7 :  0.010 0.011 0.010 0.011 0.010 0.256 0.693 
150 24.0750.E1    (0)    7 :  0.023 0.082 0.032 0.042 0.292 0.261 0.268 
151 24.0751.E1    (0)    7 :  0.008 0.007 0.006 0.007 0.007 0.012 0.953 
152 24.0752.E1    (0)    7 :  0.007 0.013 0.013 0.010 0.017 0.087 0.853 
153 24.0753.E1    (0)    7 :  0.111 0.011 0.007 0.012 0.016 0.305 0.538 
154 24.0754.E1    (0)    7 :  0.016 0.011 0.007 0.009 0.026 0.027 0.904 
155 24.0755.E1    (0)    7 :  0.018 0.025 0.034 0.016 0.191 0.018 0.698 
156 24.0756.E1    (0)    7 :  0.010 0.006 0.018 0.013 0.009 0.025 0.919 
157 24.0757.E1    (0)    7 :  0.005 0.005 0.004 0.005 0.006 0.005 0.970 
158 24.0758.E1    (0)    7 :  0.005 0.005 0.004 0.005 0.006 0.005 0.969 
159 24.0759.E1    (0)    7 :  0.007 0.013 0.008 0.011 0.010 0.035 0.917 
160 24.0760.E1    (0)    7 :  0.236 0.058 0.007 0.013 0.031 0.017 0.637 
161 24.0761.E1    (0)    7 :  0.011 0.006 0.006 0.005 0.006 0.008 0.958 
162 24.0762.E1    (0)    7 :  0.011 0.247 0.049 0.320 0.066 0.250 0.058 
163 24.0763.E1    (0)    7 :  0.006 0.007 0.005 0.006 0.015 0.010 0.952 
164 24.0764.E1    (0)    7 :  0.009 0.009 0.006 0.007 0.007 0.024 0.938 
165 24.0765.E1    (0)    7 :  0.027 0.010 0.016 0.010 0.021 0.013 0.904 
166 24.0766.E1    (0)    7 :  0.008 0.007 0.006 0.007 0.010 0.012 0.949 
167 24.0767.E1    (0)    7 :  0.005 0.005 0.006 0.005 0.009 0.009 0.961 
168 24.0768.E1    (0)    7 :  0.007 0.026 0.059 0.039 0.507 0.272 0.091 
169 24.0779.E1    (0)    8 :  0.009 0.784 0.014 0.029 0.044 0.038 0.081 
170 24.0780.E1    (6)    8 :  0.008 0.667 0.255 0.010 0.043 0.010 0.006 
171 24.0781.E1    (0)    8 :  0.006 0.952 0.009 0.007 0.013 0.006 0.007 
172 24.0782.E1    (0)    8 :  0.070 0.219 0.044 0.016 0.388 0.223 0.041 
173 24.0783.E1    (0)    8 :  0.018 0.575 0.262 0.034 0.087 0.015 0.009 
174 24.0784.E1    (0)    8 :  0.008 0.870 0.048 0.007 0.049 0.012 0.006 
175 24.0785.E1    (0)    8 :  0.006 0.857 0.077 0.031 0.015 0.009 0.005 
176 24.0786.E1    (0)    8 :  0.011 0.611 0.139 0.017 0.173 0.032 0.016 
177 24.0787.E1    (0)    8 :  0.049 0.863 0.011 0.021 0.018 0.017 0.020 
178 24.0788.E1    (0)    8 :  0.019 0.777 0.110 0.022 0.055 0.007 0.010 
179 24.0789.E1    (0)    8 :  0.037 0.824 0.044 0.013 0.014 0.058 0.009 
180 24.0790.E1    (0)    8 :  0.010 0.927 0.014 0.029 0.009 0.005 0.005 
181 24.0791.E1    (0)    8 :  0.006 0.233 0.013 0.536 0.098 0.104 0.010 
182 24.0792.E1    (0)    8 :  0.006 0.799 0.030 0.060 0.049 0.014 0.042 
183 24.0793.E1    (0)    9 :  0.334 0.049 0.476 0.063 0.012 0.057 0.008 
184 24.0794.E1    (0)    9 :  0.010 0.177 0.119 0.028 0.008 0.647 0.010 
185 24.0795.E1    (0)    9 :  0.183 0.036 0.140 0.013 0.018 0.600 0.011 
186 24.0796.E1    (0)    9 :  0.010 0.274 0.591 0.025 0.011 0.083 0.006 
187 24.0797.E1    (0)    9 :  0.073 0.184 0.643 0.044 0.011 0.040 0.005 
188 24.0798.E1    (0)    9 :  0.202 0.030 0.059 0.613 0.031 0.014 0.050 
189 24.0799.E1    (0)    9 :  0.015 0.017 0.055 0.785 0.076 0.044 0.009 
190 24.0800.E1    (0)    9 :  0.007 0.017 0.469 0.335 0.135 0.026 0.011 
191 24.0801.E1    (0)    9 :  0.010 0.012 0.013 0.881 0.072 0.006 0.007 
192 24.0802.E1    (0)    9 :  0.506 0.034 0.405 0.015 0.012 0.021 0.007 
193 24.0803.E1    (0)    9 :  0.129 0.023 0.043 0.712 0.055 0.030 0.007 
194 24.0804.E1    (0)    9 :  0.263 0.011 0.691 0.009 0.008 0.012 0.006 
195 24.0805.E1    (0)    9 :  0.012 0.021 0.019 0.729 0.196 0.012 0.010 
196 24.0806.E1    (0)    9 :  0.649 0.021 0.159 0.086 0.021 0.049 0.016 
197 24.0807.E1    (0)    9 :  0.370 0.041 0.530 0.020 0.011 0.021 0.006 
198 24.0808.E1    (0)    9 :  0.015 0.151 0.384 0.148 0.276 0.018 0.008 
199 24.0809.E1    (0)    9 :  0.008 0.011 0.114 0.553 0.281 0.023 0.010 
200 24.0810.E1    (0)    9 :  0.034 0.015 0.152 0.627 0.129 0.027 0.017 
201 24.0811.E1    (0)    9 :  0.195 0.022 0.727 0.006 0.008 0.035 0.007 
202 24.0812.E1    (0)    9 :  0.017 0.084 0.778 0.022 0.041 0.048 0.010 
203 24.0813.E1    (0)    9 :  0.288 0.288 0.185 0.035 0.180 0.013 0.010 
204 24.0814.E1    (6)    9 :  0.140 0.018 0.673 0.092 0.060 0.010 0.007 
205 24.0815.E1    (0)    9 :  0.308 0.016 0.051 0.522 0.085 0.008 0.010 
206 24.0816.E1    (0)    9 :  0.395 0.062 0.398 0.117 0.008 0.013 0.007 
207 24.0817.E1    (0)   10 :  0.008 0.022 0.909 0.012 0.016 0.025 0.009 
208 24.0818.E1    (0)   10 :  0.013 0.094 0.807 0.017 0.009 0.049 0.012 
209 24.0819.E1    (0)   10 :  0.009 0.018 0.046 0.672 0.033 0.012 0.210 
210 24.0820.E1    (0)   10 :  0.009 0.013 0.443 0.063 0.007 0.008 0.458 
211 24.0821.E1    (0)   10 :  0.013 0.274 0.191 0.477 0.021 0.017 0.008 
212 24.0822.E1    (0)   10 :  0.005 0.033 0.897 0.013 0.016 0.009 0.027 
213 24.0823.E1    (0)   10 :  0.013 0.012 0.771 0.055 0.013 0.011 0.124 
214 24.0824.E1    (0)   10 :  0.010 0.009 0.306 0.555 0.097 0.011 0.012 
215 24.0825.E1    (0)   10 :  0.008 0.008 0.933 0.008 0.026 0.008 0.009 
216 24.0826.E1    (0)   10 :  0.010 0.027 0.595 0.067 0.010 0.007 0.284 
217 24.0827.E1    (0)   10 :  0.010 0.025 0.880 0.010 0.015 0.054 0.006 
218 24.0828.E1    (0)   10 :  0.011 0.019 0.809 0.070 0.014 0.009 0.067 
219 24.0829.E1    (0)   10 :  0.007 0.012 0.916 0.022 0.016 0.011 0.014 
220 24.0830.E1    (0)   10 :  0.009 0.098 0.847 0.016 0.014 0.010 0.006 
221 24.0831.E1    (0)   10 :  0.007 0.165 0.780 0.021 0.013 0.008 0.006 
222 24.0832.E1    (0)   10 :  0.005 0.009 0.944 0.006 0.017 0.013 0.005 
223 24.0833.E1    (0)   10 :  0.005 0.006 0.953 0.005 0.019 0.006 0.006 
224 24.0834.E1    (0)   10 :  0.010 0.010 0.925 0.009 0.019 0.012 0.015 
225 24.0835.E1    (0)   10 :  0.009 0.012 0.919 0.021 0.016 0.017 0.006 
226 24.0836.E1    (0)   10 :  0.007 0.017 0.860 0.028 0.053 0.020 0.015 
227 24.0837.E1    (0)   10 :  0.006 0.015 0.931 0.014 0.015 0.009 0.009 
228 24.0838.E1    (0)   10 :  0.006 0.014 0.931 0.007 0.021 0.006 0.015 
229 24.0839.E1    (0)   10 :  0.023 0.092 0.668 0.056 0.029 0.109 0.023 
230 24.0840.E1    (0)   10 :  0.043 0.017 0.878 0.012 0.008 0.038 0.005 
231 24.0841.E1    (0)   11 :  0.005 0.033 0.889 0.009 0.018 0.030 0.016 
232 24.0842.E1    (0)   11 :  0.005 0.019 0.702 0.230 0.012 0.022 0.010 
233 24.0843.E1    (0)   11 :  0.008 0.025 0.646 0.273 0.008 0.007 0.033 
234 24.0844.E1    (0)   11 :  0.007 0.034 0.329 0.562 0.024 0.035 0.010 
235 24.0845.E1    (0)   11 :  0.007 0.055 0.886 0.017 0.018 0.010 0.007 
236 24.0846.E1    (0)   11 :  0.012 0.013 0.911 0.020 0.019 0.015 0.010 
237 24.0847.E1    (0)   11 :  0.009 0.015 0.691 0.029 0.193 0.046 0.016 
238 24.0848.E1    (0)   11 :  0.006 0.038 0.822 0.041 0.072 0.015 0.005 
239 24.0849.E1    (0)   11 :  0.006 0.010 0.940 0.014 0.007 0.009 0.014 
240 24.0850.E1    (0)   11 :  0.006 0.010 0.940 0.014 0.007 0.009 0.014 
241 24.0851.E1    (0)   11 :  0.006 0.010 0.940 0.014 0.007 0.009 0.014 
242 24.0852.E1    (0)   11 :  0.006 0.053 0.848 0.017 0.012 0.008 0.057 
243 24.0853.E1    (0)   11 :  0.007 0.008 0.948 0.008 0.008 0.006 0.015 
244 24.0854.E1    (0)   11 :  0.008 0.019 0.036 0.901 0.012 0.012 0.012 
245 24.0855.E1    (0)   11 :  0.006 0.010 0.946 0.012 0.010 0.009 0.007 
246 24.0856.E1    (0)   11 :  0.246 0.071 0.079 0.339 0.017 0.203 0.046 
247 24.0857.E1    (0)   11 :  0.016 0.017 0.799 0.059 0.064 0.027 0.018 
248 24.0858.E1    (0)   11 :  0.007 0.042 0.851 0.049 0.019 0.017 0.017 
249 24.0859.E1    (0)   11 :  0.015 0.019 0.779 0.031 0.013 0.015 0.129 
250 24.0860.E1    (0)   11 :  0.038 0.064 0.177 0.565 0.035 0.081 0.039 
251 24.0861.E1    (0)   11 :  0.006 0.012 0.943 0.009 0.007 0.008 0.016 
252 24.0862.E1    (0)   11 :  0.202 0.090 0.342 0.103 0.023 0.231 0.010 
253 24.0863.E1    (0)   11 :  0.006 0.012 0.943 0.009 0.007 0.008 0.016 
254 24.0864.E1    (0)   11 :  0.009 0.074 0.148 0.046 0.588 0.125 0.010 
255 24.0865.E1    (0)   12 :  0.016 0.192 0.180 0.057 0.114 0.025 0.417 
256 24.0866.E1    (0)   12 :  0.008 0.133 0.161 0.139 0.487 0.040 0.032 
257 24.0867.E1    (0)   12 :  0.024 0.017 0.066 0.032 0.632 0.012 0.217 
258 24.0868.E1    (0)   12 :  0.025 0.193 0.042 0.029 0.676 0.013 0.022 
259 24.0869.E1    (0)   12 :  0.036 0.024 0.025 0.011 0.888 0.008 0.007 
260 24.0870.E1    (0)   12 :  0.110 0.214 0.025 0.022 0.461 0.140 0.028 
261 24.0871.E1    (0)   12 :  0.065 0.180 0.041 0.053 0.537 0.112 0.012 
262 24.0872.E1    (0)   12 :  0.011 0.186 0.033 0.090 0.365 0.013 0.302 
263 24.0873.E1    (0)   12 :  0.017 0.024 0.022 0.037 0.870 0.011 0.019 
264 24.0874.E1    (0)   12 :  0.010 0.029 0.121 0.081 0.445 0.011 0.304 
265 24.0875.E1    (0)   12 :  0.014 0.133 0.016 0.466 0.301 0.050 0.019 
266 24.0876.E1    (0)   12 :  0.012 0.052 0.009 0.268 0.523 0.117 0.020 
267 24.0877.E1    (0)   12 :  0.009 0.026 0.008 0.028 0.054 0.794 0.082 
268 24.0878.E1    (0)   12 :  0.013 0.016 0.054 0.014 0.379 0.503 0.021 
269 24.0879.E1    (0)   12 :  0.017 0.029 0.008 0.207 0.034 0.697 0.008 
270 24.0880.E1    (0)   12 :  0.018 0.058 0.176 0.045 0.651 0.034 0.016 
271 24.0881.E1    (0)   12 :  0.011 0.008 0.007 0.008 0.012 0.937 0.016 
272 24.0882.E1    (0)   12 :  0.009 0.022 0.011 0.015 0.027 0.263 0.651 
273 24.0883.E1    (0)   12 :  0.012 0.016 0.014 0.247 0.162 0.307 0.242 
274 24.0884.E1    (0)   12 :  0.010 0.016 0.012 0.015 0.048 0.830 0.069 
275 24.0885.E1    (0)   12 :  0.015 0.055 0.012 0.028 0.349 0.531 0.010 
276 24.0886.E1    (0)   12 :  0.006 0.020 0.011 0.080 0.368 0.300 0.215 
277 24.0887.E1    (0)   12 :  0.012 0.008 0.006 0.198 0.039 0.051 0.686 
278 24.0888.E1    (0)   12 :  0.013 0.863 0.010 0.048 0.040 0.018 0.008 


Estimated Allele Frequencies in each cluster
First column gives estimated ancestral frequencies


Locus 1 : 
31 alleles
0.0% missing data
 115   (0.033) 0.003 0.009 0.003 0.015 0.116 0.126 0.006 
 117   (0.043) 0.004 0.009 0.003 0.051 0.061 0.188 0.165 
 119   (0.041) 0.212 0.008 0.003 0.007 0.020 0.256 0.303 
 131   (0.015) 0.001 0.003 0.001 0.002 0.004 0.047 0.003 
 128   (0.038) 0.003 0.035 0.016 0.019 0.040 0.031 0.004 
 135   (0.019) 0.002 0.004 0.002 0.003 0.018 0.040 0.006 
 126   (0.081) 0.011 0.068 0.168 0.073 0.069 0.081 0.080 
 122   (0.033) 0.169 0.029 0.005 0.023 0.009 0.018 0.002 
 132   (0.030) 0.004 0.022 0.035 0.018 0.012 0.006 0.016 
 141   (0.011) 0.002 0.002 0.001 0.002 0.002 0.009 0.001 
 130   (0.053) 0.022 0.055 0.026 0.064 0.087 0.008 0.024 
 134   (0.038) 0.118 0.022 0.045 0.011 0.025 0.005 0.003 
 145   (0.027) 0.012 0.032 0.003 0.027 0.004 0.004 0.019 
 127   (0.026) 0.026 0.006 0.002 0.005 0.006 0.027 0.160 
 116   (0.101) 0.181 0.264 0.177 0.108 0.162 0.019 0.021 
 114   (0.054) 0.092 0.038 0.171 0.056 0.039 0.009 0.008 
 120   (0.038) 0.071 0.061 0.002 0.073 0.012 0.010 0.003 
 110   (0.049) 0.027 0.025 0.054 0.048 0.051 0.014 0.029 
 133   (0.016) 0.008 0.003 0.001 0.008 0.003 0.003 0.013 
 118   (0.097) 0.014 0.245 0.217 0.342 0.192 0.016 0.023 
 125   (0.015) 0.002 0.006 0.011 0.004 0.002 0.004 0.001 
 129   (0.019) 0.002 0.007 0.001 0.011 0.006 0.044 0.005 
 124   (0.017) 0.002 0.016 0.001 0.010 0.003 0.009 0.001 
 136   (0.021) 0.002 0.005 0.037 0.003 0.041 0.003 0.001 
 121   (0.014) 0.001 0.003 0.001 0.002 0.003 0.005 0.062 
 139   (0.013) 0.001 0.002 0.001 0.002 0.002 0.010 0.001 
 113   (0.011) 0.001 0.002 0.001 0.002 0.001 0.001 0.013 
 111   (0.011) 0.001 0.002 0.001 0.002 0.002 0.002 0.012 
 143   (0.010) 0.001 0.002 0.001 0.002 0.001 0.001 0.013 
 140   (0.014) 0.004 0.015 0.002 0.003 0.004 0.002 0.001 
 112   (0.012) 0.001 0.002 0.008 0.002 0.002 0.001 0.001 

Locus 2 : 
18 alleles
0.0% missing data
 152   (0.363) 0.440 0.257 0.289 0.407 0.536 0.635 0.776 
 148   (0.071) 0.186 0.026 0.006 0.029 0.152 0.136 0.029 
 154   (0.107) 0.234 0.082 0.165 0.036 0.151 0.058 0.037 
 156   (0.016) 0.002 0.006 0.001 0.003 0.002 0.016 0.001 
 150   (0.026) 0.050 0.005 0.002 0.006 0.003 0.009 0.045 
 164   (0.078) 0.020 0.115 0.091 0.031 0.034 0.070 0.019 
 158   (0.032) 0.020 0.007 0.002 0.094 0.019 0.009 0.010 
 160   (0.019) 0.002 0.011 0.001 0.003 0.006 0.003 0.023 
 166   (0.022) 0.013 0.023 0.002 0.013 0.005 0.004 0.001 
 151   (0.066) 0.006 0.245 0.337 0.128 0.009 0.008 0.005 
 147   (0.072) 0.009 0.132 0.091 0.193 0.049 0.010 0.008 
 168   (0.024) 0.003 0.024 0.002 0.020 0.007 0.003 0.003 
 153   (0.016) 0.001 0.019 0.001 0.003 0.002 0.002 0.002 
 149   (0.027) 0.002 0.011 0.002 0.023 0.015 0.004 0.011 
 162   (0.021) 0.010 0.014 0.007 0.004 0.003 0.008 0.003 
 167   (0.014) 0.001 0.002 0.001 0.002 0.002 0.022 0.001 
 146   (0.013) 0.001 0.002 0.001 0.002 0.001 0.001 0.027 
 172   (0.014) 0.001 0.020 0.001 0.002 0.002 0.002 0.001 

Locus 3 : 
4 alleles
0.0% missing data
 128   (0.288) 0.263 0.209 0.398 0.333 0.317 0.208 0.408 
 126   (0.615) 0.669 0.736 0.520 0.553 0.656 0.711 0.584 
 132   (0.082) 0.062 0.051 0.081 0.090 0.025 0.080 0.007 
 134   (0.015) 0.006 0.003 0.001 0.024 0.002 0.002 0.001 

Locus 4 : 
3 alleles
0.0% missing data
 170   (0.317) 0.406 0.360 0.352 0.239 0.180 0.332 0.271 
 172   (0.669) 0.588 0.637 0.646 0.759 0.816 0.666 0.726 
 171   (0.014) 0.006 0.003 0.001 0.002 0.005 0.002 0.003 

Locus 5 : 
37 alleles
0.0% missing data
 125   (0.054) 0.048 0.021 0.082 0.086 0.048 0.073 0.036 
 110   (0.035) 0.029 0.009 0.060 0.055 0.008 0.045 0.012 
 129   (0.033) 0.003 0.097 0.025 0.015 0.011 0.049 0.003 
 113   (0.031) 0.007 0.099 0.055 0.010 0.011 0.015 0.002 
 145   (0.054) 0.005 0.053 0.008 0.055 0.128 0.194 0.098 
 155   (0.049) 0.196 0.030 0.047 0.029 0.026 0.148 0.013 
 117   (0.032) 0.007 0.027 0.003 0.006 0.094 0.022 0.028 
 124   (0.011) 0.001 0.002 0.001 0.001 0.002 0.021 0.001 
 133   (0.036) 0.003 0.053 0.003 0.014 0.027 0.042 0.067 
 157   (0.051) 0.019 0.127 0.031 0.100 0.052 0.010 0.024 
 141   (0.016) 0.001 0.029 0.003 0.003 0.008 0.004 0.001 
 112   (0.064) 0.164 0.038 0.153 0.024 0.103 0.074 0.149 
 121   (0.022) 0.020 0.019 0.026 0.010 0.004 0.008 0.003 
 114   (0.039) 0.008 0.008 0.041 0.008 0.126 0.044 0.158 
 153   (0.049) 0.008 0.043 0.078 0.257 0.046 0.052 0.004 
 127   (0.071) 0.031 0.098 0.140 0.048 0.073 0.077 0.108 
 131   (0.052) 0.204 0.014 0.034 0.117 0.046 0.044 0.198 
 135   (0.028) 0.004 0.021 0.056 0.054 0.026 0.006 0.003 
 104   (0.011) 0.006 0.002 0.001 0.002 0.004 0.002 0.003 
 118   (0.018) 0.012 0.009 0.001 0.006 0.011 0.016 0.002 
 116   (0.027) 0.055 0.013 0.013 0.013 0.028 0.008 0.003 
 137   (0.021) 0.138 0.015 0.002 0.010 0.006 0.008 0.005 
 123   (0.019) 0.006 0.005 0.070 0.017 0.007 0.006 0.002 
 149   (0.010) 0.001 0.002 0.004 0.002 0.006 0.002 0.001 
 138   (0.012) 0.001 0.044 0.001 0.006 0.001 0.001 0.001 
 143   (0.026) 0.003 0.030 0.036 0.007 0.003 0.004 0.063 
 163   (0.010) 0.005 0.005 0.001 0.002 0.002 0.003 0.001 
 109   (0.010) 0.001 0.002 0.001 0.001 0.023 0.001 0.001 
 139   (0.010) 0.001 0.009 0.001 0.002 0.001 0.001 0.001 
 106   (0.009) 0.001 0.009 0.001 0.002 0.002 0.002 0.001 
 144   (0.015) 0.001 0.004 0.001 0.011 0.037 0.002 0.001 
 122   (0.012) 0.001 0.002 0.001 0.002 0.009 0.010 0.003 
 100   (0.018) 0.004 0.023 0.014 0.010 0.006 0.003 0.001 
 111   (0.011) 0.001 0.027 0.001 0.003 0.002 0.001 0.001 
 233   (0.011) 0.001 0.005 0.002 0.009 0.002 0.001 0.001 
 134   (0.011) 0.001 0.004 0.007 0.002 0.001 0.001 0.001 
 140   (0.011) 0.001 0.004 0.001 0.002 0.009 0.001 0.001 

Locus 6 : 
17 alleles
0.0% missing data
 221   (0.024) 0.002 0.004 0.001 0.004 0.003 0.132 0.073 
 232   (0.239) 0.129 0.348 0.416 0.303 0.236 0.193 0.471 
 229   (0.056) 0.046 0.012 0.055 0.036 0.029 0.091 0.056 
 223   (0.065) 0.009 0.036 0.043 0.071 0.069 0.088 0.009 
 230   (0.150) 0.140 0.193 0.150 0.095 0.231 0.081 0.280 
 235   (0.015) 0.001 0.003 0.001 0.002 0.002 0.064 0.001 
 236   (0.038) 0.030 0.032 0.003 0.014 0.011 0.087 0.006 
 227   (0.023) 0.002 0.009 0.002 0.009 0.010 0.056 0.003 
 220   (0.055) 0.176 0.028 0.073 0.072 0.045 0.008 0.004 
 222   (0.043) 0.304 0.035 0.008 0.061 0.030 0.005 0.003 
 234   (0.130) 0.135 0.096 0.095 0.222 0.239 0.096 0.054 
 224   (0.034) 0.004 0.029 0.046 0.062 0.006 0.005 0.002 
 228   (0.055) 0.007 0.162 0.059 0.025 0.042 0.013 0.004 
 225   (0.012) 0.004 0.002 0.001 0.002 0.002 0.008 0.001 
 226   (0.018) 0.006 0.004 0.045 0.003 0.002 0.008 0.001 
 233   (0.028) 0.002 0.005 0.002 0.015 0.024 0.041 0.032 
 231   (0.015) 0.001 0.003 0.001 0.003 0.020 0.023 0.001 

Locus 7 : 
10 alleles
0.0% missing data
 121   (0.684) 0.806 0.836 0.712 0.702 0.822 0.877 0.743 
 129   (0.086) 0.010 0.049 0.151 0.052 0.050 0.068 0.109 
 130   (0.017) 0.007 0.004 0.004 0.014 0.003 0.004 0.002 
 123   (0.097) 0.119 0.067 0.124 0.146 0.031 0.032 0.100 
 128   (0.022) 0.028 0.004 0.001 0.011 0.004 0.004 0.021 
 131   (0.016) 0.022 0.003 0.002 0.006 0.002 0.004 0.002 
 117   (0.013) 0.001 0.011 0.001 0.002 0.002 0.002 0.001 
 125   (0.014) 0.001 0.002 0.001 0.031 0.002 0.002 0.001 
 134   (0.037) 0.005 0.021 0.004 0.034 0.074 0.007 0.008 
 132   (0.014) 0.001 0.002 0.001 0.002 0.011 0.002 0.015 

Locus 8 : 
19 alleles
0.0% missing data
 184   (0.287) 0.460 0.353 0.307 0.517 0.434 0.483 0.362 
 194   (0.048) 0.019 0.038 0.009 0.016 0.072 0.033 0.023 
 178   (0.096) 0.171 0.058 0.201 0.030 0.085 0.202 0.064 
 176   (0.080) 0.011 0.089 0.038 0.103 0.082 0.043 0.212 
 182   (0.081) 0.029 0.103 0.079 0.057 0.060 0.037 0.190 
 190   (0.034) 0.060 0.007 0.016 0.028 0.007 0.008 0.037 
 196   (0.025) 0.002 0.021 0.036 0.006 0.009 0.007 0.002 
 200   (0.031) 0.008 0.028 0.002 0.026 0.007 0.020 0.010 
 180   (0.025) 0.062 0.005 0.002 0.057 0.003 0.011 0.002 
 188   (0.043) 0.007 0.031 0.031 0.015 0.057 0.026 0.006 
 174   (0.037) 0.015 0.011 0.003 0.035 0.082 0.022 0.022 
 186   (0.110) 0.127 0.215 0.218 0.047 0.075 0.087 0.061 
 192   (0.026) 0.010 0.008 0.047 0.017 0.004 0.011 0.003 
 201   (0.011) 0.009 0.002 0.001 0.007 0.001 0.001 0.002 
 199   (0.020) 0.006 0.013 0.004 0.020 0.002 0.002 0.001 
 185   (0.012) 0.001 0.009 0.001 0.004 0.001 0.001 0.001 
 203   (0.012) 0.001 0.002 0.001 0.002 0.011 0.001 0.001 
 198   (0.012) 0.001 0.004 0.003 0.004 0.005 0.001 0.001 
 209   (0.011) 0.001 0.002 0.003 0.011 0.002 0.002 0.001 

Locus 9 : 
6 alleles
0.4% missing data
 154   (0.686) 0.789 0.789 0.817 0.720 0.670 0.728 0.652 
 156   (0.210) 0.202 0.153 0.084 0.264 0.256 0.165 0.333 
 152   (0.048) 0.004 0.016 0.094 0.007 0.044 0.064 0.007 
 153   (0.015) 0.002 0.018 0.001 0.002 0.002 0.004 0.001 
 160   (0.015) 0.001 0.020 0.001 0.003 0.002 0.002 0.001 
 164   (0.026) 0.002 0.005 0.002 0.004 0.027 0.037 0.007 

Locus 10 : 
29 alleles
0.7% missing data
 305   (0.059) 0.216 0.082 0.012 0.014 0.010 0.149 0.007 
 313   (0.046) 0.011 0.057 0.024 0.009 0.009 0.134 0.004 
 311   (0.016) 0.001 0.005 0.001 0.006 0.002 0.016 0.001 
 299   (0.109) 0.027 0.162 0.207 0.059 0.038 0.273 0.026 
 315   (0.076) 0.056 0.139 0.014 0.016 0.021 0.092 0.078 
 287   (0.026) 0.003 0.008 0.003 0.459 0.004 0.009 0.002 
 291   (0.086) 0.033 0.050 0.329 0.026 0.379 0.069 0.013 
 295   (0.024) 0.003 0.006 0.002 0.003 0.158 0.032 0.002 
 289   (0.018) 0.002 0.006 0.002 0.111 0.009 0.003 0.001 
 303   (0.055) 0.025 0.057 0.129 0.031 0.016 0.011 0.584 
 297   (0.044) 0.005 0.010 0.082 0.013 0.069 0.034 0.073 
 293   (0.017) 0.002 0.006 0.001 0.074 0.016 0.025 0.001 
 301   (0.065) 0.109 0.074 0.007 0.017 0.062 0.058 0.007 
 285   (0.017) 0.393 0.006 0.004 0.005 0.002 0.002 0.001 
 307   (0.054) 0.023 0.033 0.066 0.010 0.052 0.011 0.182 
 312   (0.059) 0.043 0.083 0.067 0.023 0.066 0.009 0.005 
 306   (0.029) 0.003 0.049 0.003 0.005 0.031 0.008 0.002 
 320   (0.013) 0.001 0.021 0.001 0.002 0.002 0.002 0.001 
 317   (0.023) 0.002 0.048 0.004 0.013 0.003 0.017 0.001 
 314   (0.026) 0.002 0.014 0.002 0.020 0.007 0.027 0.002 
 323   (0.013) 0.001 0.007 0.001 0.006 0.002 0.002 0.001 
 325   (0.014) 0.001 0.007 0.001 0.006 0.002 0.002 0.001 
 310   (0.019) 0.002 0.018 0.021 0.003 0.004 0.003 0.001 
 309   (0.015) 0.001 0.003 0.001 0.002 0.022 0.002 0.001 
 316   (0.018) 0.002 0.028 0.003 0.003 0.002 0.003 0.001 
 296   (0.013) 0.001 0.010 0.001 0.002 0.002 0.002 0.001 
 304   (0.019) 0.030 0.005 0.012 0.012 0.003 0.003 0.001 
 321   (0.014) 0.002 0.003 0.001 0.024 0.005 0.002 0.001 
 332   (0.013) 0.001 0.002 0.001 0.023 0.006 0.002 0.001 

Locus 11 : 
19 alleles
0.0% missing data
 114   (0.152) 0.276 0.144 0.012 0.047 0.229 0.230 0.208 
 126   (0.021) 0.012 0.004 0.001 0.003 0.005 0.055 0.003 
 111   (0.081) 0.027 0.019 0.588 0.252 0.034 0.224 0.006 
 116   (0.109) 0.030 0.060 0.016 0.123 0.116 0.128 0.240 
 132   (0.014) 0.001 0.003 0.001 0.002 0.002 0.011 0.001 
 109   (0.017) 0.001 0.003 0.001 0.002 0.005 0.040 0.001 
 128   (0.016) 0.001 0.004 0.002 0.002 0.016 0.005 0.001 
 112   (0.320) 0.591 0.605 0.029 0.248 0.437 0.238 0.504 
 122   (0.015) 0.005 0.005 0.001 0.003 0.010 0.002 0.008 
 124   (0.013) 0.016 0.002 0.001 0.002 0.002 0.002 0.002 
 118   (0.047) 0.012 0.021 0.005 0.091 0.075 0.014 0.012 
 127   (0.013) 0.001 0.011 0.001 0.002 0.002 0.002 0.001 
 113   (0.053) 0.009 0.055 0.287 0.101 0.011 0.007 0.004 
 115   (0.034) 0.004 0.013 0.003 0.086 0.025 0.020 0.003 
 120   (0.023) 0.002 0.004 0.036 0.004 0.019 0.003 0.001 
 117   (0.022) 0.003 0.014 0.007 0.014 0.004 0.005 0.002 
 125   (0.019) 0.002 0.024 0.001 0.010 0.003 0.003 0.001 
 119   (0.017) 0.005 0.007 0.009 0.003 0.004 0.002 0.001 
 136   (0.014) 0.001 0.003 0.001 0.005 0.002 0.009 0.001 

Locus 12 : 
28 alleles
0.7% missing data
 306   (0.059) 0.249 0.052 0.018 0.019 0.010 0.147 0.006 
 314   (0.051) 0.006 0.045 0.076 0.017 0.008 0.124 0.005 
 312   (0.015) 0.001 0.003 0.001 0.002 0.002 0.023 0.001 
 300   (0.114) 0.026 0.162 0.207 0.060 0.038 0.287 0.026 
 316   (0.045) 0.051 0.012 0.013 0.007 0.007 0.083 0.075 
 288   (0.024) 0.003 0.007 0.002 0.454 0.003 0.008 0.002 
 292   (0.096) 0.033 0.052 0.331 0.034 0.381 0.071 0.013 
 296   (0.030) 0.003 0.014 0.003 0.005 0.158 0.033 0.002 
 290   (0.020) 0.002 0.007 0.002 0.112 0.009 0.004 0.001 
 304   (0.060) 0.025 0.058 0.129 0.032 0.017 0.012 0.586 
 298   (0.047) 0.005 0.010 0.082 0.014 0.068 0.035 0.073 
 294   (0.020) 0.002 0.006 0.001 0.075 0.016 0.026 0.001 
 302   (0.066) 0.106 0.074 0.007 0.018 0.061 0.059 0.007 
 286   (0.019) 0.401 0.006 0.004 0.006 0.002 0.002 0.001 
 308   (0.031) 0.021 0.026 0.002 0.007 0.012 0.007 0.178 
 313   (0.048) 0.043 0.103 0.005 0.018 0.070 0.008 0.004 
 307   (0.046) 0.004 0.053 0.070 0.007 0.072 0.010 0.004 
 321   (0.015) 0.001 0.021 0.001 0.002 0.002 0.002 0.001 
 315   (0.048) 0.005 0.140 0.003 0.033 0.019 0.033 0.003 
 318   (0.021) 0.002 0.046 0.006 0.011 0.003 0.007 0.001 
 324   (0.013) 0.001 0.007 0.001 0.006 0.002 0.002 0.001 
 326   (0.013) 0.001 0.007 0.001 0.006 0.002 0.002 0.001 
 311   (0.025) 0.002 0.028 0.030 0.011 0.005 0.008 0.002 
 310   (0.015) 0.001 0.003 0.001 0.002 0.022 0.002 0.001 
 305   (0.016) 0.001 0.030 0.001 0.002 0.002 0.002 0.001 
 317   (0.016) 0.001 0.021 0.001 0.002 0.002 0.002 0.001 
 320   (0.013) 0.001 0.002 0.001 0.012 0.004 0.002 0.001 
 322   (0.015) 0.002 0.003 0.001 0.024 0.005 0.002 0.001 

Locus 13 : 
7 alleles
1.1% missing data
 161   (0.596) 0.102 0.528 0.335 0.610 0.819 0.646 0.895 
 163   (0.295) 0.054 0.451 0.574 0.372 0.142 0.279 0.028 
 160   (0.019) 0.416 0.004 0.001 0.003 0.003 0.002 0.001 
 162   (0.017) 0.420 0.003 0.001 0.002 0.002 0.002 0.001 
 165   (0.043) 0.006 0.008 0.087 0.008 0.027 0.064 0.005 
 166   (0.015) 0.001 0.003 0.001 0.003 0.005 0.005 0.003 
 164   (0.016) 0.001 0.003 0.001 0.002 0.002 0.002 0.067 

Locus 14 : 
4 alleles
0.4% missing data
  98   (0.955) 0.996 0.977 0.997 0.992 0.990 0.989 0.985 
 100   (0.014) 0.001 0.009 0.001 0.003 0.002 0.002 0.002 
  96   (0.018) 0.002 0.004 0.001 0.003 0.006 0.008 0.012 
 105   (0.014) 0.001 0.010 0.001 0.003 0.002 0.002 0.001 

Locus 15 : 
12 alleles
2.2% missing data
 171   (0.306) 0.195 0.384 0.319 0.433 0.240 0.386 0.178 
 177   (0.182) 0.308 0.134 0.087 0.251 0.268 0.190 0.058 
 173   (0.262) 0.192 0.313 0.552 0.156 0.338 0.283 0.094 
 179   (0.099) 0.283 0.074 0.016 0.100 0.034 0.082 0.554 
 183   (0.019) 0.002 0.006 0.002 0.004 0.002 0.034 0.006 
 181   (0.042) 0.004 0.049 0.019 0.007 0.014 0.008 0.104 
 197   (0.017) 0.001 0.003 0.001 0.002 0.055 0.003 0.002 
 170   (0.014) 0.001 0.016 0.001 0.006 0.003 0.002 0.001 
 189   (0.015) 0.009 0.011 0.001 0.002 0.003 0.006 0.001 
 203   (0.015) 0.001 0.003 0.001 0.002 0.035 0.002 0.001 
 187   (0.015) 0.001 0.004 0.001 0.025 0.004 0.002 0.001 
 198   (0.013) 0.001 0.002 0.001 0.012 0.004 0.002 0.001 

Values of parameters used in structure:
DATAFILE=STRUCTURE_main_final_278_HEG_ZG.str,	OUTFILE=STRUCTURE_main_final_278_HEG_ZG-K7-5,	NUMINDS=278,	NUMLOCI=15,	MISSING=-9,	LABEL=1,	POPDATA=1,	POPFLAG=0,	PHENOTYPE=0,	EXTRACOLS=0,	MAXPOPS=7,	BURNIN=100000,	NUMREPS=500000,	USEPOPINFO=0,	INFERALPHA=1,	INFERLAMBDA=0,	POPSPECIFICLAMBDA=0,	POPALPHAS=0,	COMPUTEPROB=1,	NOADMIX=0,	ADMBURNIN=2500,	UPDATEFREQ=1,	PRINTLIKES=0,	INTERMEDSAVE=0,	PRINTKLD=0,	PRINTNET=0,	PRINTLAMBDA=0,	ANCESTDIST=0,	NUMBOXES=1000,	ANCESTPINT=0.90000,	GENSBACK=2,	MIGRPRIOR=0.05000,	PRINTQHAT=0,	PRINTQSUM=0,	ALPHA=1.0000,	FREQSCORR=1,	FPRIORMEAN=0.0100,	FPRIORSD=0.0500,	ONEFST=0,	LAMBDA=1.0000,	UNIFPRIORALPHA=1,	ALPHAMAX=10.0000,	ALPHAPRIORA=1.0000,	ALPHAPRIORB=2.0000,	ALPHAPROPSD=0.0250,	STARTATPOPINFO=0,	RANDOMIZE=1,	LINKAGE=0,	METROFREQ=10,	REPORTHITRATE=0,	MARKOVPHASE=-1,	PHASED=0,	PLOIDY=2,	PHASEINFO=0	LOCPRIOR=0, 	LOCPRIORINIT=1.000000, 	LOCDATA=0, 	LOCISPOP=0, 	LOCPRIORSTEP=0.100000, 	MAXLOCPRIOR=20.000000, 	SEED=1782482316,	
[STRAT parameters]:    NUMSIMSTATS=1000,	PHENOTYPECOL=-9,	POOLFREQ=10,	LOCUSxONLY=0,	EMERROR=0.00100,	MISSINGPHENO=-9,	