

----------------------------------------------------
STRUCTURE by Pritchard, Stephens and Donnelly (2000)
     and Falush, Stephens and Pritchard (2003)
       Code by Pritchard, Falush and Hubisz
             Version 2.3.4 (Jul 2012)
----------------------------------------------------



Command line arguments:   structure -K 11 -i STRUCTURE_main_final_278_HEG_ZG.str -o STRUCTURE_main_final_278_HEG_ZG-K11-6 
Input File:    STRUCTURE_main_final_278_HEG_ZG.str

Run parameters:
   278 individuals
   15 loci
   11 populations assumed
   100000 Burn-in period
   500000 Reps


--------------------------------------------
Proportion of membership of each pre-defined
 population in each of the 11 clusters

Given    Inferred Clusters                                                               Number of
 Pop       1      2      3      4      5      6      7      8      9     10     11      Individuals

  1:     0.014  0.017  0.032  0.038  0.090  0.069  0.591  0.087  0.014  0.013  0.035       24
  2:     0.698  0.042  0.019  0.012  0.019  0.052  0.017  0.065  0.011  0.036  0.030       24
  3:     0.011  0.235  0.012  0.070  0.046  0.010  0.018  0.040  0.303  0.236  0.021       24
  4:     0.020  0.032  0.017  0.041  0.046  0.032  0.048  0.156  0.086  0.039  0.484       24
  5:     0.025  0.013  0.038  0.050  0.018  0.043  0.023  0.228  0.301  0.098  0.164       24
  6:     0.024  0.022  0.014  0.045  0.013  0.203  0.425  0.042  0.067  0.028  0.118       24
  7:     0.029  0.009  0.025  0.010  0.014  0.744  0.054  0.051  0.013  0.013  0.039       24
  8:     0.013  0.042  0.012  0.017  0.051  0.011  0.018  0.194  0.581  0.012  0.049       14
  9:     0.017  0.030  0.342  0.423  0.052  0.006  0.035  0.013  0.037  0.028  0.016       24
 10:     0.008  0.161  0.034  0.061  0.593  0.013  0.011  0.037  0.030  0.040  0.012       24
 11:     0.008  0.331  0.066  0.159  0.245  0.011  0.019  0.028  0.026  0.079  0.026       24
 12:     0.017  0.074  0.086  0.010  0.057  0.106  0.267  0.153  0.072  0.045  0.113       24
--------------------------------------------

Allele-freq. divergence among pops (Net nucleotide distance),
computed using point estimates of P.

      1       2       3       4       5       6       7       8       9      10      11      
 1      -    0.1415  0.1238  0.0961  0.1223  0.1089  0.0720  0.0712  0.0724  0.1234  0.0811  
 2   0.1415     -    0.1092  0.0805  0.0877  0.0926  0.0920  0.0776  0.0786  0.1215  0.0983  
 3   0.1238  0.1092     -    0.1005  0.0799  0.1118  0.0597  0.0723  0.0749  0.1116  0.0563  
 4   0.0961  0.0805  0.1005     -    0.0632  0.1242  0.0626  0.0568  0.0618  0.1190  0.0852  
 5   0.1223  0.0877  0.0799  0.0632     -    0.1425  0.0732  0.0697  0.0642  0.1208  0.0762  
 6   0.1089  0.0926  0.1118  0.1242  0.1425     -    0.0701  0.0695  0.0887  0.1320  0.0717  
 7   0.0720  0.0920  0.0597  0.0626  0.0732  0.0701     -    0.0323  0.0389  0.0936  0.0379  
 8   0.0712  0.0776  0.0723  0.0568  0.0697  0.0695  0.0323     -    0.0254  0.0772  0.0326  
 9   0.0724  0.0786  0.0749  0.0618  0.0642  0.0887  0.0389  0.0254     -    0.0770  0.0433  
10   0.1234  0.1215  0.1116  0.1190  0.1208  0.1320  0.0936  0.0772  0.0770     -    0.0920  
11   0.0811  0.0983  0.0563  0.0852  0.0762  0.0717  0.0379  0.0326  0.0433  0.0920     -    

Average distances (expected heterozygosity) between individuals in same cluster:
cluster  1  : 0.6071 
cluster  2  : 0.5417 
cluster  3  : 0.5449 
cluster  4  : 0.5982 
cluster  5  : 0.5947 
cluster  6  : 0.5462 
cluster  7  : 0.6159 
cluster  8  : 0.6305 
cluster  9  : 0.6234 
cluster 10  : 0.5757 
cluster 11  : 0.5967 

--------------------------------------------
Estimated Ln Prob of Data   = -12207.4
Mean value of ln likelihood = -11459.7
Variance of ln likelihood   = 1495.4
Mean value of alpha         = 0.0475

Mean value of Fst_1         = 0.2135
Mean value of Fst_2         = 0.2310
Mean value of Fst_3         = 0.2245
Mean value of Fst_4         = 0.1629
Mean value of Fst_5         = 0.1771
Mean value of Fst_6         = 0.2067
Mean value of Fst_7         = 0.0922
Mean value of Fst_8         = 0.1004
Mean value of Fst_9         = 0.0773
Mean value of Fst_10         = 0.2081
Mean value of Fst_11         = 0.1299


Inferred ancestry of individuals:
        Label (%Miss) Pop:  Inferred clusters
  1 24.0601.E1    (0)    1 :  0.013 0.013 0.006 0.011 0.007 0.014 0.899 0.012 0.006 0.010 0.008 
  2 24.0602.E1    (0)    1 :  0.004 0.009 0.008 0.022 0.011 0.009 0.890 0.022 0.009 0.009 0.006 
  3 24.0603.E1    (0)    1 :  0.005 0.006 0.008 0.017 0.005 0.020 0.832 0.020 0.041 0.007 0.038 
  4 24.0604.E1    (0)    1 :  0.008 0.005 0.021 0.006 0.048 0.005 0.644 0.022 0.004 0.144 0.094 
  5 24.0605.E1    (0)    1 :  0.007 0.012 0.015 0.035 0.008 0.031 0.828 0.017 0.009 0.006 0.031 
  6 24.0606.E1    (0)    1 :  0.011 0.006 0.007 0.029 0.022 0.020 0.716 0.091 0.014 0.006 0.078 
  7 24.0607.E1    (0)    1 :  0.006 0.009 0.397 0.029 0.011 0.289 0.083 0.110 0.039 0.011 0.015 
  8 24.0608.E1    (0)    1 :  0.003 0.130 0.015 0.017 0.028 0.102 0.673 0.014 0.006 0.006 0.006 
  9 24.0609.E1    (0)    1 :  0.005 0.012 0.042 0.009 0.465 0.005 0.133 0.065 0.016 0.008 0.240 
 10 24.0610.E1    (0)    1 :  0.005 0.004 0.009 0.012 0.442 0.009 0.435 0.010 0.017 0.005 0.052 
 11 24.0611.E1    (0)    1 :  0.007 0.005 0.016 0.056 0.036 0.006 0.824 0.007 0.007 0.005 0.031 
 12 24.0612.E1    (0)    1 :  0.009 0.005 0.008 0.011 0.008 0.017 0.898 0.013 0.009 0.016 0.007 
 13 24.0613.E1    (0)    1 :  0.006 0.005 0.009 0.005 0.025 0.005 0.888 0.008 0.006 0.005 0.039 
 14 24.0614.E1    (0)    1 :  0.006 0.070 0.014 0.343 0.009 0.330 0.187 0.019 0.006 0.005 0.010 
 15 24.0615.E1    (0)    1 :  0.016 0.022 0.052 0.023 0.172 0.056 0.588 0.033 0.009 0.020 0.010 
 16 24.0616.E1    (0)    1 :  0.015 0.006 0.028 0.006 0.011 0.005 0.894 0.011 0.007 0.006 0.012 
 17 24.0617.E1    (0)    1 :  0.031 0.008 0.028 0.017 0.580 0.022 0.262 0.013 0.015 0.006 0.018 
 18 24.0618.E1    (0)    1 :  0.008 0.017 0.011 0.052 0.060 0.005 0.768 0.024 0.030 0.005 0.021 
 19 24.0619.E1    (0)    1 :  0.012 0.005 0.013 0.013 0.019 0.004 0.178 0.729 0.006 0.005 0.015 
 20 24.0620.E1   (20)    1 :  0.013 0.009 0.029 0.013 0.042 0.671 0.030 0.099 0.017 0.010 0.067 
 21 24.0621.E1    (0)    1 :  0.004 0.026 0.011 0.111 0.083 0.005 0.033 0.709 0.006 0.005 0.007 
 22 24.0622.E1    (0)    1 :  0.023 0.006 0.005 0.005 0.011 0.009 0.898 0.012 0.015 0.005 0.011 
 23 24.0623.E1    (0)    1 :  0.114 0.012 0.017 0.066 0.040 0.022 0.656 0.029 0.023 0.010 0.012 
 24 24.0624.E1    (0)    1 :  0.006 0.005 0.005 0.011 0.011 0.006 0.935 0.006 0.006 0.004 0.006 
 25 24.0625.E1    (0)    2 :  0.546 0.189 0.004 0.061 0.009 0.055 0.013 0.016 0.018 0.041 0.047 
 26 24.0626.E1    (0)    2 :  0.803 0.134 0.003 0.005 0.003 0.032 0.004 0.004 0.004 0.004 0.004 
 27 24.0627.E1    (0)    2 :  0.471 0.013 0.011 0.007 0.005 0.022 0.006 0.064 0.006 0.377 0.018 
 28 24.0628.E1    (0)    2 :  0.439 0.150 0.023 0.008 0.115 0.133 0.035 0.023 0.017 0.006 0.052 
 29 24.0629.E1    (0)    2 :  0.841 0.007 0.011 0.007 0.010 0.006 0.069 0.009 0.024 0.009 0.008 
 30 24.0630.E1    (0)    2 :  0.794 0.050 0.005 0.009 0.004 0.102 0.005 0.011 0.005 0.006 0.010 
 31 24.0631.E1    (0)    2 :  0.964 0.003 0.003 0.004 0.003 0.004 0.005 0.005 0.003 0.003 0.003 
 32 24.0632.E1    (0)    2 :  0.905 0.005 0.005 0.006 0.006 0.025 0.007 0.006 0.010 0.011 0.013 
 33 24.0633.E1    (0)    2 :  0.313 0.350 0.004 0.019 0.007 0.046 0.011 0.228 0.009 0.005 0.008 
 34 24.0634.E1    (0)    2 :  0.872 0.024 0.005 0.030 0.011 0.007 0.009 0.011 0.012 0.009 0.010 
 35 24.0635.E1    (0)    2 :  0.448 0.020 0.013 0.050 0.018 0.019 0.018 0.364 0.030 0.012 0.009 
 36 24.0636.E1   (33)    2 :  0.069 0.009 0.007 0.008 0.010 0.609 0.031 0.024 0.021 0.024 0.188 
 37 24.0637.E1    (0)    2 :  0.955 0.003 0.004 0.005 0.003 0.007 0.004 0.004 0.005 0.004 0.005 
 38 24.0638.E1    (0)    2 :  0.762 0.005 0.006 0.005 0.005 0.004 0.007 0.167 0.017 0.008 0.014 
 39 24.0639.E1    (0)    2 :  0.758 0.009 0.011 0.008 0.094 0.014 0.038 0.010 0.022 0.030 0.008 
 40 24.0640.E1    (0)    2 :  0.923 0.007 0.006 0.016 0.008 0.006 0.009 0.008 0.007 0.005 0.007 
 41 24.0641.E1    (0)    2 :  0.346 0.007 0.191 0.007 0.011 0.014 0.025 0.374 0.010 0.007 0.006 
 42 24.0642.E1    (0)    2 :  0.537 0.005 0.006 0.004 0.004 0.048 0.061 0.189 0.005 0.007 0.134 
 43 24.0643.E1    (0)    2 :  0.591 0.006 0.004 0.013 0.012 0.055 0.008 0.015 0.014 0.261 0.018 
 44 24.0644.E1    (0)    2 :  0.877 0.005 0.026 0.005 0.036 0.005 0.007 0.006 0.006 0.004 0.022 
 45 24.0645.E1    (0)    2 :  0.752 0.004 0.062 0.005 0.031 0.016 0.010 0.006 0.005 0.006 0.104 
 46 24.0646.E1    (0)    2 :  0.877 0.005 0.026 0.006 0.036 0.005 0.007 0.006 0.006 0.004 0.022 
 47 24.0647.E1    (0)    2 :  0.955 0.003 0.004 0.005 0.003 0.007 0.004 0.004 0.005 0.004 0.005 
 48 24.0648.E1    (0)    2 :  0.955 0.003 0.004 0.005 0.003 0.007 0.004 0.004 0.005 0.004 0.005 
 49 24.0649.E1    (0)    3 :  0.005 0.010 0.007 0.009 0.017 0.003 0.005 0.047 0.879 0.011 0.007 
 50 24.0650.E1    (0)    3 :  0.004 0.168 0.011 0.201 0.105 0.004 0.029 0.182 0.055 0.009 0.230 
 51 24.0651.E1    (0)    3 :  0.086 0.049 0.012 0.378 0.007 0.028 0.007 0.023 0.334 0.049 0.027 
 52 24.0652.E1    (0)    3 :  0.005 0.825 0.008 0.007 0.005 0.005 0.033 0.065 0.032 0.010 0.006 
 53 24.0653.E1    (0)    3 :  0.005 0.016 0.021 0.010 0.019 0.006 0.005 0.019 0.056 0.835 0.008 
 54 24.0654.E1    (0)    3 :  0.011 0.518 0.007 0.006 0.024 0.004 0.007 0.008 0.401 0.007 0.007 
 55 24.0655.E1    (0)    3 :  0.025 0.356 0.008 0.077 0.029 0.008 0.047 0.041 0.391 0.008 0.011 
 56 24.0656.E1    (0)    3 :  0.006 0.891 0.006 0.005 0.012 0.010 0.008 0.018 0.017 0.014 0.015 
 57 24.0657.E1    (0)    3 :  0.006 0.880 0.006 0.006 0.012 0.010 0.008 0.022 0.021 0.014 0.015 
 58 24.0658.E1    (0)    3 :  0.006 0.005 0.018 0.008 0.108 0.006 0.017 0.020 0.750 0.041 0.021 
 59 24.0659.E1    (0)    3 :  0.008 0.088 0.006 0.230 0.022 0.004 0.050 0.126 0.107 0.348 0.010 
 60 24.0660.E1    (6)    3 :  0.012 0.009 0.008 0.007 0.006 0.006 0.019 0.081 0.830 0.009 0.013 
 61 24.0661.E1    (0)    3 :  0.005 0.907 0.009 0.010 0.005 0.006 0.010 0.007 0.029 0.007 0.005 
 62 24.0662.E1    (0)    3 :  0.012 0.045 0.007 0.608 0.020 0.021 0.064 0.024 0.073 0.115 0.011 
 63 24.0663.E1    (0)    3 :  0.009 0.067 0.033 0.029 0.610 0.005 0.006 0.008 0.195 0.006 0.033 
 64 24.0664.E1    (0)    3 :  0.007 0.286 0.015 0.004 0.014 0.030 0.006 0.015 0.606 0.008 0.008 
 65 24.0665.E1    (0)    3 :  0.006 0.403 0.011 0.007 0.004 0.052 0.006 0.028 0.430 0.035 0.016 
 66 24.0666.E1    (0)    3 :  0.005 0.007 0.005 0.004 0.007 0.004 0.007 0.008 0.007 0.935 0.010 
 67 24.0667.E1    (0)    3 :  0.003 0.006 0.004 0.004 0.004 0.004 0.010 0.014 0.010 0.936 0.005 
 68 24.0668.E1    (0)    3 :  0.004 0.004 0.005 0.003 0.004 0.003 0.003 0.004 0.004 0.963 0.004 
 69 24.0669.E1    (0)    3 :  0.004 0.004 0.011 0.003 0.004 0.003 0.004 0.004 0.005 0.954 0.004 
 70 24.0670.E1    (0)    3 :  0.003 0.010 0.003 0.020 0.021 0.004 0.009 0.021 0.880 0.024 0.004 
 71 24.0671.E1    (0)    3 :  0.009 0.066 0.008 0.034 0.027 0.007 0.007 0.013 0.797 0.010 0.020 
 72 24.0672.E1    (0)    3 :  0.005 0.010 0.045 0.014 0.008 0.006 0.072 0.171 0.351 0.309 0.011 
 73 24.0673.E1    (6)    4 :  0.021 0.439 0.005 0.030 0.008 0.102 0.121 0.060 0.017 0.008 0.190 
 74 24.0674.E1    (0)    4 :  0.007 0.004 0.005 0.017 0.006 0.008 0.007 0.006 0.006 0.004 0.928 
 75 24.0675.E1    (0)    4 :  0.027 0.024 0.021 0.056 0.043 0.023 0.026 0.017 0.037 0.010 0.717 
 76 24.0676.E1    (0)    4 :  0.007 0.020 0.061 0.026 0.262 0.029 0.016 0.026 0.057 0.007 0.489 
 77 24.0677.E1    (0)    4 :  0.004 0.036 0.062 0.026 0.024 0.012 0.036 0.066 0.695 0.017 0.022 
 78 24.0678.E1    (0)    4 :  0.060 0.038 0.037 0.021 0.007 0.011 0.391 0.202 0.139 0.076 0.019 
 79 24.0679.E1    (0)    4 :  0.010 0.007 0.008 0.018 0.069 0.007 0.079 0.643 0.037 0.027 0.096 
 80 24.0680.E1    (0)    4 :  0.011 0.009 0.015 0.008 0.006 0.008 0.020 0.817 0.057 0.030 0.020 
 81 24.0681.E1    (0)    4 :  0.009 0.009 0.011 0.014 0.007 0.018 0.030 0.545 0.064 0.012 0.282 
 82 24.0682.E1    (0)    4 :  0.004 0.003 0.011 0.003 0.006 0.004 0.004 0.004 0.004 0.004 0.954 
 83 24.0683.E1    (0)    4 :  0.006 0.006 0.006 0.013 0.004 0.047 0.007 0.008 0.006 0.007 0.890 
 84 24.0684.E1    (0)    4 :  0.030 0.006 0.018 0.006 0.021 0.016 0.051 0.021 0.035 0.009 0.786 
 85 24.0685.E1    (0)    4 :  0.006 0.005 0.006 0.006 0.015 0.015 0.014 0.192 0.009 0.052 0.680 
 86 24.0686.E1    (0)    4 :  0.056 0.005 0.007 0.311 0.013 0.016 0.073 0.164 0.280 0.017 0.057 
 87 24.0687.E1    (0)    4 :  0.136 0.007 0.007 0.321 0.023 0.018 0.032 0.132 0.195 0.007 0.122 
 88 24.0688.E1    (0)    4 :  0.007 0.004 0.007 0.004 0.004 0.005 0.005 0.008 0.007 0.004 0.945 
 89 24.0689.E1    (0)    4 :  0.015 0.033 0.015 0.017 0.429 0.030 0.026 0.161 0.130 0.006 0.138 
 90 24.0690.E1    (0)    4 :  0.026 0.019 0.006 0.036 0.006 0.027 0.021 0.175 0.069 0.576 0.039 
 91 24.0691.E1    (0)    4 :  0.006 0.005 0.005 0.007 0.029 0.006 0.028 0.016 0.015 0.009 0.873 
 92 24.0692.E1    (0)    4 :  0.004 0.005 0.009 0.005 0.016 0.007 0.005 0.020 0.073 0.008 0.847 
 93 24.0693.E1    (0)    4 :  0.007 0.075 0.010 0.014 0.034 0.330 0.010 0.026 0.096 0.013 0.384 
 94 24.0694.E1    (0)    4 :  0.007 0.005 0.007 0.004 0.011 0.008 0.009 0.095 0.009 0.010 0.835 
 95 24.0695.E1    (0)    4 :  0.007 0.008 0.058 0.006 0.040 0.007 0.111 0.212 0.009 0.012 0.530 
 96 24.0696.E1    (0)    4 :  0.013 0.004 0.007 0.008 0.013 0.008 0.023 0.120 0.011 0.009 0.783 
 97 24.0697.E1    (0)    5 :  0.011 0.007 0.009 0.021 0.011 0.054 0.006 0.064 0.507 0.006 0.303 
 98 24.0698.E1    (0)    5 :  0.020 0.009 0.010 0.031 0.019 0.088 0.020 0.059 0.615 0.050 0.080 
 99 24.0699.E1    (0)    5 :  0.010 0.007 0.008 0.016 0.005 0.010 0.015 0.060 0.849 0.012 0.007 
100 24.0700.E1    (0)    5 :  0.004 0.009 0.005 0.015 0.006 0.007 0.007 0.578 0.342 0.013 0.013 
101 24.0701.E1    (0)    5 :  0.010 0.006 0.010 0.009 0.010 0.039 0.007 0.017 0.015 0.869 0.008 
102 24.0702.E1    (0)    5 :  0.012 0.008 0.007 0.007 0.007 0.025 0.009 0.646 0.239 0.034 0.008 
103 24.0703.E1    (0)    5 :  0.048 0.004 0.007 0.148 0.005 0.007 0.012 0.049 0.683 0.028 0.008 
104 24.0704.E1    (6)    5 :  0.011 0.005 0.237 0.035 0.009 0.009 0.016 0.079 0.574 0.007 0.019 
105 24.0705.E1    (0)    5 :  0.007 0.006 0.007 0.008 0.009 0.008 0.024 0.626 0.020 0.026 0.259 
106 24.0706.E1    (0)    5 :  0.006 0.011 0.011 0.006 0.011 0.008 0.006 0.692 0.220 0.015 0.013 
107 24.0707.E1    (0)    5 :  0.029 0.012 0.029 0.054 0.005 0.016 0.032 0.402 0.352 0.007 0.063 
108 24.0708.E1    (0)    5 :  0.134 0.015 0.007 0.583 0.085 0.019 0.024 0.040 0.020 0.025 0.047 
109 24.0709.E1    (0)    5 :  0.008 0.015 0.187 0.015 0.050 0.007 0.013 0.018 0.026 0.010 0.651 
110 24.0710.E1    (0)    5 :  0.007 0.007 0.013 0.062 0.016 0.026 0.038 0.072 0.312 0.066 0.380 
111 24.0711.E1    (0)    5 :  0.058 0.009 0.110 0.008 0.006 0.016 0.099 0.202 0.384 0.028 0.080 
112 24.0712.E1    (0)    5 :  0.046 0.007 0.005 0.013 0.008 0.015 0.020 0.049 0.040 0.745 0.050 
113 24.0713.E1    (0)    5 :  0.006 0.006 0.085 0.013 0.047 0.013 0.009 0.569 0.091 0.008 0.154 
114 24.0714.E1    (0)    5 :  0.010 0.012 0.013 0.019 0.013 0.007 0.044 0.720 0.143 0.009 0.009 
115 24.0715.E1    (0)    5 :  0.007 0.032 0.009 0.006 0.011 0.340 0.030 0.030 0.345 0.017 0.172 
116 24.0716.E1    (0)    5 :  0.038 0.008 0.015 0.028 0.040 0.013 0.060 0.051 0.444 0.284 0.019 
117 24.0717.E1    (0)    5 :  0.047 0.092 0.024 0.074 0.021 0.277 0.014 0.169 0.243 0.014 0.024 
118 24.0718.E1    (0)    5 :  0.032 0.005 0.007 0.009 0.008 0.012 0.023 0.147 0.464 0.054 0.239 
119 24.0719.E1    (0)    5 :  0.019 0.008 0.074 0.007 0.020 0.007 0.007 0.112 0.030 0.013 0.703 
120 24.0720.E1    (0)    5 :  0.012 0.008 0.018 0.007 0.016 0.005 0.012 0.022 0.271 0.010 0.620 
121 24.0721.E1    (0)    6 :  0.012 0.079 0.006 0.067 0.025 0.425 0.009 0.077 0.075 0.020 0.204 
122 24.0722.E1    (0)    6 :  0.096 0.008 0.005 0.103 0.011 0.448 0.019 0.013 0.058 0.068 0.171 
123 24.0723.E1    (0)    6 :  0.143 0.184 0.005 0.272 0.019 0.298 0.025 0.015 0.017 0.009 0.015 
124 24.0724.E1    (0)    6 :  0.036 0.010 0.012 0.289 0.034 0.056 0.136 0.038 0.021 0.012 0.357 
125 24.0725.E1    (0)    6 :  0.008 0.013 0.005 0.005 0.007 0.007 0.918 0.011 0.010 0.007 0.010 
126 24.0726.E1    (6)    6 :  0.008 0.006 0.006 0.015 0.006 0.081 0.528 0.232 0.013 0.006 0.098 
127 24.0727.E1    (0)    6 :  0.020 0.032 0.005 0.078 0.012 0.445 0.238 0.050 0.023 0.069 0.029 
128 24.0728.E1    (0)    6 :  0.036 0.031 0.006 0.023 0.013 0.154 0.357 0.018 0.328 0.012 0.023 
129 24.0729.E1    (0)    6 :  0.012 0.006 0.033 0.009 0.026 0.037 0.699 0.019 0.015 0.037 0.106 
130 24.0730.E1    (0)    6 :  0.010 0.010 0.008 0.008 0.020 0.030 0.049 0.037 0.733 0.013 0.083 
131 24.0731.E1    (0)    6 :  0.013 0.018 0.005 0.012 0.008 0.062 0.187 0.299 0.009 0.004 0.383 
132 24.0732.E1    (0)    6 :  0.009 0.027 0.008 0.004 0.004 0.654 0.056 0.014 0.015 0.010 0.199 
133 24.0733.E1    (0)    6 :  0.006 0.004 0.004 0.004 0.007 0.016 0.939 0.005 0.005 0.003 0.008 
134 24.0734.E1    (0)    6 :  0.011 0.010 0.004 0.030 0.007 0.789 0.033 0.028 0.059 0.013 0.018 
135 24.0735.E1    (0)    6 :  0.046 0.009 0.006 0.008 0.023 0.165 0.639 0.029 0.039 0.013 0.023 
136 24.0736.E1    (0)    6 :  0.007 0.006 0.006 0.006 0.006 0.035 0.904 0.010 0.007 0.004 0.008 
137 24.0737.E1    (0)    6 :  0.020 0.008 0.005 0.052 0.007 0.007 0.846 0.012 0.021 0.009 0.014 
138 24.0738.E1    (0)    6 :  0.009 0.008 0.008 0.008 0.005 0.024 0.891 0.014 0.015 0.009 0.009 
139 24.0739.E1    (0)    6 :  0.015 0.008 0.004 0.007 0.007 0.005 0.902 0.009 0.028 0.006 0.011 
140 24.0740.E1    (0)    6 :  0.022 0.006 0.085 0.005 0.019 0.010 0.626 0.013 0.018 0.009 0.187 
141 24.0741.E1    (0)    6 :  0.017 0.010 0.006 0.008 0.009 0.279 0.326 0.012 0.047 0.006 0.280 
142 24.0742.E1    (0)    6 :  0.010 0.006 0.008 0.019 0.006 0.688 0.192 0.017 0.011 0.008 0.036 
143 24.0743.E1    (0)    6 :  0.005 0.008 0.054 0.022 0.011 0.025 0.381 0.013 0.014 0.020 0.447 
144 24.0744.E1    (0)    6 :  0.011 0.018 0.042 0.015 0.028 0.126 0.299 0.026 0.022 0.299 0.115 
145 24.0745.E1    (0)    7 :  0.004 0.017 0.014 0.005 0.007 0.878 0.004 0.022 0.009 0.023 0.016 
146 24.0746.E1    (0)    7 :  0.077 0.008 0.081 0.070 0.010 0.602 0.043 0.026 0.027 0.009 0.047 
147 24.0747.E1    (0)    7 :  0.010 0.009 0.070 0.004 0.037 0.704 0.027 0.016 0.015 0.012 0.096 
148 24.0748.E1    (6)    7 :  0.010 0.018 0.085 0.005 0.050 0.633 0.028 0.025 0.013 0.012 0.120 
149 24.0749.E1    (0)    7 :  0.007 0.004 0.005 0.010 0.006 0.704 0.229 0.009 0.007 0.007 0.011 
150 24.0750.E1    (0)    7 :  0.010 0.009 0.021 0.022 0.014 0.242 0.207 0.260 0.036 0.016 0.163 
151 24.0751.E1    (0)    7 :  0.006 0.005 0.005 0.004 0.004 0.950 0.007 0.006 0.004 0.004 0.005 
152 24.0752.E1    (0)    7 :  0.006 0.010 0.011 0.004 0.007 0.895 0.037 0.007 0.012 0.004 0.008 
153 24.0753.E1    (0)    7 :  0.178 0.027 0.010 0.010 0.004 0.499 0.236 0.009 0.007 0.009 0.011 
154 24.0754.E1    (0)    7 :  0.016 0.010 0.005 0.004 0.006 0.873 0.031 0.013 0.008 0.006 0.028 
155 24.0755.E1    (0)    7 :  0.018 0.006 0.055 0.005 0.036 0.727 0.013 0.013 0.027 0.007 0.094 
156 24.0756.E1    (0)    7 :  0.008 0.005 0.005 0.008 0.013 0.926 0.009 0.010 0.004 0.004 0.007 
157 24.0757.E1    (0)    7 :  0.004 0.003 0.004 0.003 0.003 0.964 0.004 0.004 0.003 0.004 0.004 
158 24.0758.E1    (0)    7 :  0.004 0.004 0.004 0.003 0.003 0.964 0.004 0.004 0.004 0.004 0.004 
159 24.0759.E1    (0)    7 :  0.006 0.013 0.008 0.005 0.005 0.908 0.021 0.011 0.008 0.009 0.007 
160 24.0760.E1    (0)    7 :  0.261 0.007 0.006 0.007 0.006 0.604 0.009 0.014 0.044 0.009 0.032 
161 24.0761.E1    (0)    7 :  0.009 0.005 0.003 0.005 0.005 0.950 0.006 0.005 0.004 0.003 0.005 
162 24.0762.E1    (0)    7 :  0.007 0.007 0.019 0.010 0.059 0.050 0.129 0.505 0.038 0.145 0.031 
163 24.0763.E1    (0)    7 :  0.004 0.006 0.005 0.004 0.004 0.941 0.007 0.006 0.004 0.003 0.015 
164 24.0764.E1    (0)    7 :  0.008 0.004 0.004 0.004 0.005 0.942 0.012 0.007 0.006 0.004 0.005 
165 24.0765.E1    (0)    7 :  0.019 0.007 0.006 0.021 0.010 0.880 0.006 0.019 0.006 0.004 0.021 
166 24.0766.E1    (0)    7 :  0.006 0.009 0.005 0.005 0.004 0.934 0.009 0.006 0.007 0.005 0.010 
167 24.0767.E1    (0)    7 :  0.004 0.004 0.003 0.005 0.004 0.958 0.004 0.004 0.004 0.003 0.008 
168 24.0768.E1    (0)    7 :  0.006 0.008 0.161 0.009 0.025 0.131 0.213 0.231 0.024 0.007 0.186 
169 24.0779.E1    (0)    8 :  0.006 0.011 0.019 0.041 0.007 0.045 0.014 0.017 0.772 0.009 0.059 
170 24.0780.E1    (6)    8 :  0.006 0.031 0.008 0.016 0.130 0.004 0.008 0.123 0.648 0.007 0.018 
171 24.0781.E1    (0)    8 :  0.005 0.006 0.005 0.007 0.009 0.005 0.004 0.277 0.671 0.005 0.006 
172 24.0782.E1    (0)    8 :  0.042 0.038 0.010 0.036 0.026 0.022 0.116 0.200 0.168 0.008 0.333 
173 24.0783.E1    (0)    8 :  0.006 0.013 0.005 0.008 0.178 0.005 0.006 0.724 0.023 0.021 0.011 
174 24.0784.E1    (0)    8 :  0.005 0.007 0.018 0.029 0.023 0.004 0.008 0.016 0.851 0.004 0.034 
175 24.0785.E1    (0)    8 :  0.004 0.031 0.010 0.017 0.023 0.004 0.006 0.065 0.823 0.010 0.008 
176 24.0786.E1    (0)    8 :  0.009 0.023 0.031 0.009 0.152 0.010 0.028 0.114 0.510 0.010 0.105 
177 24.0787.E1    (0)    8 :  0.042 0.013 0.008 0.010 0.009 0.012 0.015 0.075 0.794 0.006 0.016 
178 24.0788.E1    (0)    8 :  0.023 0.013 0.011 0.009 0.103 0.005 0.005 0.014 0.784 0.006 0.027 
179 24.0789.E1    (0)    8 :  0.021 0.010 0.014 0.028 0.025 0.006 0.026 0.010 0.845 0.005 0.009 
180 24.0790.E1    (0)    8 :  0.006 0.016 0.008 0.010 0.011 0.004 0.004 0.074 0.857 0.006 0.005 
181 24.0791.E1    (0)    8 :  0.005 0.018 0.020 0.005 0.010 0.007 0.007 0.779 0.082 0.058 0.009 
182 24.0792.E1    (0)    8 :  0.004 0.350 0.005 0.008 0.007 0.015 0.010 0.227 0.306 0.015 0.052 
183 24.0793.E1    (0)    9 :  0.052 0.038 0.040 0.583 0.066 0.007 0.042 0.038 0.111 0.009 0.013 
184 24.0794.E1    (0)    9 :  0.006 0.213 0.006 0.210 0.028 0.007 0.481 0.018 0.020 0.006 0.007 
185 24.0795.E1    (0)    9 :  0.009 0.005 0.007 0.832 0.008 0.012 0.071 0.022 0.006 0.005 0.023 
186 24.0796.E1    (0)    9 :  0.009 0.178 0.029 0.138 0.354 0.005 0.065 0.022 0.188 0.005 0.006 
187 24.0797.E1    (0)    9 :  0.007 0.030 0.011 0.668 0.067 0.003 0.016 0.026 0.159 0.006 0.007 
188 24.0798.E1    (0)    9 :  0.019 0.074 0.024 0.456 0.009 0.017 0.008 0.015 0.016 0.334 0.027 
189 24.0799.E1    (0)    9 :  0.006 0.004 0.948 0.004 0.007 0.005 0.006 0.005 0.005 0.005 0.005 
190 24.0800.E1    (0)    9 :  0.004 0.005 0.948 0.004 0.008 0.004 0.006 0.005 0.005 0.004 0.006 
191 24.0801.E1    (0)    9 :  0.005 0.008 0.757 0.005 0.005 0.004 0.004 0.009 0.006 0.189 0.009 
192 24.0802.E1    (0)    9 :  0.013 0.004 0.008 0.934 0.007 0.004 0.005 0.008 0.006 0.006 0.005 
193 24.0803.E1    (0)    9 :  0.009 0.008 0.488 0.421 0.008 0.006 0.009 0.018 0.009 0.018 0.007 
194 24.0804.E1    (0)    9 :  0.013 0.008 0.034 0.789 0.113 0.003 0.011 0.005 0.010 0.004 0.011 
195 24.0805.E1    (0)    9 :  0.004 0.005 0.929 0.009 0.005 0.005 0.006 0.009 0.007 0.004 0.015 
196 24.0806.E1    (0)    9 :  0.041 0.008 0.051 0.855 0.005 0.006 0.008 0.007 0.008 0.007 0.006 
197 24.0807.E1    (0)    9 :  0.007 0.016 0.009 0.904 0.016 0.003 0.006 0.013 0.010 0.008 0.008 
198 24.0808.E1    (0)    9 :  0.022 0.010 0.688 0.029 0.020 0.006 0.012 0.011 0.153 0.005 0.045 
199 24.0809.E1    (0)    9 :  0.003 0.004 0.954 0.004 0.006 0.005 0.006 0.004 0.004 0.004 0.006 
200 24.0810.E1    (0)    9 :  0.011 0.012 0.766 0.104 0.006 0.008 0.007 0.005 0.011 0.005 0.066 
201 24.0811.E1    (0)    9 :  0.011 0.017 0.004 0.912 0.012 0.004 0.011 0.006 0.012 0.004 0.006 
202 24.0812.E1    (0)    9 :  0.008 0.006 0.102 0.442 0.300 0.006 0.029 0.015 0.055 0.009 0.029 
203 24.0813.E1    (0)    9 :  0.012 0.008 0.214 0.572 0.023 0.006 0.007 0.034 0.054 0.004 0.065 
204 24.0814.E1    (6)    9 :  0.015 0.032 0.585 0.159 0.159 0.004 0.009 0.008 0.010 0.008 0.012 
205 24.0815.E1    (0)    9 :  0.108 0.008 0.585 0.254 0.010 0.005 0.004 0.006 0.005 0.009 0.005 
206 24.0816.E1    (0)    9 :  0.016 0.022 0.023 0.860 0.010 0.007 0.008 0.008 0.019 0.024 0.004 
207 24.0817.E1    (0)   10 :  0.005 0.064 0.047 0.082 0.722 0.005 0.016 0.021 0.019 0.008 0.010 
208 24.0818.E1    (0)   10 :  0.012 0.019 0.011 0.012 0.752 0.009 0.036 0.034 0.101 0.008 0.006 
209 24.0819.E1    (0)   10 :  0.016 0.358 0.415 0.008 0.016 0.067 0.012 0.022 0.008 0.068 0.010 
210 24.0820.E1    (0)   10 :  0.007 0.871 0.026 0.006 0.015 0.044 0.006 0.005 0.006 0.009 0.005 
211 24.0821.E1    (0)   10 :  0.012 0.184 0.026 0.041 0.164 0.007 0.014 0.019 0.291 0.224 0.018 
212 24.0822.E1    (0)   10 :  0.004 0.010 0.013 0.004 0.882 0.018 0.006 0.005 0.043 0.006 0.008 
213 24.0823.E1    (0)   10 :  0.008 0.537 0.028 0.004 0.358 0.027 0.007 0.005 0.006 0.010 0.008 
214 24.0824.E1    (0)   10 :  0.005 0.014 0.027 0.008 0.467 0.008 0.006 0.006 0.006 0.420 0.033 
215 24.0825.E1    (0)   10 :  0.004 0.005 0.006 0.005 0.951 0.005 0.004 0.005 0.004 0.005 0.007 
216 24.0826.E1    (0)   10 :  0.009 0.854 0.015 0.013 0.030 0.017 0.006 0.017 0.017 0.014 0.010 
217 24.0827.E1    (0)   10 :  0.007 0.131 0.008 0.024 0.741 0.004 0.037 0.010 0.021 0.007 0.010 
218 24.0828.E1    (0)   10 :  0.009 0.625 0.019 0.074 0.105 0.018 0.011 0.013 0.035 0.066 0.024 
219 24.0829.E1    (0)   10 :  0.007 0.015 0.068 0.262 0.578 0.011 0.005 0.009 0.012 0.013 0.020 
220 24.0830.E1    (0)   10 :  0.003 0.025 0.004 0.024 0.744 0.004 0.006 0.171 0.006 0.006 0.006 
221 24.0831.E1    (0)   10 :  0.004 0.024 0.006 0.020 0.535 0.004 0.005 0.373 0.016 0.007 0.007 
222 24.0832.E1    (0)   10 :  0.003 0.011 0.004 0.005 0.947 0.003 0.007 0.004 0.006 0.003 0.005 
223 24.0833.E1    (0)   10 :  0.003 0.007 0.004 0.005 0.957 0.004 0.003 0.005 0.004 0.004 0.005 
224 24.0834.E1    (0)   10 :  0.007 0.010 0.008 0.007 0.929 0.007 0.007 0.008 0.005 0.006 0.006 
225 24.0835.E1    (0)   10 :  0.006 0.007 0.032 0.006 0.903 0.004 0.012 0.007 0.008 0.009 0.006 
226 24.0836.E1    (0)   10 :  0.004 0.007 0.015 0.008 0.897 0.009 0.009 0.010 0.008 0.016 0.017 
227 24.0837.E1    (0)   10 :  0.004 0.007 0.009 0.006 0.933 0.005 0.006 0.007 0.009 0.006 0.008 
228 24.0838.E1    (0)   10 :  0.004 0.010 0.004 0.011 0.924 0.006 0.004 0.007 0.011 0.005 0.013 
229 24.0839.E1    (0)   10 :  0.027 0.029 0.021 0.373 0.242 0.018 0.040 0.130 0.059 0.022 0.039 
230 24.0840.E1    (0)   10 :  0.009 0.047 0.009 0.450 0.445 0.004 0.006 0.006 0.008 0.011 0.006 
231 24.0841.E1    (0)   11 :  0.003 0.015 0.005 0.919 0.007 0.007 0.005 0.008 0.015 0.003 0.011 
232 24.0842.E1    (0)   11 :  0.003 0.014 0.012 0.742 0.010 0.005 0.007 0.005 0.015 0.180 0.007 
233 24.0843.E1    (0)   11 :  0.004 0.456 0.017 0.235 0.022 0.018 0.005 0.009 0.017 0.209 0.007 
234 24.0844.E1    (0)   11 :  0.005 0.021 0.109 0.107 0.279 0.007 0.026 0.085 0.020 0.330 0.011 
235 24.0845.E1    (0)   11 :  0.005 0.029 0.005 0.091 0.630 0.005 0.008 0.099 0.088 0.022 0.018 
236 24.0846.E1    (0)   11 :  0.009 0.008 0.015 0.027 0.875 0.010 0.012 0.015 0.009 0.011 0.009 
237 24.0847.E1    (0)   11 :  0.007 0.016 0.050 0.014 0.749 0.012 0.029 0.016 0.008 0.020 0.077 
238 24.0848.E1    (0)   11 :  0.004 0.011 0.054 0.022 0.742 0.005 0.014 0.039 0.058 0.020 0.030 
239 24.0849.E1    (0)   11 :  0.003 0.948 0.009 0.006 0.007 0.004 0.006 0.005 0.005 0.004 0.004 
240 24.0850.E1    (0)   11 :  0.003 0.948 0.009 0.006 0.007 0.004 0.006 0.005 0.005 0.004 0.003 
241 24.0851.E1    (0)   11 :  0.003 0.948 0.009 0.006 0.007 0.004 0.006 0.005 0.005 0.004 0.004 
242 24.0852.E1    (0)   11 :  0.004 0.693 0.006 0.059 0.085 0.013 0.010 0.081 0.035 0.006 0.007 
243 24.0853.E1    (0)   11 :  0.006 0.503 0.010 0.023 0.417 0.010 0.005 0.007 0.006 0.005 0.011 
244 24.0854.E1    (0)   11 :  0.005 0.341 0.013 0.013 0.016 0.008 0.009 0.014 0.005 0.568 0.008 
245 24.0855.E1    (0)   11 :  0.006 0.027 0.036 0.167 0.689 0.010 0.006 0.006 0.016 0.011 0.025 
246 24.0856.E1    (0)   11 :  0.026 0.011 0.007 0.471 0.013 0.034 0.022 0.011 0.018 0.381 0.008 
247 24.0857.E1    (0)   11 :  0.009 0.017 0.489 0.015 0.387 0.008 0.019 0.011 0.020 0.010 0.016 
248 24.0858.E1    (0)   11 :  0.005 0.073 0.085 0.025 0.629 0.015 0.016 0.022 0.090 0.023 0.016 
249 24.0859.E1    (0)   11 :  0.010 0.867 0.029 0.014 0.014 0.017 0.011 0.011 0.010 0.008 0.007 
250 24.0860.E1    (0)   11 :  0.052 0.081 0.412 0.101 0.074 0.045 0.034 0.057 0.086 0.050 0.009 
251 24.0861.E1    (0)   11 :  0.003 0.911 0.008 0.023 0.021 0.005 0.006 0.006 0.008 0.005 0.004 
252 24.0862.E1    (0)   11 :  0.010 0.019 0.174 0.704 0.023 0.007 0.012 0.021 0.011 0.010 0.009 
253 24.0863.E1    (0)   11 :  0.004 0.911 0.008 0.022 0.022 0.005 0.006 0.006 0.009 0.005 0.004 
254 24.0864.E1    (0)   11 :  0.008 0.079 0.022 0.014 0.165 0.007 0.170 0.136 0.055 0.013 0.329 
255 24.0865.E1    (0)   12 :  0.018 0.802 0.009 0.010 0.011 0.035 0.039 0.022 0.015 0.005 0.035 
256 24.0866.E1    (0)   12 :  0.006 0.011 0.687 0.008 0.044 0.032 0.015 0.018 0.090 0.013 0.075 
257 24.0867.E1    (0)   12 :  0.026 0.155 0.195 0.009 0.029 0.155 0.010 0.016 0.011 0.012 0.381 
258 24.0868.E1    (0)   12 :  0.034 0.007 0.037 0.011 0.112 0.024 0.012 0.083 0.413 0.019 0.248 
259 24.0869.E1    (0)   12 :  0.045 0.011 0.092 0.010 0.173 0.007 0.009 0.202 0.020 0.005 0.426 
260 24.0870.E1    (0)   12 :  0.115 0.009 0.018 0.024 0.172 0.026 0.145 0.178 0.164 0.015 0.135 
261 24.0871.E1    (0)   12 :  0.032 0.056 0.007 0.048 0.017 0.007 0.063 0.514 0.049 0.013 0.194 
262 24.0872.E1    (0)   12 :  0.006 0.326 0.066 0.007 0.005 0.086 0.010 0.439 0.012 0.013 0.029 
263 24.0873.E1    (0)   12 :  0.011 0.055 0.296 0.009 0.020 0.012 0.018 0.026 0.018 0.013 0.522 
264 24.0874.E1    (0)   12 :  0.007 0.164 0.419 0.009 0.045 0.227 0.008 0.013 0.011 0.014 0.084 
265 24.0875.E1    (0)   12 :  0.005 0.007 0.017 0.004 0.006 0.008 0.006 0.917 0.008 0.012 0.009 
266 24.0876.E1    (0)   12 :  0.006 0.005 0.009 0.004 0.004 0.022 0.061 0.832 0.006 0.009 0.041 
267 24.0877.E1    (0)   12 :  0.006 0.006 0.065 0.004 0.004 0.035 0.826 0.011 0.019 0.008 0.015 
268 24.0878.E1    (0)   12 :  0.008 0.006 0.009 0.010 0.070 0.010 0.763 0.012 0.028 0.024 0.060 
269 24.0879.E1    (0)   12 :  0.009 0.007 0.005 0.007 0.007 0.005 0.714 0.011 0.009 0.212 0.014 
270 24.0880.E1    (0)   12 :  0.014 0.020 0.017 0.008 0.588 0.014 0.038 0.027 0.060 0.087 0.127 
271 24.0881.E1    (0)   12 :  0.010 0.006 0.006 0.003 0.004 0.009 0.937 0.005 0.006 0.007 0.008 
272 24.0882.E1    (0)   12 :  0.008 0.014 0.025 0.004 0.007 0.637 0.246 0.010 0.022 0.009 0.018 
273 24.0883.E1    (0)   12 :  0.011 0.050 0.007 0.005 0.008 0.236 0.331 0.028 0.008 0.231 0.085 
274 24.0884.E1    (0)   12 :  0.008 0.008 0.005 0.006 0.004 0.026 0.903 0.009 0.008 0.013 0.011 
275 24.0885.E1    (0)   12 :  0.014 0.006 0.016 0.005 0.012 0.007 0.769 0.026 0.026 0.047 0.073 
276 24.0886.E1    (0)   12 :  0.004 0.037 0.020 0.007 0.005 0.214 0.411 0.103 0.011 0.099 0.090 
277 24.0887.E1    (0)   12 :  0.010 0.008 0.006 0.006 0.005 0.697 0.049 0.013 0.005 0.176 0.025 
278 24.0888.E1    (0)   12 :  0.007 0.008 0.036 0.013 0.008 0.006 0.023 0.156 0.718 0.013 0.011 


Estimated Allele Frequencies in each cluster
First column gives estimated ancestral frequencies


Locus 1 : 
31 alleles
0.0% missing data
 115   (0.037) 0.004 0.005 0.005 0.021 0.005 0.004 0.118 0.076 0.007 0.008 0.154 
 117   (0.046) 0.004 0.003 0.109 0.024 0.005 0.195 0.200 0.038 0.009 0.012 0.040 
 119   (0.040) 0.294 0.004 0.005 0.006 0.005 0.324 0.279 0.018 0.008 0.007 0.017 
 131   (0.013) 0.001 0.001 0.002 0.004 0.001 0.003 0.053 0.003 0.002 0.002 0.002 
 128   (0.034) 0.003 0.005 0.007 0.009 0.019 0.003 0.034 0.096 0.018 0.009 0.029 
 135   (0.018) 0.002 0.002 0.002 0.006 0.003 0.008 0.050 0.011 0.003 0.003 0.007 
 126   (0.083) 0.012 0.060 0.152 0.037 0.271 0.078 0.055 0.125 0.062 0.034 0.041 
 122   (0.033) 0.100 0.003 0.010 0.144 0.004 0.002 0.011 0.018 0.039 0.008 0.007 
 132   (0.032) 0.003 0.007 0.039 0.033 0.024 0.014 0.004 0.031 0.021 0.012 0.017 
 141   (0.010) 0.003 0.001 0.001 0.002 0.001 0.001 0.009 0.002 0.002 0.002 0.001 
 130   (0.049) 0.013 0.027 0.009 0.034 0.013 0.009 0.007 0.043 0.079 0.145 0.102 
 134   (0.040) 0.135 0.073 0.022 0.028 0.008 0.003 0.005 0.012 0.036 0.006 0.034 
 145   (0.016) 0.006 0.119 0.002 0.002 0.001 0.008 0.002 0.003 0.003 0.006 0.005 
 127   (0.026) 0.051 0.003 0.003 0.004 0.002 0.160 0.032 0.009 0.005 0.007 0.007 
 116   (0.106) 0.178 0.278 0.115 0.195 0.142 0.010 0.015 0.141 0.238 0.077 0.199 
 114   (0.054) 0.049 0.180 0.082 0.209 0.106 0.005 0.007 0.016 0.045 0.028 0.023 
 120   (0.037) 0.088 0.003 0.005 0.005 0.003 0.002 0.007 0.047 0.067 0.130 0.015 
 110   (0.046) 0.019 0.015 0.006 0.024 0.092 0.018 0.009 0.027 0.029 0.096 0.077 
 133   (0.015) 0.008 0.001 0.007 0.002 0.001 0.013 0.002 0.012 0.003 0.002 0.003 
 118   (0.113) 0.012 0.193 0.386 0.161 0.167 0.019 0.015 0.202 0.272 0.351 0.165 
 125   (0.014) 0.001 0.003 0.003 0.019 0.010 0.001 0.002 0.003 0.004 0.006 0.002 
 129   (0.019) 0.002 0.002 0.003 0.003 0.002 0.006 0.048 0.007 0.007 0.025 0.004 
 124   (0.015) 0.002 0.004 0.003 0.002 0.002 0.001 0.007 0.025 0.010 0.009 0.003 
 136   (0.019) 0.002 0.002 0.003 0.004 0.091 0.001 0.003 0.009 0.005 0.003 0.031 
 121   (0.014) 0.001 0.001 0.002 0.002 0.001 0.068 0.005 0.005 0.003 0.002 0.003 
 139   (0.012) 0.001 0.001 0.001 0.001 0.001 0.001 0.011 0.002 0.002 0.002 0.002 
 113   (0.011) 0.001 0.001 0.001 0.001 0.001 0.015 0.001 0.002 0.002 0.002 0.002 
 111   (0.010) 0.001 0.001 0.001 0.001 0.001 0.013 0.002 0.002 0.002 0.002 0.002 
 143   (0.012) 0.001 0.001 0.001 0.001 0.001 0.015 0.001 0.002 0.002 0.002 0.002 
 140   (0.014) 0.001 0.001 0.010 0.012 0.001 0.001 0.002 0.006 0.013 0.002 0.003 
 112   (0.012) 0.001 0.001 0.002 0.002 0.015 0.001 0.002 0.002 0.002 0.002 0.002 

Locus 2 : 
18 alleles
0.0% missing data
 152   (0.390) 0.394 0.290 0.466 0.575 0.181 0.805 0.649 0.568 0.248 0.362 0.453 
 148   (0.069) 0.234 0.007 0.009 0.013 0.008 0.019 0.147 0.075 0.023 0.034 0.211 
 154   (0.107) 0.254 0.017 0.022 0.123 0.272 0.031 0.035 0.123 0.079 0.031 0.193 
 156   (0.015) 0.001 0.002 0.002 0.017 0.002 0.001 0.012 0.003 0.004 0.005 0.002 
 150   (0.022) 0.068 0.002 0.002 0.003 0.002 0.049 0.008 0.005 0.004 0.005 0.003 
 164   (0.075) 0.009 0.090 0.027 0.100 0.044 0.011 0.073 0.026 0.174 0.016 0.043 
 158   (0.029) 0.011 0.010 0.011 0.008 0.003 0.007 0.009 0.009 0.006 0.191 0.021 
 160   (0.018) 0.002 0.002 0.002 0.003 0.002 0.017 0.003 0.004 0.015 0.003 0.015 
 166   (0.021) 0.004 0.002 0.029 0.011 0.002 0.001 0.003 0.031 0.013 0.003 0.004 
 151   (0.072) 0.006 0.325 0.009 0.043 0.456 0.005 0.009 0.057 0.231 0.227 0.011 
 147   (0.062) 0.006 0.193 0.401 0.055 0.018 0.004 0.008 0.036 0.126 0.071 0.012 
 168   (0.021) 0.002 0.033 0.008 0.003 0.002 0.002 0.003 0.017 0.016 0.005 0.005 
 153   (0.014) 0.001 0.016 0.002 0.002 0.001 0.001 0.002 0.003 0.016 0.002 0.002 
 149   (0.025) 0.002 0.002 0.003 0.003 0.002 0.011 0.003 0.024 0.005 0.037 0.017 
 162   (0.020) 0.002 0.007 0.003 0.034 0.002 0.003 0.007 0.007 0.007 0.003 0.003 
 167   (0.013) 0.001 0.001 0.001 0.001 0.001 0.001 0.025 0.002 0.002 0.002 0.002 
 146   (0.013) 0.001 0.001 0.001 0.001 0.001 0.031 0.002 0.002 0.002 0.002 0.002 
 172   (0.013) 0.001 0.001 0.001 0.002 0.001 0.001 0.002 0.005 0.027 0.002 0.002 

Locus 3 : 
4 alleles
0.0% missing data
 128   (0.294) 0.326 0.342 0.375 0.167 0.455 0.450 0.213 0.335 0.186 0.241 0.288 
 126   (0.613) 0.610 0.488 0.597 0.780 0.502 0.543 0.705 0.620 0.774 0.573 0.694 
 132   (0.079) 0.058 0.169 0.026 0.051 0.042 0.006 0.080 0.042 0.036 0.139 0.016 
 134   (0.014) 0.007 0.001 0.001 0.002 0.001 0.001 0.002 0.003 0.003 0.048 0.002 

Locus 4 : 
3 alleles
0.0% missing data
 170   (0.320) 0.423 0.117 0.131 0.417 0.461 0.303 0.310 0.364 0.391 0.198 0.139 
 172   (0.667) 0.566 0.880 0.867 0.581 0.537 0.694 0.688 0.633 0.607 0.800 0.858 
 171   (0.013) 0.010 0.003 0.002 0.002 0.003 0.002 0.002 0.003 0.003 0.002 0.003 

Locus 5 : 
37 alleles
0.0% missing data
 125   (0.053) 0.060 0.137 0.020 0.014 0.078 0.042 0.062 0.050 0.015 0.164 0.019 
 110   (0.041) 0.044 0.028 0.019 0.034 0.082 0.015 0.033 0.051 0.009 0.028 0.006 
 129   (0.033) 0.003 0.020 0.007 0.058 0.007 0.003 0.057 0.015 0.126 0.008 0.006 
 113   (0.028) 0.003 0.005 0.015 0.128 0.011 0.002 0.011 0.016 0.125 0.006 0.016 
 145   (0.055) 0.006 0.100 0.011 0.011 0.014 0.084 0.219 0.090 0.013 0.083 0.158 
 155   (0.054) 0.188 0.007 0.020 0.109 0.062 0.016 0.153 0.048 0.033 0.019 0.026 
 117   (0.030) 0.004 0.005 0.010 0.022 0.004 0.028 0.021 0.026 0.015 0.006 0.144 
 124   (0.010) 0.001 0.001 0.001 0.001 0.001 0.001 0.024 0.002 0.002 0.001 0.001 
 133   (0.032) 0.003 0.007 0.013 0.004 0.003 0.078 0.042 0.072 0.051 0.010 0.009 
 157   (0.047) 0.021 0.005 0.045 0.008 0.045 0.026 0.008 0.094 0.150 0.134 0.049 
 141   (0.015) 0.002 0.001 0.003 0.002 0.006 0.001 0.004 0.030 0.021 0.002 0.007 
 112   (0.070) 0.198 0.159 0.026 0.074 0.171 0.162 0.068 0.033 0.045 0.017 0.117 
 121   (0.021) 0.007 0.010 0.029 0.076 0.004 0.002 0.004 0.011 0.013 0.006 0.003 
 114   (0.040) 0.018 0.004 0.047 0.005 0.087 0.180 0.043 0.026 0.008 0.007 0.144 
 153   (0.051) 0.007 0.083 0.328 0.018 0.081 0.004 0.053 0.089 0.013 0.228 0.020 
 127   (0.071) 0.018 0.198 0.014 0.163 0.111 0.072 0.063 0.060 0.111 0.031 0.085 
 131   (0.056) 0.232 0.084 0.190 0.024 0.036 0.178 0.063 0.016 0.014 0.141 0.021 
 135   (0.029) 0.008 0.070 0.103 0.005 0.015 0.003 0.005 0.090 0.009 0.014 0.008 
 104   (0.010) 0.010 0.003 0.002 0.001 0.003 0.002 0.002 0.002 0.002 0.001 0.002 
 118   (0.018) 0.018 0.002 0.003 0.002 0.002 0.002 0.021 0.007 0.009 0.013 0.009 
 116   (0.026) 0.018 0.004 0.004 0.073 0.009 0.004 0.005 0.038 0.006 0.018 0.022 
 137   (0.023) 0.106 0.003 0.007 0.081 0.002 0.006 0.004 0.014 0.010 0.013 0.008 
 123   (0.024) 0.005 0.018 0.018 0.023 0.087 0.002 0.005 0.029 0.005 0.006 0.005 
 149   (0.008) 0.001 0.003 0.001 0.005 0.002 0.001 0.001 0.005 0.002 0.001 0.005 
 138   (0.011) 0.001 0.013 0.001 0.001 0.001 0.001 0.001 0.004 0.054 0.002 0.001 
 143   (0.025) 0.003 0.011 0.004 0.006 0.052 0.075 0.003 0.006 0.042 0.010 0.004 
 163   (0.008) 0.003 0.001 0.001 0.007 0.001 0.001 0.001 0.004 0.004 0.001 0.003 
 109   (0.011) 0.001 0.001 0.001 0.001 0.001 0.001 0.001 0.003 0.002 0.001 0.035 
 139   (0.009) 0.001 0.001 0.001 0.001 0.001 0.001 0.001 0.013 0.004 0.002 0.001 
 106   (0.009) 0.001 0.001 0.002 0.002 0.001 0.001 0.001 0.009 0.006 0.001 0.002 
 144   (0.014) 0.001 0.001 0.044 0.002 0.002 0.001 0.002 0.010 0.003 0.002 0.032 
 122   (0.010) 0.001 0.001 0.002 0.001 0.001 0.002 0.012 0.002 0.002 0.002 0.015 
 100   (0.017) 0.002 0.007 0.003 0.030 0.005 0.001 0.003 0.013 0.028 0.006 0.004 
 111   (0.014) 0.001 0.003 0.002 0.002 0.002 0.001 0.002 0.008 0.033 0.002 0.002 
 233   (0.010) 0.001 0.003 0.002 0.002 0.003 0.001 0.001 0.002 0.006 0.008 0.002 
 134   (0.009) 0.001 0.001 0.001 0.001 0.008 0.001 0.001 0.010 0.002 0.001 0.001 
 140   (0.010) 0.001 0.001 0.002 0.001 0.002 0.001 0.001 0.003 0.007 0.002 0.005 

Locus 6 : 
17 alleles
0.0% missing data
 221   (0.023) 0.002 0.002 0.003 0.003 0.002 0.089 0.146 0.004 0.004 0.003 0.004 
 232   (0.237) 0.083 0.763 0.120 0.437 0.262 0.434 0.148 0.349 0.270 0.263 0.256 
 229   (0.055) 0.065 0.020 0.025 0.009 0.097 0.057 0.098 0.046 0.011 0.015 0.021 
 223   (0.062) 0.007 0.006 0.018 0.024 0.078 0.008 0.098 0.026 0.050 0.121 0.077 
 230   (0.162) 0.169 0.046 0.058 0.089 0.253 0.298 0.067 0.236 0.219 0.113 0.235 
 235   (0.014) 0.002 0.001 0.002 0.002 0.001 0.001 0.073 0.003 0.003 0.002 0.002 
 236   (0.036) 0.025 0.020 0.005 0.015 0.004 0.005 0.085 0.070 0.011 0.011 0.007 
 227   (0.025) 0.003 0.002 0.004 0.003 0.002 0.003 0.059 0.015 0.013 0.007 0.013 
 220   (0.056) 0.189 0.069 0.205 0.099 0.023 0.004 0.008 0.025 0.024 0.012 0.025 
 222   (0.042) 0.268 0.003 0.206 0.088 0.005 0.003 0.005 0.015 0.046 0.006 0.013 
 234   (0.127) 0.172 0.014 0.333 0.032 0.148 0.053 0.096 0.065 0.119 0.280 0.261 
 224   (0.033) 0.003 0.002 0.004 0.006 0.081 0.002 0.004 0.020 0.027 0.129 0.006 
 228   (0.059) 0.006 0.047 0.008 0.070 0.021 0.004 0.011 0.096 0.190 0.012 0.060 
 225   (0.011) 0.001 0.001 0.001 0.018 0.001 0.001 0.002 0.002 0.002 0.001 0.002 
 226   (0.017) 0.002 0.001 0.003 0.099 0.017 0.001 0.002 0.004 0.003 0.002 0.003 
 233   (0.027) 0.003 0.002 0.004 0.003 0.003 0.037 0.056 0.021 0.005 0.015 0.012 
 231   (0.015) 0.001 0.001 0.002 0.002 0.001 0.001 0.042 0.004 0.003 0.007 0.005 

Locus 7 : 
10 alleles
0.0% missing data
 121   (0.684) 0.793 0.715 0.827 0.740 0.793 0.742 0.881 0.802 0.860 0.577 0.783 
 129   (0.098) 0.010 0.140 0.013 0.104 0.118 0.098 0.079 0.040 0.061 0.100 0.063 
 130   (0.016) 0.002 0.001 0.015 0.020 0.001 0.004 0.003 0.005 0.004 0.003 0.002 
 123   (0.100) 0.130 0.136 0.044 0.113 0.078 0.102 0.023 0.125 0.035 0.219 0.028 
 128   (0.020) 0.038 0.002 0.002 0.002 0.002 0.021 0.003 0.004 0.004 0.021 0.005 
 131   (0.016) 0.020 0.001 0.002 0.011 0.002 0.002 0.002 0.004 0.003 0.011 0.003 
 117   (0.012) 0.001 0.001 0.001 0.001 0.001 0.001 0.001 0.003 0.014 0.002 0.002 
 125   (0.013) 0.001 0.001 0.001 0.001 0.001 0.001 0.002 0.002 0.002 0.062 0.002 
 134   (0.030) 0.004 0.002 0.091 0.006 0.003 0.006 0.004 0.012 0.016 0.005 0.107 
 132   (0.012) 0.001 0.001 0.004 0.001 0.001 0.024 0.002 0.003 0.002 0.002 0.005 

Locus 8 : 
19 alleles
0.0% missing data
 184   (0.299) 0.524 0.468 0.517 0.210 0.249 0.321 0.488 0.429 0.362 0.501 0.492 
 194   (0.047) 0.017 0.009 0.007 0.019 0.013 0.019 0.030 0.032 0.036 0.035 0.107 
 178   (0.101) 0.186 0.028 0.051 0.175 0.293 0.058 0.211 0.060 0.058 0.025 0.087 
 176   (0.083) 0.010 0.114 0.151 0.055 0.008 0.221 0.045 0.112 0.074 0.041 0.066 
 182   (0.074) 0.008 0.013 0.114 0.160 0.047 0.212 0.039 0.051 0.145 0.019 0.036 
 190   (0.031) 0.074 0.002 0.054 0.010 0.019 0.049 0.006 0.007 0.006 0.006 0.005 
 196   (0.021) 0.002 0.015 0.003 0.004 0.070 0.001 0.005 0.005 0.021 0.003 0.004 
 200   (0.031) 0.004 0.002 0.004 0.014 0.003 0.011 0.015 0.020 0.029 0.056 0.009 
 180   (0.023) 0.071 0.002 0.003 0.004 0.003 0.002 0.009 0.004 0.004 0.123 0.003 
 188   (0.038) 0.008 0.084 0.012 0.006 0.069 0.003 0.032 0.013 0.010 0.008 0.033 
 174   (0.041) 0.023 0.004 0.012 0.014 0.004 0.044 0.015 0.074 0.013 0.038 0.054 
 186   (0.123) 0.043 0.230 0.037 0.298 0.123 0.051 0.086 0.172 0.206 0.074 0.078 
 192   (0.022) 0.012 0.007 0.003 0.003 0.088 0.003 0.010 0.005 0.007 0.014 0.003 
 201   (0.010) 0.013 0.001 0.001 0.001 0.001 0.001 0.001 0.002 0.002 0.011 0.002 
 199   (0.018) 0.002 0.002 0.003 0.019 0.002 0.001 0.002 0.004 0.017 0.030 0.002 
 185   (0.010) 0.001 0.017 0.001 0.001 0.001 0.001 0.001 0.002 0.002 0.002 0.002 
 203   (0.009) 0.001 0.001 0.005 0.001 0.001 0.001 0.001 0.002 0.002 0.001 0.012 
 198   (0.010) 0.001 0.001 0.018 0.002 0.001 0.001 0.001 0.002 0.004 0.001 0.002 
 209   (0.010) 0.001 0.001 0.004 0.003 0.004 0.001 0.002 0.003 0.002 0.012 0.001 

Locus 9 : 
6 alleles
0.4% missing data
 154   (0.682) 0.819 0.849 0.699 0.846 0.791 0.632 0.699 0.738 0.755 0.660 0.683 
 156   (0.212) 0.170 0.032 0.286 0.136 0.115 0.352 0.172 0.225 0.165 0.325 0.250 
 152   (0.052) 0.005 0.101 0.009 0.009 0.089 0.006 0.081 0.015 0.032 0.008 0.035 
 153   (0.014) 0.002 0.015 0.002 0.004 0.002 0.001 0.003 0.004 0.014 0.002 0.002 
 160   (0.013) 0.001 0.001 0.001 0.002 0.001 0.001 0.002 0.003 0.028 0.002 0.002 
 164   (0.028) 0.003 0.002 0.003 0.003 0.002 0.009 0.044 0.015 0.005 0.004 0.028 

Locus 10 : 
29 alleles
0.7% missing data
 305   (0.064) 0.216 0.007 0.010 0.256 0.007 0.009 0.102 0.026 0.084 0.010 0.012 
 313   (0.050) 0.005 0.004 0.007 0.073 0.007 0.006 0.155 0.042 0.052 0.009 0.008 
 311   (0.017) 0.002 0.001 0.002 0.002 0.002 0.002 0.016 0.012 0.004 0.004 0.003 
 299   (0.129) 0.048 0.153 0.189 0.039 0.164 0.033 0.283 0.059 0.251 0.018 0.044 
 315   (0.078) 0.080 0.006 0.011 0.018 0.018 0.103 0.092 0.158 0.095 0.017 0.020 
 287   (0.018) 0.002 0.002 0.004 0.004 0.002 0.002 0.006 0.007 0.004 0.814 0.003 
 291   (0.104) 0.070 0.011 0.329 0.033 0.525 0.020 0.106 0.028 0.080 0.015 0.349 
 295   (0.027) 0.004 0.002 0.004 0.004 0.003 0.003 0.034 0.103 0.007 0.003 0.143 
 289   (0.016) 0.003 0.001 0.241 0.002 0.001 0.001 0.002 0.007 0.005 0.002 0.002 
 303   (0.029) 0.021 0.649 0.004 0.004 0.003 0.536 0.006 0.006 0.008 0.004 0.005 
 297   (0.045) 0.005 0.003 0.018 0.177 0.021 0.080 0.013 0.010 0.010 0.006 0.136 
 293   (0.016) 0.002 0.001 0.002 0.002 0.001 0.001 0.003 0.151 0.003 0.002 0.002 
 301   (0.060) 0.166 0.014 0.018 0.008 0.007 0.007 0.069 0.015 0.102 0.009 0.079 
 285   (0.027) 0.271 0.002 0.005 0.253 0.002 0.002 0.004 0.005 0.010 0.004 0.004 
 307   (0.056) 0.041 0.005 0.007 0.008 0.104 0.179 0.010 0.021 0.054 0.009 0.110 
 312   (0.046) 0.040 0.013 0.008 0.009 0.081 0.003 0.007 0.241 0.033 0.007 0.016 
 306   (0.026) 0.004 0.002 0.004 0.003 0.016 0.002 0.013 0.013 0.074 0.005 0.012 
 320   (0.015) 0.001 0.001 0.002 0.002 0.001 0.001 0.002 0.004 0.029 0.002 0.002 
 317   (0.022) 0.002 0.105 0.002 0.004 0.002 0.001 0.018 0.004 0.006 0.002 0.003 
 314   (0.027) 0.003 0.002 0.004 0.003 0.002 0.002 0.037 0.008 0.015 0.033 0.004 
 323   (0.014) 0.001 0.001 0.002 0.002 0.001 0.001 0.003 0.005 0.008 0.007 0.002 
 325   (0.013) 0.001 0.001 0.002 0.002 0.001 0.001 0.003 0.005 0.008 0.007 0.002 
 310   (0.018) 0.002 0.001 0.002 0.002 0.021 0.001 0.003 0.046 0.004 0.002 0.003 
 309   (0.013) 0.002 0.001 0.005 0.002 0.001 0.001 0.002 0.006 0.003 0.002 0.027 
 316   (0.016) 0.002 0.003 0.002 0.004 0.004 0.001 0.003 0.005 0.036 0.002 0.002 
 296   (0.013) 0.001 0.004 0.001 0.002 0.001 0.001 0.002 0.007 0.008 0.002 0.002 
 304   (0.014) 0.001 0.001 0.003 0.079 0.001 0.001 0.002 0.003 0.003 0.001 0.002 
 321   (0.013) 0.001 0.001 0.056 0.002 0.001 0.001 0.002 0.002 0.002 0.001 0.002 
 332   (0.014) 0.001 0.001 0.058 0.001 0.001 0.001 0.002 0.002 0.002 0.001 0.002 

Locus 11 : 
19 alleles
0.0% missing data
 114   (0.151) 0.293 0.043 0.030 0.026 0.018 0.194 0.253 0.237 0.139 0.050 0.261 
 126   (0.021) 0.017 0.002 0.003 0.002 0.002 0.004 0.061 0.007 0.004 0.003 0.004 
 111   (0.099) 0.009 0.289 0.560 0.547 0.565 0.007 0.181 0.048 0.021 0.022 0.014 
 116   (0.108) 0.016 0.009 0.035 0.082 0.028 0.267 0.103 0.094 0.063 0.150 0.167 
 132   (0.013) 0.001 0.001 0.002 0.002 0.001 0.001 0.012 0.003 0.003 0.002 0.002 
 109   (0.015) 0.001 0.001 0.002 0.002 0.002 0.001 0.050 0.003 0.003 0.002 0.002 
 128   (0.018) 0.002 0.001 0.003 0.002 0.007 0.001 0.008 0.004 0.007 0.003 0.014 
 112   (0.321) 0.606 0.192 0.090 0.075 0.049 0.499 0.255 0.494 0.638 0.436 0.448 
 122   (0.016) 0.007 0.014 0.004 0.002 0.003 0.004 0.002 0.011 0.003 0.002 0.003 
 124   (0.013) 0.018 0.002 0.002 0.002 0.001 0.002 0.002 0.003 0.002 0.002 0.002 
 118   (0.048) 0.014 0.012 0.218 0.007 0.005 0.008 0.018 0.025 0.020 0.077 0.035 
 127   (0.012) 0.001 0.001 0.001 0.001 0.001 0.001 0.002 0.003 0.014 0.002 0.001 
 113   (0.048) 0.004 0.420 0.018 0.192 0.226 0.003 0.007 0.015 0.022 0.026 0.009 
 115   (0.027) 0.002 0.003 0.004 0.008 0.007 0.003 0.026 0.010 0.009 0.201 0.007 
 120   (0.023) 0.002 0.002 0.004 0.003 0.073 0.001 0.004 0.007 0.005 0.003 0.019 
 117   (0.020) 0.003 0.003 0.013 0.013 0.006 0.002 0.003 0.008 0.017 0.005 0.004 
 125   (0.018) 0.002 0.004 0.002 0.002 0.002 0.001 0.002 0.024 0.024 0.004 0.003 
 119   (0.015) 0.001 0.001 0.009 0.029 0.004 0.001 0.002 0.003 0.004 0.002 0.002 
 136   (0.014) 0.001 0.001 0.002 0.002 0.001 0.001 0.011 0.003 0.003 0.008 0.002 

Locus 12 : 
28 alleles
0.7% missing data
 306   (0.057) 0.215 0.007 0.011 0.319 0.006 0.008 0.101 0.024 0.039 0.008 0.010 
 314   (0.063) 0.007 0.014 0.009 0.072 0.079 0.007 0.142 0.023 0.054 0.021 0.009 
 312   (0.014) 0.001 0.001 0.002 0.002 0.001 0.001 0.027 0.003 0.003 0.001 0.002 
 300   (0.138) 0.048 0.154 0.188 0.040 0.160 0.033 0.300 0.060 0.254 0.019 0.045 
 316   (0.047) 0.077 0.004 0.006 0.011 0.016 0.100 0.088 0.018 0.012 0.006 0.008 
 288   (0.019) 0.002 0.002 0.003 0.004 0.002 0.002 0.005 0.004 0.004 0.800 0.003 
 292   (0.110) 0.069 0.011 0.365 0.034 0.514 0.020 0.108 0.029 0.082 0.016 0.349 
 296   (0.031) 0.005 0.005 0.004 0.005 0.003 0.003 0.035 0.110 0.011 0.004 0.147 
 290   (0.016) 0.003 0.001 0.239 0.002 0.001 0.001 0.002 0.007 0.005 0.002 0.002 
 304   (0.032) 0.021 0.653 0.005 0.005 0.003 0.536 0.007 0.007 0.009 0.004 0.006 
 298   (0.046) 0.005 0.004 0.018 0.177 0.020 0.080 0.013 0.010 0.011 0.006 0.137 
 294   (0.016) 0.002 0.001 0.002 0.002 0.001 0.001 0.003 0.151 0.003 0.002 0.002 
 302   (0.062) 0.165 0.015 0.018 0.009 0.007 0.007 0.070 0.015 0.103 0.009 0.079 
 286   (0.028) 0.269 0.002 0.005 0.273 0.002 0.003 0.004 0.005 0.010 0.004 0.004 
 308   (0.036) 0.042 0.003 0.004 0.005 0.003 0.177 0.008 0.012 0.046 0.006 0.045 
 313   (0.035) 0.040 0.004 0.005 0.004 0.005 0.002 0.005 0.260 0.035 0.004 0.016 
 307   (0.046) 0.005 0.004 0.006 0.006 0.128 0.004 0.013 0.020 0.080 0.006 0.075 
 321   (0.014) 0.001 0.001 0.002 0.002 0.001 0.001 0.002 0.004 0.029 0.001 0.002 
 315   (0.057) 0.007 0.013 0.008 0.011 0.005 0.005 0.043 0.126 0.100 0.054 0.016 
 318   (0.021) 0.002 0.095 0.003 0.007 0.004 0.001 0.006 0.004 0.008 0.002 0.003 
 324   (0.013) 0.001 0.001 0.002 0.002 0.001 0.001 0.003 0.005 0.008 0.007 0.002 
 326   (0.011) 0.001 0.001 0.002 0.001 0.001 0.001 0.002 0.005 0.008 0.007 0.002 
 311   (0.019) 0.002 0.001 0.002 0.002 0.030 0.001 0.004 0.081 0.004 0.004 0.003 
 310   (0.014) 0.002 0.001 0.005 0.002 0.001 0.001 0.002 0.006 0.003 0.002 0.027 
 305   (0.013) 0.001 0.001 0.002 0.002 0.001 0.001 0.002 0.002 0.044 0.001 0.002 
 317   (0.013) 0.001 0.001 0.001 0.001 0.001 0.001 0.002 0.004 0.028 0.001 0.002 
 320   (0.013) 0.001 0.001 0.027 0.002 0.001 0.001 0.002 0.002 0.002 0.001 0.002 
 322   (0.014) 0.002 0.001 0.056 0.002 0.001 0.001 0.002 0.002 0.003 0.001 0.002 

Locus 13 : 
7 alleles
1.1% missing data
 161   (0.599) 0.061 0.510 0.922 0.296 0.424 0.889 0.661 0.599 0.533 0.435 0.844 
 163   (0.296) 0.028 0.457 0.065 0.516 0.565 0.025 0.247 0.365 0.447 0.548 0.118 
 160   (0.017) 0.449 0.001 0.002 0.002 0.002 0.001 0.002 0.008 0.003 0.003 0.002 
 162   (0.016) 0.455 0.002 0.002 0.002 0.001 0.001 0.002 0.004 0.003 0.002 0.002 
 165   (0.043) 0.004 0.027 0.005 0.180 0.006 0.003 0.081 0.013 0.009 0.008 0.027 
 166   (0.013) 0.001 0.001 0.002 0.002 0.001 0.003 0.004 0.008 0.003 0.002 0.004 
 164   (0.014) 0.001 0.001 0.001 0.002 0.001 0.077 0.002 0.003 0.002 0.002 0.002 

Locus 14 : 
4 alleles
0.4% missing data
  98   (0.957) 0.996 0.987 0.995 0.995 0.997 0.986 0.988 0.983 0.979 0.993 0.988 
 100   (0.014) 0.001 0.006 0.002 0.002 0.001 0.001 0.002 0.003 0.010 0.003 0.002 
  96   (0.017) 0.002 0.002 0.002 0.002 0.001 0.012 0.009 0.007 0.003 0.002 0.008 
 105   (0.013) 0.001 0.005 0.001 0.002 0.001 0.001 0.002 0.007 0.007 0.002 0.002 

Locus 15 : 
12 alleles
2.2% missing data
 171   (0.306) 0.223 0.308 0.537 0.168 0.356 0.174 0.416 0.265 0.416 0.427 0.182 
 177   (0.188) 0.365 0.080 0.221 0.092 0.074 0.050 0.186 0.226 0.154 0.229 0.323 
 173   (0.261) 0.079 0.491 0.144 0.633 0.518 0.066 0.280 0.388 0.224 0.137 0.271 
 179   (0.107) 0.316 0.107 0.033 0.059 0.011 0.578 0.073 0.044 0.096 0.173 0.057 
 183   (0.020) 0.002 0.006 0.003 0.016 0.002 0.009 0.028 0.005 0.005 0.008 0.003 
 181   (0.035) 0.004 0.003 0.006 0.007 0.033 0.117 0.006 0.007 0.079 0.005 0.010 
 197   (0.014) 0.001 0.001 0.002 0.002 0.001 0.001 0.002 0.002 0.003 0.002 0.090 
 170   (0.013) 0.001 0.001 0.002 0.002 0.001 0.001 0.002 0.033 0.004 0.003 0.002 
 189   (0.014) 0.004 0.001 0.002 0.017 0.001 0.001 0.003 0.007 0.010 0.002 0.004 
 203   (0.013) 0.001 0.001 0.001 0.001 0.001 0.001 0.002 0.004 0.002 0.002 0.053 
 187   (0.017) 0.002 0.001 0.023 0.002 0.001 0.001 0.002 0.016 0.004 0.012 0.002 
 198   (0.012) 0.001 0.001 0.027 0.002 0.001 0.001 0.002 0.002 0.002 0.002 0.002 

Values of parameters used in structure:
DATAFILE=STRUCTURE_main_final_278_HEG_ZG.str,	OUTFILE=STRUCTURE_main_final_278_HEG_ZG-K11-6,	NUMINDS=278,	NUMLOCI=15,	MISSING=-9,	LABEL=1,	POPDATA=1,	POPFLAG=0,	PHENOTYPE=0,	EXTRACOLS=0,	MAXPOPS=11,	BURNIN=100000,	NUMREPS=500000,	USEPOPINFO=0,	INFERALPHA=1,	INFERLAMBDA=0,	POPSPECIFICLAMBDA=0,	POPALPHAS=0,	COMPUTEPROB=1,	NOADMIX=0,	ADMBURNIN=2500,	UPDATEFREQ=1,	PRINTLIKES=0,	INTERMEDSAVE=0,	PRINTKLD=0,	PRINTNET=0,	PRINTLAMBDA=0,	ANCESTDIST=0,	NUMBOXES=1000,	ANCESTPINT=0.90000,	GENSBACK=2,	MIGRPRIOR=0.05000,	PRINTQHAT=0,	PRINTQSUM=0,	ALPHA=1.0000,	FREQSCORR=1,	FPRIORMEAN=0.0100,	FPRIORSD=0.0500,	ONEFST=0,	LAMBDA=1.0000,	UNIFPRIORALPHA=1,	ALPHAMAX=10.0000,	ALPHAPRIORA=1.0000,	ALPHAPRIORB=2.0000,	ALPHAPROPSD=0.0250,	STARTATPOPINFO=0,	RANDOMIZE=1,	LINKAGE=0,	METROFREQ=10,	REPORTHITRATE=0,	MARKOVPHASE=-1,	PHASED=0,	PLOIDY=2,	PHASEINFO=0	LOCPRIOR=0, 	LOCPRIORINIT=1.000000, 	LOCDATA=0, 	LOCISPOP=0, 	LOCPRIORSTEP=0.100000, 	MAXLOCPRIOR=20.000000, 	SEED=1782486038,	
[STRAT parameters]:    NUMSIMSTATS=1000,	PHENOTYPECOL=-9,	POOLFREQ=10,	LOCUSxONLY=0,	EMERROR=0.00100,	MISSINGPHENO=-9,	