

----------------------------------------------------
STRUCTURE by Pritchard, Stephens and Donnelly (2000)
     and Falush, Stephens and Pritchard (2003)
       Code by Pritchard, Falush and Hubisz
             Version 2.3.4 (Jul 2012)
----------------------------------------------------



Command line arguments:   structure -K 6 -i STRUCTURE_main_final_278_HEG_ZG.str -o STRUCTURE_main_final_278_HEG_ZG-K6-4 
Input File:    STRUCTURE_main_final_278_HEG_ZG.str

Run parameters:
   278 individuals
   15 loci
   6 populations assumed
   100000 Burn-in period
   500000 Reps


--------------------------------------------
Proportion of membership of each pre-defined
 population in each of the 6 clusters

Given    Inferred Clusters                            Number of
 Pop       1      2      3      4      5      6      Individuals

  1:     0.697  0.020  0.081  0.027  0.088  0.087       24
  2:     0.043  0.732  0.092  0.043  0.063  0.027       24
  3:     0.038  0.030  0.033  0.404  0.300  0.194       24
  4:     0.258  0.047  0.146  0.375  0.091  0.083       24
  5:     0.052  0.044  0.075  0.487  0.298  0.044       24
  6:     0.582  0.043  0.257  0.042  0.042  0.035       24
  7:     0.101  0.031  0.775  0.042  0.035  0.016       24
  8:     0.071  0.022  0.019  0.731  0.079  0.078       14
  9:     0.060  0.162  0.012  0.119  0.321  0.326       24
 10:     0.018  0.012  0.052  0.033  0.092  0.793       24
 11:     0.041  0.031  0.021  0.035  0.172  0.701       24
 12:     0.320  0.022  0.166  0.325  0.097  0.070       24
--------------------------------------------

Allele-freq. divergence among pops (Net nucleotide distance),
computed using point estimates of P.

      1       2       3       4       5       6      
 1      -    0.0597  0.0536  0.0238  0.0318  0.0521  
 2   0.0597     -    0.0912  0.0553  0.0682  0.0950  
 3   0.0536  0.0912     -    0.0571  0.0697  0.1016  
 4   0.0238  0.0553  0.0571     -    0.0246  0.0413  
 5   0.0318  0.0682  0.0697  0.0246     -    0.0468  
 6   0.0521  0.0950  0.1016  0.0413  0.0468     -    

Average distances (expected heterozygosity) between individuals in same cluster:
cluster  1  : 0.6268 
cluster  2  : 0.6189 
cluster  3  : 0.5575 
cluster  4  : 0.6388 
cluster  5  : 0.6418 
cluster  6  : 0.6184 

--------------------------------------------
Estimated Ln Prob of Data   = -12781.7
Mean value of ln likelihood = -12249.9
Variance of ln likelihood   = 1063.6
Mean value of alpha         = 0.0679

Mean value of Fst_1         = 0.0731
Mean value of Fst_2         = 0.1715
Mean value of Fst_3         = 0.1667
Mean value of Fst_4         = 0.0410
Mean value of Fst_5         = 0.0842
Mean value of Fst_6         = 0.1260


Inferred ancestry of individuals:
        Label (%Miss) Pop:  Inferred clusters
  1 24.0601.E1    (0)    1 :  0.913 0.026 0.022 0.011 0.015 0.012 
  2 24.0602.E1    (0)    1 :  0.904 0.007 0.013 0.013 0.040 0.023 
  3 24.0603.E1    (0)    1 :  0.849 0.009 0.058 0.054 0.019 0.011 
  4 24.0604.E1    (0)    1 :  0.792 0.009 0.008 0.011 0.162 0.019 
  5 24.0605.E1    (0)    1 :  0.898 0.015 0.037 0.016 0.018 0.015 
  6 24.0606.E1    (0)    1 :  0.911 0.016 0.024 0.012 0.016 0.022 
  7 24.0607.E1    (0)    1 :  0.118 0.011 0.203 0.022 0.632 0.015 
  8 24.0608.E1    (0)    1 :  0.679 0.006 0.164 0.012 0.016 0.124 
  9 24.0609.E1    (0)    1 :  0.463 0.007 0.010 0.117 0.021 0.382 
 10 24.0610.E1    (0)    1 :  0.705 0.008 0.011 0.077 0.009 0.190 
 11 24.0611.E1    (0)    1 :  0.917 0.018 0.009 0.019 0.012 0.024 
 12 24.0612.E1    (0)    1 :  0.914 0.019 0.020 0.011 0.027 0.008 
 13 24.0613.E1    (0)    1 :  0.951 0.009 0.007 0.009 0.009 0.014 
 14 24.0614.E1    (0)    1 :  0.343 0.015 0.399 0.015 0.025 0.203 
 15 24.0615.E1    (0)    1 :  0.607 0.021 0.076 0.015 0.066 0.216 
 16 24.0616.E1    (0)    1 :  0.937 0.014 0.008 0.009 0.019 0.014 
 17 24.0617.E1    (0)    1 :  0.410 0.035 0.029 0.019 0.020 0.487 
 18 24.0618.E1    (0)    1 :  0.828 0.019 0.008 0.027 0.022 0.095 
 19 24.0619.E1    (0)    1 :  0.546 0.023 0.008 0.029 0.382 0.012 
 20 24.0620.E1   (20)    1 :  0.080 0.018 0.783 0.044 0.035 0.041 
 21 24.0621.E1    (0)    1 :  0.353 0.011 0.010 0.040 0.481 0.106 
 22 24.0622.E1    (0)    1 :  0.930 0.018 0.011 0.023 0.008 0.009 
 23 24.0623.E1    (0)    1 :  0.724 0.133 0.021 0.042 0.037 0.043 
 24 24.0624.E1    (0)    1 :  0.954 0.008 0.009 0.008 0.008 0.013 
 25 24.0625.E1    (0)    2 :  0.021 0.679 0.174 0.060 0.023 0.042 
 26 24.0626.E1    (0)    2 :  0.006 0.840 0.123 0.010 0.007 0.015 
 27 24.0627.E1    (0)    2 :  0.013 0.486 0.032 0.030 0.429 0.009 
 28 24.0628.E1    (0)    2 :  0.041 0.396 0.241 0.207 0.011 0.104 
 29 24.0629.E1    (0)    2 :  0.118 0.806 0.010 0.017 0.028 0.021 
 30 24.0630.E1    (0)    2 :  0.008 0.822 0.139 0.011 0.008 0.011 
 31 24.0631.E1    (0)    2 :  0.008 0.970 0.007 0.006 0.005 0.004 
 32 24.0632.E1    (0)    2 :  0.017 0.887 0.060 0.011 0.016 0.010 
 33 24.0633.E1    (0)    2 :  0.022 0.530 0.207 0.139 0.015 0.087 
 34 24.0634.E1    (0)    2 :  0.012 0.941 0.010 0.013 0.011 0.013 
 35 24.0635.E1    (0)    2 :  0.035 0.631 0.040 0.183 0.042 0.068 
 36 24.0636.E1   (33)    2 :  0.044 0.046 0.835 0.042 0.021 0.011 
 37 24.0637.E1    (0)    2 :  0.006 0.966 0.010 0.007 0.007 0.004 
 38 24.0638.E1    (0)    2 :  0.013 0.855 0.007 0.087 0.030 0.008 
 39 24.0639.E1    (0)    2 :  0.073 0.730 0.024 0.011 0.087 0.075 
 40 24.0640.E1    (0)    2 :  0.011 0.958 0.009 0.008 0.007 0.007 
 41 24.0641.E1    (0)    2 :  0.166 0.351 0.027 0.030 0.409 0.017 
 42 24.0642.E1    (0)    2 :  0.295 0.574 0.053 0.059 0.012 0.007 
 43 24.0643.E1    (0)    2 :  0.016 0.571 0.087 0.014 0.300 0.013 
 44 24.0644.E1    (0)    2 :  0.018 0.898 0.010 0.020 0.011 0.044 
 45 24.0645.E1    (0)    2 :  0.048 0.805 0.065 0.035 0.012 0.035 
 46 24.0646.E1    (0)    2 :  0.017 0.897 0.009 0.021 0.011 0.045 
 47 24.0647.E1    (0)    2 :  0.006 0.966 0.010 0.007 0.007 0.004 
 48 24.0648.E1    (0)    2 :  0.006 0.966 0.010 0.007 0.007 0.004 
 49 24.0649.E1    (0)    3 :  0.011 0.010 0.005 0.901 0.033 0.040 
 50 24.0650.E1    (0)    3 :  0.201 0.006 0.006 0.304 0.013 0.470 
 51 24.0651.E1    (0)    3 :  0.010 0.301 0.023 0.411 0.230 0.026 
 52 24.0652.E1    (0)    3 :  0.037 0.007 0.009 0.551 0.066 0.330 
 53 24.0653.E1    (0)    3 :  0.007 0.007 0.008 0.026 0.931 0.020 
 54 24.0654.E1    (0)    3 :  0.010 0.012 0.007 0.606 0.025 0.340 
 55 24.0655.E1    (0)    3 :  0.100 0.067 0.017 0.533 0.107 0.176 
 56 24.0656.E1    (0)    3 :  0.017 0.009 0.072 0.479 0.029 0.394 
 57 24.0657.E1    (0)    3 :  0.016 0.009 0.065 0.494 0.029 0.387 
 58 24.0658.E1    (0)    3 :  0.031 0.010 0.010 0.720 0.132 0.097 
 59 24.0659.E1    (0)    3 :  0.092 0.024 0.006 0.283 0.397 0.197 
 60 24.0660.E1    (6)    3 :  0.053 0.019 0.009 0.852 0.054 0.013 
 61 24.0661.E1    (0)    3 :  0.013 0.009 0.145 0.249 0.040 0.542 
 62 24.0662.E1    (0)    3 :  0.124 0.141 0.020 0.319 0.264 0.133 
 63 24.0663.E1    (0)    3 :  0.010 0.011 0.009 0.131 0.012 0.827 
 64 24.0664.E1    (0)    3 :  0.009 0.009 0.053 0.763 0.026 0.141 
 65 24.0665.E1    (0)    3 :  0.009 0.008 0.273 0.625 0.048 0.038 
 66 24.0666.E1    (0)    3 :  0.016 0.008 0.007 0.014 0.943 0.012 
 67 24.0667.E1    (0)    3 :  0.015 0.007 0.007 0.050 0.911 0.011 
 68 24.0668.E1    (0)    3 :  0.005 0.007 0.005 0.008 0.969 0.007 
 69 24.0669.E1    (0)    3 :  0.006 0.007 0.006 0.008 0.967 0.007 
 70 24.0670.E1    (0)    3 :  0.021 0.008 0.009 0.250 0.499 0.214 
 71 24.0671.E1    (0)    3 :  0.016 0.026 0.014 0.657 0.056 0.230 
 72 24.0672.E1    (0)    3 :  0.088 0.010 0.008 0.466 0.415 0.013 
 73 24.0673.E1    (6)    4 :  0.198 0.027 0.592 0.058 0.018 0.107 
 74 24.0674.E1    (0)    4 :  0.311 0.027 0.560 0.072 0.011 0.019 
 75 24.0675.E1    (0)    4 :  0.069 0.037 0.127 0.522 0.015 0.231 
 76 24.0676.E1    (0)    4 :  0.046 0.015 0.059 0.521 0.015 0.344 
 77 24.0677.E1    (0)    4 :  0.092 0.007 0.019 0.179 0.456 0.248 
 78 24.0678.E1    (0)    4 :  0.317 0.091 0.020 0.132 0.427 0.014 
 79 24.0679.E1    (0)    4 :  0.192 0.017 0.018 0.531 0.140 0.103 
 80 24.0680.E1    (0)    4 :  0.058 0.022 0.015 0.711 0.179 0.014 
 81 24.0681.E1    (0)    4 :  0.265 0.013 0.030 0.660 0.020 0.013 
 82 24.0682.E1    (0)    4 :  0.220 0.016 0.070 0.666 0.015 0.013 
 83 24.0683.E1    (0)    4 :  0.274 0.007 0.650 0.037 0.020 0.011 
 84 24.0684.E1    (0)    4 :  0.409 0.047 0.384 0.084 0.053 0.023 
 85 24.0685.E1    (0)    4 :  0.712 0.018 0.056 0.140 0.054 0.020 
 86 24.0686.E1    (0)    4 :  0.117 0.213 0.016 0.545 0.090 0.018 
 87 24.0687.E1    (0)    4 :  0.091 0.389 0.035 0.421 0.034 0.030 
 88 24.0688.E1    (0)    4 :  0.073 0.009 0.028 0.873 0.010 0.007 
 89 24.0689.E1    (0)    4 :  0.116 0.032 0.099 0.147 0.022 0.585 
 90 24.0690.E1    (0)    4 :  0.035 0.065 0.043 0.352 0.494 0.012 
 91 24.0691.E1    (0)    4 :  0.774 0.014 0.029 0.139 0.012 0.032 
 92 24.0692.E1    (0)    4 :  0.021 0.009 0.030 0.908 0.012 0.020 
 93 24.0693.E1    (0)    4 :  0.028 0.013 0.567 0.290 0.016 0.085 
 94 24.0694.E1    (0)    4 :  0.149 0.008 0.024 0.792 0.017 0.009 
 95 24.0695.E1    (0)    4 :  0.874 0.009 0.013 0.065 0.017 0.022 
 96 24.0696.E1    (0)    4 :  0.757 0.017 0.017 0.143 0.044 0.022 
 97 24.0697.E1    (0)    5 :  0.015 0.019 0.206 0.678 0.057 0.026 
 98 24.0698.E1    (0)    5 :  0.054 0.026 0.180 0.185 0.491 0.064 
 99 24.0699.E1    (0)    5 :  0.028 0.015 0.011 0.225 0.703 0.017 
100 24.0700.E1    (0)    5 :  0.011 0.009 0.011 0.890 0.069 0.011 
101 24.0701.E1    (0)    5 :  0.009 0.010 0.031 0.010 0.928 0.011 
102 24.0702.E1    (0)    5 :  0.017 0.021 0.049 0.706 0.195 0.012 
103 24.0703.E1    (0)    5 :  0.020 0.141 0.010 0.222 0.583 0.024 
104 24.0704.E1    (6)    5 :  0.030 0.028 0.018 0.192 0.717 0.015 
105 24.0705.E1    (0)    5 :  0.235 0.016 0.015 0.635 0.088 0.011 
106 24.0706.E1    (0)    5 :  0.010 0.010 0.013 0.903 0.047 0.016 
107 24.0707.E1    (0)    5 :  0.030 0.041 0.020 0.877 0.024 0.008 
108 24.0708.E1    (0)    5 :  0.112 0.346 0.056 0.029 0.081 0.375 
109 24.0709.E1    (0)    5 :  0.050 0.015 0.012 0.797 0.039 0.087 
110 24.0710.E1    (0)    5 :  0.129 0.010 0.088 0.108 0.609 0.056 
111 24.0711.E1    (0)    5 :  0.132 0.048 0.023 0.396 0.387 0.012 
112 24.0712.E1    (0)    5 :  0.027 0.047 0.023 0.023 0.872 0.008 
113 24.0713.E1    (0)    5 :  0.012 0.010 0.016 0.913 0.025 0.024 
114 24.0714.E1    (0)    5 :  0.109 0.030 0.013 0.529 0.271 0.048 
115 24.0715.E1    (0)    5 :  0.062 0.011 0.573 0.219 0.090 0.045 
116 24.0716.E1    (0)    5 :  0.062 0.053 0.030 0.099 0.702 0.053 
117 24.0717.E1    (0)    5 :  0.023 0.099 0.364 0.366 0.062 0.086 
118 24.0718.E1    (0)    5 :  0.024 0.020 0.014 0.909 0.025 0.008 
119 24.0719.E1    (0)    5 :  0.015 0.027 0.015 0.849 0.072 0.022 
120 24.0720.E1    (0)    5 :  0.022 0.015 0.009 0.918 0.021 0.015 
121 24.0721.E1    (0)    6 :  0.065 0.041 0.643 0.113 0.033 0.105 
122 24.0722.E1    (0)    6 :  0.109 0.197 0.538 0.032 0.108 0.016 
123 24.0723.E1    (0)    6 :  0.081 0.369 0.314 0.024 0.035 0.176 
124 24.0724.E1    (0)    6 :  0.392 0.041 0.359 0.027 0.033 0.148 
125 24.0725.E1    (0)    6 :  0.933 0.010 0.009 0.018 0.013 0.015 
126 24.0726.E1    (6)    6 :  0.867 0.011 0.082 0.020 0.011 0.010 
127 24.0727.E1    (0)    6 :  0.336 0.020 0.528 0.036 0.046 0.034 
128 24.0728.E1    (0)    6 :  0.585 0.043 0.204 0.107 0.032 0.028 
129 24.0729.E1    (0)    6 :  0.876 0.017 0.040 0.028 0.024 0.015 
130 24.0730.E1    (0)    6 :  0.422 0.016 0.083 0.207 0.205 0.067 
131 24.0731.E1    (0)    6 :  0.900 0.009 0.035 0.036 0.008 0.012 
132 24.0732.E1    (0)    6 :  0.100 0.011 0.838 0.033 0.011 0.007 
133 24.0733.E1    (0)    6 :  0.951 0.007 0.022 0.007 0.005 0.007 
134 24.0734.E1    (0)    6 :  0.057 0.023 0.845 0.036 0.026 0.013 
135 24.0735.E1    (0)    6 :  0.648 0.048 0.222 0.030 0.024 0.028 
136 24.0736.E1    (0)    6 :  0.890 0.011 0.069 0.011 0.010 0.009 
137 24.0737.E1    (0)    6 :  0.898 0.049 0.009 0.023 0.010 0.011 
138 24.0738.E1    (0)    6 :  0.912 0.012 0.040 0.014 0.014 0.009 
139 24.0739.E1    (0)    6 :  0.933 0.016 0.008 0.024 0.009 0.010 
140 24.0740.E1    (0)    6 :  0.907 0.016 0.014 0.035 0.015 0.014 
141 24.0741.E1    (0)    6 :  0.609 0.018 0.308 0.043 0.010 0.012 
142 24.0742.E1    (0)    6 :  0.344 0.014 0.608 0.014 0.011 0.009 
143 24.0743.E1    (0)    6 :  0.755 0.007 0.153 0.018 0.029 0.038 
144 24.0744.E1    (0)    6 :  0.397 0.019 0.189 0.063 0.296 0.035 
145 24.0745.E1    (0)    7 :  0.007 0.006 0.924 0.026 0.026 0.011 
146 24.0746.E1    (0)    7 :  0.063 0.125 0.668 0.077 0.053 0.015 
147 24.0747.E1    (0)    7 :  0.066 0.011 0.768 0.113 0.014 0.027 
148 24.0748.E1    (6)    7 :  0.084 0.011 0.707 0.140 0.019 0.039 
149 24.0749.E1    (0)    7 :  0.275 0.011 0.676 0.011 0.017 0.011 
150 24.0750.E1    (0)    7 :  0.531 0.021 0.249 0.121 0.046 0.032 
151 24.0751.E1    (0)    7 :  0.011 0.009 0.959 0.007 0.008 0.006 
152 24.0752.E1    (0)    7 :  0.058 0.008 0.895 0.009 0.017 0.013 
153 24.0753.E1    (0)    7 :  0.216 0.146 0.605 0.013 0.013 0.008 
154 24.0754.E1    (0)    7 :  0.025 0.013 0.938 0.010 0.008 0.007 
155 24.0755.E1    (0)    7 :  0.028 0.025 0.789 0.100 0.023 0.035 
156 24.0756.E1    (0)    7 :  0.019 0.011 0.934 0.007 0.012 0.017 
157 24.0757.E1    (0)    7 :  0.005 0.005 0.974 0.005 0.005 0.004 
158 24.0758.E1    (0)    7 :  0.006 0.006 0.973 0.005 0.005 0.004 
159 24.0759.E1    (0)    7 :  0.023 0.007 0.940 0.011 0.011 0.008 
160 24.0760.E1    (0)    7 :  0.016 0.258 0.639 0.063 0.017 0.007 
161 24.0761.E1    (0)    7 :  0.007 0.010 0.965 0.006 0.005 0.006 
162 24.0762.E1    (0)    7 :  0.194 0.013 0.081 0.200 0.452 0.060 
163 24.0763.E1    (0)    7 :  0.010 0.006 0.967 0.007 0.005 0.005 
164 24.0764.E1    (0)    7 :  0.016 0.010 0.952 0.009 0.007 0.006 
165 24.0765.E1    (0)    7 :  0.012 0.023 0.933 0.010 0.010 0.012 
166 24.0766.E1    (0)    7 :  0.011 0.007 0.960 0.008 0.007 0.006 
167 24.0767.E1    (0)    7 :  0.008 0.005 0.970 0.006 0.005 0.006 
168 24.0768.E1    (0)    7 :  0.730 0.008 0.136 0.037 0.052 0.037 
169 24.0779.E1    (0)    8 :  0.023 0.010 0.056 0.865 0.034 0.012 
170 24.0780.E1    (6)    8 :  0.011 0.008 0.006 0.806 0.018 0.150 
171 24.0781.E1    (0)    8 :  0.006 0.007 0.008 0.955 0.012 0.011 
172 24.0782.E1    (0)    8 :  0.659 0.108 0.046 0.120 0.029 0.039 
173 24.0783.E1    (0)    8 :  0.022 0.023 0.010 0.479 0.183 0.284 
174 24.0784.E1    (0)    8 :  0.012 0.009 0.006 0.943 0.010 0.020 
175 24.0785.E1    (0)    8 :  0.013 0.006 0.006 0.708 0.092 0.174 
176 24.0786.E1    (0)    8 :  0.028 0.010 0.015 0.865 0.016 0.067 
177 24.0787.E1    (0)    8 :  0.019 0.040 0.028 0.884 0.014 0.016 
178 24.0788.E1    (0)    8 :  0.007 0.014 0.009 0.903 0.008 0.059 
179 24.0789.E1    (0)    8 :  0.092 0.048 0.012 0.652 0.060 0.134 
180 24.0790.E1    (0)    8 :  0.006 0.009 0.005 0.946 0.011 0.023 
181 24.0791.E1    (0)    8 :  0.079 0.008 0.011 0.319 0.570 0.013 
182 24.0792.E1    (0)    8 :  0.021 0.007 0.051 0.790 0.042 0.089 
183 24.0793.E1    (0)    9 :  0.021 0.266 0.008 0.022 0.379 0.304 
184 24.0794.E1    (0)    9 :  0.479 0.013 0.015 0.084 0.035 0.373 
185 24.0795.E1    (0)    9 :  0.452 0.290 0.018 0.032 0.062 0.147 
186 24.0796.E1    (0)    9 :  0.035 0.010 0.007 0.136 0.022 0.790 
187 24.0797.E1    (0)    9 :  0.018 0.067 0.005 0.072 0.242 0.596 
188 24.0798.E1    (0)    9 :  0.015 0.155 0.040 0.046 0.668 0.076 
189 24.0799.E1    (0)    9 :  0.018 0.019 0.009 0.017 0.894 0.043 
190 24.0800.E1    (0)    9 :  0.031 0.009 0.013 0.053 0.255 0.639 
191 24.0801.E1    (0)    9 :  0.008 0.014 0.009 0.038 0.915 0.016 
192 24.0802.E1    (0)    9 :  0.021 0.459 0.007 0.022 0.146 0.346 
193 24.0803.E1    (0)    9 :  0.013 0.088 0.007 0.013 0.850 0.029 
194 24.0804.E1    (0)    9 :  0.014 0.253 0.006 0.012 0.068 0.646 
195 24.0805.E1    (0)    9 :  0.021 0.015 0.012 0.334 0.591 0.027 
196 24.0806.E1    (0)    9 :  0.032 0.606 0.014 0.020 0.194 0.135 
197 24.0807.E1    (0)    9 :  0.015 0.338 0.006 0.030 0.153 0.458 
198 24.0808.E1    (0)    9 :  0.016 0.012 0.008 0.594 0.071 0.299 
199 24.0809.E1    (0)    9 :  0.073 0.011 0.020 0.265 0.407 0.223 
200 24.0810.E1    (0)    9 :  0.027 0.049 0.032 0.034 0.674 0.184 
201 24.0811.E1    (0)    9 :  0.036 0.189 0.007 0.023 0.076 0.669 
202 24.0812.E1    (0)    9 :  0.049 0.017 0.011 0.227 0.062 0.634 
203 24.0813.E1    (0)    9 :  0.013 0.236 0.010 0.544 0.080 0.117 
204 24.0814.E1    (6)    9 :  0.011 0.146 0.007 0.085 0.054 0.697 
205 24.0815.E1    (0)    9 :  0.009 0.302 0.012 0.132 0.473 0.072 
206 24.0816.E1    (0)    9 :  0.010 0.330 0.006 0.019 0.324 0.311 
207 24.0817.E1    (0)   10 :  0.023 0.010 0.009 0.020 0.018 0.920 
208 24.0818.E1    (0)   10 :  0.040 0.015 0.015 0.042 0.037 0.852 
209 24.0819.E1    (0)   10 :  0.012 0.011 0.206 0.019 0.642 0.110 
210 24.0820.E1    (0)   10 :  0.008 0.010 0.409 0.010 0.017 0.546 
211 24.0821.E1    (0)   10 :  0.020 0.016 0.009 0.249 0.430 0.277 
212 24.0822.E1    (0)   10 :  0.010 0.006 0.024 0.021 0.014 0.926 
213 24.0823.E1    (0)   10 :  0.011 0.014 0.100 0.013 0.021 0.841 
214 24.0824.E1    (0)   10 :  0.019 0.012 0.014 0.019 0.577 0.359 
215 24.0825.E1    (0)   10 :  0.010 0.009 0.011 0.013 0.008 0.950 
216 24.0826.E1    (0)   10 :  0.008 0.011 0.236 0.017 0.026 0.702 
217 24.0827.E1    (0)   10 :  0.038 0.011 0.007 0.019 0.014 0.912 
218 24.0828.E1    (0)   10 :  0.009 0.012 0.049 0.017 0.031 0.882 
219 24.0829.E1    (0)   10 :  0.009 0.008 0.017 0.014 0.023 0.929 
220 24.0830.E1    (0)   10 :  0.012 0.009 0.006 0.037 0.038 0.897 
221 24.0831.E1    (0)   10 :  0.008 0.008 0.006 0.083 0.086 0.810 
222 24.0832.E1    (0)   10 :  0.013 0.005 0.006 0.011 0.007 0.958 
223 24.0833.E1    (0)   10 :  0.007 0.006 0.007 0.010 0.005 0.966 
224 24.0834.E1    (0)   10 :  0.012 0.009 0.012 0.012 0.008 0.947 
225 24.0835.E1    (0)   10 :  0.019 0.009 0.007 0.012 0.024 0.929 
226 24.0836.E1    (0)   10 :  0.026 0.008 0.018 0.030 0.026 0.892 
227 24.0837.E1    (0)   10 :  0.011 0.006 0.009 0.018 0.012 0.944 
228 24.0838.E1    (0)   10 :  0.008 0.006 0.014 0.019 0.008 0.944 
229 24.0839.E1    (0)   10 :  0.076 0.028 0.042 0.069 0.114 0.671 
230 24.0840.E1    (0)   10 :  0.016 0.053 0.006 0.015 0.033 0.877 
231 24.0841.E1    (0)   11 :  0.023 0.006 0.026 0.018 0.046 0.881 
232 24.0842.E1    (0)   11 :  0.018 0.005 0.013 0.011 0.315 0.636 
233 24.0843.E1    (0)   11 :  0.007 0.009 0.031 0.016 0.283 0.654 
234 24.0844.E1    (0)   11 :  0.026 0.008 0.009 0.030 0.661 0.266 
235 24.0845.E1    (0)   11 :  0.009 0.007 0.007 0.047 0.029 0.900 
236 24.0846.E1    (0)   11 :  0.019 0.014 0.011 0.017 0.033 0.906 
237 24.0847.E1    (0)   11 :  0.073 0.010 0.021 0.032 0.029 0.835 
238 24.0848.E1    (0)   11 :  0.027 0.007 0.006 0.060 0.070 0.830 
239 24.0849.E1    (0)   11 :  0.009 0.006 0.012 0.009 0.011 0.954 
240 24.0850.E1    (0)   11 :  0.009 0.006 0.012 0.009 0.011 0.954 
241 24.0851.E1    (0)   11 :  0.008 0.006 0.012 0.009 0.011 0.954 
242 24.0852.E1    (0)   11 :  0.008 0.006 0.040 0.029 0.015 0.902 
243 24.0853.E1    (0)   11 :  0.006 0.008 0.014 0.009 0.007 0.956 
244 24.0854.E1    (0)   11 :  0.011 0.008 0.014 0.019 0.854 0.094 
245 24.0855.E1    (0)   11 :  0.008 0.007 0.010 0.010 0.015 0.950 
246 24.0856.E1    (0)   11 :  0.082 0.252 0.039 0.028 0.527 0.072 
247 24.0857.E1    (0)   11 :  0.033 0.016 0.019 0.028 0.058 0.846 
248 24.0858.E1    (0)   11 :  0.017 0.007 0.019 0.031 0.070 0.856 
249 24.0859.E1    (0)   11 :  0.014 0.016 0.102 0.014 0.032 0.823 
250 24.0860.E1    (0)   11 :  0.025 0.031 0.028 0.019 0.812 0.085 
251 24.0861.E1    (0)   11 :  0.008 0.006 0.014 0.009 0.010 0.953 
252 24.0862.E1    (0)   11 :  0.067 0.278 0.011 0.073 0.185 0.385 
253 24.0863.E1    (0)   11 :  0.008 0.006 0.014 0.009 0.010 0.953 
254 24.0864.E1    (0)   11 :  0.460 0.010 0.009 0.314 0.026 0.181 
255 24.0865.E1    (0)   12 :  0.021 0.017 0.432 0.235 0.016 0.280 
256 24.0866.E1    (0)   12 :  0.073 0.010 0.069 0.326 0.296 0.227 
257 24.0867.E1    (0)   12 :  0.037 0.068 0.380 0.296 0.055 0.163 
258 24.0868.E1    (0)   12 :  0.016 0.022 0.021 0.897 0.018 0.027 
259 24.0869.E1    (0)   12 :  0.021 0.027 0.015 0.851 0.011 0.075 
260 24.0870.E1    (0)   12 :  0.084 0.093 0.029 0.743 0.026 0.026 
261 24.0871.E1    (0)   12 :  0.289 0.069 0.013 0.508 0.076 0.045 
262 24.0872.E1    (0)   12 :  0.023 0.014 0.328 0.467 0.119 0.049 
263 24.0873.E1    (0)   12 :  0.041 0.023 0.038 0.790 0.028 0.081 
264 24.0874.E1    (0)   12 :  0.023 0.014 0.422 0.217 0.080 0.245 
265 24.0875.E1    (0)   12 :  0.042 0.015 0.018 0.410 0.499 0.016 
266 24.0876.E1    (0)   12 :  0.269 0.018 0.039 0.307 0.357 0.010 
267 24.0877.E1    (0)   12 :  0.881 0.008 0.059 0.016 0.029 0.008 
268 24.0878.E1    (0)   12 :  0.875 0.010 0.013 0.056 0.011 0.035 
269 24.0879.E1    (0)   12 :  0.777 0.013 0.008 0.025 0.168 0.008 
270 24.0880.E1    (0)   12 :  0.053 0.023 0.021 0.577 0.035 0.291 
271 24.0881.E1    (0)   12 :  0.950 0.010 0.015 0.007 0.010 0.008 
272 24.0882.E1    (0)   12 :  0.216 0.009 0.725 0.013 0.024 0.012 
273 24.0883.E1    (0)   12 :  0.407 0.014 0.350 0.023 0.192 0.015 
274 24.0884.E1    (0)   12 :  0.920 0.010 0.038 0.012 0.012 0.009 
275 24.0885.E1    (0)   12 :  0.879 0.015 0.011 0.067 0.017 0.011 
276 24.0886.E1    (0)   12 :  0.691 0.006 0.207 0.027 0.055 0.015 
277 24.0887.E1    (0)   12 :  0.066 0.013 0.736 0.011 0.167 0.006 
278 24.0888.E1    (0)   12 :  0.021 0.010 0.007 0.922 0.029 0.011 


Estimated Allele Frequencies in each cluster
First column gives estimated ancestral frequencies


Locus 1 : 
31 alleles
0.0% missing data
 115   (0.037) 0.148 0.005 0.036 0.021 0.016 0.004 
 117   (0.039) 0.179 0.004 0.168 0.013 0.039 0.003 
 119   (0.041) 0.225 0.207 0.265 0.008 0.007 0.003 
 131   (0.015) 0.040 0.001 0.003 0.003 0.002 0.001 
 128   (0.036) 0.044 0.004 0.004 0.031 0.023 0.015 
 135   (0.016) 0.046 0.002 0.005 0.004 0.003 0.002 
 126   (0.078) 0.074 0.015 0.083 0.067 0.065 0.169 
 122   (0.031) 0.012 0.150 0.002 0.015 0.051 0.004 
 132   (0.032) 0.005 0.006 0.016 0.025 0.016 0.030 
 141   (0.012) 0.007 0.003 0.001 0.002 0.002 0.001 
 130   (0.051) 0.009 0.025 0.024 0.092 0.050 0.026 
 134   (0.035) 0.005 0.115 0.003 0.030 0.011 0.042 
 145   (0.027) 0.004 0.013 0.020 0.019 0.014 0.016 
 127   (0.028) 0.024 0.032 0.141 0.007 0.005 0.002 
 116   (0.111) 0.033 0.191 0.040 0.237 0.110 0.195 
 114   (0.050) 0.007 0.089 0.009 0.041 0.063 0.155 
 120   (0.039) 0.009 0.074 0.004 0.038 0.076 0.003 
 110   (0.046) 0.038 0.023 0.022 0.017 0.053 0.055 
 133   (0.016) 0.003 0.007 0.012 0.003 0.007 0.001 
 118   (0.097) 0.017 0.015 0.034 0.246 0.342 0.210 
 125   (0.015) 0.003 0.003 0.001 0.005 0.005 0.009 
 129   (0.021) 0.038 0.002 0.008 0.007 0.009 0.001 
 124   (0.018) 0.006 0.002 0.002 0.012 0.014 0.001 
 136   (0.023) 0.004 0.002 0.002 0.027 0.003 0.037 
 121   (0.016) 0.007 0.001 0.055 0.003 0.002 0.001 
 139   (0.011) 0.009 0.001 0.001 0.002 0.002 0.001 
 113   (0.010) 0.001 0.001 0.012 0.002 0.001 0.001 
 111   (0.012) 0.002 0.001 0.012 0.002 0.002 0.001 
 143   (0.012) 0.001 0.001 0.013 0.002 0.002 0.001 
 140   (0.013) 0.002 0.002 0.001 0.015 0.002 0.001 
 112   (0.011) 0.001 0.001 0.001 0.002 0.002 0.008 

Locus 2 : 
18 alleles
0.0% missing data
 152   (0.378) 0.589 0.436 0.735 0.371 0.461 0.278 
 148   (0.064) 0.177 0.184 0.061 0.031 0.030 0.005 
 154   (0.111) 0.056 0.240 0.058 0.114 0.058 0.156 
 156   (0.017) 0.011 0.003 0.001 0.006 0.005 0.002 
 150   (0.024) 0.007 0.052 0.040 0.005 0.005 0.002 
 164   (0.075) 0.083 0.020 0.015 0.077 0.049 0.083 
 158   (0.032) 0.018 0.020 0.008 0.008 0.075 0.003 
 160   (0.018) 0.002 0.002 0.020 0.012 0.003 0.001 
 166   (0.021) 0.004 0.009 0.001 0.014 0.023 0.002 
 151   (0.073) 0.009 0.007 0.006 0.156 0.112 0.347 
 147   (0.064) 0.008 0.009 0.009 0.125 0.132 0.103 
 168   (0.023) 0.004 0.003 0.003 0.021 0.014 0.004 
 153   (0.015) 0.002 0.002 0.002 0.014 0.004 0.002 
 149   (0.025) 0.004 0.002 0.011 0.018 0.017 0.002 
 162   (0.020) 0.005 0.009 0.003 0.008 0.005 0.009 
 167   (0.014) 0.018 0.001 0.001 0.002 0.002 0.001 
 146   (0.012) 0.001 0.001 0.024 0.002 0.002 0.001 
 172   (0.014) 0.001 0.001 0.001 0.017 0.002 0.001 

Locus 3 : 
4 alleles
0.0% missing data
 128   (0.292) 0.237 0.287 0.395 0.267 0.277 0.379 
 126   (0.614) 0.694 0.650 0.597 0.687 0.632 0.534 
 132   (0.079) 0.067 0.056 0.007 0.044 0.072 0.086 
 134   (0.015) 0.002 0.007 0.001 0.003 0.020 0.001 

Locus 4 : 
3 alleles
0.0% missing data
 170   (0.317) 0.287 0.393 0.262 0.295 0.295 0.338 
 172   (0.670) 0.711 0.600 0.735 0.701 0.704 0.660 
 171   (0.013) 0.002 0.007 0.003 0.005 0.002 0.001 

Locus 5 : 
37 alleles
0.0% missing data
 125   (0.053) 0.052 0.055 0.047 0.030 0.075 0.081 
 110   (0.036) 0.029 0.032 0.013 0.009 0.045 0.063 
 129   (0.039) 0.049 0.004 0.003 0.056 0.039 0.031 
 113   (0.034) 0.012 0.013 0.003 0.082 0.031 0.036 
 145   (0.052) 0.212 0.006 0.103 0.055 0.043 0.022 
 155   (0.049) 0.128 0.177 0.016 0.019 0.048 0.043 
 117   (0.032) 0.034 0.006 0.045 0.054 0.008 0.003 
 124   (0.010) 0.017 0.001 0.001 0.002 0.001 0.001 
 133   (0.033) 0.036 0.003 0.064 0.052 0.017 0.003 
 157   (0.044) 0.007 0.020 0.023 0.088 0.146 0.030 
 141   (0.015) 0.005 0.001 0.001 0.026 0.003 0.003 
 112   (0.068) 0.080 0.167 0.147 0.049 0.042 0.145 
 121   (0.021) 0.005 0.022 0.003 0.014 0.009 0.026 
 114   (0.044) 0.053 0.018 0.174 0.039 0.009 0.047 
 153   (0.048) 0.061 0.010 0.004 0.038 0.196 0.085 
 127   (0.065) 0.069 0.036 0.096 0.112 0.039 0.131 
 131   (0.060) 0.053 0.194 0.166 0.027 0.091 0.043 
 135   (0.029) 0.009 0.006 0.003 0.032 0.037 0.054 
 104   (0.010) 0.001 0.007 0.003 0.004 0.001 0.001 
 118   (0.019) 0.017 0.012 0.003 0.011 0.005 0.001 
 116   (0.028) 0.018 0.048 0.004 0.014 0.018 0.013 
 137   (0.020) 0.007 0.131 0.005 0.010 0.013 0.002 
 123   (0.020) 0.009 0.005 0.002 0.004 0.017 0.062 
 149   (0.010) 0.003 0.001 0.001 0.004 0.002 0.003 
 138   (0.013) 0.002 0.001 0.001 0.036 0.002 0.002 
 143   (0.026) 0.003 0.003 0.058 0.012 0.016 0.041 
 163   (0.010) 0.002 0.006 0.001 0.005 0.002 0.001 
 109   (0.012) 0.002 0.001 0.001 0.015 0.002 0.001 
 139   (0.009) 0.001 0.001 0.001 0.007 0.003 0.001 
 106   (0.010) 0.001 0.001 0.001 0.008 0.002 0.001 
 144   (0.014) 0.002 0.001 0.001 0.026 0.009 0.001 
 122   (0.010) 0.014 0.001 0.004 0.002 0.002 0.001 
 100   (0.017) 0.003 0.003 0.001 0.016 0.015 0.015 
 111   (0.013) 0.001 0.001 0.001 0.023 0.002 0.001 
 233   (0.010) 0.001 0.001 0.001 0.004 0.007 0.002 
 134   (0.009) 0.001 0.001 0.001 0.003 0.002 0.007 
 140   (0.010) 0.001 0.001 0.001 0.008 0.001 0.001 

Locus 6 : 
17 alleles
0.0% missing data
 221   (0.026) 0.102 0.003 0.068 0.005 0.004 0.002 
 232   (0.236) 0.172 0.147 0.450 0.299 0.318 0.424 
 229   (0.053) 0.091 0.044 0.047 0.013 0.027 0.053 
 223   (0.055) 0.100 0.007 0.008 0.027 0.088 0.038 
 230   (0.157) 0.110 0.150 0.277 0.219 0.110 0.147 
 235   (0.015) 0.051 0.002 0.001 0.003 0.002 0.001 
 236   (0.040) 0.069 0.031 0.007 0.027 0.015 0.006 
 227   (0.019) 0.052 0.002 0.002 0.005 0.009 0.001 
 220   (0.053) 0.008 0.165 0.004 0.047 0.052 0.073 
 222   (0.043) 0.005 0.276 0.003 0.053 0.044 0.009 
 234   (0.139) 0.131 0.142 0.092 0.143 0.185 0.100 
 224   (0.035) 0.004 0.004 0.002 0.027 0.050 0.042 
 228   (0.057) 0.015 0.008 0.005 0.113 0.076 0.060 
 225   (0.012) 0.005 0.005 0.001 0.002 0.002 0.002 
 226   (0.019) 0.005 0.009 0.001 0.004 0.006 0.039 
 233   (0.026) 0.046 0.002 0.031 0.008 0.010 0.002 
 231   (0.014) 0.034 0.001 0.001 0.003 0.002 0.001 

Locus 7 : 
10 alleles
0.0% missing data
 121   (0.695) 0.864 0.804 0.755 0.827 0.728 0.732 
 129   (0.078) 0.084 0.010 0.095 0.034 0.056 0.142 
 130   (0.017) 0.002 0.005 0.002 0.003 0.017 0.003 
 123   (0.096) 0.027 0.122 0.090 0.058 0.127 0.114 
 128   (0.022) 0.003 0.027 0.021 0.004 0.010 0.001 
 131   (0.015) 0.002 0.023 0.002 0.003 0.006 0.002 
 117   (0.013) 0.001 0.001 0.001 0.009 0.002 0.001 
 125   (0.014) 0.001 0.001 0.001 0.002 0.024 0.001 
 134   (0.038) 0.011 0.006 0.015 0.054 0.029 0.003 
 132   (0.014) 0.002 0.001 0.019 0.004 0.002 0.001 

Locus 8 : 
19 alleles
0.0% missing data
 184   (0.295) 0.475 0.458 0.377 0.366 0.505 0.310 
 194   (0.048) 0.030 0.023 0.033 0.062 0.014 0.010 
 178   (0.091) 0.179 0.175 0.076 0.054 0.036 0.196 
 176   (0.080) 0.052 0.011 0.189 0.106 0.072 0.047 
 182   (0.082) 0.050 0.030 0.171 0.084 0.086 0.067 
 190   (0.034) 0.006 0.058 0.034 0.008 0.026 0.013 
 196   (0.023) 0.009 0.002 0.002 0.015 0.004 0.038 
 200   (0.030) 0.013 0.006 0.010 0.015 0.042 0.002 
 180   (0.025) 0.007 0.059 0.002 0.005 0.046 0.003 
 188   (0.038) 0.024 0.007 0.006 0.048 0.007 0.042 
 174   (0.044) 0.031 0.020 0.034 0.039 0.036 0.003 
 186   (0.115) 0.106 0.122 0.057 0.162 0.068 0.210 
 192   (0.024) 0.008 0.011 0.003 0.006 0.013 0.046 
 201   (0.011) 0.001 0.009 0.001 0.002 0.006 0.001 
 199   (0.016) 0.002 0.004 0.001 0.005 0.026 0.004 
 185   (0.011) 0.001 0.001 0.001 0.006 0.002 0.003 
 203   (0.011) 0.002 0.001 0.001 0.008 0.002 0.001 
 198   (0.011) 0.001 0.001 0.001 0.007 0.002 0.002 
 209   (0.012) 0.002 0.001 0.001 0.002 0.010 0.002 

Locus 9 : 
6 alleles
0.4% missing data
 154   (0.689) 0.701 0.799 0.667 0.759 0.690 0.825 
 156   (0.212) 0.184 0.190 0.318 0.184 0.277 0.086 
 152   (0.047) 0.067 0.004 0.007 0.030 0.008 0.084 
 153   (0.015) 0.003 0.003 0.001 0.011 0.004 0.003 
 160   (0.015) 0.002 0.001 0.001 0.007 0.017 0.001 
 164   (0.023) 0.043 0.002 0.006 0.008 0.003 0.001 

Locus 10 : 
29 alleles
0.7% missing data
 305   (0.062) 0.083 0.241 0.009 0.066 0.032 0.013 
 313   (0.047) 0.110 0.010 0.005 0.037 0.021 0.024 
 311   (0.016) 0.012 0.001 0.002 0.005 0.007 0.001 
 299   (0.098) 0.215 0.026 0.032 0.063 0.154 0.198 
 315   (0.078) 0.069 0.059 0.080 0.110 0.026 0.015 
 287   (0.027) 0.013 0.006 0.004 0.007 0.353 0.003 
 291   (0.115) 0.141 0.057 0.035 0.196 0.030 0.314 
 295   (0.031) 0.117 0.004 0.002 0.034 0.005 0.003 
 289   (0.015) 0.002 0.002 0.001 0.003 0.098 0.001 
 303   (0.052) 0.010 0.033 0.519 0.040 0.010 0.151 
 297   (0.036) 0.035 0.004 0.117 0.008 0.018 0.071 
 293   (0.020) 0.022 0.003 0.001 0.013 0.060 0.001 
 301   (0.055) 0.057 0.104 0.006 0.087 0.011 0.008 
 285   (0.019) 0.002 0.330 0.002 0.005 0.026 0.003 
 307   (0.055) 0.031 0.025 0.166 0.035 0.017 0.062 
 312   (0.053) 0.010 0.050 0.005 0.093 0.033 0.061 
 306   (0.025) 0.009 0.002 0.002 0.056 0.004 0.003 
 320   (0.013) 0.002 0.001 0.001 0.017 0.002 0.001 
 317   (0.023) 0.013 0.002 0.002 0.026 0.005 0.022 
 314   (0.025) 0.027 0.002 0.002 0.012 0.015 0.002 
 323   (0.012) 0.002 0.001 0.001 0.006 0.006 0.001 
 325   (0.012) 0.002 0.001 0.001 0.006 0.006 0.001 
 310   (0.018) 0.003 0.002 0.001 0.012 0.007 0.020 
 309   (0.013) 0.002 0.002 0.001 0.016 0.003 0.001 
 316   (0.019) 0.002 0.002 0.001 0.021 0.003 0.006 
 296   (0.013) 0.002 0.001 0.001 0.009 0.002 0.001 
 304   (0.020) 0.002 0.023 0.001 0.004 0.017 0.010 
 321   (0.014) 0.002 0.003 0.001 0.007 0.016 0.001 
 332   (0.014) 0.002 0.001 0.001 0.007 0.014 0.002 

Locus 11 : 
19 alleles
0.0% missing data
 114   (0.145) 0.227 0.275 0.211 0.179 0.070 0.014 
 126   (0.019) 0.046 0.009 0.004 0.004 0.003 0.001 
 111   (0.094) 0.161 0.040 0.007 0.030 0.216 0.563 
 116   (0.100) 0.126 0.031 0.218 0.068 0.134 0.017 
 132   (0.013) 0.009 0.001 0.001 0.003 0.002 0.001 
 109   (0.016) 0.035 0.001 0.001 0.003 0.002 0.001 
 128   (0.018) 0.008 0.002 0.001 0.011 0.003 0.002 
 112   (0.323) 0.300 0.569 0.501 0.542 0.313 0.049 
 122   (0.016) 0.002 0.006 0.008 0.009 0.003 0.002 
 124   (0.013) 0.001 0.016 0.002 0.002 0.002 0.001 
 118   (0.052) 0.028 0.022 0.030 0.030 0.079 0.009 
 127   (0.013) 0.001 0.001 0.001 0.009 0.002 0.001 
 113   (0.049) 0.007 0.009 0.004 0.038 0.068 0.287 
 115   (0.034) 0.027 0.004 0.003 0.017 0.066 0.003 
 120   (0.023) 0.004 0.002 0.001 0.013 0.004 0.036 
 117   (0.024) 0.004 0.003 0.002 0.012 0.016 0.006 
 125   (0.019) 0.003 0.002 0.001 0.019 0.010 0.002 
 119   (0.017) 0.002 0.004 0.001 0.010 0.004 0.006 
 136   (0.013) 0.008 0.001 0.001 0.003 0.004 0.001 

Locus 12 : 
28 alleles
0.7% missing data
 306   (0.066) 0.082 0.265 0.009 0.044 0.043 0.018 
 314   (0.051) 0.098 0.006 0.005 0.027 0.029 0.073 
 312   (0.014) 0.018 0.001 0.001 0.003 0.002 0.001 
 300   (0.103) 0.227 0.026 0.033 0.064 0.154 0.197 
 316   (0.044) 0.063 0.050 0.074 0.010 0.007 0.013 
 288   (0.027) 0.012 0.006 0.004 0.007 0.345 0.003 
 292   (0.127) 0.144 0.057 0.037 0.199 0.036 0.315 
 296   (0.035) 0.118 0.005 0.003 0.042 0.005 0.004 
 290   (0.016) 0.002 0.002 0.001 0.004 0.098 0.001 
 304   (0.052) 0.011 0.033 0.523 0.040 0.010 0.150 
 298   (0.038) 0.036 0.005 0.118 0.008 0.018 0.070 
 294   (0.021) 0.022 0.003 0.001 0.013 0.061 0.001 
 302   (0.056) 0.058 0.103 0.007 0.087 0.011 0.008 
 286   (0.021) 0.003 0.338 0.002 0.005 0.028 0.004 
 308   (0.034) 0.015 0.023 0.159 0.018 0.013 0.002 
 313   (0.045) 0.010 0.051 0.004 0.109 0.030 0.005 
 307   (0.045) 0.025 0.004 0.006 0.072 0.007 0.067 
 321   (0.014) 0.002 0.001 0.001 0.017 0.002 0.001 
 315   (0.050) 0.032 0.006 0.004 0.112 0.034 0.005 
 318   (0.020) 0.005 0.002 0.001 0.023 0.004 0.026 
 324   (0.013) 0.002 0.001 0.001 0.006 0.006 0.001 
 326   (0.012) 0.002 0.001 0.001 0.006 0.006 0.001 
 311   (0.024) 0.006 0.002 0.002 0.017 0.019 0.029 
 310   (0.014) 0.002 0.002 0.001 0.016 0.003 0.001 
 305   (0.016) 0.002 0.002 0.001 0.024 0.003 0.001 
 317   (0.014) 0.002 0.001 0.001 0.017 0.002 0.001 
 320   (0.012) 0.001 0.001 0.001 0.005 0.008 0.001 
 322   (0.014) 0.002 0.003 0.001 0.007 0.016 0.001 

Locus 13 : 
7 alleles
1.1% missing data
 161   (0.598) 0.683 0.122 0.890 0.644 0.557 0.376 
 163   (0.293) 0.241 0.064 0.039 0.327 0.421 0.545 
 160   (0.019) 0.003 0.400 0.001 0.004 0.003 0.001 
 162   (0.017) 0.002 0.404 0.001 0.003 0.002 0.001 
 165   (0.044) 0.063 0.007 0.006 0.015 0.012 0.074 
 166   (0.014) 0.006 0.002 0.003 0.004 0.002 0.001 
 164   (0.015) 0.002 0.001 0.060 0.003 0.002 0.001 

Locus 14 : 
4 alleles
0.4% missing data
  98   (0.955) 0.987 0.996 0.985 0.979 0.993 0.997 
 100   (0.014) 0.002 0.001 0.002 0.008 0.002 0.001 
  96   (0.018) 0.010 0.002 0.012 0.004 0.003 0.001 
 105   (0.014) 0.002 0.001 0.001 0.009 0.002 0.001 

Locus 15 : 
12 alleles
2.2% missing data
 171   (0.304) 0.370 0.201 0.198 0.318 0.399 0.325 
 177   (0.187) 0.197 0.305 0.073 0.190 0.246 0.091 
 173   (0.254) 0.319 0.199 0.098 0.313 0.176 0.535 
 179   (0.096) 0.064 0.268 0.502 0.047 0.124 0.020 
 183   (0.021) 0.021 0.003 0.010 0.007 0.006 0.003 
 181   (0.041) 0.008 0.005 0.094 0.044 0.007 0.019 
 197   (0.024) 0.008 0.002 0.019 0.024 0.003 0.002 
 170   (0.014) 0.002 0.002 0.001 0.014 0.006 0.001 
 189   (0.015) 0.003 0.011 0.001 0.011 0.003 0.001 
 203   (0.016) 0.004 0.001 0.001 0.023 0.002 0.001 
 187   (0.015) 0.002 0.001 0.001 0.005 0.020 0.001 
 198   (0.013) 0.002 0.001 0.001 0.005 0.008 0.001 

Values of parameters used in structure:
DATAFILE=STRUCTURE_main_final_278_HEG_ZG.str,	OUTFILE=STRUCTURE_main_final_278_HEG_ZG-K6-4,	NUMINDS=278,	NUMLOCI=15,	MISSING=-9,	LABEL=1,	POPDATA=1,	POPFLAG=0,	PHENOTYPE=0,	EXTRACOLS=0,	MAXPOPS=6,	BURNIN=100000,	NUMREPS=500000,	USEPOPINFO=0,	INFERALPHA=1,	INFERLAMBDA=0,	POPSPECIFICLAMBDA=0,	POPALPHAS=0,	COMPUTEPROB=1,	NOADMIX=0,	ADMBURNIN=2500,	UPDATEFREQ=1,	PRINTLIKES=0,	INTERMEDSAVE=0,	PRINTKLD=0,	PRINTNET=0,	PRINTLAMBDA=0,	ANCESTDIST=0,	NUMBOXES=1000,	ANCESTPINT=0.90000,	GENSBACK=2,	MIGRPRIOR=0.05000,	PRINTQHAT=0,	PRINTQSUM=0,	ALPHA=1.0000,	FREQSCORR=1,	FPRIORMEAN=0.0100,	FPRIORSD=0.0500,	ONEFST=0,	LAMBDA=1.0000,	UNIFPRIORALPHA=1,	ALPHAMAX=10.0000,	ALPHAPRIORA=1.0000,	ALPHAPRIORB=2.0000,	ALPHAPROPSD=0.0250,	STARTATPOPINFO=0,	RANDOMIZE=1,	LINKAGE=0,	METROFREQ=10,	REPORTHITRATE=0,	MARKOVPHASE=-1,	PHASED=0,	PLOIDY=2,	PHASEINFO=0	LOCPRIOR=0, 	LOCPRIORINIT=1.000000, 	LOCDATA=0, 	LOCISPOP=0, 	LOCPRIORSTEP=0.100000, 	MAXLOCPRIOR=20.000000, 	SEED=1782481568,	
[STRAT parameters]:    NUMSIMSTATS=1000,	PHENOTYPECOL=-9,	POOLFREQ=10,	LOCUSxONLY=0,	EMERROR=0.00100,	MISSINGPHENO=-9,	