

----------------------------------------------------
STRUCTURE by Pritchard, Stephens and Donnelly (2000)
     and Falush, Stephens and Pritchard (2003)
       Code by Pritchard, Falush and Hubisz
             Version 2.3.4 (Jul 2012)
----------------------------------------------------



Command line arguments:   structure -K 10 -i STRUCTURE_main_final_278_HEG_ZG.str -o STRUCTURE_main_final_278_HEG_ZG-K10-13 
Input File:    STRUCTURE_main_final_278_HEG_ZG.str

Run parameters:
   278 individuals
   15 loci
   10 populations assumed
   100000 Burn-in period
   500000 Reps


--------------------------------------------
Proportion of membership of each pre-defined
 population in each of the 10 clusters

Given    Inferred Clusters                                                        Number of
 Pop       1      2      3      4      5      6      7      8      9     10      Individuals

  1:     0.018  0.015  0.039  0.039  0.016  0.601  0.067  0.105  0.088  0.014       24
  2:     0.046  0.733  0.014  0.036  0.015  0.017  0.056  0.028  0.018  0.037       24
  3:     0.259  0.011  0.080  0.030  0.286  0.019  0.009  0.014  0.047  0.245       24
  4:     0.033  0.023  0.034  0.548  0.149  0.056  0.039  0.021  0.047  0.049       24
  5:     0.014  0.026  0.046  0.195  0.494  0.021  0.047  0.035  0.021  0.101       24
  6:     0.021  0.023  0.049  0.090  0.070  0.460  0.230  0.012  0.014  0.030       24
  7:     0.010  0.031  0.010  0.051  0.018  0.060  0.747  0.036  0.020  0.016       24
  8:     0.049  0.013  0.017  0.067  0.675  0.020  0.011  0.054  0.078  0.016       14
  9:     0.034  0.017  0.444  0.017  0.034  0.036  0.006  0.320  0.062  0.030       24
 10:     0.163  0.008  0.055  0.011  0.026  0.011  0.013  0.037  0.638  0.039       24
 11:     0.333  0.008  0.162  0.033  0.025  0.018  0.011  0.059  0.271  0.080       24
 12:     0.077  0.020  0.010  0.221  0.089  0.271  0.107  0.112  0.048  0.045       24
--------------------------------------------

Allele-freq. divergence among pops (Net nucleotide distance),
computed using point estimates of P.

      1       2       3       4       5       6       7       8       9      10      
 1      -    0.1310  0.0750  0.0915  0.0707  0.0869  0.0890  0.0876  0.0792  0.1124  
 2   0.1310     -    0.0924  0.0767  0.0652  0.0679  0.1035  0.0974  0.1121  0.1148  
 3   0.0750  0.0924     -    0.0766  0.0554  0.0598  0.1189  0.0742  0.0558  0.1121  
 4   0.0915  0.0767  0.0766     -    0.0366  0.0347  0.0672  0.0470  0.0703  0.0855  
 5   0.0707  0.0652  0.0554  0.0366     -    0.0340  0.0782  0.0534  0.0577  0.0700  
 6   0.0869  0.0679  0.0598  0.0347  0.0340     -    0.0669  0.0433  0.0675  0.0877  
 7   0.0890  0.1035  0.1189  0.0672  0.0782  0.0669     -    0.0877  0.1352  0.1239  
 8   0.0876  0.0974  0.0742  0.0470  0.0534  0.0433  0.0877     -    0.0656  0.0905  
 9   0.0792  0.1121  0.0558  0.0703  0.0577  0.0675  0.1352  0.0656     -    0.1091  
10   0.1124  0.1148  0.1121  0.0855  0.0700  0.0877  0.1239  0.0905  0.1091     -    

Average distances (expected heterozygosity) between individuals in same cluster:
cluster  1  : 0.5497 
cluster  2  : 0.6127 
cluster  3  : 0.5998 
cluster  4  : 0.6026 
cluster  5  : 0.6289 
cluster  6  : 0.6167 
cluster  7  : 0.5493 
cluster  8  : 0.5929 
cluster  9  : 0.6043 
cluster 10  : 0.5823 

--------------------------------------------
Estimated Ln Prob of Data   = -12247.7
Mean value of ln likelihood = -11577.7
Variance of ln likelihood   = 1340.0
Mean value of alpha         = 0.0477

Mean value of Fst_1         = 0.2138
Mean value of Fst_2         = 0.1961
Mean value of Fst_3         = 0.1552
Mean value of Fst_4         = 0.1057
Mean value of Fst_5         = 0.0647
Mean value of Fst_6         = 0.0892
Mean value of Fst_7         = 0.2003
Mean value of Fst_8         = 0.1553
Mean value of Fst_9         = 0.1563
Mean value of Fst_10         = 0.1952


Inferred ancestry of individuals:
        Label (%Miss) Pop:  Inferred clusters
  1 24.0601.E1    (0)    1 :  0.013 0.014 0.010 0.009 0.006 0.908 0.012 0.010 0.007 0.011 
  2 24.0602.E1    (0)    1 :  0.009 0.004 0.019 0.007 0.009 0.900 0.010 0.018 0.015 0.009 
  3 24.0603.E1    (0)    1 :  0.006 0.005 0.018 0.026 0.047 0.853 0.022 0.010 0.005 0.007 
  4 24.0604.E1    (0)    1 :  0.005 0.008 0.006 0.107 0.005 0.643 0.005 0.026 0.047 0.147 
  5 24.0605.E1    (0)    1 :  0.012 0.007 0.037 0.032 0.010 0.833 0.036 0.018 0.009 0.006 
  6 24.0606.E1    (0)    1 :  0.007 0.010 0.027 0.147 0.013 0.741 0.020 0.008 0.022 0.005 
  7 24.0607.E1    (0)    1 :  0.008 0.006 0.020 0.013 0.048 0.056 0.158 0.668 0.011 0.010 
  8 24.0608.E1    (0)    1 :  0.140 0.004 0.018 0.008 0.007 0.633 0.117 0.021 0.045 0.007 
  9 24.0609.E1    (0)    1 :  0.014 0.005 0.009 0.230 0.023 0.186 0.006 0.065 0.455 0.008 
 10 24.0610.E1    (0)    1 :  0.005 0.005 0.011 0.062 0.017 0.476 0.009 0.008 0.403 0.005 
 11 24.0611.E1    (0)    1 :  0.005 0.007 0.059 0.024 0.007 0.844 0.006 0.014 0.028 0.005 
 12 24.0612.E1    (0)    1 :  0.005 0.009 0.010 0.007 0.012 0.904 0.016 0.011 0.008 0.018 
 13 24.0613.E1    (0)    1 :  0.005 0.007 0.005 0.032 0.006 0.910 0.005 0.007 0.018 0.005 
 14 24.0614.E1    (0)    1 :  0.067 0.006 0.372 0.009 0.006 0.171 0.342 0.011 0.009 0.006 
 15 24.0615.E1    (0)    1 :  0.020 0.016 0.020 0.011 0.012 0.555 0.063 0.102 0.180 0.020 
 16 24.0616.E1    (0)    1 :  0.006 0.014 0.006 0.009 0.007 0.907 0.005 0.029 0.012 0.006 
 17 24.0617.E1    (0)    1 :  0.008 0.029 0.017 0.015 0.015 0.256 0.022 0.035 0.596 0.006 
 18 24.0618.E1    (0)    1 :  0.018 0.009 0.053 0.029 0.040 0.771 0.005 0.011 0.060 0.005 
 19 24.0619.E1    (0)    1 :  0.004 0.027 0.008 0.021 0.008 0.290 0.005 0.621 0.012 0.005 
 20 24.0620.E1   (20)    1 :  0.009 0.013 0.015 0.094 0.024 0.035 0.697 0.056 0.046 0.011 
 21 24.0621.E1    (0)    1 :  0.039 0.005 0.117 0.018 0.013 0.045 0.006 0.686 0.064 0.008 
 22 24.0622.E1    (0)    1 :  0.006 0.020 0.005 0.014 0.014 0.910 0.009 0.007 0.010 0.005 
 23 24.0623.E1    (0)    1 :  0.014 0.117 0.057 0.016 0.017 0.647 0.019 0.064 0.038 0.011 
 24 24.0624.E1    (0)    1 :  0.005 0.006 0.010 0.005 0.006 0.942 0.006 0.005 0.011 0.004 
 25 24.0625.E1    (0)    2 :  0.190 0.561 0.056 0.048 0.019 0.013 0.060 0.004 0.009 0.039 
 26 24.0626.E1    (0)    2 :  0.131 0.805 0.005 0.004 0.004 0.004 0.035 0.004 0.003 0.004 
 27 24.0627.E1    (0)    2 :  0.012 0.487 0.007 0.035 0.007 0.007 0.020 0.027 0.005 0.393 
 28 24.0628.E1    (0)    2 :  0.172 0.478 0.008 0.065 0.015 0.033 0.118 0.018 0.086 0.006 
 29 24.0629.E1    (0)    2 :  0.007 0.844 0.007 0.007 0.029 0.072 0.005 0.010 0.009 0.009 
 30 24.0630.E1    (0)    2 :  0.055 0.803 0.008 0.012 0.005 0.005 0.094 0.006 0.005 0.007 
 31 24.0631.E1    (0)    2 :  0.003 0.968 0.004 0.003 0.004 0.005 0.004 0.003 0.003 0.004 
 32 24.0632.E1    (0)    2 :  0.005 0.914 0.006 0.006 0.010 0.007 0.031 0.005 0.006 0.010 
 33 24.0633.E1    (0)    2 :  0.409 0.445 0.025 0.023 0.021 0.013 0.044 0.006 0.008 0.006 
 34 24.0634.E1    (0)    2 :  0.019 0.897 0.024 0.010 0.010 0.009 0.007 0.006 0.010 0.008 
 35 24.0635.E1    (0)    2 :  0.034 0.630 0.101 0.020 0.094 0.025 0.021 0.018 0.037 0.020 
 36 24.0636.E1   (33)    2 :  0.009 0.063 0.008 0.120 0.021 0.030 0.705 0.009 0.012 0.022 
 37 24.0637.E1    (0)    2 :  0.003 0.959 0.005 0.005 0.005 0.004 0.007 0.004 0.003 0.004 
 38 24.0638.E1    (0)    2 :  0.006 0.897 0.005 0.023 0.030 0.008 0.005 0.009 0.006 0.011 
 39 24.0639.E1    (0)    2 :  0.009 0.770 0.008 0.008 0.020 0.040 0.015 0.011 0.093 0.027 
 40 24.0640.E1    (0)    2 :  0.006 0.935 0.015 0.007 0.007 0.008 0.006 0.005 0.007 0.004 
 41 24.0641.E1    (0)    2 :  0.010 0.433 0.013 0.008 0.017 0.033 0.019 0.442 0.017 0.008 
 42 24.0642.E1    (0)    2 :  0.005 0.587 0.004 0.295 0.006 0.052 0.035 0.006 0.004 0.007 
 43 24.0643.E1    (0)    2 :  0.006 0.601 0.010 0.009 0.016 0.008 0.065 0.005 0.011 0.268 
 44 24.0644.E1    (0)    2 :  0.005 0.904 0.006 0.016 0.006 0.007 0.005 0.018 0.029 0.004 
 45 24.0645.E1    (0)    2 :  0.004 0.777 0.005 0.112 0.006 0.012 0.018 0.031 0.029 0.006 
 46 24.0646.E1    (0)    2 :  0.005 0.904 0.006 0.016 0.006 0.007 0.005 0.018 0.029 0.004 
 47 24.0647.E1    (0)    2 :  0.003 0.959 0.005 0.005 0.005 0.004 0.007 0.004 0.003 0.004 
 48 24.0648.E1    (0)    2 :  0.003 0.959 0.005 0.005 0.005 0.004 0.007 0.004 0.003 0.004 
 49 24.0649.E1    (0)    3 :  0.011 0.006 0.010 0.007 0.928 0.005 0.003 0.006 0.014 0.009 
 50 24.0650.E1    (0)    3 :  0.155 0.004 0.251 0.404 0.032 0.020 0.004 0.009 0.111 0.010 
 51 24.0651.E1    (0)    3 :  0.066 0.072 0.452 0.027 0.256 0.008 0.036 0.014 0.008 0.061 
 52 24.0652.E1    (0)    3 :  0.862 0.006 0.007 0.007 0.048 0.034 0.005 0.011 0.005 0.015 
 53 24.0653.E1    (0)    3 :  0.018 0.005 0.010 0.009 0.044 0.005 0.006 0.028 0.022 0.854 
 54 24.0654.E1    (0)    3 :  0.665 0.015 0.006 0.008 0.248 0.008 0.004 0.010 0.029 0.008 
 55 24.0655.E1    (0)    3 :  0.421 0.026 0.068 0.013 0.387 0.039 0.007 0.009 0.020 0.010 
 56 24.0656.E1    (0)    3 :  0.912 0.006 0.005 0.015 0.014 0.007 0.010 0.006 0.011 0.013 
 57 24.0657.E1    (0)    3 :  0.905 0.006 0.006 0.016 0.017 0.008 0.010 0.006 0.012 0.014 
 58 24.0658.E1    (0)    3 :  0.006 0.006 0.009 0.022 0.743 0.020 0.006 0.011 0.128 0.048 
 59 24.0659.E1    (0)    3 :  0.110 0.010 0.280 0.016 0.089 0.059 0.004 0.006 0.028 0.398 
 60 24.0660.E1    (6)    3 :  0.009 0.012 0.008 0.013 0.907 0.021 0.005 0.009 0.006 0.009 
 61 24.0661.E1    (0)    3 :  0.924 0.005 0.009 0.005 0.022 0.010 0.006 0.007 0.005 0.007 
 62 24.0662.E1    (0)    3 :  0.045 0.013 0.634 0.015 0.055 0.058 0.021 0.012 0.019 0.128 
 63 24.0663.E1    (0)    3 :  0.085 0.010 0.049 0.046 0.164 0.007 0.005 0.016 0.611 0.007 
 64 24.0664.E1    (0)    3 :  0.418 0.010 0.005 0.009 0.482 0.007 0.020 0.022 0.018 0.010 
 65 24.0665.E1    (0)    3 :  0.485 0.007 0.007 0.036 0.353 0.007 0.038 0.020 0.005 0.043 
 66 24.0666.E1    (0)    3 :  0.007 0.005 0.004 0.008 0.007 0.007 0.004 0.006 0.008 0.944 
 67 24.0667.E1    (0)    3 :  0.006 0.003 0.004 0.005 0.014 0.009 0.004 0.004 0.004 0.946 
 68 24.0668.E1    (0)    3 :  0.004 0.004 0.003 0.004 0.004 0.003 0.003 0.004 0.004 0.967 
 69 24.0669.E1    (0)    3 :  0.004 0.004 0.003 0.004 0.005 0.004 0.004 0.008 0.004 0.961 
 70 24.0670.E1    (0)    3 :  0.011 0.003 0.023 0.004 0.891 0.010 0.005 0.004 0.026 0.024 
 71 24.0671.E1    (0)    3 :  0.082 0.011 0.044 0.014 0.785 0.008 0.008 0.006 0.033 0.010 
 72 24.0672.E1    (0)    3 :  0.014 0.006 0.022 0.020 0.357 0.082 0.006 0.099 0.008 0.386 
 73 24.0673.E1    (6)    4 :  0.456 0.022 0.028 0.217 0.019 0.136 0.098 0.007 0.008 0.008 
 74 24.0674.E1    (0)    4 :  0.005 0.008 0.050 0.882 0.006 0.010 0.022 0.005 0.008 0.004 
 75 24.0675.E1    (0)    4 :  0.023 0.025 0.048 0.780 0.029 0.023 0.022 0.011 0.028 0.010 
 76 24.0676.E1    (0)    4 :  0.016 0.007 0.024 0.711 0.046 0.013 0.023 0.015 0.140 0.006 
 77 24.0677.E1    (0)    4 :  0.033 0.004 0.024 0.016 0.775 0.035 0.010 0.060 0.027 0.015 
 78 24.0678.E1    (0)    4 :  0.045 0.072 0.019 0.023 0.204 0.429 0.012 0.085 0.008 0.103 
 79 24.0679.E1    (0)    4 :  0.011 0.015 0.024 0.318 0.118 0.158 0.008 0.015 0.282 0.051 
 80 24.0680.E1    (0)    4 :  0.024 0.036 0.010 0.099 0.486 0.070 0.012 0.104 0.008 0.151 
 81 24.0681.E1    (0)    4 :  0.010 0.008 0.014 0.654 0.222 0.041 0.016 0.011 0.006 0.017 
 82 24.0682.E1    (0)    4 :  0.003 0.005 0.003 0.962 0.004 0.004 0.004 0.007 0.005 0.004 
 83 24.0683.E1    (0)    4 :  0.006 0.006 0.026 0.807 0.006 0.011 0.119 0.007 0.004 0.007 
 84 24.0684.E1    (0)    4 :  0.006 0.034 0.011 0.726 0.044 0.082 0.039 0.025 0.023 0.010 
 85 24.0685.E1    (0)    4 :  0.005 0.006 0.006 0.875 0.009 0.011 0.016 0.007 0.014 0.052 
 86 24.0686.E1    (0)    4 :  0.005 0.060 0.195 0.057 0.565 0.066 0.015 0.008 0.014 0.015 
 87 24.0687.E1    (0)    4 :  0.008 0.156 0.242 0.135 0.367 0.036 0.018 0.008 0.024 0.007 
 88 24.0688.E1    (0)    4 :  0.005 0.007 0.004 0.951 0.008 0.006 0.005 0.006 0.004 0.004 
 89 24.0689.E1    (0)    4 :  0.031 0.017 0.015 0.150 0.312 0.029 0.033 0.026 0.381 0.006 
 90 24.0690.E1    (0)    4 :  0.022 0.029 0.038 0.051 0.150 0.025 0.036 0.006 0.006 0.636 
 91 24.0691.E1    (0)    4 :  0.005 0.007 0.006 0.907 0.012 0.020 0.006 0.004 0.024 0.009 
 92 24.0692.E1    (0)    4 :  0.005 0.005 0.005 0.876 0.061 0.005 0.008 0.007 0.021 0.008 
 93 24.0693.E1    (0)    4 :  0.060 0.008 0.016 0.345 0.096 0.011 0.398 0.008 0.041 0.016 
 94 24.0694.E1    (0)    4 :  0.005 0.007 0.004 0.933 0.009 0.007 0.008 0.008 0.007 0.012 
 95 24.0695.E1    (0)    4 :  0.010 0.006 0.006 0.771 0.011 0.093 0.007 0.042 0.038 0.014 
 96 24.0696.E1    (0)    4 :  0.005 0.014 0.009 0.895 0.014 0.022 0.008 0.010 0.013 0.011 
 97 24.0697.E1    (0)    5 :  0.007 0.012 0.017 0.125 0.715 0.006 0.090 0.010 0.012 0.007 
 98 24.0698.E1    (0)    5 :  0.009 0.018 0.025 0.030 0.726 0.021 0.096 0.011 0.021 0.044 
 99 24.0699.E1    (0)    5 :  0.008 0.008 0.016 0.006 0.915 0.013 0.009 0.009 0.005 0.010 
100 24.0700.E1    (0)    5 :  0.007 0.005 0.012 0.022 0.918 0.006 0.006 0.006 0.007 0.010 
101 24.0701.E1    (0)    5 :  0.006 0.009 0.008 0.008 0.015 0.007 0.031 0.014 0.010 0.891 
102 24.0702.E1    (0)    5 :  0.008 0.015 0.007 0.017 0.848 0.010 0.028 0.013 0.009 0.045 
103 24.0703.E1    (0)    5 :  0.005 0.042 0.157 0.007 0.737 0.011 0.007 0.006 0.006 0.022 
104 24.0704.E1    (6)    5 :  0.005 0.010 0.027 0.014 0.663 0.015 0.009 0.243 0.009 0.007 
105 24.0705.E1    (0)    5 :  0.007 0.010 0.009 0.835 0.044 0.018 0.008 0.021 0.014 0.034 
106 24.0706.E1    (0)    5 :  0.018 0.009 0.006 0.042 0.835 0.007 0.012 0.044 0.010 0.018 
107 24.0707.E1    (0)    5 :  0.012 0.021 0.036 0.047 0.795 0.026 0.017 0.034 0.005 0.007 
108 24.0708.E1    (0)    5 :  0.016 0.171 0.514 0.043 0.030 0.032 0.023 0.015 0.130 0.025 
109 24.0709.E1    (0)    5 :  0.014 0.008 0.016 0.825 0.025 0.011 0.006 0.049 0.037 0.009 
110 24.0710.E1    (0)    5 :  0.007 0.008 0.073 0.236 0.449 0.050 0.042 0.030 0.030 0.075 
111 24.0711.E1    (0)    5 :  0.009 0.053 0.007 0.051 0.681 0.071 0.016 0.073 0.006 0.031 
112 24.0712.E1    (0)    5 :  0.007 0.046 0.012 0.048 0.054 0.021 0.016 0.006 0.009 0.782 
113 24.0713.E1    (0)    5 :  0.008 0.008 0.018 0.537 0.290 0.010 0.016 0.067 0.034 0.012 
114 24.0714.E1    (0)    5 :  0.012 0.014 0.024 0.031 0.797 0.030 0.009 0.054 0.019 0.011 
115 24.0715.E1    (0)    5 :  0.033 0.007 0.006 0.107 0.386 0.029 0.392 0.009 0.011 0.019 
116 24.0716.E1    (0)    5 :  0.009 0.036 0.026 0.018 0.487 0.061 0.013 0.015 0.048 0.288 
117 24.0717.E1    (0)    5 :  0.108 0.047 0.064 0.019 0.427 0.015 0.254 0.025 0.024 0.017 
118 24.0718.E1    (0)    5 :  0.005 0.031 0.007 0.163 0.699 0.022 0.011 0.009 0.008 0.046 
119 24.0719.E1    (0)    5 :  0.008 0.015 0.006 0.862 0.018 0.006 0.006 0.053 0.017 0.009 
120 24.0720.E1    (0)    5 :  0.009 0.016 0.007 0.582 0.312 0.017 0.005 0.018 0.021 0.012 
121 24.0721.E1    (0)    6 :  0.087 0.011 0.090 0.074 0.106 0.011 0.563 0.006 0.028 0.023 
122 24.0722.E1    (0)    6 :  0.009 0.080 0.135 0.060 0.041 0.022 0.553 0.006 0.012 0.082 
123 24.0723.E1    (0)    6 :  0.149 0.122 0.308 0.011 0.015 0.024 0.341 0.005 0.017 0.008 
124 24.0724.E1    (0)    6 :  0.010 0.047 0.309 0.230 0.024 0.205 0.088 0.023 0.051 0.013 
125 24.0725.E1    (0)    6 :  0.016 0.008 0.005 0.010 0.010 0.922 0.007 0.007 0.007 0.007 
126 24.0726.E1    (6)    6 :  0.007 0.008 0.017 0.188 0.014 0.655 0.089 0.007 0.007 0.008 
127 24.0727.E1    (0)    6 :  0.038 0.021 0.066 0.019 0.030 0.251 0.464 0.008 0.014 0.089 
128 24.0728.E1    (0)    6 :  0.034 0.036 0.023 0.019 0.344 0.343 0.170 0.007 0.012 0.012 
129 24.0729.E1    (0)    6 :  0.006 0.012 0.010 0.143 0.014 0.701 0.039 0.016 0.021 0.038 
130 24.0730.E1    (0)    6 :  0.011 0.010 0.009 0.025 0.776 0.074 0.045 0.010 0.024 0.015 
131 24.0731.E1    (0)    6 :  0.017 0.013 0.013 0.680 0.009 0.181 0.070 0.006 0.007 0.004 
132 24.0732.E1    (0)    6 :  0.026 0.009 0.005 0.104 0.014 0.057 0.763 0.007 0.004 0.012 
133 24.0733.E1    (0)    6 :  0.004 0.006 0.004 0.008 0.005 0.944 0.017 0.004 0.006 0.003 
134 24.0734.E1    (0)    6 :  0.009 0.011 0.027 0.008 0.074 0.031 0.813 0.005 0.007 0.014 
135 24.0735.E1    (0)    6 :  0.010 0.049 0.009 0.019 0.041 0.628 0.197 0.007 0.025 0.015 
136 24.0736.E1    (0)    6 :  0.007 0.008 0.005 0.007 0.009 0.908 0.039 0.007 0.006 0.005 
137 24.0737.E1    (0)    6 :  0.009 0.021 0.047 0.012 0.018 0.865 0.007 0.005 0.007 0.010 
138 24.0738.E1    (0)    6 :  0.007 0.010 0.008 0.007 0.015 0.906 0.025 0.008 0.005 0.008 
139 24.0739.E1    (0)    6 :  0.008 0.014 0.007 0.008 0.016 0.925 0.005 0.005 0.007 0.006 
140 24.0740.E1    (0)    6 :  0.006 0.019 0.005 0.121 0.014 0.755 0.009 0.044 0.017 0.009 
141 24.0741.E1    (0)    6 :  0.012 0.016 0.008 0.094 0.041 0.444 0.362 0.008 0.009 0.006 
142 24.0742.E1    (0)    6 :  0.006 0.010 0.017 0.023 0.011 0.220 0.690 0.008 0.006 0.008 
143 24.0743.E1    (0)    6 :  0.007 0.005 0.040 0.227 0.012 0.589 0.037 0.048 0.014 0.019 
144 24.0744.E1    (0)    6 :  0.018 0.012 0.019 0.066 0.022 0.378 0.125 0.028 0.025 0.308 
145 24.0745.E1    (0)    7 :  0.018 0.004 0.006 0.022 0.012 0.004 0.883 0.016 0.008 0.026 
146 24.0746.E1    (0)    7 :  0.008 0.071 0.073 0.052 0.040 0.043 0.619 0.074 0.011 0.009 
147 24.0747.E1    (0)    7 :  0.010 0.010 0.005 0.152 0.012 0.028 0.656 0.088 0.027 0.012 
148 24.0748.E1    (6)    7 :  0.029 0.009 0.005 0.198 0.011 0.027 0.547 0.126 0.036 0.011 
149 24.0749.E1    (0)    7 :  0.004 0.007 0.010 0.008 0.007 0.234 0.711 0.007 0.006 0.007 
150 24.0750.E1    (0)    7 :  0.012 0.013 0.033 0.187 0.092 0.276 0.301 0.042 0.017 0.027 
151 24.0751.E1    (0)    7 :  0.005 0.006 0.004 0.005 0.005 0.007 0.955 0.006 0.004 0.004 
152 24.0752.E1    (0)    7 :  0.010 0.007 0.004 0.011 0.011 0.037 0.893 0.015 0.007 0.004 
153 24.0753.E1    (0)    7 :  0.028 0.200 0.011 0.012 0.007 0.222 0.497 0.009 0.005 0.009 
154 24.0754.E1    (0)    7 :  0.010 0.017 0.005 0.023 0.008 0.025 0.895 0.006 0.006 0.007 
155 24.0755.E1    (0)    7 :  0.006 0.025 0.006 0.081 0.030 0.016 0.738 0.044 0.047 0.008 
156 24.0756.E1    (0)    7 :  0.005 0.009 0.007 0.006 0.005 0.010 0.928 0.012 0.014 0.004 
157 24.0757.E1    (0)    7 :  0.003 0.004 0.003 0.004 0.004 0.004 0.969 0.004 0.003 0.004 
158 24.0758.E1    (0)    7 :  0.004 0.004 0.003 0.004 0.004 0.004 0.968 0.004 0.003 0.004 
159 24.0759.E1    (0)    7 :  0.014 0.006 0.005 0.007 0.009 0.022 0.915 0.009 0.005 0.009 
160 24.0760.E1    (0)    7 :  0.009 0.282 0.007 0.020 0.039 0.010 0.610 0.008 0.006 0.009 
161 24.0761.E1    (0)    7 :  0.006 0.008 0.005 0.005 0.004 0.006 0.955 0.004 0.005 0.003 
162 24.0762.E1    (0)    7 :  0.009 0.009 0.011 0.044 0.089 0.228 0.092 0.082 0.228 0.209 
163 24.0763.E1    (0)    7 :  0.006 0.004 0.004 0.013 0.004 0.007 0.949 0.005 0.004 0.003 
164 24.0764.E1    (0)    7 :  0.004 0.008 0.004 0.005 0.007 0.012 0.946 0.006 0.005 0.004 
165 24.0765.E1    (0)    7 :  0.007 0.023 0.020 0.017 0.007 0.006 0.897 0.009 0.010 0.004 
166 24.0766.E1    (0)    7 :  0.009 0.006 0.005 0.008 0.006 0.009 0.940 0.006 0.004 0.005 
167 24.0767.E1    (0)    7 :  0.004 0.004 0.005 0.006 0.004 0.004 0.963 0.003 0.004 0.003 
168 24.0768.E1    (0)    7 :  0.009 0.006 0.009 0.339 0.021 0.211 0.101 0.270 0.028 0.007 
169 24.0779.E1    (0)    8 :  0.013 0.007 0.041 0.042 0.795 0.015 0.041 0.029 0.007 0.009 
170 24.0780.E1    (6)    8 :  0.034 0.006 0.013 0.026 0.799 0.009 0.004 0.007 0.095 0.008 
171 24.0781.E1    (0)    8 :  0.006 0.005 0.006 0.007 0.951 0.004 0.005 0.005 0.007 0.005 
172 24.0782.E1    (0)    8 :  0.048 0.041 0.036 0.455 0.206 0.135 0.026 0.014 0.029 0.009 
173 24.0783.E1    (0)    8 :  0.012 0.020 0.008 0.099 0.175 0.012 0.007 0.015 0.631 0.020 
174 24.0784.E1    (0)    8 :  0.007 0.005 0.037 0.026 0.882 0.009 0.004 0.008 0.019 0.004 
175 24.0785.E1    (0)    8 :  0.051 0.004 0.019 0.010 0.853 0.005 0.004 0.015 0.027 0.011 
176 24.0786.E1    (0)    8 :  0.019 0.008 0.009 0.075 0.728 0.022 0.009 0.019 0.104 0.008 
177 24.0787.E1    (0)    8 :  0.021 0.031 0.011 0.012 0.882 0.011 0.011 0.007 0.010 0.006 
178 24.0788.E1    (0)    8 :  0.021 0.026 0.010 0.030 0.785 0.005 0.006 0.009 0.101 0.007 
179 24.0789.E1    (0)    8 :  0.011 0.017 0.028 0.008 0.867 0.022 0.006 0.011 0.023 0.006 
180 24.0790.E1    (0)    8 :  0.017 0.006 0.012 0.006 0.926 0.004 0.004 0.009 0.010 0.006 
181 24.0791.E1    (0)    8 :  0.025 0.006 0.005 0.024 0.204 0.014 0.010 0.592 0.024 0.095 
182 24.0792.E1    (0)    8 :  0.402 0.004 0.010 0.115 0.392 0.015 0.015 0.011 0.009 0.026 
183 24.0793.E1    (0)    9 :  0.051 0.070 0.518 0.011 0.104 0.043 0.008 0.077 0.109 0.009 
184 24.0794.E1    (0)    9 :  0.239 0.006 0.186 0.006 0.018 0.486 0.007 0.011 0.037 0.006 
185 24.0795.E1    (0)    9 :  0.005 0.010 0.830 0.018 0.007 0.087 0.013 0.014 0.011 0.006 
186 24.0796.E1    (0)    9 :  0.218 0.009 0.099 0.008 0.192 0.063 0.005 0.053 0.349 0.005 
187 24.0797.E1    (0)    9 :  0.053 0.009 0.633 0.008 0.136 0.017 0.004 0.018 0.116 0.006 
188 24.0798.E1    (0)    9 :  0.059 0.015 0.481 0.022 0.015 0.008 0.019 0.034 0.009 0.337 
189 24.0799.E1    (0)    9 :  0.005 0.006 0.005 0.005 0.006 0.007 0.005 0.951 0.007 0.005 
190 24.0800.E1    (0)    9 :  0.006 0.004 0.004 0.009 0.006 0.007 0.004 0.939 0.015 0.005 
191 24.0801.E1    (0)    9 :  0.010 0.007 0.005 0.009 0.007 0.004 0.004 0.735 0.005 0.215 
192 24.0802.E1    (0)    9 :  0.004 0.009 0.947 0.006 0.006 0.005 0.004 0.005 0.008 0.006 
193 24.0803.E1    (0)    9 :  0.008 0.010 0.323 0.006 0.010 0.009 0.005 0.609 0.008 0.013 
194 24.0804.E1    (0)    9 :  0.007 0.011 0.853 0.010 0.009 0.011 0.003 0.014 0.078 0.004 
195 24.0805.E1    (0)    9 :  0.006 0.004 0.019 0.021 0.008 0.006 0.005 0.921 0.005 0.005 
196 24.0806.E1    (0)    9 :  0.007 0.027 0.913 0.006 0.007 0.007 0.006 0.015 0.005 0.006 
197 24.0807.E1    (0)    9 :  0.017 0.007 0.911 0.009 0.010 0.006 0.003 0.011 0.018 0.008 
198 24.0808.E1    (0)    9 :  0.016 0.021 0.047 0.056 0.115 0.013 0.005 0.693 0.029 0.005 
199 24.0809.E1    (0)    9 :  0.004 0.004 0.006 0.013 0.005 0.007 0.005 0.938 0.013 0.005 
200 24.0810.E1    (0)    9 :  0.015 0.015 0.148 0.032 0.011 0.009 0.010 0.745 0.009 0.006 
201 24.0811.E1    (0)    9 :  0.017 0.010 0.921 0.007 0.011 0.011 0.004 0.004 0.012 0.004 
202 24.0812.E1    (0)    9 :  0.007 0.009 0.518 0.032 0.045 0.026 0.007 0.042 0.306 0.009 
203 24.0813.E1    (0)    9 :  0.007 0.011 0.717 0.085 0.054 0.008 0.007 0.085 0.022 0.004 
204 24.0814.E1    (6)    9 :  0.026 0.033 0.374 0.024 0.012 0.011 0.005 0.217 0.289 0.010 
205 24.0815.E1    (0)    9 :  0.009 0.095 0.303 0.007 0.007 0.005 0.006 0.540 0.012 0.016 
206 24.0816.E1    (0)    9 :  0.019 0.013 0.889 0.004 0.013 0.007 0.006 0.018 0.010 0.021 
207 24.0817.E1    (0)   10 :  0.054 0.005 0.080 0.011 0.023 0.018 0.006 0.040 0.755 0.009 
208 24.0818.E1    (0)   10 :  0.014 0.012 0.011 0.005 0.091 0.032 0.009 0.011 0.808 0.007 
209 24.0819.E1    (0)   10 :  0.349 0.012 0.007 0.010 0.007 0.009 0.060 0.481 0.013 0.052 
210 24.0820.E1    (0)   10 :  0.891 0.007 0.006 0.005 0.006 0.006 0.040 0.016 0.015 0.009 
211 24.0821.E1    (0)   10 :  0.268 0.013 0.048 0.018 0.197 0.017 0.007 0.035 0.158 0.239 
212 24.0822.E1    (0)   10 :  0.011 0.004 0.005 0.007 0.028 0.006 0.018 0.010 0.906 0.006 
213 24.0823.E1    (0)   10 :  0.547 0.009 0.005 0.010 0.006 0.008 0.027 0.015 0.362 0.011 
214 24.0824.E1    (0)   10 :  0.013 0.006 0.008 0.026 0.006 0.007 0.008 0.015 0.493 0.419 
215 24.0825.E1    (0)   10 :  0.005 0.005 0.005 0.008 0.004 0.004 0.005 0.005 0.954 0.005 
216 24.0826.E1    (0)   10 :  0.863 0.008 0.013 0.009 0.014 0.006 0.017 0.019 0.039 0.012 
217 24.0827.E1    (0)   10 :  0.112 0.007 0.022 0.011 0.022 0.038 0.004 0.008 0.771 0.007 
218 24.0828.E1    (0)   10 :  0.620 0.010 0.070 0.021 0.025 0.011 0.019 0.025 0.139 0.060 
219 24.0829.E1    (0)   10 :  0.012 0.006 0.221 0.012 0.009 0.005 0.011 0.059 0.654 0.010 
220 24.0830.E1    (0)   10 :  0.014 0.004 0.028 0.009 0.008 0.005 0.004 0.005 0.916 0.007 
221 24.0831.E1    (0)   10 :  0.010 0.005 0.012 0.010 0.029 0.005 0.004 0.008 0.909 0.009 
222 24.0832.E1    (0)   10 :  0.013 0.003 0.006 0.007 0.006 0.008 0.003 0.004 0.946 0.004 
223 24.0833.E1    (0)   10 :  0.007 0.003 0.005 0.006 0.004 0.004 0.004 0.004 0.959 0.004 
224 24.0834.E1    (0)   10 :  0.008 0.007 0.007 0.007 0.005 0.007 0.007 0.006 0.942 0.005 
225 24.0835.E1    (0)   10 :  0.006 0.006 0.006 0.006 0.007 0.011 0.004 0.022 0.924 0.008 
226 24.0836.E1    (0)   10 :  0.007 0.005 0.007 0.015 0.009 0.009 0.008 0.014 0.912 0.015 
227 24.0837.E1    (0)   10 :  0.007 0.004 0.006 0.007 0.008 0.006 0.005 0.009 0.942 0.006 
228 24.0838.E1    (0)   10 :  0.009 0.004 0.011 0.011 0.010 0.004 0.007 0.005 0.935 0.005 
229 24.0839.E1    (0)   10 :  0.023 0.032 0.308 0.024 0.083 0.041 0.020 0.063 0.387 0.020 
230 24.0840.E1    (0)   10 :  0.045 0.011 0.414 0.006 0.007 0.006 0.004 0.011 0.486 0.010 
231 24.0841.E1    (0)   11 :  0.020 0.003 0.914 0.009 0.021 0.006 0.008 0.006 0.010 0.004 
232 24.0842.E1    (0)   11 :  0.016 0.003 0.753 0.005 0.012 0.008 0.006 0.009 0.011 0.178 
233 24.0843.E1    (0)   11 :  0.427 0.005 0.288 0.007 0.014 0.005 0.019 0.009 0.022 0.204 
234 24.0844.E1    (0)   11 :  0.018 0.006 0.123 0.015 0.026 0.024 0.008 0.108 0.331 0.341 
235 24.0845.E1    (0)   11 :  0.028 0.005 0.063 0.019 0.083 0.008 0.005 0.007 0.759 0.023 
236 24.0846.E1    (0)   11 :  0.007 0.009 0.027 0.010 0.009 0.011 0.009 0.012 0.898 0.010 
237 24.0847.E1    (0)   11 :  0.015 0.007 0.012 0.058 0.008 0.032 0.015 0.036 0.799 0.019 
238 24.0848.E1    (0)   11 :  0.010 0.004 0.020 0.021 0.046 0.012 0.005 0.030 0.838 0.015 
239 24.0849.E1    (0)   11 :  0.952 0.003 0.006 0.004 0.005 0.006 0.004 0.008 0.007 0.004 
240 24.0850.E1    (0)   11 :  0.952 0.003 0.006 0.004 0.005 0.006 0.004 0.008 0.007 0.004 
241 24.0851.E1    (0)   11 :  0.952 0.003 0.006 0.004 0.005 0.006 0.004 0.008 0.007 0.004 
242 24.0852.E1    (0)   11 :  0.737 0.005 0.049 0.011 0.057 0.011 0.013 0.010 0.102 0.006 
243 24.0853.E1    (0)   11 :  0.506 0.006 0.027 0.010 0.007 0.005 0.010 0.008 0.416 0.005 
244 24.0854.E1    (0)   11 :  0.323 0.005 0.015 0.008 0.006 0.010 0.009 0.026 0.021 0.578 
245 24.0855.E1    (0)   11 :  0.026 0.006 0.151 0.014 0.014 0.007 0.010 0.024 0.738 0.011 
246 24.0856.E1    (0)   11 :  0.010 0.023 0.468 0.008 0.019 0.022 0.032 0.008 0.012 0.397 
247 24.0857.E1    (0)   11 :  0.019 0.010 0.014 0.019 0.020 0.021 0.009 0.312 0.562 0.013 
248 24.0858.E1    (0)   11 :  0.069 0.005 0.032 0.016 0.095 0.017 0.018 0.044 0.681 0.022 
249 24.0859.E1    (0)   11 :  0.885 0.009 0.014 0.007 0.011 0.011 0.017 0.025 0.012 0.008 
250 24.0860.E1    (0)   11 :  0.064 0.046 0.053 0.008 0.073 0.028 0.045 0.575 0.070 0.039 
251 24.0861.E1    (0)   11 :  0.920 0.004 0.020 0.004 0.009 0.006 0.005 0.008 0.020 0.005 
252 24.0862.E1    (0)   11 :  0.019 0.010 0.783 0.012 0.013 0.013 0.008 0.100 0.029 0.012 
253 24.0863.E1    (0)   11 :  0.921 0.004 0.020 0.004 0.008 0.006 0.005 0.008 0.020 0.005 
254 24.0864.E1    (0)   11 :  0.102 0.007 0.018 0.508 0.037 0.145 0.007 0.026 0.137 0.013 
255 24.0865.E1    (0)   12 :  0.817 0.019 0.010 0.041 0.017 0.041 0.032 0.007 0.011 0.006 
256 24.0866.E1    (0)   12 :  0.015 0.006 0.009 0.137 0.134 0.022 0.029 0.548 0.084 0.016 
257 24.0867.E1    (0)   12 :  0.161 0.024 0.009 0.480 0.012 0.010 0.122 0.140 0.029 0.012 
258 24.0868.E1    (0)   12 :  0.008 0.028 0.012 0.418 0.373 0.011 0.019 0.032 0.083 0.017 
259 24.0869.E1    (0)   12 :  0.010 0.034 0.011 0.833 0.016 0.007 0.005 0.031 0.049 0.004 
260 24.0870.E1    (0)   12 :  0.011 0.135 0.021 0.244 0.249 0.135 0.025 0.023 0.141 0.016 
261 24.0871.E1    (0)   12 :  0.080 0.051 0.052 0.592 0.099 0.062 0.007 0.014 0.027 0.015 
262 24.0872.E1    (0)   12 :  0.325 0.009 0.008 0.254 0.063 0.014 0.111 0.194 0.009 0.014 
263 24.0873.E1    (0)   12 :  0.052 0.014 0.012 0.752 0.015 0.012 0.012 0.103 0.016 0.012 
264 24.0874.E1    (0)   12 :  0.179 0.007 0.009 0.191 0.015 0.009 0.199 0.319 0.052 0.020 
265 24.0875.E1    (0)   12 :  0.009 0.033 0.005 0.134 0.068 0.007 0.020 0.688 0.010 0.024 
266 24.0876.E1    (0)   12 :  0.006 0.013 0.005 0.445 0.019 0.065 0.017 0.410 0.006 0.012 
267 24.0877.E1    (0)   12 :  0.007 0.006 0.004 0.016 0.020 0.856 0.041 0.036 0.004 0.009 
268 24.0878.E1    (0)   12 :  0.006 0.008 0.011 0.082 0.021 0.787 0.010 0.006 0.049 0.021 
269 24.0879.E1    (0)   12 :  0.007 0.009 0.007 0.012 0.010 0.716 0.005 0.005 0.007 0.223 
270 24.0880.E1    (0)   12 :  0.020 0.016 0.009 0.234 0.053 0.041 0.014 0.011 0.526 0.076 
271 24.0881.E1    (0)   12 :  0.006 0.010 0.004 0.007 0.006 0.943 0.009 0.005 0.004 0.007 
272 24.0882.E1    (0)   12 :  0.014 0.008 0.004 0.016 0.019 0.227 0.670 0.025 0.007 0.009 
273 24.0883.E1    (0)   12 :  0.049 0.011 0.005 0.100 0.008 0.327 0.245 0.007 0.007 0.239 
274 24.0884.E1    (0)   12 :  0.008 0.007 0.006 0.008 0.009 0.911 0.027 0.005 0.004 0.014 
275 24.0885.E1    (0)   12 :  0.007 0.014 0.006 0.069 0.032 0.805 0.007 0.009 0.010 0.042 
276 24.0886.E1    (0)   12 :  0.040 0.004 0.007 0.185 0.010 0.431 0.211 0.014 0.005 0.092 
277 24.0887.E1    (0)   12 :  0.008 0.009 0.005 0.029 0.006 0.037 0.719 0.007 0.005 0.174 
278 24.0888.E1    (0)   12 :  0.010 0.007 0.019 0.016 0.858 0.019 0.005 0.043 0.008 0.015 


Estimated Allele Frequencies in each cluster
First column gives estimated ancestral frequencies


Locus 1 : 
31 alleles
0.0% missing data
 115   (0.035) 0.005 0.004 0.023 0.142 0.007 0.129 0.005 0.030 0.006 0.008 
 117   (0.041) 0.003 0.004 0.022 0.025 0.008 0.203 0.185 0.133 0.005 0.011 
 119   (0.041) 0.004 0.286 0.006 0.014 0.008 0.271 0.323 0.007 0.006 0.007 
 131   (0.013) 0.001 0.001 0.003 0.002 0.002 0.052 0.003 0.002 0.001 0.002 
 128   (0.039) 0.007 0.004 0.009 0.044 0.034 0.031 0.003 0.030 0.034 0.012 
 135   (0.017) 0.002 0.002 0.007 0.008 0.003 0.050 0.009 0.003 0.003 0.004 
 126   (0.079) 0.069 0.013 0.029 0.051 0.070 0.052 0.076 0.194 0.258 0.034 
 122   (0.036) 0.004 0.098 0.132 0.010 0.039 0.012 0.002 0.014 0.004 0.008 
 132   (0.031) 0.006 0.004 0.045 0.018 0.024 0.005 0.015 0.020 0.027 0.016 
 141   (0.012) 0.001 0.003 0.002 0.002 0.002 0.008 0.001 0.003 0.001 0.002 
 130   (0.049) 0.028 0.014 0.033 0.107 0.067 0.007 0.011 0.009 0.016 0.137 
 134   (0.040) 0.071 0.130 0.029 0.032 0.029 0.005 0.003 0.020 0.007 0.006 
 145   (0.017) 0.111 0.007 0.002 0.004 0.003 0.003 0.009 0.003 0.002 0.007 
 127   (0.027) 0.003 0.054 0.004 0.005 0.005 0.032 0.156 0.004 0.003 0.007 
 116   (0.107) 0.277 0.177 0.190 0.173 0.263 0.015 0.011 0.076 0.126 0.091 
 114   (0.060) 0.167 0.052 0.206 0.027 0.040 0.008 0.005 0.056 0.103 0.028 
 120   (0.035) 0.003 0.090 0.005 0.013 0.067 0.008 0.002 0.014 0.004 0.131 
 110   (0.046) 0.013 0.018 0.026 0.059 0.027 0.009 0.026 0.008 0.096 0.089 
 133   (0.016) 0.001 0.011 0.003 0.003 0.003 0.002 0.013 0.014 0.002 0.002 
 118   (0.109) 0.203 0.012 0.170 0.197 0.248 0.015 0.019 0.324 0.185 0.333 
 125   (0.014) 0.003 0.001 0.018 0.002 0.003 0.002 0.001 0.003 0.011 0.006 
 129   (0.019) 0.002 0.002 0.003 0.004 0.006 0.046 0.006 0.004 0.002 0.029 
 124   (0.017) 0.007 0.002 0.002 0.005 0.012 0.009 0.002 0.007 0.003 0.015 
 136   (0.020) 0.002 0.002 0.004 0.038 0.005 0.003 0.001 0.003 0.076 0.003 
 121   (0.015) 0.001 0.001 0.002 0.004 0.003 0.006 0.067 0.002 0.001 0.002 
 139   (0.010) 0.001 0.001 0.001 0.001 0.002 0.011 0.001 0.002 0.001 0.002 
 113   (0.010) 0.001 0.001 0.001 0.001 0.002 0.001 0.015 0.002 0.001 0.001 
 111   (0.009) 0.001 0.001 0.001 0.002 0.002 0.001 0.013 0.002 0.001 0.002 
 143   (0.011) 0.001 0.001 0.001 0.002 0.002 0.001 0.015 0.002 0.001 0.002 
 140   (0.016) 0.001 0.002 0.016 0.003 0.013 0.002 0.001 0.006 0.002 0.002 
 112   (0.011) 0.001 0.001 0.001 0.002 0.002 0.001 0.001 0.002 0.014 0.002 

Locus 2 : 
18 alleles
0.0% missing data
 152   (0.392) 0.287 0.396 0.551 0.510 0.331 0.640 0.796 0.511 0.179 0.366 
 148   (0.065) 0.007 0.229 0.013 0.191 0.031 0.147 0.022 0.015 0.009 0.039 
 154   (0.101) 0.016 0.254 0.115 0.167 0.086 0.040 0.034 0.036 0.280 0.030 
 156   (0.016) 0.002 0.002 0.017 0.002 0.003 0.012 0.001 0.003 0.002 0.005 
 150   (0.023) 0.002 0.065 0.003 0.003 0.004 0.008 0.047 0.004 0.002 0.005 
 164   (0.077) 0.088 0.009 0.107 0.026 0.146 0.079 0.013 0.026 0.043 0.017 
 158   (0.030) 0.010 0.011 0.009 0.019 0.006 0.009 0.008 0.013 0.004 0.180 
 160   (0.019) 0.002 0.002 0.003 0.010 0.013 0.003 0.020 0.003 0.002 0.003 
 166   (0.023) 0.002 0.007 0.015 0.004 0.022 0.003 0.002 0.031 0.002 0.003 
 151   (0.068) 0.317 0.006 0.046 0.011 0.189 0.009 0.004 0.014 0.440 0.222 
 147   (0.067) 0.201 0.007 0.077 0.019 0.096 0.009 0.005 0.316 0.027 0.072 
 168   (0.023) 0.035 0.003 0.004 0.009 0.017 0.004 0.002 0.010 0.002 0.005 
 153   (0.014) 0.020 0.001 0.002 0.002 0.011 0.002 0.001 0.002 0.001 0.003 
 149   (0.025) 0.002 0.003 0.003 0.018 0.010 0.004 0.011 0.006 0.002 0.043 
 162   (0.019) 0.008 0.002 0.032 0.003 0.009 0.007 0.003 0.003 0.002 0.003 
 167   (0.011) 0.001 0.001 0.001 0.001 0.002 0.024 0.001 0.001 0.001 0.001 
 146   (0.011) 0.001 0.001 0.001 0.001 0.002 0.001 0.030 0.002 0.001 0.001 
 172   (0.013) 0.001 0.001 0.002 0.002 0.024 0.002 0.001 0.002 0.001 0.002 

Locus 3 : 
4 alleles
0.0% missing data
 128   (0.296) 0.338 0.322 0.161 0.301 0.222 0.213 0.440 0.409 0.428 0.250 
 126   (0.611) 0.498 0.607 0.784 0.675 0.741 0.709 0.553 0.567 0.526 0.571 
 132   (0.079) 0.163 0.065 0.054 0.022 0.035 0.076 0.006 0.021 0.045 0.133 
 134   (0.014) 0.001 0.007 0.002 0.002 0.003 0.002 0.001 0.002 0.001 0.047 

Locus 4 : 
3 alleles
0.0% missing data
 170   (0.322) 0.130 0.408 0.387 0.159 0.388 0.309 0.287 0.285 0.448 0.207 
 172   (0.666) 0.866 0.581 0.612 0.838 0.610 0.689 0.711 0.713 0.550 0.791 
 171   (0.013) 0.004 0.011 0.002 0.003 0.002 0.002 0.002 0.002 0.002 0.002 

Locus 5 : 
37 alleles
0.0% missing data
 125   (0.054) 0.131 0.063 0.014 0.039 0.016 0.060 0.030 0.036 0.071 0.162 
 110   (0.036) 0.020 0.043 0.025 0.005 0.008 0.033 0.014 0.074 0.086 0.024 
 129   (0.032) 0.021 0.003 0.049 0.006 0.112 0.056 0.003 0.007 0.006 0.008 
 113   (0.028) 0.005 0.003 0.133 0.011 0.107 0.011 0.002 0.015 0.010 0.006 
 145   (0.050) 0.098 0.006 0.010 0.147 0.013 0.217 0.103 0.026 0.014 0.091 
 155   (0.056) 0.007 0.181 0.104 0.024 0.041 0.150 0.018 0.038 0.057 0.019 
 117   (0.028) 0.005 0.004 0.026 0.129 0.012 0.021 0.032 0.006 0.003 0.006 
 124   (0.011) 0.001 0.001 0.001 0.002 0.002 0.023 0.001 0.002 0.001 0.001 
 133   (0.035) 0.011 0.004 0.005 0.028 0.061 0.040 0.069 0.033 0.004 0.013 
 157   (0.046) 0.006 0.031 0.008 0.039 0.152 0.008 0.024 0.044 0.065 0.133 
 141   (0.016) 0.001 0.002 0.002 0.006 0.034 0.004 0.001 0.005 0.006 0.002 
 112   (0.070) 0.155 0.196 0.056 0.102 0.046 0.069 0.160 0.028 0.158 0.017 
 121   (0.017) 0.008 0.008 0.095 0.003 0.011 0.003 0.002 0.008 0.004 0.005 
 114   (0.038) 0.004 0.016 0.005 0.147 0.008 0.040 0.178 0.029 0.074 0.007 
 153   (0.052) 0.084 0.011 0.023 0.027 0.017 0.058 0.004 0.282 0.093 0.223 
 127   (0.071) 0.195 0.021 0.160 0.074 0.111 0.062 0.076 0.023 0.095 0.029 
 131   (0.062) 0.085 0.224 0.037 0.025 0.017 0.064 0.178 0.103 0.041 0.137 
 135   (0.031) 0.068 0.010 0.005 0.013 0.023 0.007 0.004 0.137 0.016 0.021 
 104   (0.011) 0.004 0.011 0.001 0.003 0.002 0.002 0.002 0.002 0.002 0.002 
 118   (0.016) 0.002 0.017 0.002 0.007 0.010 0.020 0.002 0.003 0.002 0.012 
 116   (0.027) 0.004 0.018 0.075 0.035 0.006 0.006 0.005 0.005 0.014 0.021 
 137   (0.024) 0.003 0.099 0.081 0.008 0.013 0.004 0.006 0.006 0.002 0.014 
 123   (0.023) 0.016 0.006 0.022 0.006 0.004 0.005 0.002 0.032 0.090 0.006 
 149   (0.010) 0.003 0.001 0.006 0.008 0.002 0.001 0.001 0.002 0.002 0.002 
 138   (0.013) 0.026 0.002 0.002 0.002 0.039 0.002 0.001 0.002 0.001 0.002 
 143   (0.025) 0.010 0.003 0.006 0.004 0.036 0.003 0.071 0.004 0.051 0.009 
 163   (0.010) 0.001 0.004 0.005 0.003 0.006 0.002 0.001 0.002 0.001 0.001 
 109   (0.009) 0.001 0.001 0.001 0.029 0.001 0.001 0.001 0.001 0.001 0.001 
 139   (0.009) 0.001 0.001 0.001 0.001 0.011 0.001 0.001 0.002 0.001 0.002 
 106   (0.011) 0.001 0.001 0.002 0.002 0.010 0.002 0.001 0.002 0.001 0.002 
 144   (0.015) 0.001 0.002 0.002 0.039 0.005 0.002 0.001 0.026 0.002 0.002 
 122   (0.010) 0.001 0.001 0.001 0.006 0.002 0.016 0.003 0.002 0.001 0.002 
 100   (0.016) 0.012 0.002 0.029 0.008 0.021 0.003 0.001 0.004 0.007 0.007 
 111   (0.012) 0.004 0.001 0.001 0.003 0.030 0.002 0.001 0.002 0.001 0.002 
 233   (0.010) 0.005 0.001 0.002 0.001 0.004 0.001 0.001 0.002 0.003 0.008 
 134   (0.008) 0.001 0.001 0.001 0.001 0.002 0.001 0.001 0.001 0.014 0.001 
 140   (0.010) 0.001 0.001 0.001 0.007 0.006 0.001 0.001 0.002 0.002 0.002 

Locus 6 : 
17 alleles
0.0% missing data
 221   (0.023) 0.002 0.002 0.003 0.003 0.004 0.139 0.087 0.004 0.002 0.003 
 232   (0.237) 0.747 0.099 0.424 0.248 0.278 0.149 0.425 0.231 0.274 0.267 
 229   (0.055) 0.018 0.066 0.010 0.028 0.010 0.098 0.058 0.042 0.092 0.014 
 223   (0.063) 0.006 0.007 0.027 0.060 0.046 0.100 0.009 0.019 0.072 0.119 
 230   (0.156) 0.049 0.160 0.083 0.249 0.227 0.070 0.301 0.097 0.240 0.119 
 235   (0.015) 0.001 0.002 0.002 0.002 0.003 0.070 0.001 0.002 0.001 0.002 
 236   (0.040) 0.026 0.044 0.018 0.010 0.016 0.091 0.006 0.016 0.004 0.018 
 227   (0.022) 0.002 0.002 0.003 0.006 0.011 0.064 0.002 0.012 0.002 0.006 
 220   (0.058) 0.068 0.179 0.098 0.042 0.021 0.008 0.004 0.160 0.023 0.014 
 222   (0.046) 0.004 0.252 0.121 0.021 0.040 0.006 0.003 0.129 0.006 0.007 
 234   (0.128) 0.015 0.168 0.035 0.245 0.108 0.095 0.057 0.244 0.145 0.275 
 224   (0.030) 0.002 0.003 0.006 0.005 0.033 0.004 0.002 0.005 0.073 0.119 
 228   (0.057) 0.055 0.006 0.063 0.048 0.190 0.011 0.004 0.020 0.035 0.014 
 225   (0.012) 0.001 0.001 0.018 0.002 0.002 0.003 0.001 0.002 0.001 0.002 
 226   (0.016) 0.001 0.002 0.086 0.002 0.003 0.002 0.001 0.005 0.023 0.002 
 233   (0.028) 0.003 0.003 0.003 0.022 0.005 0.051 0.037 0.011 0.003 0.015 
 231   (0.014) 0.001 0.001 0.002 0.006 0.003 0.041 0.001 0.002 0.001 0.005 

Locus 7 : 
10 alleles
0.0% missing data
 121   (0.679) 0.727 0.796 0.755 0.815 0.839 0.875 0.743 0.801 0.780 0.585 
 129   (0.095) 0.131 0.010 0.100 0.055 0.052 0.081 0.099 0.017 0.120 0.096 
 130   (0.018) 0.002 0.002 0.020 0.002 0.004 0.003 0.003 0.019 0.002 0.003 
 123   (0.102) 0.132 0.127 0.102 0.030 0.059 0.027 0.103 0.072 0.088 0.220 
 128   (0.020) 0.002 0.036 0.002 0.004 0.004 0.003 0.023 0.003 0.002 0.018 
 131   (0.016) 0.001 0.022 0.009 0.003 0.003 0.002 0.002 0.002 0.002 0.010 
 117   (0.012) 0.001 0.001 0.001 0.002 0.012 0.001 0.001 0.002 0.001 0.002 
 125   (0.012) 0.001 0.001 0.001 0.002 0.002 0.002 0.001 0.002 0.001 0.058 
 134   (0.034) 0.003 0.004 0.007 0.082 0.023 0.005 0.007 0.075 0.003 0.006 
 132   (0.013) 0.001 0.001 0.002 0.007 0.002 0.002 0.019 0.007 0.001 0.002 

Locus 8 : 
19 alleles
0.0% missing data
 184   (0.302) 0.464 0.519 0.203 0.449 0.373 0.489 0.326 0.555 0.271 0.496 
 194   (0.047) 0.009 0.017 0.015 0.093 0.040 0.030 0.023 0.008 0.013 0.033 
 178   (0.100) 0.030 0.181 0.167 0.079 0.057 0.208 0.061 0.031 0.289 0.025 
 176   (0.080) 0.114 0.010 0.061 0.079 0.083 0.046 0.219 0.144 0.009 0.043 
 182   (0.077) 0.014 0.009 0.162 0.049 0.134 0.040 0.208 0.078 0.043 0.019 
 190   (0.033) 0.003 0.070 0.012 0.005 0.006 0.006 0.045 0.047 0.020 0.006 
 196   (0.021) 0.022 0.002 0.004 0.004 0.012 0.005 0.001 0.004 0.066 0.003 
 200   (0.029) 0.002 0.004 0.012 0.006 0.034 0.015 0.011 0.005 0.003 0.055 
 180   (0.024) 0.002 0.067 0.004 0.003 0.004 0.008 0.002 0.005 0.003 0.117 
 188   (0.037) 0.082 0.008 0.005 0.046 0.009 0.030 0.003 0.007 0.053 0.008 
 174   (0.039) 0.004 0.024 0.014 0.086 0.011 0.014 0.034 0.044 0.004 0.040 
 186   (0.119) 0.223 0.057 0.308 0.076 0.205 0.089 0.059 0.038 0.133 0.085 
 192   (0.022) 0.008 0.013 0.003 0.003 0.005 0.010 0.003 0.004 0.082 0.014 
 201   (0.011) 0.001 0.013 0.001 0.001 0.002 0.001 0.001 0.002 0.001 0.010 
 199   (0.019) 0.002 0.002 0.020 0.003 0.013 0.003 0.001 0.004 0.002 0.029 
 185   (0.011) 0.017 0.001 0.001 0.002 0.002 0.001 0.001 0.002 0.001 0.002 
 203   (0.010) 0.001 0.001 0.001 0.013 0.002 0.001 0.001 0.002 0.001 0.001 
 198   (0.011) 0.001 0.001 0.002 0.002 0.003 0.002 0.001 0.017 0.001 0.001 
 209   (0.010) 0.001 0.001 0.004 0.001 0.002 0.002 0.001 0.004 0.005 0.012 

Locus 9 : 
6 alleles
0.4% missing data
 154   (0.682) 0.849 0.818 0.847 0.642 0.751 0.708 0.641 0.730 0.795 0.672 
 156   (0.210) 0.033 0.171 0.134 0.276 0.180 0.167 0.342 0.253 0.129 0.312 
 152   (0.055) 0.098 0.005 0.011 0.045 0.029 0.080 0.006 0.009 0.071 0.008 
 153   (0.014) 0.017 0.002 0.004 0.002 0.011 0.002 0.001 0.002 0.001 0.002 
 160   (0.014) 0.001 0.001 0.002 0.002 0.024 0.002 0.001 0.002 0.001 0.002 
 164   (0.025) 0.002 0.002 0.003 0.033 0.005 0.041 0.008 0.004 0.002 0.004 

Locus 10 : 
29 alleles
0.7% missing data
 305   (0.061) 0.008 0.204 0.239 0.011 0.080 0.098 0.009 0.012 0.007 0.011 
 313   (0.045) 0.004 0.005 0.074 0.011 0.048 0.155 0.005 0.008 0.009 0.013 
 311   (0.015) 0.001 0.002 0.002 0.002 0.004 0.018 0.002 0.004 0.003 0.005 
 299   (0.128) 0.151 0.046 0.036 0.037 0.222 0.272 0.033 0.158 0.160 0.018 
 315   (0.075) 0.006 0.083 0.016 0.022 0.158 0.090 0.103 0.015 0.020 0.023 
 287   (0.018) 0.002 0.002 0.004 0.003 0.004 0.006 0.002 0.004 0.002 0.790 
 291   (0.119) 0.014 0.079 0.058 0.330 0.074 0.120 0.022 0.159 0.473 0.018 
 295   (0.023) 0.002 0.004 0.004 0.214 0.005 0.031 0.002 0.004 0.002 0.003 
 289   (0.016) 0.001 0.002 0.002 0.002 0.005 0.002 0.001 0.202 0.001 0.002 
 303   (0.030) 0.627 0.021 0.004 0.006 0.007 0.006 0.507 0.006 0.003 0.004 
 297   (0.047) 0.004 0.006 0.174 0.083 0.011 0.018 0.086 0.020 0.029 0.007 
 293   (0.013) 0.001 0.002 0.002 0.002 0.002 0.002 0.001 0.203 0.001 0.002 
 301   (0.063) 0.025 0.156 0.009 0.062 0.074 0.072 0.008 0.022 0.008 0.010 
 285   (0.025) 0.002 0.244 0.255 0.003 0.008 0.003 0.002 0.005 0.002 0.004 
 307   (0.056) 0.005 0.039 0.008 0.065 0.053 0.011 0.200 0.008 0.097 0.010 
 312   (0.060) 0.021 0.081 0.011 0.076 0.077 0.009 0.004 0.040 0.101 0.010 
 306   (0.028) 0.002 0.004 0.004 0.017 0.062 0.013 0.002 0.005 0.013 0.005 
 320   (0.014) 0.001 0.001 0.002 0.002 0.024 0.002 0.001 0.002 0.001 0.001 
 317   (0.019) 0.104 0.002 0.003 0.003 0.004 0.017 0.001 0.003 0.002 0.002 
 314   (0.025) 0.002 0.003 0.003 0.004 0.014 0.036 0.002 0.004 0.002 0.032 
 323   (0.012) 0.001 0.001 0.002 0.002 0.006 0.003 0.001 0.004 0.001 0.009 
 325   (0.011) 0.001 0.001 0.002 0.002 0.006 0.002 0.001 0.004 0.001 0.009 
 310   (0.014) 0.001 0.002 0.002 0.004 0.004 0.002 0.001 0.002 0.052 0.002 
 309   (0.014) 0.001 0.002 0.002 0.027 0.003 0.002 0.001 0.004 0.001 0.002 
 316   (0.016) 0.003 0.002 0.003 0.002 0.030 0.003 0.001 0.003 0.004 0.002 
 296   (0.011) 0.006 0.001 0.001 0.003 0.008 0.002 0.001 0.002 0.001 0.002 
 304   (0.015) 0.001 0.002 0.075 0.002 0.003 0.002 0.001 0.006 0.002 0.002 
 321   (0.013) 0.001 0.001 0.003 0.002 0.002 0.002 0.001 0.045 0.001 0.001 
 332   (0.014) 0.001 0.001 0.002 0.002 0.002 0.002 0.001 0.047 0.001 0.001 

Locus 11 : 
19 alleles
0.0% missing data
 114   (0.146) 0.044 0.291 0.025 0.276 0.167 0.250 0.189 0.045 0.027 0.052 
 126   (0.023) 0.002 0.019 0.003 0.006 0.004 0.058 0.004 0.003 0.002 0.003 
 111   (0.097) 0.276 0.009 0.545 0.014 0.018 0.167 0.007 0.500 0.555 0.021 
 116   (0.115) 0.010 0.018 0.071 0.138 0.078 0.104 0.258 0.084 0.032 0.149 
 132   (0.013) 0.001 0.001 0.002 0.002 0.003 0.012 0.001 0.002 0.001 0.002 
 109   (0.015) 0.001 0.001 0.002 0.002 0.002 0.048 0.001 0.002 0.002 0.002 
 128   (0.017) 0.001 0.002 0.002 0.011 0.006 0.008 0.001 0.003 0.007 0.003 
 112   (0.312) 0.218 0.601 0.081 0.450 0.610 0.269 0.513 0.128 0.049 0.450 
 122   (0.015) 0.015 0.007 0.002 0.006 0.003 0.002 0.004 0.007 0.002 0.002 
 124   (0.013) 0.002 0.017 0.002 0.002 0.002 0.002 0.002 0.002 0.001 0.002 
 118   (0.052) 0.012 0.016 0.009 0.039 0.023 0.023 0.008 0.159 0.006 0.077 
 127   (0.014) 0.001 0.001 0.002 0.002 0.012 0.002 0.001 0.002 0.001 0.002 
 113   (0.049) 0.399 0.004 0.197 0.009 0.015 0.007 0.003 0.013 0.226 0.024 
 115   (0.028) 0.003 0.003 0.009 0.011 0.008 0.026 0.003 0.006 0.007 0.187 
 120   (0.021) 0.002 0.002 0.003 0.021 0.004 0.003 0.001 0.004 0.067 0.003 
 117   (0.022) 0.003 0.003 0.010 0.003 0.015 0.004 0.002 0.021 0.008 0.005 
 125   (0.019) 0.006 0.002 0.002 0.003 0.024 0.003 0.001 0.012 0.002 0.006 
 119   (0.016) 0.001 0.001 0.033 0.003 0.003 0.002 0.001 0.004 0.004 0.002 
 136   (0.013) 0.001 0.001 0.002 0.002 0.002 0.010 0.001 0.002 0.001 0.008 

Locus 12 : 
28 alleles
0.7% missing data
 306   (0.057) 0.008 0.203 0.299 0.010 0.045 0.098 0.008 0.015 0.007 0.009 
 314   (0.057) 0.014 0.006 0.072 0.009 0.042 0.139 0.006 0.010 0.078 0.021 
 312   (0.013) 0.001 0.001 0.001 0.002 0.002 0.026 0.001 0.002 0.001 0.001 
 300   (0.138) 0.153 0.047 0.037 0.037 0.224 0.289 0.034 0.159 0.157 0.020 
 316   (0.044) 0.004 0.076 0.010 0.007 0.011 0.085 0.098 0.008 0.019 0.006 
 288   (0.019) 0.002 0.002 0.004 0.003 0.004 0.005 0.002 0.004 0.002 0.774 
 292   (0.126) 0.015 0.079 0.059 0.325 0.076 0.122 0.022 0.188 0.464 0.019 
 296   (0.027) 0.005 0.004 0.005 0.217 0.010 0.033 0.003 0.005 0.003 0.004 
 290   (0.017) 0.001 0.002 0.002 0.002 0.005 0.002 0.001 0.202 0.001 0.002 
 304   (0.030) 0.632 0.021 0.004 0.006 0.007 0.006 0.509 0.006 0.003 0.004 
 298   (0.049) 0.004 0.006 0.174 0.082 0.011 0.019 0.087 0.020 0.029 0.007 
 294   (0.015) 0.001 0.002 0.002 0.002 0.003 0.003 0.001 0.203 0.001 0.002 
 302   (0.063) 0.025 0.156 0.009 0.061 0.074 0.073 0.008 0.022 0.007 0.010 
 286   (0.028) 0.002 0.243 0.275 0.004 0.008 0.004 0.003 0.005 0.002 0.004 
 308   (0.033) 0.003 0.038 0.004 0.011 0.044 0.008 0.195 0.005 0.003 0.006 
 313   (0.049) 0.007 0.086 0.007 0.087 0.096 0.009 0.004 0.036 0.010 0.009 
 307   (0.044) 0.004 0.005 0.006 0.071 0.068 0.013 0.004 0.007 0.113 0.006 
 321   (0.014) 0.001 0.001 0.002 0.002 0.024 0.002 0.001 0.002 0.001 0.001 
 315   (0.049) 0.015 0.006 0.008 0.017 0.152 0.041 0.004 0.009 0.004 0.060 
 318   (0.017) 0.095 0.002 0.005 0.002 0.005 0.005 0.001 0.003 0.004 0.002 
 324   (0.014) 0.001 0.001 0.002 0.002 0.007 0.003 0.001 0.004 0.001 0.009 
 326   (0.013) 0.001 0.001 0.002 0.002 0.007 0.003 0.001 0.004 0.001 0.009 
 311   (0.018) 0.001 0.002 0.002 0.005 0.007 0.006 0.002 0.005 0.082 0.008 
 310   (0.013) 0.001 0.002 0.001 0.026 0.002 0.002 0.001 0.004 0.001 0.002 
 305   (0.014) 0.001 0.001 0.002 0.002 0.035 0.002 0.001 0.002 0.001 0.001 
 317   (0.014) 0.001 0.002 0.002 0.002 0.025 0.002 0.001 0.002 0.001 0.002 
 320   (0.013) 0.001 0.001 0.002 0.002 0.002 0.002 0.001 0.023 0.001 0.001 
 322   (0.014) 0.001 0.002 0.003 0.002 0.002 0.002 0.001 0.045 0.001 0.002 

Locus 13 : 
7 alleles
1.1% missing data
 161   (0.594) 0.506 0.066 0.334 0.816 0.547 0.661 0.890 0.838 0.411 0.444 
 163   (0.300) 0.464 0.032 0.479 0.144 0.434 0.249 0.026 0.145 0.578 0.539 
 160   (0.017) 0.001 0.447 0.002 0.002 0.003 0.002 0.001 0.003 0.002 0.003 
 162   (0.016) 0.001 0.448 0.002 0.002 0.003 0.002 0.001 0.002 0.001 0.002 
 165   (0.044) 0.025 0.004 0.179 0.029 0.008 0.078 0.003 0.007 0.006 0.008 
 166   (0.014) 0.001 0.001 0.002 0.005 0.004 0.005 0.004 0.003 0.001 0.003 
 164   (0.015) 0.001 0.001 0.002 0.002 0.002 0.002 0.074 0.002 0.001 0.002 

Locus 14 : 
4 alleles
0.4% missing data
  98   (0.957) 0.984 0.996 0.995 0.987 0.982 0.987 0.985 0.993 0.996 0.992 
 100   (0.013) 0.008 0.001 0.002 0.002 0.007 0.002 0.001 0.002 0.001 0.003 
  96   (0.017) 0.002 0.002 0.002 0.007 0.003 0.010 0.013 0.003 0.001 0.002 
 105   (0.013) 0.006 0.001 0.002 0.003 0.007 0.002 0.001 0.002 0.001 0.002 

Locus 15 : 
12 alleles
2.2% missing data
 171   (0.309) 0.321 0.231 0.184 0.184 0.380 0.423 0.177 0.436 0.360 0.420 
 177   (0.183) 0.078 0.362 0.079 0.279 0.162 0.182 0.049 0.304 0.094 0.226 
 173   (0.261) 0.479 0.091 0.637 0.347 0.261 0.283 0.072 0.131 0.493 0.147 
 179   (0.111) 0.105 0.299 0.058 0.047 0.092 0.070 0.569 0.041 0.012 0.171 
 183   (0.019) 0.007 0.002 0.015 0.003 0.004 0.025 0.011 0.003 0.002 0.009 
 181   (0.036) 0.003 0.004 0.007 0.010 0.062 0.006 0.116 0.007 0.032 0.005 
 197   (0.014) 0.001 0.001 0.002 0.073 0.003 0.002 0.001 0.002 0.001 0.002 
 170   (0.013) 0.001 0.002 0.002 0.004 0.014 0.003 0.001 0.007 0.001 0.010 
 189   (0.014) 0.001 0.005 0.012 0.004 0.014 0.003 0.001 0.002 0.001 0.002 
 203   (0.014) 0.001 0.001 0.002 0.045 0.002 0.002 0.001 0.002 0.001 0.002 
 187   (0.014) 0.001 0.001 0.002 0.002 0.003 0.002 0.001 0.042 0.001 0.005 
 198   (0.013) 0.001 0.001 0.002 0.002 0.002 0.002 0.001 0.023 0.001 0.002 

Values of parameters used in structure:
DATAFILE=STRUCTURE_main_final_278_HEG_ZG.str,	OUTFILE=STRUCTURE_main_final_278_HEG_ZG-K10-13,	NUMINDS=278,	NUMLOCI=15,	MISSING=-9,	LABEL=1,	POPDATA=1,	POPFLAG=0,	PHENOTYPE=0,	EXTRACOLS=0,	MAXPOPS=10,	BURNIN=100000,	NUMREPS=500000,	USEPOPINFO=0,	INFERALPHA=1,	INFERLAMBDA=0,	POPSPECIFICLAMBDA=0,	POPALPHAS=0,	COMPUTEPROB=1,	NOADMIX=0,	ADMBURNIN=2500,	UPDATEFREQ=1,	PRINTLIKES=0,	INTERMEDSAVE=0,	PRINTKLD=0,	PRINTNET=0,	PRINTLAMBDA=0,	ANCESTDIST=0,	NUMBOXES=1000,	ANCESTPINT=0.90000,	GENSBACK=2,	MIGRPRIOR=0.05000,	PRINTQHAT=0,	PRINTQSUM=0,	ALPHA=1.0000,	FREQSCORR=1,	FPRIORMEAN=0.0100,	FPRIORSD=0.0500,	ONEFST=0,	LAMBDA=1.0000,	UNIFPRIORALPHA=1,	ALPHAMAX=10.0000,	ALPHAPRIORA=1.0000,	ALPHAPRIORB=2.0000,	ALPHAPROPSD=0.0250,	STARTATPOPINFO=0,	RANDOMIZE=1,	LINKAGE=0,	METROFREQ=10,	REPORTHITRATE=0,	MARKOVPHASE=-1,	PHASED=0,	PLOIDY=2,	PHASEINFO=0	LOCPRIOR=0, 	LOCPRIORINIT=1.000000, 	LOCDATA=0, 	LOCISPOP=0, 	LOCPRIORSTEP=0.100000, 	MAXLOCPRIOR=20.000000, 	SEED=1782485006,	
[STRAT parameters]:    NUMSIMSTATS=1000,	PHENOTYPECOL=-9,	POOLFREQ=10,	LOCUSxONLY=0,	EMERROR=0.00100,	MISSINGPHENO=-9,	