

----------------------------------------------------
STRUCTURE by Pritchard, Stephens and Donnelly (2000)
     and Falush, Stephens and Pritchard (2003)
       Code by Pritchard, Falush and Hubisz
             Version 2.3.4 (Jul 2012)
----------------------------------------------------



Command line arguments:   structure -K 9 -i STRUCTURE_main_final_278_HEG_ZG.str -o STRUCTURE_main_final_278_HEG_ZG-K9-18 
Input File:    STRUCTURE_main_final_278_HEG_ZG.str

Run parameters:
   278 individuals
   15 loci
   9 populations assumed
   100000 Burn-in period
   500000 Reps


--------------------------------------------
Proportion of membership of each pre-defined
 population in each of the 9 clusters

Given    Inferred Clusters                                                 Number of
 Pop       1      2      3      4      5      6      7      8      9      Individuals

  1:     0.019  0.014  0.019  0.055  0.047  0.033  0.665  0.074  0.073       24
  2:     0.018  0.740  0.041  0.038  0.021  0.047  0.021  0.019  0.054       24
  3:     0.252  0.012  0.298  0.025  0.050  0.276  0.018  0.058  0.011       24
  4:     0.167  0.021  0.052  0.526  0.018  0.070  0.051  0.048  0.048       24
  5:     0.480  0.027  0.096  0.192  0.046  0.072  0.021  0.023  0.042       24
  6:     0.092  0.030  0.031  0.115  0.033  0.033  0.426  0.020  0.221       24
  7:     0.023  0.031  0.019  0.062  0.015  0.023  0.059  0.015  0.752       24
  8:     0.534  0.013  0.030  0.071  0.019  0.222  0.030  0.069  0.011       14
  9:     0.031  0.014  0.040  0.024  0.718  0.035  0.051  0.081  0.006       24
 10:     0.023  0.009  0.061  0.013  0.084  0.092  0.012  0.675  0.031       24
 11:     0.033  0.011  0.089  0.036  0.176  0.145  0.021  0.473  0.015       24
 12:     0.081  0.019  0.071  0.265  0.021  0.113  0.254  0.059  0.118       24
--------------------------------------------

Allele-freq. divergence among pops (Net nucleotide distance),
computed using point estimates of P.

      1       2       3       4       5       6       7       8       9      
 1      -    0.0629  0.0549  0.0328  0.0409  0.0223  0.0319  0.0544  0.0728  
 2   0.0629     -    0.1001  0.0737  0.0798  0.0761  0.0678  0.1082  0.0999  
 3   0.0549  0.1001     -    0.0675  0.0709  0.0518  0.0724  0.0838  0.1063  
 4   0.0328  0.0737  0.0675     -    0.0496  0.0437  0.0337  0.0639  0.0654  
 5   0.0409  0.0798  0.0709  0.0496     -    0.0368  0.0377  0.0366  0.0960  
 6   0.0223  0.0761  0.0518  0.0437  0.0368     -    0.0443  0.0376  0.0677  
 7   0.0319  0.0678  0.0724  0.0337  0.0377  0.0443     -    0.0593  0.0676  
 8   0.0544  0.1082  0.0838  0.0639  0.0366  0.0376  0.0593     -    0.1208  
 9   0.0728  0.0999  0.1063  0.0654  0.0960  0.0677  0.0676  0.1208     -    

Average distances (expected heterozygosity) between individuals in same cluster:
cluster  1  : 0.6286 
cluster  2  : 0.6142 
cluster  3  : 0.6044 
cluster  4  : 0.6048 
cluster  5  : 0.6246 
cluster  6  : 0.6301 
cluster  7  : 0.6173 
cluster  8  : 0.6135 
cluster  9  : 0.5477 

--------------------------------------------
Estimated Ln Prob of Data   = -12447.8
Mean value of ln likelihood = -11734.0
Variance of ln likelihood   = 1427.6
Mean value of alpha         = 0.0475

Mean value of Fst_1         = 0.0726
Mean value of Fst_2         = 0.1884
Mean value of Fst_3         = 0.1649
Mean value of Fst_4         = 0.1002
Mean value of Fst_5         = 0.1080
Mean value of Fst_6         = 0.1354
Mean value of Fst_7         = 0.0905
Mean value of Fst_8         = 0.1592
Mean value of Fst_9         = 0.1974


Inferred ancestry of individuals:
        Label (%Miss) Pop:  Inferred clusters
  1 24.0601.E1    (0)    1 :  0.007 0.013 0.010 0.010 0.008 0.009 0.922 0.009 0.013 
  2 24.0602.E1    (0)    1 :  0.009 0.004 0.010 0.007 0.012 0.011 0.929 0.009 0.009 
  3 24.0603.E1    (0)    1 :  0.064 0.005 0.007 0.024 0.013 0.010 0.847 0.006 0.023 
  4 24.0604.E1    (0)    1 :  0.005 0.008 0.150 0.096 0.009 0.008 0.691 0.030 0.005 
  5 24.0605.E1    (0)    1 :  0.015 0.007 0.007 0.028 0.028 0.011 0.860 0.009 0.035 
  6 24.0606.E1    (0)    1 :  0.019 0.011 0.005 0.126 0.015 0.034 0.753 0.017 0.020 
  7 24.0607.E1    (0)    1 :  0.092 0.007 0.012 0.018 0.433 0.020 0.121 0.013 0.283 
  8 24.0608.E1    (0)    1 :  0.008 0.004 0.009 0.007 0.012 0.062 0.721 0.054 0.123 
  9 24.0609.E1    (0)    1 :  0.022 0.005 0.008 0.267 0.016 0.018 0.264 0.395 0.005 
 10 24.0610.E1    (0)    1 :  0.017 0.005 0.005 0.173 0.012 0.010 0.500 0.270 0.008 
 11 24.0611.E1    (0)    1 :  0.011 0.007 0.005 0.029 0.031 0.006 0.884 0.022 0.006 
 12 24.0612.E1    (0)    1 :  0.018 0.008 0.013 0.007 0.007 0.007 0.919 0.006 0.015 
 13 24.0613.E1    (0)    1 :  0.008 0.006 0.005 0.054 0.006 0.005 0.894 0.018 0.005 
 14 24.0614.E1    (0)    1 :  0.007 0.007 0.008 0.012 0.260 0.068 0.242 0.023 0.374 
 15 24.0615.E1    (0)    1 :  0.012 0.014 0.020 0.010 0.023 0.015 0.730 0.133 0.042 
 16 24.0616.E1    (0)    1 :  0.008 0.012 0.006 0.010 0.010 0.006 0.934 0.010 0.005 
 17 24.0617.E1    (0)    1 :  0.015 0.030 0.006 0.021 0.027 0.009 0.381 0.491 0.020 
 18 24.0618.E1    (0)    1 :  0.039 0.009 0.006 0.030 0.037 0.017 0.786 0.070 0.005 
 19 24.0619.E1    (0)    1 :  0.007 0.013 0.061 0.140 0.025 0.193 0.544 0.014 0.004 
 20 24.0620.E1   (20)    1 :  0.031 0.012 0.012 0.097 0.019 0.030 0.046 0.034 0.720 
 21 24.0621.E1    (0)    1 :  0.008 0.005 0.075 0.117 0.074 0.222 0.391 0.104 0.005 
 22 24.0622.E1    (0)    1 :  0.012 0.023 0.006 0.016 0.005 0.013 0.907 0.009 0.010 
 23 24.0623.E1    (0)    1 :  0.019 0.107 0.012 0.017 0.032 0.016 0.753 0.026 0.017 
 24 24.0624.E1    (0)    1 :  0.007 0.006 0.004 0.005 0.007 0.005 0.950 0.009 0.006 
 25 24.0625.E1    (0)    2 :  0.029 0.636 0.071 0.048 0.016 0.116 0.014 0.017 0.053 
 26 24.0626.E1    (0)    2 :  0.004 0.868 0.014 0.004 0.005 0.062 0.004 0.004 0.034 
 27 24.0627.E1    (0)    2 :  0.008 0.491 0.403 0.036 0.007 0.024 0.007 0.007 0.017 
 28 24.0628.E1    (0)    2 :  0.014 0.517 0.017 0.091 0.011 0.125 0.030 0.090 0.105 
 29 24.0629.E1    (0)    2 :  0.036 0.845 0.009 0.008 0.009 0.008 0.066 0.013 0.006 
 30 24.0630.E1    (0)    2 :  0.005 0.866 0.009 0.009 0.007 0.031 0.005 0.006 0.063 
 31 24.0631.E1    (0)    2 :  0.004 0.970 0.003 0.003 0.004 0.003 0.005 0.003 0.004 
 32 24.0632.E1    (0)    2 :  0.016 0.916 0.010 0.007 0.006 0.006 0.007 0.006 0.026 
 33 24.0633.E1    (0)    2 :  0.039 0.475 0.013 0.026 0.014 0.290 0.014 0.045 0.083 
 34 24.0634.E1    (0)    2 :  0.011 0.917 0.008 0.010 0.011 0.014 0.009 0.013 0.007 
 35 24.0635.E1    (0)    2 :  0.075 0.592 0.023 0.019 0.079 0.145 0.021 0.027 0.019 
 36 24.0636.E1   (33)    2 :  0.024 0.074 0.023 0.118 0.008 0.016 0.032 0.010 0.696 
 37 24.0637.E1    (0)    2 :  0.006 0.962 0.004 0.005 0.005 0.004 0.004 0.003 0.007 
 38 24.0638.E1    (0)    2 :  0.036 0.849 0.011 0.021 0.005 0.060 0.008 0.005 0.005 
 39 24.0639.E1    (0)    2 :  0.036 0.773 0.022 0.007 0.008 0.008 0.039 0.093 0.013 
 40 24.0640.E1    (0)    2 :  0.007 0.945 0.005 0.006 0.010 0.006 0.008 0.007 0.006 
 41 24.0641.E1    (0)    2 :  0.019 0.362 0.038 0.046 0.255 0.114 0.139 0.010 0.017 
 42 24.0642.E1    (0)    2 :  0.007 0.569 0.007 0.230 0.005 0.073 0.060 0.004 0.044 
 43 24.0643.E1    (0)    2 :  0.033 0.615 0.258 0.010 0.007 0.008 0.009 0.011 0.051 
 44 24.0644.E1    (0)    2 :  0.006 0.914 0.005 0.023 0.011 0.005 0.008 0.024 0.005 
 45 24.0645.E1    (0)    2 :  0.006 0.771 0.006 0.148 0.009 0.005 0.010 0.024 0.020 
 46 24.0646.E1    (0)    2 :  0.006 0.914 0.005 0.023 0.011 0.005 0.008 0.024 0.005 
 47 24.0647.E1    (0)    2 :  0.006 0.962 0.004 0.005 0.005 0.004 0.004 0.003 0.007 
 48 24.0648.E1    (0)    2 :  0.006 0.962 0.004 0.005 0.005 0.004 0.004 0.003 0.007 
 49 24.0649.E1    (0)    3 :  0.698 0.006 0.011 0.010 0.010 0.226 0.005 0.028 0.003 
 50 24.0650.E1    (0)    3 :  0.029 0.004 0.022 0.307 0.178 0.261 0.031 0.164 0.004 
 51 24.0651.E1    (0)    3 :  0.347 0.109 0.037 0.019 0.357 0.084 0.008 0.009 0.029 
 52 24.0652.E1    (0)    3 :  0.027 0.004 0.253 0.006 0.009 0.669 0.020 0.007 0.004 
 53 24.0653.E1    (0)    3 :  0.037 0.005 0.869 0.010 0.013 0.035 0.006 0.020 0.006 
 54 24.0654.E1    (0)    3 :  0.207 0.012 0.138 0.008 0.008 0.575 0.008 0.039 0.005 
 55 24.0655.E1    (0)    3 :  0.658 0.018 0.014 0.012 0.017 0.183 0.041 0.049 0.008 
 56 24.0656.E1    (0)    3 :  0.010 0.005 0.255 0.011 0.006 0.684 0.006 0.012 0.011 
 57 24.0657.E1    (0)    3 :  0.012 0.005 0.255 0.011 0.006 0.683 0.007 0.012 0.010 
 58 24.0658.E1    (0)    3 :  0.591 0.007 0.057 0.039 0.015 0.172 0.020 0.094 0.007 
 59 24.0659.E1    (0)    3 :  0.080 0.010 0.412 0.012 0.056 0.346 0.049 0.031 0.003 
 60 24.0660.E1    (6)    3 :  0.716 0.014 0.013 0.015 0.009 0.201 0.021 0.006 0.006 
 61 24.0661.E1    (0)    3 :  0.015 0.005 0.235 0.005 0.009 0.689 0.007 0.019 0.015 
 62 24.0662.E1    (0)    3 :  0.306 0.026 0.112 0.013 0.363 0.049 0.079 0.036 0.016 
 63 24.0663.E1    (0)    3 :  0.098 0.009 0.008 0.034 0.041 0.058 0.006 0.741 0.006 
 64 24.0664.E1    (0)    3 :  0.344 0.008 0.088 0.009 0.007 0.488 0.007 0.027 0.022 
 65 24.0665.E1    (0)    3 :  0.248 0.006 0.131 0.019 0.009 0.502 0.006 0.008 0.070 
 66 24.0666.E1    (0)    3 :  0.007 0.006 0.948 0.008 0.005 0.010 0.006 0.007 0.004 
 67 24.0667.E1    (0)    3 :  0.011 0.003 0.948 0.005 0.004 0.011 0.008 0.005 0.004 
 68 24.0668.E1    (0)    3 :  0.005 0.004 0.969 0.004 0.004 0.004 0.003 0.004 0.003 
 69 24.0669.E1    (0)    3 :  0.005 0.004 0.966 0.004 0.005 0.005 0.004 0.004 0.004 
 70 24.0670.E1    (0)    3 :  0.752 0.004 0.027 0.004 0.009 0.157 0.011 0.032 0.005 
 71 24.0671.E1    (0)    3 :  0.597 0.011 0.023 0.013 0.025 0.276 0.010 0.038 0.007 
 72 24.0672.E1    (0)    3 :  0.237 0.006 0.355 0.033 0.046 0.249 0.060 0.008 0.006 
 73 24.0673.E1    (6)    4 :  0.029 0.027 0.028 0.218 0.020 0.283 0.119 0.027 0.250 
 74 24.0674.E1    (0)    4 :  0.008 0.008 0.005 0.884 0.027 0.005 0.009 0.009 0.045 
 75 24.0675.E1    (0)    4 :  0.030 0.028 0.010 0.789 0.033 0.025 0.023 0.038 0.024 
 76 24.0676.E1    (0)    4 :  0.051 0.007 0.007 0.683 0.019 0.017 0.014 0.179 0.023 
 77 24.0677.E1    (0)    4 :  0.810 0.004 0.014 0.022 0.041 0.023 0.027 0.049 0.011 
 78 24.0678.E1    (0)    4 :  0.282 0.046 0.108 0.027 0.028 0.077 0.409 0.010 0.011 
 79 24.0679.E1    (0)    4 :  0.114 0.013 0.091 0.253 0.018 0.252 0.123 0.128 0.008 
 80 24.0680.E1    (0)    4 :  0.357 0.022 0.166 0.114 0.018 0.265 0.041 0.008 0.010 
 81 24.0681.E1    (0)    4 :  0.149 0.009 0.018 0.523 0.011 0.224 0.042 0.007 0.018 
 82 24.0682.E1    (0)    4 :  0.004 0.005 0.004 0.967 0.004 0.003 0.004 0.005 0.005 
 83 24.0683.E1    (0)    4 :  0.007 0.006 0.007 0.795 0.015 0.006 0.010 0.005 0.149 
 84 24.0684.E1    (0)    4 :  0.047 0.030 0.010 0.737 0.014 0.012 0.077 0.026 0.048 
 85 24.0685.E1    (0)    4 :  0.011 0.007 0.052 0.801 0.006 0.079 0.014 0.013 0.017 
 86 24.0686.E1    (0)    4 :  0.758 0.052 0.011 0.027 0.047 0.028 0.054 0.012 0.012 
 87 24.0687.E1    (0)    4 :  0.682 0.133 0.007 0.053 0.036 0.025 0.035 0.017 0.012 
 88 24.0688.E1    (0)    4 :  0.008 0.006 0.004 0.956 0.005 0.005 0.005 0.004 0.006 
 89 24.0689.E1    (0)    4 :  0.280 0.016 0.007 0.119 0.011 0.033 0.025 0.476 0.033 
 90 24.0690.E1    (0)    4 :  0.167 0.030 0.623 0.036 0.020 0.065 0.019 0.007 0.033 
 91 24.0691.E1    (0)    4 :  0.015 0.007 0.008 0.898 0.005 0.010 0.025 0.024 0.007 
 92 24.0692.E1    (0)    4 :  0.072 0.005 0.009 0.867 0.005 0.012 0.005 0.017 0.008 
 93 24.0693.E1    (0)    4 :  0.093 0.009 0.023 0.336 0.014 0.072 0.011 0.050 0.393 
 94 24.0694.E1    (0)    4 :  0.008 0.007 0.010 0.917 0.005 0.031 0.008 0.006 0.008 
 95 24.0695.E1    (0)    4 :  0.010 0.006 0.014 0.742 0.012 0.083 0.102 0.023 0.007 
 96 24.0696.E1    (0)    4 :  0.016 0.013 0.010 0.871 0.007 0.040 0.024 0.011 0.008 
 97 24.0697.E1    (0)    5 :  0.752 0.011 0.007 0.124 0.015 0.020 0.006 0.010 0.055 
 98 24.0698.E1    (0)    5 :  0.798 0.016 0.024 0.032 0.021 0.011 0.016 0.019 0.064 
 99 24.0699.E1    (0)    5 :  0.928 0.008 0.008 0.006 0.014 0.010 0.013 0.006 0.008 
100 24.0700.E1    (0)    5 :  0.773 0.005 0.009 0.013 0.007 0.174 0.006 0.007 0.006 
101 24.0701.E1    (0)    5 :  0.028 0.012 0.852 0.011 0.010 0.011 0.008 0.010 0.058 
102 24.0702.E1    (0)    5 :  0.721 0.011 0.032 0.012 0.007 0.178 0.009 0.008 0.022 
103 24.0703.E1    (0)    5 :  0.795 0.046 0.012 0.007 0.113 0.007 0.009 0.005 0.007 
104 24.0704.E1    (6)    5 :  0.649 0.008 0.007 0.015 0.278 0.013 0.014 0.007 0.009 
105 24.0705.E1    (0)    5 :  0.050 0.008 0.037 0.646 0.008 0.214 0.019 0.009 0.008 
106 24.0706.E1    (0)    5 :  0.673 0.008 0.037 0.044 0.008 0.198 0.007 0.015 0.011 
107 24.0707.E1    (0)    5 :  0.784 0.017 0.009 0.041 0.031 0.077 0.020 0.005 0.015 
108 24.0708.E1    (0)    5 :  0.092 0.224 0.022 0.062 0.315 0.023 0.048 0.188 0.027 
109 24.0709.E1    (0)    5 :  0.024 0.009 0.009 0.873 0.022 0.012 0.010 0.036 0.006 
110 24.0710.E1    (0)    5 :  0.548 0.007 0.037 0.236 0.054 0.013 0.035 0.026 0.044 
111 24.0711.E1    (0)    5 :  0.710 0.053 0.029 0.060 0.018 0.035 0.071 0.007 0.017 
112 24.0712.E1    (0)    5 :  0.118 0.042 0.732 0.037 0.008 0.018 0.020 0.007 0.019 
113 24.0713.E1    (0)    5 :  0.233 0.007 0.014 0.485 0.029 0.178 0.009 0.028 0.016 
114 24.0714.E1    (0)    5 :  0.612 0.013 0.019 0.035 0.031 0.213 0.046 0.021 0.009 
115 24.0715.E1    (0)    5 :  0.491 0.007 0.016 0.090 0.006 0.025 0.028 0.016 0.321 
116 24.0716.E1    (0)    5 :  0.497 0.032 0.288 0.018 0.035 0.018 0.056 0.042 0.014 
117 24.0717.E1    (0)    5 :  0.395 0.044 0.027 0.024 0.056 0.149 0.016 0.032 0.256 
118 24.0718.E1    (0)    5 :  0.612 0.037 0.055 0.185 0.007 0.064 0.021 0.007 0.011 
119 24.0719.E1    (0)    5 :  0.037 0.015 0.015 0.863 0.010 0.028 0.006 0.019 0.006 
120 24.0720.E1    (0)    5 :  0.209 0.015 0.013 0.688 0.009 0.030 0.016 0.014 0.006 
121 24.0721.E1    (0)    6 :  0.266 0.014 0.029 0.093 0.021 0.085 0.011 0.041 0.440 
122 24.0722.E1    (0)    6 :  0.104 0.123 0.062 0.098 0.081 0.014 0.022 0.013 0.483 
123 24.0723.E1    (0)    6 :  0.043 0.234 0.013 0.017 0.157 0.129 0.029 0.112 0.267 
124 24.0724.E1    (0)    6 :  0.033 0.044 0.014 0.344 0.251 0.024 0.129 0.066 0.096 
125 24.0725.E1    (0)    6 :  0.010 0.007 0.009 0.010 0.005 0.018 0.928 0.006 0.007 
126 24.0726.E1    (6)    6 :  0.014 0.009 0.008 0.179 0.012 0.109 0.574 0.007 0.088 
127 24.0727.E1    (0)    6 :  0.044 0.020 0.077 0.024 0.029 0.043 0.239 0.020 0.504 
128 24.0728.E1    (0)    6 :  0.437 0.030 0.011 0.016 0.010 0.027 0.294 0.018 0.157 
129 24.0729.E1    (0)    6 :  0.015 0.014 0.038 0.196 0.015 0.013 0.644 0.018 0.047 
130 24.0730.E1    (0)    6 :  0.838 0.009 0.013 0.028 0.008 0.013 0.047 0.018 0.026 
131 24.0731.E1    (0)    6 :  0.009 0.013 0.005 0.552 0.008 0.132 0.215 0.008 0.057 
132 24.0732.E1    (0)    6 :  0.026 0.011 0.028 0.106 0.006 0.032 0.054 0.004 0.734 
133 24.0733.E1    (0)    6 :  0.004 0.006 0.003 0.007 0.004 0.005 0.948 0.005 0.016 
134 24.0734.E1    (0)    6 :  0.114 0.013 0.010 0.011 0.012 0.016 0.031 0.008 0.786 
135 24.0735.E1    (0)    6 :  0.053 0.056 0.014 0.019 0.008 0.020 0.599 0.026 0.205 
136 24.0736.E1    (0)    6 :  0.010 0.008 0.005 0.007 0.005 0.007 0.909 0.006 0.044 
137 24.0737.E1    (0)    6 :  0.024 0.025 0.010 0.014 0.018 0.014 0.879 0.009 0.007 
138 24.0738.E1    (0)    6 :  0.018 0.011 0.009 0.009 0.010 0.011 0.899 0.005 0.029 
139 24.0739.E1    (0)    6 :  0.018 0.016 0.007 0.011 0.006 0.018 0.913 0.007 0.005 
140 24.0740.E1    (0)    6 :  0.014 0.019 0.011 0.271 0.014 0.012 0.633 0.015 0.011 
141 24.0741.E1    (0)    6 :  0.051 0.020 0.007 0.179 0.009 0.021 0.353 0.010 0.350 
142 24.0742.E1    (0)    6 :  0.014 0.010 0.008 0.026 0.014 0.011 0.158 0.007 0.753 
143 24.0743.E1    (0)    6 :  0.015 0.005 0.020 0.414 0.054 0.010 0.420 0.015 0.047 
144 24.0744.E1    (0)    6 :  0.023 0.015 0.329 0.128 0.026 0.017 0.294 0.028 0.141 
145 24.0745.E1    (0)    7 :  0.014 0.004 0.026 0.021 0.009 0.016 0.005 0.008 0.898 
146 24.0746.E1    (0)    7 :  0.082 0.054 0.009 0.042 0.141 0.010 0.035 0.010 0.616 
147 24.0747.E1    (0)    7 :  0.011 0.010 0.011 0.216 0.008 0.015 0.027 0.027 0.674 
148 24.0748.E1    (6)    7 :  0.011 0.010 0.012 0.285 0.008 0.023 0.029 0.038 0.583 
149 24.0749.E1    (0)    7 :  0.009 0.007 0.007 0.008 0.008 0.007 0.231 0.006 0.719 
150 24.0750.E1    (0)    7 :  0.154 0.012 0.033 0.208 0.032 0.089 0.216 0.018 0.236 
151 24.0751.E1    (0)    7 :  0.005 0.006 0.004 0.005 0.004 0.005 0.007 0.004 0.960 
152 24.0752.E1    (0)    7 :  0.017 0.007 0.004 0.010 0.005 0.007 0.047 0.010 0.893 
153 24.0753.E1    (0)    7 :  0.012 0.215 0.011 0.013 0.010 0.016 0.207 0.005 0.510 
154 24.0754.E1    (0)    7 :  0.008 0.017 0.008 0.023 0.005 0.010 0.025 0.006 0.898 
155 24.0755.E1    (0)    7 :  0.027 0.026 0.008 0.118 0.012 0.011 0.015 0.035 0.748 
156 24.0756.E1    (0)    7 :  0.005 0.009 0.005 0.006 0.008 0.006 0.012 0.011 0.938 
157 24.0757.E1    (0)    7 :  0.004 0.004 0.004 0.004 0.003 0.003 0.003 0.003 0.972 
158 24.0758.E1    (0)    7 :  0.004 0.004 0.004 0.004 0.003 0.004 0.004 0.003 0.971 
159 24.0759.E1    (0)    7 :  0.008 0.006 0.009 0.007 0.006 0.010 0.017 0.005 0.932 
160 24.0760.E1    (0)    7 :  0.035 0.293 0.009 0.023 0.007 0.015 0.011 0.006 0.602 
161 24.0761.E1    (0)    7 :  0.004 0.009 0.004 0.005 0.004 0.005 0.006 0.005 0.959 
162 24.0762.E1    (0)    7 :  0.086 0.009 0.257 0.060 0.017 0.180 0.225 0.092 0.074 
163 24.0763.E1    (0)    7 :  0.004 0.004 0.004 0.012 0.004 0.006 0.007 0.004 0.956 
164 24.0764.E1    (0)    7 :  0.007 0.008 0.004 0.005 0.004 0.005 0.010 0.004 0.952 
165 24.0765.E1    (0)    7 :  0.008 0.023 0.005 0.018 0.016 0.011 0.007 0.010 0.902 
166 24.0766.E1    (0)    7 :  0.007 0.006 0.006 0.008 0.005 0.007 0.009 0.005 0.947 
167 24.0767.E1    (0)    7 :  0.004 0.004 0.003 0.006 0.004 0.004 0.004 0.004 0.967 
168 24.0768.E1    (0)    7 :  0.033 0.005 0.010 0.384 0.036 0.080 0.264 0.045 0.141 
169 24.0779.E1    (0)    8 :  0.741 0.007 0.011 0.053 0.060 0.063 0.017 0.007 0.041 
170 24.0780.E1    (6)    8 :  0.658 0.006 0.009 0.026 0.011 0.094 0.008 0.183 0.004 
171 24.0781.E1    (0)    8 :  0.851 0.004 0.006 0.007 0.005 0.109 0.004 0.009 0.005 
172 24.0782.E1    (0)    8 :  0.264 0.037 0.010 0.370 0.023 0.095 0.139 0.034 0.027 
173 24.0783.E1    (0)    8 :  0.191 0.014 0.065 0.079 0.007 0.269 0.009 0.361 0.006 
174 24.0784.E1    (0)    8 :  0.862 0.005 0.005 0.036 0.025 0.031 0.008 0.023 0.004 
175 24.0785.E1    (0)    8 :  0.565 0.004 0.013 0.011 0.028 0.319 0.007 0.049 0.004 
176 24.0786.E1    (0)    8 :  0.606 0.009 0.013 0.105 0.012 0.082 0.025 0.138 0.010 
177 24.0787.E1    (0)    8 :  0.604 0.044 0.010 0.015 0.012 0.275 0.015 0.010 0.016 
178 24.0788.E1    (0)    8 :  0.481 0.022 0.012 0.035 0.011 0.352 0.006 0.075 0.006 
179 24.0789.E1    (0)    8 :  0.782 0.017 0.007 0.009 0.027 0.092 0.024 0.035 0.007 
180 24.0790.E1    (0)    8 :  0.549 0.006 0.007 0.005 0.011 0.404 0.004 0.010 0.004 
181 24.0791.E1    (0)    8 :  0.092 0.006 0.186 0.163 0.020 0.368 0.145 0.012 0.008 
182 24.0792.E1    (0)    8 :  0.235 0.005 0.066 0.081 0.010 0.553 0.011 0.019 0.019 
183 24.0793.E1    (0)    9 :  0.133 0.052 0.007 0.010 0.629 0.019 0.035 0.108 0.008 
184 24.0794.E1    (0)    9 :  0.023 0.006 0.027 0.006 0.084 0.178 0.635 0.035 0.008 
185 24.0795.E1    (0)    9 :  0.027 0.028 0.006 0.021 0.683 0.014 0.181 0.031 0.008 
186 24.0796.E1    (0)    9 :  0.122 0.009 0.018 0.008 0.115 0.228 0.125 0.369 0.005 
187 24.0797.E1    (0)    9 :  0.137 0.010 0.008 0.008 0.570 0.053 0.017 0.195 0.003 
188 24.0798.E1    (0)    9 :  0.020 0.028 0.388 0.024 0.459 0.041 0.008 0.015 0.017 
189 24.0799.E1    (0)    9 :  0.022 0.008 0.014 0.011 0.852 0.009 0.032 0.045 0.008 
190 24.0800.E1    (0)    9 :  0.021 0.007 0.019 0.061 0.487 0.027 0.025 0.345 0.009 
191 24.0801.E1    (0)    9 :  0.008 0.007 0.341 0.019 0.597 0.011 0.005 0.007 0.005 
192 24.0802.E1    (0)    9 :  0.011 0.018 0.009 0.008 0.903 0.014 0.007 0.026 0.004 
193 24.0803.E1    (0)    9 :  0.009 0.008 0.017 0.007 0.928 0.008 0.010 0.008 0.006 
194 24.0804.E1    (0)    9 :  0.009 0.015 0.004 0.007 0.861 0.008 0.010 0.083 0.004 
195 24.0805.E1    (0)    9 :  0.007 0.004 0.008 0.031 0.922 0.009 0.007 0.005 0.006 
196 24.0806.E1    (0)    9 :  0.007 0.018 0.005 0.005 0.945 0.006 0.006 0.005 0.004 
197 24.0807.E1    (0)    9 :  0.014 0.007 0.010 0.008 0.904 0.026 0.008 0.020 0.004 
198 24.0808.E1    (0)    9 :  0.068 0.020 0.008 0.130 0.633 0.040 0.014 0.082 0.006 
199 24.0809.E1    (0)    9 :  0.008 0.005 0.011 0.074 0.801 0.009 0.018 0.064 0.010 
200 24.0810.E1    (0)    9 :  0.008 0.011 0.007 0.022 0.914 0.011 0.007 0.013 0.007 
201 24.0811.E1    (0)    9 :  0.020 0.016 0.005 0.007 0.770 0.061 0.027 0.089 0.005 
202 24.0812.E1    (0)    9 :  0.035 0.006 0.008 0.024 0.684 0.014 0.034 0.190 0.006 
203 24.0813.E1    (0)    9 :  0.018 0.007 0.005 0.044 0.883 0.018 0.007 0.013 0.006 
204 24.0814.E1    (6)    9 :  0.006 0.016 0.007 0.020 0.762 0.010 0.008 0.167 0.004 
205 24.0815.E1    (0)    9 :  0.007 0.017 0.020 0.009 0.914 0.007 0.004 0.014 0.007 
206 24.0816.E1    (0)    9 :  0.015 0.011 0.013 0.004 0.920 0.013 0.006 0.015 0.004 
207 24.0817.E1    (0)   10 :  0.023 0.005 0.008 0.011 0.064 0.025 0.015 0.844 0.005 
208 24.0818.E1    (0)   10 :  0.086 0.014 0.008 0.006 0.014 0.022 0.035 0.804 0.011 
209 24.0819.E1    (0)   10 :  0.011 0.021 0.176 0.015 0.405 0.133 0.014 0.040 0.185 
210 24.0820.E1    (0)   10 :  0.006 0.008 0.075 0.005 0.012 0.335 0.006 0.320 0.231 
211 24.0821.E1    (0)   10 :  0.131 0.011 0.313 0.017 0.081 0.229 0.015 0.196 0.006 
212 24.0822.E1    (0)   10 :  0.027 0.004 0.007 0.009 0.006 0.016 0.006 0.905 0.021 
213 24.0823.E1    (0)   10 :  0.007 0.011 0.032 0.009 0.009 0.194 0.008 0.676 0.055 
214 24.0824.E1    (0)   10 :  0.008 0.006 0.454 0.064 0.014 0.009 0.007 0.430 0.009 
215 24.0825.E1    (0)   10 :  0.005 0.005 0.004 0.011 0.005 0.005 0.005 0.954 0.005 
216 24.0826.E1    (0)   10 :  0.014 0.010 0.115 0.009 0.019 0.385 0.006 0.340 0.102 
217 24.0827.E1    (0)   10 :  0.021 0.007 0.008 0.011 0.013 0.051 0.036 0.849 0.004 
218 24.0828.E1    (0)   10 :  0.015 0.010 0.126 0.016 0.075 0.378 0.011 0.345 0.023 
219 24.0829.E1    (0)   10 :  0.009 0.006 0.012 0.012 0.385 0.019 0.006 0.542 0.010 
220 24.0830.E1    (0)   10 :  0.012 0.004 0.020 0.009 0.013 0.104 0.006 0.828 0.004 
221 24.0831.E1    (0)   10 :  0.034 0.005 0.029 0.009 0.012 0.166 0.005 0.737 0.004 
222 24.0832.E1    (0)   10 :  0.006 0.003 0.004 0.008 0.005 0.009 0.010 0.952 0.003 
223 24.0833.E1    (0)   10 :  0.004 0.004 0.004 0.008 0.004 0.006 0.004 0.964 0.004 
224 24.0834.E1    (0)   10 :  0.006 0.006 0.006 0.008 0.007 0.009 0.008 0.944 0.007 
225 24.0835.E1    (0)   10 :  0.008 0.006 0.009 0.008 0.012 0.007 0.012 0.934 0.004 
226 24.0836.E1    (0)   10 :  0.011 0.005 0.015 0.025 0.012 0.009 0.012 0.901 0.010 
227 24.0837.E1    (0)   10 :  0.009 0.005 0.008 0.008 0.009 0.010 0.007 0.940 0.006 
228 24.0838.E1    (0)   10 :  0.010 0.004 0.005 0.012 0.006 0.010 0.004 0.941 0.007 
229 24.0839.E1    (0)   10 :  0.066 0.029 0.026 0.024 0.441 0.055 0.042 0.295 0.022 
230 24.0840.E1    (0)   10 :  0.012 0.016 0.011 0.006 0.390 0.028 0.008 0.525 0.004 
231 24.0841.E1    (0)   11 :  0.032 0.004 0.005 0.016 0.710 0.095 0.008 0.119 0.011 
232 24.0842.E1    (0)   11 :  0.016 0.003 0.180 0.008 0.613 0.069 0.010 0.093 0.008 
233 24.0843.E1    (0)   11 :  0.016 0.005 0.265 0.007 0.187 0.212 0.005 0.281 0.022 
234 24.0844.E1    (0)   11 :  0.031 0.005 0.359 0.015 0.215 0.042 0.031 0.294 0.007 
235 24.0845.E1    (0)   11 :  0.073 0.005 0.023 0.016 0.017 0.061 0.010 0.789 0.005 
236 24.0846.E1    (0)   11 :  0.012 0.012 0.011 0.012 0.030 0.011 0.013 0.889 0.011 
237 24.0847.E1    (0)   11 :  0.010 0.007 0.019 0.116 0.036 0.014 0.041 0.744 0.013 
238 24.0848.E1    (0)   11 :  0.044 0.005 0.020 0.046 0.064 0.023 0.015 0.779 0.004 
239 24.0849.E1    (0)   11 :  0.006 0.004 0.007 0.004 0.008 0.345 0.006 0.613 0.007 
240 24.0850.E1    (0)   11 :  0.005 0.004 0.007 0.004 0.008 0.345 0.006 0.613 0.007 
241 24.0851.E1    (0)   11 :  0.006 0.004 0.006 0.004 0.008 0.345 0.006 0.613 0.007 
242 24.0852.E1    (0)   11 :  0.048 0.005 0.026 0.011 0.026 0.352 0.009 0.488 0.034 
243 24.0853.E1    (0)   11 :  0.006 0.006 0.005 0.007 0.012 0.193 0.005 0.757 0.009 
244 24.0854.E1    (0)   11 :  0.007 0.006 0.753 0.009 0.032 0.140 0.012 0.032 0.010 
245 24.0855.E1    (0)   11 :  0.010 0.005 0.009 0.020 0.156 0.017 0.006 0.762 0.014 
246 24.0856.E1    (0)   11 :  0.155 0.089 0.321 0.011 0.234 0.018 0.083 0.052 0.037 
247 24.0857.E1    (0)   11 :  0.019 0.011 0.014 0.026 0.153 0.014 0.020 0.733 0.010 
248 24.0858.E1    (0)   11 :  0.076 0.005 0.023 0.015 0.075 0.033 0.013 0.743 0.016 
249 24.0859.E1    (0)   11 :  0.018 0.015 0.019 0.009 0.052 0.335 0.011 0.480 0.061 
250 24.0860.E1    (0)   11 :  0.128 0.037 0.023 0.008 0.623 0.024 0.025 0.091 0.042 
251 24.0861.E1    (0)   11 :  0.010 0.004 0.006 0.005 0.013 0.338 0.006 0.611 0.008 
252 24.0862.E1    (0)   11 :  0.020 0.016 0.006 0.008 0.908 0.008 0.015 0.013 0.007 
253 24.0863.E1    (0)   11 :  0.010 0.004 0.006 0.005 0.013 0.338 0.006 0.611 0.008 
254 24.0864.E1    (0)   11 :  0.033 0.007 0.030 0.490 0.025 0.113 0.145 0.148 0.007 
255 24.0865.E1    (0)   12 :  0.023 0.017 0.086 0.061 0.014 0.504 0.030 0.107 0.158 
256 24.0866.E1    (0)   12 :  0.266 0.006 0.026 0.305 0.099 0.021 0.032 0.211 0.035 
257 24.0867.E1    (0)   12 :  0.014 0.031 0.026 0.585 0.017 0.076 0.011 0.078 0.162 
258 24.0868.E1    (0)   12 :  0.274 0.027 0.015 0.456 0.022 0.126 0.011 0.050 0.019 
259 24.0869.E1    (0)   12 :  0.018 0.042 0.006 0.768 0.023 0.074 0.007 0.056 0.005 
260 24.0870.E1    (0)   12 :  0.258 0.110 0.018 0.300 0.017 0.084 0.104 0.084 0.024 
261 24.0871.E1    (0)   12 :  0.077 0.043 0.027 0.470 0.049 0.229 0.070 0.027 0.008 
262 24.0872.E1    (0)   12 :  0.056 0.011 0.076 0.293 0.022 0.330 0.012 0.026 0.174 
263 24.0873.E1    (0)   12 :  0.014 0.015 0.036 0.791 0.046 0.053 0.011 0.020 0.013 
264 24.0874.E1    (0)   12 :  0.021 0.008 0.044 0.326 0.055 0.085 0.010 0.204 0.247 
265 24.0875.E1    (0)   12 :  0.137 0.011 0.158 0.320 0.017 0.265 0.064 0.015 0.012 
266 24.0876.E1    (0)   12 :  0.057 0.008 0.106 0.419 0.009 0.232 0.145 0.006 0.018 
267 24.0877.E1    (0)   12 :  0.043 0.007 0.014 0.030 0.009 0.008 0.821 0.005 0.063 
268 24.0878.E1    (0)   12 :  0.020 0.010 0.024 0.205 0.012 0.016 0.659 0.042 0.013 
269 24.0879.E1    (0)   12 :  0.011 0.011 0.250 0.019 0.006 0.012 0.679 0.006 0.005 
270 24.0880.E1    (0)   12 :  0.055 0.015 0.063 0.352 0.012 0.049 0.029 0.413 0.013 
271 24.0881.E1    (0)   12 :  0.007 0.012 0.007 0.009 0.005 0.006 0.941 0.004 0.010 
272 24.0882.E1    (0)   12 :  0.025 0.009 0.010 0.018 0.007 0.011 0.231 0.009 0.680 
273 24.0883.E1    (0)   12 :  0.008 0.014 0.295 0.138 0.006 0.036 0.284 0.011 0.208 
274 24.0884.E1    (0)   12 :  0.014 0.008 0.021 0.029 0.007 0.010 0.860 0.005 0.046 
275 24.0885.E1    (0)   12 :  0.029 0.016 0.069 0.189 0.007 0.020 0.652 0.010 0.007 
276 24.0886.E1    (0)   12 :  0.012 0.005 0.104 0.235 0.010 0.062 0.370 0.007 0.195 
277 24.0887.E1    (0)   12 :  0.006 0.011 0.193 0.025 0.005 0.008 0.044 0.005 0.702 
278 24.0888.E1    (0)   12 :  0.491 0.008 0.020 0.016 0.034 0.399 0.019 0.007 0.006 


Estimated Allele Frequencies in each cluster
First column gives estimated ancestral frequencies


Locus 1 : 
31 alleles
0.0% missing data
 115   (0.032) 0.007 0.003 0.012 0.133 0.013 0.026 0.127 0.003 0.005 
 117   (0.043) 0.009 0.004 0.015 0.047 0.060 0.014 0.193 0.004 0.196 
 119   (0.038) 0.008 0.282 0.007 0.018 0.006 0.010 0.263 0.004 0.316 
 131   (0.015) 0.003 0.001 0.003 0.004 0.002 0.003 0.050 0.001 0.003 
 128   (0.036) 0.024 0.004 0.015 0.039 0.011 0.043 0.035 0.020 0.003 
 135   (0.017) 0.004 0.002 0.004 0.011 0.005 0.005 0.047 0.002 0.008 
 126   (0.079) 0.084 0.012 0.042 0.062 0.047 0.072 0.077 0.230 0.081 
 122   (0.036) 0.044 0.094 0.008 0.009 0.104 0.009 0.012 0.003 0.002 
 132   (0.031) 0.023 0.003 0.015 0.016 0.045 0.016 0.005 0.019 0.016 
 141   (0.010) 0.002 0.003 0.002 0.002 0.002 0.002 0.009 0.001 0.001 
 130   (0.050) 0.061 0.015 0.120 0.091 0.023 0.056 0.007 0.015 0.011 
 134   (0.039) 0.024 0.129 0.006 0.029 0.030 0.038 0.005 0.035 0.003 
 145   (0.019) 0.003 0.012 0.040 0.004 0.003 0.071 0.003 0.001 0.009 
 127   (0.025) 0.005 0.059 0.007 0.006 0.004 0.005 0.029 0.002 0.150 
 116   (0.108) 0.262 0.168 0.113 0.171 0.140 0.228 0.015 0.159 0.013 
 114   (0.056) 0.046 0.061 0.038 0.035 0.143 0.081 0.007 0.143 0.006 
 120   (0.037) 0.054 0.086 0.111 0.015 0.006 0.036 0.008 0.003 0.003 
 110   (0.048) 0.040 0.022 0.077 0.058 0.014 0.021 0.009 0.076 0.019 
 133   (0.015) 0.003 0.009 0.003 0.003 0.007 0.005 0.003 0.001 0.013 
 118   (0.112) 0.248 0.013 0.301 0.183 0.293 0.205 0.015 0.185 0.022 
 125   (0.014) 0.006 0.002 0.005 0.002 0.009 0.003 0.002 0.010 0.001 
 129   (0.021) 0.006 0.002 0.025 0.006 0.003 0.007 0.043 0.002 0.007 
 124   (0.016) 0.010 0.002 0.015 0.004 0.002 0.017 0.008 0.002 0.002 
 136   (0.021) 0.006 0.003 0.003 0.039 0.004 0.006 0.003 0.060 0.001 
 121   (0.014) 0.003 0.001 0.002 0.003 0.002 0.003 0.005 0.001 0.066 
 139   (0.011) 0.002 0.001 0.002 0.002 0.001 0.002 0.011 0.001 0.001 
 113   (0.011) 0.002 0.001 0.002 0.001 0.001 0.002 0.001 0.001 0.015 
 111   (0.011) 0.002 0.001 0.002 0.002 0.002 0.002 0.002 0.001 0.013 
 143   (0.010) 0.002 0.001 0.002 0.001 0.001 0.002 0.001 0.001 0.014 
 140   (0.015) 0.008 0.002 0.002 0.003 0.016 0.010 0.002 0.001 0.001 
 112   (0.010) 0.002 0.001 0.002 0.002 0.002 0.002 0.001 0.012 0.001 

Locus 2 : 
18 alleles
0.0% missing data
 152   (0.383) 0.377 0.397 0.346 0.509 0.510 0.294 0.649 0.223 0.793 
 148   (0.072) 0.039 0.221 0.040 0.178 0.012 0.028 0.137 0.008 0.024 
 154   (0.110) 0.093 0.256 0.038 0.168 0.071 0.056 0.047 0.218 0.034 
 156   (0.016) 0.006 0.002 0.005 0.002 0.008 0.003 0.013 0.001 0.001 
 150   (0.023) 0.004 0.065 0.005 0.003 0.003 0.003 0.008 0.002 0.046 
 164   (0.074) 0.145 0.011 0.018 0.032 0.076 0.062 0.069 0.070 0.013 
 158   (0.031) 0.008 0.015 0.153 0.019 0.011 0.009 0.009 0.003 0.009 
 160   (0.018) 0.012 0.003 0.003 0.009 0.003 0.005 0.002 0.002 0.019 
 166   (0.020) 0.018 0.004 0.004 0.004 0.032 0.009 0.004 0.002 0.001 
 151   (0.070) 0.152 0.007 0.232 0.012 0.031 0.282 0.009 0.396 0.005 
 147   (0.067) 0.072 0.007 0.091 0.030 0.203 0.181 0.009 0.068 0.006 
 168   (0.023) 0.014 0.003 0.014 0.008 0.009 0.028 0.003 0.002 0.003 
 153   (0.015) 0.014 0.001 0.004 0.002 0.002 0.014 0.002 0.001 0.001 
 149   (0.025) 0.008 0.003 0.037 0.017 0.004 0.010 0.003 0.002 0.011 
 162   (0.020) 0.009 0.002 0.004 0.003 0.020 0.010 0.008 0.002 0.003 
 167   (0.012) 0.002 0.001 0.002 0.001 0.001 0.002 0.024 0.001 0.001 
 146   (0.012) 0.002 0.001 0.002 0.002 0.002 0.002 0.001 0.001 0.029 
 172   (0.012) 0.024 0.001 0.002 0.002 0.002 0.003 0.001 0.001 0.001 

Locus 3 : 
4 alleles
0.0% missing data
 128   (0.290) 0.215 0.325 0.262 0.305 0.252 0.290 0.208 0.451 0.433 
 126   (0.615) 0.747 0.612 0.569 0.671 0.698 0.612 0.710 0.476 0.560 
 132   (0.081) 0.034 0.056 0.131 0.022 0.048 0.096 0.080 0.073 0.006 
 134   (0.014) 0.003 0.007 0.037 0.002 0.002 0.002 0.002 0.001 0.001 

Locus 4 : 
3 alleles
0.0% missing data
 170   (0.320) 0.371 0.409 0.201 0.171 0.302 0.276 0.330 0.383 0.288 
 172   (0.667) 0.627 0.579 0.797 0.826 0.696 0.720 0.668 0.615 0.710 
 171   (0.013) 0.002 0.011 0.002 0.003 0.002 0.004 0.002 0.002 0.002 

Locus 5 : 
37 alleles
0.0% missing data
 125   (0.052) 0.021 0.064 0.130 0.042 0.011 0.067 0.064 0.096 0.037 
 110   (0.037) 0.008 0.045 0.036 0.008 0.034 0.025 0.050 0.064 0.016 
 129   (0.033) 0.111 0.003 0.013 0.008 0.030 0.040 0.052 0.008 0.003 
 113   (0.031) 0.116 0.004 0.007 0.011 0.087 0.021 0.012 0.013 0.002 
 145   (0.049) 0.015 0.006 0.098 0.138 0.008 0.098 0.211 0.010 0.094 
 155   (0.055) 0.047 0.178 0.017 0.027 0.084 0.017 0.150 0.049 0.016 
 117   (0.031) 0.013 0.005 0.007 0.115 0.022 0.018 0.020 0.003 0.032 
 124   (0.011) 0.002 0.001 0.001 0.002 0.001 0.002 0.023 0.001 0.001 
 133   (0.033) 0.043 0.004 0.012 0.024 0.008 0.053 0.039 0.003 0.074 
 157   (0.045) 0.161 0.027 0.108 0.044 0.016 0.043 0.008 0.044 0.026 
 141   (0.014) 0.030 0.002 0.002 0.007 0.002 0.010 0.005 0.004 0.001 
 112   (0.070) 0.068 0.193 0.017 0.101 0.049 0.074 0.065 0.169 0.159 
 121   (0.019) 0.010 0.008 0.008 0.003 0.069 0.015 0.004 0.005 0.003 
 114   (0.037) 0.008 0.017 0.007 0.139 0.006 0.012 0.044 0.066 0.170 
 153   (0.053) 0.019 0.010 0.216 0.035 0.162 0.079 0.055 0.082 0.004 
 127   (0.076) 0.102 0.034 0.053 0.078 0.091 0.145 0.073 0.117 0.076 
 131   (0.061) 0.021 0.221 0.128 0.034 0.086 0.039 0.053 0.048 0.185 
 135   (0.031) 0.026 0.009 0.027 0.024 0.036 0.049 0.006 0.051 0.003 
 104   (0.008) 0.002 0.011 0.001 0.002 0.001 0.004 0.001 0.002 0.002 
 118   (0.017) 0.010 0.018 0.013 0.009 0.002 0.004 0.016 0.001 0.002 
 116   (0.029) 0.009 0.023 0.026 0.027 0.039 0.023 0.006 0.012 0.004 
 137   (0.025) 0.015 0.093 0.013 0.007 0.063 0.008 0.005 0.002 0.006 
 123   (0.020) 0.004 0.004 0.008 0.007 0.030 0.017 0.006 0.078 0.002 
 149   (0.010) 0.002 0.001 0.002 0.005 0.004 0.006 0.001 0.002 0.001 
 138   (0.011) 0.026 0.001 0.007 0.001 0.001 0.042 0.001 0.001 0.001 
 143   (0.025) 0.031 0.003 0.009 0.004 0.005 0.018 0.003 0.044 0.070 
 163   (0.010) 0.010 0.003 0.001 0.002 0.002 0.002 0.002 0.001 0.001 
 109   (0.009) 0.002 0.001 0.001 0.028 0.001 0.001 0.001 0.001 0.001 
 139   (0.010) 0.010 0.001 0.002 0.001 0.001 0.004 0.001 0.001 0.001 
 106   (0.009) 0.010 0.001 0.001 0.002 0.002 0.002 0.001 0.001 0.001 
 144   (0.016) 0.005 0.002 0.002 0.038 0.015 0.004 0.002 0.001 0.001 
 122   (0.011) 0.002 0.001 0.002 0.010 0.002 0.002 0.012 0.001 0.004 
 100   (0.017) 0.016 0.002 0.007 0.006 0.022 0.020 0.003 0.008 0.001 
 111   (0.011) 0.018 0.001 0.002 0.002 0.002 0.024 0.001 0.001 0.001 
 233   (0.007) 0.003 0.001 0.008 0.001 0.002 0.005 0.001 0.002 0.000 
 134   (0.009) 0.002 0.001 0.002 0.001 0.001 0.005 0.001 0.009 0.001 
 140   (0.010) 0.005 0.001 0.002 0.007 0.002 0.004 0.001 0.001 0.001 

Locus 6 : 
17 alleles
0.0% missing data
 221   (0.022) 0.004 0.002 0.003 0.003 0.003 0.003 0.139 0.002 0.085 
 232   (0.247) 0.309 0.115 0.318 0.256 0.294 0.495 0.171 0.378 0.438 
 229   (0.054) 0.011 0.065 0.017 0.026 0.016 0.025 0.101 0.079 0.057 
 223   (0.063) 0.055 0.008 0.092 0.067 0.025 0.016 0.097 0.055 0.008 
 230   (0.157) 0.220 0.158 0.115 0.231 0.075 0.147 0.069 0.190 0.293 
 235   (0.014) 0.002 0.001 0.002 0.002 0.002 0.002 0.070 0.001 0.001 
 236   (0.039) 0.014 0.036 0.021 0.011 0.009 0.045 0.087 0.003 0.006 
 227   (0.022) 0.012 0.002 0.008 0.010 0.003 0.005 0.061 0.002 0.002 
 220   (0.052) 0.016 0.180 0.023 0.037 0.149 0.068 0.007 0.031 0.004 
 222   (0.039) 0.026 0.247 0.006 0.018 0.171 0.028 0.005 0.004 0.002 
 234   (0.136) 0.109 0.165 0.249 0.249 0.125 0.056 0.090 0.130 0.059 
 224   (0.031) 0.030 0.004 0.098 0.006 0.006 0.011 0.004 0.064 0.002 
 228   (0.058) 0.180 0.007 0.019 0.049 0.038 0.083 0.013 0.039 0.005 
 225   (0.011) 0.002 0.002 0.002 0.002 0.012 0.002 0.003 0.001 0.001 
 226   (0.016) 0.003 0.002 0.002 0.002 0.066 0.003 0.003 0.018 0.001 
 233   (0.027) 0.005 0.003 0.018 0.020 0.004 0.008 0.048 0.002 0.035 
 231   (0.014) 0.002 0.001 0.007 0.012 0.002 0.003 0.032 0.001 0.001 

Locus 7 : 
10 alleles
0.0% missing data
 121   (0.690) 0.835 0.795 0.637 0.810 0.756 0.793 0.886 0.742 0.745 
 129   (0.093) 0.051 0.011 0.089 0.056 0.054 0.089 0.074 0.141 0.103 
 130   (0.014) 0.003 0.001 0.002 0.002 0.028 0.002 0.002 0.001 0.002 
 123   (0.097) 0.064 0.123 0.189 0.033 0.102 0.096 0.023 0.107 0.101 
 128   (0.020) 0.004 0.037 0.015 0.004 0.003 0.003 0.003 0.002 0.021 
 131   (0.015) 0.004 0.024 0.008 0.003 0.005 0.002 0.002 0.002 0.001 
 117   (0.012) 0.010 0.001 0.002 0.002 0.002 0.005 0.001 0.001 0.001 
 125   (0.013) 0.002 0.001 0.050 0.002 0.002 0.002 0.001 0.001 0.001 
 134   (0.033) 0.026 0.004 0.007 0.080 0.048 0.006 0.005 0.003 0.006 
 132   (0.013) 0.002 0.001 0.002 0.009 0.002 0.002 0.002 0.001 0.020 

Locus 8 : 
19 alleles
0.0% missing data
 184   (0.300) 0.379 0.515 0.484 0.460 0.345 0.391 0.489 0.308 0.344 
 194   (0.047) 0.048 0.018 0.032 0.082 0.008 0.020 0.029 0.012 0.021 
 178   (0.104) 0.059 0.177 0.030 0.083 0.130 0.051 0.211 0.231 0.061 
 176   (0.081) 0.078 0.011 0.075 0.078 0.091 0.116 0.047 0.019 0.213 
 182   (0.074) 0.136 0.009 0.021 0.048 0.137 0.040 0.037 0.049 0.200 
 190   (0.030) 0.006 0.070 0.006 0.005 0.037 0.005 0.006 0.013 0.047 
 196   (0.023) 0.011 0.002 0.007 0.006 0.005 0.023 0.008 0.051 0.002 
 200   (0.028) 0.043 0.005 0.034 0.006 0.007 0.008 0.015 0.002 0.010 
 180   (0.024) 0.005 0.069 0.094 0.003 0.004 0.004 0.010 0.003 0.002 
 188   (0.037) 0.009 0.010 0.026 0.047 0.006 0.062 0.028 0.045 0.003 
 174   (0.037) 0.014 0.023 0.039 0.078 0.009 0.024 0.018 0.003 0.034 
 186   (0.122) 0.185 0.060 0.084 0.077 0.181 0.222 0.082 0.184 0.056 
 192   (0.022) 0.006 0.013 0.015 0.004 0.004 0.007 0.009 0.070 0.003 
 201   (0.010) 0.002 0.013 0.009 0.001 0.001 0.002 0.001 0.001 0.001 
 199   (0.019) 0.012 0.002 0.024 0.003 0.016 0.006 0.002 0.002 0.001 
 185   (0.011) 0.002 0.001 0.006 0.002 0.001 0.013 0.001 0.001 0.001 
 203   (0.011) 0.002 0.001 0.002 0.013 0.002 0.002 0.001 0.001 0.001 
 198   (0.010) 0.003 0.001 0.001 0.003 0.011 0.002 0.001 0.001 0.001 
 209   (0.009) 0.002 0.001 0.011 0.001 0.004 0.002 0.001 0.003 0.001 

Locus 9 : 
6 alleles
0.4% missing data
 154   (0.689) 0.723 0.825 0.710 0.664 0.814 0.838 0.714 0.783 0.638 
 156   (0.209) 0.202 0.164 0.274 0.265 0.169 0.099 0.168 0.113 0.345 
 152   (0.049) 0.028 0.005 0.008 0.039 0.009 0.044 0.075 0.099 0.006 
 153   (0.013) 0.019 0.002 0.002 0.002 0.002 0.008 0.002 0.001 0.001 
 160   (0.014) 0.023 0.001 0.002 0.002 0.002 0.004 0.002 0.001 0.001 
 164   (0.026) 0.005 0.003 0.004 0.028 0.004 0.007 0.039 0.002 0.010 

Locus 10 : 
29 alleles
0.7% missing data
 305   (0.067) 0.126 0.206 0.014 0.012 0.113 0.017 0.104 0.008 0.008 
 313   (0.049) 0.040 0.006 0.015 0.011 0.047 0.035 0.149 0.007 0.006 
 311   (0.015) 0.003 0.002 0.006 0.003 0.002 0.005 0.018 0.002 0.002 
 299   (0.111) 0.241 0.040 0.016 0.035 0.077 0.081 0.267 0.208 0.033 
 315   (0.072) 0.147 0.077 0.021 0.019 0.015 0.050 0.084 0.015 0.098 
 287   (0.019) 0.004 0.003 0.678 0.003 0.006 0.005 0.006 0.002 0.002 
 291   (0.114) 0.062 0.075 0.019 0.362 0.116 0.033 0.110 0.398 0.023 
 295   (0.026) 0.006 0.004 0.004 0.157 0.004 0.040 0.033 0.002 0.002 
 289   (0.018) 0.008 0.003 0.004 0.003 0.125 0.004 0.003 0.001 0.002 
 303   (0.050) 0.013 0.058 0.057 0.015 0.009 0.321 0.011 0.099 0.534 
 297   (0.040) 0.012 0.006 0.006 0.088 0.115 0.011 0.013 0.030 0.092 
 293   (0.018) 0.005 0.004 0.020 0.027 0.006 0.041 0.037 0.001 0.001 
 301   (0.059) 0.055 0.150 0.014 0.066 0.016 0.052 0.066 0.006 0.007 
 285   (0.029) 0.013 0.244 0.004 0.004 0.184 0.005 0.004 0.002 0.003 
 307   (0.056) 0.072 0.039 0.010 0.064 0.008 0.012 0.010 0.085 0.171 
 312   (0.050) 0.068 0.060 0.017 0.057 0.010 0.082 0.008 0.081 0.004 
 306   (0.027) 0.042 0.004 0.005 0.021 0.004 0.038 0.010 0.007 0.002 
 320   (0.013) 0.019 0.001 0.002 0.002 0.002 0.009 0.002 0.001 0.001 
 317   (0.020) 0.005 0.002 0.025 0.003 0.003 0.077 0.018 0.002 0.001 
 314   (0.024) 0.010 0.003 0.032 0.005 0.004 0.011 0.031 0.002 0.002 
 323   (0.012) 0.005 0.001 0.008 0.002 0.002 0.006 0.002 0.001 0.001 
 325   (0.012) 0.005 0.001 0.008 0.002 0.002 0.006 0.002 0.001 0.001 
 310   (0.017) 0.006 0.002 0.005 0.004 0.002 0.019 0.003 0.030 0.001 
 309   (0.014) 0.003 0.002 0.002 0.026 0.002 0.003 0.002 0.001 0.001 
 316   (0.016) 0.019 0.002 0.002 0.002 0.003 0.023 0.003 0.003 0.001 
 296   (0.012) 0.005 0.001 0.002 0.003 0.002 0.011 0.002 0.001 0.001 
 304   (0.014) 0.003 0.001 0.002 0.002 0.059 0.002 0.002 0.002 0.001 
 321   (0.013) 0.002 0.001 0.001 0.002 0.031 0.002 0.002 0.001 0.001 
 332   (0.013) 0.002 0.001 0.002 0.002 0.030 0.002 0.002 0.001 0.001 

Locus 11 : 
19 alleles
0.0% missing data
 114   (0.148) 0.169 0.283 0.056 0.247 0.024 0.115 0.238 0.019 0.198 
 126   (0.023) 0.004 0.019 0.003 0.005 0.003 0.004 0.057 0.002 0.004 
 111   (0.082) 0.017 0.008 0.029 0.015 0.579 0.130 0.227 0.561 0.006 
 116   (0.113) 0.092 0.021 0.120 0.136 0.063 0.038 0.108 0.025 0.264 
 132   (0.014) 0.003 0.001 0.002 0.002 0.002 0.002 0.011 0.001 0.001 
 109   (0.015) 0.003 0.001 0.002 0.003 0.002 0.002 0.046 0.002 0.001 
 128   (0.018) 0.005 0.002 0.003 0.015 0.002 0.003 0.008 0.004 0.001 
 112   (0.313) 0.597 0.603 0.422 0.444 0.062 0.416 0.229 0.039 0.490 
 122   (0.016) 0.003 0.009 0.004 0.007 0.002 0.013 0.002 0.002 0.004 
 124   (0.014) 0.002 0.018 0.002 0.002 0.002 0.003 0.002 0.001 0.001 
 118   (0.058) 0.028 0.017 0.083 0.063 0.053 0.019 0.020 0.011 0.016 
 127   (0.014) 0.010 0.001 0.002 0.002 0.002 0.006 0.002 0.001 0.001 
 113   (0.055) 0.019 0.005 0.093 0.011 0.141 0.199 0.008 0.262 0.004 
 115   (0.030) 0.010 0.003 0.154 0.016 0.007 0.010 0.021 0.005 0.003 
 120   (0.021) 0.004 0.002 0.003 0.020 0.003 0.004 0.003 0.056 0.001 
 117   (0.020) 0.015 0.002 0.004 0.003 0.021 0.005 0.003 0.005 0.002 
 125   (0.018) 0.014 0.002 0.007 0.005 0.003 0.028 0.003 0.001 0.001 
 119   (0.015) 0.003 0.001 0.002 0.002 0.028 0.002 0.002 0.002 0.001 
 136   (0.014) 0.002 0.001 0.008 0.002 0.002 0.002 0.009 0.001 0.001 

Locus 12 : 
28 alleles
0.7% missing data
 306   (0.064) 0.089 0.203 0.011 0.011 0.170 0.015 0.102 0.008 0.008 
 314   (0.058) 0.039 0.007 0.022 0.009 0.038 0.035 0.137 0.072 0.007 
 312   (0.013) 0.002 0.001 0.001 0.002 0.002 0.002 0.025 0.001 0.001 
 300   (0.121) 0.245 0.041 0.018 0.036 0.078 0.083 0.283 0.205 0.034 
 316   (0.043) 0.012 0.073 0.006 0.007 0.011 0.009 0.082 0.014 0.096 
 288   (0.018) 0.004 0.003 0.663 0.003 0.005 0.004 0.005 0.002 0.002 
 292   (0.121) 0.064 0.076 0.021 0.360 0.130 0.034 0.112 0.394 0.023 
 296   (0.029) 0.009 0.005 0.004 0.159 0.005 0.049 0.034 0.002 0.003 
 290   (0.017) 0.007 0.003 0.004 0.002 0.124 0.004 0.003 0.001 0.002 
 304   (0.051) 0.013 0.059 0.057 0.015 0.009 0.321 0.011 0.098 0.535 
 298   (0.045) 0.013 0.006 0.006 0.088 0.116 0.012 0.014 0.030 0.093 
 294   (0.018) 0.005 0.004 0.020 0.026 0.006 0.041 0.037 0.001 0.001 
 302   (0.063) 0.056 0.149 0.015 0.066 0.017 0.052 0.067 0.006 0.007 
 286   (0.031) 0.013 0.244 0.005 0.004 0.199 0.005 0.004 0.002 0.003 
 308   (0.033) 0.063 0.038 0.006 0.016 0.005 0.006 0.007 0.002 0.166 
 313   (0.040) 0.085 0.062 0.016 0.063 0.006 0.079 0.007 0.006 0.003 
 307   (0.043) 0.048 0.005 0.006 0.071 0.006 0.040 0.011 0.096 0.004 
 321   (0.013) 0.020 0.001 0.002 0.002 0.002 0.009 0.002 0.001 0.001 
 315   (0.049) 0.133 0.006 0.059 0.016 0.007 0.059 0.033 0.004 0.004 
 318   (0.019) 0.006 0.002 0.021 0.002 0.004 0.073 0.007 0.003 0.001 
 324   (0.013) 0.005 0.001 0.008 0.002 0.002 0.006 0.002 0.001 0.001 
 326   (0.011) 0.005 0.001 0.007 0.002 0.002 0.006 0.002 0.001 0.001 
 311   (0.021) 0.009 0.002 0.014 0.006 0.003 0.031 0.007 0.044 0.002 
 310   (0.013) 0.003 0.002 0.002 0.025 0.002 0.003 0.002 0.001 0.001 
 305   (0.015) 0.035 0.002 0.002 0.002 0.003 0.004 0.002 0.001 0.001 
 317   (0.012) 0.015 0.001 0.001 0.002 0.002 0.016 0.002 0.001 0.001 
 320   (0.013) 0.002 0.001 0.002 0.002 0.015 0.002 0.002 0.001 0.001 
 322   (0.013) 0.002 0.001 0.002 0.002 0.031 0.002 0.002 0.001 0.001 

Locus 13 : 
7 alleles
1.1% missing data
 161   (0.590) 0.573 0.070 0.476 0.820 0.536 0.489 0.654 0.419 0.890 
 163   (0.301) 0.406 0.034 0.503 0.138 0.347 0.460 0.263 0.561 0.028 
 160   (0.017) 0.003 0.442 0.003 0.003 0.003 0.004 0.002 0.001 0.001 
 162   (0.016) 0.003 0.446 0.002 0.002 0.002 0.003 0.002 0.001 0.001 
 165   (0.047) 0.009 0.005 0.011 0.031 0.108 0.038 0.072 0.016 0.004 
 166   (0.014) 0.004 0.001 0.003 0.005 0.002 0.004 0.004 0.001 0.003 
 164   (0.014) 0.002 0.001 0.002 0.002 0.002 0.002 0.002 0.001 0.072 

Locus 14 : 
4 alleles
0.4% missing data
  98   (0.958) 0.986 0.996 0.991 0.989 0.994 0.974 0.988 0.997 0.986 
 100   (0.013) 0.006 0.001 0.004 0.002 0.002 0.010 0.002 0.001 0.001 
  96   (0.016) 0.003 0.002 0.003 0.006 0.002 0.005 0.009 0.001 0.012 
 105   (0.013) 0.005 0.001 0.003 0.003 0.002 0.011 0.002 0.001 0.001 

Locus 15 : 
12 alleles
2.2% missing data
 171   (0.306) 0.347 0.221 0.425 0.210 0.331 0.340 0.400 0.345 0.182 
 177   (0.182) 0.154 0.350 0.220 0.292 0.134 0.135 0.204 0.085 0.054 
 173   (0.265) 0.278 0.105 0.185 0.314 0.433 0.404 0.282 0.517 0.071 
 179   (0.104) 0.120 0.305 0.124 0.044 0.051 0.058 0.069 0.021 0.565 
 183   (0.020) 0.008 0.002 0.008 0.003 0.008 0.006 0.027 0.002 0.010 
 181   (0.039) 0.050 0.005 0.006 0.012 0.010 0.031 0.006 0.023 0.110 
 197   (0.013) 0.002 0.001 0.002 0.069 0.002 0.002 0.002 0.001 0.002 
 170   (0.013) 0.011 0.002 0.009 0.004 0.002 0.011 0.002 0.001 0.001 
 189   (0.014) 0.022 0.004 0.002 0.002 0.003 0.002 0.002 0.001 0.001 
 203   (0.013) 0.002 0.001 0.002 0.042 0.002 0.002 0.002 0.001 0.001 
 187   (0.017) 0.004 0.002 0.017 0.004 0.010 0.008 0.003 0.001 0.001 
 198   (0.012) 0.002 0.001 0.002 0.002 0.016 0.002 0.002 0.001 0.001 

Values of parameters used in structure:
DATAFILE=STRUCTURE_main_final_278_HEG_ZG.str,	OUTFILE=STRUCTURE_main_final_278_HEG_ZG-K9-18,	NUMINDS=278,	NUMLOCI=15,	MISSING=-9,	LABEL=1,	POPDATA=1,	POPFLAG=0,	PHENOTYPE=0,	EXTRACOLS=0,	MAXPOPS=9,	BURNIN=100000,	NUMREPS=500000,	USEPOPINFO=0,	INFERALPHA=1,	INFERLAMBDA=0,	POPSPECIFICLAMBDA=0,	POPALPHAS=0,	COMPUTEPROB=1,	NOADMIX=0,	ADMBURNIN=2500,	UPDATEFREQ=1,	PRINTLIKES=0,	INTERMEDSAVE=0,	PRINTKLD=0,	PRINTNET=0,	PRINTLAMBDA=0,	ANCESTDIST=0,	NUMBOXES=1000,	ANCESTPINT=0.90000,	GENSBACK=2,	MIGRPRIOR=0.05000,	PRINTQHAT=0,	PRINTQSUM=0,	ALPHA=1.0000,	FREQSCORR=1,	FPRIORMEAN=0.0100,	FPRIORSD=0.0500,	ONEFST=0,	LAMBDA=1.0000,	UNIFPRIORALPHA=1,	ALPHAMAX=10.0000,	ALPHAPRIORA=1.0000,	ALPHAPRIORB=2.0000,	ALPHAPROPSD=0.0250,	STARTATPOPINFO=0,	RANDOMIZE=1,	LINKAGE=0,	METROFREQ=10,	REPORTHITRATE=0,	MARKOVPHASE=-1,	PHASED=0,	PLOIDY=2,	PHASEINFO=0	LOCPRIOR=0, 	LOCPRIORINIT=1.000000, 	LOCDATA=0, 	LOCISPOP=0, 	LOCPRIORSTEP=0.100000, 	MAXLOCPRIOR=20.000000, 	SEED=1782484035,	
[STRAT parameters]:    NUMSIMSTATS=1000,	PHENOTYPECOL=-9,	POOLFREQ=10,	LOCUSxONLY=0,	EMERROR=0.00100,	MISSINGPHENO=-9,	