

----------------------------------------------------
STRUCTURE by Pritchard, Stephens and Donnelly (2000)
     and Falush, Stephens and Pritchard (2003)
       Code by Pritchard, Falush and Hubisz
             Version 2.3.4 (Jul 2012)
----------------------------------------------------



Command line arguments:   structure -K 12 -i STRUCTURE_main_final_278_HEG_ZG.str -o STRUCTURE_main_final_278_HEG_ZG-K12-1 
Input File:    STRUCTURE_main_final_278_HEG_ZG.str

Run parameters:
   278 individuals
   15 loci
   12 populations assumed
   100000 Burn-in period
   500000 Reps


--------------------------------------------
Proportion of membership of each pre-defined
 population in each of the 12 clusters

Given    Inferred Clusters                                                                      Number of
 Pop       1      2      3      4      5      6      7      8      9     10     11     12      Individuals

  1:     0.013  0.035  0.035  0.067  0.026  0.013  0.578  0.087  0.012  0.088  0.017  0.029       24
  2:     0.011  0.013  0.028  0.050  0.018  0.683  0.016  0.070  0.034  0.017  0.040  0.020       24
  3:     0.318  0.061  0.016  0.010  0.011  0.011  0.016  0.032  0.230  0.040  0.218  0.037       24
  4:     0.055  0.031  0.448  0.032  0.015  0.021  0.046  0.159  0.038  0.042  0.032  0.082       24
  5:     0.108  0.038  0.128  0.030  0.029  0.022  0.016  0.172  0.073  0.016  0.012  0.356       24
  6:     0.024  0.041  0.092  0.189  0.014  0.022  0.415  0.051  0.027  0.012  0.021  0.091       24
  7:     0.013  0.009  0.034  0.736  0.022  0.029  0.052  0.051  0.013  0.015  0.008  0.018       24
  8:     0.591  0.014  0.035  0.010  0.010  0.012  0.016  0.159  0.011  0.047  0.036  0.060       14
  9:     0.029  0.401  0.016  0.006  0.334  0.014  0.035  0.010  0.028  0.047  0.029  0.052       24
 10:     0.034  0.054  0.012  0.013  0.034  0.007  0.011  0.031  0.040  0.591  0.155  0.018       24
 11:     0.022  0.153  0.023  0.011  0.059  0.007  0.016  0.028  0.072  0.237  0.325  0.047       24
 12:     0.093  0.010  0.109  0.105  0.079  0.016  0.250  0.154  0.045  0.047  0.072  0.020       24
--------------------------------------------

Allele-freq. divergence among pops (Net nucleotide distance),
computed using point estimates of P.

      1       2       3       4       5       6       7       8       9      10      11      12      
 1      -    0.0650  0.0446  0.0903  0.0757  0.0722  0.0432  0.0304  0.0821  0.0580  0.0763  0.0498  
 2   0.0650     -    0.0958  0.1316  0.1103  0.1026  0.0675  0.0646  0.1341  0.0653  0.0837  0.0882  
 3   0.0446  0.0958     -    0.0802  0.0605  0.0883  0.0440  0.0391  0.1033  0.0797  0.1067  0.0802  
 4   0.0903  0.1316  0.0802     -    0.1210  0.1131  0.0737  0.0726  0.1445  0.1464  0.0947  0.1020  
 5   0.0757  0.1103  0.0605  0.1210     -    0.1322  0.0667  0.0813  0.1200  0.0850  0.1170  0.1144  
 6   0.0722  0.1026  0.0883  0.1131  0.1322     -    0.0748  0.0779  0.1330  0.1247  0.1464  0.0949  
 7   0.0432  0.0675  0.0440  0.0737  0.0667  0.0748     -    0.0356  0.1015  0.0746  0.0950  0.0523  
 8   0.0304  0.0646  0.0391  0.0726  0.0813  0.0779  0.0356     -    0.0892  0.0740  0.0831  0.0539  
 9   0.0821  0.1341  0.1033  0.1445  0.1200  0.1330  0.1015  0.0892     -    0.1278  0.1281  0.1097  
10   0.0580  0.0653  0.0797  0.1464  0.0850  0.1247  0.0746  0.0740  0.1278     -    0.0898  0.0994  
11   0.0763  0.0837  0.1067  0.0947  0.1170  0.1464  0.0950  0.0831  0.1281  0.0898     -    0.1145  
12   0.0498  0.0882  0.0802  0.1020  0.1144  0.0949  0.0523  0.0539  0.1097  0.0994  0.1145     -    

Average distances (expected heterozygosity) between individuals in same cluster:
cluster  1  : 0.6369 
cluster  2  : 0.5924 
cluster  3  : 0.5844 
cluster  4  : 0.5433 
cluster  5  : 0.5337 
cluster  6  : 0.6045 
cluster  7  : 0.6144 
cluster  8  : 0.6232 
cluster  9  : 0.5608 
cluster 10  : 0.5952 
cluster 11  : 0.5367 
cluster 12  : 0.5638 

--------------------------------------------
Estimated Ln Prob of Data   = -12193.5
Mean value of ln likelihood = -11343.1
Variance of ln likelihood   = 1700.7
Mean value of alpha         = 0.0468

Mean value of Fst_1         = 0.0684
Mean value of Fst_2         = 0.1763
Mean value of Fst_3         = 0.1527
Mean value of Fst_4         = 0.2153
Mean value of Fst_5         = 0.2467
Mean value of Fst_6         = 0.2230
Mean value of Fst_7         = 0.0983
Mean value of Fst_8         = 0.1177
Mean value of Fst_9         = 0.2364
Mean value of Fst_10         = 0.1790
Mean value of Fst_11         = 0.2450
Mean value of Fst_12         = 0.2077


Inferred ancestry of individuals:
        Label (%Miss) Pop:  Inferred clusters
  1 24.0601.E1    (0)    1 :  0.007 0.010 0.009 0.014 0.006 0.012 0.896 0.013 0.010 0.007 0.012 0.005 
  2 24.0602.E1    (0)    1 :  0.008 0.020 0.006 0.009 0.007 0.004 0.886 0.019 0.008 0.012 0.009 0.011 
  3 24.0603.E1    (0)    1 :  0.028 0.014 0.029 0.019 0.007 0.005 0.829 0.015 0.007 0.004 0.006 0.037 
  4 24.0604.E1    (0)    1 :  0.005 0.006 0.097 0.005 0.021 0.007 0.626 0.034 0.144 0.045 0.005 0.004 
  5 24.0605.E1    (0)    1 :  0.009 0.029 0.033 0.031 0.013 0.007 0.821 0.016 0.006 0.008 0.012 0.013 
  6 24.0606.E1    (0)    1 :  0.008 0.025 0.057 0.018 0.006 0.011 0.613 0.133 0.005 0.022 0.006 0.095 
  7 24.0607.E1    (0)    1 :  0.015 0.022 0.011 0.278 0.280 0.006 0.077 0.067 0.007 0.010 0.008 0.219 
  8 24.0608.E1    (0)    1 :  0.007 0.014 0.006 0.108 0.013 0.003 0.656 0.015 0.006 0.037 0.129 0.008 
  9 24.0609.E1    (0)    1 :  0.027 0.008 0.262 0.005 0.049 0.004 0.138 0.054 0.007 0.427 0.012 0.007 
 10 24.0610.E1    (0)    1 :  0.019 0.011 0.070 0.009 0.010 0.004 0.409 0.013 0.004 0.426 0.004 0.021 
 11 24.0611.E1    (0)    1 :  0.011 0.044 0.034 0.006 0.016 0.007 0.824 0.008 0.005 0.036 0.005 0.005 
 12 24.0612.E1    (0)    1 :  0.007 0.009 0.006 0.017 0.008 0.008 0.888 0.012 0.010 0.008 0.005 0.022 
 13 24.0613.E1    (0)    1 :  0.005 0.004 0.051 0.005 0.008 0.006 0.844 0.009 0.004 0.024 0.005 0.034 
 14 24.0614.E1    (0)    1 :  0.006 0.351 0.010 0.332 0.013 0.005 0.171 0.027 0.005 0.009 0.064 0.008 
 15 24.0615.E1    (0)    1 :  0.008 0.022 0.009 0.051 0.043 0.015 0.586 0.030 0.019 0.183 0.021 0.013 
 16 24.0616.E1    (0)    1 :  0.005 0.006 0.012 0.005 0.024 0.014 0.879 0.009 0.007 0.011 0.006 0.025 
 17 24.0617.E1    (0)    1 :  0.009 0.015 0.018 0.020 0.025 0.028 0.269 0.012 0.006 0.552 0.008 0.038 
 18 24.0618.E1    (0)    1 :  0.013 0.049 0.021 0.005 0.010 0.008 0.742 0.024 0.005 0.065 0.017 0.042 
 19 24.0619.E1    (0)    1 :  0.006 0.013 0.015 0.004 0.013 0.014 0.197 0.696 0.005 0.023 0.005 0.010 
 20 24.0620.E1   (20)    1 :  0.017 0.012 0.049 0.628 0.022 0.011 0.031 0.143 0.009 0.039 0.009 0.029 
 21 24.0621.E1    (0)    1 :  0.006 0.097 0.007 0.004 0.011 0.004 0.037 0.691 0.005 0.097 0.030 0.009 
 22 24.0622.E1    (0)    1 :  0.016 0.005 0.011 0.009 0.004 0.024 0.886 0.012 0.004 0.010 0.005 0.013 
 23 24.0623.E1    (0)    1 :  0.069 0.050 0.010 0.021 0.015 0.103 0.639 0.028 0.009 0.038 0.011 0.007 
 24 24.0624.E1    (0)    1 :  0.005 0.010 0.005 0.006 0.005 0.006 0.927 0.006 0.004 0.011 0.005 0.011 
 25 24.0625.E1    (0)    2 :  0.026 0.062 0.040 0.053 0.004 0.545 0.013 0.017 0.042 0.009 0.180 0.009 
 26 24.0626.E1    (0)    2 :  0.004 0.005 0.004 0.032 0.003 0.805 0.004 0.004 0.004 0.003 0.128 0.005 
 27 24.0627.E1    (0)    2 :  0.007 0.006 0.014 0.020 0.010 0.460 0.006 0.088 0.366 0.005 0.013 0.005 
 28 24.0628.E1    (0)    2 :  0.037 0.008 0.060 0.129 0.021 0.433 0.030 0.020 0.006 0.103 0.146 0.006 
 29 24.0629.E1    (0)    2 :  0.013 0.006 0.007 0.005 0.009 0.805 0.073 0.007 0.009 0.010 0.007 0.047 
 30 24.0630.E1    (0)    2 :  0.006 0.009 0.009 0.101 0.005 0.796 0.005 0.011 0.006 0.004 0.045 0.004 
 31 24.0631.E1    (0)    2 :  0.003 0.004 0.003 0.004 0.003 0.962 0.005 0.004 0.003 0.003 0.003 0.004 
 32 24.0632.E1    (0)    2 :  0.005 0.006 0.008 0.021 0.005 0.862 0.008 0.005 0.011 0.006 0.005 0.058 
 33 24.0633.E1    (0)    2 :  0.008 0.019 0.006 0.046 0.004 0.288 0.010 0.270 0.005 0.006 0.328 0.009 
 34 24.0634.E1    (0)    2 :  0.014 0.029 0.010 0.007 0.005 0.864 0.009 0.011 0.008 0.011 0.023 0.008 
 35 24.0635.E1    (0)    2 :  0.039 0.064 0.008 0.018 0.012 0.442 0.016 0.345 0.013 0.018 0.016 0.009 
 36 24.0636.E1   (33)    2 :  0.024 0.008 0.177 0.589 0.007 0.072 0.035 0.028 0.026 0.010 0.009 0.016 
 37 24.0637.E1    (0)    2 :  0.005 0.005 0.005 0.007 0.004 0.951 0.004 0.004 0.004 0.003 0.003 0.006 
 38 24.0638.E1    (0)    2 :  0.012 0.005 0.012 0.004 0.005 0.739 0.007 0.177 0.007 0.005 0.005 0.023 
 39 24.0639.E1    (0)    2 :  0.008 0.006 0.006 0.012 0.008 0.701 0.035 0.008 0.028 0.080 0.007 0.101 
 40 24.0640.E1    (0)    2 :  0.006 0.017 0.006 0.006 0.006 0.917 0.008 0.008 0.005 0.008 0.007 0.006 
 41 24.0641.E1    (0)    2 :  0.009 0.007 0.006 0.015 0.172 0.328 0.026 0.387 0.007 0.012 0.007 0.024 
 42 24.0642.E1    (0)    2 :  0.005 0.004 0.087 0.050 0.005 0.520 0.051 0.255 0.006 0.004 0.005 0.007 
 43 24.0643.E1    (0)    2 :  0.009 0.012 0.010 0.045 0.004 0.535 0.008 0.012 0.227 0.012 0.006 0.120 
 44 24.0644.E1    (0)    2 :  0.007 0.005 0.027 0.005 0.032 0.862 0.007 0.006 0.004 0.035 0.005 0.004 
 45 24.0645.E1    (0)    2 :  0.005 0.005 0.133 0.014 0.059 0.730 0.008 0.006 0.005 0.026 0.004 0.005 
 46 24.0646.E1    (0)    2 :  0.007 0.005 0.027 0.005 0.032 0.863 0.007 0.006 0.004 0.034 0.005 0.005 
 47 24.0647.E1    (0)    2 :  0.005 0.005 0.005 0.007 0.004 0.951 0.004 0.004 0.004 0.003 0.003 0.006 
 48 24.0648.E1    (0)    2 :  0.005 0.005 0.005 0.006 0.004 0.952 0.004 0.004 0.004 0.003 0.003 0.006 
 49 24.0649.E1    (0)    3 :  0.931 0.009 0.005 0.003 0.006 0.005 0.005 0.005 0.008 0.010 0.008 0.006 
 50 24.0650.E1    (0)    3 :  0.189 0.196 0.133 0.003 0.010 0.004 0.016 0.232 0.010 0.072 0.131 0.005 
 51 24.0651.E1    (0)    3 :  0.255 0.302 0.026 0.022 0.012 0.103 0.007 0.015 0.038 0.008 0.049 0.164 
 52 24.0652.E1    (0)    3 :  0.067 0.007 0.005 0.004 0.008 0.004 0.032 0.058 0.010 0.005 0.791 0.008 
 53 24.0653.E1    (0)    3 :  0.077 0.009 0.007 0.007 0.022 0.005 0.005 0.020 0.787 0.023 0.016 0.022 
 54 24.0654.E1    (0)    3 :  0.499 0.005 0.006 0.004 0.006 0.008 0.006 0.005 0.007 0.024 0.419 0.010 
 55 24.0655.E1    (0)    3 :  0.378 0.052 0.010 0.007 0.007 0.022 0.046 0.025 0.008 0.026 0.341 0.078 
 56 24.0656.E1    (0)    3 :  0.026 0.005 0.014 0.010 0.006 0.006 0.007 0.019 0.015 0.011 0.871 0.010 
 57 24.0657.E1    (0)    3 :  0.034 0.006 0.014 0.010 0.006 0.006 0.008 0.022 0.015 0.012 0.860 0.010 
 58 24.0658.E1    (0)    3 :  0.643 0.009 0.025 0.006 0.019 0.006 0.018 0.023 0.063 0.120 0.005 0.061 
 59 24.0659.E1    (0)    3 :  0.138 0.235 0.008 0.003 0.006 0.007 0.040 0.133 0.331 0.020 0.070 0.009 
 60 24.0660.E1    (6)    3 :  0.856 0.008 0.012 0.006 0.008 0.011 0.023 0.034 0.011 0.006 0.007 0.019 
 61 24.0661.E1    (0)    3 :  0.029 0.009 0.005 0.006 0.009 0.005 0.009 0.006 0.008 0.005 0.896 0.013 
 62 24.0662.E1    (0)    3 :  0.205 0.490 0.009 0.022 0.006 0.015 0.057 0.019 0.093 0.017 0.048 0.019 
 63 24.0663.E1    (0)    3 :  0.327 0.022 0.043 0.004 0.033 0.007 0.006 0.006 0.006 0.477 0.058 0.012 
 64 24.0664.E1    (0)    3 :  0.684 0.004 0.006 0.036 0.012 0.006 0.005 0.010 0.007 0.012 0.194 0.023 
 65 24.0665.E1    (0)    3 :  0.481 0.006 0.013 0.056 0.009 0.006 0.005 0.013 0.030 0.004 0.360 0.016 
 66 24.0666.E1    (0)    3 :  0.007 0.004 0.009 0.004 0.005 0.005 0.007 0.008 0.926 0.007 0.007 0.011 
 67 24.0667.E1    (0)    3 :  0.016 0.004 0.005 0.004 0.004 0.003 0.010 0.012 0.929 0.004 0.006 0.004 
 68 24.0668.E1    (0)    3 :  0.004 0.003 0.003 0.003 0.005 0.004 0.003 0.003 0.961 0.004 0.004 0.004 
 69 24.0669.E1    (0)    3 :  0.004 0.003 0.004 0.003 0.012 0.004 0.004 0.004 0.951 0.004 0.004 0.004 
 70 24.0670.E1    (0)    3 :  0.432 0.031 0.004 0.005 0.004 0.004 0.015 0.013 0.074 0.060 0.016 0.341 
 71 24.0671.E1    (0)    3 :  0.781 0.030 0.014 0.007 0.008 0.008 0.010 0.009 0.010 0.030 0.054 0.038 
 72 24.0672.E1    (0)    3 :  0.568 0.011 0.010 0.005 0.032 0.005 0.049 0.070 0.222 0.008 0.008 0.012 
 73 24.0673.E1    (6)    4 :  0.014 0.028 0.178 0.104 0.005 0.021 0.109 0.069 0.007 0.008 0.428 0.031 
 74 24.0674.E1    (0)    4 :  0.006 0.014 0.927 0.008 0.005 0.007 0.008 0.005 0.004 0.006 0.004 0.006 
 75 24.0675.E1    (0)    4 :  0.033 0.054 0.693 0.022 0.019 0.025 0.025 0.015 0.008 0.031 0.026 0.048 
 76 24.0676.E1    (0)    4 :  0.053 0.026 0.528 0.024 0.060 0.007 0.014 0.027 0.006 0.185 0.019 0.050 
 77 24.0677.E1    (0)    4 :  0.027 0.030 0.021 0.012 0.032 0.004 0.021 0.030 0.015 0.024 0.045 0.740 
 78 24.0678.E1    (0)    4 :  0.100 0.016 0.017 0.010 0.027 0.054 0.420 0.132 0.101 0.006 0.037 0.078 
 79 24.0679.E1    (0)    4 :  0.040 0.016 0.120 0.006 0.007 0.010 0.086 0.524 0.033 0.118 0.007 0.033 
 80 24.0680.E1    (0)    4 :  0.105 0.008 0.018 0.008 0.013 0.010 0.018 0.766 0.028 0.005 0.009 0.011 
 81 24.0681.E1    (0)    4 :  0.070 0.014 0.186 0.018 0.011 0.009 0.026 0.611 0.011 0.006 0.009 0.029 
 82 24.0682.E1    (0)    4 :  0.004 0.003 0.953 0.004 0.010 0.004 0.004 0.004 0.003 0.005 0.003 0.003 
 83 24.0683.E1    (0)    4 :  0.005 0.010 0.876 0.053 0.005 0.007 0.008 0.008 0.006 0.004 0.006 0.013 
 84 24.0684.E1    (0)    4 :  0.018 0.006 0.763 0.015 0.017 0.027 0.059 0.019 0.009 0.023 0.006 0.039 
 85 24.0685.E1    (0)    4 :  0.010 0.006 0.501 0.017 0.006 0.007 0.011 0.339 0.059 0.022 0.005 0.019 
 86 24.0686.E1    (0)    4 :  0.211 0.193 0.043 0.014 0.006 0.073 0.071 0.095 0.012 0.013 0.005 0.263 
 87 24.0687.E1    (0)    4 :  0.251 0.211 0.092 0.017 0.006 0.148 0.029 0.092 0.006 0.022 0.007 0.121 
 88 24.0688.E1    (0)    4 :  0.010 0.004 0.937 0.005 0.007 0.007 0.006 0.009 0.004 0.004 0.004 0.005 
 89 24.0689.E1    (0)    4 :  0.048 0.013 0.091 0.023 0.012 0.012 0.022 0.156 0.005 0.367 0.031 0.220 
 90 24.0690.E1    (0)    4 :  0.066 0.036 0.033 0.032 0.005 0.029 0.022 0.162 0.533 0.005 0.021 0.056 
 91 24.0691.E1    (0)    4 :  0.012 0.007 0.797 0.006 0.005 0.006 0.033 0.027 0.010 0.041 0.005 0.052 
 92 24.0692.E1    (0)    4 :  0.049 0.005 0.787 0.008 0.009 0.004 0.005 0.020 0.008 0.018 0.005 0.083 
 93 24.0693.E1    (0)    4 :  0.140 0.015 0.311 0.333 0.009 0.007 0.011 0.035 0.017 0.034 0.070 0.018 
 94 24.0694.E1    (0)    4 :  0.016 0.004 0.781 0.008 0.007 0.007 0.008 0.142 0.010 0.009 0.005 0.005 
 95 24.0695.E1    (0)    4 :  0.012 0.006 0.447 0.006 0.062 0.007 0.071 0.324 0.012 0.040 0.008 0.006 
 96 24.0696.E1    (0)    4 :  0.010 0.008 0.659 0.007 0.008 0.013 0.021 0.209 0.010 0.016 0.004 0.033 
 97 24.0697.E1    (0)    5 :  0.037 0.015 0.136 0.015 0.011 0.008 0.005 0.017 0.005 0.010 0.007 0.735 
 98 24.0698.E1    (0)    5 :  0.011 0.021 0.019 0.014 0.006 0.013 0.008 0.010 0.012 0.009 0.009 0.868 
 99 24.0699.E1    (0)    5 :  0.008 0.005 0.004 0.005 0.004 0.004 0.005 0.005 0.005 0.004 0.004 0.948 
100 24.0700.E1    (0)    5 :  0.104 0.014 0.010 0.006 0.005 0.004 0.006 0.473 0.008 0.007 0.009 0.354 
101 24.0701.E1    (0)    5 :  0.007 0.007 0.007 0.042 0.008 0.010 0.007 0.012 0.668 0.009 0.006 0.217 
102 24.0702.E1    (0)    5 :  0.062 0.006 0.007 0.020 0.006 0.011 0.009 0.479 0.021 0.007 0.007 0.365 
103 24.0703.E1    (0)    5 :  0.008 0.078 0.004 0.004 0.004 0.033 0.005 0.005 0.005 0.004 0.003 0.846 
104 24.0704.E1    (6)    5 :  0.016 0.016 0.012 0.008 0.162 0.008 0.008 0.024 0.005 0.006 0.005 0.731 
105 24.0705.E1    (0)    5 :  0.019 0.007 0.164 0.008 0.007 0.006 0.024 0.698 0.026 0.008 0.005 0.027 
106 24.0706.E1    (0)    5 :  0.331 0.006 0.011 0.009 0.011 0.007 0.006 0.566 0.013 0.010 0.011 0.019 
107 24.0707.E1    (0)    5 :  0.502 0.041 0.060 0.019 0.028 0.026 0.031 0.215 0.007 0.005 0.011 0.055 
108 24.0708.E1    (0)    5 :  0.022 0.491 0.048 0.021 0.006 0.154 0.024 0.036 0.019 0.095 0.015 0.068 
109 24.0709.E1    (0)    5 :  0.027 0.016 0.675 0.006 0.160 0.008 0.013 0.015 0.009 0.038 0.015 0.017 
110 24.0710.E1    (0)    5 :  0.005 0.031 0.125 0.019 0.006 0.005 0.008 0.006 0.008 0.007 0.004 0.775 
111 24.0711.E1    (0)    5 :  0.058 0.006 0.044 0.015 0.069 0.047 0.068 0.076 0.036 0.005 0.007 0.569 
112 24.0712.E1    (0)    5 :  0.007 0.007 0.021 0.010 0.005 0.028 0.013 0.020 0.507 0.006 0.005 0.370 
113 24.0713.E1    (0)    5 :  0.052 0.012 0.164 0.012 0.077 0.006 0.008 0.540 0.007 0.039 0.006 0.076 
114 24.0714.E1    (0)    5 :  0.038 0.013 0.007 0.007 0.008 0.009 0.035 0.627 0.009 0.012 0.011 0.222 
115 24.0715.E1    (0)    5 :  0.048 0.007 0.109 0.145 0.007 0.006 0.020 0.023 0.016 0.008 0.034 0.577 
116 24.0716.E1    (0)    5 :  0.027 0.014 0.014 0.017 0.010 0.024 0.037 0.016 0.296 0.041 0.007 0.497 
117 24.0717.E1    (0)    5 :  0.212 0.069 0.022 0.287 0.025 0.046 0.015 0.107 0.013 0.024 0.079 0.101 
118 24.0718.E1    (0)    5 :  0.613 0.008 0.151 0.014 0.006 0.027 0.019 0.076 0.040 0.008 0.004 0.034 
119 24.0719.E1    (0)    5 :  0.115 0.005 0.686 0.007 0.052 0.015 0.006 0.059 0.014 0.019 0.007 0.013 
120 24.0720.E1    (0)    5 :  0.255 0.006 0.574 0.005 0.017 0.013 0.013 0.019 0.010 0.013 0.007 0.067 
121 24.0721.E1    (0)    6 :  0.015 0.059 0.076 0.253 0.007 0.009 0.013 0.061 0.021 0.017 0.083 0.387 
122 24.0722.E1    (0)    6 :  0.020 0.094 0.095 0.428 0.005 0.075 0.018 0.014 0.060 0.011 0.008 0.174 
123 24.0723.E1    (0)    6 :  0.012 0.281 0.011 0.301 0.005 0.120 0.022 0.018 0.009 0.019 0.160 0.042 
124 24.0724.E1    (0)    6 :  0.019 0.243 0.353 0.059 0.011 0.036 0.133 0.033 0.012 0.039 0.011 0.051 
125 24.0725.E1    (0)    6 :  0.007 0.005 0.010 0.007 0.005 0.007 0.891 0.010 0.006 0.006 0.014 0.032 
126 24.0726.E1    (6)    6 :  0.015 0.017 0.070 0.079 0.006 0.008 0.428 0.352 0.006 0.006 0.006 0.008 
127 24.0727.E1    (0)    6 :  0.028 0.064 0.026 0.457 0.004 0.021 0.223 0.036 0.059 0.012 0.035 0.034 
128 24.0728.E1    (0)    6 :  0.130 0.021 0.016 0.162 0.005 0.032 0.376 0.014 0.012 0.012 0.031 0.188 
129 24.0729.E1    (0)    6 :  0.020 0.011 0.107 0.041 0.034 0.012 0.668 0.033 0.035 0.025 0.005 0.010 
130 24.0730.E1    (0)    6 :  0.043 0.006 0.034 0.012 0.013 0.006 0.040 0.010 0.016 0.010 0.009 0.802 
131 24.0731.E1    (0)    6 :  0.010 0.012 0.266 0.060 0.005 0.013 0.139 0.459 0.004 0.007 0.019 0.008 
132 24.0732.E1    (0)    6 :  0.013 0.004 0.137 0.604 0.007 0.009 0.086 0.019 0.010 0.004 0.025 0.081 
133 24.0733.E1    (0)    6 :  0.005 0.004 0.008 0.016 0.004 0.006 0.935 0.006 0.003 0.006 0.003 0.004 
134 24.0734.E1    (0)    6 :  0.021 0.026 0.010 0.742 0.004 0.009 0.028 0.016 0.007 0.007 0.010 0.121 
135 24.0735.E1    (0)    6 :  0.022 0.007 0.020 0.153 0.005 0.045 0.599 0.023 0.010 0.021 0.008 0.088 
136 24.0736.E1    (0)    6 :  0.006 0.005 0.007 0.034 0.005 0.007 0.895 0.009 0.004 0.006 0.007 0.015 
137 24.0737.E1    (0)    6 :  0.028 0.049 0.013 0.006 0.004 0.021 0.832 0.013 0.008 0.007 0.008 0.010 
138 24.0738.E1    (0)    6 :  0.013 0.008 0.008 0.024 0.008 0.010 0.878 0.014 0.009 0.005 0.008 0.016 
139 24.0739.E1    (0)    6 :  0.030 0.006 0.011 0.005 0.004 0.015 0.891 0.008 0.006 0.006 0.007 0.012 
140 24.0740.E1    (0)    6 :  0.023 0.005 0.191 0.010 0.086 0.022 0.606 0.018 0.009 0.017 0.006 0.007 
141 24.0741.E1    (0)    6 :  0.040 0.008 0.196 0.265 0.006 0.015 0.382 0.013 0.006 0.009 0.009 0.052 
142 24.0742.E1    (0)    6 :  0.011 0.018 0.032 0.678 0.007 0.010 0.194 0.017 0.008 0.006 0.006 0.012 
143 24.0743.E1    (0)    6 :  0.009 0.023 0.414 0.021 0.055 0.005 0.400 0.012 0.023 0.010 0.008 0.020 
144 24.0744.E1    (0)    6 :  0.024 0.016 0.106 0.114 0.045 0.011 0.295 0.026 0.308 0.025 0.018 0.013 
145 24.0745.E1    (0)    7 :  0.009 0.005 0.015 0.872 0.014 0.004 0.004 0.022 0.021 0.007 0.016 0.012 
146 24.0746.E1    (0)    7 :  0.026 0.053 0.045 0.597 0.082 0.078 0.043 0.019 0.007 0.010 0.007 0.034 
147 24.0747.E1    (0)    7 :  0.023 0.004 0.109 0.692 0.064 0.010 0.025 0.016 0.012 0.032 0.009 0.006 
148 24.0748.E1    (6)    7 :  0.021 0.005 0.130 0.625 0.078 0.009 0.025 0.028 0.011 0.045 0.015 0.007 
149 24.0749.E1    (0)    7 :  0.006 0.010 0.008 0.689 0.005 0.007 0.233 0.009 0.006 0.006 0.004 0.018 
150 24.0750.E1    (0)    7 :  0.024 0.021 0.095 0.205 0.019 0.009 0.179 0.313 0.013 0.013 0.008 0.100 
151 24.0751.E1    (0)    7 :  0.004 0.004 0.004 0.947 0.004 0.006 0.007 0.006 0.004 0.004 0.005 0.005 
152 24.0752.E1    (0)    7 :  0.005 0.003 0.006 0.864 0.008 0.006 0.036 0.006 0.003 0.006 0.010 0.045 
153 24.0753.E1    (0)    7 :  0.009 0.009 0.011 0.496 0.010 0.182 0.230 0.009 0.009 0.004 0.026 0.005 
154 24.0754.E1    (0)    7 :  0.008 0.004 0.030 0.863 0.005 0.016 0.030 0.015 0.006 0.006 0.010 0.007 
155 24.0755.E1    (0)    7 :  0.024 0.005 0.096 0.714 0.047 0.018 0.012 0.012 0.006 0.035 0.006 0.025 
156 24.0756.E1    (0)    7 :  0.004 0.007 0.007 0.922 0.005 0.009 0.010 0.010 0.004 0.013 0.005 0.004 
157 24.0757.E1    (0)    7 :  0.003 0.003 0.004 0.961 0.004 0.004 0.003 0.004 0.004 0.003 0.003 0.005 
158 24.0758.E1    (0)    7 :  0.003 0.003 0.004 0.959 0.004 0.004 0.004 0.004 0.004 0.003 0.003 0.005 
159 24.0759.E1    (0)    7 :  0.007 0.005 0.007 0.903 0.007 0.006 0.020 0.010 0.010 0.005 0.013 0.007 
160 24.0760.E1    (0)    7 :  0.032 0.006 0.026 0.587 0.005 0.276 0.009 0.011 0.007 0.006 0.007 0.028 
161 24.0761.E1    (0)    7 :  0.005 0.005 0.005 0.946 0.004 0.009 0.006 0.005 0.003 0.005 0.005 0.004 
162 24.0762.E1    (0)    7 :  0.063 0.010 0.033 0.065 0.017 0.008 0.151 0.367 0.148 0.105 0.007 0.027 
163 24.0763.E1    (0)    7 :  0.005 0.004 0.016 0.935 0.006 0.004 0.007 0.006 0.003 0.004 0.006 0.004 
164 24.0764.E1    (0)    7 :  0.005 0.003 0.004 0.936 0.004 0.008 0.011 0.006 0.004 0.005 0.004 0.010 
165 24.0765.E1    (0)    7 :  0.006 0.020 0.021 0.869 0.006 0.021 0.005 0.022 0.004 0.010 0.007 0.008 
166 24.0766.E1    (0)    7 :  0.006 0.005 0.009 0.928 0.005 0.006 0.008 0.006 0.005 0.004 0.009 0.008 
167 24.0767.E1    (0)    7 :  0.004 0.005 0.008 0.955 0.003 0.004 0.004 0.004 0.003 0.003 0.004 0.004 
168 24.0768.E1    (0)    7 :  0.015 0.008 0.134 0.127 0.125 0.005 0.180 0.305 0.007 0.026 0.009 0.059 
169 24.0779.E1    (0)    8 :  0.826 0.024 0.028 0.037 0.013 0.005 0.010 0.013 0.008 0.006 0.007 0.023 
170 24.0780.E1    (6)    8 :  0.520 0.015 0.018 0.004 0.008 0.005 0.008 0.116 0.008 0.126 0.034 0.137 
171 24.0781.E1    (0)    8 :  0.646 0.007 0.006 0.005 0.004 0.004 0.004 0.226 0.005 0.010 0.006 0.076 
172 24.0782.E1    (0)    8 :  0.034 0.027 0.224 0.016 0.007 0.032 0.070 0.253 0.007 0.022 0.031 0.277 
173 24.0783.E1    (0)    8 :  0.014 0.007 0.009 0.005 0.004 0.006 0.006 0.630 0.017 0.258 0.011 0.032 
174 24.0784.E1    (0)    8 :  0.838 0.029 0.027 0.004 0.013 0.005 0.007 0.015 0.004 0.014 0.007 0.038 
175 24.0785.E1    (0)    8 :  0.771 0.013 0.007 0.004 0.010 0.004 0.007 0.021 0.009 0.025 0.031 0.098 
176 24.0786.E1    (0)    8 :  0.647 0.008 0.084 0.009 0.025 0.008 0.019 0.061 0.008 0.084 0.017 0.031 
177 24.0787.E1    (0)    8 :  0.799 0.010 0.018 0.017 0.007 0.051 0.014 0.020 0.006 0.011 0.009 0.037 
178 24.0788.E1    (0)    8 :  0.879 0.007 0.013 0.004 0.009 0.012 0.004 0.006 0.005 0.047 0.008 0.006 
179 24.0789.E1    (0)    8 :  0.761 0.026 0.009 0.006 0.014 0.020 0.051 0.007 0.005 0.030 0.012 0.061 
180 24.0790.E1    (0)    8 :  0.933 0.009 0.004 0.003 0.006 0.005 0.004 0.008 0.005 0.008 0.010 0.006 
181 24.0791.E1    (0)    8 :  0.159 0.004 0.008 0.007 0.021 0.005 0.010 0.708 0.044 0.010 0.015 0.009 
182 24.0792.E1    (0)    8 :  0.451 0.007 0.035 0.017 0.005 0.004 0.008 0.137 0.016 0.007 0.304 0.009 
183 24.0793.E1    (0)    9 :  0.006 0.274 0.006 0.005 0.016 0.029 0.012 0.006 0.005 0.023 0.014 0.606 
184 24.0794.E1    (0)    9 :  0.022 0.177 0.006 0.007 0.006 0.006 0.501 0.016 0.005 0.030 0.208 0.017 
185 24.0795.E1    (0)    9 :  0.008 0.816 0.025 0.012 0.006 0.009 0.077 0.022 0.005 0.009 0.005 0.008 
186 24.0796.E1    (0)    9 :  0.102 0.120 0.006 0.005 0.027 0.009 0.072 0.013 0.005 0.370 0.195 0.076 
187 24.0797.E1    (0)    9 :  0.038 0.561 0.006 0.003 0.007 0.007 0.012 0.014 0.005 0.053 0.019 0.276 
188 24.0798.E1    (0)    9 :  0.019 0.444 0.025 0.018 0.024 0.017 0.008 0.014 0.326 0.008 0.069 0.028 
189 24.0799.E1    (0)    9 :  0.004 0.004 0.005 0.006 0.932 0.007 0.007 0.004 0.005 0.007 0.004 0.015 
190 24.0800.E1    (0)    9 :  0.004 0.004 0.006 0.004 0.938 0.004 0.007 0.005 0.004 0.008 0.006 0.010 
191 24.0801.E1    (0)    9 :  0.008 0.005 0.010 0.004 0.758 0.005 0.004 0.008 0.181 0.004 0.008 0.006 
192 24.0802.E1    (0)    9 :  0.005 0.930 0.005 0.004 0.007 0.012 0.005 0.008 0.005 0.007 0.004 0.007 
193 24.0803.E1    (0)    9 :  0.008 0.372 0.007 0.006 0.466 0.009 0.010 0.017 0.017 0.008 0.009 0.071 
194 24.0804.E1    (0)    9 :  0.010 0.794 0.013 0.003 0.034 0.011 0.011 0.005 0.004 0.098 0.007 0.010 
195 24.0805.E1    (0)    9 :  0.010 0.011 0.020 0.006 0.914 0.004 0.006 0.009 0.004 0.005 0.005 0.005 
196 24.0806.E1    (0)    9 :  0.007 0.865 0.006 0.006 0.045 0.033 0.007 0.006 0.007 0.005 0.008 0.007 
197 24.0807.E1    (0)    9 :  0.012 0.892 0.007 0.003 0.009 0.007 0.006 0.014 0.008 0.018 0.016 0.009 
198 24.0808.E1    (0)    9 :  0.227 0.023 0.032 0.005 0.641 0.018 0.010 0.009 0.004 0.016 0.008 0.009 
199 24.0809.E1    (0)    9 :  0.004 0.004 0.006 0.005 0.952 0.003 0.006 0.004 0.004 0.005 0.004 0.004 
200 24.0810.E1    (0)    9 :  0.011 0.097 0.066 0.008 0.763 0.011 0.007 0.004 0.005 0.006 0.012 0.011 
201 24.0811.E1    (0)    9 :  0.014 0.909 0.006 0.004 0.004 0.011 0.010 0.006 0.003 0.011 0.016 0.006 
202 24.0812.E1    (0)    9 :  0.062 0.435 0.031 0.006 0.110 0.008 0.026 0.013 0.008 0.273 0.006 0.021 
203 24.0813.E1    (0)    9 :  0.078 0.581 0.076 0.006 0.182 0.011 0.007 0.020 0.004 0.018 0.007 0.010 
204 24.0814.E1    (6)    9 :  0.014 0.196 0.013 0.004 0.589 0.013 0.009 0.007 0.008 0.116 0.027 0.004 
205 24.0815.E1    (0)    9 :  0.006 0.283 0.005 0.005 0.573 0.088 0.004 0.006 0.010 0.009 0.007 0.005 
206 24.0816.E1    (0)    9 :  0.015 0.826 0.004 0.006 0.019 0.016 0.007 0.006 0.032 0.011 0.024 0.035 
207 24.0817.E1    (0)   10 :  0.018 0.070 0.010 0.005 0.045 0.004 0.018 0.020 0.007 0.719 0.068 0.015 
208 24.0818.E1    (0)   10 :  0.032 0.010 0.005 0.008 0.008 0.011 0.032 0.021 0.006 0.733 0.018 0.117 
209 24.0819.E1    (0)   10 :  0.008 0.008 0.009 0.080 0.397 0.015 0.012 0.024 0.065 0.019 0.342 0.020 
210 24.0820.E1    (0)   10 :  0.007 0.005 0.005 0.047 0.028 0.007 0.006 0.005 0.009 0.016 0.859 0.005 
211 24.0821.E1    (0)   10 :  0.460 0.034 0.011 0.006 0.020 0.008 0.010 0.011 0.205 0.123 0.100 0.011 
212 24.0822.E1    (0)   10 :  0.035 0.004 0.008 0.019 0.014 0.004 0.006 0.005 0.008 0.871 0.010 0.015 
213 24.0823.E1    (0)   10 :  0.007 0.004 0.009 0.027 0.033 0.008 0.007 0.005 0.011 0.345 0.537 0.005 
214 24.0824.E1    (0)   10 :  0.007 0.007 0.044 0.009 0.027 0.005 0.006 0.006 0.423 0.445 0.015 0.007 
215 24.0825.E1    (0)   10 :  0.005 0.005 0.007 0.005 0.006 0.004 0.004 0.005 0.005 0.946 0.005 0.005 
216 24.0826.E1    (0)   10 :  0.013 0.011 0.009 0.018 0.014 0.009 0.006 0.015 0.013 0.035 0.835 0.024 
217 24.0827.E1    (0)   10 :  0.010 0.021 0.009 0.003 0.006 0.006 0.037 0.009 0.007 0.711 0.139 0.040 
218 24.0828.E1    (0)   10 :  0.029 0.068 0.018 0.017 0.018 0.010 0.011 0.012 0.094 0.102 0.601 0.021 
219 24.0829.E1    (0)   10 :  0.017 0.243 0.023 0.010 0.085 0.006 0.005 0.008 0.015 0.569 0.013 0.004 
220 24.0830.E1    (0)   10 :  0.007 0.023 0.005 0.004 0.004 0.003 0.005 0.150 0.005 0.768 0.020 0.005 
221 24.0831.E1    (0)   10 :  0.014 0.017 0.007 0.003 0.006 0.004 0.005 0.293 0.007 0.608 0.019 0.018 
222 24.0832.E1    (0)   10 :  0.005 0.005 0.006 0.003 0.004 0.003 0.008 0.004 0.003 0.935 0.014 0.009 
223 24.0833.E1    (0)   10 :  0.004 0.005 0.006 0.004 0.004 0.003 0.004 0.005 0.004 0.952 0.007 0.003 
224 24.0834.E1    (0)   10 :  0.005 0.007 0.006 0.007 0.009 0.007 0.007 0.009 0.006 0.923 0.010 0.004 
225 24.0835.E1    (0)   10 :  0.006 0.005 0.006 0.004 0.031 0.006 0.013 0.007 0.009 0.890 0.007 0.016 
226 24.0836.E1    (0)   10 :  0.009 0.007 0.017 0.009 0.015 0.004 0.009 0.010 0.014 0.891 0.007 0.008 
227 24.0837.E1    (0)   10 :  0.010 0.006 0.008 0.005 0.009 0.004 0.006 0.006 0.006 0.927 0.007 0.005 
228 24.0838.E1    (0)   10 :  0.008 0.011 0.011 0.006 0.004 0.003 0.004 0.007 0.005 0.913 0.010 0.017 
229 24.0839.E1    (0)   10 :  0.077 0.301 0.043 0.019 0.022 0.029 0.039 0.096 0.022 0.281 0.027 0.043 
230 24.0840.E1    (0)   10 :  0.011 0.428 0.006 0.004 0.010 0.010 0.006 0.006 0.012 0.456 0.045 0.005 
231 24.0841.E1    (0)   11 :  0.016 0.897 0.012 0.008 0.005 0.003 0.005 0.008 0.003 0.008 0.016 0.019 
232 24.0842.E1    (0)   11 :  0.012 0.742 0.007 0.005 0.012 0.003 0.008 0.004 0.170 0.011 0.013 0.013 
233 24.0843.E1    (0)   11 :  0.014 0.265 0.007 0.018 0.015 0.004 0.004 0.008 0.210 0.018 0.426 0.011 
234 24.0844.E1    (0)   11 :  0.019 0.116 0.011 0.007 0.077 0.005 0.026 0.092 0.306 0.298 0.020 0.024 
235 24.0845.E1    (0)   11 :  0.036 0.073 0.012 0.004 0.005 0.004 0.008 0.084 0.019 0.648 0.027 0.080 
236 24.0846.E1    (0)   11 :  0.008 0.026 0.009 0.009 0.016 0.009 0.011 0.014 0.010 0.868 0.008 0.012 
237 24.0847.E1    (0)   11 :  0.008 0.013 0.094 0.011 0.056 0.007 0.029 0.016 0.021 0.715 0.015 0.015 
238 24.0848.E1    (0)   11 :  0.034 0.020 0.026 0.005 0.051 0.004 0.013 0.032 0.016 0.727 0.011 0.061 
239 24.0849.E1    (0)   11 :  0.004 0.005 0.003 0.004 0.008 0.003 0.006 0.005 0.004 0.006 0.945 0.005 
240 24.0850.E1    (0)   11 :  0.004 0.005 0.003 0.004 0.008 0.003 0.006 0.004 0.004 0.007 0.946 0.006 
241 24.0851.E1    (0)   11 :  0.004 0.005 0.003 0.004 0.008 0.003 0.006 0.004 0.004 0.007 0.946 0.006 
242 24.0852.E1    (0)   11 :  0.031 0.038 0.006 0.012 0.006 0.004 0.010 0.076 0.006 0.098 0.679 0.034 
243 24.0853.E1    (0)   11 :  0.007 0.022 0.013 0.009 0.010 0.006 0.005 0.006 0.004 0.397 0.515 0.006 
244 24.0854.E1    (0)   11 :  0.006 0.014 0.008 0.009 0.015 0.005 0.011 0.015 0.555 0.021 0.335 0.007 
245 24.0855.E1    (0)   11 :  0.023 0.150 0.033 0.010 0.043 0.006 0.006 0.005 0.013 0.670 0.030 0.009 
246 24.0856.E1    (0)   11 :  0.021 0.453 0.007 0.056 0.006 0.038 0.033 0.012 0.279 0.020 0.012 0.062 
247 24.0857.E1    (0)   11 :  0.015 0.012 0.017 0.008 0.500 0.009 0.019 0.009 0.009 0.347 0.018 0.036 
248 24.0858.E1    (0)   11 :  0.042 0.024 0.013 0.014 0.067 0.005 0.016 0.019 0.032 0.571 0.075 0.122 
249 24.0859.E1    (0)   11 :  0.007 0.012 0.006 0.015 0.024 0.009 0.010 0.010 0.007 0.012 0.849 0.039 
250 24.0860.E1    (0)   11 :  0.014 0.028 0.007 0.019 0.280 0.023 0.015 0.016 0.017 0.036 0.033 0.512 
251 24.0861.E1    (0)   11 :  0.006 0.016 0.004 0.004 0.007 0.003 0.006 0.005 0.004 0.017 0.909 0.018 
252 24.0862.E1    (0)   11 :  0.020 0.702 0.009 0.007 0.164 0.010 0.012 0.020 0.010 0.019 0.016 0.011 
253 24.0863.E1    (0)   11 :  0.005 0.016 0.004 0.005 0.006 0.003 0.006 0.005 0.004 0.018 0.909 0.018 
254 24.0864.E1    (0)   11 :  0.171 0.013 0.240 0.007 0.022 0.008 0.120 0.194 0.013 0.141 0.060 0.009 
255 24.0865.E1    (0)   12 :  0.016 0.010 0.040 0.035 0.009 0.017 0.039 0.020 0.005 0.010 0.790 0.009 
256 24.0866.E1    (0)   12 :  0.027 0.008 0.084 0.027 0.615 0.005 0.014 0.013 0.011 0.040 0.012 0.144 
257 24.0867.E1    (0)   12 :  0.011 0.008 0.426 0.146 0.161 0.022 0.010 0.015 0.011 0.022 0.157 0.010 
258 24.0868.E1    (0)   12 :  0.568 0.009 0.190 0.022 0.033 0.025 0.011 0.041 0.014 0.061 0.008 0.018 
259 24.0869.E1    (0)   12 :  0.027 0.011 0.438 0.007 0.096 0.041 0.008 0.216 0.005 0.131 0.012 0.010 
260 24.0870.E1    (0)   12 :  0.255 0.019 0.114 0.025 0.018 0.097 0.121 0.158 0.013 0.136 0.009 0.036 
261 24.0871.E1    (0)   12 :  0.045 0.058 0.127 0.006 0.006 0.025 0.044 0.600 0.013 0.015 0.043 0.019 
262 24.0872.E1    (0)   12 :  0.014 0.007 0.021 0.088 0.062 0.005 0.009 0.453 0.012 0.006 0.316 0.007 
263 24.0873.E1    (0)   12 :  0.031 0.008 0.515 0.011 0.292 0.011 0.016 0.028 0.013 0.015 0.052 0.008 
264 24.0874.E1    (0)   12 :  0.013 0.009 0.106 0.230 0.394 0.007 0.008 0.014 0.011 0.036 0.164 0.009 
265 24.0875.E1    (0)   12 :  0.007 0.004 0.008 0.008 0.016 0.005 0.006 0.909 0.013 0.007 0.007 0.009 
266 24.0876.E1    (0)   12 :  0.006 0.004 0.032 0.020 0.009 0.006 0.053 0.845 0.009 0.004 0.005 0.008 
267 24.0877.E1    (0)   12 :  0.011 0.004 0.014 0.040 0.062 0.006 0.785 0.011 0.010 0.004 0.006 0.048 
268 24.0878.E1    (0)   12 :  0.062 0.011 0.058 0.011 0.011 0.008 0.731 0.015 0.029 0.055 0.006 0.004 
269 24.0879.E1    (0)   12 :  0.013 0.007 0.013 0.004 0.005 0.009 0.703 0.013 0.213 0.007 0.007 0.006 
270 24.0880.E1    (0)   12 :  0.120 0.008 0.132 0.014 0.018 0.014 0.030 0.020 0.083 0.532 0.020 0.010 
271 24.0881.E1    (0)   12 :  0.005 0.003 0.007 0.009 0.006 0.010 0.930 0.005 0.007 0.004 0.006 0.010 
272 24.0882.E1    (0)   12 :  0.008 0.004 0.016 0.605 0.019 0.008 0.237 0.009 0.009 0.006 0.013 0.067 
273 24.0883.E1    (0)   12 :  0.013 0.005 0.087 0.247 0.007 0.011 0.304 0.040 0.229 0.007 0.045 0.005 
274 24.0884.E1    (0)   12 :  0.008 0.006 0.009 0.029 0.005 0.008 0.887 0.010 0.013 0.004 0.008 0.012 
275 24.0885.E1    (0)   12 :  0.073 0.005 0.080 0.007 0.017 0.013 0.693 0.031 0.056 0.011 0.006 0.008 
276 24.0886.E1    (0)   12 :  0.025 0.007 0.071 0.227 0.019 0.004 0.307 0.174 0.118 0.005 0.033 0.011 
277 24.0887.E1    (0)   12 :  0.007 0.006 0.024 0.699 0.006 0.010 0.042 0.017 0.173 0.005 0.008 0.005 
278 24.0888.E1    (0)   12 :  0.865 0.010 0.008 0.005 0.019 0.006 0.017 0.040 0.010 0.007 0.006 0.007 


Estimated Allele Frequencies in each cluster
First column gives estimated ancestral frequencies


Locus 1 : 
31 alleles
0.0% missing data
 115   (0.035) 0.009 0.020 0.171 0.003 0.004 0.003 0.118 0.091 0.008 0.004 0.004 0.005 
 117   (0.045) 0.012 0.025 0.042 0.200 0.109 0.004 0.206 0.040 0.012 0.005 0.003 0.010 
 119   (0.038) 0.010 0.006 0.014 0.329 0.005 0.302 0.284 0.026 0.006 0.005 0.004 0.006 
 131   (0.012) 0.003 0.003 0.002 0.003 0.001 0.001 0.054 0.003 0.003 0.001 0.001 0.001 
 128   (0.034) 0.024 0.008 0.024 0.003 0.007 0.003 0.033 0.109 0.008 0.023 0.004 0.007 
 135   (0.018) 0.005 0.007 0.007 0.008 0.002 0.002 0.046 0.017 0.004 0.003 0.002 0.005 
 126   (0.081) 0.080 0.031 0.037 0.078 0.163 0.012 0.053 0.135 0.031 0.278 0.056 0.034 
 122   (0.032) 0.010 0.139 0.006 0.002 0.007 0.097 0.010 0.015 0.006 0.003 0.003 0.105 
 132   (0.033) 0.031 0.039 0.014 0.013 0.036 0.003 0.004 0.036 0.013 0.021 0.006 0.007 
 141   (0.010) 0.004 0.002 0.001 0.001 0.001 0.003 0.008 0.002 0.001 0.001 0.001 0.001 
 130   (0.051) 0.096 0.037 0.093 0.007 0.009 0.012 0.006 0.049 0.159 0.013 0.024 0.036 
 134   (0.040) 0.049 0.030 0.038 0.003 0.021 0.139 0.005 0.009 0.005 0.006 0.075 0.005 
 145   (0.018) 0.005 0.002 0.005 0.008 0.002 0.007 0.003 0.004 0.007 0.002 0.122 0.003 
 127   (0.025) 0.007 0.004 0.006 0.161 0.003 0.053 0.033 0.008 0.007 0.002 0.003 0.004 
 116   (0.110) 0.248 0.209 0.212 0.009 0.121 0.171 0.014 0.114 0.060 0.134 0.282 0.185 
 114   (0.058) 0.046 0.230 0.028 0.005 0.078 0.050 0.007 0.016 0.027 0.109 0.189 0.031 
 120   (0.040) 0.074 0.005 0.017 0.003 0.005 0.090 0.008 0.044 0.149 0.004 0.003 0.015 
 110   (0.043) 0.013 0.024 0.057 0.013 0.006 0.014 0.008 0.028 0.104 0.094 0.012 0.093 
 133   (0.013) 0.003 0.002 0.002 0.012 0.006 0.008 0.002 0.014 0.002 0.001 0.001 0.002 
 118   (0.115) 0.193 0.127 0.167 0.017 0.389 0.012 0.014 0.182 0.334 0.162 0.187 0.424 
 125   (0.014) 0.007 0.016 0.002 0.001 0.003 0.001 0.002 0.003 0.005 0.011 0.003 0.002 
 129   (0.020) 0.013 0.003 0.005 0.007 0.003 0.002 0.048 0.006 0.023 0.002 0.002 0.003 
 124   (0.015) 0.015 0.002 0.003 0.001 0.002 0.002 0.007 0.019 0.013 0.002 0.004 0.003 
 136   (0.021) 0.009 0.004 0.035 0.001 0.003 0.002 0.003 0.011 0.003 0.091 0.002 0.002 
 121   (0.014) 0.003 0.002 0.003 0.068 0.001 0.001 0.005 0.007 0.002 0.001 0.001 0.002 
 139   (0.010) 0.003 0.001 0.001 0.001 0.001 0.001 0.011 0.002 0.001 0.001 0.001 0.001 
 113   (0.011) 0.003 0.001 0.001 0.015 0.001 0.001 0.001 0.002 0.002 0.001 0.001 0.001 
 111   (0.011) 0.003 0.001 0.002 0.013 0.001 0.001 0.002 0.002 0.002 0.001 0.001 0.001 
 143   (0.010) 0.002 0.001 0.001 0.015 0.001 0.001 0.001 0.002 0.001 0.001 0.001 0.001 
 140   (0.013) 0.019 0.013 0.003 0.001 0.007 0.001 0.002 0.003 0.002 0.001 0.001 0.002 
 112   (0.010) 0.003 0.001 0.001 0.001 0.001 0.001 0.001 0.002 0.001 0.016 0.001 0.001 

Locus 2 : 
18 alleles
0.0% missing data
 152   (0.364) 0.173 0.567 0.440 0.803 0.446 0.378 0.647 0.586 0.313 0.165 0.299 0.609 
 148   (0.069) 0.021 0.012 0.220 0.018 0.009 0.237 0.147 0.094 0.029 0.008 0.007 0.049 
 154   (0.108) 0.063 0.121 0.211 0.030 0.019 0.263 0.034 0.109 0.033 0.282 0.017 0.109 
 156   (0.016) 0.007 0.014 0.002 0.001 0.002 0.002 0.013 0.003 0.005 0.002 0.002 0.002 
 150   (0.024) 0.006 0.003 0.003 0.051 0.003 0.070 0.008 0.005 0.005 0.002 0.002 0.003 
 164   (0.083) 0.140 0.106 0.036 0.010 0.028 0.009 0.074 0.022 0.017 0.040 0.088 0.148 
 158   (0.031) 0.008 0.010 0.018 0.008 0.011 0.011 0.010 0.012 0.210 0.004 0.010 0.007 
 160   (0.018) 0.020 0.003 0.013 0.016 0.002 0.002 0.003 0.004 0.003 0.002 0.002 0.003 
 166   (0.023) 0.007 0.013 0.004 0.001 0.026 0.004 0.003 0.029 0.003 0.002 0.002 0.024 
 151   (0.078) 0.282 0.042 0.011 0.005 0.010 0.007 0.010 0.048 0.264 0.466 0.323 0.018 
 147   (0.062) 0.177 0.060 0.012 0.004 0.424 0.006 0.008 0.024 0.062 0.015 0.190 0.009 
 168   (0.024) 0.022 0.004 0.004 0.002 0.009 0.002 0.004 0.019 0.005 0.002 0.032 0.003 
 153   (0.015) 0.019 0.002 0.002 0.001 0.002 0.001 0.002 0.003 0.002 0.001 0.015 0.003 
 149   (0.026) 0.008 0.003 0.016 0.012 0.003 0.002 0.003 0.027 0.041 0.002 0.002 0.003 
 162   (0.021) 0.009 0.036 0.003 0.003 0.003 0.002 0.007 0.006 0.003 0.002 0.007 0.004 
 167   (0.013) 0.003 0.001 0.001 0.001 0.001 0.001 0.026 0.002 0.002 0.001 0.001 0.001 
 146   (0.013) 0.003 0.001 0.001 0.032 0.001 0.001 0.002 0.002 0.002 0.001 0.001 0.001 
 172   (0.014) 0.030 0.002 0.002 0.001 0.001 0.001 0.002 0.005 0.002 0.001 0.001 0.003 

Locus 3 : 
4 alleles
0.0% missing data
 128   (0.298) 0.272 0.166 0.290 0.465 0.384 0.327 0.212 0.354 0.228 0.447 0.339 0.115 
 126   (0.610) 0.687 0.777 0.693 0.528 0.590 0.612 0.705 0.599 0.577 0.511 0.485 0.846 
 132   (0.079) 0.037 0.055 0.014 0.006 0.025 0.055 0.082 0.045 0.154 0.041 0.175 0.027 
 134   (0.014) 0.003 0.002 0.002 0.001 0.001 0.006 0.002 0.002 0.041 0.001 0.001 0.011 

Locus 4 : 
3 alleles
0.0% missing data
 170   (0.318) 0.366 0.398 0.124 0.300 0.105 0.421 0.309 0.340 0.150 0.463 0.105 0.486 
 172   (0.669) 0.630 0.601 0.874 0.698 0.894 0.569 0.689 0.657 0.848 0.534 0.891 0.512 
 171   (0.013) 0.004 0.002 0.003 0.002 0.002 0.010 0.002 0.003 0.002 0.003 0.003 0.001 

Locus 5 : 
37 alleles
0.0% missing data
 125   (0.053) 0.021 0.015 0.019 0.044 0.019 0.060 0.063 0.055 0.170 0.080 0.143 0.011 
 110   (0.037) 0.011 0.032 0.006 0.015 0.019 0.044 0.035 0.047 0.028 0.091 0.028 0.005 
 129   (0.038) 0.091 0.056 0.006 0.003 0.006 0.004 0.054 0.010 0.010 0.008 0.021 0.121 
 113   (0.032) 0.121 0.123 0.009 0.002 0.013 0.003 0.011 0.011 0.005 0.009 0.005 0.086 
 145   (0.053) 0.017 0.011 0.158 0.081 0.011 0.006 0.225 0.113 0.088 0.013 0.102 0.020 
 155   (0.053) 0.022 0.109 0.023 0.014 0.015 0.185 0.155 0.043 0.016 0.061 0.006 0.087 
 117   (0.028) 0.021 0.020 0.166 0.027 0.009 0.004 0.021 0.021 0.005 0.004 0.005 0.008 
 124   (0.012) 0.003 0.001 0.002 0.001 0.001 0.001 0.024 0.003 0.001 0.001 0.001 0.002 
 133   (0.033) 0.066 0.004 0.008 0.081 0.010 0.003 0.042 0.072 0.007 0.003 0.006 0.012 
 157   (0.046) 0.067 0.007 0.035 0.020 0.027 0.021 0.007 0.073 0.090 0.049 0.004 0.300 
 141   (0.014) 0.034 0.002 0.008 0.001 0.003 0.001 0.003 0.021 0.002 0.005 0.001 0.002 
 112   (0.072) 0.042 0.038 0.118 0.162 0.022 0.201 0.066 0.030 0.015 0.164 0.160 0.142 
 121   (0.017) 0.016 0.092 0.002 0.002 0.024 0.006 0.003 0.009 0.005 0.003 0.007 0.002 
 114   (0.041) 0.011 0.005 0.161 0.185 0.045 0.017 0.043 0.036 0.007 0.086 0.004 0.008 
 153   (0.051) 0.021 0.019 0.017 0.004 0.351 0.007 0.049 0.101 0.254 0.082 0.083 0.008 
 127   (0.077) 0.130 0.176 0.082 0.070 0.015 0.018 0.065 0.063 0.033 0.103 0.203 0.060 
 131   (0.059) 0.019 0.025 0.019 0.180 0.209 0.235 0.061 0.015 0.156 0.034 0.087 0.025 
 135   (0.030) 0.013 0.005 0.006 0.003 0.109 0.008 0.005 0.100 0.013 0.015 0.073 0.007 
 104   (0.008) 0.003 0.001 0.002 0.002 0.001 0.010 0.001 0.002 0.001 0.002 0.003 0.001 
 118   (0.018) 0.015 0.002 0.008 0.002 0.002 0.017 0.019 0.005 0.013 0.002 0.002 0.003 
 116   (0.025) 0.008 0.080 0.016 0.004 0.003 0.018 0.005 0.050 0.015 0.010 0.003 0.004 
 137   (0.024) 0.010 0.091 0.007 0.006 0.007 0.107 0.004 0.014 0.012 0.002 0.003 0.011 
 123   (0.022) 0.006 0.023 0.004 0.002 0.015 0.005 0.004 0.033 0.006 0.092 0.018 0.005 
 149   (0.006) 0.005 0.004 0.003 0.000 0.001 0.001 0.001 0.006 0.001 0.001 0.002 0.001 
 138   (0.011) 0.071 0.001 0.001 0.001 0.001 0.001 0.001 0.002 0.002 0.001 0.006 0.001 
 143   (0.026) 0.030 0.006 0.004 0.078 0.004 0.003 0.003 0.005 0.020 0.055 0.010 0.024 
 163   (0.009) 0.006 0.005 0.003 0.001 0.001 0.003 0.001 0.003 0.001 0.001 0.001 0.003 
 109   (0.010) 0.002 0.001 0.038 0.001 0.001 0.001 0.001 0.002 0.001 0.001 0.001 0.001 
 139   (0.011) 0.003 0.001 0.001 0.001 0.001 0.001 0.001 0.012 0.002 0.001 0.001 0.008 
 106   (0.007) 0.009 0.001 0.002 0.001 0.001 0.001 0.001 0.005 0.001 0.001 0.001 0.002 
 144   (0.013) 0.005 0.002 0.039 0.001 0.043 0.001 0.002 0.009 0.002 0.002 0.001 0.002 
 122   (0.010) 0.003 0.001 0.013 0.002 0.002 0.001 0.014 0.002 0.002 0.001 0.001 0.002 
 100   (0.016) 0.029 0.033 0.003 0.001 0.002 0.002 0.002 0.012 0.005 0.004 0.004 0.018 
 111   (0.012) 0.044 0.001 0.002 0.001 0.001 0.001 0.001 0.004 0.002 0.001 0.002 0.001 
 233   (0.009) 0.011 0.002 0.001 0.001 0.001 0.001 0.001 0.002 0.007 0.002 0.002 0.001 
 134   (0.009) 0.002 0.001 0.001 0.001 0.001 0.001 0.001 0.008 0.001 0.010 0.001 0.001 
 140   (0.010) 0.012 0.001 0.004 0.001 0.002 0.001 0.001 0.002 0.001 0.001 0.001 0.001 

Locus 6 : 
17 alleles
0.0% missing data
 221   (0.023) 0.006 0.003 0.003 0.090 0.002 0.002 0.153 0.004 0.003 0.002 0.002 0.003 
 232   (0.247) 0.284 0.438 0.269 0.431 0.096 0.081 0.149 0.346 0.280 0.262 0.769 0.279 
 229   (0.055) 0.014 0.010 0.018 0.058 0.023 0.060 0.098 0.063 0.015 0.098 0.021 0.011 
 223   (0.057) 0.023 0.022 0.066 0.007 0.013 0.006 0.094 0.021 0.097 0.080 0.006 0.135 
 230   (0.164) 0.214 0.086 0.233 0.300 0.055 0.169 0.066 0.242 0.088 0.253 0.046 0.206 
 235   (0.013) 0.003 0.002 0.002 0.001 0.001 0.001 0.075 0.002 0.001 0.001 0.001 0.001 
 236   (0.035) 0.017 0.016 0.006 0.005 0.004 0.022 0.085 0.081 0.010 0.004 0.018 0.005 
 227   (0.024) 0.007 0.003 0.012 0.002 0.005 0.002 0.062 0.014 0.008 0.002 0.002 0.019 
 220   (0.054) 0.036 0.107 0.021 0.003 0.221 0.193 0.007 0.028 0.012 0.021 0.069 0.007 
 222   (0.041) 0.063 0.100 0.012 0.003 0.211 0.273 0.005 0.010 0.005 0.005 0.003 0.004 
 234   (0.126) 0.138 0.030 0.288 0.051 0.346 0.173 0.093 0.065 0.305 0.141 0.012 0.071 
 224   (0.032) 0.040 0.007 0.005 0.002 0.004 0.003 0.004 0.015 0.135 0.082 0.002 0.005 
 228   (0.060) 0.131 0.048 0.045 0.004 0.007 0.006 0.011 0.073 0.010 0.023 0.044 0.246 
 225   (0.012) 0.003 0.019 0.002 0.001 0.001 0.001 0.002 0.002 0.001 0.001 0.001 0.001 
 226   (0.015) 0.004 0.104 0.003 0.001 0.003 0.001 0.002 0.003 0.002 0.020 0.001 0.002 
 233   (0.028) 0.009 0.003 0.011 0.039 0.004 0.003 0.054 0.026 0.017 0.003 0.002 0.003 
 231   (0.014) 0.006 0.002 0.005 0.002 0.002 0.001 0.038 0.006 0.010 0.001 0.001 0.001 

Locus 7 : 
10 alleles
0.0% missing data
 121   (0.685) 0.861 0.731 0.781 0.742 0.824 0.794 0.879 0.810 0.552 0.782 0.708 0.837 
 129   (0.095) 0.051 0.112 0.054 0.102 0.012 0.009 0.081 0.043 0.100 0.126 0.144 0.051 
 130   (0.017) 0.004 0.020 0.002 0.004 0.011 0.002 0.003 0.004 0.003 0.002 0.001 0.009 
 123   (0.100) 0.035 0.115 0.026 0.098 0.045 0.129 0.023 0.119 0.237 0.080 0.139 0.073 
 128   (0.020) 0.005 0.002 0.005 0.021 0.002 0.038 0.003 0.004 0.023 0.002 0.001 0.003 
 131   (0.015) 0.004 0.010 0.003 0.001 0.002 0.021 0.002 0.003 0.009 0.002 0.001 0.006 
 117   (0.013) 0.018 0.001 0.002 0.001 0.001 0.001 0.002 0.002 0.002 0.001 0.001 0.001 
 125   (0.013) 0.003 0.001 0.001 0.001 0.001 0.001 0.002 0.002 0.067 0.001 0.001 0.001 
 134   (0.030) 0.016 0.005 0.120 0.005 0.098 0.004 0.004 0.008 0.005 0.003 0.002 0.016 
 132   (0.014) 0.004 0.002 0.006 0.025 0.004 0.001 0.002 0.003 0.002 0.001 0.001 0.001 

Locus 8 : 
19 alleles
0.0% missing data
 184   (0.290) 0.297 0.168 0.501 0.318 0.519 0.523 0.492 0.426 0.519 0.249 0.471 0.519 
 194   (0.047) 0.047 0.015 0.112 0.019 0.006 0.018 0.032 0.030 0.036 0.013 0.009 0.018 
 178   (0.103) 0.064 0.185 0.095 0.060 0.056 0.189 0.219 0.057 0.029 0.299 0.027 0.035 
 176   (0.085) 0.099 0.057 0.062 0.225 0.157 0.010 0.044 0.109 0.043 0.009 0.113 0.042 
 182   (0.078) 0.112 0.171 0.033 0.213 0.106 0.008 0.034 0.055 0.020 0.039 0.012 0.157 
 190   (0.031) 0.008 0.010 0.005 0.052 0.055 0.076 0.006 0.006 0.005 0.019 0.002 0.006 
 196   (0.020) 0.029 0.004 0.005 0.001 0.003 0.002 0.005 0.004 0.003 0.072 0.009 0.002 
 200   (0.024) 0.007 0.011 0.004 0.009 0.003 0.003 0.013 0.010 0.023 0.002 0.002 0.096 
 180   (0.024) 0.006 0.005 0.003 0.002 0.003 0.073 0.009 0.004 0.132 0.004 0.002 0.003 
 188   (0.037) 0.018 0.005 0.037 0.003 0.012 0.008 0.032 0.014 0.009 0.066 0.087 0.005 
 174   (0.041) 0.024 0.012 0.051 0.045 0.010 0.021 0.014 0.090 0.037 0.004 0.004 0.006 
 186   (0.126) 0.244 0.324 0.067 0.046 0.036 0.040 0.082 0.175 0.069 0.124 0.233 0.086 
 192   (0.023) 0.011 0.003 0.004 0.003 0.004 0.012 0.010 0.005 0.015 0.088 0.006 0.007 
 201   (0.011) 0.003 0.002 0.002 0.001 0.001 0.012 0.001 0.002 0.010 0.001 0.001 0.004 
 199   (0.017) 0.014 0.019 0.002 0.001 0.003 0.002 0.002 0.003 0.036 0.002 0.002 0.009 
 185   (0.011) 0.003 0.001 0.002 0.001 0.001 0.001 0.001 0.002 0.002 0.001 0.017 0.001 
 203   (0.010) 0.003 0.002 0.015 0.001 0.005 0.001 0.001 0.002 0.001 0.001 0.001 0.001 
 198   (0.010) 0.007 0.002 0.002 0.001 0.017 0.001 0.001 0.002 0.001 0.001 0.001 0.001 
 209   (0.011) 0.003 0.004 0.001 0.001 0.003 0.001 0.002 0.004 0.012 0.005 0.001 0.002 

Locus 9 : 
6 alleles
0.4% missing data
 154   (0.686) 0.811 0.857 0.679 0.626 0.697 0.824 0.702 0.731 0.661 0.799 0.847 0.642 
 156   (0.206) 0.120 0.125 0.250 0.359 0.287 0.165 0.164 0.230 0.324 0.116 0.030 0.285 
 152   (0.053) 0.038 0.010 0.042 0.005 0.010 0.005 0.084 0.016 0.007 0.080 0.106 0.024 
 153   (0.014) 0.016 0.003 0.002 0.001 0.001 0.002 0.002 0.003 0.002 0.001 0.015 0.005 
 160   (0.014) 0.008 0.002 0.002 0.001 0.001 0.001 0.002 0.002 0.002 0.001 0.001 0.041 
 164   (0.027) 0.007 0.003 0.026 0.009 0.003 0.002 0.046 0.017 0.004 0.003 0.002 0.004 

Locus 10 : 
29 alleles
0.7% missing data
 305   (0.068) 0.108 0.244 0.011 0.010 0.010 0.229 0.108 0.020 0.009 0.008 0.007 0.028 
 313   (0.052) 0.056 0.080 0.008 0.006 0.007 0.005 0.161 0.042 0.011 0.009 0.004 0.012 
 311   (0.019) 0.006 0.003 0.003 0.002 0.002 0.002 0.018 0.010 0.004 0.003 0.001 0.002 
 299   (0.114) 0.080 0.020 0.027 0.022 0.151 0.034 0.280 0.032 0.012 0.156 0.153 0.531 
 315   (0.084) 0.107 0.016 0.017 0.107 0.011 0.085 0.094 0.133 0.015 0.019 0.006 0.077 
 287   (0.018) 0.006 0.004 0.003 0.002 0.003 0.002 0.005 0.006 0.837 0.002 0.002 0.003 
 291   (0.106) 0.117 0.035 0.424 0.019 0.360 0.067 0.105 0.027 0.014 0.511 0.011 0.015 
 295   (0.026) 0.013 0.004 0.112 0.002 0.003 0.004 0.024 0.167 0.003 0.002 0.002 0.004 
 289   (0.018) 0.004 0.002 0.002 0.001 0.243 0.003 0.002 0.006 0.002 0.001 0.001 0.023 
 303   (0.033) 0.015 0.005 0.006 0.561 0.005 0.025 0.007 0.007 0.004 0.003 0.660 0.004 
 297   (0.047) 0.013 0.184 0.153 0.084 0.020 0.006 0.013 0.008 0.005 0.024 0.004 0.017 
 293   (0.017) 0.005 0.002 0.002 0.001 0.002 0.002 0.004 0.162 0.002 0.001 0.001 0.002 
 301   (0.056) 0.142 0.007 0.076 0.006 0.014 0.171 0.070 0.013 0.006 0.006 0.008 0.007 
 285   (0.030) 0.008 0.267 0.004 0.003 0.005 0.276 0.004 0.005 0.003 0.002 0.002 0.027 
 307   (0.052) 0.016 0.007 0.075 0.157 0.006 0.031 0.010 0.018 0.007 0.103 0.004 0.201 
 312   (0.042) 0.034 0.008 0.012 0.003 0.006 0.034 0.006 0.263 0.006 0.089 0.011 0.018 
 306   (0.027) 0.100 0.003 0.011 0.002 0.004 0.004 0.012 0.007 0.004 0.013 0.002 0.004 
 320   (0.013) 0.035 0.001 0.002 0.001 0.001 0.001 0.002 0.002 0.001 0.001 0.001 0.001 
 317   (0.022) 0.010 0.003 0.003 0.001 0.002 0.002 0.019 0.004 0.002 0.002 0.106 0.003 
 314   (0.027) 0.023 0.003 0.004 0.002 0.003 0.003 0.037 0.005 0.033 0.002 0.002 0.003 
 323   (0.015) 0.014 0.002 0.002 0.001 0.002 0.001 0.002 0.003 0.005 0.001 0.001 0.002 
 325   (0.015) 0.014 0.002 0.002 0.001 0.002 0.001 0.002 0.003 0.005 0.001 0.001 0.002 
 310   (0.015) 0.004 0.002 0.002 0.001 0.002 0.001 0.002 0.040 0.002 0.030 0.001 0.002 
 309   (0.011) 0.006 0.001 0.030 0.001 0.004 0.001 0.001 0.004 0.001 0.001 0.001 0.001 
 316   (0.019) 0.042 0.004 0.002 0.001 0.002 0.002 0.003 0.003 0.002 0.005 0.003 0.004 
 296   (0.013) 0.013 0.002 0.002 0.001 0.001 0.001 0.002 0.005 0.001 0.001 0.004 0.001 
 304   (0.015) 0.004 0.084 0.002 0.001 0.004 0.002 0.002 0.002 0.001 0.001 0.001 0.003 
 321   (0.015) 0.004 0.003 0.002 0.001 0.061 0.002 0.002 0.002 0.001 0.001 0.001 0.002 
 332   (0.012) 0.003 0.001 0.001 0.001 0.063 0.001 0.001 0.002 0.001 0.001 0.001 0.001 

Locus 11 : 
19 alleles
0.0% missing data
 114   (0.148) 0.136 0.022 0.277 0.196 0.025 0.298 0.255 0.244 0.039 0.017 0.040 0.143 
 126   (0.021) 0.005 0.002 0.004 0.004 0.002 0.018 0.063 0.008 0.003 0.002 0.002 0.002 
 111   (0.098) 0.029 0.566 0.014 0.007 0.587 0.009 0.189 0.047 0.021 0.573 0.301 0.030 
 116   (0.108) 0.052 0.076 0.158 0.271 0.027 0.016 0.105 0.097 0.112 0.029 0.009 0.155 
 132   (0.013) 0.003 0.002 0.002 0.001 0.001 0.001 0.012 0.002 0.002 0.001 0.001 0.002 
 109   (0.015) 0.004 0.002 0.003 0.001 0.002 0.001 0.051 0.003 0.002 0.002 0.001 0.002 
 128   (0.018) 0.009 0.002 0.015 0.001 0.002 0.002 0.008 0.003 0.002 0.007 0.001 0.004 
 112   (0.320) 0.583 0.064 0.433 0.492 0.076 0.602 0.245 0.492 0.467 0.044 0.179 0.591 
 122   (0.017) 0.005 0.002 0.003 0.004 0.004 0.007 0.002 0.012 0.002 0.003 0.014 0.002 
 124   (0.014) 0.003 0.002 0.002 0.002 0.002 0.018 0.002 0.003 0.002 0.001 0.002 0.001 
 118   (0.047) 0.015 0.007 0.043 0.009 0.221 0.013 0.017 0.025 0.077 0.005 0.012 0.029 
 127   (0.013) 0.018 0.001 0.002 0.001 0.001 0.001 0.002 0.002 0.002 0.001 0.001 0.001 
 113   (0.052) 0.044 0.201 0.008 0.003 0.019 0.004 0.007 0.016 0.031 0.224 0.424 0.008 
 115   (0.030) 0.021 0.008 0.007 0.003 0.004 0.003 0.021 0.011 0.217 0.006 0.003 0.004 
 120   (0.022) 0.009 0.002 0.019 0.001 0.003 0.002 0.003 0.007 0.003 0.074 0.002 0.002 
 117   (0.022) 0.021 0.009 0.004 0.002 0.011 0.003 0.003 0.006 0.004 0.006 0.002 0.017 
 125   (0.017) 0.034 0.002 0.002 0.001 0.002 0.001 0.002 0.018 0.003 0.001 0.003 0.003 
 119   (0.014) 0.005 0.030 0.003 0.001 0.009 0.001 0.002 0.003 0.002 0.003 0.001 0.002 
 136   (0.014) 0.003 0.002 0.002 0.001 0.001 0.001 0.011 0.002 0.008 0.001 0.001 0.001 

Locus 12 : 
28 alleles
0.7% missing data
 306   (0.064) 0.057 0.313 0.010 0.009 0.012 0.228 0.108 0.019 0.007 0.007 0.007 0.029 
 314   (0.061) 0.057 0.076 0.008 0.007 0.009 0.007 0.147 0.024 0.019 0.085 0.013 0.014 
 312   (0.013) 0.003 0.001 0.002 0.001 0.001 0.001 0.028 0.002 0.001 0.001 0.001 0.001 
 300   (0.119) 0.082 0.021 0.028 0.023 0.150 0.035 0.296 0.033 0.013 0.151 0.154 0.547 
 316   (0.048) 0.015 0.010 0.007 0.104 0.006 0.082 0.091 0.017 0.005 0.018 0.004 0.012 
 288   (0.017) 0.005 0.004 0.002 0.001 0.003 0.002 0.004 0.003 0.825 0.002 0.001 0.003 
 292   (0.114) 0.120 0.036 0.421 0.020 0.400 0.067 0.107 0.028 0.015 0.496 0.011 0.017 
 296   (0.031) 0.022 0.005 0.114 0.003 0.004 0.004 0.025 0.172 0.003 0.003 0.004 0.005 
 290   (0.018) 0.004 0.002 0.002 0.001 0.242 0.003 0.002 0.006 0.002 0.001 0.001 0.023 
 304   (0.034) 0.015 0.005 0.006 0.564 0.005 0.025 0.007 0.007 0.004 0.003 0.663 0.004 
 298   (0.046) 0.012 0.183 0.153 0.085 0.019 0.005 0.013 0.008 0.005 0.023 0.003 0.017 
 294   (0.017) 0.004 0.002 0.002 0.001 0.002 0.002 0.004 0.162 0.002 0.001 0.001 0.002 
 302   (0.060) 0.143 0.008 0.077 0.006 0.015 0.171 0.071 0.013 0.007 0.006 0.008 0.008 
 286   (0.031) 0.009 0.288 0.004 0.003 0.005 0.275 0.004 0.005 0.004 0.003 0.002 0.028 
 308   (0.033) 0.009 0.004 0.018 0.151 0.004 0.030 0.007 0.008 0.004 0.003 0.002 0.181 
 313   (0.034) 0.033 0.004 0.012 0.002 0.004 0.034 0.005 0.283 0.003 0.005 0.003 0.024 
 307   (0.048) 0.106 0.006 0.072 0.004 0.006 0.005 0.013 0.018 0.006 0.128 0.004 0.013 
 321   (0.014) 0.035 0.002 0.002 0.001 0.001 0.001 0.002 0.002 0.001 0.001 0.001 0.002 
 315   (0.058) 0.124 0.009 0.013 0.005 0.008 0.008 0.042 0.101 0.052 0.005 0.012 0.053 
 318   (0.020) 0.012 0.006 0.002 0.001 0.002 0.002 0.006 0.003 0.002 0.004 0.096 0.003 
 324   (0.014) 0.014 0.002 0.002 0.001 0.002 0.001 0.002 0.003 0.005 0.001 0.001 0.002 
 326   (0.011) 0.013 0.001 0.001 0.001 0.002 0.001 0.002 0.003 0.005 0.001 0.001 0.001 
 311   (0.020) 0.007 0.003 0.004 0.002 0.002 0.002 0.005 0.068 0.004 0.045 0.001 0.003 
 310   (0.015) 0.007 0.002 0.030 0.001 0.004 0.002 0.002 0.004 0.002 0.001 0.001 0.002 
 305   (0.015) 0.051 0.002 0.002 0.001 0.002 0.001 0.002 0.002 0.001 0.001 0.001 0.002 
 317   (0.015) 0.035 0.002 0.002 0.001 0.001 0.002 0.002 0.002 0.001 0.001 0.001 0.002 
 320   (0.013) 0.003 0.002 0.002 0.001 0.029 0.001 0.002 0.002 0.001 0.001 0.001 0.001 
 322   (0.015) 0.004 0.003 0.002 0.001 0.061 0.002 0.002 0.002 0.001 0.001 0.001 0.002 

Locus 13 : 
7 alleles
1.1% missing data
 161   (0.596) 0.584 0.306 0.868 0.889 0.932 0.057 0.665 0.632 0.454 0.419 0.507 0.406 
 163   (0.298) 0.384 0.488 0.098 0.024 0.056 0.027 0.243 0.328 0.529 0.570 0.461 0.579 
 160   (0.018) 0.004 0.002 0.002 0.001 0.002 0.452 0.002 0.009 0.003 0.002 0.001 0.002 
 162   (0.017) 0.004 0.002 0.002 0.001 0.002 0.458 0.002 0.005 0.002 0.001 0.002 0.002 
 165   (0.044) 0.016 0.199 0.025 0.003 0.005 0.004 0.082 0.014 0.009 0.006 0.027 0.006 
 166   (0.013) 0.004 0.002 0.003 0.003 0.002 0.001 0.004 0.010 0.002 0.001 0.001 0.003 
 164   (0.014) 0.003 0.002 0.002 0.078 0.001 0.001 0.002 0.002 0.002 0.001 0.001 0.001 

Locus 14 : 
4 alleles
0.4% missing data
  98   (0.957) 0.970 0.995 0.990 0.987 0.995 0.996 0.988 0.983 0.994 0.996 0.989 0.994 
 100   (0.013) 0.013 0.002 0.002 0.001 0.001 0.001 0.002 0.002 0.002 0.001 0.005 0.002 
  96   (0.017) 0.004 0.002 0.007 0.011 0.002 0.002 0.009 0.009 0.002 0.001 0.002 0.003 
 105   (0.013) 0.012 0.002 0.002 0.001 0.001 0.001 0.002 0.005 0.002 0.001 0.004 0.001 

Locus 15 : 
12 alleles
2.2% missing data
 171   (0.316) 0.435 0.163 0.183 0.174 0.557 0.218 0.426 0.239 0.489 0.354 0.301 0.279 
 177   (0.190) 0.170 0.074 0.331 0.050 0.218 0.370 0.188 0.218 0.248 0.074 0.073 0.181 
 173   (0.258) 0.214 0.677 0.256 0.061 0.135 0.076 0.274 0.439 0.128 0.524 0.505 0.218 
 179   (0.098) 0.047 0.046 0.048 0.577 0.021 0.319 0.067 0.031 0.103 0.010 0.106 0.291 
 183   (0.020) 0.009 0.013 0.003 0.011 0.002 0.002 0.027 0.004 0.007 0.002 0.006 0.003 
 181   (0.036) 0.090 0.008 0.008 0.123 0.006 0.004 0.007 0.006 0.005 0.029 0.003 0.010 
 197   (0.013) 0.003 0.001 0.103 0.001 0.001 0.001 0.002 0.002 0.001 0.001 0.001 0.001 
 170   (0.013) 0.006 0.001 0.002 0.001 0.002 0.001 0.002 0.034 0.002 0.001 0.001 0.002 
 189   (0.014) 0.011 0.012 0.004 0.001 0.002 0.005 0.003 0.006 0.002 0.001 0.001 0.009 
 203   (0.013) 0.003 0.001 0.060 0.001 0.001 0.001 0.002 0.004 0.001 0.001 0.001 0.001 
 187   (0.017) 0.007 0.002 0.002 0.001 0.025 0.002 0.002 0.015 0.011 0.001 0.001 0.002 
 198   (0.013) 0.003 0.002 0.002 0.001 0.029 0.001 0.002 0.002 0.002 0.001 0.001 0.001 

Values of parameters used in structure:
DATAFILE=STRUCTURE_main_final_278_HEG_ZG.str,	OUTFILE=STRUCTURE_main_final_278_HEG_ZG-K12-1,	NUMINDS=278,	NUMLOCI=15,	MISSING=-9,	LABEL=1,	POPDATA=1,	POPFLAG=0,	PHENOTYPE=0,	EXTRACOLS=0,	MAXPOPS=12,	BURNIN=100000,	NUMREPS=500000,	USEPOPINFO=0,	INFERALPHA=1,	INFERLAMBDA=0,	POPSPECIFICLAMBDA=0,	POPALPHAS=0,	COMPUTEPROB=1,	NOADMIX=0,	ADMBURNIN=2500,	UPDATEFREQ=1,	PRINTLIKES=0,	INTERMEDSAVE=0,	PRINTKLD=0,	PRINTNET=0,	PRINTLAMBDA=0,	ANCESTDIST=0,	NUMBOXES=1000,	ANCESTPINT=0.90000,	GENSBACK=2,	MIGRPRIOR=0.05000,	PRINTQHAT=0,	PRINTQSUM=0,	ALPHA=1.0000,	FREQSCORR=1,	FPRIORMEAN=0.0100,	FPRIORSD=0.0500,	ONEFST=0,	LAMBDA=1.0000,	UNIFPRIORALPHA=1,	ALPHAMAX=10.0000,	ALPHAPRIORA=1.0000,	ALPHAPRIORB=2.0000,	ALPHAPROPSD=0.0250,	STARTATPOPINFO=0,	RANDOMIZE=1,	LINKAGE=0,	METROFREQ=10,	REPORTHITRATE=0,	MARKOVPHASE=-1,	PHASED=0,	PLOIDY=2,	PHASEINFO=0	LOCPRIOR=0, 	LOCPRIORINIT=1.000000, 	LOCDATA=0, 	LOCISPOP=0, 	LOCPRIORSTEP=0.100000, 	MAXLOCPRIOR=20.000000, 	SEED=1782487171,	
[STRAT parameters]:    NUMSIMSTATS=1000,	PHENOTYPECOL=-9,	POOLFREQ=10,	LOCUSxONLY=0,	EMERROR=0.00100,	MISSINGPHENO=-9,	