

----------------------------------------------------
STRUCTURE by Pritchard, Stephens and Donnelly (2000)
     and Falush, Stephens and Pritchard (2003)
       Code by Pritchard, Falush and Hubisz
             Version 2.3.4 (Jul 2012)
----------------------------------------------------



Command line arguments:   structure -K 4 -i STRUCTURE_main_final_278_HEG_ZG.str -o STRUCTURE_main_final_278_HEG_ZG-K4-6 
Input File:    STRUCTURE_main_final_278_HEG_ZG.str

Run parameters:
   278 individuals
   15 loci
   4 populations assumed
   100000 Burn-in period
   500000 Reps


--------------------------------------------
Proportion of membership of each pre-defined
 population in each of the 4 clusters

Given    Inferred Clusters              Number of
 Pop       1      2      3      4      Individuals

  1:     0.061  0.802  0.110  0.026       24
  2:     0.868  0.039  0.031  0.061       24
  3:     0.033  0.030  0.114  0.824       24
  4:     0.098  0.510  0.107  0.284       24
  5:     0.092  0.131  0.099  0.679       24
  6:     0.200  0.728  0.024  0.048       24
  7:     0.810  0.130  0.015  0.045       24
  8:     0.023  0.089  0.052  0.836       14
  9:     0.026  0.064  0.840  0.069       24
 10:     0.033  0.020  0.879  0.068       24
 11:     0.030  0.047  0.836  0.086       24
 12:     0.191  0.379  0.125  0.306       24
--------------------------------------------

Allele-freq. divergence among pops (Net nucleotide distance),
computed using point estimates of P.

      1       2       3       4      
 1      -    0.0306  0.0606  0.0362  
 2   0.0306     -    0.0362  0.0225  
 3   0.0606  0.0362     -    0.0311  
 4   0.0362  0.0225  0.0311     -    

Average distances (expected heterozygosity) between individuals in same cluster:
cluster  1  : 0.6296 
cluster  2  : 0.6323 
cluster  3  : 0.6337 
cluster  4  : 0.6491 

--------------------------------------------
Estimated Ln Prob of Data   = -13084.8
Mean value of ln likelihood = -12740.8
Variance of ln likelihood   = 687.9
Mean value of alpha         = 0.0605

Mean value of Fst_1         = 0.0909
Mean value of Fst_2         = 0.0569
Mean value of Fst_3         = 0.0810
Mean value of Fst_4         = 0.0299


Inferred ancestry of individuals:
        Label (%Miss) Pop:  Inferred clusters
  1 24.0601.E1    (0)    1 :  0.044 0.931 0.013 0.013 
  2 24.0602.E1    (0)    1 :  0.008 0.954 0.020 0.018 
  3 24.0603.E1    (0)    1 :  0.012 0.941 0.012 0.034 
  4 24.0604.E1    (0)    1 :  0.012 0.924 0.033 0.032 
  5 24.0605.E1    (0)    1 :  0.018 0.953 0.018 0.011 
  6 24.0606.E1    (0)    1 :  0.015 0.957 0.019 0.009 
  7 24.0607.E1    (0)    1 :  0.198 0.333 0.433 0.036 
  8 24.0608.E1    (0)    1 :  0.058 0.794 0.131 0.017 
  9 24.0609.E1    (0)    1 :  0.007 0.630 0.327 0.036 
 10 24.0610.E1    (0)    1 :  0.008 0.846 0.118 0.027 
 11 24.0611.E1    (0)    1 :  0.010 0.946 0.031 0.013 
 12 24.0612.E1    (0)    1 :  0.031 0.942 0.010 0.017 
 13 24.0613.E1    (0)    1 :  0.007 0.972 0.014 0.007 
 14 24.0614.E1    (0)    1 :  0.130 0.568 0.288 0.014 
 15 24.0615.E1    (0)    1 :  0.062 0.716 0.204 0.018 
 16 24.0616.E1    (0)    1 :  0.009 0.967 0.016 0.008 
 17 24.0617.E1    (0)    1 :  0.040 0.481 0.467 0.012 
 18 24.0618.E1    (0)    1 :  0.009 0.805 0.164 0.021 
 19 24.0619.E1    (0)    1 :  0.010 0.895 0.018 0.077 
 20 24.0620.E1   (20)    1 :  0.608 0.275 0.082 0.035 
 21 24.0621.E1    (0)    1 :  0.008 0.730 0.150 0.112 
 22 24.0622.E1    (0)    1 :  0.019 0.959 0.008 0.014 
 23 24.0623.E1    (0)    1 :  0.142 0.758 0.061 0.038 
 24 24.0624.E1    (0)    1 :  0.007 0.974 0.012 0.007 
 25 24.0625.E1    (0)    2 :  0.906 0.023 0.021 0.050 
 26 24.0626.E1    (0)    2 :  0.974 0.008 0.007 0.011 
 27 24.0627.E1    (0)    2 :  0.681 0.011 0.012 0.296 
 28 24.0628.E1    (0)    2 :  0.863 0.036 0.041 0.060 
 29 24.0629.E1    (0)    2 :  0.848 0.096 0.031 0.025 
 30 24.0630.E1    (0)    2 :  0.963 0.013 0.010 0.014 
 31 24.0631.E1    (0)    2 :  0.978 0.010 0.006 0.006 
 32 24.0632.E1    (0)    2 :  0.956 0.016 0.013 0.014 
 33 24.0633.E1    (0)    2 :  0.833 0.022 0.031 0.115 
 34 24.0634.E1    (0)    2 :  0.958 0.013 0.015 0.014 
 35 24.0635.E1    (0)    2 :  0.577 0.023 0.070 0.330 
 36 24.0636.E1   (33)    2 :  0.902 0.062 0.009 0.027 
 37 24.0637.E1    (0)    2 :  0.977 0.007 0.005 0.011 
 38 24.0638.E1    (0)    2 :  0.849 0.018 0.010 0.124 
 39 24.0639.E1    (0)    2 :  0.852 0.046 0.084 0.019 
 40 24.0640.E1    (0)    2 :  0.964 0.014 0.014 0.008 
 41 24.0641.E1    (0)    2 :  0.438 0.242 0.218 0.102 
 42 24.0642.E1    (0)    2 :  0.742 0.202 0.008 0.048 
 43 24.0643.E1    (0)    2 :  0.823 0.021 0.012 0.145 
 44 24.0644.E1    (0)    2 :  0.926 0.014 0.049 0.011 
 45 24.0645.E1    (0)    2 :  0.945 0.020 0.027 0.008 
 46 24.0646.E1    (0)    2 :  0.925 0.014 0.050 0.011 
 47 24.0647.E1    (0)    2 :  0.977 0.007 0.005 0.010 
 48 24.0648.E1    (0)    2 :  0.977 0.008 0.005 0.010 
 49 24.0649.E1    (0)    3 :  0.007 0.009 0.030 0.954 
 50 24.0650.E1    (0)    3 :  0.006 0.268 0.562 0.164 
 51 24.0651.E1    (0)    3 :  0.209 0.016 0.139 0.636 
 52 24.0652.E1    (0)    3 :  0.006 0.011 0.026 0.958 
 53 24.0653.E1    (0)    3 :  0.007 0.007 0.012 0.974 
 54 24.0654.E1    (0)    3 :  0.007 0.009 0.049 0.935 
 55 24.0655.E1    (0)    3 :  0.027 0.070 0.106 0.797 
 56 24.0656.E1    (0)    3 :  0.029 0.011 0.027 0.934 
 57 24.0657.E1    (0)    3 :  0.025 0.010 0.024 0.942 
 58 24.0658.E1    (0)    3 :  0.010 0.028 0.059 0.904 
 59 24.0659.E1    (0)    3 :  0.007 0.023 0.043 0.927 
 60 24.0660.E1    (6)    3 :  0.012 0.028 0.011 0.949 
 61 24.0661.E1    (0)    3 :  0.132 0.012 0.290 0.566 
 62 24.0662.E1    (0)    3 :  0.037 0.083 0.141 0.739 
 63 24.0663.E1    (0)    3 :  0.010 0.012 0.944 0.034 
 64 24.0664.E1    (0)    3 :  0.032 0.009 0.036 0.923 
 65 24.0665.E1    (0)    3 :  0.174 0.008 0.025 0.793 
 66 24.0666.E1    (0)    3 :  0.007 0.013 0.014 0.966 
 67 24.0667.E1    (0)    3 :  0.007 0.008 0.008 0.977 
 68 24.0668.E1    (0)    3 :  0.007 0.007 0.010 0.976 
 69 24.0669.E1    (0)    3 :  0.009 0.007 0.013 0.971 
 70 24.0670.E1    (0)    3 :  0.006 0.014 0.068 0.911 
 71 24.0671.E1    (0)    3 :  0.016 0.014 0.078 0.892 
 72 24.0672.E1    (0)    3 :  0.007 0.035 0.011 0.947 
 73 24.0673.E1    (6)    4 :  0.586 0.324 0.055 0.035 
 74 24.0674.E1    (0)    4 :  0.030 0.945 0.011 0.013 
 75 24.0675.E1    (0)    4 :  0.143 0.445 0.309 0.103 
 76 24.0676.E1    (0)    4 :  0.063 0.188 0.665 0.083 
 77 24.0677.E1    (0)    4 :  0.010 0.096 0.647 0.247 
 78 24.0678.E1    (0)    4 :  0.054 0.289 0.023 0.634 
 79 24.0679.E1    (0)    4 :  0.010 0.232 0.029 0.730 
 80 24.0680.E1    (0)    4 :  0.017 0.045 0.011 0.927 
 81 24.0681.E1    (0)    4 :  0.045 0.554 0.019 0.383 
 82 24.0682.E1    (0)    4 :  0.037 0.911 0.017 0.035 
 83 24.0683.E1    (0)    4 :  0.034 0.935 0.014 0.018 
 84 24.0684.E1    (0)    4 :  0.082 0.886 0.011 0.021 
 85 24.0685.E1    (0)    4 :  0.037 0.886 0.016 0.061 
 86 24.0686.E1    (0)    4 :  0.057 0.275 0.030 0.637 
 87 24.0687.E1    (0)    4 :  0.236 0.284 0.024 0.456 
 88 24.0688.E1    (0)    4 :  0.034 0.806 0.011 0.149 
 89 24.0689.E1    (0)    4 :  0.082 0.315 0.460 0.143 
 90 24.0690.E1    (0)    4 :  0.037 0.020 0.013 0.929 
 91 24.0691.E1    (0)    4 :  0.014 0.951 0.017 0.018 
 92 24.0692.E1    (0)    4 :  0.028 0.180 0.041 0.752 
 93 24.0693.E1    (0)    4 :  0.661 0.047 0.100 0.192 
 94 24.0694.E1    (0)    4 :  0.027 0.754 0.019 0.200 
 95 24.0695.E1    (0)    4 :  0.010 0.946 0.019 0.025 
 96 24.0696.E1    (0)    4 :  0.020 0.932 0.015 0.033 
 97 24.0697.E1    (0)    5 :  0.220 0.139 0.046 0.595 
 98 24.0698.E1    (0)    5 :  0.164 0.174 0.155 0.507 
 99 24.0699.E1    (0)    5 :  0.017 0.080 0.080 0.823 
100 24.0700.E1    (0)    5 :  0.010 0.011 0.010 0.969 
101 24.0701.E1    (0)    5 :  0.053 0.016 0.037 0.894 
102 24.0702.E1    (0)    5 :  0.026 0.017 0.010 0.947 
103 24.0703.E1    (0)    5 :  0.058 0.032 0.199 0.711 
104 24.0704.E1    (6)    5 :  0.039 0.088 0.483 0.390 
105 24.0705.E1    (0)    5 :  0.015 0.332 0.011 0.642 
106 24.0706.E1    (0)    5 :  0.015 0.012 0.013 0.961 
107 24.0707.E1    (0)    5 :  0.052 0.111 0.013 0.824 
108 24.0708.E1    (0)    5 :  0.193 0.384 0.362 0.061 
109 24.0709.E1    (0)    5 :  0.041 0.216 0.397 0.347 
110 24.0710.E1    (0)    5 :  0.025 0.612 0.084 0.280 
111 24.0711.E1    (0)    5 :  0.045 0.298 0.021 0.636 
112 24.0712.E1    (0)    5 :  0.061 0.036 0.010 0.893 
113 24.0713.E1    (0)    5 :  0.020 0.026 0.057 0.898 
114 24.0714.E1    (0)    5 :  0.019 0.096 0.058 0.827 
115 24.0715.E1    (0)    5 :  0.545 0.165 0.043 0.247 
116 24.0716.E1    (0)    5 :  0.037 0.080 0.093 0.790 
117 24.0717.E1    (0)    5 :  0.427 0.027 0.097 0.449 
118 24.0718.E1    (0)    5 :  0.037 0.041 0.008 0.914 
119 24.0719.E1    (0)    5 :  0.059 0.049 0.050 0.842 
120 24.0720.E1    (0)    5 :  0.028 0.096 0.031 0.845 
121 24.0721.E1    (0)    6 :  0.608 0.223 0.036 0.132 
122 24.0722.E1    (0)    6 :  0.770 0.150 0.025 0.055 
123 24.0723.E1    (0)    6 :  0.737 0.065 0.173 0.026 
124 24.0724.E1    (0)    6 :  0.024 0.931 0.031 0.015 
125 24.0725.E1    (0)    6 :  0.008 0.962 0.008 0.022 
126 24.0726.E1    (6)    6 :  0.046 0.926 0.009 0.018 
127 24.0727.E1    (0)    6 :  0.127 0.808 0.019 0.045 
128 24.0728.E1    (0)    6 :  0.298 0.554 0.036 0.112 
129 24.0729.E1    (0)    6 :  0.025 0.941 0.015 0.019 
130 24.0730.E1    (0)    6 :  0.048 0.637 0.040 0.274 
131 24.0731.E1    (0)    6 :  0.017 0.960 0.010 0.013 
132 24.0732.E1    (0)    6 :  0.516 0.447 0.005 0.031 
133 24.0733.E1    (0)    6 :  0.017 0.971 0.006 0.006 
134 24.0734.E1    (0)    6 :  0.894 0.064 0.009 0.033 
135 24.0735.E1    (0)    6 :  0.134 0.823 0.018 0.025 
136 24.0736.E1    (0)    6 :  0.020 0.963 0.008 0.009 
137 24.0737.E1    (0)    6 :  0.017 0.953 0.011 0.019 
138 24.0738.E1    (0)    6 :  0.017 0.959 0.010 0.014 
139 24.0739.E1    (0)    6 :  0.009 0.962 0.008 0.021 
140 24.0740.E1    (0)    6 :  0.017 0.949 0.016 0.018 
141 24.0741.E1    (0)    6 :  0.152 0.821 0.009 0.018 
142 24.0742.E1    (0)    6 :  0.075 0.904 0.010 0.011 
143 24.0743.E1    (0)    6 :  0.010 0.960 0.018 0.012 
144 24.0744.E1    (0)    6 :  0.209 0.544 0.037 0.209 
145 24.0745.E1    (0)    7 :  0.923 0.013 0.020 0.043 
146 24.0746.E1    (0)    7 :  0.857 0.067 0.037 0.039 
147 24.0747.E1    (0)    7 :  0.907 0.055 0.014 0.024 
148 24.0748.E1    (6)    7 :  0.853 0.089 0.023 0.035 
149 24.0749.E1    (0)    7 :  0.475 0.501 0.012 0.012 
150 24.0750.E1    (0)    7 :  0.095 0.816 0.030 0.059 
151 24.0751.E1    (0)    7 :  0.971 0.015 0.007 0.007 
152 24.0752.E1    (0)    7 :  0.901 0.078 0.012 0.009 
153 24.0753.E1    (0)    7 :  0.938 0.045 0.007 0.009 
154 24.0754.E1    (0)    7 :  0.958 0.022 0.007 0.012 
155 24.0755.E1    (0)    7 :  0.943 0.023 0.016 0.018 
156 24.0756.E1    (0)    7 :  0.950 0.031 0.013 0.006 
157 24.0757.E1    (0)    7 :  0.982 0.007 0.005 0.006 
158 24.0758.E1    (0)    7 :  0.980 0.009 0.005 0.006 
159 24.0759.E1    (0)    7 :  0.876 0.097 0.011 0.016 
160 24.0760.E1    (0)    7 :  0.967 0.011 0.007 0.015 
161 24.0761.E1    (0)    7 :  0.983 0.006 0.005 0.005 
162 24.0762.E1    (0)    7 :  0.047 0.234 0.028 0.692 
163 24.0763.E1    (0)    7 :  0.955 0.029 0.008 0.009 
164 24.0764.E1    (0)    7 :  0.947 0.039 0.006 0.008 
165 24.0765.E1    (0)    7 :  0.965 0.017 0.011 0.007 
166 24.0766.E1    (0)    7 :  0.970 0.017 0.006 0.007 
167 24.0767.E1    (0)    7 :  0.963 0.021 0.009 0.007 
168 24.0768.E1    (0)    7 :  0.033 0.888 0.055 0.023 
169 24.0779.E1    (0)    8 :  0.062 0.035 0.029 0.874 
170 24.0780.E1    (6)    8 :  0.007 0.014 0.132 0.847 
171 24.0781.E1    (0)    8 :  0.007 0.007 0.010 0.976 
172 24.0782.E1    (0)    8 :  0.075 0.808 0.042 0.075 
173 24.0783.E1    (0)    8 :  0.010 0.015 0.061 0.914 
174 24.0784.E1    (0)    8 :  0.007 0.018 0.041 0.934 
175 24.0785.E1    (0)    8 :  0.005 0.010 0.077 0.907 
176 24.0786.E1    (0)    8 :  0.022 0.111 0.110 0.758 
177 24.0787.E1    (0)    8 :  0.034 0.017 0.015 0.934 
178 24.0788.E1    (0)    8 :  0.025 0.010 0.046 0.920 
179 24.0789.E1    (0)    8 :  0.030 0.064 0.120 0.786 
180 24.0790.E1    (0)    8 :  0.007 0.006 0.018 0.969 
181 24.0791.E1    (0)    8 :  0.009 0.102 0.011 0.878 
182 24.0792.E1    (0)    8 :  0.019 0.023 0.019 0.938 
183 24.0793.E1    (0)    9 :  0.016 0.016 0.951 0.017 
184 24.0794.E1    (0)    9 :  0.010 0.578 0.239 0.174 
185 24.0795.E1    (0)    9 :  0.058 0.537 0.365 0.039 
186 24.0796.E1    (0)    9 :  0.007 0.038 0.753 0.202 
187 24.0797.E1    (0)    9 :  0.007 0.011 0.917 0.066 
188 24.0798.E1    (0)    9 :  0.177 0.020 0.543 0.260 
189 24.0799.E1    (0)    9 :  0.010 0.013 0.965 0.012 
190 24.0800.E1    (0)    9 :  0.010 0.017 0.957 0.016 
191 24.0801.E1    (0)    9 :  0.014 0.016 0.755 0.215 
192 24.0802.E1    (0)    9 :  0.018 0.013 0.950 0.019 
193 24.0803.E1    (0)    9 :  0.013 0.017 0.951 0.018 
194 24.0804.E1    (0)    9 :  0.009 0.010 0.974 0.007 
195 24.0805.E1    (0)    9 :  0.017 0.028 0.824 0.131 
196 24.0806.E1    (0)    9 :  0.093 0.010 0.886 0.012 
197 24.0807.E1    (0)    9 :  0.011 0.009 0.958 0.021 
198 24.0808.E1    (0)    9 :  0.027 0.051 0.712 0.209 
199 24.0809.E1    (0)    9 :  0.020 0.049 0.903 0.028 
200 24.0810.E1    (0)    9 :  0.012 0.022 0.954 0.012 
201 24.0811.E1    (0)    9 :  0.009 0.018 0.959 0.013 
202 24.0812.E1    (0)    9 :  0.008 0.024 0.939 0.029 
203 24.0813.E1    (0)    9 :  0.027 0.022 0.843 0.107 
204 24.0814.E1    (6)    9 :  0.009 0.007 0.974 0.010 
205 24.0815.E1    (0)    9 :  0.036 0.007 0.931 0.025 
206 24.0816.E1    (0)    9 :  0.015 0.008 0.953 0.024 
207 24.0817.E1    (0)   10 :  0.007 0.014 0.961 0.018 
208 24.0818.E1    (0)   10 :  0.015 0.052 0.888 0.044 
209 24.0819.E1    (0)   10 :  0.141 0.017 0.771 0.071 
210 24.0820.E1    (0)   10 :  0.228 0.008 0.750 0.014 
211 24.0821.E1    (0)   10 :  0.013 0.016 0.379 0.593 
212 24.0822.E1    (0)   10 :  0.017 0.009 0.949 0.025 
213 24.0823.E1    (0)   10 :  0.044 0.009 0.934 0.014 
214 24.0824.E1    (0)   10 :  0.028 0.038 0.731 0.202 
215 24.0825.E1    (0)   10 :  0.011 0.011 0.968 0.010 
216 24.0826.E1    (0)   10 :  0.110 0.007 0.857 0.026 
217 24.0827.E1    (0)   10 :  0.007 0.035 0.936 0.022 
218 24.0828.E1    (0)   10 :  0.057 0.007 0.915 0.021 
219 24.0829.E1    (0)   10 :  0.010 0.010 0.970 0.011 
220 24.0830.E1    (0)   10 :  0.005 0.008 0.871 0.116 
221 24.0831.E1    (0)   10 :  0.006 0.008 0.703 0.283 
222 24.0832.E1    (0)   10 :  0.006 0.013 0.971 0.010 
223 24.0833.E1    (0)   10 :  0.007 0.008 0.976 0.009 
224 24.0834.E1    (0)   10 :  0.009 0.010 0.969 0.012 
225 24.0835.E1    (0)   10 :  0.006 0.013 0.970 0.011 
226 24.0836.E1    (0)   10 :  0.011 0.019 0.951 0.019 
227 24.0837.E1    (0)   10 :  0.008 0.011 0.963 0.018 
228 24.0838.E1    (0)   10 :  0.014 0.013 0.952 0.021 
229 24.0839.E1    (0)   10 :  0.022 0.134 0.783 0.061 
230 24.0840.E1    (0)   10 :  0.008 0.012 0.967 0.013 
231 24.0841.E1    (0)   11 :  0.008 0.071 0.908 0.013 
232 24.0842.E1    (0)   11 :  0.007 0.029 0.917 0.047 
233 24.0843.E1    (0)   11 :  0.016 0.007 0.900 0.078 
234 24.0844.E1    (0)   11 :  0.009 0.026 0.750 0.215 
235 24.0845.E1    (0)   11 :  0.007 0.011 0.908 0.073 
236 24.0846.E1    (0)   11 :  0.008 0.014 0.965 0.014 
237 24.0847.E1    (0)   11 :  0.016 0.109 0.853 0.022 
238 24.0848.E1    (0)   11 :  0.006 0.023 0.935 0.036 
239 24.0849.E1    (0)   11 :  0.010 0.007 0.973 0.009 
240 24.0850.E1    (0)   11 :  0.010 0.007 0.973 0.009 
241 24.0851.E1    (0)   11 :  0.011 0.007 0.973 0.009 
242 24.0852.E1    (0)   11 :  0.019 0.008 0.922 0.051 
243 24.0853.E1    (0)   11 :  0.015 0.007 0.970 0.008 
244 24.0854.E1    (0)   11 :  0.014 0.015 0.140 0.831 
245 24.0855.E1    (0)   11 :  0.007 0.009 0.975 0.009 
246 24.0856.E1    (0)   11 :  0.387 0.088 0.251 0.274 
247 24.0857.E1    (0)   11 :  0.011 0.020 0.955 0.013 
248 24.0858.E1    (0)   11 :  0.010 0.014 0.941 0.036 
249 24.0859.E1    (0)   11 :  0.040 0.011 0.937 0.013 
250 24.0860.E1    (0)   11 :  0.041 0.019 0.920 0.020 
251 24.0861.E1    (0)   11 :  0.011 0.008 0.971 0.010 
252 24.0862.E1    (0)   11 :  0.039 0.041 0.874 0.047 
253 24.0863.E1    (0)   11 :  0.011 0.008 0.970 0.011 
254 24.0864.E1    (0)   11 :  0.011 0.579 0.192 0.218 
255 24.0865.E1    (0)   12 :  0.652 0.020 0.180 0.148 
256 24.0866.E1    (0)   12 :  0.045 0.084 0.734 0.137 
257 24.0867.E1    (0)   12 :  0.801 0.030 0.138 0.030 
258 24.0868.E1    (0)   12 :  0.057 0.035 0.069 0.840 
259 24.0869.E1    (0)   12 :  0.099 0.085 0.384 0.432 
260 24.0870.E1    (0)   12 :  0.084 0.171 0.040 0.705 
261 24.0871.E1    (0)   12 :  0.034 0.314 0.056 0.596 
262 24.0872.E1    (0)   12 :  0.370 0.028 0.064 0.538 
263 24.0873.E1    (0)   12 :  0.166 0.122 0.251 0.461 
264 24.0874.E1    (0)   12 :  0.355 0.021 0.580 0.044 
265 24.0875.E1    (0)   12 :  0.017 0.081 0.018 0.884 
266 24.0876.E1    (0)   12 :  0.028 0.472 0.011 0.489 
267 24.0877.E1    (0)   12 :  0.024 0.951 0.009 0.016 
268 24.0878.E1    (0)   12 :  0.011 0.924 0.026 0.039 
269 24.0879.E1    (0)   12 :  0.015 0.831 0.009 0.144 
270 24.0880.E1    (0)   12 :  0.024 0.100 0.326 0.550 
271 24.0881.E1    (0)   12 :  0.015 0.969 0.008 0.008 
272 24.0882.E1    (0)   12 :  0.596 0.379 0.011 0.014 
273 24.0883.E1    (0)   12 :  0.279 0.584 0.019 0.117 
274 24.0884.E1    (0)   12 :  0.015 0.964 0.009 0.013 
275 24.0885.E1    (0)   12 :  0.013 0.924 0.010 0.053 
276 24.0886.E1    (0)   12 :  0.093 0.809 0.025 0.074 
277 24.0887.E1    (0)   12 :  0.773 0.174 0.008 0.045 
278 24.0888.E1    (0)   12 :  0.009 0.013 0.015 0.962 


Estimated Allele Frequencies in each cluster
First column gives estimated ancestral frequencies


Locus 1 : 
31 alleles
0.0% missing data
 115   (0.025) 0.004 0.146 0.003 0.010 
 117   (0.046) 0.085 0.171 0.014 0.014 
 119   (0.036) 0.252 0.194 0.003 0.008 
 131   (0.016) 0.002 0.032 0.001 0.004 
 128   (0.036) 0.005 0.037 0.013 0.033 
 135   (0.015) 0.002 0.039 0.001 0.003 
 126   (0.077) 0.054 0.077 0.136 0.067 
 122   (0.040) 0.038 0.012 0.045 0.026 
 132   (0.028) 0.011 0.006 0.031 0.020 
 141   (0.012) 0.002 0.006 0.001 0.002 
 130   (0.050) 0.033 0.013 0.027 0.084 
 134   (0.037) 0.053 0.006 0.041 0.024 
 145   (0.026) 0.016 0.005 0.003 0.031 
 127   (0.023) 0.107 0.020 0.002 0.005 
 116   (0.121) 0.115 0.067 0.169 0.198 
 114   (0.047) 0.043 0.008 0.151 0.036 
 120   (0.038) 0.033 0.011 0.003 0.069 
 110   (0.046) 0.031 0.040 0.044 0.027 
 133   (0.012) 0.015 0.002 0.001 0.003 
 118   (0.105) 0.025 0.038 0.251 0.264 
 125   (0.015) 0.001 0.002 0.008 0.007 
 129   (0.020) 0.003 0.033 0.001 0.009 
 124   (0.016) 0.002 0.004 0.001 0.017 
 136   (0.026) 0.003 0.009 0.032 0.015 
 121   (0.017) 0.035 0.007 0.001 0.003 
 139   (0.011) 0.001 0.007 0.001 0.002 
 113   (0.011) 0.009 0.001 0.001 0.002 
 111   (0.011) 0.009 0.001 0.001 0.002 
 143   (0.011) 0.009 0.001 0.001 0.002 
 140   (0.015) 0.001 0.002 0.005 0.010 
 112   (0.012) 0.001 0.001 0.006 0.002 

Locus 2 : 
18 alleles
0.0% missing data
 152   (0.381) 0.589 0.597 0.376 0.334 
 148   (0.058) 0.110 0.164 0.005 0.029 
 154   (0.113) 0.134 0.080 0.130 0.096 
 156   (0.017) 0.002 0.009 0.002 0.008 
 150   (0.018) 0.051 0.005 0.001 0.004 
 164   (0.075) 0.018 0.071 0.078 0.068 
 158   (0.041) 0.022 0.018 0.012 0.031 
 160   (0.019) 0.015 0.003 0.002 0.010 
 166   (0.022) 0.004 0.005 0.012 0.013 
 151   (0.074) 0.007 0.009 0.230 0.212 
 147   (0.060) 0.013 0.007 0.131 0.113 
 168   (0.022) 0.003 0.003 0.006 0.022 
 153   (0.015) 0.002 0.002 0.001 0.013 
 149   (0.025) 0.009 0.007 0.002 0.018 
 162   (0.020) 0.004 0.005 0.010 0.009 
 167   (0.013) 0.001 0.014 0.001 0.003 
 146   (0.013) 0.017 0.001 0.001 0.002 
 172   (0.014) 0.001 0.002 0.001 0.014 

Locus 3 : 
4 alleles
0.0% missing data
 128   (0.285) 0.365 0.262 0.358 0.245 
 126   (0.617) 0.603 0.682 0.572 0.673 
 132   (0.080) 0.024 0.055 0.068 0.073 
 134   (0.017) 0.007 0.002 0.001 0.010 

Locus 4 : 
3 alleles
0.0% missing data
 170   (0.314) 0.326 0.281 0.318 0.305 
 172   (0.673) 0.666 0.717 0.681 0.692 
 171   (0.013) 0.007 0.002 0.001 0.003 

Locus 5 : 
37 alleles
0.0% missing data
 125   (0.053) 0.072 0.041 0.061 0.051 
 110   (0.036) 0.026 0.032 0.049 0.017 
 129   (0.036) 0.003 0.042 0.029 0.055 
 113   (0.032) 0.004 0.011 0.042 0.069 
 145   (0.053) 0.045 0.190 0.010 0.071 
 155   (0.048) 0.078 0.109 0.053 0.026 
 117   (0.032) 0.017 0.060 0.008 0.024 
 124   (0.011) 0.001 0.014 0.001 0.002 
 133   (0.034) 0.042 0.034 0.004 0.045 
 157   (0.046) 0.033 0.014 0.042 0.112 
 141   (0.017) 0.002 0.006 0.003 0.020 
 112   (0.064) 0.146 0.096 0.120 0.044 
 121   (0.019) 0.005 0.004 0.030 0.012 
 114   (0.038) 0.116 0.065 0.045 0.013 
 153   (0.049) 0.006 0.048 0.113 0.082 
 127   (0.068) 0.088 0.073 0.104 0.084 
 131   (0.056) 0.177 0.052 0.072 0.042 
 135   (0.030) 0.006 0.012 0.048 0.032 
 104   (0.009) 0.007 0.001 0.001 0.002 
 118   (0.019) 0.010 0.013 0.001 0.010 
 116   (0.029) 0.013 0.017 0.022 0.018 
 137   (0.026) 0.045 0.010 0.021 0.012 
 123   (0.018) 0.002 0.008 0.053 0.005 
 149   (0.011) 0.001 0.003 0.004 0.003 
 138   (0.013) 0.001 0.001 0.001 0.030 
 143   (0.028) 0.039 0.003 0.027 0.022 
 163   (0.010) 0.002 0.003 0.001 0.005 
 109   (0.011) 0.001 0.011 0.001 0.004 
 139   (0.010) 0.001 0.001 0.001 0.007 
 106   (0.010) 0.001 0.002 0.001 0.007 
 144   (0.016) 0.002 0.003 0.008 0.017 
 122   (0.011) 0.002 0.013 0.001 0.002 
 100   (0.018) 0.002 0.003 0.015 0.018 
 111   (0.011) 0.001 0.001 0.001 0.019 
 233   (0.010) 0.001 0.001 0.002 0.006 
 134   (0.010) 0.001 0.001 0.004 0.004 
 140   (0.010) 0.001 0.001 0.001 0.007 

Locus 6 : 
17 alleles
0.0% missing data
 221   (0.028) 0.038 0.088 0.002 0.006 
 232   (0.257) 0.341 0.207 0.370 0.326 
 229   (0.048) 0.054 0.073 0.047 0.013 
 223   (0.056) 0.009 0.089 0.044 0.042 
 230   (0.164) 0.222 0.148 0.119 0.201 
 235   (0.015) 0.002 0.039 0.001 0.003 
 236   (0.038) 0.017 0.055 0.003 0.031 
 227   (0.018) 0.002 0.043 0.001 0.006 
 220   (0.048) 0.071 0.008 0.092 0.033 
 222   (0.046) 0.093 0.006 0.070 0.034 
 234   (0.129) 0.119 0.139 0.128 0.129 
 224   (0.031) 0.004 0.004 0.035 0.042 
 228   (0.057) 0.007 0.021 0.048 0.118 
 225   (0.012) 0.001 0.005 0.003 0.003 
 226   (0.016) 0.001 0.004 0.034 0.004 
 233   (0.024) 0.017 0.044 0.002 0.008 
 231   (0.014) 0.001 0.026 0.001 0.003 

Locus 7 : 
10 alleles
0.0% missing data
 121   (0.694) 0.773 0.835 0.747 0.796 
 129   (0.084) 0.061 0.075 0.111 0.052 
 130   (0.015) 0.002 0.003 0.011 0.003 
 123   (0.096) 0.094 0.040 0.107 0.095 
 128   (0.015) 0.031 0.002 0.001 0.003 
 131   (0.016) 0.010 0.004 0.003 0.005 
 117   (0.012) 0.001 0.001 0.001 0.008 
 125   (0.014) 0.001 0.002 0.001 0.014 
 134   (0.040) 0.012 0.036 0.017 0.021 
 132   (0.013) 0.016 0.002 0.001 0.003 

Locus 8 : 
19 alleles
0.0% missing data
 184   (0.300) 0.399 0.483 0.360 0.384 
 194   (0.045) 0.022 0.043 0.008 0.046 
 178   (0.090) 0.109 0.155 0.160 0.054 
 176   (0.080) 0.133 0.052 0.056 0.092 
 182   (0.080) 0.099 0.059 0.095 0.074 
 190   (0.024) 0.049 0.005 0.022 0.005 
 196   (0.027) 0.002 0.011 0.023 0.017 
 200   (0.029) 0.014 0.014 0.004 0.026 
 180   (0.029) 0.031 0.008 0.004 0.024 
 188   (0.043) 0.016 0.023 0.028 0.038 
 174   (0.038) 0.039 0.028 0.003 0.038 
 186   (0.115) 0.066 0.100 0.179 0.154 
 192   (0.025) 0.008 0.008 0.036 0.009 
 201   (0.012) 0.007 0.001 0.001 0.003 
 199   (0.018) 0.002 0.002 0.007 0.015 
 185   (0.011) 0.001 0.001 0.001 0.008 
 203   (0.011) 0.001 0.003 0.003 0.004 
 198   (0.011) 0.001 0.002 0.004 0.004 
 209   (0.011) 0.001 0.001 0.005 0.004 

Locus 9 : 
6 alleles
0.4% missing data
 154   (0.699) 0.717 0.707 0.786 0.754 
 156   (0.206) 0.270 0.196 0.140 0.197 
 152   (0.046) 0.008 0.055 0.069 0.018 
 153   (0.015) 0.001 0.002 0.002 0.012 
 160   (0.015) 0.001 0.002 0.002 0.013 
 164   (0.019) 0.002 0.038 0.001 0.006 

Locus 10 : 
29 alleles
0.7% missing data
 305   (0.070) 0.095 0.071 0.030 0.073 
 313   (0.044) 0.005 0.082 0.022 0.041 
 311   (0.014) 0.001 0.010 0.001 0.006 
 299   (0.094) 0.036 0.180 0.175 0.086 
 315   (0.067) 0.066 0.072 0.013 0.090 
 287   (0.064) 0.027 0.025 0.032 0.147 
 291   (0.101) 0.073 0.146 0.261 0.081 
 295   (0.025) 0.004 0.102 0.003 0.015 
 289   (0.017) 0.003 0.004 0.050 0.006 
 303   (0.063) 0.351 0.018 0.113 0.051 
 297   (0.038) 0.030 0.080 0.054 0.008 
 293   (0.026) 0.004 0.033 0.003 0.026 
 301   (0.051) 0.057 0.057 0.008 0.058 
 285   (0.031) 0.095 0.004 0.070 0.012 
 307   (0.051) 0.107 0.050 0.044 0.028 
 312   (0.049) 0.028 0.010 0.045 0.085 
 306   (0.023) 0.002 0.009 0.003 0.043 
 320   (0.013) 0.001 0.001 0.001 0.014 
 317   (0.024) 0.002 0.012 0.002 0.035 
 314   (0.020) 0.002 0.020 0.001 0.016 
 323   (0.011) 0.001 0.001 0.001 0.008 
 325   (0.011) 0.001 0.001 0.001 0.008 
 310   (0.018) 0.002 0.003 0.010 0.017 
 309   (0.012) 0.002 0.002 0.001 0.012 
 316   (0.016) 0.001 0.002 0.004 0.017 
 296   (0.011) 0.001 0.001 0.001 0.008 
 304   (0.013) 0.001 0.001 0.025 0.003 
 321   (0.012) 0.001 0.001 0.012 0.003 
 332   (0.012) 0.001 0.002 0.012 0.003 

Locus 11 : 
19 alleles
0.0% missing data
 114   (0.140) 0.245 0.224 0.016 0.147 
 126   (0.023) 0.013 0.031 0.002 0.005 
 111   (0.064) 0.006 0.135 0.551 0.018 
 116   (0.110) 0.139 0.153 0.038 0.072 
 132   (0.013) 0.001 0.007 0.001 0.003 
 109   (0.016) 0.001 0.027 0.001 0.003 
 128   (0.019) 0.002 0.008 0.002 0.009 
 112   (0.344) 0.526 0.336 0.055 0.544 
 122   (0.017) 0.011 0.002 0.001 0.007 
 124   (0.013) 0.008 0.002 0.001 0.003 
 118   (0.055) 0.030 0.026 0.038 0.032 
 127   (0.013) 0.001 0.001 0.001 0.008 
 113   (0.049) 0.005 0.007 0.234 0.057 
 115   (0.034) 0.003 0.022 0.004 0.046 
 120   (0.024) 0.002 0.005 0.029 0.011 
 117   (0.021) 0.002 0.003 0.013 0.010 
 125   (0.017) 0.001 0.002 0.001 0.020 
 119   (0.014) 0.001 0.002 0.012 0.003 
 136   (0.013) 0.001 0.006 0.001 0.004 

Locus 12 : 
28 alleles
0.7% missing data
 306   (0.072) 0.091 0.069 0.056 0.054 
 314   (0.047) 0.006 0.074 0.055 0.034 
 312   (0.012) 0.001 0.014 0.001 0.002 
 300   (0.101) 0.037 0.189 0.174 0.087 
 316   (0.035) 0.061 0.061 0.011 0.008 
 288   (0.063) 0.028 0.025 0.032 0.141 
 292   (0.105) 0.073 0.148 0.265 0.082 
 296   (0.030) 0.005 0.102 0.004 0.022 
 290   (0.018) 0.003 0.004 0.050 0.006 
 304   (0.068) 0.353 0.019 0.112 0.052 
 298   (0.041) 0.030 0.081 0.054 0.009 
 294   (0.026) 0.004 0.033 0.003 0.026 
 302   (0.053) 0.057 0.058 0.008 0.058 
 286   (0.032) 0.096 0.004 0.076 0.012 
 308   (0.030) 0.101 0.031 0.002 0.017 
 313   (0.037) 0.028 0.009 0.004 0.096 
 307   (0.047) 0.008 0.027 0.047 0.053 
 321   (0.013) 0.001 0.001 0.001 0.014 
 315   (0.038) 0.005 0.028 0.003 0.097 
 318   (0.021) 0.002 0.005 0.006 0.032 
 324   (0.011) 0.001 0.001 0.001 0.008 
 326   (0.011) 0.001 0.001 0.001 0.008 
 311   (0.023) 0.002 0.005 0.014 0.030 
 310   (0.013) 0.002 0.002 0.001 0.013 
 305   (0.014) 0.001 0.002 0.001 0.019 
 317   (0.014) 0.001 0.002 0.001 0.014 
 320   (0.011) 0.001 0.001 0.005 0.003 
 322   (0.012) 0.001 0.001 0.012 0.003 

Locus 13 : 
7 alleles
1.1% missing data
 161   (0.607) 0.552 0.689 0.490 0.555 
 163   (0.289) 0.034 0.243 0.443 0.421 
 160   (0.019) 0.183 0.003 0.002 0.005 
 162   (0.018) 0.185 0.002 0.001 0.003 
 165   (0.038) 0.005 0.054 0.061 0.009 
 166   (0.014) 0.002 0.007 0.001 0.003 
 164   (0.016) 0.041 0.002 0.001 0.003 

Locus 14 : 
4 alleles
0.4% missing data
  98   (0.958) 0.992 0.986 0.997 0.981 
 100   (0.013) 0.002 0.001 0.001 0.007 
  96   (0.016) 0.005 0.011 0.001 0.003 
 105   (0.013) 0.001 0.002 0.001 0.008 

Locus 15 : 
12 alleles
2.2% missing data
 171   (0.294) 0.187 0.337 0.336 0.357 
 177   (0.177) 0.198 0.207 0.116 0.181 
 173   (0.259) 0.129 0.292 0.463 0.279 
 179   (0.109) 0.407 0.081 0.050 0.085 
 183   (0.021) 0.003 0.021 0.003 0.009 
 181   (0.044) 0.064 0.008 0.016 0.037 
 197   (0.022) 0.003 0.026 0.003 0.010 
 170   (0.014) 0.001 0.002 0.001 0.014 
 189   (0.015) 0.003 0.005 0.001 0.010 
 203   (0.015) 0.002 0.017 0.001 0.006 
 187   (0.017) 0.001 0.002 0.005 0.011 
 198   (0.012) 0.001 0.002 0.006 0.004 

Values of parameters used in structure:
DATAFILE=STRUCTURE_main_final_278_HEG_ZG.str,	OUTFILE=STRUCTURE_main_final_278_HEG_ZG-K4-6,	NUMINDS=278,	NUMLOCI=15,	MISSING=-9,	LABEL=1,	POPDATA=1,	POPFLAG=0,	PHENOTYPE=0,	EXTRACOLS=0,	MAXPOPS=4,	BURNIN=100000,	NUMREPS=500000,	USEPOPINFO=0,	INFERALPHA=1,	INFERLAMBDA=0,	POPSPECIFICLAMBDA=0,	POPALPHAS=0,	COMPUTEPROB=1,	NOADMIX=0,	ADMBURNIN=2500,	UPDATEFREQ=1,	PRINTLIKES=0,	INTERMEDSAVE=0,	PRINTKLD=0,	PRINTNET=0,	PRINTLAMBDA=0,	ANCESTDIST=0,	NUMBOXES=1000,	ANCESTPINT=0.90000,	GENSBACK=2,	MIGRPRIOR=0.05000,	PRINTQHAT=0,	PRINTQSUM=0,	ALPHA=1.0000,	FREQSCORR=1,	FPRIORMEAN=0.0100,	FPRIORSD=0.0500,	ONEFST=0,	LAMBDA=1.0000,	UNIFPRIORALPHA=1,	ALPHAMAX=10.0000,	ALPHAPRIORA=1.0000,	ALPHAPRIORB=2.0000,	ALPHAPROPSD=0.0250,	STARTATPOPINFO=0,	RANDOMIZE=1,	LINKAGE=0,	METROFREQ=10,	REPORTHITRATE=0,	MARKOVPHASE=-1,	PHASED=0,	PLOIDY=2,	PHASEINFO=0	LOCPRIOR=0, 	LOCPRIORINIT=1.000000, 	LOCDATA=0, 	LOCISPOP=0, 	LOCPRIORSTEP=0.100000, 	MAXLOCPRIOR=20.000000, 	SEED=1782480289,	
[STRAT parameters]:    NUMSIMSTATS=1000,	PHENOTYPECOL=-9,	POOLFREQ=10,	LOCUSxONLY=0,	EMERROR=0.00100,	MISSINGPHENO=-9,	