

----------------------------------------------------
STRUCTURE by Pritchard, Stephens and Donnelly (2000)
     and Falush, Stephens and Pritchard (2003)
       Code by Pritchard, Falush and Hubisz
             Version 2.3.4 (Jul 2012)
----------------------------------------------------



Command line arguments:   structure -K 9 -i STRUCTURE_main_final_278_HEG_ZG.str -o STRUCTURE_main_final_278_HEG_ZG-K9-14 
Input File:    STRUCTURE_main_final_278_HEG_ZG.str

Run parameters:
   278 individuals
   15 loci
   9 populations assumed
   100000 Burn-in period
   500000 Reps


--------------------------------------------
Proportion of membership of each pre-defined
 population in each of the 9 clusters

Given    Inferred Clusters                                                 Number of
 Pop       1      2      3      4      5      6      7      8      9      Individuals

  1:     0.051  0.015  0.612  0.042  0.094  0.018  0.027  0.103  0.038       24
  2:     0.024  0.036  0.020  0.038  0.088  0.018  0.015  0.026  0.735       24
  3:     0.050  0.235  0.019  0.020  0.048  0.322  0.243  0.052  0.011       24
  4:     0.021  0.038  0.051  0.484  0.168  0.125  0.036  0.046  0.031       24
  5:     0.053  0.101  0.029  0.199  0.219  0.315  0.013  0.027  0.043       24
  6:     0.024  0.026  0.512  0.137  0.049  0.087  0.021  0.015  0.129       24
  7:     0.012  0.014  0.096  0.053  0.053  0.017  0.017  0.013  0.724       24
  8:     0.018  0.013  0.019  0.051  0.232  0.551  0.044  0.060  0.012       14
  9:     0.690  0.043  0.040  0.026  0.015  0.036  0.044  0.098  0.010       24
 10:     0.076  0.043  0.013  0.013  0.042  0.027  0.179  0.591  0.015       24
 11:     0.173  0.081  0.022  0.026  0.033  0.030  0.356  0.266  0.013       24
 12:     0.021  0.047  0.300  0.137  0.171  0.083  0.083  0.076  0.083       24
--------------------------------------------

Allele-freq. divergence among pops (Net nucleotide distance),
computed using point estimates of P.

      1       2       3       4       5       6       7       8       9      
 1      -    0.0890  0.0407  0.0567  0.0421  0.0408  0.0622  0.0452  0.0706  
 2   0.0890     -    0.0886  0.0896  0.0760  0.0726  0.1153  0.1133  0.1034  
 3   0.0407  0.0886     -    0.0371  0.0329  0.0329  0.0865  0.0697  0.0484  
 4   0.0567  0.0896  0.0371     -    0.0355  0.0386  0.0965  0.0695  0.0560  
 5   0.0421  0.0760  0.0329  0.0355     -    0.0237  0.0743  0.0673  0.0525  
 6   0.0408  0.0726  0.0329  0.0386  0.0237     -    0.0709  0.0601  0.0552  
 7   0.0622  0.1153  0.0865  0.0965  0.0743  0.0709     -    0.0802  0.0836  
 8   0.0452  0.1133  0.0697  0.0695  0.0673  0.0601  0.0802     -    0.1057  
 9   0.0706  0.1034  0.0484  0.0560  0.0525  0.0552  0.0836  0.1057     -    

Average distances (expected heterozygosity) between individuals in same cluster:
cluster  1  : 0.6260 
cluster  2  : 0.5801 
cluster  3  : 0.6143 
cluster  4  : 0.5888 
cluster  5  : 0.6261 
cluster  6  : 0.6316 
cluster  7  : 0.5537 
cluster  8  : 0.5975 
cluster  9  : 0.6264 

--------------------------------------------
Estimated Ln Prob of Data   = -12478.7
Mean value of ln likelihood = -11819.5
Variance of ln likelihood   = 1318.3
Mean value of alpha         = 0.0510

Mean value of Fst_1         = 0.1100
Mean value of Fst_2         = 0.2027
Mean value of Fst_3         = 0.0879
Mean value of Fst_4         = 0.1286
Mean value of Fst_5         = 0.1000
Mean value of Fst_6         = 0.0642
Mean value of Fst_7         = 0.2195
Mean value of Fst_8         = 0.1665
Mean value of Fst_9         = 0.1342


Inferred ancestry of individuals:
        Label (%Miss) Pop:  Inferred clusters
  1 24.0601.E1    (0)    1 :  0.010 0.012 0.905 0.009 0.015 0.009 0.014 0.007 0.020 
  2 24.0602.E1    (0)    1 :  0.018 0.009 0.902 0.006 0.022 0.010 0.011 0.013 0.007 
  3 24.0603.E1    (0)    1 :  0.015 0.007 0.855 0.037 0.017 0.050 0.007 0.005 0.007 
  4 24.0604.E1    (0)    1 :  0.009 0.149 0.596 0.113 0.033 0.005 0.006 0.081 0.008 
  5 24.0605.E1    (0)    1 :  0.033 0.006 0.859 0.027 0.016 0.014 0.013 0.010 0.020 
  6 24.0606.E1    (0)    1 :  0.018 0.006 0.768 0.042 0.103 0.015 0.007 0.025 0.016 
  7 24.0607.E1    (0)    1 :  0.490 0.035 0.230 0.022 0.083 0.059 0.009 0.011 0.061 
  8 24.0608.E1    (0)    1 :  0.013 0.005 0.731 0.007 0.015 0.009 0.171 0.026 0.023 
  9 24.0609.E1    (0)    1 :  0.013 0.007 0.103 0.275 0.055 0.017 0.018 0.507 0.005 
 10 24.0610.E1    (0)    1 :  0.011 0.005 0.432 0.068 0.010 0.016 0.006 0.447 0.006 
 11 24.0611.E1    (0)    1 :  0.044 0.005 0.829 0.035 0.008 0.014 0.006 0.052 0.007 
 12 24.0612.E1    (0)    1 :  0.009 0.018 0.902 0.007 0.015 0.017 0.005 0.009 0.017 
 13 24.0613.E1    (0)    1 :  0.006 0.006 0.875 0.051 0.008 0.008 0.005 0.035 0.006 
 14 24.0614.E1    (0)    1 :  0.230 0.005 0.385 0.014 0.019 0.008 0.233 0.010 0.097 
 15 24.0615.E1    (0)    1 :  0.030 0.020 0.642 0.011 0.029 0.012 0.027 0.192 0.037 
 16 24.0616.E1    (0)    1 :  0.013 0.007 0.916 0.014 0.011 0.009 0.007 0.014 0.009 
 17 24.0617.E1    (0)    1 :  0.023 0.006 0.233 0.019 0.012 0.014 0.008 0.645 0.038 
 18 24.0618.E1    (0)    1 :  0.048 0.006 0.743 0.023 0.028 0.037 0.022 0.087 0.007 
 19 24.0619.E1    (0)    1 :  0.018 0.006 0.155 0.016 0.757 0.008 0.007 0.026 0.008 
 20 24.0620.E1   (20)    1 :  0.025 0.014 0.103 0.180 0.206 0.031 0.012 0.080 0.349 
 21 24.0621.E1    (0)    1 :  0.061 0.006 0.021 0.008 0.747 0.007 0.035 0.109 0.005 
 22 24.0622.E1    (0)    1 :  0.005 0.005 0.915 0.013 0.012 0.014 0.006 0.012 0.017 
 23 24.0623.E1    (0)    1 :  0.064 0.009 0.645 0.013 0.028 0.042 0.016 0.052 0.130 
 24 24.0624.E1    (0)    1 :  0.009 0.005 0.944 0.006 0.006 0.007 0.005 0.013 0.006 
 25 24.0625.E1    (0)    2 :  0.038 0.043 0.019 0.075 0.031 0.048 0.026 0.015 0.705 
 26 24.0626.E1    (0)    2 :  0.009 0.005 0.006 0.006 0.005 0.007 0.024 0.004 0.935 
 27 24.0627.E1    (0)    2 :  0.009 0.336 0.007 0.015 0.051 0.007 0.013 0.006 0.556 
 28 24.0628.E1    (0)    2 :  0.012 0.007 0.029 0.083 0.023 0.021 0.032 0.198 0.595 
 29 24.0629.E1    (0)    2 :  0.027 0.016 0.126 0.010 0.010 0.046 0.011 0.016 0.739 
 30 24.0630.E1    (0)    2 :  0.012 0.012 0.007 0.019 0.016 0.008 0.008 0.005 0.913 
 31 24.0631.E1    (0)    2 :  0.008 0.007 0.009 0.006 0.006 0.005 0.003 0.003 0.953 
 32 24.0632.E1    (0)    2 :  0.018 0.036 0.014 0.010 0.009 0.012 0.010 0.008 0.883 
 33 24.0633.E1    (0)    2 :  0.012 0.005 0.010 0.008 0.395 0.011 0.121 0.009 0.429 
 34 24.0634.E1    (0)    2 :  0.028 0.010 0.012 0.024 0.012 0.022 0.017 0.014 0.860 
 35 24.0635.E1    (0)    2 :  0.036 0.011 0.017 0.008 0.493 0.031 0.013 0.016 0.374 
 36 24.0636.E1   (33)    2 :  0.007 0.015 0.051 0.197 0.023 0.022 0.011 0.008 0.667 
 37 24.0637.E1    (0)    2 :  0.009 0.005 0.006 0.006 0.005 0.010 0.003 0.003 0.952 
 38 24.0638.E1    (0)    2 :  0.012 0.011 0.009 0.036 0.337 0.029 0.006 0.005 0.554 
 39 24.0639.E1    (0)    2 :  0.016 0.015 0.047 0.008 0.009 0.059 0.011 0.088 0.746 
 40 24.0640.E1    (0)    2 :  0.033 0.006 0.014 0.010 0.010 0.010 0.008 0.011 0.897 
 41 24.0641.E1    (0)    2 :  0.172 0.017 0.025 0.006 0.367 0.012 0.008 0.010 0.383 
 42 24.0642.E1    (0)    2 :  0.005 0.006 0.030 0.041 0.269 0.005 0.006 0.004 0.633 
 43 24.0643.E1    (0)    2 :  0.010 0.279 0.009 0.015 0.013 0.019 0.007 0.012 0.636 
 44 24.0644.E1    (0)    2 :  0.030 0.006 0.008 0.070 0.009 0.009 0.007 0.070 0.790 
 45 24.0645.E1    (0)    2 :  0.014 0.007 0.009 0.169 0.006 0.006 0.004 0.043 0.742 
 46 24.0646.E1    (0)    2 :  0.030 0.006 0.008 0.070 0.009 0.008 0.007 0.073 0.789 
 47 24.0647.E1    (0)    2 :  0.009 0.005 0.006 0.006 0.005 0.010 0.003 0.003 0.952 
 48 24.0648.E1    (0)    2 :  0.009 0.005 0.006 0.006 0.005 0.011 0.003 0.003 0.951 
 49 24.0649.E1    (0)    3 :  0.009 0.012 0.005 0.008 0.021 0.910 0.010 0.021 0.004 
 50 24.0650.E1    (0)    3 :  0.162 0.010 0.025 0.158 0.252 0.054 0.237 0.098 0.004 
 51 24.0651.E1    (0)    3 :  0.361 0.031 0.009 0.026 0.020 0.442 0.032 0.008 0.072 
 52 24.0652.E1    (0)    3 :  0.009 0.011 0.032 0.006 0.085 0.034 0.813 0.006 0.004 
 53 24.0653.E1    (0)    3 :  0.017 0.836 0.005 0.009 0.021 0.061 0.020 0.024 0.006 
 54 24.0654.E1    (0)    3 :  0.008 0.008 0.008 0.008 0.010 0.324 0.603 0.023 0.007 
 55 24.0655.E1    (0)    3 :  0.025 0.009 0.031 0.011 0.031 0.637 0.223 0.022 0.011 
 56 24.0656.E1    (0)    3 :  0.006 0.016 0.009 0.018 0.024 0.020 0.883 0.013 0.009 
 57 24.0657.E1    (0)    3 :  0.007 0.017 0.010 0.019 0.029 0.025 0.872 0.014 0.009 
 58 24.0658.E1    (0)    3 :  0.012 0.067 0.022 0.034 0.039 0.635 0.006 0.178 0.007 
 59 24.0659.E1    (0)    3 :  0.059 0.343 0.059 0.011 0.283 0.110 0.099 0.032 0.005 
 60 24.0660.E1    (6)    3 :  0.009 0.011 0.019 0.013 0.049 0.876 0.008 0.007 0.009 
 61 24.0661.E1    (0)    3 :  0.009 0.008 0.009 0.006 0.007 0.022 0.927 0.006 0.006 
 62 24.0662.E1    (0)    3 :  0.360 0.058 0.076 0.010 0.021 0.375 0.060 0.022 0.017 
 63 24.0663.E1    (0)    3 :  0.045 0.007 0.006 0.050 0.009 0.137 0.073 0.665 0.008 
 64 24.0664.E1    (0)    3 :  0.007 0.011 0.007 0.012 0.023 0.521 0.383 0.016 0.020 
 65 24.0665.E1    (0)    3 :  0.009 0.045 0.008 0.026 0.031 0.405 0.441 0.005 0.029 
 66 24.0666.E1    (0)    3 :  0.005 0.938 0.008 0.012 0.010 0.008 0.008 0.008 0.004 
 67 24.0667.E1    (0)    3 :  0.004 0.937 0.010 0.005 0.016 0.012 0.007 0.005 0.004 
 68 24.0668.E1    (0)    3 :  0.004 0.968 0.004 0.004 0.004 0.004 0.004 0.004 0.004 
 69 24.0669.E1    (0)    3 :  0.004 0.966 0.004 0.004 0.004 0.005 0.004 0.004 0.004 
 70 24.0670.E1    (0)    3 :  0.010 0.026 0.010 0.004 0.012 0.896 0.013 0.023 0.004 
 71 24.0671.E1    (0)    3 :  0.022 0.010 0.008 0.019 0.013 0.810 0.086 0.023 0.010 
 72 24.0672.E1    (0)    3 :  0.045 0.298 0.064 0.014 0.138 0.413 0.012 0.010 0.005 
 73 24.0673.E1    (6)    4 :  0.019 0.009 0.114 0.181 0.075 0.019 0.448 0.009 0.127 
 74 24.0674.E1    (0)    4 :  0.012 0.004 0.013 0.937 0.006 0.007 0.005 0.008 0.008 
 75 24.0675.E1    (0)    4 :  0.039 0.010 0.027 0.764 0.018 0.029 0.036 0.047 0.031 
 76 24.0676.E1    (0)    4 :  0.020 0.007 0.016 0.606 0.024 0.042 0.017 0.256 0.012 
 77 24.0677.E1    (0)    4 :  0.061 0.020 0.042 0.031 0.028 0.741 0.045 0.027 0.007 
 78 24.0678.E1    (0)    4 :  0.036 0.074 0.337 0.019 0.171 0.298 0.030 0.008 0.027 
 79 24.0679.E1    (0)    4 :  0.016 0.026 0.081 0.082 0.682 0.032 0.008 0.065 0.007 
 80 24.0680.E1    (0)    4 :  0.011 0.029 0.018 0.019 0.861 0.038 0.009 0.006 0.008 
 81 24.0681.E1    (0)    4 :  0.012 0.012 0.034 0.181 0.685 0.042 0.008 0.008 0.017 
 82 24.0682.E1    (0)    4 :  0.004 0.004 0.004 0.964 0.005 0.004 0.003 0.007 0.005 
 83 24.0683.E1    (0)    4 :  0.012 0.007 0.015 0.923 0.008 0.007 0.007 0.004 0.017 
 84 24.0684.E1    (0)    4 :  0.009 0.011 0.073 0.769 0.022 0.041 0.006 0.026 0.044 
 85 24.0685.E1    (0)    4 :  0.006 0.064 0.019 0.596 0.265 0.013 0.005 0.017 0.013 
 86 24.0686.E1    (0)    4 :  0.089 0.013 0.074 0.030 0.115 0.617 0.006 0.016 0.040 
 87 24.0687.E1    (0)    4 :  0.072 0.006 0.033 0.068 0.105 0.593 0.007 0.019 0.096 
 88 24.0688.E1    (0)    4 :  0.004 0.004 0.006 0.956 0.008 0.007 0.004 0.004 0.006 
 89 24.0689.E1    (0)    4 :  0.018 0.006 0.032 0.164 0.136 0.172 0.033 0.405 0.034 
 90 24.0690.E1    (0)    4 :  0.026 0.548 0.032 0.043 0.207 0.084 0.019 0.006 0.037 
 91 24.0691.E1    (0)    4 :  0.006 0.010 0.039 0.860 0.024 0.020 0.006 0.030 0.006 
 92 24.0692.E1    (0)    4 :  0.006 0.007 0.006 0.875 0.019 0.062 0.005 0.014 0.006 
 93 24.0693.E1    (0)    4 :  0.012 0.011 0.013 0.508 0.033 0.095 0.129 0.033 0.166 
 94 24.0694.E1    (0)    4 :  0.006 0.011 0.011 0.817 0.119 0.009 0.005 0.013 0.009 
 95 24.0695.E1    (0)    4 :  0.013 0.013 0.148 0.465 0.276 0.011 0.008 0.059 0.007 
 96 24.0696.E1    (0)    4 :  0.008 0.011 0.032 0.751 0.152 0.013 0.005 0.015 0.014 
 97 24.0697.E1    (0)    5 :  0.016 0.007 0.007 0.466 0.039 0.430 0.007 0.011 0.016 
 98 24.0698.E1    (0)    5 :  0.033 0.050 0.025 0.166 0.019 0.627 0.010 0.021 0.049 
 99 24.0699.E1    (0)    5 :  0.021 0.012 0.020 0.009 0.014 0.901 0.009 0.006 0.010 
100 24.0700.E1    (0)    5 :  0.008 0.015 0.007 0.016 0.659 0.274 0.008 0.007 0.005 
101 24.0701.E1    (0)    5 :  0.010 0.897 0.008 0.010 0.013 0.017 0.008 0.010 0.027 
102 24.0702.E1    (0)    5 :  0.008 0.036 0.012 0.009 0.681 0.218 0.008 0.007 0.020 
103 24.0703.E1    (0)    5 :  0.150 0.029 0.013 0.014 0.014 0.740 0.005 0.006 0.029 
104 24.0704.E1    (6)    5 :  0.305 0.015 0.020 0.028 0.035 0.570 0.006 0.009 0.010 
105 24.0705.E1    (0)    5 :  0.008 0.026 0.034 0.125 0.764 0.021 0.006 0.008 0.008 
106 24.0706.E1    (0)    5 :  0.008 0.019 0.007 0.014 0.712 0.205 0.013 0.014 0.008 
107 24.0707.E1    (0)    5 :  0.052 0.009 0.026 0.059 0.267 0.545 0.011 0.006 0.025 
108 24.0708.E1    (0)    5 :  0.361 0.026 0.061 0.051 0.048 0.071 0.028 0.180 0.175 
109 24.0709.E1    (0)    5 :  0.021 0.009 0.010 0.808 0.016 0.020 0.013 0.096 0.007 
110 24.0710.E1    (0)    5 :  0.044 0.057 0.055 0.436 0.028 0.341 0.008 0.020 0.012 
111 24.0711.E1    (0)    5 :  0.023 0.050 0.145 0.129 0.143 0.453 0.011 0.009 0.036 
112 24.0712.E1    (0)    5 :  0.009 0.765 0.023 0.054 0.042 0.051 0.007 0.009 0.041 
113 24.0713.E1    (0)    5 :  0.035 0.009 0.011 0.190 0.620 0.053 0.006 0.068 0.009 
114 24.0714.E1    (0)    5 :  0.036 0.010 0.056 0.009 0.727 0.125 0.014 0.014 0.009 
115 24.0715.E1    (0)    5 :  0.007 0.013 0.039 0.399 0.021 0.414 0.025 0.009 0.072 
116 24.0716.E1    (0)    5 :  0.042 0.289 0.063 0.021 0.031 0.463 0.009 0.047 0.036 
117 24.0717.E1    (0)    5 :  0.041 0.014 0.017 0.023 0.143 0.263 0.088 0.021 0.389 
118 24.0718.E1    (0)    5 :  0.008 0.052 0.028 0.219 0.131 0.516 0.005 0.010 0.030 
119 24.0719.E1    (0)    5 :  0.014 0.012 0.007 0.736 0.069 0.104 0.008 0.036 0.013 
120 24.0720.E1    (0)    5 :  0.008 0.011 0.012 0.778 0.021 0.140 0.008 0.016 0.007 
121 24.0721.E1    (0)    6 :  0.019 0.024 0.032 0.419 0.098 0.212 0.057 0.016 0.124 
122 24.0722.E1    (0)    6 :  0.017 0.053 0.036 0.249 0.016 0.105 0.009 0.012 0.502 
123 24.0723.E1    (0)    6 :  0.079 0.012 0.042 0.026 0.039 0.055 0.156 0.038 0.554 
124 24.0724.E1    (0)    6 :  0.198 0.012 0.269 0.338 0.031 0.025 0.020 0.051 0.057 
125 24.0725.E1    (0)    6 :  0.006 0.007 0.923 0.010 0.011 0.011 0.017 0.007 0.007 
126 24.0726.E1    (6)    6 :  0.010 0.006 0.578 0.052 0.287 0.013 0.006 0.006 0.040 
127 24.0727.E1    (0)    6 :  0.045 0.044 0.532 0.045 0.046 0.029 0.046 0.013 0.199 
128 24.0728.E1    (0)    6 :  0.011 0.012 0.342 0.030 0.017 0.428 0.030 0.014 0.117 
129 24.0729.E1    (0)    6 :  0.012 0.037 0.738 0.116 0.020 0.014 0.005 0.033 0.024 
130 24.0730.E1    (0)    6 :  0.009 0.012 0.060 0.127 0.010 0.738 0.011 0.018 0.014 
131 24.0731.E1    (0)    6 :  0.008 0.004 0.267 0.248 0.402 0.009 0.016 0.008 0.037 
132 24.0732.E1    (0)    6 :  0.005 0.008 0.225 0.352 0.018 0.056 0.014 0.004 0.318 
133 24.0733.E1    (0)    6 :  0.004 0.004 0.953 0.007 0.006 0.005 0.004 0.006 0.012 
134 24.0734.E1    (0)    6 :  0.010 0.013 0.080 0.060 0.029 0.172 0.014 0.008 0.616 
135 24.0735.E1    (0)    6 :  0.007 0.012 0.813 0.024 0.021 0.034 0.008 0.017 0.063 
136 24.0736.E1    (0)    6 :  0.006 0.005 0.941 0.008 0.009 0.008 0.007 0.006 0.011 
137 24.0737.E1    (0)    6 :  0.018 0.009 0.899 0.012 0.012 0.025 0.009 0.007 0.011 
138 24.0738.E1    (0)    6 :  0.009 0.009 0.924 0.009 0.012 0.013 0.008 0.005 0.011 
139 24.0739.E1    (0)    6 :  0.007 0.007 0.919 0.011 0.010 0.024 0.008 0.007 0.007 
140 24.0740.E1    (0)    6 :  0.013 0.011 0.674 0.222 0.016 0.016 0.007 0.027 0.015 
141 24.0741.E1    (0)    6 :  0.008 0.006 0.474 0.309 0.013 0.052 0.010 0.010 0.118 
142 24.0742.E1    (0)    6 :  0.030 0.010 0.670 0.055 0.015 0.011 0.008 0.008 0.194 
143 24.0743.E1    (0)    6 :  0.022 0.018 0.498 0.411 0.009 0.012 0.009 0.013 0.007 
144 24.0744.E1    (0)    6 :  0.018 0.289 0.403 0.161 0.023 0.018 0.015 0.028 0.045 
145 24.0745.E1    (0)    7 :  0.011 0.029 0.006 0.029 0.036 0.015 0.053 0.010 0.809 
146 24.0746.E1    (0)    7 :  0.052 0.015 0.013 0.070 0.023 0.028 0.011 0.015 0.773 
147 24.0747.E1    (0)    7 :  0.008 0.009 0.122 0.168 0.024 0.019 0.022 0.025 0.604 
148 24.0748.E1    (6)    7 :  0.009 0.010 0.129 0.215 0.045 0.018 0.058 0.039 0.478 
149 24.0749.E1    (0)    7 :  0.009 0.009 0.375 0.042 0.012 0.013 0.005 0.007 0.526 
150 24.0750.E1    (0)    7 :  0.026 0.015 0.377 0.206 0.220 0.067 0.010 0.015 0.064 
151 24.0751.E1    (0)    7 :  0.006 0.005 0.013 0.007 0.008 0.006 0.006 0.005 0.943 
152 24.0752.E1    (0)    7 :  0.007 0.005 0.105 0.012 0.007 0.016 0.013 0.008 0.827 
153 24.0753.E1    (0)    7 :  0.008 0.010 0.067 0.010 0.008 0.008 0.016 0.005 0.867 
154 24.0754.E1    (0)    7 :  0.005 0.008 0.026 0.020 0.013 0.009 0.028 0.006 0.884 
155 24.0755.E1    (0)    7 :  0.009 0.007 0.019 0.137 0.013 0.023 0.008 0.033 0.751 
156 24.0756.E1    (0)    7 :  0.011 0.004 0.010 0.014 0.008 0.005 0.006 0.009 0.932 
157 24.0757.E1    (0)    7 :  0.004 0.004 0.006 0.008 0.005 0.005 0.005 0.004 0.959 
158 24.0758.E1    (0)    7 :  0.004 0.005 0.006 0.009 0.006 0.005 0.005 0.004 0.956 
159 24.0759.E1    (0)    7 :  0.008 0.011 0.296 0.015 0.022 0.011 0.077 0.006 0.555 
160 24.0760.E1    (0)    7 :  0.006 0.010 0.008 0.019 0.013 0.020 0.007 0.006 0.910 
161 24.0761.E1    (0)    7 :  0.004 0.004 0.005 0.005 0.005 0.005 0.007 0.004 0.962 
162 24.0762.E1    (0)    7 :  0.016 0.141 0.165 0.032 0.501 0.059 0.008 0.054 0.025 
163 24.0763.E1    (0)    7 :  0.007 0.005 0.019 0.031 0.012 0.007 0.016 0.005 0.898 
164 24.0764.E1    (0)    7 :  0.005 0.005 0.074 0.009 0.013 0.010 0.005 0.005 0.874 
165 24.0765.E1    (0)    7 :  0.018 0.004 0.007 0.019 0.010 0.006 0.011 0.007 0.919 
166 24.0766.E1    (0)    7 :  0.006 0.006 0.025 0.012 0.007 0.008 0.016 0.005 0.916 
167 24.0767.E1    (0)    7 :  0.009 0.004 0.008 0.028 0.006 0.006 0.008 0.006 0.926 
168 24.0768.E1    (0)    7 :  0.031 0.009 0.431 0.165 0.264 0.030 0.011 0.032 0.027 
169 24.0779.E1    (0)    8 :  0.044 0.009 0.013 0.074 0.015 0.807 0.013 0.008 0.018 
170 24.0780.E1    (6)    8 :  0.015 0.009 0.009 0.028 0.230 0.485 0.040 0.179 0.005 
171 24.0781.E1    (0)    8 :  0.007 0.006 0.005 0.008 0.371 0.582 0.007 0.009 0.005 
172 24.0782.E1    (0)    8 :  0.031 0.009 0.122 0.265 0.263 0.202 0.040 0.024 0.044 
173 24.0783.E1    (0)    8 :  0.007 0.020 0.005 0.011 0.785 0.019 0.012 0.137 0.005 
174 24.0784.E1    (0)    8 :  0.024 0.004 0.008 0.059 0.023 0.836 0.008 0.033 0.004 
175 24.0785.E1    (0)    8 :  0.027 0.011 0.006 0.009 0.102 0.766 0.040 0.034 0.004 
176 24.0786.E1    (0)    8 :  0.012 0.011 0.033 0.136 0.132 0.453 0.023 0.189 0.011 
177 24.0787.E1    (0)    8 :  0.012 0.006 0.014 0.014 0.109 0.786 0.023 0.011 0.026 
178 24.0788.E1    (0)    8 :  0.011 0.008 0.006 0.052 0.036 0.704 0.020 0.150 0.014 
179 24.0789.E1    (0)    8 :  0.022 0.006 0.021 0.010 0.010 0.879 0.011 0.030 0.010 
180 24.0790.E1    (0)    8 :  0.013 0.007 0.005 0.005 0.120 0.814 0.019 0.013 0.005 
181 24.0791.E1    (0)    8 :  0.012 0.066 0.007 0.009 0.786 0.081 0.021 0.011 0.007 
182 24.0792.E1    (0)    8 :  0.009 0.014 0.010 0.034 0.265 0.308 0.344 0.007 0.010 
183 24.0793.E1    (0)    9 :  0.729 0.008 0.028 0.013 0.014 0.100 0.036 0.055 0.016 
184 24.0794.E1    (0)    9 :  0.109 0.006 0.511 0.007 0.024 0.022 0.275 0.040 0.007 
185 24.0795.E1    (0)    9 :  0.727 0.006 0.128 0.021 0.036 0.025 0.007 0.035 0.014 
186 24.0796.E1    (0)    9 :  0.098 0.006 0.044 0.007 0.021 0.171 0.226 0.421 0.007 
187 24.0797.E1    (0)    9 :  0.620 0.007 0.013 0.008 0.028 0.159 0.043 0.119 0.005 
188 24.0798.E1    (0)    9 :  0.489 0.315 0.008 0.036 0.015 0.021 0.066 0.014 0.037 
189 24.0799.E1    (0)    9 :  0.796 0.048 0.022 0.011 0.011 0.021 0.012 0.071 0.008 
190 24.0800.E1    (0)    9 :  0.469 0.017 0.020 0.053 0.022 0.019 0.061 0.330 0.009 
191 24.0801.E1    (0)    9 :  0.551 0.372 0.005 0.021 0.012 0.008 0.014 0.009 0.006 
192 24.0802.E1    (0)    9 :  0.904 0.008 0.006 0.007 0.025 0.010 0.007 0.025 0.006 
193 24.0803.E1    (0)    9 :  0.889 0.054 0.009 0.007 0.010 0.008 0.008 0.008 0.007 
194 24.0804.E1    (0)    9 :  0.819 0.004 0.010 0.009 0.006 0.011 0.011 0.124 0.007 
195 24.0805.E1    (0)    9 :  0.863 0.017 0.009 0.029 0.011 0.009 0.007 0.049 0.005 
196 24.0806.E1    (0)    9 :  0.950 0.006 0.006 0.005 0.006 0.007 0.007 0.005 0.008 
197 24.0807.E1    (0)    9 :  0.889 0.008 0.007 0.009 0.017 0.017 0.032 0.015 0.005 
198 24.0808.E1    (0)    9 :  0.539 0.007 0.013 0.138 0.014 0.097 0.036 0.143 0.014 
199 24.0809.E1    (0)    9 :  0.691 0.015 0.018 0.073 0.013 0.009 0.011 0.162 0.008 
200 24.0810.E1    (0)    9 :  0.859 0.041 0.008 0.031 0.006 0.010 0.026 0.009 0.010 
201 24.0811.E1    (0)    9 :  0.761 0.005 0.029 0.008 0.012 0.028 0.111 0.036 0.010 
202 24.0812.E1    (0)    9 :  0.553 0.008 0.029 0.021 0.018 0.039 0.008 0.318 0.006 
203 24.0813.E1    (0)    9 :  0.821 0.004 0.007 0.063 0.023 0.031 0.007 0.037 0.007 
204 24.0814.E1    (6)    9 :  0.649 0.008 0.008 0.027 0.007 0.008 0.017 0.268 0.007 
205 24.0815.E1    (0)    9 :  0.870 0.035 0.005 0.010 0.006 0.007 0.009 0.043 0.014 
206 24.0816.E1    (0)    9 :  0.907 0.016 0.007 0.004 0.007 0.019 0.024 0.011 0.006 
207 24.0817.E1    (0)   10 :  0.080 0.007 0.016 0.011 0.017 0.031 0.054 0.780 0.005 
208 24.0818.E1    (0)   10 :  0.018 0.009 0.050 0.007 0.036 0.089 0.075 0.705 0.011 
209 24.0819.E1    (0)   10 :  0.328 0.123 0.014 0.013 0.035 0.011 0.331 0.018 0.127 
210 24.0820.E1    (0)   10 :  0.010 0.011 0.007 0.006 0.006 0.007 0.910 0.017 0.026 
211 24.0821.E1    (0)   10 :  0.073 0.231 0.015 0.017 0.018 0.234 0.262 0.138 0.011 
212 24.0822.E1    (0)   10 :  0.006 0.007 0.007 0.010 0.005 0.045 0.013 0.896 0.011 
213 24.0823.E1    (0)   10 :  0.008 0.012 0.008 0.011 0.005 0.007 0.566 0.362 0.022 
214 24.0824.E1    (0)   10 :  0.013 0.426 0.007 0.039 0.006 0.007 0.015 0.479 0.007 
215 24.0825.E1    (0)   10 :  0.005 0.005 0.005 0.008 0.005 0.005 0.005 0.957 0.005 
216 24.0826.E1    (0)   10 :  0.018 0.014 0.006 0.011 0.015 0.014 0.876 0.031 0.014 
217 24.0827.E1    (0)   10 :  0.017 0.007 0.036 0.011 0.011 0.026 0.157 0.730 0.005 
218 24.0828.E1    (0)   10 :  0.066 0.077 0.009 0.026 0.015 0.032 0.643 0.107 0.024 
219 24.0829.E1    (0)   10 :  0.313 0.011 0.006 0.015 0.008 0.010 0.029 0.600 0.009 
220 24.0830.E1    (0)   10 :  0.013 0.007 0.006 0.005 0.235 0.007 0.083 0.640 0.004 
221 24.0831.E1    (0)   10 :  0.016 0.008 0.005 0.007 0.443 0.014 0.041 0.463 0.004 
222 24.0832.E1    (0)   10 :  0.005 0.004 0.007 0.006 0.004 0.006 0.011 0.953 0.003 
223 24.0833.E1    (0)   10 :  0.005 0.004 0.004 0.006 0.005 0.004 0.009 0.959 0.004 
224 24.0834.E1    (0)   10 :  0.007 0.006 0.008 0.006 0.014 0.006 0.016 0.930 0.007 
225 24.0835.E1    (0)   10 :  0.011 0.010 0.011 0.006 0.007 0.008 0.008 0.933 0.005 
226 24.0836.E1    (0)   10 :  0.010 0.021 0.011 0.018 0.010 0.010 0.008 0.906 0.007 
227 24.0837.E1    (0)   10 :  0.009 0.008 0.006 0.010 0.009 0.010 0.015 0.928 0.005 
228 24.0838.E1    (0)   10 :  0.009 0.005 0.005 0.024 0.010 0.013 0.012 0.916 0.005 
229 24.0839.E1    (0)   10 :  0.406 0.018 0.056 0.025 0.091 0.043 0.047 0.294 0.020 
230 24.0840.E1    (0)   10 :  0.383 0.011 0.009 0.006 0.007 0.016 0.113 0.447 0.008 
231 24.0841.E1    (0)   11 :  0.677 0.004 0.011 0.020 0.010 0.024 0.213 0.035 0.005 
232 24.0842.E1    (0)   11 :  0.581 0.174 0.013 0.009 0.005 0.016 0.165 0.032 0.005 
233 24.0843.E1    (0)   11 :  0.157 0.215 0.006 0.009 0.014 0.023 0.537 0.028 0.011 
234 24.0844.E1    (0)   11 :  0.199 0.332 0.026 0.012 0.098 0.023 0.029 0.274 0.005 
235 24.0845.E1    (0)   11 :  0.040 0.022 0.009 0.026 0.171 0.081 0.042 0.604 0.005 
236 24.0846.E1    (0)   11 :  0.035 0.012 0.012 0.010 0.021 0.011 0.008 0.879 0.012 
237 24.0847.E1    (0)   11 :  0.025 0.020 0.032 0.092 0.017 0.009 0.018 0.780 0.008 
238 24.0848.E1    (0)   11 :  0.045 0.021 0.013 0.031 0.038 0.047 0.014 0.787 0.005 
239 24.0849.E1    (0)   11 :  0.007 0.004 0.006 0.004 0.005 0.006 0.956 0.008 0.004 
240 24.0850.E1    (0)   11 :  0.007 0.004 0.006 0.004 0.005 0.005 0.956 0.008 0.004 
241 24.0851.E1    (0)   11 :  0.007 0.004 0.006 0.004 0.005 0.005 0.956 0.008 0.004 
242 24.0852.E1    (0)   11 :  0.021 0.006 0.010 0.007 0.098 0.029 0.745 0.077 0.007 
243 24.0853.E1    (0)   11 :  0.018 0.005 0.005 0.013 0.007 0.006 0.513 0.422 0.009 
244 24.0854.E1    (0)   11 :  0.022 0.580 0.010 0.009 0.015 0.006 0.330 0.020 0.008 
245 24.0855.E1    (0)   11 :  0.168 0.011 0.007 0.023 0.006 0.013 0.042 0.721 0.008 
246 24.0856.E1    (0)   11 :  0.282 0.366 0.056 0.010 0.020 0.111 0.019 0.033 0.102 
247 24.0857.E1    (0)   11 :  0.153 0.018 0.019 0.025 0.011 0.024 0.026 0.714 0.010 
248 24.0858.E1    (0)   11 :  0.096 0.024 0.017 0.025 0.021 0.101 0.080 0.628 0.008 
249 24.0859.E1    (0)   11 :  0.029 0.010 0.013 0.008 0.011 0.012 0.885 0.016 0.014 
250 24.0860.E1    (0)   11 :  0.634 0.071 0.035 0.011 0.015 0.071 0.062 0.053 0.049 
251 24.0861.E1    (0)   11 :  0.015 0.005 0.006 0.005 0.007 0.009 0.927 0.022 0.004 
252 24.0862.E1    (0)   11 :  0.891 0.007 0.013 0.008 0.016 0.022 0.010 0.024 0.010 
253 24.0863.E1    (0)   11 :  0.016 0.005 0.007 0.005 0.006 0.008 0.927 0.022 0.004 
254 24.0864.E1    (0)   11 :  0.021 0.016 0.195 0.267 0.165 0.059 0.079 0.189 0.008 
255 24.0865.E1    (0)   12 :  0.010 0.006 0.045 0.045 0.029 0.020 0.788 0.014 0.042 
256 24.0866.E1    (0)   12 :  0.096 0.029 0.035 0.307 0.017 0.261 0.027 0.217 0.013 
257 24.0867.E1    (0)   12 :  0.014 0.013 0.010 0.489 0.012 0.011 0.146 0.051 0.253 
258 24.0868.E1    (0)   12 :  0.023 0.017 0.013 0.254 0.099 0.409 0.008 0.134 0.043 
259 24.0869.E1    (0)   12 :  0.032 0.005 0.009 0.405 0.287 0.020 0.010 0.212 0.020 
260 24.0870.E1    (0)   12 :  0.022 0.016 0.121 0.125 0.196 0.269 0.010 0.167 0.075 
261 24.0871.E1    (0)   12 :  0.045 0.015 0.051 0.087 0.678 0.046 0.044 0.017 0.016 
262 24.0872.E1    (0)   12 :  0.015 0.017 0.012 0.037 0.499 0.013 0.360 0.008 0.040 
263 24.0873.E1    (0)   12 :  0.051 0.017 0.015 0.698 0.023 0.021 0.078 0.076 0.021 
264 24.0874.E1    (0)   12 :  0.045 0.035 0.013 0.331 0.018 0.020 0.250 0.130 0.159 
265 24.0875.E1    (0)   12 :  0.008 0.012 0.006 0.009 0.934 0.008 0.008 0.007 0.007 
266 24.0876.E1    (0)   12 :  0.006 0.010 0.082 0.031 0.842 0.006 0.005 0.005 0.013 
267 24.0877.E1    (0)   12 :  0.009 0.010 0.895 0.016 0.009 0.027 0.008 0.005 0.021 
268 24.0878.E1    (0)   12 :  0.011 0.025 0.778 0.050 0.010 0.027 0.007 0.084 0.008 
269 24.0879.E1    (0)   12 :  0.006 0.217 0.719 0.012 0.014 0.010 0.007 0.008 0.007 
270 24.0880.E1    (0)   12 :  0.012 0.080 0.033 0.122 0.028 0.074 0.018 0.619 0.014 
271 24.0881.E1    (0)   12 :  0.005 0.007 0.949 0.007 0.005 0.006 0.007 0.004 0.009 
272 24.0882.E1    (0)   12 :  0.006 0.008 0.546 0.024 0.009 0.013 0.030 0.006 0.358 
273 24.0883.E1    (0)   12 :  0.006 0.226 0.397 0.061 0.026 0.008 0.064 0.008 0.204 
274 24.0884.E1    (0)   12 :  0.006 0.013 0.931 0.007 0.008 0.008 0.011 0.004 0.010 
275 24.0885.E1    (0)   12 :  0.007 0.044 0.805 0.065 0.022 0.024 0.007 0.016 0.010 
276 24.0886.E1    (0)   12 :  0.011 0.104 0.536 0.051 0.119 0.013 0.074 0.006 0.087 
277 24.0887.E1    (0)   12 :  0.006 0.175 0.180 0.034 0.019 0.007 0.011 0.005 0.562 
278 24.0888.E1    (0)   12 :  0.045 0.017 0.027 0.011 0.190 0.681 0.010 0.012 0.007 


Estimated Allele Frequencies in each cluster
First column gives estimated ancestral frequencies


Locus 1 : 
31 alleles
0.0% missing data
 115   (0.035) 0.014 0.008 0.108 0.133 0.077 0.008 0.005 0.005 0.004 
 117   (0.046) 0.061 0.014 0.225 0.046 0.036 0.011 0.004 0.007 0.084 
 119   (0.031) 0.005 0.005 0.283 0.013 0.018 0.008 0.003 0.005 0.325 
 131   (0.014) 0.003 0.002 0.048 0.002 0.003 0.003 0.002 0.001 0.002 
 128   (0.032) 0.010 0.009 0.029 0.021 0.096 0.016 0.005 0.020 0.003 
 135   (0.015) 0.003 0.003 0.052 0.005 0.008 0.003 0.002 0.002 0.002 
 126   (0.083) 0.045 0.036 0.050 0.050 0.128 0.076 0.073 0.274 0.046 
 122   (0.035) 0.113 0.008 0.011 0.006 0.018 0.043 0.003 0.004 0.044 
 132   (0.032) 0.042 0.011 0.005 0.020 0.035 0.020 0.007 0.023 0.005 
 141   (0.011) 0.003 0.002 0.008 0.002 0.002 0.003 0.001 0.001 0.002 
 130   (0.048) 0.024 0.135 0.006 0.105 0.051 0.070 0.021 0.013 0.009 
 134   (0.040) 0.032 0.006 0.005 0.031 0.012 0.036 0.072 0.009 0.064 
 145   (0.020) 0.003 0.007 0.004 0.006 0.004 0.005 0.098 0.002 0.014 
 127   (0.022) 0.003 0.006 0.034 0.008 0.006 0.006 0.002 0.002 0.127 
 116   (0.115) 0.146 0.112 0.016 0.214 0.142 0.235 0.283 0.142 0.068 
 114   (0.059) 0.150 0.034 0.007 0.032 0.019 0.054 0.176 0.114 0.028 
 120   (0.039) 0.006 0.126 0.007 0.014 0.047 0.066 0.003 0.004 0.039 
 110   (0.045) 0.012 0.089 0.008 0.077 0.028 0.036 0.013 0.082 0.018 
 133   (0.011) 0.003 0.002 0.001 0.001 0.005 0.002 0.001 0.001 0.018 
 118   (0.115) 0.278 0.342 0.014 0.166 0.204 0.239 0.208 0.173 0.017 
 125   (0.014) 0.010 0.003 0.002 0.002 0.003 0.008 0.003 0.011 0.001 
 129   (0.019) 0.003 0.019 0.047 0.004 0.006 0.008 0.002 0.002 0.003 
 124   (0.016) 0.003 0.008 0.006 0.003 0.024 0.012 0.004 0.002 0.001 
 136   (0.019) 0.005 0.003 0.003 0.027 0.010 0.006 0.002 0.083 0.002 
 121   (0.017) 0.002 0.002 0.007 0.003 0.007 0.004 0.001 0.001 0.043 
 139   (0.010) 0.001 0.001 0.010 0.001 0.002 0.002 0.001 0.001 0.001 
 113   (0.010) 0.001 0.001 0.001 0.001 0.002 0.002 0.001 0.001 0.010 
 111   (0.010) 0.001 0.002 0.001 0.002 0.002 0.002 0.001 0.001 0.009 
 143   (0.010) 0.001 0.001 0.001 0.001 0.002 0.002 0.001 0.001 0.011 
 140   (0.015) 0.016 0.002 0.002 0.003 0.006 0.012 0.001 0.002 0.001 
 112   (0.009) 0.001 0.001 0.001 0.001 0.002 0.002 0.001 0.014 0.001 

Locus 2 : 
18 alleles
0.0% missing data
 152   (0.385) 0.523 0.376 0.678 0.492 0.557 0.288 0.294 0.211 0.584 
 148   (0.067) 0.012 0.035 0.129 0.185 0.076 0.029 0.006 0.008 0.127 
 154   (0.105) 0.078 0.033 0.035 0.181 0.125 0.082 0.017 0.257 0.137 
 156   (0.016) 0.008 0.003 0.011 0.002 0.003 0.008 0.002 0.002 0.001 
 150   (0.018) 0.003 0.003 0.007 0.002 0.003 0.004 0.001 0.002 0.067 
 164   (0.077) 0.071 0.018 0.068 0.038 0.025 0.160 0.095 0.044 0.011 
 158   (0.030) 0.009 0.184 0.009 0.020 0.009 0.009 0.004 0.003 0.013 
 160   (0.020) 0.003 0.003 0.003 0.017 0.004 0.016 0.003 0.002 0.009 
 166   (0.021) 0.030 0.003 0.003 0.003 0.025 0.011 0.002 0.002 0.002 
 151   (0.075) 0.028 0.217 0.009 0.010 0.069 0.202 0.317 0.412 0.005 
 147   (0.065) 0.196 0.070 0.008 0.021 0.038 0.113 0.207 0.047 0.005 
 168   (0.024) 0.008 0.006 0.003 0.004 0.020 0.017 0.026 0.002 0.002 
 153   (0.014) 0.002 0.003 0.002 0.002 0.003 0.019 0.011 0.001 0.001 
 149   (0.024) 0.003 0.037 0.003 0.015 0.025 0.006 0.003 0.002 0.007 
 162   (0.020) 0.021 0.003 0.007 0.003 0.007 0.009 0.009 0.002 0.004 
 167   (0.012) 0.002 0.001 0.022 0.001 0.002 0.002 0.001 0.001 0.001 
 146   (0.012) 0.002 0.002 0.001 0.001 0.002 0.002 0.001 0.001 0.021 
 172   (0.013) 0.002 0.002 0.001 0.002 0.006 0.023 0.001 0.001 0.001 

Locus 3 : 
4 alleles
0.0% missing data
 128   (0.288) 0.250 0.253 0.218 0.270 0.323 0.191 0.351 0.438 0.426 
 126   (0.619) 0.697 0.563 0.711 0.715 0.623 0.770 0.487 0.519 0.549 
 132   (0.079) 0.051 0.136 0.070 0.013 0.051 0.036 0.161 0.042 0.022 
 134   (0.014) 0.002 0.049 0.002 0.002 0.002 0.003 0.001 0.001 0.003 

Locus 4 : 
3 alleles
0.0% missing data
 170   (0.323) 0.326 0.209 0.310 0.153 0.350 0.376 0.142 0.434 0.353 
 172   (0.664) 0.672 0.789 0.688 0.844 0.648 0.622 0.857 0.562 0.640 
 171   (0.013) 0.002 0.002 0.002 0.003 0.003 0.003 0.001 0.004 0.006 

Locus 5 : 
37 alleles
0.0% missing data
 125   (0.050) 0.012 0.148 0.056 0.017 0.050 0.021 0.133 0.069 0.057 
 110   (0.035) 0.031 0.026 0.028 0.006 0.047 0.008 0.028 0.078 0.030 
 129   (0.033) 0.032 0.007 0.051 0.005 0.009 0.124 0.032 0.008 0.003 
 113   (0.030) 0.087 0.006 0.011 0.019 0.018 0.117 0.008 0.015 0.002 
 145   (0.053) 0.009 0.072 0.215 0.152 0.096 0.017 0.099 0.013 0.026 
 155   (0.054) 0.081 0.022 0.140 0.023 0.042 0.037 0.007 0.064 0.098 
 117   (0.029) 0.021 0.005 0.023 0.134 0.026 0.016 0.005 0.004 0.012 
 124   (0.011) 0.001 0.001 0.021 0.001 0.002 0.002 0.001 0.001 0.001 
 133   (0.034) 0.010 0.011 0.051 0.012 0.075 0.048 0.011 0.003 0.031 
 157   (0.049) 0.019 0.132 0.009 0.061 0.090 0.138 0.007 0.043 0.022 
 141   (0.016) 0.003 0.003 0.003 0.007 0.023 0.024 0.001 0.006 0.001 
 112   (0.071) 0.060 0.016 0.074 0.114 0.030 0.062 0.151 0.162 0.177 
 121   (0.021) 0.065 0.006 0.004 0.003 0.012 0.013 0.017 0.004 0.004 
 114   (0.039) 0.006 0.007 0.054 0.148 0.027 0.010 0.004 0.085 0.112 
 153   (0.053) 0.149 0.237 0.050 0.017 0.091 0.016 0.080 0.085 0.005 
 127   (0.076) 0.095 0.034 0.067 0.100 0.076 0.097 0.170 0.115 0.051 
 131   (0.057) 0.080 0.156 0.067 0.029 0.015 0.020 0.087 0.050 0.215 
 135   (0.031) 0.035 0.014 0.006 0.010 0.083 0.011 0.070 0.028 0.006 
 104   (0.009) 0.001 0.001 0.001 0.003 0.002 0.002 0.001 0.003 0.006 
 118   (0.017) 0.003 0.011 0.020 0.007 0.005 0.010 0.002 0.002 0.009 
 116   (0.026) 0.042 0.025 0.006 0.016 0.049 0.008 0.003 0.009 0.011 
 137   (0.022) 0.067 0.013 0.004 0.006 0.013 0.010 0.003 0.002 0.054 
 123   (0.023) 0.027 0.006 0.006 0.004 0.029 0.005 0.024 0.074 0.003 
 149   (0.010) 0.004 0.002 0.001 0.004 0.006 0.003 0.004 0.002 0.001 
 138   (0.013) 0.002 0.002 0.002 0.002 0.005 0.045 0.021 0.001 0.001 
 143   (0.025) 0.006 0.010 0.003 0.004 0.005 0.040 0.011 0.048 0.052 
 163   (0.007) 0.002 0.001 0.001 0.002 0.003 0.009 0.001 0.001 0.001 
 109   (0.009) 0.001 0.001 0.001 0.031 0.002 0.002 0.001 0.001 0.001 
 139   (0.011) 0.001 0.002 0.001 0.001 0.013 0.005 0.001 0.001 0.001 
 106   (0.010) 0.002 0.001 0.001 0.002 0.006 0.008 0.001 0.001 0.001 
 144   (0.015) 0.015 0.002 0.002 0.037 0.010 0.004 0.001 0.004 0.001 
 122   (0.009) 0.001 0.001 0.012 0.012 0.002 0.002 0.001 0.001 0.001 
 100   (0.016) 0.024 0.006 0.002 0.003 0.015 0.023 0.008 0.006 0.001 
 111   (0.012) 0.002 0.002 0.001 0.002 0.009 0.029 0.003 0.002 0.001 
 233   (0.008) 0.002 0.008 0.001 0.001 0.002 0.005 0.004 0.002 0.001 
 134   (0.009) 0.001 0.001 0.001 0.001 0.010 0.002 0.001 0.006 0.001 
 140   (0.008) 0.001 0.001 0.001 0.005 0.003 0.007 0.001 0.002 0.001 

Locus 6 : 
17 alleles
0.0% missing data
 221   (0.023) 0.003 0.003 0.146 0.004 0.004 0.005 0.002 0.002 0.047 
 232   (0.256) 0.307 0.243 0.165 0.272 0.341 0.303 0.740 0.250 0.288 
 229   (0.049) 0.013 0.014 0.088 0.016 0.050 0.011 0.023 0.085 0.069 
 223   (0.061) 0.021 0.113 0.090 0.075 0.018 0.051 0.007 0.074 0.006 
 230   (0.157) 0.073 0.116 0.076 0.218 0.235 0.210 0.047 0.244 0.255 
 235   (0.013) 0.002 0.002 0.064 0.001 0.002 0.003 0.001 0.001 0.001 
 236   (0.032) 0.006 0.008 0.078 0.005 0.085 0.011 0.015 0.003 0.006 
 227   (0.024) 0.004 0.006 0.054 0.012 0.013 0.013 0.002 0.002 0.002 
 220   (0.058) 0.149 0.021 0.008 0.029 0.033 0.024 0.074 0.037 0.084 
 222   (0.042) 0.173 0.008 0.005 0.013 0.020 0.043 0.003 0.013 0.117 
 234   (0.125) 0.114 0.303 0.100 0.269 0.060 0.120 0.015 0.166 0.101 
 224   (0.032) 0.006 0.123 0.004 0.006 0.017 0.028 0.003 0.074 0.003 
 228   (0.063) 0.044 0.013 0.011 0.063 0.094 0.165 0.059 0.020 0.005 
 225   (0.012) 0.013 0.002 0.003 0.002 0.002 0.003 0.001 0.001 0.001 
 226   (0.015) 0.066 0.002 0.002 0.002 0.003 0.003 0.003 0.022 0.001 
 233   (0.024) 0.003 0.017 0.065 0.009 0.019 0.005 0.002 0.003 0.012 
 231   (0.014) 0.002 0.006 0.039 0.003 0.004 0.003 0.001 0.001 0.001 

Locus 7 : 
10 alleles
0.0% missing data
 121   (0.686) 0.754 0.587 0.861 0.789 0.810 0.847 0.709 0.806 0.773 
 129   (0.101) 0.057 0.104 0.083 0.057 0.044 0.065 0.155 0.109 0.051 
 130   (0.013) 0.028 0.003 0.003 0.002 0.003 0.003 0.001 0.001 0.001 
 123   (0.100) 0.106 0.214 0.037 0.030 0.121 0.041 0.126 0.074 0.105 
 128   (0.014) 0.002 0.006 0.002 0.003 0.003 0.003 0.001 0.001 0.039 
 131   (0.017) 0.007 0.013 0.003 0.003 0.004 0.005 0.001 0.003 0.010 
 117   (0.012) 0.002 0.002 0.001 0.001 0.002 0.014 0.001 0.001 0.001 
 125   (0.012) 0.002 0.060 0.001 0.001 0.002 0.002 0.001 0.001 0.001 
 134   (0.031) 0.041 0.010 0.004 0.104 0.009 0.018 0.003 0.003 0.007 
 132   (0.014) 0.002 0.002 0.004 0.009 0.003 0.003 0.001 0.001 0.013 

Locus 8 : 
19 alleles
0.0% missing data
 184   (0.294) 0.348 0.525 0.477 0.492 0.428 0.349 0.454 0.260 0.387 
 194   (0.045) 0.009 0.029 0.031 0.094 0.029 0.049 0.006 0.012 0.016 
 178   (0.098) 0.127 0.026 0.193 0.078 0.061 0.064 0.027 0.292 0.119 
 176   (0.085) 0.084 0.042 0.046 0.076 0.104 0.075 0.125 0.014 0.149 
 182   (0.084) 0.146 0.027 0.057 0.049 0.055 0.137 0.028 0.056 0.119 
 190   (0.025) 0.037 0.006 0.006 0.004 0.005 0.006 0.002 0.017 0.065 
 196   (0.021) 0.004 0.003 0.004 0.004 0.005 0.016 0.025 0.060 0.002 
 200   (0.029) 0.008 0.051 0.014 0.010 0.017 0.032 0.002 0.003 0.008 
 180   (0.023) 0.004 0.122 0.009 0.003 0.004 0.005 0.002 0.003 0.033 
 188   (0.035) 0.006 0.009 0.027 0.031 0.013 0.011 0.073 0.071 0.005 
 174   (0.039) 0.010 0.019 0.019 0.048 0.070 0.018 0.004 0.004 0.042 
 186   (0.128) 0.177 0.075 0.097 0.085 0.189 0.201 0.218 0.120 0.040 
 192   (0.022) 0.004 0.013 0.011 0.003 0.005 0.008 0.011 0.077 0.006 
 201   (0.010) 0.001 0.011 0.001 0.001 0.002 0.002 0.001 0.001 0.006 
 199   (0.019) 0.016 0.027 0.002 0.002 0.003 0.016 0.002 0.002 0.001 
 185   (0.011) 0.002 0.002 0.001 0.002 0.002 0.003 0.016 0.001 0.001 
 203   (0.010) 0.002 0.002 0.001 0.014 0.002 0.002 0.001 0.002 0.001 
 198   (0.011) 0.010 0.001 0.001 0.003 0.002 0.004 0.001 0.002 0.001 
 209   (0.010) 0.004 0.011 0.001 0.001 0.003 0.002 0.001 0.004 0.001 

Locus 9 : 
6 alleles
0.4% missing data
 154   (0.690) 0.811 0.660 0.716 0.689 0.744 0.739 0.858 0.777 0.693 
 156   (0.207) 0.172 0.326 0.165 0.251 0.221 0.180 0.033 0.134 0.298 
 152   (0.052) 0.010 0.007 0.070 0.037 0.015 0.029 0.097 0.085 0.004 
 153   (0.013) 0.002 0.002 0.002 0.002 0.003 0.020 0.008 0.001 0.001 
 160   (0.013) 0.002 0.002 0.002 0.002 0.002 0.027 0.001 0.001 0.001 
 164   (0.025) 0.003 0.004 0.046 0.020 0.015 0.005 0.002 0.002 0.003 

Locus 10 : 
29 alleles
0.7% missing data
 305   (0.073) 0.130 0.014 0.092 0.012 0.024 0.134 0.008 0.011 0.103 
 313   (0.051) 0.048 0.011 0.143 0.007 0.045 0.047 0.006 0.008 0.005 
 311   (0.016) 0.003 0.004 0.016 0.002 0.010 0.004 0.001 0.002 0.001 
 299   (0.125) 0.089 0.019 0.273 0.049 0.040 0.243 0.152 0.169 0.028 
 315   (0.072) 0.015 0.016 0.110 0.017 0.143 0.094 0.007 0.017 0.078 
 287   (0.021) 0.005 0.794 0.007 0.003 0.007 0.005 0.002 0.002 0.002 
 291   (0.094) 0.091 0.014 0.096 0.392 0.025 0.061 0.010 0.535 0.039 
 295   (0.029) 0.005 0.004 0.038 0.089 0.131 0.008 0.003 0.003 0.003 
 289   (0.020) 0.117 0.015 0.003 0.002 0.008 0.008 0.002 0.002 0.003 
 303   (0.035) 0.006 0.005 0.016 0.009 0.007 0.010 0.621 0.003 0.379 
 297   (0.051) 0.116 0.007 0.032 0.124 0.009 0.014 0.022 0.029 0.043 
 293   (0.014) 0.002 0.002 0.002 0.002 0.138 0.003 0.001 0.001 0.001 
 301   (0.062) 0.016 0.010 0.066 0.078 0.014 0.081 0.023 0.008 0.075 
 285   (0.033) 0.193 0.005 0.004 0.005 0.006 0.017 0.003 0.003 0.120 
 307   (0.054) 0.008 0.008 0.018 0.143 0.019 0.064 0.005 0.091 0.098 
 312   (0.038) 0.008 0.007 0.005 0.008 0.267 0.024 0.011 0.065 0.005 
 306   (0.028) 0.004 0.005 0.012 0.011 0.015 0.066 0.002 0.015 0.002 
 320   (0.017) 0.002 0.002 0.002 0.002 0.003 0.028 0.001 0.001 0.001 
 317   (0.020) 0.003 0.002 0.015 0.002 0.003 0.005 0.104 0.002 0.002 
 314   (0.024) 0.004 0.032 0.034 0.003 0.007 0.013 0.002 0.002 0.002 
 323   (0.013) 0.002 0.007 0.002 0.002 0.004 0.008 0.001 0.001 0.001 
 325   (0.012) 0.002 0.007 0.002 0.002 0.004 0.008 0.001 0.001 0.001 
 310   (0.014) 0.002 0.002 0.002 0.002 0.047 0.003 0.001 0.016 0.001 
 309   (0.013) 0.002 0.002 0.002 0.026 0.004 0.005 0.001 0.001 0.001 
 316   (0.017) 0.004 0.002 0.003 0.002 0.006 0.031 0.004 0.005 0.001 
 296   (0.011) 0.002 0.001 0.002 0.002 0.006 0.007 0.004 0.001 0.001 
 304   (0.015) 0.061 0.002 0.002 0.002 0.002 0.004 0.001 0.002 0.001 
 321   (0.013) 0.030 0.002 0.002 0.002 0.002 0.003 0.001 0.002 0.001 
 332   (0.012) 0.029 0.002 0.002 0.002 0.002 0.002 0.001 0.003 0.001 

Locus 11 : 
19 alleles
0.0% missing data
 114   (0.139) 0.024 0.049 0.227 0.235 0.236 0.146 0.035 0.017 0.258 
 126   (0.023) 0.003 0.003 0.049 0.003 0.007 0.005 0.002 0.002 0.017 
 111   (0.091) 0.576 0.032 0.161 0.013 0.047 0.023 0.331 0.577 0.007 
 116   (0.116) 0.071 0.152 0.127 0.155 0.083 0.076 0.010 0.029 0.153 
 132   (0.014) 0.002 0.002 0.011 0.002 0.003 0.003 0.001 0.001 0.001 
 109   (0.015) 0.002 0.002 0.044 0.002 0.002 0.003 0.001 0.002 0.001 
 128   (0.017) 0.002 0.003 0.007 0.016 0.003 0.005 0.001 0.007 0.001 
 112   (0.314) 0.064 0.412 0.293 0.467 0.510 0.604 0.171 0.057 0.516 
 122   (0.018) 0.003 0.003 0.003 0.004 0.013 0.004 0.007 0.004 0.007 
 124   (0.013) 0.002 0.002 0.002 0.002 0.003 0.003 0.001 0.001 0.010 
 118   (0.056) 0.048 0.101 0.022 0.060 0.026 0.026 0.018 0.013 0.016 
 127   (0.014) 0.002 0.002 0.002 0.002 0.002 0.014 0.001 0.001 0.001 
 113   (0.051) 0.138 0.028 0.007 0.008 0.016 0.026 0.407 0.203 0.004 
 115   (0.029) 0.007 0.187 0.025 0.006 0.009 0.015 0.003 0.007 0.002 
 120   (0.021) 0.003 0.003 0.003 0.016 0.006 0.006 0.002 0.068 0.001 
 117   (0.021) 0.022 0.005 0.003 0.003 0.005 0.016 0.003 0.006 0.002 
 125   (0.018) 0.003 0.004 0.002 0.002 0.024 0.020 0.004 0.002 0.001 
 119   (0.016) 0.026 0.002 0.002 0.002 0.003 0.004 0.001 0.004 0.001 
 136   (0.014) 0.002 0.008 0.009 0.002 0.002 0.003 0.001 0.001 0.001 

Locus 12 : 
28 alleles
0.7% missing data
 306   (0.070) 0.188 0.011 0.091 0.011 0.023 0.093 0.008 0.011 0.101 
 314   (0.062) 0.041 0.024 0.131 0.008 0.028 0.051 0.019 0.073 0.006 
 312   (0.015) 0.002 0.002 0.024 0.002 0.002 0.003 0.001 0.001 0.001 
 300   (0.133) 0.090 0.020 0.288 0.050 0.042 0.248 0.152 0.164 0.029 
 316   (0.042) 0.011 0.005 0.106 0.007 0.015 0.012 0.004 0.015 0.077 
 288   (0.019) 0.005 0.781 0.006 0.003 0.003 0.005 0.002 0.002 0.002 
 292   (0.099) 0.102 0.014 0.097 0.394 0.026 0.063 0.011 0.525 0.039 
 296   (0.035) 0.006 0.005 0.039 0.091 0.139 0.013 0.006 0.003 0.004 
 290   (0.020) 0.117 0.014 0.003 0.002 0.007 0.008 0.002 0.002 0.002 
 304   (0.035) 0.006 0.005 0.016 0.009 0.008 0.011 0.621 0.003 0.378 
 298   (0.050) 0.116 0.007 0.032 0.124 0.009 0.014 0.022 0.028 0.043 
 294   (0.017) 0.003 0.002 0.002 0.002 0.139 0.004 0.001 0.001 0.002 
 302   (0.067) 0.017 0.010 0.067 0.079 0.015 0.083 0.023 0.008 0.075 
 286   (0.033) 0.209 0.005 0.004 0.005 0.006 0.017 0.003 0.003 0.120 
 308   (0.033) 0.005 0.005 0.016 0.080 0.010 0.054 0.003 0.003 0.098 
 313   (0.024) 0.003 0.003 0.003 0.007 0.279 0.023 0.002 0.003 0.004 
 307   (0.045) 0.007 0.006 0.012 0.070 0.022 0.072 0.004 0.114 0.004 
 321   (0.013) 0.002 0.001 0.002 0.002 0.002 0.027 0.001 0.001 0.001 
 315   (0.054) 0.009 0.052 0.039 0.012 0.115 0.096 0.012 0.005 0.005 
 318   (0.019) 0.004 0.002 0.005 0.002 0.003 0.007 0.095 0.004 0.001 
 324   (0.011) 0.002 0.007 0.002 0.001 0.004 0.008 0.001 0.001 0.001 
 326   (0.012) 0.002 0.007 0.002 0.002 0.004 0.008 0.001 0.001 0.001 
 311   (0.019) 0.003 0.004 0.004 0.003 0.081 0.005 0.002 0.023 0.001 
 310   (0.013) 0.002 0.002 0.002 0.026 0.004 0.005 0.001 0.001 0.001 
 305   (0.017) 0.003 0.002 0.002 0.002 0.003 0.040 0.001 0.001 0.001 
 317   (0.014) 0.002 0.001 0.002 0.002 0.005 0.025 0.001 0.001 0.001 
 320   (0.014) 0.015 0.002 0.002 0.002 0.002 0.003 0.001 0.002 0.001 
 322   (0.014) 0.030 0.002 0.002 0.002 0.002 0.003 0.001 0.002 0.001 

Locus 13 : 
7 alleles
1.1% missing data
 161   (0.603) 0.525 0.450 0.683 0.863 0.596 0.572 0.489 0.450 0.458 
 163   (0.292) 0.359 0.532 0.233 0.105 0.366 0.405 0.448 0.537 0.024 
 160   (0.019) 0.003 0.003 0.002 0.002 0.013 0.004 0.001 0.002 0.228 
 162   (0.016) 0.002 0.002 0.002 0.002 0.004 0.003 0.001 0.001 0.234 
 165   (0.042) 0.106 0.009 0.072 0.022 0.013 0.010 0.058 0.008 0.003 
 166   (0.013) 0.002 0.002 0.005 0.004 0.006 0.003 0.001 0.001 0.001 
 164   (0.015) 0.002 0.002 0.002 0.002 0.003 0.003 0.001 0.001 0.051 

Locus 14 : 
4 alleles
0.4% missing data
  98   (0.958) 0.994 0.993 0.985 0.989 0.983 0.980 0.988 0.997 0.994 
 100   (0.013) 0.002 0.003 0.002 0.002 0.003 0.009 0.006 0.001 0.001 
  96   (0.016) 0.002 0.002 0.012 0.007 0.007 0.004 0.001 0.001 0.004 
 105   (0.013) 0.002 0.002 0.002 0.002 0.007 0.007 0.005 0.001 0.001 

Locus 15 : 
12 alleles
2.2% missing data
 171   (0.301) 0.316 0.433 0.422 0.182 0.247 0.384 0.322 0.373 0.170 
 177   (0.186) 0.139 0.238 0.165 0.332 0.213 0.146 0.080 0.095 0.192 
 173   (0.263) 0.435 0.133 0.271 0.255 0.430 0.234 0.471 0.480 0.073 
 179   (0.108) 0.058 0.161 0.091 0.074 0.038 0.114 0.111 0.011 0.487 
 183   (0.019) 0.008 0.004 0.031 0.003 0.004 0.009 0.006 0.002 0.002 
 181   (0.039) 0.009 0.005 0.008 0.014 0.009 0.077 0.004 0.032 0.069 
 197   (0.013) 0.002 0.002 0.002 0.083 0.002 0.003 0.001 0.001 0.001 
 170   (0.013) 0.002 0.003 0.002 0.002 0.032 0.003 0.001 0.001 0.001 
 189   (0.014) 0.004 0.002 0.002 0.003 0.005 0.020 0.001 0.001 0.002 
 203   (0.014) 0.002 0.002 0.002 0.049 0.004 0.003 0.001 0.001 0.001 
 187   (0.017) 0.010 0.016 0.002 0.002 0.014 0.005 0.002 0.001 0.001 
 198   (0.012) 0.015 0.002 0.001 0.002 0.002 0.003 0.001 0.001 0.001 

Values of parameters used in structure:
DATAFILE=STRUCTURE_main_final_278_HEG_ZG.str,	OUTFILE=STRUCTURE_main_final_278_HEG_ZG-K9-14,	NUMINDS=278,	NUMLOCI=15,	MISSING=-9,	LABEL=1,	POPDATA=1,	POPFLAG=0,	PHENOTYPE=0,	EXTRACOLS=0,	MAXPOPS=9,	BURNIN=100000,	NUMREPS=500000,	USEPOPINFO=0,	INFERALPHA=1,	INFERLAMBDA=0,	POPSPECIFICLAMBDA=0,	POPALPHAS=0,	COMPUTEPROB=1,	NOADMIX=0,	ADMBURNIN=2500,	UPDATEFREQ=1,	PRINTLIKES=0,	INTERMEDSAVE=0,	PRINTKLD=0,	PRINTNET=0,	PRINTLAMBDA=0,	ANCESTDIST=0,	NUMBOXES=1000,	ANCESTPINT=0.90000,	GENSBACK=2,	MIGRPRIOR=0.05000,	PRINTQHAT=0,	PRINTQSUM=0,	ALPHA=1.0000,	FREQSCORR=1,	FPRIORMEAN=0.0100,	FPRIORSD=0.0500,	ONEFST=0,	LAMBDA=1.0000,	UNIFPRIORALPHA=1,	ALPHAMAX=10.0000,	ALPHAPRIORA=1.0000,	ALPHAPRIORB=2.0000,	ALPHAPROPSD=0.0250,	STARTATPOPINFO=0,	RANDOMIZE=1,	LINKAGE=0,	METROFREQ=10,	REPORTHITRATE=0,	MARKOVPHASE=-1,	PHASED=0,	PLOIDY=2,	PHASEINFO=0	LOCPRIOR=0, 	LOCPRIORINIT=1.000000, 	LOCDATA=0, 	LOCISPOP=0, 	LOCPRIORSTEP=0.100000, 	MAXLOCPRIOR=20.000000, 	SEED=1782484031,	
[STRAT parameters]:    NUMSIMSTATS=1000,	PHENOTYPECOL=-9,	POOLFREQ=10,	LOCUSxONLY=0,	EMERROR=0.00100,	MISSINGPHENO=-9,	