

----------------------------------------------------
STRUCTURE by Pritchard, Stephens and Donnelly (2000)
     and Falush, Stephens and Pritchard (2003)
       Code by Pritchard, Falush and Hubisz
             Version 2.3.4 (Jul 2012)
----------------------------------------------------



Command line arguments:   structure -K 5 -i STRUCTURE_main_final_278_HEG_ZG.str -o STRUCTURE_main_final_278_HEG_ZG-K5-7 
Input File:    STRUCTURE_main_final_278_HEG_ZG.str

Run parameters:
   278 individuals
   15 loci
   5 populations assumed
   100000 Burn-in period
   500000 Reps


--------------------------------------------
Proportion of membership of each pre-defined
 population in each of the 5 clusters

Given    Inferred Clusters                     Number of
 Pop       1      2      3      4      5      Individuals

  1:     0.049  0.094  0.129  0.687  0.041       24
  2:     0.705  0.116  0.046  0.058  0.075       24
  3:     0.056  0.055  0.150  0.039  0.700       24
  4:     0.085  0.130  0.135  0.434  0.216       24
  5:     0.089  0.103  0.100  0.112  0.597       24
  6:     0.065  0.252  0.037  0.585  0.061       24
  7:     0.044  0.769  0.027  0.112  0.049       24
  8:     0.044  0.037  0.117  0.097  0.705       14
  9:     0.236  0.019  0.545  0.068  0.131       24
 10:     0.023  0.072  0.778  0.026  0.102       24
 11:     0.057  0.041  0.744  0.052  0.106       24
 12:     0.039  0.187  0.169  0.360  0.245       24
--------------------------------------------

Allele-freq. divergence among pops (Net nucleotide distance),
computed using point estimates of P.

      1       2       3       4       5      
 1      -    0.0888  0.0807  0.0507  0.0504  
 2   0.0888     -    0.1019  0.0572  0.0713  
 3   0.0807  0.1019     -    0.0457  0.0406  
 4   0.0507  0.0572  0.0457     -    0.0294  
 5   0.0504  0.0713  0.0406  0.0294     -    

Average distances (expected heterozygosity) between individuals in same cluster:
cluster  1  : 0.6302 
cluster  2  : 0.5464 
cluster  3  : 0.6187 
cluster  4  : 0.6293 
cluster  5  : 0.6469 

--------------------------------------------
Estimated Ln Prob of Data   = -12963.4
Mean value of ln likelihood = -12463.5
Variance of ln likelihood   = 999.9
Mean value of alpha         = 0.1043

Mean value of Fst_1         = 0.1483
Mean value of Fst_2         = 0.1744
Mean value of Fst_3         = 0.1178
Mean value of Fst_4         = 0.0700
Mean value of Fst_5         = 0.0410


Inferred ancestry of individuals:
        Label (%Miss) Pop:  Inferred clusters
  1 24.0601.E1    (0)    1 :  0.128 0.037 0.018 0.801 0.016 
  2 24.0602.E1    (0)    1 :  0.012 0.019 0.033 0.906 0.030 
  3 24.0603.E1    (0)    1 :  0.015 0.052 0.019 0.866 0.049 
  4 24.0604.E1    (0)    1 :  0.013 0.013 0.042 0.860 0.072 
  5 24.0605.E1    (0)    1 :  0.078 0.039 0.026 0.839 0.017 
  6 24.0606.E1    (0)    1 :  0.029 0.036 0.035 0.885 0.015 
  7 24.0607.E1    (0)    1 :  0.073 0.378 0.260 0.187 0.102 
  8 24.0608.E1    (0)    1 :  0.010 0.225 0.146 0.600 0.018 
  9 24.0609.E1    (0)    1 :  0.011 0.014 0.475 0.457 0.044 
 10 24.0610.E1    (0)    1 :  0.012 0.014 0.270 0.677 0.027 
 11 24.0611.E1    (0)    1 :  0.086 0.013 0.049 0.836 0.016 
 12 24.0612.E1    (0)    1 :  0.118 0.031 0.014 0.814 0.024 
 13 24.0613.E1    (0)    1 :  0.013 0.010 0.030 0.936 0.011 
 14 24.0614.E1    (0)    1 :  0.025 0.374 0.215 0.367 0.020 
 15 24.0615.E1    (0)    1 :  0.038 0.090 0.293 0.547 0.033 
 16 24.0616.E1    (0)    1 :  0.021 0.012 0.026 0.928 0.013 
 17 24.0617.E1    (0)    1 :  0.052 0.037 0.574 0.319 0.018 
 18 24.0618.E1    (0)    1 :  0.035 0.013 0.165 0.754 0.032 
 19 24.0619.E1    (0)    1 :  0.027 0.011 0.025 0.809 0.128 
 20 24.0620.E1   (20)    1 :  0.031 0.768 0.068 0.101 0.032 
 21 24.0621.E1    (0)    1 :  0.020 0.014 0.197 0.588 0.181 
 22 24.0622.E1    (0)    1 :  0.029 0.019 0.016 0.913 0.023 
 23 24.0623.E1    (0)    1 :  0.288 0.033 0.071 0.568 0.040 
 24 24.0624.E1    (0)    1 :  0.014 0.013 0.022 0.939 0.012 
 25 24.0625.E1    (0)    2 :  0.661 0.250 0.031 0.020 0.037 
 26 24.0626.E1    (0)    2 :  0.779 0.186 0.012 0.009 0.014 
 27 24.0627.E1    (0)    2 :  0.441 0.047 0.012 0.019 0.481 
 28 24.0628.E1    (0)    2 :  0.338 0.342 0.189 0.071 0.060 
 29 24.0629.E1    (0)    2 :  0.810 0.013 0.027 0.119 0.031 
 30 24.0630.E1    (0)    2 :  0.758 0.202 0.013 0.014 0.014 
 31 24.0631.E1    (0)    2 :  0.959 0.011 0.007 0.015 0.009 
 32 24.0632.E1    (0)    2 :  0.851 0.093 0.015 0.023 0.019 
 33 24.0633.E1    (0)    2 :  0.483 0.311 0.057 0.029 0.120 
 34 24.0634.E1    (0)    2 :  0.942 0.013 0.014 0.016 0.014 
 35 24.0635.E1    (0)    2 :  0.580 0.055 0.062 0.039 0.264 
 36 24.0636.E1   (33)    2 :  0.059 0.814 0.017 0.071 0.039 
 37 24.0637.E1    (0)    2 :  0.958 0.015 0.007 0.010 0.010 
 38 24.0638.E1    (0)    2 :  0.826 0.012 0.013 0.022 0.128 
 39 24.0639.E1    (0)    2 :  0.786 0.041 0.079 0.067 0.028 
 40 24.0640.E1    (0)    2 :  0.945 0.014 0.010 0.018 0.012 
 41 24.0641.E1    (0)    2 :  0.384 0.032 0.123 0.283 0.178 
 42 24.0642.E1    (0)    2 :  0.559 0.063 0.011 0.331 0.036 
 43 24.0643.E1    (0)    2 :  0.571 0.138 0.016 0.024 0.251 
 44 24.0644.E1    (0)    2 :  0.802 0.015 0.130 0.037 0.015 
 45 24.0645.E1    (0)    2 :  0.705 0.070 0.115 0.097 0.014 
 46 24.0646.E1    (0)    2 :  0.802 0.015 0.130 0.037 0.015 
 47 24.0647.E1    (0)    2 :  0.958 0.015 0.007 0.010 0.010 
 48 24.0648.E1    (0)    2 :  0.958 0.015 0.007 0.010 0.010 
 49 24.0649.E1    (0)    3 :  0.021 0.008 0.074 0.018 0.879 
 50 24.0650.E1    (0)    3 :  0.010 0.009 0.582 0.323 0.077 
 51 24.0651.E1    (0)    3 :  0.438 0.031 0.058 0.017 0.456 
 52 24.0652.E1    (0)    3 :  0.009 0.013 0.113 0.027 0.838 
 53 24.0653.E1    (0)    3 :  0.011 0.012 0.020 0.011 0.946 
 54 24.0654.E1    (0)    3 :  0.017 0.011 0.162 0.015 0.795 
 55 24.0655.E1    (0)    3 :  0.241 0.028 0.195 0.080 0.456 
 56 24.0656.E1    (0)    3 :  0.011 0.147 0.146 0.019 0.676 
 57 24.0657.E1    (0)    3 :  0.010 0.138 0.138 0.019 0.695 
 58 24.0658.E1    (0)    3 :  0.014 0.017 0.170 0.046 0.753 
 59 24.0659.E1    (0)    3 :  0.030 0.008 0.056 0.042 0.864 
 60 24.0660.E1    (6)    3 :  0.032 0.014 0.020 0.054 0.880 
 61 24.0661.E1    (0)    3 :  0.013 0.276 0.364 0.016 0.330 
 62 24.0662.E1    (0)    3 :  0.333 0.029 0.118 0.060 0.461 
 63 24.0663.E1    (0)    3 :  0.016 0.013 0.924 0.014 0.034 
 64 24.0664.E1    (0)    3 :  0.013 0.110 0.093 0.014 0.769 
 65 24.0665.E1    (0)    3 :  0.012 0.360 0.028 0.013 0.587 
 66 24.0666.E1    (0)    3 :  0.013 0.009 0.018 0.019 0.941 
 67 24.0667.E1    (0)    3 :  0.014 0.010 0.014 0.013 0.949 
 68 24.0668.E1    (0)    3 :  0.014 0.010 0.013 0.011 0.953 
 69 24.0669.E1    (0)    3 :  0.014 0.012 0.016 0.012 0.946 
 70 24.0670.E1    (0)    3 :  0.011 0.013 0.100 0.023 0.852 
 71 24.0671.E1    (0)    3 :  0.033 0.020 0.154 0.026 0.767 
 72 24.0672.E1    (0)    3 :  0.013 0.010 0.017 0.055 0.905 
 73 24.0673.E1    (6)    4 :  0.032 0.541 0.061 0.332 0.034 
 74 24.0674.E1    (0)    4 :  0.027 0.209 0.023 0.723 0.019 
 75 24.0675.E1    (0)    4 :  0.057 0.174 0.463 0.255 0.051 
 76 24.0676.E1    (0)    4 :  0.029 0.108 0.731 0.075 0.057 
 77 24.0677.E1    (0)    4 :  0.013 0.031 0.543 0.108 0.305 
 78 24.0678.E1    (0)    4 :  0.266 0.033 0.038 0.292 0.371 
 79 24.0679.E1    (0)    4 :  0.022 0.018 0.038 0.253 0.669 
 80 24.0680.E1    (0)    4 :  0.027 0.021 0.020 0.064 0.868 
 81 24.0681.E1    (0)    4 :  0.031 0.061 0.031 0.570 0.307 
 82 24.0682.E1    (0)    4 :  0.025 0.123 0.043 0.781 0.028 
 83 24.0683.E1    (0)    4 :  0.014 0.312 0.021 0.627 0.025 
 84 24.0684.E1    (0)    4 :  0.044 0.155 0.026 0.743 0.033 
 85 24.0685.E1    (0)    4 :  0.030 0.082 0.025 0.781 0.082 
 86 24.0686.E1    (0)    4 :  0.451 0.022 0.030 0.132 0.366 
 87 24.0687.E1    (0)    4 :  0.703 0.050 0.044 0.085 0.118 
 88 24.0688.E1    (0)    4 :  0.027 0.115 0.023 0.754 0.081 
 89 24.0689.E1    (0)    4 :  0.057 0.088 0.614 0.172 0.069 
 90 24.0690.E1    (0)    4 :  0.072 0.045 0.015 0.025 0.843 
 91 24.0691.E1    (0)    4 :  0.019 0.040 0.056 0.857 0.028 
 92 24.0692.E1    (0)    4 :  0.018 0.099 0.149 0.208 0.527 
 93 24.0693.E1    (0)    4 :  0.019 0.691 0.132 0.049 0.108 
 94 24.0694.E1    (0)    4 :  0.017 0.068 0.042 0.755 0.118 
 95 24.0695.E1    (0)    4 :  0.013 0.019 0.044 0.896 0.027 
 96 24.0696.E1    (0)    4 :  0.022 0.024 0.031 0.870 0.053 
 97 24.0697.E1    (0)    5 :  0.038 0.325 0.076 0.043 0.518 
 98 24.0698.E1    (0)    5 :  0.063 0.248 0.181 0.089 0.419 
 99 24.0699.E1    (0)    5 :  0.074 0.026 0.068 0.095 0.737 
100 24.0700.E1    (0)    5 :  0.016 0.018 0.018 0.017 0.931 
101 24.0701.E1    (0)    5 :  0.028 0.104 0.025 0.019 0.823 
102 24.0702.E1    (0)    5 :  0.032 0.071 0.016 0.025 0.857 
103 24.0703.E1    (0)    5 :  0.233 0.018 0.070 0.037 0.642 
104 24.0704.E1    (6)    5 :  0.165 0.037 0.258 0.099 0.441 
105 24.0705.E1    (0)    5 :  0.032 0.019 0.016 0.394 0.539 
106 24.0706.E1    (0)    5 :  0.017 0.026 0.022 0.019 0.916 
107 24.0707.E1    (0)    5 :  0.174 0.061 0.018 0.119 0.628 
108 24.0708.E1    (0)    5 :  0.496 0.048 0.276 0.145 0.035 
109 24.0709.E1    (0)    5 :  0.039 0.039 0.521 0.169 0.232 
110 24.0710.E1    (0)    5 :  0.035 0.085 0.114 0.399 0.367 
111 24.0711.E1    (0)    5 :  0.086 0.036 0.027 0.272 0.579 
112 24.0712.E1    (0)    5 :  0.077 0.040 0.013 0.045 0.826 
113 24.0713.E1    (0)    5 :  0.023 0.044 0.170 0.045 0.719 
114 24.0714.E1    (0)    5 :  0.069 0.020 0.050 0.130 0.731 
115 24.0715.E1    (0)    5 :  0.015 0.713 0.083 0.085 0.104 
116 24.0716.E1    (0)    5 :  0.100 0.026 0.061 0.111 0.702 
117 24.0717.E1    (0)    5 :  0.126 0.384 0.071 0.035 0.384 
118 24.0718.E1    (0)    5 :  0.053 0.027 0.014 0.078 0.828 
119 24.0719.E1    (0)    5 :  0.106 0.034 0.107 0.075 0.678 
120 24.0720.E1    (0)    5 :  0.037 0.025 0.114 0.143 0.681 
121 24.0721.E1    (0)    6 :  0.060 0.692 0.083 0.053 0.112 
122 24.0722.E1    (0)    6 :  0.239 0.575 0.026 0.097 0.062 
123 24.0723.E1    (0)    6 :  0.403 0.405 0.096 0.065 0.031 
124 24.0724.E1    (0)    6 :  0.049 0.139 0.096 0.684 0.031 
125 24.0725.E1    (0)    6 :  0.015 0.012 0.016 0.922 0.035 
126 24.0726.E1    (6)    6 :  0.018 0.099 0.016 0.838 0.029 
127 24.0727.E1    (0)    6 :  0.045 0.435 0.039 0.398 0.084 
128 24.0728.E1    (0)    6 :  0.149 0.294 0.060 0.417 0.080 
129 24.0729.E1    (0)    6 :  0.024 0.060 0.030 0.856 0.030 
130 24.0730.E1    (0)    6 :  0.027 0.122 0.101 0.441 0.309 
131 24.0731.E1    (0)    6 :  0.015 0.052 0.019 0.896 0.018 
132 24.0732.E1    (0)    6 :  0.017 0.785 0.009 0.151 0.038 
133 24.0733.E1    (0)    6 :  0.011 0.034 0.010 0.934 0.010 
134 24.0734.E1    (0)    6 :  0.048 0.827 0.016 0.061 0.048 
135 24.0735.E1    (0)    6 :  0.080 0.220 0.034 0.617 0.049 
136 24.0736.E1    (0)    6 :  0.017 0.083 0.014 0.871 0.015 
137 24.0737.E1    (0)    6 :  0.206 0.015 0.020 0.731 0.028 
138 24.0738.E1    (0)    6 :  0.019 0.060 0.015 0.881 0.025 
139 24.0739.E1    (0)    6 :  0.023 0.011 0.014 0.918 0.034 
140 24.0740.E1    (0)    6 :  0.019 0.019 0.031 0.905 0.026 
141 24.0741.E1    (0)    6 :  0.022 0.341 0.017 0.589 0.031 
142 24.0742.E1    (0)    6 :  0.024 0.425 0.016 0.515 0.019 
143 24.0743.E1    (0)    6 :  0.010 0.081 0.051 0.835 0.022 
144 24.0744.E1    (0)    6 :  0.021 0.250 0.065 0.362 0.302 
145 24.0745.E1    (0)    7 :  0.011 0.920 0.018 0.014 0.038 
146 24.0746.E1    (0)    7 :  0.217 0.627 0.028 0.092 0.036 
147 24.0747.E1    (0)    7 :  0.016 0.788 0.072 0.092 0.032 
148 24.0748.E1    (6)    7 :  0.017 0.747 0.091 0.111 0.034 
149 24.0749.E1    (0)    7 :  0.016 0.690 0.014 0.264 0.017 
150 24.0750.E1    (0)    7 :  0.031 0.252 0.045 0.566 0.106 
151 24.0751.E1    (0)    7 :  0.014 0.948 0.010 0.018 0.010 
152 24.0752.E1    (0)    7 :  0.013 0.884 0.020 0.069 0.013 
153 24.0753.E1    (0)    7 :  0.248 0.579 0.011 0.148 0.014 
154 24.0754.E1    (0)    7 :  0.024 0.899 0.011 0.051 0.015 
155 24.0755.E1    (0)    7 :  0.023 0.810 0.086 0.050 0.032 
156 24.0756.E1    (0)    7 :  0.014 0.904 0.028 0.044 0.011 
157 24.0757.E1    (0)    7 :  0.008 0.969 0.007 0.009 0.008 
158 24.0758.E1    (0)    7 :  0.009 0.968 0.007 0.009 0.008 
159 24.0759.E1    (0)    7 :  0.012 0.925 0.012 0.034 0.018 
160 24.0760.E1    (0)    7 :  0.259 0.657 0.012 0.026 0.046 
161 24.0761.E1    (0)    7 :  0.016 0.955 0.009 0.011 0.009 
162 24.0762.E1    (0)    7 :  0.017 0.086 0.035 0.223 0.639 
163 24.0763.E1    (0)    7 :  0.009 0.952 0.008 0.022 0.009 
164 24.0764.E1    (0)    7 :  0.014 0.941 0.010 0.024 0.012 
165 24.0765.E1    (0)    7 :  0.035 0.903 0.020 0.028 0.014 
166 24.0766.E1    (0)    7 :  0.010 0.955 0.009 0.016 0.010 
167 24.0767.E1    (0)    7 :  0.009 0.955 0.010 0.018 0.008 
168 24.0768.E1    (0)    7 :  0.013 0.135 0.073 0.744 0.035 
169 24.0779.E1    (0)    8 :  0.063 0.153 0.052 0.061 0.672 
170 24.0780.E1    (6)    8 :  0.015 0.011 0.336 0.019 0.619 
171 24.0781.E1    (0)    8 :  0.012 0.013 0.018 0.011 0.945 
172 24.0782.E1    (0)    8 :  0.139 0.060 0.041 0.703 0.058 
173 24.0783.E1    (0)    8 :  0.024 0.013 0.082 0.025 0.857 
174 24.0784.E1    (0)    8 :  0.038 0.011 0.149 0.037 0.765 
175 24.0785.E1    (0)    8 :  0.011 0.009 0.135 0.016 0.830 
176 24.0786.E1    (0)    8 :  0.024 0.041 0.302 0.140 0.493 
177 24.0787.E1    (0)    8 :  0.080 0.034 0.024 0.035 0.827 
178 24.0788.E1    (0)    8 :  0.034 0.021 0.217 0.017 0.710 
179 24.0789.E1    (0)    8 :  0.143 0.021 0.201 0.087 0.549 
180 24.0790.E1    (0)    8 :  0.018 0.009 0.034 0.010 0.929 
181 24.0791.E1    (0)    8 :  0.012 0.016 0.016 0.145 0.811 
182 24.0792.E1    (0)    8 :  0.010 0.105 0.037 0.050 0.798 
183 24.0793.E1    (0)    9 :  0.409 0.013 0.491 0.034 0.053 
184 24.0794.E1    (0)    9 :  0.025 0.021 0.246 0.519 0.189 
185 24.0795.E1    (0)    9 :  0.487 0.022 0.131 0.336 0.023 
186 24.0796.E1    (0)    9 :  0.015 0.010 0.758 0.040 0.177 
187 24.0797.E1    (0)    9 :  0.172 0.008 0.637 0.023 0.160 
188 24.0798.E1    (0)    9 :  0.247 0.075 0.129 0.025 0.524 
189 24.0799.E1    (0)    9 :  0.092 0.016 0.764 0.029 0.100 
190 24.0800.E1    (0)    9 :  0.013 0.020 0.904 0.030 0.033 
191 24.0801.E1    (0)    9 :  0.072 0.019 0.440 0.026 0.443 
192 24.0802.E1    (0)    9 :  0.601 0.010 0.315 0.029 0.045 
193 24.0803.E1    (0)    9 :  0.324 0.014 0.520 0.030 0.111 
194 24.0804.E1    (0)    9 :  0.300 0.008 0.663 0.016 0.013 
195 24.0805.E1    (0)    9 :  0.062 0.030 0.543 0.051 0.314 
196 24.0806.E1    (0)    9 :  0.729 0.018 0.209 0.026 0.019 
197 24.0807.E1    (0)    9 :  0.435 0.010 0.496 0.019 0.040 
198 24.0808.E1    (0)    9 :  0.040 0.017 0.668 0.069 0.205 
199 24.0809.E1    (0)    9 :  0.023 0.048 0.756 0.089 0.085 
200 24.0810.E1    (0)    9 :  0.110 0.024 0.732 0.058 0.076 
201 24.0811.E1    (0)    9 :  0.233 0.011 0.673 0.055 0.028 
202 24.0812.E1    (0)    9 :  0.026 0.014 0.833 0.054 0.073 
203 24.0813.E1    (0)    9 :  0.328 0.020 0.409 0.041 0.203 
204 24.0814.E1    (6)    9 :  0.075 0.010 0.881 0.013 0.021 
205 24.0815.E1    (0)    9 :  0.367 0.018 0.476 0.013 0.125 
206 24.0816.E1    (0)    9 :  0.470 0.010 0.410 0.015 0.095 
207 24.0817.E1    (0)   10 :  0.021 0.012 0.911 0.029 0.027 
208 24.0818.E1    (0)   10 :  0.022 0.019 0.831 0.053 0.075 
209 24.0819.E1    (0)   10 :  0.076 0.270 0.473 0.025 0.155 
210 24.0820.E1    (0)   10 :  0.013 0.469 0.489 0.011 0.018 
211 24.0821.E1    (0)   10 :  0.016 0.013 0.302 0.021 0.649 
212 24.0822.E1    (0)   10 :  0.009 0.040 0.908 0.013 0.030 
213 24.0823.E1    (0)   10 :  0.017 0.152 0.799 0.014 0.019 
214 24.0824.E1    (0)   10 :  0.023 0.031 0.554 0.048 0.344 
215 24.0825.E1    (0)   10 :  0.013 0.015 0.945 0.014 0.012 
216 24.0826.E1    (0)   10 :  0.012 0.329 0.601 0.010 0.047 
217 24.0827.E1    (0)   10 :  0.024 0.009 0.882 0.058 0.027 
218 24.0828.E1    (0)   10 :  0.014 0.175 0.765 0.014 0.031 
219 24.0829.E1    (0)   10 :  0.014 0.018 0.935 0.014 0.018 
220 24.0830.E1    (0)   10 :  0.015 0.009 0.693 0.018 0.264 
221 24.0831.E1    (0)   10 :  0.012 0.008 0.521 0.013 0.446 
222 24.0832.E1    (0)   10 :  0.008 0.008 0.956 0.016 0.011 
223 24.0833.E1    (0)   10 :  0.009 0.010 0.960 0.010 0.011 
224 24.0834.E1    (0)   10 :  0.013 0.015 0.935 0.018 0.019 
225 24.0835.E1    (0)   10 :  0.015 0.009 0.934 0.025 0.017 
226 24.0836.E1    (0)   10 :  0.015 0.023 0.906 0.030 0.026 
227 24.0837.E1    (0)   10 :  0.009 0.014 0.938 0.016 0.023 
228 24.0838.E1    (0)   10 :  0.010 0.025 0.928 0.014 0.023 
229 24.0839.E1    (0)   10 :  0.058 0.036 0.659 0.120 0.127 
230 24.0840.E1    (0)   10 :  0.111 0.008 0.843 0.019 0.019 
231 24.0841.E1    (0)   11 :  0.010 0.024 0.874 0.066 0.025 
232 24.0842.E1    (0)   11 :  0.009 0.016 0.786 0.038 0.152 
233 24.0843.E1    (0)   11 :  0.014 0.073 0.677 0.011 0.225 
234 24.0844.E1    (0)   11 :  0.013 0.015 0.511 0.039 0.421 
235 24.0845.E1    (0)   11 :  0.012 0.013 0.844 0.015 0.115 
236 24.0846.E1    (0)   11 :  0.017 0.014 0.917 0.023 0.029 
237 24.0847.E1    (0)   11 :  0.015 0.030 0.835 0.092 0.027 
238 24.0848.E1    (0)   11 :  0.010 0.009 0.888 0.032 0.061 
239 24.0849.E1    (0)   11 :  0.010 0.041 0.924 0.012 0.014 
240 24.0850.E1    (0)   11 :  0.010 0.041 0.924 0.011 0.014 
241 24.0851.E1    (0)   11 :  0.010 0.041 0.923 0.012 0.014 
242 24.0852.E1    (0)   11 :  0.010 0.092 0.798 0.013 0.086 
243 24.0853.E1    (0)   11 :  0.012 0.048 0.917 0.010 0.012 
244 24.0854.E1    (0)   11 :  0.015 0.018 0.132 0.022 0.813 
245 24.0855.E1    (0)   11 :  0.011 0.013 0.947 0.013 0.015 
246 24.0856.E1    (0)   11 :  0.518 0.086 0.139 0.083 0.175 
247 24.0857.E1    (0)   11 :  0.020 0.021 0.907 0.030 0.022 
248 24.0858.E1    (0)   11 :  0.012 0.022 0.907 0.019 0.040 
249 24.0859.E1    (0)   11 :  0.020 0.162 0.785 0.015 0.019 
250 24.0860.E1    (0)   11 :  0.161 0.072 0.630 0.031 0.107 
251 24.0861.E1    (0)   11 :  0.010 0.048 0.914 0.012 0.015 
252 24.0862.E1    (0)   11 :  0.422 0.015 0.502 0.029 0.031 
253 24.0863.E1    (0)   11 :  0.010 0.049 0.913 0.012 0.016 
254 24.0864.E1    (0)   11 :  0.015 0.014 0.272 0.594 0.105 
255 24.0865.E1    (0)   12 :  0.029 0.554 0.283 0.031 0.103 
256 24.0866.E1    (0)   12 :  0.018 0.107 0.660 0.083 0.132 
257 24.0867.E1    (0)   12 :  0.074 0.443 0.367 0.068 0.048 
258 24.0868.E1    (0)   12 :  0.054 0.058 0.226 0.060 0.602 
259 24.0869.E1    (0)   12 :  0.099 0.044 0.490 0.107 0.260 
260 24.0870.E1    (0)   12 :  0.235 0.056 0.116 0.185 0.409 
261 24.0871.E1    (0)   12 :  0.107 0.020 0.045 0.417 0.410 
262 24.0872.E1    (0)   12 :  0.023 0.425 0.077 0.033 0.442 
263 24.0873.E1    (0)   12 :  0.037 0.163 0.446 0.148 0.206 
264 24.0874.E1    (0)   12 :  0.020 0.419 0.485 0.028 0.048 
265 24.0875.E1    (0)   12 :  0.019 0.030 0.030 0.100 0.822 
266 24.0876.E1    (0)   12 :  0.019 0.031 0.017 0.472 0.461 
267 24.0877.E1    (0)   12 :  0.012 0.058 0.015 0.893 0.022 
268 24.0878.E1    (0)   12 :  0.014 0.020 0.070 0.856 0.040 
269 24.0879.E1    (0)   12 :  0.021 0.012 0.013 0.743 0.211 
270 24.0880.E1    (0)   12 :  0.028 0.029 0.577 0.084 0.283 
271 24.0881.E1    (0)   12 :  0.015 0.025 0.013 0.935 0.012 
272 24.0882.E1    (0)   12 :  0.013 0.685 0.019 0.263 0.020 
273 24.0883.E1    (0)   12 :  0.015 0.286 0.020 0.516 0.163 
274 24.0884.E1    (0)   12 :  0.015 0.056 0.015 0.892 0.022 
275 24.0885.E1    (0)   12 :  0.020 0.015 0.019 0.870 0.075 
276 24.0886.E1    (0)   12 :  0.009 0.234 0.020 0.684 0.052 
277 24.0887.E1    (0)   12 :  0.020 0.708 0.011 0.140 0.120 
278 24.0888.E1    (0)   12 :  0.022 0.013 0.023 0.024 0.918 


Estimated Allele Frequencies in each cluster
First column gives estimated ancestral frequencies


Locus 1 : 
31 alleles
0.0% missing data
 115   (0.025) 0.004 0.012 0.002 0.161 0.008 
 117   (0.039) 0.006 0.158 0.007 0.175 0.012 
 119   (0.047) 0.173 0.260 0.003 0.196 0.008 
 131   (0.017) 0.002 0.003 0.001 0.035 0.003 
 128   (0.038) 0.004 0.005 0.012 0.041 0.036 
 135   (0.016) 0.002 0.004 0.001 0.042 0.003 
 126   (0.075) 0.029 0.087 0.156 0.069 0.057 
 122   (0.030) 0.165 0.002 0.006 0.011 0.019 
 132   (0.030) 0.006 0.016 0.033 0.005 0.019 
 141   (0.012) 0.005 0.001 0.001 0.005 0.002 
 130   (0.051) 0.021 0.046 0.027 0.013 0.082 
 134   (0.035) 0.101 0.003 0.042 0.005 0.020 
 145   (0.026) 0.009 0.025 0.005 0.003 0.028 
 127   (0.028) 0.019 0.144 0.002 0.019 0.006 
 116   (0.116) 0.189 0.047 0.186 0.060 0.195 
 114   (0.043) 0.100 0.009 0.151 0.006 0.032 
 120   (0.037) 0.065 0.003 0.002 0.010 0.072 
 110   (0.052) 0.030 0.031 0.043 0.037 0.032 
 133   (0.017) 0.008 0.011 0.001 0.004 0.004 
 118   (0.094) 0.036 0.034 0.254 0.028 0.295 
 125   (0.016) 0.005 0.001 0.007 0.002 0.006 
 129   (0.022) 0.002 0.005 0.001 0.035 0.010 
 124   (0.018) 0.003 0.002 0.001 0.005 0.017 
 136   (0.023) 0.004 0.002 0.040 0.009 0.009 
 121   (0.017) 0.002 0.053 0.001 0.005 0.003 
 139   (0.012) 0.001 0.001 0.001 0.008 0.002 
 113   (0.012) 0.001 0.011 0.001 0.001 0.002 
 111   (0.012) 0.001 0.011 0.001 0.002 0.002 
 143   (0.013) 0.001 0.012 0.001 0.001 0.002 
 140   (0.016) 0.006 0.001 0.002 0.002 0.011 
 112   (0.012) 0.001 0.001 0.006 0.001 0.002 

Locus 2 : 
18 alleles
0.0% missing data
 152   (0.361) 0.455 0.761 0.335 0.580 0.313 
 148   (0.063) 0.159 0.032 0.005 0.183 0.025 
 154   (0.113) 0.221 0.048 0.139 0.072 0.090 
 156   (0.019) 0.007 0.001 0.002 0.008 0.006 
 150   (0.026) 0.043 0.039 0.001 0.005 0.005 
 164   (0.078) 0.026 0.019 0.082 0.075 0.070 
 158   (0.043) 0.026 0.016 0.006 0.017 0.036 
 160   (0.019) 0.002 0.024 0.001 0.003 0.008 
 166   (0.022) 0.016 0.002 0.005 0.005 0.015 
 151   (0.066) 0.007 0.006 0.270 0.008 0.217 
 147   (0.057) 0.012 0.009 0.137 0.007 0.130 
 168   (0.023) 0.004 0.003 0.004 0.004 0.023 
 153   (0.017) 0.004 0.003 0.002 0.002 0.012 
 149   (0.026) 0.003 0.011 0.002 0.007 0.019 
 162   (0.022) 0.011 0.003 0.006 0.005 0.009 
 167   (0.015) 0.001 0.001 0.001 0.016 0.003 
 146   (0.014) 0.001 0.023 0.001 0.001 0.002 
 172   (0.016) 0.001 0.001 0.001 0.002 0.015 

Locus 3 : 
4 alleles
0.0% missing data
 128   (0.285) 0.276 0.382 0.384 0.251 0.241 
 126   (0.613) 0.662 0.608 0.542 0.688 0.677 
 132   (0.084) 0.054 0.008 0.073 0.059 0.071 
 134   (0.018) 0.008 0.002 0.001 0.002 0.012 

Locus 4 : 
3 alleles
0.0% missing data
 170   (0.321) 0.396 0.265 0.320 0.269 0.312 
 172   (0.664) 0.598 0.732 0.678 0.729 0.685 
 171   (0.015) 0.006 0.004 0.002 0.002 0.003 

Locus 5 : 
37 alleles
0.0% missing data
 125   (0.054) 0.082 0.048 0.071 0.039 0.047 
 110   (0.036) 0.022 0.011 0.060 0.033 0.019 
 129   (0.037) 0.007 0.003 0.033 0.045 0.058 
 113   (0.034) 0.017 0.003 0.044 0.011 0.071 
 145   (0.050) 0.006 0.102 0.010 0.200 0.062 
 155   (0.046) 0.178 0.010 0.036 0.119 0.021 
 117   (0.033) 0.013 0.034 0.005 0.060 0.022 
 124   (0.012) 0.001 0.001 0.001 0.015 0.002 
 133   (0.034) 0.004 0.075 0.003 0.031 0.045 
 157   (0.045) 0.021 0.034 0.041 0.010 0.128 
 141   (0.018) 0.002 0.001 0.003 0.006 0.022 
 112   (0.062) 0.158 0.135 0.135 0.083 0.030 
 121   (0.021) 0.019 0.003 0.026 0.004 0.012 
 114   (0.039) 0.012 0.158 0.053 0.067 0.009 
 153   (0.048) 0.017 0.004 0.115 0.054 0.093 
 127   (0.065) 0.033 0.116 0.127 0.065 0.080 
 131   (0.060) 0.171 0.170 0.054 0.048 0.039 
 135   (0.028) 0.004 0.003 0.054 0.010 0.036 
 104   (0.011) 0.006 0.003 0.002 0.002 0.002 
 118   (0.018) 0.011 0.002 0.001 0.016 0.010 
 116   (0.027) 0.053 0.003 0.006 0.016 0.019 
 137   (0.020) 0.123 0.005 0.002 0.005 0.010 
 123   (0.020) 0.005 0.002 0.055 0.008 0.008 
 149   (0.010) 0.001 0.001 0.004 0.004 0.002 
 138   (0.014) 0.001 0.001 0.001 0.002 0.033 
 143   (0.027) 0.003 0.059 0.028 0.003 0.021 
 163   (0.010) 0.010 0.001 0.001 0.002 0.003 
 109   (0.012) 0.001 0.002 0.001 0.013 0.003 
 139   (0.011) 0.001 0.001 0.001 0.001 0.008 
 106   (0.011) 0.003 0.001 0.001 0.002 0.006 
 144   (0.016) 0.003 0.001 0.009 0.003 0.017 
 122   (0.011) 0.001 0.003 0.001 0.013 0.002 
 100   (0.018) 0.006 0.001 0.011 0.003 0.021 
 111   (0.013) 0.001 0.001 0.001 0.001 0.020 
 233   (0.011) 0.001 0.001 0.002 0.001 0.007 
 134   (0.010) 0.001 0.001 0.003 0.001 0.005 
 140   (0.010) 0.001 0.001 0.001 0.001 0.006 

Locus 6 : 
17 alleles
0.0% missing data
 221   (0.029) 0.004 0.063 0.002 0.090 0.005 
 232   (0.232) 0.196 0.485 0.373 0.175 0.315 
 229   (0.056) 0.042 0.047 0.045 0.085 0.015 
 223   (0.059) 0.011 0.009 0.048 0.095 0.047 
 230   (0.158) 0.153 0.261 0.135 0.134 0.189 
 235   (0.017) 0.003 0.001 0.001 0.044 0.003 
 236   (0.042) 0.030 0.007 0.003 0.060 0.030 
 227   (0.021) 0.002 0.002 0.001 0.048 0.007 
 220   (0.045) 0.146 0.004 0.093 0.008 0.028 
 222   (0.042) 0.236 0.003 0.040 0.005 0.033 
 234   (0.134) 0.134 0.083 0.139 0.145 0.133 
 224   (0.034) 0.006 0.002 0.037 0.004 0.046 
 228   (0.056) 0.011 0.006 0.049 0.019 0.133 
 225   (0.013) 0.007 0.001 0.001 0.004 0.002 
 226   (0.020) 0.016 0.001 0.031 0.004 0.004 
 233   (0.025) 0.002 0.024 0.002 0.049 0.007 
 231   (0.016) 0.001 0.001 0.001 0.030 0.003 

Locus 7 : 
10 alleles
0.0% missing data
 121   (0.673) 0.808 0.745 0.758 0.846 0.784 
 129   (0.084) 0.013 0.102 0.115 0.075 0.051 
 130   (0.018) 0.008 0.003 0.006 0.003 0.005 
 123   (0.100) 0.111 0.091 0.102 0.026 0.103 
 128   (0.023) 0.023 0.020 0.001 0.004 0.007 
 131   (0.016) 0.022 0.002 0.001 0.002 0.004 
 117   (0.014) 0.001 0.001 0.001 0.001 0.008 
 125   (0.016) 0.001 0.001 0.001 0.002 0.015 
 134   (0.041) 0.011 0.017 0.013 0.038 0.022 
 132   (0.015) 0.001 0.020 0.001 0.002 0.003 

Locus 8 : 
19 alleles
0.0% missing data
 184   (0.284) 0.443 0.385 0.341 0.495 0.385 
 194   (0.049) 0.033 0.023 0.008 0.043 0.044 
 178   (0.091) 0.157 0.063 0.174 0.167 0.042 
 176   (0.074) 0.013 0.199 0.052 0.055 0.093 
 182   (0.078) 0.040 0.173 0.088 0.044 0.070 
 190   (0.032) 0.049 0.035 0.020 0.006 0.007 
 196   (0.026) 0.003 0.002 0.030 0.008 0.016 
 200   (0.031) 0.016 0.010 0.002 0.013 0.028 
 180   (0.029) 0.057 0.002 0.003 0.007 0.025 
 188   (0.041) 0.008 0.010 0.046 0.024 0.029 
 174   (0.042) 0.019 0.035 0.003 0.031 0.044 
 186   (0.118) 0.132 0.053 0.178 0.090 0.165 
 192   (0.027) 0.011 0.003 0.039 0.007 0.010 
 201   (0.012) 0.008 0.002 0.001 0.001 0.004 
 199   (0.019) 0.007 0.001 0.003 0.002 0.017 
 185   (0.012) 0.001 0.001 0.001 0.001 0.007 
 203   (0.012) 0.002 0.001 0.003 0.003 0.004 
 198   (0.012) 0.002 0.001 0.004 0.002 0.004 
 209   (0.012) 0.001 0.001 0.003 0.001 0.006 

Locus 9 : 
6 alleles
0.4% missing data
 154   (0.688) 0.776 0.670 0.801 0.693 0.759 
 156   (0.214) 0.207 0.316 0.107 0.203 0.201 
 152   (0.043) 0.005 0.008 0.086 0.057 0.011 
 153   (0.016) 0.008 0.001 0.003 0.003 0.009 
 160   (0.017) 0.002 0.001 0.001 0.002 0.014 
 164   (0.022) 0.002 0.004 0.001 0.042 0.005 

Locus 10 : 
29 alleles
0.7% missing data
 305   (0.049) 0.315 0.006 0.007 0.046 0.034 
 313   (0.052) 0.013 0.005 0.016 0.097 0.045 
 311   (0.016) 0.001 0.001 0.001 0.011 0.007 
 299   (0.102) 0.040 0.032 0.203 0.198 0.087 
 315   (0.079) 0.053 0.071 0.012 0.069 0.098 
 287   (0.053) 0.010 0.009 0.014 0.020 0.201 
 291   (0.085) 0.030 0.032 0.374 0.149 0.053 
 295   (0.022) 0.003 0.002 0.002 0.128 0.007 
 289   (0.022) 0.016 0.002 0.041 0.004 0.013 
 303   (0.042) 0.012 0.571 0.088 0.007 0.021 
 297   (0.043) 0.006 0.066 0.062 0.066 0.009 
 293   (0.025) 0.004 0.001 0.002 0.036 0.031 
 301   (0.056) 0.093 0.008 0.009 0.064 0.059 
 285   (0.017) 0.295 0.001 0.004 0.002 0.005 
 307   (0.051) 0.017 0.173 0.054 0.028 0.021 
 312   (0.054) 0.040 0.005 0.047 0.011 0.100 
 306   (0.030) 0.004 0.002 0.006 0.010 0.045 
 320   (0.014) 0.001 0.001 0.001 0.002 0.015 
 317   (0.025) 0.002 0.002 0.007 0.012 0.036 
 314   (0.024) 0.002 0.001 0.001 0.022 0.019 
 323   (0.013) 0.001 0.001 0.001 0.002 0.008 
 325   (0.013) 0.001 0.001 0.001 0.002 0.008 
 310   (0.019) 0.002 0.001 0.008 0.003 0.023 
 309   (0.014) 0.003 0.001 0.002 0.002 0.012 
 316   (0.018) 0.002 0.001 0.004 0.002 0.019 
 296   (0.013) 0.001 0.001 0.001 0.002 0.008 
 304   (0.017) 0.027 0.001 0.012 0.002 0.004 
 321   (0.016) 0.005 0.001 0.009 0.002 0.006 
 332   (0.016) 0.002 0.001 0.010 0.002 0.005 

Locus 11 : 
19 alleles
0.0% missing data
 114   (0.144) 0.258 0.204 0.014 0.249 0.126 
 126   (0.021) 0.013 0.004 0.001 0.038 0.004 
 111   (0.075) 0.067 0.006 0.569 0.134 0.026 
 116   (0.103) 0.064 0.217 0.022 0.141 0.070 
 132   (0.014) 0.001 0.001 0.001 0.008 0.003 
 109   (0.017) 0.001 0.001 0.001 0.031 0.003 
 128   (0.019) 0.002 0.001 0.003 0.009 0.008 
 112   (0.326) 0.518 0.511 0.051 0.308 0.546 
 122   (0.018) 0.006 0.011 0.002 0.002 0.006 
 124   (0.014) 0.013 0.002 0.001 0.002 0.002 
 118   (0.057) 0.020 0.028 0.033 0.028 0.039 
 127   (0.015) 0.001 0.001 0.001 0.002 0.008 
 113   (0.047) 0.012 0.004 0.244 0.006 0.063 
 115   (0.037) 0.005 0.004 0.004 0.024 0.049 
 120   (0.023) 0.003 0.001 0.033 0.004 0.008 
 117   (0.022) 0.005 0.003 0.010 0.003 0.010 
 125   (0.017) 0.002 0.001 0.001 0.002 0.021 
 119   (0.018) 0.005 0.001 0.010 0.002 0.005 
 136   (0.014) 0.001 0.001 0.001 0.006 0.004 

Locus 12 : 
28 alleles
0.7% missing data
 306   (0.042) 0.339 0.005 0.010 0.044 0.019 
 314   (0.056) 0.009 0.006 0.058 0.086 0.039 
 312   (0.015) 0.001 0.001 0.001 0.016 0.002 
 300   (0.109) 0.040 0.032 0.202 0.209 0.088 
 316   (0.047) 0.042 0.066 0.011 0.058 0.010 
 288   (0.052) 0.010 0.009 0.014 0.020 0.193 
 292   (0.090) 0.030 0.033 0.379 0.151 0.053 
 296   (0.031) 0.004 0.002 0.003 0.129 0.014 
 290   (0.025) 0.016 0.003 0.041 0.005 0.014 
 304   (0.045) 0.012 0.575 0.087 0.007 0.021 
 298   (0.045) 0.007 0.067 0.062 0.067 0.009 
 294   (0.028) 0.004 0.002 0.002 0.037 0.031 
 302   (0.060) 0.093 0.008 0.009 0.065 0.059 
 286   (0.020) 0.305 0.001 0.005 0.002 0.005 
 308   (0.030) 0.014 0.164 0.002 0.011 0.013 
 313   (0.044) 0.041 0.004 0.005 0.011 0.108 
 307   (0.050) 0.005 0.007 0.066 0.027 0.050 
 321   (0.015) 0.001 0.001 0.001 0.002 0.015 
 315   (0.042) 0.007 0.004 0.003 0.030 0.111 
 318   (0.024) 0.002 0.002 0.010 0.005 0.032 
 324   (0.014) 0.001 0.001 0.001 0.002 0.008 
 326   (0.014) 0.001 0.001 0.001 0.002 0.008 
 311   (0.024) 0.002 0.002 0.010 0.004 0.039 
 310   (0.015) 0.003 0.001 0.002 0.003 0.012 
 305   (0.018) 0.003 0.001 0.002 0.003 0.019 
 317   (0.016) 0.002 0.001 0.001 0.002 0.015 
 320   (0.014) 0.002 0.001 0.004 0.002 0.005 
 322   (0.016) 0.005 0.001 0.009 0.002 0.006 

Locus 13 : 
7 alleles
1.1% missing data
 161   (0.576) 0.196 0.899 0.457 0.694 0.531 
 163   (0.309) 0.123 0.035 0.473 0.232 0.448 
 160   (0.022) 0.333 0.002 0.001 0.003 0.004 
 162   (0.019) 0.337 0.001 0.001 0.002 0.003 
 165   (0.042) 0.007 0.005 0.066 0.061 0.008 
 166   (0.015) 0.002 0.003 0.001 0.006 0.003 
 164   (0.017) 0.002 0.056 0.001 0.002 0.003 

Locus 14 : 
4 alleles
0.4% missing data
  98   (0.951) 0.996 0.986 0.997 0.987 0.981 
 100   (0.015) 0.001 0.003 0.001 0.002 0.007 
  96   (0.019) 0.002 0.010 0.001 0.010 0.004 
 105   (0.015) 0.001 0.001 0.001 0.002 0.008 

Locus 15 : 
12 alleles
2.2% missing data
 171   (0.295) 0.196 0.175 0.345 0.355 0.379 
 177   (0.186) 0.281 0.091 0.108 0.217 0.195 
 173   (0.256) 0.225 0.105 0.493 0.296 0.273 
 179   (0.095) 0.258 0.505 0.019 0.055 0.064 
 183   (0.023) 0.005 0.011 0.003 0.017 0.008 
 181   (0.042) 0.006 0.093 0.021 0.007 0.032 
 197   (0.022) 0.003 0.011 0.003 0.025 0.007 
 170   (0.016) 0.002 0.001 0.001 0.002 0.015 
 189   (0.016) 0.020 0.001 0.001 0.003 0.005 
 203   (0.017) 0.002 0.003 0.001 0.020 0.004 
 187   (0.018) 0.002 0.001 0.002 0.002 0.014 
 198   (0.014) 0.002 0.001 0.004 0.002 0.005 

Values of parameters used in structure:
DATAFILE=STRUCTURE_main_final_278_HEG_ZG.str,	OUTFILE=STRUCTURE_main_final_278_HEG_ZG-K5-7,	NUMINDS=278,	NUMLOCI=15,	MISSING=-9,	LABEL=1,	POPDATA=1,	POPFLAG=0,	PHENOTYPE=0,	EXTRACOLS=0,	MAXPOPS=5,	BURNIN=100000,	NUMREPS=500000,	USEPOPINFO=0,	INFERALPHA=1,	INFERLAMBDA=0,	POPSPECIFICLAMBDA=0,	POPALPHAS=0,	COMPUTEPROB=1,	NOADMIX=0,	ADMBURNIN=2500,	UPDATEFREQ=1,	PRINTLIKES=0,	INTERMEDSAVE=0,	PRINTKLD=0,	PRINTNET=0,	PRINTLAMBDA=0,	ANCESTDIST=0,	NUMBOXES=1000,	ANCESTPINT=0.90000,	GENSBACK=2,	MIGRPRIOR=0.05000,	PRINTQHAT=0,	PRINTQSUM=0,	ALPHA=1.0000,	FREQSCORR=1,	FPRIORMEAN=0.0100,	FPRIORSD=0.0500,	ONEFST=0,	LAMBDA=1.0000,	UNIFPRIORALPHA=1,	ALPHAMAX=10.0000,	ALPHAPRIORA=1.0000,	ALPHAPRIORB=2.0000,	ALPHAPROPSD=0.0250,	STARTATPOPINFO=0,	RANDOMIZE=1,	LINKAGE=0,	METROFREQ=10,	REPORTHITRATE=0,	MARKOVPHASE=-1,	PHASED=0,	PLOIDY=2,	PHASEINFO=0	LOCPRIOR=0, 	LOCPRIORINIT=1.000000, 	LOCDATA=0, 	LOCISPOP=0, 	LOCPRIORSTEP=0.100000, 	MAXLOCPRIOR=20.000000, 	SEED=1782480889,	
[STRAT parameters]:    NUMSIMSTATS=1000,	PHENOTYPECOL=-9,	POOLFREQ=10,	LOCUSxONLY=0,	EMERROR=0.00100,	MISSINGPHENO=-9,	