

----------------------------------------------------
STRUCTURE by Pritchard, Stephens and Donnelly (2000)
     and Falush, Stephens and Pritchard (2003)
       Code by Pritchard, Falush and Hubisz
             Version 2.3.4 (Jul 2012)
----------------------------------------------------



Command line arguments:   structure -K 4 -i STRUCTURE_main_final_278_HEG_ZG.str -o STRUCTURE_main_final_278_HEG_ZG-K4-20 
Input File:    STRUCTURE_main_final_278_HEG_ZG.str

Run parameters:
   278 individuals
   15 loci
   4 populations assumed
   100000 Burn-in period
   500000 Reps


--------------------------------------------
Proportion of membership of each pre-defined
 population in each of the 4 clusters

Given    Inferred Clusters              Number of
 Pop       1      2      3      4      Individuals

  1:     0.095  0.221  0.482  0.201       24
  2:     0.088  0.050  0.117  0.745       24
  3:     0.649  0.227  0.040  0.084       24
  4:     0.337  0.151  0.393  0.120       24
  5:     0.577  0.098  0.144  0.181       24
  6:     0.084  0.050  0.760  0.106       24
  7:     0.063  0.027  0.859  0.051       24
  8:     0.690  0.158  0.083  0.069       14
  9:     0.168  0.429  0.039  0.364       24
 10:     0.103  0.811  0.038  0.047       24
 11:     0.118  0.751  0.039  0.091       24
 12:     0.362  0.190  0.390  0.058       24
--------------------------------------------

Allele-freq. divergence among pops (Net nucleotide distance),
computed using point estimates of P.

      1       2       3       4      
 1      -    0.0375  0.0308  0.0307  
 2   0.0375     -    0.0616  0.0552  
 3   0.0308  0.0616     -    0.0400  
 4   0.0307  0.0552  0.0400     -    

Average distances (expected heterozygosity) between individuals in same cluster:
cluster  1  : 0.6530 
cluster  2  : 0.6191 
cluster  3  : 0.6126 
cluster  4  : 0.6479 

--------------------------------------------
Estimated Ln Prob of Data   = -13159.6
Mean value of ln likelihood = -12747.7
Variance of ln likelihood   = 823.8
Mean value of alpha         = 0.1238

Mean value of Fst_1         = 0.0339
Mean value of Fst_2         = 0.1170
Mean value of Fst_3         = 0.0865
Mean value of Fst_4         = 0.0964


Inferred ancestry of individuals:
        Label (%Miss) Pop:  Inferred clusters
  1 24.0601.E1    (0)    1 :  0.022 0.020 0.746 0.212 
  2 24.0602.E1    (0)    1 :  0.087 0.149 0.712 0.052 
  3 24.0603.E1    (0)    1 :  0.062 0.023 0.880 0.035 
  4 24.0604.E1    (0)    1 :  0.313 0.244 0.379 0.064 
  5 24.0605.E1    (0)    1 :  0.024 0.046 0.677 0.253 
  6 24.0606.E1    (0)    1 :  0.040 0.099 0.678 0.183 
  7 24.0607.E1    (0)    1 :  0.086 0.076 0.499 0.339 
  8 24.0608.E1    (0)    1 :  0.028 0.350 0.591 0.031 
  9 24.0609.E1    (0)    1 :  0.153 0.721 0.104 0.022 
 10 24.0610.E1    (0)    1 :  0.065 0.561 0.337 0.037 
 11 24.0611.E1    (0)    1 :  0.040 0.181 0.526 0.254 
 12 24.0612.E1    (0)    1 :  0.027 0.018 0.667 0.287 
 13 24.0613.E1    (0)    1 :  0.039 0.200 0.638 0.124 
 14 24.0614.E1    (0)    1 :  0.020 0.271 0.648 0.061 
 15 24.0615.E1    (0)    1 :  0.037 0.448 0.408 0.106 
 16 24.0616.E1    (0)    1 :  0.025 0.060 0.433 0.481 
 17 24.0617.E1    (0)    1 :  0.023 0.687 0.117 0.172 
 18 24.0618.E1    (0)    1 :  0.072 0.523 0.207 0.198 
 19 24.0619.E1    (0)    1 :  0.490 0.048 0.095 0.366 
 20 24.0620.E1   (20)    1 :  0.060 0.108 0.761 0.071 
 21 24.0621.E1    (0)    1 :  0.432 0.275 0.026 0.268 
 22 24.0622.E1    (0)    1 :  0.051 0.033 0.549 0.367 
 23 24.0623.E1    (0)    1 :  0.060 0.076 0.210 0.654 
 24 24.0624.E1    (0)    1 :  0.025 0.097 0.685 0.193 
 25 24.0625.E1    (0)    2 :  0.056 0.060 0.121 0.763 
 26 24.0626.E1    (0)    2 :  0.022 0.032 0.078 0.867 
 27 24.0627.E1    (0)    2 :  0.507 0.013 0.034 0.446 
 28 24.0628.E1    (0)    2 :  0.115 0.227 0.251 0.407 
 29 24.0629.E1    (0)    2 :  0.037 0.023 0.048 0.892 
 30 24.0630.E1    (0)    2 :  0.028 0.021 0.128 0.824 
 31 24.0631.E1    (0)    2 :  0.012 0.008 0.021 0.958 
 32 24.0632.E1    (0)    2 :  0.022 0.016 0.105 0.857 
 33 24.0633.E1    (0)    2 :  0.137 0.108 0.167 0.588 
 34 24.0634.E1    (0)    2 :  0.017 0.015 0.016 0.951 
 35 24.0635.E1    (0)    2 :  0.208 0.055 0.072 0.666 
 36 24.0636.E1   (33)    2 :  0.063 0.021 0.844 0.072 
 37 24.0637.E1    (0)    2 :  0.014 0.008 0.017 0.961 
 38 24.0638.E1    (0)    2 :  0.116 0.014 0.018 0.852 
 39 24.0639.E1    (0)    2 :  0.026 0.050 0.069 0.854 
 40 24.0640.E1    (0)    2 :  0.016 0.013 0.027 0.944 
 41 24.0641.E1    (0)    2 :  0.241 0.053 0.070 0.636 
 42 24.0642.E1    (0)    2 :  0.088 0.013 0.373 0.526 
 43 24.0643.E1    (0)    2 :  0.275 0.020 0.110 0.595 
 44 24.0644.E1    (0)    2 :  0.028 0.137 0.025 0.810 
 45 24.0645.E1    (0)    2 :  0.035 0.135 0.151 0.679 
 46 24.0646.E1    (0)    2 :  0.029 0.137 0.025 0.810 
 47 24.0647.E1    (0)    2 :  0.014 0.008 0.017 0.961 
 48 24.0648.E1    (0)    2 :  0.014 0.008 0.017 0.961 
 49 24.0649.E1    (0)    3 :  0.828 0.132 0.013 0.027 
 50 24.0650.E1    (0)    3 :  0.310 0.522 0.156 0.012 
 51 24.0651.E1    (0)    3 :  0.331 0.072 0.030 0.567 
 52 24.0652.E1    (0)    3 :  0.662 0.300 0.023 0.015 
 53 24.0653.E1    (0)    3 :  0.942 0.030 0.012 0.016 
 54 24.0654.E1    (0)    3 :  0.597 0.360 0.014 0.028 
 55 24.0655.E1    (0)    3 :  0.285 0.244 0.042 0.430 
 56 24.0656.E1    (0)    3 :  0.555 0.376 0.053 0.016 
 57 24.0657.E1    (0)    3 :  0.574 0.363 0.047 0.016 
 58 24.0658.E1    (0)    3 :  0.716 0.217 0.044 0.023 
 59 24.0659.E1    (0)    3 :  0.861 0.091 0.020 0.029 
 60 24.0660.E1    (6)    3 :  0.873 0.035 0.038 0.053 
 61 24.0661.E1    (0)    3 :  0.326 0.578 0.079 0.017 
 62 24.0662.E1    (0)    3 :  0.307 0.174 0.051 0.469 
 63 24.0663.E1    (0)    3 :  0.044 0.923 0.015 0.018 
 64 24.0664.E1    (0)    3 :  0.716 0.226 0.032 0.025 
 65 24.0665.E1    (0)    3 :  0.709 0.124 0.143 0.024 
 66 24.0666.E1    (0)    3 :  0.945 0.023 0.015 0.017 
 67 24.0667.E1    (0)    3 :  0.953 0.019 0.012 0.017 
 68 24.0668.E1    (0)    3 :  0.955 0.015 0.011 0.018 
 69 24.0669.E1    (0)    3 :  0.952 0.018 0.014 0.017 
 70 24.0670.E1    (0)    3 :  0.634 0.279 0.030 0.057 
 71 24.0671.E1    (0)    3 :  0.579 0.302 0.034 0.086 
 72 24.0672.E1    (0)    3 :  0.931 0.020 0.029 0.019 
 73 24.0673.E1    (6)    4 :  0.045 0.098 0.816 0.041 
 74 24.0674.E1    (0)    4 :  0.050 0.031 0.883 0.036 
 75 24.0675.E1    (0)    4 :  0.118 0.497 0.328 0.056 
 76 24.0676.E1    (0)    4 :  0.091 0.759 0.118 0.032 
 77 24.0677.E1    (0)    4 :  0.198 0.636 0.113 0.053 
 78 24.0678.E1    (0)    4 :  0.261 0.038 0.110 0.591 
 79 24.0679.E1    (0)    4 :  0.829 0.054 0.084 0.032 
 80 24.0680.E1    (0)    4 :  0.911 0.019 0.042 0.028 
 81 24.0681.E1    (0)    4 :  0.584 0.030 0.355 0.032 
 82 24.0682.E1    (0)    4 :  0.386 0.062 0.518 0.035 
 83 24.0683.E1    (0)    4 :  0.038 0.022 0.923 0.017 
 84 24.0684.E1    (0)    4 :  0.074 0.026 0.822 0.077 
 85 24.0685.E1    (0)    4 :  0.376 0.028 0.568 0.028 
 86 24.0686.E1    (0)    4 :  0.285 0.032 0.051 0.632 
 87 24.0687.E1    (0)    4 :  0.080 0.034 0.047 0.838 
 88 24.0688.E1    (0)    4 :  0.501 0.029 0.433 0.036 
 89 24.0689.E1    (0)    4 :  0.088 0.585 0.248 0.079 
 90 24.0690.E1    (0)    4 :  0.866 0.018 0.047 0.069 
 91 24.0691.E1    (0)    4 :  0.241 0.095 0.632 0.032 
 92 24.0692.E1    (0)    4 :  0.659 0.133 0.186 0.021 
 93 24.0693.E1    (0)    4 :  0.205 0.183 0.589 0.023 
 94 24.0694.E1    (0)    4 :  0.517 0.033 0.424 0.026 
 95 24.0695.E1    (0)    4 :  0.336 0.121 0.521 0.022 
 96 24.0696.E1    (0)    4 :  0.338 0.051 0.565 0.046 
 97 24.0697.E1    (0)    5 :  0.493 0.077 0.335 0.095 
 98 24.0698.E1    (0)    5 :  0.236 0.156 0.402 0.206 
 99 24.0699.E1    (0)    5 :  0.420 0.114 0.068 0.398 
100 24.0700.E1    (0)    5 :  0.926 0.024 0.021 0.029 
101 24.0701.E1    (0)    5 :  0.846 0.034 0.070 0.050 
102 24.0702.E1    (0)    5 :  0.846 0.021 0.059 0.074 
103 24.0703.E1    (0)    5 :  0.392 0.085 0.044 0.480 
104 24.0704.E1    (6)    5 :  0.269 0.116 0.080 0.535 
105 24.0705.E1    (0)    5 :  0.736 0.016 0.209 0.039 
106 24.0706.E1    (0)    5 :  0.931 0.025 0.023 0.021 
107 24.0707.E1    (0)    5 :  0.668 0.019 0.078 0.235 
108 24.0708.E1    (0)    5 :  0.032 0.266 0.097 0.604 
109 24.0709.E1    (0)    5 :  0.433 0.470 0.057 0.040 
110 24.0710.E1    (0)    5 :  0.244 0.126 0.414 0.216 
111 24.0711.E1    (0)    5 :  0.532 0.032 0.144 0.292 
112 24.0712.E1    (0)    5 :  0.826 0.016 0.061 0.097 
113 24.0713.E1    (0)    5 :  0.796 0.129 0.045 0.030 
114 24.0714.E1    (0)    5 :  0.627 0.071 0.057 0.245 
115 24.0715.E1    (0)    5 :  0.138 0.047 0.782 0.033 
116 24.0716.E1    (0)    5 :  0.599 0.091 0.084 0.227 
117 24.0717.E1    (0)    5 :  0.453 0.176 0.220 0.151 
118 24.0718.E1    (0)    5 :  0.890 0.016 0.039 0.056 
119 24.0719.E1    (0)    5 :  0.767 0.068 0.033 0.132 
120 24.0720.E1    (0)    5 :  0.753 0.144 0.043 0.061 
121 24.0721.E1    (0)    6 :  0.103 0.081 0.759 0.056 
122 24.0722.E1    (0)    6 :  0.038 0.018 0.710 0.234 
123 24.0723.E1    (0)    6 :  0.034 0.126 0.408 0.431 
124 24.0724.E1    (0)    6 :  0.044 0.113 0.761 0.083 
125 24.0725.E1    (0)    6 :  0.094 0.051 0.683 0.171 
126 24.0726.E1    (6)    6 :  0.095 0.024 0.849 0.033 
127 24.0727.E1    (0)    6 :  0.052 0.048 0.852 0.048 
128 24.0728.E1    (0)    6 :  0.046 0.056 0.646 0.252 
129 24.0729.E1    (0)    6 :  0.080 0.050 0.845 0.024 
130 24.0730.E1    (0)    6 :  0.206 0.149 0.532 0.113 
131 24.0731.E1    (0)    6 :  0.106 0.022 0.851 0.022 
132 24.0732.E1    (0)    6 :  0.032 0.013 0.937 0.018 
133 24.0733.E1    (0)    6 :  0.017 0.014 0.945 0.024 
134 24.0734.E1    (0)    6 :  0.030 0.017 0.921 0.032 
135 24.0735.E1    (0)    6 :  0.040 0.041 0.840 0.079 
136 24.0736.E1    (0)    6 :  0.017 0.018 0.935 0.031 
137 24.0737.E1    (0)    6 :  0.077 0.042 0.338 0.543 
138 24.0738.E1    (0)    6 :  0.038 0.028 0.910 0.025 
139 24.0739.E1    (0)    6 :  0.194 0.032 0.601 0.173 
140 24.0740.E1    (0)    6 :  0.176 0.089 0.675 0.060 
141 24.0741.E1    (0)    6 :  0.048 0.021 0.896 0.035 
142 24.0742.E1    (0)    6 :  0.017 0.014 0.950 0.019 
143 24.0743.E1    (0)    6 :  0.062 0.075 0.847 0.017 
144 24.0744.E1    (0)    6 :  0.365 0.064 0.542 0.028 
145 24.0745.E1    (0)    7 :  0.061 0.038 0.878 0.022 
146 24.0746.E1    (0)    7 :  0.047 0.030 0.676 0.247 
147 24.0747.E1    (0)    7 :  0.056 0.044 0.883 0.018 
148 24.0748.E1    (6)    7 :  0.079 0.078 0.820 0.023 
149 24.0749.E1    (0)    7 :  0.015 0.013 0.950 0.022 
150 24.0750.E1    (0)    7 :  0.164 0.047 0.752 0.037 
151 24.0751.E1    (0)    7 :  0.014 0.013 0.951 0.022 
152 24.0752.E1    (0)    7 :  0.011 0.012 0.958 0.019 
153 24.0753.E1    (0)    7 :  0.016 0.014 0.746 0.224 
154 24.0754.E1    (0)    7 :  0.018 0.017 0.950 0.015 
155 24.0755.E1    (0)    7 :  0.051 0.064 0.850 0.034 
156 24.0756.E1    (0)    7 :  0.015 0.029 0.939 0.018 
157 24.0757.E1    (0)    7 :  0.013 0.010 0.964 0.012 
158 24.0758.E1    (0)    7 :  0.013 0.011 0.963 0.013 
159 24.0759.E1    (0)    7 :  0.019 0.016 0.950 0.015 
160 24.0760.E1    (0)    7 :  0.051 0.017 0.643 0.289 
161 24.0761.E1    (0)    7 :  0.013 0.013 0.943 0.031 
162 24.0762.E1    (0)    7 :  0.724 0.052 0.195 0.029 
163 24.0763.E1    (0)    7 :  0.013 0.014 0.960 0.013 
164 24.0764.E1    (0)    7 :  0.013 0.011 0.958 0.018 
165 24.0765.E1    (0)    7 :  0.018 0.019 0.914 0.050 
166 24.0766.E1    (0)    7 :  0.013 0.014 0.960 0.013 
167 24.0767.E1    (0)    7 :  0.011 0.012 0.965 0.011 
168 24.0768.E1    (0)    7 :  0.069 0.068 0.841 0.022 
169 24.0779.E1    (0)    8 :  0.651 0.059 0.143 0.147 
170 24.0780.E1    (6)    8 :  0.535 0.424 0.016 0.025 
171 24.0781.E1    (0)    8 :  0.933 0.033 0.016 0.018 
172 24.0782.E1    (0)    8 :  0.144 0.070 0.629 0.157 
173 24.0783.E1    (0)    8 :  0.834 0.117 0.017 0.032 
174 24.0784.E1    (0)    8 :  0.704 0.195 0.020 0.080 
175 24.0785.E1    (0)    8 :  0.702 0.253 0.015 0.029 
176 24.0786.E1    (0)    8 :  0.589 0.303 0.076 0.033 
177 24.0787.E1    (0)    8 :  0.840 0.040 0.051 0.070 
178 24.0788.E1    (0)    8 :  0.689 0.254 0.023 0.034 
179 24.0789.E1    (0)    8 :  0.394 0.293 0.065 0.248 
180 24.0790.E1    (0)    8 :  0.902 0.066 0.011 0.021 
181 24.0791.E1    (0)    8 :  0.908 0.018 0.018 0.055 
182 24.0792.E1    (0)    8 :  0.829 0.093 0.064 0.015 
183 24.0793.E1    (0)    9 :  0.038 0.264 0.018 0.681 
184 24.0794.E1    (0)    9 :  0.254 0.501 0.193 0.052 
185 24.0795.E1    (0)    9 :  0.041 0.112 0.141 0.706 
186 24.0796.E1    (0)    9 :  0.129 0.824 0.016 0.031 
187 24.0797.E1    (0)    9 :  0.102 0.501 0.012 0.386 
188 24.0798.E1    (0)    9 :  0.499 0.156 0.040 0.305 
189 24.0799.E1    (0)    9 :  0.110 0.403 0.022 0.465 
190 24.0800.E1    (0)    9 :  0.062 0.882 0.029 0.027 
191 24.0801.E1    (0)    9 :  0.577 0.171 0.019 0.232 
192 24.0802.E1    (0)    9 :  0.047 0.204 0.018 0.732 
193 24.0803.E1    (0)    9 :  0.095 0.178 0.016 0.710 
194 24.0804.E1    (0)    9 :  0.016 0.598 0.013 0.373 
195 24.0805.E1    (0)    9 :  0.584 0.258 0.037 0.121 
196 24.0806.E1    (0)    9 :  0.021 0.072 0.018 0.889 
197 24.0807.E1    (0)    9 :  0.043 0.373 0.013 0.571 
198 24.0808.E1    (0)    9 :  0.341 0.569 0.033 0.057 
199 24.0809.E1    (0)    9 :  0.266 0.606 0.082 0.046 
200 24.0810.E1    (0)    9 :  0.090 0.407 0.076 0.427 
201 24.0811.E1    (0)    9 :  0.031 0.678 0.031 0.261 
202 24.0812.E1    (0)    9 :  0.109 0.795 0.037 0.059 
203 24.0813.E1    (0)    9 :  0.238 0.327 0.029 0.405 
204 24.0814.E1    (6)    9 :  0.039 0.825 0.013 0.123 
205 24.0815.E1    (0)    9 :  0.232 0.296 0.019 0.453 
206 24.0816.E1    (0)    9 :  0.068 0.288 0.013 0.631 
207 24.0817.E1    (0)   10 :  0.027 0.920 0.020 0.032 
208 24.0818.E1    (0)   10 :  0.063 0.836 0.054 0.047 
209 24.0819.E1    (0)   10 :  0.191 0.379 0.093 0.337 
210 24.0820.E1    (0)   10 :  0.022 0.786 0.162 0.030 
211 24.0821.E1    (0)   10 :  0.626 0.332 0.016 0.026 
212 24.0822.E1    (0)   10 :  0.027 0.934 0.027 0.012 
213 24.0823.E1    (0)   10 :  0.022 0.897 0.055 0.026 
214 24.0824.E1    (0)   10 :  0.428 0.495 0.044 0.032 
215 24.0825.E1    (0)   10 :  0.017 0.949 0.018 0.016 
216 24.0826.E1    (0)   10 :  0.041 0.846 0.087 0.026 
217 24.0827.E1    (0)   10 :  0.028 0.895 0.024 0.052 
218 24.0828.E1    (0)   10 :  0.043 0.904 0.030 0.023 
219 24.0829.E1    (0)   10 :  0.022 0.935 0.020 0.023 
220 24.0830.E1    (0)   10 :  0.216 0.751 0.014 0.019 
221 24.0831.E1    (0)   10 :  0.402 0.570 0.010 0.018 
222 24.0832.E1    (0)   10 :  0.013 0.965 0.012 0.011 
223 24.0833.E1    (0)   10 :  0.014 0.964 0.011 0.011 
224 24.0834.E1    (0)   10 :  0.020 0.947 0.019 0.014 
225 24.0835.E1    (0)   10 :  0.024 0.931 0.017 0.028 
226 24.0836.E1    (0)   10 :  0.040 0.906 0.032 0.023 
227 24.0837.E1    (0)   10 :  0.029 0.941 0.018 0.012 
228 24.0838.E1    (0)   10 :  0.026 0.936 0.024 0.014 
229 24.0839.E1    (0)   10 :  0.120 0.639 0.100 0.141 
230 24.0840.E1    (0)   10 :  0.018 0.816 0.014 0.152 
231 24.0841.E1    (0)   11 :  0.020 0.914 0.053 0.013 
232 24.0842.E1    (0)   11 :  0.135 0.819 0.033 0.013 
233 24.0843.E1    (0)   11 :  0.224 0.732 0.022 0.022 
234 24.0844.E1    (0)   11 :  0.432 0.517 0.025 0.025 
235 24.0845.E1    (0)   11 :  0.099 0.867 0.015 0.019 
236 24.0846.E1    (0)   11 :  0.033 0.913 0.023 0.031 
237 24.0847.E1    (0)   11 :  0.039 0.881 0.059 0.022 
238 24.0848.E1    (0)   11 :  0.058 0.910 0.015 0.018 
239 24.0849.E1    (0)   11 :  0.015 0.954 0.016 0.014 
240 24.0850.E1    (0)   11 :  0.015 0.954 0.016 0.014 
241 24.0851.E1    (0)   11 :  0.015 0.955 0.016 0.014 
242 24.0852.E1    (0)   11 :  0.066 0.889 0.031 0.015 
243 24.0853.E1    (0)   11 :  0.015 0.953 0.016 0.017 
244 24.0854.E1    (0)   11 :  0.756 0.205 0.018 0.021 
245 24.0855.E1    (0)   11 :  0.017 0.953 0.016 0.013 
246 24.0856.E1    (0)   11 :  0.150 0.117 0.107 0.626 
247 24.0857.E1    (0)   11 :  0.032 0.904 0.030 0.035 
248 24.0858.E1    (0)   11 :  0.046 0.901 0.032 0.022 
249 24.0859.E1    (0)   11 :  0.023 0.868 0.068 0.040 
250 24.0860.E1    (0)   11 :  0.094 0.303 0.036 0.567 
251 24.0861.E1    (0)   11 :  0.017 0.949 0.019 0.016 
252 24.0862.E1    (0)   11 :  0.039 0.371 0.019 0.571 
253 24.0863.E1    (0)   11 :  0.017 0.949 0.019 0.016 
254 24.0864.E1    (0)   11 :  0.480 0.257 0.236 0.027 
255 24.0865.E1    (0)   12 :  0.136 0.527 0.292 0.044 
256 24.0866.E1    (0)   12 :  0.155 0.647 0.163 0.034 
257 24.0867.E1    (0)   12 :  0.134 0.460 0.330 0.076 
258 24.0868.E1    (0)   12 :  0.693 0.181 0.067 0.059 
259 24.0869.E1    (0)   12 :  0.477 0.385 0.062 0.077 
260 24.0870.E1    (0)   12 :  0.491 0.106 0.086 0.316 
261 24.0871.E1    (0)   12 :  0.607 0.057 0.152 0.184 
262 24.0872.E1    (0)   12 :  0.615 0.145 0.211 0.029 
263 24.0873.E1    (0)   12 :  0.441 0.387 0.134 0.038 
264 24.0874.E1    (0)   12 :  0.102 0.596 0.272 0.031 
265 24.0875.E1    (0)   12 :  0.871 0.029 0.024 0.076 
266 24.0876.E1    (0)   12 :  0.731 0.015 0.194 0.060 
267 24.0877.E1    (0)   12 :  0.027 0.023 0.922 0.028 
268 24.0878.E1    (0)   12 :  0.182 0.198 0.598 0.022 
269 24.0879.E1    (0)   12 :  0.493 0.018 0.408 0.081 
270 24.0880.E1    (0)   12 :  0.357 0.570 0.043 0.030 
271 24.0881.E1    (0)   12 :  0.022 0.038 0.869 0.071 
272 24.0882.E1    (0)   12 :  0.015 0.014 0.955 0.016 
273 24.0883.E1    (0)   12 :  0.293 0.022 0.666 0.019 
274 24.0884.E1    (0)   12 :  0.073 0.034 0.877 0.016 
275 24.0885.E1    (0)   12 :  0.480 0.032 0.465 0.024 
276 24.0886.E1    (0)   12 :  0.233 0.024 0.726 0.017 
277 24.0887.E1    (0)   12 :  0.132 0.013 0.832 0.022 
278 24.0888.E1    (0)   12 :  0.931 0.027 0.017 0.025 


Estimated Allele Frequencies in each cluster
First column gives estimated ancestral frequencies


Locus 1 : 
31 alleles
0.0% missing data
 115   (0.040) 0.034 0.008 0.098 0.017 
 117   (0.037) 0.021 0.006 0.205 0.012 
 119   (0.037) 0.009 0.003 0.251 0.172 
 131   (0.019) 0.007 0.002 0.025 0.002 
 128   (0.037) 0.042 0.022 0.014 0.007 
 135   (0.017) 0.005 0.003 0.030 0.004 
 126   (0.069) 0.062 0.167 0.051 0.052 
 122   (0.024) 0.013 0.004 0.003 0.134 
 132   (0.030) 0.021 0.030 0.008 0.008 
 141   (0.012) 0.003 0.001 0.002 0.008 
 130   (0.050) 0.087 0.026 0.017 0.023 
 134   (0.037) 0.021 0.039 0.003 0.075 
 145   (0.028) 0.023 0.013 0.008 0.010 
 127   (0.024) 0.006 0.001 0.081 0.025 
 116   (0.112) 0.186 0.192 0.040 0.153 
 114   (0.046) 0.029 0.147 0.005 0.079 
 120   (0.038) 0.063 0.003 0.005 0.055 
 110   (0.047) 0.034 0.044 0.034 0.026 
 133   (0.017) 0.005 0.001 0.007 0.008 
 118   (0.110) 0.258 0.229 0.024 0.097 
 125   (0.015) 0.005 0.008 0.001 0.005 
 129   (0.021) 0.010 0.001 0.029 0.003 
 124   (0.018) 0.016 0.001 0.002 0.006 
 136   (0.024) 0.014 0.037 0.003 0.004 
 121   (0.015) 0.003 0.001 0.030 0.001 
 139   (0.012) 0.004 0.001 0.004 0.003 
 113   (0.012) 0.002 0.001 0.006 0.001 
 111   (0.013) 0.002 0.001 0.006 0.001 
 143   (0.012) 0.002 0.001 0.006 0.002 
 140   (0.016) 0.011 0.002 0.001 0.005 
 112   (0.011) 0.002 0.006 0.001 0.001 

Locus 2 : 
18 alleles
0.0% missing data
 152   (0.360) 0.354 0.334 0.667 0.495 
 148   (0.066) 0.048 0.005 0.128 0.128 
 154   (0.111) 0.095 0.134 0.051 0.185 
 156   (0.017) 0.005 0.002 0.003 0.011 
 150   (0.027) 0.006 0.001 0.020 0.036 
 164   (0.076) 0.063 0.082 0.054 0.035 
 158   (0.041) 0.036 0.005 0.015 0.025 
 160   (0.021) 0.010 0.002 0.011 0.003 
 166   (0.021) 0.011 0.002 0.002 0.023 
 151   (0.069) 0.170 0.289 0.005 0.010 
 147   (0.064) 0.121 0.125 0.005 0.022 
 168   (0.022) 0.021 0.004 0.002 0.006 
 153   (0.017) 0.010 0.003 0.002 0.005 
 149   (0.023) 0.020 0.001 0.008 0.002 
 162   (0.020) 0.009 0.008 0.003 0.009 
 167   (0.015) 0.003 0.001 0.011 0.002 
 146   (0.015) 0.003 0.001 0.012 0.001 
 172   (0.015) 0.013 0.001 0.001 0.002 

Locus 3 : 
4 alleles
0.0% missing data
 128   (0.292) 0.271 0.359 0.321 0.259 
 126   (0.608) 0.655 0.557 0.651 0.680 
 132   (0.081) 0.063 0.083 0.027 0.055 
 134   (0.018) 0.011 0.001 0.002 0.007 

Locus 4 : 
3 alleles
0.0% missing data
 170   (0.313) 0.282 0.319 0.267 0.390 
 172   (0.672) 0.714 0.679 0.731 0.604 
 171   (0.015) 0.004 0.002 0.002 0.006 

Locus 5 : 
37 alleles
0.0% missing data
 125   (0.051) 0.045 0.070 0.042 0.073 
 110   (0.035) 0.022 0.064 0.013 0.028 
 129   (0.038) 0.044 0.048 0.021 0.020 
 113   (0.037) 0.056 0.039 0.008 0.031 
 145   (0.046) 0.077 0.022 0.177 0.010 
 155   (0.048) 0.029 0.037 0.059 0.169 
 117   (0.028) 0.033 0.004 0.052 0.012 
 124   (0.011) 0.002 0.001 0.009 0.004 
 133   (0.033) 0.047 0.004 0.050 0.011 
 157   (0.051) 0.104 0.040 0.022 0.039 
 141   (0.017) 0.022 0.003 0.002 0.003 
 112   (0.056) 0.028 0.131 0.118 0.136 
 121   (0.021) 0.010 0.025 0.003 0.020 
 114   (0.032) 0.015 0.056 0.126 0.009 
 153   (0.056) 0.095 0.091 0.024 0.052 
 127   (0.062) 0.079 0.134 0.080 0.048 
 131   (0.058) 0.044 0.056 0.106 0.139 
 135   (0.029) 0.037 0.049 0.005 0.006 
 104   (0.011) 0.003 0.002 0.002 0.005 
 118   (0.019) 0.015 0.001 0.006 0.010 
 116   (0.028) 0.023 0.006 0.009 0.039 
 137   (0.021) 0.012 0.002 0.006 0.085 
 123   (0.021) 0.009 0.050 0.005 0.009 
 149   (0.010) 0.004 0.003 0.002 0.001 
 138   (0.015) 0.028 0.003 0.001 0.002 
 143   (0.027) 0.017 0.035 0.028 0.004 
 163   (0.012) 0.003 0.001 0.001 0.009 
 109   (0.012) 0.008 0.001 0.005 0.001 
 139   (0.012) 0.007 0.001 0.001 0.002 
 106   (0.010) 0.006 0.001 0.001 0.002 
 144   (0.016) 0.021 0.004 0.001 0.003 
 122   (0.011) 0.002 0.001 0.012 0.001 
 100   (0.019) 0.018 0.010 0.001 0.010 
 111   (0.013) 0.018 0.002 0.001 0.001 
 233   (0.012) 0.006 0.002 0.001 0.001 
 134   (0.011) 0.005 0.003 0.001 0.001 
 140   (0.011) 0.006 0.001 0.001 0.002 

Locus 6 : 
17 alleles
0.0% missing data
 221   (0.022) 0.005 0.002 0.101 0.007 
 232   (0.233) 0.284 0.408 0.291 0.244 
 229   (0.052) 0.020 0.047 0.068 0.050 
 223   (0.058) 0.044 0.060 0.052 0.024 
 230   (0.154) 0.188 0.137 0.209 0.125 
 235   (0.020) 0.004 0.002 0.017 0.026 
 236   (0.044) 0.033 0.004 0.036 0.036 
 227   (0.025) 0.011 0.002 0.027 0.013 
 220   (0.050) 0.037 0.074 0.004 0.114 
 222   (0.045) 0.040 0.021 0.003 0.178 
 234   (0.129) 0.155 0.121 0.119 0.116 
 224   (0.034) 0.042 0.036 0.003 0.007 
 228   (0.059) 0.107 0.056 0.008 0.030 
 225   (0.013) 0.003 0.001 0.001 0.008 
 226   (0.021) 0.005 0.026 0.002 0.019 
 233   (0.023) 0.012 0.002 0.044 0.003 
 231   (0.018) 0.012 0.001 0.014 0.002 

Locus 7 : 
10 alleles
0.0% missing data
 121   (0.675) 0.779 0.765 0.795 0.822 
 129   (0.072) 0.050 0.124 0.091 0.014 
 130   (0.017) 0.004 0.002 0.002 0.013 
 123   (0.109) 0.095 0.096 0.060 0.098 
 128   (0.025) 0.008 0.001 0.012 0.017 
 131   (0.017) 0.004 0.001 0.002 0.017 
 117   (0.014) 0.008 0.001 0.001 0.001 
 125   (0.016) 0.014 0.001 0.001 0.002 
 134   (0.039) 0.034 0.007 0.025 0.015 
 132   (0.016) 0.003 0.001 0.012 0.002 

Locus 8 : 
19 alleles
0.0% missing data
 184   (0.291) 0.398 0.337 0.437 0.467 
 194   (0.048) 0.044 0.009 0.036 0.033 
 178   (0.089) 0.052 0.193 0.112 0.134 
 176   (0.074) 0.098 0.053 0.127 0.017 
 182   (0.081) 0.064 0.076 0.118 0.057 
 190   (0.033) 0.008 0.014 0.021 0.045 
 196   (0.020) 0.011 0.036 0.002 0.002 
 200   (0.030) 0.021 0.002 0.014 0.019 
 180   (0.030) 0.023 0.004 0.004 0.043 
 188   (0.039) 0.033 0.047 0.009 0.012 
 174   (0.040) 0.045 0.003 0.032 0.022 
 186   (0.119) 0.152 0.174 0.076 0.120 
 192   (0.027) 0.010 0.037 0.006 0.010 
 201   (0.012) 0.004 0.001 0.001 0.006 
 199   (0.019) 0.014 0.004 0.001 0.008 
 185   (0.012) 0.006 0.002 0.001 0.001 
 203   (0.012) 0.005 0.003 0.001 0.002 
 198   (0.012) 0.005 0.003 0.001 0.002 
 209   (0.013) 0.006 0.003 0.001 0.001 

Locus 9 : 
6 alleles
0.4% missing data
 154   (0.687) 0.746 0.800 0.679 0.762 
 156   (0.212) 0.213 0.099 0.258 0.211 
 152   (0.043) 0.016 0.094 0.028 0.009 
 153   (0.016) 0.007 0.003 0.001 0.010 
 160   (0.018) 0.010 0.003 0.001 0.005 
 164   (0.023) 0.008 0.001 0.032 0.002 

Locus 10 : 
29 alleles
0.7% missing data
 305   (0.041) 0.023 0.006 0.020 0.264 
 313   (0.053) 0.044 0.018 0.068 0.019 
 311   (0.017) 0.008 0.002 0.007 0.002 
 299   (0.087) 0.052 0.190 0.141 0.108 
 315   (0.071) 0.087 0.012 0.089 0.047 
 287   (0.053) 0.181 0.014 0.012 0.011 
 291   (0.080) 0.085 0.365 0.075 0.025 
 295   (0.033) 0.038 0.004 0.069 0.006 
 289   (0.022) 0.011 0.011 0.002 0.050 
 303   (0.075) 0.045 0.154 0.239 0.037 
 297   (0.034) 0.007 0.056 0.092 0.009 
 293   (0.024) 0.042 0.002 0.002 0.019 
 301   (0.057) 0.063 0.010 0.030 0.082 
 285   (0.021) 0.005 0.003 0.002 0.211 
 307   (0.050) 0.024 0.049 0.116 0.017 
 312   (0.054) 0.088 0.046 0.006 0.033 
 306   (0.027) 0.042 0.007 0.004 0.004 
 320   (0.015) 0.013 0.001 0.001 0.002 
 317   (0.023) 0.026 0.017 0.005 0.003 
 314   (0.023) 0.024 0.001 0.010 0.002 
 323   (0.012) 0.008 0.001 0.001 0.001 
 325   (0.013) 0.008 0.001 0.001 0.001 
 310   (0.020) 0.020 0.008 0.001 0.002 
 309   (0.015) 0.012 0.001 0.001 0.003 
 316   (0.019) 0.016 0.005 0.001 0.002 
 296   (0.013) 0.007 0.001 0.001 0.001 
 304   (0.015) 0.003 0.004 0.001 0.031 
 321   (0.016) 0.008 0.004 0.001 0.006 
 332   (0.016) 0.009 0.006 0.001 0.003 

Locus 11 : 
19 alleles
0.0% missing data
 114   (0.142) 0.147 0.019 0.240 0.218 
 126   (0.021) 0.004 0.001 0.028 0.013 
 111   (0.075) 0.033 0.549 0.023 0.173 
 116   (0.095) 0.077 0.018 0.191 0.083 
 132   (0.014) 0.003 0.001 0.006 0.002 
 109   (0.019) 0.004 0.003 0.016 0.008 
 128   (0.019) 0.008 0.005 0.003 0.003 
 112   (0.336) 0.514 0.073 0.436 0.418 
 122   (0.018) 0.008 0.003 0.004 0.006 
 124   (0.014) 0.003 0.001 0.001 0.010 
 118   (0.053) 0.044 0.029 0.027 0.018 
 127   (0.014) 0.008 0.001 0.001 0.002 
 113   (0.048) 0.046 0.246 0.004 0.019 
 115   (0.036) 0.050 0.005 0.011 0.006 
 120   (0.024) 0.011 0.031 0.002 0.003 
 117   (0.022) 0.009 0.006 0.002 0.011 
 125   (0.019) 0.019 0.002 0.001 0.002 
 119   (0.018) 0.005 0.008 0.001 0.005 
 136   (0.015) 0.006 0.001 0.002 0.002 

Locus 12 : 
28 alleles
0.7% missing data
 306   (0.035) 0.013 0.006 0.018 0.283 
 314   (0.056) 0.036 0.061 0.061 0.014 
 312   (0.014) 0.003 0.001 0.012 0.002 
 300   (0.093) 0.053 0.187 0.147 0.112 
 316   (0.035) 0.008 0.009 0.083 0.033 
 288   (0.053) 0.175 0.013 0.012 0.011 
 292   (0.087) 0.087 0.366 0.077 0.026 
 296   (0.038) 0.044 0.004 0.069 0.006 
 290   (0.022) 0.011 0.011 0.002 0.050 
 304   (0.083) 0.046 0.153 0.242 0.038 
 298   (0.036) 0.008 0.055 0.093 0.009 
 294   (0.025) 0.042 0.002 0.002 0.019 
 302   (0.063) 0.064 0.011 0.031 0.082 
 286   (0.023) 0.006 0.003 0.002 0.221 
 308   (0.029) 0.012 0.002 0.101 0.016 
 313   (0.046) 0.098 0.005 0.005 0.035 
 307   (0.047) 0.050 0.063 0.015 0.006 
 321   (0.016) 0.013 0.001 0.001 0.002 
 315   (0.043) 0.106 0.004 0.012 0.010 
 318   (0.021) 0.021 0.019 0.002 0.002 
 324   (0.013) 0.008 0.001 0.001 0.001 
 326   (0.013) 0.008 0.001 0.001 0.001 
 311   (0.025) 0.034 0.012 0.002 0.003 
 310   (0.016) 0.012 0.001 0.001 0.004 
 305   (0.019) 0.015 0.003 0.002 0.005 
 317   (0.016) 0.014 0.001 0.001 0.002 
 320   (0.014) 0.006 0.002 0.001 0.002 
 322   (0.017) 0.008 0.004 0.001 0.006 

Locus 13 : 
7 alleles
1.1% missing data
 161   (0.563) 0.576 0.461 0.814 0.302 
 163   (0.315) 0.395 0.467 0.105 0.228 
 160   (0.025) 0.007 0.001 0.002 0.226 
 162   (0.022) 0.004 0.001 0.002 0.231 
 165   (0.042) 0.011 0.068 0.041 0.008 
 166   (0.015) 0.004 0.001 0.005 0.002 
 164   (0.019) 0.003 0.001 0.031 0.002 

Locus 14 : 
4 alleles
0.4% missing data
  98   (0.954) 0.982 0.997 0.985 0.995 
 100   (0.015) 0.007 0.001 0.001 0.002 
  96   (0.016) 0.003 0.001 0.012 0.002 
 105   (0.015) 0.008 0.001 0.001 0.001 

Locus 15 : 
12 alleles
2.2% missing data
 171   (0.289) 0.359 0.327 0.303 0.227 
 177   (0.182) 0.214 0.110 0.116 0.283 
 173   (0.249) 0.268 0.494 0.193 0.238 
 179   (0.107) 0.062 0.032 0.285 0.209 
 183   (0.022) 0.006 0.005 0.017 0.006 
 181   (0.046) 0.027 0.023 0.052 0.008 
 197   (0.024) 0.012 0.003 0.021 0.003 
 170   (0.016) 0.014 0.001 0.001 0.002 
 189   (0.016) 0.004 0.001 0.001 0.017 
 203   (0.017) 0.012 0.001 0.008 0.002 
 187   (0.017) 0.013 0.001 0.001 0.003 
 198   (0.014) 0.006 0.002 0.001 0.002 

Values of parameters used in structure:
DATAFILE=STRUCTURE_main_final_278_HEG_ZG.str,	OUTFILE=STRUCTURE_main_final_278_HEG_ZG-K4-20,	NUMINDS=278,	NUMLOCI=15,	MISSING=-9,	LABEL=1,	POPDATA=1,	POPFLAG=0,	PHENOTYPE=0,	EXTRACOLS=0,	MAXPOPS=4,	BURNIN=100000,	NUMREPS=500000,	USEPOPINFO=0,	INFERALPHA=1,	INFERLAMBDA=0,	POPSPECIFICLAMBDA=0,	POPALPHAS=0,	COMPUTEPROB=1,	NOADMIX=0,	ADMBURNIN=2500,	UPDATEFREQ=1,	PRINTLIKES=0,	INTERMEDSAVE=0,	PRINTKLD=0,	PRINTNET=0,	PRINTLAMBDA=0,	ANCESTDIST=0,	NUMBOXES=1000,	ANCESTPINT=0.90000,	GENSBACK=2,	MIGRPRIOR=0.05000,	PRINTQHAT=0,	PRINTQSUM=0,	ALPHA=1.0000,	FREQSCORR=1,	FPRIORMEAN=0.0100,	FPRIORSD=0.0500,	ONEFST=0,	LAMBDA=1.0000,	UNIFPRIORALPHA=1,	ALPHAMAX=10.0000,	ALPHAPRIORA=1.0000,	ALPHAPRIORB=2.0000,	ALPHAPROPSD=0.0250,	STARTATPOPINFO=0,	RANDOMIZE=1,	LINKAGE=0,	METROFREQ=10,	REPORTHITRATE=0,	MARKOVPHASE=-1,	PHASED=0,	PLOIDY=2,	PHASEINFO=0	LOCPRIOR=0, 	LOCPRIORINIT=1.000000, 	LOCDATA=0, 	LOCISPOP=0, 	LOCPRIORSTEP=0.100000, 	MAXLOCPRIOR=20.000000, 	SEED=1782480303,	
[STRAT parameters]:    NUMSIMSTATS=1000,	PHENOTYPECOL=-9,	POOLFREQ=10,	LOCUSxONLY=0,	EMERROR=0.00100,	MISSINGPHENO=-9,	