

----------------------------------------------------
STRUCTURE by Pritchard, Stephens and Donnelly (2000)
     and Falush, Stephens and Pritchard (2003)
       Code by Pritchard, Falush and Hubisz
             Version 2.3.4 (Jul 2012)
----------------------------------------------------



Command line arguments:   structure -K 7 -i STRUCTURE_main_final_278_HEG_ZG.str -o STRUCTURE_main_final_278_HEG_ZG-K7-10 
Input File:    STRUCTURE_main_final_278_HEG_ZG.str

Run parameters:
   278 individuals
   15 loci
   7 populations assumed
   100000 Burn-in period
   500000 Reps


--------------------------------------------
Proportion of membership of each pre-defined
 population in each of the 7 clusters

Given    Inferred Clusters                                   Number of
 Pop       1      2      3      4      5      6      7      Individuals

  1:     0.017  0.672  0.080  0.079  0.066  0.014  0.072       24
  2:     0.036  0.032  0.059  0.027  0.056  0.701  0.090       24
  3:     0.526  0.033  0.033  0.117  0.238  0.025  0.028       24
  4:     0.154  0.087  0.548  0.060  0.048  0.035  0.068       24
  5:     0.402  0.049  0.247  0.042  0.149  0.044  0.067       24
  6:     0.063  0.437  0.156  0.031  0.031  0.042  0.240       24
  7:     0.026  0.072  0.089  0.015  0.028  0.028  0.742       24
  8:     0.722  0.042  0.079  0.074  0.045  0.019  0.019       14
  9:     0.070  0.079  0.053  0.322  0.295  0.170  0.011       24
 10:     0.043  0.020  0.021  0.761  0.087  0.011  0.057       24
 11:     0.029  0.038  0.049  0.686  0.149  0.027  0.022       24
 12:     0.113  0.238  0.350  0.046  0.085  0.021  0.147       24
--------------------------------------------

Allele-freq. divergence among pops (Net nucleotide distance),
computed using point estimates of P.

      1       2       3       4       5       6       7      
 1      -    0.0369  0.0363  0.0465  0.0431  0.0667  0.0802  
 2   0.0369     -    0.0347  0.0568  0.0464  0.0673  0.0694  
 3   0.0363  0.0347     -    0.0640  0.0483  0.0763  0.0663  
 4   0.0465  0.0568  0.0640     -    0.0601  0.1072  0.1191  
 5   0.0431  0.0464  0.0483  0.0601     -    0.0896  0.0893  
 6   0.0667  0.0673  0.0763  0.1072  0.0896     -    0.1070  
 7   0.0802  0.0694  0.0663  0.1191  0.0893  0.1070     -    

Average distances (expected heterozygosity) between individuals in same cluster:
cluster  1  : 0.6323 
cluster  2  : 0.6192 
cluster  3  : 0.6050 
cluster  4  : 0.6169 
cluster  5  : 0.6284 
cluster  6  : 0.6094 
cluster  7  : 0.5399 

--------------------------------------------
Estimated Ln Prob of Data   = -12640.4
Mean value of ln likelihood = -12043.8
Variance of ln likelihood   = 1193.2
Mean value of alpha         = 0.0670

Mean value of Fst_1         = 0.0540
Mean value of Fst_2         = 0.0887
Mean value of Fst_3         = 0.0903
Mean value of Fst_4         = 0.1400
Mean value of Fst_5         = 0.1062
Mean value of Fst_6         = 0.1913
Mean value of Fst_7         = 0.1966


Inferred ancestry of individuals:
        Label (%Miss) Pop:  Inferred clusters
  1 24.0601.E1    (0)    1 :  0.008 0.928 0.012 0.011 0.012 0.012 0.017 
  2 24.0602.E1    (0)    1 :  0.014 0.927 0.009 0.013 0.020 0.006 0.011 
  3 24.0603.E1    (0)    1 :  0.045 0.864 0.031 0.013 0.011 0.007 0.028 
  4 24.0604.E1    (0)    1 :  0.007 0.514 0.223 0.028 0.211 0.010 0.008 
  5 24.0605.E1    (0)    1 :  0.016 0.870 0.036 0.012 0.015 0.009 0.042 
  6 24.0606.E1    (0)    1 :  0.013 0.735 0.181 0.021 0.011 0.015 0.024 
  7 24.0607.E1    (0)    1 :  0.036 0.231 0.020 0.020 0.495 0.011 0.186 
  8 24.0608.E1    (0)    1 :  0.014 0.761 0.010 0.061 0.010 0.005 0.139 
  9 24.0609.E1    (0)    1 :  0.029 0.182 0.386 0.371 0.019 0.006 0.007 
 10 24.0610.E1    (0)    1 :  0.022 0.374 0.384 0.194 0.008 0.007 0.010 
 11 24.0611.E1    (0)    1 :  0.011 0.864 0.066 0.034 0.009 0.009 0.007 
 12 24.0612.E1    (0)    1 :  0.011 0.930 0.009 0.007 0.016 0.010 0.017 
 13 24.0613.E1    (0)    1 :  0.008 0.777 0.166 0.025 0.008 0.009 0.007 
 14 24.0614.E1    (0)    1 :  0.019 0.369 0.024 0.180 0.019 0.012 0.377 
 15 24.0615.E1    (0)    1 :  0.012 0.786 0.014 0.096 0.041 0.015 0.036 
 16 24.0616.E1    (0)    1 :  0.008 0.935 0.012 0.011 0.015 0.013 0.007 
 17 24.0617.E1    (0)    1 :  0.013 0.424 0.036 0.461 0.013 0.028 0.024 
 18 24.0618.E1    (0)    1 :  0.037 0.712 0.057 0.157 0.012 0.018 0.007 
 19 24.0619.E1    (0)    1 :  0.010 0.670 0.051 0.009 0.237 0.015 0.006 
 20 24.0620.E1   (20)    1 :  0.022 0.074 0.098 0.038 0.028 0.016 0.723 
 21 24.0621.E1    (0)    1 :  0.015 0.508 0.045 0.080 0.338 0.007 0.008 
 22 24.0622.E1    (0)    1 :  0.020 0.907 0.025 0.009 0.007 0.020 0.012 
 23 24.0623.E1    (0)    1 :  0.019 0.826 0.021 0.023 0.026 0.065 0.020 
 24 24.0624.E1    (0)    1 :  0.008 0.948 0.009 0.012 0.007 0.008 0.008 
 25 24.0625.E1    (0)    2 :  0.044 0.025 0.055 0.039 0.021 0.638 0.178 
 26 24.0626.E1    (0)    2 :  0.016 0.007 0.006 0.010 0.007 0.824 0.131 
 27 24.0627.E1    (0)    2 :  0.010 0.011 0.059 0.008 0.429 0.453 0.031 
 28 24.0628.E1    (0)    2 :  0.064 0.033 0.201 0.098 0.011 0.351 0.242 
 29 24.0629.E1    (0)    2 :  0.032 0.113 0.016 0.021 0.018 0.793 0.009 
 30 24.0630.E1    (0)    2 :  0.009 0.007 0.012 0.011 0.009 0.799 0.153 
 31 24.0631.E1    (0)    2 :  0.006 0.010 0.005 0.004 0.005 0.964 0.006 
 32 24.0632.E1    (0)    2 :  0.012 0.011 0.013 0.010 0.015 0.875 0.064 
 33 24.0633.E1    (0)    2 :  0.134 0.024 0.050 0.081 0.010 0.465 0.236 
 34 24.0634.E1    (0)    2 :  0.011 0.014 0.013 0.014 0.010 0.927 0.010 
 35 24.0635.E1    (0)    2 :  0.277 0.039 0.031 0.052 0.025 0.537 0.039 
 36 24.0636.E1   (33)    2 :  0.028 0.040 0.087 0.011 0.020 0.051 0.763 
 37 24.0637.E1    (0)    2 :  0.007 0.006 0.007 0.004 0.006 0.961 0.009 
 38 24.0638.E1    (0)    2 :  0.084 0.013 0.065 0.007 0.016 0.809 0.007 
 39 24.0639.E1    (0)    2 :  0.019 0.093 0.011 0.076 0.053 0.723 0.025 
 40 24.0640.E1    (0)    2 :  0.008 0.012 0.008 0.008 0.007 0.948 0.009 
 41 24.0641.E1    (0)    2 :  0.037 0.173 0.025 0.019 0.353 0.366 0.027 
 42 24.0642.E1    (0)    2 :  0.012 0.069 0.313 0.006 0.010 0.539 0.051 
 43 24.0643.E1    (0)    2 :  0.017 0.015 0.016 0.013 0.286 0.552 0.102 
 44 24.0644.E1    (0)    2 :  0.009 0.014 0.066 0.063 0.012 0.829 0.008 
 45 24.0645.E1    (0)    2 :  0.007 0.013 0.271 0.019 0.010 0.658 0.023 
 46 24.0646.E1    (0)    2 :  0.009 0.014 0.063 0.064 0.012 0.830 0.008 
 47 24.0647.E1    (0)    2 :  0.007 0.006 0.007 0.004 0.006 0.960 0.010 
 48 24.0648.E1    (0)    2 :  0.007 0.006 0.007 0.004 0.006 0.960 0.010 
 49 24.0649.E1    (0)    3 :  0.916 0.007 0.014 0.033 0.015 0.011 0.005 
 50 24.0650.E1    (0)    3 :  0.032 0.022 0.362 0.563 0.011 0.005 0.005 
 51 24.0651.E1    (0)    3 :  0.572 0.012 0.019 0.020 0.049 0.311 0.019 
 52 24.0652.E1    (0)    3 :  0.826 0.025 0.008 0.082 0.047 0.005 0.008 
 53 24.0653.E1    (0)    3 :  0.054 0.008 0.014 0.021 0.887 0.008 0.009 
 54 24.0654.E1    (0)    3 :  0.835 0.008 0.010 0.113 0.018 0.010 0.007 
 55 24.0655.E1    (0)    3 :  0.716 0.128 0.020 0.072 0.017 0.033 0.013 
 56 24.0656.E1    (0)    3 :  0.786 0.012 0.018 0.101 0.020 0.006 0.057 
 57 24.0657.E1    (0)    3 :  0.798 0.011 0.017 0.097 0.019 0.006 0.052 
 58 24.0658.E1    (0)    3 :  0.769 0.020 0.062 0.094 0.037 0.008 0.009 
 59 24.0659.E1    (0)    3 :  0.599 0.045 0.018 0.082 0.228 0.022 0.005 
 60 24.0660.E1    (6)    3 :  0.903 0.024 0.019 0.010 0.016 0.019 0.008 
 61 24.0661.E1    (0)    3 :  0.525 0.010 0.010 0.244 0.048 0.009 0.154 
 62 24.0662.E1    (0)    3 :  0.315 0.291 0.019 0.171 0.114 0.073 0.018 
 63 24.0663.E1    (0)    3 :  0.040 0.008 0.041 0.879 0.011 0.012 0.009 
 64 24.0664.E1    (0)    3 :  0.873 0.008 0.011 0.043 0.015 0.007 0.043 
 65 24.0665.E1    (0)    3 :  0.698 0.008 0.020 0.020 0.033 0.008 0.214 
 66 24.0666.E1    (0)    3 :  0.028 0.013 0.018 0.012 0.913 0.009 0.008 
 67 24.0667.E1    (0)    3 :  0.058 0.014 0.011 0.011 0.895 0.006 0.006 
 68 24.0668.E1    (0)    3 :  0.010 0.005 0.006 0.007 0.961 0.007 0.005 
 69 24.0669.E1    (0)    3 :  0.010 0.005 0.006 0.007 0.961 0.006 0.005 
 70 24.0670.E1    (0)    3 :  0.872 0.014 0.006 0.053 0.043 0.005 0.007 
 71 24.0671.E1    (0)    3 :  0.874 0.013 0.016 0.059 0.014 0.013 0.010 
 72 24.0672.E1    (0)    3 :  0.521 0.074 0.046 0.011 0.331 0.010 0.008 
 73 24.0673.E1    (6)    4 :  0.054 0.153 0.202 0.088 0.012 0.025 0.467 
 74 24.0674.E1    (0)    4 :  0.009 0.062 0.839 0.017 0.007 0.010 0.056 
 75 24.0675.E1    (0)    4 :  0.023 0.027 0.752 0.109 0.013 0.033 0.042 
 76 24.0676.E1    (0)    4 :  0.027 0.014 0.806 0.112 0.009 0.010 0.023 
 77 24.0677.E1    (0)    4 :  0.535 0.073 0.052 0.187 0.128 0.006 0.018 
 78 24.0678.E1    (0)    4 :  0.202 0.559 0.025 0.012 0.139 0.048 0.016 
 79 24.0679.E1    (0)    4 :  0.502 0.138 0.213 0.093 0.029 0.015 0.010 
 80 24.0680.E1    (0)    4 :  0.666 0.045 0.108 0.014 0.133 0.019 0.015 
 81 24.0681.E1    (0)    4 :  0.227 0.051 0.660 0.011 0.016 0.012 0.023 
 82 24.0682.E1    (0)    4 :  0.005 0.006 0.965 0.005 0.006 0.006 0.006 
 83 24.0683.E1    (0)    4 :  0.009 0.065 0.735 0.009 0.011 0.008 0.163 
 84 24.0684.E1    (0)    4 :  0.031 0.156 0.689 0.027 0.021 0.023 0.053 
 85 24.0685.E1    (0)    4 :  0.011 0.017 0.893 0.011 0.031 0.011 0.026 
 86 24.0686.E1    (0)    4 :  0.441 0.260 0.069 0.018 0.035 0.160 0.017 
 87 24.0687.E1    (0)    4 :  0.317 0.211 0.101 0.029 0.016 0.301 0.025 
 88 24.0688.E1    (0)    4 :  0.011 0.008 0.952 0.005 0.007 0.008 0.009 
 89 24.0689.E1    (0)    4 :  0.107 0.048 0.205 0.549 0.013 0.023 0.055 
 90 24.0690.E1    (0)    4 :  0.324 0.036 0.079 0.011 0.454 0.057 0.040 
 91 24.0691.E1    (0)    4 :  0.012 0.025 0.921 0.015 0.008 0.009 0.010 
 92 24.0692.E1    (0)    4 :  0.044 0.007 0.908 0.013 0.010 0.007 0.012 
 93 24.0693.E1    (0)    4 :  0.084 0.015 0.303 0.069 0.015 0.011 0.502 
 94 24.0694.E1    (0)    4 :  0.012 0.011 0.937 0.006 0.014 0.007 0.013 
 95 24.0695.E1    (0)    4 :  0.018 0.079 0.844 0.019 0.021 0.008 0.010 
 96 24.0696.E1    (0)    4 :  0.013 0.033 0.899 0.012 0.015 0.017 0.011 
 97 24.0697.E1    (0)    5 :  0.492 0.010 0.239 0.033 0.025 0.016 0.185 
 98 24.0698.E1    (0)    5 :  0.418 0.044 0.075 0.101 0.147 0.025 0.191 
 99 24.0699.E1    (0)    5 :  0.744 0.060 0.010 0.013 0.137 0.021 0.015 
100 24.0700.E1    (0)    5 :  0.872 0.011 0.068 0.011 0.017 0.008 0.013 
101 24.0701.E1    (0)    5 :  0.015 0.011 0.012 0.013 0.886 0.012 0.050 
102 24.0702.E1    (0)    5 :  0.790 0.023 0.052 0.011 0.049 0.019 0.056 
103 24.0703.E1    (0)    5 :  0.629 0.026 0.016 0.021 0.131 0.166 0.011 
104 24.0704.E1    (6)    5 :  0.532 0.043 0.028 0.014 0.334 0.033 0.016 
105 24.0705.E1    (0)    5 :  0.073 0.025 0.842 0.012 0.024 0.013 0.010 
106 24.0706.E1    (0)    5 :  0.792 0.011 0.106 0.021 0.043 0.011 0.017 
107 24.0707.E1    (0)    5 :  0.746 0.065 0.093 0.008 0.024 0.038 0.026 
108 24.0708.E1    (0)    5 :  0.031 0.176 0.057 0.383 0.029 0.294 0.030 
109 24.0709.E1    (0)    5 :  0.016 0.011 0.908 0.030 0.015 0.011 0.008 
110 24.0710.E1    (0)    5 :  0.207 0.132 0.335 0.071 0.194 0.012 0.050 
111 24.0711.E1    (0)    5 :  0.462 0.141 0.153 0.012 0.138 0.069 0.026 
112 24.0712.E1    (0)    5 :  0.047 0.035 0.050 0.009 0.780 0.053 0.026 
113 24.0713.E1    (0)    5 :  0.244 0.013 0.650 0.036 0.023 0.011 0.023 
114 24.0714.E1    (0)    5 :  0.749 0.092 0.049 0.031 0.037 0.026 0.015 
115 24.0715.E1    (0)    5 :  0.147 0.062 0.160 0.039 0.035 0.010 0.547 
116 24.0716.E1    (0)    5 :  0.317 0.098 0.030 0.053 0.410 0.068 0.024 
117 24.0717.E1    (0)    5 :  0.553 0.023 0.036 0.041 0.027 0.076 0.245 
118 24.0718.E1    (0)    5 :  0.604 0.033 0.268 0.011 0.039 0.029 0.017 
119 24.0719.E1    (0)    5 :  0.024 0.008 0.899 0.018 0.024 0.018 0.008 
120 24.0720.E1    (0)    5 :  0.141 0.017 0.786 0.015 0.018 0.014 0.009 
121 24.0721.E1    (0)    6 :  0.132 0.015 0.148 0.070 0.015 0.032 0.588 
122 24.0722.E1    (0)    6 :  0.039 0.029 0.120 0.015 0.047 0.219 0.531 
123 24.0723.E1    (0)    6 :  0.044 0.033 0.024 0.135 0.013 0.368 0.383 
124 24.0724.E1    (0)    6 :  0.028 0.264 0.390 0.161 0.018 0.035 0.105 
125 24.0725.E1    (0)    6 :  0.026 0.925 0.013 0.009 0.008 0.009 0.010 
126 24.0726.E1    (6)    6 :  0.042 0.583 0.238 0.011 0.010 0.013 0.102 
127 24.0727.E1    (0)    6 :  0.043 0.414 0.029 0.039 0.027 0.017 0.431 
128 24.0728.E1    (0)    6 :  0.152 0.516 0.029 0.025 0.016 0.033 0.230 
129 24.0729.E1    (0)    6 :  0.018 0.537 0.328 0.019 0.030 0.018 0.051 
130 24.0730.E1    (0)    6 :  0.568 0.124 0.072 0.054 0.071 0.015 0.096 
131 24.0731.E1    (0)    6 :  0.013 0.174 0.698 0.013 0.007 0.015 0.081 
132 24.0732.E1    (0)    6 :  0.043 0.058 0.121 0.005 0.014 0.012 0.748 
133 24.0733.E1    (0)    6 :  0.006 0.939 0.010 0.006 0.005 0.006 0.026 
134 24.0734.E1    (0)    6 :  0.056 0.058 0.016 0.012 0.013 0.024 0.823 
135 24.0735.E1    (0)    6 :  0.065 0.651 0.023 0.021 0.014 0.046 0.181 
136 24.0736.E1    (0)    6 :  0.010 0.918 0.010 0.008 0.007 0.009 0.038 
137 24.0737.E1    (0)    6 :  0.027 0.888 0.018 0.013 0.009 0.035 0.010 
138 24.0738.E1    (0)    6 :  0.021 0.895 0.013 0.009 0.013 0.012 0.037 
139 24.0739.E1    (0)    6 :  0.039 0.904 0.015 0.010 0.008 0.017 0.008 
140 24.0740.E1    (0)    6 :  0.020 0.459 0.450 0.015 0.019 0.018 0.018 
141 24.0741.E1    (0)    6 :  0.051 0.288 0.229 0.012 0.010 0.019 0.391 
142 24.0742.E1    (0)    6 :  0.015 0.275 0.037 0.011 0.010 0.014 0.638 
143 24.0743.E1    (0)    6 :  0.016 0.352 0.511 0.032 0.032 0.007 0.051 
144 24.0744.E1    (0)    6 :  0.029 0.193 0.203 0.040 0.322 0.017 0.196 
145 24.0745.E1    (0)    7 :  0.018 0.007 0.027 0.011 0.033 0.006 0.898 
146 24.0746.E1    (0)    7 :  0.039 0.109 0.078 0.014 0.050 0.105 0.605 
147 24.0747.E1    (0)    7 :  0.014 0.026 0.302 0.021 0.014 0.008 0.614 
148 24.0748.E1    (6)    7 :  0.016 0.031 0.380 0.028 0.016 0.009 0.521 
149 24.0749.E1    (0)    7 :  0.010 0.254 0.011 0.009 0.011 0.010 0.694 
150 24.0750.E1    (0)    7 :  0.069 0.226 0.359 0.029 0.038 0.021 0.259 
151 24.0751.E1    (0)    7 :  0.007 0.012 0.007 0.006 0.007 0.008 0.953 
152 24.0752.E1    (0)    7 :  0.011 0.080 0.016 0.013 0.011 0.008 0.862 
153 24.0753.E1    (0)    7 :  0.010 0.289 0.015 0.007 0.013 0.120 0.545 
154 24.0754.E1    (0)    7 :  0.011 0.028 0.027 0.008 0.008 0.017 0.902 
155 24.0755.E1    (0)    7 :  0.024 0.018 0.187 0.034 0.017 0.019 0.702 
156 24.0756.E1    (0)    7 :  0.006 0.023 0.009 0.018 0.012 0.010 0.923 
157 24.0757.E1    (0)    7 :  0.005 0.005 0.006 0.004 0.005 0.005 0.970 
158 24.0758.E1    (0)    7 :  0.005 0.005 0.006 0.004 0.005 0.006 0.969 
159 24.0759.E1    (0)    7 :  0.013 0.029 0.010 0.007 0.010 0.007 0.923 
160 24.0760.E1    (0)    7 :  0.053 0.017 0.034 0.007 0.014 0.241 0.634 
161 24.0761.E1    (0)    7 :  0.006 0.008 0.006 0.006 0.005 0.010 0.958 
162 24.0762.E1    (0)    7 :  0.245 0.263 0.063 0.040 0.322 0.012 0.055 
163 24.0763.E1    (0)    7 :  0.007 0.010 0.015 0.005 0.005 0.005 0.952 
164 24.0764.E1    (0)    7 :  0.009 0.021 0.007 0.006 0.007 0.009 0.941 
165 24.0765.E1    (0)    7 :  0.010 0.011 0.020 0.015 0.010 0.028 0.905 
166 24.0766.E1    (0)    7 :  0.007 0.012 0.010 0.006 0.007 0.008 0.950 
167 24.0767.E1    (0)    7 :  0.005 0.007 0.009 0.006 0.005 0.005 0.963 
168 24.0768.E1    (0)    7 :  0.023 0.239 0.523 0.058 0.047 0.007 0.102 
169 24.0779.E1    (0)    8 :  0.777 0.035 0.051 0.014 0.030 0.010 0.083 
170 24.0780.E1    (6)    8 :  0.670 0.010 0.047 0.250 0.009 0.008 0.006 
171 24.0781.E1    (0)    8 :  0.946 0.006 0.019 0.009 0.007 0.006 0.007 
172 24.0782.E1    (0)    8 :  0.188 0.202 0.434 0.045 0.018 0.070 0.043 
173 24.0783.E1    (0)    8 :  0.595 0.015 0.097 0.240 0.029 0.016 0.009 
174 24.0784.E1    (0)    8 :  0.870 0.012 0.052 0.045 0.007 0.008 0.006 
175 24.0785.E1    (0)    8 :  0.868 0.009 0.015 0.077 0.020 0.006 0.005 
176 24.0786.E1    (0)    8 :  0.600 0.033 0.192 0.132 0.016 0.011 0.016 
177 24.0787.E1    (0)    8 :  0.871 0.016 0.019 0.012 0.010 0.051 0.021 
178 24.0788.E1    (0)    8 :  0.793 0.007 0.055 0.109 0.008 0.019 0.009 
179 24.0789.E1    (0)    8 :  0.818 0.061 0.014 0.045 0.014 0.038 0.009 
180 24.0790.E1    (0)    8 :  0.949 0.005 0.009 0.013 0.009 0.010 0.005 
181 24.0791.E1    (0)    8 :  0.316 0.168 0.058 0.013 0.428 0.006 0.011 
182 24.0792.E1    (0)    8 :  0.842 0.013 0.050 0.030 0.018 0.006 0.042 
183 24.0793.E1    (0)    9 :  0.047 0.061 0.012 0.448 0.094 0.330 0.008 
184 24.0794.E1    (0)    9 :  0.184 0.656 0.008 0.119 0.013 0.010 0.010 
185 24.0795.E1    (0)    9 :  0.026 0.619 0.018 0.127 0.017 0.182 0.011 
186 24.0796.E1    (0)    9 :  0.292 0.090 0.011 0.577 0.016 0.010 0.006 
187 24.0797.E1    (0)    9 :  0.178 0.044 0.011 0.638 0.054 0.071 0.005 
188 24.0798.E1    (0)    9 :  0.033 0.015 0.034 0.067 0.604 0.195 0.052 
189 24.0799.E1    (0)    9 :  0.016 0.039 0.012 0.044 0.866 0.015 0.009 
190 24.0800.E1    (0)    9 :  0.017 0.026 0.082 0.491 0.364 0.008 0.011 
191 24.0801.E1    (0)    9 :  0.013 0.006 0.024 0.011 0.928 0.010 0.006 
192 24.0802.E1    (0)    9 :  0.035 0.022 0.012 0.396 0.024 0.504 0.007 
193 24.0803.E1    (0)    9 :  0.017 0.031 0.009 0.030 0.786 0.120 0.007 
194 24.0804.E1    (0)    9 :  0.011 0.011 0.008 0.691 0.014 0.259 0.006 
195 24.0805.E1    (0)    9 :  0.023 0.013 0.132 0.017 0.795 0.011 0.010 
196 24.0806.E1    (0)    9 :  0.019 0.050 0.016 0.150 0.114 0.635 0.015 
197 24.0807.E1    (0)    9 :  0.042 0.025 0.011 0.517 0.036 0.363 0.006 
198 24.0808.E1    (0)    9 :  0.156 0.018 0.240 0.402 0.160 0.016 0.009 
199 24.0809.E1    (0)    9 :  0.012 0.024 0.230 0.122 0.593 0.008 0.011 
200 24.0810.E1    (0)    9 :  0.015 0.022 0.078 0.146 0.688 0.034 0.017 
201 24.0811.E1    (0)    9 :  0.024 0.037 0.009 0.721 0.007 0.195 0.007 
202 24.0812.E1    (0)    9 :  0.087 0.051 0.043 0.767 0.027 0.016 0.010 
203 24.0813.E1    (0)    9 :  0.323 0.012 0.164 0.166 0.045 0.280 0.010 
204 24.0814.E1    (6)    9 :  0.021 0.010 0.047 0.665 0.114 0.136 0.007 
205 24.0815.E1    (0)    9 :  0.017 0.007 0.047 0.045 0.581 0.294 0.009 
206 24.0816.E1    (0)    9 :  0.060 0.013 0.007 0.378 0.147 0.387 0.006 
207 24.0817.E1    (0)   10 :  0.021 0.025 0.016 0.908 0.013 0.008 0.009 
208 24.0818.E1    (0)   10 :  0.091 0.051 0.010 0.804 0.020 0.013 0.012 
209 24.0819.E1    (0)   10 :  0.019 0.012 0.010 0.050 0.680 0.010 0.219 
210 24.0820.E1    (0)   10 :  0.014 0.008 0.007 0.470 0.022 0.009 0.471 
211 24.0821.E1    (0)   10 :  0.291 0.017 0.020 0.199 0.452 0.013 0.008 
212 24.0822.E1    (0)   10 :  0.032 0.009 0.016 0.899 0.013 0.005 0.026 
213 24.0823.E1    (0)   10 :  0.012 0.011 0.012 0.796 0.032 0.013 0.123 
214 24.0824.E1    (0)   10 :  0.009 0.010 0.088 0.303 0.569 0.010 0.011 
215 24.0825.E1    (0)   10 :  0.008 0.008 0.028 0.932 0.008 0.008 0.009 
216 24.0826.E1    (0)   10 :  0.029 0.007 0.010 0.630 0.024 0.010 0.289 
217 24.0827.E1    (0)   10 :  0.024 0.058 0.015 0.878 0.009 0.010 0.006 
218 24.0828.E1    (0)   10 :  0.021 0.009 0.014 0.845 0.037 0.012 0.062 
219 24.0829.E1    (0)   10 :  0.012 0.010 0.015 0.921 0.020 0.007 0.014 
220 24.0830.E1    (0)   10 :  0.098 0.010 0.015 0.851 0.012 0.009 0.006 
221 24.0831.E1    (0)   10 :  0.168 0.008 0.014 0.781 0.016 0.007 0.006 
222 24.0832.E1    (0)   10 :  0.009 0.015 0.017 0.943 0.006 0.005 0.005 
223 24.0833.E1    (0)   10 :  0.006 0.006 0.018 0.954 0.005 0.005 0.006 
224 24.0834.E1    (0)   10 :  0.009 0.012 0.018 0.928 0.009 0.010 0.015 
225 24.0835.E1    (0)   10 :  0.011 0.018 0.015 0.919 0.022 0.009 0.006 
226 24.0836.E1    (0)   10 :  0.016 0.020 0.054 0.859 0.029 0.007 0.016 
227 24.0837.E1    (0)   10 :  0.015 0.010 0.016 0.930 0.014 0.006 0.009 
228 24.0838.E1    (0)   10 :  0.014 0.006 0.024 0.929 0.007 0.006 0.014 
229 24.0839.E1    (0)   10 :  0.095 0.103 0.032 0.664 0.057 0.024 0.025 
230 24.0840.E1    (0)   10 :  0.017 0.037 0.007 0.876 0.013 0.044 0.005 
231 24.0841.E1    (0)   11 :  0.031 0.021 0.020 0.897 0.009 0.005 0.017 
232 24.0842.E1    (0)   11 :  0.019 0.017 0.012 0.692 0.245 0.005 0.010 
233 24.0843.E1    (0)   11 :  0.025 0.007 0.008 0.650 0.269 0.008 0.033 
234 24.0844.E1    (0)   11 :  0.032 0.033 0.021 0.298 0.599 0.007 0.009 
235 24.0845.E1    (0)   11 :  0.052 0.010 0.020 0.886 0.018 0.007 0.007 
236 24.0846.E1    (0)   11 :  0.013 0.015 0.019 0.908 0.023 0.012 0.010 
237 24.0847.E1    (0)   11 :  0.015 0.046 0.184 0.700 0.030 0.009 0.016 
238 24.0848.E1    (0)   11 :  0.038 0.016 0.075 0.812 0.047 0.006 0.006 
239 24.0849.E1    (0)   11 :  0.010 0.009 0.007 0.943 0.012 0.006 0.013 
240 24.0850.E1    (0)   11 :  0.010 0.009 0.007 0.943 0.012 0.006 0.013 
241 24.0851.E1    (0)   11 :  0.010 0.009 0.007 0.943 0.012 0.006 0.013 
242 24.0852.E1    (0)   11 :  0.058 0.008 0.012 0.851 0.012 0.006 0.053 
243 24.0853.E1    (0)   11 :  0.008 0.006 0.008 0.950 0.007 0.007 0.014 
244 24.0854.E1    (0)   11 :  0.021 0.012 0.011 0.046 0.889 0.008 0.013 
245 24.0855.E1    (0)   11 :  0.010 0.008 0.010 0.946 0.013 0.007 0.007 
246 24.0856.E1    (0)   11 :  0.048 0.190 0.016 0.070 0.389 0.242 0.045 
247 24.0857.E1    (0)   11 :  0.017 0.027 0.053 0.804 0.066 0.015 0.018 
248 24.0858.E1    (0)   11 :  0.041 0.017 0.020 0.842 0.058 0.007 0.017 
249 24.0859.E1    (0)   11 :  0.018 0.015 0.012 0.786 0.029 0.015 0.125 
250 24.0860.E1    (0)   11 :  0.039 0.075 0.011 0.155 0.647 0.036 0.037 
251 24.0861.E1    (0)   11 :  0.012 0.008 0.007 0.945 0.008 0.006 0.015 
252 24.0862.E1    (0)   11 :  0.080 0.252 0.017 0.314 0.127 0.199 0.011 
253 24.0863.E1    (0)   11 :  0.012 0.008 0.007 0.944 0.009 0.006 0.015 
254 24.0864.E1    (0)   11 :  0.076 0.101 0.619 0.145 0.040 0.009 0.010 
255 24.0865.E1    (0)   12 :  0.217 0.024 0.113 0.190 0.019 0.016 0.421 
256 24.0866.E1    (0)   12 :  0.131 0.041 0.439 0.161 0.185 0.008 0.034 
257 24.0867.E1    (0)   12 :  0.019 0.013 0.602 0.078 0.034 0.027 0.228 
258 24.0868.E1    (0)   12 :  0.187 0.012 0.686 0.040 0.027 0.025 0.022 
259 24.0869.E1    (0)   12 :  0.030 0.008 0.877 0.027 0.012 0.039 0.007 
260 24.0870.E1    (0)   12 :  0.202 0.143 0.470 0.024 0.021 0.111 0.029 
261 24.0871.E1    (0)   12 :  0.185 0.093 0.556 0.043 0.049 0.062 0.012 
262 24.0872.E1    (0)   12 :  0.233 0.014 0.321 0.036 0.081 0.011 0.304 
263 24.0873.E1    (0)   12 :  0.029 0.011 0.863 0.025 0.036 0.017 0.018 
264 24.0874.E1    (0)   12 :  0.031 0.011 0.409 0.134 0.094 0.010 0.312 
265 24.0875.E1    (0)   12 :  0.190 0.081 0.295 0.019 0.382 0.015 0.020 
266 24.0876.E1    (0)   12 :  0.078 0.163 0.509 0.009 0.210 0.012 0.019 
267 24.0877.E1    (0)   12 :  0.025 0.773 0.055 0.008 0.034 0.009 0.095 
268 24.0878.E1    (0)   12 :  0.016 0.485 0.393 0.056 0.013 0.013 0.023 
269 24.0879.E1    (0)   12 :  0.031 0.694 0.035 0.008 0.207 0.017 0.008 
270 24.0880.E1    (0)   12 :  0.059 0.032 0.672 0.166 0.036 0.019 0.016 
271 24.0881.E1    (0)   12 :  0.008 0.934 0.013 0.007 0.009 0.011 0.017 
272 24.0882.E1    (0)   12 :  0.021 0.247 0.027 0.011 0.017 0.009 0.667 
273 24.0883.E1    (0)   12 :  0.018 0.282 0.175 0.014 0.234 0.012 0.264 
274 24.0884.E1    (0)   12 :  0.017 0.811 0.051 0.013 0.017 0.010 0.080 
275 24.0885.E1    (0)   12 :  0.061 0.500 0.374 0.012 0.028 0.015 0.010 
276 24.0886.E1    (0)   12 :  0.021 0.278 0.383 0.012 0.076 0.006 0.225 
277 24.0887.E1    (0)   12 :  0.008 0.050 0.040 0.006 0.195 0.012 0.689 
278 24.0888.E1    (0)   12 :  0.891 0.017 0.032 0.010 0.029 0.013 0.008 


Estimated Allele Frequencies in each cluster
First column gives estimated ancestral frequencies


Locus 1 : 
31 alleles
0.0% missing data
 115   (0.033) 0.009 0.126 0.118 0.003 0.013 0.003 0.006 
 117   (0.043) 0.009 0.185 0.060 0.003 0.054 0.004 0.168 
 119   (0.043) 0.008 0.255 0.021 0.003 0.007 0.213 0.303 
 131   (0.015) 0.003 0.047 0.004 0.001 0.002 0.001 0.003 
 128   (0.039) 0.037 0.032 0.040 0.015 0.017 0.004 0.004 
 135   (0.017) 0.003 0.039 0.019 0.002 0.003 0.001 0.006 
 126   (0.080) 0.068 0.088 0.065 0.168 0.068 0.011 0.080 
 122   (0.032) 0.026 0.019 0.008 0.004 0.030 0.167 0.002 
 132   (0.032) 0.022 0.006 0.013 0.033 0.020 0.004 0.016 
 141   (0.012) 0.002 0.010 0.002 0.001 0.002 0.002 0.001 
 130   (0.053) 0.054 0.007 0.091 0.027 0.061 0.022 0.024 
 134   (0.037) 0.022 0.004 0.025 0.045 0.012 0.119 0.003 
 145   (0.027) 0.036 0.004 0.005 0.005 0.019 0.012 0.019 
 127   (0.026) 0.006 0.026 0.006 0.002 0.006 0.027 0.159 
 116   (0.102) 0.263 0.018 0.165 0.179 0.103 0.182 0.021 
 114   (0.051) 0.037 0.008 0.035 0.172 0.061 0.090 0.008 
 120   (0.039) 0.063 0.011 0.012 0.002 0.071 0.071 0.003 
 110   (0.049) 0.023 0.012 0.055 0.055 0.050 0.026 0.028 
 133   (0.014) 0.003 0.003 0.002 0.001 0.008 0.008 0.012 
 118   (0.097) 0.242 0.016 0.187 0.216 0.354 0.014 0.023 
 125   (0.014) 0.006 0.004 0.002 0.011 0.004 0.002 0.001 
 129   (0.020) 0.008 0.044 0.006 0.001 0.011 0.002 0.006 
 124   (0.017) 0.016 0.010 0.003 0.001 0.009 0.002 0.001 
 136   (0.021) 0.005 0.003 0.041 0.037 0.003 0.002 0.001 
 121   (0.015) 0.003 0.005 0.003 0.001 0.002 0.001 0.061 
 139   (0.012) 0.002 0.010 0.002 0.001 0.002 0.001 0.001 
 113   (0.012) 0.002 0.002 0.002 0.001 0.002 0.001 0.013 
 111   (0.011) 0.002 0.002 0.002 0.001 0.002 0.001 0.012 
 143   (0.011) 0.002 0.001 0.001 0.001 0.002 0.001 0.013 
 140   (0.013) 0.015 0.002 0.004 0.001 0.003 0.004 0.001 
 112   (0.011) 0.002 0.001 0.002 0.008 0.002 0.001 0.001 

Locus 2 : 
18 alleles
0.0% missing data
 152   (0.366) 0.243 0.638 0.537 0.284 0.431 0.439 0.777 
 148   (0.072) 0.025 0.133 0.159 0.006 0.029 0.186 0.029 
 154   (0.108) 0.078 0.059 0.153 0.163 0.038 0.236 0.037 
 156   (0.016) 0.005 0.016 0.002 0.001 0.003 0.002 0.001 
 150   (0.026) 0.005 0.009 0.003 0.002 0.005 0.051 0.044 
 164   (0.078) 0.113 0.068 0.036 0.091 0.035 0.020 0.019 
 158   (0.033) 0.007 0.009 0.020 0.002 0.096 0.020 0.009 
 160   (0.018) 0.011 0.003 0.006 0.001 0.003 0.002 0.023 
 166   (0.021) 0.022 0.004 0.004 0.002 0.015 0.012 0.001 
 151   (0.064) 0.255 0.008 0.009 0.342 0.102 0.005 0.005 
 147   (0.069) 0.141 0.010 0.037 0.092 0.191 0.008 0.008 
 168   (0.025) 0.025 0.004 0.007 0.002 0.017 0.003 0.003 
 153   (0.015) 0.019 0.002 0.002 0.001 0.002 0.001 0.001 
 149   (0.027) 0.012 0.004 0.015 0.002 0.022 0.002 0.011 
 162   (0.021) 0.014 0.008 0.003 0.006 0.004 0.010 0.002 
 167   (0.014) 0.002 0.022 0.002 0.001 0.002 0.001 0.001 
 146   (0.013) 0.002 0.001 0.002 0.001 0.002 0.001 0.027 
 172   (0.014) 0.021 0.002 0.002 0.001 0.002 0.001 0.001 

Locus 3 : 
4 alleles
0.0% missing data
 128   (0.287) 0.212 0.204 0.315 0.399 0.335 0.266 0.406 
 126   (0.615) 0.732 0.713 0.658 0.518 0.554 0.667 0.586 
 132   (0.082) 0.053 0.081 0.025 0.082 0.086 0.061 0.007 
 134   (0.015) 0.003 0.002 0.002 0.001 0.025 0.006 0.001 

Locus 4 : 
3 alleles
0.0% missing data
 170   (0.316) 0.359 0.341 0.178 0.351 0.236 0.407 0.271 
 172   (0.670) 0.638 0.657 0.818 0.648 0.762 0.587 0.726 
 171   (0.014) 0.003 0.002 0.004 0.001 0.002 0.007 0.003 

Locus 5 : 
37 alleles
0.0% missing data
 125   (0.054) 0.021 0.073 0.045 0.082 0.084 0.049 0.037 
 110   (0.036) 0.009 0.051 0.006 0.060 0.051 0.030 0.012 
 129   (0.033) 0.095 0.048 0.012 0.026 0.017 0.003 0.003 
 113   (0.031) 0.096 0.015 0.012 0.054 0.013 0.007 0.002 
 145   (0.055) 0.059 0.193 0.132 0.009 0.042 0.005 0.097 
 155   (0.051) 0.027 0.151 0.027 0.046 0.032 0.195 0.014 
 117   (0.031) 0.028 0.020 0.094 0.002 0.005 0.007 0.028 
 124   (0.011) 0.002 0.021 0.002 0.001 0.002 0.001 0.001 
 133   (0.035) 0.055 0.042 0.025 0.002 0.013 0.003 0.068 
 157   (0.050) 0.120 0.010 0.052 0.029 0.112 0.019 0.023 
 141   (0.016) 0.028 0.004 0.008 0.003 0.003 0.001 0.001 
 112   (0.067) 0.037 0.072 0.106 0.152 0.027 0.166 0.149 
 121   (0.020) 0.019 0.008 0.004 0.025 0.012 0.019 0.003 
 114   (0.038) 0.008 0.042 0.126 0.041 0.008 0.008 0.158 
 153   (0.051) 0.047 0.052 0.040 0.078 0.264 0.009 0.004 
 127   (0.067) 0.098 0.080 0.075 0.140 0.038 0.031 0.108 
 131   (0.055) 0.014 0.042 0.046 0.036 0.121 0.204 0.198 
 135   (0.029) 0.022 0.006 0.026 0.056 0.050 0.005 0.003 
 104   (0.008) 0.002 0.001 0.004 0.001 0.001 0.006 0.003 
 118   (0.018) 0.009 0.015 0.012 0.001 0.007 0.012 0.002 
 116   (0.027) 0.013 0.006 0.030 0.013 0.013 0.055 0.003 
 137   (0.022) 0.014 0.008 0.006 0.002 0.012 0.137 0.005 
 123   (0.019) 0.005 0.006 0.006 0.070 0.017 0.005 0.002 
 149   (0.009) 0.002 0.001 0.006 0.004 0.001 0.001 0.001 
 138   (0.012) 0.046 0.001 0.001 0.001 0.002 0.001 0.001 
 143   (0.025) 0.030 0.003 0.003 0.037 0.007 0.003 0.063 
 163   (0.010) 0.005 0.003 0.002 0.001 0.002 0.005 0.001 
 109   (0.010) 0.002 0.001 0.023 0.001 0.001 0.001 0.001 
 139   (0.011) 0.009 0.001 0.002 0.001 0.002 0.001 0.001 
 106   (0.010) 0.009 0.002 0.002 0.001 0.002 0.001 0.001 
 144   (0.015) 0.004 0.002 0.035 0.001 0.012 0.001 0.001 
 122   (0.012) 0.003 0.009 0.010 0.001 0.002 0.001 0.004 
 100   (0.017) 0.023 0.003 0.006 0.014 0.010 0.004 0.001 
 111   (0.012) 0.029 0.001 0.002 0.001 0.002 0.001 0.001 
 233   (0.010) 0.005 0.001 0.001 0.002 0.008 0.001 0.001 
 134   (0.011) 0.004 0.001 0.001 0.007 0.002 0.001 0.001 
 140   (0.010) 0.004 0.001 0.008 0.001 0.002 0.001 0.001 

Locus 6 : 
17 alleles
0.0% missing data
 221   (0.024) 0.004 0.133 0.003 0.001 0.004 0.002 0.073 
 232   (0.238) 0.352 0.198 0.235 0.418 0.285 0.130 0.469 
 229   (0.058) 0.012 0.094 0.028 0.055 0.035 0.044 0.056 
 223   (0.063) 0.032 0.086 0.073 0.042 0.077 0.009 0.009 
 230   (0.151) 0.191 0.079 0.237 0.150 0.091 0.141 0.279 
 235   (0.013) 0.002 0.065 0.002 0.001 0.002 0.001 0.001 
 236   (0.038) 0.034 0.089 0.010 0.003 0.011 0.030 0.005 
 227   (0.024) 0.009 0.057 0.010 0.002 0.010 0.002 0.003 
 220   (0.055) 0.030 0.008 0.040 0.073 0.074 0.176 0.004 
 222   (0.043) 0.036 0.005 0.025 0.007 0.067 0.303 0.003 
 234   (0.131) 0.096 0.091 0.236 0.095 0.233 0.135 0.056 
 224   (0.035) 0.029 0.005 0.007 0.046 0.063 0.004 0.002 
 228   (0.054) 0.158 0.013 0.045 0.059 0.027 0.007 0.004 
 225   (0.012) 0.002 0.009 0.002 0.001 0.002 0.004 0.001 
 226   (0.019) 0.004 0.008 0.002 0.044 0.004 0.007 0.001 
 233   (0.028) 0.006 0.040 0.024 0.002 0.014 0.002 0.033 
 231   (0.015) 0.003 0.022 0.021 0.001 0.003 0.001 0.001 

Locus 7 : 
10 alleles
0.0% missing data
 121   (0.685) 0.837 0.881 0.822 0.711 0.695 0.807 0.743 
 129   (0.087) 0.049 0.066 0.052 0.152 0.052 0.010 0.108 
 130   (0.017) 0.004 0.004 0.002 0.003 0.016 0.007 0.002 
 123   (0.097) 0.067 0.031 0.032 0.123 0.148 0.118 0.100 
 128   (0.022) 0.004 0.004 0.004 0.001 0.012 0.028 0.021 
 131   (0.016) 0.003 0.004 0.002 0.002 0.006 0.022 0.002 
 117   (0.012) 0.011 0.001 0.002 0.001 0.002 0.001 0.001 
 125   (0.013) 0.002 0.001 0.001 0.001 0.031 0.001 0.001 
 134   (0.037) 0.020 0.007 0.073 0.003 0.037 0.005 0.008 
 132   (0.014) 0.003 0.002 0.010 0.001 0.002 0.001 0.015 

Locus 8 : 
19 alleles
0.0% missing data
 184   (0.289) 0.351 0.487 0.429 0.308 0.518 0.462 0.364 
 194   (0.048) 0.037 0.033 0.074 0.009 0.015 0.019 0.022 
 178   (0.095) 0.058 0.204 0.087 0.200 0.031 0.172 0.062 
 176   (0.081) 0.093 0.043 0.080 0.040 0.097 0.011 0.212 
 182   (0.081) 0.100 0.036 0.060 0.076 0.068 0.029 0.189 
 190   (0.034) 0.007 0.008 0.005 0.016 0.031 0.061 0.036 
 196   (0.024) 0.022 0.007 0.008 0.037 0.004 0.002 0.001 
 200   (0.031) 0.025 0.019 0.007 0.002 0.031 0.007 0.010 
 180   (0.026) 0.005 0.011 0.003 0.002 0.057 0.062 0.002 
 188   (0.042) 0.034 0.027 0.056 0.032 0.008 0.007 0.006 
 174   (0.039) 0.012 0.022 0.081 0.003 0.032 0.016 0.024 
 186   (0.111) 0.217 0.084 0.082 0.217 0.045 0.124 0.062 
 192   (0.025) 0.008 0.011 0.004 0.047 0.017 0.010 0.003 
 201   (0.012) 0.002 0.001 0.002 0.001 0.007 0.009 0.001 
 199   (0.020) 0.013 0.002 0.002 0.004 0.021 0.006 0.001 
 185   (0.011) 0.010 0.001 0.001 0.001 0.002 0.001 0.001 
 203   (0.011) 0.002 0.001 0.011 0.001 0.002 0.001 0.001 
 198   (0.012) 0.004 0.001 0.004 0.003 0.004 0.001 0.001 
 209   (0.010) 0.002 0.002 0.001 0.002 0.012 0.001 0.001 

Locus 9 : 
6 alleles
0.4% missing data
 154   (0.687) 0.796 0.729 0.673 0.818 0.704 0.790 0.653 
 156   (0.208) 0.147 0.164 0.252 0.083 0.278 0.201 0.332 
 152   (0.047) 0.016 0.065 0.044 0.094 0.008 0.004 0.007 
 153   (0.015) 0.017 0.004 0.002 0.001 0.002 0.002 0.001 
 160   (0.015) 0.019 0.002 0.002 0.001 0.004 0.001 0.001 
 164   (0.027) 0.005 0.036 0.028 0.002 0.004 0.002 0.007 

Locus 10 : 
29 alleles
0.7% missing data
 305   (0.057) 0.076 0.153 0.010 0.011 0.016 0.218 0.006 
 313   (0.046) 0.059 0.136 0.009 0.023 0.009 0.011 0.004 
 311   (0.016) 0.005 0.016 0.002 0.001 0.006 0.001 0.001 
 299   (0.112) 0.151 0.273 0.038 0.205 0.077 0.027 0.028 
 315   (0.077) 0.137 0.091 0.025 0.013 0.017 0.056 0.079 
 287   (0.023) 0.007 0.008 0.003 0.002 0.465 0.003 0.002 
 291   (0.089) 0.052 0.067 0.372 0.328 0.030 0.035 0.014 
 295   (0.024) 0.006 0.024 0.165 0.002 0.003 0.003 0.002 
 289   (0.018) 0.005 0.003 0.002 0.001 0.122 0.002 0.001 
 303   (0.054) 0.064 0.011 0.015 0.135 0.011 0.027 0.582 
 297   (0.044) 0.010 0.027 0.071 0.082 0.014 0.005 0.076 
 293   (0.020) 0.008 0.040 0.010 0.001 0.057 0.002 0.001 
 301   (0.061) 0.075 0.057 0.062 0.006 0.014 0.109 0.007 
 285   (0.019) 0.006 0.002 0.002 0.004 0.008 0.389 0.001 
 307   (0.053) 0.028 0.009 0.061 0.065 0.011 0.023 0.178 
 312   (0.058) 0.085 0.009 0.066 0.067 0.022 0.041 0.005 
 306   (0.029) 0.050 0.008 0.031 0.003 0.004 0.003 0.002 
 320   (0.014) 0.021 0.002 0.002 0.001 0.002 0.001 0.001 
 317   (0.025) 0.052 0.018 0.003 0.006 0.004 0.002 0.001 
 314   (0.027) 0.015 0.027 0.007 0.002 0.020 0.002 0.002 
 323   (0.013) 0.008 0.002 0.002 0.001 0.006 0.001 0.001 
 325   (0.013) 0.008 0.002 0.002 0.001 0.006 0.001 0.001 
 310   (0.019) 0.019 0.003 0.004 0.020 0.003 0.002 0.001 
 309   (0.014) 0.003 0.002 0.022 0.001 0.002 0.001 0.001 
 316   (0.017) 0.029 0.002 0.002 0.003 0.002 0.001 0.001 
 296   (0.013) 0.011 0.002 0.002 0.001 0.002 0.001 0.001 
 304   (0.020) 0.005 0.003 0.002 0.012 0.014 0.029 0.001 
 321   (0.013) 0.002 0.001 0.003 0.001 0.026 0.002 0.001 
 332   (0.014) 0.003 0.002 0.004 0.001 0.025 0.001 0.001 

Locus 11 : 
19 alleles
0.0% missing data
 114   (0.147) 0.139 0.230 0.232 0.011 0.046 0.276 0.207 
 126   (0.023) 0.004 0.055 0.005 0.001 0.003 0.013 0.003 
 111   (0.081) 0.018 0.237 0.017 0.584 0.269 0.026 0.006 
 116   (0.108) 0.055 0.125 0.118 0.016 0.130 0.029 0.239 
 132   (0.014) 0.003 0.011 0.002 0.001 0.002 0.001 0.001 
 109   (0.018) 0.003 0.040 0.006 0.001 0.002 0.002 0.001 
 128   (0.018) 0.004 0.006 0.017 0.002 0.003 0.002 0.001 
 112   (0.318) 0.605 0.227 0.454 0.029 0.230 0.590 0.505 
 122   (0.018) 0.006 0.002 0.009 0.002 0.004 0.006 0.008 
 124   (0.013) 0.002 0.002 0.002 0.001 0.002 0.017 0.002 
 118   (0.047) 0.021 0.014 0.069 0.005 0.099 0.012 0.013 
 127   (0.014) 0.011 0.002 0.002 0.001 0.002 0.001 0.001 
 113   (0.054) 0.059 0.007 0.011 0.291 0.088 0.009 0.004 
 115   (0.035) 0.013 0.020 0.026 0.003 0.085 0.004 0.003 
 120   (0.024) 0.005 0.003 0.019 0.036 0.004 0.002 0.001 
 117   (0.023) 0.014 0.005 0.003 0.006 0.015 0.003 0.002 
 125   (0.017) 0.026 0.003 0.002 0.001 0.007 0.001 0.001 
 119   (0.018) 0.008 0.003 0.004 0.008 0.004 0.005 0.001 
 136   (0.012) 0.002 0.009 0.002 0.001 0.005 0.001 0.001 

Locus 12 : 
28 alleles
0.7% missing data
 306   (0.059) 0.047 0.152 0.010 0.017 0.023 0.249 0.006 
 314   (0.054) 0.046 0.125 0.008 0.074 0.019 0.006 0.005 
 312   (0.014) 0.002 0.023 0.002 0.001 0.002 0.001 0.001 
 300   (0.118) 0.152 0.288 0.038 0.205 0.079 0.027 0.028 
 316   (0.045) 0.012 0.083 0.007 0.013 0.007 0.051 0.076 
 288   (0.023) 0.006 0.007 0.003 0.002 0.460 0.003 0.002 
 292   (0.092) 0.052 0.068 0.373 0.331 0.037 0.035 0.014 
 296   (0.032) 0.015 0.026 0.165 0.003 0.005 0.003 0.002 
 290   (0.020) 0.006 0.003 0.002 0.001 0.124 0.002 0.001 
 304   (0.060) 0.066 0.012 0.016 0.136 0.013 0.027 0.583 
 298   (0.048) 0.010 0.028 0.071 0.082 0.015 0.005 0.076 
 294   (0.020) 0.008 0.041 0.010 0.001 0.058 0.002 0.001 
 302   (0.066) 0.076 0.058 0.062 0.007 0.015 0.107 0.007 
 286   (0.019) 0.006 0.002 0.002 0.004 0.008 0.398 0.001 
 308   (0.030) 0.022 0.006 0.018 0.002 0.008 0.021 0.174 
 313   (0.046) 0.105 0.008 0.070 0.004 0.015 0.041 0.004 
 307   (0.046) 0.053 0.009 0.075 0.069 0.007 0.004 0.004 
 321   (0.014) 0.021 0.002 0.002 0.001 0.002 0.001 0.001 
 315   (0.047) 0.139 0.032 0.022 0.003 0.031 0.005 0.003 
 318   (0.020) 0.049 0.006 0.002 0.008 0.003 0.002 0.001 
 324   (0.012) 0.007 0.002 0.002 0.001 0.006 0.001 0.001 
 326   (0.014) 0.008 0.002 0.002 0.001 0.006 0.001 0.001 
 311   (0.028) 0.030 0.009 0.006 0.029 0.012 0.002 0.002 
 310   (0.014) 0.003 0.002 0.021 0.001 0.002 0.001 0.001 
 305   (0.016) 0.031 0.002 0.002 0.001 0.002 0.001 0.001 
 317   (0.014) 0.021 0.002 0.002 0.001 0.002 0.001 0.001 
 320   (0.013) 0.003 0.002 0.003 0.001 0.013 0.001 0.001 
 322   (0.015) 0.003 0.002 0.003 0.001 0.027 0.002 0.001 

Locus 13 : 
7 alleles
1.1% missing data
 161   (0.597) 0.525 0.642 0.813 0.336 0.620 0.101 0.895 
 163   (0.294) 0.454 0.284 0.147 0.572 0.362 0.053 0.028 
 160   (0.019) 0.004 0.003 0.003 0.001 0.004 0.417 0.001 
 162   (0.017) 0.003 0.002 0.002 0.001 0.002 0.421 0.001 
 165   (0.043) 0.008 0.063 0.027 0.088 0.008 0.006 0.005 
 166   (0.015) 0.003 0.004 0.006 0.001 0.003 0.002 0.003 
 164   (0.016) 0.003 0.002 0.002 0.001 0.002 0.001 0.066 

Locus 14 : 
4 alleles
0.4% missing data
  98   (0.954) 0.976 0.989 0.990 0.997 0.993 0.996 0.986 
 100   (0.014) 0.010 0.002 0.002 0.001 0.002 0.001 0.002 
  96   (0.018) 0.004 0.008 0.007 0.001 0.003 0.002 0.011 
 105   (0.014) 0.011 0.002 0.002 0.001 0.002 0.001 0.001 

Locus 15 : 
12 alleles
2.2% missing data
 171   (0.311) 0.389 0.382 0.235 0.320 0.440 0.196 0.182 
 177   (0.182) 0.132 0.198 0.264 0.088 0.244 0.309 0.058 
 173   (0.257) 0.315 0.283 0.346 0.549 0.147 0.190 0.092 
 179   (0.099) 0.068 0.079 0.036 0.016 0.109 0.283 0.552 
 183   (0.019) 0.006 0.034 0.002 0.002 0.004 0.002 0.006 
 181   (0.042) 0.049 0.008 0.014 0.019 0.006 0.004 0.103 
 197   (0.015) 0.003 0.002 0.055 0.001 0.002 0.001 0.002 
 170   (0.015) 0.016 0.002 0.004 0.001 0.006 0.001 0.001 
 189   (0.015) 0.011 0.007 0.003 0.001 0.002 0.009 0.001 
 203   (0.015) 0.003 0.002 0.035 0.001 0.002 0.001 0.001 
 187   (0.016) 0.006 0.003 0.002 0.001 0.024 0.001 0.001 
 198   (0.014) 0.003 0.002 0.003 0.001 0.014 0.001 0.001 

Values of parameters used in structure:
DATAFILE=STRUCTURE_main_final_278_HEG_ZG.str,	OUTFILE=STRUCTURE_main_final_278_HEG_ZG-K7-10,	NUMINDS=278,	NUMLOCI=15,	MISSING=-9,	LABEL=1,	POPDATA=1,	POPFLAG=0,	PHENOTYPE=0,	EXTRACOLS=0,	MAXPOPS=7,	BURNIN=100000,	NUMREPS=500000,	USEPOPINFO=0,	INFERALPHA=1,	INFERLAMBDA=0,	POPSPECIFICLAMBDA=0,	POPALPHAS=0,	COMPUTEPROB=1,	NOADMIX=0,	ADMBURNIN=2500,	UPDATEFREQ=1,	PRINTLIKES=0,	INTERMEDSAVE=0,	PRINTKLD=0,	PRINTNET=0,	PRINTLAMBDA=0,	ANCESTDIST=0,	NUMBOXES=1000,	ANCESTPINT=0.90000,	GENSBACK=2,	MIGRPRIOR=0.05000,	PRINTQHAT=0,	PRINTQSUM=0,	ALPHA=1.0000,	FREQSCORR=1,	FPRIORMEAN=0.0100,	FPRIORSD=0.0500,	ONEFST=0,	LAMBDA=1.0000,	UNIFPRIORALPHA=1,	ALPHAMAX=10.0000,	ALPHAPRIORA=1.0000,	ALPHAPRIORB=2.0000,	ALPHAPROPSD=0.0250,	STARTATPOPINFO=0,	RANDOMIZE=1,	LINKAGE=0,	METROFREQ=10,	REPORTHITRATE=0,	MARKOVPHASE=-1,	PHASED=0,	PLOIDY=2,	PHASEINFO=0	LOCPRIOR=0, 	LOCPRIORINIT=1.000000, 	LOCDATA=0, 	LOCISPOP=0, 	LOCPRIORSTEP=0.100000, 	MAXLOCPRIOR=20.000000, 	SEED=1782482321,	
[STRAT parameters]:    NUMSIMSTATS=1000,	PHENOTYPECOL=-9,	POOLFREQ=10,	LOCUSxONLY=0,	EMERROR=0.00100,	MISSINGPHENO=-9,	