

----------------------------------------------------
STRUCTURE by Pritchard, Stephens and Donnelly (2000)
     and Falush, Stephens and Pritchard (2003)
       Code by Pritchard, Falush and Hubisz
             Version 2.3.4 (Jul 2012)
----------------------------------------------------



Command line arguments:   structure -K 5 -i STRUCTURE_main_final_278_HEG_ZG.str -o STRUCTURE_main_final_278_HEG_ZG-K5-18 
Input File:    STRUCTURE_main_final_278_HEG_ZG.str

Run parameters:
   278 individuals
   15 loci
   5 populations assumed
   100000 Burn-in period
   500000 Reps


--------------------------------------------
Proportion of membership of each pre-defined
 population in each of the 5 clusters

Given    Inferred Clusters                     Number of
 Pop       1      2      3      4      5      Individuals

  1:     0.124  0.095  0.046  0.039  0.696       24
  2:     0.045  0.114  0.707  0.076  0.059       24
  3:     0.151  0.052  0.054  0.703  0.040       24
  4:     0.134  0.155  0.082  0.219  0.410       24
  5:     0.101  0.106  0.083  0.602  0.108       24
  6:     0.037  0.264  0.064  0.060  0.574       24
  7:     0.025  0.774  0.043  0.049  0.109       24
  8:     0.115  0.036  0.043  0.709  0.097       14
  9:     0.556  0.019  0.221  0.135  0.069       24
 10:     0.785  0.068  0.021  0.100  0.025       24
 11:     0.750  0.039  0.053  0.106  0.052       24
 12:     0.166  0.188  0.038  0.247  0.362       24
--------------------------------------------

Allele-freq. divergence among pops (Net nucleotide distance),
computed using point estimates of P.

      1       2       3       4       5      
 1      -    0.0979  0.0826  0.0396  0.0449  
 2   0.0979     -    0.0874  0.0678  0.0544  
 3   0.0826  0.0874     -    0.0519  0.0524  
 4   0.0396  0.0678  0.0519     -    0.0290  
 5   0.0449  0.0544  0.0524  0.0290     -    

Average distances (expected heterozygosity) between individuals in same cluster:
cluster  1  : 0.6198 
cluster  2  : 0.5522 
cluster  3  : 0.6275 
cluster  4  : 0.6472 
cluster  5  : 0.6295 

--------------------------------------------
Estimated Ln Prob of Data   = -12964.8
Mean value of ln likelihood = -12464.0
Variance of ln likelihood   = 1001.6
Mean value of alpha         = 0.1014

Mean value of Fst_1         = 0.1147
Mean value of Fst_2         = 0.1685
Mean value of Fst_3         = 0.1532
Mean value of Fst_4         = 0.0405
Mean value of Fst_5         = 0.0692


Inferred ancestry of individuals:
        Label (%Miss) Pop:  Inferred clusters
  1 24.0601.E1    (0)    1 :  0.017 0.037 0.125 0.016 0.805 
  2 24.0602.E1    (0)    1 :  0.031 0.018 0.011 0.029 0.911 
  3 24.0603.E1    (0)    1 :  0.019 0.058 0.014 0.051 0.859 
  4 24.0604.E1    (0)    1 :  0.039 0.012 0.013 0.068 0.868 
  5 24.0605.E1    (0)    1 :  0.026 0.043 0.077 0.017 0.837 
  6 24.0606.E1    (0)    1 :  0.035 0.035 0.027 0.015 0.888 
  7 24.0607.E1    (0)    1 :  0.268 0.376 0.051 0.113 0.191 
  8 24.0608.E1    (0)    1 :  0.137 0.215 0.010 0.018 0.620 
  9 24.0609.E1    (0)    1 :  0.461 0.014 0.010 0.044 0.470 
 10 24.0610.E1    (0)    1 :  0.260 0.015 0.011 0.029 0.685 
 11 24.0611.E1    (0)    1 :  0.048 0.014 0.084 0.016 0.839 
 12 24.0612.E1    (0)    1 :  0.013 0.030 0.114 0.022 0.820 
 13 24.0613.E1    (0)    1 :  0.029 0.010 0.013 0.011 0.938 
 14 24.0614.E1    (0)    1 :  0.215 0.390 0.022 0.019 0.354 
 15 24.0615.E1    (0)    1 :  0.280 0.089 0.035 0.031 0.565 
 16 24.0616.E1    (0)    1 :  0.025 0.012 0.019 0.013 0.931 
 17 24.0617.E1    (0)    1 :  0.552 0.037 0.049 0.017 0.345 
 18 24.0618.E1    (0)    1 :  0.151 0.013 0.032 0.029 0.775 
 19 24.0619.E1    (0)    1 :  0.024 0.011 0.029 0.119 0.818 
 20 24.0620.E1   (20)    1 :  0.067 0.770 0.030 0.031 0.102 
 21 24.0621.E1    (0)    1 :  0.182 0.013 0.022 0.166 0.617 
 22 24.0622.E1    (0)    1 :  0.015 0.019 0.028 0.021 0.917 
 23 24.0623.E1    (0)    1 :  0.068 0.030 0.267 0.037 0.599 
 24 24.0624.E1    (0)    1 :  0.021 0.013 0.013 0.012 0.941 
 25 24.0625.E1    (0)    2 :  0.031 0.244 0.666 0.039 0.021 
 26 24.0626.E1    (0)    2 :  0.012 0.176 0.788 0.014 0.009 
 27 24.0627.E1    (0)    2 :  0.012 0.043 0.448 0.479 0.018 
 28 24.0628.E1    (0)    2 :  0.180 0.338 0.342 0.068 0.072 
 29 24.0629.E1    (0)    2 :  0.028 0.013 0.811 0.029 0.119 
 30 24.0630.E1    (0)    2 :  0.013 0.195 0.765 0.014 0.014 
 31 24.0631.E1    (0)    2 :  0.006 0.010 0.960 0.009 0.014 
 32 24.0632.E1    (0)    2 :  0.015 0.092 0.852 0.019 0.022 
 33 24.0633.E1    (0)    2 :  0.057 0.297 0.489 0.128 0.029 
 34 24.0634.E1    (0)    2 :  0.013 0.013 0.944 0.014 0.016 
 35 24.0635.E1    (0)    2 :  0.060 0.055 0.579 0.267 0.039 
 36 24.0636.E1   (33)    2 :  0.016 0.828 0.057 0.037 0.063 
 37 24.0637.E1    (0)    2 :  0.006 0.014 0.960 0.010 0.009 
 38 24.0638.E1    (0)    2 :  0.012 0.012 0.824 0.130 0.021 
 39 24.0639.E1    (0)    2 :  0.078 0.039 0.782 0.029 0.072 
 40 24.0640.E1    (0)    2 :  0.010 0.014 0.947 0.011 0.017 
 41 24.0641.E1    (0)    2 :  0.128 0.031 0.364 0.172 0.304 
 42 24.0642.E1    (0)    2 :  0.011 0.058 0.558 0.037 0.336 
 43 24.0643.E1    (0)    2 :  0.016 0.137 0.574 0.247 0.026 
 44 24.0644.E1    (0)    2 :  0.124 0.015 0.809 0.015 0.037 
 45 24.0645.E1    (0)    2 :  0.109 0.077 0.707 0.014 0.093 
 46 24.0646.E1    (0)    2 :  0.123 0.015 0.810 0.015 0.036 
 47 24.0647.E1    (0)    2 :  0.006 0.014 0.960 0.010 0.009 
 48 24.0648.E1    (0)    2 :  0.006 0.015 0.960 0.010 0.009 
 49 24.0649.E1    (0)    3 :  0.072 0.008 0.020 0.883 0.017 
 50 24.0650.E1    (0)    3 :  0.584 0.009 0.009 0.070 0.328 
 51 24.0651.E1    (0)    3 :  0.059 0.032 0.425 0.469 0.015 
 52 24.0652.E1    (0)    3 :  0.112 0.014 0.009 0.839 0.027 
 53 24.0653.E1    (0)    3 :  0.020 0.011 0.011 0.948 0.011 
 54 24.0654.E1    (0)    3 :  0.163 0.011 0.016 0.795 0.014 
 55 24.0655.E1    (0)    3 :  0.198 0.028 0.229 0.456 0.090 
 56 24.0656.E1    (0)    3 :  0.148 0.138 0.010 0.684 0.019 
 57 24.0657.E1    (0)    3 :  0.140 0.128 0.010 0.703 0.018 
 58 24.0658.E1    (0)    3 :  0.162 0.016 0.014 0.765 0.043 
 59 24.0659.E1    (0)    3 :  0.057 0.008 0.029 0.865 0.041 
 60 24.0660.E1    (6)    3 :  0.020 0.014 0.031 0.883 0.053 
 61 24.0661.E1    (0)    3 :  0.373 0.260 0.013 0.337 0.017 
 62 24.0662.E1    (0)    3 :  0.125 0.028 0.320 0.457 0.070 
 63 24.0663.E1    (0)    3 :  0.925 0.012 0.015 0.034 0.014 
 64 24.0664.E1    (0)    3 :  0.096 0.102 0.013 0.775 0.014 
 65 24.0665.E1    (0)    3 :  0.027 0.347 0.011 0.602 0.012 
 66 24.0666.E1    (0)    3 :  0.017 0.009 0.013 0.942 0.019 
 67 24.0667.E1    (0)    3 :  0.013 0.010 0.014 0.950 0.013 
 68 24.0668.E1    (0)    3 :  0.013 0.010 0.014 0.954 0.010 
 69 24.0669.E1    (0)    3 :  0.015 0.012 0.013 0.948 0.011 
 70 24.0670.E1    (0)    3 :  0.105 0.012 0.011 0.850 0.023 
 71 24.0671.E1    (0)    3 :  0.155 0.020 0.032 0.768 0.026 
 72 24.0672.E1    (0)    3 :  0.017 0.010 0.012 0.906 0.056 
 73 24.0673.E1    (6)    4 :  0.066 0.565 0.031 0.034 0.304 
 74 24.0674.E1    (0)    4 :  0.022 0.319 0.026 0.019 0.613 
 75 24.0675.E1    (0)    4 :  0.465 0.204 0.056 0.051 0.224 
 76 24.0676.E1    (0)    4 :  0.727 0.113 0.028 0.056 0.075 
 77 24.0677.E1    (0)    4 :  0.554 0.032 0.012 0.301 0.101 
 78 24.0678.E1    (0)    4 :  0.038 0.033 0.248 0.375 0.306 
 79 24.0679.E1    (0)    4 :  0.038 0.021 0.022 0.685 0.234 
 80 24.0680.E1    (0)    4 :  0.019 0.022 0.025 0.870 0.064 
 81 24.0681.E1    (0)    4 :  0.030 0.061 0.031 0.296 0.583 
 82 24.0682.E1    (0)    4 :  0.043 0.197 0.024 0.035 0.700 
 83 24.0683.E1    (0)    4 :  0.020 0.416 0.013 0.025 0.526 
 84 24.0684.E1    (0)    4 :  0.027 0.233 0.046 0.034 0.661 
 85 24.0685.E1    (0)    4 :  0.024 0.088 0.031 0.076 0.781 
 86 24.0686.E1    (0)    4 :  0.031 0.021 0.437 0.374 0.136 
 87 24.0687.E1    (0)    4 :  0.047 0.055 0.688 0.120 0.090 
 88 24.0688.E1    (0)    4 :  0.022 0.172 0.027 0.103 0.677 
 89 24.0689.E1    (0)    4 :  0.611 0.100 0.054 0.068 0.167 
 90 24.0690.E1    (0)    4 :  0.014 0.045 0.071 0.844 0.026 
 91 24.0691.E1    (0)    4 :  0.054 0.054 0.020 0.029 0.844 
 92 24.0692.E1    (0)    4 :  0.139 0.126 0.017 0.534 0.184 
 93 24.0693.E1    (0)    4 :  0.123 0.699 0.019 0.110 0.048 
 94 24.0694.E1    (0)    4 :  0.038 0.088 0.016 0.134 0.725 
 95 24.0695.E1    (0)    4 :  0.040 0.019 0.013 0.028 0.900 
 96 24.0696.E1    (0)    4 :  0.032 0.026 0.022 0.052 0.868 
 97 24.0697.E1    (0)    5 :  0.077 0.341 0.034 0.508 0.040 
 98 24.0698.E1    (0)    5 :  0.194 0.262 0.053 0.407 0.083 
 99 24.0699.E1    (0)    5 :  0.077 0.026 0.064 0.735 0.098 
100 24.0700.E1    (0)    5 :  0.018 0.017 0.016 0.933 0.017 
101 24.0701.E1    (0)    5 :  0.026 0.100 0.028 0.827 0.019 
102 24.0702.E1    (0)    5 :  0.016 0.067 0.030 0.864 0.024 
103 24.0703.E1    (0)    5 :  0.079 0.018 0.222 0.645 0.036 
104 24.0704.E1    (6)    5 :  0.274 0.036 0.133 0.452 0.104 
105 24.0705.E1    (0)    5 :  0.015 0.019 0.030 0.543 0.393 
106 24.0706.E1    (0)    5 :  0.022 0.025 0.017 0.918 0.018 
107 24.0707.E1    (0)    5 :  0.018 0.067 0.167 0.633 0.115 
108 24.0708.E1    (0)    5 :  0.291 0.056 0.486 0.035 0.132 
109 24.0709.E1    (0)    5 :  0.502 0.040 0.038 0.252 0.168 
110 24.0710.E1    (0)    5 :  0.131 0.114 0.033 0.370 0.352 
111 24.0711.E1    (0)    5 :  0.029 0.037 0.080 0.585 0.270 
112 24.0712.E1    (0)    5 :  0.012 0.041 0.074 0.828 0.044 
113 24.0713.E1    (0)    5 :  0.158 0.042 0.020 0.740 0.041 
114 24.0714.E1    (0)    5 :  0.050 0.019 0.059 0.734 0.138 
115 24.0715.E1    (0)    5 :  0.080 0.715 0.015 0.106 0.084 
116 24.0716.E1    (0)    5 :  0.062 0.026 0.093 0.706 0.113 
117 24.0717.E1    (0)    5 :  0.070 0.382 0.121 0.393 0.033 
118 24.0718.E1    (0)    5 :  0.014 0.027 0.051 0.837 0.070 
119 24.0719.E1    (0)    5 :  0.101 0.038 0.096 0.691 0.074 
120 24.0720.E1    (0)    5 :  0.106 0.024 0.034 0.699 0.136 
121 24.0721.E1    (0)    6 :  0.079 0.702 0.057 0.107 0.054 
122 24.0722.E1    (0)    6 :  0.025 0.579 0.237 0.062 0.096 
123 24.0723.E1    (0)    6 :  0.103 0.392 0.404 0.031 0.070 
124 24.0724.E1    (0)    6 :  0.105 0.216 0.052 0.033 0.594 
125 24.0725.E1    (0)    6 :  0.015 0.012 0.015 0.034 0.924 
126 24.0726.E1    (6)    6 :  0.015 0.096 0.017 0.027 0.844 
127 24.0727.E1    (0)    6 :  0.038 0.474 0.042 0.084 0.362 
128 24.0728.E1    (0)    6 :  0.059 0.291 0.146 0.077 0.427 
129 24.0729.E1    (0)    6 :  0.029 0.061 0.023 0.029 0.858 
130 24.0730.E1    (0)    6 :  0.101 0.127 0.025 0.303 0.444 
131 24.0731.E1    (0)    6 :  0.018 0.049 0.015 0.017 0.901 
132 24.0732.E1    (0)    6 :  0.009 0.805 0.016 0.036 0.134 
133 24.0733.E1    (0)    6 :  0.010 0.032 0.011 0.010 0.937 
134 24.0734.E1    (0)    6 :  0.016 0.836 0.046 0.045 0.058 
135 24.0735.E1    (0)    6 :  0.033 0.239 0.078 0.049 0.600 
136 24.0736.E1    (0)    6 :  0.014 0.087 0.017 0.015 0.867 
137 24.0737.E1    (0)    6 :  0.020 0.015 0.199 0.027 0.740 
138 24.0738.E1    (0)    6 :  0.015 0.061 0.018 0.025 0.881 
139 24.0739.E1    (0)    6 :  0.014 0.012 0.023 0.031 0.920 
140 24.0740.E1    (0)    6 :  0.030 0.020 0.018 0.027 0.905 
141 24.0741.E1    (0)    6 :  0.016 0.365 0.022 0.030 0.566 
142 24.0742.E1    (0)    6 :  0.015 0.491 0.023 0.019 0.452 
143 24.0743.E1    (0)    6 :  0.055 0.124 0.010 0.021 0.790 
144 24.0744.E1    (0)    6 :  0.061 0.255 0.021 0.299 0.364 
145 24.0745.E1    (0)    7 :  0.017 0.924 0.010 0.036 0.013 
146 24.0746.E1    (0)    7 :  0.028 0.639 0.210 0.035 0.089 
147 24.0747.E1    (0)    7 :  0.065 0.801 0.015 0.032 0.087 
148 24.0748.E1    (6)    7 :  0.082 0.760 0.017 0.034 0.107 
149 24.0749.E1    (0)    7 :  0.014 0.692 0.015 0.017 0.262 
150 24.0750.E1    (0)    7 :  0.044 0.270 0.031 0.106 0.550 
151 24.0751.E1    (0)    7 :  0.009 0.950 0.013 0.010 0.017 
152 24.0752.E1    (0)    7 :  0.019 0.890 0.013 0.013 0.066 
153 24.0753.E1    (0)    7 :  0.011 0.586 0.244 0.014 0.145 
154 24.0754.E1    (0)    7 :  0.011 0.908 0.022 0.014 0.045 
155 24.0755.E1    (0)    7 :  0.077 0.821 0.022 0.032 0.048 
156 24.0756.E1    (0)    7 :  0.026 0.908 0.014 0.011 0.041 
157 24.0757.E1    (0)    7 :  0.006 0.969 0.008 0.008 0.008 
158 24.0758.E1    (0)    7 :  0.006 0.968 0.009 0.008 0.009 
159 24.0759.E1    (0)    7 :  0.012 0.927 0.011 0.017 0.033 
160 24.0760.E1    (0)    7 :  0.011 0.664 0.254 0.046 0.025 
161 24.0761.E1    (0)    7 :  0.009 0.957 0.016 0.008 0.011 
162 24.0762.E1    (0)    7 :  0.034 0.087 0.017 0.647 0.215 
163 24.0763.E1    (0)    7 :  0.008 0.955 0.009 0.009 0.019 
164 24.0764.E1    (0)    7 :  0.009 0.942 0.014 0.012 0.023 
165 24.0765.E1    (0)    7 :  0.019 0.909 0.033 0.014 0.025 
166 24.0766.E1    (0)    7 :  0.009 0.956 0.010 0.010 0.015 
167 24.0767.E1    (0)    7 :  0.010 0.957 0.008 0.008 0.017 
168 24.0768.E1    (0)    7 :  0.071 0.132 0.013 0.033 0.751 
169 24.0779.E1    (0)    8 :  0.050 0.146 0.055 0.689 0.061 
170 24.0780.E1    (6)    8 :  0.325 0.011 0.014 0.631 0.019 
171 24.0781.E1    (0)    8 :  0.019 0.013 0.012 0.945 0.011 
172 24.0782.E1    (0)    8 :  0.041 0.063 0.139 0.056 0.702 
173 24.0783.E1    (0)    8 :  0.080 0.013 0.022 0.860 0.025 
174 24.0784.E1    (0)    8 :  0.140 0.011 0.037 0.776 0.036 
175 24.0785.E1    (0)    8 :  0.146 0.009 0.011 0.819 0.016 
176 24.0786.E1    (0)    8 :  0.290 0.040 0.022 0.507 0.140 
177 24.0787.E1    (0)    8 :  0.024 0.033 0.081 0.831 0.032 
178 24.0788.E1    (0)    8 :  0.206 0.021 0.034 0.722 0.017 
179 24.0789.E1    (0)    8 :  0.196 0.020 0.136 0.560 0.088 
180 24.0790.E1    (0)    8 :  0.037 0.009 0.017 0.927 0.009 
181 24.0791.E1    (0)    8 :  0.015 0.016 0.014 0.807 0.148 
182 24.0792.E1    (0)    8 :  0.039 0.101 0.010 0.801 0.050 
183 24.0793.E1    (0)    9 :  0.513 0.012 0.387 0.053 0.034 
184 24.0794.E1    (0)    9 :  0.235 0.020 0.024 0.185 0.537 
185 24.0795.E1    (0)    9 :  0.134 0.024 0.477 0.024 0.341 
186 24.0796.E1    (0)    9 :  0.758 0.010 0.015 0.171 0.046 
187 24.0797.E1    (0)    9 :  0.660 0.008 0.153 0.156 0.023 
188 24.0798.E1    (0)    9 :  0.132 0.072 0.242 0.528 0.026 
189 24.0799.E1    (0)    9 :  0.782 0.016 0.061 0.113 0.028 
190 24.0800.E1    (0)    9 :  0.906 0.019 0.012 0.032 0.031 
191 24.0801.E1    (0)    9 :  0.463 0.019 0.047 0.446 0.026 
192 24.0802.E1    (0)    9 :  0.328 0.010 0.588 0.045 0.030 
193 24.0803.E1    (0)    9 :  0.549 0.014 0.279 0.125 0.032 
194 24.0804.E1    (0)    9 :  0.671 0.008 0.292 0.013 0.016 
195 24.0805.E1    (0)    9 :  0.557 0.029 0.036 0.328 0.049 
196 24.0806.E1    (0)    9 :  0.225 0.017 0.712 0.019 0.027 
197 24.0807.E1    (0)    9 :  0.511 0.010 0.420 0.039 0.020 
198 24.0808.E1    (0)    9 :  0.671 0.019 0.036 0.211 0.063 
199 24.0809.E1    (0)    9 :  0.755 0.048 0.018 0.093 0.086 
200 24.0810.E1    (0)    9 :  0.763 0.026 0.076 0.088 0.048 
201 24.0811.E1    (0)    9 :  0.674 0.011 0.231 0.028 0.057 
202 24.0812.E1    (0)    9 :  0.834 0.013 0.024 0.075 0.054 
203 24.0813.E1    (0)    9 :  0.410 0.021 0.316 0.214 0.038 
204 24.0814.E1    (6)    9 :  0.888 0.010 0.069 0.020 0.013 
205 24.0815.E1    (0)    9 :  0.489 0.018 0.347 0.133 0.013 
206 24.0816.E1    (0)    9 :  0.425 0.010 0.452 0.098 0.014 
207 24.0817.E1    (0)   10 :  0.916 0.012 0.019 0.025 0.028 
208 24.0818.E1    (0)   10 :  0.837 0.019 0.021 0.071 0.052 
209 24.0819.E1    (0)   10 :  0.499 0.257 0.054 0.163 0.027 
210 24.0820.E1    (0)   10 :  0.508 0.451 0.013 0.017 0.010 
211 24.0821.E1    (0)   10 :  0.303 0.012 0.015 0.650 0.020 
212 24.0822.E1    (0)   10 :  0.910 0.039 0.008 0.029 0.013 
213 24.0823.E1    (0)   10 :  0.813 0.138 0.017 0.019 0.013 
214 24.0824.E1    (0)   10 :  0.553 0.032 0.022 0.347 0.047 
215 24.0825.E1    (0)   10 :  0.946 0.015 0.013 0.012 0.014 
216 24.0826.E1    (0)   10 :  0.626 0.309 0.012 0.043 0.010 
217 24.0827.E1    (0)   10 :  0.886 0.009 0.022 0.027 0.056 
218 24.0828.E1    (0)   10 :  0.782 0.158 0.015 0.031 0.014 
219 24.0829.E1    (0)   10 :  0.937 0.019 0.012 0.018 0.013 
220 24.0830.E1    (0)   10 :  0.701 0.009 0.015 0.256 0.019 
221 24.0831.E1    (0)   10 :  0.536 0.009 0.011 0.432 0.012 
222 24.0832.E1    (0)   10 :  0.957 0.008 0.007 0.011 0.016 
223 24.0833.E1    (0)   10 :  0.961 0.010 0.009 0.011 0.010 
224 24.0834.E1    (0)   10 :  0.937 0.014 0.012 0.018 0.017 
225 24.0835.E1    (0)   10 :  0.936 0.009 0.014 0.017 0.024 
226 24.0836.E1    (0)   10 :  0.908 0.022 0.015 0.026 0.029 
227 24.0837.E1    (0)   10 :  0.938 0.014 0.009 0.023 0.016 
228 24.0838.E1    (0)   10 :  0.929 0.026 0.010 0.022 0.013 
229 24.0839.E1    (0)   10 :  0.677 0.040 0.048 0.125 0.110 
230 24.0840.E1    (0)   10 :  0.849 0.008 0.106 0.018 0.019 
231 24.0841.E1    (0)   11 :  0.879 0.028 0.009 0.024 0.060 
232 24.0842.E1    (0)   11 :  0.797 0.016 0.008 0.143 0.036 
233 24.0843.E1    (0)   11 :  0.692 0.067 0.013 0.217 0.011 
234 24.0844.E1    (0)   11 :  0.515 0.015 0.012 0.419 0.039 
235 24.0845.E1    (0)   11 :  0.849 0.013 0.011 0.111 0.016 
236 24.0846.E1    (0)   11 :  0.919 0.013 0.016 0.028 0.024 
237 24.0847.E1    (0)   11 :  0.838 0.031 0.015 0.027 0.089 
238 24.0848.E1    (0)   11 :  0.889 0.009 0.010 0.061 0.032 
239 24.0849.E1    (0)   11 :  0.927 0.038 0.010 0.013 0.012 
240 24.0850.E1    (0)   11 :  0.929 0.037 0.010 0.013 0.011 
241 24.0851.E1    (0)   11 :  0.928 0.037 0.010 0.014 0.011 
242 24.0852.E1    (0)   11 :  0.811 0.084 0.010 0.082 0.013 
243 24.0853.E1    (0)   11 :  0.922 0.044 0.012 0.012 0.010 
244 24.0854.E1    (0)   11 :  0.132 0.018 0.014 0.814 0.023 
245 24.0855.E1    (0)   11 :  0.950 0.013 0.010 0.015 0.013 
246 24.0856.E1    (0)   11 :  0.145 0.084 0.501 0.181 0.089 
247 24.0857.E1    (0)   11 :  0.909 0.021 0.019 0.022 0.030 
248 24.0858.E1    (0)   11 :  0.910 0.022 0.011 0.039 0.019 
249 24.0859.E1    (0)   11 :  0.797 0.151 0.019 0.018 0.015 
250 24.0860.E1    (0)   11 :  0.660 0.074 0.120 0.117 0.029 
251 24.0861.E1    (0)   11 :  0.918 0.046 0.010 0.015 0.012 
252 24.0862.E1    (0)   11 :  0.514 0.015 0.407 0.033 0.032 
253 24.0863.E1    (0)   11 :  0.919 0.045 0.010 0.015 0.012 
254 24.0864.E1    (0)   11 :  0.262 0.013 0.015 0.104 0.605 
255 24.0865.E1    (0)   12 :  0.284 0.553 0.028 0.103 0.031 
256 24.0866.E1    (0)   12 :  0.658 0.110 0.017 0.136 0.079 
257 24.0867.E1    (0)   12 :  0.357 0.453 0.073 0.050 0.068 
258 24.0868.E1    (0)   12 :  0.207 0.058 0.053 0.623 0.058 
259 24.0869.E1    (0)   12 :  0.482 0.049 0.092 0.278 0.099 
260 24.0870.E1    (0)   12 :  0.110 0.055 0.227 0.410 0.198 
261 24.0871.E1    (0)   12 :  0.043 0.020 0.099 0.407 0.431 
262 24.0872.E1    (0)   12 :  0.076 0.405 0.022 0.462 0.034 
263 24.0873.E1    (0)   12 :  0.433 0.158 0.036 0.224 0.148 
264 24.0874.E1    (0)   12 :  0.487 0.420 0.018 0.048 0.026 
265 24.0875.E1    (0)   12 :  0.029 0.028 0.020 0.823 0.101 
266 24.0876.E1    (0)   12 :  0.018 0.031 0.020 0.455 0.477 
267 24.0877.E1    (0)   12 :  0.015 0.059 0.012 0.022 0.892 
268 24.0878.E1    (0)   12 :  0.062 0.019 0.014 0.039 0.866 
269 24.0879.E1    (0)   12 :  0.013 0.012 0.021 0.200 0.754 
270 24.0880.E1    (0)   12 :  0.563 0.029 0.027 0.293 0.087 
271 24.0881.E1    (0)   12 :  0.012 0.024 0.014 0.012 0.937 
272 24.0882.E1    (0)   12 :  0.018 0.699 0.013 0.019 0.251 
273 24.0883.E1    (0)   12 :  0.020 0.300 0.015 0.158 0.507 
274 24.0884.E1    (0)   12 :  0.014 0.054 0.014 0.020 0.898 
275 24.0885.E1    (0)   12 :  0.019 0.016 0.019 0.070 0.876 
276 24.0886.E1    (0)   12 :  0.020 0.227 0.009 0.047 0.697 
277 24.0887.E1    (0)   12 :  0.011 0.718 0.019 0.114 0.138 
278 24.0888.E1    (0)   12 :  0.024 0.013 0.022 0.917 0.024 


Estimated Allele Frequencies in each cluster
First column gives estimated ancestral frequencies


Locus 1 : 
31 alleles
0.0% missing data
 115   (0.027) 0.002 0.019 0.004 0.009 0.158 
 117   (0.041) 0.007 0.159 0.005 0.013 0.173 
 119   (0.046) 0.003 0.255 0.178 0.008 0.197 
 131   (0.017) 0.001 0.003 0.002 0.003 0.036 
 128   (0.037) 0.012 0.005 0.004 0.036 0.042 
 135   (0.016) 0.001 0.004 0.002 0.003 0.042 
 126   (0.075) 0.154 0.084 0.027 0.057 0.072 
 122   (0.031) 0.006 0.002 0.166 0.019 0.012 
 132   (0.030) 0.033 0.016 0.005 0.019 0.005 
 141   (0.012) 0.001 0.001 0.004 0.002 0.006 
 130   (0.051) 0.027 0.044 0.022 0.082 0.014 
 134   (0.036) 0.042 0.003 0.103 0.021 0.005 
 145   (0.027) 0.005 0.024 0.009 0.028 0.004 
 127   (0.028) 0.002 0.140 0.020 0.006 0.020 
 116   (0.111) 0.185 0.052 0.190 0.194 0.057 
 114   (0.045) 0.151 0.009 0.099 0.033 0.006 
 120   (0.037) 0.002 0.004 0.066 0.071 0.010 
 110   (0.053) 0.043 0.031 0.030 0.032 0.037 
 133   (0.017) 0.001 0.011 0.007 0.004 0.004 
 118   (0.090) 0.257 0.035 0.028 0.293 0.027 
 125   (0.017) 0.008 0.001 0.005 0.006 0.002 
 129   (0.022) 0.001 0.005 0.002 0.010 0.035 
 124   (0.017) 0.001 0.002 0.003 0.017 0.005 
 136   (0.025) 0.040 0.002 0.004 0.009 0.009 
 121   (0.016) 0.001 0.052 0.002 0.003 0.006 
 139   (0.013) 0.001 0.001 0.001 0.002 0.008 
 113   (0.012) 0.001 0.011 0.001 0.002 0.001 
 111   (0.013) 0.001 0.011 0.001 0.002 0.002 
 143   (0.012) 0.001 0.011 0.001 0.002 0.001 
 140   (0.016) 0.003 0.001 0.005 0.011 0.002 
 112   (0.011) 0.006 0.001 0.001 0.002 0.001 

Locus 2 : 
18 alleles
0.0% missing data
 152   (0.368) 0.337 0.750 0.455 0.316 0.584 
 148   (0.063) 0.005 0.040 0.161 0.025 0.180 
 154   (0.112) 0.138 0.053 0.224 0.090 0.069 
 156   (0.018) 0.002 0.001 0.007 0.006 0.008 
 150   (0.026) 0.001 0.037 0.045 0.005 0.005 
 164   (0.078) 0.082 0.019 0.024 0.070 0.076 
 158   (0.042) 0.007 0.016 0.026 0.036 0.017 
 160   (0.019) 0.001 0.024 0.002 0.008 0.003 
 166   (0.023) 0.005 0.002 0.015 0.015 0.005 
 151   (0.064) 0.269 0.005 0.007 0.215 0.008 
 147   (0.054) 0.137 0.008 0.009 0.129 0.007 
 168   (0.023) 0.004 0.003 0.003 0.023 0.004 
 153   (0.018) 0.002 0.003 0.004 0.012 0.002 
 149   (0.026) 0.002 0.011 0.002 0.019 0.007 
 162   (0.023) 0.006 0.003 0.011 0.009 0.006 
 167   (0.015) 0.001 0.001 0.001 0.003 0.016 
 146   (0.014) 0.001 0.023 0.001 0.002 0.001 
 172   (0.015) 0.001 0.001 0.001 0.015 0.002 

Locus 3 : 
4 alleles
0.0% missing data
 128   (0.285) 0.383 0.381 0.277 0.241 0.249 
 126   (0.614) 0.543 0.610 0.661 0.677 0.688 
 132   (0.083) 0.072 0.008 0.054 0.070 0.061 
 134   (0.018) 0.001 0.002 0.008 0.012 0.002 

Locus 4 : 
3 alleles
0.0% missing data
 170   (0.320) 0.320 0.263 0.398 0.311 0.272 
 172   (0.665) 0.678 0.733 0.596 0.686 0.726 
 171   (0.015) 0.002 0.004 0.006 0.003 0.002 

Locus 5 : 
37 alleles
0.0% missing data
 125   (0.054) 0.070 0.048 0.082 0.047 0.040 
 110   (0.036) 0.059 0.011 0.023 0.019 0.034 
 129   (0.036) 0.033 0.003 0.006 0.058 0.046 
 113   (0.034) 0.045 0.003 0.016 0.070 0.011 
 145   (0.051) 0.010 0.103 0.006 0.062 0.199 
 155   (0.047) 0.037 0.011 0.178 0.022 0.121 
 117   (0.033) 0.005 0.040 0.013 0.023 0.055 
 124   (0.011) 0.001 0.001 0.001 0.002 0.016 
 133   (0.033) 0.003 0.072 0.004 0.044 0.032 
 157   (0.046) 0.041 0.035 0.020 0.127 0.011 
 141   (0.018) 0.003 0.001 0.002 0.022 0.006 
 112   (0.062) 0.134 0.136 0.159 0.031 0.081 
 121   (0.022) 0.027 0.003 0.019 0.012 0.004 
 114   (0.035) 0.053 0.159 0.011 0.008 0.066 
 153   (0.048) 0.115 0.004 0.014 0.093 0.055 
 127   (0.064) 0.124 0.113 0.034 0.081 0.067 
 131   (0.060) 0.055 0.164 0.173 0.039 0.049 
 135   (0.029) 0.054 0.003 0.005 0.036 0.010 
 104   (0.010) 0.002 0.003 0.006 0.002 0.002 
 118   (0.019) 0.001 0.002 0.011 0.010 0.017 
 116   (0.027) 0.007 0.004 0.054 0.019 0.016 
 137   (0.020) 0.002 0.005 0.125 0.010 0.005 
 123   (0.020) 0.055 0.002 0.005 0.008 0.008 
 149   (0.011) 0.004 0.001 0.001 0.002 0.004 
 138   (0.014) 0.001 0.001 0.001 0.033 0.002 
 143   (0.029) 0.028 0.057 0.003 0.022 0.003 
 163   (0.010) 0.001 0.001 0.010 0.003 0.002 
 109   (0.013) 0.001 0.003 0.001 0.003 0.012 
 139   (0.010) 0.001 0.001 0.001 0.007 0.001 
 106   (0.010) 0.001 0.001 0.002 0.006 0.002 
 144   (0.015) 0.009 0.001 0.002 0.018 0.003 
 122   (0.011) 0.001 0.004 0.001 0.002 0.013 
 100   (0.018) 0.012 0.001 0.006 0.021 0.003 
 111   (0.013) 0.001 0.001 0.001 0.020 0.001 
 233   (0.010) 0.002 0.001 0.001 0.007 0.001 
 134   (0.010) 0.003 0.001 0.001 0.005 0.001 
 140   (0.011) 0.001 0.001 0.001 0.006 0.002 

Locus 6 : 
17 alleles
0.0% missing data
 221   (0.029) 0.002 0.063 0.003 0.005 0.091 
 232   (0.234) 0.374 0.477 0.192 0.316 0.176 
 229   (0.056) 0.045 0.046 0.041 0.015 0.087 
 223   (0.058) 0.047 0.010 0.010 0.047 0.096 
 230   (0.158) 0.133 0.264 0.155 0.189 0.129 
 235   (0.017) 0.001 0.001 0.003 0.003 0.045 
 236   (0.041) 0.003 0.007 0.030 0.030 0.061 
 227   (0.020) 0.001 0.003 0.002 0.006 0.048 
 220   (0.046) 0.093 0.004 0.147 0.029 0.009 
 222   (0.043) 0.040 0.003 0.239 0.034 0.005 
 234   (0.134) 0.137 0.089 0.134 0.134 0.142 
 224   (0.032) 0.037 0.002 0.006 0.045 0.004 
 228   (0.056) 0.049 0.006 0.010 0.132 0.019 
 225   (0.014) 0.001 0.001 0.007 0.002 0.004 
 226   (0.021) 0.031 0.001 0.015 0.004 0.004 
 233   (0.025) 0.002 0.024 0.002 0.007 0.049 
 231   (0.016) 0.001 0.001 0.001 0.003 0.030 

Locus 7 : 
10 alleles
0.0% missing data
 121   (0.674) 0.756 0.743 0.809 0.784 0.850 
 129   (0.083) 0.115 0.100 0.013 0.051 0.075 
 130   (0.018) 0.007 0.003 0.007 0.005 0.003 
 123   (0.100) 0.103 0.090 0.111 0.102 0.025 
 128   (0.023) 0.001 0.019 0.023 0.007 0.004 
 131   (0.016) 0.001 0.002 0.022 0.004 0.002 
 117   (0.014) 0.001 0.001 0.001 0.008 0.002 
 125   (0.016) 0.001 0.001 0.001 0.015 0.002 
 134   (0.041) 0.014 0.022 0.010 0.022 0.034 
 132   (0.015) 0.001 0.019 0.001 0.003 0.002 

Locus 8 : 
19 alleles
0.0% missing data
 184   (0.285) 0.344 0.388 0.443 0.386 0.492 
 194   (0.048) 0.008 0.027 0.033 0.044 0.040 
 178   (0.091) 0.172 0.065 0.159 0.042 0.167 
 176   (0.076) 0.052 0.193 0.012 0.093 0.056 
 182   (0.077) 0.089 0.169 0.037 0.070 0.045 
 190   (0.033) 0.020 0.035 0.049 0.007 0.006 
 196   (0.026) 0.029 0.002 0.003 0.017 0.009 
 200   (0.031) 0.003 0.010 0.016 0.028 0.013 
 180   (0.030) 0.003 0.002 0.058 0.025 0.007 
 188   (0.039) 0.045 0.009 0.008 0.029 0.025 
 174   (0.043) 0.003 0.034 0.019 0.043 0.032 
 186   (0.115) 0.177 0.055 0.132 0.163 0.090 
 192   (0.027) 0.038 0.003 0.011 0.010 0.008 
 201   (0.012) 0.001 0.002 0.008 0.004 0.001 
 199   (0.018) 0.003 0.001 0.007 0.017 0.002 
 185   (0.013) 0.001 0.001 0.001 0.007 0.001 
 203   (0.012) 0.003 0.001 0.001 0.004 0.003 
 198   (0.012) 0.004 0.001 0.002 0.004 0.002 
 209   (0.011) 0.003 0.001 0.001 0.005 0.001 

Locus 9 : 
6 alleles
0.4% missing data
 154   (0.687) 0.801 0.672 0.777 0.758 0.692 
 156   (0.214) 0.109 0.313 0.206 0.202 0.202 
 152   (0.044) 0.085 0.008 0.005 0.012 0.058 
 153   (0.016) 0.003 0.001 0.007 0.009 0.003 
 160   (0.017) 0.001 0.001 0.002 0.014 0.002 
 164   (0.022) 0.001 0.004 0.002 0.005 0.042 

Locus 10 : 
29 alleles
0.7% missing data
 305   (0.046) 0.007 0.006 0.317 0.034 0.048 
 313   (0.051) 0.017 0.005 0.013 0.044 0.097 
 311   (0.017) 0.001 0.001 0.001 0.007 0.011 
 299   (0.102) 0.203 0.033 0.036 0.087 0.200 
 315   (0.079) 0.013 0.072 0.053 0.098 0.069 
 287   (0.053) 0.015 0.009 0.010 0.198 0.021 
 291   (0.088) 0.365 0.038 0.031 0.057 0.148 
 295   (0.021) 0.002 0.002 0.003 0.007 0.129 
 289   (0.022) 0.043 0.002 0.011 0.014 0.005 
 303   (0.046) 0.093 0.550 0.015 0.024 0.008 
 297   (0.039) 0.062 0.078 0.005 0.008 0.056 
 293   (0.026) 0.002 0.002 0.004 0.029 0.038 
 301   (0.057) 0.009 0.009 0.094 0.059 0.063 
 285   (0.019) 0.004 0.001 0.301 0.005 0.002 
 307   (0.051) 0.053 0.173 0.017 0.021 0.028 
 312   (0.052) 0.047 0.005 0.040 0.099 0.012 
 306   (0.029) 0.006 0.002 0.004 0.045 0.011 
 320   (0.014) 0.001 0.001 0.001 0.015 0.002 
 317   (0.025) 0.007 0.002 0.002 0.036 0.012 
 314   (0.024) 0.001 0.001 0.002 0.019 0.022 
 323   (0.012) 0.001 0.001 0.001 0.008 0.002 
 325   (0.013) 0.001 0.001 0.001 0.008 0.002 
 310   (0.019) 0.008 0.001 0.002 0.022 0.003 
 309   (0.015) 0.002 0.001 0.003 0.012 0.002 
 316   (0.019) 0.004 0.001 0.002 0.019 0.002 
 296   (0.014) 0.001 0.001 0.001 0.008 0.002 
 304   (0.016) 0.013 0.001 0.025 0.004 0.002 
 321   (0.016) 0.009 0.001 0.004 0.006 0.002 
 332   (0.015) 0.010 0.001 0.002 0.005 0.002 

Locus 11 : 
19 alleles
0.0% missing data
 114   (0.146) 0.014 0.206 0.263 0.126 0.247 
 126   (0.022) 0.001 0.004 0.013 0.004 0.039 
 111   (0.077) 0.568 0.006 0.058 0.027 0.141 
 116   (0.104) 0.023 0.218 0.062 0.070 0.138 
 132   (0.014) 0.001 0.001 0.001 0.003 0.008 
 109   (0.017) 0.001 0.001 0.002 0.003 0.031 
 128   (0.019) 0.003 0.001 0.002 0.008 0.009 
 112   (0.318) 0.051 0.508 0.528 0.543 0.304 
 122   (0.018) 0.002 0.010 0.006 0.007 0.003 
 124   (0.014) 0.001 0.002 0.013 0.002 0.002 
 118   (0.056) 0.033 0.028 0.019 0.039 0.028 
 127   (0.014) 0.001 0.001 0.001 0.008 0.002 
 113   (0.049) 0.244 0.004 0.011 0.063 0.007 
 115   (0.038) 0.004 0.004 0.005 0.049 0.025 
 120   (0.024) 0.032 0.001 0.003 0.009 0.005 
 117   (0.022) 0.010 0.003 0.004 0.010 0.003 
 125   (0.018) 0.001 0.001 0.002 0.021 0.002 
 119   (0.017) 0.010 0.001 0.004 0.005 0.002 
 136   (0.014) 0.001 0.001 0.001 0.004 0.007 

Locus 12 : 
28 alleles
0.7% missing data
 306   (0.041) 0.011 0.005 0.340 0.019 0.046 
 314   (0.056) 0.058 0.006 0.008 0.039 0.087 
 312   (0.015) 0.001 0.001 0.001 0.002 0.016 
 300   (0.112) 0.202 0.034 0.037 0.088 0.211 
 316   (0.047) 0.011 0.067 0.042 0.010 0.057 
 288   (0.054) 0.015 0.009 0.010 0.191 0.021 
 292   (0.096) 0.370 0.039 0.031 0.058 0.150 
 296   (0.028) 0.003 0.002 0.003 0.014 0.131 
 290   (0.023) 0.043 0.002 0.011 0.014 0.005 
 304   (0.047) 0.092 0.554 0.014 0.024 0.008 
 298   (0.041) 0.062 0.079 0.005 0.009 0.057 
 294   (0.027) 0.002 0.002 0.004 0.029 0.038 
 302   (0.059) 0.009 0.009 0.093 0.059 0.064 
 286   (0.019) 0.005 0.001 0.311 0.005 0.002 
 308   (0.029) 0.002 0.162 0.014 0.012 0.011 
 313   (0.042) 0.005 0.004 0.041 0.108 0.011 
 307   (0.051) 0.065 0.008 0.005 0.050 0.028 
 321   (0.016) 0.001 0.001 0.001 0.015 0.002 
 315   (0.044) 0.003 0.004 0.007 0.110 0.031 
 318   (0.024) 0.010 0.002 0.002 0.032 0.005 
 324   (0.013) 0.001 0.001 0.001 0.008 0.002 
 326   (0.013) 0.001 0.001 0.001 0.008 0.002 
 311   (0.024) 0.011 0.002 0.002 0.039 0.004 
 310   (0.016) 0.002 0.001 0.003 0.012 0.003 
 305   (0.017) 0.002 0.001 0.003 0.019 0.002 
 317   (0.015) 0.001 0.001 0.001 0.015 0.002 
 320   (0.013) 0.004 0.001 0.001 0.005 0.002 
 322   (0.015) 0.009 0.001 0.004 0.006 0.002 

Locus 13 : 
7 alleles
1.1% missing data
 161   (0.579) 0.456 0.897 0.186 0.534 0.692 
 163   (0.307) 0.474 0.038 0.116 0.445 0.234 
 160   (0.021) 0.001 0.002 0.342 0.004 0.003 
 162   (0.019) 0.001 0.001 0.346 0.003 0.002 
 165   (0.042) 0.065 0.005 0.007 0.008 0.062 
 166   (0.015) 0.001 0.003 0.002 0.003 0.006 
 164   (0.016) 0.001 0.055 0.001 0.003 0.002 

Locus 14 : 
4 alleles
0.4% missing data
  98   (0.951) 0.997 0.986 0.996 0.981 0.987 
 100   (0.015) 0.001 0.003 0.001 0.007 0.002 
  96   (0.019) 0.001 0.010 0.002 0.004 0.010 
 105   (0.015) 0.001 0.001 0.001 0.008 0.002 

Locus 15 : 
12 alleles
2.2% missing data
 171   (0.298) 0.345 0.180 0.193 0.379 0.354 
 177   (0.185) 0.108 0.092 0.283 0.195 0.218 
 173   (0.256) 0.491 0.106 0.222 0.272 0.300 
 179   (0.095) 0.021 0.494 0.262 0.064 0.054 
 183   (0.022) 0.003 0.011 0.005 0.008 0.017 
 181   (0.042) 0.020 0.091 0.006 0.032 0.007 
 197   (0.022) 0.003 0.016 0.002 0.007 0.022 
 170   (0.016) 0.001 0.001 0.002 0.015 0.002 
 189   (0.015) 0.001 0.001 0.020 0.005 0.003 
 203   (0.017) 0.001 0.004 0.002 0.005 0.019 
 187   (0.018) 0.002 0.001 0.002 0.014 0.003 
 198   (0.014) 0.004 0.001 0.002 0.005 0.002 

Values of parameters used in structure:
DATAFILE=STRUCTURE_main_final_278_HEG_ZG.str,	OUTFILE=STRUCTURE_main_final_278_HEG_ZG-K5-18,	NUMINDS=278,	NUMLOCI=15,	MISSING=-9,	LABEL=1,	POPDATA=1,	POPFLAG=0,	PHENOTYPE=0,	EXTRACOLS=0,	MAXPOPS=5,	BURNIN=100000,	NUMREPS=500000,	USEPOPINFO=0,	INFERALPHA=1,	INFERLAMBDA=0,	POPSPECIFICLAMBDA=0,	POPALPHAS=0,	COMPUTEPROB=1,	NOADMIX=0,	ADMBURNIN=2500,	UPDATEFREQ=1,	PRINTLIKES=0,	INTERMEDSAVE=0,	PRINTKLD=0,	PRINTNET=0,	PRINTLAMBDA=0,	ANCESTDIST=0,	NUMBOXES=1000,	ANCESTPINT=0.90000,	GENSBACK=2,	MIGRPRIOR=0.05000,	PRINTQHAT=0,	PRINTQSUM=0,	ALPHA=1.0000,	FREQSCORR=1,	FPRIORMEAN=0.0100,	FPRIORSD=0.0500,	ONEFST=0,	LAMBDA=1.0000,	UNIFPRIORALPHA=1,	ALPHAMAX=10.0000,	ALPHAPRIORA=1.0000,	ALPHAPRIORB=2.0000,	ALPHAPROPSD=0.0250,	STARTATPOPINFO=0,	RANDOMIZE=1,	LINKAGE=0,	METROFREQ=10,	REPORTHITRATE=0,	MARKOVPHASE=-1,	PHASED=0,	PLOIDY=2,	PHASEINFO=0	LOCPRIOR=0, 	LOCPRIORINIT=1.000000, 	LOCDATA=0, 	LOCISPOP=0, 	LOCPRIORSTEP=0.100000, 	MAXLOCPRIOR=20.000000, 	SEED=1782480900,	
[STRAT parameters]:    NUMSIMSTATS=1000,	PHENOTYPECOL=-9,	POOLFREQ=10,	LOCUSxONLY=0,	EMERROR=0.00100,	MISSINGPHENO=-9,	