

----------------------------------------------------
STRUCTURE by Pritchard, Stephens and Donnelly (2000)
     and Falush, Stephens and Pritchard (2003)
       Code by Pritchard, Falush and Hubisz
             Version 2.3.4 (Jul 2012)
----------------------------------------------------



Command line arguments:   structure -K 10 -i STRUCTURE_main_final_278_HEG_ZG.str -o STRUCTURE_main_final_278_HEG_ZG-K10-2 
Input File:    STRUCTURE_main_final_278_HEG_ZG.str

Run parameters:
   278 individuals
   15 loci
   10 populations assumed
   100000 Burn-in period
   500000 Reps


--------------------------------------------
Proportion of membership of each pre-defined
 population in each of the 10 clusters

Given    Inferred Clusters                                                        Number of
 Pop       1      2      3      4      5      6      7      8      9     10      Individuals

  1:     0.038  0.067  0.019  0.596  0.088  0.044  0.014  0.105  0.014  0.016       24
  2:     0.036  0.057  0.045  0.017  0.018  0.036  0.037  0.028  0.710  0.016       24
  3:     0.030  0.010  0.258  0.018  0.049  0.079  0.246  0.014  0.011  0.285       24
  4:     0.545  0.039  0.033  0.055  0.048  0.039  0.049  0.020  0.022  0.150       24
  5:     0.196  0.046  0.014  0.022  0.022  0.046  0.101  0.033  0.026  0.496       24
  6:     0.085  0.225  0.023  0.467  0.015  0.047  0.030  0.011  0.026  0.070       24
  7:     0.050  0.748  0.009  0.061  0.020  0.014  0.017  0.033  0.029  0.019       24
  8:     0.066  0.011  0.047  0.021  0.077  0.021  0.016  0.054  0.013  0.675       14
  9:     0.017  0.006  0.039  0.036  0.074  0.410  0.030  0.324  0.028  0.035       24
 10:     0.011  0.013  0.164  0.012  0.637  0.053  0.040  0.038  0.008  0.026       24
 11:     0.033  0.011  0.339  0.018  0.275  0.150  0.081  0.061  0.008  0.025       24
 12:     0.225  0.107  0.076  0.270  0.047  0.013  0.045  0.110  0.019  0.086       24
--------------------------------------------

Allele-freq. divergence among pops (Net nucleotide distance),
computed using point estimates of P.

      1       2       3       4       5       6       7       8       9      10      
 1      -    0.0671  0.0918  0.0347  0.0702  0.0700  0.0852  0.0478  0.0769  0.0371  
 2   0.0671     -    0.0891  0.0667  0.1347  0.1093  0.1237  0.0884  0.1045  0.0785  
 3   0.0918  0.0891     -    0.0869  0.0782  0.0716  0.1122  0.0877  0.1304  0.0709  
 4   0.0347  0.0667  0.0869     -    0.0671  0.0540  0.0874  0.0439  0.0680  0.0342  
 5   0.0702  0.1347  0.0782  0.0671     -    0.0539  0.1085  0.0656  0.1111  0.0574  
 6   0.0700  0.1093  0.0716  0.0540  0.0539     -    0.1057  0.0693  0.0819  0.0503  
 7   0.0852  0.1237  0.1122  0.0874  0.1085  0.1057     -    0.0907  0.1148  0.0698  
 8   0.0478  0.0884  0.0877  0.0439  0.0656  0.0693  0.0907     -    0.0979  0.0544  
 9   0.0769  0.1045  0.1304  0.0680  0.1111  0.0819  0.1148  0.0979     -    0.0653  
10   0.0371  0.0785  0.0709  0.0342  0.0574  0.0503  0.0698  0.0544  0.0653     -    

Average distances (expected heterozygosity) between individuals in same cluster:
cluster  1  : 0.6022 
cluster  2  : 0.5497 
cluster  3  : 0.5509 
cluster  4  : 0.6167 
cluster  5  : 0.6050 
cluster  6  : 0.6088 
cluster  7  : 0.5828 
cluster  8  : 0.5919 
cluster  9  : 0.6130 
cluster 10  : 0.6285 

--------------------------------------------
Estimated Ln Prob of Data   = -12247.1
Mean value of ln likelihood = -11577.9
Variance of ln likelihood   = 1338.3
Mean value of alpha         = 0.0479

Mean value of Fst_1         = 0.1045
Mean value of Fst_2         = 0.1988
Mean value of Fst_3         = 0.2136
Mean value of Fst_4         = 0.0893
Mean value of Fst_5         = 0.1545
Mean value of Fst_6         = 0.1590
Mean value of Fst_7         = 0.1938
Mean value of Fst_8         = 0.1566
Mean value of Fst_9         = 0.1982
Mean value of Fst_10         = 0.0651


Inferred ancestry of individuals:
        Label (%Miss) Pop:  Inferred clusters
  1 24.0601.E1    (0)    1 :  0.009 0.012 0.012 0.874 0.007 0.048 0.010 0.009 0.013 0.006 
  2 24.0602.E1    (0)    1 :  0.007 0.010 0.009 0.899 0.014 0.018 0.010 0.019 0.004 0.010 
  3 24.0603.E1    (0)    1 :  0.028 0.022 0.007 0.849 0.005 0.019 0.007 0.011 0.005 0.047 
  4 24.0604.E1    (0)    1 :  0.110 0.005 0.005 0.641 0.045 0.006 0.149 0.026 0.009 0.005 
  5 24.0605.E1    (0)    1 :  0.031 0.036 0.012 0.811 0.009 0.059 0.006 0.019 0.007 0.010 
  6 24.0606.E1    (0)    1 :  0.135 0.019 0.007 0.753 0.022 0.028 0.006 0.008 0.010 0.014 
  7 24.0607.E1    (0)    1 :  0.014 0.173 0.009 0.057 0.011 0.019 0.011 0.653 0.006 0.048 
  8 24.0608.E1    (0)    1 :  0.007 0.117 0.138 0.632 0.046 0.018 0.007 0.022 0.004 0.008 
  9 24.0609.E1    (0)    1 :  0.231 0.006 0.013 0.185 0.456 0.009 0.008 0.063 0.005 0.024 
 10 24.0610.E1    (0)    1 :  0.054 0.009 0.005 0.484 0.405 0.010 0.004 0.009 0.005 0.016 
 11 24.0611.E1    (0)    1 :  0.024 0.006 0.005 0.823 0.030 0.079 0.005 0.014 0.007 0.007 
 12 24.0612.E1    (0)    1 :  0.007 0.017 0.005 0.867 0.008 0.049 0.017 0.011 0.008 0.011 
 13 24.0613.E1    (0)    1 :  0.029 0.005 0.005 0.912 0.019 0.005 0.005 0.008 0.007 0.006 
 14 24.0614.E1    (0)    1 :  0.009 0.332 0.089 0.199 0.012 0.327 0.005 0.014 0.006 0.006 
 15 24.0615.E1    (0)    1 :  0.011 0.065 0.019 0.550 0.174 0.021 0.020 0.112 0.016 0.011 
 16 24.0616.E1    (0)    1 :  0.009 0.005 0.006 0.908 0.011 0.006 0.006 0.028 0.014 0.007 
 17 24.0617.E1    (0)    1 :  0.015 0.023 0.008 0.257 0.596 0.017 0.006 0.036 0.029 0.015 
 18 24.0618.E1    (0)    1 :  0.029 0.005 0.019 0.764 0.066 0.052 0.005 0.011 0.008 0.041 
 19 24.0619.E1    (0)    1 :  0.019 0.005 0.004 0.286 0.011 0.008 0.005 0.627 0.028 0.008 
 20 24.0620.E1   (20)    1 :  0.089 0.703 0.009 0.033 0.046 0.018 0.011 0.055 0.013 0.023 
 21 24.0621.E1    (0)    1 :  0.019 0.006 0.038 0.041 0.062 0.117 0.008 0.691 0.005 0.014 
 22 24.0622.E1    (0)    1 :  0.015 0.009 0.006 0.907 0.010 0.006 0.005 0.007 0.020 0.015 
 23 24.0623.E1    (0)    1 :  0.016 0.021 0.013 0.621 0.037 0.104 0.011 0.064 0.096 0.017 
 24 24.0624.E1    (0)    1 :  0.005 0.006 0.005 0.942 0.011 0.009 0.004 0.005 0.006 0.006 
 25 24.0625.E1    (0)    2 :  0.050 0.064 0.183 0.013 0.009 0.107 0.035 0.005 0.516 0.018 
 26 24.0626.E1    (0)    2 :  0.004 0.039 0.128 0.004 0.003 0.026 0.004 0.004 0.784 0.004 
 27 24.0627.E1    (0)    2 :  0.036 0.023 0.012 0.007 0.005 0.017 0.395 0.025 0.473 0.007 
 28 24.0628.E1    (0)    2 :  0.065 0.129 0.159 0.034 0.090 0.012 0.006 0.017 0.473 0.015 
 29 24.0629.E1    (0)    2 :  0.007 0.006 0.007 0.070 0.010 0.007 0.009 0.010 0.846 0.028 
 30 24.0630.E1    (0)    2 :  0.013 0.097 0.054 0.005 0.005 0.009 0.007 0.006 0.800 0.005 
 31 24.0631.E1    (0)    2 :  0.003 0.004 0.003 0.005 0.003 0.004 0.004 0.003 0.967 0.004 
 32 24.0632.E1    (0)    2 :  0.006 0.029 0.005 0.007 0.006 0.005 0.010 0.005 0.918 0.010 
 33 24.0633.E1    (0)    2 :  0.024 0.043 0.409 0.014 0.008 0.022 0.006 0.007 0.446 0.021 
 34 24.0634.E1    (0)    2 :  0.010 0.007 0.018 0.009 0.010 0.031 0.008 0.006 0.890 0.011 
 35 24.0635.E1    (0)    2 :  0.022 0.021 0.035 0.028 0.038 0.107 0.023 0.020 0.605 0.102 
 36 24.0636.E1   (33)    2 :  0.112 0.708 0.009 0.030 0.011 0.016 0.024 0.009 0.059 0.022 
 37 24.0637.E1    (0)    2 :  0.005 0.007 0.003 0.004 0.003 0.106 0.004 0.004 0.859 0.005 
 38 24.0638.E1    (0)    2 :  0.028 0.005 0.006 0.008 0.006 0.005 0.012 0.009 0.889 0.033 
 39 24.0639.E1    (0)    2 :  0.008 0.016 0.009 0.039 0.085 0.083 0.027 0.010 0.703 0.020 
 40 24.0640.E1    (0)    2 :  0.007 0.006 0.006 0.008 0.007 0.014 0.005 0.005 0.936 0.007 
 41 24.0641.E1    (0)    2 :  0.008 0.018 0.010 0.031 0.015 0.011 0.008 0.441 0.441 0.017 
 42 24.0642.E1    (0)    2 :  0.303 0.039 0.005 0.049 0.004 0.037 0.007 0.006 0.545 0.006 
 43 24.0643.E1    (0)    2 :  0.008 0.063 0.006 0.008 0.011 0.013 0.268 0.005 0.602 0.016 
 44 24.0644.E1    (0)    2 :  0.016 0.005 0.005 0.008 0.028 0.006 0.005 0.018 0.904 0.006 
 45 24.0645.E1    (0)    2 :  0.112 0.023 0.004 0.013 0.029 0.006 0.006 0.030 0.771 0.006 
 46 24.0646.E1    (0)    2 :  0.016 0.005 0.005 0.008 0.028 0.006 0.005 0.017 0.904 0.005 
 47 24.0647.E1    (0)    2 :  0.005 0.007 0.003 0.004 0.003 0.106 0.005 0.004 0.858 0.005 
 48 24.0648.E1    (0)    2 :  0.005 0.007 0.003 0.004 0.003 0.106 0.004 0.004 0.858 0.005 
 49 24.0649.E1    (0)    3 :  0.007 0.003 0.012 0.005 0.015 0.010 0.010 0.006 0.007 0.925 
 50 24.0650.E1    (0)    3 :  0.405 0.004 0.175 0.018 0.118 0.231 0.010 0.009 0.004 0.027 
 51 24.0651.E1    (0)    3 :  0.026 0.033 0.065 0.008 0.009 0.455 0.063 0.015 0.077 0.250 
 52 24.0652.E1    (0)    3 :  0.007 0.005 0.859 0.035 0.005 0.007 0.016 0.011 0.006 0.049 
 53 24.0653.E1    (0)    3 :  0.009 0.007 0.018 0.005 0.021 0.010 0.856 0.027 0.005 0.043 
 54 24.0654.E1    (0)    3 :  0.008 0.004 0.648 0.008 0.029 0.007 0.008 0.009 0.013 0.266 
 55 24.0655.E1    (0)    3 :  0.012 0.008 0.413 0.036 0.020 0.104 0.009 0.009 0.024 0.365 
 56 24.0656.E1    (0)    3 :  0.016 0.011 0.907 0.008 0.011 0.006 0.014 0.006 0.006 0.015 
 57 24.0657.E1    (0)    3 :  0.017 0.011 0.899 0.008 0.012 0.006 0.016 0.007 0.006 0.019 
 58 24.0658.E1    (0)    3 :  0.021 0.006 0.006 0.020 0.129 0.009 0.049 0.011 0.006 0.742 
 59 24.0659.E1    (0)    3 :  0.016 0.004 0.107 0.059 0.037 0.258 0.400 0.006 0.015 0.097 
 60 24.0660.E1    (6)    3 :  0.014 0.005 0.010 0.020 0.006 0.008 0.009 0.009 0.012 0.907 
 61 24.0661.E1    (0)    3 :  0.005 0.006 0.923 0.010 0.005 0.009 0.007 0.007 0.005 0.023 
 62 24.0662.E1    (0)    3 :  0.014 0.021 0.054 0.054 0.025 0.640 0.121 0.012 0.012 0.046 
 63 24.0663.E1    (0)    3 :  0.048 0.005 0.088 0.007 0.624 0.043 0.007 0.016 0.011 0.152 
 64 24.0664.E1    (0)    3 :  0.009 0.021 0.403 0.007 0.018 0.005 0.010 0.022 0.009 0.496 
 65 24.0665.E1    (0)    3 :  0.035 0.041 0.476 0.007 0.005 0.007 0.046 0.019 0.007 0.357 
 66 24.0666.E1    (0)    3 :  0.008 0.004 0.007 0.007 0.008 0.004 0.945 0.006 0.006 0.007 
 67 24.0667.E1    (0)    3 :  0.005 0.004 0.006 0.009 0.004 0.004 0.945 0.004 0.003 0.014 
 68 24.0668.E1    (0)    3 :  0.004 0.003 0.004 0.003 0.004 0.003 0.966 0.004 0.004 0.004 
 69 24.0669.E1    (0)    3 :  0.004 0.003 0.004 0.004 0.004 0.003 0.961 0.008 0.004 0.005 
 70 24.0670.E1    (0)    3 :  0.004 0.005 0.012 0.010 0.028 0.018 0.023 0.004 0.004 0.893 
 71 24.0671.E1    (0)    3 :  0.015 0.008 0.089 0.008 0.035 0.041 0.010 0.007 0.010 0.777 
 72 24.0672.E1    (0)    3 :  0.020 0.006 0.013 0.083 0.009 0.018 0.390 0.098 0.006 0.357 
 73 24.0673.E1    (6)    4 :  0.215 0.103 0.454 0.135 0.009 0.027 0.008 0.007 0.022 0.020 
 74 24.0674.E1    (0)    4 :  0.882 0.023 0.005 0.016 0.009 0.041 0.004 0.005 0.008 0.007 
 75 24.0675.E1    (0)    4 :  0.781 0.022 0.026 0.024 0.031 0.044 0.010 0.011 0.024 0.028 
 76 24.0676.E1    (0)    4 :  0.700 0.023 0.016 0.015 0.153 0.022 0.007 0.013 0.008 0.045 
 77 24.0677.E1    (0)    4 :  0.017 0.010 0.033 0.035 0.026 0.017 0.016 0.055 0.004 0.786 
 78 24.0678.E1    (0)    4 :  0.023 0.011 0.044 0.403 0.008 0.076 0.096 0.084 0.064 0.189 
 79 24.0679.E1    (0)    4 :  0.311 0.008 0.010 0.159 0.261 0.022 0.052 0.015 0.015 0.146 
 80 24.0680.E1    (0)    4 :  0.092 0.012 0.023 0.068 0.008 0.010 0.154 0.105 0.040 0.489 
 81 24.0681.E1    (0)    4 :  0.654 0.017 0.010 0.038 0.007 0.012 0.017 0.011 0.008 0.226 
 82 24.0682.E1    (0)    4 :  0.962 0.004 0.003 0.004 0.005 0.003 0.004 0.007 0.004 0.004 
 83 24.0683.E1    (0)    4 :  0.807 0.116 0.006 0.016 0.004 0.024 0.007 0.007 0.006 0.006 
 84 24.0684.E1    (0)    4 :  0.724 0.036 0.006 0.086 0.024 0.012 0.010 0.024 0.032 0.045 
 85 24.0685.E1    (0)    4 :  0.876 0.016 0.005 0.010 0.015 0.006 0.051 0.007 0.006 0.008 
 86 24.0686.E1    (0)    4 :  0.049 0.014 0.005 0.054 0.015 0.212 0.015 0.008 0.054 0.575 
 87 24.0687.E1    (0)    4 :  0.121 0.019 0.008 0.031 0.023 0.287 0.007 0.008 0.141 0.355 
 88 24.0688.E1    (0)    4 :  0.950 0.006 0.005 0.006 0.004 0.005 0.004 0.007 0.006 0.008 
 89 24.0689.E1    (0)    4 :  0.137 0.033 0.031 0.029 0.388 0.015 0.007 0.024 0.017 0.320 
 90 24.0690.E1    (0)    4 :  0.048 0.033 0.021 0.025 0.006 0.048 0.633 0.007 0.028 0.151 
 91 24.0691.E1    (0)    4 :  0.903 0.006 0.005 0.023 0.024 0.006 0.009 0.004 0.007 0.012 
 92 24.0692.E1    (0)    4 :  0.881 0.008 0.005 0.005 0.020 0.005 0.008 0.006 0.005 0.057 
 93 24.0693.E1    (0)    4 :  0.355 0.395 0.059 0.011 0.041 0.016 0.016 0.009 0.008 0.089 
 94 24.0694.E1    (0)    4 :  0.934 0.008 0.005 0.007 0.007 0.005 0.012 0.008 0.007 0.008 
 95 24.0695.E1    (0)    4 :  0.770 0.007 0.010 0.092 0.039 0.007 0.014 0.044 0.007 0.011 
 96 24.0696.E1    (0)    4 :  0.893 0.008 0.005 0.022 0.014 0.008 0.011 0.009 0.016 0.014 
 97 24.0697.E1    (0)    5 :  0.125 0.080 0.007 0.006 0.013 0.015 0.007 0.010 0.013 0.725 
 98 24.0698.E1    (0)    5 :  0.025 0.090 0.008 0.020 0.022 0.020 0.041 0.011 0.018 0.745 
 99 24.0699.E1    (0)    5 :  0.006 0.009 0.008 0.015 0.005 0.013 0.010 0.010 0.008 0.918 
100 24.0700.E1    (0)    5 :  0.019 0.007 0.007 0.006 0.007 0.011 0.010 0.005 0.005 0.923 
101 24.0701.E1    (0)    5 :  0.008 0.035 0.006 0.007 0.010 0.010 0.885 0.014 0.009 0.015 
102 24.0702.E1    (0)    5 :  0.012 0.028 0.008 0.010 0.008 0.010 0.043 0.014 0.013 0.854 
103 24.0703.E1    (0)    5 :  0.007 0.007 0.005 0.011 0.006 0.142 0.022 0.006 0.051 0.743 
104 24.0704.E1    (6)    5 :  0.014 0.008 0.005 0.014 0.009 0.024 0.007 0.242 0.010 0.668 
105 24.0705.E1    (0)    5 :  0.842 0.008 0.007 0.016 0.014 0.010 0.032 0.020 0.010 0.041 
106 24.0706.E1    (0)    5 :  0.032 0.012 0.018 0.007 0.010 0.006 0.020 0.042 0.010 0.844 
107 24.0707.E1    (0)    5 :  0.040 0.017 0.012 0.024 0.005 0.058 0.009 0.029 0.019 0.787 
108 24.0708.E1    (0)    5 :  0.041 0.023 0.020 0.033 0.145 0.502 0.025 0.013 0.169 0.027 
109 24.0709.E1    (0)    5 :  0.838 0.006 0.015 0.011 0.037 0.015 0.009 0.039 0.009 0.021 
110 24.0710.E1    (0)    5 :  0.234 0.043 0.007 0.054 0.033 0.061 0.074 0.026 0.008 0.459 
111 24.0711.E1    (0)    5 :  0.048 0.016 0.009 0.074 0.006 0.008 0.032 0.070 0.056 0.681 
112 24.0712.E1    (0)    5 :  0.046 0.016 0.007 0.021 0.009 0.016 0.778 0.006 0.046 0.056 
113 24.0713.E1    (0)    5 :  0.534 0.017 0.008 0.010 0.034 0.016 0.012 0.063 0.009 0.296 
114 24.0714.E1    (0)    5 :  0.029 0.009 0.012 0.030 0.019 0.021 0.011 0.054 0.015 0.800 
115 24.0715.E1    (0)    5 :  0.112 0.393 0.034 0.029 0.012 0.009 0.019 0.009 0.007 0.378 
116 24.0716.E1    (0)    5 :  0.018 0.013 0.009 0.062 0.050 0.027 0.288 0.015 0.033 0.485 
117 24.0717.E1    (0)    5 :  0.017 0.248 0.108 0.015 0.022 0.076 0.015 0.024 0.044 0.431 
118 24.0718.E1    (0)    5 :  0.159 0.011 0.005 0.020 0.008 0.014 0.047 0.009 0.027 0.700 
119 24.0719.E1    (0)    5 :  0.881 0.006 0.008 0.006 0.015 0.006 0.008 0.044 0.013 0.015 
120 24.0720.E1    (0)    5 :  0.609 0.006 0.009 0.018 0.021 0.008 0.012 0.018 0.014 0.286 
121 24.0721.E1    (0)    6 :  0.072 0.548 0.093 0.011 0.029 0.076 0.025 0.006 0.019 0.119 
122 24.0722.E1    (0)    6 :  0.057 0.549 0.009 0.023 0.012 0.123 0.081 0.006 0.095 0.044 
123 24.0723.E1    (0)    6 :  0.011 0.313 0.175 0.024 0.017 0.267 0.009 0.005 0.163 0.016 
124 24.0724.E1    (0)    6 :  0.209 0.092 0.014 0.229 0.067 0.280 0.013 0.022 0.051 0.024 
125 24.0725.E1    (0)    6 :  0.010 0.007 0.015 0.924 0.007 0.005 0.007 0.007 0.008 0.010 
126 24.0726.E1    (6)    6 :  0.179 0.083 0.007 0.671 0.007 0.016 0.008 0.007 0.008 0.014 
127 24.0727.E1    (0)    6 :  0.020 0.450 0.041 0.264 0.015 0.065 0.089 0.007 0.021 0.030 
128 24.0728.E1    (0)    6 :  0.017 0.175 0.035 0.332 0.012 0.055 0.011 0.007 0.032 0.323 
129 24.0729.E1    (0)    6 :  0.135 0.038 0.006 0.712 0.021 0.011 0.036 0.015 0.012 0.014 
130 24.0730.E1    (0)    6 :  0.020 0.041 0.011 0.069 0.024 0.007 0.015 0.010 0.012 0.792 
131 24.0731.E1    (0)    6 :  0.677 0.068 0.017 0.185 0.007 0.012 0.004 0.006 0.015 0.008 
132 24.0732.E1    (0)    6 :  0.104 0.760 0.024 0.060 0.004 0.006 0.012 0.007 0.009 0.014 
133 24.0733.E1    (0)    6 :  0.008 0.017 0.004 0.943 0.006 0.004 0.003 0.004 0.006 0.005 
134 24.0734.E1    (0)    6 :  0.008 0.806 0.009 0.034 0.007 0.023 0.013 0.005 0.013 0.081 
135 24.0735.E1    (0)    6 :  0.019 0.187 0.010 0.641 0.024 0.010 0.015 0.007 0.047 0.040 
136 24.0736.E1    (0)    6 :  0.007 0.040 0.007 0.907 0.006 0.005 0.005 0.007 0.008 0.009 
137 24.0737.E1    (0)    6 :  0.011 0.007 0.009 0.844 0.007 0.069 0.010 0.005 0.021 0.017 
138 24.0738.E1    (0)    6 :  0.007 0.024 0.007 0.908 0.005 0.008 0.008 0.008 0.009 0.014 
139 24.0739.E1    (0)    6 :  0.007 0.005 0.008 0.926 0.007 0.007 0.006 0.005 0.013 0.016 
140 24.0740.E1    (0)    6 :  0.110 0.009 0.006 0.769 0.017 0.006 0.010 0.041 0.017 0.015 
141 24.0741.E1    (0)    6 :  0.074 0.351 0.012 0.474 0.009 0.010 0.006 0.008 0.016 0.040 
142 24.0742.E1    (0)    6 :  0.021 0.669 0.006 0.244 0.007 0.015 0.008 0.008 0.011 0.011 
143 24.0743.E1    (0)    6 :  0.195 0.036 0.008 0.631 0.015 0.035 0.019 0.044 0.005 0.012 
144 24.0744.E1    (0)    6 :  0.061 0.124 0.018 0.383 0.026 0.017 0.310 0.027 0.012 0.023 
145 24.0745.E1    (0)    7 :  0.021 0.884 0.018 0.004 0.008 0.006 0.027 0.016 0.004 0.012 
146 24.0746.E1    (0)    7 :  0.051 0.607 0.009 0.039 0.011 0.095 0.009 0.075 0.067 0.036 
147 24.0747.E1    (0)    7 :  0.157 0.669 0.010 0.027 0.027 0.005 0.012 0.071 0.010 0.012 
148 24.0748.E1    (6)    7 :  0.197 0.573 0.024 0.028 0.037 0.007 0.012 0.102 0.009 0.011 
149 24.0749.E1    (0)    7 :  0.008 0.712 0.004 0.231 0.006 0.011 0.007 0.007 0.007 0.008 
150 24.0750.E1    (0)    7 :  0.173 0.285 0.011 0.300 0.018 0.030 0.027 0.043 0.018 0.094 
151 24.0751.E1    (0)    7 :  0.005 0.954 0.005 0.007 0.004 0.004 0.004 0.005 0.006 0.005 
152 24.0752.E1    (0)    7 :  0.010 0.897 0.010 0.036 0.007 0.005 0.004 0.014 0.006 0.011 
153 24.0753.E1    (0)    7 :  0.013 0.498 0.029 0.204 0.004 0.046 0.009 0.009 0.181 0.007 
154 24.0754.E1    (0)    7 :  0.022 0.894 0.009 0.028 0.006 0.005 0.007 0.005 0.017 0.008 
155 24.0755.E1    (0)    7 :  0.081 0.744 0.006 0.016 0.046 0.006 0.008 0.042 0.023 0.029 
156 24.0756.E1    (0)    7 :  0.006 0.928 0.005 0.010 0.014 0.007 0.005 0.012 0.009 0.005 
157 24.0757.E1    (0)    7 :  0.004 0.968 0.004 0.004 0.003 0.003 0.004 0.004 0.004 0.004 
158 24.0758.E1    (0)    7 :  0.004 0.968 0.004 0.004 0.003 0.003 0.004 0.004 0.004 0.004 
159 24.0759.E1    (0)    7 :  0.007 0.917 0.013 0.022 0.005 0.005 0.009 0.008 0.006 0.009 
160 24.0760.E1    (0)    7 :  0.021 0.606 0.008 0.010 0.006 0.042 0.009 0.007 0.250 0.041 
161 24.0761.E1    (0)    7 :  0.005 0.955 0.005 0.006 0.005 0.005 0.004 0.004 0.008 0.004 
162 24.0762.E1    (0)    7 :  0.047 0.093 0.009 0.225 0.208 0.014 0.215 0.084 0.009 0.096 
163 24.0763.E1    (0)    7 :  0.013 0.949 0.006 0.007 0.004 0.005 0.003 0.005 0.004 0.004 
164 24.0764.E1    (0)    7 :  0.005 0.946 0.004 0.012 0.005 0.004 0.004 0.006 0.008 0.007 
165 24.0765.E1    (0)    7 :  0.017 0.896 0.008 0.006 0.010 0.019 0.004 0.009 0.022 0.007 
166 24.0766.E1    (0)    7 :  0.008 0.941 0.009 0.009 0.005 0.005 0.005 0.006 0.006 0.006 
167 24.0767.E1    (0)    7 :  0.006 0.962 0.004 0.004 0.004 0.005 0.003 0.004 0.004 0.004 
168 24.0768.E1    (0)    7 :  0.326 0.115 0.009 0.233 0.027 0.009 0.007 0.246 0.006 0.022 
169 24.0779.E1    (0)    8 :  0.041 0.043 0.014 0.015 0.008 0.060 0.009 0.030 0.006 0.774 
170 24.0780.E1    (6)    8 :  0.026 0.004 0.034 0.009 0.100 0.013 0.008 0.007 0.006 0.793 
171 24.0781.E1    (0)    8 :  0.007 0.005 0.006 0.004 0.007 0.006 0.004 0.005 0.005 0.952 
172 24.0782.E1    (0)    8 :  0.439 0.026 0.044 0.141 0.027 0.059 0.009 0.014 0.036 0.204 
173 24.0783.E1    (0)    8 :  0.102 0.007 0.012 0.012 0.608 0.009 0.020 0.016 0.018 0.196 
174 24.0784.E1    (0)    8 :  0.027 0.004 0.007 0.008 0.020 0.036 0.004 0.008 0.005 0.881 
175 24.0785.E1    (0)    8 :  0.011 0.004 0.045 0.005 0.026 0.017 0.012 0.015 0.004 0.862 
176 24.0786.E1    (0)    8 :  0.075 0.009 0.019 0.022 0.104 0.009 0.009 0.019 0.009 0.726 
177 24.0787.E1    (0)    8 :  0.012 0.011 0.020 0.011 0.010 0.014 0.006 0.007 0.028 0.881 
178 24.0788.E1    (0)    8 :  0.033 0.006 0.020 0.006 0.104 0.010 0.007 0.009 0.026 0.779 
179 24.0789.E1    (0)    8 :  0.008 0.006 0.011 0.022 0.025 0.029 0.006 0.011 0.018 0.864 
180 24.0790.E1    (0)    8 :  0.006 0.004 0.018 0.004 0.010 0.011 0.006 0.009 0.006 0.926 
181 24.0791.E1    (0)    8 :  0.024 0.011 0.023 0.013 0.023 0.007 0.097 0.588 0.006 0.208 
182 24.0792.E1    (0)    8 :  0.115 0.017 0.393 0.014 0.009 0.010 0.026 0.012 0.004 0.401 
183 24.0793.E1    (0)    9 :  0.011 0.007 0.050 0.041 0.116 0.485 0.009 0.083 0.089 0.109 
184 24.0794.E1    (0)    9 :  0.006 0.007 0.235 0.482 0.039 0.189 0.006 0.011 0.006 0.018 
185 24.0795.E1    (0)    9 :  0.018 0.013 0.007 0.090 0.032 0.804 0.006 0.014 0.009 0.007 
186 24.0796.E1    (0)    9 :  0.008 0.005 0.205 0.056 0.370 0.105 0.005 0.051 0.009 0.185 
187 24.0797.E1    (0)    9 :  0.008 0.003 0.057 0.017 0.139 0.614 0.006 0.019 0.009 0.129 
188 24.0798.E1    (0)    9 :  0.023 0.020 0.082 0.008 0.010 0.429 0.341 0.034 0.036 0.017 
189 24.0799.E1    (0)    9 :  0.005 0.005 0.005 0.007 0.007 0.005 0.005 0.951 0.006 0.006 
190 24.0800.E1    (0)    9 :  0.010 0.004 0.006 0.008 0.016 0.004 0.005 0.938 0.004 0.006 
191 24.0801.E1    (0)    9 :  0.009 0.004 0.010 0.004 0.005 0.005 0.214 0.734 0.007 0.007 
192 24.0802.E1    (0)    9 :  0.007 0.004 0.007 0.006 0.052 0.859 0.007 0.006 0.043 0.009 
193 24.0803.E1    (0)    9 :  0.006 0.005 0.008 0.009 0.008 0.323 0.014 0.610 0.009 0.009 
194 24.0804.E1    (0)    9 :  0.009 0.004 0.011 0.011 0.128 0.762 0.004 0.014 0.047 0.009 
195 24.0805.E1    (0)    9 :  0.021 0.006 0.006 0.006 0.005 0.016 0.005 0.923 0.004 0.008 
196 24.0806.E1    (0)    9 :  0.006 0.006 0.010 0.007 0.007 0.882 0.007 0.021 0.047 0.008 
197 24.0807.E1    (0)    9 :  0.009 0.003 0.040 0.006 0.031 0.856 0.008 0.011 0.025 0.010 
198 24.0808.E1    (0)    9 :  0.053 0.005 0.016 0.014 0.032 0.044 0.005 0.696 0.020 0.115 
199 24.0809.E1    (0)    9 :  0.013 0.005 0.004 0.008 0.013 0.005 0.005 0.939 0.004 0.005 
200 24.0810.E1    (0)    9 :  0.031 0.011 0.020 0.010 0.011 0.133 0.006 0.752 0.015 0.011 
201 24.0811.E1    (0)    9 :  0.007 0.005 0.050 0.017 0.043 0.825 0.004 0.004 0.032 0.014 
202 24.0812.E1    (0)    9 :  0.033 0.007 0.007 0.027 0.346 0.471 0.009 0.042 0.009 0.049 
203 24.0813.E1    (0)    9 :  0.086 0.007 0.011 0.008 0.033 0.641 0.005 0.103 0.038 0.068 
204 24.0814.E1    (6)    9 :  0.024 0.005 0.029 0.010 0.309 0.320 0.010 0.246 0.037 0.011 
205 24.0815.E1    (0)    9 :  0.007 0.007 0.009 0.005 0.012 0.273 0.016 0.545 0.119 0.008 
206 24.0816.E1    (0)    9 :  0.004 0.006 0.051 0.007 0.022 0.794 0.023 0.020 0.055 0.017 
207 24.0817.E1    (0)   10 :  0.011 0.006 0.055 0.018 0.756 0.077 0.008 0.040 0.005 0.023 
208 24.0818.E1    (0)   10 :  0.005 0.009 0.015 0.036 0.799 0.010 0.007 0.012 0.014 0.093 
209 24.0819.E1    (0)   10 :  0.011 0.065 0.339 0.009 0.013 0.008 0.050 0.487 0.012 0.007 
210 24.0820.E1    (0)   10 :  0.005 0.044 0.883 0.006 0.015 0.009 0.009 0.017 0.007 0.006 
211 24.0821.E1    (0)   10 :  0.018 0.007 0.271 0.017 0.156 0.048 0.244 0.033 0.013 0.193 
212 24.0822.E1    (0)   10 :  0.007 0.018 0.010 0.006 0.903 0.005 0.006 0.010 0.004 0.030 
213 24.0823.E1    (0)   10 :  0.010 0.029 0.544 0.009 0.360 0.006 0.011 0.016 0.008 0.006 
214 24.0824.E1    (0)   10 :  0.025 0.008 0.014 0.007 0.486 0.008 0.426 0.016 0.006 0.006 
215 24.0825.E1    (0)   10 :  0.008 0.005 0.005 0.004 0.953 0.005 0.005 0.005 0.004 0.005 
216 24.0826.E1    (0)   10 :  0.009 0.017 0.864 0.006 0.035 0.013 0.013 0.019 0.008 0.014 
217 24.0827.E1    (0)   10 :  0.011 0.004 0.121 0.040 0.759 0.020 0.007 0.010 0.008 0.021 
218 24.0828.E1    (0)   10 :  0.022 0.019 0.624 0.011 0.143 0.062 0.060 0.026 0.010 0.024 
219 24.0829.E1    (0)   10 :  0.012 0.010 0.016 0.006 0.655 0.217 0.011 0.058 0.007 0.009 
220 24.0830.E1    (0)   10 :  0.010 0.004 0.014 0.006 0.917 0.026 0.007 0.005 0.004 0.008 
221 24.0831.E1    (0)   10 :  0.010 0.004 0.010 0.005 0.906 0.012 0.008 0.009 0.005 0.033 
222 24.0832.E1    (0)   10 :  0.006 0.003 0.013 0.008 0.946 0.005 0.003 0.004 0.003 0.006 
223 24.0833.E1    (0)   10 :  0.006 0.004 0.007 0.004 0.960 0.005 0.004 0.004 0.003 0.004 
224 24.0834.E1    (0)   10 :  0.007 0.007 0.008 0.007 0.941 0.007 0.005 0.006 0.007 0.005 
225 24.0835.E1    (0)   10 :  0.006 0.004 0.006 0.012 0.920 0.005 0.008 0.024 0.006 0.008 
226 24.0836.E1    (0)   10 :  0.015 0.008 0.007 0.009 0.908 0.008 0.016 0.015 0.004 0.009 
227 24.0837.E1    (0)   10 :  0.007 0.005 0.007 0.006 0.940 0.006 0.006 0.010 0.004 0.009 
228 24.0838.E1    (0)   10 :  0.010 0.007 0.009 0.004 0.935 0.010 0.005 0.005 0.004 0.010 
229 24.0839.E1    (0)   10 :  0.024 0.022 0.027 0.047 0.387 0.296 0.020 0.062 0.032 0.084 
230 24.0840.E1    (0)   10 :  0.006 0.004 0.055 0.006 0.494 0.398 0.010 0.011 0.010 0.007 
231 24.0841.E1    (0)   11 :  0.009 0.009 0.074 0.008 0.045 0.821 0.004 0.006 0.004 0.020 
232 24.0842.E1    (0)   11 :  0.006 0.006 0.058 0.009 0.041 0.672 0.181 0.010 0.003 0.014 
233 24.0843.E1    (0)   11 :  0.007 0.019 0.455 0.005 0.025 0.245 0.212 0.010 0.005 0.017 
234 24.0844.E1    (0)   11 :  0.015 0.007 0.020 0.025 0.321 0.110 0.345 0.123 0.006 0.027 
235 24.0845.E1    (0)   11 :  0.019 0.005 0.028 0.008 0.759 0.062 0.023 0.007 0.005 0.083 
236 24.0846.E1    (0)   11 :  0.009 0.009 0.008 0.011 0.901 0.024 0.010 0.012 0.008 0.009 
237 24.0847.E1    (0)   11 :  0.058 0.014 0.014 0.032 0.796 0.012 0.020 0.038 0.007 0.009 
238 24.0848.E1    (0)   11 :  0.021 0.005 0.011 0.012 0.836 0.019 0.016 0.030 0.005 0.047 
239 24.0849.E1    (0)   11 :  0.004 0.004 0.952 0.006 0.007 0.006 0.004 0.008 0.003 0.005 
240 24.0850.E1    (0)   11 :  0.004 0.004 0.952 0.006 0.007 0.006 0.004 0.009 0.003 0.005 
241 24.0851.E1    (0)   11 :  0.004 0.004 0.952 0.006 0.007 0.006 0.004 0.008 0.004 0.005 
242 24.0852.E1    (0)   11 :  0.011 0.012 0.740 0.010 0.102 0.046 0.006 0.010 0.005 0.056 
243 24.0853.E1    (0)   11 :  0.010 0.010 0.509 0.005 0.415 0.024 0.005 0.009 0.007 0.007 
244 24.0854.E1    (0)   11 :  0.008 0.009 0.316 0.009 0.020 0.014 0.586 0.027 0.006 0.005 
245 24.0855.E1    (0)   11 :  0.013 0.009 0.030 0.007 0.748 0.140 0.011 0.023 0.006 0.013 
246 24.0856.E1    (0)   11 :  0.008 0.030 0.011 0.022 0.022 0.470 0.386 0.008 0.025 0.018 
247 24.0857.E1    (0)   11 :  0.019 0.009 0.020 0.021 0.562 0.014 0.013 0.313 0.010 0.019 
248 24.0858.E1    (0)   11 :  0.014 0.018 0.067 0.017 0.686 0.029 0.024 0.047 0.006 0.092 
249 24.0859.E1    (0)   11 :  0.008 0.017 0.881 0.012 0.013 0.013 0.009 0.026 0.010 0.011 
250 24.0860.E1    (0)   11 :  0.009 0.046 0.064 0.030 0.068 0.053 0.039 0.574 0.046 0.072 
251 24.0861.E1    (0)   11 :  0.004 0.005 0.923 0.006 0.020 0.018 0.005 0.008 0.004 0.008 
252 24.0862.E1    (0)   11 :  0.011 0.008 0.021 0.013 0.032 0.766 0.012 0.117 0.008 0.012 
253 24.0863.E1    (0)   11 :  0.004 0.005 0.924 0.006 0.019 0.017 0.005 0.008 0.004 0.009 
254 24.0864.E1    (0)   11 :  0.507 0.007 0.102 0.144 0.140 0.017 0.014 0.027 0.007 0.035 
255 24.0865.E1    (0)   12 :  0.042 0.032 0.813 0.039 0.011 0.014 0.006 0.007 0.019 0.017 
256 24.0866.E1    (0)   12 :  0.134 0.030 0.014 0.024 0.089 0.009 0.016 0.540 0.006 0.136 
257 24.0867.E1    (0)   12 :  0.485 0.130 0.158 0.011 0.029 0.009 0.012 0.126 0.027 0.012 
258 24.0868.E1    (0)   12 :  0.457 0.019 0.008 0.011 0.081 0.013 0.016 0.032 0.025 0.338 
259 24.0869.E1    (0)   12 :  0.838 0.005 0.009 0.007 0.050 0.011 0.004 0.028 0.032 0.015 
260 24.0870.E1    (0)   12 :  0.263 0.024 0.010 0.121 0.134 0.056 0.016 0.025 0.119 0.231 
261 24.0871.E1    (0)   12 :  0.599 0.007 0.077 0.061 0.026 0.070 0.015 0.014 0.048 0.084 
262 24.0872.E1    (0)   12 :  0.248 0.122 0.313 0.015 0.010 0.008 0.015 0.189 0.010 0.072 
263 24.0873.E1    (0)   12 :  0.757 0.012 0.051 0.012 0.016 0.011 0.012 0.101 0.013 0.015 
264 24.0874.E1    (0)   12 :  0.190 0.203 0.176 0.010 0.058 0.011 0.021 0.310 0.008 0.014 
265 24.0875.E1    (0)   12 :  0.141 0.021 0.010 0.007 0.010 0.006 0.024 0.682 0.034 0.066 
266 24.0876.E1    (0)   12 :  0.450 0.018 0.007 0.062 0.006 0.005 0.012 0.408 0.013 0.019 
267 24.0877.E1    (0)   12 :  0.016 0.041 0.007 0.855 0.004 0.005 0.009 0.036 0.006 0.021 
268 24.0878.E1    (0)   12 :  0.088 0.009 0.006 0.784 0.048 0.010 0.020 0.006 0.008 0.020 
269 24.0879.E1    (0)   12 :  0.012 0.005 0.007 0.714 0.006 0.006 0.224 0.005 0.011 0.010 
270 24.0880.E1    (0)   12 :  0.254 0.014 0.020 0.040 0.508 0.011 0.075 0.012 0.015 0.050 
271 24.0881.E1    (0)   12 :  0.007 0.009 0.006 0.943 0.004 0.004 0.007 0.005 0.010 0.006 
272 24.0882.E1    (0)   12 :  0.015 0.676 0.013 0.225 0.007 0.004 0.009 0.024 0.008 0.019 
273 24.0883.E1    (0)   12 :  0.105 0.240 0.051 0.324 0.007 0.005 0.240 0.007 0.012 0.009 
274 24.0884.E1    (0)   12 :  0.009 0.025 0.008 0.913 0.004 0.006 0.013 0.005 0.007 0.010 
275 24.0885.E1    (0)   12 :  0.075 0.007 0.007 0.800 0.010 0.006 0.041 0.009 0.014 0.032 
276 24.0886.E1    (0)   12 :  0.178 0.207 0.041 0.442 0.005 0.007 0.091 0.014 0.004 0.010 
277 24.0887.E1    (0)   12 :  0.028 0.717 0.008 0.038 0.005 0.008 0.174 0.007 0.009 0.006 
278 24.0888.E1    (0)   12 :  0.016 0.005 0.010 0.017 0.008 0.016 0.015 0.046 0.007 0.859 


Estimated Allele Frequencies in each cluster
First column gives estimated ancestral frequencies


Locus 1 : 
31 alleles
0.0% missing data
 115   (0.035) 0.140 0.004 0.005 0.129 0.006 0.023 0.008 0.030 0.004 0.007 
 117   (0.040) 0.023 0.187 0.003 0.205 0.005 0.021 0.011 0.129 0.004 0.007 
 119   (0.040) 0.014 0.320 0.004 0.272 0.006 0.011 0.007 0.007 0.287 0.008 
 131   (0.014) 0.003 0.003 0.002 0.051 0.001 0.004 0.002 0.002 0.001 0.002 
 128   (0.038) 0.044 0.003 0.006 0.031 0.033 0.009 0.012 0.030 0.004 0.034 
 135   (0.016) 0.007 0.009 0.002 0.051 0.002 0.006 0.003 0.003 0.002 0.003 
 126   (0.078) 0.050 0.076 0.066 0.049 0.255 0.045 0.034 0.195 0.012 0.068 
 122   (0.036) 0.010 0.002 0.004 0.011 0.005 0.147 0.008 0.014 0.088 0.039 
 132   (0.032) 0.018 0.015 0.006 0.005 0.028 0.042 0.016 0.023 0.004 0.023 
 141   (0.010) 0.002 0.001 0.001 0.008 0.001 0.003 0.002 0.003 0.003 0.002 
 130   (0.048) 0.109 0.011 0.028 0.006 0.016 0.035 0.136 0.009 0.013 0.065 
 134   (0.041) 0.033 0.003 0.071 0.005 0.008 0.027 0.006 0.020 0.132 0.029 
 145   (0.019) 0.004 0.010 0.109 0.003 0.002 0.003 0.007 0.003 0.007 0.003 
 127   (0.027) 0.005 0.158 0.003 0.032 0.003 0.005 0.007 0.004 0.052 0.005 
 116   (0.106) 0.172 0.011 0.279 0.015 0.128 0.177 0.092 0.074 0.186 0.264 
 114   (0.061) 0.027 0.005 0.171 0.008 0.106 0.188 0.030 0.056 0.060 0.040 
 120   (0.033) 0.012 0.002 0.003 0.007 0.004 0.017 0.130 0.013 0.080 0.067 
 110   (0.047) 0.059 0.025 0.015 0.009 0.093 0.026 0.090 0.008 0.020 0.028 
 133   (0.016) 0.003 0.013 0.001 0.002 0.002 0.003 0.003 0.014 0.011 0.003 
 118   (0.113) 0.199 0.020 0.201 0.015 0.185 0.158 0.332 0.327 0.013 0.252 
 125   (0.015) 0.002 0.001 0.003 0.002 0.011 0.018 0.006 0.003 0.002 0.003 
 129   (0.019) 0.004 0.006 0.002 0.046 0.002 0.003 0.028 0.004 0.002 0.006 
 124   (0.015) 0.005 0.002 0.006 0.009 0.003 0.004 0.015 0.006 0.002 0.012 
 136   (0.020) 0.039 0.001 0.002 0.003 0.075 0.004 0.003 0.003 0.002 0.005 
 121   (0.015) 0.004 0.066 0.001 0.007 0.001 0.002 0.002 0.002 0.001 0.003 
 139   (0.012) 0.002 0.001 0.001 0.011 0.001 0.001 0.002 0.002 0.001 0.002 
 113   (0.011) 0.002 0.015 0.001 0.001 0.001 0.001 0.002 0.002 0.001 0.002 
 111   (0.010) 0.002 0.013 0.001 0.002 0.001 0.001 0.002 0.002 0.001 0.002 
 143   (0.010) 0.001 0.015 0.001 0.001 0.001 0.001 0.001 0.002 0.001 0.002 
 140   (0.015) 0.003 0.001 0.001 0.002 0.002 0.014 0.002 0.006 0.002 0.013 
 112   (0.010) 0.001 0.001 0.001 0.001 0.014 0.001 0.002 0.002 0.001 0.002 

Locus 2 : 
18 alleles
0.0% missing data
 152   (0.391) 0.512 0.794 0.288 0.638 0.185 0.549 0.365 0.508 0.400 0.330 
 148   (0.066) 0.189 0.022 0.007 0.147 0.009 0.014 0.039 0.016 0.235 0.031 
 154   (0.104) 0.168 0.034 0.017 0.041 0.276 0.131 0.032 0.036 0.240 0.086 
 156   (0.017) 0.003 0.001 0.002 0.011 0.002 0.019 0.005 0.003 0.002 0.003 
 150   (0.024) 0.003 0.048 0.002 0.008 0.002 0.005 0.005 0.004 0.064 0.004 
 164   (0.074) 0.024 0.013 0.091 0.080 0.044 0.096 0.017 0.026 0.012 0.146 
 158   (0.032) 0.019 0.008 0.010 0.010 0.004 0.011 0.178 0.013 0.011 0.006 
 160   (0.017) 0.009 0.020 0.002 0.002 0.002 0.003 0.003 0.003 0.002 0.012 
 166   (0.022) 0.004 0.002 0.002 0.003 0.002 0.013 0.003 0.031 0.008 0.022 
 151   (0.068) 0.012 0.004 0.314 0.009 0.435 0.046 0.221 0.014 0.006 0.189 
 147   (0.067) 0.019 0.005 0.199 0.009 0.028 0.069 0.073 0.319 0.007 0.097 
 168   (0.023) 0.009 0.002 0.034 0.004 0.002 0.004 0.005 0.010 0.003 0.016 
 153   (0.012) 0.002 0.001 0.019 0.002 0.001 0.002 0.002 0.002 0.001 0.011 
 149   (0.024) 0.018 0.011 0.002 0.004 0.002 0.003 0.043 0.006 0.003 0.009 
 162   (0.020) 0.003 0.003 0.008 0.007 0.003 0.031 0.003 0.003 0.003 0.009 
 167   (0.013) 0.002 0.001 0.001 0.024 0.001 0.001 0.002 0.002 0.001 0.002 
 146   (0.011) 0.001 0.030 0.001 0.001 0.001 0.001 0.001 0.001 0.001 0.002 
 172   (0.014) 0.002 0.001 0.001 0.002 0.001 0.002 0.002 0.002 0.001 0.024 

Locus 3 : 
4 alleles
0.0% missing data
 128   (0.296) 0.302 0.440 0.338 0.211 0.424 0.168 0.250 0.407 0.325 0.221 
 126   (0.611) 0.673 0.553 0.499 0.711 0.529 0.776 0.571 0.569 0.603 0.742 
 132   (0.079) 0.023 0.006 0.162 0.076 0.045 0.054 0.133 0.022 0.065 0.034 
 134   (0.014) 0.002 0.001 0.001 0.002 0.001 0.002 0.046 0.002 0.007 0.003 

Locus 4 : 
3 alleles
0.0% missing data
 170   (0.321) 0.157 0.288 0.133 0.308 0.447 0.373 0.207 0.282 0.419 0.390 
 172   (0.666) 0.840 0.709 0.863 0.690 0.550 0.625 0.791 0.716 0.569 0.608 
 171   (0.013) 0.003 0.002 0.003 0.002 0.002 0.002 0.002 0.002 0.011 0.002 

Locus 5 : 
37 alleles
0.0% missing data
 125   (0.053) 0.040 0.031 0.129 0.055 0.070 0.036 0.159 0.033 0.058 0.015 
 110   (0.036) 0.006 0.014 0.019 0.032 0.083 0.026 0.026 0.076 0.044 0.008 
 129   (0.032) 0.006 0.003 0.023 0.055 0.008 0.044 0.008 0.007 0.003 0.113 
 113   (0.029) 0.011 0.002 0.008 0.011 0.013 0.126 0.006 0.015 0.004 0.107 
 145   (0.053) 0.145 0.101 0.096 0.219 0.015 0.011 0.092 0.027 0.006 0.014 
 155   (0.053) 0.023 0.018 0.006 0.150 0.058 0.093 0.018 0.038 0.195 0.040 
 117   (0.028) 0.129 0.032 0.005 0.021 0.003 0.025 0.006 0.006 0.005 0.013 
 124   (0.009) 0.002 0.001 0.001 0.023 0.001 0.001 0.001 0.001 0.001 0.001 
 133   (0.034) 0.028 0.071 0.010 0.039 0.004 0.005 0.013 0.031 0.004 0.062 
 157   (0.046) 0.041 0.025 0.006 0.008 0.063 0.008 0.133 0.044 0.029 0.152 
 141   (0.014) 0.006 0.001 0.001 0.004 0.006 0.002 0.002 0.004 0.001 0.034 
 112   (0.071) 0.102 0.160 0.154 0.070 0.157 0.056 0.017 0.028 0.200 0.045 
 121   (0.020) 0.003 0.002 0.011 0.004 0.005 0.084 0.006 0.012 0.010 0.012 
 114   (0.036) 0.146 0.179 0.004 0.040 0.074 0.005 0.007 0.028 0.016 0.007 
 153   (0.053) 0.027 0.004 0.082 0.059 0.092 0.023 0.223 0.284 0.011 0.017 
 127   (0.071) 0.076 0.076 0.199 0.062 0.097 0.148 0.030 0.023 0.022 0.110 
 131   (0.063) 0.026 0.175 0.085 0.064 0.040 0.052 0.136 0.105 0.214 0.017 
 135   (0.031) 0.013 0.004 0.067 0.007 0.016 0.005 0.022 0.138 0.010 0.023 
 104   (0.009) 0.002 0.002 0.003 0.001 0.002 0.001 0.001 0.002 0.011 0.002 
 118   (0.018) 0.007 0.002 0.002 0.020 0.002 0.002 0.012 0.003 0.018 0.011 
 116   (0.025) 0.034 0.005 0.004 0.006 0.015 0.068 0.021 0.005 0.022 0.006 
 137   (0.022) 0.007 0.006 0.003 0.004 0.002 0.096 0.013 0.007 0.089 0.012 
 123   (0.025) 0.006 0.003 0.018 0.006 0.088 0.021 0.006 0.032 0.008 0.005 
 149   (0.010) 0.008 0.001 0.003 0.001 0.002 0.006 0.002 0.002 0.001 0.002 
 138   (0.013) 0.002 0.001 0.024 0.002 0.001 0.002 0.002 0.002 0.001 0.040 
 143   (0.023) 0.003 0.071 0.010 0.003 0.051 0.005 0.008 0.004 0.003 0.036 
 163   (0.010) 0.003 0.001 0.001 0.002 0.001 0.007 0.001 0.002 0.003 0.006 
 109   (0.011) 0.030 0.001 0.001 0.001 0.001 0.001 0.001 0.002 0.001 0.002 
 139   (0.010) 0.001 0.001 0.001 0.001 0.001 0.001 0.002 0.002 0.001 0.011 
 106   (0.010) 0.002 0.001 0.001 0.001 0.001 0.002 0.001 0.002 0.001 0.010 
 144   (0.016) 0.040 0.001 0.001 0.002 0.002 0.002 0.002 0.026 0.002 0.005 
 122   (0.010) 0.005 0.003 0.001 0.017 0.001 0.001 0.002 0.002 0.001 0.002 
 100   (0.019) 0.008 0.001 0.011 0.003 0.007 0.030 0.007 0.004 0.003 0.021 
 111   (0.012) 0.003 0.001 0.004 0.001 0.001 0.001 0.002 0.002 0.001 0.030 
 233   (0.009) 0.001 0.001 0.005 0.001 0.003 0.002 0.009 0.002 0.001 0.004 
 134   (0.009) 0.001 0.001 0.001 0.001 0.014 0.001 0.001 0.001 0.001 0.002 
 140   (0.009) 0.007 0.001 0.001 0.001 0.002 0.001 0.002 0.002 0.001 0.005 

Locus 6 : 
17 alleles
0.0% missing data
 221   (0.024) 0.003 0.087 0.002 0.139 0.002 0.004 0.003 0.004 0.002 0.004 
 232   (0.239) 0.248 0.426 0.747 0.148 0.274 0.420 0.269 0.229 0.102 0.277 
 229   (0.055) 0.028 0.057 0.018 0.097 0.090 0.013 0.014 0.042 0.069 0.010 
 223   (0.063) 0.059 0.009 0.007 0.101 0.072 0.025 0.118 0.019 0.008 0.047 
 230   (0.157) 0.249 0.300 0.048 0.071 0.239 0.101 0.119 0.096 0.148 0.227 
 235   (0.014) 0.002 0.001 0.001 0.069 0.001 0.003 0.002 0.002 0.002 0.002 
 236   (0.040) 0.010 0.006 0.026 0.091 0.004 0.017 0.018 0.016 0.044 0.016 
 227   (0.022) 0.005 0.002 0.002 0.064 0.002 0.003 0.006 0.012 0.003 0.011 
 220   (0.056) 0.043 0.004 0.069 0.008 0.024 0.091 0.013 0.161 0.184 0.021 
 222   (0.047) 0.022 0.003 0.004 0.006 0.007 0.124 0.007 0.134 0.249 0.040 
 234   (0.129) 0.244 0.058 0.015 0.096 0.144 0.034 0.275 0.241 0.173 0.108 
 224   (0.029) 0.005 0.002 0.002 0.004 0.073 0.006 0.119 0.005 0.003 0.033 
 228   (0.056) 0.048 0.004 0.055 0.011 0.036 0.058 0.014 0.020 0.007 0.191 
 225   (0.011) 0.002 0.001 0.001 0.002 0.001 0.017 0.001 0.002 0.001 0.002 
 226   (0.016) 0.002 0.001 0.002 0.002 0.026 0.080 0.002 0.004 0.002 0.003 
 233   (0.027) 0.023 0.037 0.003 0.051 0.003 0.003 0.014 0.011 0.003 0.005 
 231   (0.015) 0.006 0.001 0.001 0.041 0.001 0.002 0.005 0.002 0.001 0.003 

Locus 7 : 
10 alleles
0.0% missing data
 121   (0.680) 0.816 0.743 0.723 0.873 0.779 0.769 0.586 0.803 0.791 0.839 
 129   (0.096) 0.054 0.099 0.134 0.082 0.121 0.092 0.096 0.017 0.010 0.052 
 130   (0.017) 0.002 0.003 0.002 0.003 0.002 0.018 0.003 0.019 0.003 0.004 
 123   (0.101) 0.029 0.102 0.133 0.028 0.087 0.095 0.219 0.071 0.133 0.060 
 128   (0.020) 0.004 0.023 0.002 0.003 0.002 0.005 0.019 0.003 0.033 0.003 
 131   (0.015) 0.003 0.002 0.001 0.002 0.002 0.009 0.010 0.002 0.022 0.003 
 117   (0.013) 0.002 0.001 0.001 0.002 0.001 0.002 0.002 0.002 0.001 0.012 
 125   (0.012) 0.002 0.001 0.001 0.001 0.001 0.001 0.058 0.002 0.001 0.002 
 134   (0.033) 0.082 0.007 0.003 0.005 0.003 0.007 0.006 0.075 0.004 0.023 
 132   (0.013) 0.007 0.020 0.001 0.002 0.001 0.001 0.002 0.006 0.001 0.002 

Locus 8 : 
19 alleles
0.0% missing data
 184   (0.303) 0.448 0.327 0.457 0.488 0.267 0.233 0.494 0.557 0.509 0.372 
 194   (0.045) 0.094 0.022 0.008 0.028 0.013 0.023 0.032 0.008 0.016 0.039 
 178   (0.100) 0.079 0.061 0.029 0.209 0.288 0.166 0.026 0.032 0.181 0.057 
 176   (0.079) 0.079 0.219 0.116 0.045 0.010 0.056 0.044 0.145 0.011 0.083 
 182   (0.077) 0.047 0.208 0.017 0.042 0.047 0.147 0.021 0.079 0.011 0.134 
 190   (0.033) 0.005 0.046 0.003 0.006 0.020 0.019 0.006 0.047 0.063 0.006 
 196   (0.022) 0.004 0.001 0.021 0.006 0.065 0.004 0.003 0.004 0.002 0.013 
 200   (0.028) 0.006 0.011 0.002 0.014 0.003 0.014 0.054 0.004 0.004 0.035 
 180   (0.023) 0.003 0.002 0.002 0.008 0.003 0.004 0.116 0.005 0.068 0.004 
 188   (0.038) 0.048 0.003 0.081 0.030 0.053 0.006 0.009 0.007 0.008 0.009 
 174   (0.038) 0.087 0.035 0.004 0.014 0.004 0.017 0.039 0.041 0.023 0.010 
 186   (0.118) 0.074 0.057 0.228 0.091 0.136 0.277 0.087 0.038 0.072 0.207 
 192   (0.023) 0.003 0.003 0.009 0.010 0.080 0.005 0.015 0.004 0.012 0.006 
 201   (0.011) 0.001 0.001 0.001 0.001 0.001 0.001 0.010 0.002 0.013 0.002 
 199   (0.019) 0.003 0.001 0.002 0.003 0.002 0.018 0.029 0.004 0.003 0.014 
 185   (0.011) 0.002 0.001 0.017 0.001 0.001 0.001 0.002 0.002 0.001 0.002 
 203   (0.011) 0.013 0.001 0.001 0.002 0.001 0.001 0.002 0.002 0.001 0.002 
 198   (0.010) 0.002 0.001 0.001 0.001 0.001 0.002 0.001 0.017 0.001 0.003 
 209   (0.010) 0.002 0.001 0.001 0.002 0.004 0.003 0.012 0.004 0.001 0.002 

Locus 9 : 
6 alleles
0.4% missing data
 154   (0.685) 0.642 0.641 0.850 0.710 0.795 0.833 0.673 0.731 0.826 0.753 
 156   (0.210) 0.276 0.343 0.033 0.165 0.129 0.146 0.312 0.253 0.163 0.181 
 152   (0.055) 0.045 0.007 0.097 0.079 0.071 0.011 0.008 0.009 0.006 0.028 
 153   (0.013) 0.002 0.001 0.017 0.002 0.001 0.006 0.002 0.002 0.002 0.010 
 160   (0.013) 0.002 0.001 0.001 0.002 0.001 0.002 0.002 0.002 0.001 0.024 
 164   (0.025) 0.033 0.008 0.002 0.042 0.002 0.003 0.004 0.004 0.002 0.005 

Locus 10 : 
29 alleles
0.7% missing data
 305   (0.059) 0.011 0.008 0.008 0.088 0.007 0.283 0.011 0.011 0.181 0.076 
 313   (0.047) 0.011 0.005 0.005 0.156 0.011 0.068 0.013 0.008 0.006 0.049 
 311   (0.016) 0.003 0.002 0.001 0.018 0.003 0.002 0.006 0.005 0.002 0.004 
 299   (0.130) 0.036 0.035 0.151 0.273 0.159 0.037 0.019 0.158 0.046 0.223 
 315   (0.075) 0.021 0.101 0.006 0.091 0.020 0.016 0.023 0.015 0.082 0.160 
 287   (0.016) 0.002 0.002 0.002 0.005 0.002 0.003 0.788 0.004 0.002 0.004 
 291   (0.117) 0.331 0.023 0.014 0.121 0.472 0.052 0.018 0.157 0.080 0.072 
 295   (0.024) 0.212 0.002 0.002 0.033 0.002 0.004 0.003 0.004 0.004 0.005 
 289   (0.015) 0.002 0.001 0.001 0.002 0.001 0.002 0.002 0.203 0.002 0.004 
 303   (0.031) 0.006 0.509 0.625 0.007 0.003 0.004 0.004 0.006 0.022 0.007 
 297   (0.048) 0.083 0.086 0.009 0.022 0.033 0.157 0.007 0.020 0.006 0.011 
 293   (0.014) 0.002 0.001 0.001 0.002 0.001 0.002 0.002 0.206 0.002 0.003 
 301   (0.063) 0.062 0.008 0.025 0.072 0.008 0.022 0.010 0.022 0.143 0.074 
 285   (0.024) 0.003 0.002 0.002 0.003 0.002 0.228 0.003 0.004 0.280 0.007 
 307   (0.056) 0.064 0.197 0.005 0.012 0.096 0.008 0.010 0.009 0.042 0.055 
 312   (0.058) 0.077 0.004 0.020 0.009 0.100 0.011 0.010 0.039 0.078 0.077 
 306   (0.028) 0.019 0.002 0.002 0.013 0.012 0.004 0.005 0.005 0.004 0.061 
 320   (0.014) 0.002 0.001 0.001 0.002 0.001 0.002 0.001 0.002 0.001 0.024 
 317   (0.021) 0.003 0.001 0.103 0.017 0.002 0.003 0.002 0.003 0.002 0.004 
 314   (0.025) 0.004 0.002 0.002 0.036 0.002 0.003 0.032 0.004 0.003 0.014 
 323   (0.011) 0.002 0.001 0.001 0.002 0.001 0.002 0.009 0.004 0.001 0.006 
 325   (0.010) 0.002 0.001 0.001 0.002 0.001 0.001 0.009 0.004 0.001 0.006 
 310   (0.015) 0.004 0.001 0.001 0.003 0.051 0.002 0.002 0.002 0.002 0.005 
 309   (0.013) 0.027 0.001 0.001 0.002 0.001 0.001 0.001 0.003 0.001 0.002 
 316   (0.016) 0.002 0.001 0.003 0.003 0.004 0.003 0.002 0.003 0.002 0.030 
 296   (0.012) 0.003 0.001 0.006 0.002 0.001 0.002 0.002 0.002 0.001 0.008 
 304   (0.014) 0.002 0.001 0.001 0.002 0.002 0.074 0.002 0.005 0.002 0.003 
 321   (0.013) 0.002 0.001 0.001 0.002 0.001 0.003 0.002 0.045 0.002 0.002 
 332   (0.013) 0.002 0.001 0.001 0.002 0.001 0.001 0.001 0.047 0.001 0.002 

Locus 11 : 
19 alleles
0.0% missing data
 114   (0.151) 0.277 0.189 0.043 0.249 0.026 0.049 0.052 0.045 0.284 0.167 
 126   (0.023) 0.006 0.004 0.002 0.056 0.002 0.008 0.003 0.003 0.017 0.004 
 111   (0.099) 0.014 0.007 0.285 0.167 0.556 0.502 0.022 0.512 0.011 0.018 
 116   (0.115) 0.136 0.258 0.010 0.103 0.032 0.081 0.149 0.081 0.018 0.078 
 132   (0.011) 0.002 0.001 0.001 0.011 0.001 0.002 0.002 0.002 0.001 0.002 
 109   (0.016) 0.002 0.001 0.001 0.048 0.002 0.002 0.002 0.002 0.001 0.003 
 128   (0.017) 0.012 0.001 0.001 0.008 0.007 0.002 0.003 0.003 0.002 0.006 
 112   (0.308) 0.450 0.511 0.211 0.272 0.048 0.106 0.448 0.121 0.606 0.610 
 122   (0.016) 0.006 0.004 0.014 0.003 0.002 0.002 0.003 0.007 0.008 0.003 
 124   (0.013) 0.002 0.002 0.002 0.002 0.001 0.002 0.002 0.002 0.017 0.002 
 118   (0.052) 0.038 0.009 0.012 0.024 0.007 0.009 0.077 0.157 0.016 0.023 
 127   (0.014) 0.002 0.001 0.001 0.002 0.001 0.002 0.002 0.002 0.001 0.012 
 113   (0.048) 0.009 0.003 0.400 0.007 0.228 0.178 0.026 0.014 0.005 0.015 
 115   (0.029) 0.011 0.003 0.003 0.026 0.007 0.010 0.186 0.006 0.003 0.007 
 120   (0.022) 0.021 0.001 0.002 0.004 0.066 0.003 0.003 0.004 0.002 0.004 
 117   (0.021) 0.003 0.002 0.003 0.004 0.008 0.010 0.004 0.020 0.003 0.014 
 125   (0.018) 0.003 0.001 0.006 0.002 0.002 0.002 0.006 0.012 0.002 0.025 
 119   (0.015) 0.003 0.001 0.001 0.002 0.004 0.030 0.002 0.005 0.002 0.003 
 136   (0.013) 0.002 0.001 0.001 0.010 0.001 0.002 0.008 0.002 0.001 0.002 

Locus 12 : 
28 alleles
0.7% missing data
 306   (0.052) 0.009 0.008 0.007 0.088 0.006 0.342 0.008 0.013 0.180 0.041 
 314   (0.058) 0.009 0.007 0.015 0.140 0.080 0.066 0.022 0.010 0.007 0.043 
 312   (0.013) 0.002 0.001 0.001 0.026 0.001 0.001 0.001 0.002 0.001 0.002 
 300   (0.137) 0.036 0.035 0.152 0.289 0.157 0.038 0.020 0.158 0.046 0.224 
 316   (0.042) 0.006 0.097 0.003 0.086 0.018 0.009 0.005 0.008 0.076 0.011 
 288   (0.016) 0.002 0.001 0.002 0.004 0.001 0.003 0.772 0.003 0.002 0.003 
 292   (0.128) 0.326 0.024 0.015 0.123 0.464 0.054 0.020 0.187 0.080 0.075 
 296   (0.027) 0.216 0.003 0.005 0.034 0.003 0.004 0.004 0.005 0.004 0.009 
 290   (0.016) 0.002 0.001 0.001 0.002 0.001 0.002 0.002 0.203 0.002 0.005 
 304   (0.031) 0.006 0.511 0.629 0.007 0.003 0.004 0.004 0.006 0.022 0.007 
 298   (0.052) 0.082 0.086 0.009 0.023 0.033 0.157 0.007 0.021 0.007 0.012 
 294   (0.014) 0.002 0.001 0.001 0.002 0.001 0.002 0.002 0.206 0.002 0.003 
 302   (0.065) 0.062 0.008 0.025 0.073 0.008 0.022 0.010 0.022 0.142 0.074 
 286   (0.024) 0.003 0.002 0.002 0.003 0.002 0.246 0.003 0.004 0.280 0.007 
 308   (0.036) 0.011 0.192 0.003 0.009 0.003 0.005 0.007 0.005 0.040 0.046 
 313   (0.050) 0.088 0.004 0.007 0.009 0.010 0.007 0.009 0.036 0.083 0.098 
 307   (0.046) 0.074 0.004 0.004 0.013 0.112 0.006 0.006 0.007 0.005 0.068 
 321   (0.013) 0.002 0.001 0.001 0.002 0.001 0.001 0.001 0.002 0.001 0.024 
 315   (0.048) 0.015 0.004 0.015 0.040 0.004 0.008 0.060 0.009 0.006 0.154 
 318   (0.020) 0.002 0.001 0.094 0.005 0.004 0.006 0.002 0.003 0.002 0.006 
 324   (0.012) 0.002 0.001 0.001 0.003 0.001 0.002 0.009 0.004 0.001 0.006 
 326   (0.013) 0.002 0.001 0.001 0.003 0.001 0.002 0.010 0.004 0.001 0.007 
 311   (0.021) 0.005 0.002 0.002 0.007 0.079 0.003 0.008 0.005 0.002 0.008 
 310   (0.013) 0.027 0.001 0.001 0.002 0.001 0.001 0.001 0.003 0.002 0.002 
 305   (0.015) 0.002 0.001 0.001 0.002 0.001 0.002 0.002 0.002 0.002 0.035 
 317   (0.013) 0.002 0.001 0.001 0.002 0.001 0.002 0.001 0.002 0.001 0.024 
 320   (0.013) 0.002 0.001 0.001 0.002 0.001 0.002 0.001 0.023 0.001 0.002 
 322   (0.013) 0.002 0.001 0.001 0.002 0.001 0.003 0.001 0.045 0.002 0.002 

Locus 13 : 
7 alleles
1.1% missing data
 161   (0.594) 0.817 0.890 0.499 0.661 0.405 0.353 0.445 0.837 0.069 0.543 
 163   (0.297) 0.144 0.026 0.461 0.248 0.579 0.448 0.538 0.146 0.034 0.437 
 160   (0.018) 0.003 0.001 0.001 0.002 0.002 0.025 0.003 0.003 0.436 0.003 
 162   (0.017) 0.002 0.001 0.002 0.002 0.001 0.010 0.002 0.002 0.454 0.003 
 165   (0.043) 0.028 0.003 0.034 0.078 0.010 0.160 0.008 0.007 0.004 0.008 
 166   (0.014) 0.005 0.004 0.001 0.006 0.001 0.002 0.003 0.003 0.002 0.004 
 164   (0.016) 0.002 0.074 0.001 0.002 0.001 0.002 0.002 0.002 0.001 0.003 

Locus 14 : 
4 alleles
0.4% missing data
  98   (0.957) 0.987 0.985 0.985 0.986 0.996 0.995 0.992 0.993 0.996 0.982 
 100   (0.013) 0.002 0.001 0.008 0.002 0.001 0.002 0.003 0.002 0.001 0.007 
  96   (0.017) 0.007 0.013 0.002 0.010 0.001 0.002 0.002 0.003 0.002 0.003 
 105   (0.013) 0.003 0.001 0.006 0.002 0.001 0.002 0.002 0.002 0.001 0.008 

Locus 15 : 
12 alleles
2.2% missing data
 171   (0.306) 0.182 0.177 0.319 0.423 0.355 0.180 0.423 0.435 0.237 0.381 
 177   (0.184) 0.282 0.050 0.077 0.180 0.093 0.079 0.227 0.302 0.372 0.161 
 173   (0.260) 0.346 0.072 0.485 0.284 0.498 0.596 0.148 0.134 0.101 0.264 
 179   (0.111) 0.047 0.568 0.102 0.070 0.012 0.099 0.166 0.041 0.272 0.091 
 183   (0.019) 0.003 0.010 0.007 0.025 0.002 0.016 0.009 0.004 0.002 0.004 
 181   (0.037) 0.011 0.116 0.004 0.006 0.031 0.008 0.005 0.007 0.004 0.061 
 197   (0.015) 0.073 0.001 0.001 0.002 0.001 0.002 0.002 0.002 0.001 0.003 
 170   (0.012) 0.004 0.001 0.001 0.003 0.001 0.002 0.010 0.006 0.002 0.014 
 189   (0.015) 0.004 0.001 0.001 0.002 0.001 0.014 0.002 0.002 0.004 0.014 
 203   (0.014) 0.045 0.001 0.001 0.002 0.001 0.002 0.002 0.002 0.001 0.002 
 187   (0.015) 0.002 0.001 0.001 0.002 0.001 0.002 0.005 0.043 0.001 0.003 
 198   (0.012) 0.002 0.001 0.001 0.002 0.001 0.002 0.002 0.023 0.001 0.002 

Values of parameters used in structure:
DATAFILE=STRUCTURE_main_final_278_HEG_ZG.str,	OUTFILE=STRUCTURE_main_final_278_HEG_ZG-K10-2,	NUMINDS=278,	NUMLOCI=15,	MISSING=-9,	LABEL=1,	POPDATA=1,	POPFLAG=0,	PHENOTYPE=0,	EXTRACOLS=0,	MAXPOPS=10,	BURNIN=100000,	NUMREPS=500000,	USEPOPINFO=0,	INFERALPHA=1,	INFERLAMBDA=0,	POPSPECIFICLAMBDA=0,	POPALPHAS=0,	COMPUTEPROB=1,	NOADMIX=0,	ADMBURNIN=2500,	UPDATEFREQ=1,	PRINTLIKES=0,	INTERMEDSAVE=0,	PRINTKLD=0,	PRINTNET=0,	PRINTLAMBDA=0,	ANCESTDIST=0,	NUMBOXES=1000,	ANCESTPINT=0.90000,	GENSBACK=2,	MIGRPRIOR=0.05000,	PRINTQHAT=0,	PRINTQSUM=0,	ALPHA=1.0000,	FREQSCORR=1,	FPRIORMEAN=0.0100,	FPRIORSD=0.0500,	ONEFST=0,	LAMBDA=1.0000,	UNIFPRIORALPHA=1,	ALPHAMAX=10.0000,	ALPHAPRIORA=1.0000,	ALPHAPRIORB=2.0000,	ALPHAPROPSD=0.0250,	STARTATPOPINFO=0,	RANDOMIZE=1,	LINKAGE=0,	METROFREQ=10,	REPORTHITRATE=0,	MARKOVPHASE=-1,	PHASED=0,	PLOIDY=2,	PHASEINFO=0	LOCPRIOR=0, 	LOCPRIORINIT=1.000000, 	LOCDATA=0, 	LOCISPOP=0, 	LOCPRIORSTEP=0.100000, 	MAXLOCPRIOR=20.000000, 	SEED=1782484995,	
[STRAT parameters]:    NUMSIMSTATS=1000,	PHENOTYPECOL=-9,	POOLFREQ=10,	LOCUSxONLY=0,	EMERROR=0.00100,	MISSINGPHENO=-9,	