

----------------------------------------------------
STRUCTURE by Pritchard, Stephens and Donnelly (2000)
     and Falush, Stephens and Pritchard (2003)
       Code by Pritchard, Falush and Hubisz
             Version 2.3.4 (Jul 2012)
----------------------------------------------------



Command line arguments:   structure -K 10 -i STRUCTURE_main_final_278_HEG_ZG.str -o STRUCTURE_main_final_278_HEG_ZG-K10-7 
Input File:    STRUCTURE_main_final_278_HEG_ZG.str

Run parameters:
   278 individuals
   15 loci
   10 populations assumed
   100000 Burn-in period
   500000 Reps


--------------------------------------------
Proportion of membership of each pre-defined
 population in each of the 10 clusters

Given    Inferred Clusters                                                        Number of
 Pop       1      2      3      4      5      6      7      8      9     10      Individuals

  1:     0.068  0.014  0.039  0.014  0.089  0.017  0.016  0.104  0.602  0.038       24
  2:     0.056  0.735  0.015  0.037  0.018  0.046  0.015  0.028  0.017  0.035       24
  3:     0.010  0.011  0.080  0.245  0.048  0.258  0.285  0.014  0.020  0.030       24
  4:     0.038  0.023  0.033  0.048  0.047  0.033  0.155  0.020  0.054  0.549       24
  5:     0.047  0.026  0.045  0.100  0.020  0.014  0.500  0.033  0.021  0.194       24
  6:     0.232  0.023  0.050  0.030  0.014  0.021  0.070  0.012  0.461  0.088       24
  7:     0.748  0.031  0.010  0.016  0.021  0.009  0.019  0.034  0.062  0.050       24
  8:     0.011  0.013  0.017  0.016  0.078  0.048  0.674  0.054  0.021  0.067       14
  9:     0.006  0.017  0.444  0.030  0.063  0.033  0.034  0.320  0.035  0.018       24
 10:     0.013  0.008  0.057  0.039  0.635  0.162  0.026  0.037  0.011  0.011       24
 11:     0.011  0.008  0.162  0.080  0.272  0.333  0.025  0.059  0.019  0.032       24
 12:     0.106  0.021  0.010  0.045  0.048  0.077  0.088  0.109  0.273  0.223       24
--------------------------------------------

Allele-freq. divergence among pops (Net nucleotide distance),
computed using point estimates of P.

      1       2       3       4       5       6       7       8       9      10      
 1      -    0.1031  0.1191  0.1238  0.1350  0.0892  0.0780  0.0882  0.0667  0.0672  
 2   0.1031     -    0.0923  0.1146  0.1120  0.1309  0.0649  0.0976  0.0676  0.0764  
 3   0.1191  0.0923     -    0.1122  0.0559  0.0753  0.0555  0.0746  0.0599  0.0769  
 4   0.1238  0.1146  0.1122     -    0.1092  0.1126  0.0701  0.0907  0.0876  0.0855  
 5   0.1350  0.1120  0.0559  0.1092     -    0.0795  0.0577  0.0659  0.0675  0.0701  
 6   0.0892  0.1309  0.0753  0.1126  0.0795     -    0.0709  0.0881  0.0871  0.0919  
 7   0.0780  0.0649  0.0555  0.0701  0.0577  0.0709     -    0.0538  0.0338  0.0367  
 8   0.0882  0.0976  0.0746  0.0907  0.0659  0.0881  0.0538     -    0.0437  0.0474  
 9   0.0667  0.0676  0.0599  0.0876  0.0675  0.0871  0.0338  0.0437     -    0.0344  
10   0.0672  0.0764  0.0769  0.0855  0.0701  0.0919  0.0367  0.0474  0.0344     -    

Average distances (expected heterozygosity) between individuals in same cluster:
cluster  1  : 0.5494 
cluster  2  : 0.6130 
cluster  3  : 0.5999 
cluster  4  : 0.5823 
cluster  5  : 0.6039 
cluster  6  : 0.5492 
cluster  7  : 0.6289 
cluster  8  : 0.5923 
cluster  9  : 0.6170 
cluster 10  : 0.6023 

--------------------------------------------
Estimated Ln Prob of Data   = -12245.8
Mean value of ln likelihood = -11577.9
Variance of ln likelihood   = 1335.7
Mean value of alpha         = 0.0473

Mean value of Fst_1         = 0.1995
Mean value of Fst_2         = 0.1945
Mean value of Fst_3         = 0.1552
Mean value of Fst_4         = 0.1945
Mean value of Fst_5         = 0.1559
Mean value of Fst_6         = 0.2147
Mean value of Fst_7         = 0.0644
Mean value of Fst_8         = 0.1563
Mean value of Fst_9         = 0.0884
Mean value of Fst_10         = 0.1045


Inferred ancestry of individuals:
        Label (%Miss) Pop:  Inferred clusters
  1 24.0601.E1    (0)    1 :  0.012 0.014 0.010 0.011 0.007 0.013 0.006 0.010 0.908 0.009 
  2 24.0602.E1    (0)    1 :  0.010 0.005 0.019 0.010 0.014 0.009 0.009 0.019 0.900 0.006 
  3 24.0603.E1    (0)    1 :  0.024 0.005 0.017 0.007 0.005 0.006 0.048 0.010 0.850 0.027 
  4 24.0604.E1    (0)    1 :  0.005 0.008 0.006 0.146 0.044 0.005 0.005 0.025 0.643 0.113 
  5 24.0605.E1    (0)    1 :  0.035 0.007 0.035 0.006 0.008 0.012 0.011 0.018 0.837 0.031 
  6 24.0606.E1    (0)    1 :  0.020 0.010 0.027 0.005 0.022 0.007 0.013 0.008 0.768 0.120 
  7 24.0607.E1    (0)    1 :  0.170 0.006 0.020 0.011 0.011 0.008 0.049 0.657 0.055 0.014 
  8 24.0608.E1    (0)    1 :  0.117 0.003 0.017 0.006 0.043 0.131 0.008 0.020 0.647 0.008 
  9 24.0609.E1    (0)    1 :  0.006 0.005 0.009 0.008 0.464 0.013 0.023 0.056 0.182 0.235 
 10 24.0610.E1    (0)    1 :  0.009 0.005 0.011 0.004 0.416 0.005 0.016 0.008 0.477 0.051 
 11 24.0611.E1    (0)    1 :  0.006 0.007 0.060 0.005 0.031 0.005 0.007 0.013 0.843 0.024 
 12 24.0612.E1    (0)    1 :  0.016 0.009 0.010 0.017 0.008 0.005 0.013 0.011 0.905 0.007 
 13 24.0613.E1    (0)    1 :  0.005 0.007 0.005 0.005 0.018 0.005 0.006 0.007 0.911 0.031 
 14 24.0614.E1    (0)    1 :  0.345 0.006 0.375 0.005 0.010 0.065 0.006 0.011 0.168 0.009 
 15 24.0615.E1    (0)    1 :  0.066 0.016 0.021 0.021 0.179 0.019 0.012 0.105 0.550 0.011 
 16 24.0616.E1    (0)    1 :  0.005 0.014 0.006 0.006 0.011 0.006 0.007 0.028 0.908 0.009 
 17 24.0617.E1    (0)    1 :  0.023 0.031 0.017 0.006 0.601 0.008 0.014 0.033 0.254 0.015 
 18 24.0618.E1    (0)    1 :  0.005 0.009 0.053 0.005 0.062 0.017 0.041 0.011 0.767 0.031 
 19 24.0619.E1    (0)    1 :  0.005 0.028 0.008 0.005 0.011 0.004 0.008 0.624 0.290 0.018 
 20 24.0620.E1   (20)    1 :  0.704 0.012 0.015 0.011 0.048 0.009 0.023 0.053 0.033 0.091 
 21 24.0621.E1    (0)    1 :  0.006 0.005 0.125 0.008 0.061 0.036 0.013 0.691 0.039 0.017 
 22 24.0622.E1    (0)    1 :  0.009 0.020 0.005 0.005 0.010 0.006 0.014 0.007 0.909 0.015 
 23 24.0623.E1    (0)    1 :  0.019 0.110 0.058 0.011 0.038 0.014 0.017 0.061 0.658 0.015 
 24 24.0624.E1    (0)    1 :  0.006 0.006 0.010 0.004 0.011 0.005 0.007 0.005 0.942 0.005 
 25 24.0625.E1    (0)    2 :  0.063 0.564 0.057 0.039 0.009 0.182 0.019 0.004 0.013 0.048 
 26 24.0626.E1    (0)    2 :  0.035 0.807 0.005 0.004 0.003 0.131 0.004 0.004 0.004 0.004 
 27 24.0627.E1    (0)    2 :  0.021 0.489 0.006 0.393 0.005 0.012 0.007 0.026 0.007 0.033 
 28 24.0628.E1    (0)    2 :  0.115 0.486 0.009 0.006 0.088 0.170 0.015 0.016 0.034 0.061 
 29 24.0629.E1    (0)    2 :  0.006 0.849 0.007 0.009 0.010 0.007 0.027 0.010 0.069 0.007 
 30 24.0630.E1    (0)    2 :  0.089 0.809 0.008 0.007 0.004 0.055 0.005 0.006 0.005 0.011 
 31 24.0631.E1    (0)    2 :  0.004 0.968 0.004 0.003 0.003 0.003 0.004 0.003 0.005 0.003 
 32 24.0632.E1    (0)    2 :  0.033 0.914 0.005 0.010 0.006 0.005 0.010 0.005 0.007 0.006 
 33 24.0633.E1    (0)    2 :  0.044 0.451 0.025 0.006 0.008 0.405 0.020 0.006 0.013 0.022 
 34 24.0634.E1    (0)    2 :  0.006 0.898 0.024 0.008 0.010 0.020 0.010 0.006 0.009 0.009 
 35 24.0635.E1    (0)    2 :  0.019 0.636 0.103 0.020 0.036 0.035 0.088 0.018 0.025 0.020 
 36 24.0636.E1   (33)    2 :  0.706 0.066 0.008 0.023 0.011 0.009 0.022 0.009 0.030 0.116 
 37 24.0637.E1    (0)    2 :  0.007 0.959 0.005 0.004 0.003 0.003 0.005 0.004 0.004 0.005 
 38 24.0638.E1    (0)    2 :  0.004 0.900 0.005 0.012 0.006 0.006 0.029 0.008 0.008 0.022 
 39 24.0639.E1    (0)    2 :  0.015 0.775 0.008 0.028 0.089 0.009 0.020 0.011 0.038 0.008 
 40 24.0640.E1    (0)    2 :  0.006 0.936 0.014 0.005 0.007 0.006 0.007 0.005 0.008 0.007 
 41 24.0641.E1    (0)    2 :  0.020 0.434 0.012 0.008 0.016 0.010 0.017 0.442 0.033 0.008 
 42 24.0642.E1    (0)    2 :  0.035 0.588 0.004 0.007 0.004 0.005 0.006 0.006 0.056 0.290 
 43 24.0643.E1    (0)    2 :  0.067 0.600 0.011 0.269 0.011 0.006 0.016 0.005 0.008 0.008 
 44 24.0644.E1    (0)    2 :  0.005 0.904 0.006 0.005 0.030 0.005 0.006 0.018 0.008 0.016 
 45 24.0645.E1    (0)    2 :  0.017 0.775 0.005 0.006 0.028 0.004 0.006 0.030 0.012 0.117 
 46 24.0646.E1    (0)    2 :  0.005 0.904 0.006 0.004 0.029 0.005 0.006 0.018 0.008 0.016 
 47 24.0647.E1    (0)    2 :  0.007 0.959 0.005 0.004 0.003 0.003 0.005 0.004 0.004 0.005 
 48 24.0648.E1    (0)    2 :  0.007 0.959 0.005 0.004 0.003 0.003 0.005 0.004 0.004 0.005 
 49 24.0649.E1    (0)    3 :  0.003 0.006 0.010 0.009 0.015 0.011 0.927 0.006 0.005 0.007 
 50 24.0650.E1    (0)    3 :  0.004 0.004 0.253 0.010 0.108 0.160 0.028 0.008 0.023 0.402 
 51 24.0651.E1    (0)    3 :  0.038 0.071 0.452 0.060 0.008 0.066 0.256 0.014 0.008 0.027 
 52 24.0652.E1    (0)    3 :  0.005 0.006 0.008 0.015 0.005 0.862 0.047 0.011 0.035 0.006 
 53 24.0653.E1    (0)    3 :  0.006 0.005 0.010 0.855 0.022 0.018 0.044 0.027 0.005 0.009 
 54 24.0654.E1    (0)    3 :  0.004 0.015 0.006 0.008 0.029 0.665 0.248 0.009 0.008 0.008 
 55 24.0655.E1    (0)    3 :  0.007 0.025 0.063 0.010 0.020 0.411 0.400 0.009 0.044 0.011 
 56 24.0656.E1    (0)    3 :  0.010 0.006 0.005 0.013 0.011 0.912 0.015 0.006 0.008 0.015 
 57 24.0657.E1    (0)    3 :  0.010 0.005 0.006 0.013 0.012 0.905 0.017 0.007 0.008 0.017 
 58 24.0658.E1    (0)    3 :  0.006 0.007 0.009 0.050 0.132 0.006 0.735 0.011 0.022 0.023 
 59 24.0659.E1    (0)    3 :  0.004 0.010 0.285 0.396 0.025 0.107 0.093 0.006 0.058 0.015 
 60 24.0660.E1    (6)    3 :  0.005 0.012 0.007 0.009 0.006 0.009 0.910 0.009 0.020 0.013 
 61 24.0661.E1    (0)    3 :  0.006 0.005 0.009 0.006 0.005 0.924 0.023 0.007 0.010 0.005 
 62 24.0662.E1    (0)    3 :  0.022 0.013 0.641 0.125 0.020 0.044 0.043 0.012 0.066 0.014 
 63 24.0663.E1    (0)    3 :  0.005 0.010 0.049 0.006 0.622 0.088 0.151 0.016 0.007 0.046 
 64 24.0664.E1    (0)    3 :  0.019 0.010 0.004 0.010 0.018 0.417 0.483 0.022 0.007 0.009 
 65 24.0665.E1    (0)    3 :  0.043 0.006 0.007 0.043 0.005 0.474 0.359 0.020 0.007 0.034 
 66 24.0666.E1    (0)    3 :  0.004 0.005 0.004 0.946 0.007 0.007 0.007 0.006 0.006 0.008 
 67 24.0667.E1    (0)    3 :  0.004 0.003 0.004 0.946 0.004 0.006 0.014 0.004 0.009 0.005 
 68 24.0668.E1    (0)    3 :  0.003 0.004 0.003 0.967 0.004 0.004 0.004 0.004 0.003 0.004 
 69 24.0669.E1    (0)    3 :  0.003 0.004 0.003 0.961 0.004 0.004 0.005 0.008 0.004 0.004 
 70 24.0670.E1    (0)    3 :  0.005 0.003 0.019 0.024 0.026 0.011 0.895 0.004 0.010 0.004 
 71 24.0671.E1    (0)    3 :  0.007 0.011 0.047 0.010 0.032 0.082 0.781 0.006 0.008 0.015 
 72 24.0672.E1    (0)    3 :  0.006 0.006 0.021 0.378 0.009 0.013 0.361 0.097 0.089 0.020 
 73 24.0673.E1    (6)    4 :  0.103 0.022 0.029 0.008 0.008 0.450 0.021 0.007 0.136 0.216 
 74 24.0674.E1    (0)    4 :  0.016 0.007 0.038 0.004 0.008 0.005 0.006 0.005 0.011 0.900 
 75 24.0675.E1    (0)    4 :  0.022 0.025 0.049 0.010 0.026 0.023 0.026 0.011 0.022 0.787 
 76 24.0676.E1    (0)    4 :  0.023 0.007 0.025 0.007 0.147 0.016 0.043 0.014 0.014 0.706 
 77 24.0677.E1    (0)    4 :  0.010 0.004 0.020 0.015 0.026 0.035 0.783 0.056 0.034 0.018 
 78 24.0678.E1    (0)    4 :  0.012 0.071 0.019 0.102 0.008 0.045 0.216 0.080 0.423 0.024 
 79 24.0679.E1    (0)    4 :  0.008 0.015 0.023 0.050 0.268 0.011 0.136 0.015 0.152 0.322 
 80 24.0680.E1    (0)    4 :  0.012 0.038 0.010 0.143 0.008 0.024 0.507 0.105 0.066 0.086 
 81 24.0681.E1    (0)    4 :  0.016 0.008 0.013 0.017 0.006 0.010 0.233 0.011 0.040 0.646 
 82 24.0682.E1    (0)    4 :  0.004 0.004 0.003 0.004 0.005 0.003 0.004 0.007 0.004 0.963 
 83 24.0683.E1    (0)    4 :  0.096 0.006 0.023 0.007 0.004 0.006 0.006 0.007 0.011 0.833 
 84 24.0684.E1    (0)    4 :  0.028 0.033 0.009 0.010 0.023 0.006 0.043 0.023 0.070 0.754 
 85 24.0685.E1    (0)    4 :  0.016 0.006 0.006 0.049 0.014 0.005 0.008 0.007 0.011 0.878 
 86 24.0686.E1    (0)    4 :  0.014 0.055 0.187 0.014 0.013 0.005 0.593 0.007 0.056 0.054 
 87 24.0687.E1    (0)    4 :  0.017 0.150 0.234 0.007 0.023 0.008 0.394 0.008 0.032 0.128 
 88 24.0688.E1    (0)    4 :  0.005 0.007 0.004 0.004 0.004 0.005 0.008 0.007 0.006 0.951 
 89 24.0689.E1    (0)    4 :  0.033 0.016 0.014 0.006 0.385 0.031 0.333 0.023 0.028 0.130 
 90 24.0690.E1    (0)    4 :  0.035 0.030 0.038 0.633 0.006 0.021 0.159 0.007 0.025 0.047 
 91 24.0691.E1    (0)    4 :  0.006 0.006 0.006 0.009 0.024 0.005 0.012 0.004 0.020 0.907 
 92 24.0692.E1    (0)    4 :  0.008 0.005 0.005 0.008 0.021 0.005 0.061 0.007 0.005 0.876 
 93 24.0693.E1    (0)    4 :  0.401 0.008 0.017 0.016 0.042 0.060 0.095 0.008 0.011 0.342 
 94 24.0694.E1    (0)    4 :  0.008 0.007 0.004 0.011 0.006 0.005 0.009 0.007 0.007 0.935 
 95 24.0695.E1    (0)    4 :  0.007 0.006 0.006 0.015 0.038 0.010 0.011 0.041 0.098 0.766 
 96 24.0696.E1    (0)    4 :  0.008 0.014 0.009 0.011 0.013 0.005 0.014 0.009 0.023 0.895 
 97 24.0697.E1    (0)    5 :  0.092 0.012 0.017 0.006 0.012 0.007 0.721 0.010 0.005 0.118 
 98 24.0698.E1    (0)    5 :  0.096 0.018 0.023 0.043 0.020 0.008 0.739 0.010 0.020 0.022 
 99 24.0699.E1    (0)    5 :  0.009 0.008 0.010 0.009 0.005 0.007 0.922 0.010 0.013 0.006 
100 24.0700.E1    (0)    5 :  0.007 0.005 0.011 0.010 0.007 0.007 0.920 0.005 0.006 0.022 
101 24.0701.E1    (0)    5 :  0.032 0.009 0.008 0.890 0.010 0.006 0.015 0.015 0.007 0.008 
102 24.0702.E1    (0)    5 :  0.029 0.014 0.007 0.037 0.009 0.008 0.860 0.013 0.010 0.014 
103 24.0703.E1    (0)    5 :  0.007 0.043 0.152 0.020 0.006 0.005 0.744 0.006 0.010 0.006 
104 24.0704.E1    (6)    5 :  0.008 0.010 0.022 0.006 0.008 0.005 0.673 0.239 0.015 0.014 
105 24.0705.E1    (0)    5 :  0.008 0.010 0.009 0.030 0.013 0.007 0.043 0.019 0.016 0.844 
106 24.0706.E1    (0)    5 :  0.012 0.009 0.006 0.017 0.010 0.018 0.848 0.041 0.007 0.033 
107 24.0707.E1    (0)    5 :  0.017 0.020 0.034 0.007 0.005 0.011 0.803 0.029 0.027 0.046 
108 24.0708.E1    (0)    5 :  0.023 0.174 0.523 0.026 0.123 0.016 0.031 0.014 0.028 0.041 
109 24.0709.E1    (0)    5 :  0.006 0.008 0.016 0.009 0.038 0.014 0.022 0.047 0.011 0.830 
110 24.0710.E1    (0)    5 :  0.040 0.008 0.066 0.072 0.031 0.007 0.457 0.027 0.045 0.247 
111 24.0711.E1    (0)    5 :  0.016 0.052 0.007 0.031 0.006 0.009 0.688 0.069 0.071 0.050 
112 24.0712.E1    (0)    5 :  0.016 0.045 0.012 0.780 0.009 0.006 0.056 0.006 0.021 0.048 
113 24.0713.E1    (0)    5 :  0.017 0.009 0.018 0.012 0.034 0.008 0.293 0.066 0.010 0.534 
114 24.0714.E1    (0)    5 :  0.009 0.014 0.023 0.010 0.018 0.011 0.806 0.050 0.029 0.030 
115 24.0715.E1    (0)    5 :  0.399 0.007 0.006 0.019 0.012 0.033 0.385 0.009 0.029 0.101 
116 24.0716.E1    (0)    5 :  0.012 0.036 0.023 0.284 0.045 0.008 0.501 0.014 0.057 0.019 
117 24.0717.E1    (0)    5 :  0.247 0.047 0.065 0.015 0.023 0.108 0.438 0.024 0.015 0.018 
118 24.0718.E1    (0)    5 :  0.011 0.029 0.007 0.045 0.008 0.005 0.714 0.009 0.021 0.152 
119 24.0719.E1    (0)    5 :  0.006 0.016 0.006 0.009 0.017 0.007 0.018 0.053 0.006 0.863 
120 24.0720.E1    (0)    5 :  0.005 0.015 0.007 0.011 0.019 0.009 0.301 0.017 0.016 0.599 
121 24.0721.E1    (0)    6 :  0.574 0.011 0.092 0.023 0.027 0.088 0.105 0.006 0.011 0.064 
122 24.0722.E1    (0)    6 :  0.561 0.078 0.139 0.080 0.012 0.009 0.040 0.006 0.022 0.055 
123 24.0723.E1    (0)    6 :  0.346 0.121 0.310 0.008 0.017 0.144 0.015 0.005 0.024 0.010 
124 24.0724.E1    (0)    6 :  0.082 0.048 0.319 0.014 0.050 0.010 0.023 0.025 0.201 0.228 
125 24.0725.E1    (0)    6 :  0.007 0.008 0.005 0.007 0.007 0.016 0.010 0.007 0.924 0.010 
126 24.0726.E1    (6)    6 :  0.087 0.008 0.016 0.007 0.007 0.007 0.014 0.007 0.689 0.158 
127 24.0727.E1    (0)    6 :  0.455 0.021 0.069 0.088 0.013 0.035 0.030 0.008 0.260 0.021 
128 24.0728.E1    (0)    6 :  0.181 0.034 0.022 0.012 0.012 0.035 0.342 0.006 0.337 0.018 
129 24.0729.E1    (0)    6 :  0.036 0.012 0.010 0.036 0.020 0.005 0.014 0.015 0.711 0.141 
130 24.0730.E1    (0)    6 :  0.046 0.010 0.007 0.014 0.023 0.011 0.790 0.010 0.070 0.019 
131 24.0731.E1    (0)    6 :  0.068 0.014 0.013 0.004 0.007 0.017 0.009 0.006 0.199 0.663 
132 24.0732.E1    (0)    6 :  0.769 0.009 0.005 0.012 0.004 0.025 0.013 0.007 0.059 0.096 
133 24.0733.E1    (0)    6 :  0.017 0.006 0.004 0.003 0.006 0.004 0.005 0.004 0.943 0.008 
134 24.0734.E1    (0)    6 :  0.814 0.011 0.026 0.013 0.007 0.009 0.074 0.005 0.033 0.008 
135 24.0735.E1    (0)    6 :  0.195 0.049 0.008 0.015 0.024 0.010 0.042 0.006 0.632 0.018 
136 24.0736.E1    (0)    6 :  0.044 0.008 0.005 0.005 0.006 0.007 0.009 0.007 0.903 0.007 
137 24.0737.E1    (0)    6 :  0.007 0.020 0.045 0.009 0.007 0.008 0.016 0.005 0.870 0.011 
138 24.0738.E1    (0)    6 :  0.025 0.009 0.008 0.008 0.005 0.007 0.014 0.008 0.907 0.007 
139 24.0739.E1    (0)    6 :  0.005 0.014 0.006 0.006 0.007 0.008 0.017 0.005 0.924 0.008 
140 24.0740.E1    (0)    6 :  0.009 0.020 0.005 0.010 0.018 0.006 0.014 0.041 0.750 0.127 
141 24.0741.E1    (0)    6 :  0.371 0.016 0.009 0.006 0.009 0.012 0.042 0.008 0.438 0.089 
142 24.0742.E1    (0)    6 :  0.699 0.010 0.017 0.008 0.006 0.006 0.011 0.008 0.211 0.023 
143 24.0743.E1    (0)    6 :  0.033 0.005 0.038 0.020 0.015 0.007 0.012 0.047 0.572 0.250 
144 24.0744.E1    (0)    6 :  0.126 0.012 0.018 0.306 0.025 0.018 0.023 0.028 0.377 0.067 
145 24.0745.E1    (0)    7 :  0.884 0.004 0.006 0.026 0.007 0.019 0.012 0.015 0.004 0.022 
146 24.0746.E1    (0)    7 :  0.618 0.074 0.068 0.009 0.011 0.008 0.042 0.075 0.042 0.053 
147 24.0747.E1    (0)    7 :  0.662 0.011 0.005 0.012 0.028 0.010 0.012 0.075 0.029 0.157 
148 24.0748.E1    (6)    7 :  0.560 0.009 0.005 0.012 0.038 0.026 0.012 0.107 0.029 0.202 
149 24.0749.E1    (0)    7 :  0.715 0.007 0.011 0.007 0.006 0.004 0.008 0.006 0.229 0.007 
150 24.0750.E1    (0)    7 :  0.312 0.012 0.034 0.028 0.018 0.012 0.094 0.043 0.283 0.164 
151 24.0751.E1    (0)    7 :  0.955 0.006 0.004 0.004 0.004 0.005 0.005 0.005 0.007 0.005 
152 24.0752.E1    (0)    7 :  0.894 0.007 0.004 0.004 0.007 0.010 0.012 0.014 0.037 0.010 
153 24.0753.E1    (0)    7 :  0.492 0.195 0.010 0.009 0.005 0.029 0.007 0.009 0.231 0.012 
154 24.0754.E1    (0)    7 :  0.894 0.017 0.004 0.006 0.006 0.010 0.008 0.005 0.027 0.022 
155 24.0755.E1    (0)    7 :  0.738 0.024 0.005 0.008 0.049 0.006 0.029 0.042 0.015 0.083 
156 24.0756.E1    (0)    7 :  0.928 0.009 0.007 0.004 0.013 0.005 0.005 0.013 0.010 0.006 
157 24.0757.E1    (0)    7 :  0.969 0.004 0.003 0.004 0.003 0.004 0.004 0.004 0.004 0.004 
158 24.0758.E1    (0)    7 :  0.968 0.004 0.003 0.004 0.003 0.003 0.004 0.004 0.004 0.004 
159 24.0759.E1    (0)    7 :  0.918 0.006 0.005 0.009 0.005 0.013 0.009 0.009 0.020 0.007 
160 24.0760.E1    (0)    7 :  0.611 0.280 0.007 0.009 0.006 0.009 0.041 0.008 0.010 0.020 
161 24.0761.E1    (0)    7 :  0.954 0.009 0.005 0.004 0.005 0.006 0.004 0.004 0.006 0.005 
162 24.0762.E1    (0)    7 :  0.093 0.009 0.011 0.209 0.230 0.009 0.093 0.085 0.215 0.047 
163 24.0763.E1    (0)    7 :  0.950 0.004 0.004 0.003 0.004 0.006 0.004 0.005 0.007 0.013 
164 24.0764.E1    (0)    7 :  0.948 0.008 0.004 0.004 0.005 0.004 0.007 0.005 0.011 0.004 
165 24.0765.E1    (0)    7 :  0.895 0.024 0.020 0.004 0.010 0.008 0.007 0.009 0.006 0.017 
166 24.0766.E1    (0)    7 :  0.941 0.006 0.005 0.005 0.004 0.009 0.006 0.006 0.009 0.008 
167 24.0767.E1    (0)    7 :  0.963 0.004 0.005 0.003 0.004 0.004 0.004 0.003 0.004 0.006 
168 24.0768.E1    (0)    7 :  0.096 0.006 0.009 0.007 0.027 0.009 0.020 0.256 0.239 0.331 
169 24.0779.E1    (0)    8 :  0.044 0.007 0.039 0.009 0.008 0.013 0.795 0.030 0.014 0.043 
170 24.0780.E1    (6)    8 :  0.004 0.006 0.014 0.008 0.097 0.034 0.795 0.007 0.009 0.027 
171 24.0781.E1    (0)    8 :  0.005 0.005 0.006 0.004 0.007 0.006 0.952 0.005 0.004 0.007 
172 24.0782.E1    (0)    8 :  0.027 0.041 0.037 0.010 0.029 0.045 0.208 0.013 0.144 0.446 
173 24.0783.E1    (0)    8 :  0.007 0.020 0.008 0.019 0.615 0.012 0.189 0.015 0.011 0.104 
174 24.0784.E1    (0)    8 :  0.004 0.005 0.038 0.004 0.019 0.007 0.879 0.007 0.008 0.028 
175 24.0785.E1    (0)    8 :  0.004 0.004 0.018 0.011 0.030 0.048 0.853 0.016 0.006 0.010 
176 24.0786.E1    (0)    8 :  0.008 0.008 0.008 0.008 0.102 0.018 0.732 0.018 0.020 0.076 
177 24.0787.E1    (0)    8 :  0.011 0.030 0.011 0.006 0.010 0.018 0.884 0.007 0.011 0.012 
178 24.0788.E1    (0)    8 :  0.006 0.026 0.010 0.007 0.105 0.021 0.777 0.009 0.006 0.034 
179 24.0789.E1    (0)    8 :  0.006 0.016 0.028 0.006 0.025 0.011 0.868 0.011 0.023 0.008 
180 24.0790.E1    (0)    8 :  0.004 0.006 0.012 0.006 0.011 0.019 0.923 0.009 0.004 0.006 
181 24.0791.E1    (0)    8 :  0.010 0.006 0.005 0.098 0.024 0.024 0.199 0.595 0.013 0.025 
182 24.0792.E1    (0)    8 :  0.017 0.004 0.009 0.025 0.008 0.404 0.389 0.011 0.014 0.118 
183 24.0793.E1    (0)    9 :  0.008 0.071 0.517 0.009 0.105 0.046 0.111 0.080 0.043 0.012 
184 24.0794.E1    (0)    9 :  0.007 0.006 0.197 0.006 0.038 0.234 0.018 0.010 0.479 0.006 
185 24.0795.E1    (0)    9 :  0.013 0.008 0.836 0.006 0.010 0.005 0.007 0.014 0.084 0.018 
186 24.0796.E1    (0)    9 :  0.005 0.009 0.111 0.005 0.353 0.210 0.194 0.051 0.055 0.008 
187 24.0797.E1    (0)    9 :  0.003 0.008 0.622 0.006 0.122 0.050 0.146 0.018 0.017 0.008 
188 24.0798.E1    (0)    9 :  0.019 0.016 0.478 0.338 0.009 0.060 0.015 0.033 0.008 0.024 
189 24.0799.E1    (0)    9 :  0.005 0.006 0.005 0.005 0.007 0.005 0.006 0.952 0.006 0.005 
190 24.0800.E1    (0)    9 :  0.004 0.004 0.004 0.005 0.017 0.006 0.006 0.938 0.008 0.009 
191 24.0801.E1    (0)    9 :  0.004 0.007 0.005 0.214 0.005 0.010 0.007 0.736 0.004 0.009 
192 24.0802.E1    (0)    9 :  0.004 0.008 0.949 0.006 0.008 0.004 0.006 0.005 0.005 0.006 
193 24.0803.E1    (0)    9 :  0.005 0.010 0.321 0.013 0.007 0.008 0.010 0.611 0.009 0.006 
194 24.0804.E1    (0)    9 :  0.003 0.012 0.849 0.004 0.082 0.007 0.008 0.014 0.011 0.010 
195 24.0805.E1    (0)    9 :  0.005 0.004 0.020 0.005 0.005 0.006 0.008 0.917 0.006 0.023 
196 24.0806.E1    (0)    9 :  0.006 0.025 0.914 0.006 0.005 0.007 0.007 0.015 0.007 0.006 
197 24.0807.E1    (0)    9 :  0.003 0.007 0.910 0.008 0.018 0.017 0.010 0.011 0.006 0.009 
198 24.0808.E1    (0)    9 :  0.005 0.020 0.046 0.005 0.032 0.015 0.110 0.696 0.015 0.057 
199 24.0809.E1    (0)    9 :  0.005 0.004 0.006 0.005 0.013 0.004 0.005 0.938 0.007 0.013 
200 24.0810.E1    (0)    9 :  0.010 0.014 0.149 0.006 0.009 0.014 0.011 0.746 0.009 0.033 
201 24.0811.E1    (0)    9 :  0.004 0.010 0.923 0.004 0.012 0.015 0.011 0.004 0.011 0.007 
202 24.0812.E1    (0)    9 :  0.007 0.009 0.516 0.010 0.311 0.007 0.041 0.041 0.026 0.033 
203 24.0813.E1    (0)    9 :  0.007 0.011 0.708 0.004 0.022 0.008 0.054 0.092 0.008 0.087 
204 24.0814.E1    (6)    9 :  0.005 0.035 0.370 0.010 0.294 0.026 0.010 0.214 0.011 0.026 
205 24.0815.E1    (0)    9 :  0.007 0.086 0.318 0.017 0.012 0.009 0.007 0.535 0.005 0.007 
206 24.0816.E1    (0)    9 :  0.005 0.012 0.888 0.021 0.010 0.019 0.014 0.019 0.007 0.004 
207 24.0817.E1    (0)   10 :  0.006 0.005 0.081 0.008 0.758 0.053 0.021 0.039 0.018 0.011 
208 24.0818.E1    (0)   10 :  0.009 0.013 0.010 0.007 0.801 0.015 0.094 0.012 0.033 0.005 
209 24.0819.E1    (0)   10 :  0.063 0.012 0.007 0.051 0.013 0.341 0.006 0.488 0.009 0.010 
210 24.0820.E1    (0)   10 :  0.042 0.007 0.006 0.008 0.015 0.889 0.006 0.016 0.006 0.005 
211 24.0821.E1    (0)   10 :  0.007 0.014 0.048 0.242 0.156 0.264 0.200 0.033 0.018 0.018 
212 24.0822.E1    (0)   10 :  0.018 0.004 0.005 0.006 0.905 0.010 0.029 0.010 0.006 0.007 
213 24.0823.E1    (0)   10 :  0.027 0.009 0.005 0.011 0.364 0.546 0.006 0.015 0.008 0.009 
214 24.0824.E1    (0)   10 :  0.008 0.006 0.008 0.418 0.494 0.014 0.006 0.015 0.007 0.025 
215 24.0825.E1    (0)   10 :  0.005 0.004 0.005 0.005 0.955 0.005 0.004 0.005 0.004 0.008 
216 24.0826.E1    (0)   10 :  0.016 0.009 0.013 0.012 0.038 0.864 0.014 0.020 0.006 0.009 
217 24.0827.E1    (0)   10 :  0.004 0.008 0.022 0.007 0.770 0.111 0.022 0.008 0.038 0.010 
218 24.0828.E1    (0)   10 :  0.019 0.010 0.069 0.062 0.134 0.621 0.025 0.028 0.011 0.022 
219 24.0829.E1    (0)   10 :  0.010 0.006 0.242 0.010 0.636 0.011 0.009 0.057 0.005 0.013 
220 24.0830.E1    (0)   10 :  0.004 0.004 0.026 0.007 0.918 0.013 0.008 0.005 0.006 0.009 
221 24.0831.E1    (0)   10 :  0.004 0.005 0.011 0.008 0.908 0.010 0.031 0.009 0.005 0.010 
222 24.0832.E1    (0)   10 :  0.003 0.003 0.005 0.003 0.948 0.013 0.006 0.004 0.008 0.006 
223 24.0833.E1    (0)   10 :  0.004 0.003 0.005 0.004 0.960 0.007 0.004 0.003 0.004 0.006 
224 24.0834.E1    (0)   10 :  0.007 0.006 0.007 0.005 0.942 0.008 0.005 0.006 0.007 0.007 
225 24.0835.E1    (0)   10 :  0.004 0.006 0.005 0.007 0.924 0.007 0.008 0.022 0.012 0.006 
226 24.0836.E1    (0)   10 :  0.008 0.004 0.007 0.015 0.912 0.006 0.009 0.014 0.009 0.014 
227 24.0837.E1    (0)   10 :  0.005 0.004 0.006 0.006 0.942 0.007 0.008 0.009 0.006 0.007 
228 24.0838.E1    (0)   10 :  0.007 0.004 0.011 0.005 0.935 0.009 0.010 0.005 0.004 0.010 
229 24.0839.E1    (0)   10 :  0.022 0.032 0.330 0.020 0.347 0.023 0.093 0.067 0.041 0.025 
230 24.0840.E1    (0)   10 :  0.004 0.010 0.426 0.010 0.471 0.048 0.007 0.011 0.006 0.006 
231 24.0841.E1    (0)   11 :  0.008 0.003 0.919 0.004 0.009 0.017 0.020 0.006 0.006 0.008 
232 24.0842.E1    (0)   11 :  0.005 0.003 0.756 0.178 0.010 0.012 0.013 0.009 0.008 0.005 
233 24.0843.E1    (0)   11 :  0.019 0.005 0.287 0.205 0.023 0.428 0.014 0.009 0.005 0.007 
234 24.0844.E1    (0)   11 :  0.008 0.006 0.121 0.339 0.335 0.018 0.026 0.108 0.024 0.015 
235 24.0845.E1    (0)   11 :  0.005 0.005 0.061 0.022 0.759 0.029 0.084 0.007 0.008 0.018 
236 24.0846.E1    (0)   11 :  0.009 0.009 0.025 0.010 0.899 0.007 0.009 0.012 0.010 0.009 
237 24.0847.E1    (0)   11 :  0.015 0.007 0.012 0.019 0.802 0.015 0.008 0.034 0.033 0.056 
238 24.0848.E1    (0)   11 :  0.005 0.004 0.019 0.014 0.839 0.010 0.046 0.029 0.012 0.022 
239 24.0849.E1    (0)   11 :  0.004 0.003 0.006 0.004 0.007 0.952 0.005 0.008 0.006 0.004 
240 24.0850.E1    (0)   11 :  0.004 0.003 0.006 0.004 0.007 0.952 0.005 0.008 0.006 0.004 
241 24.0851.E1    (0)   11 :  0.004 0.003 0.006 0.004 0.007 0.953 0.005 0.008 0.006 0.004 
242 24.0852.E1    (0)   11 :  0.013 0.005 0.045 0.006 0.101 0.740 0.058 0.010 0.011 0.011 
243 24.0853.E1    (0)   11 :  0.010 0.006 0.025 0.005 0.414 0.508 0.007 0.009 0.005 0.010 
244 24.0854.E1    (0)   11 :  0.008 0.005 0.015 0.580 0.020 0.321 0.005 0.026 0.010 0.008 
245 24.0855.E1    (0)   11 :  0.009 0.006 0.160 0.011 0.729 0.026 0.014 0.024 0.007 0.015 
246 24.0856.E1    (0)   11 :  0.033 0.025 0.463 0.399 0.013 0.011 0.019 0.008 0.022 0.008 
247 24.0857.E1    (0)   11 :  0.009 0.010 0.014 0.012 0.566 0.020 0.020 0.310 0.019 0.019 
248 24.0858.E1    (0)   11 :  0.017 0.005 0.032 0.022 0.684 0.071 0.094 0.042 0.017 0.016 
249 24.0859.E1    (0)   11 :  0.017 0.009 0.012 0.008 0.012 0.885 0.011 0.027 0.011 0.007 
250 24.0860.E1    (0)   11 :  0.046 0.046 0.052 0.039 0.066 0.066 0.075 0.575 0.028 0.008 
251 24.0861.E1    (0)   11 :  0.005 0.004 0.019 0.005 0.021 0.922 0.009 0.007 0.006 0.004 
252 24.0862.E1    (0)   11 :  0.008 0.009 0.788 0.012 0.030 0.019 0.012 0.098 0.012 0.012 
253 24.0863.E1    (0)   11 :  0.005 0.004 0.019 0.005 0.021 0.921 0.008 0.008 0.006 0.004 
254 24.0864.E1    (0)   11 :  0.007 0.007 0.018 0.013 0.145 0.098 0.033 0.025 0.167 0.487 
255 24.0865.E1    (0)   12 :  0.032 0.019 0.010 0.006 0.011 0.814 0.018 0.007 0.041 0.042 
256 24.0866.E1    (0)   12 :  0.029 0.006 0.009 0.016 0.092 0.015 0.134 0.526 0.024 0.149 
257 24.0867.E1    (0)   12 :  0.119 0.025 0.008 0.012 0.028 0.159 0.012 0.128 0.010 0.498 
258 24.0868.E1    (0)   12 :  0.018 0.028 0.011 0.015 0.085 0.008 0.351 0.032 0.011 0.440 
259 24.0869.E1    (0)   12 :  0.005 0.034 0.010 0.004 0.048 0.010 0.014 0.028 0.007 0.839 
260 24.0870.E1    (0)   12 :  0.025 0.140 0.021 0.016 0.147 0.010 0.246 0.025 0.128 0.242 
261 24.0871.E1    (0)   12 :  0.007 0.052 0.050 0.014 0.026 0.075 0.101 0.014 0.064 0.596 
262 24.0872.E1    (0)   12 :  0.112 0.009 0.008 0.013 0.009 0.320 0.071 0.189 0.014 0.254 
263 24.0873.E1    (0)   12 :  0.012 0.013 0.011 0.012 0.015 0.052 0.015 0.102 0.012 0.757 
264 24.0874.E1    (0)   12 :  0.197 0.008 0.009 0.020 0.054 0.178 0.014 0.300 0.009 0.210 
265 24.0875.E1    (0)   12 :  0.021 0.035 0.006 0.025 0.010 0.009 0.067 0.687 0.007 0.133 
266 24.0876.E1    (0)   12 :  0.017 0.013 0.005 0.013 0.006 0.006 0.019 0.407 0.064 0.448 
267 24.0877.E1    (0)   12 :  0.038 0.006 0.004 0.009 0.004 0.007 0.020 0.034 0.863 0.016 
268 24.0878.E1    (0)   12 :  0.009 0.008 0.010 0.021 0.049 0.005 0.020 0.006 0.793 0.077 
269 24.0879.E1    (0)   12 :  0.005 0.009 0.007 0.220 0.007 0.007 0.010 0.005 0.719 0.012 
270 24.0880.E1    (0)   12 :  0.013 0.015 0.009 0.076 0.522 0.020 0.052 0.011 0.040 0.241 
271 24.0881.E1    (0)   12 :  0.009 0.011 0.004 0.006 0.004 0.006 0.006 0.005 0.943 0.007 
272 24.0882.E1    (0)   12 :  0.665 0.008 0.004 0.009 0.007 0.014 0.018 0.024 0.235 0.015 
273 24.0883.E1    (0)   12 :  0.243 0.011 0.005 0.239 0.007 0.049 0.008 0.007 0.327 0.103 
274 24.0884.E1    (0)   12 :  0.026 0.007 0.006 0.013 0.004 0.008 0.009 0.005 0.914 0.008 
275 24.0885.E1    (0)   12 :  0.007 0.014 0.006 0.046 0.011 0.007 0.031 0.009 0.809 0.061 
276 24.0886.E1    (0)   12 :  0.208 0.004 0.007 0.089 0.005 0.039 0.010 0.015 0.470 0.153 
277 24.0887.E1    (0)   12 :  0.718 0.010 0.005 0.173 0.005 0.008 0.006 0.007 0.040 0.029 
278 24.0888.E1    (0)   12 :  0.005 0.007 0.019 0.015 0.008 0.010 0.855 0.048 0.017 0.016 


Estimated Allele Frequencies in each cluster
First column gives estimated ancestral frequencies


Locus 1 : 
31 alleles
0.0% missing data
 115   (0.036) 0.004 0.004 0.024 0.009 0.006 0.005 0.008 0.031 0.128 0.142 
 117   (0.043) 0.185 0.004 0.023 0.011 0.005 0.003 0.008 0.132 0.202 0.026 
 119   (0.039) 0.322 0.286 0.006 0.007 0.005 0.004 0.008 0.007 0.271 0.013 
 131   (0.014) 0.003 0.001 0.004 0.002 0.001 0.002 0.002 0.002 0.051 0.002 
 128   (0.037) 0.003 0.004 0.009 0.012 0.033 0.006 0.034 0.031 0.032 0.044 
 135   (0.018) 0.009 0.002 0.007 0.004 0.003 0.002 0.004 0.003 0.051 0.007 
 126   (0.080) 0.076 0.013 0.029 0.034 0.259 0.068 0.071 0.194 0.052 0.051 
 122   (0.034) 0.002 0.097 0.131 0.008 0.004 0.003 0.039 0.014 0.011 0.010 
 132   (0.031) 0.015 0.004 0.045 0.015 0.028 0.006 0.023 0.020 0.005 0.018 
 141   (0.010) 0.001 0.003 0.002 0.002 0.001 0.001 0.002 0.003 0.008 0.002 
 130   (0.050) 0.012 0.014 0.033 0.138 0.016 0.028 0.067 0.009 0.007 0.106 
 134   (0.042) 0.003 0.130 0.030 0.006 0.008 0.071 0.029 0.020 0.005 0.033 
 145   (0.017) 0.010 0.007 0.002 0.007 0.002 0.111 0.003 0.003 0.003 0.004 
 127   (0.027) 0.156 0.055 0.004 0.007 0.003 0.003 0.005 0.004 0.032 0.005 
 116   (0.107) 0.012 0.176 0.190 0.092 0.126 0.277 0.264 0.075 0.015 0.172 
 114   (0.058) 0.005 0.052 0.207 0.028 0.104 0.168 0.040 0.055 0.007 0.027 
 120   (0.035) 0.002 0.090 0.005 0.131 0.004 0.003 0.067 0.014 0.007 0.013 
 110   (0.046) 0.026 0.019 0.026 0.089 0.095 0.013 0.027 0.008 0.009 0.059 
 133   (0.014) 0.013 0.011 0.002 0.002 0.002 0.001 0.003 0.014 0.002 0.002 
 118   (0.111) 0.019 0.013 0.168 0.332 0.184 0.204 0.248 0.328 0.015 0.199 
 125   (0.014) 0.001 0.001 0.018 0.006 0.011 0.003 0.003 0.003 0.002 0.002 
 129   (0.018) 0.005 0.002 0.003 0.028 0.002 0.002 0.006 0.004 0.047 0.004 
 124   (0.018) 0.002 0.002 0.002 0.015 0.003 0.007 0.012 0.007 0.009 0.005 
 136   (0.019) 0.001 0.002 0.004 0.003 0.076 0.002 0.005 0.003 0.003 0.039 
 121   (0.015) 0.067 0.001 0.002 0.002 0.001 0.001 0.003 0.002 0.007 0.003 
 139   (0.012) 0.001 0.001 0.001 0.002 0.001 0.001 0.002 0.002 0.011 0.002 
 113   (0.009) 0.015 0.001 0.001 0.001 0.001 0.001 0.002 0.001 0.001 0.001 
 111   (0.011) 0.013 0.001 0.001 0.002 0.001 0.001 0.002 0.002 0.002 0.002 
 143   (0.010) 0.015 0.001 0.001 0.001 0.001 0.001 0.002 0.001 0.001 0.001 
 140   (0.014) 0.001 0.001 0.015 0.002 0.001 0.001 0.012 0.006 0.002 0.003 
 112   (0.010) 0.001 0.001 0.001 0.002 0.014 0.001 0.002 0.002 0.001 0.001 

Locus 2 : 
18 alleles
0.0% missing data
 152   (0.393) 0.797 0.397 0.549 0.365 0.181 0.286 0.332 0.510 0.640 0.510 
 148   (0.068) 0.021 0.229 0.013 0.039 0.009 0.007 0.032 0.016 0.147 0.190 
 154   (0.102) 0.033 0.254 0.115 0.030 0.278 0.016 0.087 0.036 0.040 0.167 
 156   (0.015) 0.001 0.002 0.017 0.005 0.002 0.002 0.003 0.003 0.012 0.002 
 150   (0.024) 0.047 0.065 0.004 0.005 0.002 0.002 0.004 0.004 0.008 0.003 
 164   (0.075) 0.013 0.009 0.106 0.017 0.043 0.088 0.145 0.026 0.078 0.026 
 158   (0.030) 0.008 0.011 0.009 0.180 0.004 0.010 0.006 0.013 0.009 0.019 
 160   (0.018) 0.020 0.002 0.003 0.003 0.002 0.002 0.013 0.003 0.002 0.009 
 166   (0.022) 0.002 0.007 0.015 0.003 0.002 0.002 0.022 0.031 0.003 0.004 
 151   (0.068) 0.004 0.006 0.048 0.223 0.439 0.318 0.187 0.014 0.009 0.012 
 147   (0.067) 0.005 0.007 0.078 0.072 0.027 0.201 0.095 0.316 0.009 0.019 
 168   (0.023) 0.002 0.003 0.004 0.005 0.002 0.034 0.017 0.010 0.004 0.010 
 153   (0.013) 0.001 0.001 0.002 0.002 0.001 0.019 0.011 0.002 0.002 0.002 
 149   (0.025) 0.011 0.003 0.003 0.043 0.002 0.002 0.010 0.006 0.004 0.018 
 162   (0.020) 0.003 0.002 0.032 0.003 0.002 0.008 0.009 0.003 0.007 0.003 
 167   (0.012) 0.001 0.001 0.001 0.001 0.001 0.001 0.002 0.002 0.024 0.001 
 146   (0.012) 0.030 0.001 0.001 0.001 0.001 0.001 0.002 0.002 0.001 0.001 
 172   (0.013) 0.001 0.001 0.002 0.002 0.001 0.001 0.024 0.002 0.002 0.002 

Locus 3 : 
4 alleles
0.0% missing data
 128   (0.296) 0.439 0.322 0.161 0.250 0.429 0.339 0.222 0.411 0.213 0.301 
 126   (0.611) 0.553 0.607 0.783 0.570 0.526 0.496 0.740 0.566 0.709 0.674 
 132   (0.079) 0.006 0.065 0.054 0.133 0.045 0.164 0.035 0.021 0.076 0.022 
 134   (0.014) 0.001 0.006 0.002 0.047 0.001 0.001 0.003 0.002 0.002 0.002 

Locus 4 : 
3 alleles
0.0% missing data
 170   (0.322) 0.288 0.407 0.387 0.207 0.448 0.130 0.388 0.284 0.308 0.159 
 172   (0.665) 0.710 0.581 0.612 0.791 0.550 0.866 0.610 0.713 0.690 0.839 
 171   (0.013) 0.002 0.011 0.002 0.002 0.002 0.004 0.002 0.002 0.002 0.003 

Locus 5 : 
37 alleles
0.0% missing data
 125   (0.055) 0.030 0.062 0.014 0.163 0.071 0.132 0.016 0.034 0.060 0.041 
 110   (0.037) 0.014 0.043 0.027 0.025 0.084 0.020 0.008 0.076 0.032 0.006 
 129   (0.032) 0.003 0.003 0.049 0.008 0.006 0.021 0.112 0.007 0.056 0.006 
 113   (0.030) 0.002 0.003 0.132 0.006 0.011 0.006 0.106 0.015 0.011 0.011 
 145   (0.053) 0.103 0.006 0.011 0.093 0.015 0.098 0.014 0.027 0.217 0.146 
 155   (0.054) 0.018 0.182 0.103 0.018 0.057 0.006 0.041 0.038 0.149 0.023 
 117   (0.027) 0.032 0.004 0.025 0.006 0.003 0.005 0.012 0.006 0.021 0.130 
 124   (0.011) 0.001 0.001 0.001 0.001 0.001 0.001 0.002 0.002 0.023 0.002 
 133   (0.032) 0.070 0.003 0.005 0.012 0.003 0.010 0.062 0.031 0.039 0.027 
 157   (0.045) 0.024 0.031 0.007 0.132 0.065 0.006 0.152 0.043 0.008 0.040 
 141   (0.015) 0.001 0.002 0.002 0.002 0.006 0.001 0.034 0.004 0.004 0.006 
 112   (0.072) 0.159 0.196 0.056 0.017 0.157 0.156 0.047 0.029 0.069 0.102 
 121   (0.017) 0.002 0.008 0.095 0.005 0.004 0.009 0.010 0.008 0.003 0.003 
 114   (0.036) 0.177 0.016 0.005 0.007 0.074 0.004 0.007 0.027 0.040 0.148 
 153   (0.052) 0.004 0.012 0.023 0.222 0.093 0.084 0.017 0.284 0.059 0.025 
 127   (0.072) 0.076 0.022 0.161 0.030 0.095 0.194 0.110 0.023 0.063 0.074 
 131   (0.064) 0.177 0.223 0.037 0.137 0.041 0.085 0.017 0.104 0.064 0.026 
 135   (0.031) 0.004 0.010 0.005 0.021 0.016 0.068 0.023 0.139 0.007 0.012 
 104   (0.011) 0.002 0.011 0.001 0.002 0.002 0.004 0.002 0.002 0.002 0.002 
 118   (0.018) 0.002 0.018 0.002 0.012 0.002 0.002 0.011 0.003 0.020 0.007 
 116   (0.027) 0.005 0.018 0.074 0.020 0.014 0.004 0.006 0.005 0.006 0.034 
 137   (0.024) 0.006 0.098 0.082 0.014 0.002 0.003 0.013 0.006 0.004 0.008 
 123   (0.023) 0.002 0.007 0.022 0.006 0.090 0.017 0.004 0.032 0.005 0.006 
 149   (0.009) 0.001 0.001 0.006 0.001 0.002 0.003 0.002 0.001 0.001 0.008 
 138   (0.014) 0.001 0.002 0.002 0.002 0.001 0.026 0.039 0.002 0.002 0.002 
 143   (0.025) 0.071 0.003 0.006 0.009 0.050 0.010 0.036 0.005 0.003 0.004 
 163   (0.009) 0.001 0.003 0.005 0.001 0.001 0.001 0.006 0.001 0.001 0.003 
 109   (0.010) 0.001 0.001 0.001 0.001 0.001 0.001 0.002 0.001 0.001 0.029 
 139   (0.008) 0.001 0.001 0.001 0.002 0.001 0.001 0.011 0.001 0.001 0.001 
 106   (0.009) 0.001 0.001 0.002 0.001 0.001 0.001 0.010 0.002 0.001 0.002 
 144   (0.015) 0.001 0.001 0.002 0.002 0.002 0.001 0.005 0.026 0.002 0.039 
 122   (0.011) 0.003 0.001 0.002 0.002 0.001 0.001 0.002 0.002 0.016 0.006 
 100   (0.017) 0.001 0.002 0.028 0.007 0.007 0.011 0.022 0.004 0.003 0.008 
 111   (0.011) 0.001 0.001 0.001 0.002 0.001 0.004 0.029 0.002 0.001 0.003 
 233   (0.009) 0.001 0.001 0.002 0.009 0.002 0.005 0.004 0.002 0.001 0.001 
 134   (0.009) 0.001 0.001 0.001 0.002 0.014 0.001 0.002 0.002 0.001 0.001 
 140   (0.006) 0.001 0.001 0.001 0.001 0.002 0.001 0.005 0.002 0.001 0.007 

Locus 6 : 
17 alleles
0.0% missing data
 221   (0.022) 0.087 0.002 0.003 0.003 0.002 0.002 0.004 0.004 0.138 0.003 
 232   (0.241) 0.426 0.100 0.422 0.268 0.274 0.748 0.280 0.229 0.150 0.249 
 229   (0.056) 0.058 0.067 0.010 0.014 0.092 0.017 0.010 0.043 0.098 0.028 
 223   (0.061) 0.009 0.007 0.027 0.117 0.073 0.006 0.046 0.018 0.100 0.059 
 230   (0.159) 0.301 0.160 0.083 0.119 0.242 0.049 0.227 0.098 0.069 0.251 
 235   (0.013) 0.001 0.001 0.002 0.002 0.001 0.001 0.002 0.002 0.069 0.002 
 236   (0.039) 0.006 0.045 0.018 0.017 0.004 0.026 0.016 0.016 0.090 0.009 
 227   (0.021) 0.002 0.002 0.003 0.006 0.002 0.002 0.011 0.012 0.064 0.006 
 220   (0.058) 0.004 0.178 0.099 0.014 0.022 0.068 0.021 0.161 0.008 0.043 
 222   (0.047) 0.003 0.252 0.120 0.007 0.007 0.004 0.039 0.131 0.006 0.022 
 234   (0.129) 0.057 0.168 0.035 0.275 0.145 0.015 0.108 0.243 0.097 0.244 
 224   (0.030) 0.002 0.003 0.006 0.120 0.074 0.002 0.034 0.005 0.004 0.005 
 228   (0.057) 0.004 0.007 0.062 0.014 0.035 0.054 0.190 0.020 0.011 0.048 
 225   (0.012) 0.001 0.001 0.018 0.002 0.001 0.001 0.002 0.002 0.002 0.002 
 226   (0.015) 0.001 0.001 0.089 0.002 0.020 0.001 0.003 0.004 0.002 0.002 
 233   (0.026) 0.037 0.003 0.003 0.015 0.003 0.003 0.005 0.011 0.052 0.022 
 231   (0.014) 0.001 0.001 0.002 0.006 0.001 0.001 0.003 0.002 0.041 0.005 

Locus 7 : 
10 alleles
0.0% missing data
 121   (0.679) 0.742 0.796 0.751 0.585 0.782 0.726 0.839 0.801 0.875 0.814 
 129   (0.097) 0.100 0.010 0.100 0.096 0.120 0.131 0.052 0.017 0.080 0.055 
 130   (0.017) 0.003 0.002 0.020 0.003 0.002 0.002 0.004 0.019 0.003 0.002 
 123   (0.102) 0.103 0.126 0.107 0.219 0.085 0.133 0.060 0.073 0.027 0.030 
 128   (0.019) 0.022 0.036 0.002 0.018 0.002 0.002 0.003 0.003 0.003 0.004 
 131   (0.015) 0.002 0.022 0.009 0.011 0.002 0.001 0.003 0.002 0.002 0.002 
 117   (0.013) 0.001 0.001 0.002 0.002 0.001 0.001 0.012 0.002 0.002 0.002 
 125   (0.012) 0.001 0.001 0.001 0.058 0.001 0.001 0.002 0.002 0.001 0.001 
 134   (0.033) 0.007 0.004 0.006 0.006 0.003 0.003 0.023 0.075 0.005 0.082 
 132   (0.013) 0.020 0.001 0.001 0.002 0.001 0.001 0.002 0.006 0.002 0.007 

Locus 8 : 
19 alleles
0.0% missing data
 184   (0.303) 0.327 0.519 0.203 0.495 0.269 0.463 0.374 0.558 0.486 0.452 
 194   (0.045) 0.022 0.017 0.015 0.033 0.013 0.009 0.041 0.008 0.029 0.093 
 178   (0.099) 0.061 0.180 0.169 0.025 0.289 0.029 0.058 0.031 0.206 0.080 
 176   (0.082) 0.217 0.011 0.060 0.044 0.009 0.115 0.084 0.145 0.047 0.079 
 182   (0.077) 0.208 0.009 0.161 0.019 0.045 0.014 0.134 0.076 0.042 0.046 
 190   (0.033) 0.045 0.070 0.012 0.006 0.020 0.003 0.006 0.047 0.006 0.005 
 196   (0.021) 0.001 0.002 0.004 0.003 0.066 0.022 0.012 0.004 0.005 0.004 
 200   (0.029) 0.011 0.004 0.012 0.055 0.003 0.002 0.034 0.005 0.015 0.006 
 180   (0.022) 0.002 0.067 0.004 0.117 0.003 0.002 0.004 0.005 0.008 0.003 
 188   (0.038) 0.003 0.009 0.006 0.008 0.054 0.082 0.009 0.007 0.030 0.046 
 174   (0.038) 0.034 0.024 0.014 0.040 0.004 0.004 0.010 0.042 0.015 0.086 
 186   (0.118) 0.059 0.057 0.308 0.084 0.133 0.224 0.204 0.038 0.090 0.074 
 192   (0.023) 0.003 0.013 0.003 0.014 0.081 0.009 0.006 0.004 0.010 0.003 
 201   (0.011) 0.001 0.012 0.001 0.010 0.001 0.001 0.002 0.002 0.001 0.002 
 199   (0.019) 0.001 0.002 0.020 0.029 0.002 0.002 0.013 0.004 0.003 0.003 
 185   (0.010) 0.001 0.001 0.001 0.002 0.001 0.017 0.002 0.002 0.001 0.002 
 203   (0.011) 0.001 0.001 0.001 0.002 0.001 0.001 0.002 0.002 0.001 0.013 
 198   (0.011) 0.001 0.001 0.002 0.001 0.001 0.001 0.003 0.017 0.002 0.002 
 209   (0.011) 0.001 0.001 0.004 0.012 0.005 0.001 0.002 0.004 0.002 0.002 

Locus 9 : 
6 alleles
0.4% missing data
 154   (0.683) 0.641 0.818 0.849 0.673 0.794 0.849 0.751 0.731 0.708 0.643 
 156   (0.210) 0.342 0.171 0.132 0.311 0.130 0.033 0.182 0.252 0.168 0.276 
 152   (0.054) 0.006 0.006 0.011 0.008 0.071 0.098 0.028 0.009 0.079 0.045 
 153   (0.013) 0.001 0.002 0.003 0.002 0.001 0.017 0.011 0.002 0.003 0.002 
 160   (0.013) 0.001 0.001 0.002 0.002 0.001 0.001 0.024 0.002 0.002 0.002 
 164   (0.025) 0.009 0.002 0.003 0.004 0.002 0.002 0.005 0.004 0.041 0.033 

Locus 10 : 
29 alleles
0.7% missing data
 305   (0.062) 0.009 0.202 0.238 0.011 0.007 0.008 0.082 0.012 0.098 0.011 
 313   (0.045) 0.005 0.005 0.074 0.013 0.008 0.004 0.048 0.008 0.154 0.011 
 311   (0.016) 0.002 0.002 0.002 0.005 0.004 0.001 0.004 0.005 0.018 0.003 
 299   (0.128) 0.034 0.047 0.034 0.018 0.160 0.151 0.222 0.157 0.270 0.037 
 315   (0.072) 0.103 0.083 0.016 0.022 0.019 0.006 0.159 0.015 0.088 0.020 
 287   (0.019) 0.002 0.003 0.004 0.790 0.002 0.002 0.004 0.005 0.006 0.003 
 291   (0.114) 0.021 0.078 0.057 0.018 0.476 0.013 0.071 0.154 0.118 0.334 
 295   (0.025) 0.002 0.004 0.004 0.003 0.002 0.002 0.005 0.005 0.037 0.207 
 289   (0.014) 0.001 0.002 0.002 0.002 0.001 0.001 0.004 0.204 0.002 0.002 
 303   (0.031) 0.507 0.023 0.005 0.004 0.003 0.628 0.007 0.006 0.007 0.006 
 297   (0.045) 0.083 0.006 0.176 0.006 0.026 0.004 0.011 0.019 0.017 0.087 
 293   (0.015) 0.001 0.002 0.002 0.002 0.001 0.001 0.003 0.207 0.002 0.002 
 301   (0.062) 0.007 0.156 0.009 0.010 0.007 0.025 0.073 0.022 0.072 0.062 
 285   (0.026) 0.003 0.243 0.255 0.004 0.002 0.002 0.008 0.005 0.004 0.004 
 307   (0.055) 0.202 0.039 0.008 0.010 0.097 0.005 0.053 0.008 0.011 0.062 
 312   (0.057) 0.004 0.082 0.011 0.010 0.101 0.020 0.076 0.039 0.009 0.076 
 306   (0.028) 0.002 0.004 0.004 0.005 0.013 0.002 0.061 0.005 0.013 0.018 
 320   (0.013) 0.001 0.001 0.002 0.001 0.001 0.001 0.024 0.002 0.002 0.002 
 317   (0.020) 0.001 0.002 0.003 0.002 0.002 0.104 0.004 0.003 0.017 0.003 
 314   (0.026) 0.002 0.003 0.003 0.033 0.002 0.002 0.014 0.005 0.036 0.004 
 323   (0.013) 0.001 0.001 0.002 0.009 0.001 0.001 0.007 0.004 0.003 0.002 
 325   (0.012) 0.001 0.001 0.002 0.009 0.001 0.001 0.006 0.004 0.003 0.002 
 310   (0.017) 0.001 0.002 0.002 0.002 0.052 0.001 0.005 0.002 0.003 0.004 
 309   (0.013) 0.001 0.002 0.001 0.002 0.001 0.001 0.002 0.004 0.002 0.027 
 316   (0.015) 0.001 0.002 0.003 0.002 0.004 0.003 0.030 0.003 0.003 0.002 
 296   (0.013) 0.001 0.001 0.002 0.002 0.001 0.006 0.008 0.002 0.002 0.004 
 304   (0.016) 0.001 0.002 0.074 0.002 0.002 0.001 0.003 0.006 0.002 0.002 
 321   (0.013) 0.001 0.001 0.003 0.001 0.001 0.001 0.002 0.045 0.002 0.002 
 332   (0.013) 0.001 0.001 0.002 0.001 0.001 0.001 0.002 0.047 0.002 0.002 

Locus 11 : 
19 alleles
0.0% missing data
 114   (0.144) 0.187 0.291 0.024 0.051 0.026 0.043 0.168 0.044 0.249 0.277 
 126   (0.022) 0.003 0.018 0.003 0.003 0.002 0.002 0.004 0.003 0.058 0.006 
 111   (0.101) 0.007 0.010 0.545 0.022 0.555 0.276 0.019 0.506 0.167 0.015 
 116   (0.115) 0.259 0.018 0.070 0.151 0.032 0.010 0.079 0.084 0.103 0.137 
 132   (0.013) 0.001 0.001 0.002 0.002 0.001 0.001 0.003 0.002 0.012 0.002 
 109   (0.015) 0.001 0.001 0.002 0.002 0.002 0.001 0.002 0.002 0.048 0.002 
 128   (0.019) 0.001 0.002 0.002 0.003 0.007 0.002 0.006 0.003 0.009 0.012 
 112   (0.312) 0.514 0.602 0.081 0.449 0.049 0.218 0.609 0.125 0.269 0.448 
 122   (0.017) 0.004 0.008 0.002 0.003 0.002 0.015 0.004 0.007 0.003 0.006 
 124   (0.013) 0.002 0.017 0.002 0.002 0.001 0.002 0.002 0.002 0.002 0.002 
 118   (0.051) 0.008 0.016 0.009 0.078 0.006 0.012 0.023 0.156 0.023 0.041 
 127   (0.013) 0.001 0.001 0.002 0.002 0.001 0.001 0.012 0.002 0.002 0.002 
 113   (0.047) 0.003 0.004 0.198 0.024 0.225 0.401 0.014 0.013 0.007 0.009 
 115   (0.029) 0.003 0.003 0.009 0.187 0.007 0.003 0.008 0.006 0.028 0.010 
 120   (0.021) 0.001 0.002 0.003 0.003 0.068 0.002 0.004 0.004 0.004 0.020 
 117   (0.020) 0.002 0.003 0.010 0.004 0.007 0.003 0.015 0.021 0.003 0.003 
 125   (0.021) 0.001 0.002 0.003 0.006 0.002 0.007 0.024 0.013 0.003 0.004 
 119   (0.014) 0.001 0.001 0.033 0.002 0.004 0.001 0.003 0.004 0.002 0.002 
 136   (0.014) 0.001 0.001 0.002 0.008 0.001 0.001 0.002 0.002 0.010 0.002 

Locus 12 : 
28 alleles
0.7% missing data
 306   (0.058) 0.008 0.201 0.298 0.009 0.007 0.008 0.047 0.015 0.097 0.010 
 314   (0.059) 0.007 0.007 0.071 0.022 0.079 0.014 0.043 0.010 0.138 0.009 
 312   (0.013) 0.001 0.001 0.001 0.001 0.001 0.001 0.002 0.002 0.026 0.002 
 300   (0.132) 0.034 0.047 0.035 0.019 0.158 0.153 0.224 0.157 0.287 0.037 
 316   (0.043) 0.099 0.076 0.010 0.006 0.018 0.004 0.011 0.008 0.084 0.007 
 288   (0.018) 0.002 0.002 0.004 0.774 0.002 0.002 0.004 0.004 0.005 0.003 
 292   (0.125) 0.022 0.079 0.058 0.019 0.467 0.015 0.074 0.184 0.120 0.329 
 296   (0.028) 0.003 0.005 0.005 0.004 0.003 0.005 0.010 0.005 0.038 0.211 
 290   (0.015) 0.001 0.002 0.002 0.002 0.001 0.001 0.004 0.204 0.002 0.002 
 304   (0.031) 0.509 0.023 0.005 0.004 0.003 0.633 0.007 0.006 0.007 0.006 
 298   (0.051) 0.084 0.007 0.176 0.007 0.026 0.004 0.012 0.020 0.018 0.087 
 294   (0.015) 0.001 0.002 0.002 0.002 0.001 0.001 0.003 0.206 0.002 0.002 
 302   (0.065) 0.008 0.155 0.010 0.010 0.008 0.025 0.074 0.022 0.073 0.062 
 286   (0.026) 0.003 0.242 0.276 0.004 0.002 0.002 0.008 0.005 0.004 0.004 
 308   (0.031) 0.198 0.037 0.004 0.006 0.003 0.002 0.044 0.005 0.008 0.009 
 313   (0.049) 0.004 0.087 0.007 0.009 0.010 0.007 0.097 0.036 0.009 0.087 
 307   (0.045) 0.004 0.005 0.006 0.006 0.113 0.004 0.068 0.007 0.013 0.072 
 321   (0.015) 0.001 0.002 0.002 0.002 0.001 0.001 0.025 0.002 0.002 0.002 
 315   (0.047) 0.004 0.006 0.008 0.059 0.004 0.015 0.153 0.009 0.040 0.016 
 318   (0.018) 0.001 0.002 0.006 0.002 0.004 0.095 0.005 0.003 0.005 0.002 
 324   (0.014) 0.001 0.001 0.002 0.009 0.001 0.001 0.007 0.004 0.003 0.002 
 326   (0.012) 0.001 0.001 0.002 0.009 0.001 0.001 0.006 0.004 0.003 0.002 
 311   (0.018) 0.002 0.002 0.002 0.008 0.081 0.001 0.007 0.005 0.006 0.005 
 310   (0.014) 0.001 0.002 0.002 0.002 0.001 0.001 0.003 0.004 0.002 0.027 
 305   (0.015) 0.001 0.002 0.002 0.002 0.001 0.001 0.035 0.002 0.002 0.002 
 317   (0.015) 0.001 0.002 0.002 0.002 0.001 0.001 0.024 0.002 0.002 0.002 
 320   (0.013) 0.001 0.001 0.002 0.001 0.001 0.001 0.002 0.023 0.002 0.002 
 322   (0.013) 0.001 0.002 0.003 0.001 0.001 0.001 0.002 0.045 0.002 0.002 

Locus 13 : 
7 alleles
1.1% missing data
 161   (0.596) 0.890 0.067 0.333 0.445 0.412 0.506 0.546 0.837 0.663 0.817 
 163   (0.300) 0.026 0.032 0.480 0.538 0.576 0.464 0.435 0.146 0.247 0.143 
 160   (0.017) 0.001 0.446 0.002 0.003 0.002 0.001 0.003 0.003 0.002 0.002 
 162   (0.016) 0.001 0.448 0.002 0.002 0.001 0.001 0.003 0.002 0.002 0.002 
 165   (0.044) 0.003 0.004 0.179 0.008 0.006 0.025 0.008 0.007 0.078 0.029 
 166   (0.014) 0.004 0.001 0.002 0.003 0.001 0.001 0.003 0.003 0.005 0.004 
 164   (0.014) 0.074 0.001 0.002 0.002 0.001 0.001 0.002 0.002 0.002 0.002 

Locus 14 : 
4 alleles
0.4% missing data
  98   (0.957) 0.985 0.996 0.995 0.992 0.996 0.984 0.982 0.993 0.986 0.987 
 100   (0.013) 0.001 0.001 0.002 0.003 0.001 0.008 0.007 0.002 0.002 0.002 
  96   (0.017) 0.013 0.002 0.002 0.003 0.001 0.002 0.003 0.003 0.010 0.007 
 105   (0.013) 0.001 0.001 0.002 0.002 0.001 0.006 0.007 0.002 0.002 0.004 

Locus 15 : 
12 alleles
2.2% missing data
 171   (0.307) 0.176 0.231 0.184 0.421 0.359 0.323 0.379 0.437 0.422 0.186 
 177   (0.187) 0.050 0.361 0.079 0.226 0.094 0.077 0.163 0.304 0.181 0.281 
 173   (0.262) 0.074 0.092 0.638 0.146 0.494 0.478 0.262 0.130 0.284 0.343 
 179   (0.108) 0.568 0.298 0.057 0.171 0.012 0.105 0.091 0.041 0.070 0.046 
 183   (0.019) 0.010 0.002 0.015 0.009 0.002 0.006 0.004 0.003 0.025 0.003 
 181   (0.036) 0.116 0.004 0.008 0.005 0.032 0.003 0.061 0.006 0.006 0.010 
 197   (0.015) 0.001 0.001 0.002 0.002 0.001 0.001 0.003 0.002 0.002 0.074 
 170   (0.013) 0.001 0.002 0.002 0.009 0.001 0.001 0.015 0.007 0.003 0.004 
 189   (0.014) 0.001 0.004 0.011 0.002 0.001 0.001 0.015 0.002 0.002 0.004 
 203   (0.014) 0.001 0.001 0.002 0.002 0.001 0.001 0.002 0.002 0.002 0.045 
 187   (0.013) 0.001 0.001 0.001 0.005 0.001 0.001 0.003 0.043 0.002 0.002 
 198   (0.012) 0.001 0.001 0.002 0.002 0.001 0.001 0.002 0.023 0.002 0.002 

Values of parameters used in structure:
DATAFILE=STRUCTURE_main_final_278_HEG_ZG.str,	OUTFILE=STRUCTURE_main_final_278_HEG_ZG-K10-7,	NUMINDS=278,	NUMLOCI=15,	MISSING=-9,	LABEL=1,	POPDATA=1,	POPFLAG=0,	PHENOTYPE=0,	EXTRACOLS=0,	MAXPOPS=10,	BURNIN=100000,	NUMREPS=500000,	USEPOPINFO=0,	INFERALPHA=1,	INFERLAMBDA=0,	POPSPECIFICLAMBDA=0,	POPALPHAS=0,	COMPUTEPROB=1,	NOADMIX=0,	ADMBURNIN=2500,	UPDATEFREQ=1,	PRINTLIKES=0,	INTERMEDSAVE=0,	PRINTKLD=0,	PRINTNET=0,	PRINTLAMBDA=0,	ANCESTDIST=0,	NUMBOXES=1000,	ANCESTPINT=0.90000,	GENSBACK=2,	MIGRPRIOR=0.05000,	PRINTQHAT=0,	PRINTQSUM=0,	ALPHA=1.0000,	FREQSCORR=1,	FPRIORMEAN=0.0100,	FPRIORSD=0.0500,	ONEFST=0,	LAMBDA=1.0000,	UNIFPRIORALPHA=1,	ALPHAMAX=10.0000,	ALPHAPRIORA=1.0000,	ALPHAPRIORB=2.0000,	ALPHAPROPSD=0.0250,	STARTATPOPINFO=0,	RANDOMIZE=1,	LINKAGE=0,	METROFREQ=10,	REPORTHITRATE=0,	MARKOVPHASE=-1,	PHASED=0,	PLOIDY=2,	PHASEINFO=0	LOCPRIOR=0, 	LOCPRIORINIT=1.000000, 	LOCDATA=0, 	LOCISPOP=0, 	LOCPRIORSTEP=0.100000, 	MAXLOCPRIOR=20.000000, 	SEED=1782485000,	
[STRAT parameters]:    NUMSIMSTATS=1000,	PHENOTYPECOL=-9,	POOLFREQ=10,	LOCUSxONLY=0,	EMERROR=0.00100,	MISSINGPHENO=-9,	