

----------------------------------------------------
STRUCTURE by Pritchard, Stephens and Donnelly (2000)
     and Falush, Stephens and Pritchard (2003)
       Code by Pritchard, Falush and Hubisz
             Version 2.3.4 (Jul 2012)
----------------------------------------------------



Command line arguments:   structure -K 11 -i STRUCTURE_main_final_278_HEG_ZG.str -o STRUCTURE_main_final_278_HEG_ZG-K11-15 
Input File:    STRUCTURE_main_final_278_HEG_ZG.str

Run parameters:
   278 individuals
   15 loci
   11 populations assumed
   100000 Burn-in period
   500000 Reps


--------------------------------------------
Proportion of membership of each pre-defined
 population in each of the 11 clusters

Given    Inferred Clusters                                                               Number of
 Pop       1      2      3      4      5      6      7      8      9     10     11      Individuals

  1:     0.062  0.055  0.589  0.018  0.014  0.036  0.013  0.090  0.069  0.039  0.013       24
  2:     0.052  0.022  0.017  0.042  0.705  0.033  0.035  0.018  0.052  0.013  0.012       24
  3:     0.037  0.011  0.017  0.203  0.010  0.023  0.231  0.045  0.010  0.067  0.345       24
  4:     0.151  0.016  0.051  0.031  0.020  0.506  0.039  0.045  0.034  0.037  0.070       24
  5:     0.339  0.034  0.021  0.012  0.024  0.173  0.092  0.018  0.040  0.048  0.198       24
  6:     0.056  0.013  0.441  0.023  0.025  0.107  0.027  0.013  0.199  0.044  0.051       24
  7:     0.039  0.027  0.058  0.009  0.030  0.043  0.014  0.016  0.742  0.010  0.013       24
  8:     0.191  0.025  0.020  0.037  0.013  0.054  0.012  0.059  0.011  0.017  0.561       14
  9:     0.020  0.331  0.033  0.028  0.016  0.016  0.029  0.053  0.006  0.428  0.038       24
 10:     0.032  0.036  0.011  0.157  0.008  0.011  0.040  0.599  0.013  0.061  0.032       24
 11:     0.032  0.061  0.019  0.330  0.008  0.029  0.078  0.250  0.011  0.159  0.023       24
 12:     0.105  0.091  0.271  0.075  0.018  0.150  0.043  0.053  0.104  0.010  0.081       24
--------------------------------------------

Allele-freq. divergence among pops (Net nucleotide distance),
computed using point estimates of P.

      1       2       3       4       5       6       7       8       9      10      11      
 1      -    0.0662  0.0317  0.0820  0.0687  0.0336  0.0787  0.0693  0.0701  0.0545  0.0195  
 2   0.0662     -    0.0541  0.1054  0.1155  0.0531  0.1066  0.0753  0.1045  0.0907  0.0672  
 3   0.0317  0.0541     -    0.0952  0.0713  0.0365  0.0954  0.0724  0.0701  0.0620  0.0393  
 4   0.0820  0.1054  0.0952     -    0.1447  0.1010  0.1265  0.0896  0.0940  0.0813  0.0784  
 5   0.0687  0.1155  0.0713  0.1447     -    0.0806  0.1249  0.1205  0.1085  0.0953  0.0709  
 6   0.0336  0.0531  0.0365  0.1010  0.0806     -    0.0931  0.0751  0.0711  0.0826  0.0424  
 7   0.0787  0.1066  0.0954  0.1265  0.1249  0.0931     -    0.1215  0.1344  0.1211  0.0775  
 8   0.0693  0.0753  0.0724  0.0896  0.1205  0.0751  0.1215     -    0.1418  0.0611  0.0589  
 9   0.0701  0.1045  0.0701  0.0940  0.1085  0.0711  0.1344  0.1418     -    0.1237  0.0890  
10   0.0545  0.0907  0.0620  0.0813  0.0953  0.0826  0.1211  0.0611  0.1237     -    0.0597  
11   0.0195  0.0672  0.0393  0.0784  0.0709  0.0424  0.0775  0.0589  0.0890  0.0597     -    

Average distances (expected heterozygosity) between individuals in same cluster:
cluster  1  : 0.6243 
cluster  2  : 0.5611 
cluster  3  : 0.6153 
cluster  4  : 0.5358 
cluster  5  : 0.6083 
cluster  6  : 0.5988 
cluster  7  : 0.5712 
cluster  8  : 0.5959 
cluster  9  : 0.5462 
cluster 10  : 0.5995 
cluster 11  : 0.6322 

--------------------------------------------
Estimated Ln Prob of Data   = -12198.8
Mean value of ln likelihood = -11457.4
Variance of ln likelihood   = 1482.8
Mean value of alpha         = 0.0475

Mean value of Fst_1         = 0.1218
Mean value of Fst_2         = 0.2109
Mean value of Fst_3         = 0.0933
Mean value of Fst_4         = 0.2503
Mean value of Fst_5         = 0.2103
Mean value of Fst_6         = 0.1216
Mean value of Fst_7         = 0.2170
Mean value of Fst_8         = 0.1741
Mean value of Fst_9         = 0.2090
Mean value of Fst_10         = 0.1609
Mean value of Fst_11         = 0.0712


Inferred ancestry of individuals:
        Label (%Miss) Pop:  Inferred clusters
  1 24.0601.E1    (0)    1 :  0.011 0.007 0.895 0.014 0.015 0.009 0.012 0.007 0.013 0.011 0.006 
  2 24.0602.E1    (0)    1 :  0.017 0.011 0.888 0.009 0.004 0.007 0.009 0.013 0.009 0.022 0.009 
  3 24.0603.E1    (0)    1 :  0.034 0.009 0.831 0.006 0.005 0.037 0.007 0.005 0.020 0.016 0.031 
  4 24.0604.E1    (0)    1 :  0.013 0.022 0.640 0.005 0.008 0.104 0.144 0.048 0.005 0.006 0.005 
  5 24.0605.E1    (0)    1 :  0.015 0.015 0.826 0.012 0.007 0.031 0.007 0.008 0.033 0.035 0.009 
  6 24.0606.E1    (0)    1 :  0.048 0.007 0.736 0.007 0.010 0.104 0.005 0.022 0.020 0.029 0.012 
  7 24.0607.E1    (0)    1 :  0.112 0.448 0.074 0.009 0.006 0.014 0.009 0.011 0.261 0.026 0.030 
  8 24.0608.E1    (0)    1 :  0.011 0.014 0.641 0.141 0.003 0.007 0.006 0.038 0.111 0.019 0.007 
  9 24.0609.E1    (0)    1 :  0.049 0.044 0.145 0.012 0.005 0.237 0.008 0.469 0.005 0.009 0.016 
 10 24.0610.E1    (0)    1 :  0.012 0.008 0.441 0.004 0.004 0.049 0.004 0.439 0.009 0.012 0.016 
 11 24.0611.E1    (0)    1 :  0.007 0.015 0.824 0.005 0.007 0.029 0.005 0.037 0.006 0.057 0.008 
 12 24.0612.E1    (0)    1 :  0.019 0.009 0.893 0.005 0.009 0.007 0.015 0.008 0.017 0.011 0.008 
 13 24.0613.E1    (0)    1 :  0.010 0.008 0.890 0.005 0.007 0.036 0.005 0.024 0.005 0.005 0.006 
 14 24.0614.E1    (0)    1 :  0.014 0.013 0.194 0.068 0.006 0.010 0.005 0.009 0.326 0.349 0.007 
 15 24.0615.E1    (0)    1 :  0.029 0.071 0.561 0.022 0.015 0.010 0.020 0.180 0.060 0.024 0.008 
 16 24.0616.E1    (0)    1 :  0.011 0.028 0.898 0.006 0.014 0.011 0.006 0.010 0.005 0.006 0.006 
 17 24.0617.E1    (0)    1 :  0.017 0.029 0.259 0.009 0.031 0.016 0.006 0.581 0.022 0.018 0.012 
 18 24.0618.E1    (0)    1 :  0.034 0.010 0.748 0.018 0.008 0.024 0.005 0.065 0.005 0.056 0.027 
 19 24.0619.E1    (0)    1 :  0.464 0.231 0.223 0.005 0.018 0.017 0.005 0.015 0.004 0.011 0.006 
 20 24.0620.E1   (20)    1 :  0.065 0.034 0.033 0.009 0.013 0.072 0.010 0.045 0.689 0.014 0.017 
 21 24.0621.E1    (0)    1 :  0.462 0.247 0.032 0.033 0.004 0.011 0.006 0.069 0.005 0.122 0.008 
 22 24.0622.E1    (0)    1 :  0.012 0.005 0.895 0.005 0.024 0.012 0.005 0.010 0.009 0.005 0.017 
 23 24.0623.E1    (0)    1 :  0.022 0.034 0.630 0.012 0.118 0.014 0.010 0.042 0.021 0.065 0.032 
 24 24.0624.E1    (0)    1 :  0.007 0.005 0.934 0.005 0.006 0.005 0.004 0.011 0.006 0.011 0.006 
 25 24.0625.E1    (0)    2 :  0.017 0.004 0.013 0.184 0.553 0.051 0.040 0.009 0.052 0.059 0.019 
 26 24.0626.E1    (0)    2 :  0.004 0.004 0.004 0.121 0.810 0.004 0.004 0.003 0.036 0.005 0.006 
 27 24.0627.E1    (0)    2 :  0.042 0.017 0.006 0.014 0.476 0.025 0.381 0.005 0.021 0.006 0.007 
 28 24.0628.E1    (0)    2 :  0.016 0.018 0.034 0.146 0.451 0.056 0.006 0.111 0.128 0.008 0.029 
 29 24.0629.E1    (0)    2 :  0.019 0.010 0.073 0.007 0.834 0.007 0.008 0.010 0.005 0.007 0.019 
 30 24.0630.E1    (0)    2 :  0.008 0.005 0.005 0.048 0.799 0.011 0.006 0.004 0.099 0.009 0.006 
 31 24.0631.E1    (0)    2 :  0.004 0.003 0.005 0.003 0.964 0.003 0.003 0.003 0.004 0.004 0.003 
 32 24.0632.E1    (0)    2 :  0.017 0.005 0.007 0.005 0.900 0.010 0.011 0.006 0.024 0.006 0.008 
 33 24.0633.E1    (0)    2 :  0.196 0.005 0.011 0.359 0.339 0.012 0.005 0.006 0.042 0.016 0.008 
 34 24.0634.E1    (0)    2 :  0.010 0.005 0.009 0.024 0.878 0.009 0.009 0.010 0.007 0.027 0.013 
 35 24.0635.E1    (0)    2 :  0.287 0.013 0.020 0.020 0.487 0.012 0.015 0.022 0.019 0.064 0.043 
 36 24.0636.E1   (33)    2 :  0.020 0.007 0.034 0.009 0.070 0.172 0.025 0.011 0.620 0.008 0.023 
 37 24.0637.E1    (0)    2 :  0.005 0.004 0.004 0.003 0.955 0.005 0.004 0.003 0.007 0.005 0.005 
 38 24.0638.E1    (0)    2 :  0.156 0.006 0.007 0.005 0.777 0.015 0.008 0.005 0.004 0.005 0.012 
 39 24.0639.E1    (0)    2 :  0.027 0.010 0.037 0.009 0.757 0.008 0.031 0.085 0.013 0.007 0.018 
 40 24.0640.E1    (0)    2 :  0.009 0.006 0.009 0.007 0.924 0.006 0.005 0.008 0.006 0.016 0.006 
 41 24.0641.E1    (0)    2 :  0.224 0.279 0.030 0.009 0.391 0.007 0.007 0.014 0.016 0.009 0.013 
 42 24.0642.E1    (0)    2 :  0.116 0.006 0.065 0.005 0.545 0.200 0.007 0.004 0.043 0.004 0.005 
 43 24.0643.E1    (0)    2 :  0.041 0.004 0.008 0.006 0.586 0.015 0.253 0.012 0.051 0.013 0.011 
 44 24.0644.E1    (0)    2 :  0.006 0.024 0.007 0.005 0.883 0.018 0.004 0.035 0.005 0.006 0.006 
 45 24.0645.E1    (0)    2 :  0.006 0.051 0.010 0.004 0.756 0.108 0.006 0.034 0.016 0.005 0.005 
 46 24.0646.E1    (0)    2 :  0.006 0.025 0.007 0.005 0.882 0.018 0.004 0.035 0.005 0.006 0.006 
 47 24.0647.E1    (0)    2 :  0.005 0.004 0.004 0.003 0.955 0.005 0.004 0.003 0.007 0.005 0.005 
 48 24.0648.E1    (0)    2 :  0.005 0.004 0.004 0.003 0.955 0.005 0.004 0.003 0.007 0.005 0.005 
 49 24.0649.E1    (0)    3 :  0.008 0.006 0.005 0.009 0.005 0.006 0.011 0.014 0.003 0.009 0.923 
 50 24.0650.E1    (0)    3 :  0.085 0.010 0.032 0.152 0.004 0.296 0.010 0.098 0.004 0.195 0.114 
 51 24.0651.E1    (0)    3 :  0.057 0.012 0.007 0.041 0.089 0.024 0.042 0.007 0.028 0.365 0.327 
 52 24.0652.E1    (0)    3 :  0.058 0.008 0.028 0.695 0.004 0.006 0.009 0.006 0.004 0.007 0.173 
 53 24.0653.E1    (0)    3 :  0.021 0.024 0.005 0.016 0.005 0.008 0.821 0.021 0.007 0.009 0.064 
 54 24.0654.E1    (0)    3 :  0.007 0.007 0.006 0.399 0.010 0.006 0.007 0.025 0.004 0.006 0.523 
 55 24.0655.E1    (0)    3 :  0.110 0.007 0.041 0.317 0.024 0.011 0.009 0.025 0.007 0.066 0.385 
 56 24.0656.E1    (0)    3 :  0.016 0.006 0.008 0.773 0.006 0.015 0.013 0.011 0.011 0.005 0.137 
 57 24.0657.E1    (0)    3 :  0.018 0.006 0.008 0.760 0.006 0.015 0.012 0.012 0.011 0.006 0.146 
 58 24.0658.E1    (0)    3 :  0.045 0.017 0.018 0.005 0.006 0.020 0.043 0.120 0.006 0.008 0.711 
 59 24.0659.E1    (0)    3 :  0.101 0.006 0.047 0.074 0.008 0.011 0.319 0.021 0.004 0.209 0.200 
 60 24.0660.E1    (6)    3 :  0.042 0.009 0.021 0.008 0.012 0.013 0.009 0.006 0.006 0.007 0.867 
 61 24.0661.E1    (0)    3 :  0.008 0.008 0.010 0.841 0.005 0.005 0.008 0.005 0.007 0.009 0.094 
 62 24.0662.E1    (0)    3 :  0.025 0.008 0.054 0.050 0.013 0.012 0.112 0.018 0.022 0.577 0.108 
 63 24.0663.E1    (0)    3 :  0.013 0.024 0.006 0.066 0.009 0.033 0.006 0.596 0.005 0.031 0.212 
 64 24.0664.E1    (0)    3 :  0.015 0.014 0.005 0.216 0.007 0.007 0.007 0.014 0.031 0.004 0.679 
 65 24.0665.E1    (0)    3 :  0.020 0.011 0.006 0.359 0.006 0.018 0.030 0.005 0.054 0.006 0.485 
 66 24.0666.E1    (0)    3 :  0.008 0.005 0.007 0.007 0.005 0.010 0.934 0.007 0.004 0.004 0.008 
 67 24.0667.E1    (0)    3 :  0.012 0.004 0.010 0.006 0.003 0.005 0.934 0.004 0.004 0.004 0.013 
 68 24.0668.E1    (0)    3 :  0.004 0.005 0.003 0.004 0.004 0.004 0.964 0.004 0.003 0.003 0.004 
 69 24.0669.E1    (0)    3 :  0.004 0.010 0.004 0.004 0.004 0.004 0.955 0.004 0.003 0.003 0.005 
 70 24.0670.E1    (0)    3 :  0.128 0.003 0.011 0.011 0.003 0.004 0.031 0.030 0.005 0.022 0.752 
 71 24.0671.E1    (0)    3 :  0.026 0.008 0.008 0.050 0.008 0.016 0.009 0.024 0.007 0.029 0.816 
 72 24.0672.E1    (0)    3 :  0.066 0.040 0.064 0.009 0.005 0.014 0.241 0.008 0.005 0.012 0.536 
 73 24.0673.E1    (6)    4 :  0.057 0.005 0.126 0.422 0.023 0.196 0.007 0.008 0.109 0.031 0.015 
 74 24.0674.E1    (0)    4 :  0.016 0.006 0.008 0.004 0.007 0.900 0.004 0.007 0.014 0.029 0.006 
 75 24.0675.E1    (0)    4 :  0.022 0.015 0.025 0.023 0.026 0.735 0.010 0.042 0.023 0.051 0.030 
 76 24.0676.E1    (0)    4 :  0.038 0.040 0.015 0.017 0.007 0.534 0.007 0.247 0.027 0.023 0.044 
 77 24.0677.E1    (0)    4 :  0.317 0.054 0.034 0.039 0.004 0.020 0.016 0.022 0.012 0.026 0.456 
 78 24.0678.E1    (0)    4 :  0.165 0.043 0.413 0.039 0.061 0.020 0.093 0.007 0.011 0.020 0.129 
 79 24.0679.E1    (0)    4 :  0.459 0.009 0.108 0.008 0.011 0.164 0.032 0.130 0.007 0.019 0.053 
 80 24.0680.E1    (0)    4 :  0.658 0.030 0.034 0.011 0.017 0.029 0.041 0.006 0.009 0.008 0.158 
 81 24.0681.E1    (0)    4 :  0.399 0.011 0.038 0.009 0.009 0.421 0.012 0.006 0.016 0.013 0.067 
 82 24.0682.E1    (0)    4 :  0.005 0.009 0.004 0.003 0.004 0.956 0.004 0.006 0.004 0.003 0.004 
 83 24.0683.E1    (0)    4 :  0.018 0.006 0.008 0.006 0.006 0.846 0.007 0.004 0.076 0.017 0.006 
 84 24.0684.E1    (0)    4 :  0.035 0.019 0.061 0.006 0.030 0.757 0.009 0.022 0.023 0.008 0.030 
 85 24.0685.E1    (0)    4 :  0.076 0.006 0.014 0.005 0.006 0.800 0.051 0.014 0.013 0.007 0.008 
 86 24.0686.E1    (0)    4 :  0.343 0.007 0.059 0.005 0.057 0.050 0.015 0.013 0.015 0.261 0.176 
 87 24.0687.E1    (0)    4 :  0.261 0.007 0.028 0.007 0.131 0.102 0.006 0.020 0.017 0.268 0.152 
 88 24.0688.E1    (0)    4 :  0.006 0.007 0.005 0.004 0.006 0.947 0.004 0.004 0.005 0.004 0.007 
 89 24.0689.E1    (0)    4 :  0.271 0.016 0.026 0.031 0.014 0.123 0.005 0.380 0.027 0.015 0.092 
 90 24.0690.E1    (0)    4 :  0.223 0.006 0.022 0.019 0.026 0.039 0.550 0.006 0.026 0.036 0.048 
 91 24.0691.E1    (0)    4 :  0.018 0.005 0.026 0.005 0.006 0.880 0.008 0.027 0.006 0.006 0.012 
 92 24.0692.E1    (0)    4 :  0.040 0.008 0.005 0.005 0.004 0.857 0.008 0.016 0.007 0.005 0.044 
 93 24.0693.E1    (0)    4 :  0.024 0.008 0.010 0.069 0.007 0.381 0.014 0.035 0.336 0.014 0.102 
 94 24.0694.E1    (0)    4 :  0.034 0.007 0.008 0.005 0.006 0.898 0.010 0.010 0.008 0.004 0.010 
 95 24.0695.E1    (0)    4 :  0.094 0.050 0.124 0.008 0.006 0.640 0.013 0.040 0.007 0.006 0.011 
 96 24.0696.E1    (0)    4 :  0.052 0.008 0.024 0.004 0.014 0.851 0.010 0.013 0.008 0.008 0.010 
 97 24.0697.E1    (0)    5 :  0.357 0.009 0.005 0.007 0.011 0.254 0.006 0.011 0.045 0.019 0.276 
 98 24.0698.E1    (0)    5 :  0.340 0.009 0.017 0.009 0.017 0.064 0.037 0.016 0.069 0.032 0.392 
 99 24.0699.E1    (0)    5 :  0.351 0.008 0.014 0.007 0.009 0.006 0.010 0.005 0.009 0.016 0.567 
100 24.0700.E1    (0)    5 :  0.792 0.005 0.006 0.008 0.004 0.015 0.011 0.007 0.006 0.014 0.131 
101 24.0701.E1    (0)    5 :  0.053 0.011 0.007 0.007 0.010 0.008 0.833 0.010 0.041 0.008 0.012 
102 24.0702.E1    (0)    5 :  0.822 0.007 0.008 0.007 0.011 0.008 0.027 0.007 0.021 0.006 0.076 
103 24.0703.E1    (0)    5 :  0.305 0.006 0.010 0.004 0.043 0.007 0.020 0.005 0.007 0.138 0.453 
104 24.0704.E1    (6)    5 :  0.300 0.217 0.014 0.005 0.011 0.016 0.006 0.008 0.008 0.030 0.387 
105 24.0705.E1    (0)    5 :  0.416 0.010 0.026 0.006 0.007 0.465 0.027 0.010 0.008 0.008 0.017 
106 24.0706.E1    (0)    5 :  0.701 0.016 0.006 0.011 0.007 0.015 0.014 0.011 0.009 0.006 0.204 
107 24.0707.E1    (0)    5 :  0.504 0.028 0.031 0.011 0.027 0.051 0.007 0.005 0.015 0.049 0.272 
108 24.0708.E1    (0)    5 :  0.066 0.009 0.022 0.014 0.142 0.040 0.023 0.088 0.021 0.558 0.018 
109 24.0709.E1    (0)    5 :  0.017 0.129 0.012 0.016 0.008 0.716 0.009 0.050 0.006 0.015 0.021 
110 24.0710.E1    (0)    5 :  0.316 0.014 0.032 0.006 0.007 0.288 0.047 0.014 0.028 0.061 0.187 
111 24.0711.E1    (0)    5 :  0.428 0.102 0.088 0.009 0.053 0.068 0.029 0.006 0.014 0.007 0.196 
112 24.0712.E1    (0)    5 :  0.156 0.005 0.018 0.006 0.040 0.042 0.678 0.008 0.014 0.012 0.022 
113 24.0713.E1    (0)    5 :  0.513 0.070 0.009 0.006 0.006 0.263 0.008 0.044 0.013 0.014 0.053 
114 24.0714.E1    (0)    5 :  0.702 0.017 0.044 0.013 0.013 0.021 0.011 0.015 0.008 0.019 0.137 
115 24.0715.E1    (0)    5 :  0.236 0.008 0.029 0.033 0.007 0.155 0.018 0.010 0.295 0.006 0.203 
116 24.0716.E1    (0)    5 :  0.198 0.014 0.057 0.008 0.036 0.019 0.290 0.044 0.015 0.026 0.295 
117 24.0717.E1    (0)    5 :  0.253 0.024 0.014 0.075 0.042 0.020 0.013 0.021 0.287 0.077 0.174 
118 24.0718.E1    (0)    5 :  0.229 0.007 0.024 0.004 0.036 0.227 0.049 0.008 0.012 0.010 0.394 
119 24.0719.E1    (0)    5 :  0.047 0.062 0.006 0.008 0.017 0.761 0.017 0.021 0.007 0.006 0.048 
120 24.0720.E1    (0)    5 :  0.045 0.017 0.014 0.007 0.013 0.632 0.011 0.017 0.005 0.007 0.230 
121 24.0721.E1    (0)    6 :  0.234 0.006 0.011 0.077 0.011 0.164 0.018 0.020 0.359 0.055 0.044 
122 24.0722.E1    (0)    6 :  0.047 0.005 0.020 0.008 0.094 0.145 0.067 0.012 0.448 0.103 0.049 
123 24.0723.E1    (0)    6 :  0.021 0.005 0.025 0.208 0.165 0.014 0.009 0.018 0.270 0.248 0.017 
124 24.0724.E1    (0)    6 :  0.050 0.015 0.162 0.009 0.043 0.273 0.011 0.036 0.069 0.311 0.020 
125 24.0725.E1    (0)    6 :  0.013 0.006 0.913 0.012 0.007 0.010 0.006 0.007 0.007 0.005 0.013 
126 24.0726.E1    (6)    6 :  0.096 0.006 0.624 0.006 0.008 0.132 0.007 0.007 0.081 0.015 0.020 
127 24.0727.E1    (0)    6 :  0.055 0.005 0.228 0.041 0.021 0.023 0.067 0.012 0.451 0.074 0.024 
128 24.0728.E1    (0)    6 :  0.106 0.006 0.345 0.035 0.036 0.021 0.012 0.013 0.160 0.022 0.244 
129 24.0729.E1    (0)    6 :  0.016 0.025 0.704 0.005 0.012 0.117 0.035 0.026 0.036 0.010 0.015 
130 24.0730.E1    (0)    6 :  0.307 0.010 0.052 0.010 0.009 0.062 0.014 0.017 0.026 0.007 0.488 
131 24.0731.E1    (0)    6 :  0.131 0.005 0.226 0.018 0.013 0.514 0.004 0.008 0.059 0.013 0.009 
132 24.0732.E1    (0)    6 :  0.021 0.007 0.071 0.023 0.009 0.174 0.011 0.004 0.656 0.005 0.019 
133 24.0733.E1    (0)    6 :  0.005 0.004 0.938 0.004 0.006 0.007 0.003 0.007 0.017 0.004 0.005 
134 24.0734.E1    (0)    6 :  0.072 0.004 0.031 0.010 0.011 0.015 0.011 0.007 0.772 0.028 0.038 
135 24.0735.E1    (0)    6 :  0.042 0.006 0.641 0.008 0.048 0.019 0.012 0.022 0.159 0.008 0.036 
136 24.0736.E1    (0)    6 :  0.012 0.006 0.901 0.007 0.007 0.007 0.004 0.006 0.037 0.005 0.007 
137 24.0737.E1    (0)    6 :  0.012 0.005 0.854 0.008 0.020 0.012 0.008 0.007 0.007 0.045 0.022 
138 24.0738.E1    (0)    6 :  0.015 0.008 0.895 0.007 0.009 0.008 0.008 0.005 0.024 0.008 0.014 
139 24.0739.E1    (0)    6 :  0.009 0.004 0.903 0.007 0.015 0.010 0.006 0.006 0.005 0.007 0.028 
140 24.0740.E1    (0)    6 :  0.010 0.069 0.674 0.006 0.022 0.158 0.009 0.019 0.010 0.005 0.020 
141 24.0741.E1    (0)    6 :  0.023 0.007 0.373 0.010 0.016 0.209 0.006 0.009 0.294 0.008 0.045 
142 24.0742.E1    (0)    6 :  0.019 0.008 0.199 0.007 0.010 0.029 0.008 0.006 0.686 0.019 0.011 
143 24.0743.E1    (0)    6 :  0.016 0.053 0.459 0.008 0.005 0.355 0.022 0.012 0.028 0.030 0.012 
144 24.0744.E1    (0)    6 :  0.025 0.036 0.341 0.019 0.011 0.093 0.299 0.027 0.112 0.016 0.022 
145 24.0745.E1    (0)    7 :  0.019 0.016 0.004 0.017 0.004 0.018 0.022 0.007 0.878 0.005 0.009 
146 24.0746.E1    (0)    7 :  0.054 0.076 0.040 0.008 0.075 0.044 0.008 0.010 0.601 0.065 0.020 
147 24.0747.E1    (0)    7 :  0.012 0.066 0.027 0.009 0.010 0.117 0.012 0.037 0.688 0.004 0.017 
148 24.0748.E1    (6)    7 :  0.018 0.087 0.029 0.020 0.010 0.146 0.012 0.051 0.608 0.005 0.015 
149 24.0749.E1    (0)    7 :  0.009 0.005 0.232 0.004 0.007 0.010 0.007 0.006 0.702 0.011 0.008 
150 24.0750.E1    (0)    7 :  0.232 0.026 0.252 0.010 0.011 0.162 0.016 0.015 0.216 0.025 0.035 
151 24.0751.E1    (0)    7 :  0.006 0.005 0.007 0.005 0.006 0.005 0.004 0.004 0.950 0.004 0.004 
152 24.0752.E1    (0)    7 :  0.013 0.012 0.036 0.011 0.006 0.009 0.004 0.007 0.888 0.004 0.010 
153 24.0753.E1    (0)    7 :  0.008 0.010 0.237 0.030 0.185 0.011 0.009 0.004 0.488 0.010 0.007 
154 24.0754.E1    (0)    7 :  0.010 0.005 0.031 0.009 0.017 0.027 0.006 0.006 0.876 0.005 0.008 
155 24.0755.E1    (0)    7 :  0.018 0.049 0.014 0.006 0.020 0.085 0.007 0.042 0.731 0.005 0.023 
156 24.0756.E1    (0)    7 :  0.008 0.007 0.010 0.005 0.009 0.006 0.004 0.012 0.926 0.008 0.004 
157 24.0757.E1    (0)    7 :  0.004 0.004 0.004 0.003 0.004 0.004 0.004 0.003 0.965 0.003 0.003 
158 24.0758.E1    (0)    7 :  0.004 0.004 0.004 0.004 0.004 0.004 0.004 0.003 0.963 0.003 0.003 
159 24.0759.E1    (0)    7 :  0.011 0.008 0.020 0.013 0.006 0.007 0.009 0.005 0.910 0.005 0.007 
160 24.0760.E1    (0)    7 :  0.021 0.006 0.010 0.007 0.269 0.028 0.008 0.006 0.604 0.007 0.035 
161 24.0761.E1    (0)    7 :  0.004 0.003 0.006 0.005 0.008 0.005 0.003 0.005 0.951 0.005 0.004 
162 24.0762.E1    (0)    7 :  0.339 0.033 0.166 0.007 0.008 0.031 0.161 0.118 0.066 0.011 0.061 
163 24.0763.E1    (0)    7 :  0.006 0.005 0.007 0.006 0.004 0.015 0.003 0.004 0.942 0.004 0.004 
164 24.0764.E1    (0)    7 :  0.008 0.005 0.011 0.004 0.008 0.005 0.004 0.004 0.942 0.004 0.005 
165 24.0765.E1    (0)    7 :  0.016 0.007 0.006 0.008 0.022 0.019 0.004 0.010 0.881 0.020 0.006 
166 24.0766.E1    (0)    7 :  0.007 0.006 0.009 0.009 0.007 0.009 0.005 0.004 0.933 0.005 0.006 
167 24.0767.E1    (0)    7 :  0.004 0.003 0.004 0.004 0.004 0.007 0.003 0.004 0.959 0.005 0.004 
168 24.0768.E1    (0)    7 :  0.113 0.192 0.229 0.009 0.006 0.251 0.007 0.029 0.132 0.010 0.022 
169 24.0779.E1    (0)    8 :  0.073 0.020 0.014 0.010 0.006 0.050 0.009 0.007 0.044 0.040 0.729 
170 24.0780.E1    (6)    8 :  0.262 0.007 0.008 0.032 0.006 0.023 0.008 0.148 0.004 0.016 0.486 
171 24.0781.E1    (0)    8 :  0.460 0.005 0.004 0.007 0.004 0.007 0.005 0.010 0.005 0.008 0.484 
172 24.0782.E1    (0)    8 :  0.216 0.010 0.120 0.035 0.038 0.383 0.008 0.024 0.022 0.034 0.111 
173 24.0783.E1    (0)    8 :  0.572 0.006 0.007 0.013 0.009 0.034 0.019 0.300 0.005 0.008 0.027 
174 24.0784.E1    (0)    8 :  0.108 0.014 0.008 0.007 0.005 0.033 0.004 0.022 0.004 0.035 0.760 
175 24.0785.E1    (0)    8 :  0.046 0.010 0.006 0.028 0.004 0.008 0.009 0.020 0.004 0.016 0.848 
176 24.0786.E1    (0)    8 :  0.195 0.027 0.029 0.022 0.009 0.094 0.009 0.161 0.010 0.010 0.435 
177 24.0787.E1    (0)    8 :  0.079 0.007 0.016 0.011 0.047 0.017 0.006 0.011 0.015 0.010 0.781 
178 24.0788.E1    (0)    8 :  0.007 0.010 0.005 0.009 0.016 0.019 0.006 0.073 0.005 0.008 0.842 
179 24.0789.E1    (0)    8 :  0.058 0.012 0.035 0.010 0.023 0.009 0.005 0.027 0.006 0.029 0.786 
180 24.0790.E1    (0)    8 :  0.011 0.007 0.004 0.013 0.006 0.005 0.005 0.009 0.004 0.009 0.928 
181 24.0791.E1    (0)    8 :  0.485 0.210 0.009 0.017 0.005 0.013 0.065 0.013 0.009 0.005 0.167 
182 24.0792.E1    (0)    8 :  0.097 0.006 0.010 0.310 0.004 0.060 0.015 0.007 0.016 0.008 0.468 
183 24.0793.E1    (0)    9 :  0.162 0.038 0.035 0.036 0.049 0.010 0.008 0.054 0.007 0.529 0.073 
184 24.0794.E1    (0)    9 :  0.017 0.008 0.455 0.182 0.005 0.006 0.006 0.031 0.007 0.230 0.054 
185 24.0795.E1    (0)    9 :  0.017 0.009 0.074 0.005 0.009 0.022 0.005 0.009 0.012 0.833 0.006 
186 24.0796.E1    (0)    9 :  0.030 0.039 0.054 0.173 0.009 0.007 0.005 0.345 0.005 0.139 0.195 
187 24.0797.E1    (0)    9 :  0.078 0.011 0.015 0.028 0.008 0.007 0.006 0.066 0.003 0.650 0.128 
188 24.0798.E1    (0)    9 :  0.016 0.027 0.008 0.071 0.018 0.026 0.334 0.009 0.017 0.454 0.018 
189 24.0799.E1    (0)    9 :  0.006 0.947 0.006 0.004 0.006 0.005 0.005 0.007 0.005 0.004 0.005 
190 24.0800.E1    (0)    9 :  0.006 0.942 0.007 0.006 0.004 0.007 0.004 0.011 0.004 0.004 0.005 
191 24.0801.E1    (0)    9 :  0.008 0.754 0.004 0.009 0.006 0.008 0.191 0.005 0.004 0.005 0.006 
192 24.0802.E1    (0)    9 :  0.007 0.006 0.005 0.004 0.011 0.006 0.006 0.007 0.004 0.938 0.006 
193 24.0803.E1    (0)    9 :  0.017 0.522 0.009 0.008 0.009 0.007 0.017 0.008 0.006 0.390 0.009 
194 24.0804.E1    (0)    9 :  0.006 0.026 0.011 0.008 0.012 0.010 0.004 0.104 0.003 0.806 0.010 
195 24.0805.E1    (0)    9 :  0.008 0.922 0.006 0.006 0.004 0.017 0.004 0.005 0.006 0.014 0.008 
196 24.0806.E1    (0)    9 :  0.007 0.037 0.007 0.008 0.036 0.006 0.006 0.005 0.006 0.875 0.007 
197 24.0807.E1    (0)    9 :  0.011 0.010 0.006 0.015 0.007 0.009 0.008 0.016 0.003 0.904 0.011 
198 24.0808.E1    (0)    9 :  0.013 0.665 0.011 0.010 0.021 0.043 0.004 0.022 0.005 0.031 0.174 
199 24.0809.E1    (0)    9 :  0.004 0.948 0.006 0.004 0.004 0.009 0.004 0.008 0.005 0.004 0.004 
200 24.0810.E1    (0)    9 :  0.006 0.759 0.007 0.013 0.012 0.049 0.005 0.007 0.009 0.120 0.011 
201 24.0811.E1    (0)    9 :  0.006 0.004 0.011 0.018 0.011 0.007 0.004 0.012 0.004 0.911 0.013 
202 24.0812.E1    (0)    9 :  0.019 0.080 0.027 0.006 0.008 0.027 0.008 0.304 0.007 0.459 0.056 
203 24.0813.E1    (0)    9 :  0.022 0.163 0.007 0.008 0.013 0.068 0.004 0.023 0.006 0.608 0.077 
204 24.0814.E1    (6)    9 :  0.006 0.452 0.009 0.028 0.021 0.016 0.009 0.205 0.004 0.234 0.016 
205 24.0815.E1    (0)    9 :  0.006 0.561 0.004 0.010 0.101 0.005 0.012 0.010 0.006 0.280 0.006 
206 24.0816.E1    (0)    9 :  0.011 0.020 0.008 0.023 0.015 0.004 0.024 0.010 0.006 0.860 0.018 
207 24.0817.E1    (0)   10 :  0.021 0.044 0.017 0.074 0.005 0.010 0.008 0.723 0.005 0.075 0.018 
208 24.0818.E1    (0)   10 :  0.071 0.012 0.034 0.020 0.012 0.006 0.007 0.750 0.009 0.013 0.067 
209 24.0819.E1    (0)   10 :  0.015 0.443 0.011 0.339 0.015 0.011 0.066 0.015 0.069 0.008 0.009 
210 24.0820.E1    (0)   10 :  0.006 0.025 0.006 0.863 0.008 0.005 0.010 0.019 0.046 0.006 0.007 
211 24.0821.E1    (0)   10 :  0.014 0.025 0.014 0.138 0.011 0.016 0.222 0.142 0.007 0.040 0.373 
212 24.0822.E1    (0)   10 :  0.008 0.012 0.006 0.010 0.004 0.007 0.006 0.881 0.021 0.005 0.040 
213 24.0823.E1    (0)   10 :  0.005 0.025 0.008 0.535 0.008 0.008 0.011 0.363 0.026 0.004 0.007 
214 24.0824.E1    (0)   10 :  0.006 0.022 0.006 0.014 0.005 0.031 0.426 0.467 0.008 0.007 0.007 
215 24.0825.E1    (0)   10 :  0.004 0.005 0.004 0.005 0.004 0.007 0.005 0.950 0.005 0.005 0.004 
216 24.0826.E1    (0)   10 :  0.017 0.018 0.006 0.837 0.009 0.010 0.015 0.039 0.017 0.013 0.019 
217 24.0827.E1    (0)   10 :  0.019 0.008 0.037 0.140 0.007 0.011 0.007 0.725 0.004 0.024 0.017 
218 24.0828.E1    (0)   10 :  0.012 0.024 0.011 0.594 0.010 0.024 0.079 0.110 0.018 0.072 0.046 
219 24.0829.E1    (0)   10 :  0.010 0.071 0.005 0.013 0.007 0.015 0.013 0.574 0.011 0.269 0.013 
220 24.0830.E1    (0)   10 :  0.118 0.005 0.006 0.023 0.004 0.007 0.006 0.794 0.004 0.025 0.008 
221 24.0831.E1    (0)   10 :  0.270 0.007 0.004 0.019 0.004 0.008 0.008 0.642 0.004 0.018 0.018 
222 24.0832.E1    (0)   10 :  0.005 0.004 0.008 0.012 0.003 0.006 0.003 0.945 0.003 0.005 0.006 
223 24.0833.E1    (0)   10 :  0.004 0.003 0.004 0.007 0.003 0.005 0.004 0.956 0.004 0.005 0.004 
224 24.0834.E1    (0)   10 :  0.007 0.008 0.007 0.010 0.007 0.006 0.006 0.930 0.007 0.007 0.005 
225 24.0835.E1    (0)   10 :  0.008 0.029 0.013 0.007 0.006 0.006 0.009 0.905 0.004 0.006 0.007 
226 24.0836.E1    (0)   10 :  0.009 0.015 0.009 0.007 0.004 0.016 0.016 0.899 0.009 0.008 0.008 
227 24.0837.E1    (0)   10 :  0.007 0.009 0.006 0.007 0.004 0.008 0.006 0.932 0.005 0.006 0.010 
228 24.0838.E1    (0)   10 :  0.009 0.004 0.004 0.010 0.004 0.012 0.005 0.924 0.006 0.011 0.010 
229 24.0839.E1    (0)   10 :  0.115 0.033 0.040 0.026 0.029 0.029 0.023 0.252 0.020 0.373 0.061 
230 24.0840.E1    (0)   10 :  0.007 0.011 0.006 0.048 0.009 0.006 0.011 0.440 0.004 0.450 0.009 
231 24.0841.E1    (0)   11 :  0.015 0.006 0.005 0.015 0.003 0.010 0.003 0.009 0.008 0.913 0.014 
232 24.0842.E1    (0)   11 :  0.007 0.012 0.007 0.014 0.003 0.006 0.173 0.011 0.005 0.746 0.015 
233 24.0843.E1    (0)   11 :  0.012 0.014 0.005 0.459 0.005 0.007 0.208 0.022 0.016 0.238 0.016 
234 24.0844.E1    (0)   11 :  0.070 0.091 0.025 0.020 0.005 0.013 0.323 0.313 0.007 0.114 0.019 
235 24.0845.E1    (0)   11 :  0.111 0.006 0.009 0.028 0.005 0.018 0.022 0.651 0.005 0.085 0.060 
236 24.0846.E1    (0)   11 :  0.015 0.014 0.011 0.008 0.009 0.009 0.010 0.879 0.009 0.027 0.008 
237 24.0847.E1    (0)   11 :  0.016 0.043 0.029 0.015 0.007 0.066 0.021 0.769 0.013 0.012 0.008 
238 24.0848.E1    (0)   11 :  0.044 0.047 0.013 0.011 0.004 0.026 0.018 0.766 0.004 0.021 0.046 
239 24.0849.E1    (0)   11 :  0.005 0.008 0.006 0.950 0.003 0.004 0.004 0.007 0.004 0.005 0.005 
240 24.0850.E1    (0)   11 :  0.005 0.008 0.006 0.950 0.003 0.004 0.004 0.007 0.004 0.005 0.005 
241 24.0851.E1    (0)   11 :  0.005 0.008 0.006 0.950 0.003 0.004 0.004 0.006 0.004 0.005 0.005 
242 24.0852.E1    (0)   11 :  0.103 0.008 0.010 0.672 0.004 0.008 0.006 0.089 0.013 0.052 0.034 
243 24.0853.E1    (0)   11 :  0.007 0.009 0.005 0.519 0.006 0.010 0.004 0.402 0.009 0.023 0.006 
244 24.0854.E1    (0)   11 :  0.011 0.020 0.010 0.309 0.005 0.009 0.579 0.021 0.009 0.016 0.010 
245 24.0855.E1    (0)   11 :  0.008 0.032 0.006 0.028 0.005 0.019 0.012 0.687 0.011 0.173 0.018 
246 24.0856.E1    (0)   11 :  0.032 0.007 0.025 0.013 0.028 0.008 0.354 0.014 0.037 0.465 0.015 
247 24.0857.E1    (0)   11 :  0.015 0.430 0.020 0.019 0.010 0.016 0.010 0.439 0.009 0.015 0.018 
248 24.0858.E1    (0)   11 :  0.045 0.065 0.017 0.070 0.005 0.015 0.025 0.634 0.016 0.027 0.081 
249 24.0859.E1    (0)   11 :  0.016 0.036 0.011 0.856 0.010 0.007 0.009 0.014 0.017 0.014 0.010 
250 24.0860.E1    (0)   11 :  0.137 0.424 0.028 0.080 0.044 0.009 0.041 0.059 0.041 0.087 0.050 
251 24.0861.E1    (0)   11 :  0.009 0.007 0.006 0.919 0.003 0.004 0.004 0.017 0.004 0.018 0.007 
252 24.0862.E1    (0)   11 :  0.015 0.144 0.012 0.018 0.009 0.010 0.010 0.024 0.008 0.734 0.016 
253 24.0863.E1    (0)   11 :  0.009 0.007 0.006 0.920 0.003 0.004 0.005 0.017 0.004 0.018 0.007 
254 24.0864.E1    (0)   11 :  0.057 0.025 0.169 0.069 0.007 0.402 0.013 0.152 0.007 0.014 0.084 
255 24.0865.E1    (0)   12 :  0.021 0.008 0.045 0.785 0.019 0.042 0.005 0.012 0.034 0.011 0.018 
256 24.0866.E1    (0)   12 :  0.053 0.620 0.018 0.014 0.006 0.098 0.014 0.063 0.031 0.008 0.074 
257 24.0867.E1    (0)   12 :  0.016 0.165 0.011 0.162 0.024 0.426 0.012 0.029 0.137 0.009 0.011 
258 24.0868.E1    (0)   12 :  0.041 0.034 0.012 0.008 0.031 0.293 0.017 0.089 0.023 0.011 0.442 
259 24.0869.E1    (0)   12 :  0.147 0.067 0.008 0.010 0.039 0.554 0.005 0.138 0.006 0.010 0.016 
260 24.0870.E1    (0)   12 :  0.156 0.020 0.134 0.009 0.113 0.160 0.014 0.153 0.026 0.023 0.193 
261 24.0871.E1    (0)   12 :  0.326 0.008 0.071 0.056 0.037 0.348 0.014 0.019 0.007 0.054 0.059 
262 24.0872.E1    (0)   12 :  0.295 0.087 0.012 0.328 0.007 0.123 0.013 0.007 0.097 0.008 0.024 
263 24.0873.E1    (0)   12 :  0.019 0.229 0.017 0.048 0.012 0.602 0.012 0.017 0.012 0.009 0.024 
264 24.0874.E1    (0)   12 :  0.012 0.375 0.008 0.183 0.007 0.125 0.014 0.048 0.207 0.009 0.011 
265 24.0875.E1    (0)   12 :  0.635 0.234 0.006 0.007 0.015 0.049 0.015 0.007 0.012 0.005 0.015 
266 24.0876.E1    (0)   12 :  0.542 0.142 0.069 0.005 0.008 0.185 0.010 0.005 0.022 0.004 0.008 
267 24.0877.E1    (0)   12 :  0.018 0.056 0.829 0.006 0.006 0.015 0.009 0.004 0.038 0.004 0.016 
268 24.0878.E1    (0)   12 :  0.006 0.008 0.772 0.005 0.008 0.064 0.023 0.059 0.010 0.010 0.036 
269 24.0879.E1    (0)   12 :  0.011 0.005 0.724 0.007 0.009 0.011 0.205 0.007 0.004 0.007 0.010 
270 24.0880.E1    (0)   12 :  0.016 0.014 0.035 0.018 0.014 0.145 0.082 0.567 0.014 0.008 0.086 
271 24.0881.E1    (0)   12 :  0.006 0.006 0.938 0.006 0.010 0.007 0.007 0.004 0.008 0.004 0.006 
272 24.0882.E1    (0)   12 :  0.018 0.025 0.249 0.014 0.008 0.017 0.009 0.007 0.633 0.004 0.018 
273 24.0883.E1    (0)   12 :  0.018 0.006 0.344 0.050 0.011 0.089 0.222 0.008 0.236 0.005 0.009 
274 24.0884.E1    (0)   12 :  0.011 0.005 0.906 0.009 0.007 0.009 0.012 0.004 0.026 0.006 0.006 
275 24.0885.E1    (0)   12 :  0.021 0.013 0.782 0.007 0.014 0.071 0.037 0.011 0.007 0.005 0.033 
276 24.0886.E1    (0)   12 :  0.041 0.018 0.442 0.039 0.004 0.129 0.095 0.005 0.207 0.007 0.014 
277 24.0887.E1    (0)   12 :  0.011 0.006 0.049 0.008 0.010 0.028 0.172 0.005 0.699 0.006 0.006 
278 24.0888.E1    (0)   12 :  0.077 0.026 0.021 0.007 0.007 0.011 0.012 0.007 0.005 0.014 0.812 


Estimated Allele Frequencies in each cluster
First column gives estimated ancestral frequencies


Locus 1 : 
31 alleles
0.0% missing data
 115   (0.035) 0.049 0.013 0.122 0.004 0.003 0.150 0.008 0.005 0.004 0.023 0.008 
 117   (0.042) 0.024 0.119 0.202 0.003 0.004 0.032 0.011 0.005 0.196 0.025 0.009 
 119   (0.037) 0.010 0.005 0.279 0.004 0.295 0.015 0.006 0.005 0.324 0.006 0.009 
 131   (0.013) 0.002 0.002 0.052 0.001 0.001 0.002 0.002 0.001 0.003 0.004 0.003 
 128   (0.038) 0.070 0.013 0.033 0.006 0.004 0.037 0.010 0.024 0.003 0.010 0.026 
 135   (0.017) 0.007 0.002 0.052 0.002 0.002 0.007 0.003 0.003 0.008 0.007 0.004 
 126   (0.082) 0.111 0.175 0.052 0.060 0.012 0.044 0.033 0.270 0.079 0.035 0.062 
 122   (0.033) 0.036 0.010 0.011 0.003 0.098 0.008 0.007 0.004 0.002 0.141 0.029 
 132   (0.034) 0.025 0.030 0.005 0.006 0.003 0.018 0.013 0.026 0.014 0.038 0.025 
 141   (0.009) 0.002 0.002 0.008 0.001 0.003 0.001 0.001 0.001 0.001 0.002 0.002 
 130   (0.049) 0.040 0.009 0.007 0.025 0.013 0.108 0.150 0.013 0.009 0.034 0.078 
 134   (0.041) 0.008 0.021 0.005 0.078 0.133 0.033 0.006 0.008 0.003 0.029 0.041 
 145   (0.018) 0.003 0.002 0.003 0.105 0.008 0.005 0.009 0.002 0.008 0.002 0.013 
 127   (0.026) 0.007 0.004 0.032 0.003 0.052 0.007 0.007 0.002 0.159 0.004 0.006 
 116   (0.110) 0.203 0.103 0.015 0.277 0.174 0.189 0.072 0.136 0.010 0.194 0.223 
 114   (0.059) 0.020 0.070 0.007 0.195 0.049 0.025 0.029 0.106 0.005 0.210 0.046 
 120   (0.037) 0.036 0.007 0.007 0.003 0.088 0.014 0.134 0.004 0.002 0.005 0.076 
 110   (0.046) 0.039 0.006 0.009 0.015 0.019 0.071 0.098 0.092 0.017 0.023 0.024 
 133   (0.014) 0.008 0.009 0.002 0.001 0.010 0.002 0.002 0.001 0.013 0.002 0.003 
 118   (0.113) 0.253 0.369 0.015 0.190 0.012 0.173 0.345 0.171 0.018 0.159 0.245 
 125   (0.014) 0.003 0.003 0.002 0.004 0.001 0.002 0.005 0.011 0.001 0.017 0.005 
 129   (0.020) 0.005 0.003 0.047 0.002 0.002 0.004 0.022 0.002 0.006 0.003 0.011 
 124   (0.017) 0.016 0.004 0.008 0.005 0.002 0.004 0.013 0.002 0.002 0.002 0.015 
 136   (0.020) 0.006 0.003 0.003 0.002 0.002 0.034 0.003 0.088 0.001 0.004 0.006 
 121   (0.014) 0.003 0.002 0.006 0.001 0.001 0.003 0.002 0.001 0.068 0.002 0.003 
 139   (0.011) 0.002 0.001 0.011 0.001 0.001 0.002 0.002 0.001 0.001 0.001 0.003 
 113   (0.010) 0.002 0.001 0.001 0.001 0.001 0.001 0.001 0.001 0.015 0.001 0.002 
 111   (0.011) 0.002 0.001 0.002 0.001 0.001 0.002 0.002 0.001 0.013 0.001 0.002 
 143   (0.011) 0.002 0.001 0.001 0.001 0.001 0.001 0.001 0.001 0.015 0.001 0.002 
 140   (0.013) 0.004 0.007 0.002 0.001 0.001 0.003 0.002 0.001 0.001 0.013 0.016 
 112   (0.009) 0.001 0.001 0.001 0.001 0.001 0.001 0.001 0.015 0.001 0.001 0.002 

Locus 2 : 
18 alleles
0.0% missing data
 152   (0.376) 0.583 0.478 0.645 0.312 0.390 0.471 0.355 0.178 0.801 0.566 0.198 
 148   (0.069) 0.065 0.011 0.149 0.007 0.234 0.204 0.031 0.008 0.020 0.013 0.023 
 154   (0.109) 0.123 0.026 0.037 0.017 0.255 0.184 0.033 0.274 0.032 0.122 0.068 
 156   (0.016) 0.003 0.002 0.012 0.002 0.002 0.002 0.005 0.002 0.001 0.016 0.005 
 150   (0.022) 0.004 0.003 0.007 0.002 0.068 0.003 0.005 0.002 0.049 0.003 0.005 
 164   (0.079) 0.061 0.027 0.075 0.097 0.009 0.037 0.017 0.043 0.011 0.099 0.154 
 158   (0.029) 0.007 0.012 0.009 0.010 0.011 0.022 0.197 0.003 0.007 0.009 0.007 
 160   (0.018) 0.004 0.002 0.003 0.002 0.002 0.013 0.003 0.002 0.017 0.003 0.016 
 166   (0.023) 0.029 0.029 0.003 0.002 0.005 0.004 0.003 0.002 0.002 0.013 0.013 
 151   (0.073) 0.047 0.010 0.009 0.305 0.006 0.011 0.234 0.453 0.005 0.042 0.268 
 147   (0.063) 0.021 0.376 0.008 0.190 0.006 0.014 0.062 0.020 0.004 0.063 0.159 
 168   (0.022) 0.012 0.010 0.004 0.029 0.002 0.007 0.005 0.002 0.002 0.004 0.022 
 153   (0.013) 0.003 0.001 0.002 0.015 0.001 0.002 0.002 0.001 0.001 0.002 0.017 
 149   (0.027) 0.018 0.004 0.004 0.002 0.002 0.018 0.040 0.002 0.012 0.003 0.008 
 162   (0.019) 0.008 0.003 0.006 0.006 0.002 0.003 0.003 0.002 0.003 0.035 0.008 
 167   (0.014) 0.002 0.002 0.025 0.001 0.001 0.002 0.002 0.001 0.001 0.002 0.003 
 146   (0.013) 0.002 0.001 0.002 0.001 0.001 0.002 0.002 0.001 0.031 0.002 0.003 
 172   (0.015) 0.010 0.002 0.002 0.001 0.001 0.002 0.002 0.001 0.001 0.002 0.023 

Locus 3 : 
4 alleles
0.0% missing data
 128   (0.294) 0.288 0.389 0.212 0.358 0.324 0.293 0.239 0.445 0.452 0.166 0.210 
 126   (0.612) 0.671 0.586 0.708 0.471 0.609 0.687 0.571 0.511 0.541 0.778 0.746 
 132   (0.080) 0.036 0.024 0.078 0.171 0.060 0.018 0.143 0.043 0.006 0.054 0.041 
 134   (0.014) 0.004 0.002 0.002 0.001 0.006 0.002 0.047 0.001 0.001 0.002 0.003 

Locus 4 : 
3 alleles
0.0% missing data
 170   (0.321) 0.382 0.177 0.307 0.106 0.420 0.142 0.188 0.456 0.300 0.406 0.389 
 172   (0.666) 0.616 0.821 0.691 0.891 0.569 0.856 0.810 0.541 0.698 0.592 0.608 
 171   (0.013) 0.002 0.002 0.002 0.003 0.011 0.003 0.002 0.003 0.002 0.002 0.003 

Locus 5 : 
37 alleles
0.0% missing data
 125   (0.052) 0.035 0.024 0.060 0.147 0.060 0.027 0.169 0.076 0.038 0.014 0.018 
 110   (0.038) 0.036 0.042 0.032 0.024 0.043 0.006 0.028 0.082 0.015 0.035 0.010 
 129   (0.034) 0.041 0.007 0.056 0.018 0.003 0.006 0.008 0.007 0.003 0.056 0.115 
 113   (0.031) 0.045 0.014 0.011 0.005 0.003 0.015 0.006 0.010 0.002 0.125 0.109 
 145   (0.052) 0.061 0.015 0.221 0.088 0.006 0.159 0.084 0.014 0.086 0.010 0.027 
 155   (0.053) 0.054 0.025 0.152 0.007 0.189 0.025 0.018 0.060 0.016 0.106 0.028 
 117   (0.030) 0.018 0.008 0.021 0.005 0.004 0.137 0.005 0.004 0.029 0.022 0.020 
 124   (0.010) 0.002 0.001 0.024 0.001 0.001 0.002 0.001 0.001 0.001 0.001 0.002 
 133   (0.033) 0.058 0.015 0.040 0.008 0.003 0.016 0.008 0.003 0.077 0.005 0.061 
 157   (0.048) 0.157 0.040 0.008 0.005 0.022 0.043 0.124 0.050 0.025 0.009 0.113 
 141   (0.017) 0.030 0.003 0.004 0.001 0.002 0.007 0.002 0.006 0.001 0.002 0.022 
 112   (0.073) 0.058 0.025 0.068 0.164 0.196 0.106 0.017 0.165 0.164 0.067 0.043 
 121   (0.019) 0.009 0.021 0.003 0.009 0.007 0.003 0.006 0.004 0.002 0.083 0.015 
 114   (0.038) 0.016 0.039 0.042 0.004 0.016 0.148 0.007 0.085 0.181 0.005 0.009 
 153   (0.053) 0.060 0.322 0.057 0.076 0.009 0.022 0.236 0.086 0.004 0.020 0.025 
 127   (0.075) 0.074 0.017 0.063 0.208 0.019 0.083 0.031 0.108 0.071 0.163 0.107 
 131   (0.058) 0.019 0.165 0.063 0.091 0.231 0.022 0.145 0.038 0.177 0.028 0.016 
 135   (0.030) 0.072 0.118 0.006 0.075 0.009 0.008 0.015 0.014 0.003 0.005 0.012 
 104   (0.008) 0.002 0.002 0.001 0.003 0.010 0.002 0.001 0.002 0.002 0.001 0.002 
 118   (0.017) 0.007 0.002 0.021 0.001 0.018 0.009 0.012 0.002 0.002 0.002 0.009 
 116   (0.027) 0.026 0.004 0.006 0.004 0.018 0.028 0.018 0.011 0.004 0.074 0.008 
 137   (0.023) 0.017 0.006 0.004 0.002 0.103 0.008 0.012 0.002 0.006 0.083 0.009 
 123   (0.023) 0.019 0.024 0.005 0.018 0.006 0.006 0.006 0.090 0.002 0.023 0.005 
 149   (0.008) 0.003 0.001 0.001 0.003 0.001 0.006 0.001 0.002 0.001 0.005 0.004 
 138   (0.011) 0.002 0.001 0.001 0.008 0.001 0.001 0.002 0.001 0.001 0.001 0.063 
 143   (0.025) 0.011 0.004 0.003 0.010 0.003 0.004 0.012 0.051 0.077 0.006 0.038 
 163   (0.011) 0.006 0.001 0.002 0.001 0.003 0.003 0.001 0.001 0.001 0.006 0.004 
 109   (0.009) 0.001 0.001 0.001 0.001 0.001 0.033 0.001 0.001 0.001 0.001 0.002 
 139   (0.007) 0.016 0.001 0.001 0.001 0.001 0.001 0.002 0.001 0.001 0.001 0.002 
 106   (0.009) 0.010 0.002 0.001 0.001 0.001 0.002 0.001 0.001 0.001 0.002 0.005 
 144   (0.015) 0.008 0.039 0.002 0.001 0.001 0.035 0.002 0.002 0.001 0.002 0.004 
 122   (0.012) 0.002 0.002 0.014 0.001 0.001 0.011 0.002 0.001 0.003 0.002 0.003 
 100   (0.016) 0.011 0.003 0.003 0.006 0.002 0.006 0.005 0.004 0.001 0.030 0.031 
 111   (0.010) 0.003 0.001 0.001 0.002 0.001 0.002 0.001 0.001 0.001 0.001 0.040 
 233   (0.010) 0.002 0.002 0.001 0.003 0.001 0.001 0.007 0.002 0.001 0.002 0.008 
 134   (0.007) 0.007 0.001 0.001 0.001 0.001 0.001 0.001 0.010 0.000 0.001 0.002 
 140   (0.009) 0.002 0.002 0.001 0.001 0.001 0.005 0.002 0.002 0.001 0.001 0.009 

Locus 6 : 
17 alleles
0.0% missing data
 221   (0.023) 0.004 0.003 0.144 0.002 0.002 0.003 0.003 0.002 0.089 0.003 0.005 
 232   (0.244) 0.340 0.148 0.147 0.780 0.087 0.254 0.274 0.265 0.431 0.429 0.281 
 229   (0.055) 0.027 0.032 0.099 0.021 0.070 0.024 0.015 0.095 0.057 0.010 0.013 
 223   (0.061) 0.045 0.016 0.097 0.006 0.007 0.069 0.111 0.079 0.007 0.025 0.043 
 230   (0.159) 0.242 0.068 0.066 0.041 0.165 0.240 0.107 0.251 0.302 0.087 0.209 
 235   (0.014) 0.002 0.002 0.071 0.001 0.002 0.002 0.002 0.001 0.001 0.002 0.003 
 236   (0.037) 0.053 0.008 0.087 0.017 0.029 0.007 0.011 0.004 0.005 0.015 0.020 
 227   (0.022) 0.014 0.007 0.061 0.002 0.002 0.010 0.007 0.002 0.002 0.003 0.011 
 220   (0.055) 0.018 0.197 0.008 0.065 0.186 0.031 0.012 0.021 0.004 0.099 0.034 
 222   (0.044) 0.010 0.182 0.005 0.003 0.264 0.015 0.006 0.006 0.003 0.101 0.054 
 234   (0.125) 0.060 0.309 0.097 0.013 0.171 0.257 0.286 0.150 0.052 0.033 0.122 
 224   (0.033) 0.020 0.004 0.004 0.002 0.003 0.006 0.131 0.079 0.002 0.006 0.029 
 228   (0.060) 0.147 0.011 0.011 0.042 0.006 0.056 0.012 0.024 0.004 0.066 0.161 
 225   (0.012) 0.002 0.002 0.002 0.001 0.001 0.002 0.001 0.001 0.001 0.018 0.002 
 226   (0.015) 0.003 0.003 0.002 0.001 0.001 0.002 0.002 0.016 0.001 0.099 0.003 
 233   (0.027) 0.013 0.006 0.055 0.002 0.003 0.016 0.015 0.003 0.037 0.003 0.007 
 231   (0.014) 0.003 0.002 0.042 0.001 0.001 0.005 0.005 0.001 0.001 0.002 0.003 

Locus 7 : 
10 alleles
0.0% missing data
 121   (0.687) 0.805 0.822 0.881 0.697 0.795 0.796 0.568 0.793 0.743 0.741 0.859 
 129   (0.097) 0.037 0.013 0.079 0.148 0.010 0.062 0.101 0.120 0.099 0.103 0.059 
 130   (0.016) 0.005 0.015 0.003 0.001 0.002 0.002 0.003 0.001 0.004 0.020 0.004 
 123   (0.098) 0.122 0.050 0.023 0.146 0.128 0.027 0.225 0.076 0.101 0.113 0.036 
 128   (0.019) 0.003 0.002 0.003 0.001 0.037 0.005 0.021 0.002 0.021 0.002 0.004 
 131   (0.016) 0.004 0.002 0.002 0.001 0.020 0.003 0.011 0.002 0.002 0.011 0.004 
 117   (0.011) 0.002 0.001 0.001 0.001 0.001 0.001 0.002 0.001 0.001 0.001 0.016 
 125   (0.012) 0.002 0.001 0.001 0.001 0.001 0.002 0.063 0.001 0.001 0.001 0.002 
 134   (0.031) 0.019 0.088 0.004 0.002 0.004 0.098 0.005 0.003 0.006 0.006 0.014 
 132   (0.013) 0.002 0.005 0.002 0.001 0.001 0.006 0.002 0.002 0.023 0.001 0.003 

Locus 8 : 
19 alleles
0.0% missing data
 184   (0.295) 0.437 0.536 0.486 0.476 0.520 0.475 0.513 0.253 0.324 0.207 0.340 
 194   (0.047) 0.035 0.007 0.029 0.009 0.017 0.103 0.034 0.013 0.019 0.018 0.034 
 178   (0.100) 0.052 0.042 0.210 0.027 0.185 0.083 0.025 0.295 0.060 0.181 0.059 
 176   (0.081) 0.097 0.150 0.046 0.106 0.010 0.073 0.044 0.008 0.222 0.056 0.082 
 182   (0.076) 0.085 0.100 0.041 0.013 0.008 0.039 0.019 0.047 0.212 0.162 0.123 
 190   (0.032) 0.006 0.052 0.006 0.002 0.073 0.005 0.006 0.020 0.049 0.010 0.007 
 196   (0.021) 0.004 0.003 0.005 0.011 0.002 0.004 0.003 0.070 0.001 0.004 0.026 
 200   (0.029) 0.041 0.004 0.014 0.002 0.004 0.008 0.047 0.002 0.010 0.014 0.019 
 180   (0.023) 0.004 0.004 0.008 0.002 0.070 0.003 0.126 0.003 0.002 0.004 0.005 
 188   (0.038) 0.010 0.010 0.031 0.077 0.008 0.038 0.008 0.064 0.003 0.006 0.020 
 174   (0.039) 0.046 0.023 0.014 0.004 0.024 0.068 0.040 0.004 0.042 0.013 0.015 
 186   (0.122) 0.163 0.035 0.090 0.245 0.047 0.076 0.064 0.124 0.048 0.292 0.225 
 192   (0.023) 0.005 0.004 0.010 0.007 0.013 0.003 0.015 0.086 0.003 0.003 0.010 
 201   (0.010) 0.002 0.001 0.001 0.001 0.012 0.002 0.010 0.001 0.001 0.001 0.002 
 199   (0.020) 0.005 0.003 0.003 0.002 0.002 0.003 0.030 0.002 0.001 0.019 0.017 
 185   (0.011) 0.002 0.001 0.001 0.015 0.001 0.002 0.002 0.001 0.001 0.001 0.005 
 203   (0.011) 0.002 0.004 0.001 0.001 0.001 0.013 0.002 0.001 0.001 0.002 0.003 
 198   (0.010) 0.002 0.017 0.001 0.001 0.001 0.002 0.001 0.001 0.001 0.002 0.005 
 209   (0.011) 0.003 0.003 0.002 0.001 0.001 0.002 0.012 0.005 0.001 0.004 0.002 

Locus 9 : 
6 alleles
0.4% missing data
 154   (0.686) 0.720 0.709 0.704 0.844 0.821 0.667 0.662 0.792 0.631 0.849 0.784 
 156   (0.209) 0.235 0.277 0.168 0.032 0.169 0.262 0.324 0.119 0.353 0.133 0.143 
 152   (0.052) 0.018 0.008 0.080 0.108 0.005 0.038 0.007 0.085 0.006 0.010 0.030 
 153   (0.013) 0.005 0.002 0.002 0.014 0.002 0.002 0.002 0.001 0.001 0.004 0.015 
 160   (0.014) 0.012 0.002 0.002 0.001 0.001 0.002 0.002 0.001 0.001 0.002 0.022 
 164   (0.026) 0.010 0.003 0.043 0.002 0.002 0.030 0.004 0.002 0.009 0.003 0.006 

Locus 10 : 
29 alleles
0.7% missing data
 305   (0.063) 0.042 0.010 0.100 0.007 0.214 0.011 0.010 0.007 0.009 0.245 0.080 
 313   (0.049) 0.032 0.007 0.156 0.004 0.005 0.009 0.009 0.008 0.005 0.073 0.060 
 311   (0.017) 0.008 0.003 0.017 0.001 0.002 0.003 0.004 0.003 0.002 0.002 0.005 
 299   (0.127) 0.157 0.173 0.278 0.160 0.045 0.040 0.016 0.159 0.031 0.036 0.197 
 315   (0.074) 0.189 0.011 0.090 0.006 0.080 0.019 0.015 0.017 0.103 0.017 0.074 
 287   (0.021) 0.006 0.004 0.006 0.002 0.003 0.003 0.824 0.002 0.002 0.004 0.006 
 291   (0.109) 0.026 0.268 0.111 0.011 0.072 0.338 0.015 0.520 0.021 0.042 0.087 
 295   (0.026) 0.046 0.004 0.039 0.002 0.004 0.184 0.003 0.002 0.003 0.004 0.009 
 289   (0.018) 0.006 0.232 0.002 0.001 0.003 0.002 0.002 0.001 0.001 0.003 0.006 
 303   (0.030) 0.005 0.005 0.006 0.666 0.023 0.006 0.004 0.003 0.538 0.004 0.018 
 297   (0.045) 0.014 0.019 0.014 0.003 0.005 0.111 0.006 0.021 0.085 0.183 0.011 
 293   (0.016) 0.098 0.086 0.003 0.001 0.002 0.002 0.002 0.001 0.001 0.002 0.004 
 301   (0.059) 0.013 0.017 0.069 0.009 0.164 0.073 0.008 0.006 0.007 0.008 0.115 
 285   (0.027) 0.008 0.004 0.003 0.002 0.267 0.004 0.003 0.002 0.002 0.252 0.010 
 307   (0.056) 0.065 0.007 0.011 0.004 0.040 0.096 0.009 0.100 0.173 0.008 0.038 
 312   (0.043) 0.211 0.014 0.006 0.012 0.047 0.036 0.007 0.086 0.003 0.008 0.027 
 306   (0.027) 0.007 0.004 0.013 0.002 0.004 0.013 0.005 0.014 0.002 0.003 0.086 
 320   (0.014) 0.002 0.002 0.002 0.001 0.001 0.002 0.001 0.001 0.001 0.002 0.032 
 317   (0.022) 0.003 0.003 0.018 0.089 0.002 0.003 0.002 0.002 0.001 0.004 0.023 
 314   (0.026) 0.005 0.003 0.037 0.002 0.003 0.004 0.032 0.002 0.002 0.003 0.018 
 323   (0.013) 0.003 0.002 0.002 0.001 0.001 0.002 0.006 0.001 0.001 0.002 0.012 
 325   (0.012) 0.003 0.002 0.002 0.001 0.001 0.002 0.006 0.001 0.001 0.002 0.012 
 310   (0.017) 0.034 0.002 0.003 0.001 0.002 0.003 0.002 0.031 0.001 0.002 0.004 
 309   (0.016) 0.004 0.005 0.002 0.001 0.002 0.027 0.002 0.001 0.001 0.002 0.005 
 316   (0.019) 0.003 0.003 0.003 0.003 0.002 0.002 0.002 0.004 0.001 0.004 0.041 
 296   (0.012) 0.004 0.001 0.002 0.004 0.001 0.002 0.001 0.001 0.001 0.001 0.012 
 304   (0.016) 0.003 0.004 0.002 0.001 0.002 0.002 0.002 0.001 0.001 0.079 0.004 
 321   (0.014) 0.002 0.053 0.002 0.001 0.002 0.002 0.001 0.001 0.001 0.003 0.003 
 332   (0.011) 0.002 0.055 0.001 0.001 0.001 0.001 0.001 0.001 0.001 0.001 0.002 

Locus 11 : 
19 alleles
0.0% missing data
 114   (0.146) 0.227 0.031 0.254 0.041 0.292 0.267 0.046 0.019 0.194 0.025 0.125 
 126   (0.022) 0.005 0.003 0.060 0.002 0.018 0.005 0.003 0.002 0.004 0.003 0.004 
 111   (0.091) 0.034 0.555 0.171 0.311 0.009 0.013 0.021 0.564 0.006 0.553 0.024 
 116   (0.110) 0.101 0.049 0.103 0.009 0.016 0.159 0.145 0.029 0.268 0.078 0.057 
 132   (0.012) 0.002 0.002 0.012 0.001 0.001 0.002 0.002 0.001 0.001 0.002 0.003 
 109   (0.017) 0.002 0.002 0.049 0.001 0.001 0.002 0.002 0.002 0.001 0.002 0.003 
 128   (0.019) 0.004 0.003 0.008 0.001 0.002 0.013 0.003 0.007 0.001 0.002 0.008 
 112   (0.320) 0.540 0.094 0.262 0.164 0.606 0.446 0.438 0.049 0.497 0.074 0.617 
 122   (0.015) 0.007 0.004 0.002 0.015 0.007 0.005 0.002 0.002 0.004 0.002 0.004 
 124   (0.014) 0.002 0.002 0.002 0.002 0.018 0.002 0.002 0.001 0.002 0.002 0.003 
 118   (0.049) 0.025 0.201 0.020 0.014 0.014 0.036 0.080 0.006 0.009 0.008 0.019 
 127   (0.013) 0.002 0.001 0.002 0.001 0.001 0.002 0.002 0.001 0.001 0.002 0.016 
 113   (0.054) 0.012 0.018 0.007 0.424 0.005 0.010 0.031 0.225 0.003 0.192 0.041 
 115   (0.029) 0.006 0.005 0.026 0.003 0.003 0.009 0.202 0.007 0.003 0.009 0.015 
 120   (0.021) 0.004 0.004 0.003 0.002 0.002 0.019 0.003 0.072 0.001 0.002 0.006 
 117   (0.022) 0.009 0.015 0.004 0.003 0.003 0.004 0.005 0.006 0.002 0.013 0.017 
 125   (0.018) 0.013 0.004 0.002 0.003 0.002 0.003 0.004 0.002 0.001 0.002 0.033 
 119   (0.015) 0.002 0.007 0.002 0.001 0.001 0.002 0.002 0.004 0.001 0.030 0.005 
 136   (0.013) 0.002 0.002 0.010 0.001 0.001 0.002 0.008 0.001 0.001 0.002 0.003 

Locus 12 : 
28 alleles
0.7% missing data
 306   (0.058) 0.038 0.011 0.099 0.006 0.212 0.010 0.008 0.006 0.008 0.308 0.039 
 314   (0.059) 0.019 0.009 0.141 0.012 0.006 0.009 0.019 0.079 0.007 0.071 0.059 
 312   (0.015) 0.002 0.002 0.027 0.001 0.001 0.002 0.001 0.001 0.001 0.002 0.003 
 300   (0.134) 0.160 0.172 0.294 0.161 0.046 0.041 0.017 0.155 0.032 0.037 0.200 
 316   (0.046) 0.016 0.007 0.088 0.003 0.078 0.007 0.005 0.016 0.101 0.011 0.013 
 288   (0.018) 0.003 0.003 0.005 0.002 0.002 0.002 0.811 0.002 0.002 0.004 0.005 
 292   (0.115) 0.028 0.303 0.113 0.012 0.072 0.335 0.016 0.508 0.021 0.043 0.089 
 296   (0.032) 0.050 0.004 0.040 0.005 0.005 0.186 0.004 0.003 0.003 0.005 0.017 
 290   (0.018) 0.006 0.231 0.002 0.001 0.003 0.002 0.002 0.001 0.001 0.003 0.006 
 304   (0.033) 0.006 0.005 0.007 0.669 0.024 0.006 0.004 0.003 0.538 0.005 0.019 
 298   (0.048) 0.014 0.019 0.015 0.004 0.006 0.111 0.006 0.021 0.085 0.183 0.012 
 294   (0.014) 0.098 0.085 0.002 0.001 0.002 0.002 0.001 0.001 0.001 0.002 0.003 
 302   (0.063) 0.013 0.017 0.070 0.010 0.163 0.073 0.008 0.006 0.007 0.009 0.116 
 286   (0.030) 0.008 0.005 0.004 0.002 0.265 0.004 0.004 0.002 0.003 0.272 0.011 
 308   (0.034) 0.054 0.004 0.008 0.002 0.039 0.035 0.006 0.003 0.170 0.004 0.030 
 313   (0.035) 0.234 0.011 0.006 0.004 0.048 0.039 0.004 0.005 0.003 0.005 0.029 
 307   (0.045) 0.014 0.006 0.013 0.003 0.005 0.074 0.006 0.122 0.004 0.006 0.091 
 321   (0.014) 0.002 0.002 0.002 0.001 0.001 0.002 0.001 0.001 0.001 0.002 0.032 
 315   (0.054) 0.152 0.008 0.042 0.011 0.007 0.015 0.050 0.005 0.005 0.010 0.089 
 318   (0.017) 0.003 0.002 0.005 0.081 0.002 0.002 0.002 0.003 0.001 0.006 0.023 
 324   (0.013) 0.003 0.002 0.002 0.001 0.001 0.002 0.006 0.001 0.001 0.002 0.012 
 326   (0.014) 0.003 0.002 0.003 0.001 0.001 0.002 0.006 0.001 0.001 0.002 0.012 
 311   (0.018) 0.059 0.003 0.005 0.001 0.002 0.003 0.005 0.047 0.001 0.002 0.006 
 310   (0.014) 0.003 0.004 0.002 0.001 0.002 0.027 0.002 0.001 0.001 0.002 0.004 
 305   (0.016) 0.005 0.002 0.002 0.001 0.002 0.002 0.002 0.001 0.001 0.002 0.043 
 317   (0.015) 0.002 0.002 0.002 0.001 0.002 0.002 0.001 0.001 0.001 0.002 0.032 
 320   (0.013) 0.002 0.026 0.002 0.001 0.001 0.002 0.001 0.001 0.001 0.002 0.003 
 322   (0.014) 0.002 0.053 0.002 0.001 0.002 0.002 0.001 0.001 0.001 0.003 0.003 

Locus 13 : 
7 alleles
1.1% missing data
 161   (0.593) 0.551 0.901 0.664 0.513 0.062 0.839 0.442 0.425 0.889 0.308 0.536 
 163   (0.302) 0.422 0.086 0.244 0.456 0.029 0.122 0.541 0.564 0.026 0.505 0.439 
 160   (0.017) 0.005 0.002 0.002 0.001 0.449 0.002 0.003 0.002 0.001 0.002 0.004 
 162   (0.015) 0.003 0.002 0.002 0.001 0.454 0.002 0.002 0.001 0.001 0.002 0.003 
 165   (0.044) 0.009 0.006 0.081 0.026 0.004 0.028 0.009 0.006 0.003 0.179 0.012 
 166   (0.014) 0.007 0.002 0.005 0.001 0.001 0.004 0.002 0.001 0.003 0.002 0.003 
 164   (0.015) 0.002 0.002 0.002 0.001 0.001 0.002 0.002 0.001 0.077 0.002 0.003 

Locus 14 : 
4 alleles
0.4% missing data
  98   (0.957) 0.990 0.995 0.987 0.989 0.996 0.987 0.994 0.997 0.986 0.995 0.973 
 100   (0.013) 0.002 0.002 0.002 0.005 0.001 0.002 0.002 0.001 0.001 0.002 0.012 
  96   (0.017) 0.004 0.002 0.010 0.001 0.002 0.008 0.002 0.001 0.012 0.002 0.004 
 105   (0.013) 0.004 0.002 0.002 0.005 0.001 0.002 0.002 0.001 0.001 0.002 0.011 

Locus 15 : 
12 alleles
2.2% missing data
 171   (0.310) 0.264 0.505 0.421 0.294 0.226 0.180 0.445 0.360 0.175 0.177 0.429 
 177   (0.189) 0.204 0.257 0.183 0.074 0.365 0.311 0.236 0.078 0.050 0.088 0.153 
 173   (0.258) 0.370 0.132 0.283 0.504 0.081 0.300 0.129 0.512 0.063 0.631 0.224 
 179   (0.106) 0.094 0.032 0.071 0.111 0.312 0.053 0.158 0.011 0.577 0.058 0.076 
 183   (0.019) 0.004 0.003 0.025 0.008 0.002 0.003 0.008 0.002 0.010 0.015 0.006 
 181   (0.036) 0.008 0.006 0.006 0.003 0.004 0.009 0.005 0.030 0.119 0.008 0.083 
 197   (0.014) 0.003 0.002 0.002 0.001 0.001 0.084 0.002 0.001 0.001 0.002 0.003 
 170   (0.014) 0.027 0.003 0.002 0.001 0.002 0.002 0.003 0.001 0.001 0.002 0.008 
 189   (0.014) 0.013 0.002 0.002 0.001 0.004 0.004 0.002 0.001 0.001 0.014 0.008 
 203   (0.012) 0.002 0.001 0.002 0.001 0.001 0.051 0.001 0.001 0.001 0.001 0.003 
 187   (0.015) 0.010 0.032 0.002 0.001 0.001 0.002 0.009 0.001 0.001 0.002 0.005 
 198   (0.013) 0.002 0.026 0.002 0.001 0.001 0.002 0.002 0.001 0.001 0.002 0.003 

Values of parameters used in structure:
DATAFILE=STRUCTURE_main_final_278_HEG_ZG.str,	OUTFILE=STRUCTURE_main_final_278_HEG_ZG-K11-15,	NUMINDS=278,	NUMLOCI=15,	MISSING=-9,	LABEL=1,	POPDATA=1,	POPFLAG=0,	PHENOTYPE=0,	EXTRACOLS=0,	MAXPOPS=11,	BURNIN=100000,	NUMREPS=500000,	USEPOPINFO=0,	INFERALPHA=1,	INFERLAMBDA=0,	POPSPECIFICLAMBDA=0,	POPALPHAS=0,	COMPUTEPROB=1,	NOADMIX=0,	ADMBURNIN=2500,	UPDATEFREQ=1,	PRINTLIKES=0,	INTERMEDSAVE=0,	PRINTKLD=0,	PRINTNET=0,	PRINTLAMBDA=0,	ANCESTDIST=0,	NUMBOXES=1000,	ANCESTPINT=0.90000,	GENSBACK=2,	MIGRPRIOR=0.05000,	PRINTQHAT=0,	PRINTQSUM=0,	ALPHA=1.0000,	FREQSCORR=1,	FPRIORMEAN=0.0100,	FPRIORSD=0.0500,	ONEFST=0,	LAMBDA=1.0000,	UNIFPRIORALPHA=1,	ALPHAMAX=10.0000,	ALPHAPRIORA=1.0000,	ALPHAPRIORB=2.0000,	ALPHAPROPSD=0.0250,	STARTATPOPINFO=0,	RANDOMIZE=1,	LINKAGE=0,	METROFREQ=10,	REPORTHITRATE=0,	MARKOVPHASE=-1,	PHASED=0,	PLOIDY=2,	PHASEINFO=0	LOCPRIOR=0, 	LOCPRIORINIT=1.000000, 	LOCDATA=0, 	LOCISPOP=0, 	LOCPRIORSTEP=0.100000, 	MAXLOCPRIOR=20.000000, 	SEED=1782486047,	
[STRAT parameters]:    NUMSIMSTATS=1000,	PHENOTYPECOL=-9,	POOLFREQ=10,	LOCUSxONLY=0,	EMERROR=0.00100,	MISSINGPHENO=-9,	