

----------------------------------------------------
STRUCTURE by Pritchard, Stephens and Donnelly (2000)
     and Falush, Stephens and Pritchard (2003)
       Code by Pritchard, Falush and Hubisz
             Version 2.3.4 (Jul 2012)
----------------------------------------------------



Command line arguments:   structure -K 11 -i STRUCTURE_main_final_278_HEG_ZG.str -o STRUCTURE_main_final_278_HEG_ZG-K11-3 
Input File:    STRUCTURE_main_final_278_HEG_ZG.str

Run parameters:
   278 individuals
   15 loci
   11 populations assumed
   100000 Burn-in period
   500000 Reps


--------------------------------------------
Proportion of membership of each pre-defined
 population in each of the 11 clusters

Given    Inferred Clusters                                                               Number of
 Pop       1      2      3      4      5      6      7      8      9     10     11      Individuals

  1:     0.010  0.027  0.034  0.013  0.081  0.608  0.026  0.084  0.040  0.064  0.013       24
  2:     0.015  0.019  0.019  0.034  0.017  0.016  0.037  0.061  0.032  0.049  0.700       24
  3:     0.408  0.085  0.026  0.228  0.041  0.017  0.118  0.039  0.017  0.009  0.012       24
  4:     0.046  0.130  0.013  0.039  0.039  0.042  0.036  0.187  0.420  0.031  0.017       24
  5:     0.114  0.365  0.030  0.086  0.019  0.020  0.016  0.137  0.155  0.033  0.025       24
  6:     0.033  0.089  0.016  0.027  0.013  0.386  0.032  0.113  0.083  0.181  0.028       24
  7:     0.011  0.021  0.016  0.015  0.016  0.051  0.008  0.058  0.041  0.735  0.028       24
  8:     0.472  0.193  0.015  0.011  0.064  0.020  0.024  0.138  0.037  0.011  0.014       14
  9:     0.038  0.134  0.573  0.032  0.058  0.052  0.057  0.012  0.021  0.006  0.017       24
 10:     0.040  0.028  0.042  0.044  0.646  0.012  0.115  0.021  0.013  0.032  0.008       24
 11:     0.024  0.075  0.100  0.079  0.245  0.020  0.384  0.030  0.023  0.011  0.010       24
 12:     0.085  0.029  0.043  0.045  0.045  0.222  0.062  0.195  0.154  0.103  0.018       24
--------------------------------------------

Allele-freq. divergence among pops (Net nucleotide distance),
computed using point estimates of P.

      1       2       3       4       5       6       7       8       9      10      11      
 1      -    0.0225  0.0535  0.0775  0.0546  0.0471  0.0723  0.0335  0.0574  0.0934  0.0750  
 2   0.0225     -    0.0422  0.0830  0.0585  0.0302  0.0708  0.0254  0.0528  0.0795  0.0670  
 3   0.0535  0.0422     -    0.0948  0.0534  0.0416  0.0782  0.0476  0.0544  0.1027  0.0957  
 4   0.0775  0.0830  0.0948     -    0.1162  0.0952  0.1305  0.0815  0.1014  0.1367  0.1258  
 5   0.0546  0.0585  0.0534  0.1162     -    0.0679  0.0805  0.0700  0.0766  0.1440  0.1192  
 6   0.0471  0.0302  0.0416  0.0952  0.0679     -    0.0928  0.0287  0.0484  0.0742  0.0728  
 7   0.0723  0.0708  0.0782  0.1305  0.0805  0.0928     -    0.0834  0.1172  0.1011  0.1426  
 8   0.0335  0.0254  0.0476  0.0815  0.0700  0.0287  0.0834     -    0.0386  0.0675  0.0727  
 9   0.0574  0.0528  0.0544  0.1014  0.0766  0.0484  0.1172  0.0386     -    0.0842  0.0904  
10   0.0934  0.0795  0.1027  0.1367  0.1440  0.0742  0.1011  0.0675  0.0842     -    0.1104  
11   0.0750  0.0670  0.0957  0.1258  0.1192  0.0728  0.1426  0.0727  0.0904  0.1104     -    

Average distances (expected heterozygosity) between individuals in same cluster:
cluster  1  : 0.6289 
cluster  2  : 0.6296 
cluster  3  : 0.5978 
cluster  4  : 0.5699 
cluster  5  : 0.6011 
cluster  6  : 0.6152 
cluster  7  : 0.5562 
cluster  8  : 0.6310 
cluster  9  : 0.5714 
cluster 10  : 0.5414 
cluster 11  : 0.6068 

--------------------------------------------
Estimated Ln Prob of Data   = -12241.2
Mean value of ln likelihood = -11462.1
Variance of ln likelihood   = 1558.1
Mean value of alpha         = 0.0472

Mean value of Fst_1         = 0.0853
Mean value of Fst_2         = 0.1355
Mean value of Fst_3         = 0.1584
Mean value of Fst_4         = 0.2156
Mean value of Fst_5         = 0.1676
Mean value of Fst_6         = 0.0991
Mean value of Fst_7         = 0.2788
Mean value of Fst_8         = 0.1021
Mean value of Fst_9         = 0.1534
Mean value of Fst_10         = 0.2165
Mean value of Fst_11         = 0.2114


Inferred ancestry of individuals:
        Label (%Miss) Pop:  Inferred clusters
  1 24.0601.E1    (0)    1 :  0.005 0.009 0.006 0.010 0.007 0.902 0.015 0.013 0.008 0.013 0.011 
  2 24.0602.E1    (0)    1 :  0.009 0.013 0.009 0.009 0.012 0.902 0.009 0.017 0.006 0.009 0.004 
  3 24.0603.E1    (0)    1 :  0.019 0.056 0.011 0.007 0.005 0.802 0.007 0.040 0.028 0.020 0.005 
  4 24.0604.E1    (0)    1 :  0.004 0.005 0.013 0.146 0.047 0.622 0.005 0.049 0.095 0.005 0.007 
  5 24.0605.E1    (0)    1 :  0.009 0.024 0.023 0.006 0.008 0.822 0.011 0.031 0.027 0.032 0.007 
  6 24.0606.E1    (0)    1 :  0.008 0.046 0.011 0.005 0.022 0.621 0.009 0.226 0.023 0.019 0.011 
  7 24.0607.E1    (0)    1 :  0.017 0.096 0.396 0.009 0.011 0.104 0.010 0.053 0.013 0.285 0.007 
  8 24.0608.E1    (0)    1 :  0.013 0.010 0.012 0.005 0.032 0.700 0.094 0.015 0.005 0.111 0.003 
  9 24.0609.E1    (0)    1 :  0.014 0.013 0.023 0.007 0.386 0.164 0.014 0.036 0.335 0.005 0.004 
 10 24.0610.E1    (0)    1 :  0.014 0.019 0.008 0.004 0.351 0.428 0.006 0.027 0.131 0.008 0.005 
 11 24.0611.E1    (0)    1 :  0.007 0.020 0.022 0.005 0.031 0.848 0.006 0.010 0.040 0.005 0.006 
 12 24.0612.E1    (0)    1 :  0.006 0.028 0.007 0.012 0.007 0.894 0.004 0.013 0.006 0.015 0.008 
 13 24.0613.E1    (0)    1 :  0.005 0.015 0.007 0.005 0.021 0.837 0.005 0.024 0.070 0.005 0.006 
 14 24.0614.E1    (0)    1 :  0.010 0.092 0.065 0.005 0.011 0.256 0.268 0.039 0.010 0.237 0.007 
 15 24.0615.E1    (0)    1 :  0.007 0.018 0.030 0.019 0.170 0.642 0.019 0.025 0.010 0.045 0.014 
 16 24.0616.E1    (0)    1 :  0.005 0.010 0.017 0.007 0.012 0.903 0.005 0.010 0.011 0.005 0.014 
 17 24.0617.E1    (0)    1 :  0.009 0.021 0.028 0.006 0.522 0.323 0.010 0.012 0.026 0.019 0.025 
 18 24.0618.E1    (0)    1 :  0.017 0.044 0.030 0.005 0.061 0.737 0.029 0.041 0.022 0.005 0.008 
 19 24.0619.E1    (0)    1 :  0.005 0.010 0.020 0.005 0.024 0.324 0.005 0.575 0.014 0.004 0.013 
 20 24.0620.E1   (20)    1 :  0.012 0.027 0.021 0.009 0.032 0.036 0.008 0.153 0.051 0.639 0.012 
 21 24.0621.E1    (0)    1 :  0.007 0.034 0.032 0.005 0.112 0.178 0.060 0.555 0.007 0.005 0.005 
 22 24.0622.E1    (0)    1 :  0.019 0.009 0.005 0.004 0.010 0.883 0.005 0.018 0.013 0.010 0.025 
 23 24.0623.E1    (0)    1 :  0.026 0.024 0.020 0.009 0.033 0.723 0.014 0.029 0.012 0.019 0.093 
 24 24.0624.E1    (0)    1 :  0.005 0.010 0.006 0.004 0.010 0.934 0.005 0.008 0.006 0.006 0.006 
 25 24.0625.E1    (0)    2 :  0.044 0.040 0.009 0.043 0.009 0.015 0.155 0.023 0.034 0.044 0.583 
 26 24.0626.E1    (0)    2 :  0.022 0.005 0.004 0.004 0.003 0.004 0.066 0.004 0.004 0.046 0.837 
 27 24.0627.E1    (0)    2 :  0.006 0.009 0.010 0.369 0.004 0.006 0.014 0.080 0.015 0.019 0.468 
 28 24.0628.E1    (0)    2 :  0.084 0.008 0.014 0.006 0.087 0.031 0.084 0.022 0.105 0.126 0.434 
 29 24.0629.E1    (0)    2 :  0.013 0.031 0.010 0.009 0.010 0.067 0.008 0.016 0.008 0.005 0.823 
 30 24.0630.E1    (0)    2 :  0.012 0.005 0.006 0.007 0.004 0.005 0.037 0.012 0.007 0.085 0.821 
 31 24.0631.E1    (0)    2 :  0.003 0.004 0.003 0.004 0.003 0.005 0.003 0.004 0.003 0.004 0.964 
 32 24.0632.E1    (0)    2 :  0.007 0.028 0.006 0.012 0.006 0.007 0.005 0.009 0.007 0.022 0.889 
 33 24.0633.E1    (0)    2 :  0.009 0.020 0.005 0.005 0.006 0.010 0.387 0.171 0.007 0.032 0.348 
 34 24.0634.E1    (0)    2 :  0.011 0.015 0.009 0.008 0.010 0.009 0.032 0.010 0.011 0.007 0.878 
 35 24.0635.E1    (0)    2 :  0.040 0.046 0.048 0.015 0.022 0.017 0.026 0.243 0.008 0.018 0.516 
 36 24.0636.E1   (33)    2 :  0.021 0.019 0.007 0.024 0.010 0.033 0.007 0.045 0.168 0.592 0.074 
 37 24.0637.E1    (0)    2 :  0.004 0.006 0.005 0.004 0.003 0.004 0.003 0.004 0.005 0.007 0.955 
 38 24.0638.E1    (0)    2 :  0.012 0.032 0.005 0.008 0.005 0.007 0.005 0.107 0.015 0.004 0.799 
 39 24.0639.E1    (0)    2 :  0.010 0.046 0.009 0.028 0.091 0.037 0.007 0.013 0.006 0.012 0.740 
 40 24.0640.E1    (0)    2 :  0.005 0.009 0.010 0.005 0.008 0.008 0.008 0.007 0.006 0.005 0.927 
 41 24.0641.E1    (0)    2 :  0.010 0.015 0.224 0.007 0.010 0.044 0.005 0.349 0.005 0.014 0.318 
 42 24.0642.E1    (0)    2 :  0.005 0.008 0.005 0.007 0.004 0.038 0.004 0.303 0.034 0.058 0.534 
 43 24.0643.E1    (0)    2 :  0.008 0.080 0.004 0.238 0.012 0.009 0.007 0.014 0.010 0.045 0.573 
 44 24.0644.E1    (0)    2 :  0.006 0.005 0.017 0.005 0.040 0.008 0.005 0.006 0.045 0.005 0.858 
 45 24.0645.E1    (0)    2 :  0.004 0.005 0.021 0.005 0.020 0.008 0.004 0.007 0.218 0.013 0.695 
 46 24.0646.E1    (0)    2 :  0.006 0.005 0.017 0.005 0.040 0.008 0.005 0.006 0.045 0.005 0.859 
 47 24.0647.E1    (0)    2 :  0.004 0.006 0.005 0.004 0.003 0.004 0.003 0.004 0.005 0.007 0.955 
 48 24.0648.E1    (0)    2 :  0.004 0.006 0.005 0.004 0.003 0.004 0.003 0.004 0.005 0.007 0.955 
 49 24.0649.E1    (0)    3 :  0.816 0.090 0.008 0.013 0.020 0.005 0.014 0.016 0.008 0.003 0.006 
 50 24.0650.E1    (0)    3 :  0.145 0.055 0.040 0.013 0.072 0.013 0.219 0.389 0.047 0.003 0.004 
 51 24.0651.E1    (0)    3 :  0.245 0.305 0.196 0.030 0.008 0.008 0.030 0.012 0.022 0.022 0.122 
 52 24.0652.E1    (0)    3 :  0.583 0.008 0.007 0.009 0.006 0.018 0.326 0.031 0.005 0.004 0.004 
 53 24.0653.E1    (0)    3 :  0.081 0.021 0.021 0.803 0.022 0.006 0.012 0.014 0.009 0.007 0.005 
 54 24.0654.E1    (0)    3 :  0.723 0.007 0.007 0.007 0.024 0.006 0.201 0.005 0.007 0.005 0.008 
 55 24.0655.E1    (0)    3 :  0.265 0.415 0.011 0.010 0.032 0.044 0.158 0.030 0.010 0.007 0.017 
 56 24.0656.E1    (0)    3 :  0.566 0.007 0.006 0.011 0.010 0.006 0.356 0.014 0.010 0.011 0.005 
 57 24.0657.E1    (0)    3 :  0.574 0.007 0.006 0.010 0.010 0.006 0.347 0.015 0.010 0.010 0.005 
 58 24.0658.E1    (0)    3 :  0.591 0.099 0.017 0.054 0.128 0.017 0.005 0.017 0.059 0.007 0.006 
 59 24.0659.E1    (0)    3 :  0.415 0.067 0.021 0.271 0.022 0.031 0.047 0.108 0.007 0.003 0.008 
 60 24.0660.E1    (6)    3 :  0.756 0.119 0.008 0.011 0.006 0.022 0.006 0.036 0.016 0.006 0.014 
 61 24.0661.E1    (0)    3 :  0.414 0.008 0.007 0.010 0.005 0.008 0.521 0.007 0.005 0.010 0.005 
 62 24.0662.E1    (0)    3 :  0.115 0.372 0.134 0.107 0.032 0.106 0.059 0.029 0.009 0.016 0.020 
 63 24.0663.E1    (0)    3 :  0.179 0.032 0.037 0.006 0.477 0.006 0.138 0.008 0.103 0.005 0.008 
 64 24.0664.E1    (0)    3 :  0.789 0.018 0.009 0.008 0.016 0.005 0.113 0.008 0.008 0.020 0.006 
 65 24.0665.E1    (0)    3 :  0.631 0.018 0.009 0.031 0.005 0.006 0.208 0.017 0.016 0.055 0.006 
 66 24.0666.E1    (0)    3 :  0.012 0.007 0.005 0.929 0.007 0.008 0.005 0.010 0.009 0.004 0.005 
 67 24.0667.E1    (0)    3 :  0.014 0.006 0.004 0.931 0.005 0.008 0.005 0.015 0.004 0.004 0.003 
 68 24.0668.E1    (0)    3 :  0.004 0.004 0.004 0.964 0.004 0.003 0.003 0.004 0.004 0.003 0.004 
 69 24.0669.E1    (0)    3 :  0.005 0.004 0.007 0.959 0.004 0.003 0.003 0.004 0.004 0.003 0.004 
 70 24.0670.E1    (0)    3 :  0.606 0.268 0.007 0.036 0.038 0.012 0.012 0.008 0.004 0.005 0.004 
 71 24.0671.E1    (0)    3 :  0.757 0.096 0.017 0.011 0.027 0.011 0.037 0.010 0.018 0.008 0.009 
 72 24.0672.E1    (0)    3 :  0.501 0.017 0.037 0.237 0.008 0.048 0.008 0.122 0.012 0.005 0.005 
 73 24.0673.E1    (6)    4 :  0.032 0.036 0.006 0.007 0.007 0.075 0.445 0.088 0.181 0.098 0.024 
 74 24.0674.E1    (0)    4 :  0.005 0.030 0.005 0.004 0.006 0.007 0.009 0.006 0.913 0.008 0.007 
 75 24.0675.E1    (0)    4 :  0.020 0.036 0.014 0.009 0.019 0.020 0.082 0.014 0.745 0.021 0.021 
 76 24.0676.E1    (0)    4 :  0.030 0.048 0.025 0.006 0.112 0.011 0.042 0.025 0.676 0.018 0.006 
 77 24.0677.E1    (0)    4 :  0.185 0.611 0.034 0.015 0.020 0.023 0.058 0.024 0.017 0.010 0.004 
 78 24.0678.E1    (0)    4 :  0.075 0.171 0.031 0.122 0.007 0.392 0.020 0.109 0.019 0.011 0.044 
 79 24.0679.E1    (0)    4 :  0.068 0.052 0.012 0.035 0.174 0.094 0.007 0.413 0.126 0.007 0.013 
 80 24.0680.E1    (0)    4 :  0.064 0.101 0.013 0.030 0.006 0.021 0.009 0.723 0.013 0.008 0.012 
 81 24.0681.E1    (0)    4 :  0.059 0.055 0.012 0.012 0.007 0.021 0.008 0.711 0.083 0.021 0.010 
 82 24.0682.E1    (0)    4 :  0.003 0.004 0.005 0.004 0.004 0.004 0.003 0.005 0.960 0.005 0.004 
 83 24.0683.E1    (0)    4 :  0.005 0.035 0.005 0.007 0.004 0.008 0.011 0.010 0.852 0.056 0.007 
 84 24.0684.E1    (0)    4 :  0.020 0.044 0.011 0.010 0.023 0.056 0.009 0.025 0.757 0.015 0.029 
 85 24.0685.E1    (0)    4 :  0.010 0.021 0.005 0.063 0.027 0.012 0.005 0.577 0.254 0.019 0.008 
 86 24.0686.E1    (0)    4 :  0.117 0.630 0.017 0.011 0.012 0.051 0.006 0.071 0.027 0.011 0.047 
 87 24.0687.E1    (0)    4 :  0.103 0.591 0.012 0.005 0.015 0.035 0.007 0.070 0.054 0.012 0.095 
 88 24.0688.E1    (0)    4 :  0.007 0.006 0.005 0.004 0.003 0.006 0.004 0.011 0.943 0.006 0.006 
 89 24.0689.E1    (0)    4 :  0.048 0.300 0.012 0.005 0.305 0.019 0.054 0.149 0.073 0.023 0.012 
 90 24.0690.E1    (0)    4 :  0.048 0.166 0.014 0.527 0.006 0.019 0.016 0.134 0.022 0.024 0.025 
 91 24.0691.E1    (0)    4 :  0.013 0.039 0.005 0.011 0.041 0.037 0.006 0.088 0.748 0.006 0.007 
 92 24.0692.E1    (0)    4 :  0.040 0.072 0.007 0.008 0.020 0.005 0.005 0.019 0.813 0.008 0.004 
 93 24.0693.E1    (0)    4 :  0.111 0.038 0.012 0.016 0.034 0.011 0.056 0.074 0.310 0.330 0.008 
 94 24.0694.E1    (0)    4 :  0.010 0.005 0.006 0.010 0.009 0.008 0.004 0.237 0.697 0.008 0.007 
 95 24.0695.E1    (0)    4 :  0.011 0.008 0.028 0.010 0.047 0.061 0.005 0.530 0.287 0.006 0.007 
 96 24.0696.E1    (0)    4 :  0.008 0.024 0.007 0.010 0.018 0.023 0.005 0.365 0.520 0.008 0.012 
 97 24.0697.E1    (0)    5 :  0.138 0.626 0.009 0.006 0.009 0.005 0.006 0.020 0.144 0.026 0.009 
 98 24.0698.E1    (0)    5 :  0.154 0.675 0.011 0.026 0.013 0.012 0.011 0.016 0.031 0.038 0.014 
 99 24.0699.E1    (0)    5 :  0.223 0.713 0.009 0.008 0.005 0.011 0.006 0.007 0.005 0.007 0.007 
100 24.0700.E1    (0)    5 :  0.151 0.565 0.006 0.008 0.007 0.006 0.009 0.229 0.010 0.006 0.004 
101 24.0701.E1    (0)    5 :  0.009 0.077 0.008 0.792 0.010 0.008 0.008 0.010 0.009 0.057 0.011 
102 24.0702.E1    (0)    5 :  0.112 0.553 0.006 0.024 0.007 0.009 0.007 0.245 0.007 0.019 0.011 
103 24.0703.E1    (0)    5 :  0.176 0.663 0.069 0.011 0.005 0.008 0.007 0.006 0.006 0.006 0.043 
104 24.0704.E1    (6)    5 :  0.150 0.534 0.240 0.005 0.007 0.011 0.005 0.019 0.014 0.008 0.008 
105 24.0705.E1    (0)    5 :  0.023 0.076 0.008 0.031 0.009 0.020 0.005 0.735 0.077 0.009 0.007 
106 24.0706.E1    (0)    5 :  0.163 0.305 0.010 0.015 0.011 0.006 0.015 0.445 0.013 0.010 0.008 
107 24.0707.E1    (0)    5 :  0.208 0.487 0.028 0.007 0.005 0.028 0.010 0.144 0.049 0.016 0.018 
108 24.0708.E1    (0)    5 :  0.019 0.309 0.038 0.018 0.145 0.064 0.110 0.029 0.058 0.020 0.191 
109 24.0709.E1    (0)    5 :  0.012 0.015 0.039 0.008 0.025 0.010 0.018 0.014 0.846 0.006 0.007 
110 24.0710.E1    (0)    5 :  0.077 0.547 0.010 0.028 0.016 0.022 0.020 0.013 0.241 0.020 0.007 
111 24.0711.E1    (0)    5 :  0.127 0.513 0.044 0.034 0.006 0.066 0.007 0.069 0.065 0.015 0.055 
112 24.0712.E1    (0)    5 :  0.015 0.240 0.006 0.614 0.007 0.015 0.006 0.022 0.028 0.013 0.033 
113 24.0713.E1    (0)    5 :  0.059 0.150 0.045 0.008 0.040 0.009 0.007 0.429 0.233 0.013 0.007 
114 24.0714.E1    (0)    5 :  0.091 0.234 0.021 0.010 0.016 0.042 0.020 0.539 0.007 0.008 0.012 
115 24.0715.E1    (0)    5 :  0.102 0.464 0.006 0.016 0.008 0.021 0.027 0.036 0.105 0.209 0.006 
116 24.0716.E1    (0)    5 :  0.134 0.369 0.028 0.293 0.043 0.048 0.006 0.020 0.015 0.015 0.029 
117 24.0717.E1    (0)    5 :  0.187 0.281 0.036 0.012 0.021 0.014 0.054 0.072 0.023 0.258 0.041 
118 24.0718.E1    (0)    5 :  0.273 0.278 0.007 0.057 0.008 0.027 0.004 0.097 0.195 0.011 0.041 
119 24.0719.E1    (0)    5 :  0.031 0.020 0.017 0.015 0.016 0.006 0.008 0.070 0.793 0.007 0.016 
120 24.0720.E1    (0)    5 :  0.111 0.058 0.009 0.011 0.013 0.012 0.007 0.013 0.750 0.005 0.011 
121 24.0721.E1    (0)    6 :  0.035 0.347 0.011 0.018 0.018 0.011 0.064 0.123 0.080 0.282 0.011 
122 24.0722.E1    (0)    6 :  0.029 0.142 0.052 0.058 0.012 0.019 0.011 0.079 0.080 0.410 0.107 
123 24.0723.E1    (0)    6 :  0.019 0.101 0.069 0.010 0.021 0.026 0.261 0.058 0.010 0.205 0.222 
124 24.0724.E1    (0)    6 :  0.020 0.131 0.030 0.011 0.052 0.146 0.118 0.068 0.337 0.053 0.034 
125 24.0725.E1    (0)    6 :  0.024 0.012 0.005 0.006 0.006 0.888 0.008 0.023 0.012 0.007 0.008 
126 24.0726.E1    (6)    6 :  0.021 0.010 0.008 0.005 0.006 0.281 0.005 0.561 0.021 0.073 0.008 
127 24.0727.E1    (0)    6 :  0.022 0.063 0.007 0.052 0.014 0.242 0.105 0.040 0.026 0.405 0.024 
128 24.0728.E1    (0)    6 :  0.124 0.285 0.007 0.011 0.011 0.299 0.026 0.035 0.016 0.159 0.026 
129 24.0729.E1    (0)    6 :  0.014 0.012 0.024 0.034 0.023 0.577 0.005 0.162 0.095 0.041 0.012 
130 24.0730.E1    (0)    6 :  0.204 0.600 0.008 0.014 0.014 0.042 0.010 0.043 0.039 0.017 0.008 
131 24.0731.E1    (0)    6 :  0.008 0.011 0.006 0.004 0.007 0.095 0.024 0.684 0.094 0.053 0.012 
132 24.0732.E1    (0)    6 :  0.037 0.047 0.006 0.013 0.004 0.053 0.011 0.101 0.111 0.607 0.010 
133 24.0733.E1    (0)    6 :  0.005 0.004 0.004 0.003 0.006 0.917 0.004 0.025 0.008 0.018 0.006 
134 24.0734.E1    (0)    6 :  0.028 0.135 0.007 0.008 0.007 0.031 0.013 0.039 0.009 0.713 0.011 
135 24.0735.E1    (0)    6 :  0.029 0.047 0.007 0.012 0.023 0.584 0.007 0.077 0.020 0.142 0.052 
136 24.0736.E1    (0)    6 :  0.006 0.011 0.005 0.004 0.006 0.887 0.006 0.022 0.008 0.037 0.007 
137 24.0737.E1    (0)    6 :  0.024 0.028 0.011 0.008 0.007 0.826 0.011 0.044 0.011 0.007 0.023 
138 24.0738.E1    (0)    6 :  0.013 0.015 0.008 0.009 0.005 0.811 0.008 0.087 0.008 0.025 0.010 
139 24.0739.E1    (0)    6 :  0.035 0.011 0.005 0.006 0.006 0.861 0.007 0.036 0.011 0.005 0.017 
140 24.0740.E1    (0)    6 :  0.020 0.008 0.041 0.010 0.018 0.539 0.005 0.114 0.215 0.010 0.020 
141 24.0741.E1    (0)    6 :  0.038 0.048 0.007 0.006 0.009 0.340 0.009 0.100 0.156 0.272 0.016 
142 24.0742.E1    (0)    6 :  0.010 0.021 0.008 0.008 0.007 0.182 0.017 0.044 0.028 0.664 0.011 
143 24.0743.E1    (0)    6 :  0.010 0.029 0.023 0.021 0.012 0.345 0.022 0.070 0.442 0.021 0.005 
144 24.0744.E1    (0)    6 :  0.017 0.017 0.028 0.306 0.022 0.255 0.018 0.072 0.147 0.108 0.011 
145 24.0745.E1    (0)    7 :  0.009 0.011 0.011 0.022 0.007 0.004 0.012 0.022 0.015 0.883 0.004 
146 24.0746.E1    (0)    7 :  0.014 0.120 0.100 0.007 0.009 0.042 0.006 0.018 0.038 0.591 0.053 
147 24.0747.E1    (0)    7 :  0.014 0.006 0.022 0.011 0.027 0.022 0.008 0.022 0.197 0.660 0.009 
148 24.0748.E1    (6)    7 :  0.015 0.008 0.026 0.011 0.038 0.023 0.014 0.037 0.240 0.582 0.008 
149 24.0749.E1    (0)    7 :  0.007 0.011 0.006 0.007 0.006 0.233 0.005 0.015 0.008 0.698 0.007 
150 24.0750.E1    (0)    7 :  0.016 0.129 0.020 0.013 0.011 0.167 0.010 0.400 0.057 0.167 0.010 
151 24.0751.E1    (0)    7 :  0.004 0.005 0.004 0.004 0.004 0.007 0.005 0.006 0.004 0.950 0.006 
152 24.0752.E1    (0)    7 :  0.006 0.020 0.007 0.004 0.007 0.041 0.011 0.010 0.008 0.880 0.006 
153 24.0753.E1    (0)    7 :  0.007 0.013 0.010 0.010 0.004 0.239 0.018 0.013 0.012 0.505 0.170 
154 24.0754.E1    (0)    7 :  0.009 0.008 0.005 0.006 0.006 0.028 0.007 0.025 0.023 0.866 0.016 
155 24.0755.E1    (0)    7 :  0.016 0.015 0.023 0.007 0.031 0.012 0.005 0.010 0.161 0.705 0.017 
156 24.0756.E1    (0)    7 :  0.004 0.007 0.005 0.004 0.014 0.011 0.007 0.009 0.007 0.924 0.008 
157 24.0757.E1    (0)    7 :  0.003 0.004 0.003 0.004 0.003 0.003 0.003 0.004 0.004 0.965 0.004 
158 24.0758.E1    (0)    7 :  0.003 0.004 0.003 0.004 0.003 0.004 0.003 0.004 0.004 0.964 0.004 
159 24.0759.E1    (0)    7 :  0.008 0.007 0.006 0.010 0.005 0.020 0.011 0.011 0.007 0.909 0.006 
160 24.0760.E1    (0)    7 :  0.025 0.026 0.007 0.008 0.006 0.010 0.006 0.010 0.029 0.591 0.283 
161 24.0761.E1    (0)    7 :  0.004 0.004 0.004 0.003 0.005 0.006 0.005 0.005 0.005 0.950 0.009 
162 24.0762.E1    (0)    7 :  0.048 0.039 0.016 0.199 0.137 0.182 0.005 0.251 0.038 0.076 0.008 
163 24.0763.E1    (0)    7 :  0.005 0.005 0.005 0.003 0.004 0.007 0.005 0.006 0.016 0.941 0.004 
164 24.0764.E1    (0)    7 :  0.005 0.007 0.004 0.004 0.005 0.011 0.004 0.007 0.004 0.940 0.008 
165 24.0765.E1    (0)    7 :  0.006 0.015 0.008 0.004 0.011 0.006 0.017 0.018 0.024 0.869 0.021 
166 24.0766.E1    (0)    7 :  0.006 0.007 0.004 0.006 0.005 0.009 0.010 0.006 0.010 0.929 0.007 
167 24.0767.E1    (0)    7 :  0.004 0.006 0.003 0.003 0.004 0.004 0.006 0.004 0.008 0.954 0.004 
168 24.0768.E1    (0)    7 :  0.014 0.033 0.073 0.008 0.028 0.140 0.008 0.487 0.074 0.131 0.005 
169 24.0779.E1    (0)    8 :  0.469 0.319 0.028 0.010 0.007 0.018 0.010 0.023 0.065 0.043 0.008 
170 24.0780.E1    (6)    8 :  0.358 0.340 0.010 0.008 0.145 0.008 0.033 0.058 0.030 0.004 0.006 
171 24.0781.E1    (0)    8 :  0.347 0.491 0.005 0.005 0.012 0.004 0.006 0.115 0.006 0.005 0.005 
172 24.0782.E1    (0)    8 :  0.061 0.284 0.013 0.007 0.023 0.063 0.025 0.377 0.092 0.019 0.035 
173 24.0783.E1    (0)    8 :  0.026 0.077 0.006 0.018 0.379 0.007 0.010 0.453 0.010 0.005 0.009 
174 24.0784.E1    (0)    8 :  0.453 0.401 0.027 0.004 0.024 0.008 0.007 0.014 0.054 0.004 0.005 
175 24.0785.E1    (0)    8 :  0.790 0.069 0.025 0.008 0.031 0.007 0.026 0.028 0.008 0.004 0.004 
176 24.0786.E1    (0)    8 :  0.309 0.250 0.016 0.010 0.136 0.023 0.020 0.056 0.163 0.010 0.008 
177 24.0787.E1    (0)    8 :  0.683 0.135 0.010 0.006 0.012 0.018 0.008 0.028 0.018 0.019 0.063 
178 24.0788.E1    (0)    8 :  0.834 0.009 0.008 0.005 0.071 0.005 0.008 0.008 0.033 0.005 0.014 
179 24.0789.E1    (0)    8 :  0.538 0.294 0.027 0.006 0.034 0.041 0.012 0.011 0.010 0.006 0.021 
180 24.0790.E1    (0)    8 :  0.928 0.007 0.008 0.005 0.008 0.004 0.010 0.017 0.004 0.003 0.005 
181 24.0791.E1    (0)    8 :  0.199 0.017 0.021 0.040 0.010 0.072 0.010 0.612 0.007 0.007 0.005 
182 24.0792.E1    (0)    8 :  0.619 0.011 0.007 0.018 0.007 0.007 0.152 0.138 0.020 0.016 0.004 
183 24.0793.E1    (0)    9 :  0.032 0.357 0.359 0.007 0.051 0.033 0.089 0.009 0.010 0.007 0.046 
184 24.0794.E1    (0)    9 :  0.147 0.062 0.025 0.006 0.038 0.593 0.099 0.012 0.006 0.007 0.006 
185 24.0795.E1    (0)    9 :  0.013 0.279 0.232 0.006 0.057 0.278 0.038 0.034 0.018 0.008 0.037 
186 24.0796.E1    (0)    9 :  0.275 0.067 0.052 0.005 0.370 0.096 0.104 0.011 0.007 0.005 0.008 
187 24.0797.E1    (0)    9 :  0.099 0.290 0.304 0.006 0.173 0.025 0.066 0.017 0.007 0.003 0.011 
188 24.0798.E1    (0)    9 :  0.017 0.136 0.273 0.348 0.011 0.010 0.117 0.014 0.029 0.018 0.026 
189 24.0799.E1    (0)    9 :  0.006 0.017 0.905 0.008 0.018 0.014 0.005 0.007 0.007 0.006 0.007 
190 24.0800.E1    (0)    9 :  0.007 0.012 0.829 0.008 0.061 0.016 0.015 0.012 0.029 0.006 0.004 
191 24.0801.E1    (0)    9 :  0.009 0.007 0.673 0.249 0.005 0.004 0.010 0.010 0.021 0.005 0.006 
192 24.0802.E1    (0)    9 :  0.011 0.253 0.550 0.008 0.055 0.008 0.047 0.022 0.006 0.004 0.038 
193 24.0803.E1    (0)    9 :  0.008 0.122 0.781 0.018 0.008 0.012 0.018 0.011 0.007 0.007 0.008 
194 24.0804.E1    (0)    9 :  0.008 0.210 0.594 0.004 0.077 0.010 0.066 0.006 0.009 0.003 0.014 
195 24.0805.E1    (0)    9 :  0.007 0.006 0.918 0.005 0.004 0.006 0.005 0.010 0.028 0.006 0.004 
196 24.0806.E1    (0)    9 :  0.006 0.224 0.679 0.005 0.004 0.006 0.025 0.006 0.005 0.005 0.035 
197 24.0807.E1    (0)    9 :  0.019 0.245 0.581 0.009 0.017 0.010 0.086 0.016 0.007 0.003 0.009 
198 24.0808.E1    (0)    9 :  0.097 0.018 0.709 0.005 0.021 0.012 0.015 0.011 0.088 0.006 0.019 
199 24.0809.E1    (0)    9 :  0.005 0.004 0.906 0.006 0.012 0.009 0.005 0.008 0.034 0.007 0.004 
200 24.0810.E1    (0)    9 :  0.008 0.035 0.775 0.006 0.008 0.006 0.072 0.005 0.067 0.008 0.011 
201 24.0811.E1    (0)    9 :  0.026 0.247 0.269 0.004 0.023 0.038 0.339 0.011 0.006 0.005 0.032 
202 24.0812.E1    (0)    9 :  0.040 0.135 0.471 0.008 0.239 0.039 0.016 0.014 0.026 0.006 0.006 
203 24.0813.E1    (0)    9 :  0.035 0.146 0.701 0.004 0.014 0.006 0.018 0.018 0.045 0.005 0.009 
204 24.0814.E1    (6)    9 :  0.009 0.042 0.780 0.007 0.097 0.008 0.016 0.006 0.021 0.004 0.010 
205 24.0815.E1    (0)    9 :  0.006 0.070 0.793 0.019 0.011 0.004 0.023 0.007 0.008 0.007 0.051 
206 24.0816.E1    (0)    9 :  0.017 0.232 0.600 0.018 0.012 0.007 0.083 0.006 0.004 0.005 0.016 
207 24.0817.E1    (0)   10 :  0.014 0.042 0.080 0.007 0.734 0.017 0.065 0.021 0.009 0.005 0.005 
208 24.0818.E1    (0)   10 :  0.037 0.066 0.010 0.006 0.794 0.031 0.017 0.015 0.005 0.008 0.010 
209 24.0819.E1    (0)   10 :  0.029 0.013 0.423 0.087 0.024 0.013 0.164 0.032 0.009 0.189 0.017 
210 24.0820.E1    (0)   10 :  0.045 0.007 0.020 0.018 0.132 0.007 0.525 0.006 0.006 0.228 0.008 
211 24.0821.E1    (0)   10 :  0.398 0.023 0.048 0.234 0.145 0.013 0.095 0.015 0.014 0.006 0.010 
212 24.0822.E1    (0)   10 :  0.030 0.011 0.008 0.007 0.893 0.006 0.009 0.005 0.009 0.017 0.004 
213 24.0823.E1    (0)   10 :  0.024 0.006 0.017 0.017 0.480 0.008 0.325 0.006 0.011 0.097 0.009 
214 24.0824.E1    (0)   10 :  0.006 0.007 0.018 0.447 0.420 0.006 0.011 0.007 0.063 0.009 0.006 
215 24.0825.E1    (0)   10 :  0.004 0.005 0.005 0.005 0.947 0.004 0.005 0.005 0.009 0.005 0.004 
216 24.0826.E1    (0)   10 :  0.086 0.016 0.019 0.028 0.151 0.006 0.556 0.011 0.011 0.108 0.010 
217 24.0827.E1    (0)   10 :  0.014 0.031 0.012 0.007 0.798 0.036 0.073 0.010 0.009 0.003 0.007 
218 24.0828.E1    (0)   10 :  0.123 0.025 0.024 0.094 0.164 0.008 0.509 0.012 0.013 0.017 0.010 
219 24.0829.E1    (0)   10 :  0.015 0.071 0.091 0.012 0.695 0.005 0.063 0.007 0.025 0.010 0.007 
220 24.0830.E1    (0)   10 :  0.010 0.011 0.008 0.006 0.848 0.005 0.014 0.085 0.004 0.004 0.004 
221 24.0831.E1    (0)   10 :  0.016 0.021 0.008 0.007 0.761 0.005 0.014 0.153 0.007 0.003 0.004 
222 24.0832.E1    (0)   10 :  0.007 0.007 0.004 0.003 0.932 0.010 0.016 0.004 0.010 0.003 0.003 
223 24.0833.E1    (0)   10 :  0.005 0.004 0.004 0.004 0.954 0.004 0.007 0.005 0.007 0.004 0.003 
224 24.0834.E1    (0)   10 :  0.005 0.005 0.008 0.005 0.936 0.007 0.007 0.007 0.006 0.007 0.006 
225 24.0835.E1    (0)   10 :  0.006 0.008 0.019 0.009 0.916 0.012 0.006 0.007 0.007 0.004 0.006 
226 24.0836.E1    (0)   10 :  0.007 0.009 0.011 0.015 0.899 0.010 0.006 0.010 0.021 0.009 0.004 
227 24.0837.E1    (0)   10 :  0.008 0.006 0.007 0.006 0.937 0.006 0.006 0.006 0.008 0.005 0.004 
228 24.0838.E1    (0)   10 :  0.010 0.013 0.006 0.005 0.922 0.004 0.013 0.007 0.010 0.006 0.004 
229 24.0839.E1    (0)   10 :  0.042 0.136 0.069 0.019 0.461 0.046 0.095 0.053 0.036 0.020 0.024 
230 24.0840.E1    (0)   10 :  0.013 0.133 0.078 0.009 0.549 0.014 0.162 0.006 0.007 0.004 0.025 
231 24.0841.E1    (0)   11 :  0.015 0.269 0.074 0.003 0.014 0.006 0.583 0.007 0.017 0.008 0.003 
232 24.0842.E1    (0)   11 :  0.011 0.213 0.076 0.169 0.013 0.009 0.484 0.005 0.009 0.008 0.003 
233 24.0843.E1    (0)   11 :  0.014 0.068 0.056 0.226 0.018 0.005 0.581 0.008 0.008 0.011 0.005 
234 24.0844.E1    (0)   11 :  0.015 0.047 0.182 0.331 0.296 0.028 0.023 0.057 0.011 0.007 0.005 
235 24.0845.E1    (0)   11 :  0.044 0.080 0.009 0.020 0.717 0.010 0.046 0.051 0.013 0.005 0.005 
236 24.0846.E1    (0)   11 :  0.008 0.016 0.023 0.011 0.872 0.013 0.015 0.011 0.010 0.012 0.010 
237 24.0847.E1    (0)   11 :  0.009 0.012 0.035 0.018 0.717 0.033 0.014 0.017 0.127 0.011 0.007 
238 24.0848.E1    (0)   11 :  0.029 0.034 0.052 0.017 0.779 0.013 0.013 0.023 0.031 0.005 0.004 
239 24.0849.E1    (0)   11 :  0.005 0.005 0.007 0.004 0.006 0.006 0.951 0.005 0.004 0.004 0.003 
240 24.0850.E1    (0)   11 :  0.005 0.005 0.007 0.004 0.006 0.006 0.951 0.004 0.004 0.004 0.003 
241 24.0851.E1    (0)   11 :  0.005 0.005 0.007 0.004 0.006 0.006 0.951 0.005 0.004 0.004 0.003 
242 24.0852.E1    (0)   11 :  0.050 0.061 0.013 0.006 0.117 0.010 0.664 0.051 0.006 0.017 0.004 
243 24.0853.E1    (0)   11 :  0.006 0.010 0.012 0.004 0.288 0.005 0.628 0.005 0.028 0.007 0.006 
244 24.0854.E1    (0)   11 :  0.043 0.009 0.026 0.659 0.033 0.013 0.170 0.019 0.009 0.012 0.006 
245 24.0855.E1    (0)   11 :  0.014 0.050 0.037 0.011 0.657 0.006 0.180 0.005 0.027 0.007 0.005 
246 24.0856.E1    (0)   11 :  0.020 0.318 0.073 0.287 0.045 0.093 0.038 0.022 0.007 0.032 0.065 
247 24.0857.E1    (0)   11 :  0.015 0.020 0.393 0.012 0.458 0.021 0.021 0.010 0.032 0.010 0.009 
248 24.0858.E1    (0)   11 :  0.047 0.081 0.110 0.031 0.604 0.015 0.051 0.025 0.014 0.015 0.005 
249 24.0859.E1    (0)   11 :  0.015 0.022 0.063 0.015 0.017 0.011 0.802 0.013 0.007 0.023 0.011 
250 24.0860.E1    (0)   11 :  0.024 0.221 0.449 0.027 0.050 0.023 0.108 0.013 0.008 0.038 0.038 
251 24.0861.E1    (0)   11 :  0.006 0.012 0.007 0.004 0.012 0.005 0.938 0.005 0.004 0.004 0.003 
252 24.0862.E1    (0)   11 :  0.011 0.211 0.651 0.006 0.014 0.032 0.023 0.015 0.007 0.006 0.024 
253 24.0863.E1    (0)   11 :  0.006 0.013 0.007 0.004 0.012 0.005 0.937 0.005 0.004 0.004 0.003 
254 24.0864.E1    (0)   11 :  0.154 0.019 0.019 0.016 0.127 0.098 0.043 0.348 0.160 0.007 0.009 
255 24.0865.E1    (0)   12 :  0.105 0.016 0.010 0.006 0.014 0.049 0.621 0.023 0.080 0.062 0.015 
256 24.0866.E1    (0)   12 :  0.051 0.125 0.327 0.017 0.064 0.021 0.021 0.017 0.326 0.025 0.006 
257 24.0867.E1    (0)   12 :  0.011 0.009 0.050 0.011 0.017 0.008 0.144 0.011 0.597 0.126 0.015 
258 24.0868.E1    (0)   12 :  0.393 0.021 0.030 0.016 0.071 0.011 0.008 0.067 0.332 0.023 0.029 
259 24.0869.E1    (0)   12 :  0.025 0.022 0.055 0.005 0.112 0.008 0.009 0.172 0.525 0.006 0.061 
260 24.0870.E1    (0)   12 :  0.164 0.114 0.018 0.013 0.130 0.111 0.007 0.132 0.170 0.026 0.114 
261 24.0871.E1    (0)   12 :  0.049 0.048 0.033 0.015 0.018 0.033 0.023 0.699 0.046 0.007 0.028 
262 24.0872.E1    (0)   12 :  0.047 0.035 0.034 0.014 0.007 0.013 0.258 0.435 0.040 0.111 0.007 
263 24.0873.E1    (0)   12 :  0.052 0.009 0.142 0.013 0.014 0.012 0.034 0.027 0.668 0.014 0.015 
264 24.0874.E1    (0)   12 :  0.017 0.012 0.166 0.016 0.034 0.008 0.180 0.017 0.340 0.203 0.007 
265 24.0875.E1    (0)   12 :  0.025 0.075 0.020 0.019 0.008 0.029 0.007 0.792 0.010 0.009 0.007 
266 24.0876.E1    (0)   12 :  0.014 0.055 0.012 0.009 0.005 0.062 0.005 0.791 0.024 0.017 0.006 
267 24.0877.E1    (0)   12 :  0.012 0.036 0.027 0.011 0.004 0.713 0.006 0.127 0.014 0.044 0.006 
268 24.0878.E1    (0)   12 :  0.038 0.006 0.009 0.028 0.047 0.630 0.012 0.151 0.061 0.010 0.008 
269 24.0879.E1    (0)   12 :  0.013 0.008 0.006 0.212 0.007 0.606 0.005 0.116 0.012 0.005 0.010 
270 24.0880.E1    (0)   12 :  0.101 0.013 0.015 0.075 0.477 0.025 0.013 0.042 0.210 0.015 0.014 
271 24.0881.E1    (0)   12 :  0.005 0.007 0.005 0.007 0.004 0.831 0.006 0.107 0.007 0.009 0.011 
272 24.0882.E1    (0)   12 :  0.013 0.026 0.012 0.009 0.007 0.222 0.010 0.065 0.017 0.611 0.009 
273 24.0883.E1    (0)   12 :  0.014 0.007 0.006 0.228 0.007 0.267 0.039 0.128 0.067 0.226 0.012 
274 24.0884.E1    (0)   12 :  0.007 0.011 0.005 0.014 0.004 0.757 0.016 0.141 0.008 0.030 0.007 
275 24.0885.E1    (0)   12 :  0.030 0.012 0.010 0.059 0.011 0.603 0.006 0.167 0.083 0.006 0.013 
276 24.0886.E1    (0)   12 :  0.018 0.010 0.012 0.103 0.004 0.246 0.035 0.339 0.028 0.199 0.004 
277 24.0887.E1    (0)   12 :  0.006 0.007 0.006 0.175 0.005 0.037 0.009 0.049 0.020 0.677 0.010 
278 24.0888.E1    (0)   12 :  0.822 0.015 0.029 0.011 0.007 0.021 0.006 0.067 0.009 0.006 0.008 


Estimated Allele Frequencies in each cluster
First column gives estimated ancestral frequencies


Locus 1 : 
31 alleles
0.0% missing data
 115   (0.036) 0.008 0.012 0.007 0.008 0.005 0.122 0.004 0.098 0.152 0.003 0.004 
 117   (0.043) 0.009 0.014 0.072 0.012 0.005 0.196 0.004 0.068 0.039 0.201 0.004 
 119   (0.042) 0.009 0.007 0.006 0.007 0.005 0.274 0.004 0.055 0.010 0.322 0.294 
 131   (0.014) 0.003 0.002 0.002 0.003 0.001 0.054 0.001 0.005 0.002 0.003 0.001 
 128   (0.033) 0.023 0.011 0.007 0.008 0.028 0.035 0.004 0.098 0.013 0.003 0.003 
 135   (0.017) 0.003 0.005 0.003 0.003 0.002 0.047 0.002 0.024 0.005 0.005 0.001 
 126   (0.080) 0.061 0.077 0.086 0.032 0.269 0.069 0.040 0.109 0.045 0.082 0.011 
 122   (0.035) 0.016 0.085 0.087 0.008 0.004 0.011 0.005 0.018 0.005 0.002 0.099 
 132   (0.033) 0.019 0.020 0.050 0.013 0.019 0.005 0.006 0.039 0.012 0.014 0.003 
 141   (0.010) 0.002 0.002 0.002 0.002 0.001 0.010 0.001 0.002 0.001 0.001 0.002 
 130   (0.050) 0.079 0.044 0.018 0.147 0.014 0.006 0.024 0.057 0.091 0.008 0.013 
 134   (0.035) 0.036 0.013 0.017 0.005 0.005 0.004 0.107 0.009 0.037 0.002 0.135 
 145   (0.021) 0.054 0.003 0.003 0.016 0.002 0.003 0.048 0.005 0.004 0.009 0.012 
 127   (0.027) 0.006 0.004 0.004 0.007 0.002 0.030 0.002 0.013 0.007 0.160 0.054 
 116   (0.105) 0.240 0.251 0.108 0.063 0.128 0.014 0.300 0.090 0.225 0.009 0.167 
 114   (0.059) 0.038 0.085 0.119 0.036 0.111 0.008 0.242 0.016 0.040 0.005 0.051 
 120   (0.037) 0.073 0.017 0.006 0.135 0.004 0.008 0.003 0.034 0.015 0.002 0.089 
 110   (0.045) 0.016 0.052 0.010 0.100 0.093 0.008 0.014 0.040 0.047 0.013 0.020 
 133   (0.015) 0.003 0.002 0.007 0.002 0.001 0.002 0.001 0.012 0.002 0.013 0.008 
 118   (0.114) 0.232 0.260 0.348 0.336 0.180 0.015 0.169 0.139 0.187 0.019 0.012 
 125   (0.014) 0.005 0.009 0.006 0.005 0.011 0.003 0.003 0.004 0.002 0.001 0.002 
 129   (0.019) 0.011 0.003 0.003 0.021 0.002 0.043 0.002 0.014 0.004 0.006 0.002 
 124   (0.017) 0.016 0.005 0.003 0.017 0.002 0.008 0.003 0.015 0.003 0.002 0.002 
 136   (0.019) 0.006 0.003 0.003 0.003 0.082 0.003 0.002 0.011 0.037 0.001 0.002 
 121   (0.013) 0.003 0.002 0.002 0.002 0.001 0.003 0.001 0.010 0.002 0.069 0.001 
 139   (0.010) 0.002 0.001 0.001 0.001 0.001 0.011 0.001 0.002 0.001 0.001 0.001 
 113   (0.011) 0.002 0.001 0.001 0.002 0.001 0.001 0.001 0.002 0.001 0.015 0.001 
 111   (0.009) 0.002 0.001 0.001 0.001 0.001 0.002 0.001 0.002 0.002 0.013 0.001 
 143   (0.011) 0.002 0.001 0.001 0.001 0.001 0.001 0.001 0.002 0.001 0.015 0.001 
 140   (0.015) 0.017 0.004 0.016 0.002 0.001 0.002 0.001 0.004 0.003 0.001 0.001 
 112   (0.011) 0.002 0.001 0.001 0.002 0.015 0.001 0.001 0.002 0.001 0.001 0.001 

Locus 2 : 
18 alleles
0.0% missing data
 152   (0.373) 0.152 0.527 0.490 0.359 0.154 0.653 0.439 0.565 0.482 0.799 0.388 
 148   (0.074) 0.018 0.046 0.010 0.032 0.008 0.132 0.007 0.131 0.183 0.019 0.226 
 154   (0.105) 0.048 0.119 0.038 0.038 0.271 0.044 0.033 0.084 0.213 0.030 0.263 
 156   (0.017) 0.005 0.009 0.005 0.005 0.002 0.015 0.002 0.004 0.002 0.001 0.002 
 150   (0.024) 0.005 0.003 0.003 0.005 0.002 0.009 0.002 0.005 0.003 0.051 0.067 
 164   (0.078) 0.111 0.133 0.056 0.018 0.044 0.070 0.123 0.035 0.030 0.010 0.010 
 158   (0.031) 0.008 0.009 0.011 0.196 0.004 0.009 0.006 0.020 0.011 0.009 0.014 
 160   (0.018) 0.012 0.007 0.003 0.003 0.002 0.003 0.002 0.005 0.014 0.017 0.002 
 166   (0.020) 0.007 0.015 0.037 0.003 0.002 0.003 0.002 0.022 0.003 0.001 0.003 
 151   (0.072) 0.346 0.054 0.014 0.232 0.481 0.009 0.164 0.037 0.010 0.005 0.006 
 147   (0.062) 0.202 0.025 0.297 0.053 0.018 0.008 0.192 0.026 0.025 0.005 0.006 
 168   (0.024) 0.030 0.005 0.011 0.006 0.002 0.003 0.013 0.019 0.003 0.003 0.002 
 153   (0.016) 0.020 0.008 0.002 0.003 0.002 0.002 0.008 0.003 0.002 0.001 0.002 
 149   (0.025) 0.006 0.005 0.003 0.039 0.002 0.003 0.002 0.029 0.012 0.012 0.002 
 162   (0.022) 0.012 0.016 0.015 0.003 0.002 0.009 0.006 0.006 0.003 0.003 0.002 
 167   (0.013) 0.002 0.002 0.002 0.002 0.001 0.026 0.001 0.003 0.001 0.001 0.001 
 146   (0.012) 0.002 0.001 0.001 0.002 0.001 0.001 0.001 0.002 0.001 0.032 0.001 
 172   (0.014) 0.015 0.016 0.002 0.002 0.001 0.002 0.001 0.004 0.002 0.001 0.001 

Locus 3 : 
4 alleles
0.0% missing data
 128   (0.294) 0.216 0.182 0.285 0.238 0.419 0.209 0.434 0.353 0.275 0.457 0.319 
 126   (0.606) 0.721 0.773 0.665 0.571 0.535 0.708 0.427 0.595 0.710 0.535 0.622 
 132   (0.085) 0.061 0.039 0.048 0.147 0.045 0.081 0.139 0.050 0.014 0.007 0.053 
 134   (0.014) 0.003 0.006 0.002 0.044 0.001 0.002 0.001 0.003 0.002 0.001 0.006 

Locus 4 : 
3 alleles
0.0% missing data
 170   (0.321) 0.365 0.397 0.214 0.175 0.445 0.332 0.195 0.302 0.137 0.296 0.419 
 172   (0.666) 0.631 0.602 0.784 0.823 0.553 0.666 0.802 0.695 0.860 0.702 0.571 
 171   (0.013) 0.004 0.002 0.002 0.002 0.002 0.002 0.002 0.003 0.004 0.002 0.010 

Locus 5 : 
37 alleles
0.0% missing data
 125   (0.054) 0.018 0.020 0.012 0.156 0.077 0.068 0.141 0.054 0.027 0.039 0.058 
 110   (0.036) 0.012 0.013 0.018 0.031 0.097 0.046 0.017 0.033 0.006 0.017 0.043 
 129   (0.033) 0.093 0.098 0.008 0.008 0.006 0.052 0.041 0.015 0.005 0.003 0.003 
 113   (0.031) 0.077 0.125 0.064 0.007 0.010 0.013 0.017 0.014 0.010 0.002 0.004 
 145   (0.055) 0.069 0.020 0.009 0.072 0.013 0.215 0.042 0.144 0.129 0.077 0.006 
 155   (0.053) 0.020 0.075 0.065 0.017 0.060 0.153 0.012 0.056 0.019 0.014 0.188 
 117   (0.031) 0.023 0.013 0.021 0.005 0.004 0.021 0.004 0.021 0.151 0.027 0.005 
 124   (0.010) 0.002 0.002 0.001 0.001 0.001 0.024 0.001 0.003 0.001 0.001 0.001 
 133   (0.034) 0.068 0.014 0.009 0.008 0.003 0.042 0.005 0.062 0.009 0.082 0.003 
 157   (0.050) 0.077 0.162 0.026 0.116 0.057 0.008 0.004 0.041 0.056 0.023 0.025 
 141   (0.018) 0.021 0.017 0.003 0.003 0.006 0.004 0.001 0.016 0.009 0.001 0.002 
 112   (0.068) 0.038 0.097 0.030 0.016 0.147 0.066 0.185 0.033 0.126 0.162 0.193 
 121   (0.020) 0.016 0.022 0.062 0.007 0.003 0.004 0.025 0.009 0.003 0.002 0.008 
 114   (0.038) 0.008 0.007 0.016 0.007 0.077 0.042 0.003 0.048 0.172 0.178 0.015 
 153   (0.051) 0.044 0.013 0.242 0.245 0.088 0.045 0.041 0.105 0.012 0.004 0.008 
 127   (0.070) 0.114 0.107 0.035 0.037 0.095 0.072 0.279 0.055 0.089 0.064 0.018 
 131   (0.058) 0.018 0.024 0.136 0.152 0.041 0.053 0.050 0.029 0.025 0.198 0.234 
 135   (0.031) 0.009 0.018 0.073 0.014 0.013 0.005 0.080 0.084 0.006 0.003 0.008 
 104   (0.011) 0.004 0.001 0.002 0.001 0.002 0.002 0.002 0.002 0.003 0.002 0.010 
 118   (0.015) 0.007 0.006 0.002 0.013 0.001 0.017 0.001 0.011 0.008 0.002 0.017 
 116   (0.027) 0.012 0.026 0.026 0.022 0.016 0.005 0.004 0.053 0.008 0.003 0.023 
 137   (0.024) 0.008 0.038 0.051 0.012 0.003 0.005 0.003 0.013 0.004 0.005 0.103 
 123   (0.022) 0.006 0.008 0.029 0.006 0.094 0.004 0.011 0.026 0.003 0.002 0.004 
 149   (0.009) 0.004 0.002 0.002 0.001 0.002 0.001 0.003 0.010 0.002 0.001 0.001 
 138   (0.011) 0.076 0.002 0.001 0.002 0.001 0.001 0.005 0.002 0.001 0.001 0.001 
 143   (0.024) 0.036 0.017 0.004 0.014 0.053 0.003 0.008 0.005 0.003 0.076 0.003 
 163   (0.008) 0.003 0.010 0.001 0.001 0.001 0.001 0.001 0.003 0.002 0.001 0.002 
 109   (0.009) 0.002 0.001 0.001 0.001 0.001 0.001 0.001 0.003 0.036 0.001 0.001 
 139   (0.009) 0.003 0.010 0.001 0.002 0.001 0.001 0.001 0.006 0.001 0.001 0.001 
 106   (0.011) 0.005 0.008 0.002 0.001 0.001 0.002 0.001 0.005 0.002 0.001 0.001 
 144   (0.014) 0.003 0.003 0.023 0.002 0.002 0.002 0.001 0.008 0.048 0.001 0.001 
 122   (0.010) 0.003 0.002 0.002 0.002 0.001 0.012 0.001 0.005 0.012 0.002 0.001 
 100   (0.017) 0.033 0.015 0.016 0.006 0.008 0.003 0.005 0.014 0.002 0.001 0.002 
 111   (0.011) 0.047 0.001 0.001 0.001 0.001 0.001 0.001 0.003 0.001 0.001 0.001 
 233   (0.010) 0.009 0.002 0.002 0.008 0.002 0.001 0.002 0.002 0.001 0.001 0.001 
 134   (0.009) 0.002 0.001 0.001 0.001 0.012 0.001 0.001 0.005 0.001 0.001 0.001 
 140   (0.009) 0.009 0.001 0.002 0.001 0.001 0.001 0.001 0.003 0.006 0.001 0.001 

Locus 6 : 
17 alleles
0.0% missing data
 221   (0.023) 0.005 0.003 0.003 0.003 0.002 0.148 0.002 0.013 0.003 0.089 0.002 
 232   (0.244) 0.320 0.347 0.215 0.283 0.259 0.167 0.783 0.295 0.270 0.437 0.091 
 229   (0.055) 0.012 0.009 0.019 0.015 0.097 0.094 0.011 0.077 0.011 0.059 0.062 
 223   (0.061) 0.028 0.071 0.016 0.106 0.071 0.098 0.009 0.032 0.072 0.007 0.007 
 230   (0.158) 0.198 0.198 0.073 0.096 0.234 0.066 0.030 0.217 0.217 0.302 0.163 
 235   (0.014) 0.003 0.002 0.002 0.002 0.001 0.077 0.001 0.003 0.002 0.001 0.001 
 236   (0.037) 0.031 0.010 0.006 0.008 0.004 0.084 0.012 0.066 0.006 0.004 0.032 
 227   (0.024) 0.007 0.011 0.004 0.008 0.002 0.062 0.002 0.015 0.012 0.002 0.002 
 220   (0.054) 0.058 0.030 0.184 0.013 0.028 0.007 0.062 0.031 0.023 0.004 0.192 
 222   (0.038) 0.056 0.025 0.214 0.005 0.004 0.005 0.003 0.011 0.013 0.002 0.266 
 234   (0.131) 0.110 0.069 0.206 0.294 0.139 0.087 0.015 0.105 0.300 0.048 0.164 
 224   (0.032) 0.025 0.016 0.005 0.126 0.078 0.004 0.003 0.014 0.005 0.002 0.003 
 228   (0.059) 0.131 0.168 0.018 0.011 0.034 0.012 0.050 0.054 0.051 0.004 0.006 
 225   (0.011) 0.002 0.007 0.006 0.001 0.002 0.005 0.001 0.003 0.002 0.001 0.002 
 226   (0.017) 0.004 0.028 0.023 0.002 0.039 0.004 0.014 0.004 0.002 0.001 0.002 
 233   (0.027) 0.007 0.004 0.004 0.016 0.003 0.046 0.002 0.043 0.007 0.035 0.003 
 231   (0.015) 0.004 0.002 0.002 0.010 0.001 0.033 0.001 0.016 0.004 0.001 0.001 

Locus 7 : 
10 alleles
0.0% missing data
 121   (0.691) 0.868 0.805 0.818 0.576 0.774 0.882 0.612 0.819 0.804 0.746 0.795 
 129   (0.091) 0.056 0.062 0.019 0.095 0.127 0.076 0.197 0.060 0.036 0.102 0.010 
 130   (0.015) 0.003 0.008 0.027 0.002 0.001 0.003 0.002 0.003 0.002 0.002 0.002 
 123   (0.098) 0.035 0.084 0.061 0.225 0.087 0.024 0.181 0.094 0.026 0.098 0.127 
 128   (0.020) 0.004 0.003 0.003 0.020 0.002 0.003 0.001 0.005 0.004 0.021 0.038 
 131   (0.015) 0.003 0.009 0.002 0.009 0.002 0.003 0.002 0.003 0.003 0.001 0.022 
 117   (0.013) 0.015 0.003 0.002 0.002 0.001 0.002 0.001 0.002 0.002 0.001 0.001 
 125   (0.012) 0.002 0.001 0.001 0.063 0.001 0.001 0.001 0.002 0.001 0.001 0.001 
 134   (0.030) 0.010 0.024 0.064 0.006 0.003 0.004 0.002 0.008 0.113 0.005 0.003 
 132   (0.014) 0.003 0.002 0.002 0.002 0.001 0.002 0.001 0.003 0.010 0.022 0.001 

Locus 8 : 
19 alleles
0.0% missing data
 184   (0.301) 0.329 0.360 0.403 0.523 0.275 0.490 0.418 0.410 0.504 0.333 0.523 
 194   (0.048) 0.031 0.042 0.007 0.034 0.014 0.030 0.007 0.032 0.102 0.018 0.016 
 178   (0.103) 0.057 0.086 0.102 0.027 0.292 0.227 0.026 0.067 0.089 0.060 0.186 
 176   (0.084) 0.094 0.064 0.118 0.053 0.009 0.043 0.101 0.109 0.061 0.227 0.010 
 182   (0.077) 0.087 0.154 0.127 0.023 0.039 0.030 0.064 0.068 0.037 0.209 0.008 
 190   (0.029) 0.006 0.006 0.048 0.005 0.017 0.005 0.002 0.006 0.004 0.052 0.073 
 196   (0.020) 0.032 0.003 0.003 0.003 0.067 0.006 0.007 0.004 0.006 0.001 0.002 
 200   (0.024) 0.011 0.059 0.004 0.029 0.002 0.015 0.002 0.009 0.005 0.008 0.003 
 180   (0.023) 0.004 0.004 0.003 0.122 0.003 0.010 0.002 0.004 0.003 0.002 0.072 
 188   (0.039) 0.053 0.006 0.008 0.009 0.059 0.030 0.038 0.018 0.047 0.003 0.009 
 174   (0.040) 0.015 0.013 0.009 0.037 0.004 0.017 0.003 0.089 0.054 0.039 0.021 
 186   (0.120) 0.231 0.178 0.127 0.064 0.122 0.078 0.315 0.164 0.059 0.040 0.046 
 192   (0.022) 0.009 0.004 0.004 0.017 0.086 0.009 0.004 0.005 0.003 0.002 0.012 
 201   (0.010) 0.002 0.003 0.001 0.010 0.001 0.001 0.001 0.002 0.001 0.001 0.012 
 199   (0.018) 0.017 0.010 0.013 0.028 0.002 0.002 0.002 0.003 0.002 0.001 0.002 
 185   (0.011) 0.012 0.001 0.001 0.002 0.001 0.001 0.007 0.002 0.001 0.001 0.001 
 203   (0.010) 0.002 0.001 0.002 0.001 0.001 0.001 0.001 0.002 0.017 0.001 0.001 
 198   (0.011) 0.004 0.002 0.016 0.001 0.001 0.001 0.001 0.002 0.003 0.001 0.001 
 209   (0.011) 0.002 0.002 0.005 0.012 0.004 0.002 0.001 0.003 0.001 0.001 0.001 

Locus 9 : 
6 alleles
0.4% missing data
 154   (0.686) 0.838 0.716 0.759 0.666 0.810 0.711 0.824 0.722 0.671 0.624 0.823 
 156   (0.206) 0.106 0.220 0.226 0.319 0.121 0.166 0.033 0.222 0.260 0.361 0.167 
 152   (0.052) 0.024 0.024 0.009 0.008 0.063 0.077 0.134 0.023 0.046 0.005 0.005 
 153   (0.013) 0.011 0.015 0.002 0.002 0.002 0.002 0.006 0.003 0.002 0.001 0.001 
 160   (0.015) 0.014 0.020 0.002 0.002 0.001 0.002 0.001 0.003 0.002 0.001 0.001 
 164   (0.027) 0.006 0.005 0.004 0.004 0.003 0.041 0.002 0.027 0.019 0.009 0.003 

Locus 10 : 
29 alleles
0.7% missing data
 305   (0.063) 0.057 0.176 0.056 0.010 0.011 0.125 0.009 0.020 0.010 0.008 0.218 
 313   (0.052) 0.064 0.032 0.034 0.010 0.009 0.156 0.007 0.046 0.008 0.006 0.006 
 311   (0.016) 0.004 0.003 0.002 0.005 0.003 0.019 0.001 0.007 0.002 0.002 0.002 
 299   (0.124) 0.116 0.250 0.125 0.016 0.164 0.278 0.172 0.059 0.033 0.029 0.041 
 315   (0.077) 0.062 0.122 0.012 0.015 0.022 0.091 0.006 0.095 0.014 0.100 0.082 
 287   (0.017) 0.005 0.003 0.003 0.820 0.002 0.005 0.002 0.005 0.002 0.002 0.002 
 291   (0.102) 0.069 0.028 0.201 0.015 0.470 0.099 0.012 0.042 0.512 0.016 0.057 
 295   (0.023) 0.007 0.004 0.003 0.003 0.002 0.016 0.002 0.244 0.038 0.002 0.003 
 289   (0.019) 0.004 0.009 0.178 0.002 0.002 0.003 0.001 0.006 0.002 0.002 0.003 
 303   (0.042) 0.104 0.006 0.006 0.005 0.004 0.009 0.587 0.010 0.008 0.566 0.036 
 297   (0.045) 0.010 0.066 0.026 0.005 0.035 0.012 0.104 0.009 0.142 0.080 0.006 
 293   (0.018) 0.005 0.004 0.007 0.002 0.002 0.020 0.001 0.128 0.002 0.001 0.003 
 301   (0.060) 0.117 0.016 0.017 0.008 0.007 0.068 0.007 0.022 0.079 0.007 0.161 
 285   (0.029) 0.008 0.076 0.150 0.004 0.003 0.004 0.013 0.006 0.004 0.003 0.272 
 307   (0.056) 0.024 0.101 0.008 0.009 0.101 0.010 0.004 0.037 0.063 0.162 0.037 
 312   (0.047) 0.027 0.051 0.010 0.007 0.096 0.007 0.014 0.185 0.012 0.003 0.049 
 306   (0.027) 0.093 0.005 0.004 0.005 0.011 0.011 0.002 0.011 0.016 0.002 0.004 
 320   (0.013) 0.031 0.004 0.002 0.001 0.001 0.002 0.001 0.002 0.001 0.001 0.001 
 317   (0.019) 0.071 0.003 0.003 0.002 0.002 0.018 0.041 0.004 0.002 0.001 0.002 
 314   (0.025) 0.020 0.003 0.004 0.033 0.002 0.031 0.002 0.013 0.003 0.002 0.003 
 323   (0.013) 0.012 0.002 0.002 0.006 0.001 0.002 0.001 0.004 0.002 0.001 0.001 
 325   (0.011) 0.012 0.002 0.002 0.006 0.001 0.002 0.001 0.004 0.001 0.001 0.001 
 310   (0.015) 0.004 0.003 0.002 0.002 0.040 0.002 0.001 0.022 0.002 0.001 0.002 
 309   (0.014) 0.004 0.002 0.002 0.002 0.001 0.002 0.001 0.005 0.032 0.001 0.002 
 316   (0.016) 0.048 0.003 0.002 0.002 0.003 0.003 0.002 0.003 0.002 0.001 0.002 
 296   (0.012) 0.014 0.002 0.002 0.001 0.001 0.002 0.002 0.005 0.002 0.001 0.001 
 304   (0.016) 0.004 0.022 0.051 0.002 0.002 0.002 0.003 0.003 0.002 0.001 0.002 
 321   (0.014) 0.003 0.002 0.043 0.001 0.001 0.002 0.001 0.002 0.002 0.001 0.001 
 332   (0.012) 0.002 0.001 0.044 0.001 0.001 0.002 0.001 0.002 0.002 0.001 0.001 

Locus 11 : 
19 alleles
0.0% missing data
 114   (0.148) 0.103 0.143 0.024 0.044 0.020 0.240 0.032 0.234 0.259 0.201 0.287 
 126   (0.023) 0.004 0.003 0.003 0.003 0.002 0.063 0.002 0.009 0.003 0.004 0.016 
 111   (0.088) 0.025 0.150 0.600 0.023 0.563 0.228 0.445 0.036 0.013 0.006 0.008 
 116   (0.112) 0.041 0.119 0.046 0.132 0.029 0.115 0.010 0.110 0.133 0.277 0.018 
 132   (0.012) 0.003 0.002 0.002 0.002 0.001 0.012 0.001 0.003 0.002 0.001 0.001 
 109   (0.015) 0.003 0.002 0.002 0.002 0.002 0.051 0.001 0.003 0.003 0.001 0.001 
 128   (0.017) 0.005 0.003 0.002 0.003 0.005 0.007 0.001 0.004 0.020 0.001 0.002 
 112   (0.304) 0.601 0.451 0.059 0.415 0.042 0.215 0.092 0.476 0.438 0.479 0.610 
 122   (0.018) 0.006 0.003 0.003 0.003 0.002 0.003 0.009 0.012 0.005 0.004 0.008 
 124   (0.012) 0.003 0.002 0.002 0.002 0.001 0.002 0.001 0.002 0.001 0.002 0.018 
 118   (0.054) 0.017 0.024 0.107 0.088 0.006 0.016 0.013 0.032 0.078 0.010 0.012 
 127   (0.014) 0.016 0.003 0.002 0.002 0.001 0.002 0.001 0.003 0.002 0.001 0.001 
 113   (0.063) 0.094 0.058 0.094 0.061 0.236 0.009 0.379 0.019 0.009 0.004 0.006 
 115   (0.030) 0.016 0.007 0.006 0.200 0.006 0.019 0.003 0.021 0.007 0.003 0.003 
 120   (0.023) 0.007 0.003 0.003 0.004 0.069 0.003 0.002 0.009 0.018 0.001 0.002 
 117   (0.022) 0.013 0.016 0.013 0.005 0.008 0.004 0.006 0.005 0.004 0.002 0.003 
 125   (0.018) 0.038 0.003 0.002 0.003 0.002 0.002 0.002 0.014 0.002 0.001 0.001 
 119   (0.014) 0.003 0.009 0.028 0.002 0.003 0.002 0.001 0.003 0.002 0.001 0.001 
 136   (0.013) 0.003 0.002 0.002 0.008 0.001 0.009 0.001 0.004 0.002 0.001 0.001 

Locus 12 : 
28 alleles
0.7% missing data
 306   (0.062) 0.032 0.170 0.108 0.009 0.011 0.123 0.011 0.019 0.009 0.008 0.215 
 314   (0.062) 0.064 0.034 0.025 0.019 0.084 0.144 0.020 0.028 0.008 0.007 0.007 
 312   (0.015) 0.003 0.002 0.002 0.002 0.001 0.028 0.001 0.003 0.002 0.001 0.001 
 300   (0.130) 0.118 0.257 0.124 0.017 0.161 0.294 0.171 0.060 0.034 0.030 0.041 
 316   (0.047) 0.011 0.011 0.007 0.005 0.021 0.089 0.004 0.019 0.006 0.098 0.077 
 288   (0.018) 0.005 0.003 0.003 0.807 0.002 0.004 0.002 0.004 0.002 0.002 0.002 
 292   (0.105) 0.070 0.029 0.225 0.015 0.460 0.100 0.012 0.042 0.508 0.017 0.057 
 296   (0.027) 0.017 0.005 0.004 0.003 0.002 0.016 0.003 0.250 0.039 0.002 0.004 
 290   (0.018) 0.004 0.009 0.177 0.002 0.002 0.003 0.001 0.006 0.002 0.001 0.003 
 304   (0.044) 0.104 0.006 0.007 0.006 0.004 0.009 0.586 0.011 0.008 0.567 0.036 
 298   (0.044) 0.010 0.066 0.026 0.005 0.034 0.012 0.104 0.009 0.140 0.080 0.005 
 294   (0.018) 0.005 0.004 0.006 0.002 0.001 0.020 0.001 0.128 0.002 0.001 0.003 
 302   (0.062) 0.118 0.016 0.017 0.008 0.007 0.069 0.007 0.022 0.079 0.007 0.161 
 286   (0.027) 0.007 0.081 0.161 0.004 0.002 0.004 0.014 0.005 0.003 0.002 0.272 
 308   (0.036) 0.017 0.087 0.005 0.005 0.003 0.007 0.002 0.019 0.019 0.156 0.036 
 313   (0.038) 0.027 0.063 0.006 0.005 0.007 0.006 0.004 0.204 0.013 0.003 0.051 
 307   (0.046) 0.096 0.014 0.007 0.006 0.120 0.012 0.004 0.028 0.066 0.004 0.005 
 321   (0.012) 0.031 0.004 0.001 0.001 0.001 0.002 0.001 0.002 0.001 0.001 0.001 
 315   (0.052) 0.089 0.098 0.007 0.050 0.005 0.034 0.007 0.077 0.010 0.004 0.006 
 318   (0.018) 0.069 0.003 0.003 0.002 0.003 0.006 0.037 0.003 0.002 0.001 0.002 
 324   (0.013) 0.012 0.002 0.002 0.006 0.001 0.002 0.001 0.004 0.002 0.001 0.001 
 326   (0.012) 0.012 0.002 0.002 0.006 0.001 0.002 0.001 0.004 0.001 0.001 0.001 
 311   (0.021) 0.006 0.004 0.003 0.007 0.061 0.006 0.001 0.039 0.004 0.002 0.002 
 310   (0.014) 0.004 0.002 0.002 0.002 0.001 0.002 0.001 0.004 0.032 0.001 0.002 
 305   (0.015) 0.028 0.020 0.002 0.002 0.001 0.002 0.001 0.003 0.002 0.001 0.002 
 317   (0.014) 0.035 0.002 0.002 0.001 0.001 0.002 0.001 0.003 0.002 0.001 0.002 
 320   (0.014) 0.003 0.002 0.021 0.001 0.001 0.002 0.001 0.002 0.002 0.001 0.001 
 322   (0.013) 0.003 0.002 0.043 0.001 0.001 0.002 0.001 0.002 0.002 0.001 0.001 

Locus 13 : 
7 alleles
1.1% missing data
 161   (0.591) 0.493 0.486 0.724 0.463 0.418 0.660 0.368 0.675 0.872 0.890 0.062 
 163   (0.306) 0.482 0.455 0.241 0.521 0.572 0.262 0.470 0.269 0.102 0.024 0.030 
 160   (0.018) 0.004 0.002 0.003 0.003 0.002 0.002 0.001 0.008 0.002 0.001 0.448 
 162   (0.016) 0.003 0.002 0.002 0.002 0.001 0.002 0.001 0.004 0.002 0.001 0.455 
 165   (0.041) 0.013 0.049 0.027 0.007 0.005 0.069 0.158 0.031 0.017 0.003 0.004 
 166   (0.013) 0.003 0.004 0.002 0.002 0.001 0.004 0.001 0.011 0.002 0.002 0.001 
 164   (0.015) 0.003 0.002 0.002 0.002 0.001 0.002 0.001 0.003 0.002 0.078 0.001 

Locus 14 : 
4 alleles
0.4% missing data
  98   (0.957) 0.967 0.994 0.994 0.994 0.996 0.991 0.993 0.978 0.992 0.987 0.996 
 100   (0.013) 0.015 0.002 0.002 0.002 0.001 0.002 0.003 0.003 0.002 0.001 0.001 
  96   (0.017) 0.005 0.003 0.002 0.002 0.001 0.006 0.001 0.014 0.004 0.011 0.002 
 105   (0.013) 0.014 0.002 0.002 0.002 0.001 0.002 0.002 0.005 0.002 0.001 0.001 

Locus 15 : 
12 alleles
2.2% missing data
 171   (0.315) 0.438 0.257 0.425 0.471 0.350 0.407 0.262 0.262 0.194 0.174 0.216 
 177   (0.185) 0.145 0.131 0.162 0.243 0.096 0.204 0.054 0.194 0.354 0.050 0.363 
 173   (0.263) 0.254 0.382 0.321 0.132 0.502 0.269 0.590 0.432 0.232 0.055 0.087 
 179   (0.099) 0.054 0.167 0.035 0.122 0.011 0.071 0.079 0.040 0.047 0.588 0.319 
 183   (0.020) 0.006 0.009 0.005 0.007 0.002 0.031 0.007 0.005 0.003 0.009 0.002 
 181   (0.037) 0.079 0.016 0.006 0.005 0.032 0.006 0.003 0.009 0.010 0.118 0.004 
 197   (0.013) 0.003 0.002 0.002 0.002 0.001 0.002 0.001 0.002 0.097 0.001 0.001 
 170   (0.013) 0.004 0.004 0.002 0.003 0.001 0.002 0.001 0.030 0.002 0.001 0.001 
 189   (0.013) 0.006 0.024 0.002 0.002 0.001 0.002 0.001 0.005 0.002 0.001 0.003 
 203   (0.013) 0.003 0.002 0.002 0.002 0.001 0.002 0.001 0.005 0.055 0.001 0.001 
 187   (0.017) 0.007 0.002 0.017 0.012 0.001 0.003 0.001 0.014 0.002 0.001 0.002 
 198   (0.012) 0.002 0.002 0.021 0.001 0.001 0.002 0.001 0.002 0.002 0.001 0.001 

Values of parameters used in structure:
DATAFILE=STRUCTURE_main_final_278_HEG_ZG.str,	OUTFILE=STRUCTURE_main_final_278_HEG_ZG-K11-3,	NUMINDS=278,	NUMLOCI=15,	MISSING=-9,	LABEL=1,	POPDATA=1,	POPFLAG=0,	PHENOTYPE=0,	EXTRACOLS=0,	MAXPOPS=11,	BURNIN=100000,	NUMREPS=500000,	USEPOPINFO=0,	INFERALPHA=1,	INFERLAMBDA=0,	POPSPECIFICLAMBDA=0,	POPALPHAS=0,	COMPUTEPROB=1,	NOADMIX=0,	ADMBURNIN=2500,	UPDATEFREQ=1,	PRINTLIKES=0,	INTERMEDSAVE=0,	PRINTKLD=0,	PRINTNET=0,	PRINTLAMBDA=0,	ANCESTDIST=0,	NUMBOXES=1000,	ANCESTPINT=0.90000,	GENSBACK=2,	MIGRPRIOR=0.05000,	PRINTQHAT=0,	PRINTQSUM=0,	ALPHA=1.0000,	FREQSCORR=1,	FPRIORMEAN=0.0100,	FPRIORSD=0.0500,	ONEFST=0,	LAMBDA=1.0000,	UNIFPRIORALPHA=1,	ALPHAMAX=10.0000,	ALPHAPRIORA=1.0000,	ALPHAPRIORB=2.0000,	ALPHAPROPSD=0.0250,	STARTATPOPINFO=0,	RANDOMIZE=1,	LINKAGE=0,	METROFREQ=10,	REPORTHITRATE=0,	MARKOVPHASE=-1,	PHASED=0,	PLOIDY=2,	PHASEINFO=0	LOCPRIOR=0, 	LOCPRIORINIT=1.000000, 	LOCDATA=0, 	LOCISPOP=0, 	LOCPRIORSTEP=0.100000, 	MAXLOCPRIOR=20.000000, 	SEED=1782486035,	
[STRAT parameters]:    NUMSIMSTATS=1000,	PHENOTYPECOL=-9,	POOLFREQ=10,	LOCUSxONLY=0,	EMERROR=0.00100,	MISSINGPHENO=-9,	