

----------------------------------------------------
STRUCTURE by Pritchard, Stephens and Donnelly (2000)
     and Falush, Stephens and Pritchard (2003)
       Code by Pritchard, Falush and Hubisz
             Version 2.3.4 (Jul 2012)
----------------------------------------------------



Command line arguments:   structure -K 8 -i STRUCTURE_main_final_278_HEG_ZG.str -o STRUCTURE_main_final_278_HEG_ZG-K8-20 
Input File:    STRUCTURE_main_final_278_HEG_ZG.str

Run parameters:
   278 individuals
   15 loci
   8 populations assumed
   100000 Burn-in period
   500000 Reps


--------------------------------------------
Proportion of membership of each pre-defined
 population in each of the 8 clusters

Given    Inferred Clusters                                          Number of
 Pop       1      2      3      4      5      6      7      8      Individuals

  1:     0.062  0.031  0.074  0.013  0.069  0.021  0.097  0.634       24
  2:     0.053  0.045  0.057  0.693  0.071  0.024  0.029  0.027       24
  3:     0.032  0.260  0.236  0.023  0.013  0.334  0.069  0.033       24
  4:     0.538  0.038  0.048  0.026  0.047  0.184  0.056  0.063       24
  5:     0.194  0.019  0.113  0.037  0.055  0.510  0.043  0.029       24
  6:     0.138  0.036  0.027  0.040  0.231  0.076  0.025  0.426       24
  7:     0.073  0.010  0.027  0.025  0.748  0.025  0.023  0.069       24
  8:     0.078  0.049  0.055  0.016  0.014  0.672  0.088  0.030       14
  9:     0.040  0.131  0.276  0.164  0.009  0.057  0.253  0.069       24
 10:     0.015  0.188  0.077  0.010  0.022  0.031  0.641  0.016       24
 11:     0.038  0.395  0.135  0.023  0.014  0.035  0.325  0.035       24
 12:     0.279  0.070  0.087  0.019  0.116  0.103  0.068  0.258       24
--------------------------------------------

Allele-freq. divergence among pops (Net nucleotide distance),
computed using point estimates of P.

      1       2       3       4       5       6       7       8      
 1      -    0.0892  0.0506  0.0812  0.0647  0.0352  0.0597  0.0344  
 2   0.0892     -    0.0772  0.1271  0.0928  0.0638  0.0620  0.0780  
 3   0.0506  0.0772     -    0.0936  0.0887  0.0448  0.0651  0.0490  
 4   0.0812  0.1271  0.0936     -    0.1077  0.0665  0.1103  0.0701  
 5   0.0647  0.0928  0.0887  0.1077     -    0.0757  0.1267  0.0660  
 6   0.0352  0.0638  0.0448  0.0665  0.0757     -    0.0518  0.0326  
 7   0.0597  0.0620  0.0651  0.1103  0.1267  0.0518     -    0.0581  
 8   0.0344  0.0780  0.0490  0.0701  0.0660  0.0326  0.0581     -    

Average distances (expected heterozygosity) between individuals in same cluster:
cluster  1  : 0.6038 
cluster  2  : 0.5702 
cluster  3  : 0.6264 
cluster  4  : 0.6036 
cluster  5  : 0.5507 
cluster  6  : 0.6322 
cluster  7  : 0.6094 
cluster  8  : 0.6197 

--------------------------------------------
Estimated Ln Prob of Data   = -12476.6
Mean value of ln likelihood = -11867.4
Variance of ln likelihood   = 1218.3
Mean value of alpha         = 0.0606

Mean value of Fst_1         = 0.1011
Mean value of Fst_2         = 0.2012
Mean value of Fst_3         = 0.1106
Mean value of Fst_4         = 0.2012
Mean value of Fst_5         = 0.1993
Mean value of Fst_6         = 0.0583
Mean value of Fst_7         = 0.1375
Mean value of Fst_8         = 0.0874


Inferred ancestry of individuals:
        Label (%Miss) Pop:  Inferred clusters
  1 24.0601.E1    (0)    1 :  0.012 0.012 0.012 0.010 0.014 0.008 0.008 0.924 
  2 24.0602.E1    (0)    1 :  0.008 0.013 0.019 0.005 0.011 0.012 0.015 0.916 
  3 24.0603.E1    (0)    1 :  0.030 0.012 0.009 0.006 0.031 0.061 0.008 0.843 
  4 24.0604.E1    (0)    1 :  0.215 0.006 0.216 0.010 0.007 0.006 0.048 0.492 
  5 24.0605.E1    (0)    1 :  0.040 0.014 0.014 0.009 0.042 0.015 0.010 0.856 
  6 24.0606.E1    (0)    1 :  0.144 0.009 0.008 0.014 0.024 0.017 0.026 0.758 
  7 24.0607.E1    (0)    1 :  0.018 0.016 0.451 0.011 0.239 0.072 0.016 0.179 
  8 24.0608.E1    (0)    1 :  0.010 0.127 0.009 0.004 0.106 0.010 0.036 0.698 
  9 24.0609.E1    (0)    1 :  0.291 0.018 0.019 0.005 0.007 0.029 0.477 0.154 
 10 24.0610.E1    (0)    1 :  0.123 0.008 0.007 0.006 0.011 0.021 0.432 0.393 
 11 24.0611.E1    (0)    1 :  0.042 0.007 0.008 0.007 0.007 0.011 0.054 0.863 
 12 24.0612.E1    (0)    1 :  0.009 0.005 0.015 0.008 0.017 0.014 0.008 0.923 
 13 24.0613.E1    (0)    1 :  0.089 0.006 0.007 0.008 0.006 0.009 0.039 0.835 
 14 24.0614.E1    (0)    1 :  0.016 0.306 0.016 0.011 0.297 0.011 0.052 0.290 
 15 24.0615.E1    (0)    1 :  0.014 0.028 0.044 0.014 0.052 0.014 0.149 0.684 
 16 24.0616.E1    (0)    1 :  0.012 0.007 0.014 0.014 0.006 0.009 0.013 0.925 
 17 24.0617.E1    (0)    1 :  0.021 0.011 0.011 0.026 0.025 0.016 0.624 0.267 
 18 24.0618.E1    (0)    1 :  0.055 0.028 0.009 0.016 0.006 0.052 0.116 0.716 
 19 24.0619.E1    (0)    1 :  0.092 0.006 0.352 0.018 0.006 0.012 0.017 0.496 
 20 24.0620.E1   (20)    1 :  0.119 0.012 0.030 0.015 0.683 0.029 0.050 0.062 
 21 24.0621.E1    (0)    1 :  0.073 0.063 0.462 0.006 0.007 0.016 0.080 0.292 
 22 24.0622.E1    (0)    1 :  0.021 0.007 0.007 0.019 0.012 0.018 0.011 0.906 
 23 24.0623.E1    (0)    1 :  0.019 0.015 0.032 0.055 0.022 0.022 0.033 0.802 
 24 24.0624.E1    (0)    1 :  0.008 0.007 0.006 0.007 0.008 0.009 0.014 0.942 
 25 24.0625.E1    (0)    2 :  0.044 0.205 0.020 0.597 0.077 0.025 0.011 0.021 
 26 24.0626.E1    (0)    2 :  0.005 0.135 0.005 0.782 0.057 0.005 0.004 0.006 
 27 24.0627.E1    (0)    2 :  0.045 0.009 0.451 0.438 0.034 0.008 0.006 0.009 
 28 24.0628.E1    (0)    2 :  0.151 0.097 0.009 0.326 0.218 0.019 0.142 0.038 
 29 24.0629.E1    (0)    2 :  0.012 0.010 0.012 0.798 0.008 0.043 0.015 0.102 
 30 24.0630.E1    (0)    2 :  0.014 0.047 0.009 0.750 0.161 0.007 0.006 0.007 
 31 24.0631.E1    (0)    2 :  0.005 0.004 0.005 0.963 0.006 0.005 0.004 0.008 
 32 24.0632.E1    (0)    2 :  0.010 0.006 0.012 0.882 0.057 0.015 0.008 0.010 
 33 24.0633.E1    (0)    2 :  0.033 0.416 0.008 0.425 0.054 0.034 0.010 0.019 
 34 24.0634.E1    (0)    2 :  0.012 0.017 0.009 0.918 0.008 0.012 0.011 0.013 
 35 24.0635.E1    (0)    2 :  0.035 0.042 0.030 0.581 0.041 0.169 0.059 0.045 
 36 24.0636.E1   (33)    2 :  0.114 0.010 0.019 0.048 0.733 0.027 0.013 0.036 
 37 24.0637.E1    (0)    2 :  0.006 0.004 0.005 0.960 0.009 0.007 0.004 0.006 
 38 24.0638.E1    (0)    2 :  0.055 0.008 0.016 0.827 0.006 0.067 0.008 0.013 
 39 24.0639.E1    (0)    2 :  0.011 0.014 0.034 0.740 0.023 0.029 0.076 0.074 
 40 24.0640.E1    (0)    2 :  0.008 0.006 0.006 0.943 0.010 0.009 0.008 0.011 
 41 24.0641.E1    (0)    2 :  0.039 0.013 0.377 0.395 0.023 0.036 0.014 0.104 
 42 24.0642.E1    (0)    2 :  0.307 0.006 0.009 0.542 0.046 0.009 0.005 0.076 
 43 24.0643.E1    (0)    2 :  0.013 0.008 0.283 0.554 0.092 0.025 0.013 0.012 
 44 24.0644.E1    (0)    2 :  0.044 0.007 0.010 0.806 0.008 0.008 0.106 0.012 
 45 24.0645.E1    (0)    2 :  0.251 0.005 0.008 0.637 0.018 0.007 0.064 0.010 
 46 24.0646.E1    (0)    2 :  0.046 0.007 0.010 0.806 0.007 0.008 0.105 0.012 
 47 24.0647.E1    (0)    2 :  0.006 0.004 0.005 0.960 0.008 0.007 0.004 0.006 
 48 24.0648.E1    (0)    2 :  0.006 0.004 0.005 0.960 0.009 0.007 0.004 0.006 
 49 24.0649.E1    (0)    3 :  0.009 0.018 0.011 0.009 0.004 0.922 0.020 0.007 
 50 24.0650.E1    (0)    3 :  0.357 0.391 0.010 0.005 0.005 0.022 0.189 0.020 
 51 24.0651.E1    (0)    3 :  0.023 0.072 0.030 0.294 0.018 0.537 0.016 0.011 
 52 24.0652.E1    (0)    3 :  0.010 0.843 0.025 0.006 0.006 0.065 0.007 0.038 
 53 24.0653.E1    (0)    3 :  0.011 0.015 0.887 0.007 0.007 0.046 0.020 0.007 
 54 24.0654.E1    (0)    3 :  0.011 0.565 0.013 0.012 0.005 0.349 0.035 0.010 
 55 24.0655.E1    (0)    3 :  0.014 0.197 0.010 0.024 0.010 0.645 0.026 0.074 
 56 24.0656.E1    (0)    3 :  0.028 0.877 0.014 0.008 0.018 0.029 0.015 0.011 
 57 24.0657.E1    (0)    3 :  0.029 0.867 0.015 0.008 0.018 0.035 0.015 0.012 
 58 24.0658.E1    (0)    3 :  0.034 0.009 0.035 0.009 0.008 0.644 0.240 0.021 
 59 24.0659.E1    (0)    3 :  0.021 0.273 0.284 0.023 0.005 0.191 0.115 0.088 
 60 24.0660.E1    (6)    3 :  0.018 0.012 0.014 0.016 0.007 0.898 0.009 0.026 
 61 24.0661.E1    (0)    3 :  0.008 0.929 0.011 0.006 0.010 0.019 0.009 0.009 
 62 24.0662.E1    (0)    3 :  0.015 0.193 0.062 0.046 0.016 0.320 0.063 0.286 
 63 24.0663.E1    (0)    3 :  0.052 0.135 0.010 0.012 0.006 0.062 0.716 0.007 
 64 24.0664.E1    (0)    3 :  0.012 0.299 0.017 0.008 0.036 0.601 0.018 0.008 
 65 24.0665.E1    (0)    3 :  0.028 0.371 0.036 0.008 0.085 0.457 0.008 0.008 
 66 24.0666.E1    (0)    3 :  0.014 0.013 0.923 0.008 0.006 0.013 0.013 0.010 
 67 24.0667.E1    (0)    3 :  0.010 0.012 0.906 0.005 0.005 0.039 0.008 0.014 
 68 24.0668.E1    (0)    3 :  0.005 0.005 0.961 0.006 0.004 0.007 0.006 0.005 
 69 24.0669.E1    (0)    3 :  0.006 0.005 0.961 0.005 0.005 0.007 0.006 0.005 
 70 24.0670.E1    (0)    3 :  0.005 0.029 0.016 0.005 0.006 0.881 0.045 0.013 
 71 24.0671.E1    (0)    3 :  0.016 0.104 0.012 0.014 0.010 0.791 0.044 0.010 
 72 24.0672.E1    (0)    3 :  0.030 0.013 0.399 0.008 0.007 0.437 0.014 0.090 
 73 24.0673.E1    (6)    4 :  0.222 0.473 0.009 0.026 0.122 0.024 0.014 0.110 
 74 24.0674.E1    (0)    4 :  0.878 0.009 0.006 0.009 0.054 0.008 0.017 0.019 
 75 24.0675.E1    (0)    4 :  0.708 0.072 0.011 0.028 0.032 0.029 0.092 0.028 
 76 24.0676.E1    (0)    4 :  0.640 0.020 0.008 0.009 0.024 0.038 0.248 0.013 
 77 24.0677.E1    (0)    4 :  0.030 0.048 0.035 0.005 0.013 0.797 0.035 0.037 
 78 24.0678.E1    (0)    4 :  0.030 0.025 0.138 0.042 0.013 0.254 0.009 0.488 
 79 24.0679.E1    (0)    4 :  0.312 0.020 0.044 0.014 0.010 0.216 0.247 0.136 
 80 24.0680.E1    (0)    4 :  0.113 0.024 0.215 0.019 0.013 0.533 0.011 0.072 
 81 24.0681.E1    (0)    4 :  0.625 0.014 0.016 0.011 0.021 0.251 0.011 0.050 
 82 24.0682.E1    (0)    4 :  0.958 0.003 0.006 0.005 0.006 0.005 0.012 0.005 
 83 24.0683.E1    (0)    4 :  0.780 0.010 0.009 0.007 0.159 0.008 0.007 0.020 
 84 24.0684.E1    (0)    4 :  0.744 0.008 0.018 0.022 0.050 0.047 0.031 0.080 
 85 24.0685.E1    (0)    4 :  0.895 0.006 0.031 0.010 0.021 0.011 0.015 0.012 
 86 24.0686.E1    (0)    4 :  0.032 0.008 0.014 0.092 0.015 0.707 0.019 0.113 
 87 24.0687.E1    (0)    4 :  0.062 0.011 0.009 0.192 0.017 0.575 0.029 0.106 
 88 24.0688.E1    (0)    4 :  0.950 0.005 0.006 0.007 0.007 0.011 0.006 0.007 
 89 24.0689.E1    (0)    4 :  0.155 0.037 0.014 0.016 0.041 0.369 0.333 0.035 
 90 24.0690.E1    (0)    4 :  0.061 0.033 0.477 0.054 0.039 0.292 0.008 0.036 
 91 24.0691.E1    (0)    4 :  0.895 0.006 0.007 0.009 0.008 0.016 0.034 0.025 
 92 24.0692.E1    (0)    4 :  0.845 0.006 0.009 0.006 0.011 0.090 0.027 0.007 
 93 24.0693.E1    (0)    4 :  0.328 0.064 0.015 0.009 0.417 0.099 0.055 0.014 
 94 24.0694.E1    (0)    4 :  0.933 0.006 0.014 0.007 0.011 0.011 0.009 0.009 
 95 24.0695.E1    (0)    4 :  0.832 0.010 0.022 0.007 0.009 0.012 0.047 0.061 
 96 24.0696.E1    (0)    4 :  0.897 0.006 0.013 0.015 0.010 0.017 0.016 0.026 
 97 24.0697.E1    (0)    5 :  0.112 0.012 0.012 0.012 0.114 0.710 0.020 0.007 
 98 24.0698.E1    (0)    5 :  0.030 0.013 0.040 0.019 0.115 0.727 0.033 0.023 
 99 24.0699.E1    (0)    5 :  0.007 0.009 0.020 0.014 0.011 0.912 0.007 0.018 
100 24.0700.E1    (0)    5 :  0.020 0.011 0.009 0.007 0.009 0.928 0.009 0.008 
101 24.0701.E1    (0)    5 :  0.010 0.009 0.882 0.010 0.047 0.019 0.013 0.010 
102 24.0702.E1    (0)    5 :  0.016 0.009 0.030 0.014 0.035 0.872 0.011 0.014 
103 24.0703.E1    (0)    5 :  0.008 0.007 0.020 0.143 0.008 0.792 0.010 0.012 
104 24.0704.E1    (6)    5 :  0.014 0.007 0.181 0.018 0.011 0.742 0.010 0.017 
105 24.0705.E1    (0)    5 :  0.832 0.008 0.034 0.011 0.010 0.065 0.017 0.023 
106 24.0706.E1    (0)    5 :  0.047 0.018 0.039 0.009 0.014 0.851 0.013 0.009 
107 24.0707.E1    (0)    5 :  0.046 0.013 0.018 0.022 0.020 0.839 0.007 0.037 
108 24.0708.E1    (0)    5 :  0.062 0.074 0.027 0.275 0.034 0.061 0.352 0.115 
109 24.0709.E1    (0)    5 :  0.775 0.017 0.015 0.011 0.008 0.021 0.143 0.012 
110 24.0710.E1    (0)    5 :  0.238 0.017 0.079 0.010 0.060 0.476 0.063 0.058 
111 24.0711.E1    (0)    5 :  0.065 0.009 0.062 0.065 0.022 0.688 0.010 0.077 
112 24.0712.E1    (0)    5 :  0.041 0.008 0.752 0.046 0.022 0.090 0.011 0.030 
113 24.0713.E1    (0)    5 :  0.534 0.011 0.022 0.010 0.021 0.298 0.092 0.011 
114 24.0714.E1    (0)    5 :  0.039 0.015 0.025 0.018 0.011 0.827 0.021 0.043 
115 24.0715.E1    (0)    5 :  0.098 0.042 0.017 0.008 0.449 0.337 0.014 0.035 
116 24.0716.E1    (0)    5 :  0.022 0.010 0.337 0.055 0.018 0.444 0.050 0.063 
117 24.0717.E1    (0)    5 :  0.033 0.120 0.023 0.064 0.246 0.465 0.029 0.020 
118 24.0718.E1    (0)    5 :  0.147 0.006 0.026 0.021 0.014 0.754 0.010 0.023 
119 24.0719.E1    (0)    5 :  0.850 0.009 0.026 0.016 0.009 0.034 0.048 0.008 
120 24.0720.E1    (0)    5 :  0.613 0.011 0.015 0.013 0.007 0.289 0.034 0.017 
121 24.0721.E1    (0)    6 :  0.094 0.133 0.013 0.025 0.542 0.141 0.037 0.014 
122 24.0722.E1    (0)    6 :  0.107 0.013 0.040 0.221 0.519 0.055 0.018 0.028 
123 24.0723.E1    (0)    6 :  0.019 0.323 0.010 0.373 0.191 0.026 0.026 0.031 
124 24.0724.E1    (0)    6 :  0.360 0.052 0.017 0.034 0.137 0.033 0.170 0.197 
125 24.0725.E1    (0)    6 :  0.014 0.019 0.008 0.009 0.010 0.013 0.009 0.919 
126 24.0726.E1    (6)    6 :  0.207 0.011 0.010 0.011 0.095 0.020 0.011 0.635 
127 24.0727.E1    (0)    6 :  0.027 0.071 0.028 0.015 0.461 0.042 0.024 0.332 
128 24.0728.E1    (0)    6 :  0.023 0.032 0.011 0.035 0.183 0.324 0.015 0.377 
129 24.0729.E1    (0)    6 :  0.251 0.007 0.031 0.017 0.049 0.016 0.044 0.587 
130 24.0730.E1    (0)    6 :  0.037 0.015 0.019 0.011 0.053 0.776 0.028 0.061 
131 24.0731.E1    (0)    6 :  0.685 0.024 0.006 0.015 0.065 0.011 0.009 0.185 
132 24.0732.E1    (0)    6 :  0.110 0.024 0.011 0.009 0.762 0.019 0.006 0.060 
133 24.0733.E1    (0)    6 :  0.010 0.005 0.005 0.006 0.024 0.006 0.007 0.938 
134 24.0734.E1    (0)    6 :  0.012 0.012 0.010 0.018 0.801 0.091 0.010 0.046 
135 24.0735.E1    (0)    6 :  0.022 0.012 0.011 0.043 0.207 0.056 0.023 0.626 
136 24.0736.E1    (0)    6 :  0.010 0.008 0.007 0.008 0.052 0.011 0.007 0.897 
137 24.0737.E1    (0)    6 :  0.016 0.013 0.009 0.026 0.009 0.023 0.010 0.895 
138 24.0738.E1    (0)    6 :  0.013 0.012 0.011 0.011 0.034 0.019 0.007 0.893 
139 24.0739.E1    (0)    6 :  0.014 0.010 0.007 0.015 0.007 0.025 0.009 0.913 
140 24.0740.E1    (0)    6 :  0.395 0.007 0.017 0.016 0.015 0.017 0.032 0.501 
141 24.0741.E1    (0)    6 :  0.208 0.014 0.008 0.016 0.393 0.049 0.011 0.301 
142 24.0742.E1    (0)    6 :  0.035 0.010 0.009 0.012 0.717 0.014 0.010 0.193 
143 24.0743.E1    (0)    6 :  0.488 0.015 0.030 0.006 0.055 0.015 0.032 0.360 
144 24.0744.E1    (0)    6 :  0.154 0.022 0.323 0.014 0.168 0.028 0.054 0.236 
145 24.0745.E1    (0)    7 :  0.026 0.018 0.034 0.005 0.884 0.017 0.010 0.006 
146 24.0746.E1    (0)    7 :  0.070 0.010 0.042 0.090 0.610 0.074 0.018 0.087 
147 24.0747.E1    (0)    7 :  0.243 0.010 0.013 0.007 0.643 0.013 0.048 0.024 
148 24.0748.E1    (6)    7 :  0.314 0.022 0.015 0.008 0.543 0.013 0.058 0.028 
149 24.0749.E1    (0)    7 :  0.010 0.006 0.010 0.008 0.709 0.009 0.009 0.238 
150 24.0750.E1    (0)    7 :  0.224 0.015 0.047 0.016 0.288 0.103 0.026 0.280 
151 24.0751.E1    (0)    7 :  0.006 0.006 0.006 0.007 0.954 0.006 0.005 0.009 
152 24.0752.E1    (0)    7 :  0.013 0.011 0.008 0.006 0.891 0.013 0.008 0.050 
153 24.0753.E1    (0)    7 :  0.015 0.019 0.011 0.101 0.519 0.010 0.006 0.318 
154 24.0754.E1    (0)    7 :  0.028 0.010 0.008 0.016 0.894 0.010 0.007 0.028 
155 24.0755.E1    (0)    7 :  0.122 0.007 0.013 0.016 0.725 0.028 0.074 0.015 
156 24.0756.E1    (0)    7 :  0.008 0.009 0.011 0.009 0.925 0.006 0.017 0.016 
157 24.0757.E1    (0)    7 :  0.005 0.004 0.005 0.005 0.969 0.005 0.004 0.004 
158 24.0758.E1    (0)    7 :  0.005 0.004 0.005 0.005 0.968 0.005 0.004 0.005 
159 24.0759.E1    (0)    7 :  0.009 0.013 0.010 0.006 0.921 0.011 0.006 0.023 
160 24.0760.E1    (0)    7 :  0.029 0.009 0.011 0.228 0.642 0.059 0.007 0.014 
161 24.0761.E1    (0)    7 :  0.006 0.006 0.005 0.010 0.955 0.006 0.006 0.007 
162 24.0762.E1    (0)    7 :  0.074 0.011 0.333 0.009 0.073 0.143 0.155 0.202 
163 24.0763.E1    (0)    7 :  0.015 0.007 0.005 0.005 0.949 0.006 0.005 0.008 
164 24.0764.E1    (0)    7 :  0.006 0.005 0.006 0.008 0.947 0.008 0.005 0.014 
165 24.0765.E1    (0)    7 :  0.022 0.012 0.009 0.025 0.899 0.010 0.014 0.009 
166 24.0766.E1    (0)    7 :  0.010 0.010 0.007 0.007 0.942 0.008 0.006 0.010 
167 24.0767.E1    (0)    7 :  0.008 0.006 0.004 0.005 0.962 0.005 0.005 0.005 
168 24.0768.E1    (0)    7 :  0.473 0.018 0.038 0.007 0.141 0.032 0.044 0.247 
169 24.0779.E1    (0)    8 :  0.045 0.017 0.021 0.007 0.054 0.823 0.012 0.022 
170 24.0780.E1    (6)    8 :  0.039 0.058 0.009 0.007 0.005 0.696 0.176 0.009 
171 24.0781.E1    (0)    8 :  0.009 0.008 0.006 0.006 0.006 0.951 0.009 0.005 
172 24.0782.E1    (0)    8 :  0.448 0.041 0.012 0.061 0.033 0.227 0.027 0.151 
173 24.0783.E1    (0)    8 :  0.119 0.030 0.040 0.018 0.008 0.311 0.461 0.014 
174 24.0784.E1    (0)    8 :  0.043 0.010 0.006 0.006 0.005 0.870 0.050 0.010 
175 24.0785.E1    (0)    8 :  0.012 0.056 0.018 0.005 0.005 0.850 0.047 0.007 
176 24.0786.E1    (0)    8 :  0.114 0.024 0.014 0.009 0.012 0.630 0.172 0.026 
177 24.0787.E1    (0)    8 :  0.015 0.016 0.008 0.036 0.014 0.886 0.012 0.013 
178 24.0788.E1    (0)    8 :  0.043 0.026 0.009 0.022 0.008 0.703 0.182 0.007 
179 24.0789.E1    (0)    8 :  0.011 0.015 0.010 0.025 0.008 0.861 0.039 0.031 
180 24.0790.E1    (0)    8 :  0.007 0.023 0.009 0.009 0.005 0.927 0.015 0.005 
181 24.0791.E1    (0)    8 :  0.091 0.015 0.580 0.005 0.010 0.186 0.015 0.098 
182 24.0792.E1    (0)    8 :  0.092 0.345 0.027 0.005 0.022 0.484 0.010 0.015 
183 24.0793.E1    (0)    9 :  0.011 0.155 0.043 0.336 0.008 0.103 0.294 0.051 
184 24.0794.E1    (0)    9 :  0.007 0.340 0.010 0.008 0.008 0.019 0.061 0.546 
185 24.0795.E1    (0)    9 :  0.018 0.040 0.012 0.149 0.010 0.041 0.154 0.575 
186 24.0796.E1    (0)    9 :  0.009 0.308 0.012 0.009 0.006 0.117 0.478 0.061 
187 24.0797.E1    (0)    9 :  0.009 0.189 0.022 0.062 0.004 0.240 0.439 0.034 
188 24.0798.E1    (0)    9 :  0.025 0.195 0.497 0.184 0.028 0.023 0.037 0.012 
189 24.0799.E1    (0)    9 :  0.009 0.012 0.823 0.013 0.009 0.018 0.086 0.029 
190 24.0800.E1    (0)    9 :  0.067 0.033 0.456 0.007 0.009 0.021 0.380 0.026 
191 24.0801.E1    (0)    9 :  0.020 0.015 0.920 0.009 0.006 0.011 0.015 0.005 
192 24.0802.E1    (0)    9 :  0.011 0.096 0.011 0.464 0.006 0.024 0.370 0.018 
193 24.0803.E1    (0)    9 :  0.008 0.024 0.768 0.125 0.007 0.021 0.021 0.026 
194 24.0804.E1    (0)    9 :  0.008 0.070 0.009 0.264 0.005 0.015 0.616 0.013 
195 24.0805.E1    (0)    9 :  0.062 0.011 0.752 0.009 0.010 0.016 0.129 0.012 
196 24.0806.E1    (0)    9 :  0.014 0.094 0.082 0.633 0.014 0.022 0.098 0.042 
197 24.0807.E1    (0)    9 :  0.009 0.393 0.017 0.338 0.004 0.030 0.190 0.019 
198 24.0808.E1    (0)    9 :  0.198 0.105 0.178 0.014 0.008 0.186 0.294 0.017 
199 24.0809.E1    (0)    9 :  0.134 0.010 0.580 0.007 0.012 0.010 0.227 0.021 
200 24.0810.E1    (0)    9 :  0.077 0.108 0.680 0.033 0.019 0.017 0.053 0.013 
201 24.0811.E1    (0)    9 :  0.008 0.443 0.005 0.203 0.006 0.025 0.253 0.056 
202 24.0812.E1    (0)    9 :  0.025 0.029 0.016 0.011 0.008 0.093 0.777 0.042 
203 24.0813.E1    (0)    9 :  0.160 0.046 0.027 0.277 0.010 0.235 0.233 0.011 
204 24.0814.E1    (6)    9 :  0.038 0.055 0.111 0.123 0.006 0.018 0.640 0.010 
205 24.0815.E1    (0)    9 :  0.017 0.020 0.535 0.287 0.008 0.012 0.114 0.006 
206 24.0816.E1    (0)    9 :  0.006 0.366 0.066 0.378 0.006 0.047 0.119 0.012 
207 24.0817.E1    (0)   10 :  0.016 0.097 0.017 0.007 0.007 0.034 0.794 0.029 
208 24.0818.E1    (0)   10 :  0.007 0.111 0.014 0.010 0.011 0.100 0.710 0.037 
209 24.0819.E1    (0)   10 :  0.010 0.263 0.600 0.009 0.084 0.008 0.015 0.011 
210 24.0820.E1    (0)   10 :  0.007 0.781 0.019 0.010 0.136 0.009 0.028 0.009 
211 24.0821.E1    (0)   10 :  0.020 0.205 0.388 0.012 0.008 0.206 0.144 0.017 
212 24.0822.E1    (0)   10 :  0.010 0.019 0.010 0.005 0.024 0.038 0.885 0.008 
213 24.0823.E1    (0)   10 :  0.018 0.474 0.024 0.010 0.064 0.009 0.390 0.011 
214 24.0824.E1    (0)   10 :  0.044 0.015 0.495 0.007 0.010 0.008 0.413 0.008 
215 24.0825.E1    (0)   10 :  0.012 0.007 0.006 0.006 0.007 0.006 0.951 0.006 
216 24.0826.E1    (0)   10 :  0.011 0.839 0.027 0.014 0.047 0.016 0.039 0.008 
217 24.0827.E1    (0)   10 :  0.012 0.255 0.009 0.010 0.005 0.023 0.631 0.056 
218 24.0828.E1    (0)   10 :  0.016 0.685 0.060 0.013 0.021 0.022 0.175 0.009 
219 24.0829.E1    (0)   10 :  0.015 0.100 0.022 0.007 0.013 0.010 0.826 0.007 
220 24.0830.E1    (0)   10 :  0.014 0.123 0.013 0.007 0.005 0.029 0.800 0.008 
221 24.0831.E1    (0)   10 :  0.023 0.077 0.024 0.006 0.005 0.072 0.787 0.006 
222 24.0832.E1    (0)   10 :  0.010 0.022 0.005 0.004 0.005 0.007 0.936 0.012 
223 24.0833.E1    (0)   10 :  0.010 0.010 0.005 0.004 0.005 0.005 0.956 0.005 
224 24.0834.E1    (0)   10 :  0.011 0.024 0.007 0.008 0.010 0.008 0.923 0.010 
225 24.0835.E1    (0)   10 :  0.009 0.011 0.016 0.007 0.005 0.010 0.926 0.015 
226 24.0836.E1    (0)   10 :  0.025 0.009 0.023 0.006 0.012 0.013 0.897 0.014 
227 24.0837.E1    (0)   10 :  0.012 0.030 0.013 0.005 0.007 0.012 0.913 0.008 
228 24.0838.E1    (0)   10 :  0.018 0.021 0.006 0.005 0.011 0.016 0.916 0.006 
229 24.0839.E1    (0)   10 :  0.031 0.129 0.040 0.019 0.028 0.068 0.635 0.049 
230 24.0840.E1    (0)   10 :  0.008 0.198 0.014 0.039 0.005 0.022 0.686 0.029 
231 24.0841.E1    (0)   11 :  0.017 0.614 0.006 0.005 0.027 0.019 0.300 0.012 
232 24.0842.E1    (0)   11 :  0.011 0.448 0.244 0.004 0.016 0.018 0.243 0.016 
233 24.0843.E1    (0)   11 :  0.010 0.596 0.280 0.010 0.015 0.023 0.059 0.007 
234 24.0844.E1    (0)   11 :  0.019 0.052 0.585 0.007 0.008 0.034 0.262 0.033 
235 24.0845.E1    (0)   11 :  0.021 0.119 0.018 0.007 0.007 0.103 0.713 0.011 
236 24.0846.E1    (0)   11 :  0.012 0.018 0.013 0.009 0.008 0.013 0.915 0.012 
237 24.0847.E1    (0)   11 :  0.081 0.017 0.025 0.007 0.016 0.010 0.812 0.032 
238 24.0848.E1    (0)   11 :  0.026 0.013 0.028 0.005 0.005 0.035 0.877 0.011 
239 24.0849.E1    (0)   11 :  0.005 0.951 0.008 0.004 0.006 0.007 0.010 0.008 
240 24.0850.E1    (0)   11 :  0.005 0.951 0.008 0.004 0.006 0.007 0.011 0.008 
241 24.0851.E1    (0)   11 :  0.005 0.952 0.008 0.004 0.006 0.007 0.011 0.008 
242 24.0852.E1    (0)   11 :  0.012 0.763 0.010 0.006 0.016 0.046 0.137 0.011 
243 24.0853.E1    (0)   11 :  0.014 0.533 0.007 0.007 0.012 0.008 0.415 0.006 
244 24.0854.E1    (0)   11 :  0.008 0.223 0.722 0.006 0.008 0.007 0.017 0.010 
245 24.0855.E1    (0)   11 :  0.012 0.089 0.016 0.006 0.009 0.012 0.849 0.007 
246 24.0856.E1    (0)   11 :  0.015 0.035 0.354 0.201 0.042 0.113 0.061 0.179 
247 24.0857.E1    (0)   11 :  0.028 0.021 0.066 0.012 0.013 0.022 0.814 0.023 
248 24.0858.E1    (0)   11 :  0.017 0.068 0.056 0.007 0.017 0.078 0.739 0.019 
249 24.0859.E1    (0)   11 :  0.010 0.875 0.022 0.012 0.030 0.014 0.023 0.014 
250 24.0860.E1    (0)   11 :  0.010 0.061 0.610 0.034 0.041 0.081 0.103 0.060 
251 24.0861.E1    (0)   11 :  0.005 0.934 0.008 0.005 0.006 0.010 0.025 0.008 
252 24.0862.E1    (0)   11 :  0.015 0.117 0.110 0.189 0.009 0.119 0.237 0.204 
253 24.0863.E1    (0)   11 :  0.005 0.935 0.007 0.005 0.006 0.010 0.024 0.007 
254 24.0864.E1    (0)   11 :  0.552 0.088 0.028 0.008 0.009 0.038 0.149 0.129 
255 24.0865.E1    (0)   12 :  0.053 0.750 0.009 0.021 0.073 0.024 0.021 0.049 
256 24.0866.E1    (0)   12 :  0.340 0.023 0.121 0.007 0.027 0.198 0.254 0.029 
257 24.0867.E1    (0)   12 :  0.574 0.136 0.020 0.016 0.143 0.013 0.088 0.010 
258 24.0868.E1    (0)   12 :  0.449 0.009 0.030 0.023 0.023 0.326 0.128 0.012 
259 24.0869.E1    (0)   12 :  0.774 0.010 0.013 0.040 0.007 0.026 0.122 0.008 
260 24.0870.E1    (0)   12 :  0.269 0.011 0.024 0.094 0.027 0.307 0.111 0.156 
261 24.0871.E1    (0)   12 :  0.564 0.074 0.038 0.061 0.009 0.140 0.031 0.084 
262 24.0872.E1    (0)   12 :  0.374 0.249 0.077 0.008 0.166 0.092 0.019 0.015 
263 24.0873.E1    (0)   12 :  0.755 0.044 0.036 0.019 0.019 0.021 0.093 0.013 
264 24.0874.E1    (0)   12 :  0.415 0.148 0.059 0.008 0.211 0.018 0.131 0.010 
265 24.0875.E1    (0)   12 :  0.246 0.011 0.520 0.014 0.017 0.127 0.015 0.051 
266 24.0876.E1    (0)   12 :  0.477 0.008 0.306 0.011 0.021 0.049 0.008 0.120 
267 24.0877.E1    (0)   12 :  0.052 0.009 0.019 0.008 0.080 0.037 0.006 0.789 
268 24.0878.E1    (0)   12 :  0.218 0.013 0.012 0.010 0.016 0.023 0.076 0.631 
269 24.0879.E1    (0)   12 :  0.032 0.009 0.190 0.013 0.006 0.018 0.008 0.722 
270 24.0880.E1    (0)   12 :  0.345 0.019 0.045 0.016 0.016 0.067 0.450 0.043 
271 24.0881.E1    (0)   12 :  0.014 0.008 0.008 0.011 0.015 0.008 0.005 0.931 
272 24.0882.E1    (0)   12 :  0.026 0.013 0.014 0.009 0.696 0.022 0.009 0.211 
273 24.0883.E1    (0)   12 :  0.137 0.045 0.225 0.010 0.240 0.011 0.009 0.322 
274 24.0884.E1    (0)   12 :  0.043 0.021 0.012 0.009 0.058 0.015 0.006 0.836 
275 24.0885.E1    (0)   12 :  0.215 0.008 0.022 0.014 0.009 0.048 0.019 0.664 
276 24.0886.E1    (0)   12 :  0.251 0.047 0.069 0.005 0.200 0.014 0.008 0.406 
277 24.0887.E1    (0)   12 :  0.034 0.009 0.189 0.010 0.694 0.008 0.006 0.050 
278 24.0888.E1    (0)   12 :  0.031 0.012 0.040 0.012 0.007 0.862 0.018 0.019 


Estimated Allele Frequencies in each cluster
First column gives estimated ancestral frequencies


Locus 1 : 
31 alleles
0.0% missing data
 115   (0.032) 0.138 0.004 0.017 0.003 0.005 0.007 0.005 0.127 
 117   (0.041) 0.053 0.003 0.057 0.004 0.191 0.008 0.008 0.190 
 119   (0.043) 0.021 0.004 0.008 0.233 0.311 0.008 0.005 0.262 
 131   (0.016) 0.004 0.002 0.002 0.001 0.003 0.003 0.001 0.050 
 128   (0.040) 0.047 0.006 0.021 0.003 0.004 0.032 0.029 0.029 
 135   (0.018) 0.011 0.003 0.003 0.001 0.007 0.004 0.003 0.048 
 126   (0.084) 0.065 0.051 0.079 0.010 0.076 0.076 0.222 0.072 
 122   (0.033) 0.009 0.005 0.021 0.168 0.002 0.039 0.006 0.015 
 132   (0.033) 0.018 0.012 0.023 0.005 0.015 0.023 0.035 0.007 
 141   (0.011) 0.002 0.001 0.002 0.002 0.001 0.002 0.001 0.010 
 130   (0.050) 0.089 0.042 0.066 0.018 0.014 0.066 0.018 0.007 
 134   (0.039) 0.028 0.073 0.013 0.119 0.003 0.025 0.011 0.005 
 145   (0.019) 0.004 0.090 0.008 0.005 0.010 0.004 0.002 0.003 
 127   (0.026) 0.006 0.002 0.006 0.028 0.167 0.005 0.002 0.028 
 116   (0.100) 0.160 0.282 0.095 0.177 0.011 0.246 0.135 0.015 
 114   (0.056) 0.029 0.188 0.050 0.079 0.005 0.043 0.126 0.009 
 120   (0.037) 0.013 0.003 0.080 0.074 0.003 0.062 0.004 0.009 
 110   (0.050) 0.057 0.020 0.047 0.030 0.022 0.029 0.074 0.010 
 133   (0.015) 0.003 0.001 0.009 0.008 0.013 0.003 0.001 0.003 
 118   (0.099) 0.179 0.186 0.350 0.013 0.019 0.257 0.217 0.014 
 125   (0.015) 0.002 0.006 0.003 0.002 0.001 0.006 0.010 0.005 
 129   (0.021) 0.006 0.002 0.013 0.002 0.006 0.007 0.002 0.046 
 124   (0.018) 0.005 0.004 0.012 0.002 0.002 0.014 0.002 0.009 
 136   (0.022) 0.035 0.003 0.003 0.002 0.001 0.006 0.059 0.003 
 121   (0.015) 0.003 0.001 0.002 0.001 0.065 0.003 0.001 0.006 
 139   (0.011) 0.002 0.001 0.002 0.001 0.001 0.002 0.001 0.011 
 113   (0.010) 0.001 0.001 0.002 0.001 0.014 0.002 0.001 0.001 
 111   (0.011) 0.002 0.001 0.002 0.001 0.013 0.002 0.001 0.002 
 143   (0.011) 0.001 0.001 0.002 0.001 0.014 0.002 0.001 0.001 
 140   (0.014) 0.004 0.001 0.003 0.004 0.001 0.015 0.003 0.002 
 112   (0.011) 0.001 0.001 0.002 0.001 0.001 0.002 0.011 0.001 

Locus 2 : 
18 alleles
0.0% missing data
 152   (0.375) 0.513 0.323 0.427 0.444 0.788 0.326 0.260 0.642 
 148   (0.070) 0.181 0.006 0.029 0.189 0.025 0.033 0.008 0.137 
 154   (0.106) 0.156 0.023 0.038 0.232 0.036 0.092 0.237 0.049 
 156   (0.015) 0.002 0.002 0.003 0.002 0.001 0.006 0.002 0.017 
 150   (0.025) 0.003 0.002 0.006 0.051 0.048 0.005 0.002 0.010 
 164   (0.078) 0.037 0.103 0.027 0.018 0.015 0.133 0.054 0.067 
 158   (0.031) 0.021 0.004 0.100 0.021 0.007 0.007 0.004 0.010 
 160   (0.018) 0.008 0.002 0.003 0.002 0.021 0.012 0.002 0.003 
 166   (0.022) 0.005 0.002 0.012 0.014 0.002 0.026 0.003 0.004 
 151   (0.071) 0.011 0.297 0.111 0.006 0.005 0.179 0.348 0.010 
 147   (0.066) 0.028 0.178 0.195 0.008 0.005 0.104 0.068 0.010 
 168   (0.024) 0.008 0.024 0.012 0.003 0.002 0.017 0.002 0.004 
 153   (0.014) 0.002 0.008 0.002 0.001 0.001 0.016 0.001 0.002 
 149   (0.025) 0.017 0.002 0.026 0.002 0.011 0.010 0.002 0.004 
 162   (0.019) 0.003 0.021 0.003 0.006 0.003 0.009 0.004 0.007 
 167   (0.013) 0.002 0.001 0.002 0.001 0.001 0.002 0.001 0.023 
 146   (0.013) 0.001 0.001 0.002 0.001 0.029 0.002 0.001 0.001 
 172   (0.013) 0.002 0.001 0.002 0.001 0.001 0.022 0.001 0.002 

Locus 3 : 
4 alleles
0.0% missing data
 128   (0.297) 0.306 0.322 0.350 0.257 0.433 0.222 0.378 0.211 
 126   (0.609) 0.669 0.536 0.540 0.671 0.559 0.739 0.575 0.709 
 132   (0.079) 0.022 0.142 0.084 0.066 0.006 0.035 0.046 0.078 
 134   (0.015) 0.002 0.001 0.026 0.006 0.001 0.003 0.001 0.002 

Locus 4 : 
3 alleles
0.0% missing data
 170   (0.320) 0.165 0.191 0.241 0.410 0.288 0.379 0.412 0.329 
 172   (0.667) 0.831 0.807 0.757 0.584 0.709 0.618 0.585 0.669 
 171   (0.013) 0.004 0.002 0.002 0.007 0.003 0.003 0.003 0.002 

Locus 5 : 
37 alleles
0.0% missing data
 125   (0.058) 0.046 0.100 0.089 0.049 0.031 0.020 0.061 0.072 
 110   (0.034) 0.007 0.023 0.053 0.026 0.013 0.007 0.077 0.042 
 129   (0.031) 0.007 0.044 0.007 0.003 0.003 0.102 0.015 0.049 
 113   (0.029) 0.009 0.044 0.007 0.007 0.002 0.111 0.034 0.015 
 145   (0.053) 0.151 0.082 0.052 0.005 0.099 0.016 0.013 0.200 
 155   (0.052) 0.028 0.009 0.030 0.203 0.015 0.038 0.061 0.148 
 117   (0.030) 0.113 0.005 0.005 0.008 0.032 0.021 0.005 0.020 
 124   (0.009) 0.001 0.001 0.001 0.001 0.001 0.001 0.001 0.022 
 133   (0.036) 0.028 0.007 0.014 0.003 0.072 0.059 0.004 0.041 
 157   (0.050) 0.040 0.006 0.093 0.019 0.026 0.148 0.049 0.009 
 141   (0.015) 0.006 0.001 0.003 0.001 0.001 0.031 0.005 0.004 
 112   (0.073) 0.096 0.128 0.023 0.164 0.159 0.050 0.148 0.066 
 121   (0.022) 0.004 0.028 0.012 0.024 0.003 0.016 0.017 0.007 
 114   (0.036) 0.140 0.003 0.007 0.007 0.171 0.007 0.065 0.040 
 153   (0.048) 0.036 0.071 0.277 0.009 0.004 0.021 0.089 0.057 
 127   (0.069) 0.067 0.221 0.033 0.018 0.080 0.093 0.111 0.072 
 131   (0.057) 0.032 0.063 0.124 0.215 0.183 0.017 0.043 0.052 
 135   (0.032) 0.022 0.061 0.067 0.004 0.004 0.026 0.023 0.008 
 104   (0.009) 0.003 0.002 0.001 0.006 0.003 0.002 0.002 0.002 
 118   (0.018) 0.009 0.002 0.006 0.012 0.002 0.011 0.002 0.019 
 116   (0.027) 0.032 0.009 0.015 0.047 0.004 0.009 0.022 0.008 
 137   (0.020) 0.007 0.003 0.010 0.142 0.006 0.015 0.003 0.008 
 123   (0.023) 0.008 0.033 0.019 0.008 0.003 0.005 0.065 0.006 
 149   (0.010) 0.007 0.005 0.002 0.001 0.001 0.002 0.003 0.001 
 138   (0.013) 0.002 0.013 0.002 0.001 0.001 0.041 0.001 0.002 
 143   (0.026) 0.004 0.011 0.007 0.003 0.070 0.032 0.041 0.004 
 163   (0.010) 0.002 0.001 0.001 0.003 0.001 0.007 0.001 0.002 
 109   (0.010) 0.026 0.001 0.001 0.001 0.001 0.002 0.001 0.001 
 139   (0.010) 0.001 0.001 0.002 0.001 0.001 0.010 0.001 0.001 
 106   (0.010) 0.002 0.001 0.002 0.001 0.001 0.010 0.001 0.002 
 144   (0.015) 0.034 0.001 0.012 0.001 0.001 0.004 0.006 0.002 
 122   (0.010) 0.011 0.001 0.002 0.001 0.004 0.002 0.001 0.010 
 100   (0.016) 0.007 0.013 0.007 0.003 0.001 0.023 0.014 0.003 
 111   (0.011) 0.002 0.003 0.002 0.001 0.001 0.028 0.001 0.001 
 233   (0.010) 0.001 0.003 0.008 0.001 0.001 0.004 0.002 0.001 
 134   (0.010) 0.002 0.001 0.002 0.001 0.001 0.003 0.010 0.001 
 140   (0.009) 0.006 0.001 0.002 0.001 0.001 0.005 0.002 0.001 

Locus 6 : 
17 alleles
0.0% missing data
 221   (0.024) 0.003 0.002 0.004 0.002 0.084 0.004 0.002 0.136 
 232   (0.236) 0.245 0.702 0.268 0.117 0.434 0.307 0.261 0.176 
 229   (0.060) 0.033 0.025 0.039 0.054 0.053 0.012 0.062 0.094 
 223   (0.067) 0.063 0.009 0.073 0.009 0.010 0.046 0.064 0.092 
 230   (0.154) 0.241 0.047 0.097 0.140 0.298 0.214 0.216 0.067 
 235   (0.014) 0.002 0.001 0.002 0.001 0.001 0.003 0.001 0.068 
 236   (0.039) 0.011 0.029 0.015 0.029 0.005 0.018 0.004 0.093 
 227   (0.025) 0.010 0.002 0.011 0.002 0.003 0.011 0.002 0.058 
 220   (0.054) 0.039 0.081 0.079 0.181 0.004 0.019 0.055 0.008 
 222   (0.042) 0.021 0.004 0.068 0.310 0.003 0.039 0.021 0.006 
 234   (0.128) 0.245 0.014 0.238 0.133 0.061 0.104 0.152 0.093 
 224   (0.033) 0.005 0.003 0.065 0.003 0.002 0.033 0.060 0.005 
 228   (0.055) 0.042 0.066 0.019 0.007 0.004 0.176 0.039 0.011 
 225   (0.012) 0.002 0.001 0.002 0.003 0.001 0.002 0.002 0.009 
 226   (0.016) 0.002 0.013 0.003 0.005 0.001 0.003 0.052 0.006 
 233   (0.027) 0.023 0.002 0.015 0.002 0.036 0.005 0.003 0.046 
 231   (0.015) 0.012 0.001 0.003 0.001 0.001 0.003 0.001 0.033 

Locus 7 : 
10 alleles
0.0% missing data
 121   (0.679) 0.810 0.696 0.685 0.809 0.740 0.831 0.789 0.877 
 129   (0.094) 0.058 0.155 0.053 0.010 0.100 0.052 0.106 0.072 
 130   (0.017) 0.002 0.006 0.013 0.007 0.003 0.004 0.003 0.004 
 123   (0.100) 0.032 0.134 0.157 0.116 0.104 0.064 0.089 0.030 
 128   (0.021) 0.004 0.002 0.011 0.029 0.023 0.004 0.002 0.004 
 131   (0.016) 0.002 0.001 0.006 0.022 0.002 0.003 0.003 0.003 
 117   (0.012) 0.001 0.001 0.002 0.001 0.001 0.011 0.001 0.001 
 125   (0.013) 0.002 0.001 0.033 0.001 0.001 0.002 0.001 0.002 
 134   (0.036) 0.080 0.003 0.037 0.004 0.008 0.025 0.004 0.006 
 132   (0.014) 0.009 0.001 0.002 0.001 0.019 0.002 0.002 0.002 

Locus 8 : 
19 alleles
0.0% missing data
 184   (0.294) 0.455 0.406 0.532 0.469 0.337 0.363 0.268 0.476 
 194   (0.048) 0.079 0.010 0.015 0.016 0.023 0.045 0.010 0.031 
 178   (0.094) 0.085 0.035 0.028 0.178 0.061 0.057 0.274 0.204 
 176   (0.079) 0.081 0.110 0.095 0.010 0.216 0.083 0.021 0.043 
 182   (0.082) 0.049 0.038 0.061 0.026 0.204 0.125 0.081 0.041 
 190   (0.033) 0.005 0.003 0.028 0.061 0.043 0.007 0.024 0.007 
 196   (0.023) 0.005 0.020 0.003 0.002 0.002 0.015 0.048 0.006 
 200   (0.029) 0.006 0.002 0.024 0.006 0.011 0.036 0.003 0.018 
 180   (0.025) 0.003 0.002 0.060 0.063 0.002 0.005 0.003 0.011 
 188   (0.039) 0.045 0.067 0.008 0.006 0.003 0.010 0.043 0.029 
 174   (0.038) 0.083 0.004 0.039 0.013 0.032 0.013 0.004 0.021 
 186   (0.117) 0.078 0.268 0.048 0.118 0.056 0.207 0.147 0.092 
 192   (0.025) 0.004 0.010 0.013 0.011 0.003 0.007 0.060 0.011 
 201   (0.011) 0.001 0.001 0.007 0.009 0.002 0.002 0.001 0.001 
 199   (0.019) 0.002 0.007 0.019 0.007 0.001 0.014 0.003 0.003 
 185   (0.011) 0.002 0.014 0.002 0.001 0.001 0.002 0.001 0.001 
 203   (0.011) 0.011 0.001 0.002 0.001 0.001 0.002 0.002 0.001 
 198   (0.011) 0.004 0.002 0.004 0.001 0.001 0.004 0.003 0.001 
 209   (0.011) 0.002 0.001 0.012 0.001 0.001 0.002 0.003 0.002 

Locus 9 : 
6 alleles
0.4% missing data
 154   (0.683) 0.658 0.869 0.708 0.787 0.645 0.755 0.800 0.724 
 156   (0.205) 0.267 0.030 0.275 0.203 0.337 0.179 0.132 0.165 
 152   (0.056) 0.041 0.091 0.009 0.005 0.007 0.023 0.063 0.069 
 153   (0.014) 0.002 0.007 0.002 0.001 0.001 0.016 0.001 0.003 
 160   (0.015) 0.002 0.001 0.002 0.001 0.001 0.022 0.001 0.002 
 164   (0.027) 0.031 0.002 0.004 0.002 0.009 0.005 0.002 0.038 

Locus 10 : 
29 alleles
0.7% missing data
 305   (0.059) 0.010 0.011 0.014 0.205 0.008 0.106 0.014 0.148 
 313   (0.050) 0.011 0.016 0.011 0.010 0.006 0.048 0.028 0.149 
 311   (0.016) 0.003 0.001 0.007 0.001 0.002 0.004 0.002 0.016 
 299   (0.126) 0.039 0.150 0.055 0.030 0.037 0.212 0.147 0.266 
 315   (0.072) 0.019 0.008 0.016 0.057 0.098 0.152 0.019 0.086 
 287   (0.023) 0.004 0.004 0.477 0.003 0.003 0.006 0.003 0.010 
 291   (0.084) 0.346 0.010 0.026 0.029 0.015 0.052 0.476 0.075 
 295   (0.025) 0.186 0.003 0.003 0.003 0.002 0.006 0.002 0.030 
 289   (0.018) 0.002 0.002 0.123 0.002 0.002 0.008 0.002 0.003 
 303   (0.029) 0.006 0.554 0.005 0.007 0.506 0.008 0.003 0.006 
 297   (0.049) 0.085 0.055 0.014 0.005 0.095 0.012 0.065 0.018 
 293   (0.016) 0.015 0.001 0.079 0.002 0.001 0.005 0.001 0.025 
 301   (0.065) 0.066 0.019 0.014 0.113 0.009 0.074 0.008 0.063 
 285   (0.021) 0.003 0.006 0.004 0.409 0.002 0.008 0.004 0.003 
 307   (0.058) 0.060 0.006 0.010 0.025 0.197 0.051 0.076 0.010 
 312   (0.062) 0.073 0.026 0.027 0.049 0.005 0.079 0.075 0.010 
 306   (0.027) 0.019 0.002 0.004 0.003 0.002 0.056 0.009 0.010 
 320   (0.014) 0.002 0.001 0.002 0.001 0.001 0.022 0.001 0.002 
 317   (0.019) 0.002 0.095 0.003 0.002 0.001 0.005 0.002 0.015 
 314   (0.027) 0.006 0.002 0.020 0.002 0.002 0.015 0.002 0.032 
 323   (0.013) 0.002 0.001 0.007 0.001 0.001 0.007 0.001 0.002 
 325   (0.013) 0.002 0.001 0.007 0.001 0.001 0.007 0.001 0.003 
 310   (0.018) 0.005 0.004 0.004 0.001 0.001 0.009 0.034 0.003 
 309   (0.014) 0.024 0.001 0.002 0.001 0.001 0.003 0.002 0.002 
 316   (0.020) 0.002 0.005 0.003 0.002 0.001 0.027 0.005 0.003 
 296   (0.013) 0.003 0.004 0.002 0.001 0.001 0.008 0.001 0.002 
 304   (0.020) 0.002 0.010 0.012 0.032 0.001 0.006 0.009 0.003 
 321   (0.014) 0.002 0.001 0.025 0.002 0.001 0.002 0.004 0.002 
 332   (0.014) 0.003 0.001 0.024 0.001 0.001 0.002 0.004 0.002 

Locus 11 : 
19 alleles
0.0% missing data
 114   (0.150) 0.252 0.030 0.048 0.277 0.192 0.163 0.021 0.236 
 126   (0.020) 0.005 0.001 0.003 0.012 0.003 0.003 0.001 0.059 
 111   (0.093) 0.016 0.388 0.282 0.026 0.006 0.020 0.567 0.209 
 116   (0.104) 0.125 0.009 0.132 0.023 0.257 0.076 0.025 0.116 
 132   (0.012) 0.002 0.001 0.002 0.001 0.001 0.003 0.001 0.011 
 109   (0.016) 0.003 0.001 0.002 0.001 0.001 0.003 0.002 0.044 
 128   (0.018) 0.012 0.001 0.003 0.002 0.001 0.006 0.006 0.007 
 112   (0.325) 0.442 0.155 0.253 0.604 0.507 0.603 0.060 0.240 
 122   (0.017) 0.010 0.007 0.004 0.005 0.006 0.004 0.003 0.003 
 124   (0.013) 0.002 0.001 0.002 0.016 0.002 0.002 0.001 0.002 
 118   (0.047) 0.073 0.007 0.096 0.010 0.009 0.023 0.016 0.015 
 127   (0.014) 0.002 0.001 0.002 0.001 0.001 0.011 0.001 0.002 
 113   (0.046) 0.009 0.380 0.040 0.007 0.003 0.020 0.212 0.007 
 115   (0.032) 0.016 0.004 0.093 0.003 0.003 0.012 0.006 0.029 
 120   (0.022) 0.019 0.002 0.004 0.002 0.001 0.004 0.052 0.003 
 117   (0.023) 0.003 0.003 0.014 0.002 0.002 0.015 0.009 0.004 
 125   (0.020) 0.004 0.004 0.011 0.002 0.001 0.023 0.002 0.003 
 119   (0.016) 0.004 0.002 0.003 0.004 0.001 0.006 0.014 0.002 
 136   (0.013) 0.002 0.001 0.005 0.001 0.001 0.002 0.001 0.010 

Locus 12 : 
28 alleles
0.7% missing data
 306   (0.063) 0.010 0.015 0.021 0.239 0.008 0.074 0.020 0.148 
 314   (0.055) 0.009 0.033 0.019 0.006 0.006 0.041 0.075 0.136 
 312   (0.013) 0.002 0.001 0.002 0.001 0.001 0.002 0.001 0.024 
 300   (0.140) 0.040 0.151 0.059 0.031 0.038 0.215 0.146 0.282 
 316   (0.045) 0.007 0.006 0.007 0.052 0.095 0.012 0.017 0.082 
 288   (0.024) 0.003 0.004 0.473 0.003 0.003 0.006 0.002 0.009 
 292   (0.090) 0.344 0.011 0.033 0.029 0.016 0.054 0.477 0.076 
 296   (0.031) 0.188 0.007 0.005 0.003 0.003 0.012 0.003 0.031 
 290   (0.021) 0.003 0.002 0.125 0.002 0.002 0.008 0.002 0.004 
 304   (0.032) 0.007 0.557 0.005 0.007 0.508 0.008 0.003 0.006 
 298   (0.049) 0.084 0.055 0.015 0.005 0.095 0.012 0.065 0.018 
 294   (0.019) 0.015 0.001 0.081 0.002 0.001 0.006 0.002 0.025 
 302   (0.066) 0.065 0.019 0.014 0.110 0.009 0.075 0.008 0.064 
 286   (0.019) 0.002 0.006 0.004 0.416 0.002 0.007 0.004 0.003 
 308   (0.033) 0.013 0.003 0.006 0.022 0.192 0.039 0.003 0.007 
 313   (0.052) 0.081 0.008 0.021 0.050 0.004 0.098 0.009 0.009 
 307   (0.046) 0.067 0.005 0.007 0.004 0.004 0.064 0.089 0.011 
 321   (0.016) 0.002 0.001 0.002 0.001 0.001 0.023 0.001 0.002 
 315   (0.049) 0.017 0.014 0.032 0.005 0.004 0.148 0.004 0.037 
 318   (0.018) 0.002 0.089 0.002 0.001 0.001 0.005 0.004 0.004 
 324   (0.014) 0.002 0.001 0.007 0.001 0.001 0.007 0.001 0.003 
 326   (0.012) 0.002 0.001 0.007 0.001 0.001 0.007 0.001 0.002 
 311   (0.021) 0.007 0.005 0.010 0.002 0.002 0.014 0.053 0.006 
 310   (0.013) 0.023 0.001 0.002 0.001 0.001 0.003 0.002 0.002 
 305   (0.017) 0.002 0.001 0.002 0.001 0.001 0.033 0.001 0.002 
 317   (0.014) 0.002 0.001 0.002 0.001 0.001 0.022 0.001 0.002 
 320   (0.013) 0.002 0.001 0.013 0.001 0.001 0.002 0.002 0.002 
 322   (0.015) 0.002 0.001 0.026 0.002 0.001 0.003 0.004 0.002 

Locus 13 : 
7 alleles
1.1% missing data
 161   (0.599) 0.832 0.404 0.618 0.091 0.891 0.553 0.399 0.652 
 163   (0.298) 0.135 0.473 0.365 0.046 0.028 0.428 0.561 0.269 
 160   (0.018) 0.003 0.001 0.004 0.426 0.002 0.003 0.002 0.003 
 162   (0.017) 0.002 0.001 0.002 0.430 0.001 0.003 0.001 0.002 
 165   (0.039) 0.021 0.119 0.007 0.005 0.003 0.007 0.034 0.068 
 166   (0.014) 0.005 0.001 0.003 0.001 0.003 0.003 0.001 0.005 
 164   (0.015) 0.002 0.001 0.002 0.001 0.072 0.002 0.001 0.002 

Locus 14 : 
4 alleles
0.4% missing data
  98   (0.956) 0.989 0.989 0.993 0.996 0.985 0.980 0.996 0.987 
 100   (0.014) 0.002 0.005 0.002 0.001 0.001 0.008 0.001 0.002 
  96   (0.017) 0.007 0.001 0.003 0.001 0.013 0.003 0.001 0.009 
 105   (0.013) 0.003 0.004 0.002 0.001 0.001 0.008 0.001 0.002 

Locus 15 : 
12 alleles
2.2% missing data
 171   (0.308) 0.225 0.292 0.432 0.205 0.187 0.363 0.350 0.393 
 177   (0.185) 0.274 0.066 0.260 0.325 0.054 0.159 0.106 0.187 
 173   (0.258) 0.331 0.548 0.140 0.161 0.071 0.283 0.494 0.290 
 179   (0.107) 0.041 0.077 0.104 0.291 0.562 0.092 0.011 0.076 
 183   (0.019) 0.003 0.006 0.004 0.002 0.007 0.007 0.002 0.032 
 181   (0.039) 0.010 0.004 0.006 0.004 0.112 0.054 0.029 0.007 
 197   (0.014) 0.064 0.001 0.002 0.001 0.001 0.003 0.001 0.002 
 170   (0.014) 0.004 0.001 0.008 0.001 0.001 0.014 0.001 0.003 
 189   (0.015) 0.003 0.001 0.002 0.005 0.001 0.017 0.001 0.004 
 203   (0.014) 0.040 0.001 0.002 0.001 0.001 0.002 0.001 0.002 
 187   (0.015) 0.003 0.001 0.028 0.001 0.001 0.004 0.001 0.002 
 198   (0.013) 0.002 0.001 0.013 0.001 0.001 0.002 0.002 0.002 

Values of parameters used in structure:
DATAFILE=STRUCTURE_main_final_278_HEG_ZG.str,	OUTFILE=STRUCTURE_main_final_278_HEG_ZG-K8-20,	NUMINDS=278,	NUMLOCI=15,	MISSING=-9,	LABEL=1,	POPDATA=1,	POPFLAG=0,	PHENOTYPE=0,	EXTRACOLS=0,	MAXPOPS=8,	BURNIN=100000,	NUMREPS=500000,	USEPOPINFO=0,	INFERALPHA=1,	INFERLAMBDA=0,	POPSPECIFICLAMBDA=0,	POPALPHAS=0,	COMPUTEPROB=1,	NOADMIX=0,	ADMBURNIN=2500,	UPDATEFREQ=1,	PRINTLIKES=0,	INTERMEDSAVE=0,	PRINTKLD=0,	PRINTNET=0,	PRINTLAMBDA=0,	ANCESTDIST=0,	NUMBOXES=1000,	ANCESTPINT=0.90000,	GENSBACK=2,	MIGRPRIOR=0.05000,	PRINTQHAT=0,	PRINTQSUM=0,	ALPHA=1.0000,	FREQSCORR=1,	FPRIORMEAN=0.0100,	FPRIORSD=0.0500,	ONEFST=0,	LAMBDA=1.0000,	UNIFPRIORALPHA=1,	ALPHAMAX=10.0000,	ALPHAPRIORA=1.0000,	ALPHAPRIORB=2.0000,	ALPHAPROPSD=0.0250,	STARTATPOPINFO=0,	RANDOMIZE=1,	LINKAGE=0,	METROFREQ=10,	REPORTHITRATE=0,	MARKOVPHASE=-1,	PHASED=0,	PLOIDY=2,	PHASEINFO=0	LOCPRIOR=0, 	LOCPRIORINIT=1.000000, 	LOCDATA=0, 	LOCISPOP=0, 	LOCPRIORSTEP=0.100000, 	MAXLOCPRIOR=20.000000, 	SEED=1782483158,	
[STRAT parameters]:    NUMSIMSTATS=1000,	PHENOTYPECOL=-9,	POOLFREQ=10,	LOCUSxONLY=0,	EMERROR=0.00100,	MISSINGPHENO=-9,	