

----------------------------------------------------
STRUCTURE by Pritchard, Stephens and Donnelly (2000)
     and Falush, Stephens and Pritchard (2003)
       Code by Pritchard, Falush and Hubisz
             Version 2.3.4 (Jul 2012)
----------------------------------------------------



Command line arguments:   structure -K 2 -i STRUCTURE_main_final_278_HEG_ZG.str -o STRUCTURE_main_final_278_HEG_ZG-K2-2 
Input File:    STRUCTURE_main_final_278_HEG_ZG.str

Run parameters:
   278 individuals
   15 loci
   2 populations assumed
   100000 Burn-in period
   500000 Reps


--------------------------------------------
Proportion of membership of each pre-defined
 population in each of the 2 clusters

Given    Inferred Clusters       Number of
 Pop       1      2             Individuals

  1:     0.233  0.767              24
  2:     0.039  0.961              24
  3:     0.954  0.046              24
  4:     0.242  0.758              24
  5:     0.564  0.436              24
  6:     0.039  0.961              24
  7:     0.039  0.961              24
  8:     0.857  0.143              14
  9:     0.943  0.057              24
 10:     0.978  0.022              24
 11:     0.935  0.065              24
 12:     0.431  0.569              24
--------------------------------------------

Allele-freq. divergence among pops (Net nucleotide distance),
computed using point estimates of P.

      1       2      
 1      -    0.0233  
 2   0.0233     -    

Average distances (expected heterozygosity) between individuals in same cluster:
cluster  1  : 0.6528 
cluster  2  : 0.6491 

--------------------------------------------
Estimated Ln Prob of Data   = -13552.2
Mean value of ln likelihood = -13395.0
Variance of ln likelihood   = 314.3
Mean value of alpha         = 0.0709

Mean value of Fst_1         = 0.0324
Mean value of Fst_2         = 0.0353


Inferred ancestry of individuals:
        Label (%Miss) Pop:  Inferred clusters
  1 24.0601.E1    (0)    1 :  0.013 0.987 
  2 24.0602.E1    (0)    1 :  0.097 0.903 
  3 24.0603.E1    (0)    1 :  0.020 0.980 
  4 24.0604.E1    (0)    1 :  0.301 0.699 
  5 24.0605.E1    (0)    1 :  0.027 0.973 
  6 24.0606.E1    (0)    1 :  0.032 0.968 
  7 24.0607.E1    (0)    1 :  0.313 0.687 
  8 24.0608.E1    (0)    1 :  0.372 0.628 
  9 24.0609.E1    (0)    1 :  0.931 0.069 
 10 24.0610.E1    (0)    1 :  0.583 0.417 
 11 24.0611.E1    (0)    1 :  0.107 0.893 
 12 24.0612.E1    (0)    1 :  0.013 0.987 
 13 24.0613.E1    (0)    1 :  0.073 0.927 
 14 24.0614.E1    (0)    1 :  0.135 0.865 
 15 24.0615.E1    (0)    1 :  0.292 0.708 
 16 24.0616.E1    (0)    1 :  0.036 0.964 
 17 24.0617.E1    (0)    1 :  0.616 0.384 
 18 24.0618.E1    (0)    1 :  0.683 0.317 
 19 24.0619.E1    (0)    1 :  0.176 0.824 
 20 24.0620.E1   (20)    1 :  0.071 0.929 
 21 24.0621.E1    (0)    1 :  0.573 0.427 
 22 24.0622.E1    (0)    1 :  0.016 0.984 
 23 24.0623.E1    (0)    1 :  0.082 0.918 
 24 24.0624.E1    (0)    1 :  0.032 0.968 
 25 24.0625.E1    (0)    2 :  0.023 0.977 
 26 24.0626.E1    (0)    2 :  0.020 0.980 
 27 24.0627.E1    (0)    2 :  0.042 0.958 
 28 24.0628.E1    (0)    2 :  0.065 0.935 
 29 24.0629.E1    (0)    2 :  0.018 0.982 
 30 24.0630.E1    (0)    2 :  0.013 0.987 
 31 24.0631.E1    (0)    2 :  0.011 0.989 
 32 24.0632.E1    (0)    2 :  0.017 0.983 
 33 24.0633.E1    (0)    2 :  0.059 0.941 
 34 24.0634.E1    (0)    2 :  0.030 0.970 
 35 24.0635.E1    (0)    2 :  0.112 0.888 
 36 24.0636.E1   (33)    2 :  0.015 0.985 
 37 24.0637.E1    (0)    2 :  0.011 0.989 
 38 24.0638.E1    (0)    2 :  0.034 0.966 
 39 24.0639.E1    (0)    2 :  0.023 0.977 
 40 24.0640.E1    (0)    2 :  0.020 0.980 
 41 24.0641.E1    (0)    2 :  0.218 0.782 
 42 24.0642.E1    (0)    2 :  0.011 0.989 
 43 24.0643.E1    (0)    2 :  0.026 0.974 
 44 24.0644.E1    (0)    2 :  0.062 0.938 
 45 24.0645.E1    (0)    2 :  0.022 0.978 
 46 24.0646.E1    (0)    2 :  0.064 0.936 
 47 24.0647.E1    (0)    2 :  0.011 0.989 
 48 24.0648.E1    (0)    2 :  0.011 0.989 
 49 24.0649.E1    (0)    3 :  0.987 0.013 
 50 24.0650.E1    (0)    3 :  0.847 0.153 
 51 24.0651.E1    (0)    3 :  0.883 0.117 
 52 24.0652.E1    (0)    3 :  0.982 0.018 
 53 24.0653.E1    (0)    3 :  0.988 0.012 
 54 24.0654.E1    (0)    3 :  0.989 0.011 
 55 24.0655.E1    (0)    3 :  0.935 0.065 
 56 24.0656.E1    (0)    3 :  0.980 0.020 
 57 24.0657.E1    (0)    3 :  0.981 0.019 
 58 24.0658.E1    (0)    3 :  0.978 0.022 
 59 24.0659.E1    (0)    3 :  0.971 0.029 
 60 24.0660.E1    (6)    3 :  0.891 0.109 
 61 24.0661.E1    (0)    3 :  0.978 0.022 
 62 24.0662.E1    (0)    3 :  0.777 0.223 
 63 24.0663.E1    (0)    3 :  0.991 0.009 
 64 24.0664.E1    (0)    3 :  0.980 0.020 
 65 24.0665.E1    (0)    3 :  0.964 0.036 
 66 24.0666.E1    (0)    3 :  0.979 0.021 
 67 24.0667.E1    (0)    3 :  0.943 0.057 
 68 24.0668.E1    (0)    3 :  0.988 0.012 
 69 24.0669.E1    (0)    3 :  0.987 0.013 
 70 24.0670.E1    (0)    3 :  0.989 0.011 
 71 24.0671.E1    (0)    3 :  0.959 0.041 
 72 24.0672.E1    (0)    3 :  0.940 0.060 
 73 24.0673.E1    (6)    4 :  0.043 0.957 
 74 24.0674.E1    (0)    4 :  0.014 0.986 
 75 24.0675.E1    (0)    4 :  0.487 0.513 
 76 24.0676.E1    (0)    4 :  0.926 0.074 
 77 24.0677.E1    (0)    4 :  0.960 0.040 
 78 24.0678.E1    (0)    4 :  0.287 0.713 
 79 24.0679.E1    (0)    4 :  0.779 0.221 
 80 24.0680.E1    (0)    4 :  0.118 0.882 
 81 24.0681.E1    (0)    4 :  0.048 0.952 
 82 24.0682.E1    (0)    4 :  0.027 0.973 
 83 24.0683.E1    (0)    4 :  0.015 0.985 
 84 24.0684.E1    (0)    4 :  0.014 0.986 
 85 24.0685.E1    (0)    4 :  0.036 0.964 
 86 24.0686.E1    (0)    4 :  0.120 0.880 
 87 24.0687.E1    (0)    4 :  0.031 0.969 
 88 24.0688.E1    (0)    4 :  0.021 0.979 
 89 24.0689.E1    (0)    4 :  0.309 0.691 
 90 24.0690.E1    (0)    4 :  0.486 0.514 
 91 24.0691.E1    (0)    4 :  0.043 0.957 
 92 24.0692.E1    (0)    4 :  0.549 0.451 
 93 24.0693.E1    (0)    4 :  0.286 0.714 
 94 24.0694.E1    (0)    4 :  0.033 0.967 
 95 24.0695.E1    (0)    4 :  0.144 0.856 
 96 24.0696.E1    (0)    4 :  0.033 0.967 
 97 24.0697.E1    (0)    5 :  0.202 0.798 
 98 24.0698.E1    (0)    5 :  0.277 0.723 
 99 24.0699.E1    (0)    5 :  0.947 0.053 
100 24.0700.E1    (0)    5 :  0.831 0.169 
101 24.0701.E1    (0)    5 :  0.901 0.099 
102 24.0702.E1    (0)    5 :  0.335 0.665 
103 24.0703.E1    (0)    5 :  0.917 0.083 
104 24.0704.E1    (6)    5 :  0.925 0.075 
105 24.0705.E1    (0)    5 :  0.086 0.914 
106 24.0706.E1    (0)    5 :  0.685 0.315 
107 24.0707.E1    (0)    5 :  0.161 0.839 
108 24.0708.E1    (0)    5 :  0.184 0.816 
109 24.0709.E1    (0)    5 :  0.946 0.054 
110 24.0710.E1    (0)    5 :  0.423 0.577 
111 24.0711.E1    (0)    5 :  0.253 0.747 
112 24.0712.E1    (0)    5 :  0.404 0.596 
113 24.0713.E1    (0)    5 :  0.940 0.060 
114 24.0714.E1    (0)    5 :  0.843 0.157 
115 24.0715.E1    (0)    5 :  0.044 0.956 
116 24.0716.E1    (0)    5 :  0.893 0.107 
117 24.0717.E1    (0)    5 :  0.679 0.321 
118 24.0718.E1    (0)    5 :  0.130 0.870 
119 24.0719.E1    (0)    5 :  0.683 0.317 
120 24.0720.E1    (0)    5 :  0.845 0.155 
121 24.0721.E1    (0)    6 :  0.038 0.962 
122 24.0722.E1    (0)    6 :  0.020 0.980 
123 24.0723.E1    (0)    6 :  0.095 0.905 
124 24.0724.E1    (0)    6 :  0.035 0.965 
125 24.0725.E1    (0)    6 :  0.051 0.949 
126 24.0726.E1    (6)    6 :  0.017 0.983 
127 24.0727.E1    (0)    6 :  0.027 0.973 
128 24.0728.E1    (0)    6 :  0.047 0.953 
129 24.0729.E1    (0)    6 :  0.029 0.971 
130 24.0730.E1    (0)    6 :  0.187 0.813 
131 24.0731.E1    (0)    6 :  0.014 0.986 
132 24.0732.E1    (0)    6 :  0.010 0.990 
133 24.0733.E1    (0)    6 :  0.009 0.991 
134 24.0734.E1    (0)    6 :  0.014 0.986 
135 24.0735.E1    (0)    6 :  0.018 0.982 
136 24.0736.E1    (0)    6 :  0.012 0.988 
137 24.0737.E1    (0)    6 :  0.027 0.973 
138 24.0738.E1    (0)    6 :  0.021 0.979 
139 24.0739.E1    (0)    6 :  0.029 0.971 
140 24.0740.E1    (0)    6 :  0.057 0.943 
141 24.0741.E1    (0)    6 :  0.013 0.987 
142 24.0742.E1    (0)    6 :  0.009 0.991 
143 24.0743.E1    (0)    6 :  0.043 0.957 
144 24.0744.E1    (0)    6 :  0.114 0.886 
145 24.0745.E1    (0)    7 :  0.029 0.971 
146 24.0746.E1    (0)    7 :  0.019 0.981 
147 24.0747.E1    (0)    7 :  0.025 0.975 
148 24.0748.E1    (6)    7 :  0.044 0.956 
149 24.0749.E1    (0)    7 :  0.009 0.991 
150 24.0750.E1    (0)    7 :  0.019 0.981 
151 24.0751.E1    (0)    7 :  0.009 0.991 
152 24.0752.E1    (0)    7 :  0.008 0.992 
153 24.0753.E1    (0)    7 :  0.010 0.990 
154 24.0754.E1    (0)    7 :  0.016 0.984 
155 24.0755.E1    (0)    7 :  0.033 0.967 
156 24.0756.E1    (0)    7 :  0.012 0.988 
157 24.0757.E1    (0)    7 :  0.009 0.991 
158 24.0758.E1    (0)    7 :  0.008 0.992 
159 24.0759.E1    (0)    7 :  0.015 0.985 
160 24.0760.E1    (0)    7 :  0.013 0.987 
161 24.0761.E1    (0)    7 :  0.009 0.991 
162 24.0762.E1    (0)    7 :  0.541 0.459 
163 24.0763.E1    (0)    7 :  0.010 0.990 
164 24.0764.E1    (0)    7 :  0.008 0.992 
165 24.0765.E1    (0)    7 :  0.011 0.989 
166 24.0766.E1    (0)    7 :  0.011 0.989 
167 24.0767.E1    (0)    7 :  0.009 0.991 
168 24.0768.E1    (0)    7 :  0.049 0.951 
169 24.0779.E1    (0)    8 :  0.684 0.316 
170 24.0780.E1    (6)    8 :  0.989 0.011 
171 24.0781.E1    (0)    8 :  0.966 0.034 
172 24.0782.E1    (0)    8 :  0.052 0.948 
173 24.0783.E1    (0)    8 :  0.977 0.023 
174 24.0784.E1    (0)    8 :  0.982 0.018 
175 24.0785.E1    (0)    8 :  0.991 0.009 
176 24.0786.E1    (0)    8 :  0.891 0.109 
177 24.0787.E1    (0)    8 :  0.880 0.120 
178 24.0788.E1    (0)    8 :  0.974 0.026 
179 24.0789.E1    (0)    8 :  0.939 0.061 
180 24.0790.E1    (0)    8 :  0.991 0.009 
181 24.0791.E1    (0)    8 :  0.735 0.265 
182 24.0792.E1    (0)    8 :  0.948 0.052 
183 24.0793.E1    (0)    9 :  0.970 0.030 
184 24.0794.E1    (0)    9 :  0.905 0.095 
185 24.0795.E1    (0)    9 :  0.286 0.714 
186 24.0796.E1    (0)    9 :  0.988 0.012 
187 24.0797.E1    (0)    9 :  0.989 0.011 
188 24.0798.E1    (0)    9 :  0.950 0.050 
189 24.0799.E1    (0)    9 :  0.983 0.017 
190 24.0800.E1    (0)    9 :  0.983 0.017 
191 24.0801.E1    (0)    9 :  0.980 0.020 
192 24.0802.E1    (0)    9 :  0.976 0.024 
193 24.0803.E1    (0)    9 :  0.977 0.023 
194 24.0804.E1    (0)    9 :  0.984 0.016 
195 24.0805.E1    (0)    9 :  0.979 0.021 
196 24.0806.E1    (0)    9 :  0.921 0.079 
197 24.0807.E1    (0)    9 :  0.988 0.012 
198 24.0808.E1    (0)    9 :  0.972 0.028 
199 24.0809.E1    (0)    9 :  0.962 0.038 
200 24.0810.E1    (0)    9 :  0.957 0.043 
201 24.0811.E1    (0)    9 :  0.978 0.022 
202 24.0812.E1    (0)    9 :  0.981 0.019 
203 24.0813.E1    (0)    9 :  0.981 0.019 
204 24.0814.E1    (6)    9 :  0.989 0.011 
205 24.0815.E1    (0)    9 :  0.981 0.019 
206 24.0816.E1    (0)    9 :  0.983 0.017 
207 24.0817.E1    (0)   10 :  0.987 0.013 
208 24.0818.E1    (0)   10 :  0.968 0.032 
209 24.0819.E1    (0)   10 :  0.958 0.042 
210 24.0820.E1    (0)   10 :  0.956 0.044 
211 24.0821.E1    (0)   10 :  0.985 0.015 
212 24.0822.E1    (0)   10 :  0.987 0.013 
213 24.0823.E1    (0)   10 :  0.978 0.022 
214 24.0824.E1    (0)   10 :  0.970 0.030 
215 24.0825.E1    (0)   10 :  0.980 0.020 
216 24.0826.E1    (0)   10 :  0.977 0.023 
217 24.0827.E1    (0)   10 :  0.980 0.020 
218 24.0828.E1    (0)   10 :  0.982 0.018 
219 24.0829.E1    (0)   10 :  0.987 0.013 
220 24.0830.E1    (0)   10 :  0.992 0.008 
221 24.0831.E1    (0)   10 :  0.992 0.008 
222 24.0832.E1    (0)   10 :  0.989 0.011 
223 24.0833.E1    (0)   10 :  0.989 0.011 
224 24.0834.E1    (0)   10 :  0.985 0.015 
225 24.0835.E1    (0)   10 :  0.988 0.012 
226 24.0836.E1    (0)   10 :  0.982 0.018 
227 24.0837.E1    (0)   10 :  0.987 0.013 
228 24.0838.E1    (0)   10 :  0.972 0.028 
229 24.0839.E1    (0)   10 :  0.922 0.078 
230 24.0840.E1    (0)   10 :  0.984 0.016 
231 24.0841.E1    (0)   11 :  0.945 0.055 
232 24.0842.E1    (0)   11 :  0.984 0.016 
233 24.0843.E1    (0)   11 :  0.989 0.011 
234 24.0844.E1    (0)   11 :  0.984 0.016 
235 24.0845.E1    (0)   11 :  0.987 0.013 
236 24.0846.E1    (0)   11 :  0.982 0.018 
237 24.0847.E1    (0)   11 :  0.970 0.030 
238 24.0848.E1    (0)   11 :  0.990 0.010 
239 24.0849.E1    (0)   11 :  0.987 0.013 
240 24.0850.E1    (0)   11 :  0.987 0.013 
241 24.0851.E1    (0)   11 :  0.987 0.013 
242 24.0852.E1    (0)   11 :  0.984 0.016 
243 24.0853.E1    (0)   11 :  0.985 0.015 
244 24.0854.E1    (0)   11 :  0.983 0.017 
245 24.0855.E1    (0)   11 :  0.987 0.013 
246 24.0856.E1    (0)   11 :  0.358 0.642 
247 24.0857.E1    (0)   11 :  0.979 0.021 
248 24.0858.E1    (0)   11 :  0.980 0.020 
249 24.0859.E1    (0)   11 :  0.968 0.032 
250 24.0860.E1    (0)   11 :  0.944 0.056 
251 24.0861.E1    (0)   11 :  0.984 0.016 
252 24.0862.E1    (0)   11 :  0.923 0.077 
253 24.0863.E1    (0)   11 :  0.983 0.017 
254 24.0864.E1    (0)   11 :  0.592 0.408 
255 24.0865.E1    (0)   12 :  0.773 0.227 
256 24.0866.E1    (0)   12 :  0.961 0.039 
257 24.0867.E1    (0)   12 :  0.467 0.533 
258 24.0868.E1    (0)   12 :  0.780 0.220 
259 24.0869.E1    (0)   12 :  0.889 0.111 
260 24.0870.E1    (0)   12 :  0.431 0.569 
261 24.0871.E1    (0)   12 :  0.546 0.454 
262 24.0872.E1    (0)   12 :  0.788 0.212 
263 24.0873.E1    (0)   12 :  0.894 0.106 
264 24.0874.E1    (0)   12 :  0.874 0.126 
265 24.0875.E1    (0)   12 :  0.448 0.552 
266 24.0876.E1    (0)   12 :  0.096 0.904 
267 24.0877.E1    (0)   12 :  0.019 0.981 
268 24.0878.E1    (0)   12 :  0.203 0.797 
269 24.0879.E1    (0)   12 :  0.046 0.954 
270 24.0880.E1    (0)   12 :  0.969 0.031 
271 24.0881.E1    (0)   12 :  0.017 0.983 
272 24.0882.E1    (0)   12 :  0.011 0.989 
273 24.0883.E1    (0)   12 :  0.025 0.975 
274 24.0884.E1    (0)   12 :  0.018 0.982 
275 24.0885.E1    (0)   12 :  0.028 0.972 
276 24.0886.E1    (0)   12 :  0.076 0.924 
277 24.0887.E1    (0)   12 :  0.012 0.988 
278 24.0888.E1    (0)   12 :  0.962 0.038 


Estimated Allele Frequencies in each cluster
First column gives estimated ancestral frequencies


Locus 1 : 
31 alleles
0.0% missing data
 115   (0.038) 0.014 0.073 
 117   (0.045) 0.014 0.124 
 119   (0.034) 0.004 0.206 
 131   (0.021) 0.005 0.016 
 128   (0.035) 0.029 0.016 
 135   (0.019) 0.003 0.020 
 126   (0.074) 0.104 0.065 
 122   (0.039) 0.036 0.023 
 132   (0.028) 0.023 0.011 
 141   (0.012) 0.001 0.004 
 130   (0.047) 0.047 0.033 
 134   (0.039) 0.033 0.027 
 145   (0.026) 0.018 0.009 
 127   (0.022) 0.002 0.055 
 116   (0.106) 0.178 0.100 
 114   (0.052) 0.099 0.023 
 120   (0.040) 0.035 0.024 
 110   (0.044) 0.035 0.035 
 133   (0.013) 0.002 0.008 
 118   (0.095) 0.254 0.054 
 125   (0.015) 0.007 0.002 
 129   (0.022) 0.005 0.019 
 124   (0.018) 0.008 0.006 
 136   (0.026) 0.023 0.007 
 121   (0.016) 0.002 0.018 
 139   (0.012) 0.001 0.004 
 113   (0.012) 0.001 0.004 
 111   (0.012) 0.001 0.004 
 143   (0.012) 0.001 0.004 
 140   (0.014) 0.008 0.001 
 112   (0.012) 0.004 0.001 

Locus 2 : 
18 alleles
0.0% missing data
 152   (0.411) 0.349 0.592 
 148   (0.046) 0.007 0.140 
 154   (0.120) 0.108 0.110 
 156   (0.019) 0.004 0.006 
 150   (0.021) 0.002 0.025 
 164   (0.076) 0.074 0.047 
 158   (0.038) 0.021 0.019 
 160   (0.021) 0.005 0.009 
 166   (0.023) 0.013 0.005 
 151   (0.054) 0.236 0.005 
 147   (0.043) 0.132 0.005 
 168   (0.021) 0.014 0.003 
 153   (0.016) 0.008 0.002 
 149   (0.024) 0.006 0.012 
 162   (0.019) 0.011 0.003 
 167   (0.016) 0.002 0.008 
 146   (0.016) 0.002 0.008 
 172   (0.016) 0.008 0.002 

Locus 3 : 
4 alleles
0.0% missing data
 128   (0.304) 0.293 0.319 
 126   (0.606) 0.631 0.636 
 132   (0.073) 0.073 0.038 
 134   (0.017) 0.003 0.007 

Locus 4 : 
3 alleles
0.0% missing data
 170   (0.312) 0.311 0.302 
 172   (0.673) 0.688 0.694 
 171   (0.014) 0.002 0.004 

Locus 5 : 
37 alleles
0.0% missing data
 125   (0.045) 0.056 0.054 
 110   (0.033) 0.038 0.024 
 129   (0.035) 0.048 0.020 
 113   (0.033) 0.052 0.015 
 145   (0.053) 0.045 0.117 
 155   (0.049) 0.040 0.091 
 117   (0.031) 0.017 0.039 
 124   (0.012) 0.001 0.008 
 133   (0.033) 0.028 0.034 
 157   (0.043) 0.072 0.033 
 141   (0.018) 0.010 0.006 
 112   (0.064) 0.082 0.116 
 121   (0.022) 0.019 0.007 
 114   (0.044) 0.033 0.081 
 153   (0.048) 0.098 0.034 
 127   (0.060) 0.100 0.074 
 131   (0.056) 0.059 0.103 
 135   (0.031) 0.031 0.020 
 104   (0.011) 0.001 0.004 
 118   (0.014) 0.002 0.014 
 116   (0.026) 0.017 0.018 
 137   (0.027) 0.016 0.025 
 123   (0.024) 0.030 0.007 
 149   (0.011) 0.004 0.002 
 138   (0.014) 0.017 0.002 
 143   (0.029) 0.027 0.017 
 163   (0.011) 0.001 0.004 
 109   (0.012) 0.001 0.008 
 139   (0.011) 0.002 0.003 
 106   (0.010) 0.002 0.004 
 144   (0.015) 0.013 0.002 
 122   (0.012) 0.001 0.008 
 100   (0.016) 0.017 0.002 
 111   (0.013) 0.011 0.001 
 233   (0.011) 0.004 0.001 
 134   (0.011) 0.004 0.001 
 140   (0.011) 0.004 0.002 

Locus 6 : 
17 alleles
0.0% missing data
 221   (0.027) 0.004 0.061 
 232   (0.247) 0.357 0.265 
 229   (0.054) 0.032 0.061 
 223   (0.058) 0.050 0.046 
 230   (0.144) 0.140 0.198 
 235   (0.021) 0.004 0.020 
 236   (0.036) 0.012 0.041 
 227   (0.021) 0.003 0.024 
 220   (0.058) 0.066 0.036 
 222   (0.059) 0.055 0.044 
 234   (0.117) 0.131 0.126 
 224   (0.032) 0.036 0.008 
 228   (0.051) 0.085 0.018 
 225   (0.013) 0.002 0.004 
 226   (0.023) 0.019 0.004 
 233   (0.023) 0.003 0.031 
 231   (0.017) 0.002 0.015 

Locus 7 : 
10 alleles
0.0% missing data
 121   (0.685) 0.782 0.797 
 129   (0.086) 0.086 0.063 
 130   (0.018) 0.006 0.004 
 123   (0.094) 0.094 0.074 
 128   (0.018) 0.002 0.015 
 131   (0.016) 0.002 0.008 
 117   (0.014) 0.004 0.001 
 125   (0.016) 0.008 0.001 
 134   (0.037) 0.014 0.029 
 132   (0.016) 0.002 0.008 

Locus 8 : 
19 alleles
0.0% missing data
 184   (0.300) 0.378 0.439 
 194   (0.038) 0.015 0.044 
 178   (0.106) 0.123 0.118 
 176   (0.078) 0.070 0.092 
 182   (0.080) 0.085 0.077 
 190   (0.033) 0.013 0.026 
 196   (0.020) 0.024 0.003 
 200   (0.028) 0.012 0.016 
 180   (0.030) 0.014 0.018 
 188   (0.038) 0.036 0.017 
 174   (0.034) 0.011 0.041 
 186   (0.109) 0.167 0.090 
 192   (0.029) 0.022 0.009 
 201   (0.013) 0.001 0.004 
 199   (0.016) 0.011 0.001 
 185   (0.013) 0.004 0.001 
 203   (0.012) 0.004 0.001 
 198   (0.013) 0.004 0.001 
 209   (0.012) 0.004 0.001 

Locus 9 : 
6 alleles
0.4% missing data
 154   (0.693) 0.770 0.716 
 156   (0.197) 0.161 0.231 
 152   (0.057) 0.051 0.028 
 153   (0.016) 0.008 0.002 
 160   (0.016) 0.008 0.002 
 164   (0.021) 0.002 0.022 

Locus 10 : 
29 alleles
0.7% missing data
 305   (0.054) 0.039 0.090 
 313   (0.043) 0.032 0.045 
 311   (0.015) 0.003 0.006 
 299   (0.092) 0.133 0.113 
 315   (0.051) 0.031 0.088 
 287   (0.054) 0.084 0.037 
 291   (0.097) 0.195 0.090 
 295   (0.030) 0.010 0.056 
 289   (0.023) 0.027 0.006 
 303   (0.089) 0.104 0.143 
 297   (0.045) 0.031 0.057 
 293   (0.023) 0.013 0.021 
 301   (0.044) 0.030 0.058 
 285   (0.046) 0.046 0.041 
 307   (0.048) 0.028 0.080 
 312   (0.044) 0.058 0.028 
 306   (0.023) 0.024 0.006 
 320   (0.014) 0.007 0.002 
 317   (0.022) 0.022 0.005 
 314   (0.023) 0.008 0.012 
 323   (0.012) 0.004 0.001 
 325   (0.012) 0.004 0.001 
 310   (0.015) 0.014 0.002 
 309   (0.013) 0.006 0.003 
 316   (0.015) 0.011 0.002 
 296   (0.011) 0.004 0.001 
 304   (0.015) 0.014 0.002 
 321   (0.013) 0.008 0.001 
 332   (0.014) 0.008 0.001 

Locus 11 : 
19 alleles
0.0% missing data
 114   (0.129) 0.070 0.234 
 126   (0.020) 0.002 0.022 
 111   (0.149) 0.323 0.066 
 116   (0.086) 0.041 0.150 
 132   (0.013) 0.001 0.004 
 109   (0.021) 0.003 0.014 
 128   (0.017) 0.006 0.003 
 112   (0.310) 0.271 0.445 
 122   (0.018) 0.004 0.006 
 124   (0.013) 0.001 0.005 
 118   (0.046) 0.039 0.021 
 127   (0.013) 0.004 0.001 
 113   (0.042) 0.154 0.004 
 115   (0.035) 0.027 0.012 
 120   (0.023) 0.020 0.004 
 117   (0.018) 0.010 0.003 
 125   (0.018) 0.011 0.002 
 119   (0.015) 0.008 0.001 
 136   (0.013) 0.001 0.004 

Locus 12 : 
28 alleles
0.7% missing data
 306   (0.056) 0.043 0.087 
 314   (0.047) 0.047 0.040 
 312   (0.014) 0.001 0.008 
 300   (0.095) 0.133 0.117 
 316   (0.032) 0.009 0.057 
 288   (0.053) 0.082 0.035 
 292   (0.101) 0.198 0.091 
 296   (0.035) 0.014 0.057 
 290   (0.024) 0.027 0.006 
 304   (0.092) 0.104 0.144 
 298   (0.045) 0.031 0.057 
 294   (0.024) 0.013 0.021 
 302   (0.045) 0.030 0.058 
 286   (0.048) 0.049 0.042 
 308   (0.023) 0.003 0.065 
 313   (0.042) 0.038 0.035 
 307   (0.039) 0.049 0.020 
 321   (0.014) 0.007 0.002 
 315   (0.042) 0.034 0.039 
 318   (0.017) 0.021 0.002 
 324   (0.012) 0.004 0.001 
 326   (0.012) 0.004 0.001 
 311   (0.021) 0.022 0.005 
 310   (0.014) 0.006 0.003 
 305   (0.016) 0.010 0.002 
 317   (0.014) 0.008 0.002 
 320   (0.012) 0.004 0.001 
 322   (0.013) 0.008 0.001 

Locus 13 : 
7 alleles
1.1% missing data
 161   (0.560) 0.520 0.616 
 163   (0.286) 0.430 0.170 
 160   (0.032) 0.003 0.081 
 162   (0.032) 0.003 0.081 
 165   (0.056) 0.040 0.030 
 166   (0.014) 0.001 0.005 
 164   (0.020) 0.002 0.019 

Locus 14 : 
4 alleles
0.4% missing data
  98   (0.955) 0.990 0.989 
 100   (0.014) 0.004 0.001 
  96   (0.016) 0.002 0.008 
 105   (0.014) 0.004 0.002 

Locus 15 : 
12 alleles
2.2% missing data
 171   (0.278) 0.347 0.274 
 177   (0.163) 0.150 0.194 
 173   (0.266) 0.378 0.225 
 179   (0.122) 0.069 0.217 
 183   (0.023) 0.007 0.011 
 181   (0.046) 0.026 0.033 
 197   (0.023) 0.005 0.016 
 170   (0.016) 0.002 0.008 
 189   (0.016) 0.002 0.008 
 203   (0.017) 0.002 0.012 
 187   (0.016) 0.008 0.002 
 198   (0.014) 0.005 0.001 

Values of parameters used in structure:
DATAFILE=STRUCTURE_main_final_278_HEG_ZG.str,	OUTFILE=STRUCTURE_main_final_278_HEG_ZG-K2-2,	NUMINDS=278,	NUMLOCI=15,	MISSING=-9,	LABEL=1,	POPDATA=1,	POPFLAG=0,	PHENOTYPE=0,	EXTRACOLS=0,	MAXPOPS=2,	BURNIN=100000,	NUMREPS=500000,	USEPOPINFO=0,	INFERALPHA=1,	INFERLAMBDA=0,	POPSPECIFICLAMBDA=0,	POPALPHAS=0,	COMPUTEPROB=1,	NOADMIX=0,	ADMBURNIN=2500,	UPDATEFREQ=1,	PRINTLIKES=0,	INTERMEDSAVE=0,	PRINTKLD=0,	PRINTNET=0,	PRINTLAMBDA=0,	ANCESTDIST=0,	NUMBOXES=1000,	ANCESTPINT=0.90000,	GENSBACK=2,	MIGRPRIOR=0.05000,	PRINTQHAT=0,	PRINTQSUM=0,	ALPHA=1.0000,	FREQSCORR=1,	FPRIORMEAN=0.0100,	FPRIORSD=0.0500,	ONEFST=0,	LAMBDA=1.0000,	UNIFPRIORALPHA=1,	ALPHAMAX=10.0000,	ALPHAPRIORA=1.0000,	ALPHAPRIORB=2.0000,	ALPHAPROPSD=0.0250,	STARTATPOPINFO=0,	RANDOMIZE=1,	LINKAGE=0,	METROFREQ=10,	REPORTHITRATE=0,	MARKOVPHASE=-1,	PHASED=0,	PLOIDY=2,	PHASEINFO=0	LOCPRIOR=0, 	LOCPRIORINIT=1.000000, 	LOCDATA=0, 	LOCISPOP=0, 	LOCPRIORSTEP=0.100000, 	MAXLOCPRIOR=20.000000, 	SEED=1782479379,	
[STRAT parameters]:    NUMSIMSTATS=1000,	PHENOTYPECOL=-9,	POOLFREQ=10,	LOCUSxONLY=0,	EMERROR=0.00100,	MISSINGPHENO=-9,	