

----------------------------------------------------
STRUCTURE by Pritchard, Stephens and Donnelly (2000)
     and Falush, Stephens and Pritchard (2003)
       Code by Pritchard, Falush and Hubisz
             Version 2.3.4 (Jul 2012)
----------------------------------------------------



Command line arguments:   structure -K 12 -i STRUCTURE_main_final_278_HEG_ZG.str -o STRUCTURE_main_final_278_HEG_ZG-K12-5 
Input File:    STRUCTURE_main_final_278_HEG_ZG.str

Run parameters:
   278 individuals
   15 loci
   12 populations assumed
   100000 Burn-in period
   500000 Reps


--------------------------------------------
Proportion of membership of each pre-defined
 population in each of the 12 clusters

Given    Inferred Clusters                                                                      Number of
 Pop       1      2      3      4      5      6      7      8      9     10     11     12      Individuals

  1:     0.037  0.036  0.066  0.012  0.085  0.017  0.030  0.012  0.579  0.028  0.085  0.013       24
  2:     0.028  0.013  0.050  0.011  0.017  0.041  0.021  0.034  0.016  0.018  0.072  0.680       24
  3:     0.016  0.061  0.010  0.317  0.040  0.218  0.036  0.231  0.017  0.011  0.033  0.011       24
  4:     0.441  0.032  0.032  0.048  0.044  0.032  0.081  0.038  0.047  0.014  0.167  0.022       24
  5:     0.132  0.038  0.030  0.101  0.017  0.012  0.357  0.073  0.017  0.028  0.173  0.023       24
  6:     0.094  0.042  0.187  0.024  0.012  0.021  0.089  0.027  0.411  0.014  0.058  0.022       24
  7:     0.035  0.009  0.735  0.013  0.016  0.008  0.018  0.013  0.052  0.021  0.050  0.029       24
  8:     0.032  0.014  0.010  0.596  0.050  0.035  0.060  0.011  0.016  0.011  0.152  0.012       14
  9:     0.016  0.400  0.006  0.030  0.046  0.029  0.052  0.028  0.035  0.335  0.009  0.015       24
 10:     0.012  0.053  0.013  0.033  0.597  0.154  0.018  0.041  0.011  0.035  0.026  0.007       24
 11:     0.023  0.151  0.011  0.022  0.236  0.325  0.047  0.072  0.016  0.060  0.029  0.008       24
 12:     0.112  0.010  0.105  0.092  0.045  0.073  0.020  0.046  0.247  0.077  0.158  0.016       24
--------------------------------------------

Allele-freq. divergence among pops (Net nucleotide distance),
computed using point estimates of P.

      1       2       3       4       5       6       7       8       9      10      11      12      
 1      -    0.0959  0.0806  0.0457  0.0794  0.1071  0.0820  0.1030  0.0445  0.0607  0.0396  0.0886  
 2   0.0959     -    0.1316  0.0660  0.0647  0.0836  0.0898  0.1341  0.0674  0.1096  0.0660  0.1025  
 3   0.0806  0.1316     -    0.0920  0.1463  0.0948  0.1040  0.1442  0.0740  0.1208  0.0724  0.1135  
 4   0.0457  0.0660  0.0920     -    0.0578  0.0769  0.0522  0.0823  0.0444  0.0762  0.0329  0.0734  
 5   0.0794  0.0647  0.1463  0.0578     -    0.0891  0.1000  0.1267  0.0744  0.0851  0.0757  0.1243  
 6   0.1071  0.0836  0.0948  0.0769  0.0891     -    0.1162  0.1279  0.0949  0.1164  0.0843  0.1467  
 7   0.0820  0.0898  0.1040  0.0522  0.1000  0.1162     -    0.1111  0.0534  0.1157  0.0574  0.0967  
 8   0.1030  0.1341  0.1442  0.0823  0.1267  0.1279  0.1111     -    0.1010  0.1191  0.0906  0.1330  
 9   0.0445  0.0674  0.0740  0.0444  0.0744  0.0949  0.0534  0.1010     -    0.0662  0.0364  0.0751  
10   0.0607  0.1096  0.1208  0.0762  0.0851  0.1164  0.1157  0.1191  0.0662     -    0.0815  0.1322  
11   0.0396  0.0660  0.0724  0.0329  0.0757  0.0843  0.0574  0.0906  0.0364  0.0815     -    0.0795  
12   0.0886  0.1025  0.1135  0.0734  0.1243  0.1467  0.0967  0.1330  0.0751  0.1322  0.0795     -    

Average distances (expected heterozygosity) between individuals in same cluster:
cluster  1  : 0.5836 
cluster  2  : 0.5919 
cluster  3  : 0.5431 
cluster  4  : 0.6351 
cluster  5  : 0.5968 
cluster  6  : 0.5369 
cluster  7  : 0.5613 
cluster  8  : 0.5617 
cluster  9  : 0.6142 
cluster 10  : 0.5348 
cluster 11  : 0.6198 
cluster 12  : 0.6042 

--------------------------------------------
Estimated Ln Prob of Data   = -12147.0
Mean value of ln likelihood = -11339.9
Variance of ln likelihood   = 1614.2
Mean value of alpha         = 0.0473

Mean value of Fst_1         = 0.1513
Mean value of Fst_2         = 0.1756
Mean value of Fst_3         = 0.2165
Mean value of Fst_4         = 0.0722
Mean value of Fst_5         = 0.1775
Mean value of Fst_6         = 0.2449
Mean value of Fst_7         = 0.2132
Mean value of Fst_8         = 0.2350
Mean value of Fst_9         = 0.0984
Mean value of Fst_10         = 0.2431
Mean value of Fst_11         = 0.1203
Mean value of Fst_12         = 0.2247


Inferred ancestry of individuals:
        Label (%Miss) Pop:  Inferred clusters
  1 24.0601.E1    (0)    1 :  0.009 0.010 0.013 0.006 0.007 0.013 0.005 0.010 0.895 0.006 0.015 0.013 
  2 24.0602.E1    (0)    1 :  0.006 0.019 0.009 0.008 0.013 0.009 0.012 0.008 0.886 0.008 0.017 0.004 
  3 24.0603.E1    (0)    1 :  0.029 0.013 0.019 0.025 0.004 0.006 0.036 0.007 0.833 0.007 0.015 0.005 
  4 24.0604.E1    (0)    1 :  0.101 0.006 0.005 0.005 0.045 0.005 0.004 0.141 0.626 0.021 0.034 0.007 
  5 24.0605.E1    (0)    1 :  0.031 0.028 0.031 0.009 0.008 0.012 0.013 0.006 0.825 0.013 0.016 0.007 
  6 24.0606.E1    (0)    1 :  0.050 0.026 0.019 0.007 0.022 0.006 0.103 0.005 0.591 0.006 0.154 0.011 
  7 24.0607.E1    (0)    1 :  0.011 0.023 0.271 0.014 0.010 0.008 0.217 0.007 0.082 0.293 0.058 0.006 
  8 24.0608.E1    (0)    1 :  0.006 0.013 0.102 0.006 0.030 0.126 0.007 0.005 0.675 0.012 0.014 0.003 
  9 24.0609.E1    (0)    1 :  0.288 0.009 0.005 0.025 0.405 0.012 0.007 0.007 0.135 0.048 0.055 0.004 
 10 24.0610.E1    (0)    1 :  0.087 0.012 0.010 0.019 0.411 0.004 0.027 0.004 0.397 0.010 0.013 0.005 
 11 24.0611.E1    (0)    1 :  0.038 0.047 0.006 0.010 0.033 0.005 0.005 0.005 0.819 0.017 0.009 0.007 
 12 24.0612.E1    (0)    1 :  0.006 0.010 0.017 0.007 0.008 0.005 0.022 0.010 0.887 0.008 0.014 0.008 
 13 24.0613.E1    (0)    1 :  0.062 0.005 0.005 0.005 0.022 0.005 0.040 0.005 0.828 0.008 0.009 0.006 
 14 24.0614.E1    (0)    1 :  0.011 0.355 0.336 0.006 0.009 0.064 0.009 0.005 0.159 0.012 0.029 0.006 
 15 24.0615.E1    (0)    1 :  0.009 0.020 0.050 0.008 0.185 0.020 0.013 0.019 0.589 0.044 0.029 0.014 
 16 24.0616.E1    (0)    1 :  0.012 0.006 0.005 0.005 0.011 0.006 0.026 0.007 0.877 0.025 0.009 0.014 
 17 24.0617.E1    (0)    1 :  0.019 0.015 0.020 0.009 0.534 0.008 0.040 0.006 0.283 0.027 0.011 0.027 
 18 24.0618.E1    (0)    1 :  0.023 0.051 0.005 0.013 0.061 0.018 0.044 0.005 0.739 0.010 0.024 0.008 
 19 24.0619.E1    (0)    1 :  0.016 0.012 0.004 0.006 0.025 0.005 0.010 0.005 0.222 0.020 0.661 0.014 
 20 24.0620.E1   (20)    1 :  0.044 0.012 0.622 0.017 0.038 0.008 0.028 0.009 0.030 0.023 0.156 0.012 
 21 24.0621.E1    (0)    1 :  0.007 0.094 0.004 0.006 0.109 0.030 0.010 0.005 0.052 0.018 0.659 0.005 
 22 24.0622.E1    (0)    1 :  0.011 0.005 0.009 0.016 0.010 0.005 0.015 0.004 0.883 0.004 0.013 0.024 
 23 24.0623.E1    (0)    1 :  0.010 0.051 0.021 0.059 0.037 0.010 0.006 0.009 0.650 0.015 0.030 0.101 
 24 24.0624.E1    (0)    1 :  0.006 0.010 0.006 0.005 0.011 0.005 0.013 0.004 0.924 0.005 0.006 0.006 
 25 24.0625.E1    (0)    2 :  0.038 0.063 0.051 0.027 0.009 0.184 0.008 0.041 0.013 0.004 0.017 0.547 
 26 24.0626.E1    (0)    2 :  0.004 0.005 0.031 0.004 0.003 0.130 0.004 0.004 0.004 0.003 0.004 0.805 
 27 24.0627.E1    (0)    2 :  0.015 0.006 0.021 0.007 0.005 0.013 0.005 0.363 0.006 0.010 0.096 0.454 
 28 24.0628.E1    (0)    2 :  0.066 0.008 0.125 0.037 0.095 0.153 0.006 0.006 0.030 0.023 0.020 0.433 
 29 24.0629.E1    (0)    2 :  0.007 0.006 0.005 0.013 0.010 0.007 0.048 0.011 0.080 0.009 0.007 0.796 
 30 24.0630.E1    (0)    2 :  0.009 0.009 0.099 0.007 0.004 0.045 0.004 0.006 0.005 0.005 0.012 0.796 
 31 24.0631.E1    (0)    2 :  0.003 0.004 0.004 0.003 0.003 0.003 0.004 0.004 0.005 0.003 0.004 0.961 
 32 24.0632.E1    (0)    2 :  0.009 0.006 0.022 0.005 0.006 0.005 0.057 0.012 0.008 0.005 0.005 0.859 
 33 24.0633.E1    (0)    2 :  0.007 0.018 0.046 0.008 0.006 0.326 0.008 0.005 0.010 0.004 0.282 0.281 
 34 24.0634.E1    (0)    2 :  0.010 0.029 0.007 0.014 0.011 0.024 0.008 0.008 0.009 0.005 0.011 0.864 
 35 24.0635.E1    (0)    2 :  0.008 0.058 0.019 0.036 0.019 0.017 0.010 0.014 0.016 0.012 0.344 0.446 
 36 24.0636.E1   (33)    2 :  0.173 0.008 0.593 0.024 0.010 0.009 0.017 0.025 0.034 0.007 0.028 0.073 
 37 24.0637.E1    (0)    2 :  0.005 0.005 0.007 0.005 0.003 0.003 0.006 0.004 0.004 0.004 0.004 0.951 
 38 24.0638.E1    (0)    2 :  0.012 0.005 0.004 0.012 0.005 0.005 0.024 0.007 0.007 0.005 0.183 0.731 
 39 24.0639.E1    (0)    2 :  0.006 0.006 0.012 0.008 0.081 0.007 0.104 0.029 0.035 0.008 0.008 0.695 
 40 24.0640.E1    (0)    2 :  0.007 0.017 0.006 0.006 0.008 0.007 0.006 0.004 0.009 0.006 0.008 0.917 
 41 24.0641.E1    (0)    2 :  0.006 0.008 0.014 0.010 0.012 0.007 0.024 0.007 0.031 0.179 0.383 0.319 
 42 24.0642.E1    (0)    2 :  0.074 0.004 0.051 0.005 0.004 0.005 0.007 0.006 0.041 0.006 0.285 0.513 
 43 24.0643.E1    (0)    2 :  0.012 0.012 0.043 0.008 0.012 0.006 0.124 0.225 0.009 0.004 0.012 0.532 
 44 24.0644.E1    (0)    2 :  0.028 0.005 0.005 0.007 0.033 0.005 0.004 0.005 0.007 0.031 0.006 0.863 
 45 24.0645.E1    (0)    2 :  0.137 0.005 0.015 0.005 0.025 0.004 0.005 0.005 0.009 0.055 0.007 0.730 
 46 24.0646.E1    (0)    2 :  0.029 0.005 0.005 0.007 0.034 0.005 0.005 0.004 0.007 0.031 0.006 0.862 
 47 24.0647.E1    (0)    2 :  0.005 0.005 0.007 0.005 0.003 0.003 0.006 0.004 0.004 0.004 0.004 0.950 
 48 24.0648.E1    (0)    2 :  0.005 0.005 0.007 0.005 0.003 0.003 0.006 0.004 0.004 0.004 0.004 0.951 
 49 24.0649.E1    (0)    3 :  0.006 0.009 0.003 0.928 0.010 0.008 0.007 0.009 0.005 0.006 0.005 0.005 
 50 24.0650.E1    (0)    3 :  0.104 0.189 0.003 0.196 0.076 0.126 0.005 0.010 0.012 0.010 0.264 0.004 
 51 24.0651.E1    (0)    3 :  0.025 0.299 0.023 0.266 0.007 0.049 0.152 0.037 0.007 0.012 0.013 0.110 
 52 24.0652.E1    (0)    3 :  0.005 0.007 0.004 0.065 0.006 0.791 0.008 0.010 0.032 0.008 0.059 0.004 
 53 24.0653.E1    (0)    3 :  0.008 0.009 0.007 0.079 0.025 0.015 0.021 0.787 0.005 0.021 0.020 0.005 
 54 24.0654.E1    (0)    3 :  0.006 0.005 0.004 0.503 0.023 0.415 0.010 0.007 0.006 0.006 0.005 0.009 
 55 24.0655.E1    (0)    3 :  0.010 0.056 0.007 0.348 0.028 0.366 0.067 0.009 0.050 0.007 0.027 0.024 
 56 24.0656.E1    (0)    3 :  0.014 0.005 0.010 0.028 0.011 0.868 0.010 0.015 0.007 0.006 0.020 0.006 
 57 24.0657.E1    (0)    3 :  0.014 0.006 0.010 0.035 0.012 0.855 0.010 0.015 0.008 0.006 0.024 0.006 
 58 24.0658.E1    (0)    3 :  0.026 0.009 0.006 0.658 0.109 0.005 0.061 0.065 0.018 0.018 0.018 0.006 
 59 24.0659.E1    (0)    3 :  0.008 0.230 0.004 0.148 0.022 0.070 0.009 0.327 0.039 0.006 0.130 0.007 
 60 24.0660.E1    (6)    3 :  0.013 0.008 0.006 0.845 0.006 0.008 0.023 0.011 0.025 0.008 0.036 0.012 
 61 24.0661.E1    (0)    3 :  0.005 0.008 0.006 0.032 0.005 0.893 0.013 0.008 0.009 0.009 0.006 0.005 
 62 24.0662.E1    (0)    3 :  0.010 0.519 0.023 0.175 0.017 0.045 0.012 0.098 0.059 0.006 0.021 0.014 
 63 24.0663.E1    (0)    3 :  0.048 0.025 0.004 0.335 0.460 0.061 0.011 0.006 0.006 0.032 0.006 0.007 
 64 24.0664.E1    (0)    3 :  0.006 0.004 0.036 0.694 0.013 0.186 0.021 0.007 0.005 0.012 0.009 0.006 
 65 24.0665.E1    (0)    3 :  0.014 0.006 0.058 0.475 0.004 0.363 0.016 0.030 0.006 0.010 0.014 0.006 
 66 24.0666.E1    (0)    3 :  0.009 0.004 0.004 0.007 0.007 0.007 0.011 0.925 0.008 0.005 0.008 0.005 
 67 24.0667.E1    (0)    3 :  0.005 0.004 0.004 0.015 0.004 0.006 0.004 0.929 0.010 0.004 0.013 0.003 
 68 24.0668.E1    (0)    3 :  0.003 0.003 0.003 0.004 0.004 0.004 0.004 0.961 0.003 0.005 0.003 0.004 
 69 24.0669.E1    (0)    3 :  0.004 0.003 0.003 0.004 0.004 0.004 0.005 0.950 0.004 0.012 0.004 0.004 
 70 24.0670.E1    (0)    3 :  0.004 0.031 0.005 0.436 0.060 0.015 0.341 0.075 0.015 0.003 0.011 0.004 
 71 24.0671.E1    (0)    3 :  0.014 0.026 0.007 0.780 0.032 0.057 0.037 0.011 0.010 0.009 0.008 0.008 
 72 24.0672.E1    (0)    3 :  0.010 0.011 0.005 0.554 0.008 0.008 0.012 0.233 0.052 0.035 0.067 0.005 
 73 24.0673.E1    (6)    4 :  0.172 0.030 0.106 0.014 0.008 0.426 0.031 0.007 0.108 0.005 0.074 0.021 
 74 24.0674.E1    (0)    4 :  0.927 0.014 0.008 0.005 0.006 0.004 0.006 0.004 0.007 0.005 0.005 0.007 
 75 24.0675.E1    (0)    4 :  0.696 0.053 0.022 0.034 0.031 0.026 0.049 0.008 0.024 0.017 0.015 0.024 
 76 24.0676.E1    (0)    4 :  0.557 0.028 0.023 0.047 0.173 0.019 0.051 0.006 0.014 0.049 0.028 0.006 
 77 24.0677.E1    (0)    4 :  0.021 0.031 0.012 0.026 0.024 0.048 0.741 0.014 0.021 0.030 0.029 0.004 
 78 24.0678.E1    (0)    4 :  0.018 0.017 0.011 0.097 0.007 0.036 0.068 0.109 0.446 0.030 0.106 0.055 
 79 24.0679.E1    (0)    4 :  0.131 0.016 0.007 0.043 0.153 0.008 0.036 0.032 0.094 0.008 0.462 0.011 
 80 24.0680.E1    (0)    4 :  0.016 0.008 0.008 0.072 0.005 0.009 0.010 0.023 0.019 0.012 0.808 0.010 
 81 24.0681.E1    (0)    4 :  0.149 0.013 0.017 0.057 0.007 0.008 0.029 0.012 0.020 0.011 0.668 0.009 
 82 24.0682.E1    (0)    4 :  0.953 0.003 0.004 0.004 0.005 0.003 0.003 0.004 0.004 0.010 0.004 0.004 
 83 24.0683.E1    (0)    4 :  0.874 0.011 0.052 0.005 0.004 0.006 0.014 0.006 0.008 0.005 0.008 0.007 
 84 24.0684.E1    (0)    4 :  0.757 0.006 0.014 0.018 0.025 0.006 0.040 0.010 0.060 0.017 0.019 0.028 
 85 24.0685.E1    (0)    4 :  0.453 0.006 0.018 0.009 0.025 0.005 0.020 0.061 0.012 0.006 0.378 0.006 
 86 24.0686.E1    (0)    4 :  0.047 0.205 0.015 0.171 0.013 0.005 0.274 0.013 0.072 0.006 0.094 0.086 
 87 24.0687.E1    (0)    4 :  0.109 0.238 0.017 0.200 0.024 0.008 0.103 0.006 0.032 0.006 0.092 0.165 
 88 24.0688.E1    (0)    4 :  0.934 0.004 0.005 0.011 0.003 0.004 0.005 0.004 0.006 0.007 0.010 0.007 
 89 24.0689.E1    (0)    4 :  0.087 0.013 0.023 0.039 0.372 0.032 0.214 0.005 0.022 0.012 0.168 0.013 
 90 24.0690.E1    (0)    4 :  0.031 0.039 0.031 0.058 0.006 0.022 0.054 0.526 0.022 0.005 0.172 0.034 
 91 24.0691.E1    (0)    4 :  0.800 0.007 0.006 0.012 0.040 0.005 0.049 0.010 0.033 0.005 0.027 0.006 
 92 24.0692.E1    (0)    4 :  0.783 0.005 0.008 0.051 0.018 0.005 0.083 0.008 0.005 0.009 0.020 0.004 
 93 24.0693.E1    (0)    4 :  0.301 0.016 0.338 0.141 0.034 0.066 0.018 0.016 0.011 0.010 0.041 0.007 
 94 24.0694.E1    (0)    4 :  0.748 0.004 0.008 0.017 0.010 0.004 0.005 0.009 0.008 0.007 0.172 0.007 
 95 24.0695.E1    (0)    4 :  0.402 0.005 0.006 0.012 0.040 0.007 0.006 0.012 0.060 0.063 0.379 0.007 
 96 24.0696.E1    (0)    4 :  0.631 0.008 0.007 0.010 0.017 0.004 0.034 0.010 0.022 0.008 0.236 0.012 
 97 24.0697.E1    (0)    5 :  0.157 0.015 0.016 0.037 0.010 0.007 0.713 0.005 0.006 0.011 0.016 0.008 
 98 24.0698.E1    (0)    5 :  0.023 0.021 0.015 0.011 0.010 0.009 0.860 0.013 0.008 0.006 0.010 0.014 
 99 24.0699.E1    (0)    5 :  0.004 0.005 0.005 0.008 0.003 0.004 0.948 0.005 0.005 0.004 0.005 0.004 
100 24.0700.E1    (0)    5 :  0.009 0.014 0.006 0.093 0.007 0.009 0.364 0.008 0.006 0.004 0.475 0.004 
101 24.0701.E1    (0)    5 :  0.007 0.007 0.039 0.007 0.009 0.006 0.233 0.657 0.007 0.009 0.011 0.009 
102 24.0702.E1    (0)    5 :  0.007 0.006 0.021 0.052 0.007 0.007 0.384 0.021 0.009 0.006 0.469 0.012 
103 24.0703.E1    (0)    5 :  0.004 0.085 0.004 0.008 0.004 0.003 0.836 0.005 0.005 0.004 0.005 0.036 
104 24.0704.E1    (6)    5 :  0.013 0.017 0.008 0.015 0.006 0.005 0.728 0.005 0.008 0.166 0.022 0.008 
105 24.0705.E1    (0)    5 :  0.143 0.007 0.009 0.017 0.009 0.006 0.027 0.027 0.022 0.008 0.720 0.006 
106 24.0706.E1    (0)    5 :  0.012 0.006 0.009 0.297 0.011 0.011 0.018 0.014 0.006 0.011 0.597 0.007 
107 24.0707.E1    (0)    5 :  0.066 0.043 0.019 0.471 0.005 0.011 0.048 0.007 0.036 0.028 0.237 0.029 
108 24.0708.E1    (0)    5 :  0.048 0.482 0.020 0.021 0.103 0.016 0.068 0.019 0.026 0.006 0.033 0.159 
109 24.0709.E1    (0)    5 :  0.708 0.016 0.006 0.027 0.031 0.016 0.016 0.009 0.011 0.137 0.015 0.008 
110 24.0710.E1    (0)    5 :  0.128 0.030 0.019 0.005 0.007 0.004 0.772 0.008 0.008 0.006 0.007 0.005 
111 24.0711.E1    (0)    5 :  0.046 0.005 0.015 0.054 0.005 0.008 0.574 0.036 0.068 0.068 0.073 0.049 
112 24.0712.E1    (0)    5 :  0.022 0.008 0.011 0.008 0.006 0.005 0.375 0.502 0.012 0.005 0.021 0.026 
113 24.0713.E1    (0)    5 :  0.165 0.012 0.012 0.052 0.039 0.006 0.081 0.007 0.009 0.074 0.538 0.006 
114 24.0714.E1    (0)    5 :  0.007 0.014 0.007 0.038 0.013 0.011 0.239 0.010 0.036 0.009 0.607 0.010 
115 24.0715.E1    (0)    5 :  0.117 0.007 0.146 0.050 0.008 0.033 0.564 0.018 0.020 0.006 0.025 0.005 
116 24.0716.E1    (0)    5 :  0.014 0.014 0.017 0.028 0.040 0.007 0.495 0.299 0.037 0.011 0.014 0.024 
117 24.0717.E1    (0)    5 :  0.022 0.073 0.286 0.198 0.025 0.085 0.100 0.013 0.015 0.023 0.107 0.053 
118 24.0718.E1    (0)    5 :  0.154 0.008 0.014 0.582 0.008 0.004 0.036 0.052 0.026 0.007 0.080 0.030 
119 24.0719.E1    (0)    5 :  0.718 0.006 0.008 0.085 0.018 0.007 0.017 0.012 0.006 0.053 0.053 0.018 
120 24.0720.E1    (0)    5 :  0.571 0.006 0.005 0.253 0.015 0.007 0.070 0.010 0.013 0.016 0.019 0.013 
121 24.0721.E1    (0)    6 :  0.102 0.057 0.251 0.015 0.017 0.083 0.367 0.018 0.011 0.007 0.063 0.009 
122 24.0722.E1    (0)    6 :  0.103 0.098 0.427 0.020 0.010 0.008 0.159 0.060 0.017 0.005 0.016 0.076 
123 24.0723.E1    (0)    6 :  0.012 0.289 0.302 0.012 0.018 0.154 0.039 0.009 0.023 0.005 0.020 0.117 
124 24.0724.E1    (0)    6 :  0.353 0.244 0.057 0.019 0.039 0.011 0.052 0.011 0.135 0.010 0.031 0.038 
125 24.0725.E1    (0)    6 :  0.011 0.005 0.007 0.007 0.007 0.014 0.036 0.006 0.887 0.005 0.009 0.007 
126 24.0726.E1    (6)    6 :  0.064 0.018 0.077 0.015 0.007 0.005 0.008 0.006 0.367 0.006 0.419 0.007 
127 24.0727.E1    (0)    6 :  0.028 0.062 0.444 0.025 0.013 0.035 0.035 0.057 0.239 0.005 0.036 0.022 
128 24.0728.E1    (0)    6 :  0.017 0.023 0.161 0.131 0.012 0.031 0.177 0.012 0.386 0.005 0.015 0.031 
129 24.0729.E1    (0)    6 :  0.111 0.011 0.043 0.020 0.025 0.005 0.010 0.037 0.658 0.034 0.034 0.012 
130 24.0730.E1    (0)    6 :  0.044 0.007 0.012 0.043 0.010 0.009 0.788 0.016 0.041 0.013 0.010 0.006 
131 24.0731.E1    (0)    6 :  0.221 0.012 0.059 0.009 0.007 0.019 0.008 0.004 0.105 0.005 0.539 0.013 
132 24.0732.E1    (0)    6 :  0.152 0.005 0.594 0.013 0.004 0.027 0.080 0.011 0.081 0.007 0.019 0.009 
133 24.0733.E1    (0)    6 :  0.008 0.004 0.017 0.005 0.007 0.004 0.004 0.003 0.934 0.004 0.006 0.005 
134 24.0734.E1    (0)    6 :  0.010 0.028 0.737 0.021 0.007 0.010 0.122 0.007 0.029 0.004 0.016 0.009 
135 24.0735.E1    (0)    6 :  0.021 0.007 0.143 0.022 0.021 0.008 0.093 0.011 0.602 0.005 0.022 0.045 
136 24.0736.E1    (0)    6 :  0.008 0.005 0.033 0.006 0.006 0.006 0.016 0.004 0.894 0.005 0.009 0.007 
137 24.0737.E1    (0)    6 :  0.013 0.051 0.007 0.030 0.007 0.008 0.010 0.008 0.826 0.004 0.013 0.022 
138 24.0738.E1    (0)    6 :  0.009 0.008 0.025 0.013 0.005 0.008 0.016 0.009 0.873 0.008 0.016 0.010 
139 24.0739.E1    (0)    6 :  0.011 0.006 0.005 0.031 0.006 0.007 0.012 0.006 0.888 0.004 0.008 0.016 
140 24.0740.E1    (0)    6 :  0.188 0.005 0.010 0.025 0.017 0.006 0.007 0.009 0.602 0.090 0.018 0.023 
141 24.0741.E1    (0)    6 :  0.202 0.008 0.264 0.042 0.009 0.009 0.052 0.006 0.373 0.006 0.014 0.016 
142 24.0742.E1    (0)    6 :  0.035 0.018 0.668 0.012 0.006 0.006 0.012 0.008 0.198 0.008 0.017 0.011 
143 24.0743.E1    (0)    6 :  0.418 0.021 0.022 0.010 0.011 0.008 0.020 0.023 0.399 0.052 0.011 0.005 
144 24.0744.E1    (0)    6 :  0.121 0.017 0.112 0.024 0.023 0.018 0.013 0.306 0.290 0.041 0.026 0.010 
145 24.0745.E1    (0)    7 :  0.014 0.005 0.872 0.008 0.007 0.015 0.013 0.020 0.004 0.014 0.023 0.004 
146 24.0746.E1    (0)    7 :  0.045 0.056 0.598 0.024 0.010 0.007 0.029 0.007 0.047 0.082 0.019 0.076 
147 24.0747.E1    (0)    7 :  0.118 0.004 0.692 0.023 0.029 0.009 0.006 0.012 0.024 0.057 0.016 0.009 
148 24.0748.E1    (6)    7 :  0.141 0.005 0.622 0.020 0.042 0.017 0.007 0.012 0.025 0.072 0.031 0.009 
149 24.0749.E1    (0)    7 :  0.009 0.010 0.691 0.006 0.006 0.004 0.017 0.007 0.230 0.005 0.009 0.007 
150 24.0750.E1    (0)    7 :  0.099 0.021 0.193 0.021 0.013 0.008 0.101 0.013 0.163 0.018 0.340 0.009 
151 24.0751.E1    (0)    7 :  0.004 0.004 0.946 0.004 0.004 0.005 0.005 0.004 0.007 0.004 0.006 0.006 
152 24.0752.E1    (0)    7 :  0.007 0.003 0.862 0.005 0.006 0.010 0.046 0.004 0.036 0.008 0.006 0.005 
153 24.0753.E1    (0)    7 :  0.011 0.009 0.498 0.008 0.004 0.025 0.005 0.009 0.232 0.010 0.010 0.178 
154 24.0754.E1    (0)    7 :  0.029 0.005 0.864 0.008 0.006 0.009 0.007 0.006 0.030 0.005 0.015 0.016 
155 24.0755.E1    (0)    7 :  0.103 0.005 0.712 0.025 0.034 0.006 0.025 0.006 0.012 0.042 0.011 0.018 
156 24.0756.E1    (0)    7 :  0.007 0.008 0.921 0.004 0.014 0.005 0.005 0.004 0.010 0.005 0.009 0.008 
157 24.0757.E1    (0)    7 :  0.004 0.003 0.960 0.003 0.003 0.003 0.005 0.004 0.003 0.004 0.004 0.004 
158 24.0758.E1    (0)    7 :  0.004 0.003 0.959 0.003 0.003 0.003 0.005 0.004 0.004 0.004 0.004 0.004 
159 24.0759.E1    (0)    7 :  0.007 0.005 0.901 0.008 0.005 0.013 0.008 0.010 0.021 0.007 0.010 0.006 
160 24.0760.E1    (0)    7 :  0.025 0.007 0.584 0.031 0.006 0.007 0.028 0.007 0.009 0.005 0.011 0.280 
161 24.0761.E1    (0)    7 :  0.005 0.005 0.946 0.005 0.005 0.005 0.004 0.003 0.006 0.003 0.005 0.009 
162 24.0762.E1    (0)    7 :  0.035 0.010 0.069 0.059 0.144 0.007 0.028 0.155 0.179 0.019 0.287 0.007 
163 24.0763.E1    (0)    7 :  0.016 0.004 0.935 0.005 0.004 0.006 0.004 0.003 0.007 0.005 0.006 0.004 
164 24.0764.E1    (0)    7 :  0.005 0.003 0.935 0.006 0.005 0.004 0.010 0.004 0.011 0.004 0.006 0.008 
165 24.0765.E1    (0)    7 :  0.022 0.021 0.869 0.006 0.010 0.008 0.008 0.004 0.006 0.006 0.019 0.020 
166 24.0766.E1    (0)    7 :  0.009 0.005 0.926 0.006 0.004 0.009 0.008 0.006 0.009 0.005 0.006 0.006 
167 24.0767.E1    (0)    7 :  0.008 0.005 0.954 0.004 0.004 0.004 0.004 0.003 0.004 0.003 0.004 0.004 
168 24.0768.E1    (0)    7 :  0.119 0.008 0.127 0.014 0.024 0.008 0.062 0.007 0.166 0.127 0.334 0.005 
169 24.0779.E1    (0)    8 :  0.026 0.025 0.043 0.820 0.006 0.008 0.020 0.008 0.011 0.014 0.014 0.005 
170 24.0780.E1    (6)    8 :  0.018 0.014 0.004 0.526 0.123 0.033 0.135 0.008 0.008 0.008 0.118 0.005 
171 24.0781.E1    (0)    8 :  0.006 0.007 0.005 0.638 0.010 0.006 0.080 0.005 0.004 0.005 0.230 0.004 
172 24.0782.E1    (0)    8 :  0.185 0.029 0.018 0.031 0.022 0.031 0.279 0.007 0.060 0.007 0.295 0.035 
173 24.0783.E1    (0)    8 :  0.010 0.007 0.005 0.015 0.319 0.011 0.035 0.017 0.006 0.004 0.566 0.006 
174 24.0784.E1    (0)    8 :  0.026 0.029 0.004 0.839 0.014 0.007 0.036 0.004 0.007 0.013 0.016 0.005 
175 24.0785.E1    (0)    8 :  0.007 0.013 0.004 0.775 0.023 0.031 0.102 0.009 0.007 0.010 0.015 0.004 
176 24.0786.E1    (0)    8 :  0.087 0.008 0.009 0.650 0.080 0.018 0.030 0.008 0.020 0.024 0.057 0.008 
177 24.0787.E1    (0)    8 :  0.018 0.010 0.018 0.793 0.012 0.009 0.039 0.006 0.016 0.007 0.021 0.052 
178 24.0788.E1    (0)    8 :  0.011 0.007 0.004 0.890 0.040 0.007 0.006 0.005 0.004 0.009 0.006 0.011 
179 24.0789.E1    (0)    8 :  0.009 0.027 0.005 0.758 0.030 0.011 0.058 0.005 0.055 0.014 0.007 0.020 
180 24.0790.E1    (0)    8 :  0.004 0.008 0.003 0.934 0.008 0.010 0.006 0.005 0.004 0.006 0.007 0.005 
181 24.0791.E1    (0)    8 :  0.008 0.005 0.008 0.182 0.010 0.016 0.009 0.046 0.017 0.024 0.671 0.005 
182 24.0792.E1    (0)    8 :  0.032 0.007 0.017 0.493 0.007 0.297 0.009 0.017 0.008 0.005 0.104 0.004 
183 24.0793.E1    (0)    9 :  0.006 0.280 0.005 0.006 0.024 0.013 0.598 0.005 0.012 0.016 0.006 0.030 
184 24.0794.E1    (0)    9 :  0.006 0.173 0.007 0.021 0.032 0.213 0.016 0.005 0.501 0.006 0.014 0.006 
185 24.0795.E1    (0)    9 :  0.025 0.819 0.012 0.007 0.009 0.005 0.006 0.005 0.075 0.006 0.021 0.011 
186 24.0796.E1    (0)    9 :  0.006 0.106 0.005 0.108 0.368 0.201 0.077 0.005 0.072 0.031 0.012 0.009 
187 24.0797.E1    (0)    9 :  0.006 0.554 0.003 0.034 0.054 0.018 0.288 0.005 0.012 0.007 0.011 0.007 
188 24.0798.E1    (0)    9 :  0.026 0.448 0.018 0.019 0.008 0.065 0.023 0.330 0.008 0.024 0.015 0.017 
189 24.0799.E1    (0)    9 :  0.005 0.004 0.005 0.004 0.007 0.004 0.014 0.005 0.007 0.933 0.004 0.007 
190 24.0800.E1    (0)    9 :  0.006 0.004 0.004 0.004 0.009 0.006 0.010 0.004 0.007 0.937 0.005 0.004 
191 24.0801.E1    (0)    9 :  0.010 0.005 0.004 0.008 0.004 0.008 0.005 0.181 0.004 0.760 0.008 0.005 
192 24.0802.E1    (0)    9 :  0.005 0.929 0.004 0.005 0.007 0.004 0.007 0.006 0.005 0.007 0.009 0.012 
193 24.0803.E1    (0)    9 :  0.007 0.374 0.006 0.007 0.008 0.009 0.065 0.018 0.010 0.472 0.013 0.010 
194 24.0804.E1    (0)    9 :  0.013 0.804 0.003 0.010 0.090 0.007 0.009 0.004 0.011 0.033 0.005 0.011 
195 24.0805.E1    (0)    9 :  0.018 0.011 0.006 0.009 0.005 0.005 0.005 0.004 0.006 0.917 0.009 0.004 
196 24.0806.E1    (0)    9 :  0.006 0.862 0.006 0.007 0.005 0.008 0.007 0.007 0.007 0.044 0.007 0.036 
197 24.0807.E1    (0)    9 :  0.007 0.895 0.003 0.012 0.016 0.016 0.008 0.008 0.006 0.009 0.014 0.007 
198 24.0808.E1    (0)    9 :  0.029 0.022 0.005 0.235 0.016 0.008 0.008 0.004 0.009 0.637 0.008 0.018 
199 24.0809.E1    (0)    9 :  0.007 0.004 0.005 0.004 0.005 0.004 0.004 0.004 0.006 0.951 0.004 0.003 
200 24.0810.E1    (0)    9 :  0.068 0.091 0.008 0.011 0.006 0.012 0.009 0.005 0.007 0.769 0.004 0.010 
201 24.0811.E1    (0)    9 :  0.006 0.908 0.004 0.014 0.011 0.016 0.005 0.003 0.010 0.004 0.006 0.011 
202 24.0812.E1    (0)    9 :  0.033 0.438 0.006 0.063 0.266 0.007 0.022 0.008 0.027 0.109 0.013 0.008 
203 24.0813.E1    (0)    9 :  0.072 0.580 0.006 0.086 0.018 0.007 0.010 0.004 0.007 0.178 0.019 0.012 
204 24.0814.E1    (6)    9 :  0.013 0.184 0.004 0.015 0.114 0.029 0.004 0.008 0.009 0.599 0.007 0.013 
205 24.0815.E1    (0)    9 :  0.005 0.272 0.006 0.006 0.009 0.008 0.005 0.010 0.004 0.575 0.006 0.096 
206 24.0816.E1    (0)    9 :  0.004 0.833 0.006 0.014 0.010 0.022 0.031 0.030 0.008 0.021 0.006 0.014 
207 24.0817.E1    (0)   10 :  0.010 0.076 0.005 0.016 0.710 0.069 0.016 0.007 0.018 0.048 0.021 0.005 
208 24.0818.E1    (0)   10 :  0.005 0.010 0.008 0.029 0.738 0.016 0.118 0.006 0.031 0.009 0.019 0.011 
209 24.0819.E1    (0)   10 :  0.010 0.007 0.077 0.008 0.018 0.345 0.018 0.067 0.012 0.401 0.022 0.015 
210 24.0820.E1    (0)   10 :  0.005 0.005 0.049 0.006 0.017 0.856 0.005 0.009 0.006 0.028 0.005 0.007 
211 24.0821.E1    (0)   10 :  0.011 0.031 0.006 0.468 0.125 0.094 0.010 0.207 0.010 0.020 0.010 0.008 
212 24.0822.E1    (0)   10 :  0.009 0.004 0.020 0.036 0.868 0.010 0.016 0.008 0.007 0.014 0.005 0.004 
213 24.0823.E1    (0)   10 :  0.010 0.004 0.030 0.008 0.347 0.533 0.005 0.012 0.007 0.032 0.005 0.008 
214 24.0824.E1    (0)   10 :  0.049 0.008 0.009 0.007 0.437 0.015 0.008 0.425 0.007 0.026 0.006 0.005 
215 24.0825.E1    (0)   10 :  0.008 0.005 0.005 0.005 0.945 0.005 0.004 0.005 0.004 0.006 0.005 0.004 
216 24.0826.E1    (0)   10 :  0.009 0.010 0.018 0.014 0.034 0.836 0.023 0.013 0.006 0.015 0.013 0.008 
217 24.0827.E1    (0)   10 :  0.009 0.020 0.003 0.010 0.705 0.141 0.044 0.007 0.038 0.007 0.009 0.007 
218 24.0828.E1    (0)   10 :  0.017 0.067 0.016 0.030 0.106 0.597 0.020 0.098 0.011 0.018 0.012 0.009 
219 24.0829.E1    (0)   10 :  0.022 0.227 0.011 0.016 0.587 0.013 0.004 0.015 0.005 0.084 0.008 0.007 
220 24.0830.E1    (0)   10 :  0.005 0.025 0.004 0.007 0.800 0.017 0.004 0.005 0.005 0.004 0.120 0.003 
221 24.0831.E1    (0)   10 :  0.007 0.014 0.004 0.016 0.676 0.017 0.019 0.007 0.005 0.006 0.226 0.004 
222 24.0832.E1    (0)   10 :  0.007 0.005 0.003 0.006 0.932 0.015 0.010 0.003 0.009 0.004 0.004 0.003 
223 24.0833.E1    (0)   10 :  0.006 0.005 0.004 0.004 0.952 0.007 0.003 0.003 0.004 0.004 0.005 0.003 
224 24.0834.E1    (0)   10 :  0.006 0.007 0.007 0.006 0.922 0.010 0.004 0.006 0.007 0.009 0.009 0.007 
225 24.0835.E1    (0)   10 :  0.006 0.005 0.004 0.006 0.889 0.007 0.017 0.009 0.013 0.031 0.007 0.006 
226 24.0836.E1    (0)   10 :  0.018 0.007 0.009 0.008 0.891 0.007 0.008 0.015 0.009 0.016 0.009 0.004 
227 24.0837.E1    (0)   10 :  0.008 0.006 0.005 0.010 0.927 0.007 0.005 0.006 0.006 0.010 0.006 0.004 
228 24.0838.E1    (0)   10 :  0.011 0.011 0.006 0.009 0.914 0.010 0.016 0.005 0.004 0.004 0.007 0.003 
229 24.0839.E1    (0)   10 :  0.042 0.286 0.018 0.068 0.311 0.027 0.046 0.023 0.041 0.024 0.082 0.030 
230 24.0840.E1    (0)   10 :  0.006 0.417 0.004 0.011 0.471 0.041 0.005 0.012 0.006 0.010 0.006 0.010 
231 24.0841.E1    (0)   11 :  0.012 0.890 0.008 0.016 0.008 0.021 0.020 0.003 0.005 0.005 0.008 0.003 
232 24.0842.E1    (0)   11 :  0.007 0.736 0.005 0.013 0.010 0.018 0.012 0.170 0.008 0.013 0.004 0.003 
233 24.0843.E1    (0)   11 :  0.007 0.261 0.019 0.013 0.018 0.428 0.011 0.212 0.005 0.014 0.008 0.004 
234 24.0844.E1    (0)   11 :  0.010 0.114 0.007 0.018 0.299 0.020 0.024 0.304 0.027 0.084 0.087 0.005 
235 24.0845.E1    (0)   11 :  0.012 0.066 0.004 0.036 0.670 0.026 0.075 0.019 0.009 0.005 0.074 0.004 
236 24.0846.E1    (0)   11 :  0.009 0.026 0.010 0.008 0.868 0.008 0.012 0.010 0.010 0.015 0.014 0.009 
237 24.0847.E1    (0)   11 :  0.102 0.012 0.011 0.008 0.709 0.015 0.016 0.019 0.029 0.055 0.016 0.007 
238 24.0848.E1    (0)   11 :  0.026 0.020 0.005 0.035 0.725 0.011 0.061 0.015 0.013 0.054 0.030 0.004 
239 24.0849.E1    (0)   11 :  0.003 0.005 0.004 0.004 0.006 0.946 0.006 0.004 0.006 0.008 0.005 0.003 
240 24.0850.E1    (0)   11 :  0.003 0.005 0.004 0.004 0.007 0.945 0.006 0.004 0.006 0.008 0.005 0.003 
241 24.0851.E1    (0)   11 :  0.003 0.006 0.004 0.004 0.006 0.945 0.006 0.004 0.006 0.008 0.005 0.003 
242 24.0852.E1    (0)   11 :  0.006 0.036 0.013 0.030 0.102 0.675 0.035 0.006 0.010 0.007 0.078 0.004 
243 24.0853.E1    (0)   11 :  0.014 0.023 0.009 0.007 0.391 0.518 0.006 0.005 0.005 0.011 0.006 0.006 
244 24.0854.E1    (0)   11 :  0.008 0.014 0.009 0.006 0.019 0.334 0.007 0.556 0.011 0.015 0.015 0.005 
245 24.0855.E1    (0)   11 :  0.034 0.143 0.010 0.024 0.675 0.032 0.009 0.013 0.007 0.043 0.005 0.006 
246 24.0856.E1    (0)   11 :  0.007 0.456 0.054 0.019 0.019 0.012 0.057 0.280 0.036 0.007 0.013 0.039 
247 24.0857.E1    (0)   11 :  0.019 0.012 0.008 0.015 0.335 0.019 0.039 0.009 0.019 0.507 0.009 0.009 
248 24.0858.E1    (0)   11 :  0.013 0.025 0.014 0.040 0.574 0.068 0.120 0.032 0.016 0.074 0.020 0.005 
249 24.0859.E1    (0)   11 :  0.006 0.011 0.016 0.007 0.012 0.844 0.042 0.007 0.010 0.026 0.010 0.009 
250 24.0860.E1    (0)   11 :  0.007 0.027 0.019 0.012 0.037 0.032 0.515 0.017 0.015 0.285 0.012 0.022 
251 24.0861.E1    (0)   11 :  0.004 0.017 0.004 0.006 0.017 0.907 0.018 0.004 0.006 0.007 0.005 0.003 
252 24.0862.E1    (0)   11 :  0.009 0.699 0.007 0.017 0.019 0.017 0.006 0.010 0.012 0.170 0.023 0.011 
253 24.0863.E1    (0)   11 :  0.004 0.017 0.004 0.006 0.017 0.908 0.019 0.004 0.006 0.007 0.005 0.003 
254 24.0864.E1    (0)   11 :  0.217 0.013 0.007 0.181 0.130 0.061 0.009 0.013 0.109 0.021 0.231 0.009 
255 24.0865.E1    (0)   12 :  0.038 0.010 0.033 0.018 0.010 0.790 0.009 0.005 0.040 0.008 0.021 0.017 
256 24.0866.E1    (0)   12 :  0.088 0.008 0.027 0.027 0.041 0.013 0.145 0.011 0.014 0.608 0.014 0.006 
257 24.0867.E1    (0)   12 :  0.447 0.009 0.145 0.010 0.021 0.158 0.010 0.011 0.010 0.144 0.014 0.021 
258 24.0868.E1    (0)   12 :  0.204 0.009 0.024 0.558 0.055 0.008 0.018 0.014 0.011 0.030 0.042 0.025 
259 24.0869.E1    (0)   12 :  0.439 0.011 0.006 0.027 0.127 0.011 0.010 0.005 0.008 0.091 0.226 0.039 
260 24.0870.E1    (0)   12 :  0.121 0.020 0.027 0.241 0.132 0.009 0.032 0.013 0.118 0.017 0.169 0.102 
261 24.0871.E1    (0)   12 :  0.106 0.058 0.006 0.038 0.014 0.041 0.018 0.014 0.036 0.006 0.639 0.024 
262 24.0872.E1    (0)   12 :  0.021 0.007 0.088 0.013 0.005 0.322 0.009 0.012 0.009 0.060 0.449 0.005 
263 24.0873.E1    (0)   12 :  0.526 0.009 0.011 0.033 0.013 0.053 0.008 0.014 0.017 0.278 0.028 0.011 
264 24.0874.E1    (0)   12 :  0.112 0.010 0.232 0.014 0.035 0.165 0.009 0.011 0.008 0.382 0.015 0.007 
265 24.0875.E1    (0)   12 :  0.008 0.004 0.008 0.008 0.006 0.007 0.009 0.013 0.008 0.019 0.905 0.005 
266 24.0876.E1    (0)   12 :  0.028 0.004 0.021 0.006 0.004 0.005 0.008 0.009 0.053 0.012 0.844 0.006 
267 24.0877.E1    (0)   12 :  0.017 0.004 0.044 0.011 0.004 0.006 0.052 0.011 0.776 0.059 0.011 0.006 
268 24.0878.E1    (0)   12 :  0.064 0.012 0.011 0.066 0.050 0.005 0.004 0.033 0.722 0.011 0.014 0.008 
269 24.0879.E1    (0)   12 :  0.016 0.007 0.005 0.012 0.007 0.007 0.006 0.211 0.702 0.005 0.013 0.009 
270 24.0880.E1    (0)   12 :  0.147 0.008 0.014 0.123 0.516 0.020 0.011 0.082 0.029 0.017 0.020 0.014 
271 24.0881.E1    (0)   12 :  0.007 0.003 0.009 0.005 0.004 0.006 0.011 0.007 0.928 0.006 0.005 0.010 
272 24.0882.E1    (0)   12 :  0.017 0.004 0.605 0.009 0.006 0.012 0.069 0.009 0.233 0.019 0.009 0.008 
273 24.0883.E1    (0)   12 :  0.081 0.006 0.243 0.013 0.007 0.045 0.005 0.229 0.315 0.007 0.038 0.011 
274 24.0884.E1    (0)   12 :  0.012 0.007 0.030 0.007 0.004 0.009 0.013 0.016 0.880 0.005 0.010 0.008 
275 24.0885.E1    (0)   12 :  0.086 0.005 0.007 0.068 0.010 0.006 0.008 0.069 0.680 0.018 0.029 0.013 
276 24.0886.E1    (0)   12 :  0.066 0.008 0.232 0.023 0.005 0.032 0.012 0.125 0.266 0.019 0.208 0.004 
277 24.0887.E1    (0)   12 :  0.023 0.006 0.696 0.007 0.005 0.008 0.004 0.171 0.045 0.006 0.018 0.010 
278 24.0888.E1    (0)   12 :  0.007 0.010 0.005 0.865 0.006 0.006 0.008 0.010 0.019 0.018 0.039 0.007 


Estimated Allele Frequencies in each cluster
First column gives estimated ancestral frequencies


Locus 1 : 
31 alleles
0.0% missing data
 115   (0.036) 0.170 0.021 0.003 0.009 0.005 0.004 0.005 0.008 0.118 0.005 0.093 0.003 
 117   (0.045) 0.043 0.025 0.200 0.011 0.005 0.003 0.010 0.012 0.206 0.110 0.037 0.004 
 119   (0.038) 0.014 0.006 0.329 0.009 0.005 0.004 0.006 0.006 0.283 0.005 0.029 0.301 
 131   (0.014) 0.003 0.004 0.003 0.004 0.001 0.001 0.002 0.003 0.054 0.002 0.003 0.001 
 128   (0.031) 0.021 0.008 0.002 0.023 0.023 0.004 0.007 0.008 0.033 0.006 0.109 0.003 
 135   (0.019) 0.007 0.008 0.009 0.005 0.003 0.002 0.006 0.004 0.043 0.002 0.020 0.002 
 126   (0.080) 0.036 0.031 0.078 0.079 0.278 0.056 0.033 0.031 0.055 0.163 0.135 0.012 
 122   (0.032) 0.005 0.140 0.002 0.009 0.003 0.003 0.105 0.006 0.009 0.007 0.015 0.097 
 132   (0.031) 0.012 0.038 0.013 0.030 0.021 0.005 0.006 0.012 0.004 0.037 0.038 0.003 
 141   (0.011) 0.002 0.002 0.001 0.003 0.001 0.001 0.001 0.002 0.009 0.001 0.002 0.003 
 130   (0.050) 0.090 0.037 0.007 0.097 0.013 0.024 0.034 0.160 0.006 0.009 0.053 0.012 
 134   (0.040) 0.039 0.029 0.003 0.048 0.006 0.075 0.005 0.005 0.005 0.021 0.009 0.139 
 145   (0.016) 0.005 0.002 0.007 0.004 0.001 0.122 0.003 0.007 0.003 0.002 0.003 0.007 
 127   (0.026) 0.007 0.004 0.161 0.006 0.002 0.003 0.004 0.007 0.032 0.003 0.008 0.053 
 116   (0.114) 0.215 0.209 0.010 0.250 0.132 0.284 0.184 0.060 0.015 0.119 0.120 0.172 
 114   (0.058) 0.029 0.230 0.005 0.045 0.107 0.190 0.030 0.027 0.007 0.076 0.016 0.050 
 120   (0.039) 0.016 0.005 0.002 0.075 0.004 0.003 0.016 0.150 0.008 0.005 0.040 0.091 
 110   (0.044) 0.058 0.025 0.013 0.013 0.095 0.012 0.089 0.104 0.008 0.006 0.027 0.013 
 133   (0.015) 0.003 0.003 0.012 0.004 0.001 0.001 0.002 0.002 0.002 0.007 0.013 0.008 
 118   (0.112) 0.168 0.125 0.017 0.197 0.165 0.185 0.432 0.329 0.014 0.388 0.174 0.011 
 125   (0.014) 0.002 0.018 0.001 0.006 0.011 0.003 0.002 0.005 0.002 0.003 0.003 0.001 
 129   (0.018) 0.004 0.003 0.006 0.012 0.002 0.002 0.003 0.023 0.048 0.003 0.005 0.002 
 124   (0.016) 0.003 0.002 0.002 0.016 0.002 0.004 0.003 0.015 0.009 0.003 0.015 0.002 
 136   (0.020) 0.034 0.004 0.001 0.008 0.090 0.002 0.002 0.003 0.003 0.003 0.012 0.002 
 121   (0.015) 0.003 0.002 0.068 0.004 0.001 0.001 0.002 0.002 0.004 0.002 0.008 0.001 
 139   (0.010) 0.001 0.001 0.001 0.003 0.001 0.001 0.001 0.001 0.011 0.001 0.002 0.001 
 113   (0.010) 0.001 0.001 0.015 0.002 0.001 0.001 0.001 0.001 0.001 0.001 0.002 0.001 
 111   (0.010) 0.002 0.001 0.013 0.002 0.001 0.001 0.001 0.001 0.002 0.001 0.002 0.001 
 143   (0.010) 0.001 0.001 0.015 0.002 0.001 0.001 0.001 0.001 0.001 0.001 0.002 0.001 
 140   (0.013) 0.003 0.013 0.001 0.019 0.001 0.001 0.001 0.002 0.002 0.007 0.003 0.001 
 112   (0.012) 0.002 0.002 0.001 0.003 0.016 0.001 0.001 0.002 0.001 0.002 0.002 0.001 

Locus 2 : 
18 alleles
0.0% missing data
 152   (0.374) 0.447 0.568 0.803 0.166 0.162 0.301 0.615 0.311 0.648 0.445 0.600 0.378 
 148   (0.070) 0.215 0.012 0.018 0.019 0.008 0.007 0.048 0.029 0.146 0.009 0.101 0.236 
 154   (0.109) 0.213 0.121 0.030 0.060 0.286 0.017 0.110 0.034 0.035 0.020 0.098 0.266 
 156   (0.016) 0.003 0.015 0.001 0.007 0.002 0.002 0.002 0.005 0.013 0.002 0.003 0.001 
 150   (0.024) 0.003 0.003 0.051 0.006 0.002 0.002 0.002 0.005 0.008 0.003 0.005 0.069 
 164   (0.082) 0.035 0.107 0.010 0.142 0.039 0.088 0.146 0.017 0.074 0.029 0.022 0.009 
 158   (0.031) 0.017 0.010 0.008 0.008 0.004 0.010 0.007 0.211 0.009 0.012 0.012 0.012 
 160   (0.018) 0.012 0.003 0.017 0.020 0.002 0.002 0.002 0.003 0.003 0.002 0.004 0.002 
 166   (0.024) 0.004 0.013 0.002 0.007 0.002 0.002 0.025 0.003 0.003 0.026 0.028 0.004 
 151   (0.072) 0.010 0.039 0.005 0.291 0.467 0.320 0.016 0.264 0.009 0.009 0.039 0.006 
 147   (0.062) 0.012 0.058 0.004 0.182 0.015 0.190 0.008 0.063 0.008 0.424 0.022 0.005 
 168   (0.024) 0.004 0.004 0.002 0.021 0.002 0.032 0.003 0.005 0.004 0.009 0.020 0.002 
 153   (0.012) 0.002 0.002 0.001 0.018 0.001 0.017 0.002 0.002 0.002 0.001 0.002 0.001 
 149   (0.026) 0.015 0.003 0.012 0.007 0.002 0.002 0.003 0.040 0.003 0.003 0.029 0.002 
 162   (0.021) 0.003 0.036 0.003 0.009 0.002 0.007 0.004 0.003 0.007 0.003 0.006 0.002 
 167   (0.012) 0.001 0.001 0.001 0.003 0.001 0.001 0.001 0.001 0.026 0.001 0.002 0.001 
 146   (0.012) 0.001 0.001 0.032 0.003 0.001 0.001 0.001 0.001 0.001 0.001 0.002 0.001 
 172   (0.012) 0.002 0.002 0.001 0.030 0.001 0.001 0.003 0.001 0.001 0.001 0.004 0.001 

Locus 3 : 
4 alleles
0.0% missing data
 128   (0.299) 0.288 0.166 0.465 0.270 0.444 0.339 0.114 0.229 0.212 0.386 0.361 0.329 
 126   (0.608) 0.696 0.779 0.528 0.690 0.513 0.486 0.848 0.577 0.704 0.587 0.592 0.611 
 132   (0.079) 0.015 0.054 0.006 0.037 0.041 0.175 0.026 0.154 0.082 0.026 0.045 0.055 
 134   (0.014) 0.002 0.002 0.001 0.003 0.001 0.001 0.012 0.041 0.002 0.001 0.002 0.006 

Locus 4 : 
3 alleles
0.0% missing data
 170   (0.317) 0.126 0.397 0.299 0.369 0.464 0.104 0.492 0.148 0.309 0.106 0.330 0.422 
 172   (0.670) 0.870 0.601 0.698 0.627 0.534 0.892 0.507 0.850 0.689 0.892 0.667 0.568 
 171   (0.013) 0.003 0.002 0.002 0.004 0.003 0.003 0.001 0.002 0.002 0.002 0.002 0.010 

Locus 5 : 
37 alleles
0.0% missing data
 125   (0.054) 0.019 0.015 0.044 0.020 0.079 0.143 0.010 0.170 0.065 0.018 0.055 0.059 
 110   (0.038) 0.006 0.029 0.015 0.010 0.096 0.028 0.005 0.028 0.037 0.020 0.041 0.044 
 129   (0.037) 0.006 0.056 0.003 0.092 0.008 0.021 0.123 0.010 0.053 0.006 0.010 0.004 
 113   (0.034) 0.009 0.126 0.002 0.124 0.008 0.004 0.084 0.006 0.012 0.013 0.012 0.004 
 145   (0.055) 0.156 0.011 0.081 0.017 0.013 0.101 0.019 0.087 0.224 0.011 0.119 0.006 
 155   (0.054) 0.023 0.111 0.014 0.022 0.059 0.006 0.089 0.017 0.156 0.016 0.041 0.183 
 117   (0.030) 0.165 0.020 0.027 0.023 0.004 0.005 0.008 0.005 0.022 0.009 0.018 0.004 
 124   (0.010) 0.001 0.001 0.001 0.002 0.001 0.001 0.002 0.001 0.024 0.001 0.003 0.001 
 133   (0.033) 0.008 0.004 0.081 0.066 0.003 0.006 0.012 0.007 0.043 0.010 0.072 0.003 
 157   (0.044) 0.035 0.007 0.020 0.067 0.052 0.004 0.305 0.088 0.007 0.027 0.067 0.020 
 141   (0.015) 0.009 0.002 0.001 0.033 0.005 0.001 0.002 0.002 0.004 0.003 0.023 0.001 
 112   (0.069) 0.122 0.039 0.162 0.038 0.161 0.161 0.142 0.015 0.065 0.022 0.030 0.202 
 121   (0.019) 0.003 0.090 0.002 0.017 0.003 0.008 0.002 0.006 0.003 0.024 0.010 0.007 
 114   (0.041) 0.159 0.005 0.186 0.011 0.085 0.004 0.008 0.007 0.043 0.042 0.039 0.017 
 153   (0.050) 0.016 0.018 0.004 0.020 0.083 0.082 0.007 0.255 0.047 0.353 0.105 0.007 
 127   (0.075) 0.083 0.176 0.069 0.133 0.100 0.204 0.058 0.033 0.065 0.014 0.064 0.017 
 131   (0.058) 0.021 0.025 0.181 0.018 0.033 0.087 0.025 0.157 0.060 0.208 0.014 0.235 
 135   (0.028) 0.006 0.004 0.003 0.011 0.014 0.073 0.006 0.012 0.005 0.109 0.103 0.007 
 104   (0.009) 0.003 0.001 0.002 0.003 0.002 0.003 0.001 0.001 0.001 0.002 0.002 0.010 
 118   (0.016) 0.008 0.002 0.002 0.014 0.002 0.001 0.003 0.016 0.020 0.002 0.005 0.016 
 116   (0.025) 0.015 0.080 0.004 0.008 0.011 0.003 0.004 0.014 0.005 0.003 0.051 0.018 
 137   (0.021) 0.006 0.091 0.005 0.009 0.002 0.002 0.010 0.011 0.003 0.006 0.014 0.110 
 123   (0.025) 0.005 0.024 0.002 0.006 0.093 0.019 0.005 0.006 0.005 0.016 0.031 0.005 
 149   (0.009) 0.003 0.005 0.001 0.005 0.002 0.002 0.001 0.001 0.001 0.001 0.007 0.001 
 138   (0.012) 0.002 0.001 0.001 0.074 0.001 0.006 0.001 0.002 0.001 0.001 0.002 0.001 
 143   (0.025) 0.004 0.006 0.078 0.030 0.055 0.010 0.024 0.021 0.003 0.004 0.005 0.003 
 163   (0.010) 0.003 0.006 0.001 0.006 0.001 0.001 0.003 0.001 0.002 0.001 0.004 0.004 
 109   (0.010) 0.038 0.001 0.001 0.002 0.001 0.001 0.001 0.001 0.001 0.001 0.003 0.001 
 139   (0.009) 0.001 0.001 0.001 0.003 0.001 0.001 0.009 0.002 0.001 0.001 0.011 0.001 
 106   (0.008) 0.002 0.002 0.001 0.009 0.001 0.001 0.002 0.001 0.001 0.001 0.006 0.001 
 144   (0.015) 0.041 0.002 0.001 0.005 0.002 0.001 0.002 0.002 0.002 0.042 0.009 0.001 
 122   (0.011) 0.014 0.001 0.002 0.003 0.001 0.001 0.002 0.002 0.014 0.002 0.002 0.001 
 100   (0.017) 0.003 0.033 0.001 0.030 0.004 0.004 0.019 0.005 0.002 0.002 0.012 0.002 
 111   (0.009) 0.001 0.001 0.001 0.045 0.001 0.001 0.001 0.001 0.001 0.001 0.002 0.001 
 233   (0.009) 0.001 0.002 0.001 0.011 0.002 0.002 0.001 0.007 0.001 0.001 0.002 0.001 
 134   (0.010) 0.001 0.001 0.001 0.002 0.011 0.001 0.001 0.001 0.001 0.001 0.007 0.001 
 140   (0.009) 0.004 0.001 0.001 0.012 0.001 0.001 0.001 0.001 0.001 0.002 0.002 0.001 

Locus 6 : 
17 alleles
0.0% missing data
 221   (0.022) 0.003 0.003 0.090 0.005 0.002 0.002 0.002 0.003 0.154 0.003 0.004 0.002 
 232   (0.242) 0.268 0.442 0.431 0.281 0.265 0.770 0.274 0.277 0.150 0.097 0.340 0.081 
 229   (0.056) 0.017 0.010 0.058 0.014 0.098 0.020 0.011 0.016 0.097 0.024 0.068 0.058 
 223   (0.059) 0.069 0.023 0.006 0.023 0.077 0.006 0.136 0.096 0.094 0.013 0.022 0.006 
 230   (0.164) 0.229 0.087 0.300 0.215 0.251 0.046 0.208 0.088 0.067 0.055 0.243 0.170 
 235   (0.013) 0.002 0.002 0.001 0.003 0.001 0.001 0.001 0.002 0.076 0.001 0.002 0.001 
 236   (0.036) 0.006 0.017 0.005 0.016 0.004 0.018 0.005 0.010 0.084 0.004 0.084 0.022 
 227   (0.023) 0.012 0.003 0.002 0.006 0.002 0.002 0.018 0.008 0.063 0.005 0.012 0.002 
 220   (0.057) 0.021 0.105 0.004 0.037 0.021 0.069 0.007 0.012 0.008 0.221 0.030 0.194 
 222   (0.043) 0.013 0.099 0.003 0.065 0.005 0.003 0.004 0.006 0.005 0.211 0.010 0.274 
 234   (0.127) 0.290 0.030 0.051 0.139 0.139 0.013 0.072 0.305 0.093 0.342 0.067 0.174 
 224   (0.031) 0.005 0.007 0.002 0.039 0.082 0.002 0.004 0.137 0.004 0.004 0.014 0.003 
 228   (0.059) 0.044 0.046 0.004 0.135 0.025 0.044 0.249 0.010 0.011 0.007 0.067 0.006 
 225   (0.011) 0.002 0.019 0.001 0.003 0.001 0.001 0.001 0.001 0.002 0.001 0.002 0.001 
 226   (0.015) 0.003 0.101 0.001 0.004 0.022 0.001 0.002 0.002 0.002 0.003 0.003 0.001 
 233   (0.026) 0.010 0.003 0.039 0.009 0.003 0.002 0.003 0.017 0.054 0.004 0.026 0.003 
 231   (0.015) 0.006 0.002 0.002 0.006 0.001 0.001 0.002 0.012 0.037 0.002 0.006 0.001 

Locus 7 : 
10 alleles
0.0% missing data
 121   (0.683) 0.781 0.735 0.741 0.864 0.778 0.707 0.837 0.555 0.878 0.822 0.815 0.794 
 129   (0.097) 0.052 0.112 0.102 0.051 0.128 0.144 0.052 0.101 0.081 0.012 0.043 0.009 
 130   (0.017) 0.002 0.020 0.004 0.004 0.002 0.001 0.009 0.003 0.003 0.012 0.004 0.002 
 123   (0.101) 0.028 0.111 0.099 0.033 0.082 0.140 0.074 0.235 0.023 0.046 0.116 0.130 
 128   (0.020) 0.005 0.002 0.021 0.005 0.002 0.001 0.003 0.023 0.003 0.002 0.004 0.038 
 131   (0.014) 0.003 0.009 0.001 0.004 0.002 0.001 0.006 0.009 0.002 0.002 0.003 0.021 
 117   (0.013) 0.002 0.001 0.001 0.018 0.001 0.001 0.001 0.002 0.002 0.001 0.002 0.001 
 125   (0.012) 0.001 0.001 0.001 0.003 0.001 0.001 0.001 0.067 0.001 0.001 0.002 0.001 
 134   (0.030) 0.120 0.005 0.005 0.015 0.003 0.002 0.015 0.005 0.004 0.097 0.009 0.004 
 132   (0.013) 0.006 0.002 0.025 0.003 0.001 0.001 0.001 0.002 0.002 0.004 0.003 0.001 

Locus 8 : 
19 alleles
0.0% missing data
 184   (0.295) 0.498 0.168 0.318 0.298 0.252 0.471 0.522 0.518 0.494 0.520 0.421 0.522 
 194   (0.048) 0.113 0.016 0.019 0.045 0.013 0.009 0.018 0.037 0.032 0.006 0.030 0.019 
 178   (0.102) 0.094 0.183 0.060 0.063 0.299 0.028 0.035 0.029 0.221 0.058 0.053 0.191 
 176   (0.085) 0.061 0.056 0.226 0.099 0.009 0.113 0.041 0.045 0.045 0.155 0.110 0.010 
 182   (0.078) 0.034 0.173 0.214 0.112 0.038 0.012 0.157 0.020 0.032 0.107 0.059 0.008 
 190   (0.032) 0.005 0.010 0.052 0.008 0.019 0.002 0.006 0.006 0.006 0.055 0.006 0.076 
 196   (0.022) 0.006 0.005 0.001 0.030 0.072 0.009 0.003 0.003 0.005 0.003 0.004 0.002 
 200   (0.024) 0.004 0.011 0.008 0.007 0.002 0.002 0.098 0.022 0.013 0.003 0.010 0.003 
 180   (0.024) 0.003 0.005 0.002 0.006 0.004 0.002 0.003 0.132 0.009 0.003 0.004 0.073 
 188   (0.038) 0.038 0.006 0.003 0.018 0.064 0.088 0.005 0.009 0.032 0.012 0.015 0.008 
 174   (0.039) 0.051 0.013 0.045 0.022 0.004 0.003 0.005 0.036 0.014 0.009 0.093 0.020 
 186   (0.122) 0.067 0.324 0.044 0.248 0.125 0.233 0.084 0.068 0.079 0.035 0.176 0.039 
 192   (0.023) 0.004 0.003 0.003 0.011 0.088 0.006 0.007 0.015 0.010 0.004 0.004 0.012 
 201   (0.011) 0.002 0.001 0.001 0.003 0.001 0.001 0.004 0.010 0.001 0.001 0.002 0.012 
 199   (0.018) 0.002 0.019 0.001 0.014 0.002 0.002 0.008 0.035 0.002 0.003 0.003 0.002 
 185   (0.009) 0.001 0.001 0.001 0.003 0.001 0.017 0.001 0.002 0.001 0.001 0.002 0.001 
 203   (0.011) 0.015 0.002 0.001 0.003 0.001 0.001 0.001 0.001 0.001 0.004 0.002 0.001 
 198   (0.010) 0.002 0.002 0.001 0.007 0.001 0.001 0.001 0.001 0.001 0.017 0.002 0.001 
 209   (0.011) 0.001 0.004 0.001 0.003 0.005 0.001 0.001 0.012 0.002 0.003 0.004 0.001 

Locus 9 : 
6 alleles
0.4% missing data
 154   (0.685) 0.677 0.856 0.624 0.815 0.801 0.846 0.639 0.659 0.704 0.700 0.729 0.825 
 156   (0.205) 0.249 0.125 0.360 0.116 0.116 0.030 0.288 0.326 0.162 0.284 0.231 0.165 
 152   (0.055) 0.044 0.010 0.005 0.039 0.077 0.106 0.024 0.008 0.084 0.009 0.017 0.005 
 153   (0.013) 0.002 0.003 0.001 0.016 0.001 0.016 0.004 0.002 0.002 0.001 0.003 0.002 
 160   (0.014) 0.002 0.002 0.001 0.008 0.001 0.001 0.041 0.002 0.002 0.001 0.002 0.001 
 164   (0.027) 0.026 0.003 0.009 0.007 0.003 0.002 0.004 0.004 0.046 0.003 0.017 0.003 

Locus 10 : 
29 alleles
0.7% missing data
 305   (0.067) 0.012 0.249 0.009 0.105 0.008 0.007 0.023 0.009 0.110 0.010 0.019 0.232 
 313   (0.052) 0.009 0.079 0.006 0.057 0.009 0.004 0.012 0.011 0.161 0.007 0.042 0.005 
 311   (0.017) 0.003 0.002 0.002 0.005 0.003 0.001 0.002 0.004 0.018 0.002 0.008 0.002 
 299   (0.109) 0.027 0.019 0.021 0.077 0.153 0.153 0.543 0.012 0.281 0.151 0.029 0.032 
 315   (0.082) 0.017 0.016 0.106 0.102 0.020 0.006 0.080 0.015 0.095 0.011 0.134 0.086 
 287   (0.020) 0.003 0.004 0.002 0.006 0.002 0.002 0.003 0.835 0.007 0.004 0.005 0.003 
 291   (0.114) 0.439 0.038 0.020 0.123 0.500 0.012 0.016 0.015 0.106 0.353 0.028 0.068 
 295   (0.025) 0.093 0.004 0.002 0.012 0.002 0.002 0.004 0.003 0.019 0.003 0.193 0.003 
 289   (0.018) 0.002 0.002 0.001 0.004 0.002 0.001 0.022 0.002 0.003 0.246 0.005 0.003 
 303   (0.036) 0.006 0.005 0.563 0.016 0.003 0.659 0.004 0.004 0.007 0.005 0.007 0.025 
 297   (0.049) 0.154 0.178 0.084 0.013 0.026 0.004 0.017 0.005 0.013 0.021 0.008 0.006 
 293   (0.016) 0.002 0.002 0.001 0.004 0.001 0.001 0.002 0.002 0.005 0.005 0.156 0.002 
 301   (0.057) 0.074 0.007 0.006 0.147 0.006 0.007 0.007 0.006 0.070 0.014 0.013 0.171 
 285   (0.027) 0.004 0.268 0.002 0.007 0.002 0.002 0.023 0.003 0.004 0.004 0.004 0.278 
 307   (0.052) 0.078 0.007 0.157 0.015 0.104 0.004 0.195 0.007 0.010 0.006 0.018 0.031 
 312   (0.040) 0.011 0.007 0.003 0.032 0.093 0.010 0.018 0.005 0.006 0.006 0.259 0.030 
 306   (0.026) 0.012 0.003 0.002 0.103 0.012 0.002 0.003 0.004 0.011 0.003 0.006 0.004 
 320   (0.013) 0.001 0.001 0.001 0.035 0.001 0.001 0.001 0.001 0.002 0.001 0.002 0.001 
 317   (0.022) 0.003 0.004 0.001 0.010 0.002 0.106 0.003 0.002 0.019 0.002 0.004 0.002 
 314   (0.027) 0.004 0.003 0.002 0.023 0.002 0.002 0.003 0.034 0.037 0.003 0.005 0.003 
 323   (0.013) 0.002 0.002 0.001 0.014 0.001 0.001 0.001 0.005 0.002 0.002 0.003 0.001 
 325   (0.013) 0.002 0.002 0.001 0.014 0.001 0.001 0.002 0.005 0.002 0.002 0.003 0.001 
 310   (0.017) 0.003 0.002 0.001 0.004 0.036 0.001 0.002 0.002 0.003 0.002 0.032 0.002 
 309   (0.013) 0.032 0.001 0.001 0.006 0.001 0.001 0.002 0.001 0.002 0.004 0.003 0.002 
 316   (0.019) 0.002 0.004 0.001 0.043 0.005 0.004 0.004 0.002 0.003 0.003 0.003 0.002 
 296   (0.013) 0.002 0.002 0.001 0.014 0.001 0.003 0.001 0.001 0.002 0.001 0.004 0.001 
 304   (0.015) 0.002 0.084 0.001 0.004 0.001 0.001 0.003 0.001 0.002 0.004 0.002 0.002 
 321   (0.013) 0.002 0.002 0.001 0.003 0.001 0.001 0.001 0.001 0.002 0.061 0.002 0.001 
 332   (0.014) 0.002 0.002 0.001 0.003 0.001 0.001 0.001 0.001 0.002 0.063 0.002 0.001 

Locus 11 : 
19 alleles
0.0% missing data
 114   (0.147) 0.274 0.022 0.197 0.134 0.018 0.040 0.145 0.039 0.255 0.025 0.246 0.298 
 126   (0.022) 0.004 0.003 0.004 0.005 0.002 0.002 0.002 0.003 0.063 0.002 0.008 0.017 
 111   (0.096) 0.015 0.564 0.006 0.028 0.571 0.301 0.029 0.021 0.191 0.591 0.041 0.009 
 116   (0.111) 0.154 0.077 0.272 0.051 0.030 0.009 0.158 0.112 0.107 0.029 0.097 0.016 
 132   (0.014) 0.002 0.002 0.001 0.004 0.001 0.001 0.002 0.002 0.013 0.002 0.002 0.001 
 109   (0.016) 0.003 0.002 0.001 0.004 0.003 0.001 0.003 0.002 0.050 0.002 0.003 0.001 
 128   (0.018) 0.016 0.002 0.001 0.009 0.007 0.001 0.004 0.002 0.008 0.002 0.003 0.002 
 112   (0.310) 0.437 0.063 0.490 0.585 0.042 0.177 0.585 0.465 0.241 0.071 0.500 0.601 
 122   (0.015) 0.003 0.002 0.004 0.004 0.002 0.016 0.002 0.002 0.002 0.004 0.011 0.006 
 124   (0.013) 0.002 0.002 0.002 0.003 0.001 0.002 0.001 0.002 0.002 0.001 0.002 0.018 
 118   (0.050) 0.044 0.008 0.009 0.016 0.005 0.013 0.031 0.076 0.017 0.217 0.025 0.013 
 127   (0.014) 0.002 0.002 0.001 0.018 0.001 0.001 0.001 0.002 0.002 0.001 0.002 0.001 
 113   (0.052) 0.008 0.199 0.003 0.045 0.226 0.423 0.007 0.032 0.007 0.019 0.015 0.004 
 115   (0.030) 0.008 0.008 0.003 0.020 0.006 0.003 0.003 0.219 0.020 0.004 0.012 0.003 
 120   (0.023) 0.019 0.003 0.001 0.009 0.073 0.002 0.003 0.003 0.004 0.004 0.007 0.002 
 117   (0.022) 0.004 0.009 0.002 0.021 0.006 0.002 0.017 0.004 0.003 0.012 0.006 0.003 
 125   (0.019) 0.002 0.002 0.001 0.038 0.002 0.003 0.003 0.003 0.002 0.002 0.015 0.002 
 119   (0.015) 0.003 0.030 0.001 0.006 0.003 0.001 0.002 0.002 0.002 0.008 0.003 0.001 
 136   (0.012) 0.002 0.001 0.001 0.003 0.001 0.001 0.001 0.008 0.011 0.001 0.002 0.001 

Locus 12 : 
28 alleles
0.7% missing data
 306   (0.062) 0.011 0.318 0.009 0.052 0.007 0.007 0.025 0.007 0.109 0.012 0.018 0.231 
 314   (0.061) 0.009 0.075 0.007 0.058 0.086 0.012 0.014 0.019 0.146 0.009 0.023 0.007 
 312   (0.014) 0.002 0.002 0.001 0.003 0.001 0.001 0.001 0.001 0.028 0.001 0.002 0.001 
 300   (0.118) 0.028 0.020 0.022 0.080 0.148 0.154 0.557 0.013 0.298 0.150 0.030 0.033 
 316   (0.049) 0.008 0.010 0.103 0.014 0.019 0.004 0.013 0.005 0.092 0.006 0.016 0.082 
 288   (0.017) 0.002 0.004 0.002 0.005 0.002 0.001 0.003 0.822 0.005 0.003 0.003 0.002 
 292   (0.118) 0.436 0.038 0.020 0.123 0.485 0.012 0.017 0.015 0.107 0.392 0.028 0.067 
 296   (0.032) 0.095 0.005 0.003 0.022 0.003 0.004 0.005 0.004 0.020 0.004 0.197 0.004 
 290   (0.019) 0.002 0.003 0.001 0.005 0.002 0.002 0.022 0.002 0.003 0.244 0.005 0.003 
 304   (0.033) 0.006 0.005 0.565 0.015 0.003 0.662 0.004 0.004 0.007 0.005 0.006 0.024 
 298   (0.050) 0.154 0.177 0.084 0.013 0.025 0.004 0.018 0.005 0.014 0.021 0.008 0.006 
 294   (0.017) 0.002 0.002 0.001 0.004 0.001 0.001 0.002 0.002 0.005 0.005 0.156 0.002 
 302   (0.060) 0.074 0.008 0.006 0.148 0.006 0.007 0.008 0.007 0.071 0.015 0.013 0.171 
 286   (0.029) 0.004 0.289 0.003 0.008 0.002 0.002 0.024 0.003 0.004 0.005 0.004 0.277 
 308   (0.034) 0.023 0.004 0.151 0.009 0.003 0.002 0.176 0.004 0.007 0.004 0.007 0.030 
 313   (0.030) 0.011 0.004 0.002 0.030 0.005 0.003 0.025 0.003 0.004 0.004 0.283 0.030 
 307   (0.048) 0.071 0.006 0.004 0.108 0.127 0.004 0.013 0.006 0.013 0.006 0.018 0.005 
 321   (0.015) 0.002 0.002 0.001 0.036 0.001 0.001 0.002 0.001 0.002 0.002 0.002 0.001 
 315   (0.061) 0.013 0.010 0.005 0.121 0.005 0.013 0.055 0.053 0.042 0.008 0.104 0.009 
 318   (0.020) 0.002 0.006 0.001 0.011 0.004 0.097 0.003 0.002 0.006 0.002 0.003 0.002 
 324   (0.013) 0.002 0.002 0.001 0.014 0.001 0.001 0.001 0.005 0.002 0.002 0.003 0.001 
 326   (0.012) 0.002 0.001 0.001 0.013 0.001 0.001 0.001 0.005 0.002 0.002 0.003 0.001 
 311   (0.018) 0.003 0.002 0.001 0.006 0.057 0.001 0.003 0.004 0.005 0.002 0.054 0.002 
 310   (0.015) 0.032 0.002 0.001 0.006 0.001 0.001 0.002 0.002 0.002 0.004 0.004 0.002 
 305   (0.016) 0.002 0.002 0.001 0.052 0.001 0.001 0.002 0.001 0.002 0.002 0.002 0.002 
 317   (0.013) 0.002 0.001 0.001 0.036 0.001 0.001 0.001 0.001 0.002 0.001 0.002 0.001 
 320   (0.014) 0.002 0.002 0.001 0.004 0.001 0.001 0.001 0.001 0.002 0.029 0.002 0.001 
 322   (0.011) 0.001 0.002 0.001 0.003 0.001 0.001 0.001 0.001 0.001 0.061 0.002 0.001 

Locus 13 : 
7 alleles
1.1% missing data
 161   (0.596) 0.866 0.309 0.889 0.581 0.415 0.506 0.398 0.458 0.664 0.930 0.648 0.057 
 163   (0.296) 0.100 0.486 0.024 0.387 0.574 0.461 0.588 0.525 0.244 0.057 0.311 0.027 
 160   (0.018) 0.002 0.002 0.001 0.004 0.002 0.001 0.002 0.003 0.002 0.002 0.009 0.452 
 162   (0.016) 0.002 0.002 0.001 0.004 0.001 0.002 0.002 0.002 0.002 0.002 0.005 0.458 
 165   (0.045) 0.024 0.198 0.003 0.017 0.006 0.027 0.006 0.010 0.082 0.005 0.015 0.004 
 166   (0.014) 0.004 0.002 0.003 0.004 0.001 0.001 0.003 0.002 0.004 0.002 0.011 0.001 
 164   (0.015) 0.002 0.002 0.079 0.003 0.001 0.001 0.001 0.002 0.002 0.001 0.002 0.001 

Locus 14 : 
4 alleles
0.4% missing data
  98   (0.957) 0.989 0.995 0.987 0.969 0.996 0.989 0.994 0.994 0.989 0.995 0.983 0.996 
 100   (0.014) 0.002 0.002 0.001 0.013 0.001 0.005 0.002 0.002 0.002 0.002 0.002 0.001 
  96   (0.017) 0.007 0.002 0.011 0.004 0.001 0.002 0.003 0.002 0.008 0.002 0.010 0.002 
 105   (0.013) 0.002 0.002 0.001 0.013 0.001 0.004 0.001 0.002 0.002 0.001 0.004 0.001 

Locus 15 : 
12 alleles
2.2% missing data
 171   (0.312) 0.183 0.161 0.174 0.441 0.351 0.300 0.277 0.490 0.427 0.559 0.232 0.216 
 177   (0.188) 0.335 0.072 0.049 0.168 0.075 0.074 0.181 0.251 0.190 0.217 0.211 0.370 
 173   (0.260) 0.253 0.677 0.060 0.212 0.525 0.506 0.217 0.127 0.268 0.135 0.452 0.076 
 179   (0.097) 0.047 0.047 0.578 0.045 0.010 0.105 0.296 0.102 0.068 0.021 0.030 0.320 
 183   (0.020) 0.003 0.014 0.010 0.008 0.002 0.006 0.003 0.007 0.029 0.003 0.004 0.002 
 181   (0.035) 0.008 0.007 0.123 0.092 0.029 0.003 0.010 0.005 0.007 0.006 0.006 0.004 
 197   (0.013) 0.102 0.002 0.001 0.003 0.001 0.001 0.001 0.001 0.002 0.001 0.002 0.001 
 170   (0.014) 0.002 0.002 0.001 0.005 0.001 0.001 0.001 0.002 0.002 0.002 0.035 0.001 
 189   (0.014) 0.004 0.013 0.001 0.010 0.001 0.001 0.009 0.002 0.003 0.002 0.005 0.007 
 203   (0.015) 0.059 0.002 0.001 0.004 0.001 0.001 0.002 0.002 0.002 0.002 0.005 0.001 
 187   (0.018) 0.002 0.002 0.001 0.008 0.002 0.001 0.002 0.011 0.002 0.025 0.014 0.002 
 198   (0.013) 0.002 0.002 0.001 0.003 0.001 0.001 0.001 0.001 0.002 0.029 0.002 0.001 

Values of parameters used in structure:
DATAFILE=STRUCTURE_main_final_278_HEG_ZG.str,	OUTFILE=STRUCTURE_main_final_278_HEG_ZG-K12-5,	NUMINDS=278,	NUMLOCI=15,	MISSING=-9,	LABEL=1,	POPDATA=1,	POPFLAG=0,	PHENOTYPE=0,	EXTRACOLS=0,	MAXPOPS=12,	BURNIN=100000,	NUMREPS=500000,	USEPOPINFO=0,	INFERALPHA=1,	INFERLAMBDA=0,	POPSPECIFICLAMBDA=0,	POPALPHAS=0,	COMPUTEPROB=1,	NOADMIX=0,	ADMBURNIN=2500,	UPDATEFREQ=1,	PRINTLIKES=0,	INTERMEDSAVE=0,	PRINTKLD=0,	PRINTNET=0,	PRINTLAMBDA=0,	ANCESTDIST=0,	NUMBOXES=1000,	ANCESTPINT=0.90000,	GENSBACK=2,	MIGRPRIOR=0.05000,	PRINTQHAT=0,	PRINTQSUM=0,	ALPHA=1.0000,	FREQSCORR=1,	FPRIORMEAN=0.0100,	FPRIORSD=0.0500,	ONEFST=0,	LAMBDA=1.0000,	UNIFPRIORALPHA=1,	ALPHAMAX=10.0000,	ALPHAPRIORA=1.0000,	ALPHAPRIORB=2.0000,	ALPHAPROPSD=0.0250,	STARTATPOPINFO=0,	RANDOMIZE=1,	LINKAGE=0,	METROFREQ=10,	REPORTHITRATE=0,	MARKOVPHASE=-1,	PHASED=0,	PLOIDY=2,	PHASEINFO=0	LOCPRIOR=0, 	LOCPRIORINIT=1.000000, 	LOCDATA=0, 	LOCISPOP=0, 	LOCPRIORSTEP=0.100000, 	MAXLOCPRIOR=20.000000, 	SEED=1782487175,	
[STRAT parameters]:    NUMSIMSTATS=1000,	PHENOTYPECOL=-9,	POOLFREQ=10,	LOCUSxONLY=0,	EMERROR=0.00100,	MISSINGPHENO=-9,	