

----------------------------------------------------
STRUCTURE by Pritchard, Stephens and Donnelly (2000)
     and Falush, Stephens and Pritchard (2003)
       Code by Pritchard, Falush and Hubisz
             Version 2.3.4 (Jul 2012)
----------------------------------------------------



Command line arguments:   structure -K 12 -i STRUCTURE_main_final_278_HEG_ZG.str -o STRUCTURE_main_final_278_HEG_ZG-K12-9 
Input File:    STRUCTURE_main_final_278_HEG_ZG.str

Run parameters:
   278 individuals
   15 loci
   12 populations assumed
   100000 Burn-in period
   500000 Reps


--------------------------------------------
Proportion of membership of each pre-defined
 population in each of the 12 clusters

Given    Inferred Clusters                                                                      Number of
 Pop       1      2      3      4      5      6      7      8      9     10     11     12      Individuals

  1:     0.012  0.015  0.033  0.066  0.016  0.021  0.033  0.063  0.015  0.598  0.097  0.031       24
  2:     0.034  0.693  0.013  0.049  0.041  0.020  0.030  0.016  0.018  0.016  0.050  0.019       24
  3:     0.229  0.011  0.063  0.010  0.200  0.151  0.017  0.042  0.220  0.015  0.031  0.010       24
  4:     0.038  0.021  0.031  0.031  0.031  0.086  0.430  0.043  0.077  0.041  0.157  0.013       24
  5:     0.076  0.022  0.038  0.030  0.012  0.291  0.149  0.016  0.236  0.018  0.087  0.025       24
  6:     0.025  0.022  0.039  0.162  0.020  0.062  0.065  0.012  0.052  0.283  0.246  0.012       24
  7:     0.014  0.030  0.009  0.729  0.008  0.018  0.037  0.017  0.016  0.041  0.061  0.020       24
  8:     0.011  0.012  0.015  0.010  0.034  0.309  0.035  0.063  0.387  0.024  0.086  0.014       14
  9:     0.028  0.014  0.406  0.006  0.028  0.037  0.018  0.044  0.032  0.041  0.012  0.335       24
 10:     0.040  0.007  0.050  0.014  0.151  0.024  0.012  0.610  0.028  0.014  0.015  0.035       24
 11:     0.073  0.008  0.149  0.010  0.328  0.033  0.023  0.241  0.030  0.017  0.025  0.063       24
 12:     0.043  0.017  0.010  0.100  0.072  0.059  0.142  0.042  0.068  0.151  0.223  0.073       24
--------------------------------------------

Allele-freq. divergence among pops (Net nucleotide distance),
computed using point estimates of P.

      1       2       3       4       5       6       7       8       9      10      11      12      
 1      -    0.1308  0.1331  0.1453  0.1293  0.0837  0.1030  0.1232  0.0790  0.1053  0.0853  0.1175  
 2   0.1308     -    0.1008  0.1141  0.1461  0.0706  0.0867  0.1207  0.0677  0.0764  0.0695  0.1287  
 3   0.1331  0.1008     -    0.1335  0.0838  0.0640  0.0947  0.0638  0.0594  0.0619  0.0650  0.1076  
 4   0.1453  0.1141  0.1335     -    0.0960  0.0849  0.0825  0.1468  0.0838  0.0805  0.0649  0.1212  
 5   0.1293  0.1461  0.0838  0.0960     -    0.0862  0.1086  0.0875  0.0769  0.0959  0.0842  0.1153  
 6   0.0837  0.0706  0.0640  0.0849  0.0862     -    0.0501  0.0668  0.0028  0.0367  0.0276  0.0827  
 7   0.1030  0.0867  0.0947  0.0825  0.1086  0.0501     -    0.0774  0.0440  0.0464  0.0295  0.0612  
 8   0.1232  0.1207  0.0638  0.1468  0.0875  0.0668  0.0774     -    0.0585  0.0660  0.0726  0.0845  
 9   0.0790  0.0677  0.0594  0.0838  0.0769  0.0028  0.0440  0.0585     -    0.0379  0.0229  0.0769  
10   0.1053  0.0764  0.0619  0.0805  0.0959  0.0367  0.0464  0.0660  0.0379     -    0.0228  0.0632  
11   0.0853  0.0695  0.0650  0.0649  0.0842  0.0276  0.0295  0.0726  0.0229  0.0228     -    0.0676  
12   0.1175  0.1287  0.1076  0.1212  0.1153  0.0827  0.0612  0.0845  0.0769  0.0632  0.0676     -    

Average distances (expected heterozygosity) between individuals in same cluster:
cluster  1  : 0.5626 
cluster  2  : 0.6067 
cluster  3  : 0.5915 
cluster  4  : 0.5410 
cluster  5  : 0.5356 
cluster  6  : 0.6219 
cluster  7  : 0.5838 
cluster  8  : 0.6014 
cluster  9  : 0.6340 
cluster 10  : 0.6124 
cluster 11  : 0.6294 
cluster 12  : 0.5401 

--------------------------------------------
Estimated Ln Prob of Data   = -12177.9
Mean value of ln likelihood = -11340.4
Variance of ln likelihood   = 1675.1
Mean value of alpha         = 0.0464

Mean value of Fst_1         = 0.2335
Mean value of Fst_2         = 0.2163
Mean value of Fst_3         = 0.1762
Mean value of Fst_4         = 0.2198
Mean value of Fst_5         = 0.2558
Mean value of Fst_6         = 0.1405
Mean value of Fst_7         = 0.1495
Mean value of Fst_8         = 0.1724
Mean value of Fst_9         = 0.1120
Mean value of Fst_10         = 0.1213
Mean value of Fst_11         = 0.1108
Mean value of Fst_12         = 0.2401


Inferred ancestry of individuals:
        Label (%Miss) Pop:  Inferred clusters
  1 24.0601.E1    (0)    1 :  0.010 0.015 0.009 0.013 0.012 0.006 0.008 0.006 0.006 0.759 0.151 0.006 
  2 24.0602.E1    (0)    1 :  0.009 0.004 0.023 0.009 0.009 0.010 0.006 0.013 0.010 0.751 0.149 0.008 
  3 24.0603.E1    (0)    1 :  0.007 0.005 0.014 0.018 0.006 0.037 0.027 0.004 0.037 0.640 0.198 0.008 
  4 24.0604.E1    (0)    1 :  0.141 0.007 0.005 0.005 0.005 0.004 0.067 0.035 0.005 0.657 0.052 0.017 
  5 24.0605.E1    (0)    1 :  0.006 0.008 0.038 0.033 0.013 0.012 0.030 0.009 0.011 0.655 0.169 0.017 
  6 24.0606.E1    (0)    1 :  0.005 0.011 0.024 0.022 0.006 0.057 0.062 0.019 0.023 0.571 0.193 0.006 
  7 24.0607.E1    (0)    1 :  0.008 0.006 0.023 0.277 0.008 0.106 0.012 0.010 0.066 0.103 0.041 0.340 
  8 24.0608.E1    (0)    1 :  0.005 0.003 0.011 0.094 0.117 0.006 0.005 0.020 0.006 0.709 0.015 0.010 
  9 24.0609.E1    (0)    1 :  0.006 0.004 0.008 0.005 0.011 0.014 0.234 0.292 0.018 0.350 0.026 0.033 
 10 24.0610.E1    (0)    1 :  0.004 0.004 0.010 0.010 0.004 0.017 0.086 0.310 0.015 0.504 0.026 0.009 
 11 24.0611.E1    (0)    1 :  0.005 0.008 0.046 0.005 0.005 0.008 0.035 0.028 0.007 0.794 0.046 0.013 
 12 24.0612.E1    (0)    1 :  0.011 0.009 0.011 0.016 0.004 0.014 0.006 0.007 0.012 0.775 0.128 0.008 
 13 24.0613.E1    (0)    1 :  0.004 0.006 0.004 0.005 0.005 0.017 0.049 0.019 0.007 0.862 0.017 0.006 
 14 24.0614.E1    (0)    1 :  0.005 0.006 0.325 0.325 0.070 0.007 0.009 0.009 0.007 0.172 0.050 0.013 
 15 24.0615.E1    (0)    1 :  0.018 0.015 0.017 0.041 0.018 0.011 0.010 0.118 0.010 0.666 0.043 0.033 
 16 24.0616.E1    (0)    1 :  0.007 0.012 0.005 0.005 0.006 0.013 0.010 0.010 0.008 0.882 0.018 0.025 
 17 24.0617.E1    (0)    1 :  0.005 0.019 0.014 0.014 0.008 0.024 0.019 0.372 0.011 0.480 0.011 0.022 
 18 24.0618.E1    (0)    1 :  0.005 0.009 0.049 0.005 0.018 0.028 0.023 0.052 0.031 0.734 0.037 0.008 
 19 24.0619.E1    (0)    1 :  0.004 0.012 0.009 0.004 0.005 0.018 0.013 0.019 0.005 0.505 0.355 0.051 
 20 24.0620.E1   (20)    1 :  0.009 0.011 0.012 0.639 0.008 0.024 0.047 0.035 0.019 0.043 0.130 0.023 
 21 24.0621.E1    (0)    1 :  0.005 0.004 0.076 0.004 0.029 0.022 0.007 0.075 0.008 0.373 0.342 0.056 
 22 24.0622.E1    (0)    1 :  0.004 0.049 0.005 0.009 0.006 0.015 0.016 0.009 0.013 0.835 0.036 0.004 
 23 24.0623.E1    (0)    1 :  0.009 0.118 0.040 0.018 0.010 0.026 0.011 0.026 0.026 0.674 0.030 0.013 
 24 24.0624.E1    (0)    1 :  0.004 0.006 0.011 0.007 0.005 0.009 0.005 0.010 0.007 0.860 0.073 0.004 
 25 24.0625.E1    (0)    2 :  0.040 0.553 0.061 0.051 0.178 0.015 0.037 0.008 0.020 0.012 0.020 0.004 
 26 24.0626.E1    (0)    2 :  0.004 0.808 0.005 0.034 0.121 0.004 0.004 0.003 0.006 0.004 0.004 0.003 
 27 24.0627.E1    (0)    2 :  0.367 0.466 0.006 0.020 0.013 0.009 0.025 0.005 0.010 0.007 0.063 0.010 
 28 24.0628.E1    (0)    2 :  0.006 0.439 0.008 0.127 0.137 0.019 0.078 0.082 0.029 0.028 0.029 0.018 
 29 24.0629.E1    (0)    2 :  0.009 0.802 0.006 0.005 0.007 0.033 0.007 0.009 0.022 0.052 0.040 0.010 
 30 24.0630.E1    (0)    2 :  0.006 0.797 0.009 0.100 0.044 0.005 0.008 0.004 0.006 0.004 0.011 0.005 
 31 24.0631.E1    (0)    2 :  0.003 0.962 0.004 0.004 0.003 0.004 0.003 0.003 0.004 0.005 0.004 0.003 
 32 24.0632.E1    (0)    2 :  0.011 0.865 0.006 0.020 0.005 0.034 0.006 0.006 0.023 0.007 0.012 0.005 
 33 24.0633.E1    (0)    2 :  0.005 0.340 0.019 0.037 0.371 0.023 0.012 0.006 0.035 0.010 0.137 0.004 
 34 24.0634.E1    (0)    2 :  0.008 0.869 0.028 0.006 0.025 0.010 0.010 0.011 0.011 0.008 0.009 0.005 
 35 24.0635.E1    (0)    2 :  0.016 0.509 0.070 0.018 0.022 0.066 0.013 0.027 0.065 0.014 0.163 0.015 
 36 24.0636.E1   (33)    2 :  0.024 0.075 0.008 0.582 0.009 0.021 0.146 0.010 0.022 0.030 0.068 0.006 
 37 24.0637.E1    (0)    2 :  0.004 0.952 0.005 0.007 0.003 0.005 0.005 0.003 0.005 0.004 0.004 0.004 
 38 24.0638.E1    (0)    2 :  0.008 0.796 0.005 0.004 0.005 0.035 0.016 0.006 0.039 0.007 0.075 0.006 
 39 24.0639.E1    (0)    2 :  0.027 0.714 0.007 0.012 0.008 0.056 0.006 0.082 0.031 0.033 0.016 0.008 
 40 24.0640.E1    (0)    2 :  0.004 0.919 0.017 0.005 0.006 0.007 0.006 0.007 0.007 0.008 0.008 0.005 
 41 24.0641.E1    (0)    2 :  0.007 0.328 0.010 0.014 0.008 0.030 0.007 0.013 0.013 0.080 0.262 0.226 
 42 24.0642.E1    (0)    2 :  0.006 0.536 0.004 0.052 0.005 0.010 0.104 0.004 0.014 0.029 0.231 0.005 
 43 24.0643.E1    (0)    2 :  0.234 0.542 0.012 0.043 0.006 0.068 0.008 0.012 0.047 0.010 0.014 0.004 
 44 24.0644.E1    (0)    2 :  0.004 0.865 0.005 0.005 0.005 0.005 0.032 0.032 0.006 0.009 0.006 0.026 
 45 24.0645.E1    (0)    2 :  0.005 0.731 0.005 0.015 0.004 0.005 0.146 0.022 0.005 0.008 0.009 0.045 
 46 24.0646.E1    (0)    2 :  0.004 0.865 0.005 0.005 0.005 0.005 0.030 0.032 0.006 0.009 0.006 0.026 
 47 24.0647.E1    (0)    2 :  0.004 0.952 0.005 0.007 0.003 0.005 0.005 0.003 0.005 0.004 0.004 0.004 
 48 24.0648.E1    (0)    2 :  0.004 0.952 0.005 0.007 0.003 0.005 0.005 0.003 0.005 0.004 0.004 0.004 
 49 24.0649.E1    (0)    3 :  0.008 0.005 0.009 0.003 0.009 0.384 0.006 0.012 0.547 0.004 0.006 0.006 
 50 24.0650.E1    (0)    3 :  0.010 0.004 0.173 0.003 0.125 0.047 0.121 0.094 0.096 0.006 0.310 0.010 
 51 24.0651.E1    (0)    3 :  0.046 0.097 0.336 0.024 0.050 0.185 0.027 0.008 0.198 0.007 0.011 0.012 
 52 24.0652.E1    (0)    3 :  0.010 0.005 0.007 0.004 0.699 0.043 0.005 0.005 0.154 0.022 0.038 0.008 
 53 24.0653.E1    (0)    3 :  0.794 0.005 0.009 0.007 0.015 0.044 0.008 0.025 0.054 0.007 0.010 0.022 
 54 24.0654.E1    (0)    3 :  0.007 0.009 0.005 0.004 0.396 0.193 0.007 0.023 0.338 0.006 0.005 0.007 
 55 24.0655.E1    (0)    3 :  0.009 0.023 0.055 0.007 0.320 0.213 0.012 0.028 0.245 0.060 0.020 0.007 
 56 24.0656.E1    (0)    3 :  0.014 0.006 0.005 0.010 0.771 0.020 0.013 0.011 0.122 0.006 0.016 0.006 
 57 24.0657.E1    (0)    3 :  0.014 0.005 0.005 0.010 0.757 0.024 0.013 0.011 0.129 0.007 0.019 0.006 
 58 24.0658.E1    (0)    3 :  0.059 0.006 0.009 0.006 0.005 0.293 0.030 0.127 0.413 0.015 0.018 0.018 
 59 24.0659.E1    (0)    3 :  0.315 0.007 0.227 0.003 0.069 0.070 0.008 0.024 0.143 0.025 0.105 0.005 
 60 24.0660.E1    (6)    3 :  0.010 0.012 0.008 0.006 0.007 0.371 0.014 0.006 0.514 0.020 0.024 0.008 
 61 24.0661.E1    (0)    3 :  0.008 0.005 0.008 0.007 0.839 0.019 0.005 0.005 0.079 0.008 0.008 0.009 
 62 24.0662.E1    (0)    3 :  0.105 0.014 0.525 0.020 0.049 0.079 0.011 0.023 0.083 0.066 0.018 0.006 
 63 24.0663.E1    (0)    3 :  0.006 0.008 0.026 0.004 0.071 0.118 0.055 0.476 0.194 0.006 0.007 0.029 
 64 24.0664.E1    (0)    3 :  0.008 0.007 0.004 0.034 0.186 0.287 0.007 0.013 0.430 0.006 0.006 0.013 
 65 24.0665.E1    (0)    3 :  0.031 0.006 0.006 0.060 0.344 0.205 0.016 0.005 0.302 0.006 0.010 0.009 
 66 24.0666.E1    (0)    3 :  0.927 0.005 0.004 0.004 0.006 0.008 0.008 0.008 0.008 0.007 0.009 0.005 
 67 24.0667.E1    (0)    3 :  0.925 0.003 0.004 0.004 0.006 0.012 0.005 0.004 0.013 0.006 0.015 0.004 
 68 24.0668.E1    (0)    3 :  0.961 0.004 0.003 0.003 0.004 0.004 0.003 0.004 0.004 0.003 0.003 0.005 
 69 24.0669.E1    (0)    3 :  0.951 0.004 0.003 0.003 0.004 0.004 0.004 0.004 0.004 0.003 0.004 0.012 
 70 24.0670.E1    (0)    3 :  0.060 0.004 0.031 0.005 0.014 0.385 0.004 0.062 0.410 0.011 0.011 0.004 
 71 24.0671.E1    (0)    3 :  0.011 0.008 0.028 0.007 0.056 0.340 0.017 0.035 0.473 0.010 0.008 0.009 
 72 24.0672.E1    (0)    3 :  0.210 0.005 0.011 0.005 0.008 0.282 0.012 0.008 0.319 0.036 0.072 0.033 
 73 24.0673.E1    (6)    4 :  0.007 0.020 0.027 0.109 0.417 0.025 0.168 0.007 0.024 0.073 0.119 0.005 
 74 24.0674.E1    (0)    4 :  0.004 0.007 0.013 0.008 0.004 0.006 0.862 0.007 0.009 0.007 0.067 0.005 
 75 24.0675.E1    (0)    4 :  0.008 0.022 0.050 0.020 0.023 0.036 0.738 0.021 0.028 0.019 0.024 0.011 
 76 24.0676.E1    (0)    4 :  0.006 0.006 0.029 0.019 0.019 0.042 0.629 0.129 0.047 0.012 0.031 0.031 
 77 24.0677.E1    (0)    4 :  0.014 0.004 0.024 0.011 0.043 0.460 0.016 0.020 0.330 0.017 0.029 0.032 
 78 24.0678.E1    (0)    4 :  0.116 0.056 0.017 0.010 0.034 0.111 0.020 0.007 0.077 0.418 0.105 0.028 
 79 24.0679.E1    (0)    4 :  0.031 0.011 0.016 0.006 0.008 0.088 0.138 0.199 0.098 0.075 0.321 0.007 
 80 24.0680.E1    (0)    4 :  0.037 0.015 0.007 0.008 0.012 0.213 0.035 0.006 0.148 0.016 0.482 0.021 
 81 24.0681.E1    (0)    4 :  0.012 0.009 0.014 0.018 0.008 0.082 0.212 0.007 0.095 0.016 0.518 0.010 
 82 24.0682.E1    (0)    4 :  0.003 0.004 0.002 0.004 0.003 0.004 0.955 0.004 0.003 0.004 0.004 0.008 
 83 24.0683.E1    (0)    4 :  0.007 0.006 0.010 0.051 0.007 0.009 0.803 0.004 0.010 0.007 0.082 0.005 
 84 24.0684.E1    (0)    4 :  0.010 0.029 0.005 0.017 0.006 0.032 0.704 0.022 0.027 0.060 0.071 0.017 
 85 24.0685.E1    (0)    4 :  0.060 0.007 0.005 0.017 0.005 0.017 0.367 0.026 0.014 0.009 0.468 0.006 
 86 24.0686.E1    (0)    4 :  0.012 0.071 0.203 0.013 0.005 0.278 0.050 0.012 0.251 0.055 0.045 0.006 
 87 24.0687.E1    (0)    4 :  0.006 0.145 0.231 0.017 0.007 0.181 0.110 0.022 0.194 0.037 0.045 0.006 
 88 24.0688.E1    (0)    4 :  0.004 0.007 0.004 0.005 0.004 0.007 0.935 0.003 0.009 0.005 0.010 0.006 
 89 24.0689.E1    (0)    4 :  0.005 0.012 0.014 0.022 0.033 0.166 0.087 0.353 0.151 0.018 0.127 0.013 
 90 24.0690.E1    (0)    4 :  0.518 0.028 0.038 0.026 0.019 0.092 0.031 0.006 0.104 0.014 0.119 0.005 
 91 24.0691.E1    (0)    4 :  0.010 0.006 0.007 0.006 0.005 0.036 0.741 0.044 0.021 0.028 0.091 0.005 
 92 24.0692.E1    (0)    4 :  0.007 0.005 0.005 0.008 0.005 0.069 0.785 0.023 0.063 0.005 0.018 0.008 
 93 24.0693.E1    (0)    4 :  0.016 0.007 0.016 0.337 0.065 0.064 0.277 0.038 0.094 0.011 0.065 0.009 
 94 24.0694.E1    (0)    4 :  0.009 0.007 0.004 0.008 0.004 0.009 0.742 0.008 0.013 0.006 0.184 0.007 
 95 24.0695.E1    (0)    4 :  0.010 0.007 0.006 0.006 0.007 0.009 0.350 0.043 0.011 0.038 0.458 0.055 
 96 24.0696.E1    (0)    4 :  0.010 0.013 0.008 0.007 0.004 0.022 0.575 0.018 0.020 0.021 0.292 0.008 
 97 24.0697.E1    (0)    5 :  0.005 0.008 0.013 0.015 0.007 0.461 0.104 0.009 0.344 0.006 0.018 0.010 
 98 24.0698.E1    (0)    5 :  0.016 0.013 0.019 0.018 0.009 0.518 0.014 0.010 0.354 0.008 0.015 0.007 
 99 24.0699.E1    (0)    5 :  0.006 0.005 0.006 0.005 0.005 0.570 0.004 0.004 0.378 0.007 0.005 0.005 
100 24.0700.E1    (0)    5 :  0.007 0.005 0.013 0.006 0.009 0.404 0.015 0.007 0.371 0.006 0.154 0.004 
101 24.0701.E1    (0)    5 :  0.709 0.010 0.007 0.043 0.006 0.124 0.008 0.010 0.059 0.007 0.008 0.009 
102 24.0702.E1    (0)    5 :  0.020 0.011 0.006 0.019 0.007 0.417 0.008 0.008 0.354 0.010 0.134 0.007 
103 24.0703.E1    (0)    5 :  0.007 0.035 0.099 0.005 0.003 0.497 0.004 0.004 0.331 0.006 0.005 0.004 
104 24.0704.E1    (6)    5 :  0.005 0.008 0.016 0.008 0.004 0.430 0.013 0.006 0.291 0.011 0.013 0.194 
105 24.0705.E1    (0)    5 :  0.030 0.007 0.007 0.008 0.006 0.064 0.258 0.010 0.080 0.017 0.504 0.008 
106 24.0706.E1    (0)    5 :  0.014 0.008 0.006 0.010 0.013 0.317 0.020 0.010 0.321 0.007 0.262 0.014 
107 24.0707.E1    (0)    5 :  0.006 0.025 0.042 0.018 0.011 0.323 0.068 0.005 0.371 0.032 0.074 0.025 
108 24.0708.E1    (0)    5 :  0.020 0.149 0.465 0.022 0.017 0.047 0.052 0.102 0.040 0.052 0.027 0.006 
109 24.0709.E1    (0)    5 :  0.009 0.008 0.016 0.006 0.015 0.019 0.771 0.026 0.021 0.014 0.015 0.082 
110 24.0710.E1    (0)    5 :  0.014 0.005 0.029 0.020 0.005 0.431 0.149 0.009 0.298 0.017 0.014 0.007 
111 24.0711.E1    (0)    5 :  0.031 0.048 0.006 0.013 0.007 0.392 0.045 0.005 0.298 0.044 0.043 0.068 
112 24.0712.E1    (0)    5 :  0.531 0.028 0.008 0.011 0.005 0.214 0.023 0.006 0.142 0.011 0.015 0.004 
113 24.0713.E1    (0)    5 :  0.008 0.006 0.013 0.012 0.006 0.147 0.279 0.035 0.176 0.011 0.263 0.044 
114 24.0714.E1    (0)    5 :  0.011 0.013 0.016 0.008 0.013 0.283 0.019 0.015 0.233 0.058 0.321 0.012 
115 24.0715.E1    (0)    5 :  0.017 0.006 0.007 0.150 0.032 0.363 0.095 0.007 0.258 0.018 0.041 0.007 
116 24.0716.E1    (0)    5 :  0.291 0.025 0.017 0.016 0.007 0.308 0.014 0.040 0.211 0.043 0.018 0.011 
117 24.0717.E1    (0)    5 :  0.012 0.045 0.081 0.285 0.078 0.174 0.021 0.025 0.206 0.014 0.037 0.023 
118 24.0718.E1    (0)    5 :  0.043 0.031 0.008 0.013 0.004 0.291 0.172 0.008 0.361 0.017 0.044 0.006 
119 24.0719.E1    (0)    5 :  0.011 0.014 0.005 0.007 0.007 0.035 0.800 0.017 0.037 0.006 0.036 0.026 
120 24.0720.E1    (0)    5 :  0.011 0.013 0.006 0.005 0.007 0.146 0.613 0.013 0.141 0.023 0.010 0.013 
121 24.0721.E1    (0)    6 :  0.016 0.009 0.052 0.210 0.065 0.229 0.030 0.016 0.205 0.009 0.153 0.006 
122 24.0722.E1    (0)    6 :  0.058 0.080 0.098 0.404 0.007 0.095 0.045 0.012 0.076 0.014 0.105 0.005 
123 24.0723.E1    (0)    6 :  0.009 0.121 0.278 0.283 0.156 0.025 0.008 0.018 0.023 0.016 0.058 0.004 
124 24.0724.E1    (0)    6 :  0.010 0.030 0.207 0.045 0.012 0.029 0.259 0.042 0.025 0.087 0.245 0.009 
125 24.0725.E1    (0)    6 :  0.006 0.008 0.005 0.007 0.013 0.020 0.011 0.006 0.021 0.745 0.152 0.005 
126 24.0726.E1    (6)    6 :  0.005 0.007 0.016 0.065 0.005 0.010 0.068 0.007 0.015 0.154 0.643 0.005 
127 24.0727.E1    (0)    6 :  0.051 0.020 0.053 0.352 0.038 0.037 0.028 0.012 0.034 0.180 0.190 0.004 
128 24.0728.E1    (0)    6 :  0.011 0.032 0.023 0.152 0.032 0.176 0.015 0.011 0.162 0.311 0.070 0.005 
129 24.0729.E1    (0)    6 :  0.029 0.011 0.011 0.035 0.005 0.012 0.089 0.023 0.016 0.377 0.364 0.028 
130 24.0730.E1    (0)    6 :  0.015 0.007 0.006 0.012 0.009 0.501 0.017 0.011 0.319 0.036 0.055 0.012 
131 24.0731.E1    (0)    6 :  0.004 0.011 0.012 0.049 0.019 0.008 0.224 0.007 0.009 0.048 0.603 0.005 
132 24.0732.E1    (0)    6 :  0.010 0.008 0.004 0.521 0.023 0.040 0.085 0.004 0.048 0.034 0.215 0.007 
133 24.0733.E1    (0)    6 :  0.003 0.006 0.004 0.017 0.003 0.004 0.008 0.006 0.005 0.728 0.211 0.004 
134 24.0734.E1    (0)    6 :  0.007 0.009 0.026 0.666 0.009 0.087 0.007 0.006 0.083 0.022 0.074 0.004 
135 24.0735.E1    (0)    6 :  0.010 0.043 0.007 0.125 0.008 0.067 0.018 0.020 0.038 0.383 0.277 0.005 
136 24.0736.E1    (0)    6 :  0.004 0.007 0.005 0.029 0.006 0.011 0.007 0.006 0.010 0.672 0.238 0.005 
137 24.0737.E1    (0)    6 :  0.008 0.029 0.064 0.007 0.009 0.017 0.011 0.007 0.022 0.570 0.252 0.004 
138 24.0738.E1    (0)    6 :  0.009 0.009 0.008 0.022 0.007 0.015 0.007 0.005 0.013 0.576 0.319 0.008 
139 24.0739.E1    (0)    6 :  0.006 0.015 0.006 0.005 0.007 0.018 0.009 0.006 0.023 0.626 0.275 0.004 
140 24.0740.E1    (0)    6 :  0.009 0.021 0.005 0.009 0.005 0.011 0.117 0.018 0.016 0.383 0.326 0.080 
141 24.0741.E1    (0)    6 :  0.005 0.015 0.008 0.232 0.009 0.040 0.081 0.009 0.048 0.242 0.305 0.006 
142 24.0742.E1    (0)    6 :  0.007 0.010 0.016 0.529 0.006 0.012 0.025 0.006 0.012 0.115 0.254 0.007 
143 24.0743.E1    (0)    6 :  0.022 0.005 0.017 0.018 0.008 0.015 0.294 0.012 0.012 0.263 0.296 0.039 
144 24.0744.E1    (0)    6 :  0.281 0.010 0.015 0.085 0.017 0.016 0.088 0.021 0.018 0.188 0.234 0.029 
145 24.0745.E1    (0)    7 :  0.021 0.004 0.005 0.875 0.015 0.012 0.016 0.007 0.010 0.004 0.016 0.015 
146 24.0746.E1    (0)    7 :  0.007 0.072 0.058 0.599 0.007 0.036 0.044 0.009 0.028 0.046 0.015 0.079 
147 24.0747.E1    (0)    7 :  0.013 0.009 0.004 0.667 0.009 0.012 0.147 0.028 0.014 0.023 0.028 0.046 
148 24.0748.E1    (6)    7 :  0.012 0.009 0.005 0.595 0.017 0.012 0.178 0.039 0.013 0.030 0.034 0.056 
149 24.0749.E1    (0)    7 :  0.006 0.007 0.009 0.687 0.004 0.011 0.007 0.006 0.010 0.179 0.069 0.005 
150 24.0750.E1    (0)    7 :  0.012 0.009 0.019 0.161 0.008 0.076 0.076 0.012 0.082 0.098 0.429 0.018 
151 24.0751.E1    (0)    7 :  0.004 0.006 0.004 0.943 0.005 0.005 0.004 0.004 0.005 0.007 0.009 0.005 
152 24.0752.E1    (0)    7 :  0.004 0.006 0.004 0.864 0.011 0.026 0.007 0.006 0.015 0.036 0.012 0.009 
153 24.0753.E1    (0)    7 :  0.009 0.192 0.010 0.491 0.026 0.007 0.012 0.004 0.007 0.178 0.055 0.010 
154 24.0754.E1    (0)    7 :  0.006 0.015 0.004 0.857 0.009 0.007 0.023 0.006 0.008 0.021 0.039 0.005 
155 24.0755.E1    (0)    7 :  0.006 0.019 0.005 0.711 0.005 0.023 0.114 0.033 0.021 0.016 0.010 0.037 
156 24.0756.E1    (0)    7 :  0.004 0.008 0.007 0.918 0.005 0.004 0.007 0.015 0.004 0.014 0.009 0.005 
157 24.0757.E1    (0)    7 :  0.003 0.004 0.003 0.961 0.003 0.004 0.004 0.003 0.004 0.003 0.004 0.004 
158 24.0758.E1    (0)    7 :  0.004 0.004 0.003 0.959 0.003 0.004 0.004 0.003 0.004 0.003 0.005 0.004 
159 24.0759.E1    (0)    7 :  0.010 0.006 0.005 0.871 0.014 0.008 0.007 0.005 0.009 0.018 0.039 0.007 
160 24.0760.E1    (0)    7 :  0.007 0.280 0.007 0.591 0.007 0.027 0.023 0.006 0.028 0.009 0.009 0.005 
161 24.0761.E1    (0)    7 :  0.003 0.008 0.005 0.948 0.005 0.004 0.005 0.004 0.004 0.006 0.005 0.003 
162 24.0762.E1    (0)    7 :  0.167 0.008 0.010 0.077 0.007 0.077 0.033 0.178 0.069 0.173 0.182 0.019 
163 24.0763.E1    (0)    7 :  0.003 0.004 0.004 0.934 0.006 0.005 0.017 0.004 0.005 0.007 0.007 0.005 
164 24.0764.E1    (0)    7 :  0.004 0.008 0.003 0.921 0.004 0.008 0.004 0.005 0.009 0.011 0.018 0.004 
165 24.0765.E1    (0)    7 :  0.004 0.021 0.021 0.871 0.007 0.007 0.023 0.010 0.007 0.006 0.016 0.006 
166 24.0766.E1    (0)    7 :  0.005 0.006 0.005 0.924 0.010 0.008 0.009 0.004 0.007 0.010 0.007 0.005 
167 24.0767.E1    (0)    7 :  0.003 0.004 0.005 0.954 0.004 0.004 0.008 0.004 0.004 0.004 0.005 0.003 
168 24.0768.E1    (0)    7 :  0.007 0.005 0.008 0.109 0.008 0.035 0.119 0.025 0.022 0.084 0.450 0.128 
169 24.0779.E1    (0)    8 :  0.009 0.005 0.032 0.039 0.008 0.359 0.039 0.007 0.459 0.013 0.014 0.016 
170 24.0780.E1    (6)    8 :  0.008 0.005 0.013 0.004 0.032 0.320 0.022 0.127 0.422 0.008 0.031 0.007 
171 24.0781.E1    (0)    8 :  0.005 0.005 0.007 0.005 0.006 0.376 0.006 0.011 0.516 0.004 0.054 0.004 
172 24.0782.E1    (0)    8 :  0.007 0.034 0.029 0.017 0.029 0.202 0.160 0.021 0.132 0.041 0.320 0.008 
173 24.0783.E1    (0)    8 :  0.015 0.009 0.008 0.005 0.011 0.090 0.030 0.450 0.116 0.010 0.252 0.005 
174 24.0784.E1    (0)    8 :  0.004 0.005 0.031 0.004 0.007 0.381 0.030 0.018 0.488 0.008 0.011 0.013 
175 24.0785.E1    (0)    8 :  0.009 0.004 0.014 0.003 0.032 0.393 0.008 0.024 0.483 0.008 0.011 0.012 
176 24.0786.E1    (0)    8 :  0.008 0.008 0.008 0.009 0.018 0.289 0.103 0.095 0.395 0.019 0.027 0.022 
177 24.0787.E1    (0)    8 :  0.006 0.049 0.010 0.016 0.010 0.372 0.018 0.011 0.472 0.014 0.014 0.008 
178 24.0788.E1    (0)    8 :  0.005 0.014 0.007 0.004 0.009 0.353 0.018 0.055 0.516 0.005 0.006 0.008 
179 24.0789.E1    (0)    8 :  0.005 0.021 0.028 0.006 0.011 0.363 0.009 0.029 0.452 0.047 0.013 0.015 
180 24.0790.E1    (0)    8 :  0.005 0.005 0.009 0.003 0.010 0.401 0.004 0.008 0.540 0.004 0.005 0.006 
181 24.0791.E1    (0)    8 :  0.049 0.005 0.005 0.009 0.014 0.190 0.009 0.011 0.123 0.155 0.370 0.061 
182 24.0792.E1    (0)    8 :  0.017 0.004 0.007 0.017 0.285 0.232 0.040 0.007 0.298 0.008 0.079 0.005 
183 24.0793.E1    (0)    9 :  0.006 0.035 0.341 0.005 0.020 0.308 0.008 0.028 0.165 0.056 0.006 0.022 
184 24.0794.E1    (0)    9 :  0.005 0.005 0.182 0.007 0.181 0.016 0.006 0.028 0.038 0.466 0.060 0.006 
185 24.0795.E1    (0)    9 :  0.005 0.009 0.800 0.012 0.005 0.007 0.020 0.010 0.007 0.076 0.043 0.006 
186 24.0796.E1    (0)    9 :  0.005 0.009 0.095 0.005 0.176 0.083 0.007 0.288 0.107 0.184 0.011 0.031 
187 24.0797.E1    (0)    9 :  0.005 0.007 0.587 0.003 0.024 0.158 0.007 0.065 0.093 0.033 0.009 0.009 
188 24.0798.E1    (0)    9 :  0.333 0.017 0.448 0.018 0.065 0.020 0.026 0.008 0.019 0.010 0.012 0.023 
189 24.0799.E1    (0)    9 :  0.005 0.006 0.004 0.005 0.004 0.008 0.005 0.006 0.006 0.008 0.005 0.938 
190 24.0800.E1    (0)    9 :  0.004 0.004 0.004 0.004 0.005 0.007 0.007 0.008 0.006 0.009 0.005 0.938 
191 24.0801.E1    (0)    9 :  0.184 0.005 0.005 0.004 0.008 0.007 0.011 0.004 0.007 0.004 0.006 0.755 
192 24.0802.E1    (0)    9 :  0.005 0.011 0.932 0.004 0.004 0.006 0.006 0.007 0.006 0.005 0.007 0.007 
193 24.0803.E1    (0)    9 :  0.018 0.009 0.382 0.006 0.008 0.028 0.007 0.008 0.016 0.013 0.010 0.496 
194 24.0804.E1    (0)    9 :  0.004 0.011 0.806 0.003 0.007 0.008 0.013 0.086 0.009 0.015 0.006 0.030 
195 24.0805.E1    (0)    9 :  0.004 0.004 0.012 0.006 0.005 0.007 0.019 0.005 0.008 0.006 0.010 0.914 
196 24.0806.E1    (0)    9 :  0.007 0.028 0.873 0.006 0.007 0.007 0.006 0.005 0.007 0.007 0.006 0.042 
197 24.0807.E1    (0)    9 :  0.008 0.007 0.894 0.003 0.019 0.008 0.007 0.018 0.010 0.006 0.011 0.009 
198 24.0808.E1    (0)    9 :  0.004 0.019 0.026 0.005 0.009 0.085 0.045 0.018 0.125 0.010 0.009 0.645 
199 24.0809.E1    (0)    9 :  0.004 0.003 0.004 0.005 0.004 0.004 0.009 0.006 0.004 0.006 0.005 0.947 
200 24.0810.E1    (0)    9 :  0.005 0.010 0.087 0.007 0.014 0.009 0.063 0.007 0.010 0.006 0.014 0.767 
201 24.0811.E1    (0)    9 :  0.003 0.011 0.907 0.004 0.019 0.008 0.006 0.012 0.011 0.009 0.007 0.004 
202 24.0812.E1    (0)    9 :  0.008 0.008 0.461 0.006 0.007 0.030 0.039 0.259 0.038 0.025 0.016 0.103 
203 24.0813.E1    (0)    9 :  0.004 0.010 0.590 0.006 0.007 0.041 0.081 0.016 0.042 0.007 0.014 0.182 
204 24.0814.E1    (6)    9 :  0.008 0.013 0.186 0.004 0.029 0.009 0.017 0.136 0.010 0.010 0.008 0.570 
205 24.0815.E1    (0)    9 :  0.010 0.083 0.287 0.005 0.008 0.006 0.005 0.010 0.006 0.004 0.005 0.571 
206 24.0816.E1    (0)    9 :  0.027 0.014 0.840 0.006 0.025 0.022 0.004 0.010 0.018 0.007 0.006 0.020 
207 24.0817.E1    (0)   10 :  0.008 0.004 0.092 0.005 0.079 0.020 0.011 0.668 0.016 0.035 0.017 0.045 
208 24.0818.E1    (0)   10 :  0.005 0.010 0.010 0.007 0.014 0.080 0.005 0.754 0.061 0.029 0.015 0.009 
209 24.0819.E1    (0)   10 :  0.069 0.014 0.007 0.088 0.318 0.010 0.008 0.018 0.010 0.016 0.019 0.422 
210 24.0820.E1    (0)   10 :  0.010 0.007 0.006 0.054 0.846 0.006 0.005 0.020 0.007 0.007 0.006 0.028 
211 24.0821.E1    (0)   10 :  0.209 0.009 0.031 0.006 0.106 0.172 0.012 0.140 0.270 0.010 0.010 0.024 
212 24.0822.E1    (0)   10 :  0.007 0.004 0.004 0.018 0.011 0.019 0.009 0.875 0.028 0.007 0.005 0.014 
213 24.0823.E1    (0)   10 :  0.012 0.008 0.004 0.031 0.522 0.006 0.011 0.356 0.007 0.007 0.006 0.030 
214 24.0824.E1    (0)   10 :  0.423 0.005 0.007 0.008 0.014 0.006 0.046 0.448 0.006 0.006 0.007 0.023 
215 24.0825.E1    (0)   10 :  0.004 0.004 0.005 0.005 0.005 0.004 0.008 0.945 0.004 0.005 0.004 0.006 
216 24.0826.E1    (0)   10 :  0.014 0.009 0.011 0.021 0.820 0.018 0.010 0.045 0.018 0.006 0.011 0.016 
217 24.0827.E1    (0)   10 :  0.006 0.007 0.021 0.003 0.134 0.028 0.009 0.697 0.021 0.054 0.012 0.007 
218 24.0828.E1    (0)   10 :  0.088 0.009 0.068 0.020 0.569 0.020 0.017 0.130 0.032 0.011 0.014 0.020 
219 24.0829.E1    (0)   10 :  0.014 0.006 0.200 0.010 0.016 0.008 0.024 0.625 0.011 0.007 0.007 0.071 
220 24.0830.E1    (0)   10 :  0.005 0.003 0.025 0.004 0.013 0.013 0.006 0.854 0.018 0.005 0.050 0.004 
221 24.0831.E1    (0)   10 :  0.007 0.005 0.013 0.003 0.012 0.038 0.008 0.780 0.046 0.006 0.076 0.006 
222 24.0832.E1    (0)   10 :  0.003 0.003 0.005 0.003 0.016 0.007 0.007 0.918 0.007 0.020 0.005 0.004 
223 24.0833.E1    (0)   10 :  0.003 0.003 0.005 0.004 0.007 0.004 0.006 0.953 0.004 0.004 0.004 0.003 
224 24.0834.E1    (0)   10 :  0.005 0.007 0.007 0.008 0.009 0.005 0.006 0.925 0.005 0.006 0.007 0.009 
225 24.0835.E1    (0)   10 :  0.009 0.006 0.005 0.004 0.007 0.012 0.006 0.882 0.009 0.021 0.007 0.032 
226 24.0836.E1    (0)   10 :  0.014 0.004 0.007 0.008 0.006 0.008 0.018 0.894 0.008 0.010 0.009 0.014 
227 24.0837.E1    (0)   10 :  0.006 0.004 0.006 0.005 0.006 0.007 0.007 0.930 0.008 0.006 0.006 0.009 
228 24.0838.E1    (0)   10 :  0.005 0.003 0.011 0.005 0.010 0.012 0.009 0.919 0.011 0.004 0.006 0.004 
229 24.0839.E1    (0)   10 :  0.023 0.026 0.259 0.017 0.027 0.059 0.040 0.372 0.060 0.052 0.043 0.021 
230 24.0840.E1    (0)   10 :  0.011 0.012 0.380 0.004 0.047 0.007 0.007 0.500 0.009 0.007 0.006 0.009 
231 24.0841.E1    (0)   11 :  0.003 0.003 0.881 0.008 0.030 0.017 0.013 0.010 0.018 0.005 0.008 0.005 
232 24.0842.E1    (0)   11 :  0.170 0.003 0.727 0.005 0.025 0.012 0.007 0.011 0.012 0.008 0.007 0.012 
233 24.0843.E1    (0)   11 :  0.209 0.005 0.243 0.017 0.448 0.012 0.007 0.019 0.013 0.005 0.006 0.016 
234 24.0844.E1    (0)   11 :  0.310 0.005 0.112 0.007 0.019 0.025 0.012 0.322 0.026 0.031 0.044 0.087 
235 24.0845.E1    (0)   11 :  0.018 0.004 0.067 0.004 0.027 0.063 0.012 0.699 0.061 0.012 0.027 0.005 
236 24.0846.E1    (0)   11 :  0.010 0.009 0.029 0.010 0.008 0.010 0.010 0.863 0.011 0.015 0.010 0.016 
237 24.0847.E1    (0)   11 :  0.020 0.007 0.013 0.010 0.013 0.011 0.093 0.711 0.010 0.040 0.022 0.050 
238 24.0848.E1    (0)   11 :  0.016 0.004 0.019 0.005 0.010 0.042 0.022 0.762 0.041 0.021 0.016 0.042 
239 24.0849.E1    (0)   11 :  0.004 0.003 0.005 0.004 0.947 0.005 0.003 0.006 0.005 0.006 0.004 0.008 
240 24.0850.E1    (0)   11 :  0.004 0.003 0.005 0.004 0.947 0.005 0.004 0.006 0.005 0.006 0.004 0.008 
241 24.0851.E1    (0)   11 :  0.004 0.003 0.005 0.004 0.947 0.005 0.004 0.006 0.005 0.006 0.004 0.008 
242 24.0852.E1    (0)   11 :  0.006 0.004 0.039 0.014 0.674 0.044 0.007 0.109 0.051 0.010 0.034 0.007 
243 24.0853.E1    (0)   11 :  0.004 0.006 0.022 0.009 0.537 0.006 0.017 0.367 0.007 0.009 0.005 0.010 
244 24.0854.E1    (0)   11 :  0.570 0.005 0.015 0.009 0.307 0.007 0.008 0.023 0.011 0.018 0.012 0.016 
245 24.0855.E1    (0)   11 :  0.012 0.006 0.128 0.009 0.040 0.013 0.034 0.688 0.017 0.007 0.008 0.039 
246 24.0856.E1    (0)   11 :  0.296 0.036 0.452 0.049 0.013 0.040 0.007 0.018 0.027 0.043 0.013 0.006 
247 24.0857.E1    (0)   11 :  0.009 0.009 0.013 0.008 0.019 0.026 0.019 0.312 0.021 0.031 0.011 0.522 
248 24.0858.E1    (0)   11 :  0.029 0.005 0.023 0.013 0.063 0.082 0.013 0.602 0.058 0.016 0.020 0.076 
249 24.0859.E1    (0)   11 :  0.008 0.010 0.012 0.016 0.842 0.023 0.006 0.013 0.017 0.011 0.010 0.033 
250 24.0860.E1    (0)   11 :  0.023 0.027 0.034 0.025 0.053 0.260 0.007 0.040 0.149 0.027 0.012 0.342 
251 24.0861.E1    (0)   11 :  0.004 0.003 0.015 0.004 0.916 0.011 0.004 0.016 0.009 0.006 0.005 0.007 
252 24.0862.E1    (0)   11 :  0.010 0.011 0.693 0.007 0.015 0.013 0.009 0.020 0.013 0.018 0.017 0.174 
253 24.0863.E1    (0)   11 :  0.004 0.003 0.015 0.004 0.916 0.011 0.004 0.016 0.008 0.006 0.005 0.006 
254 24.0864.E1    (0)   11 :  0.013 0.009 0.013 0.006 0.056 0.046 0.228 0.132 0.119 0.061 0.296 0.020 
255 24.0865.E1    (0)   12 :  0.005 0.016 0.010 0.034 0.776 0.013 0.046 0.011 0.022 0.039 0.020 0.008 
256 24.0866.E1    (0)   12 :  0.012 0.006 0.008 0.028 0.013 0.099 0.115 0.042 0.064 0.014 0.016 0.584 
257 24.0867.E1    (0)   12 :  0.011 0.020 0.008 0.139 0.157 0.011 0.487 0.020 0.009 0.013 0.011 0.114 
258 24.0868.E1    (0)   12 :  0.014 0.026 0.009 0.021 0.008 0.219 0.268 0.062 0.296 0.011 0.039 0.027 
259 24.0869.E1    (0)   12 :  0.004 0.044 0.010 0.006 0.010 0.033 0.572 0.090 0.038 0.007 0.128 0.059 
260 24.0870.E1    (0)   12 :  0.013 0.119 0.021 0.028 0.009 0.148 0.158 0.123 0.161 0.095 0.109 0.017 
261 24.0871.E1    (0)   12 :  0.014 0.030 0.054 0.006 0.045 0.053 0.190 0.017 0.056 0.032 0.495 0.006 
262 24.0872.E1    (0)   12 :  0.012 0.007 0.008 0.106 0.309 0.057 0.090 0.007 0.053 0.020 0.269 0.062 
263 24.0873.E1    (0)   12 :  0.012 0.012 0.009 0.011 0.048 0.016 0.590 0.011 0.024 0.013 0.030 0.225 
264 24.0874.E1    (0)   12 :  0.012 0.007 0.010 0.215 0.181 0.012 0.142 0.036 0.012 0.008 0.013 0.352 
265 24.0875.E1    (0)   12 :  0.028 0.011 0.005 0.010 0.010 0.099 0.081 0.009 0.092 0.080 0.499 0.074 
266 24.0876.E1    (0)   12 :  0.010 0.008 0.004 0.017 0.006 0.058 0.146 0.005 0.059 0.099 0.550 0.039 
267 24.0877.E1    (0)   12 :  0.010 0.006 0.004 0.041 0.006 0.037 0.013 0.004 0.041 0.448 0.327 0.063 
268 24.0878.E1    (0)   12 :  0.027 0.008 0.010 0.009 0.005 0.016 0.054 0.048 0.031 0.394 0.388 0.009 
269 24.0879.E1    (0)   12 :  0.195 0.010 0.007 0.004 0.007 0.008 0.012 0.007 0.011 0.396 0.339 0.005 
270 24.0880.E1    (0)   12 :  0.073 0.015 0.008 0.014 0.019 0.049 0.189 0.480 0.067 0.021 0.050 0.016 
271 24.0881.E1    (0)   12 :  0.008 0.010 0.004 0.008 0.007 0.007 0.007 0.004 0.009 0.605 0.325 0.006 
272 24.0882.E1    (0)   12 :  0.008 0.007 0.004 0.557 0.014 0.038 0.013 0.006 0.018 0.141 0.176 0.018 
273 24.0883.E1    (0)   12 :  0.205 0.009 0.005 0.219 0.047 0.007 0.054 0.007 0.010 0.170 0.262 0.006 
274 24.0884.E1    (0)   12 :  0.013 0.007 0.006 0.025 0.009 0.010 0.007 0.004 0.009 0.482 0.423 0.005 
275 24.0885.E1    (0)   12 :  0.050 0.010 0.005 0.006 0.006 0.014 0.060 0.010 0.037 0.360 0.429 0.013 
276 24.0886.E1    (0)   12 :  0.114 0.004 0.007 0.234 0.030 0.013 0.090 0.005 0.015 0.129 0.340 0.018 
277 24.0887.E1    (0)   12 :  0.163 0.010 0.006 0.657 0.009 0.006 0.024 0.005 0.006 0.025 0.085 0.005 
278 24.0888.E1    (0)   12 :  0.009 0.006 0.011 0.005 0.007 0.381 0.008 0.007 0.504 0.014 0.029 0.019 


Estimated Allele Frequencies in each cluster
First column gives estimated ancestral frequencies


Locus 1 : 
31 alleles
0.0% missing data
 115   (0.034) 0.007 0.003 0.018 0.003 0.004 0.007 0.154 0.004 0.008 0.132 0.110 0.006 
 117   (0.041) 0.011 0.004 0.020 0.194 0.003 0.009 0.029 0.005 0.009 0.158 0.137 0.110 
 119   (0.044) 0.007 0.297 0.007 0.327 0.004 0.009 0.011 0.005 0.009 0.254 0.123 0.006 
 131   (0.016) 0.003 0.001 0.004 0.003 0.002 0.003 0.003 0.002 0.003 0.045 0.019 0.002 
 128   (0.034) 0.008 0.003 0.008 0.003 0.005 0.022 0.021 0.029 0.024 0.053 0.071 0.008 
 135   (0.020) 0.004 0.002 0.007 0.008 0.002 0.005 0.007 0.003 0.004 0.053 0.025 0.003 
 126   (0.079) 0.031 0.012 0.029 0.082 0.055 0.058 0.038 0.261 0.068 0.114 0.082 0.163 
 122   (0.032) 0.006 0.097 0.144 0.002 0.003 0.058 0.006 0.003 0.038 0.012 0.012 0.008 
 132   (0.031) 0.013 0.003 0.036 0.013 0.005 0.018 0.013 0.024 0.020 0.005 0.028 0.039 
 141   (0.010) 0.001 0.003 0.002 0.001 0.001 0.002 0.001 0.001 0.002 0.011 0.002 0.001 
 130   (0.054) 0.155 0.013 0.037 0.007 0.024 0.057 0.097 0.015 0.070 0.007 0.045 0.009 
 134   (0.040) 0.005 0.137 0.029 0.003 0.079 0.021 0.042 0.006 0.029 0.005 0.008 0.020 
 145   (0.017) 0.008 0.008 0.002 0.007 0.109 0.004 0.004 0.002 0.012 0.002 0.006 0.002 
 127   (0.026) 0.007 0.053 0.004 0.162 0.003 0.005 0.006 0.002 0.006 0.024 0.024 0.003 
 116   (0.108) 0.061 0.171 0.208 0.009 0.281 0.220 0.216 0.130 0.244 0.015 0.061 0.109 
 114   (0.059) 0.028 0.050 0.229 0.005 0.200 0.035 0.033 0.106 0.037 0.008 0.012 0.070 
 120   (0.037) 0.148 0.092 0.005 0.002 0.003 0.045 0.016 0.004 0.053 0.009 0.023 0.005 
 110   (0.043) 0.102 0.015 0.024 0.013 0.011 0.054 0.046 0.099 0.039 0.008 0.033 0.006 
 133   (0.014) 0.002 0.009 0.003 0.013 0.001 0.003 0.003 0.001 0.003 0.003 0.009 0.008 
 118   (0.111) 0.339 0.012 0.134 0.018 0.190 0.317 0.195 0.175 0.268 0.015 0.089 0.397 
 125   (0.011) 0.005 0.001 0.019 0.001 0.003 0.003 0.002 0.010 0.003 0.003 0.002 0.002 
 129   (0.020) 0.019 0.002 0.003 0.005 0.002 0.008 0.004 0.002 0.009 0.032 0.031 0.003 
 124   (0.016) 0.015 0.002 0.002 0.002 0.004 0.011 0.003 0.003 0.011 0.009 0.010 0.003 
 136   (0.020) 0.003 0.002 0.004 0.001 0.002 0.005 0.039 0.086 0.006 0.003 0.010 0.003 
 121   (0.016) 0.002 0.001 0.002 0.069 0.001 0.003 0.003 0.001 0.003 0.003 0.012 0.002 
 139   (0.011) 0.001 0.001 0.001 0.001 0.001 0.002 0.001 0.001 0.002 0.009 0.005 0.001 
 113   (0.011) 0.001 0.001 0.001 0.015 0.001 0.002 0.001 0.001 0.002 0.001 0.002 0.001 
 111   (0.010) 0.001 0.001 0.001 0.013 0.001 0.002 0.002 0.001 0.002 0.001 0.003 0.001 
 143   (0.011) 0.001 0.001 0.001 0.015 0.001 0.002 0.001 0.001 0.002 0.001 0.002 0.001 
 140   (0.014) 0.002 0.001 0.014 0.001 0.001 0.009 0.003 0.001 0.012 0.002 0.003 0.007 
 112   (0.011) 0.002 0.001 0.001 0.001 0.001 0.002 0.002 0.016 0.002 0.001 0.002 0.001 

Locus 2 : 
18 alleles
0.0% missing data
 152   (0.376) 0.324 0.382 0.571 0.797 0.313 0.438 0.476 0.145 0.345 0.676 0.584 0.441 
 148   (0.072) 0.028 0.234 0.012 0.018 0.007 0.039 0.195 0.009 0.035 0.107 0.162 0.010 
 154   (0.106) 0.033 0.263 0.119 0.032 0.017 0.092 0.215 0.287 0.077 0.059 0.058 0.019 
 156   (0.016) 0.005 0.002 0.016 0.001 0.002 0.004 0.003 0.002 0.004 0.015 0.003 0.002 
 150   (0.024) 0.005 0.069 0.003 0.053 0.002 0.004 0.003 0.002 0.004 0.009 0.004 0.003 
 164   (0.083) 0.017 0.009 0.104 0.010 0.094 0.136 0.025 0.043 0.129 0.059 0.054 0.029 
 158   (0.031) 0.208 0.012 0.010 0.008 0.010 0.007 0.013 0.004 0.007 0.007 0.020 0.012 
 160   (0.019) 0.003 0.002 0.003 0.017 0.002 0.010 0.012 0.002 0.013 0.003 0.005 0.002 
 166   (0.022) 0.003 0.005 0.013 0.001 0.002 0.018 0.004 0.002 0.014 0.004 0.017 0.032 
 151   (0.071) 0.258 0.006 0.039 0.005 0.306 0.121 0.010 0.477 0.192 0.010 0.023 0.009 
 147   (0.061) 0.061 0.006 0.060 0.004 0.191 0.078 0.015 0.016 0.112 0.008 0.016 0.420 
 168   (0.024) 0.006 0.003 0.004 0.002 0.029 0.011 0.006 0.002 0.017 0.004 0.014 0.010 
 153   (0.015) 0.003 0.001 0.002 0.001 0.015 0.010 0.002 0.001 0.013 0.002 0.003 0.002 
 149   (0.026) 0.040 0.002 0.003 0.012 0.002 0.008 0.016 0.002 0.007 0.003 0.021 0.004 
 162   (0.017) 0.002 0.002 0.037 0.003 0.007 0.005 0.002 0.002 0.007 0.007 0.004 0.002 
 167   (0.012) 0.001 0.001 0.001 0.001 0.001 0.002 0.001 0.001 0.002 0.023 0.007 0.001 
 146   (0.012) 0.001 0.001 0.001 0.033 0.001 0.002 0.001 0.001 0.002 0.001 0.002 0.001 
 172   (0.014) 0.002 0.001 0.002 0.001 0.001 0.015 0.002 0.001 0.020 0.002 0.002 0.001 

Locus 3 : 
4 alleles
0.0% missing data
 128   (0.298) 0.230 0.326 0.159 0.472 0.357 0.193 0.287 0.443 0.224 0.207 0.323 0.397 
 126   (0.607) 0.574 0.613 0.786 0.520 0.470 0.769 0.695 0.513 0.734 0.704 0.628 0.575 
 132   (0.081) 0.153 0.054 0.054 0.006 0.172 0.032 0.017 0.043 0.038 0.087 0.047 0.027 
 134   (0.014) 0.043 0.006 0.002 0.001 0.001 0.007 0.002 0.001 0.005 0.002 0.002 0.001 

Locus 4 : 
3 alleles
0.0% missing data
 170   (0.317) 0.161 0.418 0.400 0.304 0.105 0.427 0.136 0.459 0.390 0.375 0.259 0.121 
 172   (0.670) 0.838 0.572 0.598 0.693 0.892 0.571 0.860 0.539 0.607 0.623 0.739 0.877 
 171   (0.013) 0.002 0.010 0.002 0.002 0.003 0.002 0.003 0.002 0.003 0.002 0.003 0.002 

Locus 5 : 
37 alleles
0.0% missing data
 125   (0.050) 0.172 0.061 0.013 0.040 0.148 0.017 0.025 0.078 0.016 0.069 0.046 0.015 
 110   (0.035) 0.029 0.043 0.026 0.015 0.024 0.008 0.006 0.093 0.008 0.064 0.023 0.022 
 129   (0.038) 0.010 0.004 0.055 0.004 0.020 0.103 0.007 0.007 0.096 0.054 0.020 0.007 
 113   (0.033) 0.006 0.004 0.130 0.002 0.005 0.094 0.009 0.010 0.100 0.011 0.011 0.014 
 145   (0.057) 0.085 0.006 0.012 0.076 0.089 0.023 0.130 0.013 0.031 0.199 0.190 0.012 
 155   (0.050) 0.016 0.182 0.110 0.013 0.006 0.057 0.019 0.053 0.040 0.166 0.071 0.018 
 117   (0.028) 0.005 0.004 0.021 0.026 0.005 0.015 0.162 0.004 0.016 0.016 0.027 0.008 
 124   (0.011) 0.001 0.001 0.001 0.001 0.001 0.002 0.001 0.001 0.002 0.029 0.003 0.001 
 133   (0.035) 0.007 0.003 0.005 0.082 0.006 0.041 0.014 0.003 0.053 0.053 0.043 0.011 
 157   (0.043) 0.099 0.024 0.007 0.022 0.004 0.200 0.040 0.061 0.148 0.007 0.022 0.030 
 141   (0.017) 0.002 0.002 0.002 0.001 0.001 0.019 0.008 0.005 0.026 0.008 0.009 0.003 
 112   (0.071) 0.015 0.199 0.041 0.166 0.166 0.089 0.123 0.156 0.064 0.072 0.046 0.023 
 121   (0.018) 0.006 0.007 0.087 0.002 0.009 0.009 0.003 0.003 0.011 0.004 0.006 0.027 
 114   (0.041) 0.007 0.017 0.005 0.189 0.004 0.009 0.162 0.080 0.010 0.039 0.053 0.036 
 153   (0.051) 0.254 0.008 0.018 0.004 0.075 0.019 0.017 0.090 0.023 0.038 0.090 0.357 
 127   (0.075) 0.031 0.019 0.173 0.064 0.211 0.088 0.085 0.094 0.108 0.073 0.062 0.013 
 131   (0.059) 0.149 0.233 0.026 0.183 0.087 0.022 0.020 0.033 0.021 0.036 0.058 0.202 
 135   (0.031) 0.015 0.009 0.005 0.003 0.077 0.019 0.011 0.014 0.020 0.007 0.061 0.114 
 104   (0.009) 0.001 0.010 0.001 0.002 0.003 0.002 0.003 0.002 0.002 0.002 0.002 0.002 
 118   (0.015) 0.012 0.016 0.002 0.002 0.001 0.007 0.007 0.001 0.009 0.011 0.019 0.002 
 116   (0.024) 0.015 0.018 0.080 0.004 0.003 0.007 0.015 0.013 0.009 0.004 0.042 0.003 
 137   (0.023) 0.011 0.105 0.093 0.005 0.002 0.012 0.005 0.002 0.012 0.003 0.011 0.006 
 123   (0.023) 0.006 0.005 0.023 0.002 0.018 0.006 0.004 0.097 0.005 0.005 0.023 0.019 
 149   (0.009) 0.001 0.001 0.004 0.001 0.002 0.002 0.003 0.002 0.003 0.001 0.008 0.001 
 138   (0.010) 0.002 0.001 0.001 0.001 0.007 0.028 0.001 0.001 0.044 0.001 0.002 0.001 
 143   (0.024) 0.017 0.003 0.006 0.081 0.010 0.025 0.004 0.056 0.027 0.003 0.004 0.004 
 163   (0.008) 0.001 0.003 0.006 0.001 0.001 0.004 0.003 0.001 0.005 0.001 0.002 0.001 
 109   (0.009) 0.001 0.001 0.001 0.001 0.001 0.001 0.038 0.001 0.002 0.001 0.003 0.001 
 139   (0.009) 0.002 0.001 0.001 0.001 0.001 0.009 0.001 0.001 0.008 0.001 0.004 0.001 
 106   (0.010) 0.001 0.001 0.002 0.001 0.001 0.007 0.002 0.001 0.008 0.002 0.003 0.002 
 144   (0.016) 0.002 0.002 0.002 0.001 0.001 0.004 0.046 0.002 0.005 0.002 0.006 0.035 
 122   (0.012) 0.002 0.001 0.002 0.002 0.001 0.002 0.008 0.001 0.003 0.010 0.013 0.002 
 100   (0.018) 0.005 0.002 0.034 0.001 0.005 0.020 0.004 0.005 0.023 0.003 0.010 0.003 
 111   (0.012) 0.001 0.001 0.001 0.001 0.002 0.019 0.002 0.001 0.027 0.001 0.002 0.001 
 233   (0.008) 0.007 0.001 0.001 0.001 0.002 0.004 0.001 0.002 0.007 0.001 0.001 0.001 
 134   (0.010) 0.001 0.001 0.001 0.001 0.001 0.002 0.001 0.013 0.003 0.001 0.003 0.001 
 140   (0.010) 0.001 0.001 0.001 0.001 0.001 0.005 0.005 0.002 0.007 0.001 0.002 0.002 

Locus 6 : 
17 alleles
0.0% missing data
 221   (0.025) 0.003 0.003 0.003 0.087 0.002 0.004 0.003 0.002 0.004 0.137 0.048 0.003 
 232   (0.244) 0.285 0.086 0.444 0.438 0.779 0.284 0.272 0.265 0.293 0.190 0.244 0.104 
 229   (0.057) 0.017 0.056 0.010 0.060 0.019 0.012 0.016 0.099 0.012 0.094 0.086 0.027 
 223   (0.059) 0.098 0.006 0.023 0.006 0.006 0.080 0.063 0.072 0.055 0.124 0.032 0.012 
 230   (0.162) 0.092 0.167 0.087 0.305 0.041 0.222 0.235 0.242 0.225 0.077 0.181 0.059 
 235   (0.014) 0.002 0.001 0.002 0.001 0.001 0.002 0.002 0.001 0.002 0.091 0.004 0.001 
 236   (0.037) 0.010 0.032 0.016 0.005 0.018 0.015 0.007 0.004 0.019 0.075 0.076 0.005 
 227   (0.022) 0.007 0.002 0.003 0.002 0.002 0.012 0.008 0.002 0.009 0.063 0.026 0.004 
 220   (0.055) 0.012 0.191 0.101 0.004 0.067 0.018 0.026 0.023 0.028 0.008 0.025 0.219 
 222   (0.043) 0.006 0.269 0.102 0.003 0.003 0.028 0.016 0.005 0.038 0.005 0.009 0.208 
 234   (0.125) 0.295 0.171 0.030 0.047 0.012 0.092 0.281 0.141 0.104 0.062 0.128 0.335 
 224   (0.032) 0.135 0.003 0.007 0.002 0.002 0.021 0.006 0.082 0.027 0.004 0.009 0.004 
 228   (0.058) 0.010 0.006 0.054 0.004 0.042 0.197 0.046 0.030 0.168 0.014 0.032 0.008 
 225   (0.012) 0.001 0.001 0.019 0.001 0.001 0.002 0.002 0.001 0.002 0.003 0.003 0.001 
 226   (0.015) 0.002 0.001 0.094 0.001 0.002 0.003 0.003 0.027 0.003 0.002 0.003 0.003 
 233   (0.025) 0.014 0.002 0.003 0.033 0.002 0.005 0.011 0.003 0.006 0.031 0.063 0.004 
 231   (0.016) 0.010 0.001 0.002 0.002 0.001 0.003 0.005 0.001 0.004 0.021 0.032 0.002 

Locus 7 : 
10 alleles
0.0% missing data
 121   (0.680) 0.554 0.795 0.742 0.746 0.695 0.835 0.793 0.769 0.841 0.895 0.820 0.822 
 129   (0.098) 0.101 0.010 0.110 0.103 0.147 0.052 0.041 0.131 0.050 0.065 0.076 0.012 
 130   (0.017) 0.003 0.002 0.021 0.004 0.002 0.006 0.002 0.002 0.005 0.004 0.003 0.013 
 123   (0.100) 0.236 0.128 0.106 0.094 0.149 0.070 0.027 0.088 0.064 0.022 0.079 0.047 
 128   (0.021) 0.021 0.038 0.002 0.021 0.002 0.004 0.005 0.002 0.004 0.003 0.006 0.002 
 131   (0.015) 0.010 0.020 0.009 0.001 0.001 0.005 0.003 0.002 0.004 0.003 0.003 0.002 
 117   (0.011) 0.001 0.001 0.001 0.001 0.001 0.007 0.001 0.001 0.011 0.001 0.002 0.001 
 125   (0.013) 0.067 0.001 0.001 0.001 0.001 0.002 0.002 0.001 0.002 0.001 0.002 0.001 
 134   (0.031) 0.005 0.004 0.005 0.006 0.002 0.017 0.118 0.003 0.017 0.004 0.006 0.096 
 132   (0.013) 0.002 0.001 0.002 0.024 0.001 0.002 0.008 0.001 0.003 0.002 0.003 0.003 

Locus 8 : 
19 alleles
0.0% missing data
 184   (0.294) 0.525 0.522 0.170 0.316 0.475 0.425 0.486 0.261 0.367 0.509 0.419 0.524 
 194   (0.047) 0.033 0.018 0.016 0.017 0.009 0.031 0.113 0.013 0.037 0.030 0.032 0.006 
 178   (0.103) 0.027 0.185 0.181 0.062 0.026 0.048 0.085 0.293 0.052 0.238 0.091 0.056 
 176   (0.084) 0.047 0.010 0.057 0.234 0.109 0.073 0.065 0.010 0.083 0.035 0.091 0.157 
 182   (0.077) 0.020 0.008 0.172 0.217 0.013 0.128 0.037 0.040 0.121 0.023 0.065 0.102 
 190   (0.031) 0.005 0.075 0.011 0.053 0.002 0.006 0.005 0.019 0.006 0.006 0.006 0.056 
 196   (0.024) 0.003 0.002 0.005 0.002 0.009 0.013 0.006 0.066 0.019 0.014 0.004 0.003 
 200   (0.024) 0.027 0.003 0.011 0.008 0.002 0.057 0.004 0.002 0.038 0.014 0.008 0.003 
 180   (0.023) 0.132 0.072 0.005 0.002 0.002 0.004 0.003 0.003 0.004 0.011 0.004 0.003 
 188   (0.040) 0.009 0.009 0.006 0.003 0.079 0.011 0.046 0.058 0.019 0.030 0.021 0.010 
 174   (0.038) 0.038 0.022 0.012 0.042 0.003 0.015 0.063 0.004 0.017 0.019 0.067 0.010 
 186   (0.121) 0.059 0.043 0.321 0.037 0.244 0.159 0.058 0.130 0.200 0.054 0.171 0.037 
 192   (0.023) 0.015 0.012 0.003 0.002 0.006 0.008 0.004 0.090 0.008 0.008 0.008 0.004 
 201   (0.012) 0.010 0.012 0.002 0.001 0.001 0.003 0.002 0.001 0.003 0.002 0.002 0.001 
 199   (0.018) 0.034 0.002 0.020 0.001 0.002 0.011 0.002 0.002 0.012 0.002 0.003 0.003 
 185   (0.010) 0.002 0.001 0.001 0.001 0.015 0.002 0.002 0.001 0.004 0.001 0.002 0.001 
 203   (0.010) 0.001 0.001 0.001 0.001 0.001 0.002 0.016 0.001 0.002 0.001 0.002 0.003 
 198   (0.011) 0.001 0.001 0.002 0.001 0.001 0.003 0.002 0.001 0.005 0.001 0.002 0.018 
 209   (0.010) 0.012 0.001 0.004 0.001 0.001 0.002 0.001 0.005 0.002 0.002 0.002 0.003 

Locus 9 : 
6 alleles
0.4% missing data
 154   (0.686) 0.660 0.823 0.851 0.611 0.841 0.714 0.662 0.808 0.757 0.700 0.742 0.703 
 156   (0.204) 0.324 0.167 0.130 0.375 0.031 0.218 0.265 0.116 0.177 0.179 0.180 0.283 
 152   (0.057) 0.008 0.005 0.011 0.005 0.111 0.028 0.046 0.071 0.032 0.084 0.036 0.008 
 153   (0.013) 0.002 0.002 0.003 0.001 0.014 0.009 0.002 0.002 0.011 0.003 0.002 0.001 
 160   (0.014) 0.002 0.001 0.002 0.001 0.001 0.026 0.002 0.001 0.018 0.002 0.002 0.001 
 164   (0.026) 0.004 0.002 0.003 0.007 0.002 0.005 0.024 0.003 0.006 0.032 0.038 0.003 

Locus 10 : 
29 alleles
0.7% missing data
 305   (0.066) 0.009 0.223 0.250 0.009 0.007 0.060 0.012 0.008 0.069 0.109 0.027 0.010 
 313   (0.049) 0.010 0.005 0.080 0.006 0.004 0.031 0.008 0.009 0.043 0.131 0.076 0.006 
 311   (0.016) 0.004 0.002 0.002 0.002 0.001 0.004 0.002 0.003 0.004 0.018 0.009 0.002 
 299   (0.114) 0.013 0.036 0.023 0.023 0.158 0.317 0.027 0.146 0.203 0.289 0.090 0.164 
 315   (0.081) 0.014 0.084 0.016 0.097 0.006 0.119 0.018 0.020 0.124 0.080 0.094 0.011 
 287   (0.019) 0.838 0.002 0.004 0.002 0.002 0.005 0.003 0.002 0.005 0.005 0.008 0.003 
 291   (0.110) 0.014 0.066 0.039 0.019 0.011 0.053 0.452 0.479 0.071 0.131 0.063 0.310 
 295   (0.023) 0.002 0.003 0.003 0.002 0.002 0.006 0.088 0.002 0.008 0.008 0.209 0.003 
 289   (0.018) 0.002 0.003 0.002 0.001 0.001 0.009 0.002 0.002 0.006 0.003 0.004 0.258 
 303   (0.033) 0.004 0.025 0.005 0.580 0.663 0.008 0.006 0.003 0.019 0.006 0.008 0.005 
 297   (0.047) 0.005 0.006 0.165 0.080 0.006 0.013 0.141 0.030 0.014 0.011 0.034 0.019 
 293   (0.015) 0.002 0.002 0.002 0.001 0.001 0.009 0.003 0.001 0.004 0.060 0.086 0.024 
 301   (0.060) 0.007 0.170 0.008 0.006 0.008 0.056 0.074 0.007 0.087 0.058 0.036 0.016 
 285   (0.028) 0.003 0.266 0.274 0.002 0.002 0.015 0.004 0.002 0.011 0.004 0.005 0.004 
 307   (0.055) 0.008 0.033 0.007 0.152 0.004 0.116 0.054 0.105 0.079 0.009 0.044 0.007 
 312   (0.051) 0.007 0.052 0.009 0.004 0.014 0.054 0.033 0.104 0.069 0.009 0.126 0.009 
 306   (0.026) 0.004 0.004 0.003 0.002 0.002 0.040 0.014 0.011 0.059 0.008 0.013 0.003 
 320   (0.013) 0.001 0.001 0.001 0.001 0.001 0.014 0.002 0.001 0.021 0.002 0.002 0.001 
 317   (0.020) 0.002 0.002 0.003 0.001 0.093 0.005 0.003 0.002 0.018 0.018 0.006 0.002 
 314   (0.027) 0.031 0.003 0.003 0.002 0.002 0.010 0.004 0.002 0.014 0.021 0.027 0.003 
 323   (0.012) 0.005 0.001 0.001 0.001 0.001 0.007 0.002 0.001 0.008 0.002 0.003 0.002 
 325   (0.012) 0.005 0.001 0.001 0.001 0.001 0.007 0.002 0.001 0.008 0.002 0.003 0.002 
 310   (0.016) 0.002 0.002 0.002 0.001 0.001 0.006 0.003 0.047 0.007 0.002 0.012 0.002 
 309   (0.014) 0.002 0.002 0.002 0.001 0.001 0.003 0.034 0.001 0.004 0.002 0.003 0.003 
 316   (0.019) 0.002 0.002 0.004 0.001 0.003 0.019 0.002 0.004 0.027 0.005 0.003 0.003 
 296   (0.014) 0.002 0.001 0.002 0.001 0.004 0.007 0.002 0.001 0.009 0.002 0.004 0.002 
 304   (0.014) 0.001 0.001 0.085 0.001 0.001 0.003 0.002 0.001 0.003 0.002 0.002 0.004 
 321   (0.015) 0.001 0.002 0.003 0.001 0.001 0.002 0.002 0.001 0.003 0.002 0.002 0.060 
 332   (0.013) 0.001 0.001 0.001 0.001 0.001 0.002 0.002 0.001 0.002 0.002 0.002 0.062 

Locus 11 : 
19 alleles
0.0% missing data
 114   (0.154) 0.042 0.295 0.024 0.204 0.042 0.156 0.282 0.023 0.151 0.232 0.228 0.026 
 126   (0.021) 0.003 0.020 0.002 0.004 0.002 0.003 0.004 0.002 0.004 0.059 0.016 0.002 
 111   (0.088) 0.019 0.008 0.561 0.006 0.312 0.023 0.013 0.546 0.021 0.302 0.028 0.596 
 116   (0.111) 0.123 0.017 0.078 0.278 0.009 0.107 0.145 0.031 0.080 0.096 0.114 0.034 
 132   (0.013) 0.002 0.001 0.002 0.001 0.001 0.003 0.002 0.001 0.003 0.011 0.005 0.001 
 109   (0.015) 0.002 0.001 0.002 0.001 0.001 0.002 0.003 0.002 0.002 0.062 0.003 0.002 
 128   (0.017) 0.002 0.002 0.002 0.001 0.001 0.005 0.017 0.005 0.006 0.011 0.003 0.002 
 112   (0.315) 0.453 0.601 0.065 0.476 0.164 0.589 0.433 0.045 0.598 0.169 0.491 0.068 
 122   (0.017) 0.003 0.007 0.002 0.005 0.014 0.004 0.005 0.002 0.004 0.003 0.008 0.004 
 124   (0.013) 0.002 0.018 0.002 0.002 0.002 0.002 0.002 0.001 0.002 0.002 0.002 0.001 
 118   (0.050) 0.079 0.013 0.008 0.010 0.014 0.024 0.046 0.005 0.020 0.013 0.030 0.208 
 127   (0.012) 0.002 0.001 0.001 0.001 0.001 0.007 0.001 0.001 0.011 0.002 0.002 0.001 
 113   (0.053) 0.035 0.004 0.196 0.003 0.425 0.019 0.009 0.240 0.035 0.007 0.013 0.020 
 115   (0.031) 0.215 0.003 0.009 0.003 0.003 0.010 0.009 0.006 0.012 0.013 0.025 0.005 
 120   (0.022) 0.003 0.002 0.003 0.001 0.002 0.004 0.020 0.074 0.006 0.003 0.007 0.003 
 117   (0.022) 0.004 0.003 0.009 0.002 0.003 0.017 0.004 0.007 0.016 0.004 0.004 0.013 
 125   (0.017) 0.003 0.001 0.002 0.001 0.003 0.019 0.002 0.002 0.023 0.003 0.009 0.003 
 119   (0.016) 0.002 0.001 0.032 0.001 0.001 0.003 0.003 0.003 0.004 0.002 0.003 0.009 
 136   (0.013) 0.008 0.001 0.001 0.001 0.001 0.002 0.002 0.001 0.002 0.007 0.007 0.001 

Locus 12 : 
28 alleles
0.7% missing data
 306   (0.059) 0.007 0.222 0.320 0.008 0.006 0.039 0.011 0.007 0.040 0.107 0.026 0.011 
 314   (0.060) 0.018 0.006 0.076 0.007 0.012 0.030 0.008 0.088 0.042 0.121 0.059 0.009 
 312   (0.012) 0.001 0.001 0.001 0.001 0.001 0.002 0.001 0.001 0.002 0.024 0.008 0.001 
 300   (0.127) 0.014 0.037 0.024 0.024 0.159 0.327 0.029 0.142 0.209 0.305 0.096 0.163 
 316   (0.049) 0.005 0.080 0.009 0.095 0.004 0.014 0.007 0.020 0.014 0.078 0.047 0.006 
 288   (0.018) 0.825 0.002 0.004 0.002 0.001 0.004 0.002 0.002 0.004 0.004 0.006 0.003 
 292   (0.119) 0.015 0.067 0.040 0.020 0.012 0.055 0.447 0.465 0.073 0.133 0.064 0.349 
 296   (0.024) 0.003 0.003 0.003 0.002 0.003 0.009 0.089 0.002 0.013 0.009 0.212 0.003 
 290   (0.014) 0.001 0.002 0.002 0.001 0.001 0.009 0.002 0.001 0.005 0.002 0.003 0.258 
 304   (0.034) 0.004 0.025 0.005 0.582 0.667 0.008 0.006 0.003 0.019 0.006 0.008 0.005 
 298   (0.050) 0.006 0.006 0.164 0.081 0.007 0.014 0.140 0.030 0.015 0.011 0.035 0.019 
 294   (0.017) 0.002 0.002 0.002 0.001 0.001 0.009 0.003 0.001 0.004 0.061 0.085 0.024 
 302   (0.063) 0.007 0.170 0.008 0.007 0.009 0.057 0.074 0.007 0.087 0.058 0.036 0.016 
 286   (0.029) 0.003 0.265 0.295 0.003 0.002 0.016 0.004 0.002 0.011 0.004 0.005 0.005 
 308   (0.032) 0.004 0.031 0.004 0.145 0.002 0.101 0.008 0.003 0.068 0.006 0.029 0.004 
 313   (0.040) 0.005 0.053 0.005 0.003 0.005 0.066 0.034 0.008 0.078 0.007 0.140 0.007 
 307   (0.048) 0.006 0.005 0.006 0.004 0.004 0.048 0.067 0.127 0.066 0.010 0.027 0.006 
 321   (0.014) 0.001 0.001 0.002 0.001 0.001 0.014 0.002 0.001 0.022 0.002 0.002 0.001 
 315   (0.056) 0.049 0.007 0.009 0.005 0.011 0.104 0.014 0.005 0.121 0.025 0.069 0.007 
 318   (0.019) 0.002 0.002 0.005 0.001 0.085 0.006 0.002 0.003 0.018 0.008 0.003 0.002 
 324   (0.013) 0.005 0.001 0.002 0.001 0.001 0.007 0.002 0.001 0.008 0.002 0.003 0.002 
 326   (0.013) 0.005 0.001 0.002 0.001 0.001 0.007 0.002 0.001 0.008 0.002 0.003 0.002 
 311   (0.018) 0.005 0.002 0.002 0.002 0.001 0.009 0.004 0.073 0.011 0.005 0.021 0.002 
 310   (0.013) 0.001 0.002 0.001 0.001 0.001 0.003 0.034 0.001 0.003 0.002 0.003 0.002 
 305   (0.017) 0.002 0.002 0.002 0.001 0.001 0.022 0.002 0.001 0.030 0.002 0.003 0.002 
 317   (0.015) 0.001 0.002 0.002 0.001 0.001 0.015 0.002 0.001 0.021 0.002 0.002 0.002 
 320   (0.013) 0.001 0.001 0.002 0.001 0.001 0.002 0.002 0.001 0.003 0.002 0.002 0.029 
 322   (0.015) 0.001 0.002 0.003 0.001 0.001 0.002 0.002 0.001 0.003 0.002 0.002 0.060 

Locus 13 : 
7 alleles
1.1% missing data
 161   (0.595) 0.455 0.059 0.308 0.888 0.503 0.491 0.858 0.410 0.525 0.666 0.676 0.922 
 163   (0.298) 0.528 0.028 0.490 0.024 0.465 0.489 0.109 0.578 0.451 0.275 0.236 0.065 
 160   (0.018) 0.003 0.451 0.002 0.001 0.001 0.003 0.002 0.002 0.003 0.002 0.006 0.002 
 162   (0.016) 0.002 0.456 0.002 0.001 0.002 0.003 0.002 0.001 0.003 0.002 0.004 0.002 
 165   (0.043) 0.009 0.004 0.194 0.003 0.027 0.009 0.024 0.006 0.011 0.049 0.064 0.005 
 166   (0.014) 0.002 0.001 0.002 0.002 0.001 0.003 0.003 0.001 0.004 0.003 0.011 0.002 
 164   (0.015) 0.002 0.001 0.002 0.081 0.001 0.002 0.002 0.001 0.003 0.002 0.002 0.002 

Locus 14 : 
4 alleles
0.4% missing data
  98   (0.957) 0.994 0.996 0.995 0.988 0.990 0.984 0.991 0.996 0.980 0.992 0.976 0.995 
 100   (0.013) 0.002 0.001 0.002 0.001 0.005 0.006 0.002 0.001 0.009 0.002 0.002 0.002 
  96   (0.016) 0.002 0.002 0.002 0.010 0.001 0.003 0.005 0.001 0.004 0.004 0.018 0.002 
 105   (0.013) 0.002 0.001 0.002 0.001 0.004 0.006 0.002 0.001 0.008 0.002 0.004 0.001 

Locus 15 : 
12 alleles
2.2% missing data
 171   (0.314) 0.481 0.219 0.163 0.163 0.295 0.336 0.175 0.356 0.371 0.347 0.341 0.559 
 177   (0.183) 0.248 0.368 0.072 0.052 0.071 0.169 0.339 0.077 0.160 0.273 0.143 0.219 
 173   (0.262) 0.122 0.081 0.673 0.058 0.511 0.238 0.259 0.516 0.261 0.271 0.401 0.127 
 179   (0.099) 0.118 0.314 0.050 0.591 0.108 0.180 0.046 0.011 0.114 0.054 0.056 0.025 
 183   (0.020) 0.007 0.002 0.013 0.008 0.006 0.005 0.003 0.002 0.005 0.035 0.006 0.002 
 181   (0.037) 0.005 0.004 0.007 0.122 0.003 0.040 0.009 0.031 0.058 0.007 0.010 0.006 
 197   (0.014) 0.002 0.001 0.002 0.001 0.001 0.002 0.100 0.001 0.003 0.002 0.004 0.002 
 170   (0.013) 0.003 0.001 0.002 0.001 0.001 0.009 0.003 0.001 0.008 0.002 0.021 0.002 
 189   (0.014) 0.002 0.006 0.013 0.001 0.001 0.010 0.004 0.001 0.011 0.003 0.003 0.002 
 203   (0.015) 0.002 0.001 0.002 0.001 0.001 0.002 0.058 0.001 0.003 0.002 0.005 0.002 
 187   (0.017) 0.011 0.002 0.002 0.001 0.001 0.006 0.002 0.001 0.005 0.004 0.009 0.027 
 198   (0.013) 0.002 0.001 0.002 0.001 0.001 0.002 0.002 0.001 0.002 0.002 0.002 0.029 

Values of parameters used in structure:
DATAFILE=STRUCTURE_main_final_278_HEG_ZG.str,	OUTFILE=STRUCTURE_main_final_278_HEG_ZG-K12-9,	NUMINDS=278,	NUMLOCI=15,	MISSING=-9,	LABEL=1,	POPDATA=1,	POPFLAG=0,	PHENOTYPE=0,	EXTRACOLS=0,	MAXPOPS=12,	BURNIN=100000,	NUMREPS=500000,	USEPOPINFO=0,	INFERALPHA=1,	INFERLAMBDA=0,	POPSPECIFICLAMBDA=0,	POPALPHAS=0,	COMPUTEPROB=1,	NOADMIX=0,	ADMBURNIN=2500,	UPDATEFREQ=1,	PRINTLIKES=0,	INTERMEDSAVE=0,	PRINTKLD=0,	PRINTNET=0,	PRINTLAMBDA=0,	ANCESTDIST=0,	NUMBOXES=1000,	ANCESTPINT=0.90000,	GENSBACK=2,	MIGRPRIOR=0.05000,	PRINTQHAT=0,	PRINTQSUM=0,	ALPHA=1.0000,	FREQSCORR=1,	FPRIORMEAN=0.0100,	FPRIORSD=0.0500,	ONEFST=0,	LAMBDA=1.0000,	UNIFPRIORALPHA=1,	ALPHAMAX=10.0000,	ALPHAPRIORA=1.0000,	ALPHAPRIORB=2.0000,	ALPHAPROPSD=0.0250,	STARTATPOPINFO=0,	RANDOMIZE=1,	LINKAGE=0,	METROFREQ=10,	REPORTHITRATE=0,	MARKOVPHASE=-1,	PHASED=0,	PLOIDY=2,	PHASEINFO=0	LOCPRIOR=0, 	LOCPRIORINIT=1.000000, 	LOCDATA=0, 	LOCISPOP=0, 	LOCPRIORSTEP=0.100000, 	MAXLOCPRIOR=20.000000, 	SEED=1782487179,	
[STRAT parameters]:    NUMSIMSTATS=1000,	PHENOTYPECOL=-9,	POOLFREQ=10,	LOCUSxONLY=0,	EMERROR=0.00100,	MISSINGPHENO=-9,	