

----------------------------------------------------
STRUCTURE by Pritchard, Stephens and Donnelly (2000)
     and Falush, Stephens and Pritchard (2003)
       Code by Pritchard, Falush and Hubisz
             Version 2.3.4 (Jul 2012)
----------------------------------------------------



Command line arguments:   structure -K 8 -i STRUCTURE_main_final_278_HEG_ZG.str -o STRUCTURE_main_final_278_HEG_ZG-K8-17 
Input File:    STRUCTURE_main_final_278_HEG_ZG.str

Run parameters:
   278 individuals
   15 loci
   8 populations assumed
   100000 Burn-in period
   500000 Reps


--------------------------------------------
Proportion of membership of each pre-defined
 population in each of the 8 clusters

Given    Inferred Clusters                                          Number of
 Pop       1      2      3      4      5      6      7      8      Individuals

  1:     0.044  0.687  0.072  0.012  0.067  0.058  0.013  0.048       24
  2:     0.054  0.024  0.054  0.020  0.022  0.021  0.766  0.039       24
  3:     0.289  0.019  0.012  0.518  0.064  0.058  0.011  0.029       24
  4:     0.100  0.068  0.060  0.075  0.051  0.065  0.026  0.554       24
  5:     0.206  0.034  0.054  0.206  0.021  0.175  0.027  0.276       24
  6:     0.033  0.453  0.234  0.052  0.022  0.052  0.031  0.124       24
  7:     0.035  0.064  0.755  0.014  0.014  0.017  0.033  0.067       24
  8:     0.107  0.037  0.013  0.675  0.052  0.025  0.016  0.076       14
  9:     0.043  0.049  0.007  0.048  0.123  0.684  0.015  0.031       24
 10:     0.064  0.013  0.039  0.039  0.734  0.090  0.009  0.013       24
 11:     0.093  0.022  0.016  0.027  0.598  0.198  0.011  0.035       24
 12:     0.125  0.249  0.124  0.103  0.077  0.020  0.022  0.281       24
--------------------------------------------

Allele-freq. divergence among pops (Net nucleotide distance),
computed using point estimates of P.

      1       2       3       4       5       6       7       8      
 1      -    0.0510  0.0838  0.0339  0.0643  0.0465  0.0758  0.0436  
 2   0.0510     -    0.0659  0.0412  0.0578  0.0322  0.0651  0.0318  
 3   0.0838  0.0659     -    0.0793  0.1106  0.0874  0.0942  0.0610  
 4   0.0339  0.0412  0.0793     -    0.0463  0.0359  0.0647  0.0352  
 5   0.0643  0.0578  0.1106  0.0463     -    0.0348  0.1040  0.0601  
 6   0.0465  0.0322  0.0874  0.0359  0.0348     -    0.0698  0.0444  
 7   0.0758  0.0651  0.0942  0.0647  0.1040  0.0698     -    0.0673  
 8   0.0436  0.0318  0.0610  0.0352  0.0601  0.0444  0.0673     -    

Average distances (expected heterozygosity) between individuals in same cluster:
cluster  1  : 0.6332 
cluster  2  : 0.6152 
cluster  3  : 0.5486 
cluster  4  : 0.6306 
cluster  5  : 0.6116 
cluster  6  : 0.6360 
cluster  7  : 0.6188 
cluster  8  : 0.6097 

--------------------------------------------
Estimated Ln Prob of Data   = -12489.5
Mean value of ln likelihood = -11886.4
Variance of ln likelihood   = 1206.2
Mean value of alpha         = 0.0484

Mean value of Fst_1         = 0.1151
Mean value of Fst_2         = 0.0901
Mean value of Fst_3         = 0.1932
Mean value of Fst_4         = 0.0620
Mean value of Fst_5         = 0.1597
Mean value of Fst_6         = 0.0957
Mean value of Fst_7         = 0.1752
Mean value of Fst_8         = 0.0888


Inferred ancestry of individuals:
        Label (%Miss) Pop:  Inferred clusters
  1 24.0601.E1    (0)    1 :  0.011 0.930 0.013 0.006 0.010 0.008 0.012 0.009 
  2 24.0602.E1    (0)    1 :  0.014 0.935 0.009 0.008 0.008 0.015 0.004 0.007 
  3 24.0603.E1    (0)    1 :  0.010 0.870 0.023 0.029 0.006 0.019 0.005 0.038 
  4 24.0604.E1    (0)    1 :  0.171 0.708 0.005 0.005 0.029 0.007 0.008 0.067 
  5 24.0605.E1    (0)    1 :  0.009 0.862 0.039 0.010 0.010 0.034 0.007 0.029 
  6 24.0606.E1    (0)    1 :  0.006 0.782 0.019 0.009 0.015 0.027 0.010 0.133 
  7 24.0607.E1    (0)    1 :  0.012 0.079 0.200 0.022 0.009 0.657 0.006 0.014 
  8 24.0608.E1    (0)    1 :  0.009 0.753 0.121 0.014 0.075 0.015 0.005 0.007 
  9 24.0609.E1    (0)    1 :  0.019 0.295 0.005 0.020 0.388 0.014 0.005 0.255 
 10 24.0610.E1    (0)    1 :  0.006 0.537 0.008 0.018 0.175 0.018 0.006 0.232 
 11 24.0611.E1    (0)    1 :  0.006 0.901 0.006 0.008 0.019 0.025 0.007 0.028 
 12 24.0612.E1    (0)    1 :  0.014 0.929 0.015 0.008 0.006 0.013 0.008 0.007 
 13 24.0613.E1    (0)    1 :  0.005 0.892 0.005 0.005 0.016 0.007 0.006 0.064 
 14 24.0614.E1    (0)    1 :  0.009 0.270 0.389 0.012 0.035 0.265 0.008 0.012 
 15 24.0615.E1    (0)    1 :  0.026 0.767 0.038 0.008 0.114 0.023 0.014 0.010 
 16 24.0616.E1    (0)    1 :  0.006 0.945 0.005 0.005 0.009 0.010 0.011 0.008 
 17 24.0617.E1    (0)    1 :  0.008 0.430 0.019 0.009 0.456 0.027 0.030 0.020 
 18 24.0618.E1    (0)    1 :  0.008 0.809 0.005 0.020 0.066 0.049 0.009 0.033 
 19 24.0619.E1    (0)    1 :  0.296 0.627 0.005 0.007 0.010 0.015 0.012 0.029 
 20 24.0620.E1   (20)    1 :  0.021 0.052 0.750 0.018 0.037 0.020 0.013 0.089 
 21 24.0621.E1    (0)    1 :  0.362 0.434 0.005 0.010 0.086 0.071 0.005 0.026 
 22 24.0622.E1    (0)    1 :  0.007 0.917 0.009 0.014 0.008 0.006 0.022 0.018 
 23 24.0623.E1    (0)    1 :  0.017 0.794 0.017 0.018 0.021 0.029 0.088 0.015 
 24 24.0624.E1    (0)    1 :  0.004 0.956 0.006 0.005 0.008 0.008 0.006 0.006 
 25 24.0625.E1    (0)    2 :  0.048 0.015 0.052 0.052 0.023 0.020 0.709 0.081 
 26 24.0626.E1    (0)    2 :  0.009 0.005 0.030 0.013 0.005 0.005 0.928 0.004 
 27 24.0627.E1    (0)    2 :  0.483 0.006 0.013 0.005 0.006 0.005 0.459 0.024 
 28 24.0628.E1    (0)    2 :  0.013 0.029 0.083 0.093 0.094 0.009 0.586 0.094 
 29 24.0629.E1    (0)    2 :  0.011 0.064 0.006 0.018 0.014 0.018 0.859 0.010 
 30 24.0630.E1    (0)    2 :  0.010 0.005 0.035 0.007 0.007 0.007 0.920 0.010 
 31 24.0631.E1    (0)    2 :  0.004 0.005 0.004 0.003 0.003 0.004 0.973 0.004 
 32 24.0632.E1    (0)    2 :  0.009 0.008 0.034 0.008 0.007 0.006 0.919 0.011 
 33 24.0633.E1    (0)    2 :  0.045 0.017 0.114 0.056 0.086 0.019 0.615 0.048 
 34 24.0634.E1    (0)    2 :  0.009 0.009 0.007 0.010 0.014 0.012 0.931 0.009 
 35 24.0635.E1    (0)    2 :  0.093 0.020 0.016 0.091 0.042 0.055 0.662 0.023 
 36 24.0636.E1   (33)    2 :  0.024 0.034 0.704 0.024 0.009 0.009 0.080 0.117 
 37 24.0637.E1    (0)    2 :  0.004 0.005 0.007 0.005 0.003 0.005 0.966 0.005 
 38 24.0638.E1    (0)    2 :  0.030 0.007 0.005 0.018 0.005 0.008 0.900 0.027 
 39 24.0639.E1    (0)    2 :  0.016 0.048 0.016 0.012 0.102 0.018 0.779 0.008 
 40 24.0640.E1    (0)    2 :  0.005 0.007 0.005 0.005 0.007 0.009 0.955 0.006 
 41 24.0641.E1    (0)    2 :  0.159 0.150 0.022 0.015 0.012 0.254 0.374 0.014 
 42 24.0642.E1    (0)    2 :  0.012 0.090 0.042 0.006 0.004 0.005 0.598 0.243 
 43 24.0643.E1    (0)    2 :  0.296 0.009 0.060 0.010 0.009 0.009 0.593 0.014 
 44 24.0644.E1    (0)    2 :  0.005 0.008 0.005 0.006 0.023 0.008 0.923 0.021 
 45 24.0645.E1    (0)    2 :  0.006 0.012 0.022 0.005 0.027 0.009 0.795 0.124 
 46 24.0646.E1    (0)    2 :  0.005 0.008 0.005 0.006 0.023 0.008 0.923 0.021 
 47 24.0647.E1    (0)    2 :  0.005 0.005 0.007 0.005 0.003 0.005 0.965 0.005 
 48 24.0648.E1    (0)    2 :  0.004 0.004 0.007 0.005 0.003 0.006 0.966 0.005 
 49 24.0649.E1    (0)    3 :  0.017 0.005 0.003 0.921 0.027 0.011 0.007 0.009 
 50 24.0650.E1    (0)    3 :  0.016 0.039 0.004 0.250 0.231 0.078 0.004 0.377 
 51 24.0651.E1    (0)    3 :  0.032 0.008 0.027 0.286 0.010 0.530 0.086 0.020 
 52 24.0652.E1    (0)    3 :  0.168 0.012 0.005 0.788 0.010 0.008 0.004 0.005 
 53 24.0653.E1    (0)    3 :  0.920 0.005 0.005 0.035 0.013 0.010 0.004 0.008 
 54 24.0654.E1    (0)    3 :  0.114 0.006 0.005 0.805 0.043 0.010 0.009 0.007 
 55 24.0655.E1    (0)    3 :  0.018 0.071 0.009 0.710 0.082 0.070 0.023 0.017 
 56 24.0656.E1    (0)    3 :  0.166 0.007 0.012 0.776 0.018 0.006 0.005 0.009 
 57 24.0657.E1    (0)    3 :  0.166 0.006 0.012 0.782 0.016 0.006 0.004 0.009 
 58 24.0658.E1    (0)    3 :  0.060 0.019 0.007 0.793 0.057 0.013 0.007 0.044 
 59 24.0659.E1    (0)    3 :  0.459 0.026 0.003 0.433 0.025 0.033 0.009 0.011 
 60 24.0660.E1    (6)    3 :  0.023 0.023 0.007 0.896 0.007 0.010 0.015 0.019 
 61 24.0661.E1    (0)    3 :  0.153 0.006 0.036 0.737 0.048 0.008 0.007 0.006 
 62 24.0662.E1    (0)    3 :  0.095 0.102 0.017 0.255 0.048 0.439 0.028 0.017 
 63 24.0663.E1    (0)    3 :  0.008 0.007 0.006 0.127 0.778 0.023 0.008 0.043 
 64 24.0664.E1    (0)    3 :  0.083 0.006 0.014 0.850 0.027 0.007 0.007 0.007 
 65 24.0665.E1    (0)    3 :  0.105 0.006 0.073 0.771 0.014 0.009 0.007 0.017 
 66 24.0666.E1    (0)    3 :  0.956 0.006 0.004 0.009 0.008 0.005 0.005 0.007 
 67 24.0667.E1    (0)    3 :  0.959 0.007 0.004 0.010 0.006 0.004 0.004 0.006 
 68 24.0668.E1    (0)    3 :  0.969 0.004 0.003 0.005 0.005 0.004 0.005 0.004 
 69 24.0669.E1    (0)    3 :  0.966 0.004 0.004 0.006 0.005 0.005 0.005 0.005 
 70 24.0670.E1    (0)    3 :  0.029 0.013 0.005 0.874 0.025 0.045 0.004 0.005 
 71 24.0671.E1    (0)    3 :  0.025 0.011 0.007 0.876 0.036 0.019 0.010 0.016 
 72 24.0672.E1    (0)    3 :  0.424 0.055 0.006 0.435 0.008 0.038 0.006 0.028 
 73 24.0673.E1    (6)    4 :  0.026 0.110 0.408 0.079 0.039 0.035 0.034 0.269 
 74 24.0674.E1    (0)    4 :  0.006 0.013 0.083 0.007 0.006 0.052 0.009 0.824 
 75 24.0675.E1    (0)    4 :  0.010 0.019 0.025 0.018 0.036 0.027 0.027 0.838 
 76 24.0676.E1    (0)    4 :  0.008 0.012 0.019 0.025 0.140 0.016 0.007 0.773 
 77 24.0677.E1    (0)    4 :  0.018 0.044 0.011 0.240 0.093 0.564 0.004 0.025 
 78 24.0678.E1    (0)    4 :  0.139 0.558 0.012 0.149 0.011 0.059 0.050 0.023 
 79 24.0679.E1    (0)    4 :  0.462 0.126 0.008 0.122 0.058 0.019 0.012 0.193 
 80 24.0680.E1    (0)    4 :  0.603 0.032 0.009 0.199 0.008 0.011 0.019 0.118 
 81 24.0681.E1    (0)    4 :  0.065 0.049 0.018 0.114 0.007 0.011 0.008 0.728 
 82 24.0682.E1    (0)    4 :  0.004 0.004 0.005 0.004 0.004 0.004 0.005 0.970 
 83 24.0683.E1    (0)    4 :  0.008 0.013 0.223 0.006 0.004 0.033 0.006 0.707 
 84 24.0684.E1    (0)    4 :  0.014 0.106 0.085 0.024 0.020 0.034 0.039 0.679 
 85 24.0685.E1    (0)    4 :  0.078 0.018 0.018 0.008 0.009 0.007 0.007 0.855 
 86 24.0686.E1    (0)    4 :  0.062 0.106 0.015 0.249 0.009 0.344 0.083 0.131 
 87 24.0687.E1    (0)    4 :  0.019 0.064 0.020 0.246 0.020 0.250 0.205 0.177 
 88 24.0688.E1    (0)    4 :  0.005 0.006 0.006 0.007 0.004 0.005 0.006 0.961 
 89 24.0689.E1    (0)    4 :  0.015 0.031 0.050 0.065 0.613 0.022 0.020 0.184 
 90 24.0690.E1    (0)    4 :  0.784 0.013 0.021 0.062 0.007 0.022 0.030 0.061 
 91 24.0691.E1    (0)    4 :  0.008 0.022 0.007 0.008 0.014 0.006 0.007 0.928 
 92 24.0692.E1    (0)    4 :  0.009 0.005 0.007 0.023 0.009 0.006 0.005 0.935 
 93 24.0693.E1    (0)    4 :  0.017 0.011 0.373 0.117 0.063 0.010 0.010 0.397 
 94 24.0694.E1    (0)    4 :  0.012 0.009 0.009 0.008 0.005 0.005 0.006 0.946 
 95 24.0695.E1    (0)    4 :  0.025 0.232 0.007 0.015 0.022 0.010 0.007 0.683 
 96 24.0696.E1    (0)    4 :  0.015 0.036 0.009 0.009 0.009 0.010 0.013 0.898 
 97 24.0697.E1    (0)    5 :  0.015 0.006 0.134 0.284 0.012 0.060 0.016 0.474 
 98 24.0698.E1    (0)    5 :  0.044 0.025 0.183 0.193 0.036 0.369 0.020 0.130 
 99 24.0699.E1    (0)    5 :  0.025 0.050 0.013 0.399 0.009 0.479 0.013 0.012 
100 24.0700.E1    (0)    5 :  0.372 0.008 0.009 0.403 0.009 0.025 0.007 0.167 
101 24.0701.E1    (0)    5 :  0.901 0.007 0.040 0.010 0.009 0.015 0.010 0.009 
102 24.0702.E1    (0)    5 :  0.606 0.013 0.031 0.236 0.008 0.012 0.016 0.079 
103 24.0703.E1    (0)    5 :  0.030 0.018 0.011 0.206 0.007 0.691 0.020 0.018 
104 24.0704.E1    (6)    5 :  0.013 0.021 0.014 0.160 0.007 0.746 0.012 0.028 
105 24.0705.E1    (0)    5 :  0.197 0.028 0.008 0.030 0.008 0.008 0.009 0.711 
106 24.0706.E1    (0)    5 :  0.458 0.008 0.012 0.352 0.015 0.008 0.009 0.138 
107 24.0707.E1    (0)    5 :  0.099 0.041 0.022 0.551 0.006 0.069 0.031 0.181 
108 24.0708.E1    (0)    5 :  0.030 0.045 0.022 0.025 0.096 0.552 0.182 0.048 
109 24.0709.E1    (0)    5 :  0.009 0.009 0.006 0.012 0.030 0.017 0.009 0.908 
110 24.0710.E1    (0)    5 :  0.057 0.040 0.030 0.115 0.016 0.521 0.009 0.214 
111 24.0711.E1    (0)    5 :  0.166 0.161 0.018 0.246 0.012 0.083 0.052 0.262 
112 24.0712.E1    (0)    5 :  0.860 0.015 0.017 0.025 0.006 0.020 0.027 0.030 
113 24.0713.E1    (0)    5 :  0.106 0.010 0.020 0.126 0.027 0.036 0.010 0.665 
114 24.0714.E1    (0)    5 :  0.261 0.090 0.011 0.325 0.027 0.206 0.020 0.060 
115 24.0715.E1    (0)    5 :  0.023 0.051 0.451 0.121 0.032 0.017 0.009 0.297 
116 24.0716.E1    (0)    5 :  0.390 0.114 0.022 0.188 0.063 0.157 0.041 0.024 
117 24.0717.E1    (0)    5 :  0.060 0.016 0.207 0.491 0.043 0.084 0.067 0.032 
118 24.0718.E1    (0)    5 :  0.183 0.018 0.011 0.323 0.007 0.009 0.034 0.415 
119 24.0719.E1    (0)    5 :  0.016 0.006 0.006 0.016 0.019 0.012 0.015 0.909 
120 24.0720.E1    (0)    5 :  0.015 0.014 0.006 0.107 0.010 0.010 0.015 0.823 
121 24.0721.E1    (0)    6 :  0.040 0.011 0.510 0.080 0.058 0.030 0.016 0.254 
122 24.0722.E1    (0)    6 :  0.035 0.021 0.508 0.031 0.012 0.143 0.113 0.137 
123 24.0723.E1    (0)    6 :  0.012 0.030 0.315 0.040 0.150 0.205 0.230 0.018 
124 24.0724.E1    (0)    6 :  0.019 0.098 0.096 0.021 0.030 0.467 0.043 0.227 
125 24.0725.E1    (0)    6 :  0.009 0.934 0.007 0.020 0.006 0.006 0.007 0.010 
126 24.0726.E1    (6)    6 :  0.011 0.648 0.092 0.029 0.007 0.012 0.009 0.193 
127 24.0727.E1    (0)    6 :  0.095 0.252 0.507 0.031 0.018 0.047 0.022 0.028 
128 24.0728.E1    (0)    6 :  0.011 0.484 0.206 0.184 0.025 0.029 0.031 0.031 
129 24.0729.E1    (0)    6 :  0.030 0.638 0.050 0.014 0.015 0.013 0.015 0.226 
130 24.0730.E1    (0)    6 :  0.017 0.169 0.082 0.493 0.044 0.064 0.016 0.115 
131 24.0731.E1    (0)    6 :  0.006 0.287 0.056 0.010 0.009 0.007 0.014 0.610 
132 24.0732.E1    (0)    6 :  0.023 0.056 0.695 0.037 0.004 0.006 0.013 0.167 
133 24.0733.E1    (0)    6 :  0.004 0.952 0.017 0.005 0.005 0.004 0.007 0.007 
134 24.0734.E1    (0)    6 :  0.018 0.040 0.836 0.035 0.009 0.026 0.016 0.020 
135 24.0735.E1    (0)    6 :  0.017 0.631 0.201 0.034 0.027 0.011 0.058 0.022 
136 24.0736.E1    (0)    6 :  0.006 0.917 0.042 0.007 0.006 0.007 0.008 0.008 
137 24.0737.E1    (0)    6 :  0.011 0.885 0.008 0.023 0.009 0.021 0.026 0.016 
138 24.0738.E1    (0)    6 :  0.010 0.912 0.027 0.014 0.005 0.010 0.011 0.010 
139 24.0739.E1    (0)    6 :  0.007 0.920 0.006 0.029 0.006 0.007 0.016 0.010 
140 24.0740.E1    (0)    6 :  0.011 0.692 0.011 0.019 0.015 0.010 0.019 0.223 
141 24.0741.E1    (0)    6 :  0.007 0.370 0.353 0.045 0.010 0.009 0.018 0.187 
142 24.0742.E1    (0)    6 :  0.010 0.141 0.778 0.010 0.007 0.018 0.010 0.026 
143 24.0743.E1    (0)    6 :  0.015 0.493 0.066 0.011 0.016 0.078 0.005 0.315 
144 24.0744.E1    (0)    6 :  0.355 0.296 0.135 0.020 0.034 0.017 0.017 0.126 
145 24.0745.E1    (0)    7 :  0.032 0.005 0.904 0.011 0.010 0.010 0.005 0.024 
146 24.0746.E1    (0)    7 :  0.013 0.045 0.626 0.024 0.011 0.154 0.060 0.068 
147 24.0747.E1    (0)    7 :  0.013 0.037 0.668 0.017 0.035 0.006 0.012 0.212 
148 24.0748.E1    (6)    7 :  0.016 0.044 0.577 0.017 0.051 0.007 0.011 0.277 
149 24.0749.E1    (0)    7 :  0.008 0.229 0.723 0.008 0.006 0.009 0.007 0.010 
150 24.0750.E1    (0)    7 :  0.113 0.189 0.261 0.035 0.024 0.030 0.013 0.335 
151 24.0751.E1    (0)    7 :  0.005 0.007 0.963 0.004 0.004 0.005 0.007 0.005 
152 24.0752.E1    (0)    7 :  0.005 0.053 0.896 0.008 0.011 0.010 0.007 0.010 
153 24.0753.E1    (0)    7 :  0.010 0.225 0.511 0.009 0.007 0.011 0.213 0.014 
154 24.0754.E1    (0)    7 :  0.009 0.024 0.910 0.009 0.006 0.005 0.017 0.020 
155 24.0755.E1    (0)    7 :  0.010 0.018 0.739 0.021 0.032 0.013 0.027 0.140 
156 24.0756.E1    (0)    7 :  0.007 0.012 0.944 0.005 0.009 0.009 0.009 0.006 
157 24.0757.E1    (0)    7 :  0.004 0.003 0.975 0.003 0.003 0.003 0.004 0.004 
158 24.0758.E1    (0)    7 :  0.004 0.004 0.974 0.003 0.003 0.003 0.004 0.005 
159 24.0759.E1    (0)    7 :  0.009 0.017 0.939 0.008 0.006 0.006 0.006 0.007 
160 24.0760.E1    (0)    7 :  0.012 0.010 0.584 0.028 0.006 0.011 0.322 0.027 
161 24.0761.E1    (0)    7 :  0.004 0.006 0.962 0.005 0.005 0.005 0.010 0.005 
162 24.0762.E1    (0)    7 :  0.530 0.230 0.056 0.077 0.034 0.020 0.009 0.044 
163 24.0763.E1    (0)    7 :  0.004 0.007 0.959 0.005 0.004 0.004 0.004 0.012 
164 24.0764.E1    (0)    7 :  0.005 0.011 0.956 0.006 0.004 0.004 0.008 0.005 
165 24.0765.E1    (0)    7 :  0.007 0.007 0.911 0.007 0.009 0.017 0.025 0.016 
166 24.0766.E1    (0)    7 :  0.006 0.009 0.954 0.006 0.005 0.005 0.007 0.008 
167 24.0767.E1    (0)    7 :  0.003 0.004 0.971 0.004 0.004 0.004 0.004 0.006 
168 24.0768.E1    (0)    7 :  0.016 0.351 0.146 0.018 0.048 0.058 0.006 0.358 
169 24.0779.E1    (0)    8 :  0.012 0.017 0.054 0.762 0.008 0.070 0.006 0.071 
170 24.0780.E1    (6)    8 :  0.022 0.008 0.004 0.742 0.144 0.012 0.007 0.061 
171 24.0781.E1    (0)    8 :  0.040 0.004 0.006 0.887 0.007 0.007 0.006 0.042 
172 24.0782.E1    (0)    8 :  0.015 0.242 0.030 0.140 0.043 0.073 0.048 0.409 
173 24.0783.E1    (0)    8 :  0.544 0.009 0.006 0.133 0.211 0.010 0.013 0.074 
174 24.0784.E1    (0)    8 :  0.005 0.009 0.004 0.892 0.020 0.021 0.006 0.043 
175 24.0785.E1    (0)    8 :  0.023 0.007 0.004 0.870 0.042 0.037 0.004 0.013 
176 24.0786.E1    (0)    8 :  0.030 0.031 0.011 0.597 0.121 0.011 0.011 0.187 
177 24.0787.E1    (0)    8 :  0.019 0.016 0.020 0.835 0.010 0.016 0.060 0.025 
178 24.0788.E1    (0)    8 :  0.021 0.005 0.006 0.873 0.042 0.007 0.015 0.031 
179 24.0789.E1    (0)    8 :  0.007 0.051 0.007 0.807 0.036 0.055 0.026 0.011 
180 24.0790.E1    (0)    8 :  0.017 0.004 0.004 0.944 0.009 0.010 0.006 0.006 
181 24.0791.E1    (0)    8 :  0.661 0.107 0.007 0.162 0.009 0.011 0.005 0.037 
182 24.0792.E1    (0)    8 :  0.080 0.010 0.018 0.799 0.021 0.009 0.005 0.057 
183 24.0793.E1    (0)    9 :  0.007 0.022 0.007 0.026 0.052 0.853 0.025 0.008 
184 24.0794.E1    (0)    9 :  0.021 0.636 0.007 0.207 0.032 0.085 0.006 0.006 
185 24.0795.E1    (0)    9 :  0.008 0.133 0.007 0.010 0.015 0.784 0.023 0.019 
186 24.0796.E1    (0)    9 :  0.017 0.110 0.005 0.349 0.330 0.172 0.008 0.008 
187 24.0797.E1    (0)    9 :  0.008 0.012 0.003 0.054 0.087 0.820 0.008 0.007 
188 24.0798.E1    (0)    9 :  0.381 0.009 0.018 0.017 0.022 0.503 0.026 0.023 
189 24.0799.E1    (0)    9 :  0.015 0.024 0.007 0.011 0.040 0.884 0.008 0.010 
190 24.0800.E1    (0)    9 :  0.025 0.022 0.011 0.017 0.674 0.197 0.007 0.048 
191 24.0801.E1    (0)    9 :  0.390 0.006 0.006 0.011 0.011 0.548 0.008 0.020 
192 24.0802.E1    (0)    9 :  0.012 0.007 0.004 0.009 0.012 0.934 0.014 0.009 
193 24.0803.E1    (0)    9 :  0.014 0.008 0.005 0.006 0.008 0.946 0.007 0.006 
194 24.0804.E1    (0)    9 :  0.004 0.011 0.004 0.009 0.194 0.743 0.026 0.009 
195 24.0805.E1    (0)    9 :  0.010 0.008 0.007 0.015 0.011 0.902 0.005 0.041 
196 24.0806.E1    (0)    9 :  0.006 0.007 0.005 0.007 0.007 0.938 0.026 0.006 
197 24.0807.E1    (0)    9 :  0.010 0.007 0.004 0.019 0.021 0.920 0.008 0.011 
198 24.0808.E1    (0)    9 :  0.012 0.015 0.006 0.171 0.271 0.310 0.017 0.199 
199 24.0809.E1    (0)    9 :  0.023 0.033 0.015 0.014 0.275 0.533 0.007 0.100 
200 24.0810.E1    (0)    9 :  0.007 0.007 0.007 0.009 0.014 0.924 0.015 0.017 
201 24.0811.E1    (0)    9 :  0.006 0.029 0.005 0.033 0.077 0.827 0.013 0.009 
202 24.0812.E1    (0)    9 :  0.010 0.050 0.006 0.053 0.232 0.588 0.008 0.053 
203 24.0813.E1    (0)    9 :  0.006 0.008 0.006 0.060 0.034 0.783 0.014 0.089 
204 24.0814.E1    (6)    9 :  0.008 0.009 0.005 0.019 0.486 0.395 0.054 0.025 
205 24.0815.E1    (0)    9 :  0.019 0.005 0.008 0.008 0.030 0.897 0.023 0.011 
206 24.0816.E1    (0)    9 :  0.010 0.006 0.004 0.013 0.017 0.935 0.011 0.004 
207 24.0817.E1    (0)   10 :  0.007 0.016 0.006 0.013 0.912 0.032 0.005 0.009 
208 24.0818.E1    (0)   10 :  0.017 0.045 0.013 0.053 0.798 0.048 0.017 0.009 
209 24.0819.E1    (0)   10 :  0.112 0.013 0.248 0.026 0.091 0.468 0.023 0.017 
210 24.0820.E1    (0)   10 :  0.023 0.006 0.304 0.013 0.630 0.009 0.009 0.005 
211 24.0821.E1    (0)   10 :  0.297 0.015 0.006 0.390 0.213 0.053 0.010 0.015 
212 24.0822.E1    (0)   10 :  0.006 0.006 0.020 0.029 0.921 0.006 0.004 0.008 
213 24.0823.E1    (0)   10 :  0.015 0.007 0.050 0.009 0.894 0.007 0.011 0.007 
214 24.0824.E1    (0)   10 :  0.424 0.008 0.009 0.007 0.496 0.013 0.007 0.036 
215 24.0825.E1    (0)   10 :  0.005 0.005 0.006 0.005 0.959 0.005 0.005 0.011 
216 24.0826.E1    (0)   10 :  0.042 0.006 0.151 0.055 0.710 0.016 0.011 0.010 
217 24.0827.E1    (0)   10 :  0.008 0.040 0.004 0.016 0.892 0.020 0.008 0.013 
218 24.0828.E1    (0)   10 :  0.057 0.013 0.031 0.095 0.700 0.065 0.013 0.026 
219 24.0829.E1    (0)   10 :  0.010 0.006 0.014 0.015 0.601 0.335 0.006 0.013 
220 24.0830.E1    (0)   10 :  0.120 0.007 0.004 0.039 0.803 0.013 0.005 0.009 
221 24.0831.E1    (0)   10 :  0.257 0.005 0.004 0.051 0.651 0.016 0.005 0.010 
222 24.0832.E1    (0)   10 :  0.004 0.011 0.004 0.007 0.956 0.006 0.004 0.009 
223 24.0833.E1    (0)   10 :  0.004 0.004 0.004 0.005 0.968 0.004 0.004 0.008 
224 24.0834.E1    (0)   10 :  0.006 0.007 0.007 0.007 0.953 0.006 0.006 0.008 
225 24.0835.E1    (0)   10 :  0.008 0.012 0.004 0.007 0.943 0.011 0.006 0.008 
226 24.0836.E1    (0)   10 :  0.015 0.013 0.011 0.010 0.908 0.013 0.005 0.024 
227 24.0837.E1    (0)   10 :  0.008 0.007 0.006 0.012 0.944 0.008 0.005 0.009 
228 24.0838.E1    (0)   10 :  0.005 0.004 0.008 0.009 0.945 0.007 0.004 0.017 
229 24.0839.E1    (0)   10 :  0.069 0.044 0.023 0.055 0.192 0.568 0.028 0.020 
230 24.0840.E1    (0)   10 :  0.008 0.008 0.004 0.012 0.526 0.423 0.012 0.006 
231 24.0841.E1    (0)   11 :  0.006 0.007 0.009 0.019 0.050 0.892 0.004 0.013 
232 24.0842.E1    (0)   11 :  0.141 0.008 0.006 0.011 0.041 0.783 0.003 0.007 
233 24.0843.E1    (0)   11 :  0.238 0.005 0.027 0.031 0.542 0.146 0.005 0.007 
234 24.0844.E1    (0)   11 :  0.419 0.033 0.007 0.018 0.310 0.195 0.005 0.012 
235 24.0845.E1    (0)   11 :  0.046 0.009 0.005 0.053 0.823 0.032 0.006 0.026 
236 24.0846.E1    (0)   11 :  0.014 0.014 0.011 0.009 0.891 0.034 0.013 0.014 
237 24.0847.E1    (0)   11 :  0.018 0.048 0.014 0.011 0.788 0.027 0.007 0.086 
238 24.0848.E1    (0)   11 :  0.035 0.017 0.004 0.027 0.779 0.085 0.005 0.047 
239 24.0849.E1    (0)   11 :  0.006 0.006 0.007 0.007 0.957 0.008 0.004 0.005 
240 24.0850.E1    (0)   11 :  0.006 0.006 0.007 0.007 0.957 0.008 0.004 0.005 
241 24.0851.E1    (0)   11 :  0.006 0.006 0.007 0.007 0.956 0.008 0.004 0.005 
242 24.0852.E1    (0)   11 :  0.025 0.007 0.041 0.123 0.754 0.031 0.005 0.013 
243 24.0853.E1    (0)   11 :  0.006 0.005 0.009 0.007 0.954 0.009 0.006 0.006 
244 24.0854.E1    (0)   11 :  0.852 0.012 0.008 0.029 0.056 0.028 0.007 0.009 
245 24.0855.E1    (0)   11 :  0.007 0.006 0.019 0.009 0.795 0.140 0.005 0.018 
246 24.0856.E1    (0)   11 :  0.299 0.078 0.035 0.040 0.050 0.396 0.090 0.012 
247 24.0857.E1    (0)   11 :  0.012 0.016 0.010 0.010 0.857 0.063 0.010 0.021 
248 24.0858.E1    (0)   11 :  0.017 0.012 0.015 0.036 0.852 0.048 0.005 0.015 
249 24.0859.E1    (0)   11 :  0.014 0.010 0.069 0.016 0.804 0.061 0.015 0.010 
250 24.0860.E1    (0)   11 :  0.017 0.016 0.029 0.022 0.055 0.831 0.023 0.008 
251 24.0861.E1    (0)   11 :  0.006 0.006 0.009 0.010 0.942 0.017 0.004 0.006 
252 24.0862.E1    (0)   11 :  0.009 0.024 0.008 0.016 0.037 0.879 0.018 0.010 
253 24.0863.E1    (0)   11 :  0.006 0.006 0.009 0.010 0.943 0.017 0.004 0.005 
254 24.0864.E1    (0)   11 :  0.030 0.178 0.007 0.110 0.156 0.022 0.007 0.489 
255 24.0865.E1    (0)   12 :  0.047 0.020 0.250 0.327 0.233 0.013 0.018 0.092 
256 24.0866.E1    (0)   12 :  0.031 0.041 0.043 0.107 0.338 0.128 0.007 0.305 
257 24.0867.E1    (0)   12 :  0.026 0.015 0.176 0.020 0.195 0.016 0.048 0.504 
258 24.0868.E1    (0)   12 :  0.022 0.011 0.019 0.244 0.037 0.021 0.025 0.621 
259 24.0869.E1    (0)   12 :  0.014 0.007 0.005 0.025 0.040 0.014 0.044 0.851 
260 24.0870.E1    (0)   12 :  0.031 0.106 0.025 0.193 0.042 0.029 0.117 0.458 
261 24.0871.E1    (0)   12 :  0.087 0.122 0.009 0.127 0.030 0.056 0.068 0.502 
262 24.0872.E1    (0)   12 :  0.239 0.013 0.237 0.166 0.060 0.025 0.015 0.245 
263 24.0873.E1    (0)   12 :  0.019 0.011 0.013 0.041 0.032 0.020 0.014 0.850 
264 24.0874.E1    (0)   12 :  0.038 0.010 0.231 0.029 0.391 0.036 0.011 0.254 
265 24.0875.E1    (0)   12 :  0.701 0.042 0.011 0.053 0.012 0.009 0.009 0.162 
266 24.0876.E1    (0)   12 :  0.584 0.123 0.024 0.024 0.006 0.007 0.008 0.224 
267 24.0877.E1    (0)   12 :  0.015 0.843 0.070 0.016 0.005 0.012 0.007 0.032 
268 24.0878.E1    (0)   12 :  0.012 0.610 0.016 0.022 0.028 0.010 0.010 0.292 
269 24.0879.E1    (0)   12 :  0.279 0.653 0.006 0.015 0.006 0.007 0.013 0.020 
270 24.0880.E1    (0)   12 :  0.038 0.030 0.012 0.083 0.320 0.010 0.016 0.491 
271 24.0881.E1    (0)   12 :  0.006 0.948 0.010 0.006 0.005 0.005 0.011 0.009 
272 24.0882.E1    (0)   12 :  0.011 0.267 0.661 0.014 0.010 0.009 0.009 0.018 
273 24.0883.E1    (0)   12 :  0.360 0.225 0.223 0.015 0.016 0.006 0.018 0.137 
274 24.0884.E1    (0)   12 :  0.025 0.849 0.053 0.011 0.006 0.010 0.008 0.038 
275 24.0885.E1    (0)   12 :  0.075 0.571 0.007 0.034 0.010 0.007 0.016 0.281 
276 24.0886.E1    (0)   12 :  0.054 0.401 0.191 0.021 0.010 0.013 0.006 0.305 
277 24.0887.E1    (0)   12 :  0.234 0.037 0.677 0.006 0.005 0.006 0.013 0.023 
278 24.0888.E1    (0)   12 :  0.048 0.018 0.005 0.863 0.006 0.024 0.008 0.026 


Estimated Allele Frequencies in each cluster
First column gives estimated ancestral frequencies


Locus 1 : 
31 alleles
0.0% missing data
 115   (0.035) 0.028 0.125 0.009 0.009 0.003 0.014 0.004 0.117 
 117   (0.044) 0.024 0.187 0.189 0.009 0.003 0.062 0.005 0.036 
 119   (0.039) 0.007 0.261 0.309 0.008 0.003 0.006 0.269 0.018 
 131   (0.016) 0.003 0.048 0.004 0.004 0.001 0.002 0.002 0.004 
 128   (0.038) 0.048 0.036 0.004 0.027 0.013 0.014 0.004 0.032 
 135   (0.018) 0.004 0.045 0.008 0.004 0.001 0.005 0.002 0.014 
 126   (0.078) 0.072 0.084 0.080 0.073 0.207 0.044 0.013 0.056 
 122   (0.031) 0.009 0.014 0.002 0.016 0.002 0.112 0.092 0.009 
 132   (0.033) 0.022 0.005 0.017 0.025 0.024 0.028 0.004 0.016 
 141   (0.010) 0.002 0.009 0.001 0.002 0.001 0.002 0.003 0.002 
 130   (0.050) 0.088 0.007 0.014 0.063 0.017 0.020 0.017 0.108 
 134   (0.040) 0.006 0.005 0.003 0.030 0.045 0.027 0.125 0.028 
 145   (0.024) 0.032 0.003 0.009 0.047 0.002 0.003 0.019 0.005 
 127   (0.028) 0.007 0.029 0.144 0.006 0.002 0.004 0.063 0.006 
 116   (0.108) 0.127 0.017 0.017 0.285 0.165 0.146 0.168 0.186 
 114   (0.054) 0.027 0.007 0.007 0.039 0.167 0.131 0.065 0.032 
 120   (0.036) 0.094 0.009 0.003 0.064 0.002 0.006 0.083 0.013 
 110   (0.046) 0.057 0.011 0.025 0.020 0.069 0.023 0.021 0.057 
 133   (0.014) 0.005 0.003 0.013 0.003 0.001 0.006 0.009 0.002 
 118   (0.100) 0.282 0.014 0.023 0.203 0.195 0.308 0.012 0.192 
 125   (0.014) 0.004 0.003 0.001 0.006 0.010 0.008 0.002 0.002 
 129   (0.020) 0.020 0.041 0.007 0.008 0.001 0.003 0.002 0.006 
 124   (0.017) 0.017 0.010 0.002 0.016 0.001 0.003 0.002 0.003 
 136   (0.021) 0.003 0.003 0.001 0.006 0.048 0.004 0.003 0.041 
 121   (0.014) 0.002 0.006 0.065 0.003 0.001 0.002 0.001 0.003 
 139   (0.010) 0.002 0.011 0.001 0.002 0.001 0.001 0.001 0.001 
 113   (0.011) 0.002 0.001 0.014 0.002 0.001 0.001 0.001 0.002 
 111   (0.012) 0.002 0.002 0.013 0.002 0.001 0.002 0.002 0.002 
 143   (0.011) 0.002 0.001 0.014 0.002 0.001 0.001 0.001 0.001 
 140   (0.015) 0.003 0.002 0.001 0.014 0.001 0.012 0.002 0.003 
 112   (0.011) 0.002 0.001 0.001 0.002 0.010 0.002 0.001 0.002 

Locus 2 : 
18 alleles
0.0% missing data
 152   (0.371) 0.422 0.645 0.784 0.179 0.242 0.520 0.395 0.534 
 148   (0.074) 0.058 0.131 0.031 0.021 0.007 0.019 0.218 0.158 
 154   (0.112) 0.069 0.050 0.035 0.056 0.179 0.090 0.258 0.161 
 156   (0.018) 0.004 0.014 0.001 0.006 0.001 0.008 0.002 0.003 
 150   (0.026) 0.005 0.009 0.044 0.005 0.002 0.004 0.063 0.004 
 164   (0.074) 0.016 0.077 0.014 0.125 0.081 0.087 0.011 0.031 
 158   (0.034) 0.099 0.009 0.011 0.008 0.003 0.015 0.017 0.021 
 160   (0.019) 0.003 0.002 0.019 0.014 0.001 0.003 0.003 0.009 
 166   (0.018) 0.007 0.003 0.001 0.008 0.001 0.038 0.004 0.003 
 151   (0.063) 0.173 0.008 0.004 0.310 0.373 0.027 0.006 0.011 
 147   (0.072) 0.085 0.009 0.007 0.165 0.100 0.151 0.008 0.030 
 168   (0.024) 0.011 0.004 0.003 0.029 0.002 0.010 0.004 0.008 
 153   (0.015) 0.004 0.002 0.001 0.023 0.001 0.002 0.002 0.002 
 149   (0.024) 0.035 0.003 0.011 0.006 0.002 0.003 0.002 0.016 
 162   (0.020) 0.004 0.007 0.002 0.015 0.002 0.018 0.003 0.003 
 167   (0.013) 0.002 0.023 0.001 0.002 0.001 0.002 0.001 0.002 
 146   (0.011) 0.002 0.001 0.029 0.002 0.001 0.001 0.001 0.001 
 172   (0.013) 0.002 0.002 0.001 0.025 0.001 0.002 0.001 0.002 

Locus 3 : 
4 alleles
0.0% missing data
 128   (0.286) 0.308 0.197 0.418 0.210 0.444 0.246 0.321 0.301 
 126   (0.617) 0.563 0.718 0.574 0.724 0.469 0.713 0.616 0.674 
 132   (0.082) 0.100 0.083 0.006 0.063 0.086 0.040 0.056 0.024 
 134   (0.014) 0.029 0.002 0.001 0.003 0.001 0.002 0.006 0.002 

Locus 4 : 
3 alleles
0.0% missing data
 170   (0.320) 0.263 0.326 0.280 0.347 0.326 0.358 0.398 0.177 
 172   (0.667) 0.735 0.672 0.719 0.649 0.672 0.641 0.590 0.820 
 171   (0.013) 0.002 0.002 0.002 0.004 0.001 0.002 0.012 0.003 

Locus 5 : 
37 alleles
0.0% missing data
 125   (0.048) 0.104 0.065 0.036 0.023 0.109 0.011 0.063 0.036 
 110   (0.038) 0.045 0.049 0.016 0.011 0.051 0.032 0.044 0.006 
 129   (0.032) 0.010 0.053 0.003 0.100 0.004 0.061 0.004 0.011 
 113   (0.032) 0.008 0.013 0.003 0.098 0.013 0.088 0.004 0.026 
 145   (0.050) 0.097 0.208 0.095 0.060 0.008 0.008 0.006 0.117 
 155   (0.052) 0.023 0.149 0.017 0.024 0.043 0.087 0.168 0.026 
 117   (0.032) 0.010 0.020 0.032 0.020 0.002 0.019 0.005 0.102 
 124   (0.011) 0.001 0.022 0.001 0.002 0.001 0.001 0.001 0.002 
 133   (0.035) 0.021 0.041 0.072 0.057 0.003 0.012 0.004 0.029 
 157   (0.051) 0.121 0.009 0.025 0.088 0.035 0.068 0.031 0.058 
 141   (0.016) 0.011 0.005 0.001 0.026 0.003 0.002 0.002 0.010 
 112   (0.067) 0.016 0.065 0.158 0.044 0.164 0.078 0.186 0.098 
 121   (0.023) 0.009 0.005 0.003 0.017 0.012 0.048 0.012 0.004 
 114   (0.037) 0.007 0.044 0.166 0.008 0.059 0.006 0.019 0.124 
 153   (0.053) 0.176 0.059 0.004 0.041 0.090 0.125 0.011 0.031 
 127   (0.074) 0.052 0.075 0.084 0.121 0.117 0.086 0.049 0.093 
 131   (0.058) 0.086 0.049 0.189 0.015 0.061 0.065 0.212 0.045 
 135   (0.025) 0.064 0.005 0.003 0.012 0.074 0.015 0.005 0.019 
 104   (0.010) 0.002 0.001 0.001 0.003 0.001 0.001 0.012 0.003 
 118   (0.018) 0.015 0.012 0.002 0.007 0.001 0.003 0.018 0.013 
 116   (0.028) 0.033 0.005 0.003 0.010 0.008 0.036 0.023 0.028 
 137   (0.023) 0.014 0.005 0.005 0.011 0.002 0.057 0.092 0.007 
 123   (0.020) 0.012 0.007 0.002 0.005 0.071 0.026 0.005 0.006 
 149   (0.010) 0.002 0.002 0.001 0.005 0.002 0.002 0.001 0.006 
 138   (0.011) 0.007 0.001 0.001 0.055 0.001 0.001 0.001 0.002 
 143   (0.024) 0.009 0.004 0.066 0.036 0.043 0.006 0.003 0.004 
 163   (0.010) 0.002 0.002 0.001 0.005 0.001 0.004 0.004 0.003 
 109   (0.010) 0.001 0.001 0.001 0.002 0.001 0.001 0.001 0.025 
 139   (0.009) 0.011 0.001 0.001 0.004 0.001 0.001 0.001 0.002 
 106   (0.009) 0.003 0.001 0.001 0.008 0.001 0.002 0.001 0.003 
 144   (0.014) 0.003 0.002 0.001 0.004 0.001 0.012 0.002 0.037 
 122   (0.010) 0.002 0.012 0.004 0.002 0.001 0.002 0.001 0.007 
 100   (0.018) 0.008 0.003 0.001 0.024 0.005 0.027 0.003 0.007 
 111   (0.011) 0.003 0.001 0.001 0.035 0.001 0.001 0.001 0.002 
 233   (0.009) 0.006 0.001 0.001 0.007 0.002 0.002 0.001 0.001 
 134   (0.009) 0.006 0.001 0.001 0.002 0.007 0.001 0.001 0.001 
 140   (0.009) 0.002 0.001 0.001 0.005 0.001 0.001 0.001 0.008 

Locus 6 : 
17 alleles
0.0% missing data
 221   (0.023) 0.004 0.134 0.081 0.004 0.002 0.003 0.002 0.004 
 232   (0.247) 0.330 0.181 0.443 0.347 0.429 0.321 0.130 0.248 
 229   (0.051) 0.018 0.101 0.059 0.011 0.072 0.014 0.062 0.022 
 223   (0.061) 0.065 0.096 0.008 0.024 0.044 0.060 0.008 0.063 
 230   (0.153) 0.165 0.074 0.297 0.188 0.158 0.082 0.155 0.243 
 235   (0.014) 0.002 0.067 0.001 0.003 0.001 0.002 0.001 0.002 
 236   (0.039) 0.029 0.086 0.006 0.028 0.003 0.008 0.043 0.011 
 227   (0.020) 0.008 0.062 0.003 0.009 0.001 0.003 0.002 0.008 
 220   (0.056) 0.020 0.008 0.004 0.049 0.048 0.109 0.173 0.043 
 222   (0.042) 0.007 0.005 0.003 0.042 0.008 0.130 0.243 0.022 
 234   (0.135) 0.189 0.092 0.056 0.108 0.126 0.104 0.162 0.229 
 224   (0.030) 0.080 0.004 0.002 0.023 0.057 0.006 0.004 0.009 
 228   (0.061) 0.047 0.013 0.005 0.151 0.038 0.076 0.007 0.059 
 225   (0.011) 0.002 0.003 0.001 0.002 0.001 0.011 0.001 0.002 
 226   (0.015) 0.003 0.002 0.001 0.003 0.010 0.064 0.002 0.002 
 233   (0.025) 0.028 0.044 0.030 0.006 0.002 0.003 0.003 0.017 
 231   (0.015) 0.004 0.028 0.001 0.003 0.001 0.002 0.002 0.017 

Locus 7 : 
10 alleles
0.0% missing data
 121   (0.696) 0.685 0.889 0.746 0.855 0.728 0.754 0.797 0.814 
 129   (0.093) 0.068 0.073 0.102 0.057 0.145 0.067 0.012 0.054 
 130   (0.013) 0.002 0.002 0.001 0.002 0.001 0.026 0.001 0.002 
 123   (0.093) 0.178 0.021 0.101 0.043 0.119 0.100 0.125 0.033 
 128   (0.020) 0.012 0.003 0.020 0.004 0.001 0.003 0.037 0.004 
 131   (0.016) 0.008 0.002 0.001 0.003 0.001 0.007 0.021 0.003 
 117   (0.012) 0.002 0.001 0.001 0.013 0.001 0.002 0.001 0.002 
 125   (0.013) 0.035 0.001 0.001 0.002 0.001 0.002 0.001 0.002 
 134   (0.032) 0.009 0.005 0.007 0.017 0.003 0.037 0.005 0.081 
 132   (0.013) 0.002 0.002 0.019 0.003 0.001 0.002 0.001 0.008 

Locus 8 : 
19 alleles
0.0% missing data
 184   (0.295) 0.460 0.495 0.353 0.338 0.336 0.368 0.508 0.435 
 194   (0.047) 0.034 0.029 0.018 0.031 0.010 0.012 0.021 0.086 
 178   (0.100) 0.037 0.208 0.060 0.061 0.199 0.118 0.178 0.076 
 176   (0.081) 0.096 0.047 0.211 0.099 0.032 0.062 0.012 0.090 
 182   (0.074) 0.018 0.037 0.195 0.099 0.050 0.152 0.009 0.060 
 190   (0.032) 0.006 0.006 0.043 0.007 0.011 0.035 0.068 0.005 
 196   (0.024) 0.007 0.009 0.002 0.026 0.042 0.005 0.003 0.007 
 200   (0.028) 0.035 0.015 0.011 0.015 0.002 0.026 0.005 0.008 
 180   (0.025) 0.065 0.011 0.002 0.005 0.002 0.005 0.067 0.003 
 188   (0.040) 0.017 0.027 0.004 0.046 0.038 0.007 0.012 0.050 
 174   (0.038) 0.059 0.019 0.033 0.013 0.003 0.009 0.015 0.068 
 186   (0.122) 0.113 0.077 0.061 0.216 0.202 0.170 0.070 0.085 
 192   (0.021) 0.009 0.009 0.003 0.008 0.063 0.003 0.013 0.003 
 201   (0.011) 0.007 0.001 0.001 0.002 0.001 0.001 0.012 0.002 
 199   (0.020) 0.018 0.002 0.001 0.015 0.001 0.015 0.002 0.003 
 185   (0.012) 0.004 0.001 0.001 0.012 0.001 0.002 0.001 0.002 
 203   (0.010) 0.002 0.001 0.001 0.002 0.001 0.001 0.001 0.012 
 198   (0.010) 0.002 0.001 0.001 0.005 0.002 0.005 0.001 0.004 
 209   (0.010) 0.010 0.001 0.001 0.002 0.003 0.004 0.001 0.001 

Locus 9 : 
6 alleles
0.4% missing data
 154   (0.695) 0.717 0.717 0.636 0.815 0.781 0.791 0.825 0.669 
 156   (0.205) 0.266 0.167 0.346 0.117 0.109 0.188 0.164 0.255 
 152   (0.045) 0.007 0.075 0.006 0.023 0.106 0.007 0.005 0.044 
 153   (0.014) 0.002 0.003 0.001 0.021 0.002 0.003 0.002 0.002 
 160   (0.016) 0.003 0.002 0.001 0.019 0.001 0.008 0.002 0.002 
 164   (0.026) 0.005 0.037 0.010 0.005 0.002 0.004 0.003 0.028 

Locus 10 : 
29 alleles
0.7% missing data
 305   (0.066) 0.014 0.107 0.009 0.083 0.006 0.130 0.196 0.018 
 313   (0.048) 0.025 0.141 0.005 0.056 0.005 0.040 0.006 0.011 
 311   (0.016) 0.008 0.017 0.001 0.004 0.001 0.002 0.002 0.002 
 299   (0.106) 0.020 0.274 0.034 0.124 0.221 0.154 0.039 0.040 
 315   (0.080) 0.078 0.085 0.095 0.092 0.012 0.021 0.079 0.042 
 287   (0.023) 0.492 0.008 0.002 0.007 0.002 0.010 0.004 0.003 
 291   (0.104) 0.018 0.109 0.021 0.073 0.372 0.060 0.074 0.333 
 295   (0.026) 0.005 0.042 0.002 0.011 0.002 0.004 0.005 0.159 
 289   (0.018) 0.004 0.003 0.001 0.004 0.001 0.111 0.003 0.002 
 303   (0.066) 0.036 0.015 0.530 0.114 0.172 0.011 0.090 0.024 
 297   (0.040) 0.006 0.012 0.094 0.009 0.017 0.131 0.005 0.063 
 293   (0.020) 0.077 0.033 0.001 0.006 0.001 0.004 0.004 0.008 
 301   (0.057) 0.014 0.063 0.006 0.087 0.005 0.011 0.139 0.065 
 285   (0.026) 0.004 0.003 0.003 0.007 0.002 0.169 0.222 0.004 
 307   (0.049) 0.010 0.009 0.179 0.024 0.077 0.009 0.037 0.087 
 312   (0.053) 0.085 0.008 0.004 0.054 0.070 0.010 0.072 0.058 
 306   (0.026) 0.005 0.009 0.002 0.063 0.004 0.004 0.004 0.028 
 320   (0.013) 0.002 0.002 0.001 0.026 0.001 0.002 0.001 0.002 
 317   (0.022) 0.016 0.017 0.001 0.062 0.001 0.003 0.002 0.003 
 314   (0.025) 0.026 0.027 0.002 0.015 0.002 0.003 0.003 0.006 
 323   (0.012) 0.007 0.002 0.001 0.008 0.001 0.002 0.001 0.002 
 325   (0.011) 0.007 0.002 0.001 0.008 0.001 0.002 0.001 0.002 
 310   (0.015) 0.028 0.002 0.001 0.006 0.018 0.002 0.002 0.004 
 309   (0.013) 0.002 0.002 0.001 0.003 0.001 0.002 0.002 0.024 
 316   (0.014) 0.002 0.002 0.001 0.035 0.002 0.003 0.002 0.002 
 296   (0.011) 0.002 0.001 0.001 0.012 0.001 0.001 0.001 0.002 
 304   (0.015) 0.002 0.002 0.001 0.003 0.001 0.052 0.002 0.002 
 321   (0.013) 0.002 0.002 0.001 0.003 0.001 0.026 0.001 0.002 
 332   (0.014) 0.002 0.002 0.001 0.003 0.002 0.023 0.002 0.003 

Locus 11 : 
19 alleles
0.0% missing data
 114   (0.153) 0.117 0.237 0.203 0.125 0.016 0.045 0.284 0.241 
 126   (0.021) 0.003 0.055 0.003 0.004 0.001 0.003 0.018 0.005 
 111   (0.075) 0.032 0.228 0.005 0.021 0.559 0.482 0.008 0.012 
 116   (0.107) 0.112 0.101 0.255 0.044 0.020 0.101 0.021 0.128 
 132   (0.012) 0.002 0.011 0.001 0.003 0.001 0.002 0.001 0.002 
 109   (0.017) 0.002 0.044 0.001 0.003 0.001 0.002 0.002 0.004 
 128   (0.017) 0.003 0.008 0.001 0.005 0.002 0.002 0.002 0.016 
 112   (0.317) 0.456 0.239 0.494 0.598 0.030 0.120 0.596 0.470 
 122   (0.017) 0.007 0.002 0.005 0.007 0.002 0.003 0.011 0.007 
 124   (0.014) 0.002 0.002 0.001 0.003 0.001 0.002 0.019 0.002 
 118   (0.056) 0.064 0.022 0.017 0.022 0.016 0.055 0.019 0.046 
 127   (0.014) 0.002 0.002 0.001 0.013 0.001 0.002 0.001 0.002 
 113   (0.059) 0.070 0.008 0.004 0.085 0.292 0.120 0.006 0.012 
 115   (0.034) 0.099 0.022 0.003 0.015 0.004 0.008 0.004 0.022 
 120   (0.021) 0.003 0.003 0.001 0.005 0.047 0.003 0.002 0.019 
 117   (0.020) 0.004 0.003 0.002 0.013 0.003 0.025 0.002 0.003 
 125   (0.019) 0.013 0.003 0.001 0.029 0.001 0.003 0.002 0.003 
 119   (0.015) 0.002 0.002 0.001 0.004 0.002 0.023 0.002 0.003 
 136   (0.013) 0.007 0.008 0.001 0.003 0.001 0.002 0.001 0.002 

Locus 12 : 
28 alleles
0.7% missing data
 306   (0.062) 0.011 0.106 0.008 0.046 0.006 0.178 0.192 0.016 
 314   (0.056) 0.021 0.129 0.006 0.056 0.065 0.034 0.007 0.010 
 312   (0.014) 0.002 0.024 0.001 0.003 0.001 0.002 0.001 0.002 
 300   (0.110) 0.021 0.290 0.034 0.125 0.219 0.155 0.040 0.041 
 316   (0.045) 0.008 0.078 0.092 0.011 0.010 0.012 0.071 0.008 
 288   (0.025) 0.477 0.008 0.002 0.007 0.002 0.010 0.004 0.004 
 292   (0.108) 0.019 0.111 0.021 0.074 0.373 0.066 0.075 0.333 
 296   (0.032) 0.006 0.043 0.003 0.021 0.002 0.005 0.006 0.161 
 290   (0.018) 0.005 0.003 0.001 0.004 0.001 0.111 0.003 0.002 
 304   (0.069) 0.036 0.015 0.531 0.114 0.171 0.011 0.091 0.024 
 298   (0.042) 0.006 0.012 0.094 0.009 0.017 0.131 0.006 0.063 
 294   (0.019) 0.077 0.034 0.001 0.006 0.001 0.004 0.004 0.008 
 302   (0.060) 0.015 0.064 0.007 0.087 0.005 0.011 0.139 0.065 
 286   (0.028) 0.004 0.003 0.003 0.007 0.002 0.182 0.222 0.004 
 308   (0.032) 0.006 0.007 0.176 0.019 0.002 0.006 0.036 0.038 
 313   (0.047) 0.097 0.007 0.004 0.058 0.004 0.007 0.074 0.063 
 307   (0.043) 0.007 0.010 0.004 0.065 0.082 0.006 0.005 0.078 
 321   (0.013) 0.002 0.002 0.001 0.026 0.001 0.002 0.001 0.002 
 315   (0.047) 0.091 0.029 0.004 0.108 0.003 0.010 0.007 0.036 
 318   (0.017) 0.014 0.006 0.001 0.060 0.002 0.004 0.002 0.002 
 324   (0.013) 0.007 0.002 0.001 0.008 0.001 0.002 0.001 0.002 
 326   (0.013) 0.007 0.002 0.001 0.008 0.001 0.002 0.001 0.002 
 311   (0.019) 0.053 0.006 0.001 0.009 0.024 0.003 0.002 0.005 
 310   (0.013) 0.002 0.002 0.001 0.003 0.001 0.002 0.002 0.024 
 305   (0.015) 0.002 0.002 0.001 0.037 0.001 0.003 0.002 0.003 
 317   (0.014) 0.002 0.002 0.001 0.026 0.001 0.002 0.002 0.002 
 320   (0.014) 0.002 0.002 0.001 0.003 0.001 0.013 0.001 0.002 
 322   (0.013) 0.002 0.002 0.001 0.003 0.001 0.026 0.001 0.002 

Locus 13 : 
7 alleles
1.1% missing data
 161   (0.583) 0.490 0.663 0.889 0.535 0.459 0.486 0.078 0.784 
 163   (0.306) 0.489 0.259 0.030 0.437 0.523 0.405 0.037 0.163 
 160   (0.016) 0.003 0.002 0.001 0.003 0.001 0.002 0.437 0.002 
 162   (0.015) 0.002 0.002 0.001 0.003 0.001 0.002 0.439 0.002 
 165   (0.052) 0.010 0.068 0.005 0.017 0.014 0.101 0.006 0.041 
 166   (0.013) 0.004 0.004 0.003 0.003 0.001 0.002 0.001 0.006 
 164   (0.015) 0.002 0.002 0.070 0.003 0.001 0.002 0.001 0.002 

Locus 14 : 
4 alleles
0.4% missing data
  98   (0.957) 0.991 0.988 0.986 0.972 0.997 0.994 0.995 0.989 
 100   (0.013) 0.003 0.002 0.001 0.012 0.001 0.002 0.001 0.002 
  96   (0.017) 0.003 0.009 0.011 0.004 0.001 0.002 0.002 0.007 
 105   (0.013) 0.003 0.002 0.001 0.012 0.001 0.002 0.001 0.002 

Locus 15 : 
12 alleles
2.2% missing data
 171   (0.303) 0.372 0.398 0.186 0.422 0.352 0.289 0.223 0.205 
 177   (0.181) 0.232 0.203 0.055 0.128 0.088 0.146 0.336 0.269 
 173   (0.269) 0.229 0.281 0.077 0.293 0.502 0.421 0.126 0.347 
 179   (0.107) 0.102 0.072 0.557 0.060 0.031 0.093 0.293 0.048 
 183   (0.019) 0.006 0.027 0.010 0.007 0.002 0.008 0.002 0.003 
 181   (0.039) 0.006 0.007 0.109 0.063 0.019 0.009 0.005 0.014 
 197   (0.015) 0.002 0.002 0.002 0.003 0.001 0.002 0.002 0.062 
 170   (0.014) 0.021 0.002 0.001 0.007 0.001 0.002 0.002 0.004 
 189   (0.013) 0.002 0.003 0.001 0.009 0.001 0.010 0.006 0.005 
 203   (0.014) 0.002 0.002 0.001 0.003 0.001 0.002 0.001 0.038 
 187   (0.015) 0.024 0.003 0.001 0.005 0.001 0.006 0.002 0.002 
 198   (0.012) 0.002 0.001 0.001 0.002 0.001 0.013 0.001 0.002 

Values of parameters used in structure:
DATAFILE=STRUCTURE_main_final_278_HEG_ZG.str,	OUTFILE=STRUCTURE_main_final_278_HEG_ZG-K8-17,	NUMINDS=278,	NUMLOCI=15,	MISSING=-9,	LABEL=1,	POPDATA=1,	POPFLAG=0,	PHENOTYPE=0,	EXTRACOLS=0,	MAXPOPS=8,	BURNIN=100000,	NUMREPS=500000,	USEPOPINFO=0,	INFERALPHA=1,	INFERLAMBDA=0,	POPSPECIFICLAMBDA=0,	POPALPHAS=0,	COMPUTEPROB=1,	NOADMIX=0,	ADMBURNIN=2500,	UPDATEFREQ=1,	PRINTLIKES=0,	INTERMEDSAVE=0,	PRINTKLD=0,	PRINTNET=0,	PRINTLAMBDA=0,	ANCESTDIST=0,	NUMBOXES=1000,	ANCESTPINT=0.90000,	GENSBACK=2,	MIGRPRIOR=0.05000,	PRINTQHAT=0,	PRINTQSUM=0,	ALPHA=1.0000,	FREQSCORR=1,	FPRIORMEAN=0.0100,	FPRIORSD=0.0500,	ONEFST=0,	LAMBDA=1.0000,	UNIFPRIORALPHA=1,	ALPHAMAX=10.0000,	ALPHAPRIORA=1.0000,	ALPHAPRIORB=2.0000,	ALPHAPROPSD=0.0250,	STARTATPOPINFO=0,	RANDOMIZE=1,	LINKAGE=0,	METROFREQ=10,	REPORTHITRATE=0,	MARKOVPHASE=-1,	PHASED=0,	PLOIDY=2,	PHASEINFO=0	LOCPRIOR=0, 	LOCPRIORINIT=1.000000, 	LOCDATA=0, 	LOCISPOP=0, 	LOCPRIORSTEP=0.100000, 	MAXLOCPRIOR=20.000000, 	SEED=1782483155,	
[STRAT parameters]:    NUMSIMSTATS=1000,	PHENOTYPECOL=-9,	POOLFREQ=10,	LOCUSxONLY=0,	EMERROR=0.00100,	MISSINGPHENO=-9,	