

----------------------------------------------------
STRUCTURE by Pritchard, Stephens and Donnelly (2000)
     and Falush, Stephens and Pritchard (2003)
       Code by Pritchard, Falush and Hubisz
             Version 2.3.4 (Jul 2012)
----------------------------------------------------



Command line arguments:   structure -K 8 -i STRUCTURE_main_final_278_HEG_ZG.str -o STRUCTURE_main_final_278_HEG_ZG-K8-19 
Input File:    STRUCTURE_main_final_278_HEG_ZG.str

Run parameters:
   278 individuals
   15 loci
   8 populations assumed
   100000 Burn-in period
   500000 Reps


--------------------------------------------
Proportion of membership of each pre-defined
 population in each of the 8 clusters

Given    Inferred Clusters                                          Number of
 Pop       1      2      3      4      5      6      7      8      Individuals

  1:     0.049  0.023  0.057  0.013  0.074  0.053  0.716  0.016       24
  2:     0.041  0.046  0.021  0.768  0.056  0.023  0.025  0.020       24
  3:     0.031  0.387  0.086  0.012  0.014  0.056  0.016  0.396       24
  4:     0.565  0.071  0.048  0.024  0.060  0.038  0.058  0.137       24
  5:     0.234  0.137  0.023  0.028  0.053  0.104  0.028  0.393       24
  6:     0.136  0.033  0.022  0.031  0.242  0.041  0.421  0.073       24
  7:     0.073  0.025  0.014  0.033  0.759  0.017  0.059  0.021       24
  8:     0.078  0.086  0.065  0.014  0.013  0.023  0.039  0.681       14
  9:     0.025  0.045  0.107  0.015  0.007  0.706  0.058  0.038       24
 10:     0.014  0.069  0.750  0.009  0.038  0.078  0.014  0.029       24
 11:     0.041  0.093  0.605  0.012  0.016  0.184  0.021  0.028       24
 12:     0.337  0.097  0.064  0.021  0.131  0.024  0.225  0.102       24
--------------------------------------------

Allele-freq. divergence among pops (Net nucleotide distance),
computed using point estimates of P.

      1       2       3       4       5       6       7       8      
 1      -    0.0502  0.0603  0.0672  0.0604  0.0438  0.0328  0.0301  
 2   0.0502     -    0.0622  0.0813  0.0889  0.0528  0.0585  0.0330  
 3   0.0603  0.0622     -    0.1017  0.1098  0.0330  0.0568  0.0465  
 4   0.0672  0.0813  0.1017     -    0.0932  0.0726  0.0651  0.0597  
 5   0.0604  0.0889  0.1098  0.0932     -    0.0890  0.0666  0.0725  
 6   0.0438  0.0528  0.0330  0.0726  0.0890     -    0.0334  0.0352  
 7   0.0328  0.0585  0.0568  0.0651  0.0666  0.0334     -    0.0351  
 8   0.0301  0.0330  0.0465  0.0597  0.0725  0.0352  0.0351     -    

Average distances (expected heterozygosity) between individuals in same cluster:
cluster  1  : 0.6123 
cluster  2  : 0.6249 
cluster  3  : 0.6172 
cluster  4  : 0.6199 
cluster  5  : 0.5493 
cluster  6  : 0.6304 
cluster  7  : 0.6160 
cluster  8  : 0.6349 

--------------------------------------------
Estimated Ln Prob of Data   = -12489.0
Mean value of ln likelihood = -11885.2
Variance of ln likelihood   = 1207.7
Mean value of alpha         = 0.0479

Mean value of Fst_1         = 0.0826
Mean value of Fst_2         = 0.1257
Mean value of Fst_3         = 0.1510
Mean value of Fst_4         = 0.1719
Mean value of Fst_5         = 0.1875
Mean value of Fst_6         = 0.1024
Mean value of Fst_7         = 0.0917
Mean value of Fst_8         = 0.0598


Inferred ancestry of individuals:
        Label (%Miss) Pop:  Inferred clusters
  1 24.0601.E1    (0)    1 :  0.009 0.008 0.010 0.012 0.013 0.008 0.934 0.007 
  2 24.0602.E1    (0)    1 :  0.006 0.011 0.007 0.004 0.008 0.012 0.941 0.009 
  3 24.0603.E1    (0)    1 :  0.026 0.008 0.006 0.005 0.025 0.017 0.868 0.044 
  4 24.0604.E1    (0)    1 :  0.072 0.146 0.022 0.007 0.005 0.009 0.733 0.005 
  5 24.0605.E1    (0)    1 :  0.029 0.008 0.009 0.007 0.039 0.031 0.863 0.012 
  6 24.0606.E1    (0)    1 :  0.182 0.005 0.014 0.009 0.020 0.021 0.736 0.013 
  7 24.0607.E1    (0)    1 :  0.014 0.011 0.011 0.007 0.237 0.544 0.123 0.053 
  8 24.0608.E1    (0)    1 :  0.007 0.012 0.063 0.005 0.131 0.013 0.759 0.011 
  9 24.0609.E1    (0)    1 :  0.224 0.011 0.351 0.004 0.005 0.016 0.364 0.023 
 10 24.0610.E1    (0)    1 :  0.254 0.006 0.165 0.006 0.008 0.015 0.527 0.020 
 11 24.0611.E1    (0)    1 :  0.028 0.005 0.016 0.007 0.006 0.028 0.901 0.009 
 12 24.0612.E1    (0)    1 :  0.007 0.010 0.006 0.008 0.014 0.009 0.935 0.011 
 13 24.0613.E1    (0)    1 :  0.064 0.004 0.016 0.006 0.005 0.006 0.892 0.006 
 14 24.0614.E1    (0)    1 :  0.014 0.010 0.034 0.008 0.407 0.257 0.262 0.009 
 15 24.0615.E1    (0)    1 :  0.010 0.018 0.082 0.014 0.032 0.020 0.815 0.009 
 16 24.0616.E1    (0)    1 :  0.007 0.006 0.009 0.010 0.005 0.009 0.948 0.006 
 17 24.0617.E1    (0)    1 :  0.021 0.006 0.355 0.024 0.017 0.030 0.534 0.013 
 18 24.0618.E1    (0)    1 :  0.034 0.007 0.071 0.010 0.005 0.043 0.798 0.033 
 19 24.0619.E1    (0)    1 :  0.021 0.101 0.007 0.011 0.004 0.038 0.804 0.014 
 20 24.0620.E1   (20)    1 :  0.090 0.014 0.031 0.012 0.754 0.019 0.056 0.023 
 21 24.0621.E1    (0)    1 :  0.016 0.124 0.052 0.005 0.005 0.081 0.700 0.017 
 22 24.0622.E1    (0)    1 :  0.018 0.007 0.008 0.022 0.009 0.005 0.916 0.014 
 23 24.0623.E1    (0)    1 :  0.016 0.012 0.017 0.092 0.015 0.024 0.808 0.015 
 24 24.0624.E1    (0)    1 :  0.006 0.004 0.008 0.006 0.006 0.008 0.957 0.006 
 25 24.0625.E1    (0)    2 :  0.062 0.076 0.026 0.709 0.057 0.018 0.014 0.038 
 26 24.0626.E1    (0)    2 :  0.004 0.017 0.006 0.921 0.034 0.005 0.004 0.008 
 27 24.0627.E1    (0)    2 :  0.046 0.421 0.007 0.490 0.016 0.007 0.007 0.007 
 28 24.0628.E1    (0)    2 :  0.108 0.026 0.088 0.595 0.096 0.010 0.028 0.049 
 29 24.0629.E1    (0)    2 :  0.011 0.010 0.014 0.857 0.006 0.013 0.059 0.030 
 30 24.0630.E1    (0)    2 :  0.010 0.010 0.008 0.918 0.038 0.007 0.005 0.006 
 31 24.0631.E1    (0)    2 :  0.004 0.003 0.003 0.973 0.004 0.004 0.005 0.004 
 32 24.0632.E1    (0)    2 :  0.007 0.010 0.007 0.923 0.029 0.006 0.007 0.010 
 33 24.0633.E1    (0)    2 :  0.053 0.035 0.091 0.616 0.115 0.018 0.016 0.055 
 34 24.0634.E1    (0)    2 :  0.009 0.008 0.013 0.935 0.007 0.011 0.009 0.010 
 35 24.0635.E1    (0)    2 :  0.029 0.057 0.035 0.666 0.016 0.074 0.020 0.102 
 36 24.0636.E1   (33)    2 :  0.092 0.022 0.009 0.074 0.740 0.008 0.031 0.024 
 37 24.0637.E1    (0)    2 :  0.005 0.004 0.003 0.966 0.007 0.005 0.004 0.005 
 38 24.0638.E1    (0)    2 :  0.030 0.019 0.005 0.900 0.005 0.006 0.007 0.027 
 39 24.0639.E1    (0)    2 :  0.008 0.016 0.091 0.786 0.017 0.014 0.048 0.021 
 40 24.0640.E1    (0)    2 :  0.006 0.005 0.006 0.956 0.005 0.009 0.007 0.006 
 41 24.0641.E1    (0)    2 :  0.014 0.063 0.011 0.354 0.020 0.276 0.237 0.026 
 42 24.0642.E1    (0)    2 :  0.302 0.007 0.005 0.591 0.038 0.005 0.046 0.006 
 43 24.0643.E1    (0)    2 :  0.010 0.271 0.009 0.619 0.057 0.007 0.010 0.017 
 44 24.0644.E1    (0)    2 :  0.018 0.005 0.019 0.929 0.005 0.010 0.008 0.006 
 45 24.0645.E1    (0)    2 :  0.122 0.006 0.021 0.803 0.022 0.010 0.011 0.006 
 46 24.0646.E1    (0)    2 :  0.019 0.005 0.019 0.929 0.005 0.009 0.008 0.006 
 47 24.0647.E1    (0)    2 :  0.005 0.004 0.003 0.966 0.007 0.005 0.004 0.005 
 48 24.0648.E1    (0)    2 :  0.005 0.004 0.003 0.966 0.007 0.006 0.004 0.005 
 49 24.0649.E1    (0)    3 :  0.010 0.034 0.024 0.007 0.003 0.010 0.005 0.907 
 50 24.0650.E1    (0)    3 :  0.433 0.030 0.292 0.004 0.004 0.119 0.016 0.103 
 51 24.0651.E1    (0)    3 :  0.017 0.049 0.011 0.092 0.028 0.458 0.008 0.337 
 52 24.0652.E1    (0)    3 :  0.007 0.507 0.083 0.005 0.005 0.009 0.017 0.368 
 53 24.0653.E1    (0)    3 :  0.009 0.916 0.016 0.005 0.006 0.010 0.006 0.033 
 54 24.0654.E1    (0)    3 :  0.008 0.382 0.103 0.012 0.005 0.010 0.008 0.471 
 55 24.0655.E1    (0)    3 :  0.015 0.025 0.070 0.020 0.009 0.044 0.052 0.765 
 56 24.0656.E1    (0)    3 :  0.012 0.500 0.102 0.005 0.016 0.006 0.007 0.353 
 57 24.0657.E1    (0)    3 :  0.012 0.500 0.099 0.005 0.015 0.006 0.007 0.357 
 58 24.0658.E1    (0)    3 :  0.037 0.085 0.059 0.007 0.007 0.015 0.020 0.771 
 59 24.0659.E1    (0)    3 :  0.016 0.584 0.039 0.010 0.004 0.064 0.038 0.246 
 60 24.0660.E1    (6)    3 :  0.015 0.033 0.006 0.014 0.006 0.010 0.020 0.896 
 61 24.0661.E1    (0)    3 :  0.006 0.463 0.137 0.007 0.036 0.011 0.007 0.334 
 62 24.0662.E1    (0)    3 :  0.017 0.105 0.046 0.029 0.016 0.417 0.085 0.285 
 63 24.0663.E1    (0)    3 :  0.038 0.011 0.794 0.008 0.006 0.032 0.006 0.104 
 64 24.0664.E1    (0)    3 :  0.010 0.297 0.057 0.009 0.022 0.008 0.007 0.591 
 65 24.0665.E1    (0)    3 :  0.015 0.325 0.016 0.007 0.125 0.009 0.005 0.498 
 66 24.0666.E1    (0)    3 :  0.007 0.958 0.007 0.006 0.004 0.005 0.006 0.008 
 67 24.0667.E1    (0)    3 :  0.007 0.958 0.006 0.004 0.004 0.004 0.007 0.011 
 68 24.0668.E1    (0)    3 :  0.004 0.970 0.004 0.005 0.003 0.004 0.004 0.005 
 69 24.0669.E1    (0)    3 :  0.005 0.967 0.005 0.005 0.004 0.005 0.004 0.006 
 70 24.0670.E1    (0)    3 :  0.004 0.050 0.030 0.004 0.005 0.024 0.012 0.871 
 71 24.0671.E1    (0)    3 :  0.013 0.065 0.055 0.012 0.008 0.025 0.010 0.813 
 72 24.0672.E1    (0)    3 :  0.040 0.485 0.009 0.006 0.006 0.037 0.039 0.377 
 73 24.0673.E1    (6)    4 :  0.268 0.038 0.052 0.035 0.411 0.028 0.113 0.054 
 74 24.0674.E1    (0)    4 :  0.849 0.005 0.008 0.009 0.066 0.039 0.017 0.007 
 75 24.0675.E1    (0)    4 :  0.822 0.010 0.043 0.029 0.026 0.027 0.020 0.024 
 76 24.0676.E1    (0)    4 :  0.793 0.007 0.116 0.007 0.019 0.017 0.011 0.031 
 77 24.0677.E1    (0)    4 :  0.020 0.024 0.084 0.004 0.012 0.270 0.032 0.555 
 78 24.0678.E1    (0)    4 :  0.023 0.110 0.011 0.044 0.012 0.042 0.502 0.256 
 79 24.0679.E1    (0)    4 :  0.301 0.229 0.105 0.014 0.008 0.019 0.145 0.179 
 80 24.0680.E1    (0)    4 :  0.178 0.327 0.009 0.023 0.010 0.016 0.035 0.402 
 81 24.0681.E1    (0)    4 :  0.741 0.042 0.007 0.008 0.018 0.011 0.028 0.146 
 82 24.0682.E1    (0)    4 :  0.969 0.004 0.004 0.005 0.005 0.004 0.005 0.004 
 83 24.0683.E1    (0)    4 :  0.738 0.008 0.005 0.006 0.194 0.026 0.018 0.007 
 84 24.0684.E1    (0)    4 :  0.692 0.011 0.020 0.035 0.073 0.023 0.104 0.041 
 85 24.0685.E1    (0)    4 :  0.899 0.042 0.009 0.007 0.017 0.006 0.011 0.008 
 86 24.0686.E1    (0)    4 :  0.076 0.033 0.009 0.066 0.013 0.169 0.073 0.562 
 87 24.0687.E1    (0)    4 :  0.114 0.010 0.015 0.165 0.015 0.123 0.057 0.501 
 88 24.0688.E1    (0)    4 :  0.959 0.005 0.004 0.006 0.006 0.005 0.006 0.008 
 89 24.0689.E1    (0)    4 :  0.167 0.010 0.520 0.019 0.042 0.016 0.028 0.198 
 90 24.0690.E1    (0)    4 :  0.058 0.711 0.008 0.034 0.033 0.021 0.014 0.122 
 91 24.0691.E1    (0)    4 :  0.932 0.008 0.013 0.007 0.007 0.006 0.018 0.010 
 92 24.0692.E1    (0)    4 :  0.910 0.010 0.010 0.005 0.008 0.006 0.005 0.045 
 93 24.0693.E1    (0)    4 :  0.362 0.024 0.060 0.011 0.416 0.012 0.010 0.105 
 94 24.0694.E1    (0)    4 :  0.950 0.011 0.005 0.006 0.009 0.005 0.007 0.008 
 95 24.0695.E1    (0)    4 :  0.832 0.018 0.017 0.006 0.007 0.011 0.095 0.012 
 96 24.0696.E1    (0)    4 :  0.910 0.010 0.009 0.013 0.008 0.009 0.027 0.013 
 97 24.0697.E1    (0)    5 :  0.215 0.017 0.012 0.015 0.106 0.039 0.006 0.590 
 98 24.0698.E1    (0)    5 :  0.044 0.046 0.024 0.018 0.125 0.178 0.019 0.546 
 99 24.0699.E1    (0)    5 :  0.007 0.030 0.007 0.010 0.010 0.215 0.028 0.692 
100 24.0700.E1    (0)    5 :  0.099 0.133 0.008 0.006 0.008 0.015 0.007 0.725 
101 24.0701.E1    (0)    5 :  0.012 0.855 0.011 0.012 0.067 0.014 0.009 0.021 
102 24.0702.E1    (0)    5 :  0.064 0.228 0.008 0.014 0.030 0.010 0.012 0.633 
103 24.0703.E1    (0)    5 :  0.009 0.031 0.006 0.034 0.008 0.375 0.013 0.523 
104 24.0704.E1    (6)    5 :  0.019 0.013 0.007 0.010 0.012 0.498 0.020 0.422 
105 24.0705.E1    (0)    5 :  0.838 0.076 0.009 0.009 0.008 0.008 0.014 0.037 
106 24.0706.E1    (0)    5 :  0.112 0.179 0.016 0.009 0.011 0.008 0.007 0.657 
107 24.0707.E1    (0)    5 :  0.098 0.040 0.006 0.021 0.018 0.043 0.029 0.746 
108 24.0708.E1    (0)    5 :  0.049 0.022 0.171 0.218 0.025 0.389 0.072 0.054 
109 24.0709.E1    (0)    5 :  0.900 0.008 0.028 0.010 0.006 0.021 0.010 0.018 
110 24.0710.E1    (0)    5 :  0.176 0.050 0.024 0.009 0.047 0.268 0.053 0.373 
111 24.0711.E1    (0)    5 :  0.133 0.085 0.009 0.053 0.019 0.050 0.099 0.551 
112 24.0712.E1    (0)    5 :  0.034 0.786 0.006 0.043 0.026 0.015 0.023 0.067 
113 24.0713.E1    (0)    5 :  0.661 0.044 0.022 0.009 0.017 0.030 0.009 0.208 
114 24.0714.E1    (0)    5 :  0.058 0.089 0.024 0.017 0.010 0.112 0.063 0.627 
115 24.0715.E1    (0)    5 :  0.144 0.026 0.027 0.008 0.436 0.011 0.040 0.308 
116 24.0716.E1    (0)    5 :  0.021 0.331 0.045 0.035 0.018 0.094 0.088 0.368 
117 24.0717.E1    (0)    5 :  0.027 0.052 0.046 0.056 0.240 0.064 0.015 0.501 
118 24.0718.E1    (0)    5 :  0.272 0.108 0.007 0.033 0.010 0.009 0.017 0.545 
119 24.0719.E1    (0)    5 :  0.913 0.012 0.016 0.015 0.006 0.011 0.006 0.021 
120 24.0720.E1    (0)    5 :  0.708 0.019 0.012 0.016 0.006 0.011 0.019 0.208 
121 24.0721.E1    (0)    6 :  0.141 0.044 0.058 0.016 0.546 0.028 0.010 0.157 
122 24.0722.E1    (0)    6 :  0.092 0.048 0.012 0.119 0.530 0.120 0.020 0.058 
123 24.0723.E1    (0)    6 :  0.020 0.015 0.146 0.227 0.335 0.194 0.026 0.037 
124 24.0724.E1    (0)    6 :  0.318 0.017 0.055 0.040 0.101 0.317 0.125 0.027 
125 24.0725.E1    (0)    6 :  0.010 0.011 0.007 0.007 0.007 0.005 0.939 0.014 
126 24.0726.E1    (6)    6 :  0.287 0.013 0.007 0.010 0.095 0.014 0.550 0.024 
127 24.0727.E1    (0)    6 :  0.026 0.079 0.023 0.022 0.521 0.033 0.255 0.041 
128 24.0728.E1    (0)    6 :  0.022 0.012 0.021 0.031 0.188 0.019 0.379 0.328 
129 24.0729.E1    (0)    6 :  0.295 0.031 0.013 0.015 0.055 0.016 0.559 0.016 
130 24.0730.E1    (0)    6 :  0.042 0.027 0.031 0.012 0.057 0.035 0.093 0.701 
131 24.0731.E1    (0)    6 :  0.745 0.006 0.009 0.013 0.064 0.007 0.146 0.009 
132 24.0732.E1    (0)    6 :  0.109 0.041 0.005 0.013 0.756 0.006 0.044 0.028 
133 24.0733.E1    (0)    6 :  0.007 0.004 0.005 0.007 0.016 0.004 0.953 0.005 
134 24.0734.E1    (0)    6 :  0.011 0.014 0.008 0.015 0.830 0.018 0.034 0.071 
135 24.0735.E1    (0)    6 :  0.022 0.016 0.028 0.061 0.242 0.010 0.576 0.046 
136 24.0736.E1    (0)    6 :  0.007 0.005 0.006 0.008 0.041 0.006 0.919 0.008 
137 24.0737.E1    (0)    6 :  0.017 0.012 0.010 0.029 0.008 0.021 0.875 0.027 
138 24.0738.E1    (0)    6 :  0.012 0.010 0.005 0.011 0.031 0.010 0.904 0.017 
139 24.0739.E1    (0)    6 :  0.011 0.008 0.006 0.017 0.006 0.006 0.923 0.022 
140 24.0740.E1    (0)    6 :  0.312 0.012 0.013 0.020 0.012 0.014 0.600 0.016 
141 24.0741.E1    (0)    6 :  0.205 0.009 0.010 0.021 0.377 0.010 0.320 0.048 
142 24.0742.E1    (0)    6 :  0.028 0.008 0.007 0.010 0.779 0.015 0.142 0.012 
143 24.0743.E1    (0)    6 :  0.395 0.016 0.017 0.006 0.060 0.060 0.432 0.013 
144 24.0744.E1    (0)    6 :  0.136 0.346 0.026 0.017 0.160 0.026 0.267 0.021 
145 24.0745.E1    (0)    7 :  0.024 0.028 0.010 0.004 0.906 0.010 0.005 0.013 
146 24.0746.E1    (0)    7 :  0.051 0.010 0.010 0.056 0.624 0.157 0.041 0.051 
147 24.0747.E1    (0)    7 :  0.220 0.011 0.026 0.012 0.681 0.008 0.027 0.014 
148 24.0748.E1    (6)    7 :  0.294 0.013 0.036 0.010 0.590 0.008 0.034 0.015 
149 24.0749.E1    (0)    7 :  0.009 0.007 0.006 0.007 0.726 0.009 0.227 0.008 
150 24.0750.E1    (0)    7 :  0.361 0.052 0.021 0.014 0.262 0.032 0.170 0.088 
151 24.0751.E1    (0)    7 :  0.005 0.004 0.004 0.006 0.964 0.004 0.007 0.005 
152 24.0752.E1    (0)    7 :  0.011 0.005 0.010 0.007 0.900 0.007 0.048 0.012 
153 24.0753.E1    (0)    7 :  0.014 0.010 0.006 0.232 0.522 0.010 0.194 0.011 
154 24.0754.E1    (0)    7 :  0.021 0.008 0.006 0.017 0.913 0.005 0.020 0.009 
155 24.0755.E1    (0)    7 :  0.114 0.009 0.029 0.030 0.761 0.013 0.017 0.027 
156 24.0756.E1    (0)    7 :  0.006 0.006 0.010 0.009 0.942 0.008 0.015 0.005 
157 24.0757.E1    (0)    7 :  0.004 0.004 0.003 0.004 0.975 0.003 0.003 0.004 
158 24.0758.E1    (0)    7 :  0.004 0.004 0.003 0.004 0.974 0.003 0.004 0.004 
159 24.0759.E1    (0)    7 :  0.007 0.009 0.006 0.006 0.943 0.006 0.016 0.008 
160 24.0760.E1    (0)    7 :  0.022 0.012 0.006 0.310 0.598 0.009 0.011 0.033 
161 24.0761.E1    (0)    7 :  0.005 0.004 0.005 0.009 0.963 0.004 0.006 0.005 
162 24.0762.E1    (0)    7 :  0.065 0.369 0.056 0.010 0.066 0.020 0.287 0.128 
163 24.0763.E1    (0)    7 :  0.010 0.004 0.004 0.004 0.962 0.004 0.007 0.004 
164 24.0764.E1    (0)    7 :  0.005 0.005 0.004 0.008 0.957 0.004 0.011 0.006 
165 24.0765.E1    (0)    7 :  0.016 0.006 0.009 0.024 0.914 0.015 0.007 0.008 
166 24.0766.E1    (0)    7 :  0.007 0.006 0.005 0.007 0.955 0.005 0.009 0.006 
167 24.0767.E1    (0)    7 :  0.006 0.003 0.004 0.004 0.971 0.004 0.004 0.004 
168 24.0768.E1    (0)    7 :  0.474 0.010 0.050 0.005 0.142 0.053 0.239 0.026 
169 24.0779.E1    (0)    8 :  0.050 0.017 0.008 0.007 0.046 0.066 0.017 0.788 
170 24.0780.E1    (6)    8 :  0.053 0.016 0.156 0.007 0.004 0.011 0.008 0.745 
171 24.0781.E1    (0)    8 :  0.036 0.017 0.007 0.005 0.005 0.006 0.004 0.919 
172 24.0782.E1    (0)    8 :  0.458 0.013 0.045 0.041 0.033 0.045 0.155 0.210 
173 24.0783.E1    (0)    8 :  0.109 0.239 0.345 0.017 0.006 0.010 0.011 0.263 
174 24.0784.E1    (0)    8 :  0.037 0.005 0.017 0.005 0.004 0.024 0.008 0.899 
175 24.0785.E1    (0)    8 :  0.013 0.063 0.058 0.004 0.004 0.032 0.007 0.819 
176 24.0786.E1    (0)    8 :  0.133 0.021 0.100 0.010 0.010 0.011 0.024 0.691 
177 24.0787.E1    (0)    8 :  0.017 0.048 0.009 0.044 0.015 0.013 0.013 0.840 
178 24.0788.E1    (0)    8 :  0.040 0.081 0.072 0.025 0.007 0.010 0.006 0.760 
179 24.0789.E1    (0)    8 :  0.010 0.010 0.030 0.020 0.007 0.040 0.032 0.851 
180 24.0790.E1    (0)    8 :  0.007 0.080 0.011 0.006 0.004 0.012 0.004 0.875 
181 24.0791.E1    (0)    8 :  0.043 0.372 0.011 0.006 0.008 0.029 0.251 0.279 
182 24.0792.E1    (0)    8 :  0.087 0.214 0.046 0.005 0.029 0.009 0.010 0.599 
183 24.0793.E1    (0)    9 :  0.008 0.009 0.114 0.047 0.007 0.709 0.044 0.063 
184 24.0794.E1    (0)    9 :  0.006 0.044 0.063 0.006 0.007 0.063 0.704 0.106 
185 24.0795.E1    (0)    9 :  0.020 0.007 0.023 0.031 0.007 0.697 0.194 0.020 
186 24.0796.E1    (0)    9 :  0.009 0.044 0.408 0.009 0.005 0.121 0.165 0.239 
187 24.0797.E1    (0)    9 :  0.007 0.010 0.206 0.009 0.004 0.645 0.019 0.100 
188 24.0798.E1    (0)    9 :  0.020 0.409 0.021 0.033 0.019 0.468 0.010 0.020 
189 24.0799.E1    (0)    9 :  0.010 0.012 0.041 0.007 0.007 0.871 0.035 0.017 
190 24.0800.E1    (0)    9 :  0.043 0.020 0.528 0.007 0.009 0.351 0.024 0.017 
191 24.0801.E1    (0)    9 :  0.017 0.365 0.008 0.007 0.006 0.581 0.005 0.010 
192 24.0802.E1    (0)    9 :  0.009 0.010 0.024 0.018 0.004 0.919 0.007 0.009 
193 24.0803.E1    (0)    9 :  0.007 0.013 0.008 0.008 0.006 0.941 0.010 0.008 
194 24.0804.E1    (0)    9 :  0.008 0.004 0.113 0.018 0.004 0.834 0.010 0.009 
195 24.0805.E1    (0)    9 :  0.040 0.010 0.010 0.004 0.006 0.912 0.008 0.010 
196 24.0806.E1    (0)    9 :  0.005 0.005 0.006 0.021 0.005 0.945 0.006 0.006 
197 24.0807.E1    (0)    9 :  0.011 0.010 0.026 0.008 0.004 0.918 0.008 0.016 
198 24.0808.E1    (0)    9 :  0.151 0.012 0.156 0.019 0.006 0.531 0.015 0.111 
199 24.0809.E1    (0)    9 :  0.086 0.016 0.141 0.006 0.011 0.707 0.023 0.011 
200 24.0810.E1    (0)    9 :  0.019 0.007 0.020 0.012 0.009 0.918 0.007 0.008 
201 24.0811.E1    (0)    9 :  0.009 0.006 0.137 0.017 0.005 0.776 0.027 0.023 
202 24.0812.E1    (0)    9 :  0.033 0.010 0.170 0.007 0.006 0.696 0.042 0.036 
203 24.0813.E1    (0)    9 :  0.052 0.006 0.022 0.010 0.006 0.863 0.007 0.034 
204 24.0814.E1    (6)    9 :  0.021 0.008 0.278 0.033 0.004 0.635 0.009 0.011 
205 24.0815.E1    (0)    9 :  0.010 0.019 0.022 0.021 0.007 0.909 0.004 0.008 
206 24.0816.E1    (0)    9 :  0.004 0.014 0.016 0.011 0.004 0.933 0.006 0.012 
207 24.0817.E1    (0)   10 :  0.010 0.007 0.892 0.005 0.006 0.045 0.016 0.018 
208 24.0818.E1    (0)   10 :  0.007 0.013 0.813 0.016 0.012 0.029 0.042 0.068 
209 24.0819.E1    (0)   10 :  0.015 0.190 0.084 0.022 0.217 0.440 0.015 0.017 
210 24.0820.E1    (0)   10 :  0.005 0.068 0.578 0.009 0.311 0.011 0.006 0.010 
211 24.0821.E1    (0)   10 :  0.017 0.403 0.260 0.011 0.006 0.065 0.016 0.223 
212 24.0822.E1    (0)   10 :  0.008 0.007 0.925 0.004 0.019 0.006 0.006 0.025 
213 24.0823.E1    (0)   10 :  0.008 0.032 0.871 0.012 0.054 0.008 0.007 0.008 
214 24.0824.E1    (0)   10 :  0.057 0.444 0.449 0.007 0.010 0.018 0.008 0.008 
215 24.0825.E1    (0)   10 :  0.013 0.005 0.955 0.005 0.006 0.006 0.005 0.006 
216 24.0826.E1    (0)   10 :  0.008 0.101 0.689 0.010 0.146 0.013 0.006 0.027 
217 24.0827.E1    (0)   10 :  0.012 0.009 0.895 0.008 0.004 0.016 0.041 0.017 
218 24.0828.E1    (0)   10 :  0.019 0.122 0.705 0.013 0.029 0.057 0.012 0.044 
219 24.0829.E1    (0)   10 :  0.012 0.010 0.638 0.006 0.012 0.305 0.006 0.012 
220 24.0830.E1    (0)   10 :  0.012 0.048 0.883 0.005 0.004 0.015 0.007 0.027 
221 24.0831.E1    (0)   10 :  0.012 0.094 0.820 0.005 0.004 0.012 0.005 0.047 
222 24.0832.E1    (0)   10 :  0.009 0.005 0.956 0.004 0.004 0.006 0.011 0.007 
223 24.0833.E1    (0)   10 :  0.010 0.004 0.966 0.004 0.004 0.004 0.004 0.004 
224 24.0834.E1    (0)   10 :  0.010 0.006 0.950 0.006 0.008 0.007 0.008 0.006 
225 24.0835.E1    (0)   10 :  0.009 0.008 0.936 0.007 0.004 0.014 0.014 0.008 
226 24.0836.E1    (0)   10 :  0.026 0.013 0.906 0.005 0.011 0.013 0.014 0.012 
227 24.0837.E1    (0)   10 :  0.009 0.008 0.945 0.005 0.006 0.008 0.007 0.011 
228 24.0838.E1    (0)   10 :  0.014 0.005 0.946 0.004 0.008 0.007 0.004 0.010 
229 24.0839.E1    (0)   10 :  0.022 0.039 0.328 0.029 0.022 0.428 0.060 0.072 
230 24.0840.E1    (0)   10 :  0.006 0.009 0.600 0.016 0.004 0.343 0.011 0.011 
231 24.0841.E1    (0)   11 :  0.015 0.006 0.203 0.004 0.010 0.723 0.010 0.030 
232 24.0842.E1    (0)   11 :  0.008 0.174 0.150 0.003 0.007 0.635 0.009 0.013 
233 24.0843.E1    (0)   11 :  0.006 0.298 0.446 0.005 0.024 0.194 0.005 0.021 
234 24.0844.E1    (0)   11 :  0.017 0.359 0.314 0.006 0.007 0.235 0.035 0.028 
235 24.0845.E1    (0)   11 :  0.020 0.028 0.855 0.006 0.005 0.022 0.010 0.055 
236 24.0846.E1    (0)   11 :  0.014 0.012 0.884 0.013 0.011 0.040 0.015 0.011 
237 24.0847.E1    (0)   11 :  0.103 0.017 0.757 0.007 0.014 0.042 0.048 0.011 
238 24.0848.E1    (0)   11 :  0.052 0.024 0.765 0.005 0.005 0.093 0.017 0.039 
239 24.0849.E1    (0)   11 :  0.005 0.008 0.953 0.004 0.008 0.009 0.006 0.006 
240 24.0850.E1    (0)   11 :  0.005 0.008 0.953 0.004 0.008 0.009 0.006 0.007 
241 24.0851.E1    (0)   11 :  0.005 0.008 0.954 0.004 0.007 0.009 0.006 0.006 
242 24.0852.E1    (0)   11 :  0.012 0.031 0.817 0.005 0.040 0.027 0.007 0.061 
243 24.0853.E1    (0)   11 :  0.006 0.006 0.954 0.006 0.009 0.009 0.005 0.006 
244 24.0854.E1    (0)   11 :  0.010 0.855 0.058 0.007 0.009 0.028 0.014 0.019 
245 24.0855.E1    (0)   11 :  0.015 0.008 0.818 0.005 0.015 0.124 0.006 0.009 
246 24.0856.E1    (0)   11 :  0.012 0.259 0.063 0.113 0.042 0.308 0.100 0.103 
247 24.0857.E1    (0)   11 :  0.024 0.013 0.776 0.010 0.011 0.132 0.021 0.013 
248 24.0858.E1    (0)   11 :  0.017 0.020 0.818 0.005 0.017 0.058 0.011 0.055 
249 24.0859.E1    (0)   11 :  0.010 0.020 0.808 0.016 0.073 0.048 0.010 0.015 
250 24.0860.E1    (0)   11 :  0.008 0.018 0.101 0.031 0.038 0.714 0.026 0.064 
251 24.0861.E1    (0)   11 :  0.005 0.007 0.944 0.004 0.009 0.015 0.006 0.009 
252 24.0862.E1    (0)   11 :  0.009 0.007 0.023 0.018 0.007 0.897 0.022 0.018 
253 24.0863.E1    (0)   11 :  0.005 0.007 0.943 0.004 0.009 0.016 0.006 0.010 
254 24.0864.E1    (0)   11 :  0.610 0.040 0.151 0.007 0.007 0.026 0.098 0.061 
255 24.0865.E1    (0)   12 :  0.087 0.159 0.248 0.020 0.273 0.018 0.021 0.175 
256 24.0866.E1    (0)   12 :  0.286 0.030 0.248 0.007 0.043 0.136 0.038 0.211 
257 24.0867.E1    (0)   12 :  0.503 0.034 0.163 0.050 0.194 0.021 0.014 0.021 
258 24.0868.E1    (0)   12 :  0.638 0.025 0.032 0.022 0.017 0.022 0.009 0.234 
259 24.0869.E1    (0)   12 :  0.891 0.008 0.025 0.034 0.005 0.016 0.006 0.016 
260 24.0870.E1    (0)   12 :  0.461 0.024 0.035 0.110 0.022 0.023 0.090 0.235 
261 24.0871.E1    (0)   12 :  0.638 0.052 0.037 0.056 0.008 0.050 0.062 0.097 
262 24.0872.E1    (0)   12 :  0.321 0.165 0.058 0.016 0.247 0.028 0.013 0.151 
263 24.0873.E1    (0)   12 :  0.853 0.031 0.024 0.013 0.012 0.031 0.010 0.025 
264 24.0874.E1    (0)   12 :  0.271 0.055 0.307 0.010 0.265 0.054 0.010 0.026 
265 24.0875.E1    (0)   12 :  0.352 0.306 0.019 0.014 0.013 0.029 0.098 0.168 
266 24.0876.E1    (0)   12 :  0.476 0.232 0.007 0.009 0.017 0.016 0.184 0.059 
267 24.0877.E1    (0)   12 :  0.051 0.015 0.006 0.007 0.087 0.012 0.786 0.036 
268 24.0878.E1    (0)   12 :  0.421 0.014 0.024 0.011 0.017 0.012 0.485 0.016 
269 24.0879.E1    (0)   12 :  0.028 0.292 0.006 0.014 0.007 0.007 0.633 0.015 
270 24.0880.E1    (0)   12 :  0.605 0.046 0.237 0.015 0.011 0.011 0.022 0.052 
271 24.0881.E1    (0)   12 :  0.010 0.007 0.005 0.012 0.011 0.005 0.944 0.006 
272 24.0882.E1    (0)   12 :  0.021 0.010 0.010 0.009 0.717 0.009 0.205 0.019 
273 24.0883.E1    (0)   12 :  0.225 0.347 0.013 0.016 0.184 0.006 0.196 0.013 
274 24.0884.E1    (0)   12 :  0.071 0.023 0.007 0.009 0.072 0.009 0.793 0.017 
275 24.0885.E1    (0)   12 :  0.391 0.063 0.009 0.015 0.008 0.007 0.464 0.044 
276 24.0886.E1    (0)   12 :  0.416 0.079 0.010 0.006 0.197 0.012 0.262 0.017 
277 24.0887.E1    (0)   12 :  0.030 0.201 0.005 0.012 0.711 0.006 0.029 0.006 
278 24.0888.E1    (0)   12 :  0.032 0.098 0.007 0.008 0.006 0.034 0.017 0.798 


Estimated Allele Frequencies in each cluster
First column gives estimated ancestral frequencies


Locus 1 : 
31 alleles
0.0% missing data
 115   (0.032) 0.121 0.015 0.003 0.004 0.007 0.013 0.130 0.008 
 117   (0.044) 0.049 0.016 0.003 0.005 0.190 0.060 0.184 0.009 
 119   (0.042) 0.025 0.007 0.003 0.268 0.310 0.006 0.256 0.009 
 131   (0.015) 0.006 0.003 0.001 0.002 0.004 0.002 0.048 0.003 
 128   (0.037) 0.038 0.026 0.016 0.004 0.004 0.012 0.038 0.032 
 135   (0.017) 0.017 0.003 0.001 0.002 0.008 0.005 0.042 0.004 
 126   (0.077) 0.059 0.051 0.199 0.013 0.080 0.046 0.094 0.079 
 122   (0.034) 0.010 0.009 0.003 0.092 0.002 0.107 0.013 0.028 
 132   (0.033) 0.017 0.016 0.021 0.004 0.017 0.038 0.005 0.024 
 141   (0.011) 0.002 0.002 0.001 0.003 0.001 0.002 0.010 0.002 
 130   (0.049) 0.097 0.099 0.019 0.018 0.014 0.021 0.006 0.059 
 134   (0.041) 0.027 0.007 0.046 0.125 0.003 0.028 0.005 0.027 
 145   (0.022) 0.005 0.060 0.006 0.017 0.010 0.003 0.003 0.022 
 127   (0.028) 0.006 0.007 0.002 0.063 0.144 0.004 0.029 0.006 
 116   (0.106) 0.165 0.151 0.174 0.167 0.018 0.137 0.016 0.270 
 114   (0.055) 0.032 0.031 0.160 0.067 0.007 0.139 0.007 0.043 
 120   (0.037) 0.013 0.092 0.003 0.084 0.003 0.006 0.009 0.065 
 110   (0.048) 0.052 0.058 0.069 0.022 0.025 0.019 0.010 0.029 
 133   (0.015) 0.003 0.003 0.001 0.009 0.013 0.007 0.004 0.003 
 118   (0.101) 0.186 0.285 0.195 0.012 0.023 0.302 0.014 0.221 
 125   (0.014) 0.002 0.004 0.010 0.002 0.001 0.009 0.002 0.006 
 129   (0.022) 0.008 0.022 0.001 0.003 0.007 0.004 0.040 0.008 
 124   (0.017) 0.004 0.017 0.001 0.002 0.002 0.003 0.010 0.014 
 136   (0.020) 0.041 0.003 0.046 0.002 0.001 0.004 0.003 0.005 
 121   (0.015) 0.004 0.002 0.001 0.002 0.064 0.002 0.005 0.003 
 139   (0.012) 0.002 0.002 0.001 0.001 0.001 0.002 0.011 0.002 
 113   (0.010) 0.001 0.001 0.001 0.001 0.014 0.001 0.001 0.002 
 111   (0.011) 0.002 0.002 0.001 0.002 0.013 0.001 0.002 0.002 
 143   (0.011) 0.002 0.002 0.001 0.001 0.014 0.001 0.001 0.002 
 140   (0.016) 0.003 0.004 0.001 0.002 0.001 0.015 0.002 0.012 
 112   (0.010) 0.002 0.002 0.010 0.001 0.001 0.002 0.001 0.002 

Locus 2 : 
18 alleles
0.0% missing data
 152   (0.369) 0.531 0.322 0.235 0.400 0.785 0.514 0.646 0.276 
 148   (0.074) 0.165 0.042 0.007 0.217 0.028 0.015 0.129 0.031 
 154   (0.113) 0.154 0.047 0.180 0.254 0.036 0.078 0.056 0.078 
 156   (0.017) 0.003 0.004 0.001 0.002 0.001 0.008 0.013 0.006 
 150   (0.025) 0.004 0.005 0.002 0.063 0.043 0.003 0.009 0.005 
 164   (0.077) 0.033 0.021 0.080 0.012 0.015 0.083 0.070 0.129 
 158   (0.033) 0.021 0.109 0.003 0.018 0.010 0.013 0.009 0.008 
 160   (0.019) 0.008 0.003 0.001 0.003 0.020 0.003 0.003 0.013 
 166   (0.019) 0.003 0.004 0.001 0.004 0.001 0.036 0.004 0.014 
 151   (0.060) 0.011 0.242 0.386 0.006 0.004 0.027 0.008 0.232 
 147   (0.070) 0.030 0.130 0.092 0.008 0.007 0.178 0.009 0.122 
 168   (0.025) 0.010 0.020 0.003 0.004 0.003 0.010 0.004 0.021 
 153   (0.015) 0.002 0.008 0.001 0.002 0.001 0.002 0.002 0.019 
 149   (0.025) 0.017 0.031 0.002 0.003 0.011 0.004 0.003 0.009 
 162   (0.021) 0.003 0.005 0.002 0.003 0.003 0.019 0.009 0.012 
 167   (0.012) 0.002 0.002 0.001 0.001 0.001 0.002 0.023 0.002 
 146   (0.012) 0.002 0.002 0.001 0.001 0.028 0.002 0.001 0.002 
 172   (0.013) 0.002 0.002 0.001 0.001 0.001 0.002 0.001 0.023 

Locus 3 : 
4 alleles
0.0% missing data
 128   (0.288) 0.316 0.270 0.444 0.324 0.414 0.248 0.198 0.218 
 126   (0.617) 0.654 0.581 0.470 0.614 0.579 0.706 0.716 0.732 
 132   (0.080) 0.027 0.119 0.085 0.055 0.006 0.044 0.084 0.047 
 134   (0.014) 0.002 0.029 0.001 0.008 0.001 0.002 0.002 0.003 

Locus 4 : 
3 alleles
0.0% missing data
 170   (0.318) 0.176 0.229 0.340 0.400 0.281 0.320 0.346 0.363 
 172   (0.669) 0.820 0.769 0.659 0.587 0.717 0.678 0.652 0.634 
 171   (0.013) 0.003 0.002 0.001 0.013 0.002 0.002 0.002 0.003 

Locus 5 : 
37 alleles
0.0% missing data
 125   (0.050) 0.040 0.102 0.106 0.066 0.037 0.011 0.068 0.023 
 110   (0.036) 0.006 0.036 0.055 0.044 0.016 0.028 0.060 0.009 
 129   (0.033) 0.011 0.019 0.010 0.004 0.003 0.041 0.050 0.103 
 113   (0.031) 0.016 0.009 0.014 0.004 0.002 0.090 0.012 0.102 
 145   (0.048) 0.124 0.114 0.012 0.006 0.100 0.008 0.207 0.035 
 155   (0.052) 0.027 0.017 0.040 0.166 0.017 0.087 0.153 0.035 
 117   (0.031) 0.099 0.010 0.002 0.005 0.033 0.022 0.020 0.017 
 124   (0.009) 0.002 0.001 0.001 0.001 0.001 0.001 0.022 0.002 
 133   (0.036) 0.029 0.023 0.003 0.004 0.072 0.010 0.040 0.054 
 157   (0.051) 0.046 0.109 0.037 0.031 0.027 0.041 0.009 0.124 
 141   (0.015) 0.007 0.006 0.003 0.002 0.001 0.002 0.006 0.030 
 112   (0.070) 0.099 0.021 0.167 0.186 0.154 0.060 0.066 0.052 
 121   (0.021) 0.003 0.009 0.008 0.011 0.003 0.061 0.005 0.014 
 114   (0.038) 0.124 0.007 0.056 0.019 0.164 0.006 0.043 0.009 
 153   (0.053) 0.042 0.186 0.089 0.011 0.004 0.146 0.053 0.032 
 127   (0.075) 0.080 0.064 0.119 0.050 0.084 0.085 0.079 0.113 
 131   (0.060) 0.047 0.095 0.052 0.211 0.187 0.078 0.042 0.018 
 135   (0.029) 0.028 0.036 0.065 0.009 0.003 0.028 0.006 0.021 
 104   (0.009) 0.003 0.002 0.001 0.012 0.001 0.001 0.001 0.002 
 118   (0.018) 0.014 0.012 0.001 0.018 0.002 0.003 0.011 0.009 
 116   (0.029) 0.031 0.025 0.011 0.025 0.003 0.039 0.005 0.010 
 137   (0.025) 0.008 0.013 0.002 0.090 0.006 0.060 0.005 0.014 
 123   (0.020) 0.006 0.008 0.073 0.004 0.002 0.030 0.006 0.005 
 149   (0.009) 0.007 0.002 0.003 0.001 0.001 0.003 0.001 0.003 
 138   (0.013) 0.002 0.022 0.001 0.002 0.001 0.002 0.002 0.041 
 143   (0.023) 0.003 0.010 0.043 0.003 0.065 0.005 0.003 0.034 
 163   (0.008) 0.002 0.001 0.001 0.003 0.001 0.002 0.001 0.007 
 109   (0.009) 0.024 0.001 0.001 0.001 0.001 0.001 0.001 0.002 
 139   (0.010) 0.002 0.005 0.001 0.001 0.001 0.001 0.001 0.008 
 106   (0.009) 0.002 0.002 0.001 0.001 0.001 0.002 0.001 0.009 
 144   (0.015) 0.036 0.003 0.001 0.002 0.001 0.014 0.002 0.004 
 122   (0.012) 0.009 0.002 0.001 0.001 0.004 0.002 0.011 0.003 
 100   (0.018) 0.008 0.010 0.009 0.003 0.001 0.024 0.003 0.020 
 111   (0.010) 0.002 0.007 0.001 0.001 0.001 0.001 0.001 0.028 
 233   (0.007) 0.001 0.009 0.002 0.001 0.000 0.002 0.001 0.004 
 134   (0.009) 0.001 0.003 0.009 0.001 0.001 0.001 0.001 0.002 
 140   (0.008) 0.008 0.002 0.001 0.001 0.001 0.001 0.001 0.004 

Locus 6 : 
17 alleles
0.0% missing data
 221   (0.022) 0.004 0.003 0.002 0.002 0.080 0.003 0.137 0.004 
 232   (0.243) 0.246 0.351 0.429 0.134 0.442 0.308 0.189 0.325 
 229   (0.052) 0.027 0.016 0.070 0.059 0.057 0.016 0.104 0.011 
 223   (0.062) 0.063 0.070 0.044 0.008 0.009 0.043 0.096 0.038 
 230   (0.157) 0.237 0.138 0.155 0.155 0.289 0.082 0.074 0.207 
 235   (0.013) 0.002 0.002 0.001 0.001 0.001 0.002 0.069 0.002 
 236   (0.038) 0.013 0.032 0.003 0.043 0.007 0.009 0.088 0.021 
 227   (0.022) 0.008 0.007 0.002 0.002 0.003 0.004 0.062 0.010 
 220   (0.054) 0.042 0.031 0.048 0.174 0.004 0.128 0.008 0.030 
 222   (0.042) 0.022 0.009 0.005 0.237 0.003 0.154 0.005 0.036 
 234   (0.137) 0.227 0.200 0.115 0.164 0.062 0.119 0.082 0.109 
 224   (0.031) 0.007 0.077 0.055 0.004 0.002 0.006 0.004 0.029 
 228   (0.059) 0.047 0.037 0.049 0.007 0.005 0.053 0.015 0.165 
 225   (0.011) 0.002 0.002 0.001 0.002 0.001 0.011 0.003 0.002 
 226   (0.016) 0.002 0.002 0.017 0.002 0.001 0.059 0.003 0.003 
 233   (0.026) 0.026 0.018 0.002 0.003 0.035 0.004 0.039 0.006 
 231   (0.014) 0.023 0.004 0.001 0.001 0.001 0.002 0.022 0.003 

Locus 7 : 
10 alleles
0.0% missing data
 121   (0.692) 0.815 0.697 0.716 0.793 0.745 0.762 0.891 0.840 
 129   (0.091) 0.058 0.073 0.152 0.012 0.104 0.056 0.069 0.054 
 130   (0.013) 0.002 0.002 0.001 0.001 0.001 0.027 0.002 0.003 
 123   (0.095) 0.036 0.161 0.123 0.125 0.100 0.097 0.022 0.058 
 128   (0.020) 0.004 0.011 0.001 0.037 0.021 0.003 0.003 0.004 
 131   (0.015) 0.003 0.007 0.002 0.023 0.001 0.006 0.002 0.003 
 117   (0.012) 0.002 0.002 0.001 0.001 0.001 0.002 0.001 0.012 
 125   (0.012) 0.002 0.038 0.001 0.001 0.001 0.002 0.001 0.002 
 134   (0.034) 0.071 0.008 0.003 0.005 0.007 0.045 0.005 0.022 
 132   (0.014) 0.008 0.002 0.001 0.001 0.019 0.002 0.002 0.003 

Locus 8 : 
19 alleles
0.0% missing data
 184   (0.295) 0.425 0.448 0.338 0.505 0.354 0.353 0.503 0.363 
 194   (0.046) 0.077 0.031 0.011 0.020 0.020 0.010 0.029 0.039 
 178   (0.105) 0.087 0.034 0.195 0.175 0.060 0.122 0.210 0.062 
 176   (0.082) 0.083 0.100 0.035 0.013 0.207 0.079 0.047 0.090 
 182   (0.074) 0.060 0.023 0.047 0.009 0.193 0.143 0.032 0.112 
 190   (0.030) 0.005 0.006 0.010 0.067 0.043 0.038 0.006 0.006 
 196   (0.023) 0.007 0.014 0.043 0.003 0.002 0.005 0.010 0.016 
 200   (0.029) 0.007 0.030 0.002 0.006 0.011 0.015 0.017 0.028 
 180   (0.025) 0.003 0.069 0.002 0.067 0.002 0.005 0.012 0.005 
 188   (0.041) 0.054 0.037 0.040 0.013 0.004 0.007 0.026 0.025 
 174   (0.038) 0.079 0.037 0.003 0.022 0.031 0.010 0.018 0.013 
 186   (0.121) 0.088 0.109 0.203 0.070 0.064 0.178 0.072 0.205 
 192   (0.022) 0.004 0.011 0.063 0.014 0.003 0.004 0.009 0.006 
 201   (0.010) 0.001 0.007 0.001 0.012 0.001 0.001 0.001 0.002 
 199   (0.019) 0.003 0.021 0.001 0.002 0.001 0.016 0.002 0.013 
 185   (0.010) 0.001 0.010 0.001 0.001 0.001 0.001 0.001 0.006 
 203   (0.011) 0.012 0.002 0.001 0.001 0.001 0.002 0.001 0.002 
 198   (0.009) 0.003 0.001 0.002 0.001 0.001 0.009 0.001 0.003 
 209   (0.009) 0.001 0.009 0.003 0.001 0.001 0.004 0.001 0.002 

Locus 9 : 
6 alleles
0.4% missing data
 154   (0.690) 0.669 0.744 0.788 0.826 0.643 0.800 0.719 0.768 
 156   (0.211) 0.254 0.239 0.103 0.163 0.339 0.182 0.167 0.163 
 152   (0.046) 0.043 0.007 0.105 0.005 0.006 0.008 0.073 0.024 
 153   (0.013) 0.002 0.002 0.002 0.002 0.001 0.003 0.002 0.020 
 160   (0.015) 0.002 0.003 0.001 0.001 0.001 0.005 0.002 0.020 
 164   (0.026) 0.030 0.004 0.002 0.003 0.010 0.004 0.036 0.005 

Locus 10 : 
29 alleles
0.7% missing data
 305   (0.067) 0.015 0.013 0.008 0.196 0.009 0.117 0.107 0.100 
 313   (0.048) 0.014 0.022 0.006 0.006 0.006 0.045 0.144 0.050 
 311   (0.014) 0.002 0.006 0.001 0.002 0.001 0.002 0.018 0.004 
 299   (0.102) 0.035 0.020 0.214 0.039 0.035 0.109 0.268 0.175 
 315   (0.076) 0.032 0.042 0.013 0.077 0.094 0.017 0.083 0.127 
 287   (0.021) 0.004 0.532 0.002 0.004 0.002 0.009 0.007 0.006 
 291   (0.113) 0.328 0.021 0.338 0.077 0.024 0.100 0.107 0.070 
 295   (0.021) 0.180 0.003 0.002 0.004 0.002 0.003 0.022 0.006 
 289   (0.017) 0.002 0.004 0.001 0.003 0.001 0.119 0.003 0.005 
 303   (0.059) 0.022 0.090 0.171 0.086 0.530 0.010 0.012 0.058 
 297   (0.042) 0.067 0.006 0.032 0.006 0.091 0.110 0.014 0.011 
 293   (0.020) 0.011 0.031 0.001 0.004 0.001 0.009 0.061 0.009 
 301   (0.061) 0.062 0.027 0.006 0.140 0.007 0.015 0.062 0.070 
 285   (0.027) 0.004 0.004 0.002 0.224 0.003 0.179 0.003 0.009 
 307   (0.053) 0.064 0.011 0.075 0.038 0.175 0.009 0.009 0.044 
 312   (0.053) 0.071 0.039 0.078 0.069 0.004 0.011 0.008 0.066 
 306   (0.026) 0.031 0.008 0.003 0.004 0.002 0.004 0.008 0.053 
 320   (0.014) 0.002 0.002 0.001 0.001 0.001 0.002 0.002 0.023 
 317   (0.021) 0.003 0.044 0.007 0.002 0.001 0.003 0.020 0.029 
 314   (0.026) 0.008 0.029 0.002 0.003 0.002 0.004 0.025 0.014 
 323   (0.012) 0.002 0.008 0.001 0.001 0.001 0.002 0.002 0.007 
 325   (0.011) 0.002 0.008 0.001 0.001 0.001 0.002 0.002 0.006 
 310   (0.017) 0.005 0.013 0.027 0.002 0.001 0.002 0.003 0.008 
 309   (0.013) 0.024 0.002 0.001 0.002 0.001 0.002 0.002 0.003 
 316   (0.014) 0.002 0.004 0.003 0.002 0.001 0.003 0.003 0.029 
 296   (0.012) 0.003 0.004 0.001 0.001 0.001 0.002 0.001 0.009 
 304   (0.015) 0.002 0.002 0.002 0.002 0.001 0.056 0.002 0.003 
 321   (0.012) 0.002 0.002 0.001 0.001 0.001 0.029 0.001 0.002 
 332   (0.012) 0.002 0.002 0.001 0.001 0.001 0.027 0.002 0.002 

Locus 11 : 
19 alleles
0.0% missing data
 114   (0.150) 0.241 0.077 0.017 0.281 0.201 0.033 0.234 0.153 
 126   (0.022) 0.006 0.003 0.001 0.020 0.004 0.003 0.055 0.004 
 111   (0.071) 0.012 0.024 0.543 0.008 0.005 0.531 0.253 0.016 
 116   (0.116) 0.123 0.098 0.022 0.024 0.252 0.082 0.110 0.071 
 132   (0.013) 0.002 0.002 0.001 0.001 0.001 0.002 0.011 0.003 
 109   (0.015) 0.004 0.002 0.001 0.002 0.001 0.002 0.045 0.003 
 128   (0.017) 0.015 0.003 0.002 0.002 0.001 0.002 0.008 0.005 
 112   (0.320) 0.464 0.461 0.035 0.595 0.497 0.091 0.216 0.595 
 122   (0.017) 0.008 0.006 0.002 0.011 0.005 0.003 0.002 0.006 
 124   (0.013) 0.002 0.002 0.001 0.019 0.001 0.002 0.002 0.002 
 118   (0.058) 0.051 0.066 0.013 0.019 0.018 0.056 0.020 0.025 
 127   (0.013) 0.002 0.002 0.001 0.001 0.001 0.002 0.002 0.012 
 113   (0.056) 0.013 0.113 0.300 0.006 0.004 0.127 0.007 0.045 
 115   (0.033) 0.028 0.110 0.003 0.004 0.003 0.008 0.016 0.012 
 120   (0.022) 0.020 0.003 0.047 0.002 0.001 0.003 0.003 0.004 
 117   (0.019) 0.003 0.004 0.005 0.002 0.002 0.022 0.003 0.013 
 125   (0.017) 0.003 0.014 0.001 0.002 0.001 0.002 0.003 0.025 
 119   (0.014) 0.002 0.002 0.002 0.001 0.001 0.027 0.002 0.003 
 136   (0.013) 0.002 0.008 0.001 0.001 0.001 0.002 0.008 0.002 

Locus 12 : 
28 alleles
0.7% missing data
 306   (0.063) 0.014 0.011 0.008 0.192 0.008 0.170 0.105 0.064 
 314   (0.055) 0.011 0.022 0.067 0.007 0.007 0.038 0.132 0.046 
 312   (0.013) 0.002 0.002 0.001 0.001 0.001 0.002 0.024 0.002 
 300   (0.105) 0.035 0.021 0.213 0.039 0.035 0.109 0.283 0.176 
 316   (0.042) 0.008 0.006 0.012 0.070 0.091 0.010 0.079 0.011 
 288   (0.020) 0.003 0.517 0.002 0.004 0.002 0.009 0.006 0.005 
 292   (0.122) 0.327 0.022 0.338 0.079 0.025 0.112 0.109 0.072 
 296   (0.027) 0.183 0.006 0.002 0.005 0.003 0.004 0.024 0.013 
 290   (0.018) 0.002 0.004 0.001 0.003 0.001 0.119 0.003 0.005 
 304   (0.064) 0.023 0.091 0.170 0.087 0.532 0.011 0.013 0.059 
 298   (0.044) 0.067 0.006 0.032 0.006 0.091 0.110 0.015 0.011 
 294   (0.022) 0.011 0.031 0.001 0.004 0.001 0.010 0.062 0.009 
 302   (0.061) 0.062 0.027 0.006 0.141 0.007 0.015 0.063 0.070 
 286   (0.029) 0.004 0.005 0.002 0.224 0.003 0.193 0.004 0.009 
 308   (0.034) 0.018 0.008 0.002 0.037 0.171 0.006 0.007 0.037 
 313   (0.045) 0.078 0.043 0.005 0.072 0.004 0.007 0.007 0.080 
 307   (0.042) 0.077 0.009 0.079 0.005 0.004 0.006 0.009 0.058 
 321   (0.014) 0.002 0.002 0.001 0.002 0.001 0.002 0.002 0.023 
 315   (0.044) 0.029 0.074 0.003 0.006 0.004 0.008 0.026 0.126 
 318   (0.019) 0.003 0.038 0.009 0.002 0.001 0.004 0.009 0.029 
 324   (0.014) 0.002 0.009 0.001 0.001 0.001 0.002 0.002 0.007 
 326   (0.012) 0.002 0.009 0.001 0.001 0.001 0.002 0.002 0.007 
 311   (0.021) 0.007 0.028 0.038 0.002 0.002 0.003 0.008 0.012 
 310   (0.014) 0.023 0.002 0.001 0.002 0.001 0.002 0.002 0.003 
 305   (0.015) 0.002 0.002 0.001 0.002 0.001 0.003 0.002 0.034 
 317   (0.014) 0.002 0.003 0.001 0.002 0.001 0.002 0.002 0.022 
 320   (0.013) 0.002 0.002 0.001 0.001 0.001 0.014 0.002 0.002 
 322   (0.014) 0.002 0.002 0.001 0.002 0.001 0.029 0.002 0.003 

Locus 13 : 
7 alleles
1.1% missing data
 161   (0.588) 0.784 0.469 0.428 0.079 0.890 0.524 0.650 0.556 
 163   (0.301) 0.159 0.510 0.542 0.038 0.031 0.370 0.277 0.420 
 160   (0.017) 0.003 0.003 0.001 0.436 0.001 0.003 0.002 0.003 
 162   (0.016) 0.002 0.002 0.001 0.439 0.001 0.002 0.002 0.003 
 165   (0.050) 0.044 0.011 0.026 0.006 0.005 0.098 0.064 0.012 
 166   (0.013) 0.006 0.003 0.001 0.002 0.003 0.002 0.003 0.003 
 164   (0.014) 0.002 0.002 0.001 0.001 0.069 0.002 0.002 0.003 

Locus 14 : 
4 alleles
0.4% missing data
  98   (0.957) 0.988 0.985 0.997 0.995 0.985 0.994 0.989 0.979 
 100   (0.013) 0.002 0.007 0.001 0.001 0.002 0.002 0.002 0.008 
  96   (0.017) 0.008 0.003 0.001 0.002 0.012 0.002 0.008 0.004 
 105   (0.013) 0.003 0.005 0.001 0.001 0.001 0.002 0.002 0.009 

Locus 15 : 
12 alleles
2.2% missing data
 171   (0.301) 0.225 0.411 0.340 0.222 0.186 0.315 0.389 0.380 
 177   (0.182) 0.247 0.207 0.091 0.339 0.057 0.137 0.224 0.147 
 173   (0.270) 0.359 0.229 0.510 0.126 0.082 0.426 0.271 0.282 
 179   (0.107) 0.043 0.101 0.031 0.294 0.552 0.071 0.068 0.086 
 183   (0.020) 0.003 0.006 0.002 0.003 0.010 0.008 0.028 0.007 
 181   (0.039) 0.014 0.008 0.021 0.005 0.106 0.009 0.006 0.057 
 197   (0.014) 0.059 0.002 0.001 0.001 0.002 0.002 0.002 0.003 
 170   (0.013) 0.006 0.013 0.001 0.002 0.001 0.002 0.002 0.011 
 189   (0.013) 0.004 0.002 0.001 0.005 0.001 0.005 0.003 0.015 
 203   (0.013) 0.037 0.002 0.001 0.001 0.001 0.002 0.002 0.002 
 187   (0.016) 0.003 0.018 0.001 0.002 0.001 0.009 0.004 0.006 
 198   (0.012) 0.002 0.002 0.001 0.001 0.001 0.015 0.001 0.002 

Values of parameters used in structure:
DATAFILE=STRUCTURE_main_final_278_HEG_ZG.str,	OUTFILE=STRUCTURE_main_final_278_HEG_ZG-K8-19,	NUMINDS=278,	NUMLOCI=15,	MISSING=-9,	LABEL=1,	POPDATA=1,	POPFLAG=0,	PHENOTYPE=0,	EXTRACOLS=0,	MAXPOPS=8,	BURNIN=100000,	NUMREPS=500000,	USEPOPINFO=0,	INFERALPHA=1,	INFERLAMBDA=0,	POPSPECIFICLAMBDA=0,	POPALPHAS=0,	COMPUTEPROB=1,	NOADMIX=0,	ADMBURNIN=2500,	UPDATEFREQ=1,	PRINTLIKES=0,	INTERMEDSAVE=0,	PRINTKLD=0,	PRINTNET=0,	PRINTLAMBDA=0,	ANCESTDIST=0,	NUMBOXES=1000,	ANCESTPINT=0.90000,	GENSBACK=2,	MIGRPRIOR=0.05000,	PRINTQHAT=0,	PRINTQSUM=0,	ALPHA=1.0000,	FREQSCORR=1,	FPRIORMEAN=0.0100,	FPRIORSD=0.0500,	ONEFST=0,	LAMBDA=1.0000,	UNIFPRIORALPHA=1,	ALPHAMAX=10.0000,	ALPHAPRIORA=1.0000,	ALPHAPRIORB=2.0000,	ALPHAPROPSD=0.0250,	STARTATPOPINFO=0,	RANDOMIZE=1,	LINKAGE=0,	METROFREQ=10,	REPORTHITRATE=0,	MARKOVPHASE=-1,	PHASED=0,	PLOIDY=2,	PHASEINFO=0	LOCPRIOR=0, 	LOCPRIORINIT=1.000000, 	LOCDATA=0, 	LOCISPOP=0, 	LOCPRIORSTEP=0.100000, 	MAXLOCPRIOR=20.000000, 	SEED=1782483157,	
[STRAT parameters]:    NUMSIMSTATS=1000,	PHENOTYPECOL=-9,	POOLFREQ=10,	LOCUSxONLY=0,	EMERROR=0.00100,	MISSINGPHENO=-9,	