

----------------------------------------------------
STRUCTURE by Pritchard, Stephens and Donnelly (2000)
     and Falush, Stephens and Pritchard (2003)
       Code by Pritchard, Falush and Hubisz
             Version 2.3.4 (Jul 2012)
----------------------------------------------------



Command line arguments:   structure -K 3 -i STRUCTURE_main_final_278_HEG_ZG.str -o STRUCTURE_main_final_278_HEG_ZG-K3-14 
Input File:    STRUCTURE_main_final_278_HEG_ZG.str

Run parameters:
   278 individuals
   15 loci
   3 populations assumed
   100000 Burn-in period
   500000 Reps


--------------------------------------------
Proportion of membership of each pre-defined
 population in each of the 3 clusters

Given    Inferred Clusters       Number of
 Pop       1      2      3      Individuals

  1:     0.061  0.081  0.858       24
  2:     0.905  0.031  0.065       24
  3:     0.034  0.846  0.120       24
  4:     0.100  0.115  0.786       24
  5:     0.117  0.265  0.618       24
  6:     0.266  0.032  0.702       24
  7:     0.828  0.017  0.154       24
  8:     0.039  0.641  0.320       14
  9:     0.034  0.892  0.074       24
 10:     0.029  0.942  0.028       24
 11:     0.033  0.888  0.079       24
 12:     0.244  0.248  0.508       24
--------------------------------------------

Allele-freq. divergence among pops (Net nucleotide distance),
computed using point estimates of P.

      1       2       3      
 1      -    0.0463  0.0237  
 2   0.0463     -    0.0231  
 3   0.0237  0.0231     -    

Average distances (expected heterozygosity) between individuals in same cluster:
cluster  1  : 0.6322 
cluster  2  : 0.6492 
cluster  3  : 0.6441 

--------------------------------------------
Estimated Ln Prob of Data   = -13320.0
Mean value of ln likelihood = -13054.1
Variance of ln likelihood   = 531.8
Mean value of alpha         = 0.0625

Mean value of Fst_1         = 0.0781
Mean value of Fst_2         = 0.0450
Mean value of Fst_3         = 0.0286


Inferred ancestry of individuals:
        Label (%Miss) Pop:  Inferred clusters
  1 24.0601.E1    (0)    1 :  0.043 0.012 0.946 
  2 24.0602.E1    (0)    1 :  0.010 0.018 0.973 
  3 24.0603.E1    (0)    1 :  0.015 0.010 0.975 
  4 24.0604.E1    (0)    1 :  0.023 0.077 0.900 
  5 24.0605.E1    (0)    1 :  0.023 0.016 0.961 
  6 24.0606.E1    (0)    1 :  0.017 0.015 0.968 
  7 24.0607.E1    (0)    1 :  0.159 0.142 0.699 
  8 24.0608.E1    (0)    1 :  0.088 0.257 0.656 
  9 24.0609.E1    (0)    1 :  0.007 0.194 0.799 
 10 24.0610.E1    (0)    1 :  0.009 0.063 0.928 
 11 24.0611.E1    (0)    1 :  0.011 0.025 0.964 
 12 24.0612.E1    (0)    1 :  0.027 0.009 0.964 
 13 24.0613.E1    (0)    1 :  0.008 0.013 0.979 
 14 24.0614.E1    (0)    1 :  0.249 0.298 0.453 
 15 24.0615.E1    (0)    1 :  0.062 0.176 0.763 
 16 24.0616.E1    (0)    1 :  0.012 0.014 0.973 
 17 24.0617.E1    (0)    1 :  0.036 0.311 0.653 
 18 24.0618.E1    (0)    1 :  0.009 0.114 0.876 
 19 24.0619.E1    (0)    1 :  0.008 0.009 0.982 
 20 24.0620.E1   (20)    1 :  0.528 0.042 0.430 
 21 24.0621.E1    (0)    1 :  0.008 0.054 0.938 
 22 24.0622.E1    (0)    1 :  0.023 0.009 0.968 
 23 24.0623.E1    (0)    1 :  0.091 0.046 0.863 
 24 24.0624.E1    (0)    1 :  0.009 0.012 0.979 
 25 24.0625.E1    (0)    2 :  0.952 0.022 0.026 
 26 24.0626.E1    (0)    2 :  0.981 0.010 0.008 
 27 24.0627.E1    (0)    2 :  0.912 0.061 0.027 
 28 24.0628.E1    (0)    2 :  0.911 0.051 0.037 
 29 24.0629.E1    (0)    2 :  0.900 0.024 0.076 
 30 24.0630.E1    (0)    2 :  0.971 0.013 0.016 
 31 24.0631.E1    (0)    2 :  0.984 0.006 0.010 
 32 24.0632.E1    (0)    2 :  0.969 0.016 0.015 
 33 24.0633.E1    (0)    2 :  0.911 0.035 0.054 
 34 24.0634.E1    (0)    2 :  0.972 0.015 0.013 
 35 24.0635.E1    (0)    2 :  0.666 0.175 0.159 
 36 24.0636.E1   (33)    2 :  0.945 0.011 0.044 
 37 24.0637.E1    (0)    2 :  0.984 0.007 0.010 
 38 24.0638.E1    (0)    2 :  0.917 0.017 0.066 
 39 24.0639.E1    (0)    2 :  0.918 0.047 0.035 
 40 24.0640.E1    (0)    2 :  0.976 0.011 0.013 
 41 24.0641.E1    (0)    2 :  0.326 0.088 0.585 
 42 24.0642.E1    (0)    2 :  0.727 0.008 0.265 
 43 24.0643.E1    (0)    2 :  0.946 0.020 0.034 
 44 24.0644.E1    (0)    2 :  0.954 0.032 0.014 
 45 24.0645.E1    (0)    2 :  0.969 0.016 0.016 
 46 24.0646.E1    (0)    2 :  0.953 0.032 0.015 
 47 24.0647.E1    (0)    2 :  0.983 0.007 0.010 
 48 24.0648.E1    (0)    2 :  0.983 0.007 0.010 
 49 24.0649.E1    (0)    3 :  0.008 0.785 0.207 
 50 24.0650.E1    (0)    3 :  0.006 0.650 0.344 
 51 24.0651.E1    (0)    3 :  0.184 0.783 0.033 
 52 24.0652.E1    (0)    3 :  0.009 0.936 0.055 
 53 24.0653.E1    (0)    3 :  0.011 0.976 0.013 
 54 24.0654.E1    (0)    3 :  0.008 0.981 0.011 
 55 24.0655.E1    (0)    3 :  0.042 0.752 0.207 
 56 24.0656.E1    (0)    3 :  0.025 0.960 0.015 
 57 24.0657.E1    (0)    3 :  0.024 0.959 0.017 
 58 24.0658.E1    (0)    3 :  0.014 0.931 0.056 
 59 24.0659.E1    (0)    3 :  0.010 0.946 0.044 
 60 24.0660.E1    (6)    3 :  0.019 0.183 0.798 
 61 24.0661.E1    (0)    3 :  0.047 0.943 0.010 
 62 24.0662.E1    (0)    3 :  0.072 0.666 0.262 
 63 24.0663.E1    (0)    3 :  0.007 0.981 0.011 
 64 24.0664.E1    (0)    3 :  0.029 0.954 0.017 
 65 24.0665.E1    (0)    3 :  0.193 0.782 0.025 
 66 24.0666.E1    (0)    3 :  0.013 0.964 0.022 
 67 24.0667.E1    (0)    3 :  0.019 0.842 0.139 
 68 24.0668.E1    (0)    3 :  0.011 0.978 0.012 
 69 24.0669.E1    (0)    3 :  0.013 0.976 0.011 
 70 24.0670.E1    (0)    3 :  0.008 0.968 0.025 
 71 24.0671.E1    (0)    3 :  0.034 0.924 0.043 
 72 24.0672.E1    (0)    3 :  0.013 0.490 0.497 
 73 24.0673.E1    (6)    4 :  0.649 0.060 0.291 
 74 24.0674.E1    (0)    4 :  0.055 0.010 0.935 
 75 24.0675.E1    (0)    4 :  0.113 0.194 0.693 
 76 24.0676.E1    (0)    4 :  0.045 0.671 0.284 
 77 24.0677.E1    (0)    4 :  0.012 0.632 0.356 
 78 24.0678.E1    (0)    4 :  0.054 0.061 0.885 
 79 24.0679.E1    (0)    4 :  0.011 0.146 0.843 
 80 24.0680.E1    (0)    4 :  0.021 0.026 0.953 
 81 24.0681.E1    (0)    4 :  0.039 0.027 0.934 
 82 24.0682.E1    (0)    4 :  0.029 0.012 0.959 
 83 24.0683.E1    (0)    4 :  0.062 0.010 0.927 
 84 24.0684.E1    (0)    4 :  0.080 0.011 0.909 
 85 24.0685.E1    (0)    4 :  0.033 0.020 0.947 
 86 24.0686.E1    (0)    4 :  0.021 0.023 0.956 
 87 24.0687.E1    (0)    4 :  0.114 0.019 0.867 
 88 24.0688.E1    (0)    4 :  0.024 0.010 0.965 
 89 24.0689.E1    (0)    4 :  0.051 0.167 0.782 
 90 24.0690.E1    (0)    4 :  0.161 0.318 0.521 
 91 24.0691.E1    (0)    4 :  0.017 0.017 0.967 
 92 24.0692.E1    (0)    4 :  0.030 0.094 0.876 
 93 24.0693.E1    (0)    4 :  0.721 0.182 0.097 
 94 24.0694.E1    (0)    4 :  0.016 0.015 0.969 
 95 24.0695.E1    (0)    4 :  0.011 0.023 0.966 
 96 24.0696.E1    (0)    4 :  0.018 0.011 0.971 
 97 24.0697.E1    (0)    5 :  0.234 0.182 0.584 
 98 24.0698.E1    (0)    5 :  0.178 0.280 0.542 
 99 24.0699.E1    (0)    5 :  0.021 0.586 0.393 
100 24.0700.E1    (0)    5 :  0.018 0.117 0.865 
101 24.0701.E1    (0)    5 :  0.137 0.818 0.045 
102 24.0702.E1    (0)    5 :  0.037 0.037 0.926 
103 24.0703.E1    (0)    5 :  0.062 0.762 0.176 
104 24.0704.E1    (6)    5 :  0.028 0.423 0.549 
105 24.0705.E1    (0)    5 :  0.013 0.017 0.970 
106 24.0706.E1    (0)    5 :  0.030 0.063 0.906 
107 24.0707.E1    (0)    5 :  0.045 0.017 0.938 
108 24.0708.E1    (0)    5 :  0.175 0.205 0.619 
109 24.0709.E1    (0)    5 :  0.037 0.447 0.516 
110 24.0710.E1    (0)    5 :  0.020 0.055 0.925 
111 24.0711.E1    (0)    5 :  0.033 0.032 0.934 
112 24.0712.E1    (0)    5 :  0.297 0.376 0.326 
113 24.0713.E1    (0)    5 :  0.032 0.266 0.702 
114 24.0714.E1    (0)    5 :  0.017 0.101 0.882 
115 24.0715.E1    (0)    5 :  0.623 0.042 0.335 
116 24.0716.E1    (0)    5 :  0.049 0.825 0.126 
117 24.0717.E1    (0)    5 :  0.501 0.382 0.117 
118 24.0718.E1    (0)    5 :  0.051 0.038 0.911 
119 24.0719.E1    (0)    5 :  0.123 0.125 0.753 
120 24.0720.E1    (0)    5 :  0.036 0.173 0.791 
121 24.0721.E1    (0)    6 :  0.765 0.036 0.199 
122 24.0722.E1    (0)    6 :  0.876 0.043 0.081 
123 24.0723.E1    (0)    6 :  0.856 0.104 0.040 
124 24.0724.E1    (0)    6 :  0.063 0.029 0.909 
125 24.0725.E1    (0)    6 :  0.011 0.020 0.969 
126 24.0726.E1    (6)    6 :  0.051 0.011 0.937 
127 24.0727.E1    (0)    6 :  0.166 0.025 0.810 
128 24.0728.E1    (0)    6 :  0.407 0.067 0.525 
129 24.0729.E1    (0)    6 :  0.034 0.021 0.945 
130 24.0730.E1    (0)    6 :  0.055 0.109 0.836 
131 24.0731.E1    (0)    6 :  0.019 0.009 0.972 
132 24.0732.E1    (0)    6 :  0.697 0.009 0.294 
133 24.0733.E1    (0)    6 :  0.029 0.007 0.964 
134 24.0734.E1    (0)    6 :  0.952 0.011 0.037 
135 24.0735.E1    (0)    6 :  0.311 0.025 0.664 
136 24.0736.E1    (0)    6 :  0.076 0.009 0.915 
137 24.0737.E1    (0)    6 :  0.029 0.015 0.956 
138 24.0738.E1    (0)    6 :  0.023 0.013 0.964 
139 24.0739.E1    (0)    6 :  0.012 0.014 0.974 
140 24.0740.E1    (0)    6 :  0.039 0.028 0.933 
141 24.0741.E1    (0)    6 :  0.273 0.013 0.715 
142 24.0742.E1    (0)    6 :  0.176 0.009 0.815 
143 24.0743.E1    (0)    6 :  0.018 0.019 0.962 
144 24.0744.E1    (0)    6 :  0.451 0.120 0.429 
145 24.0745.E1    (0)    7 :  0.942 0.028 0.030 
146 24.0746.E1    (0)    7 :  0.842 0.031 0.127 
147 24.0747.E1    (0)    7 :  0.957 0.014 0.029 
148 24.0748.E1    (6)    7 :  0.919 0.022 0.058 
149 24.0749.E1    (0)    7 :  0.492 0.014 0.494 
150 24.0750.E1    (0)    7 :  0.074 0.013 0.914 
151 24.0751.E1    (0)    7 :  0.980 0.006 0.014 
152 24.0752.E1    (0)    7 :  0.961 0.009 0.030 
153 24.0753.E1    (0)    7 :  0.961 0.008 0.031 
154 24.0754.E1    (0)    7 :  0.976 0.009 0.015 
155 24.0755.E1    (0)    7 :  0.960 0.016 0.024 
156 24.0756.E1    (0)    7 :  0.970 0.009 0.021 
157 24.0757.E1    (0)    7 :  0.987 0.005 0.008 
158 24.0758.E1    (0)    7 :  0.986 0.005 0.008 
159 24.0759.E1    (0)    7 :  0.944 0.011 0.045 
160 24.0760.E1    (0)    7 :  0.977 0.009 0.014 
161 24.0761.E1    (0)    7 :  0.988 0.006 0.006 
162 24.0762.E1    (0)    7 :  0.047 0.137 0.816 
163 24.0763.E1    (0)    7 :  0.974 0.008 0.019 
164 24.0764.E1    (0)    7 :  0.972 0.006 0.022 
165 24.0765.E1    (0)    7 :  0.976 0.009 0.016 
166 24.0766.E1    (0)    7 :  0.981 0.007 0.012 
167 24.0767.E1    (0)    7 :  0.977 0.007 0.015 
168 24.0768.E1    (0)    7 :  0.039 0.031 0.930 
169 24.0779.E1    (0)    8 :  0.155 0.416 0.429 
170 24.0780.E1    (6)    8 :  0.011 0.935 0.054 
171 24.0781.E1    (0)    8 :  0.019 0.553 0.429 
172 24.0782.E1    (0)    8 :  0.057 0.027 0.915 
173 24.0783.E1    (0)    8 :  0.019 0.624 0.356 
174 24.0784.E1    (0)    8 :  0.010 0.656 0.334 
175 24.0785.E1    (0)    8 :  0.006 0.976 0.018 
176 24.0786.E1    (0)    8 :  0.034 0.431 0.535 
177 24.0787.E1    (0)    8 :  0.114 0.621 0.264 
178 24.0788.E1    (0)    8 :  0.040 0.944 0.016 
179 24.0789.E1    (0)    8 :  0.044 0.767 0.189 
180 24.0790.E1    (0)    8 :  0.011 0.968 0.021 
181 24.0791.E1    (0)    8 :  0.010 0.239 0.751 
182 24.0792.E1    (0)    8 :  0.019 0.812 0.169 
183 24.0793.E1    (0)    9 :  0.023 0.947 0.030 
184 24.0794.E1    (0)    9 :  0.012 0.655 0.333 
185 24.0795.E1    (0)    9 :  0.047 0.130 0.822 
186 24.0796.E1    (0)    9 :  0.008 0.971 0.022 
187 24.0797.E1    (0)    9 :  0.008 0.975 0.017 
188 24.0798.E1    (0)    9 :  0.193 0.784 0.023 
189 24.0799.E1    (0)    9 :  0.013 0.965 0.022 
190 24.0800.E1    (0)    9 :  0.011 0.958 0.031 
191 24.0801.E1    (0)    9 :  0.015 0.957 0.028 
192 24.0802.E1    (0)    9 :  0.022 0.963 0.014 
193 24.0803.E1    (0)    9 :  0.016 0.946 0.038 
194 24.0804.E1    (0)    9 :  0.014 0.974 0.012 
195 24.0805.E1    (0)    9 :  0.021 0.910 0.068 
196 24.0806.E1    (0)    9 :  0.197 0.787 0.016 
197 24.0807.E1    (0)    9 :  0.013 0.975 0.012 
198 24.0808.E1    (0)    9 :  0.015 0.942 0.044 
199 24.0809.E1    (0)    9 :  0.023 0.906 0.071 
200 24.0810.E1    (0)    9 :  0.017 0.944 0.039 
201 24.0811.E1    (0)    9 :  0.013 0.963 0.023 
202 24.0812.E1    (0)    9 :  0.010 0.949 0.041 
203 24.0813.E1    (0)    9 :  0.028 0.932 0.039 
204 24.0814.E1    (6)    9 :  0.011 0.980 0.009 
205 24.0815.E1    (0)    9 :  0.066 0.924 0.010 
206 24.0816.E1    (0)    9 :  0.021 0.968 0.011 
207 24.0817.E1    (0)   10 :  0.008 0.973 0.020 
208 24.0818.E1    (0)   10 :  0.015 0.904 0.081 
209 24.0819.E1    (0)   10 :  0.088 0.889 0.023 
210 24.0820.E1    (0)   10 :  0.210 0.783 0.007 
211 24.0821.E1    (0)   10 :  0.012 0.973 0.015 
212 24.0822.E1    (0)   10 :  0.013 0.977 0.010 
213 24.0823.E1    (0)   10 :  0.043 0.948 0.009 
214 24.0824.E1    (0)   10 :  0.025 0.952 0.023 
215 24.0825.E1    (0)   10 :  0.016 0.962 0.022 
216 24.0826.E1    (0)   10 :  0.089 0.904 0.007 
217 24.0827.E1    (0)   10 :  0.008 0.957 0.035 
218 24.0828.E1    (0)   10 :  0.044 0.948 0.008 
219 24.0829.E1    (0)   10 :  0.009 0.978 0.013 
220 24.0830.E1    (0)   10 :  0.006 0.981 0.013 
221 24.0831.E1    (0)   10 :  0.006 0.968 0.026 
222 24.0832.E1    (0)   10 :  0.007 0.975 0.018 
223 24.0833.E1    (0)   10 :  0.010 0.977 0.013 
224 24.0834.E1    (0)   10 :  0.011 0.973 0.015 
225 24.0835.E1    (0)   10 :  0.007 0.976 0.017 
226 24.0836.E1    (0)   10 :  0.013 0.953 0.034 
227 24.0837.E1    (0)   10 :  0.010 0.976 0.015 
228 24.0838.E1    (0)   10 :  0.021 0.955 0.024 
229 24.0839.E1    (0)   10 :  0.026 0.753 0.220 
230 24.0840.E1    (0)   10 :  0.009 0.974 0.018 
231 24.0841.E1    (0)   11 :  0.012 0.673 0.315 
232 24.0842.E1    (0)   11 :  0.008 0.965 0.027 
233 24.0843.E1    (0)   11 :  0.015 0.978 0.007 
234 24.0844.E1    (0)   11 :  0.010 0.952 0.038 
235 24.0845.E1    (0)   11 :  0.009 0.961 0.030 
236 24.0846.E1    (0)   11 :  0.011 0.956 0.033 
237 24.0847.E1    (0)   11 :  0.016 0.883 0.101 
238 24.0848.E1    (0)   11 :  0.006 0.964 0.030 
239 24.0849.E1    (0)   11 :  0.014 0.977 0.010 
240 24.0850.E1    (0)   11 :  0.014 0.977 0.010 
241 24.0851.E1    (0)   11 :  0.013 0.978 0.009 
242 24.0852.E1    (0)   11 :  0.019 0.968 0.012 
243 24.0853.E1    (0)   11 :  0.021 0.970 0.010 
244 24.0854.E1    (0)   11 :  0.018 0.966 0.016 
245 24.0855.E1    (0)   11 :  0.008 0.978 0.014 
246 24.0856.E1    (0)   11 :  0.385 0.398 0.217 
247 24.0857.E1    (0)   11 :  0.014 0.954 0.033 
248 24.0858.E1    (0)   11 :  0.012 0.966 0.021 
249 24.0859.E1    (0)   11 :  0.051 0.935 0.014 
250 24.0860.E1    (0)   11 :  0.045 0.862 0.093 
251 24.0861.E1    (0)   11 :  0.015 0.974 0.011 
252 24.0862.E1    (0)   11 :  0.037 0.856 0.107 
253 24.0863.E1    (0)   11 :  0.015 0.974 0.012 
254 24.0864.E1    (0)   11 :  0.012 0.254 0.734 
255 24.0865.E1    (0)   12 :  0.703 0.273 0.024 
256 24.0866.E1    (0)   12 :  0.041 0.868 0.091 
257 24.0867.E1    (0)   12 :  0.881 0.085 0.034 
258 24.0868.E1    (0)   12 :  0.127 0.586 0.287 
259 24.0869.E1    (0)   12 :  0.083 0.593 0.324 
260 24.0870.E1    (0)   12 :  0.092 0.208 0.700 
261 24.0871.E1    (0)   12 :  0.023 0.090 0.886 
262 24.0872.E1    (0)   12 :  0.578 0.280 0.142 
263 24.0873.E1    (0)   12 :  0.215 0.571 0.214 
264 24.0874.E1    (0)   12 :  0.498 0.477 0.025 
265 24.0875.E1    (0)   12 :  0.017 0.027 0.956 
266 24.0876.E1    (0)   12 :  0.013 0.009 0.978 
267 24.0877.E1    (0)   12 :  0.033 0.011 0.956 
268 24.0878.E1    (0)   12 :  0.021 0.080 0.899 
269 24.0879.E1    (0)   12 :  0.034 0.037 0.929 
270 24.0880.E1    (0)   12 :  0.018 0.882 0.100 
271 24.0881.E1    (0)   12 :  0.033 0.011 0.956 
272 24.0882.E1    (0)   12 :  0.859 0.015 0.126 
273 24.0883.E1    (0)   12 :  0.466 0.044 0.490 
274 24.0884.E1    (0)   12 :  0.029 0.011 0.961 
275 24.0885.E1    (0)   12 :  0.014 0.013 0.973 
276 24.0886.E1    (0)   12 :  0.120 0.078 0.802 
277 24.0887.E1    (0)   12 :  0.947 0.010 0.043 
278 24.0888.E1    (0)   12 :  0.020 0.690 0.290 


Estimated Allele Frequencies in each cluster
First column gives estimated ancestral frequencies


Locus 1 : 
31 alleles
0.0% missing data
 115   (0.031) 0.007 0.005 0.102 
 117   (0.060) 0.091 0.012 0.118 
 119   (0.055) 0.245 0.006 0.128 
 131   (0.018) 0.004 0.003 0.021 
 128   (0.032) 0.006 0.017 0.038 
 135   (0.019) 0.003 0.002 0.027 
 126   (0.077) 0.051 0.104 0.085 
 122   (0.039) 0.036 0.034 0.022 
 132   (0.028) 0.011 0.025 0.013 
 141   (0.011) 0.002 0.001 0.005 
 130   (0.048) 0.040 0.043 0.037 
 134   (0.037) 0.050 0.032 0.016 
 145   (0.022) 0.015 0.021 0.005 
 127   (0.023) 0.103 0.002 0.013 
 116   (0.104) 0.117 0.177 0.112 
 114   (0.044) 0.044 0.113 0.015 
 120   (0.042) 0.033 0.031 0.028 
 110   (0.045) 0.035 0.038 0.033 
 133   (0.013) 0.013 0.001 0.004 
 118   (0.092) 0.026 0.274 0.104 
 125   (0.013) 0.001 0.008 0.003 
 129   (0.020) 0.004 0.003 0.026 
 124   (0.017) 0.002 0.005 0.012 
 136   (0.023) 0.003 0.025 0.012 
 121   (0.017) 0.032 0.002 0.006 
 139   (0.011) 0.001 0.001 0.006 
 113   (0.012) 0.008 0.001 0.002 
 111   (0.011) 0.008 0.001 0.002 
 143   (0.011) 0.008 0.001 0.002 
 140   (0.014) 0.001 0.008 0.003 
 112   (0.011) 0.001 0.005 0.002 

Locus 2 : 
18 alleles
0.0% missing data
 152   (0.423) 0.600 0.301 0.572 
 148   (0.063) 0.104 0.007 0.129 
 154   (0.117) 0.128 0.101 0.106 
 156   (0.017) 0.002 0.004 0.009 
 150   (0.020) 0.047 0.002 0.006 
 164   (0.073) 0.023 0.075 0.067 
 158   (0.037) 0.020 0.025 0.015 
 160   (0.019) 0.016 0.003 0.005 
 166   (0.022) 0.003 0.008 0.013 
 151   (0.041) 0.004 0.283 0.013 
 147   (0.044) 0.015 0.149 0.014 
 168   (0.022) 0.002 0.011 0.011 
 153   (0.015) 0.002 0.008 0.003 
 149   (0.026) 0.009 0.005 0.014 
 162   (0.018) 0.004 0.011 0.004 
 167   (0.015) 0.001 0.001 0.011 
 146   (0.014) 0.016 0.001 0.002 
 172   (0.015) 0.001 0.006 0.005 

Locus 3 : 
4 alleles
0.0% missing data
 128   (0.300) 0.353 0.302 0.281 
 126   (0.613) 0.612 0.615 0.667 
 132   (0.070) 0.024 0.080 0.048 
 134   (0.016) 0.012 0.002 0.004 

Locus 4 : 
3 alleles
0.0% missing data
 170   (0.313) 0.317 0.304 0.303 
 172   (0.674) 0.675 0.694 0.695 
 171   (0.013) 0.008 0.001 0.002 

Locus 5 : 
37 alleles
0.0% missing data
 125   (0.048) 0.071 0.056 0.044 
 110   (0.036) 0.025 0.039 0.027 
 129   (0.031) 0.003 0.038 0.047 
 113   (0.029) 0.004 0.058 0.025 
 145   (0.062) 0.059 0.038 0.138 
 155   (0.055) 0.074 0.041 0.087 
 117   (0.034) 0.020 0.014 0.047 
 124   (0.011) 0.001 0.001 0.010 
 133   (0.036) 0.044 0.017 0.038 
 157   (0.048) 0.035 0.065 0.052 
 141   (0.013) 0.001 0.002 0.018 
 112   (0.069) 0.138 0.090 0.086 
 121   (0.018) 0.006 0.025 0.005 
 114   (0.047) 0.113 0.031 0.050 
 153   (0.042) 0.006 0.112 0.051 
 127   (0.064) 0.091 0.096 0.075 
 131   (0.053) 0.168 0.064 0.043 
 135   (0.031) 0.009 0.032 0.029 
 104   (0.010) 0.007 0.001 0.002 
 118   (0.015) 0.010 0.002 0.014 
 116   (0.028) 0.012 0.020 0.018 
 137   (0.027) 0.045 0.014 0.013 
 123   (0.020) 0.003 0.035 0.010 
 149   (0.010) 0.001 0.003 0.003 
 138   (0.014) 0.002 0.019 0.004 
 143   (0.022) 0.036 0.031 0.004 
 163   (0.010) 0.002 0.001 0.005 
 109   (0.011) 0.001 0.001 0.010 
 139   (0.010) 0.001 0.001 0.005 
 106   (0.010) 0.001 0.001 0.006 
 144   (0.016) 0.002 0.008 0.012 
 122   (0.012) 0.003 0.001 0.009 
 100   (0.016) 0.002 0.018 0.006 
 111   (0.011) 0.001 0.013 0.002 
 233   (0.010) 0.001 0.005 0.002 
 134   (0.010) 0.001 0.005 0.002 
 140   (0.010) 0.002 0.003 0.003 

Locus 6 : 
17 alleles
0.0% missing data
 221   (0.038) 0.040 0.004 0.060 
 232   (0.244) 0.338 0.358 0.243 
 229   (0.061) 0.051 0.033 0.059 
 223   (0.057) 0.012 0.043 0.075 
 230   (0.154) 0.210 0.135 0.181 
 235   (0.018) 0.002 0.002 0.028 
 236   (0.042) 0.021 0.012 0.046 
 227   (0.021) 0.004 0.002 0.031 
 220   (0.045) 0.065 0.076 0.013 
 222   (0.040) 0.090 0.060 0.009 
 234   (0.123) 0.125 0.130 0.130 
 224   (0.030) 0.004 0.041 0.014 
 228   (0.052) 0.007 0.077 0.052 
 225   (0.012) 0.001 0.001 0.005 
 226   (0.021) 0.002 0.022 0.008 
 233   (0.028) 0.026 0.003 0.028 
 231   (0.016) 0.002 0.002 0.019 

Locus 7 : 
10 alleles
0.0% missing data
 121   (0.696) 0.773 0.767 0.821 
 129   (0.086) 0.063 0.095 0.061 
 130   (0.017) 0.002 0.006 0.006 
 123   (0.091) 0.094 0.098 0.062 
 128   (0.015) 0.030 0.001 0.002 
 131   (0.017) 0.010 0.002 0.005 
 117   (0.013) 0.001 0.004 0.003 
 125   (0.014) 0.001 0.009 0.002 
 134   (0.039) 0.010 0.016 0.035 
 132   (0.013) 0.015 0.001 0.002 

Locus 8 : 
19 alleles
0.0% missing data
 184   (0.308) 0.393 0.372 0.452 
 194   (0.042) 0.026 0.012 0.052 
 178   (0.109) 0.109 0.126 0.122 
 176   (0.079) 0.125 0.064 0.072 
 182   (0.079) 0.094 0.087 0.065 
 190   (0.029) 0.045 0.015 0.008 
 196   (0.023) 0.002 0.023 0.011 
 200   (0.028) 0.016 0.008 0.020 
 180   (0.028) 0.028 0.015 0.009 
 188   (0.039) 0.016 0.036 0.023 
 174   (0.036) 0.043 0.007 0.037 
 186   (0.108) 0.078 0.176 0.108 
 192   (0.025) 0.011 0.027 0.007 
 201   (0.011) 0.008 0.001 0.002 
 199   (0.013) 0.001 0.013 0.002 
 185   (0.011) 0.001 0.005 0.002 
 203   (0.011) 0.001 0.003 0.004 
 198   (0.011) 0.001 0.005 0.002 
 209   (0.011) 0.001 0.005 0.002 

Locus 9 : 
6 alleles
0.4% missing data
 154   (0.692) 0.724 0.785 0.709 
 156   (0.203) 0.259 0.147 0.210 
 152   (0.054) 0.011 0.052 0.044 
 153   (0.015) 0.002 0.007 0.004 
 160   (0.016) 0.001 0.008 0.004 
 164   (0.020) 0.003 0.002 0.028 

Locus 10 : 
29 alleles
0.7% missing data
 305   (0.065) 0.086 0.038 0.081 
 313   (0.041) 0.006 0.030 0.066 
 311   (0.013) 0.001 0.002 0.010 
 299   (0.100) 0.046 0.142 0.150 
 315   (0.059) 0.069 0.018 0.097 
 287   (0.052) 0.047 0.101 0.027 
 291   (0.111) 0.077 0.196 0.131 
 295   (0.027) 0.005 0.004 0.077 
 289   (0.024) 0.004 0.030 0.012 
 303   (0.048) 0.322 0.105 0.012 
 297   (0.052) 0.034 0.035 0.061 
 293   (0.020) 0.002 0.002 0.040 
 301   (0.053) 0.055 0.031 0.053 
 285   (0.031) 0.089 0.051 0.005 
 307   (0.054) 0.106 0.031 0.048 
 312   (0.052) 0.031 0.049 0.048 
 306   (0.023) 0.003 0.025 0.013 
 320   (0.015) 0.001 0.005 0.007 
 317   (0.020) 0.002 0.025 0.008 
 314   (0.020) 0.002 0.007 0.018 
 323   (0.011) 0.001 0.003 0.004 
 325   (0.011) 0.001 0.003 0.004 
 310   (0.018) 0.002 0.013 0.007 
 309   (0.013) 0.003 0.002 0.008 
 316   (0.014) 0.002 0.012 0.003 
 296   (0.011) 0.001 0.004 0.003 
 304   (0.014) 0.002 0.017 0.002 
 321   (0.013) 0.001 0.009 0.002 
 332   (0.012) 0.001 0.009 0.002 

Locus 11 : 
19 alleles
0.0% missing data
 114   (0.133) 0.239 0.036 0.218 
 126   (0.025) 0.013 0.002 0.023 
 111   (0.121) 0.013 0.372 0.113 
 116   (0.101) 0.133 0.034 0.139 
 132   (0.013) 0.001 0.001 0.006 
 109   (0.017) 0.001 0.002 0.020 
 128   (0.015) 0.001 0.002 0.010 
 112   (0.334) 0.524 0.237 0.385 
 122   (0.015) 0.013 0.002 0.003 
 124   (0.013) 0.008 0.001 0.002 
 118   (0.047) 0.035 0.037 0.022 
 127   (0.013) 0.001 0.004 0.003 
 113   (0.031) 0.003 0.190 0.007 
 115   (0.032) 0.004 0.028 0.020 
 120   (0.025) 0.003 0.021 0.009 
 117   (0.019) 0.002 0.010 0.006 
 125   (0.019) 0.002 0.011 0.006 
 119   (0.014) 0.001 0.009 0.002 
 136   (0.013) 0.001 0.001 0.006 

Locus 12 : 
28 alleles
0.7% missing data
 306   (0.068) 0.082 0.046 0.076 
 314   (0.045) 0.007 0.054 0.055 
 312   (0.013) 0.001 0.001 0.010 
 300   (0.106) 0.047 0.142 0.155 
 316   (0.040) 0.061 0.009 0.043 
 288   (0.049) 0.047 0.100 0.022 
 292   (0.115) 0.077 0.200 0.131 
 296   (0.031) 0.005 0.007 0.079 
 290   (0.024) 0.004 0.030 0.012 
 304   (0.050) 0.324 0.105 0.013 
 298   (0.055) 0.034 0.035 0.061 
 294   (0.020) 0.002 0.002 0.040 
 302   (0.055) 0.055 0.031 0.053 
 286   (0.032) 0.089 0.055 0.005 
 308   (0.028) 0.099 0.003 0.027 
 313   (0.047) 0.032 0.017 0.061 
 307   (0.039) 0.008 0.053 0.032 
 321   (0.015) 0.001 0.005 0.007 
 315   (0.040) 0.007 0.022 0.069 
 318   (0.015) 0.001 0.025 0.003 
 324   (0.011) 0.001 0.003 0.004 
 326   (0.011) 0.001 0.003 0.004 
 311   (0.023) 0.002 0.019 0.015 
 310   (0.013) 0.003 0.002 0.008 
 305   (0.015) 0.002 0.009 0.006 
 317   (0.014) 0.002 0.008 0.003 
 320   (0.012) 0.001 0.005 0.002 
 322   (0.013) 0.001 0.009 0.002 

Locus 13 : 
7 alleles
1.1% missing data
 161   (0.622) 0.576 0.483 0.667 
 163   (0.255) 0.038 0.470 0.272 
 160   (0.022) 0.167 0.002 0.006 
 162   (0.019) 0.171 0.002 0.003 
 165   (0.053) 0.008 0.041 0.045 
 166   (0.013) 0.002 0.001 0.006 
 164   (0.016) 0.038 0.001 0.002 

Locus 14 : 
4 alleles
0.4% missing data
  98   (0.956) 0.990 0.990 0.987 
 100   (0.013) 0.002 0.004 0.002 
  96   (0.017) 0.007 0.002 0.008 
 105   (0.013) 0.001 0.004 0.003 

Locus 15 : 
12 alleles
2.2% missing data
 171   (0.289) 0.196 0.374 0.313 
 177   (0.180) 0.189 0.124 0.217 
 173   (0.276) 0.151 0.387 0.304 
 179   (0.105) 0.387 0.062 0.074 
 183   (0.020) 0.004 0.006 0.015 
 181   (0.036) 0.062 0.029 0.009 
 197   (0.019) 0.003 0.002 0.023 
 170   (0.015) 0.001 0.001 0.011 
 189   (0.015) 0.002 0.001 0.010 
 203   (0.016) 0.002 0.001 0.015 
 187   (0.017) 0.002 0.007 0.006 
 198   (0.013) 0.001 0.005 0.002 

Values of parameters used in structure:
DATAFILE=STRUCTURE_main_final_278_HEG_ZG.str,	OUTFILE=STRUCTURE_main_final_278_HEG_ZG-K3-14,	NUMINDS=278,	NUMLOCI=15,	MISSING=-9,	LABEL=1,	POPDATA=1,	POPFLAG=0,	PHENOTYPE=0,	EXTRACOLS=0,	MAXPOPS=3,	BURNIN=100000,	NUMREPS=500000,	USEPOPINFO=0,	INFERALPHA=1,	INFERLAMBDA=0,	POPSPECIFICLAMBDA=0,	POPALPHAS=0,	COMPUTEPROB=1,	NOADMIX=0,	ADMBURNIN=2500,	UPDATEFREQ=1,	PRINTLIKES=0,	INTERMEDSAVE=0,	PRINTKLD=0,	PRINTNET=0,	PRINTLAMBDA=0,	ANCESTDIST=0,	NUMBOXES=1000,	ANCESTPINT=0.90000,	GENSBACK=2,	MIGRPRIOR=0.05000,	PRINTQHAT=0,	PRINTQSUM=0,	ALPHA=1.0000,	FREQSCORR=1,	FPRIORMEAN=0.0100,	FPRIORSD=0.0500,	ONEFST=0,	LAMBDA=1.0000,	UNIFPRIORALPHA=1,	ALPHAMAX=10.0000,	ALPHAPRIORA=1.0000,	ALPHAPRIORB=2.0000,	ALPHAPROPSD=0.0250,	STARTATPOPINFO=0,	RANDOMIZE=1,	LINKAGE=0,	METROFREQ=10,	REPORTHITRATE=0,	MARKOVPHASE=-1,	PHASED=0,	PLOIDY=2,	PHASEINFO=0	LOCPRIOR=0, 	LOCPRIORINIT=1.000000, 	LOCDATA=0, 	LOCISPOP=0, 	LOCPRIORSTEP=0.100000, 	MAXLOCPRIOR=20.000000, 	SEED=1782479796,	
[STRAT parameters]:    NUMSIMSTATS=1000,	PHENOTYPECOL=-9,	POOLFREQ=10,	LOCUSxONLY=0,	EMERROR=0.00100,	MISSINGPHENO=-9,	