

----------------------------------------------------
STRUCTURE by Pritchard, Stephens and Donnelly (2000)
     and Falush, Stephens and Pritchard (2003)
       Code by Pritchard, Falush and Hubisz
             Version 2.3.4 (Jul 2012)
----------------------------------------------------



Command line arguments:   structure -K 8 -i STRUCTURE_main_final_278_HEG_ZG.str -o STRUCTURE_main_final_278_HEG_ZG-K8-7 
Input File:    STRUCTURE_main_final_278_HEG_ZG.str

Run parameters:
   278 individuals
   15 loci
   8 populations assumed
   100000 Burn-in period
   500000 Reps


--------------------------------------------
Proportion of membership of each pre-defined
 population in each of the 8 clusters

Given    Inferred Clusters                                          Number of
 Pop       1      2      3      4      5      6      7      8      Individuals

  1:     0.059  0.011  0.040  0.052  0.071  0.012  0.690  0.065       24
  2:     0.021  0.022  0.055  0.038  0.056  0.763  0.024  0.021       24
  3:     0.056  0.562  0.246  0.029  0.010  0.012  0.019  0.065       24
  4:     0.075  0.062  0.105  0.553  0.059  0.026  0.070  0.050       24
  5:     0.205  0.159  0.225  0.266  0.060  0.027  0.037  0.021       24
  6:     0.056  0.044  0.035  0.126  0.247  0.029  0.441  0.021       24
  7:     0.017  0.013  0.036  0.071  0.753  0.033  0.062  0.014       24
  8:     0.027  0.685  0.103  0.070  0.013  0.016  0.037  0.049       14
  9:     0.670  0.049  0.042  0.034  0.007  0.016  0.051  0.131       24
 10:     0.086  0.041  0.056  0.013  0.039  0.009  0.013  0.742       24
 11:     0.198  0.025  0.091  0.036  0.015  0.011  0.022  0.602       24
 12:     0.021  0.105  0.126  0.299  0.123  0.021  0.233  0.072       24
--------------------------------------------

Allele-freq. divergence among pops (Net nucleotide distance),
computed using point estimates of P.

      1       2       3       4       5       6       7       8      
 1      -    0.0373  0.0482  0.0449  0.0862  0.0692  0.0314  0.0357  
 2   0.0373     -    0.0398  0.0379  0.0801  0.0666  0.0443  0.0466  
 3   0.0482  0.0398     -    0.0458  0.0850  0.0779  0.0533  0.0687  
 4   0.0449  0.0379  0.0458     -    0.0608  0.0681  0.0328  0.0595  
 5   0.0862  0.0801  0.0850  0.0608     -    0.0938  0.0660  0.1103  
 6   0.0692  0.0666  0.0779  0.0681  0.0938     -    0.0657  0.1042  
 7   0.0314  0.0443  0.0533  0.0328  0.0660  0.0657     -    0.0579  
 8   0.0357  0.0466  0.0687  0.0595  0.1103  0.1042  0.0579     -    

Average distances (expected heterozygosity) between individuals in same cluster:
cluster  1  : 0.6366 
cluster  2  : 0.6283 
cluster  3  : 0.6301 
cluster  4  : 0.6094 
cluster  5  : 0.5492 
cluster  6  : 0.6185 
cluster  7  : 0.6142 
cluster  8  : 0.6114 

--------------------------------------------
Estimated Ln Prob of Data   = -12504.8
Mean value of ln likelihood = -11886.3
Variance of ln likelihood   = 1237.0
Mean value of alpha         = 0.0484

Mean value of Fst_1         = 0.0953
Mean value of Fst_2         = 0.0612
Mean value of Fst_3         = 0.1205
Mean value of Fst_4         = 0.0881
Mean value of Fst_5         = 0.1928
Mean value of Fst_6         = 0.1769
Mean value of Fst_7         = 0.0922
Mean value of Fst_8         = 0.1590


Inferred ancestry of individuals:
        Label (%Miss) Pop:  Inferred clusters
  1 24.0601.E1    (0)    1 :  0.008 0.006 0.011 0.009 0.013 0.011 0.933 0.010 
  2 24.0602.E1    (0)    1 :  0.014 0.008 0.013 0.006 0.008 0.004 0.937 0.008 
  3 24.0603.E1    (0)    1 :  0.020 0.025 0.011 0.035 0.024 0.005 0.874 0.006 
  4 24.0604.E1    (0)    1 :  0.007 0.004 0.181 0.082 0.005 0.008 0.682 0.031 
  5 24.0605.E1    (0)    1 :  0.031 0.009 0.009 0.028 0.039 0.007 0.867 0.009 
  6 24.0606.E1    (0)    1 :  0.033 0.007 0.006 0.148 0.020 0.010 0.760 0.015 
  7 24.0607.E1    (0)    1 :  0.702 0.009 0.012 0.014 0.183 0.006 0.067 0.008 
  8 24.0608.E1    (0)    1 :  0.014 0.016 0.007 0.007 0.114 0.005 0.768 0.068 
  9 24.0609.E1    (0)    1 :  0.013 0.020 0.019 0.264 0.005 0.005 0.280 0.394 
 10 24.0610.E1    (0)    1 :  0.018 0.017 0.006 0.281 0.008 0.006 0.495 0.169 
 11 24.0611.E1    (0)    1 :  0.023 0.008 0.006 0.034 0.005 0.007 0.895 0.022 
 12 24.0612.E1    (0)    1 :  0.013 0.006 0.015 0.007 0.015 0.007 0.930 0.006 
 13 24.0613.E1    (0)    1 :  0.008 0.004 0.005 0.083 0.005 0.006 0.872 0.017 
 14 24.0614.E1    (0)    1 :  0.258 0.014 0.008 0.015 0.393 0.008 0.266 0.039 
 15 24.0615.E1    (0)    1 :  0.022 0.007 0.024 0.010 0.032 0.014 0.797 0.093 
 16 24.0616.E1    (0)    1 :  0.011 0.005 0.007 0.008 0.005 0.010 0.945 0.009 
 17 24.0617.E1    (0)    1 :  0.027 0.008 0.007 0.022 0.019 0.028 0.455 0.434 
 18 24.0618.E1    (0)    1 :  0.054 0.015 0.008 0.043 0.005 0.010 0.795 0.070 
 19 24.0619.E1    (0)    1 :  0.015 0.005 0.249 0.016 0.005 0.012 0.688 0.009 
 20 24.0620.E1   (20)    1 :  0.018 0.016 0.021 0.075 0.765 0.013 0.054 0.038 
 21 24.0621.E1    (0)    1 :  0.065 0.008 0.309 0.015 0.005 0.006 0.523 0.069 
 22 24.0622.E1    (0)    1 :  0.006 0.015 0.006 0.018 0.009 0.023 0.915 0.007 
 23 24.0623.E1    (0)    1 :  0.024 0.018 0.017 0.016 0.016 0.082 0.808 0.019 
 24 24.0624.E1    (0)    1 :  0.008 0.005 0.004 0.006 0.006 0.006 0.956 0.008 
 25 24.0625.E1    (0)    2 :  0.021 0.063 0.038 0.074 0.056 0.710 0.015 0.022 
 26 24.0626.E1    (0)    2 :  0.005 0.016 0.005 0.004 0.030 0.930 0.005 0.005 
 27 24.0627.E1    (0)    2 :  0.005 0.005 0.493 0.021 0.013 0.452 0.006 0.005 
 28 24.0628.E1    (0)    2 :  0.008 0.112 0.009 0.103 0.071 0.581 0.027 0.089 
 29 24.0629.E1    (0)    2 :  0.020 0.012 0.014 0.012 0.006 0.858 0.063 0.014 
 30 24.0630.E1    (0)    2 :  0.007 0.008 0.009 0.010 0.032 0.923 0.004 0.007 
 31 24.0631.E1    (0)    2 :  0.004 0.003 0.004 0.004 0.004 0.973 0.005 0.003 
 32 24.0632.E1    (0)    2 :  0.006 0.007 0.011 0.010 0.041 0.911 0.007 0.007 
 33 24.0633.E1    (0)    2 :  0.018 0.068 0.050 0.041 0.115 0.611 0.018 0.079 
 34 24.0634.E1    (0)    2 :  0.012 0.010 0.009 0.009 0.007 0.931 0.009 0.014 
 35 24.0635.E1    (0)    2 :  0.049 0.100 0.104 0.017 0.015 0.654 0.020 0.042 
 36 24.0636.E1   (33)    2 :  0.009 0.024 0.025 0.094 0.731 0.076 0.032 0.010 
 37 24.0637.E1    (0)    2 :  0.006 0.004 0.005 0.005 0.007 0.965 0.005 0.003 
 38 24.0638.E1    (0)    2 :  0.009 0.018 0.036 0.023 0.005 0.897 0.007 0.005 
 39 24.0639.E1    (0)    2 :  0.021 0.009 0.019 0.008 0.018 0.776 0.053 0.096 
 40 24.0640.E1    (0)    2 :  0.009 0.005 0.005 0.006 0.005 0.955 0.008 0.006 
 41 24.0641.E1    (0)    2 :  0.258 0.014 0.146 0.011 0.021 0.367 0.171 0.011 
 42 24.0642.E1    (0)    2 :  0.005 0.006 0.013 0.252 0.042 0.596 0.081 0.005 
 43 24.0643.E1    (0)    2 :  0.009 0.008 0.305 0.013 0.070 0.578 0.009 0.009 
 44 24.0644.E1    (0)    2 :  0.007 0.006 0.006 0.022 0.005 0.919 0.008 0.026 
 45 24.0645.E1    (0)    2 :  0.008 0.005 0.007 0.137 0.019 0.787 0.011 0.025 
 46 24.0646.E1    (0)    2 :  0.007 0.006 0.005 0.022 0.005 0.920 0.008 0.025 
 47 24.0647.E1    (0)    2 :  0.006 0.004 0.004 0.005 0.007 0.965 0.005 0.003 
 48 24.0648.E1    (0)    2 :  0.005 0.005 0.005 0.005 0.007 0.966 0.004 0.003 
 49 24.0649.E1    (0)    3 :  0.011 0.927 0.011 0.009 0.003 0.007 0.005 0.027 
 50 24.0650.E1    (0)    3 :  0.048 0.279 0.009 0.383 0.004 0.004 0.035 0.237 
 51 24.0651.E1    (0)    3 :  0.531 0.284 0.028 0.018 0.024 0.096 0.008 0.011 
 52 24.0652.E1    (0)    3 :  0.007 0.947 0.010 0.005 0.004 0.004 0.012 0.011 
 53 24.0653.E1    (0)    3 :  0.011 0.039 0.913 0.008 0.005 0.004 0.005 0.015 
 54 24.0654.E1    (0)    3 :  0.010 0.917 0.007 0.007 0.005 0.007 0.005 0.041 
 55 24.0655.E1    (0)    3 :  0.077 0.698 0.013 0.016 0.009 0.023 0.089 0.076 
 56 24.0656.E1    (0)    3 :  0.006 0.932 0.011 0.009 0.012 0.004 0.007 0.018 
 57 24.0657.E1    (0)    3 :  0.006 0.941 0.010 0.009 0.010 0.004 0.007 0.014 
 58 24.0658.E1    (0)    3 :  0.013 0.791 0.056 0.047 0.007 0.007 0.018 0.060 
 59 24.0659.E1    (0)    3 :  0.027 0.493 0.407 0.011 0.003 0.009 0.023 0.027 
 60 24.0660.E1    (6)    3 :  0.011 0.904 0.017 0.017 0.007 0.015 0.023 0.006 
 61 24.0661.E1    (0)    3 :  0.008 0.875 0.009 0.006 0.034 0.007 0.006 0.056 
 62 24.0662.E1    (0)    3 :  0.419 0.261 0.098 0.017 0.015 0.030 0.111 0.049 
 63 24.0663.E1    (0)    3 :  0.019 0.131 0.007 0.043 0.006 0.008 0.006 0.779 
 64 24.0664.E1    (0)    3 :  0.007 0.935 0.009 0.007 0.011 0.006 0.005 0.020 
 65 24.0665.E1    (0)    3 :  0.008 0.876 0.016 0.016 0.058 0.007 0.005 0.013 
 66 24.0666.E1    (0)    3 :  0.005 0.010 0.954 0.007 0.004 0.005 0.007 0.008 
 67 24.0667.E1    (0)    3 :  0.004 0.011 0.959 0.005 0.004 0.004 0.007 0.006 
 68 24.0668.E1    (0)    3 :  0.004 0.005 0.970 0.004 0.003 0.005 0.004 0.005 
 69 24.0669.E1    (0)    3 :  0.005 0.006 0.966 0.005 0.004 0.005 0.004 0.005 
 70 24.0670.E1    (0)    3 :  0.059 0.850 0.035 0.005 0.005 0.004 0.013 0.029 
 71 24.0671.E1    (0)    3 :  0.019 0.893 0.010 0.013 0.007 0.010 0.012 0.037 
 72 24.0672.E1    (0)    3 :  0.040 0.472 0.383 0.039 0.006 0.006 0.046 0.008 
 73 24.0673.E1    (6)    4 :  0.036 0.099 0.018 0.271 0.398 0.035 0.105 0.038 
 74 24.0674.E1    (0)    4 :  0.057 0.007 0.005 0.839 0.061 0.009 0.017 0.006 
 75 24.0675.E1    (0)    4 :  0.027 0.017 0.011 0.844 0.024 0.028 0.018 0.032 
 76 24.0676.E1    (0)    4 :  0.015 0.021 0.008 0.789 0.020 0.007 0.011 0.128 
 77 24.0677.E1    (0)    4 :  0.701 0.100 0.027 0.026 0.012 0.004 0.040 0.089 
 78 24.0678.E1    (0)    4 :  0.057 0.117 0.137 0.021 0.012 0.046 0.599 0.010 
 79 24.0679.E1    (0)    4 :  0.018 0.140 0.478 0.170 0.008 0.012 0.123 0.051 
 80 24.0680.E1    (0)    4 :  0.009 0.219 0.634 0.076 0.009 0.016 0.028 0.008 
 81 24.0681.E1    (0)    4 :  0.011 0.116 0.070 0.729 0.017 0.008 0.042 0.007 
 82 24.0682.E1    (0)    4 :  0.004 0.004 0.005 0.970 0.005 0.005 0.004 0.004 
 83 24.0683.E1    (0)    4 :  0.037 0.006 0.008 0.717 0.205 0.006 0.017 0.004 
 84 24.0684.E1    (0)    4 :  0.036 0.016 0.015 0.703 0.071 0.037 0.103 0.019 
 85 24.0685.E1    (0)    4 :  0.007 0.008 0.082 0.851 0.020 0.007 0.017 0.009 
 86 24.0686.E1    (0)    4 :  0.391 0.155 0.082 0.122 0.015 0.090 0.135 0.009 
 87 24.0687.E1    (0)    4 :  0.284 0.176 0.022 0.167 0.020 0.220 0.091 0.020 
 88 24.0688.E1    (0)    4 :  0.005 0.007 0.004 0.961 0.006 0.006 0.006 0.004 
 89 24.0689.E1    (0)    4 :  0.026 0.027 0.016 0.189 0.055 0.021 0.032 0.634 
 90 24.0690.E1    (0)    4 :  0.022 0.055 0.804 0.050 0.020 0.029 0.013 0.007 
 91 24.0691.E1    (0)    4 :  0.007 0.008 0.009 0.928 0.008 0.007 0.021 0.014 
 92 24.0692.E1    (0)    4 :  0.007 0.020 0.010 0.935 0.008 0.005 0.005 0.009 
 93 24.0693.E1    (0)    4 :  0.010 0.138 0.016 0.359 0.392 0.010 0.011 0.063 
 94 24.0694.E1    (0)    4 :  0.005 0.008 0.012 0.945 0.009 0.006 0.008 0.005 
 95 24.0695.E1    (0)    4 :  0.009 0.015 0.025 0.710 0.007 0.007 0.206 0.021 
 96 24.0696.E1    (0)    4 :  0.012 0.008 0.015 0.902 0.009 0.013 0.033 0.009 
 97 24.0697.E1    (0)    5 :  0.098 0.233 0.026 0.420 0.183 0.018 0.007 0.014 
 98 24.0698.E1    (0)    5 :  0.450 0.067 0.067 0.104 0.225 0.021 0.026 0.040 
 99 24.0699.E1    (0)    5 :  0.596 0.257 0.041 0.013 0.014 0.013 0.056 0.009 
100 24.0700.E1    (0)    5 :  0.029 0.354 0.445 0.136 0.010 0.007 0.009 0.009 
101 24.0701.E1    (0)    5 :  0.015 0.006 0.919 0.009 0.028 0.009 0.007 0.008 
102 24.0702.E1    (0)    5 :  0.013 0.174 0.676 0.062 0.036 0.016 0.014 0.008 
103 24.0703.E1    (0)    5 :  0.808 0.079 0.045 0.017 0.012 0.015 0.018 0.007 
104 24.0704.E1    (6)    5 :  0.849 0.051 0.017 0.027 0.014 0.011 0.022 0.007 
105 24.0705.E1    (0)    5 :  0.008 0.022 0.203 0.718 0.008 0.009 0.024 0.008 
106 24.0706.E1    (0)    5 :  0.008 0.331 0.505 0.114 0.012 0.009 0.008 0.015 
107 24.0707.E1    (0)    5 :  0.074 0.545 0.113 0.153 0.024 0.035 0.051 0.006 
108 24.0708.E1    (0)    5 :  0.576 0.019 0.030 0.043 0.021 0.167 0.054 0.090 
109 24.0709.E1    (0)    5 :  0.015 0.012 0.008 0.911 0.006 0.009 0.009 0.030 
110 24.0710.E1    (0)    5 :  0.644 0.023 0.073 0.178 0.024 0.009 0.036 0.014 
111 24.0711.E1    (0)    5 :  0.104 0.170 0.203 0.258 0.019 0.055 0.180 0.012 
112 24.0712.E1    (0)    5 :  0.023 0.009 0.885 0.025 0.015 0.024 0.013 0.006 
113 24.0713.E1    (0)    5 :  0.035 0.088 0.119 0.690 0.020 0.011 0.010 0.028 
114 24.0714.E1    (0)    5 :  0.240 0.258 0.281 0.059 0.011 0.024 0.100 0.028 
115 24.0715.E1    (0)    5 :  0.022 0.064 0.036 0.257 0.520 0.009 0.059 0.033 
116 24.0716.E1    (0)    5 :  0.189 0.119 0.412 0.025 0.024 0.043 0.122 0.067 
117 24.0717.E1    (0)    5 :  0.090 0.512 0.060 0.030 0.185 0.068 0.015 0.039 
118 24.0718.E1    (0)    5 :  0.010 0.309 0.219 0.387 0.012 0.036 0.020 0.007 
119 24.0719.E1    (0)    5 :  0.011 0.015 0.015 0.916 0.006 0.014 0.006 0.018 
120 24.0720.E1    (0)    5 :  0.013 0.100 0.016 0.825 0.006 0.014 0.016 0.010 
121 24.0721.E1    (0)    6 :  0.037 0.066 0.049 0.185 0.582 0.015 0.010 0.057 
122 24.0722.E1    (0)    6 :  0.163 0.021 0.040 0.098 0.551 0.097 0.020 0.011 
123 24.0723.E1    (0)    6 :  0.219 0.039 0.011 0.017 0.337 0.216 0.027 0.134 
124 24.0724.E1    (0)    6 :  0.505 0.018 0.019 0.219 0.085 0.041 0.088 0.027 
125 24.0725.E1    (0)    6 :  0.007 0.022 0.007 0.009 0.007 0.007 0.935 0.006 
126 24.0726.E1    (6)    6 :  0.012 0.032 0.011 0.214 0.096 0.009 0.619 0.007 
127 24.0727.E1    (0)    6 :  0.046 0.029 0.105 0.025 0.512 0.021 0.244 0.017 
128 24.0728.E1    (0)    6 :  0.031 0.124 0.013 0.029 0.230 0.028 0.520 0.025 
129 24.0729.E1    (0)    6 :  0.012 0.015 0.034 0.268 0.053 0.015 0.588 0.016 
130 24.0730.E1    (0)    6 :  0.092 0.411 0.032 0.101 0.112 0.016 0.186 0.051 
131 24.0731.E1    (0)    6 :  0.008 0.011 0.006 0.630 0.055 0.013 0.269 0.009 
132 24.0732.E1    (0)    6 :  0.006 0.042 0.018 0.134 0.733 0.013 0.050 0.004 
133 24.0733.E1    (0)    6 :  0.004 0.005 0.004 0.007 0.017 0.007 0.952 0.005 
134 24.0734.E1    (0)    6 :  0.029 0.023 0.021 0.014 0.851 0.015 0.039 0.008 
135 24.0735.E1    (0)    6 :  0.012 0.032 0.018 0.020 0.217 0.056 0.619 0.026 
136 24.0736.E1    (0)    6 :  0.007 0.006 0.006 0.007 0.041 0.008 0.919 0.006 
137 24.0737.E1    (0)    6 :  0.021 0.025 0.011 0.016 0.008 0.025 0.883 0.010 
138 24.0738.E1    (0)    6 :  0.011 0.014 0.010 0.010 0.029 0.011 0.910 0.005 
139 24.0739.E1    (0)    6 :  0.007 0.032 0.007 0.010 0.006 0.017 0.915 0.006 
140 24.0740.E1    (0)    6 :  0.010 0.019 0.011 0.284 0.012 0.020 0.630 0.015 
141 24.0741.E1    (0)    6 :  0.009 0.044 0.008 0.193 0.383 0.019 0.334 0.010 
142 24.0742.E1    (0)    6 :  0.017 0.009 0.010 0.025 0.802 0.010 0.121 0.007 
143 24.0743.E1    (0)    6 :  0.076 0.011 0.018 0.358 0.063 0.005 0.451 0.018 
144 24.0744.E1    (0)    6 :  0.016 0.019 0.365 0.142 0.147 0.017 0.260 0.036 
145 24.0745.E1    (0)    7 :  0.010 0.010 0.033 0.023 0.904 0.005 0.005 0.010 
146 24.0746.E1    (0)    7 :  0.151 0.019 0.015 0.067 0.625 0.062 0.051 0.011 
147 24.0747.E1    (0)    7 :  0.006 0.017 0.013 0.239 0.646 0.011 0.033 0.035 
148 24.0748.E1    (6)    7 :  0.007 0.019 0.015 0.315 0.540 0.011 0.042 0.050 
149 24.0749.E1    (0)    7 :  0.009 0.008 0.009 0.009 0.729 0.007 0.224 0.006 
150 24.0750.E1    (0)    7 :  0.030 0.019 0.130 0.325 0.294 0.012 0.164 0.026 
151 24.0751.E1    (0)    7 :  0.005 0.004 0.005 0.005 0.963 0.007 0.007 0.005 
152 24.0752.E1    (0)    7 :  0.011 0.006 0.006 0.011 0.897 0.007 0.051 0.011 
153 24.0753.E1    (0)    7 :  0.011 0.009 0.010 0.013 0.511 0.211 0.229 0.007 
154 24.0754.E1    (0)    7 :  0.005 0.010 0.008 0.019 0.915 0.017 0.020 0.006 
155 24.0755.E1    (0)    7 :  0.012 0.020 0.010 0.148 0.734 0.028 0.016 0.034 
156 24.0756.E1    (0)    7 :  0.009 0.004 0.007 0.005 0.943 0.009 0.014 0.009 
157 24.0757.E1    (0)    7 :  0.003 0.003 0.004 0.004 0.975 0.004 0.003 0.003 
158 24.0758.E1    (0)    7 :  0.003 0.003 0.004 0.004 0.974 0.004 0.004 0.003 
159 24.0759.E1    (0)    7 :  0.006 0.009 0.009 0.007 0.940 0.006 0.017 0.006 
160 24.0760.E1    (0)    7 :  0.011 0.025 0.012 0.026 0.586 0.324 0.011 0.006 
161 24.0761.E1    (0)    7 :  0.004 0.005 0.004 0.005 0.962 0.010 0.006 0.005 
162 24.0762.E1    (0)    7 :  0.019 0.078 0.533 0.037 0.054 0.009 0.239 0.030 
163 24.0763.E1    (0)    7 :  0.004 0.005 0.004 0.011 0.960 0.004 0.007 0.004 
164 24.0764.E1    (0)    7 :  0.005 0.005 0.005 0.005 0.957 0.008 0.011 0.004 
165 24.0765.E1    (0)    7 :  0.019 0.007 0.007 0.015 0.912 0.025 0.007 0.009 
166 24.0766.E1    (0)    7 :  0.006 0.006 0.006 0.008 0.954 0.007 0.009 0.005 
167 24.0767.E1    (0)    7 :  0.004 0.004 0.004 0.006 0.971 0.004 0.004 0.004 
168 24.0768.E1    (0)    7 :  0.065 0.014 0.016 0.405 0.127 0.006 0.321 0.045 
169 24.0779.E1    (0)    8 :  0.064 0.784 0.011 0.054 0.056 0.006 0.018 0.007 
170 24.0780.E1    (6)    8 :  0.012 0.741 0.027 0.055 0.004 0.008 0.009 0.144 
171 24.0781.E1    (0)    8 :  0.007 0.887 0.053 0.028 0.006 0.007 0.004 0.007 
172 24.0782.E1    (0)    8 :  0.094 0.106 0.016 0.425 0.031 0.051 0.234 0.042 
173 24.0783.E1    (0)    8 :  0.012 0.136 0.581 0.056 0.006 0.013 0.010 0.188 
174 24.0784.E1    (0)    8 :  0.020 0.900 0.006 0.036 0.004 0.006 0.008 0.020 
175 24.0785.E1    (0)    8 :  0.042 0.876 0.013 0.012 0.004 0.005 0.008 0.040 
176 24.0786.E1    (0)    8 :  0.011 0.609 0.032 0.171 0.012 0.012 0.033 0.121 
177 24.0787.E1    (0)    8 :  0.017 0.836 0.014 0.023 0.021 0.064 0.016 0.010 
178 24.0788.E1    (0)    8 :  0.006 0.903 0.006 0.026 0.006 0.012 0.005 0.037 
179 24.0789.E1    (0)    8 :  0.064 0.782 0.007 0.011 0.008 0.027 0.061 0.040 
180 24.0790.E1    (0)    8 :  0.009 0.958 0.006 0.006 0.004 0.006 0.004 0.008 
181 24.0791.E1    (0)    8 :  0.010 0.200 0.639 0.028 0.007 0.005 0.102 0.008 
182 24.0792.E1    (0)    8 :  0.009 0.870 0.030 0.046 0.014 0.005 0.011 0.015 
183 24.0793.E1    (0)    9 :  0.898 0.009 0.009 0.008 0.006 0.019 0.017 0.034 
184 24.0794.E1    (0)    9 :  0.078 0.226 0.009 0.006 0.007 0.006 0.642 0.027 
185 24.0795.E1    (0)    9 :  0.750 0.010 0.009 0.018 0.007 0.027 0.161 0.017 
186 24.0796.E1    (0)    9 :  0.179 0.359 0.007 0.008 0.005 0.008 0.124 0.310 
187 24.0797.E1    (0)    9 :  0.865 0.035 0.007 0.007 0.003 0.008 0.011 0.064 
188 24.0798.E1    (0)    9 :  0.520 0.019 0.364 0.021 0.018 0.025 0.008 0.024 
189 24.0799.E1    (0)    9 :  0.891 0.009 0.015 0.011 0.007 0.008 0.021 0.038 
190 24.0800.E1    (0)    9 :  0.156 0.015 0.025 0.051 0.011 0.007 0.021 0.715 
191 24.0801.E1    (0)    9 :  0.544 0.012 0.392 0.021 0.006 0.008 0.006 0.012 
192 24.0802.E1    (0)    9 :  0.932 0.008 0.012 0.008 0.004 0.016 0.007 0.013 
193 24.0803.E1    (0)    9 :  0.948 0.006 0.012 0.006 0.005 0.007 0.009 0.008 
194 24.0804.E1    (0)    9 :  0.718 0.008 0.004 0.011 0.004 0.027 0.011 0.217 
195 24.0805.E1    (0)    9 :  0.879 0.017 0.012 0.062 0.006 0.005 0.008 0.010 
196 24.0806.E1    (0)    9 :  0.933 0.007 0.006 0.006 0.005 0.031 0.007 0.007 
197 24.0807.E1    (0)    9 :  0.921 0.020 0.010 0.011 0.004 0.008 0.007 0.020 
198 24.0808.E1    (0)    9 :  0.229 0.199 0.011 0.203 0.006 0.016 0.015 0.322 
199 24.0809.E1    (0)    9 :  0.452 0.017 0.026 0.137 0.016 0.007 0.034 0.311 
200 24.0810.E1    (0)    9 :  0.923 0.009 0.008 0.017 0.007 0.016 0.007 0.014 
201 24.0811.E1    (0)    9 :  0.833 0.034 0.006 0.009 0.005 0.013 0.032 0.068 
202 24.0812.E1    (0)    9 :  0.541 0.057 0.011 0.055 0.006 0.008 0.054 0.267 
203 24.0813.E1    (0)    9 :  0.754 0.066 0.006 0.101 0.007 0.016 0.008 0.042 
204 24.0814.E1    (6)    9 :  0.311 0.019 0.008 0.028 0.005 0.067 0.008 0.554 
205 24.0815.E1    (0)    9 :  0.884 0.009 0.023 0.014 0.008 0.028 0.005 0.029 
206 24.0816.E1    (0)    9 :  0.938 0.011 0.010 0.004 0.004 0.011 0.006 0.016 
207 24.0817.E1    (0)   10 :  0.029 0.012 0.007 0.009 0.006 0.005 0.016 0.915 
208 24.0818.E1    (0)   10 :  0.053 0.045 0.020 0.008 0.013 0.017 0.046 0.798 
209 24.0819.E1    (0)   10 :  0.483 0.032 0.071 0.017 0.254 0.026 0.014 0.102 
210 24.0820.E1    (0)   10 :  0.008 0.015 0.007 0.005 0.309 0.009 0.006 0.640 
211 24.0821.E1    (0)   10 :  0.047 0.425 0.258 0.015 0.006 0.010 0.014 0.225 
212 24.0822.E1    (0)   10 :  0.006 0.027 0.005 0.008 0.018 0.004 0.006 0.925 
213 24.0823.E1    (0)   10 :  0.007 0.010 0.010 0.007 0.047 0.011 0.007 0.901 
214 24.0824.E1    (0)   10 :  0.011 0.006 0.420 0.034 0.009 0.007 0.007 0.507 
215 24.0825.E1    (0)   10 :  0.005 0.005 0.005 0.011 0.006 0.005 0.005 0.959 
216 24.0826.E1    (0)   10 :  0.017 0.057 0.015 0.009 0.151 0.011 0.006 0.734 
217 24.0827.E1    (0)   10 :  0.020 0.016 0.008 0.013 0.004 0.008 0.044 0.887 
218 24.0828.E1    (0)   10 :  0.057 0.102 0.022 0.027 0.031 0.013 0.013 0.735 
219 24.0829.E1    (0)   10 :  0.294 0.014 0.009 0.013 0.015 0.006 0.007 0.643 
220 24.0830.E1    (0)   10 :  0.012 0.039 0.113 0.009 0.004 0.005 0.007 0.811 
221 24.0831.E1    (0)   10 :  0.016 0.048 0.248 0.010 0.004 0.005 0.005 0.665 
222 24.0832.E1    (0)   10 :  0.006 0.007 0.004 0.010 0.004 0.004 0.011 0.954 
223 24.0833.E1    (0)   10 :  0.004 0.005 0.004 0.008 0.004 0.004 0.004 0.967 
224 24.0834.E1    (0)   10 :  0.005 0.008 0.006 0.008 0.007 0.006 0.007 0.953 
225 24.0835.E1    (0)   10 :  0.011 0.007 0.008 0.008 0.004 0.006 0.012 0.944 
226 24.0836.E1    (0)   10 :  0.012 0.010 0.016 0.026 0.011 0.005 0.013 0.907 
227 24.0837.E1    (0)   10 :  0.007 0.012 0.008 0.009 0.006 0.005 0.007 0.946 
228 24.0838.E1    (0)   10 :  0.007 0.009 0.005 0.016 0.009 0.004 0.004 0.945 
229 24.0839.E1    (0)   10 :  0.547 0.059 0.068 0.019 0.022 0.027 0.050 0.208 
230 24.0840.E1    (0)   10 :  0.401 0.012 0.008 0.006 0.004 0.013 0.011 0.545 
231 24.0841.E1    (0)   11 :  0.924 0.016 0.006 0.012 0.010 0.004 0.007 0.023 
232 24.0842.E1    (0)   11 :  0.812 0.009 0.137 0.007 0.006 0.003 0.007 0.018 
233 24.0843.E1    (0)   11 :  0.122 0.032 0.219 0.006 0.025 0.005 0.005 0.586 
234 24.0844.E1    (0)   11 :  0.175 0.014 0.425 0.012 0.007 0.005 0.033 0.328 
235 24.0845.E1    (0)   11 :  0.033 0.046 0.049 0.024 0.006 0.006 0.009 0.828 
236 24.0846.E1    (0)   11 :  0.037 0.009 0.015 0.013 0.011 0.013 0.013 0.889 
237 24.0847.E1    (0)   11 :  0.020 0.011 0.017 0.086 0.014 0.007 0.045 0.800 
238 24.0848.E1    (0)   11 :  0.080 0.024 0.036 0.050 0.004 0.005 0.017 0.785 
239 24.0849.E1    (0)   11 :  0.008 0.007 0.006 0.005 0.007 0.004 0.006 0.957 
240 24.0850.E1    (0)   11 :  0.008 0.007 0.006 0.005 0.007 0.004 0.006 0.957 
241 24.0851.E1    (0)   11 :  0.008 0.007 0.006 0.005 0.007 0.004 0.006 0.957 
242 24.0852.E1    (0)   11 :  0.031 0.123 0.019 0.012 0.038 0.005 0.008 0.764 
243 24.0853.E1    (0)   11 :  0.008 0.007 0.005 0.006 0.008 0.006 0.005 0.955 
244 24.0854.E1    (0)   11 :  0.033 0.036 0.816 0.009 0.009 0.007 0.012 0.077 
245 24.0855.E1    (0)   11 :  0.128 0.009 0.007 0.017 0.017 0.005 0.007 0.809 
246 24.0856.E1    (0)   11 :  0.409 0.017 0.321 0.011 0.030 0.081 0.084 0.047 
247 24.0857.E1    (0)   11 :  0.046 0.009 0.013 0.022 0.010 0.010 0.016 0.875 
248 24.0858.E1    (0)   11 :  0.042 0.027 0.017 0.014 0.016 0.005 0.011 0.867 
249 24.0859.E1    (0)   11 :  0.060 0.015 0.011 0.010 0.069 0.015 0.010 0.810 
250 24.0860.E1    (0)   11 :  0.863 0.008 0.020 0.007 0.025 0.021 0.014 0.041 
251 24.0861.E1    (0)   11 :  0.021 0.010 0.006 0.005 0.009 0.005 0.006 0.939 
252 24.0862.E1    (0)   11 :  0.837 0.021 0.010 0.009 0.008 0.024 0.040 0.051 
253 24.0863.E1    (0)   11 :  0.022 0.010 0.006 0.005 0.009 0.004 0.006 0.937 
254 24.0864.E1    (0)   11 :  0.020 0.121 0.023 0.511 0.007 0.007 0.164 0.148 
255 24.0865.E1    (0)   12 :  0.013 0.409 0.012 0.086 0.231 0.017 0.020 0.212 
256 24.0866.E1    (0)   12 :  0.142 0.069 0.033 0.334 0.041 0.008 0.041 0.333 
257 24.0867.E1    (0)   12 :  0.014 0.022 0.021 0.530 0.157 0.045 0.015 0.196 
258 24.0868.E1    (0)   12 :  0.020 0.208 0.023 0.660 0.019 0.022 0.010 0.038 
259 24.0869.E1    (0)   12 :  0.012 0.022 0.014 0.863 0.005 0.043 0.006 0.034 
260 24.0870.E1    (0)   12 :  0.031 0.171 0.031 0.481 0.025 0.117 0.107 0.035 
261 24.0871.E1    (0)   12 :  0.059 0.137 0.083 0.504 0.009 0.066 0.117 0.026 
262 24.0872.E1    (0)   12 :  0.024 0.204 0.237 0.235 0.215 0.015 0.013 0.056 
263 24.0873.E1    (0)   12 :  0.017 0.045 0.012 0.862 0.012 0.013 0.010 0.028 
264 24.0874.E1    (0)   12 :  0.031 0.031 0.037 0.286 0.215 0.011 0.010 0.380 
265 24.0875.E1    (0)   12 :  0.008 0.051 0.737 0.136 0.011 0.009 0.037 0.012 
266 24.0876.E1    (0)   12 :  0.007 0.021 0.608 0.212 0.024 0.008 0.114 0.006 
267 24.0877.E1    (0)   12 :  0.013 0.013 0.017 0.043 0.080 0.007 0.820 0.006 
268 24.0878.E1    (0)   12 :  0.009 0.019 0.015 0.371 0.017 0.011 0.532 0.026 
269 24.0879.E1    (0)   12 :  0.007 0.016 0.292 0.023 0.007 0.012 0.638 0.006 
270 24.0880.E1    (0)   12 :  0.010 0.075 0.034 0.552 0.011 0.015 0.026 0.277 
271 24.0881.E1    (0)   12 :  0.005 0.006 0.006 0.009 0.011 0.012 0.946 0.005 
272 24.0882.E1    (0)   12 :  0.012 0.013 0.012 0.020 0.685 0.010 0.239 0.011 
273 24.0883.E1    (0)   12 :  0.006 0.017 0.360 0.166 0.236 0.019 0.181 0.016 
274 24.0884.E1    (0)   12 :  0.012 0.010 0.034 0.049 0.062 0.009 0.818 0.006 
275 24.0885.E1    (0)   12 :  0.006 0.035 0.094 0.341 0.008 0.016 0.489 0.010 
276 24.0886.E1    (0)   12 :  0.013 0.025 0.045 0.356 0.190 0.006 0.355 0.010 
277 24.0887.E1    (0)   12 :  0.006 0.005 0.235 0.023 0.689 0.011 0.026 0.005 
278 24.0888.E1    (0)   12 :  0.019 0.884 0.036 0.026 0.005 0.008 0.015 0.006 


Estimated Allele Frequencies in each cluster
First column gives estimated ancestral frequencies


Locus 1 : 
31 alleles
0.0% missing data
 115   (0.035) 0.013 0.009 0.027 0.119 0.008 0.004 0.126 0.003 
 117   (0.044) 0.061 0.009 0.025 0.042 0.187 0.005 0.183 0.004 
 119   (0.041) 0.006 0.008 0.007 0.022 0.310 0.268 0.261 0.003 
 131   (0.015) 0.002 0.004 0.003 0.005 0.004 0.002 0.048 0.001 
 128   (0.036) 0.013 0.027 0.049 0.032 0.003 0.004 0.036 0.013 
 135   (0.018) 0.004 0.004 0.004 0.016 0.008 0.002 0.042 0.001 
 126   (0.077) 0.043 0.072 0.071 0.057 0.077 0.013 0.090 0.205 
 122   (0.030) 0.114 0.011 0.010 0.009 0.002 0.093 0.014 0.002 
 132   (0.033) 0.023 0.027 0.022 0.014 0.017 0.004 0.005 0.027 
 141   (0.010) 0.002 0.002 0.002 0.002 0.001 0.002 0.010 0.001 
 130   (0.051) 0.019 0.065 0.092 0.105 0.016 0.017 0.007 0.018 
 134   (0.040) 0.026 0.030 0.006 0.028 0.003 0.126 0.005 0.044 
 145   (0.026) 0.004 0.055 0.018 0.005 0.010 0.019 0.004 0.002 
 127   (0.027) 0.004 0.006 0.007 0.006 0.144 0.063 0.029 0.002 
 116   (0.105) 0.150 0.292 0.118 0.180 0.017 0.169 0.017 0.161 
 114   (0.052) 0.128 0.037 0.027 0.031 0.006 0.065 0.007 0.169 
 120   (0.039) 0.007 0.065 0.097 0.013 0.003 0.084 0.010 0.002 
 110   (0.046) 0.026 0.017 0.061 0.053 0.029 0.020 0.011 0.068 
 133   (0.016) 0.006 0.003 0.005 0.002 0.013 0.009 0.003 0.001 
 118   (0.099) 0.312 0.192 0.291 0.190 0.023 0.012 0.014 0.199 
 125   (0.015) 0.008 0.006 0.004 0.002 0.001 0.002 0.003 0.010 
 129   (0.022) 0.003 0.009 0.021 0.007 0.007 0.002 0.040 0.001 
 124   (0.017) 0.003 0.016 0.015 0.003 0.001 0.002 0.011 0.001 
 136   (0.023) 0.004 0.006 0.004 0.042 0.002 0.003 0.003 0.046 
 121   (0.014) 0.002 0.003 0.002 0.004 0.065 0.001 0.006 0.001 
 139   (0.011) 0.001 0.002 0.002 0.002 0.001 0.001 0.011 0.001 
 113   (0.012) 0.002 0.002 0.002 0.002 0.014 0.001 0.001 0.001 
 111   (0.011) 0.001 0.002 0.002 0.002 0.013 0.001 0.002 0.001 
 143   (0.011) 0.001 0.002 0.002 0.002 0.014 0.001 0.001 0.001 
 140   (0.015) 0.011 0.014 0.003 0.004 0.001 0.002 0.002 0.001 
 112   (0.010) 0.001 0.002 0.002 0.002 0.001 0.001 0.001 0.010 

Locus 2 : 
18 alleles
0.0% missing data
 152   (0.362) 0.522 0.151 0.457 0.535 0.783 0.392 0.645 0.240 
 148   (0.075) 0.021 0.019 0.063 0.160 0.031 0.219 0.128 0.007 
 154   (0.114) 0.093 0.052 0.071 0.159 0.035 0.260 0.052 0.178 
 156   (0.017) 0.007 0.006 0.004 0.003 0.001 0.002 0.014 0.001 
 150   (0.025) 0.003 0.005 0.005 0.003 0.043 0.063 0.009 0.002 
 164   (0.076) 0.091 0.120 0.016 0.032 0.015 0.011 0.077 0.082 
 158   (0.034) 0.016 0.008 0.103 0.020 0.011 0.017 0.009 0.003 
 160   (0.019) 0.003 0.015 0.003 0.008 0.019 0.003 0.002 0.001 
 166   (0.019) 0.040 0.006 0.007 0.003 0.001 0.004 0.004 0.001 
 151   (0.065) 0.024 0.330 0.149 0.011 0.005 0.007 0.008 0.374 
 147   (0.073) 0.142 0.180 0.066 0.032 0.006 0.008 0.009 0.102 
 168   (0.022) 0.010 0.031 0.006 0.008 0.003 0.003 0.003 0.002 
 153   (0.014) 0.002 0.024 0.002 0.002 0.001 0.002 0.002 0.001 
 149   (0.024) 0.003 0.007 0.037 0.016 0.011 0.002 0.003 0.002 
 162   (0.021) 0.018 0.016 0.004 0.003 0.002 0.003 0.007 0.002 
 167   (0.013) 0.002 0.002 0.002 0.002 0.001 0.001 0.023 0.001 
 146   (0.013) 0.002 0.002 0.002 0.002 0.028 0.001 0.001 0.001 
 172   (0.015) 0.002 0.025 0.002 0.002 0.001 0.001 0.002 0.001 

Locus 3 : 
4 alleles
0.0% missing data
 128   (0.286) 0.244 0.211 0.316 0.303 0.415 0.321 0.191 0.442 
 126   (0.616) 0.716 0.719 0.558 0.670 0.578 0.618 0.722 0.471 
 132   (0.083) 0.038 0.067 0.095 0.025 0.006 0.056 0.085 0.086 
 134   (0.014) 0.002 0.003 0.031 0.002 0.001 0.006 0.002 0.001 

Locus 4 : 
3 alleles
0.0% missing data
 170   (0.321) 0.371 0.340 0.263 0.176 0.278 0.398 0.330 0.321 
 172   (0.667) 0.628 0.656 0.736 0.821 0.721 0.590 0.668 0.677 
 171   (0.013) 0.002 0.004 0.002 0.003 0.001 0.012 0.002 0.001 

Locus 5 : 
37 alleles
0.0% missing data
 125   (0.050) 0.011 0.024 0.109 0.037 0.033 0.062 0.068 0.107 
 110   (0.036) 0.029 0.011 0.040 0.006 0.016 0.044 0.053 0.052 
 129   (0.031) 0.069 0.095 0.007 0.012 0.003 0.004 0.053 0.003 
 113   (0.032) 0.086 0.098 0.010 0.023 0.003 0.004 0.013 0.014 
 145   (0.053) 0.008 0.070 0.085 0.116 0.100 0.006 0.205 0.009 
 155   (0.051) 0.089 0.020 0.024 0.027 0.017 0.167 0.152 0.042 
 117   (0.033) 0.018 0.022 0.010 0.101 0.032 0.005 0.021 0.002 
 124   (0.010) 0.001 0.002 0.001 0.002 0.001 0.001 0.022 0.001 
 133   (0.035) 0.013 0.058 0.020 0.030 0.069 0.004 0.042 0.003 
 157   (0.052) 0.081 0.075 0.133 0.056 0.026 0.031 0.008 0.035 
 141   (0.016) 0.003 0.026 0.012 0.009 0.001 0.002 0.005 0.003 
 112   (0.067) 0.084 0.040 0.015 0.099 0.156 0.186 0.065 0.162 
 121   (0.023) 0.044 0.018 0.008 0.004 0.003 0.013 0.005 0.014 
 114   (0.038) 0.006 0.008 0.007 0.125 0.165 0.019 0.043 0.058 
 153   (0.053) 0.118 0.046 0.177 0.033 0.004 0.011 0.057 0.092 
 127   (0.075) 0.084 0.126 0.047 0.089 0.087 0.049 0.077 0.115 
 131   (0.058) 0.061 0.015 0.091 0.048 0.190 0.213 0.044 0.062 
 135   (0.025) 0.011 0.011 0.068 0.017 0.003 0.005 0.004 0.076 
 104   (0.009) 0.001 0.003 0.001 0.003 0.001 0.012 0.001 0.001 
 118   (0.016) 0.002 0.006 0.017 0.013 0.002 0.018 0.010 0.001 
 116   (0.029) 0.035 0.011 0.034 0.028 0.003 0.023 0.005 0.008 
 137   (0.023) 0.055 0.011 0.015 0.007 0.004 0.094 0.005 0.002 
 123   (0.022) 0.025 0.005 0.012 0.006 0.002 0.005 0.007 0.072 
 149   (0.010) 0.002 0.005 0.001 0.006 0.001 0.001 0.001 0.002 
 138   (0.011) 0.001 0.059 0.002 0.002 0.001 0.001 0.001 0.001 
 143   (0.025) 0.006 0.036 0.009 0.004 0.065 0.003 0.004 0.043 
 163   (0.009) 0.005 0.004 0.002 0.003 0.001 0.005 0.002 0.001 
 109   (0.010) 0.001 0.002 0.001 0.025 0.001 0.001 0.001 0.001 
 139   (0.008) 0.001 0.003 0.012 0.002 0.001 0.001 0.001 0.001 
 106   (0.010) 0.002 0.008 0.003 0.003 0.001 0.001 0.002 0.001 
 144   (0.014) 0.011 0.003 0.003 0.038 0.001 0.002 0.002 0.001 
 122   (0.011) 0.002 0.003 0.002 0.008 0.004 0.001 0.012 0.001 
 100   (0.018) 0.028 0.025 0.007 0.007 0.001 0.003 0.003 0.004 
 111   (0.010) 0.001 0.036 0.001 0.001 0.001 0.001 0.001 0.001 
 233   (0.009) 0.002 0.007 0.006 0.001 0.001 0.001 0.001 0.002 
 134   (0.009) 0.001 0.002 0.006 0.001 0.001 0.001 0.001 0.007 
 140   (0.009) 0.001 0.004 0.002 0.009 0.001 0.001 0.001 0.001 

Locus 6 : 
17 alleles
0.0% missing data
 221   (0.022) 0.003 0.004 0.003 0.003 0.081 0.002 0.136 0.001 
 232   (0.248) 0.328 0.358 0.312 0.241 0.438 0.129 0.189 0.426 
 229   (0.050) 0.014 0.011 0.017 0.023 0.059 0.059 0.102 0.071 
 223   (0.060) 0.067 0.018 0.069 0.063 0.009 0.007 0.093 0.043 
 230   (0.152) 0.083 0.181 0.170 0.242 0.299 0.155 0.073 0.157 
 235   (0.014) 0.002 0.003 0.002 0.002 0.001 0.001 0.068 0.001 
 236   (0.039) 0.008 0.031 0.025 0.011 0.007 0.042 0.087 0.003 
 227   (0.021) 0.004 0.008 0.009 0.008 0.003 0.002 0.063 0.002 
 220   (0.056) 0.101 0.053 0.015 0.044 0.004 0.173 0.007 0.051 
 222   (0.043) 0.123 0.042 0.007 0.024 0.003 0.247 0.005 0.009 
 234   (0.134) 0.099 0.108 0.199 0.231 0.055 0.162 0.090 0.127 
 224   (0.030) 0.006 0.022 0.086 0.008 0.002 0.004 0.004 0.056 
 228   (0.062) 0.086 0.145 0.048 0.056 0.005 0.007 0.013 0.038 
 225   (0.011) 0.011 0.002 0.002 0.002 0.001 0.002 0.003 0.001 
 226   (0.016) 0.061 0.003 0.003 0.002 0.001 0.002 0.003 0.011 
 233   (0.027) 0.004 0.006 0.029 0.019 0.033 0.003 0.040 0.002 
 231   (0.015) 0.002 0.003 0.005 0.020 0.001 0.002 0.024 0.001 

Locus 7 : 
10 alleles
0.0% missing data
 121   (0.696) 0.757 0.857 0.668 0.816 0.746 0.797 0.893 0.727 
 129   (0.094) 0.070 0.057 0.070 0.055 0.102 0.012 0.071 0.144 
 130   (0.013) 0.026 0.002 0.002 0.002 0.001 0.001 0.002 0.001 
 123   (0.089) 0.096 0.040 0.190 0.030 0.103 0.125 0.019 0.120 
 128   (0.021) 0.003 0.004 0.013 0.004 0.021 0.036 0.003 0.001 
 131   (0.016) 0.008 0.003 0.008 0.002 0.002 0.020 0.002 0.001 
 117   (0.012) 0.002 0.013 0.002 0.002 0.001 0.001 0.001 0.001 
 125   (0.013) 0.002 0.002 0.037 0.002 0.001 0.001 0.001 0.001 
 134   (0.033) 0.036 0.018 0.010 0.079 0.007 0.005 0.005 0.003 
 132   (0.013) 0.002 0.003 0.002 0.009 0.018 0.001 0.002 0.001 

Locus 8 : 
19 alleles
0.0% missing data
 184   (0.289) 0.374 0.331 0.462 0.431 0.353 0.509 0.499 0.337 
 194   (0.048) 0.013 0.030 0.037 0.084 0.018 0.022 0.030 0.010 
 178   (0.103) 0.112 0.062 0.038 0.081 0.059 0.179 0.209 0.199 
 176   (0.081) 0.057 0.106 0.088 0.089 0.210 0.013 0.047 0.034 
 182   (0.072) 0.156 0.093 0.018 0.061 0.195 0.009 0.035 0.051 
 190   (0.031) 0.034 0.007 0.006 0.005 0.043 0.068 0.005 0.011 
 196   (0.024) 0.005 0.028 0.004 0.007 0.002 0.003 0.009 0.041 
 200   (0.029) 0.030 0.010 0.040 0.007 0.011 0.004 0.015 0.002 
 180   (0.025) 0.005 0.005 0.069 0.003 0.002 0.067 0.011 0.002 
 188   (0.041) 0.007 0.052 0.009 0.052 0.004 0.012 0.028 0.035 
 174   (0.037) 0.008 0.012 0.062 0.069 0.030 0.014 0.019 0.003 
 186   (0.124) 0.169 0.218 0.116 0.083 0.066 0.069 0.075 0.201 
 192   (0.022) 0.003 0.008 0.009 0.003 0.003 0.013 0.009 0.063 
 201   (0.012) 0.002 0.002 0.008 0.002 0.001 0.012 0.001 0.001 
 199   (0.020) 0.015 0.014 0.019 0.003 0.001 0.002 0.002 0.001 
 185   (0.011) 0.001 0.013 0.002 0.001 0.001 0.001 0.001 0.001 
 203   (0.011) 0.001 0.002 0.002 0.012 0.001 0.001 0.001 0.001 
 198   (0.010) 0.004 0.005 0.002 0.004 0.001 0.001 0.001 0.003 
 209   (0.010) 0.003 0.002 0.010 0.001 0.001 0.001 0.002 0.003 

Locus 9 : 
6 alleles
0.4% missing data
 154   (0.695) 0.783 0.830 0.700 0.667 0.639 0.825 0.717 0.782 
 156   (0.203) 0.193 0.105 0.282 0.254 0.342 0.164 0.167 0.109 
 152   (0.045) 0.007 0.022 0.007 0.045 0.007 0.005 0.075 0.105 
 153   (0.014) 0.003 0.021 0.002 0.002 0.001 0.002 0.003 0.002 
 160   (0.016) 0.010 0.017 0.003 0.002 0.001 0.002 0.002 0.001 
 164   (0.027) 0.004 0.005 0.005 0.029 0.010 0.003 0.036 0.002 

Locus 10 : 
29 alleles
0.7% missing data
 305   (0.066) 0.126 0.079 0.015 0.017 0.008 0.198 0.115 0.006 
 313   (0.047) 0.038 0.058 0.025 0.011 0.005 0.005 0.141 0.005 
 311   (0.016) 0.002 0.004 0.008 0.002 0.001 0.002 0.017 0.001 
 299   (0.105) 0.176 0.100 0.024 0.041 0.035 0.040 0.279 0.218 
 315   (0.079) 0.021 0.089 0.088 0.037 0.095 0.079 0.086 0.012 
 287   (0.022) 0.009 0.007 0.517 0.003 0.002 0.003 0.006 0.002 
 291   (0.099) 0.047 0.073 0.017 0.345 0.019 0.072 0.100 0.374 
 295   (0.025) 0.004 0.011 0.004 0.162 0.002 0.005 0.039 0.002 
 289   (0.018) 0.110 0.004 0.004 0.002 0.001 0.003 0.003 0.001 
 303   (0.069) 0.011 0.132 0.012 0.026 0.518 0.092 0.015 0.174 
 297   (0.042) 0.133 0.009 0.006 0.063 0.091 0.006 0.012 0.017 
 293   (0.022) 0.005 0.007 0.072 0.007 0.001 0.004 0.039 0.001 
 301   (0.056) 0.009 0.093 0.010 0.065 0.006 0.139 0.062 0.005 
 285   (0.027) 0.168 0.006 0.004 0.004 0.003 0.221 0.003 0.002 
 307   (0.047) 0.009 0.017 0.011 0.077 0.194 0.034 0.008 0.077 
 312   (0.054) 0.010 0.053 0.092 0.055 0.004 0.071 0.008 0.069 
 306   (0.028) 0.004 0.062 0.004 0.031 0.002 0.004 0.008 0.003 
 320   (0.013) 0.002 0.026 0.002 0.002 0.001 0.001 0.002 0.001 
 317   (0.021) 0.003 0.071 0.003 0.003 0.001 0.002 0.017 0.001 
 314   (0.026) 0.004 0.016 0.029 0.007 0.002 0.003 0.025 0.002 
 323   (0.010) 0.002 0.008 0.007 0.002 0.001 0.001 0.002 0.001 
 325   (0.011) 0.002 0.008 0.007 0.002 0.001 0.001 0.002 0.001 
 310   (0.016) 0.002 0.007 0.028 0.003 0.001 0.002 0.002 0.017 
 309   (0.011) 0.002 0.002 0.002 0.024 0.001 0.001 0.001 0.001 
 316   (0.016) 0.003 0.036 0.002 0.002 0.001 0.002 0.002 0.002 
 296   (0.011) 0.001 0.013 0.002 0.002 0.001 0.001 0.001 0.001 
 304   (0.014) 0.051 0.003 0.002 0.002 0.001 0.001 0.002 0.001 
 321   (0.013) 0.026 0.003 0.002 0.002 0.001 0.001 0.002 0.001 
 332   (0.016) 0.022 0.003 0.002 0.004 0.001 0.002 0.002 0.002 

Locus 11 : 
19 alleles
0.0% missing data
 114   (0.154) 0.049 0.119 0.124 0.242 0.200 0.287 0.239 0.016 
 126   (0.021) 0.003 0.004 0.003 0.005 0.003 0.018 0.056 0.001 
 111   (0.073) 0.461 0.020 0.029 0.013 0.005 0.008 0.237 0.558 
 116   (0.105) 0.108 0.037 0.120 0.124 0.252 0.020 0.102 0.019 
 132   (0.012) 0.002 0.003 0.002 0.002 0.001 0.001 0.011 0.001 
 109   (0.016) 0.002 0.003 0.002 0.004 0.001 0.002 0.044 0.001 
 128   (0.017) 0.002 0.004 0.003 0.017 0.001 0.002 0.007 0.002 
 112   (0.320) 0.136 0.599 0.459 0.464 0.503 0.595 0.231 0.029 
 122   (0.017) 0.002 0.008 0.006 0.007 0.004 0.011 0.002 0.002 
 124   (0.013) 0.002 0.003 0.002 0.002 0.001 0.019 0.002 0.001 
 118   (0.056) 0.055 0.020 0.067 0.051 0.014 0.019 0.021 0.015 
 127   (0.012) 0.002 0.013 0.002 0.002 0.001 0.001 0.001 0.001 
 113   (0.060) 0.115 0.094 0.049 0.013 0.004 0.006 0.008 0.296 
 115   (0.033) 0.008 0.015 0.103 0.026 0.003 0.004 0.019 0.003 
 120   (0.023) 0.003 0.005 0.004 0.019 0.001 0.002 0.003 0.047 
 117   (0.020) 0.025 0.013 0.004 0.003 0.002 0.002 0.003 0.003 
 125   (0.019) 0.003 0.030 0.012 0.003 0.001 0.002 0.003 0.001 
 119   (0.016) 0.022 0.004 0.002 0.003 0.001 0.002 0.002 0.003 
 136   (0.013) 0.002 0.003 0.008 0.002 0.001 0.001 0.008 0.001 

Locus 12 : 
28 alleles
0.7% missing data
 306   (0.063) 0.173 0.041 0.012 0.016 0.008 0.195 0.113 0.006 
 314   (0.057) 0.032 0.057 0.020 0.010 0.007 0.007 0.130 0.065 
 312   (0.013) 0.002 0.003 0.002 0.002 0.001 0.001 0.024 0.001 
 300   (0.113) 0.178 0.101 0.025 0.042 0.035 0.041 0.295 0.216 
 316   (0.043) 0.011 0.010 0.008 0.008 0.092 0.071 0.078 0.010 
 288   (0.022) 0.009 0.007 0.500 0.003 0.002 0.003 0.006 0.002 
 292   (0.104) 0.052 0.074 0.018 0.346 0.019 0.073 0.102 0.376 
 296   (0.033) 0.005 0.023 0.006 0.163 0.003 0.006 0.040 0.002 
 290   (0.016) 0.110 0.003 0.004 0.002 0.001 0.003 0.002 0.001 
 304   (0.071) 0.012 0.132 0.012 0.026 0.519 0.092 0.016 0.172 
 298   (0.044) 0.133 0.009 0.007 0.063 0.091 0.006 0.012 0.017 
 294   (0.021) 0.004 0.007 0.072 0.006 0.001 0.004 0.039 0.001 
 302   (0.059) 0.010 0.093 0.010 0.065 0.006 0.140 0.063 0.005 
 286   (0.028) 0.181 0.007 0.004 0.004 0.003 0.221 0.003 0.002 
 308   (0.029) 0.007 0.012 0.008 0.029 0.191 0.034 0.006 0.002 
 313   (0.045) 0.007 0.056 0.106 0.058 0.003 0.074 0.007 0.004 
 307   (0.044) 0.006 0.065 0.006 0.079 0.004 0.005 0.009 0.081 
 321   (0.012) 0.002 0.026 0.002 0.002 0.001 0.001 0.002 0.001 
 315   (0.050) 0.011 0.108 0.099 0.034 0.004 0.007 0.028 0.003 
 318   (0.017) 0.004 0.069 0.002 0.002 0.001 0.002 0.006 0.002 
 324   (0.013) 0.002 0.008 0.007 0.002 0.001 0.001 0.002 0.001 
 326   (0.014) 0.002 0.009 0.007 0.002 0.001 0.001 0.002 0.001 
 311   (0.021) 0.003 0.010 0.055 0.004 0.002 0.002 0.006 0.024 
 310   (0.012) 0.002 0.003 0.002 0.024 0.001 0.001 0.001 0.001 
 305   (0.016) 0.003 0.037 0.002 0.002 0.001 0.002 0.002 0.001 
 317   (0.014) 0.002 0.026 0.002 0.002 0.001 0.002 0.002 0.001 
 320   (0.012) 0.012 0.003 0.002 0.002 0.001 0.001 0.002 0.001 
 322   (0.014) 0.026 0.003 0.002 0.002 0.001 0.002 0.002 0.001 

Locus 13 : 
7 alleles
1.1% missing data
 161   (0.583) 0.476 0.534 0.492 0.785 0.889 0.077 0.662 0.463 
 163   (0.302) 0.416 0.436 0.486 0.158 0.030 0.037 0.263 0.520 
 160   (0.017) 0.002 0.003 0.003 0.002 0.001 0.437 0.002 0.001 
 162   (0.016) 0.002 0.003 0.002 0.002 0.001 0.440 0.002 0.001 
 165   (0.054) 0.099 0.018 0.010 0.045 0.006 0.006 0.066 0.013 
 166   (0.013) 0.002 0.003 0.004 0.006 0.003 0.001 0.003 0.001 
 164   (0.015) 0.002 0.003 0.002 0.002 0.069 0.001 0.002 0.001 

Locus 14 : 
4 alleles
0.4% missing data
  98   (0.957) 0.994 0.970 0.993 0.989 0.986 0.995 0.989 0.997 
 100   (0.013) 0.002 0.013 0.002 0.002 0.001 0.001 0.002 0.001 
  96   (0.017) 0.002 0.004 0.003 0.007 0.012 0.002 0.008 0.001 
 105   (0.013) 0.002 0.013 0.002 0.002 0.001 0.001 0.002 0.001 

Locus 15 : 
12 alleles
2.2% missing data
 171   (0.301) 0.280 0.430 0.369 0.212 0.186 0.222 0.394 0.356 
 177   (0.182) 0.151 0.128 0.231 0.264 0.053 0.335 0.208 0.090 
 173   (0.270) 0.419 0.296 0.221 0.349 0.080 0.128 0.278 0.497 
 179   (0.105) 0.098 0.050 0.113 0.045 0.555 0.293 0.071 0.031 
 183   (0.019) 0.008 0.007 0.006 0.003 0.009 0.002 0.028 0.002 
 181   (0.038) 0.009 0.062 0.006 0.014 0.110 0.005 0.007 0.019 
 197   (0.014) 0.002 0.003 0.002 0.061 0.002 0.001 0.002 0.001 
 170   (0.013) 0.002 0.007 0.022 0.003 0.001 0.002 0.002 0.001 
 189   (0.015) 0.011 0.007 0.003 0.005 0.001 0.007 0.004 0.001 
 203   (0.014) 0.002 0.003 0.002 0.038 0.001 0.001 0.002 0.001 
 187   (0.016) 0.006 0.005 0.023 0.002 0.001 0.002 0.003 0.001 
 198   (0.012) 0.013 0.002 0.002 0.002 0.001 0.001 0.001 0.001 

Values of parameters used in structure:
DATAFILE=STRUCTURE_main_final_278_HEG_ZG.str,	OUTFILE=STRUCTURE_main_final_278_HEG_ZG-K8-7,	NUMINDS=278,	NUMLOCI=15,	MISSING=-9,	LABEL=1,	POPDATA=1,	POPFLAG=0,	PHENOTYPE=0,	EXTRACOLS=0,	MAXPOPS=8,	BURNIN=100000,	NUMREPS=500000,	USEPOPINFO=0,	INFERALPHA=1,	INFERLAMBDA=0,	POPSPECIFICLAMBDA=0,	POPALPHAS=0,	COMPUTEPROB=1,	NOADMIX=0,	ADMBURNIN=2500,	UPDATEFREQ=1,	PRINTLIKES=0,	INTERMEDSAVE=0,	PRINTKLD=0,	PRINTNET=0,	PRINTLAMBDA=0,	ANCESTDIST=0,	NUMBOXES=1000,	ANCESTPINT=0.90000,	GENSBACK=2,	MIGRPRIOR=0.05000,	PRINTQHAT=0,	PRINTQSUM=0,	ALPHA=1.0000,	FREQSCORR=1,	FPRIORMEAN=0.0100,	FPRIORSD=0.0500,	ONEFST=0,	LAMBDA=1.0000,	UNIFPRIORALPHA=1,	ALPHAMAX=10.0000,	ALPHAPRIORA=1.0000,	ALPHAPRIORB=2.0000,	ALPHAPROPSD=0.0250,	STARTATPOPINFO=0,	RANDOMIZE=1,	LINKAGE=0,	METROFREQ=10,	REPORTHITRATE=0,	MARKOVPHASE=-1,	PHASED=0,	PLOIDY=2,	PHASEINFO=0	LOCPRIOR=0, 	LOCPRIORINIT=1.000000, 	LOCDATA=0, 	LOCISPOP=0, 	LOCPRIORSTEP=0.100000, 	MAXLOCPRIOR=20.000000, 	SEED=1782483145,	
[STRAT parameters]:    NUMSIMSTATS=1000,	PHENOTYPECOL=-9,	POOLFREQ=10,	LOCUSxONLY=0,	EMERROR=0.00100,	MISSINGPHENO=-9,	