

----------------------------------------------------
STRUCTURE by Pritchard, Stephens and Donnelly (2000)
     and Falush, Stephens and Pritchard (2003)
       Code by Pritchard, Falush and Hubisz
             Version 2.3.4 (Jul 2012)
----------------------------------------------------



Command line arguments:   structure -K 9 -i STRUCTURE_main_final_278_HEG_ZG.str -o STRUCTURE_main_final_278_HEG_ZG-K9-1 
Input File:    STRUCTURE_main_final_278_HEG_ZG.str

Run parameters:
   278 individuals
   15 loci
   9 populations assumed
   100000 Burn-in period
   500000 Reps


--------------------------------------------
Proportion of membership of each pre-defined
 population in each of the 9 clusters

Given    Inferred Clusters                                                 Number of
 Pop       1      2      3      4      5      6      7      8      9      Individuals

  1:     0.015  0.027  0.072  0.045  0.025  0.678  0.054  0.013  0.072       24
  2:     0.029  0.025  0.052  0.021  0.040  0.024  0.039  0.750  0.020       24
  3:     0.404  0.180  0.009  0.056  0.239  0.017  0.026  0.011  0.057       24
  4:     0.042  0.186  0.047  0.019  0.053  0.053  0.536  0.019  0.046       24
  5:     0.029  0.520  0.036  0.049  0.100  0.020  0.200  0.026  0.021       24
  6:     0.024  0.096  0.217  0.034  0.031  0.420  0.130  0.030  0.019       24
  7:     0.013  0.030  0.746  0.014  0.019  0.061  0.069  0.031  0.015       24
  8:     0.317  0.430  0.011  0.021  0.030  0.035  0.071  0.014  0.070       14
  9:     0.044  0.028  0.006  0.704  0.042  0.051  0.024  0.013  0.088       24
 10:     0.099  0.022  0.035  0.086  0.043  0.012  0.012  0.009  0.681       24
 11:     0.113  0.035  0.015  0.177  0.086  0.020  0.037  0.010  0.506       24
 12:     0.103  0.073  0.119  0.019  0.068  0.248  0.285  0.020  0.066       24
--------------------------------------------

Allele-freq. divergence among pops (Net nucleotide distance),
computed using point estimates of P.

      1       2       3       4       5       6       7       8       9      
 1      -    0.0288  0.0804  0.0430  0.0678  0.0532  0.0518  0.0788  0.0403  
 2   0.0288     -    0.0710  0.0411  0.0620  0.0310  0.0305  0.0621  0.0565  
 3   0.0804  0.0710     -    0.0970  0.1134  0.0689  0.0654  0.0994  0.1195  
 4   0.0430  0.0411  0.0970     -    0.0770  0.0383  0.0495  0.0787  0.0367  
 5   0.0678  0.0620  0.1134  0.0770     -    0.0771  0.0711  0.1039  0.0915  
 6   0.0532  0.0310  0.0689  0.0383  0.0771     -    0.0333  0.0675  0.0588  
 7   0.0518  0.0305  0.0654  0.0495  0.0711  0.0333     -    0.0720  0.0629  
 8   0.0788  0.0621  0.0994  0.0787  0.1039  0.0675  0.0720     -    0.1075  
 9   0.0403  0.0565  0.1195  0.0367  0.0915  0.0588  0.0629  0.1075     -    

Average distances (expected heterozygosity) between individuals in same cluster:
cluster  1  : 0.6229 
cluster  2  : 0.6254 
cluster  3  : 0.5463 
cluster  4  : 0.6255 
cluster  5  : 0.5986 
cluster  6  : 0.6165 
cluster  7  : 0.6068 
cluster  8  : 0.6152 
cluster  9  : 0.6120 

--------------------------------------------
Estimated Ln Prob of Data   = -12403.3
Mean value of ln likelihood = -11731.2
Variance of ln likelihood   = 1344.1
Mean value of alpha         = 0.0471

Mean value of Fst_1         = 0.1170
Mean value of Fst_2         = 0.0848
Mean value of Fst_3         = 0.2014
Mean value of Fst_4         = 0.1091
Mean value of Fst_5         = 0.1733
Mean value of Fst_6         = 0.0932
Mean value of Fst_7         = 0.0938
Mean value of Fst_8         = 0.1852
Mean value of Fst_9         = 0.1630


Inferred ancestry of individuals:
        Label (%Miss) Pop:  Inferred clusters
  1 24.0601.E1    (0)    1 :  0.007 0.008 0.012 0.008 0.011 0.924 0.010 0.011 0.009 
  2 24.0602.E1    (0)    1 :  0.010 0.010 0.008 0.012 0.010 0.930 0.006 0.004 0.008 
  3 24.0603.E1    (0)    1 :  0.009 0.069 0.025 0.015 0.008 0.838 0.026 0.005 0.005 
  4 24.0604.E1    (0)    1 :  0.005 0.005 0.005 0.008 0.157 0.686 0.096 0.007 0.032 
  5 24.0605.E1    (0)    1 :  0.009 0.015 0.036 0.028 0.007 0.859 0.031 0.007 0.009 
  6 24.0606.E1    (0)    1 :  0.006 0.025 0.020 0.015 0.005 0.776 0.127 0.010 0.016 
  7 24.0607.E1    (0)    1 :  0.009 0.127 0.259 0.403 0.027 0.138 0.017 0.007 0.013 
  8 24.0608.E1    (0)    1 :  0.052 0.008 0.121 0.011 0.006 0.733 0.007 0.004 0.059 
  9 24.0609.E1    (0)    1 :  0.013 0.026 0.005 0.015 0.009 0.269 0.260 0.004 0.400 
 10 24.0610.E1    (0)    1 :  0.012 0.018 0.008 0.012 0.005 0.509 0.194 0.005 0.236 
 11 24.0611.E1    (0)    1 :  0.006 0.010 0.006 0.033 0.006 0.880 0.032 0.007 0.022 
 12 24.0612.E1    (0)    1 :  0.005 0.022 0.014 0.008 0.014 0.918 0.007 0.008 0.006 
 13 24.0613.E1    (0)    1 :  0.004 0.009 0.005 0.006 0.005 0.889 0.056 0.006 0.020 
 14 24.0614.E1    (0)    1 :  0.058 0.008 0.375 0.266 0.006 0.248 0.013 0.007 0.019 
 15 24.0615.E1    (0)    1 :  0.009 0.014 0.037 0.021 0.021 0.752 0.010 0.014 0.122 
 16 24.0616.E1    (0)    1 :  0.005 0.008 0.005 0.009 0.006 0.938 0.009 0.011 0.010 
 17 24.0617.E1    (0)    1 :  0.007 0.017 0.019 0.023 0.006 0.393 0.019 0.029 0.487 
 18 24.0618.E1    (0)    1 :  0.016 0.042 0.005 0.036 0.005 0.777 0.032 0.009 0.078 
 19 24.0619.E1    (0)    1 :  0.031 0.059 0.004 0.022 0.107 0.641 0.111 0.012 0.011 
 20 24.0620.E1   (20)    1 :  0.011 0.040 0.726 0.018 0.014 0.048 0.097 0.012 0.034 
 21 24.0621.E1    (0)    1 :  0.055 0.064 0.005 0.071 0.134 0.491 0.091 0.005 0.085 
 22 24.0622.E1    (0)    1 :  0.016 0.011 0.009 0.005 0.005 0.909 0.016 0.021 0.008 
 23 24.0623.E1    (0)    1 :  0.014 0.016 0.016 0.032 0.014 0.771 0.017 0.095 0.025 
 24 24.0624.E1    (0)    1 :  0.004 0.007 0.006 0.007 0.004 0.952 0.005 0.006 0.009 
 25 24.0625.E1    (0)    2 :  0.121 0.030 0.050 0.019 0.040 0.015 0.052 0.656 0.016 
 26 24.0626.E1    (0)    2 :  0.055 0.004 0.033 0.005 0.005 0.004 0.004 0.886 0.004 
 27 24.0627.E1    (0)    2 :  0.006 0.013 0.015 0.007 0.417 0.006 0.041 0.487 0.007 
 28 24.0628.E1    (0)    2 :  0.154 0.012 0.083 0.010 0.007 0.026 0.091 0.536 0.081 
 29 24.0629.E1    (0)    2 :  0.007 0.042 0.006 0.009 0.009 0.067 0.008 0.836 0.015 
 30 24.0630.E1    (0)    2 :  0.025 0.005 0.052 0.007 0.007 0.005 0.010 0.883 0.006 
 31 24.0631.E1    (0)    2 :  0.003 0.004 0.004 0.004 0.003 0.005 0.003 0.971 0.003 
 32 24.0632.E1    (0)    2 :  0.005 0.020 0.024 0.006 0.010 0.007 0.008 0.913 0.006 
 33 24.0633.E1    (0)    2 :  0.159 0.081 0.089 0.020 0.009 0.016 0.030 0.541 0.057 
 34 24.0634.E1    (0)    2 :  0.011 0.010 0.006 0.011 0.008 0.009 0.009 0.921 0.014 
 35 24.0635.E1    (0)    2 :  0.053 0.110 0.016 0.082 0.026 0.020 0.020 0.645 0.030 
 36 24.0636.E1   (33)    2 :  0.016 0.024 0.685 0.008 0.023 0.034 0.126 0.075 0.009 
 37 24.0637.E1    (0)    2 :  0.004 0.006 0.007 0.005 0.004 0.004 0.005 0.962 0.003 
 38 24.0638.E1    (0)    2 :  0.009 0.056 0.004 0.005 0.011 0.007 0.021 0.881 0.005 
 39 24.0639.E1    (0)    2 :  0.006 0.040 0.013 0.008 0.023 0.043 0.007 0.760 0.099 
 40 24.0640.E1    (0)    2 :  0.005 0.007 0.005 0.009 0.004 0.008 0.006 0.949 0.007 
 41 24.0641.E1    (0)    2 :  0.030 0.050 0.021 0.242 0.069 0.175 0.036 0.368 0.010 
 42 24.0642.E1    (0)    2 :  0.005 0.024 0.042 0.005 0.008 0.076 0.253 0.584 0.004 
 43 24.0643.E1    (0)    2 :  0.006 0.046 0.044 0.007 0.264 0.009 0.010 0.604 0.010 
 44 24.0644.E1    (0)    2 :  0.005 0.005 0.005 0.010 0.005 0.008 0.021 0.916 0.025 
 45 24.0645.E1    (0)    2 :  0.004 0.006 0.020 0.008 0.006 0.011 0.141 0.777 0.026 
 46 24.0646.E1    (0)    2 :  0.005 0.006 0.005 0.010 0.005 0.008 0.020 0.917 0.024 
 47 24.0647.E1    (0)    2 :  0.004 0.006 0.007 0.005 0.004 0.004 0.005 0.962 0.003 
 48 24.0648.E1    (0)    2 :  0.004 0.006 0.007 0.005 0.004 0.004 0.005 0.962 0.003 
 49 24.0649.E1    (0)    3 :  0.417 0.493 0.003 0.013 0.013 0.006 0.012 0.007 0.037 
 50 24.0650.E1    (0)    3 :  0.288 0.031 0.004 0.174 0.010 0.029 0.334 0.004 0.127 
 51 24.0651.E1    (0)    3 :  0.141 0.232 0.031 0.426 0.033 0.008 0.018 0.102 0.010 
 52 24.0652.E1    (0)    3 :  0.926 0.019 0.004 0.008 0.010 0.015 0.006 0.004 0.007 
 53 24.0653.E1    (0)    3 :  0.053 0.028 0.006 0.013 0.857 0.006 0.010 0.005 0.023 
 54 24.0654.E1    (0)    3 :  0.843 0.090 0.005 0.007 0.007 0.006 0.007 0.009 0.027 
 55 24.0655.E1    (0)    3 :  0.213 0.621 0.007 0.021 0.011 0.041 0.012 0.017 0.057 
 56 24.0656.E1    (0)    3 :  0.937 0.009 0.008 0.006 0.009 0.006 0.010 0.005 0.010 
 57 24.0657.E1    (0)    3 :  0.938 0.009 0.008 0.006 0.009 0.006 0.010 0.004 0.009 
 58 24.0658.E1    (0)    3 :  0.315 0.440 0.007 0.014 0.059 0.023 0.042 0.007 0.093 
 59 24.0659.E1    (0)    3 :  0.494 0.059 0.003 0.050 0.311 0.039 0.012 0.009 0.024 
 60 24.0660.E1    (6)    3 :  0.360 0.553 0.006 0.010 0.012 0.021 0.016 0.015 0.007 
 61 24.0661.E1    (0)    3 :  0.936 0.010 0.013 0.007 0.006 0.006 0.005 0.005 0.012 
 62 24.0662.E1    (0)    3 :  0.063 0.212 0.015 0.441 0.121 0.078 0.015 0.022 0.034 
 63 24.0663.E1    (0)    3 :  0.068 0.076 0.006 0.041 0.007 0.006 0.033 0.008 0.755 
 64 24.0664.E1    (0)    3 :  0.772 0.160 0.014 0.006 0.009 0.006 0.008 0.007 0.018 
 65 24.0665.E1    (0)    3 :  0.764 0.126 0.043 0.009 0.022 0.006 0.016 0.007 0.008 
 66 24.0666.E1    (0)    3 :  0.012 0.007 0.004 0.005 0.944 0.007 0.009 0.005 0.007 
 67 24.0667.E1    (0)    3 :  0.011 0.011 0.004 0.004 0.950 0.007 0.005 0.003 0.005 
 68 24.0668.E1    (0)    3 :  0.005 0.004 0.003 0.004 0.969 0.003 0.004 0.004 0.004 
 69 24.0669.E1    (0)    3 :  0.005 0.005 0.004 0.004 0.967 0.004 0.004 0.004 0.004 
 70 24.0670.E1    (0)    3 :  0.301 0.606 0.005 0.013 0.026 0.011 0.004 0.003 0.031 
 71 24.0671.E1    (0)    3 :  0.477 0.404 0.008 0.021 0.011 0.012 0.015 0.011 0.042 
 72 24.0672.E1    (0)    3 :  0.365 0.125 0.006 0.037 0.372 0.054 0.028 0.006 0.008 
 73 24.0673.E1    (6)    4 :  0.290 0.038 0.267 0.022 0.010 0.114 0.207 0.031 0.022 
 74 24.0674.E1    (0)    4 :  0.005 0.013 0.048 0.029 0.004 0.009 0.875 0.008 0.008 
 75 24.0675.E1    (0)    4 :  0.024 0.027 0.025 0.033 0.009 0.022 0.796 0.029 0.035 
 76 24.0676.E1    (0)    4 :  0.015 0.053 0.022 0.018 0.007 0.013 0.683 0.007 0.183 
 77 24.0677.E1    (0)    4 :  0.030 0.781 0.010 0.060 0.016 0.025 0.022 0.004 0.052 
 78 24.0678.E1    (0)    4 :  0.045 0.295 0.010 0.025 0.116 0.435 0.023 0.041 0.010 
 79 24.0679.E1    (0)    4 :  0.174 0.188 0.008 0.018 0.083 0.127 0.268 0.014 0.121 
 80 24.0680.E1    (0)    4 :  0.070 0.490 0.011 0.019 0.219 0.047 0.110 0.025 0.009 
 81 24.0681.E1    (0)    4 :  0.077 0.207 0.018 0.012 0.018 0.052 0.601 0.009 0.006 
 82 24.0682.E1    (0)    4 :  0.003 0.005 0.005 0.004 0.004 0.004 0.967 0.005 0.004 
 83 24.0683.E1    (0)    4 :  0.006 0.012 0.158 0.018 0.007 0.009 0.778 0.006 0.004 
 84 24.0684.E1    (0)    4 :  0.009 0.059 0.056 0.013 0.010 0.086 0.711 0.031 0.025 
 85 24.0685.E1    (0)    4 :  0.009 0.017 0.015 0.006 0.053 0.011 0.872 0.007 0.010 
 86 24.0686.E1    (0)    4 :  0.012 0.792 0.010 0.052 0.011 0.044 0.024 0.044 0.011 
 87 24.0687.E1    (0)    4 :  0.017 0.719 0.012 0.042 0.007 0.029 0.046 0.113 0.015 
 88 24.0688.E1    (0)    4 :  0.006 0.008 0.005 0.005 0.004 0.005 0.957 0.006 0.004 
 89 24.0689.E1    (0)    4 :  0.016 0.335 0.031 0.011 0.008 0.024 0.110 0.015 0.449 
 90 24.0690.E1    (0)    4 :  0.030 0.221 0.028 0.020 0.611 0.019 0.038 0.026 0.007 
 91 24.0691.E1    (0)    4 :  0.007 0.016 0.006 0.005 0.008 0.019 0.914 0.007 0.018 
 92 24.0692.E1    (0)    4 :  0.013 0.067 0.007 0.005 0.008 0.005 0.876 0.005 0.013 
 93 24.0693.E1    (0)    4 :  0.112 0.069 0.360 0.014 0.017 0.011 0.357 0.010 0.050 
 94 24.0694.E1    (0)    4 :  0.007 0.010 0.009 0.005 0.011 0.007 0.940 0.006 0.006 
 95 24.0695.E1    (0)    4 :  0.014 0.019 0.007 0.011 0.015 0.117 0.791 0.006 0.021 
 96 24.0696.E1    (0)    4 :  0.007 0.023 0.008 0.007 0.011 0.025 0.898 0.013 0.010 
 97 24.0697.E1    (0)    5 :  0.012 0.803 0.036 0.013 0.006 0.006 0.105 0.010 0.009 
 98 24.0698.E1    (0)    5 :  0.012 0.797 0.045 0.033 0.026 0.013 0.043 0.013 0.017 
 99 24.0699.E1    (0)    5 :  0.035 0.876 0.008 0.035 0.010 0.017 0.006 0.007 0.006 
100 24.0700.E1    (0)    5 :  0.013 0.934 0.006 0.007 0.009 0.005 0.014 0.005 0.006 
101 24.0701.E1    (0)    5 :  0.007 0.029 0.041 0.009 0.880 0.007 0.009 0.010 0.009 
102 24.0702.E1    (0)    5 :  0.010 0.879 0.019 0.007 0.048 0.009 0.011 0.010 0.007 
103 24.0703.E1    (0)    5 :  0.017 0.748 0.006 0.147 0.014 0.009 0.009 0.044 0.006 
104 24.0704.E1    (6)    5 :  0.011 0.674 0.008 0.254 0.012 0.014 0.014 0.007 0.006 
105 24.0705.E1    (0)    5 :  0.013 0.128 0.008 0.008 0.042 0.018 0.766 0.009 0.010 
106 24.0706.E1    (0)    5 :  0.040 0.808 0.011 0.008 0.054 0.007 0.048 0.008 0.017 
107 24.0707.E1    (0)    5 :  0.042 0.831 0.014 0.030 0.011 0.018 0.035 0.014 0.005 
108 24.0708.E1    (0)    5 :  0.018 0.119 0.028 0.341 0.024 0.052 0.057 0.207 0.153 
109 24.0709.E1    (0)    5 :  0.010 0.021 0.006 0.019 0.008 0.010 0.887 0.008 0.031 
110 24.0710.E1    (0)    5 :  0.008 0.620 0.041 0.069 0.033 0.029 0.173 0.007 0.021 
111 24.0711.E1    (0)    5 :  0.012 0.760 0.016 0.019 0.032 0.054 0.053 0.048 0.007 
112 24.0712.E1    (0)    5 :  0.008 0.148 0.015 0.009 0.732 0.016 0.030 0.035 0.007 
113 24.0713.E1    (0)    5 :  0.023 0.334 0.016 0.027 0.015 0.009 0.541 0.008 0.027 
114 24.0714.E1    (0)    5 :  0.045 0.766 0.009 0.033 0.023 0.050 0.038 0.015 0.021 
115 24.0715.E1    (0)    5 :  0.020 0.547 0.254 0.006 0.016 0.025 0.110 0.007 0.015 
116 24.0716.E1    (0)    5 :  0.027 0.494 0.014 0.034 0.288 0.057 0.016 0.029 0.041 
117 24.0717.E1    (0)    5 :  0.191 0.385 0.238 0.052 0.017 0.014 0.021 0.049 0.034 
118 24.0718.E1    (0)    5 :  0.062 0.569 0.010 0.008 0.067 0.020 0.213 0.043 0.007 
119 24.0719.E1    (0)    5 :  0.011 0.036 0.006 0.009 0.013 0.006 0.886 0.016 0.018 
120 24.0720.E1    (0)    5 :  0.047 0.168 0.006 0.009 0.012 0.016 0.714 0.016 0.013 
121 24.0721.E1    (0)    6 :  0.053 0.361 0.378 0.021 0.023 0.012 0.103 0.013 0.036 
122 24.0722.E1    (0)    6 :  0.015 0.099 0.477 0.091 0.061 0.020 0.103 0.121 0.012 
123 24.0723.E1    (0)    6 :  0.099 0.043 0.280 0.174 0.010 0.026 0.017 0.232 0.118 
124 24.0724.E1    (0)    6 :  0.020 0.050 0.097 0.257 0.014 0.116 0.348 0.045 0.053 
125 24.0725.E1    (0)    6 :  0.024 0.010 0.007 0.005 0.007 0.925 0.010 0.007 0.006 
126 24.0726.E1    (6)    6 :  0.034 0.026 0.096 0.012 0.008 0.620 0.188 0.009 0.007 
127 24.0727.E1    (0)    6 :  0.030 0.048 0.505 0.031 0.096 0.229 0.024 0.020 0.018 
128 24.0728.E1    (0)    6 :  0.036 0.409 0.161 0.012 0.011 0.306 0.019 0.027 0.020 
129 24.0729.E1    (0)    6 :  0.010 0.016 0.047 0.014 0.041 0.623 0.221 0.014 0.016 
130 24.0730.E1    (0)    6 :  0.041 0.803 0.019 0.010 0.013 0.046 0.044 0.008 0.017 
131 24.0731.E1    (0)    6 :  0.013 0.030 0.055 0.008 0.005 0.250 0.619 0.012 0.008 
132 24.0732.E1    (0)    6 :  0.040 0.031 0.713 0.005 0.016 0.058 0.121 0.011 0.004 
133 24.0733.E1    (0)    6 :  0.004 0.004 0.017 0.004 0.003 0.949 0.007 0.006 0.005 
134 24.0734.E1    (0)    6 :  0.011 0.130 0.772 0.012 0.010 0.031 0.012 0.013 0.008 
135 24.0735.E1    (0)    6 :  0.019 0.059 0.199 0.007 0.012 0.599 0.020 0.058 0.027 
136 24.0736.E1    (0)    6 :  0.006 0.012 0.043 0.005 0.005 0.909 0.007 0.008 0.006 
137 24.0737.E1    (0)    6 :  0.017 0.023 0.008 0.019 0.010 0.873 0.015 0.027 0.009 
138 24.0738.E1    (0)    6 :  0.011 0.018 0.029 0.010 0.009 0.897 0.009 0.011 0.005 
139 24.0739.E1    (0)    6 :  0.025 0.014 0.006 0.006 0.007 0.907 0.012 0.017 0.006 
140 24.0740.E1    (0)    6 :  0.014 0.011 0.012 0.013 0.010 0.584 0.322 0.020 0.014 
141 24.0741.E1    (0)    6 :  0.027 0.043 0.341 0.009 0.006 0.312 0.234 0.019 0.010 
142 24.0742.E1    (0)    6 :  0.008 0.015 0.767 0.015 0.008 0.142 0.027 0.010 0.007 
143 24.0743.E1    (0)    6 :  0.008 0.015 0.046 0.052 0.022 0.371 0.467 0.005 0.014 
144 24.0744.E1    (0)    6 :  0.014 0.022 0.132 0.025 0.329 0.270 0.161 0.016 0.031 
145 24.0745.E1    (0)    7 :  0.012 0.015 0.899 0.008 0.027 0.005 0.021 0.004 0.009 
146 24.0746.E1    (0)    7 :  0.008 0.101 0.617 0.134 0.010 0.035 0.039 0.047 0.009 
147 24.0747.E1    (0)    7 :  0.015 0.010 0.642 0.007 0.012 0.024 0.252 0.010 0.027 
148 24.0748.E1    (6)    7 :  0.020 0.012 0.546 0.008 0.012 0.028 0.326 0.009 0.039 
149 24.0749.E1    (0)    7 :  0.006 0.009 0.715 0.008 0.007 0.233 0.009 0.007 0.005 
150 24.0750.E1    (0)    7 :  0.011 0.224 0.218 0.032 0.040 0.209 0.235 0.013 0.019 
151 24.0751.E1    (0)    7 :  0.004 0.005 0.961 0.004 0.004 0.007 0.005 0.006 0.004 
152 24.0752.E1    (0)    7 :  0.006 0.020 0.882 0.005 0.005 0.052 0.011 0.007 0.012 
153 24.0753.E1    (0)    7 :  0.012 0.012 0.510 0.011 0.010 0.224 0.014 0.202 0.006 
154 24.0754.E1    (0)    7 :  0.010 0.009 0.899 0.005 0.007 0.024 0.023 0.017 0.006 
155 24.0755.E1    (0)    7 :  0.014 0.027 0.734 0.011 0.008 0.016 0.129 0.028 0.033 
156 24.0756.E1    (0)    7 :  0.005 0.005 0.940 0.008 0.006 0.013 0.006 0.009 0.010 
157 24.0757.E1    (0)    7 :  0.003 0.004 0.972 0.003 0.004 0.003 0.004 0.004 0.003 
158 24.0758.E1    (0)    7 :  0.003 0.004 0.971 0.003 0.004 0.004 0.004 0.004 0.003 
159 24.0759.E1    (0)    7 :  0.009 0.009 0.933 0.006 0.009 0.016 0.008 0.006 0.006 
160 24.0760.E1    (0)    7 :  0.017 0.032 0.589 0.007 0.009 0.010 0.023 0.308 0.005 
161 24.0761.E1    (0)    7 :  0.005 0.005 0.959 0.004 0.004 0.006 0.005 0.009 0.005 
162 24.0762.E1    (0)    7 :  0.121 0.142 0.071 0.018 0.255 0.239 0.070 0.009 0.075 
163 24.0763.E1    (0)    7 :  0.005 0.005 0.956 0.004 0.003 0.007 0.012 0.004 0.004 
164 24.0764.E1    (0)    7 :  0.005 0.008 0.952 0.004 0.004 0.011 0.005 0.008 0.004 
165 24.0765.E1    (0)    7 :  0.007 0.010 0.902 0.016 0.005 0.007 0.016 0.027 0.009 
166 24.0766.E1    (0)    7 :  0.007 0.007 0.947 0.005 0.005 0.009 0.009 0.007 0.005 
167 24.0767.E1    (0)    7 :  0.004 0.004 0.968 0.004 0.003 0.004 0.006 0.004 0.004 
168 24.0768.E1    (0)    7 :  0.012 0.048 0.132 0.031 0.010 0.289 0.421 0.005 0.053 
169 24.0779.E1    (0)    8 :  0.178 0.590 0.040 0.079 0.010 0.019 0.069 0.008 0.007 
170 24.0780.E1    (6)    8 :  0.100 0.643 0.004 0.011 0.008 0.008 0.027 0.006 0.194 
171 24.0781.E1    (0)    8 :  0.069 0.891 0.005 0.006 0.006 0.004 0.007 0.005 0.008 
172 24.0782.E1    (0)    8 :  0.036 0.296 0.023 0.023 0.009 0.152 0.394 0.036 0.032 
173 24.0783.E1    (0)    8 :  0.176 0.299 0.006 0.008 0.058 0.011 0.085 0.016 0.343 
174 24.0784.E1    (0)    8 :  0.129 0.757 0.004 0.030 0.005 0.008 0.039 0.005 0.023 
175 24.0785.E1    (0)    8 :  0.550 0.321 0.004 0.025 0.011 0.008 0.011 0.004 0.065 
176 24.0786.E1    (0)    8 :  0.107 0.556 0.010 0.012 0.012 0.026 0.106 0.010 0.161 
177 24.0787.E1    (0)    8 :  0.498 0.363 0.019 0.012 0.007 0.017 0.017 0.057 0.009 
178 24.0788.E1    (0)    8 :  0.638 0.215 0.006 0.009 0.006 0.006 0.038 0.017 0.065 
179 24.0789.E1    (0)    8 :  0.211 0.627 0.007 0.037 0.007 0.034 0.010 0.018 0.050 
180 24.0790.E1    (0)    8 :  0.723 0.236 0.004 0.009 0.005 0.004 0.005 0.006 0.009 
181 24.0791.E1    (0)    8 :  0.280 0.121 0.009 0.018 0.245 0.187 0.123 0.006 0.011 
182 24.0792.E1    (0)    8 :  0.746 0.110 0.013 0.009 0.027 0.011 0.070 0.005 0.011 
183 24.0793.E1    (0)    9 :  0.016 0.176 0.007 0.581 0.007 0.038 0.009 0.052 0.114 
184 24.0794.E1    (0)    9 :  0.246 0.018 0.007 0.071 0.006 0.612 0.006 0.006 0.028 
185 24.0795.E1    (0)    9 :  0.007 0.024 0.007 0.730 0.007 0.158 0.021 0.021 0.025 
186 24.0796.E1    (0)    9 :  0.338 0.059 0.005 0.097 0.005 0.140 0.007 0.008 0.340 
187 24.0797.E1    (0)    9 :  0.071 0.120 0.003 0.549 0.006 0.021 0.007 0.010 0.211 
188 24.0798.E1    (0)    9 :  0.035 0.018 0.017 0.513 0.351 0.008 0.020 0.021 0.017 
189 24.0799.E1    (0)    9 :  0.008 0.029 0.007 0.794 0.042 0.040 0.010 0.008 0.061 
190 24.0800.E1    (0)    9 :  0.021 0.021 0.009 0.385 0.025 0.025 0.053 0.007 0.454 
191 24.0801.E1    (0)    9 :  0.011 0.009 0.005 0.575 0.364 0.005 0.017 0.007 0.007 
192 24.0802.E1    (0)    9 :  0.009 0.012 0.004 0.913 0.008 0.007 0.009 0.016 0.023 
193 24.0803.E1    (0)    9 :  0.007 0.011 0.006 0.903 0.040 0.010 0.007 0.007 0.008 
194 24.0804.E1    (0)    9 :  0.007 0.008 0.004 0.842 0.004 0.009 0.007 0.016 0.102 
195 24.0805.E1    (0)    9 :  0.010 0.007 0.007 0.907 0.018 0.007 0.036 0.004 0.005 
196 24.0806.E1    (0)    9 :  0.005 0.007 0.004 0.945 0.005 0.006 0.005 0.017 0.005 
197 24.0807.E1    (0)    9 :  0.028 0.013 0.003 0.909 0.008 0.007 0.008 0.007 0.015 
198 24.0808.E1    (0)    9 :  0.064 0.037 0.006 0.598 0.008 0.014 0.148 0.019 0.106 
199 24.0809.E1    (0)    9 :  0.009 0.008 0.010 0.753 0.019 0.019 0.086 0.005 0.091 
200 24.0810.E1    (0)    9 :  0.011 0.007 0.007 0.909 0.023 0.006 0.017 0.011 0.010 
201 24.0811.E1    (0)    9 :  0.067 0.016 0.005 0.815 0.005 0.025 0.007 0.013 0.046 
202 24.0812.E1    (0)    9 :  0.018 0.029 0.006 0.700 0.008 0.034 0.026 0.006 0.174 
203 24.0813.E1    (0)    9 :  0.025 0.013 0.006 0.875 0.004 0.007 0.047 0.008 0.015 
204 24.0814.E1    (6)    9 :  0.012 0.005 0.004 0.707 0.008 0.008 0.020 0.020 0.215 
205 24.0815.E1    (0)    9 :  0.006 0.007 0.007 0.902 0.031 0.004 0.009 0.017 0.016 
206 24.0816.E1    (0)    9 :  0.014 0.012 0.004 0.922 0.012 0.006 0.004 0.011 0.014 
207 24.0817.E1    (0)   10 :  0.017 0.018 0.005 0.052 0.008 0.015 0.010 0.005 0.870 
208 24.0818.E1    (0)   10 :  0.024 0.092 0.011 0.018 0.008 0.039 0.006 0.015 0.787 
209 24.0819.E1    (0)   10 :  0.127 0.012 0.221 0.413 0.124 0.014 0.015 0.020 0.053 
210 24.0820.E1    (0)   10 :  0.269 0.006 0.271 0.013 0.010 0.006 0.005 0.009 0.411 
211 24.0821.E1    (0)   10 :  0.366 0.063 0.006 0.070 0.247 0.014 0.017 0.011 0.207 
212 24.0822.E1    (0)   10 :  0.024 0.018 0.021 0.006 0.006 0.005 0.008 0.004 0.909 
213 24.0823.E1    (0)   10 :  0.132 0.007 0.056 0.008 0.014 0.007 0.008 0.011 0.757 
214 24.0824.E1    (0)   10 :  0.007 0.007 0.009 0.012 0.443 0.006 0.034 0.006 0.476 
215 24.0825.E1    (0)   10 :  0.005 0.005 0.005 0.005 0.005 0.004 0.009 0.005 0.957 
216 24.0826.E1    (0)   10 :  0.415 0.012 0.117 0.019 0.015 0.006 0.009 0.011 0.396 
217 24.0827.E1    (0)   10 :  0.030 0.021 0.004 0.012 0.006 0.038 0.011 0.007 0.871 
218 24.0828.E1    (0)   10 :  0.465 0.011 0.023 0.073 0.032 0.012 0.016 0.010 0.357 
219 24.0829.E1    (0)   10 :  0.024 0.007 0.011 0.409 0.011 0.006 0.012 0.006 0.515 
220 24.0830.E1    (0)   10 :  0.168 0.036 0.004 0.014 0.012 0.007 0.010 0.004 0.746 
221 24.0831.E1    (0)   10 :  0.173 0.084 0.004 0.010 0.018 0.005 0.011 0.005 0.689 
222 24.0832.E1    (0)   10 :  0.009 0.006 0.003 0.005 0.004 0.009 0.008 0.003 0.953 
223 24.0833.E1    (0)   10 :  0.005 0.004 0.004 0.004 0.004 0.004 0.007 0.003 0.965 
224 24.0834.E1    (0)   10 :  0.012 0.006 0.007 0.007 0.005 0.008 0.008 0.007 0.940 
225 24.0835.E1    (0)   10 :  0.006 0.008 0.004 0.010 0.008 0.011 0.007 0.006 0.940 
226 24.0836.E1    (0)   10 :  0.008 0.012 0.011 0.012 0.016 0.012 0.024 0.005 0.901 
227 24.0837.E1    (0)   10 :  0.012 0.008 0.006 0.010 0.007 0.007 0.008 0.005 0.937 
228 24.0838.E1    (0)   10 :  0.010 0.010 0.007 0.007 0.005 0.004 0.011 0.004 0.942 
229 24.0839.E1    (0)   10 :  0.057 0.072 0.024 0.462 0.025 0.045 0.024 0.033 0.259 
230 24.0840.E1    (0)   10 :  0.023 0.009 0.004 0.422 0.010 0.008 0.006 0.012 0.506 
231 24.0841.E1    (0)   11 :  0.108 0.036 0.010 0.770 0.004 0.008 0.013 0.004 0.047 
232 24.0842.E1    (0)   11 :  0.077 0.016 0.007 0.676 0.166 0.010 0.007 0.003 0.037 
233 24.0843.E1    (0)   11 :  0.165 0.014 0.029 0.178 0.217 0.005 0.007 0.005 0.381 
234 24.0844.E1    (0)   11 :  0.021 0.038 0.007 0.216 0.372 0.029 0.015 0.005 0.297 
235 24.0845.E1    (0)   11 :  0.079 0.091 0.005 0.023 0.022 0.010 0.017 0.005 0.747 
236 24.0846.E1    (0)   11 :  0.009 0.015 0.011 0.031 0.013 0.013 0.013 0.012 0.883 
237 24.0847.E1    (0)   11 :  0.013 0.010 0.013 0.029 0.017 0.040 0.099 0.007 0.771 
238 24.0848.E1    (0)   11 :  0.022 0.046 0.005 0.052 0.022 0.015 0.046 0.005 0.789 
239 24.0849.E1    (0)   11 :  0.229 0.005 0.007 0.008 0.005 0.006 0.004 0.004 0.731 
240 24.0850.E1    (0)   11 :  0.229 0.005 0.007 0.008 0.005 0.006 0.004 0.004 0.731 
241 24.0851.E1    (0)   11 :  0.229 0.005 0.007 0.008 0.005 0.006 0.004 0.004 0.731 
242 24.0852.E1    (0)   11 :  0.375 0.051 0.034 0.029 0.009 0.009 0.010 0.005 0.477 
243 24.0853.E1    (0)   11 :  0.130 0.006 0.009 0.011 0.005 0.005 0.007 0.006 0.823 
244 24.0854.E1    (0)   11 :  0.139 0.008 0.011 0.049 0.718 0.013 0.010 0.006 0.046 
245 24.0855.E1    (0)   11 :  0.017 0.010 0.016 0.152 0.009 0.006 0.017 0.005 0.768 
246 24.0856.E1    (0)   11 :  0.013 0.140 0.031 0.276 0.346 0.072 0.010 0.070 0.042 
247 24.0857.E1    (0)   11 :  0.012 0.016 0.010 0.098 0.015 0.017 0.022 0.011 0.799 
248 24.0858.E1    (0)   11 :  0.032 0.071 0.016 0.060 0.022 0.012 0.015 0.005 0.766 
249 24.0859.E1    (0)   11 :  0.236 0.021 0.065 0.054 0.011 0.011 0.010 0.017 0.575 
250 24.0860.E1    (0)   11 :  0.016 0.167 0.036 0.567 0.047 0.027 0.008 0.032 0.100 
251 24.0861.E1    (0)   11 :  0.226 0.010 0.009 0.014 0.005 0.006 0.005 0.004 0.721 
252 24.0862.E1    (0)   11 :  0.008 0.018 0.007 0.910 0.007 0.014 0.008 0.013 0.016 
253 24.0863.E1    (0)   11 :  0.225 0.011 0.009 0.014 0.005 0.006 0.005 0.004 0.723 
254 24.0864.E1    (0)   11 :  0.105 0.026 0.007 0.025 0.018 0.139 0.534 0.007 0.139 
255 24.0865.E1    (0)   12 :  0.576 0.021 0.159 0.014 0.008 0.027 0.057 0.016 0.123 
256 24.0866.E1    (0)   12 :  0.027 0.216 0.034 0.077 0.031 0.032 0.286 0.007 0.291 
257 24.0867.E1    (0)   12 :  0.063 0.015 0.161 0.015 0.015 0.011 0.569 0.036 0.114 
258 24.0868.E1    (0)   12 :  0.185 0.134 0.019 0.021 0.018 0.011 0.541 0.025 0.048 
259 24.0869.E1    (0)   12 :  0.015 0.037 0.005 0.021 0.005 0.007 0.820 0.043 0.046 
260 24.0870.E1    (0)   12 :  0.083 0.224 0.025 0.019 0.020 0.104 0.342 0.113 0.070 
261 24.0871.E1    (0)   12 :  0.090 0.132 0.008 0.046 0.022 0.081 0.540 0.048 0.034 
262 24.0872.E1    (0)   12 :  0.302 0.095 0.167 0.024 0.043 0.013 0.309 0.013 0.034 
263 24.0873.E1    (0)   12 :  0.071 0.013 0.013 0.039 0.012 0.011 0.803 0.015 0.023 
264 24.0874.E1    (0)   12 :  0.071 0.018 0.229 0.041 0.037 0.009 0.299 0.009 0.286 
265 24.0875.E1    (0)   12 :  0.047 0.245 0.012 0.018 0.237 0.083 0.328 0.013 0.017 
266 24.0876.E1    (0)   12 :  0.026 0.144 0.017 0.010 0.161 0.167 0.458 0.009 0.007 
267 24.0877.E1    (0)   12 :  0.008 0.051 0.069 0.009 0.015 0.801 0.035 0.007 0.005 
268 24.0878.E1    (0)   12 :  0.025 0.011 0.015 0.013 0.025 0.603 0.261 0.010 0.036 
269 24.0879.E1    (0)   12 :  0.014 0.012 0.006 0.006 0.246 0.676 0.022 0.011 0.006 
270 24.0880.E1    (0)   12 :  0.072 0.030 0.012 0.010 0.053 0.026 0.399 0.015 0.384 
271 24.0881.E1    (0)   12 :  0.006 0.007 0.010 0.005 0.007 0.940 0.009 0.012 0.005 
272 24.0882.E1    (0)   12 :  0.011 0.028 0.667 0.006 0.010 0.239 0.020 0.009 0.010 
273 24.0883.E1    (0)   12 :  0.033 0.010 0.245 0.006 0.278 0.252 0.151 0.015 0.012 
274 24.0884.E1    (0)   12 :  0.011 0.016 0.056 0.008 0.024 0.837 0.035 0.008 0.006 
275 24.0885.E1    (0)   12 :  0.022 0.029 0.007 0.007 0.077 0.597 0.235 0.015 0.010 
276 24.0886.E1    (0)   12 :  0.033 0.015 0.208 0.011 0.089 0.368 0.264 0.005 0.007 
277 24.0887.E1    (0)   12 :  0.006 0.007 0.704 0.006 0.193 0.036 0.031 0.011 0.005 
278 24.0888.E1    (0)   12 :  0.665 0.237 0.005 0.024 0.018 0.018 0.018 0.008 0.006 


Estimated Allele Frequencies in each cluster
First column gives estimated ancestral frequencies


Locus 1 : 
31 alleles
0.0% missing data
 115   (0.034) 0.011 0.012 0.006 0.014 0.015 0.129 0.131 0.004 0.003 
 117   (0.043) 0.008 0.011 0.196 0.059 0.018 0.189 0.054 0.005 0.004 
 119   (0.040) 0.007 0.008 0.320 0.006 0.008 0.263 0.021 0.279 0.004 
 131   (0.014) 0.003 0.002 0.003 0.002 0.003 0.050 0.004 0.001 0.001 
 128   (0.038) 0.034 0.028 0.004 0.011 0.018 0.036 0.041 0.004 0.019 
 135   (0.018) 0.003 0.004 0.008 0.005 0.004 0.046 0.013 0.002 0.002 
 126   (0.079) 0.063 0.090 0.080 0.042 0.047 0.083 0.061 0.012 0.223 
 122   (0.036) 0.007 0.048 0.002 0.102 0.009 0.012 0.010 0.093 0.003 
 132   (0.032) 0.014 0.024 0.016 0.044 0.018 0.005 0.016 0.004 0.019 
 141   (0.010) 0.002 0.002 0.001 0.002 0.002 0.009 0.002 0.003 0.001 
 130   (0.049) 0.069 0.054 0.009 0.022 0.122 0.006 0.094 0.015 0.013 
 134   (0.038) 0.035 0.018 0.003 0.031 0.006 0.005 0.028 0.128 0.039 
 145   (0.022) 0.086 0.004 0.009 0.003 0.018 0.003 0.005 0.015 0.002 
 127   (0.028) 0.005 0.005 0.149 0.004 0.008 0.029 0.007 0.062 0.002 
 116   (0.106) 0.249 0.269 0.012 0.146 0.081 0.015 0.161 0.167 0.160 
 114   (0.057) 0.068 0.040 0.006 0.148 0.033 0.007 0.034 0.062 0.155 
 120   (0.037) 0.042 0.048 0.003 0.006 0.125 0.009 0.014 0.086 0.003 
 110   (0.048) 0.019 0.045 0.017 0.016 0.080 0.008 0.055 0.021 0.074 
 133   (0.014) 0.003 0.003 0.013 0.006 0.004 0.003 0.003 0.010 0.001 
 118   (0.106) 0.211 0.245 0.021 0.287 0.314 0.014 0.182 0.012 0.188 
 125   (0.015) 0.004 0.005 0.001 0.010 0.006 0.003 0.002 0.002 0.011 
 129   (0.020) 0.009 0.005 0.007 0.003 0.030 0.041 0.006 0.002 0.001 
 124   (0.016) 0.018 0.009 0.002 0.003 0.015 0.009 0.004 0.002 0.002 
 136   (0.020) 0.005 0.005 0.001 0.004 0.003 0.003 0.040 0.003 0.057 
 121   (0.014) 0.003 0.002 0.067 0.002 0.002 0.006 0.003 0.001 0.001 
 139   (0.011) 0.002 0.002 0.001 0.002 0.002 0.011 0.002 0.001 0.001 
 113   (0.009) 0.002 0.002 0.015 0.001 0.002 0.001 0.001 0.001 0.001 
 111   (0.010) 0.002 0.002 0.013 0.001 0.002 0.002 0.002 0.001 0.001 
 143   (0.010) 0.002 0.002 0.015 0.001 0.002 0.001 0.001 0.001 0.001 
 140   (0.016) 0.014 0.005 0.001 0.015 0.003 0.002 0.003 0.002 0.001 
 112   (0.010) 0.002 0.002 0.001 0.002 0.002 0.001 0.002 0.001 0.011 

Locus 2 : 
18 alleles
0.0% missing data
 152   (0.371) 0.166 0.447 0.791 0.506 0.393 0.650 0.517 0.395 0.227 
 148   (0.071) 0.014 0.048 0.024 0.012 0.046 0.136 0.173 0.219 0.007 
 154   (0.111) 0.044 0.105 0.034 0.071 0.039 0.050 0.159 0.258 0.209 
 156   (0.016) 0.003 0.005 0.001 0.009 0.005 0.013 0.003 0.002 0.001 
 150   (0.024) 0.004 0.004 0.046 0.003 0.006 0.009 0.003 0.065 0.002 
 164   (0.078) 0.073 0.132 0.013 0.079 0.019 0.067 0.035 0.011 0.073 
 158   (0.031) 0.008 0.007 0.009 0.012 0.165 0.009 0.020 0.016 0.003 
 160   (0.019) 0.007 0.010 0.018 0.003 0.004 0.003 0.010 0.003 0.001 
 166   (0.021) 0.004 0.022 0.001 0.032 0.004 0.004 0.004 0.005 0.001 
 151   (0.069) 0.368 0.110 0.005 0.034 0.190 0.009 0.012 0.007 0.386 
 147   (0.065) 0.229 0.040 0.006 0.198 0.068 0.008 0.028 0.007 0.079 
 168   (0.024) 0.033 0.012 0.003 0.010 0.007 0.004 0.009 0.003 0.002 
 153   (0.015) 0.019 0.011 0.001 0.002 0.003 0.002 0.002 0.002 0.001 
 149   (0.026) 0.005 0.010 0.012 0.004 0.042 0.003 0.017 0.003 0.002 
 162   (0.020) 0.013 0.009 0.003 0.019 0.003 0.008 0.003 0.003 0.002 
 167   (0.013) 0.002 0.002 0.001 0.002 0.002 0.024 0.002 0.001 0.001 
 146   (0.013) 0.002 0.002 0.030 0.002 0.002 0.001 0.002 0.001 0.001 
 172   (0.013) 0.005 0.024 0.001 0.002 0.002 0.001 0.002 0.001 0.001 

Locus 3 : 
4 alleles
0.0% missing data
 128   (0.289) 0.247 0.228 0.438 0.246 0.283 0.205 0.307 0.322 0.454 
 126   (0.614) 0.656 0.734 0.554 0.705 0.549 0.712 0.667 0.616 0.466 
 132   (0.083) 0.095 0.034 0.006 0.047 0.127 0.081 0.024 0.055 0.078 
 134   (0.014) 0.002 0.004 0.001 0.002 0.041 0.002 0.002 0.006 0.001 

Locus 4 : 
3 alleles
0.0% missing data
 170   (0.319) 0.299 0.369 0.285 0.305 0.211 0.337 0.169 0.403 0.363 
 172   (0.668) 0.696 0.629 0.714 0.693 0.787 0.661 0.828 0.585 0.635 
 171   (0.013) 0.005 0.002 0.002 0.002 0.002 0.002 0.003 0.011 0.002 

Locus 5 : 
37 alleles
0.0% missing data
 125   (0.053) 0.047 0.023 0.034 0.011 0.144 0.066 0.045 0.061 0.103 
 110   (0.035) 0.020 0.010 0.016 0.035 0.037 0.053 0.007 0.045 0.058 
 129   (0.033) 0.060 0.102 0.003 0.033 0.008 0.051 0.009 0.004 0.005 
 113   (0.031) 0.031 0.108 0.002 0.095 0.007 0.011 0.011 0.004 0.011 
 145   (0.051) 0.104 0.021 0.093 0.009 0.076 0.211 0.139 0.006 0.009 
 155   (0.052) 0.011 0.053 0.015 0.082 0.019 0.150 0.026 0.174 0.048 
 117   (0.030) 0.021 0.010 0.032 0.023 0.006 0.020 0.109 0.005 0.002 
 124   (0.010) 0.002 0.002 0.001 0.001 0.001 0.023 0.002 0.001 0.001 
 133   (0.033) 0.061 0.039 0.072 0.008 0.011 0.040 0.027 0.004 0.003 
 157   (0.047) 0.039 0.172 0.023 0.017 0.118 0.008 0.043 0.030 0.040 
 141   (0.015) 0.009 0.033 0.001 0.002 0.003 0.005 0.006 0.002 0.004 
 112   (0.071) 0.067 0.073 0.161 0.046 0.016 0.065 0.096 0.192 0.170 
 121   (0.022) 0.016 0.009 0.003 0.067 0.008 0.004 0.003 0.010 0.006 
 114   (0.036) 0.007 0.009 0.172 0.006 0.007 0.044 0.133 0.018 0.066 
 153   (0.055) 0.070 0.024 0.004 0.154 0.227 0.056 0.037 0.011 0.085 
 127   (0.075) 0.142 0.098 0.075 0.100 0.040 0.074 0.077 0.039 0.117 
 131   (0.060) 0.033 0.022 0.193 0.082 0.133 0.049 0.037 0.219 0.051 
 135   (0.030) 0.022 0.036 0.003 0.031 0.036 0.006 0.025 0.009 0.058 
 104   (0.008) 0.004 0.001 0.001 0.001 0.001 0.001 0.002 0.011 0.001 
 118   (0.017) 0.004 0.010 0.002 0.002 0.015 0.014 0.010 0.018 0.001 
 116   (0.029) 0.016 0.012 0.004 0.041 0.025 0.006 0.031 0.023 0.011 
 137   (0.024) 0.007 0.017 0.005 0.064 0.014 0.005 0.007 0.092 0.002 
 123   (0.021) 0.016 0.006 0.002 0.030 0.007 0.007 0.007 0.005 0.074 
 149   (0.010) 0.006 0.002 0.001 0.004 0.002 0.001 0.006 0.001 0.002 
 138   (0.011) 0.065 0.012 0.001 0.001 0.002 0.001 0.001 0.001 0.001 
 143   (0.025) 0.027 0.027 0.070 0.005 0.008 0.003 0.004 0.003 0.043 
 163   (0.008) 0.001 0.010 0.001 0.002 0.001 0.001 0.002 0.003 0.001 
 109   (0.009) 0.001 0.001 0.001 0.001 0.001 0.001 0.026 0.001 0.001 
 139   (0.009) 0.001 0.012 0.001 0.001 0.002 0.001 0.001 0.001 0.001 
 106   (0.007) 0.002 0.011 0.001 0.001 0.001 0.001 0.001 0.001 0.001 
 144   (0.015) 0.003 0.006 0.001 0.014 0.003 0.002 0.037 0.002 0.001 
 122   (0.010) 0.002 0.002 0.004 0.002 0.002 0.010 0.011 0.001 0.001 
 100   (0.017) 0.027 0.012 0.001 0.021 0.006 0.003 0.007 0.002 0.009 
 111   (0.012) 0.038 0.008 0.001 0.002 0.002 0.001 0.002 0.001 0.001 
 233   (0.010) 0.008 0.002 0.001 0.002 0.008 0.001 0.002 0.001 0.002 
 134   (0.009) 0.004 0.003 0.001 0.001 0.002 0.001 0.001 0.001 0.008 
 140   (0.009) 0.005 0.003 0.001 0.001 0.002 0.001 0.008 0.001 0.001 

Locus 6 : 
17 alleles
0.0% missing data
 221   (0.022) 0.003 0.003 0.086 0.003 0.003 0.140 0.003 0.002 0.002 
 232   (0.250) 0.469 0.319 0.437 0.305 0.283 0.177 0.252 0.123 0.399 
 229   (0.053) 0.015 0.012 0.060 0.015 0.018 0.103 0.027 0.063 0.077 
 223   (0.063) 0.016 0.057 0.008 0.026 0.101 0.096 0.065 0.008 0.051 
 230   (0.156) 0.142 0.226 0.294 0.076 0.117 0.069 0.236 0.155 0.180 
 235   (0.013) 0.002 0.002 0.001 0.002 0.002 0.070 0.002 0.001 0.001 
 236   (0.039) 0.038 0.018 0.006 0.009 0.016 0.089 0.011 0.041 0.003 
 227   (0.023) 0.004 0.012 0.002 0.004 0.009 0.060 0.011 0.003 0.002 
 220   (0.053) 0.080 0.013 0.004 0.146 0.014 0.007 0.039 0.178 0.031 
 222   (0.039) 0.041 0.015 0.002 0.167 0.007 0.005 0.019 0.245 0.004 
 234   (0.133) 0.068 0.099 0.055 0.116 0.272 0.087 0.240 0.164 0.132 
 224   (0.031) 0.011 0.029 0.002 0.006 0.109 0.004 0.006 0.004 0.062 
 228   (0.056) 0.096 0.182 0.004 0.037 0.015 0.012 0.045 0.006 0.035 
 225   (0.013) 0.002 0.002 0.001 0.013 0.002 0.003 0.002 0.002 0.001 
 226   (0.015) 0.003 0.003 0.001 0.071 0.002 0.002 0.002 0.002 0.016 
 233   (0.026) 0.005 0.006 0.036 0.004 0.021 0.045 0.023 0.003 0.002 
 231   (0.013) 0.003 0.002 0.001 0.002 0.007 0.029 0.015 0.001 0.001 

Locus 7 : 
10 alleles
0.0% missing data
 121   (0.683) 0.815 0.825 0.747 0.749 0.605 0.890 0.808 0.796 0.741 
 129   (0.097) 0.095 0.046 0.102 0.060 0.091 0.071 0.060 0.011 0.138 
 130   (0.014) 0.002 0.003 0.002 0.027 0.002 0.002 0.002 0.001 0.001 
 123   (0.098) 0.063 0.078 0.100 0.104 0.209 0.021 0.035 0.124 0.112 
 128   (0.021) 0.003 0.004 0.021 0.003 0.017 0.003 0.004 0.037 0.002 
 131   (0.015) 0.003 0.004 0.001 0.006 0.009 0.002 0.003 0.023 0.002 
 117   (0.012) 0.008 0.007 0.001 0.002 0.002 0.001 0.002 0.001 0.001 
 125   (0.012) 0.002 0.002 0.001 0.002 0.054 0.001 0.002 0.001 0.001 
 134   (0.034) 0.006 0.028 0.006 0.046 0.009 0.005 0.075 0.004 0.003 
 132   (0.013) 0.002 0.002 0.019 0.002 0.002 0.002 0.010 0.001 0.001 

Locus 8 : 
19 alleles
0.0% missing data
 184   (0.298) 0.361 0.390 0.345 0.339 0.501 0.492 0.450 0.515 0.321 
 194   (0.046) 0.018 0.049 0.020 0.008 0.032 0.028 0.080 0.017 0.011 
 178   (0.104) 0.057 0.056 0.062 0.131 0.030 0.209 0.085 0.177 0.223 
 176   (0.082) 0.121 0.080 0.215 0.091 0.062 0.048 0.080 0.012 0.019 
 182   (0.072) 0.044 0.135 0.201 0.138 0.020 0.037 0.048 0.008 0.049 
 190   (0.031) 0.005 0.006 0.047 0.037 0.007 0.006 0.005 0.070 0.012 
 196   (0.024) 0.034 0.007 0.002 0.006 0.004 0.009 0.007 0.002 0.046 
 200   (0.026) 0.004 0.048 0.009 0.008 0.035 0.014 0.005 0.004 0.002 
 180   (0.024) 0.004 0.004 0.002 0.004 0.104 0.010 0.003 0.067 0.002 
 188   (0.040) 0.076 0.008 0.003 0.006 0.009 0.029 0.048 0.010 0.042 
 174   (0.037) 0.009 0.016 0.031 0.010 0.049 0.019 0.084 0.020 0.003 
 186   (0.121) 0.220 0.175 0.054 0.185 0.082 0.080 0.078 0.065 0.191 
 192   (0.022) 0.011 0.005 0.003 0.004 0.013 0.009 0.003 0.013 0.069 
 201   (0.011) 0.002 0.002 0.001 0.002 0.009 0.001 0.002 0.012 0.001 
 199   (0.020) 0.010 0.010 0.001 0.016 0.025 0.002 0.003 0.002 0.002 
 185   (0.011) 0.017 0.002 0.001 0.001 0.002 0.001 0.002 0.001 0.001 
 203   (0.011) 0.002 0.002 0.001 0.002 0.002 0.001 0.013 0.001 0.001 
 198   (0.008) 0.002 0.002 0.001 0.010 0.001 0.001 0.003 0.001 0.001 
 209   (0.011) 0.002 0.002 0.001 0.005 0.012 0.002 0.002 0.001 0.003 

Locus 9 : 
6 alleles
0.4% missing data
 154   (0.692) 0.873 0.710 0.634 0.821 0.684 0.717 0.666 0.827 0.777 
 156   (0.206) 0.073 0.218 0.350 0.162 0.300 0.167 0.259 0.163 0.115 
 152   (0.048) 0.034 0.027 0.005 0.009 0.008 0.074 0.041 0.005 0.104 
 153   (0.013) 0.009 0.018 0.001 0.002 0.002 0.002 0.002 0.002 0.002 
 160   (0.015) 0.006 0.022 0.001 0.002 0.002 0.002 0.002 0.001 0.001 
 164   (0.026) 0.004 0.005 0.010 0.004 0.004 0.038 0.030 0.003 0.002 

Locus 10 : 
29 alleles
0.7% missing data
 305   (0.064) 0.023 0.119 0.008 0.126 0.014 0.103 0.012 0.194 0.007 
 313   (0.048) 0.041 0.036 0.005 0.048 0.015 0.149 0.011 0.006 0.006 
 311   (0.016) 0.004 0.004 0.002 0.002 0.006 0.018 0.003 0.002 0.002 
 299   (0.098) 0.073 0.241 0.029 0.067 0.016 0.268 0.032 0.036 0.217 
 315   (0.071) 0.027 0.171 0.098 0.015 0.023 0.083 0.020 0.079 0.013 
 287   (0.020) 0.006 0.004 0.002 0.006 0.723 0.006 0.003 0.003 0.002 
 291   (0.111) 0.043 0.049 0.021 0.106 0.019 0.105 0.349 0.076 0.395 
 295   (0.026) 0.011 0.011 0.002 0.004 0.004 0.037 0.172 0.005 0.002 
 289   (0.018) 0.004 0.010 0.002 0.117 0.009 0.003 0.002 0.003 0.001 
 303   (0.055) 0.328 0.010 0.543 0.010 0.009 0.012 0.017 0.069 0.117 
 297   (0.044) 0.013 0.014 0.096 0.126 0.006 0.012 0.080 0.006 0.024 
 293   (0.021) 0.012 0.015 0.001 0.006 0.034 0.047 0.022 0.004 0.002 
 301   (0.061) 0.080 0.036 0.007 0.016 0.010 0.063 0.068 0.148 0.006 
 285   (0.028) 0.005 0.011 0.003 0.189 0.004 0.003 0.004 0.238 0.002 
 307   (0.057) 0.011 0.084 0.163 0.008 0.010 0.010 0.064 0.038 0.080 
 312   (0.054) 0.034 0.099 0.004 0.011 0.021 0.008 0.064 0.070 0.076 
 306   (0.027) 0.061 0.023 0.002 0.004 0.005 0.009 0.024 0.004 0.006 
 320   (0.015) 0.015 0.015 0.001 0.002 0.002 0.002 0.002 0.002 0.001 
 317   (0.020) 0.100 0.003 0.001 0.003 0.002 0.016 0.003 0.002 0.001 
 314   (0.025) 0.016 0.007 0.002 0.004 0.035 0.029 0.006 0.003 0.002 
 323   (0.012) 0.008 0.003 0.001 0.002 0.008 0.002 0.002 0.001 0.001 
 325   (0.012) 0.009 0.003 0.001 0.002 0.008 0.002 0.002 0.001 0.001 
 310   (0.016) 0.015 0.011 0.001 0.002 0.004 0.003 0.004 0.002 0.027 
 309   (0.012) 0.002 0.002 0.001 0.002 0.002 0.001 0.025 0.002 0.001 
 316   (0.016) 0.038 0.009 0.001 0.003 0.002 0.003 0.002 0.002 0.002 
 296   (0.012) 0.014 0.003 0.001 0.002 0.002 0.002 0.002 0.001 0.001 
 304   (0.015) 0.003 0.003 0.001 0.059 0.002 0.002 0.002 0.002 0.002 
 321   (0.014) 0.002 0.002 0.001 0.031 0.002 0.002 0.002 0.001 0.001 
 332   (0.013) 0.002 0.002 0.001 0.030 0.002 0.002 0.002 0.001 0.001 

Locus 11 : 
19 alleles
0.0% missing data
 114   (0.149) 0.089 0.186 0.203 0.024 0.059 0.239 0.244 0.283 0.018 
 126   (0.020) 0.003 0.003 0.003 0.003 0.003 0.058 0.005 0.018 0.001 
 111   (0.080) 0.103 0.017 0.006 0.570 0.033 0.234 0.014 0.008 0.565 
 116   (0.110) 0.024 0.101 0.264 0.064 0.138 0.107 0.130 0.020 0.023 
 132   (0.014) 0.002 0.003 0.001 0.002 0.002 0.011 0.002 0.001 0.001 
 109   (0.015) 0.002 0.002 0.001 0.002 0.002 0.046 0.003 0.001 0.001 
 128   (0.017) 0.004 0.004 0.001 0.002 0.003 0.008 0.015 0.002 0.003 
 112   (0.322) 0.455 0.593 0.487 0.066 0.411 0.225 0.454 0.604 0.037 
 122   (0.015) 0.013 0.003 0.004 0.002 0.003 0.002 0.007 0.009 0.002 
 124   (0.012) 0.002 0.002 0.001 0.002 0.002 0.001 0.002 0.018 0.001 
 118   (0.058) 0.018 0.027 0.015 0.050 0.092 0.019 0.061 0.017 0.013 
 127   (0.014) 0.009 0.007 0.001 0.002 0.002 0.002 0.002 0.001 0.001 
 113   (0.057) 0.212 0.014 0.004 0.147 0.055 0.008 0.012 0.006 0.267 
 115   (0.030) 0.011 0.007 0.003 0.007 0.168 0.020 0.018 0.003 0.004 
 120   (0.023) 0.005 0.004 0.001 0.003 0.004 0.003 0.020 0.002 0.054 
 117   (0.020) 0.006 0.013 0.002 0.022 0.004 0.003 0.003 0.002 0.005 
 125   (0.017) 0.036 0.008 0.001 0.002 0.007 0.003 0.003 0.002 0.001 
 119   (0.015) 0.003 0.002 0.001 0.028 0.002 0.002 0.002 0.001 0.002 
 136   (0.012) 0.002 0.002 0.001 0.002 0.009 0.009 0.002 0.001 0.001 

Locus 12 : 
28 alleles
0.7% missing data
 306   (0.065) 0.016 0.088 0.008 0.180 0.012 0.102 0.011 0.191 0.008 
 314   (0.057) 0.049 0.032 0.007 0.041 0.021 0.135 0.010 0.007 0.065 
 312   (0.014) 0.002 0.002 0.001 0.002 0.002 0.025 0.002 0.001 0.001 
 300   (0.107) 0.074 0.245 0.030 0.068 0.017 0.283 0.033 0.037 0.215 
 316   (0.044) 0.008 0.013 0.097 0.011 0.006 0.081 0.007 0.074 0.013 
 288   (0.020) 0.005 0.004 0.002 0.006 0.710 0.005 0.003 0.003 0.002 
 292   (0.115) 0.044 0.051 0.022 0.119 0.020 0.106 0.347 0.076 0.392 
 296   (0.033) 0.023 0.013 0.003 0.005 0.005 0.038 0.173 0.006 0.002 
 290   (0.020) 0.004 0.010 0.002 0.117 0.010 0.003 0.003 0.003 0.002 
 304   (0.056) 0.327 0.010 0.545 0.010 0.009 0.012 0.017 0.069 0.116 
 298   (0.045) 0.013 0.015 0.096 0.126 0.007 0.013 0.079 0.006 0.024 
 294   (0.018) 0.011 0.014 0.001 0.006 0.034 0.047 0.022 0.004 0.001 
 302   (0.061) 0.080 0.037 0.007 0.015 0.010 0.064 0.067 0.148 0.006 
 286   (0.029) 0.005 0.011 0.003 0.204 0.004 0.004 0.004 0.239 0.002 
 308   (0.034) 0.006 0.073 0.158 0.005 0.006 0.007 0.017 0.037 0.002 
 313   (0.043) 0.021 0.121 0.003 0.007 0.020 0.007 0.070 0.073 0.005 
 307   (0.043) 0.062 0.030 0.004 0.006 0.006 0.010 0.073 0.005 0.092 
 321   (0.014) 0.015 0.015 0.001 0.002 0.002 0.002 0.002 0.001 0.001 
 315   (0.049) 0.055 0.145 0.004 0.007 0.059 0.031 0.017 0.006 0.004 
 318   (0.017) 0.095 0.003 0.001 0.003 0.002 0.006 0.002 0.002 0.002 
 324   (0.012) 0.008 0.003 0.001 0.002 0.008 0.002 0.002 0.001 0.001 
 326   (0.014) 0.009 0.004 0.001 0.002 0.008 0.002 0.002 0.001 0.001 
 311   (0.020) 0.024 0.018 0.002 0.003 0.013 0.007 0.006 0.002 0.040 
 310   (0.012) 0.002 0.003 0.001 0.002 0.002 0.002 0.025 0.002 0.001 
 305   (0.016) 0.010 0.030 0.001 0.003 0.002 0.002 0.002 0.002 0.001 
 317   (0.015) 0.026 0.008 0.001 0.002 0.002 0.002 0.002 0.002 0.001 
 320   (0.013) 0.002 0.002 0.001 0.015 0.002 0.002 0.002 0.001 0.001 
 322   (0.013) 0.002 0.002 0.001 0.031 0.002 0.002 0.002 0.001 0.001 

Locus 13 : 
7 alleles
1.1% missing data
 161   (0.584) 0.449 0.582 0.890 0.527 0.483 0.655 0.812 0.071 0.434 
 163   (0.308) 0.498 0.397 0.028 0.348 0.497 0.265 0.144 0.035 0.553 
 160   (0.017) 0.003 0.003 0.001 0.002 0.003 0.002 0.002 0.442 0.001 
 162   (0.016) 0.003 0.002 0.001 0.002 0.002 0.002 0.002 0.445 0.001 
 165   (0.049) 0.044 0.009 0.005 0.116 0.010 0.070 0.033 0.005 0.009 
 166   (0.014) 0.002 0.005 0.003 0.002 0.003 0.004 0.005 0.001 0.001 
 164   (0.014) 0.002 0.002 0.073 0.002 0.002 0.002 0.002 0.001 0.001 

Locus 14 : 
4 alleles
0.4% missing data
  98   (0.958) 0.967 0.990 0.986 0.994 0.993 0.988 0.989 0.996 0.997 
 100   (0.013) 0.014 0.004 0.001 0.002 0.002 0.002 0.002 0.001 0.001 
  96   (0.017) 0.004 0.003 0.012 0.002 0.003 0.009 0.007 0.002 0.001 
 105   (0.013) 0.014 0.003 0.001 0.002 0.002 0.002 0.002 0.001 0.001 

Locus 15 : 
12 alleles
2.2% missing data
 171   (0.304) 0.388 0.317 0.182 0.318 0.422 0.394 0.219 0.220 0.353 
 177   (0.182) 0.131 0.161 0.053 0.129 0.232 0.210 0.275 0.348 0.086 
 173   (0.270) 0.353 0.311 0.071 0.445 0.157 0.283 0.328 0.114 0.507 
 179   (0.104) 0.053 0.123 0.566 0.055 0.135 0.068 0.043 0.300 0.024 
 183   (0.021) 0.006 0.006 0.010 0.009 0.009 0.027 0.003 0.002 0.002 
 181   (0.039) 0.049 0.033 0.111 0.010 0.006 0.006 0.013 0.005 0.022 
 197   (0.014) 0.002 0.002 0.002 0.002 0.002 0.002 0.066 0.001 0.001 
 170   (0.013) 0.004 0.016 0.001 0.002 0.012 0.002 0.004 0.002 0.001 
 189   (0.013) 0.002 0.024 0.001 0.003 0.002 0.002 0.002 0.004 0.001 
 203   (0.013) 0.002 0.002 0.001 0.002 0.002 0.002 0.041 0.001 0.001 
 187   (0.016) 0.007 0.004 0.001 0.009 0.020 0.003 0.004 0.002 0.001 
 198   (0.012) 0.002 0.002 0.001 0.015 0.002 0.001 0.002 0.001 0.001 

Values of parameters used in structure:
DATAFILE=STRUCTURE_main_final_278_HEG_ZG.str,	OUTFILE=STRUCTURE_main_final_278_HEG_ZG-K9-1,	NUMINDS=278,	NUMLOCI=15,	MISSING=-9,	LABEL=1,	POPDATA=1,	POPFLAG=0,	PHENOTYPE=0,	EXTRACOLS=0,	MAXPOPS=9,	BURNIN=100000,	NUMREPS=500000,	USEPOPINFO=0,	INFERALPHA=1,	INFERLAMBDA=0,	POPSPECIFICLAMBDA=0,	POPALPHAS=0,	COMPUTEPROB=1,	NOADMIX=0,	ADMBURNIN=2500,	UPDATEFREQ=1,	PRINTLIKES=0,	INTERMEDSAVE=0,	PRINTKLD=0,	PRINTNET=0,	PRINTLAMBDA=0,	ANCESTDIST=0,	NUMBOXES=1000,	ANCESTPINT=0.90000,	GENSBACK=2,	MIGRPRIOR=0.05000,	PRINTQHAT=0,	PRINTQSUM=0,	ALPHA=1.0000,	FREQSCORR=1,	FPRIORMEAN=0.0100,	FPRIORSD=0.0500,	ONEFST=0,	LAMBDA=1.0000,	UNIFPRIORALPHA=1,	ALPHAMAX=10.0000,	ALPHAPRIORA=1.0000,	ALPHAPRIORB=2.0000,	ALPHAPROPSD=0.0250,	STARTATPOPINFO=0,	RANDOMIZE=1,	LINKAGE=0,	METROFREQ=10,	REPORTHITRATE=0,	MARKOVPHASE=-1,	PHASED=0,	PLOIDY=2,	PHASEINFO=0	LOCPRIOR=0, 	LOCPRIORINIT=1.000000, 	LOCDATA=0, 	LOCISPOP=0, 	LOCPRIORSTEP=0.100000, 	MAXLOCPRIOR=20.000000, 	SEED=1782484018,	
[STRAT parameters]:    NUMSIMSTATS=1000,	PHENOTYPECOL=-9,	POOLFREQ=10,	LOCUSxONLY=0,	EMERROR=0.00100,	MISSINGPHENO=-9,	