

----------------------------------------------------
STRUCTURE by Pritchard, Stephens and Donnelly (2000)
     and Falush, Stephens and Pritchard (2003)
       Code by Pritchard, Falush and Hubisz
             Version 2.3.4 (Jul 2012)
----------------------------------------------------



Command line arguments:   structure -K 5 -i STRUCTURE_main_final_278_HEG_ZG.str -o STRUCTURE_main_final_278_HEG_ZG-K5-13 
Input File:    STRUCTURE_main_final_278_HEG_ZG.str

Run parameters:
   278 individuals
   15 loci
   5 populations assumed
   100000 Burn-in period
   500000 Reps


--------------------------------------------
Proportion of membership of each pre-defined
 population in each of the 5 clusters

Given    Inferred Clusters                     Number of
 Pop       1      2      3      4      5      Individuals

  1:     0.052  0.127  0.095  0.689  0.038       24
  2:     0.707  0.045  0.115  0.059  0.074       24
  3:     0.056  0.142  0.052  0.039  0.710       24
  4:     0.086  0.135  0.149  0.413  0.218       24
  5:     0.092  0.102  0.105  0.110  0.591       24
  6:     0.064  0.038  0.258  0.579  0.060       24
  7:     0.044  0.026  0.771  0.110  0.049       24
  8:     0.045  0.113  0.036  0.097  0.708       14
  9:     0.238  0.546  0.019  0.069  0.128       24
 10:     0.024  0.780  0.070  0.026  0.101       24
 11:     0.058  0.747  0.039  0.051  0.104       24
 12:     0.040  0.165  0.186  0.361  0.248       24
--------------------------------------------

Allele-freq. divergence among pops (Net nucleotide distance),
computed using point estimates of P.

      1       2       3       4       5      
 1      -    0.0799  0.0862  0.0502  0.0499  
 2   0.0799     -    0.0997  0.0456  0.0405  
 3   0.0862  0.0997     -    0.0555  0.0694  
 4   0.0502  0.0456  0.0555     -    0.0295  
 5   0.0499  0.0405  0.0694  0.0295     -    

Average distances (expected heterozygosity) between individuals in same cluster:
cluster  1  : 0.6309 
cluster  2  : 0.6191 
cluster  3  : 0.5501 
cluster  4  : 0.6289 
cluster  5  : 0.6468 

--------------------------------------------
Estimated Ln Prob of Data   = -12967.4
Mean value of ln likelihood = -12464.2
Variance of ln likelihood   = 1006.5
Mean value of alpha         = 0.1031

Mean value of Fst_1         = 0.1471
Mean value of Fst_2         = 0.1177
Mean value of Fst_3         = 0.1716
Mean value of Fst_4         = 0.0707
Mean value of Fst_5         = 0.0410


Inferred ancestry of individuals:
        Label (%Miss) Pop:  Inferred clusters
  1 24.0601.E1    (0)    1 :  0.129 0.018 0.036 0.800 0.016 
  2 24.0602.E1    (0)    1 :  0.012 0.033 0.019 0.908 0.029 
  3 24.0603.E1    (0)    1 :  0.015 0.019 0.056 0.862 0.049 
  4 24.0604.E1    (0)    1 :  0.013 0.040 0.012 0.866 0.068 
  5 24.0605.E1    (0)    1 :  0.079 0.026 0.041 0.836 0.017 
  6 24.0606.E1    (0)    1 :  0.029 0.036 0.036 0.885 0.015 
  7 24.0607.E1    (0)    1 :  0.088 0.264 0.376 0.190 0.082 
  8 24.0608.E1    (0)    1 :  0.010 0.148 0.219 0.605 0.018 
  9 24.0609.E1    (0)    1 :  0.010 0.466 0.014 0.467 0.042 
 10 24.0610.E1    (0)    1 :  0.012 0.263 0.015 0.682 0.028 
 11 24.0611.E1    (0)    1 :  0.087 0.050 0.013 0.834 0.016 
 12 24.0612.E1    (0)    1 :  0.119 0.014 0.031 0.814 0.022 
 13 24.0613.E1    (0)    1 :  0.013 0.030 0.010 0.937 0.011 
 14 24.0614.E1    (0)    1 :  0.025 0.218 0.385 0.353 0.019 
 15 24.0615.E1    (0)    1 :  0.039 0.286 0.090 0.554 0.031 
 16 24.0616.E1    (0)    1 :  0.021 0.026 0.012 0.929 0.013 
 17 24.0617.E1    (0)    1 :  0.051 0.562 0.037 0.332 0.018 
 18 24.0618.E1    (0)    1 :  0.035 0.160 0.013 0.761 0.030 
 19 24.0619.E1    (0)    1 :  0.045 0.024 0.011 0.808 0.112 
 20 24.0620.E1   (20)    1 :  0.031 0.067 0.765 0.105 0.031 
 21 24.0621.E1    (0)    1 :  0.039 0.189 0.014 0.597 0.162 
 22 24.0622.E1    (0)    1 :  0.029 0.016 0.019 0.914 0.023 
 23 24.0623.E1    (0)    1 :  0.296 0.069 0.032 0.564 0.038 
 24 24.0624.E1    (0)    1 :  0.014 0.022 0.013 0.940 0.012 
 25 24.0625.E1    (0)    2 :  0.667 0.031 0.242 0.021 0.039 
 26 24.0626.E1    (0)    2 :  0.785 0.012 0.179 0.009 0.015 
 27 24.0627.E1    (0)    2 :  0.452 0.012 0.044 0.018 0.474 
 28 24.0628.E1    (0)    2 :  0.336 0.182 0.342 0.075 0.065 
 29 24.0629.E1    (0)    2 :  0.813 0.028 0.013 0.117 0.029 
 30 24.0630.E1    (0)    2 :  0.762 0.013 0.198 0.014 0.014 
 31 24.0631.E1    (0)    2 :  0.958 0.007 0.011 0.015 0.009 
 32 24.0632.E1    (0)    2 :  0.851 0.015 0.092 0.024 0.018 
 33 24.0633.E1    (0)    2 :  0.485 0.058 0.301 0.030 0.126 
 34 24.0634.E1    (0)    2 :  0.943 0.014 0.013 0.016 0.015 
 35 24.0635.E1    (0)    2 :  0.579 0.059 0.056 0.040 0.266 
 36 24.0636.E1   (33)    2 :  0.058 0.016 0.824 0.065 0.037 
 37 24.0637.E1    (0)    2 :  0.958 0.007 0.015 0.010 0.010 
 38 24.0638.E1    (0)    2 :  0.825 0.012 0.012 0.022 0.129 
 39 24.0639.E1    (0)    2 :  0.787 0.078 0.038 0.071 0.027 
 40 24.0640.E1    (0)    2 :  0.946 0.010 0.014 0.018 0.012 
 41 24.0641.E1    (0)    2 :  0.392 0.124 0.034 0.296 0.154 
 42 24.0642.E1    (0)    2 :  0.559 0.011 0.063 0.329 0.038 
 43 24.0643.E1    (0)    2 :  0.576 0.017 0.138 0.026 0.243 
 44 24.0644.E1    (0)    2 :  0.808 0.124 0.016 0.037 0.015 
 45 24.0645.E1    (0)    2 :  0.705 0.111 0.074 0.097 0.014 
 46 24.0646.E1    (0)    2 :  0.809 0.124 0.015 0.037 0.016 
 47 24.0647.E1    (0)    2 :  0.959 0.007 0.015 0.010 0.010 
 48 24.0648.E1    (0)    2 :  0.959 0.006 0.015 0.009 0.010 
 49 24.0649.E1    (0)    3 :  0.020 0.072 0.008 0.016 0.884 
 50 24.0650.E1    (0)    3 :  0.010 0.572 0.009 0.327 0.083 
 51 24.0651.E1    (0)    3 :  0.440 0.056 0.031 0.016 0.456 
 52 24.0652.E1    (0)    3 :  0.009 0.080 0.013 0.024 0.875 
 53 24.0653.E1    (0)    3 :  0.011 0.019 0.012 0.011 0.947 
 54 24.0654.E1    (0)    3 :  0.017 0.132 0.011 0.014 0.826 
 55 24.0655.E1    (0)    3 :  0.239 0.198 0.028 0.086 0.449 
 56 24.0656.E1    (0)    3 :  0.011 0.114 0.136 0.019 0.721 
 57 24.0657.E1    (0)    3 :  0.010 0.106 0.126 0.018 0.741 
 58 24.0658.E1    (0)    3 :  0.014 0.160 0.017 0.045 0.764 
 59 24.0659.E1    (0)    3 :  0.029 0.052 0.008 0.041 0.871 
 60 24.0660.E1    (6)    3 :  0.032 0.020 0.013 0.054 0.881 
 61 24.0661.E1    (0)    3 :  0.013 0.349 0.269 0.017 0.352 
 62 24.0662.E1    (0)    3 :  0.337 0.120 0.029 0.060 0.454 
 63 24.0663.E1    (0)    3 :  0.015 0.923 0.013 0.015 0.035 
 64 24.0664.E1    (0)    3 :  0.013 0.083 0.104 0.014 0.787 
 65 24.0665.E1    (0)    3 :  0.012 0.027 0.348 0.012 0.601 
 66 24.0666.E1    (0)    3 :  0.013 0.017 0.009 0.019 0.941 
 67 24.0667.E1    (0)    3 :  0.014 0.014 0.010 0.013 0.950 
 68 24.0668.E1    (0)    3 :  0.014 0.013 0.010 0.011 0.953 
 69 24.0669.E1    (0)    3 :  0.014 0.016 0.012 0.012 0.946 
 70 24.0670.E1    (0)    3 :  0.011 0.104 0.012 0.024 0.848 
 71 24.0671.E1    (0)    3 :  0.032 0.149 0.020 0.025 0.774 
 72 24.0672.E1    (0)    3 :  0.013 0.017 0.010 0.054 0.906 
 73 24.0673.E1    (6)    4 :  0.031 0.066 0.560 0.310 0.033 
 74 24.0674.E1    (0)    4 :  0.027 0.022 0.297 0.635 0.019 
 75 24.0675.E1    (0)    4 :  0.057 0.460 0.196 0.232 0.055 
 76 24.0676.E1    (0)    4 :  0.028 0.728 0.109 0.075 0.059 
 77 24.0677.E1    (0)    4 :  0.014 0.561 0.032 0.108 0.284 
 78 24.0678.E1    (0)    4 :  0.277 0.039 0.033 0.292 0.359 
 79 24.0679.E1    (0)    4 :  0.022 0.039 0.021 0.240 0.679 
 80 24.0680.E1    (0)    4 :  0.027 0.020 0.021 0.066 0.867 
 81 24.0681.E1    (0)    4 :  0.031 0.030 0.061 0.575 0.302 
 82 24.0682.E1    (0)    4 :  0.026 0.043 0.181 0.711 0.040 
 83 24.0683.E1    (0)    4 :  0.014 0.020 0.393 0.548 0.025 
 84 24.0684.E1    (0)    4 :  0.047 0.029 0.213 0.677 0.034 
 85 24.0685.E1    (0)    4 :  0.030 0.025 0.086 0.780 0.079 
 86 24.0686.E1    (0)    4 :  0.454 0.030 0.022 0.130 0.364 
 87 24.0687.E1    (0)    4 :  0.705 0.045 0.053 0.079 0.118 
 88 24.0688.E1    (0)    4 :  0.029 0.022 0.159 0.682 0.108 
 89 24.0689.E1    (0)    4 :  0.056 0.620 0.096 0.165 0.063 
 90 24.0690.E1    (0)    4 :  0.070 0.014 0.045 0.026 0.844 
 91 24.0691.E1    (0)    4 :  0.019 0.055 0.050 0.845 0.030 
 92 24.0692.E1    (0)    4 :  0.018 0.138 0.119 0.194 0.532 
 93 24.0693.E1    (0)    4 :  0.019 0.126 0.692 0.050 0.113 
 94 24.0694.E1    (0)    4 :  0.017 0.039 0.084 0.719 0.142 
 95 24.0695.E1    (0)    4 :  0.013 0.043 0.019 0.897 0.028 
 96 24.0696.E1    (0)    4 :  0.023 0.032 0.026 0.866 0.052 
 97 24.0697.E1    (0)    5 :  0.039 0.074 0.337 0.043 0.507 
 98 24.0698.E1    (0)    5 :  0.062 0.195 0.260 0.089 0.394 
 99 24.0699.E1    (0)    5 :  0.082 0.078 0.026 0.106 0.707 
100 24.0700.E1    (0)    5 :  0.016 0.018 0.018 0.017 0.932 
101 24.0701.E1    (0)    5 :  0.030 0.027 0.107 0.019 0.817 
102 24.0702.E1    (0)    5 :  0.032 0.016 0.070 0.025 0.857 
103 24.0703.E1    (0)    5 :  0.237 0.082 0.018 0.039 0.624 
104 24.0704.E1    (6)    5 :  0.184 0.269 0.038 0.105 0.405 
105 24.0705.E1    (0)    5 :  0.033 0.016 0.019 0.389 0.543 
106 24.0706.E1    (0)    5 :  0.017 0.023 0.024 0.018 0.918 
107 24.0707.E1    (0)    5 :  0.177 0.017 0.065 0.115 0.626 
108 24.0708.E1    (0)    5 :  0.496 0.295 0.052 0.124 0.033 
109 24.0709.E1    (0)    5 :  0.040 0.504 0.039 0.169 0.248 
110 24.0710.E1    (0)    5 :  0.036 0.133 0.105 0.371 0.354 
111 24.0711.E1    (0)    5 :  0.088 0.028 0.036 0.278 0.570 
112 24.0712.E1    (0)    5 :  0.077 0.012 0.043 0.045 0.822 
113 24.0713.E1    (0)    5 :  0.024 0.164 0.042 0.043 0.727 
114 24.0714.E1    (0)    5 :  0.074 0.052 0.020 0.138 0.716 
115 24.0715.E1    (0)    5 :  0.016 0.081 0.708 0.092 0.104 
116 24.0716.E1    (0)    5 :  0.104 0.066 0.027 0.116 0.687 
117 24.0717.E1    (0)    5 :  0.122 0.070 0.384 0.033 0.390 
118 24.0718.E1    (0)    5 :  0.052 0.013 0.028 0.071 0.836 
119 24.0719.E1    (0)    5 :  0.129 0.106 0.037 0.064 0.664 
120 24.0720.E1    (0)    5 :  0.035 0.102 0.024 0.139 0.699 
121 24.0721.E1    (0)    6 :  0.057 0.083 0.690 0.060 0.110 
122 24.0722.E1    (0)    6 :  0.237 0.026 0.574 0.102 0.061 
123 24.0723.E1    (0)    6 :  0.401 0.104 0.393 0.071 0.031 
124 24.0724.E1    (0)    6 :  0.050 0.107 0.197 0.612 0.034 
125 24.0725.E1    (0)    6 :  0.015 0.015 0.012 0.923 0.035 
126 24.0726.E1    (6)    6 :  0.017 0.016 0.096 0.844 0.028 
127 24.0727.E1    (0)    6 :  0.045 0.039 0.469 0.358 0.089 
128 24.0728.E1    (0)    6 :  0.150 0.060 0.282 0.428 0.081 
129 24.0729.E1    (0)    6 :  0.024 0.030 0.059 0.857 0.031 
130 24.0730.E1    (0)    6 :  0.025 0.101 0.124 0.459 0.290 
131 24.0731.E1    (0)    6 :  0.015 0.019 0.050 0.899 0.018 
132 24.0732.E1    (0)    6 :  0.016 0.009 0.788 0.150 0.036 
133 24.0733.E1    (0)    6 :  0.011 0.010 0.034 0.935 0.010 
134 24.0734.E1    (0)    6 :  0.048 0.016 0.829 0.060 0.047 
135 24.0735.E1    (0)    6 :  0.076 0.034 0.224 0.617 0.048 
136 24.0736.E1    (0)    6 :  0.017 0.014 0.082 0.872 0.015 
137 24.0737.E1    (0)    6 :  0.201 0.019 0.016 0.737 0.028 
138 24.0738.E1    (0)    6 :  0.018 0.015 0.059 0.882 0.026 
139 24.0739.E1    (0)    6 :  0.023 0.014 0.012 0.918 0.034 
140 24.0740.E1    (0)    6 :  0.019 0.030 0.020 0.903 0.027 
141 24.0741.E1    (0)    6 :  0.022 0.016 0.351 0.580 0.030 
142 24.0742.E1    (0)    6 :  0.023 0.015 0.470 0.472 0.020 
143 24.0743.E1    (0)    6 :  0.010 0.055 0.115 0.798 0.022 
144 24.0744.E1    (0)    6 :  0.021 0.062 0.255 0.364 0.299 
145 24.0745.E1    (0)    7 :  0.011 0.018 0.922 0.013 0.037 
146 24.0746.E1    (0)    7 :  0.222 0.027 0.633 0.084 0.033 
147 24.0747.E1    (0)    7 :  0.015 0.067 0.795 0.089 0.034 
148 24.0748.E1    (6)    7 :  0.017 0.085 0.754 0.108 0.036 
149 24.0749.E1    (0)    7 :  0.016 0.014 0.685 0.269 0.016 
150 24.0750.E1    (0)    7 :  0.032 0.046 0.262 0.558 0.102 
151 24.0751.E1    (0)    7 :  0.014 0.010 0.948 0.018 0.010 
152 24.0752.E1    (0)    7 :  0.014 0.020 0.884 0.070 0.013 
153 24.0753.E1    (0)    7 :  0.250 0.011 0.582 0.143 0.014 
154 24.0754.E1    (0)    7 :  0.022 0.011 0.905 0.047 0.015 
155 24.0755.E1    (0)    7 :  0.023 0.079 0.818 0.048 0.033 
156 24.0756.E1    (0)    7 :  0.014 0.026 0.907 0.042 0.011 
157 24.0757.E1    (0)    7 :  0.008 0.006 0.969 0.008 0.008 
158 24.0758.E1    (0)    7 :  0.009 0.007 0.968 0.009 0.008 
159 24.0759.E1    (0)    7 :  0.012 0.012 0.925 0.034 0.018 
160 24.0760.E1    (0)    7 :  0.254 0.011 0.662 0.027 0.046 
161 24.0761.E1    (0)    7 :  0.016 0.009 0.955 0.011 0.009 
162 24.0762.E1    (0)    7 :  0.017 0.036 0.088 0.219 0.641 
163 24.0763.E1    (0)    7 :  0.009 0.008 0.954 0.020 0.009 
164 24.0764.E1    (0)    7 :  0.014 0.010 0.941 0.024 0.012 
165 24.0765.E1    (0)    7 :  0.033 0.020 0.907 0.026 0.014 
166 24.0766.E1    (0)    7 :  0.010 0.009 0.956 0.016 0.010 
167 24.0767.E1    (0)    7 :  0.009 0.010 0.957 0.017 0.008 
168 24.0768.E1    (0)    7 :  0.014 0.075 0.136 0.742 0.033 
169 24.0779.E1    (0)    8 :  0.066 0.048 0.151 0.061 0.675 
170 24.0780.E1    (6)    8 :  0.014 0.322 0.011 0.019 0.634 
171 24.0781.E1    (0)    8 :  0.012 0.018 0.013 0.011 0.946 
172 24.0782.E1    (0)    8 :  0.139 0.041 0.063 0.699 0.058 
173 24.0783.E1    (0)    8 :  0.024 0.083 0.013 0.025 0.856 
174 24.0784.E1    (0)    8 :  0.039 0.138 0.011 0.035 0.777 
175 24.0785.E1    (0)    8 :  0.011 0.141 0.009 0.016 0.822 
176 24.0786.E1    (0)    8 :  0.023 0.290 0.040 0.137 0.510 
177 24.0787.E1    (0)    8 :  0.078 0.025 0.035 0.035 0.828 
178 24.0788.E1    (0)    8 :  0.032 0.195 0.021 0.017 0.736 
179 24.0789.E1    (0)    8 :  0.142 0.202 0.021 0.091 0.544 
180 24.0790.E1    (0)    8 :  0.017 0.034 0.009 0.010 0.931 
181 24.0791.E1    (0)    8 :  0.020 0.016 0.016 0.155 0.794 
182 24.0792.E1    (0)    8 :  0.010 0.034 0.098 0.049 0.808 
183 24.0793.E1    (0)    9 :  0.411 0.495 0.012 0.034 0.048 
184 24.0794.E1    (0)    9 :  0.025 0.225 0.020 0.535 0.195 
185 24.0795.E1    (0)    9 :  0.485 0.134 0.023 0.335 0.023 
186 24.0796.E1    (0)    9 :  0.016 0.754 0.010 0.042 0.179 
187 24.0797.E1    (0)    9 :  0.168 0.648 0.008 0.023 0.153 
188 24.0798.E1    (0)    9 :  0.246 0.132 0.072 0.025 0.524 
189 24.0799.E1    (0)    9 :  0.115 0.764 0.015 0.029 0.076 
190 24.0800.E1    (0)    9 :  0.013 0.905 0.020 0.031 0.031 
191 24.0801.E1    (0)    9 :  0.090 0.442 0.019 0.026 0.424 
192 24.0802.E1    (0)    9 :  0.593 0.321 0.009 0.031 0.045 
193 24.0803.E1    (0)    9 :  0.341 0.528 0.015 0.031 0.086 
194 24.0804.E1    (0)    9 :  0.293 0.669 0.008 0.016 0.013 
195 24.0805.E1    (0)    9 :  0.063 0.545 0.030 0.050 0.311 
196 24.0806.E1    (0)    9 :  0.725 0.214 0.017 0.025 0.018 
197 24.0807.E1    (0)    9 :  0.432 0.498 0.010 0.019 0.040 
198 24.0808.E1    (0)    9 :  0.042 0.658 0.019 0.067 0.215 
199 24.0809.E1    (0)    9 :  0.023 0.750 0.049 0.090 0.088 
200 24.0810.E1    (0)    9 :  0.132 0.727 0.025 0.056 0.060 
201 24.0811.E1    (0)    9 :  0.227 0.677 0.011 0.057 0.028 
202 24.0812.E1    (0)    9 :  0.026 0.831 0.014 0.054 0.075 
203 24.0813.E1    (0)    9 :  0.326 0.406 0.022 0.040 0.206 
204 24.0814.E1    (6)    9 :  0.076 0.881 0.010 0.013 0.021 
205 24.0815.E1    (0)    9 :  0.363 0.485 0.018 0.013 0.121 
206 24.0816.E1    (0)    9 :  0.468 0.417 0.010 0.015 0.090 
207 24.0817.E1    (0)   10 :  0.020 0.914 0.012 0.028 0.026 
208 24.0818.E1    (0)   10 :  0.021 0.833 0.019 0.052 0.074 
209 24.0819.E1    (0)   10 :  0.095 0.477 0.257 0.027 0.143 
210 24.0820.E1    (0)   10 :  0.013 0.499 0.460 0.010 0.018 
211 24.0821.E1    (0)   10 :  0.016 0.297 0.013 0.020 0.654 
212 24.0822.E1    (0)   10 :  0.009 0.909 0.040 0.013 0.029 
213 24.0823.E1    (0)   10 :  0.017 0.803 0.147 0.013 0.019 
214 24.0824.E1    (0)   10 :  0.023 0.554 0.031 0.050 0.341 
215 24.0825.E1    (0)   10 :  0.013 0.946 0.015 0.013 0.012 
216 24.0826.E1    (0)   10 :  0.013 0.610 0.319 0.010 0.048 
217 24.0827.E1    (0)   10 :  0.023 0.884 0.009 0.056 0.027 
218 24.0828.E1    (0)   10 :  0.015 0.774 0.165 0.014 0.032 
219 24.0829.E1    (0)   10 :  0.014 0.935 0.019 0.014 0.019 
220 24.0830.E1    (0)   10 :  0.014 0.690 0.009 0.019 0.267 
221 24.0831.E1    (0)   10 :  0.011 0.525 0.009 0.012 0.444 
222 24.0832.E1    (0)   10 :  0.008 0.956 0.008 0.016 0.012 
223 24.0833.E1    (0)   10 :  0.009 0.960 0.010 0.010 0.011 
224 24.0834.E1    (0)   10 :  0.013 0.936 0.015 0.018 0.019 
225 24.0835.E1    (0)   10 :  0.015 0.935 0.009 0.024 0.017 
226 24.0836.E1    (0)   10 :  0.015 0.907 0.023 0.030 0.026 
227 24.0837.E1    (0)   10 :  0.009 0.938 0.014 0.016 0.023 
228 24.0838.E1    (0)   10 :  0.010 0.929 0.025 0.014 0.022 
229 24.0839.E1    (0)   10 :  0.062 0.664 0.039 0.114 0.121 
230 24.0840.E1    (0)   10 :  0.111 0.844 0.008 0.018 0.018 
231 24.0841.E1    (0)   11 :  0.010 0.878 0.027 0.060 0.025 
232 24.0842.E1    (0)   11 :  0.009 0.794 0.016 0.037 0.145 
233 24.0843.E1    (0)   11 :  0.014 0.688 0.068 0.011 0.219 
234 24.0844.E1    (0)   11 :  0.013 0.524 0.016 0.041 0.406 
235 24.0845.E1    (0)   11 :  0.012 0.844 0.013 0.016 0.116 
236 24.0846.E1    (0)   11 :  0.016 0.920 0.013 0.023 0.027 
237 24.0847.E1    (0)   11 :  0.015 0.833 0.031 0.093 0.027 
238 24.0848.E1    (0)   11 :  0.011 0.885 0.009 0.033 0.062 
239 24.0849.E1    (0)   11 :  0.010 0.927 0.038 0.011 0.014 
240 24.0850.E1    (0)   11 :  0.010 0.926 0.038 0.012 0.014 
241 24.0851.E1    (0)   11 :  0.010 0.927 0.038 0.012 0.013 
242 24.0852.E1    (0)   11 :  0.010 0.804 0.088 0.013 0.084 
243 24.0853.E1    (0)   11 :  0.012 0.920 0.046 0.010 0.012 
244 24.0854.E1    (0)   11 :  0.014 0.124 0.018 0.023 0.821 
245 24.0855.E1    (0)   11 :  0.010 0.949 0.013 0.013 0.015 
246 24.0856.E1    (0)   11 :  0.519 0.147 0.084 0.083 0.166 
247 24.0857.E1    (0)   11 :  0.020 0.908 0.020 0.030 0.021 
248 24.0858.E1    (0)   11 :  0.012 0.907 0.022 0.019 0.040 
249 24.0859.E1    (0)   11 :  0.020 0.792 0.154 0.015 0.019 
250 24.0860.E1    (0)   11 :  0.183 0.636 0.069 0.030 0.083 
251 24.0861.E1    (0)   11 :  0.010 0.917 0.046 0.012 0.015 
252 24.0862.E1    (0)   11 :  0.426 0.499 0.015 0.030 0.030 
253 24.0863.E1    (0)   11 :  0.010 0.918 0.046 0.012 0.015 
254 24.0864.E1    (0)   11 :  0.016 0.259 0.014 0.595 0.117 
255 24.0865.E1    (0)   12 :  0.028 0.280 0.555 0.030 0.106 
256 24.0866.E1    (0)   12 :  0.018 0.660 0.111 0.082 0.129 
257 24.0867.E1    (0)   12 :  0.074 0.355 0.454 0.067 0.050 
258 24.0868.E1    (0)   12 :  0.057 0.208 0.057 0.058 0.621 
259 24.0869.E1    (0)   12 :  0.094 0.473 0.047 0.098 0.288 
260 24.0870.E1    (0)   12 :  0.234 0.113 0.055 0.180 0.418 
261 24.0871.E1    (0)   12 :  0.108 0.043 0.019 0.425 0.404 
262 24.0872.E1    (0)   12 :  0.023 0.080 0.411 0.036 0.451 
263 24.0873.E1    (0)   12 :  0.037 0.422 0.154 0.153 0.235 
264 24.0874.E1    (0)   12 :  0.019 0.483 0.420 0.027 0.050 
265 24.0875.E1    (0)   12 :  0.032 0.031 0.030 0.107 0.801 
266 24.0876.E1    (0)   12 :  0.028 0.018 0.031 0.475 0.449 
267 24.0877.E1    (0)   12 :  0.012 0.015 0.055 0.897 0.021 
268 24.0878.E1    (0)   12 :  0.014 0.066 0.019 0.860 0.042 
269 24.0879.E1    (0)   12 :  0.021 0.013 0.012 0.747 0.208 
270 24.0880.E1    (0)   12 :  0.027 0.558 0.029 0.083 0.303 
271 24.0881.E1    (0)   12 :  0.015 0.013 0.025 0.935 0.012 
272 24.0882.E1    (0)   12 :  0.013 0.018 0.680 0.269 0.019 
273 24.0883.E1    (0)   12 :  0.015 0.021 0.292 0.511 0.162 
274 24.0884.E1    (0)   12 :  0.015 0.015 0.053 0.896 0.021 
275 24.0885.E1    (0)   12 :  0.020 0.019 0.015 0.872 0.073 
276 24.0886.E1    (0)   12 :  0.010 0.021 0.228 0.691 0.051 
277 24.0887.E1    (0)   12 :  0.020 0.011 0.708 0.148 0.114 
278 24.0888.E1    (0)   12 :  0.022 0.023 0.013 0.025 0.918 


Estimated Allele Frequencies in each cluster
First column gives estimated ancestral frequencies


Locus 1 : 
31 alleles
0.0% missing data
 115   (0.026) 0.004 0.002 0.018 0.159 0.008 
 117   (0.039) 0.006 0.007 0.159 0.174 0.012 
 119   (0.048) 0.172 0.003 0.257 0.198 0.009 
 131   (0.015) 0.001 0.001 0.003 0.036 0.003 
 128   (0.036) 0.004 0.012 0.005 0.042 0.036 
 135   (0.016) 0.002 0.001 0.004 0.042 0.003 
 126   (0.075) 0.029 0.156 0.085 0.070 0.057 
 122   (0.029) 0.165 0.006 0.002 0.012 0.018 
 132   (0.032) 0.006 0.033 0.016 0.005 0.020 
 141   (0.012) 0.005 0.001 0.001 0.006 0.002 
 130   (0.052) 0.022 0.027 0.044 0.014 0.084 
 134   (0.035) 0.101 0.042 0.003 0.005 0.020 
 145   (0.027) 0.009 0.004 0.024 0.004 0.030 
 127   (0.028) 0.019 0.002 0.142 0.019 0.006 
 116   (0.114) 0.188 0.185 0.050 0.057 0.196 
 114   (0.045) 0.097 0.153 0.010 0.006 0.032 
 120   (0.036) 0.064 0.002 0.003 0.009 0.071 
 110   (0.052) 0.029 0.044 0.030 0.038 0.032 
 133   (0.016) 0.008 0.001 0.011 0.004 0.004 
 118   (0.094) 0.039 0.255 0.035 0.027 0.292 
 125   (0.016) 0.005 0.007 0.001 0.002 0.006 
 129   (0.023) 0.002 0.001 0.005 0.035 0.010 
 124   (0.017) 0.003 0.001 0.002 0.005 0.017 
 136   (0.024) 0.004 0.040 0.002 0.009 0.010 
 121   (0.017) 0.002 0.001 0.052 0.006 0.003 
 139   (0.012) 0.001 0.001 0.001 0.008 0.002 
 113   (0.012) 0.001 0.001 0.011 0.001 0.002 
 111   (0.012) 0.001 0.001 0.011 0.002 0.002 
 143   (0.012) 0.001 0.001 0.011 0.001 0.002 
 140   (0.017) 0.006 0.003 0.001 0.002 0.011 
 112   (0.013) 0.001 0.006 0.001 0.001 0.002 

Locus 2 : 
18 alleles
0.0% missing data
 152   (0.362) 0.457 0.337 0.753 0.584 0.311 
 148   (0.064) 0.158 0.005 0.038 0.181 0.025 
 154   (0.113) 0.220 0.140 0.053 0.070 0.090 
 156   (0.019) 0.007 0.002 0.001 0.008 0.006 
 150   (0.026) 0.044 0.001 0.038 0.005 0.005 
 164   (0.078) 0.025 0.082 0.019 0.076 0.070 
 158   (0.043) 0.027 0.007 0.015 0.018 0.036 
 160   (0.019) 0.002 0.001 0.024 0.003 0.008 
 166   (0.022) 0.017 0.005 0.002 0.005 0.015 
 151   (0.063) 0.007 0.268 0.005 0.007 0.219 
 147   (0.055) 0.012 0.136 0.008 0.007 0.131 
 168   (0.023) 0.004 0.004 0.003 0.004 0.023 
 153   (0.018) 0.004 0.002 0.003 0.002 0.012 
 149   (0.027) 0.003 0.002 0.011 0.007 0.020 
 162   (0.021) 0.011 0.006 0.003 0.005 0.009 
 167   (0.015) 0.001 0.001 0.001 0.016 0.002 
 146   (0.015) 0.001 0.001 0.023 0.001 0.002 
 172   (0.016) 0.001 0.001 0.001 0.002 0.015 

Locus 3 : 
4 alleles
0.0% missing data
 128   (0.285) 0.278 0.385 0.382 0.249 0.241 
 126   (0.613) 0.660 0.542 0.609 0.689 0.676 
 132   (0.084) 0.054 0.072 0.008 0.060 0.071 
 134   (0.018) 0.008 0.001 0.002 0.002 0.012 

Locus 4 : 
3 alleles
0.0% missing data
 170   (0.320) 0.395 0.321 0.263 0.271 0.310 
 172   (0.665) 0.598 0.677 0.733 0.727 0.687 
 171   (0.015) 0.006 0.002 0.004 0.002 0.003 

Locus 5 : 
37 alleles
0.0% missing data
 125   (0.054) 0.082 0.071 0.048 0.039 0.047 
 110   (0.037) 0.024 0.059 0.011 0.034 0.019 
 129   (0.038) 0.007 0.033 0.003 0.046 0.058 
 113   (0.035) 0.018 0.044 0.003 0.011 0.071 
 145   (0.048) 0.006 0.009 0.101 0.200 0.063 
 155   (0.046) 0.176 0.037 0.011 0.120 0.021 
 117   (0.032) 0.013 0.005 0.038 0.056 0.023 
 124   (0.011) 0.001 0.001 0.001 0.016 0.002 
 133   (0.034) 0.004 0.003 0.073 0.032 0.045 
 157   (0.045) 0.021 0.041 0.035 0.010 0.127 
 141   (0.018) 0.002 0.003 0.001 0.006 0.022 
 112   (0.062) 0.157 0.135 0.136 0.081 0.030 
 121   (0.021) 0.019 0.026 0.003 0.004 0.012 
 114   (0.036) 0.011 0.053 0.159 0.066 0.008 
 153   (0.048) 0.019 0.114 0.004 0.055 0.092 
 127   (0.064) 0.034 0.126 0.114 0.066 0.082 
 131   (0.060) 0.171 0.054 0.166 0.049 0.039 
 135   (0.028) 0.005 0.055 0.003 0.010 0.036 
 104   (0.010) 0.006 0.002 0.003 0.002 0.002 
 118   (0.020) 0.011 0.001 0.002 0.017 0.010 
 116   (0.028) 0.053 0.007 0.004 0.016 0.019 
 137   (0.020) 0.121 0.002 0.005 0.005 0.010 
 123   (0.019) 0.005 0.055 0.002 0.008 0.008 
 149   (0.012) 0.001 0.004 0.001 0.004 0.003 
 138   (0.013) 0.001 0.001 0.001 0.001 0.033 
 143   (0.027) 0.003 0.028 0.058 0.003 0.021 
 163   (0.012) 0.010 0.001 0.001 0.002 0.003 
 109   (0.012) 0.001 0.001 0.003 0.012 0.003 
 139   (0.010) 0.001 0.001 0.001 0.001 0.007 
 106   (0.011) 0.002 0.001 0.001 0.002 0.006 
 144   (0.016) 0.003 0.009 0.001 0.003 0.017 
 122   (0.011) 0.001 0.001 0.003 0.013 0.002 
 100   (0.018) 0.006 0.011 0.001 0.003 0.021 
 111   (0.014) 0.001 0.001 0.001 0.001 0.021 
 233   (0.011) 0.001 0.002 0.001 0.001 0.007 
 134   (0.010) 0.001 0.003 0.001 0.001 0.005 
 140   (0.011) 0.001 0.001 0.001 0.002 0.006 

Locus 6 : 
17 alleles
0.0% missing data
 221   (0.029) 0.004 0.002 0.063 0.091 0.005 
 232   (0.236) 0.199 0.374 0.480 0.175 0.316 
 229   (0.055) 0.041 0.045 0.046 0.086 0.014 
 223   (0.059) 0.011 0.048 0.010 0.096 0.046 
 230   (0.156) 0.152 0.134 0.264 0.129 0.189 
 235   (0.017) 0.003 0.001 0.001 0.045 0.003 
 236   (0.042) 0.029 0.003 0.007 0.061 0.031 
 227   (0.021) 0.002 0.001 0.003 0.048 0.006 
 220   (0.046) 0.146 0.092 0.004 0.008 0.029 
 222   (0.043) 0.235 0.039 0.003 0.005 0.034 
 234   (0.133) 0.134 0.138 0.086 0.143 0.133 
 224   (0.033) 0.006 0.038 0.002 0.004 0.046 
 228   (0.056) 0.011 0.049 0.006 0.019 0.133 
 225   (0.013) 0.007 0.001 0.001 0.004 0.002 
 226   (0.021) 0.016 0.031 0.001 0.004 0.004 
 233   (0.025) 0.002 0.001 0.023 0.050 0.007 
 231   (0.016) 0.001 0.001 0.001 0.030 0.003 

Locus 7 : 
10 alleles
0.0% missing data
 121   (0.675) 0.808 0.755 0.743 0.850 0.785 
 129   (0.083) 0.013 0.116 0.101 0.075 0.051 
 130   (0.017) 0.008 0.006 0.003 0.003 0.004 
 123   (0.099) 0.110 0.104 0.091 0.026 0.102 
 128   (0.024) 0.023 0.001 0.019 0.004 0.007 
 131   (0.016) 0.022 0.001 0.002 0.002 0.004 
 117   (0.014) 0.001 0.001 0.001 0.001 0.008 
 125   (0.016) 0.001 0.001 0.001 0.002 0.015 
 134   (0.040) 0.012 0.013 0.021 0.035 0.021 
 132   (0.015) 0.001 0.001 0.019 0.003 0.003 

Locus 8 : 
19 alleles
0.0% missing data
 184   (0.282) 0.446 0.341 0.388 0.493 0.384 
 194   (0.049) 0.033 0.008 0.026 0.041 0.044 
 178   (0.091) 0.155 0.174 0.065 0.167 0.042 
 176   (0.076) 0.013 0.051 0.195 0.056 0.094 
 182   (0.077) 0.039 0.089 0.170 0.044 0.069 
 190   (0.032) 0.049 0.020 0.035 0.006 0.007 
 196   (0.027) 0.003 0.029 0.002 0.009 0.017 
 200   (0.031) 0.016 0.003 0.010 0.013 0.028 
 180   (0.030) 0.057 0.003 0.002 0.007 0.025 
 188   (0.040) 0.008 0.045 0.009 0.024 0.030 
 174   (0.043) 0.021 0.003 0.034 0.032 0.043 
 186   (0.117) 0.128 0.179 0.054 0.090 0.165 
 192   (0.026) 0.011 0.039 0.003 0.007 0.010 
 201   (0.012) 0.008 0.001 0.002 0.001 0.004 
 199   (0.019) 0.007 0.003 0.001 0.002 0.017 
 185   (0.012) 0.001 0.001 0.001 0.001 0.007 
 203   (0.012) 0.002 0.003 0.001 0.003 0.004 
 198   (0.012) 0.002 0.004 0.001 0.002 0.004 
 209   (0.011) 0.001 0.003 0.001 0.001 0.006 

Locus 9 : 
6 alleles
0.4% missing data
 154   (0.688) 0.776 0.800 0.671 0.693 0.760 
 156   (0.214) 0.207 0.108 0.315 0.202 0.200 
 152   (0.044) 0.005 0.086 0.008 0.058 0.012 
 153   (0.016) 0.008 0.003 0.001 0.003 0.009 
 160   (0.017) 0.002 0.002 0.001 0.002 0.014 
 164   (0.022) 0.002 0.001 0.004 0.042 0.005 

Locus 10 : 
29 alleles
0.7% missing data
 305   (0.046) 0.314 0.007 0.006 0.047 0.033 
 313   (0.050) 0.013 0.016 0.005 0.098 0.045 
 311   (0.017) 0.001 0.001 0.001 0.011 0.007 
 299   (0.100) 0.040 0.205 0.031 0.201 0.084 
 315   (0.078) 0.052 0.012 0.072 0.069 0.098 
 287   (0.054) 0.010 0.015 0.009 0.021 0.200 
 291   (0.091) 0.031 0.370 0.037 0.148 0.058 
 295   (0.022) 0.003 0.002 0.002 0.128 0.007 
 289   (0.021) 0.019 0.041 0.002 0.004 0.011 
 303   (0.045) 0.014 0.091 0.558 0.008 0.024 
 297   (0.041) 0.006 0.063 0.075 0.058 0.009 
 293   (0.025) 0.006 0.002 0.001 0.038 0.029 
 301   (0.057) 0.092 0.008 0.009 0.063 0.061 
 285   (0.018) 0.291 0.005 0.001 0.002 0.005 
 307   (0.049) 0.016 0.053 0.172 0.029 0.021 
 312   (0.053) 0.039 0.048 0.005 0.012 0.099 
 306   (0.029) 0.004 0.006 0.002 0.010 0.045 
 320   (0.015) 0.001 0.001 0.001 0.002 0.015 
 317   (0.026) 0.002 0.005 0.002 0.012 0.038 
 314   (0.025) 0.002 0.001 0.001 0.022 0.019 
 323   (0.012) 0.001 0.001 0.001 0.001 0.008 
 325   (0.014) 0.001 0.001 0.001 0.002 0.008 
 310   (0.018) 0.002 0.008 0.001 0.002 0.022 
 309   (0.016) 0.004 0.002 0.001 0.002 0.012 
 316   (0.018) 0.002 0.004 0.001 0.002 0.019 
 296   (0.013) 0.001 0.001 0.001 0.002 0.008 
 304   (0.017) 0.026 0.013 0.001 0.002 0.004 
 321   (0.015) 0.004 0.009 0.001 0.002 0.006 
 332   (0.014) 0.002 0.010 0.001 0.002 0.005 

Locus 11 : 
19 alleles
0.0% missing data
 114   (0.142) 0.258 0.014 0.205 0.248 0.125 
 126   (0.024) 0.014 0.001 0.004 0.039 0.004 
 111   (0.074) 0.068 0.571 0.006 0.137 0.024 
 116   (0.101) 0.065 0.023 0.219 0.138 0.068 
 132   (0.014) 0.001 0.001 0.001 0.008 0.003 
 109   (0.017) 0.002 0.001 0.001 0.031 0.003 
 128   (0.020) 0.002 0.003 0.001 0.009 0.008 
 112   (0.323) 0.516 0.049 0.507 0.307 0.547 
 122   (0.019) 0.006 0.002 0.010 0.003 0.007 
 124   (0.014) 0.013 0.001 0.002 0.002 0.002 
 118   (0.055) 0.020 0.033 0.028 0.027 0.038 
 127   (0.015) 0.001 0.001 0.001 0.002 0.008 
 113   (0.050) 0.013 0.243 0.004 0.007 0.066 
 115   (0.038) 0.005 0.004 0.004 0.024 0.049 
 120   (0.024) 0.003 0.033 0.001 0.005 0.008 
 117   (0.022) 0.006 0.010 0.003 0.003 0.010 
 125   (0.019) 0.002 0.001 0.001 0.002 0.022 
 119   (0.016) 0.004 0.010 0.001 0.002 0.005 
 136   (0.015) 0.002 0.001 0.001 0.007 0.004 

Locus 12 : 
28 alleles
0.7% missing data
 306   (0.042) 0.336 0.010 0.005 0.045 0.018 
 314   (0.056) 0.008 0.058 0.006 0.087 0.039 
 312   (0.014) 0.001 0.001 0.001 0.016 0.002 
 300   (0.108) 0.041 0.204 0.032 0.212 0.084 
 316   (0.047) 0.041 0.011 0.067 0.057 0.010 
 288   (0.056) 0.010 0.015 0.009 0.021 0.192 
 292   (0.095) 0.031 0.374 0.038 0.150 0.058 
 296   (0.028) 0.003 0.003 0.002 0.130 0.014 
 290   (0.022) 0.019 0.041 0.002 0.005 0.011 
 304   (0.048) 0.014 0.090 0.562 0.008 0.024 
 298   (0.042) 0.006 0.063 0.076 0.059 0.009 
 294   (0.027) 0.006 0.002 0.002 0.038 0.029 
 302   (0.060) 0.091 0.008 0.009 0.064 0.061 
 286   (0.021) 0.301 0.005 0.002 0.002 0.005 
 308   (0.030) 0.014 0.002 0.162 0.012 0.012 
 313   (0.042) 0.041 0.005 0.004 0.011 0.108 
 307   (0.049) 0.005 0.066 0.007 0.027 0.050 
 321   (0.015) 0.001 0.001 0.001 0.002 0.015 
 315   (0.043) 0.007 0.003 0.004 0.030 0.111 
 318   (0.024) 0.002 0.008 0.002 0.005 0.034 
 324   (0.013) 0.001 0.001 0.001 0.002 0.008 
 326   (0.013) 0.001 0.001 0.001 0.002 0.008 
 311   (0.024) 0.002 0.010 0.002 0.004 0.039 
 310   (0.015) 0.004 0.002 0.001 0.002 0.012 
 305   (0.019) 0.003 0.002 0.001 0.003 0.019 
 317   (0.015) 0.001 0.001 0.001 0.002 0.015 
 320   (0.014) 0.002 0.004 0.001 0.002 0.005 
 322   (0.016) 0.004 0.009 0.001 0.002 0.006 

Locus 13 : 
7 alleles
1.1% missing data
 161   (0.577) 0.199 0.456 0.897 0.693 0.531 
 163   (0.307) 0.124 0.474 0.037 0.232 0.447 
 160   (0.022) 0.331 0.001 0.002 0.003 0.004 
 162   (0.019) 0.335 0.001 0.001 0.002 0.003 
 165   (0.042) 0.007 0.066 0.005 0.062 0.008 
 166   (0.015) 0.002 0.001 0.003 0.006 0.003 
 164   (0.017) 0.002 0.001 0.055 0.002 0.003 

Locus 14 : 
4 alleles
0.4% missing data
  98   (0.951) 0.996 0.997 0.986 0.987 0.981 
 100   (0.015) 0.001 0.001 0.003 0.002 0.007 
  96   (0.019) 0.002 0.001 0.010 0.010 0.003 
 105   (0.015) 0.001 0.001 0.001 0.002 0.008 

Locus 15 : 
12 alleles
2.2% missing data
 171   (0.295) 0.197 0.344 0.178 0.355 0.379 
 177   (0.186) 0.282 0.108 0.092 0.218 0.194 
 173   (0.256) 0.221 0.493 0.105 0.299 0.274 
 179   (0.095) 0.259 0.020 0.499 0.055 0.063 
 183   (0.023) 0.005 0.003 0.012 0.017 0.008 
 181   (0.042) 0.006 0.020 0.092 0.007 0.032 
 197   (0.022) 0.003 0.003 0.015 0.023 0.007 
 170   (0.016) 0.002 0.001 0.001 0.002 0.015 
 189   (0.016) 0.020 0.001 0.001 0.003 0.005 
 203   (0.017) 0.002 0.001 0.004 0.019 0.005 
 187   (0.017) 0.002 0.002 0.001 0.003 0.013 
 198   (0.014) 0.002 0.004 0.001 0.002 0.005 

Values of parameters used in structure:
DATAFILE=STRUCTURE_main_final_278_HEG_ZG.str,	OUTFILE=STRUCTURE_main_final_278_HEG_ZG-K5-13,	NUMINDS=278,	NUMLOCI=15,	MISSING=-9,	LABEL=1,	POPDATA=1,	POPFLAG=0,	PHENOTYPE=0,	EXTRACOLS=0,	MAXPOPS=5,	BURNIN=100000,	NUMREPS=500000,	USEPOPINFO=0,	INFERALPHA=1,	INFERLAMBDA=0,	POPSPECIFICLAMBDA=0,	POPALPHAS=0,	COMPUTEPROB=1,	NOADMIX=0,	ADMBURNIN=2500,	UPDATEFREQ=1,	PRINTLIKES=0,	INTERMEDSAVE=0,	PRINTKLD=0,	PRINTNET=0,	PRINTLAMBDA=0,	ANCESTDIST=0,	NUMBOXES=1000,	ANCESTPINT=0.90000,	GENSBACK=2,	MIGRPRIOR=0.05000,	PRINTQHAT=0,	PRINTQSUM=0,	ALPHA=1.0000,	FREQSCORR=1,	FPRIORMEAN=0.0100,	FPRIORSD=0.0500,	ONEFST=0,	LAMBDA=1.0000,	UNIFPRIORALPHA=1,	ALPHAMAX=10.0000,	ALPHAPRIORA=1.0000,	ALPHAPRIORB=2.0000,	ALPHAPROPSD=0.0250,	STARTATPOPINFO=0,	RANDOMIZE=1,	LINKAGE=0,	METROFREQ=10,	REPORTHITRATE=0,	MARKOVPHASE=-1,	PHASED=0,	PLOIDY=2,	PHASEINFO=0	LOCPRIOR=0, 	LOCPRIORINIT=1.000000, 	LOCDATA=0, 	LOCISPOP=0, 	LOCPRIORSTEP=0.100000, 	MAXLOCPRIOR=20.000000, 	SEED=1782480895,	
[STRAT parameters]:    NUMSIMSTATS=1000,	PHENOTYPECOL=-9,	POOLFREQ=10,	LOCUSxONLY=0,	EMERROR=0.00100,	MISSINGPHENO=-9,	