

----------------------------------------------------
STRUCTURE by Pritchard, Stephens and Donnelly (2000)
     and Falush, Stephens and Pritchard (2003)
       Code by Pritchard, Falush and Hubisz
             Version 2.3.4 (Jul 2012)
----------------------------------------------------



Command line arguments:   structure -K 10 -i STRUCTURE_main_final_278_HEG_ZG.str -o STRUCTURE_main_final_278_HEG_ZG-K10-1 
Input File:    STRUCTURE_main_final_278_HEG_ZG.str

Run parameters:
   278 individuals
   15 loci
   10 populations assumed
   100000 Burn-in period
   500000 Reps


--------------------------------------------
Proportion of membership of each pre-defined
 population in each of the 10 clusters

Given    Inferred Clusters                                                        Number of
 Pop       1      2      3      4      5      6      7      8      9     10      Individuals

  1:     0.013  0.014  0.038  0.350  0.087  0.352  0.021  0.042  0.014  0.069       24
  2:     0.036  0.013  0.034  0.034  0.018  0.037  0.044  0.020  0.711  0.053       24
  3:     0.235  0.331  0.021  0.032  0.046  0.032  0.238  0.041  0.013  0.010       24
  4:     0.042  0.117  0.460  0.116  0.043  0.119  0.035  0.016  0.020  0.032       24
  5:     0.100  0.364  0.189  0.095  0.023  0.099  0.014  0.044  0.027  0.045       24
  6:     0.028  0.072  0.092  0.282  0.016  0.236  0.029  0.022  0.030  0.193       24
  7:     0.014  0.015  0.047  0.059  0.015  0.054  0.008  0.014  0.028  0.745       24
  8:     0.012  0.626  0.047  0.079  0.063  0.094  0.040  0.015  0.013  0.011       14
  9:     0.034  0.031  0.022  0.034  0.068  0.038  0.051  0.701  0.014  0.006       24
 10:     0.042  0.025  0.012  0.023  0.631  0.030  0.152  0.058  0.008  0.019       24
 11:     0.082  0.026  0.028  0.029  0.267  0.031  0.367  0.148  0.011  0.011       24
 12:     0.044  0.091  0.183  0.219  0.052  0.188  0.075  0.025  0.017  0.106       24
--------------------------------------------

Allele-freq. divergence among pops (Net nucleotide distance),
computed using point estimates of P.

      1       2       3       4       5       6       7       8       9      10      
 1      -    0.0715  0.0900  0.0740  0.1108  0.0734  0.1170  0.0888  0.1188  0.1279  
 2   0.0715     -    0.0417  0.0223  0.0578  0.0219  0.0726  0.0430  0.0683  0.0837  
 3   0.0900  0.0417     -    0.0277  0.0707  0.0285  0.0997  0.0541  0.0827  0.0738  
 4   0.0740  0.0223  0.0277     -    0.0579  0.0003  0.0734  0.0319  0.0614  0.0601  
 5   0.1108  0.0578  0.0707  0.0579     -    0.0552  0.0778  0.0452  0.1160  0.1379  
 6   0.0734  0.0219  0.0285  0.0003  0.0552     -    0.0718  0.0306  0.0610  0.0617  
 7   0.1170  0.0726  0.0997  0.0734  0.0778  0.0718     -    0.0652  0.1352  0.0924  
 8   0.0888  0.0430  0.0541  0.0319  0.0452  0.0306  0.0652     -    0.0849  0.0988  
 9   0.1188  0.0683  0.0827  0.0614  0.1160  0.0610  0.1352  0.0849     -    0.1075  
10   0.1279  0.0837  0.0738  0.0601  0.1379  0.0617  0.0924  0.0988  0.1075     -    

Average distances (expected heterozygosity) between individuals in same cluster:
cluster  1  : 0.5806 
cluster  2  : 0.6297 
cluster  3  : 0.5892 
cluster  4  : 0.6400 
cluster  5  : 0.6033 
cluster  6  : 0.6418 
cluster  7  : 0.5543 
cluster  8  : 0.6173 
cluster  9  : 0.6080 
cluster 10  : 0.5461 

--------------------------------------------
Estimated Ln Prob of Data   = -12302.4
Mean value of ln likelihood = -11594.6
Variance of ln likelihood   = 1415.6
Mean value of alpha         = 0.0474

Mean value of Fst_1         = 0.1963
Mean value of Fst_2         = 0.0638
Mean value of Fst_3         = 0.1253
Mean value of Fst_4         = 0.0948
Mean value of Fst_5         = 0.1605
Mean value of Fst_6         = 0.0982
Mean value of Fst_7         = 0.2234
Mean value of Fst_8         = 0.1153
Mean value of Fst_9         = 0.2041
Mean value of Fst_10         = 0.2071


Inferred ancestry of individuals:
        Label (%Miss) Pop:  Inferred clusters
  1 24.0601.E1    (0)    1 :  0.011 0.006 0.008 0.471 0.007 0.453 0.011 0.007 0.013 0.013 
  2 24.0602.E1    (0)    1 :  0.010 0.009 0.006 0.472 0.011 0.457 0.009 0.012 0.004 0.009 
  3 24.0603.E1    (0)    1 :  0.008 0.043 0.029 0.459 0.005 0.410 0.007 0.013 0.005 0.022 
  4 24.0604.E1    (0)    1 :  0.143 0.005 0.085 0.350 0.042 0.347 0.005 0.009 0.008 0.005 
  5 24.0605.E1    (0)    1 :  0.007 0.011 0.026 0.446 0.009 0.417 0.012 0.031 0.008 0.035 
  6 24.0606.E1    (0)    1 :  0.006 0.013 0.052 0.448 0.023 0.405 0.007 0.015 0.011 0.019 
  7 24.0607.E1    (0)    1 :  0.010 0.040 0.016 0.078 0.011 0.072 0.007 0.450 0.006 0.309 
  8 24.0608.E1    (0)    1 :  0.005 0.008 0.006 0.350 0.033 0.352 0.120 0.013 0.003 0.109 
  9 24.0609.E1    (0)    1 :  0.007 0.018 0.292 0.095 0.439 0.112 0.013 0.015 0.004 0.005 
 10 24.0610.E1    (0)    1 :  0.004 0.016 0.087 0.240 0.389 0.236 0.005 0.009 0.005 0.009 
 11 24.0611.E1    (0)    1 :  0.005 0.009 0.029 0.449 0.033 0.431 0.005 0.027 0.007 0.006 
 12 24.0612.E1    (0)    1 :  0.017 0.011 0.007 0.470 0.008 0.452 0.004 0.007 0.009 0.016 
 13 24.0613.E1    (0)    1 :  0.005 0.006 0.047 0.457 0.020 0.442 0.005 0.006 0.007 0.005 
 14 24.0614.E1    (0)    1 :  0.005 0.007 0.010 0.140 0.014 0.162 0.172 0.180 0.006 0.303 
 15 24.0615.E1    (0)    1 :  0.019 0.011 0.011 0.321 0.192 0.333 0.020 0.025 0.015 0.053 
 16 24.0616.E1    (0)    1 :  0.006 0.007 0.011 0.468 0.012 0.459 0.005 0.013 0.014 0.005 
 17 24.0617.E1    (0)    1 :  0.006 0.014 0.020 0.133 0.580 0.161 0.008 0.028 0.028 0.021 
 18 24.0618.E1    (0)    1 :  0.005 0.032 0.024 0.412 0.056 0.397 0.019 0.041 0.009 0.005 
 19 24.0619.E1    (0)    1 :  0.005 0.006 0.013 0.405 0.018 0.520 0.005 0.011 0.012 0.005 
 20 24.0620.E1   (20)    1 :  0.010 0.018 0.083 0.069 0.037 0.075 0.009 0.020 0.013 0.666 
 21 24.0621.E1    (0)    1 :  0.005 0.006 0.007 0.342 0.091 0.466 0.034 0.039 0.005 0.004 
 22 24.0622.E1    (0)    1 :  0.005 0.014 0.014 0.462 0.010 0.451 0.006 0.005 0.024 0.009 
 23 24.0623.E1    (0)    1 :  0.009 0.024 0.014 0.376 0.038 0.370 0.012 0.033 0.105 0.018 
 24 24.0624.E1    (0)    1 :  0.004 0.006 0.005 0.481 0.011 0.469 0.005 0.007 0.006 0.006 
 25 24.0625.E1    (0)    2 :  0.043 0.021 0.043 0.019 0.009 0.018 0.205 0.012 0.579 0.051 
 26 24.0626.E1    (0)    2 :  0.004 0.004 0.004 0.004 0.003 0.004 0.126 0.004 0.809 0.038 
 27 24.0627.E1    (0)    2 :  0.377 0.007 0.025 0.034 0.005 0.031 0.012 0.009 0.480 0.020 
 28 24.0628.E1    (0)    2 :  0.006 0.017 0.095 0.029 0.095 0.025 0.144 0.011 0.443 0.135 
 29 24.0629.E1    (0)    2 :  0.009 0.027 0.007 0.044 0.011 0.038 0.007 0.010 0.841 0.006 
 30 24.0630.E1    (0)    2 :  0.008 0.005 0.009 0.008 0.005 0.007 0.046 0.007 0.801 0.103 
 31 24.0631.E1    (0)    2 :  0.004 0.004 0.003 0.005 0.003 0.005 0.003 0.004 0.967 0.004 
 32 24.0632.E1    (0)    2 :  0.012 0.010 0.009 0.010 0.006 0.006 0.005 0.006 0.909 0.026 
 33 24.0633.E1    (0)    2 :  0.005 0.012 0.012 0.081 0.006 0.100 0.388 0.007 0.351 0.037 
 34 24.0634.E1    (0)    2 :  0.009 0.012 0.012 0.010 0.011 0.010 0.021 0.012 0.897 0.007 
 35 24.0635.E1    (0)    2 :  0.015 0.055 0.011 0.128 0.021 0.147 0.026 0.065 0.512 0.020 
 36 24.0636.E1   (33)    2 :  0.024 0.022 0.152 0.036 0.011 0.029 0.008 0.007 0.074 0.636 
 37 24.0637.E1    (0)    2 :  0.004 0.005 0.005 0.004 0.003 0.004 0.003 0.005 0.959 0.007 
 38 24.0638.E1    (0)    2 :  0.010 0.023 0.020 0.057 0.005 0.072 0.005 0.006 0.798 0.004 
 39 24.0639.E1    (0)    2 :  0.030 0.021 0.007 0.023 0.089 0.023 0.008 0.010 0.777 0.013 
 40 24.0640.E1    (0)    2 :  0.005 0.007 0.007 0.008 0.008 0.008 0.006 0.011 0.935 0.006 
 41 24.0641.E1    (0)    2 :  0.006 0.013 0.006 0.160 0.010 0.182 0.006 0.244 0.356 0.015 
 42 24.0642.E1    (0)    2 :  0.007 0.006 0.121 0.123 0.004 0.134 0.004 0.005 0.544 0.052 
 43 24.0643.E1    (0)    2 :  0.262 0.015 0.012 0.014 0.012 0.012 0.006 0.006 0.610 0.052 
 44 24.0644.E1    (0)    2 :  0.005 0.006 0.032 0.007 0.037 0.007 0.005 0.011 0.886 0.005 
 45 24.0645.E1    (0)    2 :  0.006 0.005 0.191 0.008 0.026 0.008 0.004 0.010 0.727 0.016 
 46 24.0646.E1    (0)    2 :  0.005 0.006 0.031 0.007 0.037 0.008 0.005 0.010 0.887 0.005 
 47 24.0647.E1    (0)    2 :  0.004 0.005 0.005 0.004 0.003 0.004 0.003 0.005 0.959 0.007 
 48 24.0648.E1    (0)    2 :  0.004 0.005 0.005 0.004 0.003 0.004 0.003 0.005 0.959 0.007 
 49 24.0649.E1    (0)    3 :  0.010 0.925 0.007 0.008 0.015 0.008 0.010 0.008 0.006 0.003 
 50 24.0650.E1    (0)    3 :  0.009 0.043 0.177 0.143 0.091 0.129 0.300 0.099 0.004 0.004 
 51 24.0651.E1    (0)    3 :  0.035 0.410 0.020 0.023 0.008 0.028 0.030 0.293 0.129 0.023 
 52 24.0652.E1    (0)    3 :  0.012 0.041 0.006 0.041 0.005 0.043 0.833 0.009 0.005 0.005 
 53 24.0653.E1    (0)    3 :  0.834 0.067 0.009 0.010 0.023 0.011 0.016 0.019 0.005 0.007 
 54 24.0654.E1    (0)    3 :  0.008 0.395 0.009 0.007 0.028 0.007 0.520 0.008 0.013 0.004 
 55 24.0655.E1    (0)    3 :  0.010 0.575 0.011 0.065 0.026 0.066 0.205 0.016 0.019 0.007 
 56 24.0656.E1    (0)    3 :  0.016 0.017 0.017 0.014 0.012 0.014 0.888 0.006 0.006 0.011 
 57 24.0657.E1    (0)    3 :  0.016 0.023 0.017 0.015 0.012 0.015 0.879 0.006 0.006 0.011 
 58 24.0658.E1    (0)    3 :  0.049 0.730 0.033 0.017 0.125 0.017 0.006 0.012 0.006 0.006 
 59 24.0659.E1    (0)    3 :  0.367 0.130 0.011 0.115 0.040 0.126 0.149 0.048 0.010 0.004 
 60 24.0660.E1    (6)    3 :  0.010 0.884 0.012 0.028 0.006 0.027 0.008 0.008 0.012 0.006 
 61 24.0661.E1    (0)    3 :  0.007 0.019 0.005 0.008 0.005 0.007 0.930 0.008 0.005 0.006 
 62 24.0662.E1    (0)    3 :  0.088 0.271 0.010 0.107 0.028 0.126 0.068 0.263 0.026 0.014 
 63 24.0663.E1    (0)    3 :  0.006 0.158 0.067 0.007 0.587 0.007 0.108 0.046 0.009 0.005 
 64 24.0664.E1    (0)    3 :  0.008 0.628 0.010 0.007 0.016 0.008 0.275 0.008 0.008 0.032 
 65 24.0665.E1    (0)    3 :  0.037 0.454 0.025 0.012 0.005 0.012 0.372 0.009 0.006 0.068 
 66 24.0666.E1    (0)    3 :  0.940 0.007 0.009 0.008 0.007 0.008 0.007 0.004 0.006 0.004 
 67 24.0667.E1    (0)    3 :  0.941 0.012 0.005 0.011 0.004 0.011 0.006 0.004 0.003 0.004 
 68 24.0668.E1    (0)    3 :  0.967 0.004 0.004 0.004 0.004 0.004 0.004 0.004 0.004 0.003 
 69 24.0669.E1    (0)    3 :  0.964 0.005 0.004 0.004 0.004 0.004 0.004 0.004 0.004 0.003 
 70 24.0670.E1    (0)    3 :  0.021 0.901 0.004 0.012 0.026 0.008 0.012 0.009 0.003 0.004 
 71 24.0671.E1    (0)    3 :  0.011 0.817 0.016 0.009 0.029 0.009 0.068 0.027 0.009 0.007 
 72 24.0672.E1    (0)    3 :  0.284 0.440 0.019 0.093 0.008 0.082 0.010 0.053 0.005 0.005 
 73 24.0673.E1    (6)    4 :  0.008 0.017 0.163 0.099 0.008 0.096 0.492 0.010 0.023 0.081 
 74 24.0674.E1    (0)    4 :  0.005 0.007 0.769 0.075 0.007 0.110 0.005 0.007 0.008 0.009 
 75 24.0675.E1    (0)    4 :  0.010 0.027 0.774 0.020 0.026 0.020 0.050 0.027 0.024 0.021 
 76 24.0676.E1    (0)    4 :  0.006 0.043 0.705 0.019 0.142 0.017 0.020 0.021 0.006 0.020 
 77 24.0677.E1    (0)    4 :  0.018 0.738 0.026 0.042 0.029 0.030 0.043 0.056 0.004 0.012 
 78 24.0678.E1    (0)    4 :  0.080 0.209 0.020 0.278 0.008 0.291 0.027 0.033 0.044 0.010 
 79 24.0679.E1    (0)    4 :  0.031 0.063 0.101 0.291 0.124 0.352 0.008 0.014 0.011 0.007 
 80 24.0680.E1    (0)    4 :  0.056 0.148 0.026 0.351 0.006 0.367 0.011 0.014 0.014 0.008 
 81 24.0681.E1    (0)    4 :  0.013 0.094 0.292 0.267 0.007 0.280 0.009 0.011 0.009 0.018 
 82 24.0682.E1    (0)    4 :  0.004 0.004 0.963 0.005 0.005 0.005 0.003 0.004 0.004 0.005 
 83 24.0683.E1    (0)    4 :  0.007 0.006 0.705 0.083 0.004 0.122 0.006 0.007 0.006 0.052 
 84 24.0684.E1    (0)    4 :  0.009 0.034 0.654 0.095 0.026 0.118 0.006 0.008 0.029 0.021 
 85 24.0685.E1    (0)    4 :  0.067 0.010 0.547 0.176 0.020 0.143 0.005 0.006 0.007 0.018 
 86 24.0686.E1    (0)    4 :  0.014 0.517 0.028 0.140 0.015 0.151 0.006 0.052 0.065 0.013 
 87 24.0687.E1    (0)    4 :  0.006 0.410 0.057 0.142 0.021 0.165 0.008 0.035 0.142 0.014 
 88 24.0688.E1    (0)    4 :  0.004 0.007 0.952 0.007 0.004 0.006 0.004 0.005 0.006 0.006 
 89 24.0689.E1    (0)    4 :  0.006 0.183 0.111 0.100 0.422 0.086 0.030 0.017 0.015 0.031 
 90 24.0690.E1    (0)    4 :  0.586 0.091 0.033 0.093 0.006 0.097 0.019 0.019 0.025 0.029 
 91 24.0691.E1    (0)    4 :  0.010 0.015 0.846 0.051 0.028 0.026 0.005 0.006 0.007 0.006 
 92 24.0692.E1    (0)    4 :  0.007 0.056 0.873 0.012 0.017 0.011 0.005 0.006 0.005 0.009 
 93 24.0693.E1    (0)    4 :  0.015 0.090 0.365 0.030 0.034 0.023 0.072 0.012 0.008 0.352 
 94 24.0694.E1    (0)    4 :  0.011 0.009 0.823 0.070 0.008 0.056 0.005 0.005 0.007 0.008 
 95 24.0695.E1    (0)    4 :  0.012 0.010 0.478 0.233 0.045 0.186 0.008 0.015 0.007 0.007 
 96 24.0696.E1    (0)    4 :  0.011 0.012 0.737 0.108 0.014 0.086 0.005 0.007 0.013 0.008 
 97 24.0697.E1    (0)    5 :  0.007 0.558 0.261 0.031 0.013 0.028 0.008 0.015 0.012 0.067 
 98 24.0698.E1    (0)    5 :  0.051 0.654 0.058 0.045 0.022 0.023 0.008 0.026 0.018 0.094 
 99 24.0699.E1    (0)    5 :  0.011 0.887 0.007 0.028 0.005 0.014 0.007 0.022 0.010 0.010 
100 24.0700.E1    (0)    5 :  0.013 0.565 0.018 0.163 0.007 0.207 0.009 0.008 0.005 0.007 
101 24.0701.E1    (0)    5 :  0.883 0.014 0.009 0.011 0.010 0.010 0.006 0.008 0.010 0.040 
102 24.0702.E1    (0)    5 :  0.039 0.452 0.010 0.200 0.008 0.237 0.007 0.007 0.013 0.027 
103 24.0703.E1    (0)    5 :  0.024 0.727 0.009 0.024 0.006 0.011 0.004 0.137 0.050 0.008 
104 24.0704.E1    (6)    5 :  0.008 0.530 0.024 0.038 0.009 0.022 0.005 0.346 0.009 0.010 
105 24.0705.E1    (0)    5 :  0.031 0.047 0.315 0.275 0.009 0.294 0.005 0.008 0.007 0.009 
106 24.0706.E1    (0)    5 :  0.016 0.422 0.021 0.235 0.012 0.253 0.014 0.009 0.008 0.010 
107 24.0707.E1    (0)    5 :  0.008 0.566 0.047 0.142 0.005 0.146 0.011 0.039 0.020 0.016 
108 24.0708.E1    (0)    5 :  0.020 0.032 0.054 0.123 0.195 0.168 0.027 0.161 0.200 0.019 
109 24.0709.E1    (0)    5 :  0.008 0.016 0.880 0.012 0.029 0.010 0.014 0.018 0.007 0.006 
110 24.0710.E1    (0)    5 :  0.067 0.330 0.346 0.076 0.027 0.087 0.008 0.029 0.007 0.023 
111 24.0711.E1    (0)    5 :  0.035 0.520 0.105 0.117 0.007 0.101 0.008 0.029 0.061 0.017 
112 24.0712.E1    (0)    5 :  0.767 0.047 0.043 0.031 0.008 0.030 0.007 0.008 0.044 0.016 
113 24.0713.E1    (0)    5 :  0.010 0.157 0.337 0.185 0.042 0.208 0.007 0.033 0.007 0.014 
114 24.0714.E1    (0)    5 :  0.010 0.354 0.016 0.254 0.016 0.288 0.013 0.030 0.012 0.008 
115 24.0715.E1    (0)    5 :  0.018 0.308 0.158 0.048 0.011 0.025 0.032 0.007 0.007 0.386 
116 24.0716.E1    (0)    5 :  0.291 0.437 0.019 0.053 0.047 0.044 0.008 0.047 0.040 0.014 
117 24.0717.E1    (0)    5 :  0.015 0.337 0.028 0.064 0.024 0.077 0.097 0.054 0.041 0.263 
118 24.0718.E1    (0)    5 :  0.050 0.551 0.194 0.071 0.008 0.070 0.005 0.007 0.032 0.012 
119 24.0719.E1    (0)    5 :  0.012 0.049 0.828 0.032 0.017 0.022 0.007 0.011 0.015 0.007 
120 24.0720.E1    (0)    5 :  0.010 0.170 0.750 0.013 0.012 0.013 0.007 0.008 0.011 0.005 
121 24.0721.E1    (0)    6 :  0.026 0.100 0.147 0.090 0.027 0.047 0.106 0.018 0.014 0.426 
122 24.0722.E1    (0)    6 :  0.072 0.068 0.112 0.056 0.013 0.019 0.009 0.079 0.122 0.449 
123 24.0723.E1    (0)    6 :  0.010 0.025 0.013 0.043 0.025 0.026 0.307 0.111 0.260 0.180 
124 24.0724.E1    (0)    6 :  0.010 0.021 0.298 0.182 0.073 0.205 0.017 0.113 0.028 0.053 
125 24.0725.E1    (0)    6 :  0.006 0.010 0.011 0.474 0.007 0.456 0.015 0.005 0.008 0.007 
126 24.0726.E1    (6)    6 :  0.006 0.011 0.062 0.461 0.007 0.355 0.006 0.009 0.008 0.074 
127 24.0727.E1    (0)    6 :  0.055 0.030 0.024 0.194 0.015 0.215 0.040 0.016 0.022 0.389 
128 24.0728.E1    (0)    6 :  0.012 0.391 0.020 0.179 0.012 0.160 0.030 0.011 0.038 0.148 
129 24.0729.E1    (0)    6 :  0.035 0.015 0.114 0.423 0.024 0.320 0.005 0.015 0.013 0.036 
130 24.0730.E1    (0)    6 :  0.014 0.755 0.049 0.069 0.020 0.031 0.011 0.009 0.009 0.033 
131 24.0731.E1    (0)    6 :  0.004 0.008 0.285 0.331 0.007 0.274 0.018 0.007 0.013 0.052 
132 24.0732.E1    (0)    6 :  0.012 0.015 0.131 0.090 0.004 0.036 0.023 0.006 0.009 0.672 
133 24.0733.E1    (0)    6 :  0.003 0.005 0.007 0.487 0.006 0.461 0.004 0.004 0.006 0.018 
134 24.0734.E1    (0)    6 :  0.014 0.079 0.015 0.048 0.008 0.029 0.011 0.011 0.013 0.773 
135 24.0735.E1    (0)    6 :  0.014 0.037 0.019 0.369 0.025 0.305 0.008 0.008 0.048 0.167 
136 24.0736.E1    (0)    6 :  0.005 0.008 0.008 0.476 0.006 0.440 0.006 0.006 0.007 0.039 
137 24.0737.E1    (0)    6 :  0.010 0.023 0.011 0.475 0.007 0.420 0.009 0.014 0.025 0.007 
138 24.0738.E1    (0)    6 :  0.009 0.014 0.008 0.503 0.005 0.411 0.008 0.008 0.009 0.025 
139 24.0739.E1    (0)    6 :  0.006 0.023 0.009 0.486 0.007 0.436 0.007 0.006 0.015 0.005 
140 24.0740.E1    (0)    6 :  0.010 0.015 0.183 0.408 0.019 0.314 0.006 0.016 0.018 0.010 
141 24.0741.E1    (0)    6 :  0.006 0.043 0.160 0.260 0.009 0.179 0.010 0.008 0.017 0.308 
142 24.0742.E1    (0)    6 :  0.008 0.011 0.022 0.165 0.007 0.147 0.007 0.011 0.010 0.612 
143 24.0743.E1    (0)    6 :  0.019 0.013 0.367 0.293 0.015 0.235 0.009 0.021 0.005 0.022 
144 24.0744.E1    (0)    6 :  0.303 0.020 0.124 0.210 0.025 0.147 0.017 0.022 0.011 0.122 
145 24.0745.E1    (0)    7 :  0.024 0.011 0.017 0.012 0.007 0.012 0.015 0.009 0.004 0.889 
146 24.0746.E1    (0)    7 :  0.009 0.034 0.040 0.052 0.011 0.055 0.007 0.127 0.056 0.609 
147 24.0747.E1    (0)    7 :  0.011 0.014 0.199 0.021 0.031 0.018 0.008 0.009 0.009 0.680 
148 24.0748.E1    (6)    7 :  0.011 0.013 0.247 0.026 0.044 0.024 0.016 0.009 0.009 0.601 
149 24.0749.E1    (0)    7 :  0.007 0.007 0.008 0.125 0.006 0.120 0.004 0.006 0.006 0.708 
150 24.0750.E1    (0)    7 :  0.022 0.046 0.102 0.309 0.015 0.225 0.009 0.030 0.011 0.230 
151 24.0751.E1    (0)    7 :  0.004 0.004 0.005 0.007 0.005 0.007 0.005 0.004 0.006 0.953 
152 24.0752.E1    (0)    7 :  0.004 0.011 0.010 0.022 0.007 0.022 0.009 0.006 0.006 0.904 
153 24.0753.E1    (0)    7 :  0.009 0.009 0.011 0.131 0.005 0.122 0.023 0.009 0.173 0.508 
154 24.0754.E1    (0)    7 :  0.006 0.008 0.022 0.026 0.006 0.022 0.009 0.005 0.017 0.879 
155 24.0755.E1    (0)    7 :  0.007 0.022 0.144 0.012 0.035 0.011 0.006 0.011 0.018 0.733 
156 24.0756.E1    (0)    7 :  0.004 0.004 0.006 0.021 0.013 0.030 0.005 0.005 0.008 0.902 
157 24.0757.E1    (0)    7 :  0.004 0.003 0.004 0.004 0.003 0.004 0.003 0.003 0.004 0.968 
158 24.0758.E1    (0)    7 :  0.004 0.004 0.004 0.004 0.003 0.004 0.003 0.003 0.004 0.967 
159 24.0759.E1    (0)    7 :  0.009 0.008 0.007 0.018 0.005 0.015 0.012 0.006 0.006 0.915 
160 24.0760.E1    (0)    7 :  0.009 0.037 0.032 0.011 0.006 0.011 0.007 0.007 0.270 0.611 
161 24.0761.E1    (0)    7 :  0.004 0.005 0.005 0.005 0.005 0.005 0.005 0.004 0.009 0.954 
162 24.0762.E1    (0)    7 :  0.169 0.067 0.027 0.249 0.097 0.300 0.007 0.013 0.008 0.063 
163 24.0763.E1    (0)    7 :  0.003 0.004 0.013 0.007 0.004 0.006 0.006 0.005 0.004 0.948 
164 24.0764.E1    (0)    7 :  0.004 0.006 0.005 0.011 0.004 0.009 0.004 0.004 0.008 0.945 
165 24.0765.E1    (0)    7 :  0.004 0.007 0.019 0.024 0.010 0.032 0.009 0.012 0.019 0.863 
166 24.0766.E1    (0)    7 :  0.005 0.007 0.009 0.008 0.004 0.008 0.010 0.005 0.006 0.938 
167 24.0767.E1    (0)    7 :  0.003 0.004 0.006 0.011 0.004 0.017 0.004 0.004 0.004 0.944 
168 24.0768.E1    (0)    7 :  0.008 0.025 0.188 0.290 0.034 0.228 0.009 0.045 0.005 0.166 
169 24.0779.E1    (0)    8 :  0.009 0.798 0.051 0.022 0.007 0.019 0.011 0.038 0.006 0.040 
170 24.0780.E1    (6)    8 :  0.008 0.670 0.030 0.044 0.125 0.063 0.038 0.012 0.006 0.004 
171 24.0781.E1    (0)    8 :  0.005 0.772 0.006 0.078 0.008 0.109 0.006 0.006 0.005 0.005 
172 24.0782.E1    (0)    8 :  0.009 0.187 0.238 0.217 0.029 0.192 0.037 0.023 0.042 0.026 
173 24.0783.E1    (0)    8 :  0.020 0.074 0.035 0.218 0.346 0.273 0.012 0.007 0.010 0.005 
174 24.0784.E1    (0)    8 :  0.004 0.870 0.042 0.011 0.021 0.012 0.007 0.023 0.005 0.004 
175 24.0785.E1    (0)    8 :  0.010 0.851 0.009 0.014 0.031 0.027 0.028 0.023 0.004 0.004 
176 24.0786.E1    (0)    8 :  0.010 0.577 0.130 0.046 0.135 0.052 0.022 0.012 0.008 0.010 
177 24.0787.E1    (0)    8 :  0.006 0.867 0.012 0.016 0.010 0.021 0.011 0.010 0.035 0.011 
178 24.0788.E1    (0)    8 :  0.007 0.763 0.039 0.007 0.118 0.009 0.017 0.010 0.026 0.006 
179 24.0789.E1    (0)    8 :  0.005 0.874 0.009 0.017 0.025 0.016 0.009 0.020 0.018 0.006 
180 24.0790.E1    (0)    8 :  0.006 0.923 0.005 0.007 0.011 0.013 0.013 0.012 0.006 0.004 
181 24.0791.E1    (0)    8 :  0.059 0.149 0.012 0.324 0.011 0.402 0.018 0.012 0.005 0.008 
182 24.0792.E1    (0)    8 :  0.017 0.386 0.044 0.081 0.008 0.107 0.326 0.008 0.004 0.019 
183 24.0793.E1    (0)    9 :  0.008 0.073 0.012 0.030 0.072 0.029 0.033 0.684 0.049 0.008 
184 24.0794.E1    (0)    9 :  0.006 0.020 0.006 0.296 0.034 0.297 0.282 0.046 0.006 0.007 
185 24.0795.E1    (0)    9 :  0.006 0.016 0.016 0.182 0.047 0.247 0.010 0.436 0.034 0.007 
186 24.0796.E1    (0)    9 :  0.005 0.160 0.007 0.039 0.390 0.052 0.264 0.070 0.009 0.005 
187 24.0797.E1    (0)    9 :  0.006 0.151 0.008 0.022 0.177 0.028 0.037 0.558 0.010 0.003 
188 24.0798.E1    (0)    9 :  0.324 0.016 0.031 0.012 0.012 0.012 0.102 0.444 0.027 0.018 
189 24.0799.E1    (0)    9 :  0.010 0.014 0.010 0.018 0.028 0.013 0.007 0.886 0.007 0.007 
190 24.0800.E1    (0)    9 :  0.011 0.016 0.047 0.020 0.154 0.018 0.033 0.689 0.005 0.007 
191 24.0801.E1    (0)    9 :  0.305 0.008 0.019 0.010 0.006 0.009 0.011 0.622 0.007 0.005 
192 24.0802.E1    (0)    9 :  0.010 0.011 0.009 0.018 0.039 0.020 0.008 0.861 0.020 0.004 
193 24.0803.E1    (0)    9 :  0.017 0.007 0.007 0.015 0.007 0.012 0.007 0.913 0.007 0.006 
194 24.0804.E1    (0)    9 :  0.004 0.010 0.007 0.008 0.070 0.007 0.011 0.867 0.013 0.003 
195 24.0805.E1    (0)    9 :  0.006 0.008 0.027 0.009 0.005 0.008 0.006 0.921 0.004 0.006 
196 24.0806.E1    (0)    9 :  0.005 0.006 0.005 0.006 0.004 0.006 0.007 0.938 0.020 0.004 
197 24.0807.E1    (0)    9 :  0.009 0.016 0.009 0.011 0.019 0.013 0.054 0.860 0.008 0.003 
198 24.0808.E1    (0)    9 :  0.005 0.076 0.111 0.014 0.047 0.013 0.021 0.688 0.018 0.006 
199 24.0809.E1    (0)    9 :  0.008 0.007 0.053 0.013 0.044 0.012 0.007 0.844 0.004 0.009 
200 24.0810.E1    (0)    9 :  0.007 0.008 0.039 0.020 0.009 0.025 0.024 0.848 0.012 0.008 
201 24.0811.E1    (0)    9 :  0.005 0.028 0.007 0.028 0.055 0.028 0.232 0.582 0.029 0.005 
202 24.0812.E1    (0)    9 :  0.008 0.042 0.021 0.024 0.256 0.026 0.009 0.603 0.006 0.006 
203 24.0813.E1    (0)    9 :  0.004 0.022 0.043 0.010 0.015 0.010 0.007 0.878 0.006 0.005 
204 24.0814.E1    (6)    9 :  0.006 0.007 0.022 0.007 0.131 0.006 0.012 0.791 0.012 0.004 
205 24.0815.E1    (0)    9 :  0.025 0.007 0.009 0.006 0.012 0.006 0.010 0.898 0.020 0.007 
206 24.0816.E1    (0)    9 :  0.012 0.016 0.004 0.006 0.012 0.006 0.024 0.905 0.011 0.004 
207 24.0817.E1    (0)   10 :  0.008 0.025 0.010 0.019 0.755 0.019 0.053 0.102 0.005 0.005 
208 24.0818.E1    (0)   10 :  0.007 0.076 0.005 0.027 0.810 0.025 0.015 0.014 0.011 0.008 
209 24.0819.E1    (0)   10 :  0.090 0.009 0.012 0.025 0.019 0.025 0.261 0.395 0.020 0.143 
210 24.0820.E1    (0)   10 :  0.012 0.007 0.006 0.007 0.023 0.007 0.837 0.011 0.009 0.081 
211 24.0821.E1    (0)   10 :  0.244 0.241 0.019 0.018 0.175 0.016 0.176 0.092 0.013 0.007 
212 24.0822.E1    (0)   10 :  0.006 0.034 0.009 0.006 0.901 0.006 0.010 0.006 0.004 0.019 
213 24.0823.E1    (0)   10 :  0.014 0.007 0.012 0.007 0.409 0.007 0.479 0.010 0.009 0.047 
214 24.0824.E1    (0)   10 :  0.440 0.007 0.047 0.007 0.452 0.007 0.012 0.015 0.006 0.008 
215 24.0825.E1    (0)   10 :  0.005 0.004 0.008 0.005 0.954 0.005 0.005 0.005 0.004 0.005 
216 24.0826.E1    (0)   10 :  0.017 0.015 0.011 0.009 0.047 0.010 0.829 0.025 0.009 0.028 
217 24.0827.E1    (0)   10 :  0.007 0.021 0.010 0.024 0.792 0.025 0.095 0.016 0.008 0.004 
218 24.0828.E1    (0)   10 :  0.065 0.027 0.020 0.011 0.131 0.011 0.666 0.044 0.010 0.016 
219 24.0829.E1    (0)   10 :  0.009 0.009 0.015 0.044 0.651 0.067 0.019 0.169 0.006 0.009 
220 24.0830.E1    (0)   10 :  0.008 0.007 0.006 0.043 0.828 0.070 0.019 0.011 0.004 0.004 
221 24.0831.E1    (0)   10 :  0.008 0.018 0.008 0.078 0.725 0.128 0.016 0.010 0.004 0.004 
222 24.0832.E1    (0)   10 :  0.003 0.006 0.007 0.006 0.946 0.007 0.013 0.004 0.003 0.003 
223 24.0833.E1    (0)   10 :  0.004 0.004 0.007 0.004 0.959 0.004 0.007 0.004 0.003 0.004 
224 24.0834.E1    (0)   10 :  0.005 0.005 0.007 0.007 0.940 0.007 0.008 0.007 0.007 0.007 
225 24.0835.E1    (0)   10 :  0.009 0.007 0.006 0.009 0.929 0.009 0.006 0.014 0.006 0.004 
226 24.0836.E1    (0)   10 :  0.016 0.008 0.018 0.010 0.909 0.010 0.007 0.010 0.004 0.008 
227 24.0837.E1    (0)   10 :  0.006 0.008 0.008 0.006 0.941 0.007 0.007 0.007 0.004 0.005 
228 24.0838.E1    (0)   10 :  0.005 0.011 0.012 0.005 0.933 0.006 0.010 0.007 0.004 0.006 
229 24.0839.E1    (0)   10 :  0.015 0.038 0.022 0.120 0.381 0.160 0.028 0.202 0.019 0.016 
230 24.0840.E1    (0)   10 :  0.009 0.013 0.006 0.054 0.541 0.079 0.071 0.202 0.020 0.004 
231 24.0841.E1    (0)   11 :  0.004 0.020 0.028 0.035 0.074 0.060 0.378 0.386 0.003 0.011 
232 24.0842.E1    (0)   11 :  0.176 0.019 0.011 0.023 0.063 0.034 0.295 0.366 0.003 0.011 
233 24.0843.E1    (0)   11 :  0.224 0.020 0.008 0.008 0.027 0.009 0.543 0.142 0.005 0.013 
234 24.0844.E1    (0)   11 :  0.342 0.022 0.013 0.039 0.286 0.044 0.022 0.220 0.005 0.007 
235 24.0845.E1    (0)   11 :  0.024 0.075 0.018 0.035 0.730 0.049 0.043 0.016 0.005 0.005 
236 24.0846.E1    (0)   11 :  0.011 0.010 0.011 0.012 0.889 0.012 0.009 0.027 0.010 0.010 
237 24.0847.E1    (0)   11 :  0.020 0.008 0.096 0.026 0.758 0.028 0.015 0.030 0.007 0.012 
238 24.0848.E1    (0)   11 :  0.017 0.044 0.033 0.018 0.795 0.019 0.011 0.055 0.004 0.005 
239 24.0849.E1    (0)   11 :  0.004 0.005 0.004 0.005 0.007 0.005 0.954 0.007 0.003 0.004 
240 24.0850.E1    (0)   11 :  0.004 0.005 0.004 0.006 0.007 0.005 0.954 0.007 0.003 0.004 
241 24.0851.E1    (0)   11 :  0.004 0.005 0.004 0.006 0.007 0.005 0.954 0.007 0.003 0.004 
242 24.0852.E1    (0)   11 :  0.007 0.039 0.008 0.027 0.107 0.038 0.741 0.017 0.005 0.011 
243 24.0853.E1    (0)   11 :  0.005 0.006 0.016 0.006 0.389 0.007 0.539 0.017 0.006 0.009 
244 24.0854.E1    (0)   11 :  0.597 0.005 0.008 0.012 0.018 0.013 0.314 0.018 0.005 0.009 
245 24.0855.E1    (0)   11 :  0.011 0.013 0.022 0.024 0.731 0.037 0.052 0.096 0.005 0.008 
246 24.0856.E1    (0)   11 :  0.394 0.063 0.009 0.079 0.037 0.088 0.023 0.190 0.085 0.031 
247 24.0857.E1    (0)   11 :  0.015 0.024 0.029 0.016 0.592 0.016 0.019 0.271 0.010 0.010 
248 24.0858.E1    (0)   11 :  0.025 0.095 0.017 0.019 0.619 0.018 0.061 0.123 0.006 0.017 
249 24.0859.E1    (0)   11 :  0.010 0.011 0.007 0.011 0.014 0.011 0.881 0.027 0.009 0.020 
250 24.0860.E1    (0)   11 :  0.035 0.052 0.009 0.044 0.053 0.040 0.041 0.635 0.043 0.049 
251 24.0861.E1    (0)   11 :  0.005 0.008 0.004 0.006 0.019 0.006 0.931 0.013 0.004 0.004 
252 24.0862.E1    (0)   11 :  0.005 0.015 0.007 0.039 0.013 0.046 0.009 0.838 0.021 0.007 
253 24.0863.E1    (0)   11 :  0.005 0.008 0.004 0.006 0.020 0.006 0.931 0.012 0.004 0.005 
254 24.0864.E1    (0)   11 :  0.014 0.054 0.307 0.206 0.149 0.153 0.078 0.024 0.008 0.007 
255 24.0865.E1    (0)   12 :  0.006 0.016 0.039 0.032 0.011 0.030 0.803 0.009 0.017 0.038 
256 24.0866.E1    (0)   12 :  0.021 0.256 0.342 0.025 0.121 0.020 0.019 0.162 0.006 0.029 
257 24.0867.E1    (0)   12 :  0.011 0.009 0.629 0.009 0.023 0.009 0.158 0.015 0.015 0.122 
258 24.0868.E1    (0)   12 :  0.015 0.416 0.342 0.027 0.085 0.030 0.007 0.026 0.032 0.020 
259 24.0869.E1    (0)   12 :  0.005 0.023 0.611 0.073 0.106 0.087 0.011 0.031 0.048 0.006 
260 24.0870.E1    (0)   12 :  0.015 0.218 0.209 0.139 0.136 0.133 0.009 0.017 0.100 0.024 
261 24.0871.E1    (0)   12 :  0.015 0.066 0.221 0.267 0.022 0.283 0.039 0.043 0.036 0.007 
262 24.0872.E1    (0)   12 :  0.014 0.047 0.156 0.157 0.007 0.174 0.311 0.019 0.007 0.108 
263 24.0873.E1    (0)   12 :  0.012 0.017 0.758 0.016 0.020 0.014 0.075 0.060 0.015 0.013 
264 24.0874.E1    (0)   12 :  0.026 0.019 0.392 0.013 0.067 0.011 0.181 0.072 0.007 0.211 
265 24.0875.E1    (0)   12 :  0.021 0.048 0.044 0.392 0.009 0.450 0.008 0.011 0.008 0.009 
266 24.0876.E1    (0)   12 :  0.010 0.029 0.098 0.396 0.005 0.420 0.005 0.007 0.007 0.022 
267 24.0877.E1    (0)   12 :  0.008 0.021 0.014 0.497 0.004 0.387 0.007 0.011 0.006 0.045 
268 24.0878.E1    (0)   12 :  0.020 0.025 0.059 0.461 0.055 0.347 0.007 0.008 0.008 0.010 
269 24.0879.E1    (0)   12 :  0.212 0.009 0.011 0.415 0.006 0.320 0.007 0.006 0.009 0.005 
270 24.0880.E1    (0)   12 :  0.076 0.065 0.213 0.036 0.523 0.028 0.018 0.013 0.014 0.014 
271 24.0881.E1    (0)   12 :  0.007 0.006 0.007 0.527 0.004 0.420 0.006 0.005 0.010 0.009 
272 24.0882.E1    (0)   12 :  0.009 0.019 0.018 0.142 0.007 0.111 0.012 0.008 0.008 0.665 
273 24.0883.E1    (0)   12 :  0.227 0.008 0.058 0.226 0.007 0.169 0.046 0.006 0.011 0.243 
274 24.0884.E1    (0)   12 :  0.012 0.008 0.006 0.521 0.004 0.399 0.012 0.005 0.007 0.026 
275 24.0885.E1    (0)   12 :  0.042 0.026 0.061 0.473 0.011 0.353 0.006 0.007 0.013 0.007 
276 24.0886.E1    (0)   12 :  0.088 0.012 0.068 0.326 0.005 0.241 0.041 0.010 0.004 0.205 
277 24.0887.E1    (0)   12 :  0.174 0.006 0.020 0.041 0.005 0.025 0.008 0.005 0.010 0.706 
278 24.0888.E1    (0)   12 :  0.014 0.805 0.014 0.038 0.008 0.050 0.009 0.049 0.007 0.006 


Estimated Allele Frequencies in each cluster
First column gives estimated ancestral frequencies


Locus 1 : 
31 alleles
0.0% missing data
 115   (0.035) 0.008 0.007 0.126 0.111 0.005 0.115 0.005 0.009 0.004 0.003 
 117   (0.043) 0.011 0.009 0.033 0.139 0.005 0.125 0.003 0.055 0.004 0.200 
 119   (0.040) 0.007 0.009 0.011 0.162 0.005 0.144 0.004 0.006 0.293 0.315 
 131   (0.013) 0.002 0.003 0.002 0.030 0.001 0.028 0.001 0.002 0.001 0.003 
 128   (0.034) 0.009 0.023 0.026 0.053 0.025 0.059 0.004 0.008 0.003 0.003 
 135   (0.017) 0.003 0.004 0.005 0.034 0.003 0.031 0.002 0.004 0.002 0.007 
 126   (0.081) 0.034 0.074 0.052 0.088 0.270 0.101 0.054 0.052 0.011 0.082 
 122   (0.035) 0.008 0.035 0.007 0.015 0.004 0.015 0.003 0.115 0.099 0.002 
 132   (0.032) 0.013 0.021 0.017 0.017 0.020 0.017 0.006 0.047 0.003 0.015 
 141   (0.011) 0.002 0.002 0.002 0.006 0.001 0.006 0.001 0.002 0.003 0.001 
 130   (0.049) 0.138 0.068 0.101 0.024 0.015 0.025 0.032 0.021 0.014 0.011 
 134   (0.037) 0.005 0.032 0.034 0.007 0.007 0.007 0.077 0.026 0.132 0.003 
 145   (0.017) 0.008 0.003 0.004 0.004 0.002 0.003 0.109 0.002 0.007 0.009 
 127   (0.025) 0.006 0.005 0.006 0.022 0.002 0.018 0.002 0.004 0.051 0.160 
 116   (0.107) 0.092 0.243 0.209 0.063 0.139 0.067 0.297 0.126 0.172 0.010 
 114   (0.061) 0.041 0.049 0.039 0.015 0.110 0.017 0.184 0.142 0.054 0.005 
 120   (0.038) 0.123 0.067 0.013 0.021 0.004 0.024 0.003 0.006 0.086 0.003 
 110   (0.048) 0.096 0.030 0.063 0.021 0.089 0.018 0.018 0.013 0.024 0.016 
 133   (0.014) 0.002 0.003 0.002 0.007 0.001 0.008 0.001 0.006 0.008 0.012 
 118   (0.117) 0.341 0.258 0.188 0.084 0.177 0.097 0.175 0.310 0.013 0.020 
 125   (0.013) 0.004 0.006 0.002 0.004 0.011 0.004 0.003 0.009 0.001 0.001 
 129   (0.020) 0.020 0.008 0.004 0.031 0.002 0.026 0.002 0.003 0.002 0.005 
 124   (0.015) 0.010 0.012 0.003 0.012 0.002 0.015 0.004 0.002 0.002 0.001 
 136   (0.019) 0.003 0.005 0.037 0.006 0.079 0.006 0.002 0.003 0.002 0.001 
 121   (0.014) 0.002 0.003 0.002 0.007 0.001 0.005 0.001 0.002 0.001 0.067 
 139   (0.011) 0.002 0.002 0.002 0.007 0.001 0.007 0.001 0.002 0.001 0.001 
 113   (0.010) 0.002 0.002 0.001 0.002 0.001 0.002 0.001 0.001 0.001 0.015 
 111   (0.010) 0.002 0.002 0.002 0.002 0.001 0.002 0.001 0.001 0.001 0.013 
 143   (0.011) 0.002 0.002 0.001 0.002 0.001 0.002 0.001 0.002 0.001 0.015 
 140   (0.014) 0.002 0.012 0.003 0.003 0.001 0.003 0.001 0.018 0.001 0.001 
 112   (0.010) 0.002 0.002 0.001 0.002 0.015 0.002 0.001 0.001 0.001 0.001 

Locus 2 : 
18 alleles
0.0% missing data
 152   (0.387) 0.374 0.277 0.501 0.601 0.181 0.596 0.320 0.513 0.395 0.801 
 148   (0.069) 0.037 0.027 0.176 0.128 0.009 0.116 0.007 0.011 0.226 0.020 
 154   (0.105) 0.036 0.078 0.188 0.077 0.268 0.093 0.018 0.059 0.256 0.030 
 156   (0.017) 0.004 0.006 0.002 0.010 0.002 0.010 0.002 0.006 0.002 0.001 
 150   (0.022) 0.005 0.004 0.003 0.007 0.002 0.007 0.002 0.003 0.066 0.049 
 164   (0.075) 0.018 0.156 0.030 0.057 0.048 0.048 0.095 0.074 0.010 0.011 
 158   (0.030) 0.186 0.007 0.016 0.012 0.004 0.010 0.007 0.010 0.014 0.008 
 160   (0.019) 0.003 0.014 0.012 0.004 0.002 0.004 0.002 0.003 0.002 0.018 
 166   (0.021) 0.003 0.013 0.003 0.011 0.002 0.011 0.002 0.036 0.003 0.001 
 151   (0.069) 0.216 0.213 0.010 0.026 0.441 0.033 0.300 0.020 0.006 0.005 
 147   (0.066) 0.061 0.125 0.028 0.018 0.031 0.021 0.198 0.227 0.006 0.005 
 168   (0.023) 0.006 0.017 0.006 0.009 0.002 0.010 0.025 0.009 0.003 0.003 
 153   (0.013) 0.003 0.018 0.002 0.003 0.001 0.003 0.009 0.002 0.001 0.001 
 149   (0.024) 0.039 0.006 0.015 0.012 0.002 0.012 0.002 0.004 0.002 0.011 
 162   (0.021) 0.003 0.009 0.003 0.008 0.003 0.008 0.010 0.019 0.002 0.003 
 167   (0.014) 0.002 0.003 0.002 0.014 0.001 0.014 0.001 0.002 0.001 0.001 
 146   (0.012) 0.002 0.002 0.001 0.002 0.001 0.002 0.001 0.001 0.001 0.031 
 172   (0.012) 0.002 0.024 0.002 0.003 0.001 0.003 0.001 0.002 0.001 0.001 

Locus 3 : 
4 alleles
0.0% missing data
 128   (0.292) 0.249 0.201 0.277 0.273 0.435 0.274 0.347 0.250 0.322 0.451 
 126   (0.615) 0.569 0.760 0.704 0.664 0.522 0.663 0.497 0.697 0.616 0.542 
 132   (0.079) 0.135 0.037 0.017 0.061 0.042 0.061 0.155 0.051 0.056 0.006 
 134   (0.014) 0.047 0.003 0.002 0.002 0.001 0.002 0.001 0.002 0.006 0.001 

Locus 4 : 
3 alleles
0.0% missing data
 170   (0.324) 0.203 0.380 0.158 0.320 0.449 0.340 0.156 0.288 0.420 0.295 
 172   (0.664) 0.796 0.618 0.839 0.677 0.549 0.657 0.841 0.710 0.570 0.703 
 171   (0.012) 0.002 0.003 0.003 0.002 0.002 0.002 0.003 0.002 0.010 0.002 

Locus 5 : 
37 alleles
0.0% missing data
 125   (0.054) 0.150 0.019 0.034 0.058 0.074 0.061 0.120 0.010 0.062 0.035 
 110   (0.036) 0.028 0.008 0.006 0.044 0.083 0.056 0.023 0.019 0.044 0.015 
 129   (0.032) 0.008 0.116 0.006 0.038 0.009 0.034 0.041 0.022 0.003 0.003 
 113   (0.032) 0.008 0.118 0.015 0.017 0.013 0.017 0.013 0.084 0.004 0.002 
 145   (0.052) 0.075 0.014 0.131 0.167 0.013 0.155 0.094 0.009 0.006 0.086 
 155   (0.054) 0.017 0.035 0.023 0.105 0.060 0.102 0.006 0.086 0.190 0.015 
 117   (0.030) 0.005 0.016 0.129 0.025 0.004 0.027 0.004 0.022 0.005 0.029 
 124   (0.008) 0.001 0.002 0.001 0.013 0.001 0.013 0.001 0.001 0.001 0.001 
 133   (0.033) 0.010 0.056 0.018 0.043 0.003 0.045 0.007 0.008 0.003 0.079 
 157   (0.048) 0.133 0.143 0.058 0.030 0.055 0.034 0.005 0.020 0.024 0.030 
 141   (0.015) 0.002 0.026 0.008 0.011 0.006 0.011 0.001 0.002 0.002 0.001 
 112   (0.072) 0.017 0.051 0.112 0.065 0.157 0.069 0.145 0.049 0.195 0.159 
 121   (0.018) 0.007 0.012 0.003 0.006 0.003 0.007 0.015 0.071 0.007 0.002 
 114   (0.038) 0.007 0.009 0.159 0.037 0.078 0.036 0.003 0.007 0.016 0.179 
 153   (0.053) 0.228 0.017 0.019 0.070 0.086 0.066 0.078 0.175 0.008 0.004 
 127   (0.072) 0.036 0.104 0.088 0.065 0.103 0.069 0.231 0.067 0.019 0.072 
 131   (0.061) 0.144 0.018 0.028 0.047 0.042 0.037 0.076 0.097 0.230 0.180 
 135   (0.031) 0.017 0.014 0.010 0.041 0.019 0.042 0.067 0.050 0.009 0.003 
 104   (0.010) 0.001 0.002 0.003 0.002 0.002 0.002 0.003 0.001 0.010 0.002 
 118   (0.017) 0.011 0.009 0.007 0.015 0.002 0.012 0.001 0.002 0.017 0.002 
 116   (0.026) 0.031 0.007 0.017 0.023 0.014 0.024 0.004 0.038 0.022 0.004 
 137   (0.025) 0.015 0.012 0.007 0.011 0.003 0.012 0.003 0.064 0.098 0.006 
 123   (0.021) 0.005 0.005 0.005 0.012 0.087 0.013 0.015 0.032 0.004 0.002 
 149   (0.008) 0.001 0.002 0.004 0.004 0.002 0.004 0.004 0.003 0.001 0.001 
 138   (0.013) 0.002 0.050 0.002 0.002 0.001 0.002 0.013 0.002 0.001 0.001 
 143   (0.023) 0.010 0.038 0.003 0.004 0.051 0.005 0.010 0.005 0.003 0.074 
 163   (0.009) 0.001 0.006 0.002 0.004 0.001 0.004 0.001 0.002 0.003 0.001 
 109   (0.010) 0.001 0.002 0.033 0.002 0.001 0.002 0.001 0.001 0.001 0.001 
 139   (0.009) 0.002 0.007 0.001 0.005 0.001 0.005 0.001 0.001 0.001 0.001 
 106   (0.009) 0.001 0.008 0.002 0.004 0.001 0.004 0.001 0.002 0.001 0.001 
 144   (0.017) 0.003 0.005 0.043 0.005 0.002 0.005 0.001 0.016 0.002 0.001 
 122   (0.010) 0.002 0.002 0.010 0.010 0.001 0.008 0.001 0.001 0.001 0.003 
 100   (0.017) 0.006 0.023 0.004 0.007 0.010 0.008 0.006 0.023 0.002 0.001 
 111   (0.011) 0.002 0.031 0.002 0.003 0.001 0.003 0.003 0.002 0.001 0.001 
 233   (0.009) 0.008 0.005 0.001 0.002 0.003 0.002 0.003 0.003 0.001 0.001 
 134   (0.008) 0.001 0.002 0.001 0.003 0.011 0.004 0.001 0.001 0.001 0.000 
 140   (0.009) 0.001 0.007 0.006 0.002 0.002 0.002 0.001 0.002 0.001 0.001 

Locus 6 : 
17 alleles
0.0% missing data
 221   (0.024) 0.003 0.004 0.003 0.080 0.002 0.073 0.002 0.003 0.002 0.087 
 232   (0.249) 0.268 0.289 0.262 0.235 0.263 0.254 0.737 0.288 0.099 0.432 
 229   (0.054) 0.015 0.011 0.017 0.075 0.092 0.071 0.015 0.018 0.072 0.055 
 223   (0.061) 0.115 0.048 0.072 0.066 0.071 0.062 0.007 0.023 0.007 0.008 
 230   (0.158) 0.114 0.216 0.217 0.139 0.239 0.150 0.048 0.075 0.163 0.300 
 235   (0.013) 0.002 0.002 0.002 0.038 0.001 0.038 0.001 0.002 0.001 0.001 
 236   (0.037) 0.011 0.013 0.007 0.073 0.004 0.074 0.024 0.007 0.028 0.005 
 227   (0.024) 0.007 0.013 0.010 0.039 0.002 0.038 0.002 0.004 0.002 0.002 
 220   (0.053) 0.014 0.022 0.032 0.018 0.030 0.020 0.080 0.154 0.187 0.003 
 222   (0.037) 0.006 0.042 0.015 0.007 0.005 0.008 0.003 0.189 0.257 0.002 
 234   (0.134) 0.287 0.118 0.279 0.096 0.148 0.082 0.015 0.140 0.162 0.057 
 224   (0.031) 0.121 0.030 0.006 0.009 0.075 0.010 0.002 0.006 0.003 0.002 
 228   (0.060) 0.013 0.179 0.060 0.036 0.032 0.043 0.059 0.036 0.007 0.004 
 225   (0.010) 0.001 0.002 0.001 0.005 0.001 0.006 0.001 0.008 0.002 0.001 
 226   (0.018) 0.002 0.004 0.003 0.014 0.029 0.019 0.002 0.041 0.002 0.001 
 233   (0.025) 0.013 0.005 0.010 0.043 0.003 0.033 0.002 0.004 0.002 0.038 
 231   (0.013) 0.006 0.003 0.004 0.027 0.001 0.020 0.001 0.002 0.001 0.001 

Locus 7 : 
10 alleles
0.0% missing data
 121   (0.694) 0.583 0.850 0.805 0.836 0.781 0.830 0.702 0.790 0.799 0.748 
 129   (0.092) 0.102 0.058 0.048 0.065 0.124 0.060 0.158 0.037 0.010 0.099 
 130   (0.013) 0.002 0.003 0.002 0.003 0.001 0.002 0.001 0.031 0.001 0.002 
 123   (0.099) 0.215 0.045 0.026 0.073 0.083 0.085 0.132 0.080 0.121 0.099 
 128   (0.019) 0.019 0.004 0.004 0.004 0.002 0.003 0.001 0.003 0.038 0.021 
 131   (0.014) 0.009 0.003 0.002 0.004 0.002 0.005 0.001 0.004 0.024 0.001 
 117   (0.012) 0.002 0.013 0.002 0.002 0.001 0.002 0.001 0.002 0.001 0.001 
 125   (0.012) 0.060 0.002 0.001 0.002 0.001 0.002 0.001 0.002 0.001 0.001 
 134   (0.032) 0.007 0.019 0.100 0.009 0.003 0.010 0.002 0.051 0.004 0.006 
 132   (0.012) 0.002 0.002 0.009 0.002 0.001 0.002 0.001 0.002 0.001 0.022 

Locus 8 : 
19 alleles
0.0% missing data
 184   (0.305) 0.507 0.361 0.486 0.456 0.266 0.464 0.426 0.354 0.519 0.324 
 194   (0.047) 0.034 0.041 0.092 0.034 0.014 0.033 0.008 0.008 0.017 0.020 
 178   (0.103) 0.026 0.061 0.074 0.150 0.286 0.155 0.031 0.116 0.182 0.059 
 176   (0.079) 0.040 0.074 0.072 0.069 0.010 0.069 0.125 0.097 0.010 0.223 
 182   (0.076) 0.025 0.135 0.044 0.051 0.048 0.044 0.029 0.143 0.008 0.212 
 190   (0.029) 0.005 0.006 0.005 0.006 0.017 0.006 0.002 0.039 0.071 0.051 
 196   (0.021) 0.003 0.019 0.005 0.005 0.066 0.006 0.014 0.004 0.002 0.001 
 200   (0.028) 0.053 0.031 0.008 0.016 0.003 0.016 0.002 0.007 0.004 0.010 
 180   (0.023) 0.117 0.005 0.003 0.007 0.004 0.007 0.002 0.004 0.071 0.002 
 188   (0.036) 0.009 0.010 0.044 0.022 0.059 0.020 0.079 0.006 0.008 0.003 
 174   (0.039) 0.033 0.016 0.065 0.041 0.004 0.042 0.003 0.009 0.024 0.039 
 186   (0.125) 0.079 0.207 0.074 0.124 0.131 0.119 0.251 0.172 0.051 0.047 
 192   (0.021) 0.015 0.006 0.003 0.007 0.084 0.007 0.006 0.004 0.013 0.003 
 201   (0.011) 0.010 0.002 0.002 0.002 0.001 0.002 0.001 0.002 0.013 0.001 
 199   (0.018) 0.026 0.016 0.002 0.003 0.002 0.003 0.002 0.017 0.002 0.001 
 185   (0.010) 0.002 0.002 0.002 0.002 0.001 0.002 0.016 0.001 0.001 0.001 
 203   (0.009) 0.001 0.002 0.016 0.002 0.001 0.002 0.001 0.002 0.001 0.001 
 198   (0.009) 0.001 0.003 0.003 0.002 0.001 0.002 0.001 0.012 0.001 0.001 
 209   (0.010) 0.012 0.002 0.001 0.002 0.004 0.002 0.001 0.005 0.001 0.001 

Locus 9 : 
6 alleles
0.4% missing data
 154   (0.686) 0.665 0.746 0.657 0.731 0.797 0.738 0.856 0.788 0.822 0.630 
 156   (0.209) 0.319 0.176 0.273 0.181 0.127 0.182 0.032 0.196 0.168 0.354 
 152   (0.052) 0.008 0.030 0.043 0.050 0.072 0.046 0.102 0.009 0.005 0.006 
 153   (0.014) 0.002 0.017 0.002 0.004 0.001 0.004 0.008 0.002 0.002 0.001 
 160   (0.013) 0.002 0.026 0.002 0.002 0.001 0.002 0.001 0.002 0.001 0.001 
 164   (0.026) 0.004 0.005 0.024 0.032 0.002 0.027 0.002 0.004 0.003 0.008 

Locus 10 : 
29 alleles
0.7% missing data
 305   (0.068) 0.016 0.106 0.012 0.090 0.011 0.096 0.007 0.091 0.225 0.009 
 313   (0.051) 0.012 0.049 0.008 0.101 0.009 0.096 0.007 0.045 0.006 0.006 
 311   (0.016) 0.005 0.004 0.002 0.013 0.002 0.013 0.001 0.002 0.002 0.002 
 299   (0.133) 0.020 0.231 0.043 0.175 0.171 0.160 0.146 0.109 0.047 0.039 
 315   (0.077) 0.019 0.115 0.018 0.100 0.021 0.101 0.006 0.014 0.078 0.099 
 287   (0.020) 0.795 0.005 0.003 0.007 0.002 0.006 0.002 0.005 0.003 0.002 
 291   (0.106) 0.016 0.072 0.433 0.074 0.475 0.067 0.012 0.130 0.066 0.020 
 295   (0.027) 0.003 0.007 0.105 0.085 0.003 0.074 0.003 0.004 0.004 0.003 
 289   (0.016) 0.003 0.005 0.002 0.005 0.001 0.004 0.002 0.138 0.003 0.001 
 303   (0.030) 0.004 0.009 0.007 0.007 0.003 0.006 0.628 0.005 0.021 0.535 
 297   (0.041) 0.006 0.010 0.106 0.046 0.039 0.065 0.023 0.063 0.005 0.072 
 293   (0.015) 0.002 0.004 0.002 0.065 0.001 0.081 0.001 0.003 0.003 0.001 
 301   (0.060) 0.010 0.084 0.075 0.046 0.007 0.041 0.015 0.018 0.159 0.007 
 285   (0.028) 0.004 0.012 0.004 0.005 0.003 0.004 0.003 0.198 0.266 0.003 
 307   (0.056) 0.011 0.051 0.081 0.024 0.099 0.015 0.005 0.009 0.041 0.185 
 312   (0.050) 0.009 0.049 0.032 0.077 0.088 0.092 0.015 0.010 0.049 0.004 
 306   (0.028) 0.005 0.068 0.016 0.011 0.012 0.010 0.002 0.004 0.004 0.002 
 320   (0.013) 0.001 0.026 0.002 0.002 0.001 0.002 0.001 0.002 0.001 0.001 
 317   (0.019) 0.002 0.005 0.002 0.010 0.002 0.010 0.105 0.003 0.002 0.001 
 314   (0.024) 0.032 0.014 0.003 0.024 0.002 0.019 0.002 0.004 0.003 0.002 
 323   (0.012) 0.007 0.008 0.002 0.003 0.001 0.003 0.001 0.002 0.001 0.001 
 325   (0.012) 0.007 0.008 0.002 0.003 0.001 0.003 0.001 0.002 0.001 0.001 
 310   (0.015) 0.002 0.004 0.002 0.012 0.034 0.017 0.001 0.002 0.001 0.001 
 309   (0.014) 0.002 0.004 0.030 0.003 0.001 0.002 0.001 0.002 0.002 0.001 
 316   (0.017) 0.002 0.032 0.002 0.003 0.005 0.003 0.004 0.003 0.002 0.001 
 296   (0.012) 0.002 0.008 0.002 0.003 0.001 0.004 0.004 0.002 0.001 0.001 
 304   (0.013) 0.001 0.003 0.002 0.002 0.002 0.002 0.001 0.064 0.001 0.001 
 321   (0.013) 0.001 0.002 0.002 0.002 0.001 0.002 0.001 0.034 0.001 0.001 
 332   (0.013) 0.001 0.003 0.002 0.002 0.001 0.002 0.001 0.033 0.001 0.001 

Locus 11 : 
19 alleles
0.0% missing data
 114   (0.153) 0.053 0.150 0.248 0.228 0.021 0.226 0.039 0.026 0.285 0.197 
 126   (0.021) 0.003 0.004 0.004 0.034 0.002 0.034 0.002 0.003 0.016 0.004 
 111   (0.089) 0.024 0.020 0.014 0.130 0.568 0.149 0.331 0.593 0.009 0.006 
 116   (0.115) 0.151 0.070 0.139 0.111 0.031 0.113 0.009 0.057 0.019 0.271 
 132   (0.012) 0.002 0.003 0.002 0.007 0.001 0.007 0.001 0.002 0.001 0.001 
 109   (0.015) 0.002 0.003 0.002 0.026 0.002 0.026 0.001 0.002 0.001 0.001 
 128   (0.018) 0.003 0.005 0.017 0.006 0.006 0.006 0.001 0.002 0.002 0.001 
 112   (0.316) 0.422 0.614 0.443 0.357 0.047 0.343 0.174 0.060 0.612 0.488 
 122   (0.016) 0.003 0.004 0.006 0.005 0.002 0.006 0.012 0.002 0.007 0.004 
 124   (0.012) 0.002 0.002 0.002 0.002 0.001 0.002 0.002 0.002 0.017 0.002 
 118   (0.055) 0.094 0.026 0.076 0.024 0.008 0.022 0.013 0.059 0.013 0.012 
 127   (0.012) 0.002 0.013 0.002 0.002 0.001 0.002 0.001 0.002 0.001 0.001 
 113   (0.053) 0.034 0.024 0.009 0.014 0.223 0.016 0.401 0.130 0.005 0.003 
 115   (0.030) 0.184 0.013 0.008 0.022 0.007 0.018 0.003 0.007 0.003 0.003 
 120   (0.022) 0.003 0.005 0.020 0.005 0.067 0.005 0.002 0.003 0.002 0.001 
 117   (0.022) 0.004 0.015 0.004 0.007 0.007 0.008 0.002 0.018 0.003 0.002 
 125   (0.015) 0.004 0.023 0.002 0.009 0.001 0.011 0.003 0.002 0.001 0.001 
 119   (0.013) 0.002 0.003 0.002 0.002 0.003 0.002 0.001 0.030 0.001 0.001 
 136   (0.011) 0.008 0.002 0.001 0.007 0.001 0.006 0.001 0.001 0.001 0.001 

Locus 12 : 
28 alleles
0.7% missing data
 306   (0.068) 0.012 0.067 0.011 0.088 0.012 0.093 0.007 0.155 0.221 0.009 
 314   (0.059) 0.025 0.050 0.008 0.086 0.080 0.082 0.020 0.034 0.007 0.007 
 312   (0.013) 0.001 0.003 0.002 0.015 0.001 0.014 0.001 0.002 0.001 0.001 
 300   (0.137) 0.020 0.234 0.043 0.184 0.168 0.168 0.146 0.109 0.047 0.039 
 316   (0.046) 0.006 0.012 0.007 0.056 0.019 0.052 0.004 0.009 0.075 0.096 
 288   (0.018) 0.781 0.004 0.002 0.005 0.002 0.004 0.002 0.004 0.002 0.002 
 292   (0.111) 0.017 0.073 0.432 0.076 0.468 0.068 0.012 0.146 0.067 0.021 
 296   (0.031) 0.004 0.012 0.107 0.087 0.003 0.077 0.005 0.005 0.005 0.003 
 290   (0.018) 0.003 0.006 0.002 0.005 0.002 0.004 0.002 0.138 0.003 0.002 
 304   (0.033) 0.004 0.010 0.007 0.007 0.003 0.007 0.628 0.005 0.022 0.536 
 298   (0.043) 0.006 0.010 0.106 0.047 0.038 0.065 0.023 0.064 0.005 0.072 
 294   (0.017) 0.002 0.005 0.002 0.065 0.001 0.081 0.001 0.003 0.003 0.001 
 302   (0.063) 0.010 0.085 0.074 0.047 0.008 0.041 0.015 0.018 0.159 0.007 
 286   (0.030) 0.005 0.013 0.004 0.005 0.003 0.005 0.003 0.214 0.266 0.003 
 308   (0.035) 0.007 0.043 0.027 0.017 0.003 0.009 0.003 0.005 0.041 0.181 
 313   (0.038) 0.005 0.055 0.033 0.087 0.006 0.100 0.005 0.006 0.050 0.003 
 307   (0.046) 0.006 0.074 0.071 0.016 0.117 0.014 0.004 0.007 0.005 0.004 
 321   (0.014) 0.002 0.027 0.002 0.002 0.001 0.002 0.001 0.002 0.001 0.001 
 315   (0.053) 0.054 0.118 0.014 0.062 0.005 0.061 0.013 0.008 0.007 0.004 
 318   (0.017) 0.002 0.006 0.002 0.004 0.004 0.004 0.097 0.003 0.002 0.001 
 324   (0.012) 0.007 0.008 0.002 0.003 0.001 0.003 0.001 0.002 0.001 0.001 
 326   (0.012) 0.007 0.008 0.002 0.003 0.001 0.003 0.001 0.002 0.001 0.001 
 311   (0.020) 0.006 0.006 0.003 0.023 0.050 0.032 0.001 0.003 0.002 0.002 
 310   (0.013) 0.002 0.004 0.029 0.003 0.001 0.002 0.001 0.002 0.002 0.001 
 305   (0.015) 0.002 0.039 0.002 0.002 0.001 0.002 0.001 0.002 0.001 0.001 
 317   (0.013) 0.001 0.027 0.002 0.002 0.001 0.002 0.001 0.002 0.001 0.001 
 320   (0.013) 0.001 0.003 0.002 0.002 0.001 0.002 0.001 0.017 0.001 0.001 
 322   (0.012) 0.001 0.002 0.001 0.002 0.001 0.002 0.001 0.034 0.001 0.001 

Locus 13 : 
7 alleles
1.1% missing data
 161   (0.591) 0.444 0.544 0.849 0.642 0.415 0.626 0.455 0.582 0.064 0.889 
 163   (0.307) 0.538 0.435 0.120 0.288 0.569 0.315 0.443 0.338 0.032 0.026 
 160   (0.016) 0.003 0.003 0.002 0.004 0.001 0.004 0.001 0.002 0.446 0.001 
 162   (0.015) 0.002 0.003 0.002 0.003 0.001 0.003 0.001 0.002 0.451 0.001 
 165   (0.043) 0.008 0.009 0.021 0.054 0.011 0.044 0.097 0.072 0.004 0.003 
 166   (0.014) 0.002 0.003 0.003 0.007 0.001 0.006 0.001 0.002 0.001 0.003 
 164   (0.014) 0.002 0.003 0.002 0.002 0.001 0.002 0.001 0.002 0.001 0.077 

Locus 14 : 
4 alleles
0.4% missing data
  98   (0.958) 0.993 0.979 0.990 0.985 0.996 0.987 0.989 0.994 0.996 0.986 
 100   (0.013) 0.003 0.009 0.002 0.002 0.001 0.002 0.005 0.002 0.001 0.001 
  96   (0.016) 0.002 0.003 0.005 0.010 0.001 0.007 0.002 0.002 0.002 0.012 
 105   (0.013) 0.002 0.008 0.002 0.003 0.001 0.004 0.004 0.002 0.001 0.001 

Locus 15 : 
12 alleles
2.2% missing data
 171   (0.305) 0.432 0.396 0.181 0.348 0.352 0.330 0.302 0.355 0.220 0.176 
 177   (0.188) 0.224 0.151 0.337 0.191 0.093 0.209 0.072 0.141 0.358 0.053 
 173   (0.266) 0.147 0.246 0.279 0.330 0.503 0.332 0.522 0.405 0.088 0.063 
 179   (0.105) 0.160 0.096 0.049 0.066 0.012 0.061 0.091 0.049 0.316 0.580 
 183   (0.019) 0.006 0.007 0.003 0.018 0.002 0.020 0.005 0.006 0.002 0.008 
 181   (0.035) 0.005 0.070 0.011 0.008 0.032 0.007 0.003 0.007 0.004 0.115 
 197   (0.014) 0.002 0.003 0.081 0.004 0.001 0.006 0.001 0.002 0.001 0.001 
 170   (0.012) 0.004 0.006 0.002 0.014 0.001 0.015 0.001 0.002 0.001 0.001 
 189   (0.014) 0.002 0.015 0.003 0.007 0.001 0.007 0.001 0.003 0.005 0.001 
 203   (0.012) 0.001 0.002 0.050 0.003 0.001 0.002 0.001 0.002 0.001 0.001 
 187   (0.016) 0.015 0.005 0.002 0.008 0.001 0.009 0.001 0.012 0.002 0.001 
 198   (0.012) 0.002 0.002 0.002 0.002 0.001 0.002 0.001 0.017 0.001 0.001 

Values of parameters used in structure:
DATAFILE=STRUCTURE_main_final_278_HEG_ZG.str,	OUTFILE=STRUCTURE_main_final_278_HEG_ZG-K10-1,	NUMINDS=278,	NUMLOCI=15,	MISSING=-9,	LABEL=1,	POPDATA=1,	POPFLAG=0,	PHENOTYPE=0,	EXTRACOLS=0,	MAXPOPS=10,	BURNIN=100000,	NUMREPS=500000,	USEPOPINFO=0,	INFERALPHA=1,	INFERLAMBDA=0,	POPSPECIFICLAMBDA=0,	POPALPHAS=0,	COMPUTEPROB=1,	NOADMIX=0,	ADMBURNIN=2500,	UPDATEFREQ=1,	PRINTLIKES=0,	INTERMEDSAVE=0,	PRINTKLD=0,	PRINTNET=0,	PRINTLAMBDA=0,	ANCESTDIST=0,	NUMBOXES=1000,	ANCESTPINT=0.90000,	GENSBACK=2,	MIGRPRIOR=0.05000,	PRINTQHAT=0,	PRINTQSUM=0,	ALPHA=1.0000,	FREQSCORR=1,	FPRIORMEAN=0.0100,	FPRIORSD=0.0500,	ONEFST=0,	LAMBDA=1.0000,	UNIFPRIORALPHA=1,	ALPHAMAX=10.0000,	ALPHAPRIORA=1.0000,	ALPHAPRIORB=2.0000,	ALPHAPROPSD=0.0250,	STARTATPOPINFO=0,	RANDOMIZE=1,	LINKAGE=0,	METROFREQ=10,	REPORTHITRATE=0,	MARKOVPHASE=-1,	PHASED=0,	PLOIDY=2,	PHASEINFO=0	LOCPRIOR=0, 	LOCPRIORINIT=1.000000, 	LOCDATA=0, 	LOCISPOP=0, 	LOCPRIORSTEP=0.100000, 	MAXLOCPRIOR=20.000000, 	SEED=1782484994,	
[STRAT parameters]:    NUMSIMSTATS=1000,	PHENOTYPECOL=-9,	POOLFREQ=10,	LOCUSxONLY=0,	EMERROR=0.00100,	MISSINGPHENO=-9,	