

----------------------------------------------------
STRUCTURE by Pritchard, Stephens and Donnelly (2000)
     and Falush, Stephens and Pritchard (2003)
       Code by Pritchard, Falush and Hubisz
             Version 2.3.4 (Jul 2012)
----------------------------------------------------



Command line arguments:   structure -K 10 -i STRUCTURE_main_final_278_HEG_ZG.str -o STRUCTURE_main_final_278_HEG_ZG-K10-16 
Input File:    STRUCTURE_main_final_278_HEG_ZG.str

Run parameters:
   278 individuals
   15 loci
   10 populations assumed
   100000 Burn-in period
   500000 Reps


--------------------------------------------
Proportion of membership of each pre-defined
 population in each of the 10 clusters

Given    Inferred Clusters                                                        Number of
 Pop       1      2      3      4      5      6      7      8      9     10      Individuals

  1:     0.019  0.038  0.014  0.092  0.014  0.024  0.067  0.039  0.088  0.606       24
  2:     0.045  0.036  0.036  0.029  0.731  0.017  0.055  0.016  0.018  0.018       24
  3:     0.240  0.028  0.241  0.072  0.011  0.262  0.010  0.070  0.047  0.019       24
  4:     0.034  0.529  0.046  0.050  0.022  0.155  0.036  0.028  0.045  0.054       24
  5:     0.014  0.192  0.098  0.060  0.026  0.476  0.046  0.046  0.021  0.021       24
  6:     0.023  0.089  0.029  0.025  0.025  0.071  0.222  0.042  0.014  0.460       24
  7:     0.009  0.050  0.016  0.033  0.030  0.021  0.747  0.011  0.019  0.064       24
  8:     0.044  0.061  0.014  0.142  0.013  0.599  0.011  0.017  0.075  0.022       14
  9:     0.038  0.019  0.031  0.238  0.016  0.037  0.006  0.513  0.064  0.038       24
 10:     0.158  0.011  0.040  0.040  0.008  0.026  0.015  0.054  0.637  0.011       24
 11:     0.345  0.031  0.080  0.052  0.009  0.029  0.011  0.155  0.269  0.020       24
 12:     0.076  0.217  0.044  0.112  0.020  0.088  0.106  0.015  0.049  0.274       24
--------------------------------------------

Allele-freq. divergence among pops (Net nucleotide distance),
computed using point estimates of P.

      1       2       3       4       5       6       7       8       9      10      
 1      -    0.0944  0.1154  0.0724  0.1320  0.0713  0.0900  0.0672  0.0790  0.0873  
 2   0.0944     -    0.0875  0.0336  0.0778  0.0363  0.0686  0.0669  0.0703  0.0352  
 3   0.1154  0.0875     -    0.0758  0.1166  0.0705  0.1260  0.1033  0.1106  0.0890  
 4   0.0724  0.0336  0.0758     -    0.0789  0.0306  0.0751  0.0431  0.0527  0.0309  
 5   0.1320  0.0778  0.1166  0.0789     -    0.0639  0.1038  0.0861  0.1127  0.0681  
 6   0.0713  0.0363  0.0705  0.0306  0.0639     -    0.0760  0.0462  0.0572  0.0320  
 7   0.0900  0.0686  0.1260  0.0751  0.1038  0.0760     -    0.1094  0.1357  0.0671  
 8   0.0672  0.0669  0.1033  0.0431  0.0861  0.0462  0.1094     -    0.0492  0.0499  
 9   0.0790  0.0703  0.1106  0.0527  0.1127  0.0572  0.1357  0.0492     -    0.0673  
10   0.0873  0.0352  0.0890  0.0309  0.0681  0.0320  0.0671  0.0499  0.0673     -    

Average distances (expected heterozygosity) between individuals in same cluster:
cluster  1  : 0.5510 
cluster  2  : 0.5992 
cluster  3  : 0.5794 
cluster  4  : 0.6251 
cluster  5  : 0.6124 
cluster  6  : 0.6315 
cluster  7  : 0.5487 
cluster  8  : 0.6120 
cluster  9  : 0.6039 
cluster 10  : 0.6170 

--------------------------------------------
Estimated Ln Prob of Data   = -12291.5
Mean value of ln likelihood = -11582.8
Variance of ln likelihood   = 1417.3
Mean value of alpha         = 0.0472

Mean value of Fst_1         = 0.2216
Mean value of Fst_2         = 0.1117
Mean value of Fst_3         = 0.1994
Mean value of Fst_4         = 0.1390
Mean value of Fst_5         = 0.1956
Mean value of Fst_6         = 0.0688
Mean value of Fst_7         = 0.2013
Mean value of Fst_8         = 0.1443
Mean value of Fst_9         = 0.1576
Mean value of Fst_10         = 0.0890


Inferred ancestry of individuals:
        Label (%Miss) Pop:  Inferred clusters
  1 24.0601.E1    (0)    1 :  0.012 0.009 0.011 0.014 0.013 0.008 0.012 0.009 0.007 0.904 
  2 24.0602.E1    (0)    1 :  0.009 0.006 0.010 0.018 0.004 0.011 0.009 0.015 0.013 0.904 
  3 24.0603.E1    (0)    1 :  0.006 0.027 0.007 0.014 0.005 0.048 0.021 0.016 0.005 0.850 
  4 24.0604.E1    (0)    1 :  0.005 0.109 0.147 0.024 0.008 0.005 0.005 0.007 0.045 0.645 
  5 24.0605.E1    (0)    1 :  0.012 0.030 0.006 0.019 0.007 0.012 0.035 0.034 0.008 0.835 
  6 24.0606.E1    (0)    1 :  0.007 0.104 0.005 0.019 0.010 0.016 0.018 0.025 0.021 0.774 
  7 24.0607.E1    (0)    1 :  0.008 0.014 0.010 0.481 0.006 0.091 0.201 0.121 0.011 0.059 
  8 24.0608.E1    (0)    1 :  0.133 0.007 0.006 0.022 0.003 0.009 0.113 0.017 0.042 0.649 
  9 24.0609.E1    (0)    1 :  0.013 0.248 0.008 0.059 0.004 0.024 0.006 0.011 0.451 0.176 
 10 24.0610.E1    (0)    1 :  0.005 0.061 0.004 0.010 0.005 0.017 0.009 0.011 0.402 0.477 
 11 24.0611.E1    (0)    1 :  0.005 0.026 0.005 0.015 0.007 0.008 0.006 0.056 0.031 0.841 
 12 24.0612.E1    (0)    1 :  0.005 0.007 0.017 0.012 0.008 0.016 0.016 0.010 0.008 0.901 
 13 24.0613.E1    (0)    1 :  0.005 0.034 0.005 0.007 0.006 0.007 0.005 0.005 0.019 0.906 
 14 24.0614.E1    (0)    1 :  0.106 0.008 0.005 0.031 0.007 0.007 0.318 0.312 0.010 0.196 
 15 24.0615.E1    (0)    1 :  0.019 0.011 0.020 0.084 0.016 0.015 0.060 0.021 0.178 0.577 
 16 24.0616.E1    (0)    1 :  0.005 0.009 0.006 0.023 0.014 0.009 0.005 0.007 0.011 0.909 
 17 24.0617.E1    (0)    1 :  0.009 0.017 0.006 0.028 0.029 0.016 0.023 0.020 0.599 0.253 
 18 24.0618.E1    (0)    1 :  0.020 0.031 0.005 0.013 0.009 0.040 0.005 0.050 0.061 0.767 
 19 24.0619.E1    (0)    1 :  0.004 0.018 0.005 0.560 0.024 0.071 0.005 0.008 0.013 0.293 
 20 24.0620.E1   (20)    1 :  0.009 0.090 0.011 0.055 0.013 0.029 0.698 0.017 0.045 0.033 
 21 24.0621.E1    (0)    1 :  0.037 0.015 0.007 0.615 0.005 0.080 0.005 0.094 0.066 0.076 
 22 24.0622.E1    (0)    1 :  0.006 0.014 0.005 0.008 0.021 0.015 0.009 0.005 0.009 0.907 
 23 24.0623.E1    (0)    1 :  0.013 0.016 0.010 0.064 0.113 0.022 0.018 0.050 0.038 0.657 
 24 24.0624.E1    (0)    1 :  0.005 0.005 0.004 0.005 0.006 0.007 0.006 0.009 0.011 0.943 
 25 24.0625.E1    (0)    2 :  0.186 0.049 0.039 0.010 0.571 0.020 0.058 0.044 0.009 0.014 
 26 24.0626.E1    (0)    2 :  0.122 0.004 0.004 0.004 0.813 0.004 0.037 0.005 0.003 0.004 
 27 24.0627.E1    (0)    2 :  0.013 0.035 0.387 0.028 0.490 0.009 0.020 0.007 0.005 0.007 
 28 24.0628.E1    (0)    2 :  0.154 0.072 0.006 0.020 0.477 0.015 0.124 0.010 0.089 0.032 
 29 24.0629.E1    (0)    2 :  0.008 0.007 0.008 0.010 0.849 0.028 0.006 0.008 0.010 0.068 
 30 24.0630.E1    (0)    2 :  0.050 0.011 0.007 0.007 0.810 0.005 0.093 0.008 0.004 0.005 
 31 24.0631.E1    (0)    2 :  0.003 0.003 0.004 0.003 0.968 0.004 0.004 0.004 0.003 0.005 
 32 24.0632.E1    (0)    2 :  0.005 0.006 0.010 0.005 0.914 0.011 0.029 0.006 0.006 0.007 
 33 24.0633.E1    (0)    2 :  0.411 0.019 0.005 0.028 0.436 0.022 0.038 0.020 0.007 0.013 
 34 24.0634.E1    (0)    2 :  0.019 0.010 0.008 0.008 0.898 0.011 0.006 0.020 0.010 0.009 
 35 24.0635.E1    (0)    2 :  0.033 0.017 0.020 0.054 0.615 0.089 0.020 0.094 0.033 0.025 
 36 24.0636.E1   (33)    2 :  0.009 0.122 0.024 0.014 0.067 0.021 0.693 0.008 0.011 0.032 
 37 24.0637.E1    (0)    2 :  0.003 0.005 0.004 0.004 0.959 0.005 0.007 0.005 0.003 0.004 
 38 24.0638.E1    (0)    2 :  0.006 0.021 0.011 0.023 0.882 0.033 0.004 0.005 0.006 0.008 
 39 24.0639.E1    (0)    2 :  0.009 0.008 0.028 0.010 0.774 0.022 0.015 0.009 0.091 0.036 
 40 24.0640.E1    (0)    2 :  0.006 0.007 0.004 0.005 0.935 0.007 0.005 0.014 0.007 0.008 
 41 24.0641.E1    (0)    2 :  0.010 0.008 0.008 0.364 0.417 0.050 0.018 0.071 0.015 0.041 
 42 24.0642.E1    (0)    2 :  0.005 0.261 0.007 0.028 0.583 0.007 0.037 0.005 0.004 0.063 
 43 24.0643.E1    (0)    2 :  0.006 0.009 0.263 0.007 0.607 0.022 0.058 0.009 0.011 0.008 
 44 24.0644.E1    (0)    2 :  0.005 0.020 0.004 0.014 0.898 0.006 0.005 0.007 0.032 0.008 
 45 24.0645.E1    (0)    2 :  0.004 0.136 0.006 0.022 0.763 0.006 0.017 0.006 0.030 0.011 
 46 24.0646.E1    (0)    2 :  0.005 0.020 0.004 0.015 0.899 0.006 0.005 0.007 0.031 0.008 
 47 24.0647.E1    (0)    2 :  0.003 0.005 0.004 0.004 0.959 0.005 0.007 0.005 0.003 0.004 
 48 24.0648.E1    (0)    2 :  0.003 0.005 0.004 0.004 0.959 0.005 0.007 0.005 0.003 0.004 
 49 24.0649.E1    (0)    3 :  0.011 0.007 0.009 0.135 0.006 0.798 0.003 0.010 0.015 0.005 
 50 24.0650.E1    (0)    3 :  0.195 0.354 0.010 0.071 0.004 0.028 0.004 0.208 0.098 0.028 
 51 24.0651.E1    (0)    3 :  0.053 0.025 0.054 0.055 0.086 0.263 0.031 0.417 0.008 0.008 
 52 24.0652.E1    (0)    3 :  0.810 0.006 0.013 0.070 0.006 0.044 0.005 0.008 0.005 0.033 
 53 24.0653.E1    (0)    3 :  0.017 0.009 0.845 0.035 0.005 0.044 0.006 0.012 0.022 0.005 
 54 24.0654.E1    (0)    3 :  0.583 0.008 0.008 0.100 0.014 0.241 0.004 0.007 0.027 0.008 
 55 24.0655.E1    (0)    3 :  0.319 0.012 0.009 0.064 0.023 0.451 0.007 0.050 0.023 0.040 
 56 24.0656.E1    (0)    3 :  0.860 0.015 0.014 0.055 0.006 0.014 0.011 0.005 0.011 0.008 
 57 24.0657.E1    (0)    3 :  0.850 0.017 0.016 0.057 0.006 0.018 0.011 0.006 0.012 0.008 
 58 24.0658.E1    (0)    3 :  0.006 0.026 0.052 0.107 0.006 0.627 0.006 0.011 0.137 0.021 
 59 24.0659.E1    (0)    3 :  0.106 0.014 0.376 0.089 0.009 0.094 0.004 0.225 0.027 0.057 
 60 24.0660.E1    (6)    3 :  0.009 0.013 0.009 0.133 0.012 0.786 0.006 0.008 0.006 0.019 
 61 24.0661.E1    (0)    3 :  0.904 0.005 0.007 0.031 0.005 0.019 0.006 0.009 0.005 0.009 
 62 24.0662.E1    (0)    3 :  0.048 0.013 0.117 0.057 0.018 0.101 0.019 0.539 0.022 0.066 
 63 24.0663.E1    (0)    3 :  0.091 0.053 0.006 0.050 0.010 0.130 0.005 0.049 0.599 0.007 
 64 24.0664.E1    (0)    3 :  0.358 0.009 0.009 0.121 0.009 0.445 0.022 0.005 0.016 0.006 
 65 24.0665.E1    (0)    3 :  0.426 0.031 0.041 0.094 0.007 0.329 0.052 0.007 0.005 0.007 
 66 24.0666.E1    (0)    3 :  0.006 0.008 0.944 0.007 0.005 0.007 0.004 0.004 0.007 0.007 
 67 24.0667.E1    (0)    3 :  0.006 0.005 0.943 0.008 0.003 0.014 0.004 0.004 0.005 0.009 
 68 24.0668.E1    (0)    3 :  0.004 0.004 0.967 0.004 0.004 0.004 0.003 0.003 0.004 0.003 
 69 24.0669.E1    (0)    3 :  0.004 0.004 0.962 0.007 0.004 0.005 0.004 0.003 0.004 0.004 
 70 24.0670.E1    (0)    3 :  0.012 0.004 0.025 0.094 0.003 0.797 0.005 0.020 0.030 0.011 
 71 24.0671.E1    (0)    3 :  0.074 0.015 0.010 0.116 0.010 0.687 0.008 0.039 0.033 0.008 
 72 24.0672.E1    (0)    3 :  0.011 0.020 0.331 0.176 0.006 0.336 0.006 0.028 0.009 0.078 
 73 24.0673.E1    (6)    4 :  0.465 0.219 0.008 0.021 0.023 0.023 0.092 0.021 0.008 0.120 
 74 24.0674.E1    (0)    4 :  0.005 0.857 0.004 0.055 0.007 0.008 0.017 0.029 0.008 0.009 
 75 24.0675.E1    (0)    4 :  0.034 0.783 0.010 0.013 0.024 0.025 0.022 0.041 0.026 0.023 
 76 24.0676.E1    (0)    4 :  0.017 0.701 0.007 0.016 0.007 0.045 0.023 0.022 0.148 0.014 
 77 24.0677.E1    (0)    4 :  0.040 0.019 0.015 0.052 0.004 0.763 0.010 0.037 0.027 0.033 
 78 24.0678.E1    (0)    4 :  0.037 0.021 0.097 0.098 0.059 0.226 0.011 0.023 0.008 0.420 
 79 24.0679.E1    (0)    4 :  0.010 0.265 0.044 0.110 0.014 0.141 0.008 0.020 0.241 0.146 
 80 24.0680.E1    (0)    4 :  0.020 0.066 0.118 0.208 0.031 0.468 0.011 0.013 0.007 0.059 
 81 24.0681.E1    (0)    4 :  0.010 0.590 0.016 0.088 0.008 0.206 0.017 0.013 0.007 0.047 
 82 24.0682.E1    (0)    4 :  0.003 0.963 0.004 0.006 0.004 0.004 0.004 0.003 0.005 0.004 
 83 24.0683.E1    (0)    4 :  0.006 0.789 0.007 0.063 0.006 0.008 0.088 0.019 0.004 0.010 
 84 24.0684.E1    (0)    4 :  0.006 0.716 0.010 0.059 0.032 0.044 0.027 0.009 0.025 0.073 
 85 24.0685.E1    (0)    4 :  0.005 0.828 0.053 0.046 0.006 0.011 0.016 0.006 0.016 0.013 
 86 24.0686.E1    (0)    4 :  0.005 0.039 0.015 0.046 0.059 0.608 0.014 0.143 0.013 0.058 
 87 24.0687.E1    (0)    4 :  0.008 0.097 0.006 0.059 0.145 0.440 0.016 0.172 0.022 0.035 
 88 24.0688.E1    (0)    4 :  0.004 0.952 0.004 0.006 0.007 0.008 0.005 0.004 0.004 0.006 
 89 24.0689.E1    (0)    4 :  0.030 0.122 0.006 0.046 0.016 0.343 0.029 0.015 0.366 0.027 
 90 24.0690.E1    (0)    4 :  0.021 0.045 0.610 0.034 0.029 0.160 0.036 0.034 0.006 0.024 
 91 24.0691.E1    (0)    4 :  0.005 0.898 0.009 0.008 0.007 0.013 0.006 0.006 0.025 0.023 
 92 24.0692.E1    (0)    4 :  0.005 0.878 0.008 0.011 0.005 0.056 0.008 0.005 0.019 0.005 
 93 24.0693.E1    (0)    4 :  0.058 0.344 0.016 0.030 0.008 0.088 0.390 0.016 0.040 0.011 
 94 24.0694.E1    (0)    4 :  0.005 0.920 0.011 0.021 0.007 0.009 0.008 0.004 0.006 0.008 
 95 24.0695.E1    (0)    4 :  0.010 0.722 0.014 0.068 0.007 0.012 0.007 0.009 0.038 0.114 
 96 24.0696.E1    (0)    4 :  0.005 0.872 0.011 0.029 0.014 0.015 0.008 0.008 0.013 0.025 
 97 24.0697.E1    (0)    5 :  0.007 0.137 0.007 0.029 0.013 0.690 0.082 0.018 0.013 0.006 
 98 24.0698.E1    (0)    5 :  0.008 0.031 0.041 0.018 0.017 0.721 0.089 0.035 0.021 0.019 
 99 24.0699.E1    (0)    5 :  0.007 0.006 0.010 0.019 0.008 0.893 0.009 0.028 0.005 0.014 
100 24.0700.E1    (0)    5 :  0.008 0.018 0.011 0.064 0.005 0.863 0.007 0.011 0.007 0.007 
101 24.0701.E1    (0)    5 :  0.006 0.009 0.876 0.014 0.010 0.024 0.036 0.008 0.010 0.007 
102 24.0702.E1    (0)    5 :  0.007 0.012 0.037 0.071 0.013 0.807 0.027 0.008 0.008 0.010 
103 24.0703.E1    (0)    5 :  0.005 0.007 0.021 0.012 0.041 0.725 0.007 0.165 0.006 0.011 
104 24.0704.E1    (6)    5 :  0.005 0.014 0.006 0.187 0.010 0.649 0.009 0.098 0.008 0.014 
105 24.0705.E1    (0)    5 :  0.007 0.750 0.031 0.083 0.009 0.070 0.008 0.009 0.013 0.021 
106 24.0706.E1    (0)    5 :  0.016 0.029 0.016 0.133 0.009 0.764 0.011 0.007 0.010 0.007 
107 24.0707.E1    (0)    5 :  0.011 0.039 0.007 0.084 0.018 0.763 0.017 0.033 0.005 0.023 
108 24.0708.E1    (0)    5 :  0.022 0.039 0.023 0.069 0.181 0.063 0.023 0.405 0.143 0.032 
109 24.0709.E1    (0)    5 :  0.015 0.845 0.008 0.034 0.008 0.021 0.006 0.018 0.035 0.010 
110 24.0710.E1    (0)    5 :  0.008 0.236 0.064 0.054 0.008 0.472 0.034 0.060 0.025 0.039 
111 24.0711.E1    (0)    5 :  0.008 0.058 0.033 0.068 0.053 0.672 0.017 0.013 0.007 0.070 
112 24.0712.E1    (0)    5 :  0.006 0.044 0.754 0.010 0.046 0.083 0.015 0.012 0.008 0.021 
113 24.0713.E1    (0)    5 :  0.008 0.499 0.011 0.109 0.008 0.282 0.016 0.022 0.035 0.010 
114 24.0714.E1    (0)    5 :  0.011 0.024 0.010 0.120 0.014 0.737 0.009 0.027 0.017 0.031 
115 24.0715.E1    (0)    5 :  0.035 0.115 0.020 0.021 0.007 0.360 0.394 0.007 0.012 0.031 
116 24.0716.E1    (0)    5 :  0.009 0.017 0.292 0.023 0.037 0.461 0.014 0.036 0.051 0.060 
117 24.0717.E1    (0)    5 :  0.098 0.020 0.015 0.052 0.045 0.412 0.257 0.061 0.023 0.015 
118 24.0718.E1    (0)    5 :  0.005 0.165 0.041 0.075 0.031 0.637 0.011 0.007 0.008 0.020 
119 24.0719.E1    (0)    5 :  0.007 0.859 0.008 0.057 0.014 0.020 0.006 0.007 0.016 0.006 
120 24.0720.E1    (0)    5 :  0.008 0.634 0.011 0.043 0.014 0.243 0.005 0.008 0.018 0.015 
121 24.0721.E1    (0)    6 :  0.090 0.081 0.023 0.023 0.012 0.140 0.523 0.069 0.028 0.011 
122 24.0722.E1    (0)    6 :  0.008 0.067 0.078 0.010 0.085 0.049 0.541 0.129 0.012 0.022 
123 24.0723.E1    (0)    6 :  0.184 0.011 0.009 0.009 0.155 0.018 0.308 0.260 0.019 0.026 
124 24.0724.E1    (0)    6 :  0.017 0.238 0.012 0.089 0.043 0.036 0.081 0.251 0.054 0.179 
125 24.0725.E1    (0)    6 :  0.015 0.010 0.007 0.009 0.008 0.011 0.007 0.005 0.007 0.922 
126 24.0726.E1    (6)    6 :  0.007 0.136 0.007 0.045 0.008 0.014 0.082 0.015 0.007 0.680 
127 24.0727.E1    (0)    6 :  0.043 0.021 0.078 0.050 0.021 0.035 0.438 0.051 0.013 0.249 
128 24.0728.E1    (0)    6 :  0.034 0.018 0.012 0.024 0.034 0.320 0.182 0.020 0.013 0.343 
129 24.0729.E1    (0)    6 :  0.005 0.139 0.036 0.017 0.012 0.014 0.037 0.012 0.022 0.707 
130 24.0730.E1    (0)    6 :  0.011 0.026 0.015 0.038 0.010 0.755 0.041 0.011 0.024 0.070 
131 24.0731.E1    (0)    6 :  0.017 0.585 0.004 0.051 0.013 0.010 0.062 0.011 0.007 0.239 
132 24.0732.E1    (0)    6 :  0.024 0.101 0.013 0.011 0.009 0.016 0.752 0.005 0.004 0.065 
133 24.0733.E1    (0)    6 :  0.004 0.008 0.003 0.005 0.006 0.005 0.017 0.004 0.006 0.944 
134 24.0734.E1    (0)    6 :  0.009 0.009 0.013 0.009 0.012 0.079 0.805 0.022 0.007 0.034 
135 24.0735.E1    (0)    6 :  0.009 0.018 0.013 0.013 0.052 0.041 0.179 0.008 0.024 0.643 
136 24.0736.E1    (0)    6 :  0.007 0.007 0.004 0.007 0.008 0.010 0.040 0.005 0.006 0.906 
137 24.0737.E1    (0)    6 :  0.008 0.011 0.009 0.009 0.021 0.017 0.007 0.036 0.007 0.874 
138 24.0738.E1    (0)    6 :  0.008 0.007 0.008 0.010 0.010 0.014 0.025 0.008 0.005 0.906 
139 24.0739.E1    (0)    6 :  0.007 0.008 0.006 0.010 0.014 0.016 0.005 0.006 0.007 0.920 
140 24.0740.E1    (0)    6 :  0.006 0.149 0.009 0.033 0.019 0.013 0.010 0.008 0.017 0.735 
141 24.0741.E1    (0)    6 :  0.011 0.105 0.006 0.014 0.017 0.041 0.352 0.008 0.009 0.436 
142 24.0742.E1    (0)    6 :  0.007 0.022 0.008 0.028 0.010 0.012 0.671 0.016 0.006 0.220 
143 24.0743.E1    (0)    6 :  0.009 0.268 0.020 0.059 0.005 0.013 0.032 0.032 0.015 0.547 
144 24.0744.E1    (0)    6 :  0.017 0.080 0.306 0.027 0.012 0.022 0.125 0.020 0.026 0.366 
145 24.0745.E1    (0)    7 :  0.017 0.021 0.025 0.015 0.004 0.013 0.886 0.006 0.007 0.004 
146 24.0746.E1    (0)    7 :  0.008 0.046 0.009 0.067 0.064 0.051 0.616 0.087 0.011 0.041 
147 24.0747.E1    (0)    7 :  0.010 0.177 0.012 0.055 0.010 0.011 0.664 0.006 0.027 0.027 
148 24.0748.E1    (6)    7 :  0.022 0.223 0.012 0.078 0.009 0.012 0.573 0.006 0.038 0.027 
149 24.0749.E1    (0)    7 :  0.004 0.007 0.007 0.007 0.007 0.008 0.710 0.009 0.006 0.235 
150 24.0750.E1    (0)    7 :  0.011 0.145 0.024 0.071 0.012 0.117 0.278 0.035 0.017 0.290 
151 24.0751.E1    (0)    7 :  0.005 0.005 0.004 0.005 0.006 0.005 0.955 0.004 0.004 0.007 
152 24.0752.E1    (0)    7 :  0.010 0.010 0.004 0.012 0.007 0.012 0.895 0.005 0.007 0.037 
153 24.0753.E1    (0)    7 :  0.030 0.012 0.009 0.010 0.188 0.008 0.492 0.010 0.004 0.237 
154 24.0754.E1    (0)    7 :  0.009 0.023 0.006 0.007 0.017 0.008 0.890 0.005 0.006 0.028 
155 24.0755.E1    (0)    7 :  0.006 0.094 0.008 0.033 0.023 0.026 0.743 0.007 0.045 0.015 
156 24.0756.E1    (0)    7 :  0.005 0.006 0.004 0.021 0.009 0.005 0.921 0.007 0.013 0.010 
157 24.0757.E1    (0)    7 :  0.003 0.004 0.004 0.004 0.004 0.004 0.969 0.003 0.003 0.004 
158 24.0758.E1    (0)    7 :  0.003 0.004 0.004 0.004 0.004 0.004 0.968 0.003 0.003 0.004 
159 24.0759.E1    (0)    7 :  0.013 0.007 0.009 0.009 0.006 0.009 0.918 0.005 0.005 0.020 
160 24.0760.E1    (0)    7 :  0.008 0.022 0.009 0.010 0.282 0.038 0.608 0.007 0.006 0.010 
161 24.0761.E1    (0)    7 :  0.005 0.005 0.004 0.004 0.009 0.004 0.955 0.005 0.005 0.006 
162 24.0762.E1    (0)    7 :  0.009 0.037 0.202 0.119 0.009 0.108 0.085 0.012 0.196 0.225 
163 24.0763.E1    (0)    7 :  0.006 0.013 0.003 0.005 0.004 0.005 0.950 0.004 0.004 0.007 
164 24.0764.E1    (0)    7 :  0.004 0.004 0.004 0.006 0.008 0.007 0.947 0.004 0.005 0.012 
165 24.0765.E1    (0)    7 :  0.008 0.017 0.004 0.020 0.022 0.008 0.889 0.017 0.010 0.006 
166 24.0766.E1    (0)    7 :  0.009 0.008 0.005 0.006 0.006 0.006 0.941 0.005 0.004 0.009 
167 24.0767.E1    (0)    7 :  0.004 0.006 0.003 0.010 0.004 0.004 0.957 0.004 0.004 0.004 
168 24.0768.E1    (0)    7 :  0.009 0.302 0.008 0.212 0.006 0.029 0.118 0.018 0.031 0.267 
169 24.0779.E1    (0)    8 :  0.012 0.044 0.009 0.119 0.006 0.711 0.040 0.038 0.007 0.015 
170 24.0780.E1    (6)    8 :  0.035 0.028 0.008 0.092 0.006 0.697 0.004 0.013 0.109 0.008 
171 24.0781.E1    (0)    8 :  0.006 0.007 0.005 0.094 0.005 0.863 0.005 0.006 0.008 0.004 
172 24.0782.E1    (0)    8 :  0.039 0.398 0.010 0.047 0.041 0.224 0.026 0.033 0.028 0.154 
173 24.0783.E1    (0)    8 :  0.011 0.083 0.021 0.084 0.017 0.202 0.006 0.008 0.557 0.011 
174 24.0784.E1    (0)    8 :  0.006 0.029 0.004 0.105 0.005 0.784 0.004 0.034 0.020 0.008 
175 24.0785.E1    (0)    8 :  0.045 0.010 0.010 0.139 0.004 0.736 0.004 0.020 0.027 0.006 
176 24.0786.E1    (0)    8 :  0.019 0.084 0.008 0.092 0.008 0.630 0.009 0.010 0.117 0.023 
177 24.0787.E1    (0)    8 :  0.017 0.013 0.006 0.124 0.035 0.760 0.012 0.011 0.010 0.012 
178 24.0788.E1    (0)    8 :  0.020 0.037 0.007 0.132 0.025 0.652 0.006 0.009 0.106 0.005 
179 24.0789.E1    (0)    8 :  0.011 0.008 0.006 0.106 0.018 0.764 0.006 0.028 0.027 0.026 
180 24.0790.E1    (0)    8 :  0.016 0.006 0.006 0.155 0.006 0.782 0.004 0.012 0.010 0.004 
181 24.0791.E1    (0)    8 :  0.023 0.022 0.082 0.575 0.006 0.234 0.010 0.007 0.020 0.022 
182 24.0792.E1    (0)    8 :  0.360 0.089 0.022 0.122 0.004 0.354 0.017 0.009 0.008 0.015 
183 24.0793.E1    (0)    9 :  0.044 0.011 0.008 0.067 0.067 0.139 0.007 0.527 0.095 0.035 
184 24.0794.E1    (0)    9 :  0.227 0.006 0.006 0.029 0.005 0.019 0.007 0.156 0.036 0.510 
185 24.0795.E1    (0)    9 :  0.006 0.018 0.006 0.058 0.017 0.023 0.011 0.722 0.023 0.116 
186 24.0796.E1    (0)    9 :  0.215 0.008 0.005 0.077 0.010 0.158 0.005 0.100 0.361 0.063 
187 24.0797.E1    (0)    9 :  0.052 0.008 0.006 0.027 0.009 0.158 0.003 0.585 0.137 0.015 
188 24.0798.E1    (0)    9 :  0.075 0.026 0.337 0.028 0.019 0.016 0.018 0.464 0.010 0.008 
189 24.0799.E1    (0)    9 :  0.005 0.006 0.007 0.687 0.007 0.026 0.005 0.234 0.013 0.009 
190 24.0800.E1    (0)    9 :  0.013 0.020 0.006 0.677 0.004 0.015 0.005 0.190 0.057 0.011 
191 24.0801.E1    (0)    9 :  0.011 0.012 0.238 0.533 0.007 0.014 0.004 0.172 0.005 0.004 
192 24.0802.E1    (0)    9 :  0.005 0.007 0.006 0.010 0.011 0.008 0.004 0.924 0.018 0.005 
193 24.0803.E1    (0)    9 :  0.007 0.006 0.014 0.445 0.009 0.026 0.006 0.471 0.007 0.009 
194 24.0804.E1    (0)    9 :  0.008 0.009 0.004 0.012 0.011 0.008 0.003 0.858 0.075 0.010 
195 24.0805.E1    (0)    9 :  0.006 0.024 0.005 0.660 0.004 0.008 0.006 0.274 0.005 0.006 
196 24.0806.E1    (0)    9 :  0.007 0.006 0.006 0.012 0.024 0.007 0.005 0.922 0.005 0.006 
197 24.0807.E1    (0)    9 :  0.029 0.009 0.008 0.012 0.007 0.011 0.004 0.898 0.016 0.007 
198 24.0808.E1    (0)    9 :  0.016 0.073 0.005 0.509 0.020 0.097 0.005 0.227 0.033 0.014 
199 24.0809.E1    (0)    9 :  0.005 0.025 0.006 0.673 0.004 0.006 0.006 0.244 0.022 0.010 
200 24.0810.E1    (0)    9 :  0.020 0.034 0.007 0.548 0.013 0.016 0.010 0.336 0.008 0.008 
201 24.0811.E1    (0)    9 :  0.088 0.007 0.004 0.009 0.014 0.013 0.005 0.824 0.018 0.018 
202 24.0812.E1    (0)    9 :  0.007 0.029 0.009 0.035 0.008 0.038 0.007 0.549 0.291 0.027 
203 24.0813.E1    (0)    9 :  0.007 0.073 0.004 0.067 0.010 0.042 0.006 0.761 0.022 0.008 
204 24.0814.E1    (6)    9 :  0.021 0.023 0.009 0.148 0.028 0.009 0.004 0.501 0.248 0.010 
205 24.0815.E1    (0)    9 :  0.010 0.007 0.020 0.385 0.071 0.007 0.007 0.477 0.012 0.005 
206 24.0816.E1    (0)    9 :  0.020 0.004 0.019 0.016 0.012 0.015 0.005 0.893 0.010 0.007 
207 24.0817.E1    (0)   10 :  0.056 0.011 0.008 0.033 0.005 0.022 0.006 0.092 0.750 0.018 
208 24.0818.E1    (0)   10 :  0.014 0.005 0.007 0.015 0.012 0.089 0.009 0.012 0.804 0.034 
209 24.0819.E1    (0)   10 :  0.328 0.011 0.063 0.354 0.014 0.023 0.079 0.104 0.014 0.011 
210 24.0820.E1    (0)   10 :  0.856 0.005 0.011 0.015 0.007 0.006 0.061 0.008 0.024 0.006 
211 24.0821.E1    (0)   10 :  0.229 0.017 0.236 0.084 0.013 0.186 0.006 0.056 0.154 0.017 
212 24.0822.E1    (0)   10 :  0.010 0.008 0.006 0.012 0.004 0.025 0.017 0.005 0.908 0.006 
213 24.0823.E1    (0)   10 :  0.522 0.010 0.012 0.012 0.009 0.006 0.034 0.006 0.380 0.008 
214 24.0824.E1    (0)   10 :  0.013 0.030 0.426 0.012 0.006 0.006 0.008 0.010 0.482 0.007 
215 24.0825.E1    (0)   10 :  0.005 0.008 0.005 0.005 0.004 0.004 0.005 0.005 0.955 0.004 
216 24.0826.E1    (0)   10 :  0.841 0.009 0.015 0.019 0.009 0.015 0.023 0.016 0.047 0.006 
217 24.0827.E1    (0)   10 :  0.109 0.010 0.007 0.009 0.008 0.022 0.004 0.020 0.773 0.038 
218 24.0828.E1    (0)   10 :  0.626 0.021 0.069 0.029 0.010 0.022 0.018 0.060 0.134 0.010 
219 24.0829.E1    (0)   10 :  0.014 0.013 0.011 0.078 0.006 0.008 0.010 0.203 0.651 0.005 
220 24.0830.E1    (0)   10 :  0.013 0.009 0.007 0.017 0.004 0.010 0.004 0.024 0.908 0.005 
221 24.0831.E1    (0)   10 :  0.010 0.009 0.008 0.032 0.005 0.038 0.004 0.011 0.877 0.005 
222 24.0832.E1    (0)   10 :  0.013 0.007 0.003 0.004 0.003 0.006 0.003 0.005 0.947 0.008 
223 24.0833.E1    (0)   10 :  0.007 0.006 0.004 0.004 0.003 0.004 0.004 0.005 0.960 0.004 
224 24.0834.E1    (0)   10 :  0.008 0.007 0.005 0.006 0.007 0.005 0.007 0.007 0.942 0.007 
225 24.0835.E1    (0)   10 :  0.006 0.006 0.008 0.018 0.006 0.008 0.004 0.008 0.925 0.011 
226 24.0836.E1    (0)   10 :  0.006 0.016 0.015 0.013 0.004 0.009 0.008 0.008 0.911 0.009 
227 24.0837.E1    (0)   10 :  0.007 0.007 0.006 0.009 0.004 0.008 0.005 0.006 0.942 0.006 
228 24.0838.E1    (0)   10 :  0.010 0.010 0.005 0.006 0.004 0.010 0.007 0.009 0.935 0.004 
229 24.0839.E1    (0)   10 :  0.024 0.025 0.020 0.120 0.029 0.083 0.020 0.267 0.375 0.037 
230 24.0840.E1    (0)   10 :  0.061 0.006 0.010 0.046 0.014 0.010 0.004 0.351 0.491 0.008 
231 24.0841.E1    (0)   11 :  0.145 0.012 0.004 0.035 0.003 0.022 0.008 0.746 0.019 0.006 
232 24.0842.E1    (0)   11 :  0.117 0.007 0.176 0.022 0.003 0.014 0.007 0.627 0.018 0.009 
233 24.0843.E1    (0)   11 :  0.468 0.007 0.212 0.010 0.005 0.015 0.016 0.240 0.022 0.005 
234 24.0844.E1    (0)   11 :  0.018 0.015 0.339 0.082 0.005 0.028 0.008 0.162 0.319 0.024 
235 24.0845.E1    (0)   11 :  0.033 0.018 0.022 0.019 0.005 0.083 0.005 0.052 0.755 0.008 
236 24.0846.E1    (0)   11 :  0.008 0.010 0.010 0.011 0.009 0.010 0.010 0.027 0.895 0.011 
237 24.0847.E1    (0)   11 :  0.014 0.067 0.020 0.030 0.007 0.009 0.014 0.016 0.793 0.031 
238 24.0848.E1    (0)   11 :  0.010 0.024 0.016 0.029 0.005 0.044 0.005 0.029 0.827 0.012 
239 24.0849.E1    (0)   11 :  0.954 0.004 0.004 0.007 0.003 0.005 0.004 0.006 0.007 0.006 
240 24.0850.E1    (0)   11 :  0.953 0.004 0.004 0.007 0.003 0.005 0.004 0.006 0.007 0.006 
241 24.0851.E1    (0)   11 :  0.953 0.004 0.004 0.007 0.003 0.005 0.004 0.006 0.007 0.006 
242 24.0852.E1    (0)   11 :  0.734 0.011 0.006 0.020 0.005 0.058 0.012 0.039 0.105 0.011 
243 24.0853.E1    (0)   11 :  0.527 0.012 0.004 0.008 0.006 0.006 0.009 0.021 0.401 0.005 
244 24.0854.E1    (0)   11 :  0.311 0.008 0.590 0.023 0.005 0.007 0.009 0.016 0.021 0.010 
245 24.0855.E1    (0)   11 :  0.038 0.015 0.010 0.037 0.006 0.013 0.009 0.132 0.733 0.006 
246 24.0856.E1    (0)   11 :  0.015 0.008 0.382 0.017 0.041 0.052 0.032 0.398 0.020 0.035 
247 24.0857.E1    (0)   11 :  0.020 0.021 0.012 0.229 0.010 0.021 0.009 0.086 0.570 0.020 
248 24.0858.E1    (0)   11 :  0.066 0.015 0.024 0.038 0.006 0.094 0.018 0.058 0.666 0.016 
249 24.0859.E1    (0)   11 :  0.879 0.008 0.009 0.022 0.009 0.013 0.018 0.019 0.013 0.011 
250 24.0860.E1    (0)   11 :  0.060 0.008 0.036 0.434 0.043 0.119 0.043 0.177 0.055 0.025 
251 24.0861.E1    (0)   11 :  0.927 0.004 0.004 0.007 0.003 0.009 0.005 0.016 0.018 0.006 
252 24.0862.E1    (0)   11 :  0.016 0.010 0.010 0.080 0.013 0.017 0.008 0.807 0.026 0.014 
253 24.0863.E1    (0)   11 :  0.926 0.004 0.005 0.007 0.004 0.009 0.004 0.017 0.018 0.006 
254 24.0864.E1    (0)   11 :  0.090 0.447 0.013 0.057 0.007 0.036 0.007 0.019 0.138 0.187 
255 24.0865.E1    (0)   12 :  0.803 0.044 0.006 0.012 0.019 0.018 0.034 0.010 0.011 0.043 
256 24.0866.E1    (0)   12 :  0.016 0.193 0.018 0.393 0.006 0.150 0.030 0.059 0.109 0.025 
257 24.0867.E1    (0)   12 :  0.164 0.540 0.011 0.092 0.021 0.011 0.115 0.010 0.027 0.009 
258 24.0868.E1    (0)   12 :  0.008 0.417 0.016 0.103 0.029 0.300 0.019 0.015 0.082 0.010 
259 24.0869.E1    (0)   12 :  0.009 0.798 0.004 0.045 0.039 0.018 0.005 0.017 0.057 0.007 
260 24.0870.E1    (0)   12 :  0.010 0.223 0.015 0.072 0.125 0.240 0.025 0.021 0.139 0.130 
261 24.0871.E1    (0)   12 :  0.075 0.513 0.014 0.082 0.050 0.109 0.007 0.050 0.026 0.074 
262 24.0872.E1    (0)   12 :  0.315 0.248 0.015 0.181 0.009 0.084 0.114 0.011 0.009 0.014 
263 24.0873.E1    (0)   12 :  0.051 0.763 0.012 0.081 0.014 0.014 0.012 0.026 0.015 0.011 
264 24.0874.E1    (0)   12 :  0.182 0.259 0.022 0.223 0.007 0.015 0.198 0.025 0.059 0.010 
265 24.0875.E1    (0)   12 :  0.009 0.117 0.024 0.631 0.027 0.144 0.019 0.008 0.010 0.011 
266 24.0876.E1    (0)   12 :  0.006 0.367 0.011 0.411 0.011 0.085 0.020 0.005 0.006 0.077 
267 24.0877.E1    (0)   12 :  0.007 0.017 0.008 0.029 0.006 0.023 0.041 0.006 0.004 0.859 
268 24.0878.E1    (0)   12 :  0.007 0.087 0.019 0.014 0.008 0.018 0.010 0.010 0.050 0.778 
269 24.0879.E1    (0)   12 :  0.007 0.012 0.218 0.007 0.010 0.010 0.005 0.007 0.006 0.719 
270 24.0880.E1    (0)   12 :  0.020 0.231 0.075 0.029 0.015 0.048 0.014 0.010 0.520 0.039 
271 24.0881.E1    (0)   12 :  0.006 0.007 0.007 0.005 0.011 0.006 0.009 0.004 0.004 0.942 
272 24.0882.E1    (0)   12 :  0.013 0.016 0.009 0.020 0.009 0.021 0.674 0.005 0.007 0.226 
273 24.0883.E1    (0)   12 :  0.050 0.097 0.231 0.012 0.011 0.009 0.236 0.005 0.007 0.340 
274 24.0884.E1    (0)   12 :  0.010 0.009 0.012 0.006 0.007 0.010 0.028 0.006 0.004 0.907 
275 24.0885.E1    (0)   12 :  0.007 0.071 0.040 0.018 0.014 0.029 0.007 0.006 0.011 0.799 
276 24.0886.E1    (0)   12 :  0.042 0.141 0.088 0.028 0.004 0.010 0.200 0.007 0.005 0.474 
277 24.0887.E1    (0)   12 :  0.008 0.027 0.172 0.008 0.009 0.006 0.717 0.005 0.005 0.043 
278 24.0888.E1    (0)   12 :  0.009 0.015 0.014 0.174 0.007 0.723 0.005 0.026 0.008 0.019 


Estimated Allele Frequencies in each cluster
First column gives estimated ancestral frequencies


Locus 1 : 
31 alleles
0.0% missing data
 115   (0.033) 0.005 0.140 0.008 0.041 0.003 0.010 0.004 0.019 0.005 0.127 
 117   (0.042) 0.003 0.027 0.011 0.107 0.004 0.011 0.190 0.032 0.005 0.201 
 119   (0.039) 0.004 0.013 0.007 0.009 0.288 0.008 0.319 0.006 0.005 0.272 
 131   (0.013) 0.001 0.002 0.002 0.002 0.001 0.002 0.003 0.003 0.001 0.051 
 128   (0.039) 0.006 0.042 0.012 0.038 0.004 0.034 0.003 0.009 0.032 0.032 
 135   (0.017) 0.002 0.007 0.003 0.004 0.002 0.003 0.008 0.006 0.002 0.051 
 126   (0.080) 0.061 0.051 0.034 0.170 0.013 0.079 0.077 0.035 0.262 0.054 
 122   (0.035) 0.003 0.009 0.008 0.014 0.098 0.041 0.002 0.126 0.004 0.011 
 132   (0.031) 0.006 0.017 0.015 0.022 0.003 0.022 0.015 0.047 0.025 0.004 
 141   (0.011) 0.001 0.002 0.002 0.003 0.003 0.002 0.001 0.002 0.001 0.008 
 130   (0.049) 0.028 0.107 0.140 0.024 0.014 0.061 0.011 0.030 0.016 0.007 
 134   (0.042) 0.075 0.033 0.006 0.022 0.130 0.027 0.003 0.029 0.008 0.005 
 145   (0.018) 0.106 0.004 0.008 0.006 0.008 0.003 0.010 0.002 0.002 0.003 
 127   (0.026) 0.003 0.005 0.006 0.005 0.054 0.005 0.157 0.004 0.002 0.031 
 116   (0.108) 0.284 0.180 0.088 0.101 0.175 0.254 0.011 0.171 0.129 0.015 
 114   (0.058) 0.178 0.029 0.030 0.048 0.053 0.040 0.005 0.191 0.106 0.007 
 120   (0.037) 0.003 0.013 0.130 0.027 0.089 0.062 0.003 0.005 0.004 0.008 
 110   (0.045) 0.015 0.059 0.093 0.012 0.020 0.030 0.024 0.022 0.094 0.009 
 133   (0.016) 0.001 0.002 0.002 0.013 0.010 0.004 0.013 0.004 0.002 0.002 
 118   (0.110) 0.195 0.195 0.336 0.289 0.013 0.253 0.019 0.206 0.183 0.015 
 125   (0.014) 0.003 0.002 0.005 0.004 0.002 0.004 0.001 0.016 0.011 0.002 
 129   (0.020) 0.002 0.004 0.025 0.006 0.002 0.006 0.006 0.003 0.002 0.046 
 124   (0.016) 0.006 0.004 0.014 0.010 0.002 0.012 0.002 0.002 0.003 0.009 
 136   (0.021) 0.002 0.038 0.003 0.005 0.002 0.005 0.001 0.004 0.076 0.003 
 121   (0.016) 0.001 0.003 0.002 0.003 0.002 0.003 0.067 0.002 0.001 0.007 
 139   (0.011) 0.001 0.001 0.002 0.002 0.001 0.002 0.001 0.001 0.001 0.011 
 113   (0.011) 0.001 0.001 0.002 0.002 0.001 0.002 0.015 0.001 0.001 0.001 
 111   (0.010) 0.001 0.002 0.002 0.002 0.001 0.002 0.013 0.001 0.001 0.002 
 143   (0.010) 0.001 0.001 0.001 0.002 0.001 0.002 0.015 0.001 0.001 0.001 
 140   (0.014) 0.001 0.003 0.002 0.007 0.001 0.011 0.001 0.016 0.001 0.002 
 112   (0.010) 0.001 0.001 0.002 0.002 0.001 0.002 0.001 0.001 0.014 0.001 

Locus 2 : 
18 alleles
0.0% missing data
 152   (0.388) 0.307 0.509 0.365 0.467 0.395 0.359 0.797 0.537 0.178 0.642 
 148   (0.066) 0.007 0.188 0.036 0.030 0.228 0.036 0.020 0.012 0.008 0.145 
 154   (0.104) 0.018 0.171 0.032 0.056 0.255 0.091 0.033 0.097 0.276 0.040 
 156   (0.015) 0.002 0.002 0.005 0.004 0.002 0.004 0.001 0.015 0.002 0.012 
 150   (0.023) 0.002 0.003 0.005 0.005 0.065 0.004 0.048 0.003 0.002 0.008 
 164   (0.078) 0.092 0.026 0.017 0.040 0.010 0.137 0.013 0.098 0.044 0.078 
 158   (0.031) 0.010 0.019 0.184 0.012 0.012 0.007 0.008 0.010 0.004 0.010 
 160   (0.018) 0.002 0.010 0.003 0.005 0.002 0.012 0.020 0.003 0.002 0.003 
 166   (0.021) 0.002 0.004 0.003 0.026 0.006 0.022 0.001 0.020 0.002 0.003 
 151   (0.069) 0.301 0.011 0.224 0.060 0.006 0.168 0.005 0.039 0.443 0.009 
 147   (0.067) 0.199 0.022 0.067 0.258 0.007 0.088 0.005 0.121 0.028 0.009 
 168   (0.022) 0.032 0.008 0.005 0.013 0.003 0.015 0.002 0.005 0.002 0.003 
 153   (0.014) 0.015 0.002 0.003 0.005 0.001 0.013 0.001 0.002 0.001 0.002 
 149   (0.025) 0.002 0.018 0.042 0.009 0.003 0.010 0.012 0.003 0.002 0.004 
 162   (0.020) 0.008 0.003 0.003 0.005 0.002 0.009 0.003 0.029 0.002 0.007 
 167   (0.013) 0.001 0.002 0.002 0.002 0.001 0.002 0.001 0.002 0.001 0.024 
 146   (0.013) 0.001 0.002 0.002 0.002 0.001 0.002 0.030 0.002 0.001 0.002 
 172   (0.012) 0.001 0.002 0.002 0.004 0.001 0.022 0.001 0.002 0.001 0.001 

Locus 3 : 
4 alleles
0.0% missing data
 128   (0.296) 0.349 0.295 0.248 0.380 0.320 0.229 0.442 0.183 0.427 0.212 
 126   (0.611) 0.489 0.683 0.571 0.591 0.610 0.734 0.551 0.761 0.527 0.709 
 132   (0.079) 0.161 0.020 0.135 0.027 0.063 0.035 0.006 0.054 0.044 0.077 
 134   (0.014) 0.001 0.002 0.046 0.002 0.007 0.003 0.001 0.002 0.001 0.002 

Locus 4 : 
3 alleles
0.0% missing data
 170   (0.323) 0.139 0.156 0.202 0.307 0.410 0.390 0.289 0.355 0.448 0.308 
 172   (0.664) 0.857 0.841 0.796 0.691 0.579 0.607 0.709 0.643 0.550 0.690 
 171   (0.013) 0.003 0.003 0.002 0.002 0.011 0.002 0.002 0.002 0.002 0.002 

Locus 5 : 
37 alleles
0.0% missing data
 125   (0.055) 0.130 0.041 0.159 0.036 0.062 0.019 0.031 0.013 0.072 0.060 
 110   (0.037) 0.020 0.005 0.027 0.069 0.043 0.011 0.014 0.024 0.084 0.034 
 129   (0.033) 0.028 0.006 0.008 0.020 0.003 0.106 0.003 0.041 0.007 0.056 
 113   (0.029) 0.007 0.011 0.006 0.026 0.003 0.102 0.002 0.121 0.010 0.011 
 145   (0.052) 0.092 0.145 0.089 0.040 0.006 0.017 0.099 0.010 0.014 0.216 
 155   (0.055) 0.006 0.023 0.018 0.040 0.183 0.045 0.018 0.098 0.058 0.148 
 117   (0.027) 0.005 0.129 0.005 0.013 0.004 0.012 0.031 0.024 0.003 0.021 
 124   (0.008) 0.001 0.001 0.001 0.001 0.001 0.001 0.001 0.001 0.001 0.023 
 133   (0.034) 0.009 0.026 0.011 0.038 0.004 0.057 0.073 0.006 0.003 0.039 
 157   (0.047) 0.006 0.042 0.131 0.047 0.030 0.154 0.026 0.012 0.063 0.008 
 141   (0.016) 0.001 0.006 0.002 0.009 0.002 0.031 0.001 0.002 0.006 0.004 
 112   (0.072) 0.153 0.102 0.017 0.040 0.195 0.055 0.159 0.050 0.156 0.068 
 121   (0.017) 0.011 0.003 0.006 0.010 0.008 0.010 0.002 0.088 0.004 0.003 
 114   (0.036) 0.004 0.152 0.007 0.025 0.016 0.008 0.178 0.005 0.075 0.041 
 153   (0.053) 0.079 0.025 0.227 0.221 0.011 0.022 0.004 0.065 0.092 0.059 
 127   (0.070) 0.210 0.077 0.031 0.042 0.021 0.101 0.075 0.134 0.097 0.064 
 131   (0.062) 0.082 0.026 0.140 0.080 0.224 0.019 0.179 0.055 0.042 0.063 
 135   (0.032) 0.069 0.012 0.020 0.113 0.010 0.028 0.004 0.018 0.016 0.007 
 104   (0.009) 0.003 0.002 0.001 0.002 0.011 0.002 0.002 0.001 0.002 0.002 
 118   (0.018) 0.002 0.007 0.011 0.004 0.018 0.010 0.002 0.002 0.002 0.020 
 116   (0.027) 0.004 0.031 0.022 0.011 0.019 0.008 0.005 0.066 0.015 0.006 
 137   (0.023) 0.003 0.007 0.014 0.008 0.099 0.014 0.006 0.077 0.002 0.004 
 123   (0.023) 0.016 0.006 0.006 0.026 0.006 0.006 0.002 0.026 0.090 0.006 
 149   (0.009) 0.003 0.007 0.001 0.003 0.001 0.002 0.001 0.005 0.002 0.001 
 138   (0.013) 0.021 0.002 0.002 0.011 0.002 0.035 0.001 0.002 0.001 0.002 
 143   (0.026) 0.010 0.004 0.010 0.009 0.003 0.033 0.072 0.006 0.051 0.004 
 163   (0.010) 0.001 0.003 0.001 0.003 0.003 0.007 0.001 0.004 0.001 0.002 
 109   (0.009) 0.001 0.030 0.001 0.001 0.001 0.001 0.001 0.001 0.001 0.001 
 139   (0.009) 0.001 0.001 0.002 0.003 0.001 0.011 0.001 0.001 0.001 0.001 
 106   (0.009) 0.001 0.002 0.001 0.003 0.001 0.010 0.001 0.002 0.001 0.001 
 144   (0.015) 0.001 0.040 0.002 0.020 0.001 0.005 0.001 0.006 0.002 0.002 
 122   (0.011) 0.001 0.007 0.002 0.003 0.001 0.002 0.003 0.002 0.001 0.016 
 100   (0.016) 0.010 0.007 0.006 0.008 0.002 0.021 0.001 0.026 0.008 0.003 
 111   (0.011) 0.003 0.002 0.002 0.008 0.001 0.025 0.001 0.001 0.001 0.001 
 233   (0.009) 0.004 0.001 0.008 0.003 0.001 0.004 0.001 0.002 0.002 0.001 
 134   (0.009) 0.001 0.001 0.001 0.002 0.001 0.002 0.001 0.001 0.013 0.001 
 140   (0.010) 0.001 0.007 0.002 0.003 0.001 0.005 0.001 0.001 0.002 0.001 

Locus 6 : 
17 alleles
0.0% missing data
 221   (0.023) 0.002 0.003 0.003 0.004 0.002 0.004 0.087 0.003 0.002 0.139 
 232   (0.243) 0.749 0.251 0.271 0.253 0.101 0.292 0.427 0.381 0.271 0.152 
 229   (0.055) 0.017 0.025 0.015 0.038 0.069 0.012 0.057 0.012 0.093 0.098 
 223   (0.062) 0.007 0.061 0.116 0.021 0.007 0.050 0.009 0.027 0.072 0.099 
 230   (0.158) 0.047 0.244 0.116 0.130 0.160 0.224 0.301 0.082 0.240 0.070 
 235   (0.013) 0.001 0.002 0.002 0.002 0.002 0.002 0.001 0.002 0.001 0.069 
 236   (0.038) 0.024 0.008 0.015 0.025 0.042 0.017 0.005 0.015 0.004 0.089 
 227   (0.021) 0.002 0.006 0.006 0.012 0.002 0.012 0.002 0.003 0.002 0.062 
 220   (0.056) 0.070 0.041 0.014 0.128 0.180 0.020 0.004 0.115 0.024 0.008 
 222   (0.043) 0.003 0.020 0.006 0.102 0.252 0.034 0.003 0.142 0.006 0.005 
 234   (0.130) 0.015 0.255 0.281 0.204 0.166 0.104 0.057 0.064 0.146 0.096 
 224   (0.030) 0.002 0.005 0.120 0.010 0.003 0.031 0.002 0.006 0.074 0.004 
 228   (0.058) 0.055 0.050 0.013 0.041 0.007 0.185 0.004 0.054 0.035 0.011 
 225   (0.012) 0.001 0.002 0.002 0.003 0.001 0.002 0.001 0.015 0.001 0.003 
 226   (0.017) 0.002 0.002 0.002 0.012 0.002 0.003 0.001 0.073 0.025 0.002 
 233   (0.026) 0.002 0.019 0.013 0.012 0.003 0.005 0.038 0.003 0.003 0.052 
 231   (0.014) 0.001 0.005 0.005 0.003 0.001 0.002 0.001 0.002 0.001 0.041 

Locus 7 : 
10 alleles
0.0% missing data
 121   (0.683) 0.712 0.813 0.582 0.803 0.797 0.836 0.743 0.766 0.781 0.877 
 129   (0.095) 0.142 0.054 0.098 0.025 0.010 0.051 0.100 0.083 0.121 0.080 
 130   (0.016) 0.001 0.002 0.003 0.014 0.002 0.004 0.002 0.022 0.001 0.003 
 123   (0.101) 0.136 0.028 0.221 0.082 0.125 0.064 0.101 0.096 0.085 0.026 
 128   (0.019) 0.002 0.004 0.018 0.003 0.037 0.003 0.022 0.002 0.002 0.003 
 131   (0.015) 0.001 0.002 0.010 0.004 0.022 0.004 0.001 0.007 0.002 0.002 
 117   (0.012) 0.001 0.002 0.002 0.004 0.001 0.011 0.001 0.002 0.001 0.001 
 125   (0.012) 0.001 0.002 0.059 0.002 0.001 0.002 0.001 0.001 0.001 0.001 
 134   (0.033) 0.002 0.086 0.006 0.058 0.004 0.023 0.007 0.019 0.003 0.005 
 132   (0.013) 0.001 0.008 0.002 0.005 0.001 0.002 0.021 0.002 0.001 0.002 

Locus 8 : 
19 alleles
0.0% missing data
 184   (0.305) 0.454 0.460 0.505 0.514 0.518 0.383 0.327 0.241 0.270 0.482 
 194   (0.046) 0.008 0.093 0.032 0.015 0.017 0.041 0.022 0.013 0.013 0.029 
 178   (0.099) 0.029 0.078 0.025 0.045 0.181 0.057 0.061 0.155 0.289 0.208 
 176   (0.080) 0.117 0.078 0.043 0.128 0.011 0.081 0.219 0.070 0.010 0.048 
 182   (0.077) 0.021 0.045 0.021 0.076 0.009 0.131 0.208 0.157 0.045 0.043 
 190   (0.031) 0.002 0.005 0.006 0.036 0.070 0.007 0.047 0.019 0.019 0.005 
 196   (0.022) 0.019 0.004 0.003 0.008 0.002 0.012 0.001 0.004 0.065 0.006 
 200   (0.028) 0.002 0.006 0.052 0.006 0.004 0.037 0.011 0.011 0.003 0.014 
 180   (0.022) 0.002 0.003 0.118 0.005 0.068 0.004 0.002 0.004 0.003 0.008 
 188   (0.038) 0.078 0.046 0.009 0.011 0.009 0.010 0.003 0.006 0.054 0.030 
 174   (0.037) 0.003 0.083 0.038 0.042 0.025 0.014 0.035 0.012 0.004 0.015 
 186   (0.121) 0.235 0.073 0.079 0.081 0.056 0.194 0.056 0.272 0.132 0.092 
 192   (0.022) 0.008 0.003 0.014 0.005 0.013 0.006 0.003 0.003 0.082 0.010 
 201   (0.011) 0.001 0.001 0.010 0.002 0.013 0.002 0.001 0.001 0.001 0.001 
 199   (0.019) 0.002 0.002 0.028 0.005 0.002 0.013 0.001 0.019 0.002 0.002 
 185   (0.011) 0.016 0.002 0.002 0.003 0.001 0.002 0.001 0.001 0.001 0.001 
 203   (0.010) 0.001 0.014 0.001 0.002 0.001 0.002 0.001 0.002 0.001 0.001 
 198   (0.010) 0.001 0.002 0.001 0.013 0.001 0.003 0.001 0.005 0.001 0.001 
 209   (0.010) 0.001 0.001 0.012 0.003 0.001 0.002 0.001 0.004 0.004 0.001 

Locus 9 : 
6 alleles
0.4% missing data
 154   (0.685) 0.849 0.643 0.671 0.751 0.819 0.742 0.639 0.831 0.795 0.709 
 156   (0.209) 0.033 0.278 0.314 0.223 0.170 0.190 0.344 0.150 0.129 0.167 
 152   (0.054) 0.102 0.045 0.008 0.013 0.005 0.026 0.006 0.010 0.071 0.079 
 153   (0.013) 0.013 0.002 0.002 0.004 0.002 0.013 0.001 0.003 0.001 0.002 
 160   (0.014) 0.001 0.002 0.002 0.004 0.001 0.023 0.001 0.002 0.001 0.002 
 164   (0.025) 0.002 0.032 0.004 0.005 0.002 0.005 0.008 0.003 0.002 0.041 

Locus 10 : 
29 alleles
0.7% missing data
 305   (0.065) 0.008 0.011 0.012 0.030 0.206 0.089 0.009 0.199 0.009 0.099 
 313   (0.045) 0.005 0.010 0.012 0.020 0.005 0.044 0.005 0.067 0.008 0.153 
 311   (0.015) 0.001 0.002 0.005 0.005 0.002 0.004 0.002 0.002 0.003 0.018 
 299   (0.125) 0.151 0.036 0.018 0.134 0.046 0.227 0.034 0.054 0.162 0.269 
 315   (0.073) 0.006 0.019 0.020 0.036 0.082 0.153 0.102 0.015 0.020 0.089 
 287   (0.018) 0.002 0.003 0.797 0.005 0.002 0.004 0.002 0.004 0.002 0.006 
 291   (0.111) 0.013 0.359 0.017 0.126 0.075 0.063 0.021 0.080 0.474 0.114 
 295   (0.027) 0.003 0.190 0.003 0.021 0.004 0.007 0.002 0.004 0.003 0.040 
 289   (0.014) 0.001 0.002 0.002 0.149 0.002 0.009 0.001 0.036 0.001 0.002 
 303   (0.031) 0.630 0.007 0.004 0.010 0.024 0.007 0.514 0.005 0.003 0.007 
 297   (0.046) 0.014 0.088 0.006 0.046 0.006 0.013 0.081 0.140 0.030 0.016 
 293   (0.015) 0.001 0.002 0.002 0.172 0.002 0.015 0.001 0.002 0.001 0.006 
 301   (0.060) 0.021 0.065 0.009 0.032 0.156 0.066 0.007 0.011 0.007 0.071 
 285   (0.028) 0.002 0.004 0.004 0.005 0.247 0.009 0.003 0.242 0.002 0.004 
 307   (0.057) 0.005 0.066 0.010 0.012 0.040 0.058 0.197 0.008 0.097 0.011 
 312   (0.058) 0.020 0.067 0.010 0.054 0.077 0.079 0.004 0.011 0.099 0.009 
 306   (0.028) 0.002 0.017 0.005 0.018 0.004 0.053 0.002 0.004 0.012 0.013 
 320   (0.014) 0.001 0.002 0.001 0.006 0.001 0.021 0.001 0.002 0.001 0.002 
 317   (0.020) 0.098 0.003 0.002 0.008 0.002 0.004 0.001 0.003 0.002 0.017 
 314   (0.025) 0.002 0.004 0.032 0.007 0.003 0.012 0.002 0.003 0.002 0.035 
 323   (0.014) 0.001 0.002 0.008 0.005 0.001 0.006 0.001 0.002 0.001 0.003 
 325   (0.013) 0.001 0.002 0.008 0.005 0.001 0.006 0.001 0.002 0.001 0.003 
 310   (0.016) 0.001 0.003 0.002 0.006 0.002 0.006 0.001 0.002 0.048 0.003 
 309   (0.013) 0.001 0.028 0.001 0.004 0.002 0.003 0.001 0.002 0.001 0.002 
 316   (0.017) 0.004 0.002 0.002 0.009 0.002 0.026 0.001 0.004 0.004 0.003 
 296   (0.013) 0.005 0.003 0.002 0.004 0.001 0.007 0.001 0.002 0.001 0.002 
 304   (0.014) 0.001 0.002 0.002 0.005 0.002 0.003 0.001 0.072 0.002 0.002 
 321   (0.014) 0.001 0.002 0.002 0.033 0.002 0.002 0.001 0.012 0.001 0.002 
 332   (0.013) 0.001 0.002 0.001 0.035 0.001 0.002 0.001 0.011 0.001 0.002 

Locus 11 : 
19 alleles
0.0% missing data
 114   (0.142) 0.042 0.270 0.049 0.075 0.289 0.169 0.190 0.024 0.024 0.247 
 126   (0.022) 0.002 0.005 0.003 0.004 0.018 0.004 0.003 0.003 0.002 0.058 
 111   (0.095) 0.303 0.014 0.022 0.384 0.009 0.025 0.007 0.558 0.558 0.172 
 116   (0.113) 0.010 0.137 0.148 0.084 0.018 0.087 0.260 0.066 0.031 0.104 
 132   (0.012) 0.001 0.002 0.002 0.002 0.001 0.003 0.001 0.002 0.001 0.012 
 109   (0.017) 0.001 0.002 0.002 0.003 0.001 0.003 0.001 0.002 0.002 0.048 
 128   (0.018) 0.001 0.012 0.003 0.004 0.002 0.006 0.001 0.002 0.007 0.008 
 112   (0.315) 0.194 0.446 0.444 0.234 0.604 0.593 0.509 0.077 0.049 0.266 
 122   (0.017) 0.014 0.007 0.003 0.007 0.008 0.004 0.004 0.002 0.002 0.003 
 124   (0.013) 0.002 0.002 0.002 0.002 0.017 0.002 0.002 0.002 0.001 0.002 
 118   (0.054) 0.013 0.050 0.083 0.119 0.015 0.025 0.009 0.024 0.007 0.023 
 127   (0.013) 0.001 0.002 0.002 0.004 0.001 0.011 0.001 0.002 0.001 0.002 
 113   (0.052) 0.401 0.010 0.029 0.022 0.005 0.016 0.003 0.178 0.226 0.007 
 115   (0.030) 0.003 0.010 0.187 0.009 0.003 0.008 0.003 0.009 0.007 0.027 
 120   (0.022) 0.002 0.020 0.003 0.005 0.002 0.004 0.001 0.003 0.068 0.004 
 117   (0.023) 0.003 0.004 0.005 0.020 0.003 0.015 0.002 0.011 0.007 0.004 
 125   (0.018) 0.005 0.003 0.005 0.017 0.002 0.022 0.001 0.002 0.002 0.002 
 119   (0.014) 0.001 0.002 0.002 0.004 0.001 0.003 0.001 0.033 0.003 0.002 
 136   (0.013) 0.001 0.002 0.008 0.002 0.001 0.002 0.001 0.002 0.001 0.010 

Locus 12 : 
28 alleles
0.7% missing data
 306   (0.063) 0.008 0.010 0.010 0.028 0.205 0.058 0.009 0.259 0.009 0.099 
 314   (0.057) 0.015 0.008 0.021 0.019 0.006 0.039 0.006 0.063 0.079 0.138 
 312   (0.013) 0.001 0.002 0.001 0.002 0.001 0.002 0.001 0.002 0.001 0.026 
 300   (0.139) 0.153 0.037 0.019 0.135 0.047 0.230 0.036 0.056 0.160 0.286 
 316   (0.044) 0.003 0.006 0.005 0.011 0.076 0.011 0.098 0.009 0.018 0.085 
 288   (0.016) 0.002 0.002 0.782 0.003 0.002 0.003 0.001 0.004 0.002 0.004 
 292   (0.118) 0.014 0.354 0.018 0.148 0.075 0.065 0.022 0.085 0.466 0.117 
 296   (0.031) 0.005 0.193 0.004 0.024 0.005 0.011 0.003 0.005 0.003 0.041 
 290   (0.016) 0.001 0.002 0.002 0.149 0.002 0.010 0.001 0.036 0.001 0.002 
 304   (0.034) 0.634 0.007 0.005 0.011 0.025 0.008 0.517 0.005 0.003 0.007 
 298   (0.047) 0.014 0.087 0.006 0.046 0.006 0.013 0.081 0.141 0.030 0.017 
 294   (0.015) 0.001 0.002 0.002 0.172 0.002 0.015 0.001 0.002 0.001 0.006 
 302   (0.061) 0.021 0.064 0.009 0.033 0.155 0.067 0.007 0.011 0.007 0.072 
 286   (0.028) 0.002 0.004 0.004 0.005 0.246 0.009 0.003 0.260 0.002 0.004 
 308   (0.035) 0.003 0.013 0.006 0.007 0.039 0.048 0.192 0.005 0.003 0.008 
 313   (0.047) 0.007 0.076 0.008 0.056 0.081 0.098 0.004 0.007 0.009 0.008 
 307   (0.042) 0.004 0.071 0.006 0.021 0.005 0.060 0.004 0.006 0.113 0.013 
 321   (0.013) 0.001 0.002 0.001 0.006 0.001 0.021 0.001 0.002 0.001 0.002 
 315   (0.050) 0.014 0.015 0.057 0.030 0.006 0.145 0.004 0.008 0.004 0.040 
 318   (0.020) 0.090 0.003 0.002 0.009 0.002 0.006 0.001 0.005 0.004 0.006 
 324   (0.013) 0.001 0.002 0.008 0.005 0.001 0.006 0.001 0.002 0.001 0.003 
 326   (0.012) 0.001 0.002 0.008 0.005 0.001 0.006 0.001 0.002 0.001 0.002 
 311   (0.019) 0.001 0.004 0.008 0.011 0.002 0.009 0.002 0.003 0.075 0.006 
 310   (0.013) 0.001 0.027 0.002 0.004 0.002 0.003 0.001 0.002 0.001 0.002 
 305   (0.014) 0.001 0.002 0.001 0.007 0.001 0.031 0.001 0.002 0.001 0.002 
 317   (0.014) 0.001 0.002 0.001 0.006 0.001 0.021 0.001 0.002 0.001 0.002 
 320   (0.013) 0.001 0.002 0.001 0.017 0.001 0.002 0.001 0.006 0.001 0.002 
 322   (0.015) 0.001 0.002 0.002 0.033 0.002 0.002 0.001 0.012 0.001 0.002 

Locus 13 : 
7 alleles
1.1% missing data
 161   (0.591) 0.485 0.825 0.446 0.757 0.066 0.547 0.890 0.408 0.414 0.663 
 163   (0.304) 0.458 0.137 0.537 0.222 0.033 0.433 0.027 0.438 0.574 0.248 
 160   (0.017) 0.001 0.002 0.003 0.003 0.446 0.003 0.001 0.002 0.002 0.002 
 162   (0.015) 0.001 0.002 0.002 0.002 0.449 0.003 0.001 0.002 0.001 0.002 
 165   (0.043) 0.052 0.028 0.008 0.010 0.004 0.008 0.003 0.147 0.006 0.077 
 166   (0.014) 0.001 0.004 0.003 0.004 0.001 0.004 0.004 0.002 0.001 0.005 
 164   (0.015) 0.001 0.002 0.002 0.002 0.001 0.002 0.075 0.002 0.001 0.002 

Locus 14 : 
4 alleles
0.4% missing data
  98   (0.958) 0.986 0.989 0.993 0.989 0.996 0.983 0.985 0.994 0.996 0.986 
 100   (0.013) 0.007 0.002 0.003 0.004 0.001 0.007 0.001 0.002 0.001 0.002 
  96   (0.017) 0.002 0.006 0.002 0.003 0.002 0.003 0.013 0.002 0.001 0.010 
 105   (0.013) 0.005 0.003 0.002 0.004 0.001 0.007 0.001 0.002 0.001 0.002 

Locus 15 : 
12 alleles
2.2% missing data
 171   (0.312) 0.312 0.185 0.430 0.409 0.228 0.364 0.177 0.233 0.359 0.420 
 177   (0.183) 0.074 0.293 0.228 0.275 0.360 0.168 0.050 0.092 0.094 0.180 
 173   (0.259) 0.497 0.330 0.143 0.178 0.091 0.269 0.070 0.574 0.494 0.286 
 179   (0.109) 0.101 0.047 0.163 0.044 0.303 0.098 0.570 0.056 0.012 0.071 
 183   (0.020) 0.006 0.003 0.008 0.006 0.002 0.005 0.010 0.013 0.002 0.025 
 181   (0.036) 0.003 0.010 0.005 0.017 0.004 0.054 0.117 0.007 0.032 0.006 
 197   (0.014) 0.001 0.075 0.002 0.004 0.001 0.003 0.001 0.002 0.001 0.002 
 170   (0.013) 0.001 0.003 0.008 0.010 0.002 0.014 0.001 0.002 0.001 0.003 
 189   (0.015) 0.001 0.003 0.002 0.004 0.004 0.016 0.001 0.009 0.001 0.002 
 203   (0.013) 0.001 0.046 0.002 0.002 0.001 0.002 0.001 0.001 0.001 0.002 
 187   (0.014) 0.001 0.002 0.007 0.034 0.001 0.004 0.001 0.004 0.001 0.002 
 198   (0.013) 0.001 0.002 0.002 0.017 0.001 0.002 0.001 0.006 0.001 0.002 

Values of parameters used in structure:
DATAFILE=STRUCTURE_main_final_278_HEG_ZG.str,	OUTFILE=STRUCTURE_main_final_278_HEG_ZG-K10-16,	NUMINDS=278,	NUMLOCI=15,	MISSING=-9,	LABEL=1,	POPDATA=1,	POPFLAG=0,	PHENOTYPE=0,	EXTRACOLS=0,	MAXPOPS=10,	BURNIN=100000,	NUMREPS=500000,	USEPOPINFO=0,	INFERALPHA=1,	INFERLAMBDA=0,	POPSPECIFICLAMBDA=0,	POPALPHAS=0,	COMPUTEPROB=1,	NOADMIX=0,	ADMBURNIN=2500,	UPDATEFREQ=1,	PRINTLIKES=0,	INTERMEDSAVE=0,	PRINTKLD=0,	PRINTNET=0,	PRINTLAMBDA=0,	ANCESTDIST=0,	NUMBOXES=1000,	ANCESTPINT=0.90000,	GENSBACK=2,	MIGRPRIOR=0.05000,	PRINTQHAT=0,	PRINTQSUM=0,	ALPHA=1.0000,	FREQSCORR=1,	FPRIORMEAN=0.0100,	FPRIORSD=0.0500,	ONEFST=0,	LAMBDA=1.0000,	UNIFPRIORALPHA=1,	ALPHAMAX=10.0000,	ALPHAPRIORA=1.0000,	ALPHAPRIORB=2.0000,	ALPHAPROPSD=0.0250,	STARTATPOPINFO=0,	RANDOMIZE=1,	LINKAGE=0,	METROFREQ=10,	REPORTHITRATE=0,	MARKOVPHASE=-1,	PHASED=0,	PLOIDY=2,	PHASEINFO=0	LOCPRIOR=0, 	LOCPRIORINIT=1.000000, 	LOCDATA=0, 	LOCISPOP=0, 	LOCPRIORSTEP=0.100000, 	MAXLOCPRIOR=20.000000, 	SEED=1782485009,	
[STRAT parameters]:    NUMSIMSTATS=1000,	PHENOTYPECOL=-9,	POOLFREQ=10,	LOCUSxONLY=0,	EMERROR=0.00100,	MISSINGPHENO=-9,	