

----------------------------------------------------
STRUCTURE by Pritchard, Stephens and Donnelly (2000)
     and Falush, Stephens and Pritchard (2003)
       Code by Pritchard, Falush and Hubisz
             Version 2.3.4 (Jul 2012)
----------------------------------------------------



Command line arguments:   structure -K 3 -i STRUCTURE_main_final_278_HEG_ZG.str -o STRUCTURE_main_final_278_HEG_ZG-K3-13 
Input File:    STRUCTURE_main_final_278_HEG_ZG.str

Run parameters:
   278 individuals
   15 loci
   3 populations assumed
   100000 Burn-in period
   500000 Reps


--------------------------------------------
Proportion of membership of each pre-defined
 population in each of the 3 clusters

Given    Inferred Clusters       Number of
 Pop       1      2      3      Individuals

  1:     0.671  0.166  0.163       24
  2:     0.128  0.829  0.042       24
  3:     0.035  0.376  0.589       24
  4:     0.540  0.230  0.230       24
  5:     0.154  0.643  0.203       24
  6:     0.899  0.057  0.043       24
  7:     0.931  0.039  0.030       24
  8:     0.117  0.188  0.695       14
  9:     0.036  0.535  0.429       24
 10:     0.029  0.102  0.870       24
 11:     0.043  0.184  0.772       24
 12:     0.466  0.176  0.358       24
--------------------------------------------

Allele-freq. divergence among pops (Net nucleotide distance),
computed using point estimates of P.

      1       2       3      
 1      -    0.0233  0.0385  
 2   0.0233     -    0.0254  
 3   0.0385  0.0254     -    

Average distances (expected heterozygosity) between individuals in same cluster:
cluster  1  : 0.6258 
cluster  2  : 0.6685 
cluster  3  : 0.6378 

--------------------------------------------
Estimated Ln Prob of Data   = -13293.4
Mean value of ln likelihood = -13029.6
Variance of ln likelihood   = 527.4
Mean value of alpha         = 0.0892

Mean value of Fst_1         = 0.0602
Mean value of Fst_2         = 0.0354
Mean value of Fst_3         = 0.0581


Inferred ancestry of individuals:
        Label (%Miss) Pop:  Inferred clusters
  1 24.0601.E1    (0)    1 :  0.948 0.037 0.015 
  2 24.0602.E1    (0)    1 :  0.881 0.046 0.073 
  3 24.0603.E1    (0)    1 :  0.938 0.040 0.022 
  4 24.0604.E1    (0)    1 :  0.712 0.159 0.128 
  5 24.0605.E1    (0)    1 :  0.930 0.045 0.026 
  6 24.0606.E1    (0)    1 :  0.940 0.025 0.036 
  7 24.0607.E1    (0)    1 :  0.450 0.532 0.018 
  8 24.0608.E1    (0)    1 :  0.830 0.024 0.146 
  9 24.0609.E1    (0)    1 :  0.112 0.042 0.846 
 10 24.0610.E1    (0)    1 :  0.446 0.013 0.541 
 11 24.0611.E1    (0)    1 :  0.825 0.086 0.089 
 12 24.0612.E1    (0)    1 :  0.943 0.045 0.012 
 13 24.0613.E1    (0)    1 :  0.933 0.018 0.049 
 14 24.0614.E1    (0)    1 :  0.813 0.037 0.150 
 15 24.0615.E1    (0)    1 :  0.608 0.181 0.211 
 16 24.0616.E1    (0)    1 :  0.884 0.084 0.032 
 17 24.0617.E1    (0)    1 :  0.277 0.068 0.654 
 18 24.0618.E1    (0)    1 :  0.351 0.100 0.549 
 19 24.0619.E1    (0)    1 :  0.102 0.881 0.017 
 20 24.0620.E1   (20)    1 :  0.851 0.077 0.072 
 21 24.0621.E1    (0)    1 :  0.028 0.888 0.084 
 22 24.0622.E1    (0)    1 :  0.944 0.025 0.031 
 23 24.0623.E1    (0)    1 :  0.425 0.510 0.065 
 24 24.0624.E1    (0)    1 :  0.944 0.021 0.035 
 25 24.0625.E1    (0)    2 :  0.124 0.817 0.059 
 26 24.0626.E1    (0)    2 :  0.059 0.906 0.035 
 27 24.0627.E1    (0)    2 :  0.020 0.970 0.009 
 28 24.0628.E1    (0)    2 :  0.387 0.325 0.288 
 29 24.0629.E1    (0)    2 :  0.039 0.947 0.013 
 30 24.0630.E1    (0)    2 :  0.145 0.831 0.023 
 31 24.0631.E1    (0)    2 :  0.022 0.972 0.007 
 32 24.0632.E1    (0)    2 :  0.077 0.912 0.011 
 33 24.0633.E1    (0)    2 :  0.157 0.713 0.130 
 34 24.0634.E1    (0)    2 :  0.023 0.960 0.016 
 35 24.0635.E1    (0)    2 :  0.051 0.910 0.039 
 36 24.0636.E1   (33)    2 :  0.929 0.048 0.023 
 37 24.0637.E1    (0)    2 :  0.018 0.974 0.008 
 38 24.0638.E1    (0)    2 :  0.013 0.976 0.012 
 39 24.0639.E1    (0)    2 :  0.036 0.943 0.021 
 40 24.0640.E1    (0)    2 :  0.020 0.969 0.011 
 41 24.0641.E1    (0)    2 :  0.048 0.936 0.016 
 42 24.0642.E1    (0)    2 :  0.448 0.541 0.011 
 43 24.0643.E1    (0)    2 :  0.066 0.920 0.014 
 44 24.0644.E1    (0)    2 :  0.038 0.866 0.096 
 45 24.0645.E1    (0)    2 :  0.287 0.651 0.063 
 46 24.0646.E1    (0)    2 :  0.037 0.866 0.097 
 47 24.0647.E1    (0)    2 :  0.018 0.974 0.008 
 48 24.0648.E1    (0)    2 :  0.018 0.974 0.008 
 49 24.0649.E1    (0)    3 :  0.012 0.098 0.890 
 50 24.0650.E1    (0)    3 :  0.213 0.015 0.772 
 51 24.0651.E1    (0)    3 :  0.027 0.907 0.065 
 52 24.0652.E1    (0)    3 :  0.025 0.062 0.913 
 53 24.0653.E1    (0)    3 :  0.011 0.912 0.077 
 54 24.0654.E1    (0)    3 :  0.010 0.016 0.974 
 55 24.0655.E1    (0)    3 :  0.050 0.359 0.591 
 56 24.0656.E1    (0)    3 :  0.024 0.014 0.962 
 57 24.0657.E1    (0)    3 :  0.023 0.015 0.962 
 58 24.0658.E1    (0)    3 :  0.034 0.061 0.905 
 59 24.0659.E1    (0)    3 :  0.029 0.317 0.653 
 60 24.0660.E1    (6)    3 :  0.062 0.422 0.516 
 61 24.0661.E1    (0)    3 :  0.024 0.013 0.963 
 62 24.0662.E1    (0)    3 :  0.039 0.852 0.109 
 63 24.0663.E1    (0)    3 :  0.009 0.010 0.981 
 64 24.0664.E1    (0)    3 :  0.018 0.025 0.956 
 65 24.0665.E1    (0)    3 :  0.054 0.059 0.887 
 66 24.0666.E1    (0)    3 :  0.018 0.934 0.048 
 67 24.0667.E1    (0)    3 :  0.016 0.953 0.031 
 68 24.0668.E1    (0)    3 :  0.008 0.975 0.017 
 69 24.0669.E1    (0)    3 :  0.010 0.971 0.019 
 70 24.0670.E1    (0)    3 :  0.017 0.140 0.842 
 71 24.0671.E1    (0)    3 :  0.031 0.085 0.884 
 72 24.0672.E1    (0)    3 :  0.067 0.807 0.126 
 73 24.0673.E1    (6)    4 :  0.896 0.023 0.081 
 74 24.0674.E1    (0)    4 :  0.959 0.021 0.020 
 75 24.0675.E1    (0)    4 :  0.302 0.034 0.664 
 76 24.0676.E1    (0)    4 :  0.062 0.016 0.922 
 77 24.0677.E1    (0)    4 :  0.141 0.070 0.790 
 78 24.0678.E1    (0)    4 :  0.141 0.817 0.042 
 79 24.0679.E1    (0)    4 :  0.172 0.227 0.601 
 80 24.0680.E1    (0)    4 :  0.060 0.906 0.033 
 81 24.0681.E1    (0)    4 :  0.737 0.170 0.093 
 82 24.0682.E1    (0)    4 :  0.929 0.026 0.045 
 83 24.0683.E1    (0)    4 :  0.965 0.018 0.017 
 84 24.0684.E1    (0)    4 :  0.927 0.050 0.023 
 85 24.0685.E1    (0)    4 :  0.916 0.051 0.033 
 86 24.0686.E1    (0)    4 :  0.039 0.936 0.025 
 87 24.0687.E1    (0)    4 :  0.044 0.934 0.022 
 88 24.0688.E1    (0)    4 :  0.940 0.026 0.034 
 89 24.0689.E1    (0)    4 :  0.321 0.073 0.605 
 90 24.0690.E1    (0)    4 :  0.045 0.927 0.028 
 91 24.0691.E1    (0)    4 :  0.909 0.019 0.073 
 92 24.0692.E1    (0)    4 :  0.242 0.046 0.713 
 93 24.0693.E1    (0)    4 :  0.533 0.025 0.442 
 94 24.0694.E1    (0)    4 :  0.907 0.038 0.056 
 95 24.0695.E1    (0)    4 :  0.877 0.024 0.099 
 96 24.0696.E1    (0)    4 :  0.893 0.053 0.054 
 97 24.0697.E1    (0)    5 :  0.420 0.334 0.246 
 98 24.0698.E1    (0)    5 :  0.369 0.478 0.154 
 99 24.0699.E1    (0)    5 :  0.057 0.647 0.296 
100 24.0700.E1    (0)    5 :  0.025 0.819 0.155 
101 24.0701.E1    (0)    5 :  0.027 0.949 0.024 
102 24.0702.E1    (0)    5 :  0.031 0.944 0.025 
103 24.0703.E1    (0)    5 :  0.033 0.870 0.096 
104 24.0704.E1    (6)    5 :  0.058 0.879 0.063 
105 24.0705.E1    (0)    5 :  0.419 0.528 0.053 
106 24.0706.E1    (0)    5 :  0.025 0.814 0.161 
107 24.0707.E1    (0)    5 :  0.107 0.858 0.035 
108 24.0708.E1    (0)    5 :  0.123 0.745 0.132 
109 24.0709.E1    (0)    5 :  0.056 0.073 0.871 
110 24.0710.E1    (0)    5 :  0.421 0.477 0.102 
111 24.0711.E1    (0)    5 :  0.105 0.858 0.037 
112 24.0712.E1    (0)    5 :  0.022 0.965 0.013 
113 24.0713.E1    (0)    5 :  0.048 0.230 0.723 
114 24.0714.E1    (0)    5 :  0.058 0.759 0.183 
115 24.0715.E1    (0)    5 :  0.859 0.061 0.079 
116 24.0716.E1    (0)    5 :  0.075 0.808 0.117 
117 24.0717.E1    (0)    5 :  0.215 0.466 0.320 
118 24.0718.E1    (0)    5 :  0.065 0.905 0.030 
119 24.0719.E1    (0)    5 :  0.028 0.840 0.131 
120 24.0720.E1    (0)    5 :  0.057 0.126 0.818 
121 24.0721.E1    (0)    6 :  0.872 0.053 0.075 
122 24.0722.E1    (0)    6 :  0.780 0.203 0.017 
123 24.0723.E1    (0)    6 :  0.564 0.314 0.122 
124 24.0724.E1    (0)    6 :  0.899 0.043 0.058 
125 24.0725.E1    (0)    6 :  0.887 0.044 0.069 
126 24.0726.E1    (6)    6 :  0.963 0.018 0.019 
127 24.0727.E1    (0)    6 :  0.915 0.060 0.025 
128 24.0728.E1    (0)    6 :  0.919 0.042 0.038 
129 24.0729.E1    (0)    6 :  0.954 0.020 0.026 
130 24.0730.E1    (0)    6 :  0.737 0.065 0.197 
131 24.0731.E1    (0)    6 :  0.970 0.012 0.018 
132 24.0732.E1    (0)    6 :  0.970 0.016 0.015 
133 24.0733.E1    (0)    6 :  0.980 0.009 0.011 
134 24.0734.E1    (0)    6 :  0.965 0.020 0.015 
135 24.0735.E1    (0)    6 :  0.930 0.039 0.031 
136 24.0736.E1    (0)    6 :  0.972 0.016 0.012 
137 24.0737.E1    (0)    6 :  0.833 0.129 0.037 
138 24.0738.E1    (0)    6 :  0.962 0.019 0.019 
139 24.0739.E1    (0)    6 :  0.917 0.042 0.041 
140 24.0740.E1    (0)    6 :  0.911 0.024 0.065 
141 24.0741.E1    (0)    6 :  0.972 0.012 0.016 
142 24.0742.E1    (0)    6 :  0.974 0.016 0.011 
143 24.0743.E1    (0)    6 :  0.959 0.013 0.029 
144 24.0744.E1    (0)    6 :  0.778 0.150 0.072 
145 24.0745.E1    (0)    7 :  0.941 0.031 0.028 
146 24.0746.E1    (0)    7 :  0.891 0.089 0.020 
147 24.0747.E1    (0)    7 :  0.959 0.014 0.027 
148 24.0748.E1    (6)    7 :  0.936 0.018 0.046 
149 24.0749.E1    (0)    7 :  0.974 0.016 0.010 
150 24.0750.E1    (0)    7 :  0.882 0.081 0.037 
151 24.0751.E1    (0)    7 :  0.974 0.016 0.009 
152 24.0752.E1    (0)    7 :  0.980 0.011 0.008 
153 24.0753.E1    (0)    7 :  0.960 0.029 0.011 
154 24.0754.E1    (0)    7 :  0.972 0.012 0.016 
155 24.0755.E1    (0)    7 :  0.918 0.024 0.058 
156 24.0756.E1    (0)    7 :  0.971 0.013 0.015 
157 24.0757.E1    (0)    7 :  0.980 0.011 0.009 
158 24.0758.E1    (0)    7 :  0.979 0.011 0.009 
159 24.0759.E1    (0)    7 :  0.972 0.014 0.014 
160 24.0760.E1    (0)    7 :  0.878 0.103 0.019 
161 24.0761.E1    (0)    7 :  0.976 0.013 0.011 
162 24.0762.E1    (0)    7 :  0.387 0.343 0.270 
163 24.0763.E1    (0)    7 :  0.980 0.010 0.011 
164 24.0764.E1    (0)    7 :  0.979 0.012 0.009 
165 24.0765.E1    (0)    7 :  0.962 0.024 0.013 
166 24.0766.E1    (0)    7 :  0.979 0.010 0.011 
167 24.0767.E1    (0)    7 :  0.981 0.009 0.010 
168 24.0768.E1    (0)    7 :  0.930 0.026 0.044 
169 24.0779.E1    (0)    8 :  0.323 0.297 0.380 
170 24.0780.E1    (6)    8 :  0.010 0.032 0.958 
171 24.0781.E1    (0)    8 :  0.017 0.380 0.603 
172 24.0782.E1    (0)    8 :  0.865 0.076 0.060 
173 24.0783.E1    (0)    8 :  0.020 0.215 0.765 
174 24.0784.E1    (0)    8 :  0.020 0.082 0.899 
175 24.0785.E1    (0)    8 :  0.010 0.033 0.957 
176 24.0786.E1    (0)    8 :  0.097 0.104 0.799 
177 24.0787.E1    (0)    8 :  0.065 0.271 0.664 
178 24.0788.E1    (0)    8 :  0.016 0.017 0.967 
179 24.0789.E1    (0)    8 :  0.067 0.117 0.816 
180 24.0790.E1    (0)    8 :  0.010 0.036 0.953 
181 24.0791.E1    (0)    8 :  0.025 0.896 0.079 
182 24.0792.E1    (0)    8 :  0.095 0.071 0.835 
183 24.0793.E1    (0)    9 :  0.018 0.878 0.104 
184 24.0794.E1    (0)    9 :  0.200 0.048 0.751 
185 24.0795.E1    (0)    9 :  0.137 0.809 0.054 
186 24.0796.E1    (0)    9 :  0.012 0.017 0.971 
187 24.0797.E1    (0)    9 :  0.012 0.308 0.680 
188 24.0798.E1    (0)    9 :  0.032 0.851 0.117 
189 24.0799.E1    (0)    9 :  0.019 0.892 0.088 
190 24.0800.E1    (0)    9 :  0.025 0.043 0.932 
191 24.0801.E1    (0)    9 :  0.015 0.960 0.025 
192 24.0802.E1    (0)    9 :  0.013 0.881 0.106 
193 24.0803.E1    (0)    9 :  0.011 0.968 0.021 
194 24.0804.E1    (0)    9 :  0.014 0.288 0.699 
195 24.0805.E1    (0)    9 :  0.031 0.736 0.233 
196 24.0806.E1    (0)    9 :  0.012 0.963 0.024 
197 24.0807.E1    (0)    9 :  0.012 0.722 0.266 
198 24.0808.E1    (0)    9 :  0.036 0.072 0.893 
199 24.0809.E1    (0)    9 :  0.094 0.148 0.759 
200 24.0810.E1    (0)    9 :  0.068 0.805 0.127 
201 24.0811.E1    (0)    9 :  0.022 0.190 0.788 
202 24.0812.E1    (0)    9 :  0.024 0.041 0.934 
203 24.0813.E1    (0)    9 :  0.019 0.446 0.535 
204 24.0814.E1    (6)    9 :  0.011 0.047 0.942 
205 24.0815.E1    (0)    9 :  0.013 0.879 0.108 
206 24.0816.E1    (0)    9 :  0.011 0.840 0.149 
207 24.0817.E1    (0)   10 :  0.019 0.025 0.956 
208 24.0818.E1    (0)   10 :  0.042 0.053 0.905 
209 24.0819.E1    (0)   10 :  0.061 0.762 0.177 
210 24.0820.E1    (0)   10 :  0.094 0.026 0.881 
211 24.0821.E1    (0)   10 :  0.017 0.177 0.806 
212 24.0822.E1    (0)   10 :  0.017 0.011 0.972 
213 24.0823.E1    (0)   10 :  0.036 0.022 0.942 
214 24.0824.E1    (0)   10 :  0.059 0.468 0.472 
215 24.0825.E1    (0)   10 :  0.017 0.013 0.970 
216 24.0826.E1    (0)   10 :  0.041 0.021 0.938 
217 24.0827.E1    (0)   10 :  0.022 0.032 0.947 
218 24.0828.E1    (0)   10 :  0.020 0.019 0.961 
219 24.0829.E1    (0)   10 :  0.016 0.033 0.951 
220 24.0830.E1    (0)   10 :  0.011 0.024 0.966 
221 24.0831.E1    (0)   10 :  0.009 0.041 0.951 
222 24.0832.E1    (0)   10 :  0.012 0.008 0.980 
223 24.0833.E1    (0)   10 :  0.010 0.009 0.981 
224 24.0834.E1    (0)   10 :  0.015 0.011 0.974 
225 24.0835.E1    (0)   10 :  0.018 0.022 0.960 
226 24.0836.E1    (0)   10 :  0.031 0.025 0.944 
227 24.0837.E1    (0)   10 :  0.014 0.013 0.973 
228 24.0838.E1    (0)   10 :  0.020 0.011 0.968 
229 24.0839.E1    (0)   10 :  0.067 0.494 0.438 
230 24.0840.E1    (0)   10 :  0.019 0.116 0.865 
231 24.0841.E1    (0)   11 :  0.075 0.014 0.911 
232 24.0842.E1    (0)   11 :  0.040 0.080 0.880 
233 24.0843.E1    (0)   11 :  0.017 0.118 0.864 
234 24.0844.E1    (0)   11 :  0.026 0.426 0.548 
235 24.0845.E1    (0)   11 :  0.012 0.019 0.970 
236 24.0846.E1    (0)   11 :  0.021 0.031 0.948 
237 24.0847.E1    (0)   11 :  0.035 0.019 0.946 
238 24.0848.E1    (0)   11 :  0.013 0.019 0.969 
239 24.0849.E1    (0)   11 :  0.014 0.014 0.972 
240 24.0850.E1    (0)   11 :  0.014 0.014 0.972 
241 24.0851.E1    (0)   11 :  0.014 0.014 0.972 
242 24.0852.E1    (0)   11 :  0.018 0.015 0.967 
243 24.0853.E1    (0)   11 :  0.013 0.014 0.973 
244 24.0854.E1    (0)   11 :  0.016 0.816 0.168 
245 24.0855.E1    (0)   11 :  0.017 0.016 0.967 
246 24.0856.E1    (0)   11 :  0.061 0.903 0.036 
247 24.0857.E1    (0)   11 :  0.031 0.032 0.937 
248 24.0858.E1    (0)   11 :  0.026 0.030 0.944 
249 24.0859.E1    (0)   11 :  0.054 0.040 0.906 
250 24.0860.E1    (0)   11 :  0.028 0.920 0.052 
251 24.0861.E1    (0)   11 :  0.017 0.015 0.968 
252 24.0862.E1    (0)   11 :  0.021 0.809 0.170 
253 24.0863.E1    (0)   11 :  0.017 0.015 0.968 
254 24.0864.E1    (0)   11 :  0.441 0.033 0.525 
255 24.0865.E1    (0)   12 :  0.164 0.024 0.812 
256 24.0866.E1    (0)   12 :  0.131 0.042 0.826 
257 24.0867.E1    (0)   12 :  0.376 0.068 0.556 
258 24.0868.E1    (0)   12 :  0.081 0.150 0.770 
259 24.0869.E1    (0)   12 :  0.051 0.075 0.874 
260 24.0870.E1    (0)   12 :  0.236 0.317 0.447 
261 24.0871.E1    (0)   12 :  0.243 0.473 0.284 
262 24.0872.E1    (0)   12 :  0.255 0.206 0.539 
263 24.0873.E1    (0)   12 :  0.100 0.041 0.859 
264 24.0874.E1    (0)   12 :  0.349 0.052 0.599 
265 24.0875.E1    (0)   12 :  0.019 0.954 0.027 
266 24.0876.E1    (0)   12 :  0.243 0.738 0.019 
267 24.0877.E1    (0)   12 :  0.970 0.014 0.015 
268 24.0878.E1    (0)   12 :  0.759 0.016 0.225 
269 24.0879.E1    (0)   12 :  0.610 0.363 0.028 
270 24.0880.E1    (0)   12 :  0.038 0.041 0.921 
271 24.0881.E1    (0)   12 :  0.963 0.018 0.018 
272 24.0882.E1    (0)   12 :  0.977 0.011 0.012 
273 24.0883.E1    (0)   12 :  0.867 0.113 0.020 
274 24.0884.E1    (0)   12 :  0.962 0.019 0.018 
275 24.0885.E1    (0)   12 :  0.883 0.082 0.035 
276 24.0886.E1    (0)   12 :  0.946 0.036 0.018 
277 24.0887.E1    (0)   12 :  0.906 0.083 0.011 
278 24.0888.E1    (0)   12 :  0.048 0.290 0.662 


Estimated Allele Frequencies in each cluster
First column gives estimated ancestral frequencies


Locus 1 : 
31 alleles
0.0% missing data
 115   (0.038) 0.097 0.021 0.010 
 117   (0.036) 0.173 0.021 0.006 
 119   (0.050) 0.244 0.065 0.006 
 131   (0.017) 0.023 0.003 0.003 
 128   (0.037) 0.023 0.022 0.024 
 135   (0.016) 0.029 0.002 0.002 
 126   (0.072) 0.063 0.062 0.126 
 122   (0.028) 0.004 0.081 0.007 
 132   (0.030) 0.009 0.016 0.027 
 141   (0.012) 0.003 0.005 0.001 
 130   (0.049) 0.020 0.050 0.051 
 134   (0.036) 0.004 0.050 0.036 
 145   (0.029) 0.007 0.013 0.022 
 127   (0.027) 0.070 0.014 0.003 
 116   (0.105) 0.056 0.159 0.204 
 114   (0.047) 0.006 0.063 0.113 
 120   (0.038) 0.007 0.068 0.017 
 110   (0.046) 0.039 0.030 0.036 
 133   (0.016) 0.006 0.007 0.001 
 118   (0.107) 0.032 0.202 0.240 
 125   (0.017) 0.001 0.007 0.006 
 129   (0.020) 0.026 0.007 0.002 
 124   (0.019) 0.004 0.010 0.006 
 136   (0.022) 0.006 0.004 0.033 
 121   (0.015) 0.025 0.002 0.001 
 139   (0.011) 0.005 0.002 0.001 
 113   (0.012) 0.006 0.002 0.001 
 111   (0.012) 0.006 0.002 0.001 
 143   (0.012) 0.006 0.002 0.001 
 140   (0.014) 0.001 0.006 0.006 
 112   (0.012) 0.001 0.002 0.005 

Locus 2 : 
18 alleles
0.0% missing data
 152   (0.384) 0.638 0.469 0.293 
 148   (0.063) 0.132 0.085 0.007 
 154   (0.120) 0.066 0.136 0.127 
 156   (0.018) 0.005 0.008 0.002 
 150   (0.028) 0.019 0.022 0.002 
 164   (0.066) 0.061 0.032 0.085 
 158   (0.034) 0.015 0.042 0.004 
 160   (0.019) 0.011 0.004 0.005 
 166   (0.019) 0.002 0.022 0.003 
 151   (0.062) 0.005 0.056 0.299 
 147   (0.060) 0.006 0.073 0.132 
 168   (0.022) 0.002 0.013 0.011 
 153   (0.016) 0.001 0.004 0.008 
 149   (0.024) 0.011 0.014 0.002 
 162   (0.020) 0.003 0.010 0.008 
 167   (0.015) 0.010 0.002 0.001 
 146   (0.015) 0.011 0.002 0.001 
 172   (0.016) 0.001 0.005 0.008 

Locus 3 : 
4 alleles
0.0% missing data
 128   (0.301) 0.317 0.283 0.315 
 126   (0.604) 0.649 0.642 0.611 
 132   (0.079) 0.033 0.063 0.073 
 134   (0.016) 0.001 0.013 0.001 

Locus 4 : 
3 alleles
0.0% missing data
 170   (0.321) 0.267 0.339 0.317 
 172   (0.665) 0.730 0.657 0.680 
 171   (0.014) 0.003 0.004 0.002 

Locus 5 : 
37 alleles
0.0% missing data
 125   (0.051) 0.046 0.065 0.055 
 110   (0.037) 0.016 0.040 0.038 
 129   (0.035) 0.024 0.022 0.055 
 113   (0.036) 0.010 0.044 0.049 
 145   (0.046) 0.161 0.028 0.046 
 155   (0.053) 0.076 0.092 0.031 
 117   (0.029) 0.054 0.013 0.014 
 124   (0.011) 0.010 0.002 0.001 
 133   (0.033) 0.048 0.019 0.024 
 157   (0.047) 0.023 0.074 0.064 
 141   (0.017) 0.002 0.015 0.008 
 112   (0.069) 0.110 0.092 0.096 
 121   (0.022) 0.004 0.016 0.020 
 114   (0.032) 0.110 0.008 0.044 
 153   (0.054) 0.033 0.104 0.067 
 127   (0.057) 0.074 0.051 0.130 
 131   (0.060) 0.094 0.104 0.047 
 135   (0.030) 0.007 0.031 0.039 
 104   (0.010) 0.002 0.004 0.002 
 118   (0.017) 0.010 0.014 0.001 
 116   (0.028) 0.012 0.031 0.010 
 137   (0.024) 0.010 0.051 0.003 
 123   (0.024) 0.006 0.014 0.035 
 149   (0.010) 0.002 0.002 0.004 
 138   (0.013) 0.001 0.004 0.022 
 143   (0.027) 0.023 0.010 0.032 
 163   (0.011) 0.001 0.007 0.001 
 109   (0.010) 0.010 0.002 0.001 
 139   (0.010) 0.001 0.007 0.001 
 106   (0.010) 0.001 0.006 0.001 
 144   (0.017) 0.002 0.013 0.010 
 122   (0.011) 0.010 0.002 0.001 
 100   (0.016) 0.002 0.008 0.018 
 111   (0.012) 0.001 0.002 0.015 
 233   (0.010) 0.001 0.003 0.004 
 134   (0.011) 0.001 0.002 0.005 
 140   (0.010) 0.001 0.003 0.004 

Locus 6 : 
17 alleles
0.0% missing data
 221   (0.022) 0.085 0.006 0.002 
 232   (0.244) 0.273 0.276 0.379 
 229   (0.058) 0.065 0.038 0.035 
 223   (0.060) 0.060 0.041 0.042 
 230   (0.146) 0.202 0.143 0.158 
 235   (0.020) 0.026 0.006 0.003 
 236   (0.041) 0.039 0.031 0.012 
 227   (0.022) 0.030 0.008 0.002 
 220   (0.052) 0.006 0.078 0.069 
 222   (0.048) 0.004 0.108 0.038 
 234   (0.125) 0.129 0.139 0.120 
 224   (0.033) 0.003 0.036 0.031 
 228   (0.055) 0.011 0.057 0.088 
 225   (0.013) 0.001 0.006 0.001 
 226   (0.025) 0.002 0.019 0.015 
 233   (0.021) 0.041 0.006 0.002 
 231   (0.015) 0.020 0.003 0.001 

Locus 7 : 
10 alleles
0.0% missing data
 121   (0.683) 0.803 0.766 0.796 
 129   (0.074) 0.081 0.030 0.106 
 130   (0.016) 0.002 0.011 0.002 
 123   (0.104) 0.053 0.127 0.078 
 128   (0.024) 0.010 0.015 0.002 
 131   (0.016) 0.002 0.012 0.002 
 117   (0.013) 0.001 0.003 0.005 
 125   (0.015) 0.001 0.013 0.001 
 134   (0.039) 0.035 0.023 0.008 
 132   (0.015) 0.011 0.002 0.001 

Locus 8 : 
19 alleles
0.0% missing data
 184   (0.306) 0.445 0.455 0.331 
 194   (0.045) 0.036 0.041 0.015 
 178   (0.103) 0.119 0.088 0.151 
 176   (0.076) 0.114 0.053 0.072 
 182   (0.079) 0.100 0.059 0.081 
 190   (0.038) 0.018 0.031 0.012 
 196   (0.017) 0.002 0.003 0.033 
 200   (0.027) 0.013 0.027 0.003 
 180   (0.023) 0.004 0.042 0.003 
 188   (0.031) 0.014 0.008 0.053 
 174   (0.038) 0.033 0.043 0.006 
 186   (0.109) 0.088 0.107 0.188 
 192   (0.029) 0.006 0.012 0.029 
 201   (0.013) 0.001 0.007 0.001 
 199   (0.019) 0.001 0.014 0.005 
 185   (0.012) 0.001 0.002 0.005 
 203   (0.012) 0.001 0.002 0.005 
 198   (0.013) 0.001 0.002 0.005 
 209   (0.012) 0.001 0.004 0.003 

Locus 9 : 
6 alleles
0.4% missing data
 154   (0.701) 0.680 0.739 0.811 
 156   (0.205) 0.252 0.237 0.105 
 152   (0.041) 0.035 0.007 0.069 
 153   (0.016) 0.002 0.006 0.006 
 160   (0.018) 0.002 0.007 0.006 
 164   (0.020) 0.029 0.004 0.002 

Locus 10 : 
29 alleles
0.7% missing data
 305   (0.068) 0.049 0.130 0.022 
 313   (0.047) 0.061 0.022 0.033 
 311   (0.015) 0.008 0.004 0.002 
 299   (0.101) 0.141 0.085 0.144 
 315   (0.063) 0.075 0.088 0.020 
 287   (0.058) 0.021 0.146 0.022 
 291   (0.072) 0.102 0.024 0.286 
 295   (0.026) 0.081 0.007 0.008 
 289   (0.019) 0.002 0.048 0.002 
 303   (0.074) 0.187 0.031 0.142 
 297   (0.045) 0.078 0.018 0.034 
 293   (0.019) 0.002 0.048 0.002 
 301   (0.056) 0.049 0.046 0.039 
 285   (0.034) 0.006 0.119 0.009 
 307   (0.048) 0.097 0.021 0.043 
 312   (0.042) 0.005 0.064 0.061 
 306   (0.022) 0.005 0.005 0.034 
 320   (0.015) 0.001 0.005 0.008 
 317   (0.020) 0.005 0.003 0.031 
 314   (0.025) 0.015 0.013 0.004 
 323   (0.012) 0.001 0.006 0.001 
 325   (0.013) 0.001 0.006 0.001 
 310   (0.016) 0.001 0.004 0.018 
 309   (0.014) 0.001 0.011 0.002 
 316   (0.015) 0.001 0.003 0.014 
 296   (0.012) 0.001 0.002 0.005 
 304   (0.018) 0.001 0.020 0.004 
 321   (0.014) 0.001 0.011 0.002 
 332   (0.015) 0.002 0.007 0.006 

Locus 11 : 
19 alleles
0.0% missing data
 114   (0.135) 0.228 0.163 0.065 
 126   (0.017) 0.029 0.003 0.001 
 111   (0.147) 0.065 0.158 0.358 
 116   (0.080) 0.179 0.086 0.018 
 132   (0.013) 0.005 0.002 0.001 
 109   (0.017) 0.019 0.003 0.002 
 128   (0.015) 0.003 0.003 0.009 
 112   (0.307) 0.406 0.411 0.259 
 122   (0.016) 0.004 0.005 0.005 
 124   (0.013) 0.001 0.007 0.001 
 118   (0.050) 0.028 0.042 0.024 
 127   (0.013) 0.001 0.003 0.005 
 113   (0.049) 0.004 0.041 0.192 
 115   (0.038) 0.016 0.037 0.008 
 120   (0.022) 0.002 0.007 0.025 
 117   (0.019) 0.003 0.013 0.005 
 125   (0.020) 0.002 0.008 0.011 
 119   (0.016) 0.001 0.004 0.009 
 136   (0.013) 0.004 0.004 0.001 

Locus 12 : 
28 alleles
0.7% missing data
 306   (0.064) 0.046 0.139 0.015 
 314   (0.046) 0.054 0.017 0.059 
 312   (0.013) 0.011 0.002 0.001 
 300   (0.107) 0.147 0.086 0.144 
 316   (0.039) 0.068 0.025 0.008 
 288   (0.057) 0.019 0.143 0.021 
 292   (0.076) 0.103 0.025 0.289 
 296   (0.030) 0.082 0.008 0.012 
 290   (0.021) 0.002 0.048 0.002 
 304   (0.080) 0.188 0.032 0.142 
 298   (0.045) 0.078 0.018 0.034 
 294   (0.020) 0.002 0.048 0.002 
 302   (0.057) 0.049 0.046 0.039 
 286   (0.036) 0.006 0.124 0.009 
 308   (0.031) 0.082 0.018 0.003 
 313   (0.042) 0.006 0.076 0.030 
 307   (0.032) 0.018 0.007 0.074 
 321   (0.015) 0.001 0.005 0.008 
 315   (0.050) 0.021 0.072 0.022 
 318   (0.016) 0.001 0.002 0.029 
 324   (0.013) 0.001 0.006 0.001 
 326   (0.012) 0.001 0.006 0.001 
 311   (0.022) 0.004 0.009 0.027 
 310   (0.014) 0.001 0.011 0.002 
 305   (0.018) 0.003 0.005 0.012 
 317   (0.015) 0.001 0.003 0.009 
 320   (0.012) 0.001 0.006 0.002 
 322   (0.015) 0.001 0.011 0.002 

Locus 13 : 
7 alleles
1.1% missing data
 161   (0.542) 0.773 0.428 0.490 
 163   (0.308) 0.148 0.311 0.451 
 160   (0.038) 0.006 0.121 0.004 
 162   (0.033) 0.003 0.124 0.003 
 165   (0.046) 0.039 0.011 0.050 
 166   (0.015) 0.005 0.003 0.001 
 164   (0.018) 0.026 0.003 0.001 

Locus 14 : 
4 alleles
0.4% missing data
  98   (0.956) 0.986 0.993 0.989 
 100   (0.014) 0.001 0.002 0.005 
  96   (0.016) 0.011 0.002 0.001 
 105   (0.014) 0.002 0.003 0.005 

Locus 15 : 
12 alleles
2.2% missing data
 171   (0.284) 0.299 0.285 0.346 
 177   (0.180) 0.141 0.261 0.126 
 173   (0.256) 0.223 0.228 0.441 
 179   (0.125) 0.235 0.161 0.036 
 183   (0.023) 0.016 0.008 0.003 
 181   (0.036) 0.043 0.007 0.034 
 197   (0.022) 0.021 0.004 0.006 
 170   (0.015) 0.002 0.012 0.001 
 189   (0.015) 0.001 0.013 0.001 
 203   (0.016) 0.016 0.003 0.001 
 187   (0.015) 0.001 0.013 0.001 
 198   (0.014) 0.001 0.006 0.002 

Values of parameters used in structure:
DATAFILE=STRUCTURE_main_final_278_HEG_ZG.str,	OUTFILE=STRUCTURE_main_final_278_HEG_ZG-K3-13,	NUMINDS=278,	NUMLOCI=15,	MISSING=-9,	LABEL=1,	POPDATA=1,	POPFLAG=0,	PHENOTYPE=0,	EXTRACOLS=0,	MAXPOPS=3,	BURNIN=100000,	NUMREPS=500000,	USEPOPINFO=0,	INFERALPHA=1,	INFERLAMBDA=0,	POPSPECIFICLAMBDA=0,	POPALPHAS=0,	COMPUTEPROB=1,	NOADMIX=0,	ADMBURNIN=2500,	UPDATEFREQ=1,	PRINTLIKES=0,	INTERMEDSAVE=0,	PRINTKLD=0,	PRINTNET=0,	PRINTLAMBDA=0,	ANCESTDIST=0,	NUMBOXES=1000,	ANCESTPINT=0.90000,	GENSBACK=2,	MIGRPRIOR=0.05000,	PRINTQHAT=0,	PRINTQSUM=0,	ALPHA=1.0000,	FREQSCORR=1,	FPRIORMEAN=0.0100,	FPRIORSD=0.0500,	ONEFST=0,	LAMBDA=1.0000,	UNIFPRIORALPHA=1,	ALPHAMAX=10.0000,	ALPHAPRIORA=1.0000,	ALPHAPRIORB=2.0000,	ALPHAPROPSD=0.0250,	STARTATPOPINFO=0,	RANDOMIZE=1,	LINKAGE=0,	METROFREQ=10,	REPORTHITRATE=0,	MARKOVPHASE=-1,	PHASED=0,	PLOIDY=2,	PHASEINFO=0	LOCPRIOR=0, 	LOCPRIORINIT=1.000000, 	LOCDATA=0, 	LOCISPOP=0, 	LOCPRIORSTEP=0.100000, 	MAXLOCPRIOR=20.000000, 	SEED=1782479795,	
[STRAT parameters]:    NUMSIMSTATS=1000,	PHENOTYPECOL=-9,	POOLFREQ=10,	LOCUSxONLY=0,	EMERROR=0.00100,	MISSINGPHENO=-9,	