

----------------------------------------------------
STRUCTURE by Pritchard, Stephens and Donnelly (2000)
     and Falush, Stephens and Pritchard (2003)
       Code by Pritchard, Falush and Hubisz
             Version 2.3.4 (Jul 2012)
----------------------------------------------------



Command line arguments:   structure -K 6 -i STRUCTURE_main_final_278_HEG_ZG.str -o STRUCTURE_main_final_278_HEG_ZG-K6-8 
Input File:    STRUCTURE_main_final_278_HEG_ZG.str

Run parameters:
   278 individuals
   15 loci
   6 populations assumed
   100000 Burn-in period
   500000 Reps


--------------------------------------------
Proportion of membership of each pre-defined
 population in each of the 6 clusters

Given    Inferred Clusters                            Number of
 Pop       1      2      3      4      5      6      Individuals

  1:     0.694  0.028  0.088  0.081  0.089  0.020       24
  2:     0.043  0.042  0.063  0.094  0.028  0.729       24
  3:     0.039  0.391  0.298  0.036  0.205  0.031       24
  4:     0.274  0.366  0.088  0.141  0.083  0.048       24
  5:     0.054  0.509  0.275  0.074  0.043  0.045       24
  6:     0.585  0.046  0.043  0.249  0.034  0.043       24
  7:     0.103  0.040  0.035  0.775  0.016  0.032       24
  8:     0.071  0.739  0.075  0.020  0.074  0.022       14
  9:     0.059  0.111  0.327  0.012  0.328  0.163       24
 10:     0.018  0.034  0.093  0.053  0.790  0.013       24
 11:     0.042  0.034  0.170  0.021  0.702  0.032       24
 12:     0.322  0.314  0.098  0.170  0.073  0.023       24
--------------------------------------------

Allele-freq. divergence among pops (Net nucleotide distance),
computed using point estimates of P.

      1       2       3       4       5       6      
 1      -    0.0239  0.0321  0.0543  0.0526  0.0595  
 2   0.0239     -    0.0249  0.0588  0.0420  0.0553  
 3   0.0321  0.0249     -    0.0709  0.0473  0.0689  
 4   0.0543  0.0588  0.0709     -    0.1027  0.0925  
 5   0.0526  0.0420  0.0473  0.1027     -    0.0953  
 6   0.0595  0.0553  0.0689  0.0925  0.0953     -    

Average distances (expected heterozygosity) between individuals in same cluster:
cluster  1  : 0.6271 
cluster  2  : 0.6378 
cluster  3  : 0.6417 
cluster  4  : 0.5556 
cluster  5  : 0.6180 
cluster  6  : 0.6188 

--------------------------------------------
Estimated Ln Prob of Data   = -12776.2
Mean value of ln likelihood = -12248.1
Variance of ln likelihood   = 1056.1
Mean value of alpha         = 0.0693

Mean value of Fst_1         = 0.0726
Mean value of Fst_2         = 0.0424
Mean value of Fst_3         = 0.0843
Mean value of Fst_4         = 0.1686
Mean value of Fst_5         = 0.1270
Mean value of Fst_6         = 0.1721


Inferred ancestry of individuals:
        Label (%Miss) Pop:  Inferred clusters
  1 24.0601.E1    (0)    1 :  0.910 0.010 0.016 0.023 0.012 0.029 
  2 24.0602.E1    (0)    1 :  0.900 0.013 0.041 0.013 0.025 0.007 
  3 24.0603.E1    (0)    1 :  0.853 0.056 0.019 0.052 0.012 0.009 
  4 24.0604.E1    (0)    1 :  0.783 0.011 0.170 0.008 0.020 0.009 
  5 24.0605.E1    (0)    1 :  0.898 0.017 0.019 0.035 0.016 0.016 
  6 24.0606.E1    (0)    1 :  0.910 0.012 0.016 0.023 0.022 0.016 
  7 24.0607.E1    (0)    1 :  0.119 0.026 0.624 0.205 0.015 0.011 
  8 24.0608.E1    (0)    1 :  0.670 0.011 0.017 0.168 0.128 0.006 
  9 24.0609.E1    (0)    1 :  0.463 0.103 0.024 0.010 0.394 0.007 
 10 24.0610.E1    (0)    1 :  0.699 0.074 0.009 0.011 0.200 0.008 
 11 24.0611.E1    (0)    1 :  0.912 0.020 0.013 0.010 0.026 0.019 
 12 24.0612.E1    (0)    1 :  0.910 0.012 0.027 0.021 0.009 0.022 
 13 24.0613.E1    (0)    1 :  0.951 0.010 0.009 0.007 0.015 0.009 
 14 24.0614.E1    (0)    1 :  0.352 0.014 0.025 0.389 0.205 0.015 
 15 24.0615.E1    (0)    1 :  0.609 0.015 0.071 0.072 0.211 0.022 
 16 24.0616.E1    (0)    1 :  0.936 0.009 0.019 0.008 0.014 0.014 
 17 24.0617.E1    (0)    1 :  0.401 0.021 0.020 0.030 0.490 0.037 
 18 24.0618.E1    (0)    1 :  0.822 0.031 0.021 0.008 0.098 0.019 
 19 24.0619.E1    (0)    1 :  0.541 0.038 0.379 0.009 0.012 0.022 
 20 24.0620.E1   (20)    1 :  0.072 0.041 0.034 0.792 0.042 0.019 
 21 24.0621.E1    (0)    1 :  0.352 0.049 0.475 0.011 0.105 0.009 
 22 24.0622.E1    (0)    1 :  0.929 0.022 0.008 0.012 0.010 0.018 
 23 24.0623.E1    (0)    1 :  0.713 0.041 0.042 0.022 0.044 0.138 
 24 24.0624.E1    (0)    1 :  0.953 0.008 0.008 0.009 0.014 0.008 
 25 24.0625.E1    (0)    2 :  0.021 0.057 0.025 0.182 0.044 0.671 
 26 24.0626.E1    (0)    2 :  0.006 0.009 0.007 0.133 0.016 0.829 
 27 24.0627.E1    (0)    2 :  0.013 0.029 0.435 0.033 0.009 0.480 
 28 24.0628.E1    (0)    2 :  0.042 0.179 0.012 0.256 0.118 0.392 
 29 24.0629.E1    (0)    2 :  0.110 0.020 0.028 0.010 0.021 0.811 
 30 24.0630.E1    (0)    2 :  0.009 0.011 0.008 0.149 0.012 0.811 
 31 24.0631.E1    (0)    2 :  0.009 0.006 0.005 0.007 0.004 0.969 
 32 24.0632.E1    (0)    2 :  0.016 0.012 0.017 0.058 0.010 0.888 
 33 24.0633.E1    (0)    2 :  0.023 0.137 0.015 0.216 0.089 0.520 
 34 24.0634.E1    (0)    2 :  0.012 0.013 0.011 0.010 0.013 0.941 
 35 24.0635.E1    (0)    2 :  0.037 0.184 0.042 0.040 0.069 0.628 
 36 24.0636.E1   (33)    2 :  0.046 0.044 0.021 0.829 0.011 0.048 
 37 24.0637.E1    (0)    2 :  0.006 0.007 0.007 0.010 0.004 0.965 
 38 24.0638.E1    (0)    2 :  0.013 0.094 0.028 0.008 0.008 0.850 
 39 24.0639.E1    (0)    2 :  0.071 0.013 0.086 0.023 0.072 0.736 
 40 24.0640.E1    (0)    2 :  0.012 0.009 0.007 0.009 0.007 0.956 
 41 24.0641.E1    (0)    2 :  0.166 0.034 0.406 0.025 0.016 0.353 
 42 24.0642.E1    (0)    2 :  0.300 0.058 0.012 0.055 0.007 0.568 
 43 24.0643.E1    (0)    2 :  0.016 0.014 0.301 0.086 0.013 0.571 
 44 24.0644.E1    (0)    2 :  0.018 0.020 0.011 0.010 0.047 0.894 
 45 24.0645.E1    (0)    2 :  0.050 0.032 0.013 0.069 0.037 0.798 
 46 24.0646.E1    (0)    2 :  0.018 0.020 0.011 0.010 0.048 0.894 
 47 24.0647.E1    (0)    2 :  0.006 0.007 0.007 0.010 0.004 0.966 
 48 24.0648.E1    (0)    2 :  0.006 0.007 0.007 0.010 0.004 0.966 
 49 24.0649.E1    (0)    3 :  0.010 0.898 0.038 0.005 0.037 0.010 
 50 24.0650.E1    (0)    3 :  0.226 0.249 0.014 0.006 0.500 0.006 
 51 24.0651.E1    (0)    3 :  0.010 0.423 0.225 0.022 0.025 0.295 
 52 24.0652.E1    (0)    3 :  0.041 0.474 0.088 0.011 0.380 0.007 
 53 24.0653.E1    (0)    3 :  0.008 0.029 0.926 0.009 0.021 0.007 
 54 24.0654.E1    (0)    3 :  0.010 0.572 0.027 0.007 0.371 0.012 
 55 24.0655.E1    (0)    3 :  0.098 0.543 0.099 0.017 0.170 0.072 
 56 24.0656.E1    (0)    3 :  0.019 0.399 0.033 0.085 0.455 0.010 
 57 24.0657.E1    (0)    3 :  0.018 0.415 0.035 0.077 0.445 0.010 
 58 24.0658.E1    (0)    3 :  0.028 0.745 0.116 0.010 0.092 0.010 
 59 24.0659.E1    (0)    3 :  0.090 0.281 0.390 0.006 0.206 0.026 
 60 24.0660.E1    (6)    3 :  0.049 0.856 0.055 0.009 0.012 0.019 
 61 24.0661.E1    (0)    3 :  0.013 0.192 0.046 0.155 0.585 0.009 
 62 24.0662.E1    (0)    3 :  0.122 0.305 0.269 0.020 0.135 0.148 
 63 24.0663.E1    (0)    3 :  0.010 0.113 0.012 0.009 0.845 0.011 
 64 24.0664.E1    (0)    3 :  0.009 0.758 0.027 0.062 0.134 0.009 
 65 24.0665.E1    (0)    3 :  0.009 0.605 0.046 0.297 0.036 0.008 
 66 24.0666.E1    (0)    3 :  0.016 0.015 0.941 0.007 0.012 0.009 
 67 24.0667.E1    (0)    3 :  0.014 0.053 0.907 0.007 0.011 0.007 
 68 24.0668.E1    (0)    3 :  0.006 0.008 0.967 0.005 0.007 0.007 
 69 24.0669.E1    (0)    3 :  0.006 0.008 0.967 0.006 0.007 0.007 
 70 24.0670.E1    (0)    3 :  0.020 0.315 0.443 0.009 0.205 0.008 
 71 24.0671.E1    (0)    3 :  0.016 0.667 0.054 0.014 0.224 0.025 
 72 24.0672.E1    (0)    3 :  0.092 0.460 0.417 0.008 0.013 0.010 
 73 24.0673.E1    (6)    4 :  0.214 0.053 0.017 0.583 0.107 0.026 
 74 24.0674.E1    (0)    4 :  0.363 0.072 0.011 0.508 0.019 0.026 
 75 24.0675.E1    (0)    4 :  0.077 0.501 0.015 0.130 0.241 0.035 
 76 24.0676.E1    (0)    4 :  0.047 0.512 0.015 0.062 0.349 0.015 
 77 24.0677.E1    (0)    4 :  0.089 0.256 0.409 0.019 0.220 0.007 
 78 24.0678.E1    (0)    4 :  0.322 0.146 0.401 0.020 0.015 0.096 
 79 24.0679.E1    (0)    4 :  0.205 0.537 0.126 0.017 0.098 0.016 
 80 24.0680.E1    (0)    4 :  0.060 0.695 0.194 0.015 0.014 0.022 
 81 24.0681.E1    (0)    4 :  0.300 0.621 0.021 0.031 0.013 0.014 
 82 24.0682.E1    (0)    4 :  0.255 0.627 0.015 0.074 0.013 0.016 
 83 24.0683.E1    (0)    4 :  0.324 0.041 0.020 0.595 0.012 0.008 
 84 24.0684.E1    (0)    4 :  0.448 0.085 0.047 0.352 0.023 0.046 
 85 24.0685.E1    (0)    4 :  0.740 0.108 0.058 0.054 0.020 0.019 
 86 24.0686.E1    (0)    4 :  0.114 0.555 0.079 0.017 0.017 0.219 
 87 24.0687.E1    (0)    4 :  0.085 0.407 0.035 0.035 0.029 0.409 
 88 24.0688.E1    (0)    4 :  0.092 0.850 0.011 0.031 0.007 0.009 
 89 24.0689.E1    (0)    4 :  0.119 0.163 0.022 0.095 0.570 0.032 
 90 24.0690.E1    (0)    4 :  0.037 0.348 0.495 0.043 0.012 0.065 
 91 24.0691.E1    (0)    4 :  0.790 0.121 0.013 0.028 0.033 0.015 
 92 24.0692.E1    (0)    4 :  0.025 0.901 0.012 0.031 0.022 0.009 
 93 24.0693.E1    (0)    4 :  0.028 0.271 0.017 0.580 0.091 0.013 
 94 24.0694.E1    (0)    4 :  0.189 0.745 0.021 0.025 0.010 0.008 
 95 24.0695.E1    (0)    4 :  0.881 0.057 0.018 0.013 0.023 0.009 
 96 24.0696.E1    (0)    4 :  0.779 0.117 0.045 0.017 0.024 0.018 
 97 24.0697.E1    (0)    5 :  0.015 0.694 0.058 0.191 0.024 0.017 
 98 24.0698.E1    (0)    5 :  0.050 0.261 0.449 0.161 0.054 0.026 
 99 24.0699.E1    (0)    5 :  0.027 0.311 0.617 0.012 0.017 0.016 
100 24.0700.E1    (0)    5 :  0.010 0.914 0.046 0.011 0.011 0.009 
101 24.0701.E1    (0)    5 :  0.010 0.011 0.920 0.037 0.011 0.011 
102 24.0702.E1    (0)    5 :  0.017 0.765 0.135 0.050 0.012 0.022 
103 24.0703.E1    (0)    5 :  0.019 0.294 0.522 0.010 0.022 0.134 
104 24.0704.E1    (6)    5 :  0.030 0.255 0.654 0.018 0.014 0.029 
105 24.0705.E1    (0)    5 :  0.265 0.616 0.077 0.015 0.011 0.017 
106 24.0706.E1    (0)    5 :  0.010 0.904 0.045 0.014 0.016 0.010 
107 24.0707.E1    (0)    5 :  0.031 0.873 0.022 0.021 0.009 0.044 
108 24.0708.E1    (0)    5 :  0.128 0.030 0.068 0.054 0.360 0.359 
109 24.0709.E1    (0)    5 :  0.055 0.789 0.041 0.013 0.088 0.015 
110 24.0710.E1    (0)    5 :  0.144 0.153 0.553 0.087 0.053 0.011 
111 24.0711.E1    (0)    5 :  0.134 0.450 0.329 0.024 0.012 0.050 
112 24.0712.E1    (0)    5 :  0.029 0.029 0.861 0.025 0.009 0.047 
113 24.0713.E1    (0)    5 :  0.013 0.914 0.023 0.016 0.024 0.010 
114 24.0714.E1    (0)    5 :  0.110 0.593 0.211 0.013 0.043 0.029 
115 24.0715.E1    (0)    5 :  0.059 0.263 0.078 0.550 0.040 0.011 
116 24.0716.E1    (0)    5 :  0.063 0.122 0.669 0.031 0.056 0.059 
117 24.0717.E1    (0)    5 :  0.023 0.345 0.064 0.378 0.091 0.099 
118 24.0718.E1    (0)    5 :  0.025 0.907 0.025 0.015 0.008 0.021 
119 24.0719.E1    (0)    5 :  0.016 0.798 0.116 0.016 0.024 0.030 
120 24.0720.E1    (0)    5 :  0.022 0.917 0.021 0.010 0.015 0.015 
121 24.0721.E1    (0)    6 :  0.060 0.130 0.033 0.631 0.104 0.041 
122 24.0722.E1    (0)    6 :  0.108 0.036 0.113 0.533 0.016 0.193 
123 24.0723.E1    (0)    6 :  0.080 0.025 0.033 0.321 0.174 0.367 
124 24.0724.E1    (0)    6 :  0.443 0.027 0.031 0.322 0.135 0.041 
125 24.0725.E1    (0)    6 :  0.931 0.017 0.013 0.010 0.018 0.010 
126 24.0726.E1    (6)    6 :  0.868 0.019 0.011 0.082 0.010 0.011 
127 24.0727.E1    (0)    6 :  0.365 0.039 0.044 0.499 0.033 0.021 
128 24.0728.E1    (0)    6 :  0.563 0.131 0.030 0.199 0.028 0.049 
129 24.0729.E1    (0)    6 :  0.876 0.028 0.024 0.039 0.015 0.017 
130 24.0730.E1    (0)    6 :  0.383 0.263 0.202 0.075 0.061 0.016 
131 24.0731.E1    (0)    6 :  0.906 0.029 0.008 0.035 0.013 0.010 
132 24.0732.E1    (0)    6 :  0.109 0.032 0.012 0.827 0.008 0.012 
133 24.0733.E1    (0)    6 :  0.948 0.007 0.006 0.024 0.007 0.007 
134 24.0734.E1    (0)    6 :  0.054 0.043 0.024 0.841 0.013 0.025 
135 24.0735.E1    (0)    6 :  0.659 0.034 0.023 0.210 0.027 0.048 
136 24.0736.E1    (0)    6 :  0.895 0.011 0.010 0.064 0.009 0.011 
137 24.0737.E1    (0)    6 :  0.890 0.024 0.010 0.009 0.012 0.056 
138 24.0738.E1    (0)    6 :  0.912 0.015 0.013 0.038 0.010 0.012 
139 24.0739.E1    (0)    6 :  0.931 0.024 0.010 0.008 0.010 0.016 
140 24.0740.E1    (0)    6 :  0.907 0.034 0.015 0.014 0.014 0.016 
141 24.0741.E1    (0)    6 :  0.614 0.046 0.010 0.300 0.012 0.018 
142 24.0742.E1    (0)    6 :  0.386 0.014 0.011 0.565 0.010 0.014 
143 24.0743.E1    (0)    6 :  0.776 0.018 0.029 0.134 0.037 0.007 
144 24.0744.E1    (0)    6 :  0.382 0.063 0.311 0.188 0.037 0.019 
145 24.0745.E1    (0)    7 :  0.007 0.027 0.029 0.920 0.011 0.006 
146 24.0746.E1    (0)    7 :  0.065 0.075 0.052 0.664 0.014 0.130 
147 24.0747.E1    (0)    7 :  0.065 0.097 0.016 0.783 0.027 0.011 
148 24.0748.E1    (6)    7 :  0.082 0.117 0.020 0.728 0.040 0.012 
149 24.0749.E1    (0)    7 :  0.273 0.011 0.016 0.677 0.011 0.011 
150 24.0750.E1    (0)    7 :  0.552 0.112 0.048 0.236 0.030 0.021 
151 24.0751.E1    (0)    7 :  0.011 0.007 0.008 0.959 0.006 0.009 
152 24.0752.E1    (0)    7 :  0.060 0.010 0.015 0.894 0.013 0.008 
153 24.0753.E1    (0)    7 :  0.203 0.013 0.013 0.607 0.008 0.155 
154 24.0754.E1    (0)    7 :  0.026 0.010 0.008 0.935 0.008 0.013 
155 24.0755.E1    (0)    7 :  0.028 0.101 0.023 0.791 0.033 0.025 
156 24.0756.E1    (0)    7 :  0.020 0.007 0.013 0.931 0.019 0.011 
157 24.0757.E1    (0)    7 :  0.006 0.006 0.005 0.974 0.004 0.006 
158 24.0758.E1    (0)    7 :  0.006 0.006 0.006 0.972 0.004 0.006 
159 24.0759.E1    (0)    7 :  0.025 0.011 0.011 0.937 0.008 0.008 
160 24.0760.E1    (0)    7 :  0.017 0.063 0.017 0.638 0.008 0.256 
161 24.0761.E1    (0)    7 :  0.007 0.006 0.006 0.965 0.006 0.011 
162 24.0762.E1    (0)    7 :  0.202 0.203 0.448 0.075 0.058 0.013 
163 24.0763.E1    (0)    7 :  0.010 0.008 0.005 0.966 0.005 0.006 
164 24.0764.E1    (0)    7 :  0.018 0.009 0.007 0.950 0.006 0.010 
165 24.0765.E1    (0)    7 :  0.013 0.010 0.010 0.932 0.012 0.022 
166 24.0766.E1    (0)    7 :  0.011 0.008 0.007 0.959 0.007 0.007 
167 24.0767.E1    (0)    7 :  0.009 0.006 0.005 0.968 0.006 0.006 
168 24.0768.E1    (0)    7 :  0.745 0.034 0.048 0.130 0.034 0.008 
169 24.0779.E1    (0)    8 :  0.022 0.865 0.033 0.056 0.013 0.010 
170 24.0780.E1    (6)    8 :  0.011 0.810 0.017 0.006 0.148 0.008 
171 24.0781.E1    (0)    8 :  0.007 0.957 0.011 0.008 0.011 0.007 
172 24.0782.E1    (0)    8 :  0.661 0.121 0.029 0.045 0.038 0.107 
173 24.0783.E1    (0)    8 :  0.023 0.523 0.155 0.009 0.268 0.021 
174 24.0784.E1    (0)    8 :  0.012 0.942 0.010 0.006 0.020 0.009 
175 24.0785.E1    (0)    8 :  0.012 0.745 0.079 0.006 0.151 0.006 
176 24.0786.E1    (0)    8 :  0.030 0.861 0.015 0.016 0.068 0.010 
177 24.0787.E1    (0)    8 :  0.020 0.885 0.014 0.027 0.016 0.039 
178 24.0788.E1    (0)    8 :  0.007 0.910 0.008 0.009 0.053 0.013 
179 24.0789.E1    (0)    8 :  0.082 0.676 0.054 0.013 0.125 0.050 
180 24.0790.E1    (0)    8 :  0.006 0.945 0.011 0.005 0.022 0.009 
181 24.0791.E1    (0)    8 :  0.073 0.338 0.558 0.011 0.014 0.007 
182 24.0792.E1    (0)    8 :  0.025 0.764 0.051 0.060 0.094 0.007 
183 24.0793.E1    (0)    9 :  0.022 0.025 0.373 0.009 0.306 0.265 
184 24.0794.E1    (0)    9 :  0.456 0.072 0.034 0.016 0.408 0.014 
185 24.0795.E1    (0)    9 :  0.446 0.030 0.058 0.018 0.146 0.301 
186 24.0796.E1    (0)    9 :  0.033 0.124 0.022 0.007 0.804 0.010 
187 24.0797.E1    (0)    9 :  0.018 0.085 0.241 0.005 0.580 0.071 
188 24.0798.E1    (0)    9 :  0.015 0.044 0.672 0.041 0.078 0.150 
189 24.0799.E1    (0)    9 :  0.019 0.018 0.895 0.010 0.041 0.019 
190 24.0800.E1    (0)    9 :  0.031 0.053 0.279 0.014 0.615 0.009 
191 24.0801.E1    (0)    9 :  0.008 0.035 0.918 0.009 0.016 0.013 
192 24.0802.E1    (0)    9 :  0.021 0.022 0.147 0.007 0.342 0.461 
193 24.0803.E1    (0)    9 :  0.013 0.012 0.842 0.007 0.028 0.097 
194 24.0804.E1    (0)    9 :  0.014 0.012 0.057 0.006 0.654 0.257 
195 24.0805.E1    (0)    9 :  0.021 0.282 0.642 0.012 0.027 0.015 
196 24.0806.E1    (0)    9 :  0.031 0.019 0.200 0.014 0.131 0.606 
197 24.0807.E1    (0)    9 :  0.014 0.031 0.154 0.006 0.462 0.333 
198 24.0808.E1    (0)    9 :  0.018 0.576 0.084 0.008 0.301 0.013 
199 24.0809.E1    (0)    9 :  0.071 0.226 0.452 0.020 0.219 0.011 
200 24.0810.E1    (0)    9 :  0.032 0.033 0.689 0.031 0.166 0.049 
201 24.0811.E1    (0)    9 :  0.035 0.024 0.057 0.007 0.689 0.189 
202 24.0812.E1    (0)    9 :  0.046 0.218 0.055 0.011 0.652 0.018 
203 24.0813.E1    (0)    9 :  0.014 0.530 0.081 0.010 0.129 0.237 
204 24.0814.E1    (6)    9 :  0.011 0.071 0.058 0.007 0.706 0.148 
205 24.0815.E1    (0)    9 :  0.009 0.104 0.508 0.012 0.071 0.296 
206 24.0816.E1    (0)    9 :  0.010 0.021 0.328 0.006 0.306 0.328 
207 24.0817.E1    (0)   10 :  0.025 0.021 0.019 0.009 0.917 0.010 
208 24.0818.E1    (0)   10 :  0.043 0.049 0.038 0.014 0.841 0.015 
209 24.0819.E1    (0)   10 :  0.012 0.018 0.645 0.208 0.105 0.011 
210 24.0820.E1    (0)   10 :  0.008 0.010 0.018 0.420 0.536 0.010 
211 24.0821.E1    (0)   10 :  0.020 0.235 0.451 0.009 0.268 0.017 
212 24.0822.E1    (0)   10 :  0.010 0.023 0.014 0.025 0.922 0.006 
213 24.0823.E1    (0)   10 :  0.011 0.012 0.021 0.104 0.838 0.014 
214 24.0824.E1    (0)   10 :  0.019 0.019 0.586 0.013 0.351 0.012 
215 24.0825.E1    (0)   10 :  0.010 0.013 0.008 0.011 0.949 0.009 
216 24.0826.E1    (0)   10 :  0.008 0.016 0.027 0.244 0.694 0.011 
217 24.0827.E1    (0)   10 :  0.037 0.019 0.013 0.007 0.912 0.012 
218 24.0828.E1    (0)   10 :  0.009 0.016 0.031 0.052 0.880 0.012 
219 24.0829.E1    (0)   10 :  0.009 0.014 0.020 0.017 0.932 0.008 
220 24.0830.E1    (0)   10 :  0.013 0.043 0.037 0.006 0.891 0.009 
221 24.0831.E1    (0)   10 :  0.008 0.100 0.078 0.006 0.801 0.008 
222 24.0832.E1    (0)   10 :  0.013 0.011 0.007 0.006 0.958 0.005 
223 24.0833.E1    (0)   10 :  0.007 0.010 0.005 0.007 0.965 0.006 
224 24.0834.E1    (0)   10 :  0.012 0.012 0.008 0.013 0.945 0.010 
225 24.0835.E1    (0)   10 :  0.020 0.013 0.024 0.007 0.926 0.010 
226 24.0836.E1    (0)   10 :  0.026 0.028 0.029 0.018 0.890 0.008 
227 24.0837.E1    (0)   10 :  0.011 0.017 0.013 0.010 0.942 0.006 
228 24.0838.E1    (0)   10 :  0.008 0.020 0.008 0.015 0.943 0.006 
229 24.0839.E1    (0)   10 :  0.085 0.075 0.103 0.039 0.668 0.029 
230 24.0840.E1    (0)   10 :  0.017 0.015 0.025 0.006 0.879 0.058 
231 24.0841.E1    (0)   11 :  0.022 0.018 0.026 0.025 0.903 0.006 
232 24.0842.E1    (0)   11 :  0.018 0.012 0.294 0.013 0.659 0.005 
233 24.0843.E1    (0)   11 :  0.007 0.016 0.284 0.030 0.655 0.009 
234 24.0844.E1    (0)   11 :  0.025 0.031 0.670 0.009 0.256 0.008 
235 24.0845.E1    (0)   11 :  0.009 0.054 0.029 0.007 0.893 0.007 
236 24.0846.E1    (0)   11 :  0.020 0.018 0.032 0.011 0.904 0.014 
237 24.0847.E1    (0)   11 :  0.069 0.031 0.028 0.021 0.841 0.010 
238 24.0848.E1    (0)   11 :  0.027 0.066 0.071 0.006 0.823 0.007 
239 24.0849.E1    (0)   11 :  0.009 0.009 0.011 0.013 0.953 0.006 
240 24.0850.E1    (0)   11 :  0.009 0.009 0.011 0.012 0.953 0.006 
241 24.0851.E1    (0)   11 :  0.009 0.009 0.011 0.013 0.953 0.006 
242 24.0852.E1    (0)   11 :  0.009 0.029 0.015 0.039 0.902 0.006 
243 24.0853.E1    (0)   11 :  0.007 0.009 0.008 0.014 0.956 0.008 
244 24.0854.E1    (0)   11 :  0.012 0.017 0.850 0.014 0.099 0.008 
245 24.0855.E1    (0)   11 :  0.009 0.010 0.014 0.009 0.951 0.007 
246 24.0856.E1    (0)   11 :  0.079 0.029 0.520 0.044 0.067 0.261 
247 24.0857.E1    (0)   11 :  0.033 0.030 0.061 0.019 0.840 0.016 
248 24.0858.E1    (0)   11 :  0.017 0.033 0.074 0.018 0.850 0.007 
249 24.0859.E1    (0)   11 :  0.013 0.014 0.030 0.104 0.822 0.016 
250 24.0860.E1    (0)   11 :  0.028 0.025 0.790 0.032 0.091 0.033 
251 24.0861.E1    (0)   11 :  0.008 0.010 0.010 0.014 0.952 0.006 
252 24.0862.E1    (0)   11 :  0.064 0.062 0.191 0.011 0.383 0.288 
253 24.0863.E1    (0)   11 :  0.008 0.010 0.010 0.014 0.952 0.006 
254 24.0864.E1    (0)   11 :  0.490 0.266 0.027 0.009 0.199 0.010 
255 24.0865.E1    (0)   12 :  0.021 0.191 0.017 0.454 0.300 0.017 
256 24.0866.E1    (0)   12 :  0.072 0.357 0.277 0.071 0.214 0.009 
257 24.0867.E1    (0)   12 :  0.036 0.252 0.060 0.415 0.169 0.068 
258 24.0868.E1    (0)   12 :  0.017 0.893 0.019 0.021 0.028 0.022 
259 24.0869.E1    (0)   12 :  0.024 0.827 0.012 0.016 0.090 0.031 
260 24.0870.E1    (0)   12 :  0.091 0.724 0.027 0.030 0.028 0.099 
261 24.0871.E1    (0)   12 :  0.313 0.484 0.076 0.013 0.045 0.069 
262 24.0872.E1    (0)   12 :  0.023 0.429 0.135 0.351 0.048 0.014 
263 24.0873.E1    (0)   12 :  0.048 0.756 0.032 0.046 0.095 0.023 
264 24.0874.E1    (0)   12 :  0.023 0.183 0.087 0.446 0.246 0.015 
265 24.0875.E1    (0)   12 :  0.039 0.428 0.484 0.019 0.015 0.014 
266 24.0876.E1    (0)   12 :  0.274 0.309 0.353 0.036 0.010 0.017 
267 24.0877.E1    (0)   12 :  0.879 0.017 0.030 0.058 0.008 0.008 
268 24.0878.E1    (0)   12 :  0.880 0.051 0.011 0.013 0.035 0.010 
269 24.0879.E1    (0)   12 :  0.774 0.023 0.173 0.008 0.009 0.013 
270 24.0880.E1    (0)   12 :  0.057 0.549 0.037 0.021 0.313 0.023 
271 24.0881.E1    (0)   12 :  0.948 0.007 0.010 0.016 0.008 0.011 
272 24.0882.E1    (0)   12 :  0.219 0.014 0.024 0.720 0.013 0.009 
273 24.0883.E1    (0)   12 :  0.410 0.021 0.199 0.341 0.015 0.014 
274 24.0884.E1    (0)   12 :  0.920 0.012 0.012 0.037 0.009 0.010 
275 24.0885.E1    (0)   12 :  0.882 0.064 0.017 0.011 0.011 0.016 
276 24.0886.E1    (0)   12 :  0.691 0.022 0.055 0.210 0.015 0.006 
277 24.0887.E1    (0)   12 :  0.068 0.011 0.175 0.727 0.007 0.013 
278 24.0888.E1    (0)   12 :  0.020 0.917 0.035 0.008 0.011 0.010 


Estimated Allele Frequencies in each cluster
First column gives estimated ancestral frequencies


Locus 1 : 
31 alleles
0.0% missing data
 115   (0.035) 0.150 0.019 0.016 0.032 0.004 0.004 
 117   (0.040) 0.178 0.012 0.042 0.165 0.003 0.004 
 119   (0.041) 0.224 0.008 0.007 0.265 0.003 0.207 
 131   (0.016) 0.039 0.003 0.002 0.003 0.002 0.001 
 128   (0.035) 0.044 0.031 0.023 0.004 0.015 0.004 
 135   (0.016) 0.046 0.003 0.003 0.004 0.001 0.001 
 126   (0.077) 0.073 0.066 0.065 0.086 0.167 0.015 
 122   (0.033) 0.012 0.016 0.049 0.002 0.004 0.151 
 132   (0.031) 0.005 0.024 0.017 0.016 0.030 0.006 
 141   (0.011) 0.007 0.002 0.002 0.001 0.001 0.003 
 130   (0.053) 0.010 0.092 0.051 0.024 0.027 0.025 
 134   (0.037) 0.005 0.030 0.012 0.003 0.043 0.115 
 145   (0.027) 0.004 0.016 0.014 0.021 0.018 0.012 
 127   (0.027) 0.023 0.006 0.005 0.143 0.002 0.031 
 116   (0.113) 0.034 0.235 0.109 0.041 0.199 0.191 
 114   (0.050) 0.007 0.042 0.064 0.009 0.154 0.090 
 120   (0.040) 0.010 0.041 0.074 0.004 0.003 0.074 
 110   (0.047) 0.038 0.018 0.053 0.022 0.054 0.024 
 133   (0.017) 0.003 0.003 0.008 0.012 0.001 0.007 
 118   (0.095) 0.017 0.253 0.338 0.033 0.209 0.014 
 125   (0.017) 0.003 0.005 0.006 0.001 0.009 0.003 
 129   (0.020) 0.038 0.007 0.009 0.007 0.001 0.002 
 124   (0.018) 0.006 0.012 0.014 0.002 0.001 0.002 
 136   (0.022) 0.004 0.026 0.003 0.002 0.037 0.002 
 121   (0.015) 0.006 0.003 0.002 0.056 0.001 0.001 
 139   (0.011) 0.009 0.002 0.002 0.001 0.001 0.001 
 113   (0.012) 0.001 0.002 0.002 0.012 0.001 0.001 
 111   (0.012) 0.002 0.002 0.002 0.012 0.001 0.001 
 143   (0.011) 0.001 0.002 0.002 0.013 0.001 0.001 
 140   (0.012) 0.001 0.015 0.003 0.001 0.001 0.002 
 112   (0.011) 0.001 0.002 0.002 0.001 0.008 0.001 

Locus 2 : 
18 alleles
0.0% missing data
 152   (0.380) 0.589 0.374 0.455 0.739 0.278 0.436 
 148   (0.066) 0.179 0.030 0.031 0.057 0.005 0.184 
 154   (0.111) 0.058 0.115 0.058 0.057 0.154 0.240 
 156   (0.017) 0.011 0.006 0.005 0.001 0.002 0.003 
 150   (0.025) 0.006 0.005 0.005 0.040 0.002 0.051 
 164   (0.074) 0.081 0.079 0.049 0.014 0.081 0.019 
 158   (0.031) 0.017 0.007 0.077 0.008 0.002 0.020 
 160   (0.018) 0.002 0.012 0.003 0.020 0.001 0.002 
 166   (0.022) 0.004 0.015 0.022 0.001 0.002 0.009 
 151   (0.070) 0.009 0.154 0.111 0.005 0.349 0.007 
 147   (0.065) 0.008 0.122 0.138 0.009 0.104 0.009 
 168   (0.023) 0.004 0.020 0.015 0.003 0.004 0.003 
 153   (0.016) 0.002 0.014 0.004 0.002 0.002 0.002 
 149   (0.024) 0.004 0.017 0.018 0.011 0.001 0.002 
 162   (0.019) 0.005 0.008 0.005 0.003 0.010 0.008 
 167   (0.013) 0.017 0.002 0.002 0.001 0.001 0.001 
 146   (0.013) 0.001 0.002 0.002 0.025 0.001 0.001 
 172   (0.014) 0.002 0.017 0.002 0.001 0.001 0.001 

Locus 3 : 
4 alleles
0.0% missing data
 128   (0.293) 0.240 0.262 0.281 0.395 0.378 0.287 
 126   (0.613) 0.692 0.693 0.626 0.597 0.534 0.650 
 132   (0.078) 0.066 0.042 0.073 0.007 0.087 0.056 
 134   (0.016) 0.002 0.003 0.020 0.001 0.001 0.007 

Locus 4 : 
3 alleles
0.0% missing data
 170   (0.317) 0.284 0.300 0.289 0.264 0.338 0.393 
 172   (0.669) 0.714 0.696 0.709 0.733 0.661 0.600 
 171   (0.013) 0.002 0.004 0.002 0.003 0.002 0.007 

Locus 5 : 
37 alleles
0.0% missing data
 125   (0.053) 0.051 0.028 0.075 0.049 0.080 0.056 
 110   (0.034) 0.028 0.008 0.045 0.012 0.063 0.032 
 129   (0.038) 0.047 0.059 0.036 0.003 0.032 0.004 
 113   (0.033) 0.011 0.084 0.030 0.003 0.037 0.012 
 145   (0.053) 0.212 0.051 0.045 0.103 0.023 0.006 
 155   (0.049) 0.127 0.020 0.046 0.015 0.042 0.179 
 117   (0.032) 0.036 0.053 0.008 0.043 0.003 0.006 
 124   (0.011) 0.017 0.002 0.002 0.001 0.001 0.001 
 133   (0.033) 0.035 0.052 0.016 0.066 0.002 0.003 
 157   (0.045) 0.007 0.097 0.139 0.022 0.028 0.019 
 141   (0.016) 0.006 0.026 0.003 0.001 0.003 0.002 
 112   (0.066) 0.081 0.049 0.041 0.145 0.145 0.168 
 121   (0.021) 0.005 0.014 0.010 0.003 0.026 0.022 
 114   (0.043) 0.055 0.037 0.009 0.174 0.047 0.018 
 153   (0.047) 0.060 0.035 0.200 0.004 0.086 0.010 
 127   (0.066) 0.068 0.112 0.039 0.096 0.134 0.035 
 131   (0.058) 0.052 0.026 0.093 0.167 0.042 0.193 
 135   (0.029) 0.009 0.032 0.039 0.003 0.053 0.006 
 104   (0.010) 0.001 0.004 0.002 0.003 0.001 0.007 
 118   (0.018) 0.017 0.011 0.006 0.003 0.001 0.012 
 116   (0.027) 0.018 0.013 0.018 0.004 0.013 0.049 
 137   (0.020) 0.007 0.010 0.014 0.005 0.002 0.131 
 123   (0.021) 0.009 0.005 0.018 0.002 0.061 0.005 
 149   (0.010) 0.003 0.004 0.002 0.001 0.003 0.001 
 138   (0.014) 0.002 0.037 0.003 0.001 0.002 0.001 
 143   (0.025) 0.003 0.013 0.015 0.059 0.040 0.003 
 163   (0.011) 0.002 0.005 0.002 0.001 0.001 0.006 
 109   (0.011) 0.003 0.015 0.002 0.001 0.001 0.001 
 139   (0.010) 0.001 0.008 0.003 0.001 0.001 0.001 
 106   (0.010) 0.001 0.008 0.002 0.001 0.001 0.001 
 144   (0.015) 0.002 0.026 0.011 0.001 0.001 0.001 
 122   (0.011) 0.014 0.002 0.002 0.004 0.001 0.001 
 100   (0.018) 0.003 0.017 0.015 0.001 0.014 0.003 
 111   (0.012) 0.001 0.024 0.002 0.001 0.001 0.001 
 233   (0.010) 0.001 0.004 0.007 0.001 0.002 0.001 
 134   (0.010) 0.001 0.003 0.002 0.001 0.006 0.001 
 140   (0.010) 0.001 0.009 0.002 0.001 0.001 0.001 

Locus 6 : 
17 alleles
0.0% missing data
 221   (0.026) 0.102 0.005 0.004 0.067 0.002 0.003 
 232   (0.238) 0.172 0.299 0.316 0.454 0.425 0.147 
 229   (0.054) 0.090 0.012 0.028 0.047 0.053 0.045 
 223   (0.056) 0.100 0.029 0.086 0.008 0.038 0.008 
 230   (0.155) 0.113 0.221 0.106 0.274 0.147 0.151 
 235   (0.015) 0.050 0.003 0.002 0.001 0.001 0.002 
 236   (0.040) 0.068 0.027 0.016 0.006 0.006 0.031 
 227   (0.020) 0.051 0.005 0.010 0.002 0.001 0.002 
 220   (0.054) 0.008 0.045 0.054 0.004 0.074 0.166 
 222   (0.042) 0.005 0.051 0.047 0.003 0.009 0.276 
 234   (0.139) 0.132 0.140 0.189 0.092 0.099 0.141 
 224   (0.035) 0.004 0.027 0.051 0.002 0.042 0.004 
 228   (0.056) 0.014 0.119 0.070 0.005 0.060 0.007 
 225   (0.012) 0.005 0.003 0.002 0.001 0.002 0.006 
 226   (0.018) 0.005 0.004 0.006 0.001 0.039 0.009 
 233   (0.025) 0.046 0.007 0.011 0.030 0.002 0.002 
 231   (0.014) 0.034 0.003 0.002 0.001 0.001 0.001 

Locus 7 : 
10 alleles
0.0% missing data
 121   (0.694) 0.862 0.828 0.728 0.755 0.733 0.805 
 129   (0.076) 0.083 0.033 0.054 0.097 0.141 0.010 
 130   (0.017) 0.002 0.003 0.017 0.002 0.003 0.005 
 123   (0.097) 0.028 0.060 0.128 0.089 0.114 0.121 
 128   (0.022) 0.003 0.004 0.010 0.020 0.001 0.027 
 131   (0.015) 0.002 0.003 0.005 0.001 0.002 0.023 
 117   (0.013) 0.001 0.009 0.002 0.001 0.001 0.001 
 125   (0.014) 0.001 0.002 0.025 0.001 0.001 0.001 
 134   (0.038) 0.013 0.053 0.029 0.014 0.003 0.006 
 132   (0.014) 0.002 0.004 0.002 0.020 0.001 0.001 

Locus 8 : 
19 alleles
0.0% missing data
 184   (0.297) 0.476 0.369 0.504 0.378 0.308 0.457 
 194   (0.047) 0.031 0.062 0.015 0.032 0.009 0.023 
 178   (0.090) 0.177 0.052 0.035 0.075 0.197 0.175 
 176   (0.078) 0.052 0.104 0.075 0.190 0.048 0.011 
 182   (0.083) 0.050 0.087 0.083 0.171 0.066 0.031 
 190   (0.035) 0.006 0.008 0.026 0.034 0.013 0.058 
 196   (0.023) 0.009 0.014 0.004 0.002 0.039 0.002 
 200   (0.030) 0.013 0.017 0.040 0.010 0.002 0.007 
 180   (0.025) 0.007 0.005 0.046 0.002 0.002 0.059 
 188   (0.039) 0.025 0.044 0.007 0.006 0.045 0.007 
 174   (0.043) 0.031 0.037 0.037 0.035 0.003 0.019 
 186   (0.114) 0.106 0.165 0.067 0.056 0.209 0.121 
 192   (0.025) 0.008 0.006 0.013 0.003 0.045 0.011 
 201   (0.012) 0.001 0.002 0.006 0.001 0.001 0.009 
 199   (0.016) 0.002 0.005 0.025 0.001 0.004 0.004 
 185   (0.011) 0.001 0.005 0.002 0.001 0.004 0.001 
 203   (0.011) 0.002 0.008 0.002 0.001 0.001 0.001 
 198   (0.011) 0.001 0.007 0.002 0.001 0.002 0.001 
 209   (0.011) 0.001 0.002 0.010 0.001 0.002 0.001 

Locus 9 : 
6 alleles
0.4% missing data
 154   (0.690) 0.701 0.757 0.693 0.666 0.826 0.799 
 156   (0.212) 0.185 0.185 0.277 0.320 0.084 0.190 
 152   (0.047) 0.066 0.030 0.008 0.007 0.085 0.004 
 153   (0.015) 0.003 0.012 0.004 0.001 0.003 0.003 
 160   (0.015) 0.002 0.008 0.015 0.001 0.001 0.001 
 164   (0.022) 0.044 0.008 0.003 0.006 0.001 0.002 

Locus 10 : 
29 alleles
0.7% missing data
 305   (0.061) 0.080 0.066 0.032 0.009 0.012 0.248 
 313   (0.048) 0.109 0.038 0.020 0.005 0.024 0.010 
 311   (0.015) 0.011 0.004 0.007 0.001 0.001 0.001 
 299   (0.100) 0.213 0.075 0.145 0.031 0.195 0.027 
 315   (0.076) 0.070 0.112 0.023 0.078 0.014 0.059 
 287   (0.024) 0.012 0.006 0.359 0.003 0.003 0.005 
 291   (0.116) 0.141 0.192 0.032 0.037 0.316 0.057 
 295   (0.029) 0.121 0.030 0.004 0.002 0.003 0.004 
 289   (0.016) 0.002 0.004 0.099 0.001 0.001 0.002 
 303   (0.047) 0.009 0.032 0.009 0.532 0.151 0.030 
 297   (0.037) 0.041 0.008 0.017 0.109 0.071 0.005 
 293   (0.021) 0.021 0.014 0.061 0.001 0.001 0.003 
 301   (0.054) 0.057 0.087 0.011 0.006 0.007 0.104 
 285   (0.021) 0.003 0.006 0.028 0.002 0.004 0.328 
 307   (0.057) 0.032 0.037 0.017 0.163 0.061 0.025 
 312   (0.054) 0.010 0.095 0.032 0.005 0.060 0.049 
 306   (0.025) 0.010 0.056 0.004 0.002 0.003 0.002 
 320   (0.012) 0.001 0.017 0.002 0.001 0.001 0.001 
 317   (0.023) 0.013 0.022 0.005 0.002 0.026 0.002 
 314   (0.026) 0.026 0.013 0.015 0.002 0.002 0.002 
 323   (0.013) 0.002 0.006 0.006 0.001 0.001 0.001 
 325   (0.013) 0.002 0.006 0.006 0.001 0.001 0.001 
 310   (0.019) 0.003 0.013 0.007 0.001 0.020 0.002 
 309   (0.015) 0.002 0.015 0.004 0.001 0.001 0.002 
 316   (0.018) 0.002 0.021 0.003 0.001 0.006 0.002 
 296   (0.013) 0.002 0.009 0.002 0.001 0.001 0.001 
 304   (0.019) 0.002 0.004 0.017 0.001 0.009 0.024 
 321   (0.015) 0.002 0.006 0.017 0.001 0.001 0.003 
 332   (0.015) 0.002 0.007 0.016 0.001 0.002 0.001 

Locus 11 : 
19 alleles
0.0% missing data
 114   (0.145) 0.229 0.181 0.066 0.211 0.013 0.275 
 126   (0.021) 0.046 0.004 0.003 0.004 0.001 0.010 
 111   (0.092) 0.157 0.027 0.224 0.007 0.561 0.039 
 116   (0.101) 0.128 0.069 0.132 0.217 0.016 0.032 
 132   (0.012) 0.008 0.003 0.002 0.001 0.001 0.001 
 109   (0.015) 0.034 0.003 0.002 0.001 0.001 0.001 
 128   (0.019) 0.008 0.011 0.003 0.001 0.002 0.002 
 112   (0.327) 0.302 0.551 0.306 0.501 0.049 0.570 
 122   (0.016) 0.002 0.008 0.004 0.008 0.002 0.006 
 124   (0.013) 0.002 0.002 0.002 0.002 0.001 0.016 
 118   (0.052) 0.028 0.028 0.081 0.032 0.008 0.022 
 127   (0.013) 0.001 0.009 0.002 0.001 0.001 0.001 
 113   (0.045) 0.006 0.032 0.069 0.004 0.290 0.009 
 115   (0.035) 0.028 0.016 0.067 0.003 0.003 0.004 
 120   (0.023) 0.004 0.012 0.005 0.001 0.036 0.002 
 117   (0.022) 0.004 0.012 0.015 0.002 0.006 0.003 
 125   (0.019) 0.002 0.019 0.010 0.001 0.002 0.002 
 119   (0.017) 0.002 0.010 0.004 0.001 0.006 0.004 
 136   (0.012) 0.008 0.002 0.004 0.001 0.001 0.001 

Locus 12 : 
28 alleles
0.7% missing data
 306   (0.062) 0.080 0.043 0.041 0.009 0.017 0.272 
 314   (0.052) 0.096 0.027 0.029 0.006 0.072 0.006 
 312   (0.014) 0.018 0.003 0.002 0.001 0.001 0.001 
 300   (0.107) 0.224 0.076 0.145 0.032 0.194 0.028 
 316   (0.045) 0.063 0.010 0.008 0.072 0.013 0.050 
 288   (0.027) 0.011 0.006 0.351 0.004 0.003 0.005 
 292   (0.122) 0.143 0.194 0.038 0.038 0.318 0.056 
 296   (0.032) 0.121 0.038 0.005 0.003 0.003 0.004 
 290   (0.017) 0.002 0.004 0.099 0.001 0.001 0.002 
 304   (0.050) 0.010 0.032 0.009 0.536 0.151 0.030 
 298   (0.040) 0.042 0.009 0.018 0.110 0.071 0.005 
 294   (0.022) 0.022 0.014 0.061 0.001 0.002 0.003 
 302   (0.055) 0.058 0.087 0.012 0.006 0.007 0.103 
 286   (0.021) 0.003 0.006 0.029 0.002 0.004 0.336 
 308   (0.035) 0.015 0.020 0.013 0.156 0.002 0.023 
 313   (0.044) 0.010 0.112 0.028 0.004 0.004 0.050 
 307   (0.047) 0.026 0.072 0.008 0.006 0.067 0.004 
 321   (0.015) 0.002 0.017 0.003 0.001 0.001 0.001 
 315   (0.048) 0.032 0.113 0.032 0.004 0.005 0.006 
 318   (0.021) 0.004 0.020 0.004 0.001 0.029 0.002 
 324   (0.013) 0.002 0.006 0.006 0.001 0.001 0.001 
 326   (0.012) 0.002 0.006 0.006 0.001 0.001 0.001 
 311   (0.024) 0.006 0.018 0.018 0.002 0.028 0.002 
 310   (0.014) 0.002 0.015 0.004 0.001 0.001 0.002 
 305   (0.016) 0.002 0.024 0.002 0.001 0.001 0.002 
 317   (0.014) 0.002 0.017 0.002 0.001 0.001 0.001 
 320   (0.013) 0.002 0.005 0.009 0.001 0.001 0.001 
 322   (0.015) 0.002 0.006 0.017 0.001 0.001 0.003 

Locus 13 : 
7 alleles
1.1% missing data
 161   (0.596) 0.684 0.637 0.568 0.892 0.374 0.122 
 163   (0.296) 0.241 0.336 0.411 0.038 0.546 0.065 
 160   (0.018) 0.002 0.004 0.003 0.001 0.001 0.400 
 162   (0.017) 0.002 0.003 0.002 0.001 0.001 0.404 
 165   (0.042) 0.063 0.013 0.010 0.005 0.076 0.006 
 166   (0.014) 0.006 0.004 0.003 0.003 0.001 0.002 
 164   (0.016) 0.002 0.003 0.002 0.060 0.001 0.001 

Locus 14 : 
4 alleles
0.4% missing data
  98   (0.955) 0.987 0.980 0.993 0.985 0.997 0.996 
 100   (0.014) 0.002 0.008 0.002 0.003 0.001 0.001 
  96   (0.018) 0.010 0.004 0.003 0.012 0.001 0.002 
 105   (0.014) 0.002 0.009 0.002 0.001 0.001 0.001 

Locus 15 : 
12 alleles
2.2% missing data
 171   (0.299) 0.369 0.317 0.402 0.193 0.324 0.201 
 177   (0.188) 0.197 0.190 0.246 0.076 0.090 0.304 
 173   (0.254) 0.318 0.311 0.174 0.098 0.538 0.200 
 179   (0.097) 0.064 0.050 0.120 0.505 0.020 0.267 
 183   (0.021) 0.020 0.006 0.006 0.010 0.003 0.003 
 181   (0.041) 0.008 0.045 0.007 0.094 0.019 0.005 
 197   (0.024) 0.009 0.024 0.003 0.018 0.002 0.002 
 170   (0.015) 0.002 0.014 0.007 0.001 0.001 0.002 
 189   (0.016) 0.003 0.011 0.003 0.001 0.001 0.012 
 203   (0.016) 0.004 0.022 0.002 0.001 0.001 0.001 
 187   (0.015) 0.002 0.005 0.020 0.001 0.001 0.001 
 198   (0.013) 0.002 0.005 0.009 0.001 0.001 0.001 

Values of parameters used in structure:
DATAFILE=STRUCTURE_main_final_278_HEG_ZG.str,	OUTFILE=STRUCTURE_main_final_278_HEG_ZG-K6-8,	NUMINDS=278,	NUMLOCI=15,	MISSING=-9,	LABEL=1,	POPDATA=1,	POPFLAG=0,	PHENOTYPE=0,	EXTRACOLS=0,	MAXPOPS=6,	BURNIN=100000,	NUMREPS=500000,	USEPOPINFO=0,	INFERALPHA=1,	INFERLAMBDA=0,	POPSPECIFICLAMBDA=0,	POPALPHAS=0,	COMPUTEPROB=1,	NOADMIX=0,	ADMBURNIN=2500,	UPDATEFREQ=1,	PRINTLIKES=0,	INTERMEDSAVE=0,	PRINTKLD=0,	PRINTNET=0,	PRINTLAMBDA=0,	ANCESTDIST=0,	NUMBOXES=1000,	ANCESTPINT=0.90000,	GENSBACK=2,	MIGRPRIOR=0.05000,	PRINTQHAT=0,	PRINTQSUM=0,	ALPHA=1.0000,	FREQSCORR=1,	FPRIORMEAN=0.0100,	FPRIORSD=0.0500,	ONEFST=0,	LAMBDA=1.0000,	UNIFPRIORALPHA=1,	ALPHAMAX=10.0000,	ALPHAPRIORA=1.0000,	ALPHAPRIORB=2.0000,	ALPHAPROPSD=0.0250,	STARTATPOPINFO=0,	RANDOMIZE=1,	LINKAGE=0,	METROFREQ=10,	REPORTHITRATE=0,	MARKOVPHASE=-1,	PHASED=0,	PLOIDY=2,	PHASEINFO=0	LOCPRIOR=0, 	LOCPRIORINIT=1.000000, 	LOCDATA=0, 	LOCISPOP=0, 	LOCPRIORSTEP=0.100000, 	MAXLOCPRIOR=20.000000, 	SEED=1782481572,	
[STRAT parameters]:    NUMSIMSTATS=1000,	PHENOTYPECOL=-9,	POOLFREQ=10,	LOCUSxONLY=0,	EMERROR=0.00100,	MISSINGPHENO=-9,	