

----------------------------------------------------
STRUCTURE by Pritchard, Stephens and Donnelly (2000)
     and Falush, Stephens and Pritchard (2003)
       Code by Pritchard, Falush and Hubisz
             Version 2.3.4 (Jul 2012)
----------------------------------------------------



Command line arguments:   structure -K 8 -i STRUCTURE_main_final_278_HEG_ZG.str -o STRUCTURE_main_final_278_HEG_ZG-K8-12 
Input File:    STRUCTURE_main_final_278_HEG_ZG.str

Run parameters:
   278 individuals
   15 loci
   8 populations assumed
   100000 Burn-in period
   500000 Reps


--------------------------------------------
Proportion of membership of each pre-defined
 population in each of the 8 clusters

Given    Inferred Clusters                                          Number of
 Pop       1      2      3      4      5      6      7      8      Individuals

  1:     0.690  0.066  0.058  0.013  0.044  0.011  0.072  0.047       24
  2:     0.024  0.022  0.021  0.763  0.056  0.021  0.056  0.038       24
  3:     0.019  0.068  0.058  0.012  0.254  0.550  0.011  0.029       24
  4:     0.071  0.050  0.070  0.027  0.107  0.064  0.057  0.555       24
  5:     0.037  0.022  0.192  0.027  0.223  0.170  0.057  0.272       24
  6:     0.452  0.022  0.052  0.030  0.033  0.048  0.238  0.125       24
  7:     0.063  0.014  0.018  0.034  0.037  0.013  0.755  0.067       24
  8:     0.038  0.048  0.026  0.016  0.109  0.680  0.013  0.071       14
  9:     0.052  0.128  0.678  0.015  0.042  0.047  0.007  0.031       24
 10:     0.014  0.742  0.083  0.009  0.057  0.041  0.041  0.013       24
 11:     0.022  0.603  0.196  0.011  0.091  0.026  0.015  0.036       24
 12:     0.241  0.073  0.023  0.021  0.130  0.103  0.127  0.282       24
--------------------------------------------

Allele-freq. divergence among pops (Net nucleotide distance),
computed using point estimates of P.

      1       2       3       4       5       6       7       8      
 1      -    0.0575  0.0312  0.0653  0.0517  0.0433  0.0664  0.0326  
 2   0.0575     -    0.0348  0.1039  0.0670  0.0464  0.1106  0.0603  
 3   0.0312  0.0348     -    0.0696  0.0474  0.0370  0.0869  0.0446  
 4   0.0653  0.1039  0.0696     -    0.0767  0.0663  0.0947  0.0682  
 5   0.0517  0.0670  0.0474  0.0767     -    0.0381  0.0848  0.0450  
 6   0.0433  0.0464  0.0370  0.0663  0.0381     -    0.0809  0.0377  
 7   0.0664  0.1106  0.0869  0.0947  0.0848  0.0809     -    0.0620  
 8   0.0326  0.0603  0.0446  0.0682  0.0450  0.0377  0.0620     -    

Average distances (expected heterozygosity) between individuals in same cluster:
cluster  1  : 0.6154 
cluster  2  : 0.6125 
cluster  3  : 0.6358 
cluster  4  : 0.6187 
cluster  5  : 0.6316 
cluster  6  : 0.6286 
cluster  7  : 0.5479 
cluster  8  : 0.6083 

--------------------------------------------
Estimated Ln Prob of Data   = -12498.4
Mean value of ln likelihood = -11885.9
Variance of ln likelihood   = 1225.1
Mean value of alpha         = 0.0484

Mean value of Fst_1         = 0.0912
Mean value of Fst_2         = 0.1587
Mean value of Fst_3         = 0.0960
Mean value of Fst_4         = 0.1765
Mean value of Fst_5         = 0.1170
Mean value of Fst_6         = 0.0622
Mean value of Fst_7         = 0.1938
Mean value of Fst_8         = 0.0911


Inferred ancestry of individuals:
        Label (%Miss) Pop:  Inferred clusters
  1 24.0601.E1    (0)    1 :  0.931 0.010 0.008 0.012 0.011 0.006 0.014 0.009 
  2 24.0602.E1    (0)    1 :  0.936 0.008 0.014 0.004 0.014 0.008 0.009 0.007 
  3 24.0603.E1    (0)    1 :  0.870 0.006 0.020 0.005 0.010 0.027 0.024 0.038 
  4 24.0604.E1    (0)    1 :  0.693 0.030 0.007 0.007 0.183 0.004 0.005 0.069 
  5 24.0605.E1    (0)    1 :  0.867 0.009 0.032 0.007 0.009 0.010 0.037 0.028 
  6 24.0606.E1    (0)    1 :  0.772 0.014 0.033 0.010 0.006 0.008 0.019 0.138 
  7 24.0607.E1    (0)    1 :  0.073 0.008 0.684 0.006 0.011 0.013 0.191 0.014 
  8 24.0608.E1    (0)    1 :  0.759 0.071 0.015 0.005 0.007 0.015 0.122 0.007 
  9 24.0609.E1    (0)    1 :  0.286 0.394 0.014 0.005 0.019 0.020 0.005 0.257 
 10 24.0610.E1    (0)    1 :  0.524 0.180 0.018 0.006 0.006 0.018 0.008 0.241 
 11 24.0611.E1    (0)    1 :  0.901 0.019 0.023 0.007 0.006 0.008 0.006 0.031 
 12 24.0612.E1    (0)    1 :  0.931 0.006 0.012 0.008 0.015 0.006 0.015 0.007 
 13 24.0613.E1    (0)    1 :  0.894 0.016 0.007 0.006 0.005 0.005 0.005 0.062 
 14 24.0614.E1    (0)    1 :  0.278 0.038 0.251 0.008 0.008 0.013 0.391 0.012 
 15 24.0615.E1    (0)    1 :  0.776 0.105 0.023 0.014 0.026 0.007 0.039 0.010 
 16 24.0616.E1    (0)    1 :  0.945 0.009 0.011 0.011 0.007 0.005 0.005 0.008 
 17 24.0617.E1    (0)    1 :  0.459 0.429 0.029 0.028 0.008 0.009 0.019 0.021 
 18 24.0618.E1    (0)    1 :  0.811 0.066 0.051 0.010 0.007 0.016 0.005 0.034 
 19 24.0619.E1    (0)    1 :  0.654 0.009 0.012 0.012 0.292 0.005 0.005 0.012 
 20 24.0620.E1   (20)    1 :  0.052 0.036 0.019 0.013 0.021 0.016 0.770 0.073 
 21 24.0621.E1    (0)    1 :  0.478 0.081 0.059 0.005 0.354 0.008 0.005 0.010 
 22 24.0622.E1    (0)    1 :  0.917 0.007 0.006 0.022 0.006 0.014 0.009 0.018 
 23 24.0623.E1    (0)    1 :  0.803 0.020 0.026 0.086 0.017 0.017 0.017 0.015 
 24 24.0624.E1    (0)    1 :  0.957 0.008 0.008 0.006 0.004 0.005 0.006 0.006 
 25 24.0625.E1    (0)    2 :  0.016 0.025 0.019 0.705 0.038 0.064 0.060 0.073 
 26 24.0626.E1    (0)    2 :  0.004 0.005 0.005 0.926 0.006 0.016 0.033 0.004 
 27 24.0627.E1    (0)    2 :  0.006 0.005 0.005 0.451 0.496 0.005 0.012 0.020 
 28 24.0628.E1    (0)    2 :  0.029 0.094 0.008 0.577 0.010 0.102 0.086 0.095 
 29 24.0629.E1    (0)    2 :  0.064 0.015 0.019 0.858 0.013 0.014 0.006 0.011 
 30 24.0630.E1    (0)    2 :  0.005 0.007 0.007 0.918 0.009 0.008 0.037 0.010 
 31 24.0631.E1    (0)    2 :  0.005 0.003 0.004 0.973 0.004 0.003 0.004 0.004 
 32 24.0632.E1    (0)    2 :  0.008 0.007 0.006 0.917 0.009 0.007 0.035 0.011 
 33 24.0633.E1    (0)    2 :  0.018 0.087 0.019 0.601 0.049 0.061 0.125 0.040 
 34 24.0634.E1    (0)    2 :  0.009 0.014 0.012 0.931 0.008 0.010 0.007 0.009 
 35 24.0635.E1    (0)    2 :  0.021 0.041 0.052 0.657 0.101 0.093 0.016 0.019 
 36 24.0636.E1   (33)    2 :  0.035 0.009 0.009 0.079 0.026 0.024 0.715 0.101 
 37 24.0637.E1    (0)    2 :  0.005 0.003 0.005 0.966 0.005 0.004 0.007 0.005 
 38 24.0638.E1    (0)    2 :  0.007 0.005 0.009 0.899 0.034 0.017 0.005 0.025 
 39 24.0639.E1    (0)    2 :  0.051 0.097 0.020 0.780 0.017 0.010 0.017 0.008 
 40 24.0640.E1    (0)    2 :  0.008 0.006 0.009 0.955 0.005 0.005 0.005 0.006 
 41 24.0641.E1    (0)    2 :  0.156 0.011 0.257 0.370 0.160 0.013 0.022 0.010 
 42 24.0642.E1    (0)    2 :  0.080 0.005 0.005 0.598 0.012 0.006 0.040 0.253 
 43 24.0643.E1    (0)    2 :  0.009 0.009 0.008 0.586 0.303 0.008 0.063 0.014 
 44 24.0644.E1    (0)    2 :  0.008 0.025 0.007 0.920 0.006 0.006 0.005 0.022 
 45 24.0645.E1    (0)    2 :  0.012 0.027 0.009 0.790 0.007 0.005 0.020 0.130 
 46 24.0646.E1    (0)    2 :  0.009 0.025 0.008 0.919 0.006 0.006 0.005 0.023 
 47 24.0647.E1    (0)    2 :  0.004 0.003 0.005 0.966 0.005 0.004 0.007 0.005 
 48 24.0648.E1    (0)    2 :  0.004 0.003 0.005 0.966 0.004 0.004 0.007 0.005 
 49 24.0649.E1    (0)    3 :  0.005 0.029 0.011 0.007 0.010 0.926 0.003 0.009 
 50 24.0650.E1    (0)    3 :  0.033 0.247 0.055 0.004 0.009 0.267 0.004 0.380 
 51 24.0651.E1    (0)    3 :  0.008 0.011 0.541 0.091 0.027 0.278 0.025 0.019 
 52 24.0652.E1    (0)    3 :  0.012 0.023 0.007 0.004 0.047 0.896 0.005 0.005 
 53 24.0653.E1    (0)    3 :  0.005 0.013 0.011 0.004 0.916 0.038 0.005 0.008 
 54 24.0654.E1    (0)    3 :  0.006 0.052 0.010 0.008 0.031 0.882 0.005 0.007 
 55 24.0655.E1    (0)    3 :  0.072 0.078 0.074 0.024 0.014 0.712 0.009 0.017 
 56 24.0656.E1    (0)    3 :  0.007 0.032 0.006 0.005 0.045 0.883 0.012 0.010 
 57 24.0657.E1    (0)    3 :  0.007 0.030 0.006 0.004 0.044 0.889 0.012 0.009 
 58 24.0658.E1    (0)    3 :  0.018 0.055 0.014 0.007 0.049 0.806 0.007 0.044 
 59 24.0659.E1    (0)    3 :  0.024 0.030 0.029 0.009 0.421 0.472 0.003 0.012 
 60 24.0660.E1    (6)    3 :  0.023 0.007 0.010 0.015 0.017 0.904 0.007 0.017 
 61 24.0661.E1    (0)    3 :  0.006 0.073 0.007 0.007 0.039 0.824 0.038 0.006 
 62 24.0662.E1    (0)    3 :  0.103 0.048 0.433 0.029 0.091 0.262 0.016 0.017 
 63 24.0663.E1    (0)    3 :  0.006 0.772 0.021 0.008 0.007 0.134 0.006 0.044 
 64 24.0664.E1    (0)    3 :  0.006 0.025 0.007 0.006 0.024 0.912 0.013 0.007 
 65 24.0665.E1    (0)    3 :  0.005 0.014 0.008 0.007 0.034 0.847 0.069 0.016 
 66 24.0666.E1    (0)    3 :  0.006 0.008 0.005 0.005 0.955 0.010 0.004 0.007 
 67 24.0667.E1    (0)    3 :  0.007 0.006 0.004 0.004 0.959 0.011 0.004 0.005 
 68 24.0668.E1    (0)    3 :  0.004 0.005 0.004 0.005 0.970 0.005 0.003 0.004 
 69 24.0669.E1    (0)    3 :  0.004 0.005 0.005 0.005 0.966 0.006 0.004 0.005 
 70 24.0670.E1    (0)    3 :  0.013 0.026 0.048 0.004 0.028 0.871 0.005 0.005 
 71 24.0671.E1    (0)    3 :  0.011 0.033 0.019 0.009 0.013 0.894 0.007 0.014 
 72 24.0672.E1    (0)    3 :  0.054 0.008 0.044 0.006 0.372 0.478 0.006 0.031 
 73 24.0673.E1    (6)    4 :  0.113 0.044 0.032 0.035 0.020 0.084 0.404 0.268 
 74 24.0674.E1    (0)    4 :  0.023 0.007 0.049 0.008 0.005 0.007 0.051 0.850 
 75 24.0675.E1    (0)    4 :  0.018 0.035 0.027 0.028 0.011 0.017 0.024 0.840 
 76 24.0676.E1    (0)    4 :  0.012 0.128 0.016 0.007 0.007 0.022 0.020 0.788 
 77 24.0677.E1    (0)    4 :  0.042 0.090 0.653 0.004 0.019 0.156 0.012 0.025 
 78 24.0678.E1    (0)    4 :  0.567 0.010 0.061 0.051 0.141 0.137 0.012 0.021 
 79 24.0679.E1    (0)    4 :  0.128 0.047 0.018 0.012 0.504 0.124 0.008 0.159 
 80 24.0680.E1    (0)    4 :  0.028 0.008 0.010 0.017 0.654 0.192 0.009 0.081 
 81 24.0681.E1    (0)    4 :  0.045 0.007 0.011 0.008 0.068 0.113 0.018 0.731 
 82 24.0682.E1    (0)    4 :  0.004 0.004 0.004 0.005 0.004 0.004 0.005 0.970 
 83 24.0683.E1    (0)    4 :  0.023 0.004 0.032 0.006 0.008 0.006 0.179 0.741 
 84 24.0684.E1    (0)    4 :  0.109 0.019 0.032 0.036 0.015 0.019 0.061 0.709 
 85 24.0685.E1    (0)    4 :  0.019 0.009 0.007 0.007 0.078 0.007 0.018 0.855 
 86 24.0686.E1    (0)    4 :  0.133 0.010 0.366 0.096 0.081 0.177 0.015 0.123 
 87 24.0687.E1    (0)    4 :  0.085 0.020 0.261 0.229 0.022 0.188 0.021 0.174 
 88 24.0688.E1    (0)    4 :  0.006 0.004 0.005 0.006 0.005 0.007 0.006 0.962 
 89 24.0689.E1    (0)    4 :  0.032 0.622 0.024 0.020 0.016 0.040 0.051 0.195 
 90 24.0690.E1    (0)    4 :  0.012 0.007 0.020 0.027 0.812 0.047 0.020 0.054 
 91 24.0691.E1    (0)    4 :  0.019 0.013 0.006 0.007 0.009 0.008 0.007 0.931 
 92 24.0692.E1    (0)    4 :  0.005 0.009 0.007 0.005 0.009 0.020 0.007 0.938 
 93 24.0693.E1    (0)    4 :  0.011 0.061 0.010 0.010 0.015 0.133 0.391 0.368 
 94 24.0694.E1    (0)    4 :  0.009 0.005 0.005 0.006 0.013 0.008 0.009 0.945 
 95 24.0695.E1    (0)    4 :  0.215 0.022 0.010 0.007 0.026 0.015 0.007 0.697 
 96 24.0696.E1    (0)    4 :  0.036 0.009 0.011 0.013 0.014 0.008 0.009 0.899 
 97 24.0697.E1    (0)    5 :  0.007 0.013 0.071 0.018 0.021 0.249 0.152 0.470 
 98 24.0698.E1    (0)    5 :  0.027 0.037 0.427 0.022 0.053 0.115 0.202 0.118 
 99 24.0699.E1    (0)    5 :  0.056 0.009 0.547 0.013 0.029 0.318 0.015 0.013 
100 24.0700.E1    (0)    5 :  0.008 0.009 0.027 0.007 0.432 0.357 0.010 0.150 
101 24.0701.E1    (0)    5 :  0.007 0.008 0.015 0.009 0.914 0.008 0.030 0.009 
102 24.0702.E1    (0)    5 :  0.013 0.008 0.013 0.016 0.686 0.176 0.034 0.053 
103 24.0703.E1    (0)    5 :  0.018 0.007 0.774 0.016 0.034 0.123 0.012 0.017 
104 24.0704.E1    (6)    5 :  0.022 0.007 0.815 0.012 0.012 0.090 0.014 0.028 
105 24.0705.E1    (0)    5 :  0.026 0.008 0.009 0.009 0.214 0.019 0.008 0.707 
106 24.0706.E1    (0)    5 :  0.008 0.015 0.008 0.009 0.516 0.316 0.012 0.116 
107 24.0707.E1    (0)    5 :  0.047 0.006 0.075 0.036 0.114 0.534 0.025 0.162 
108 24.0708.E1    (0)    5 :  0.066 0.111 0.527 0.175 0.029 0.021 0.019 0.051 
109 24.0709.E1    (0)    5 :  0.010 0.031 0.017 0.009 0.009 0.012 0.006 0.907 
110 24.0710.E1    (0)    5 :  0.047 0.018 0.573 0.009 0.065 0.057 0.024 0.207 
111 24.0711.E1    (0)    5 :  0.174 0.012 0.097 0.050 0.193 0.192 0.018 0.263 
112 24.0712.E1    (0)    5 :  0.013 0.006 0.021 0.025 0.881 0.013 0.015 0.026 
113 24.0713.E1    (0)    5 :  0.011 0.028 0.035 0.011 0.117 0.096 0.020 0.682 
114 24.0714.E1    (0)    5 :  0.105 0.028 0.232 0.022 0.286 0.264 0.011 0.052 
115 24.0715.E1    (0)    5 :  0.054 0.033 0.019 0.009 0.025 0.087 0.491 0.283 
116 24.0716.E1    (0)    5 :  0.122 0.062 0.178 0.039 0.406 0.145 0.022 0.026 
117 24.0717.E1    (0)    5 :  0.016 0.039 0.087 0.067 0.068 0.486 0.204 0.032 
118 24.0718.E1    (0)    5 :  0.019 0.007 0.010 0.034 0.210 0.294 0.011 0.414 
119 24.0719.E1    (0)    5 :  0.007 0.017 0.010 0.016 0.015 0.014 0.007 0.914 
120 24.0720.E1    (0)    5 :  0.015 0.010 0.012 0.014 0.015 0.100 0.006 0.828 
121 24.0721.E1    (0)    6 :  0.011 0.059 0.031 0.016 0.043 0.068 0.548 0.223 
122 24.0722.E1    (0)    6 :  0.021 0.011 0.157 0.104 0.034 0.024 0.530 0.118 
123 24.0723.E1    (0)    6 :  0.031 0.139 0.219 0.214 0.010 0.039 0.332 0.016 
124 24.0724.E1    (0)    6 :  0.123 0.034 0.446 0.038 0.019 0.018 0.079 0.243 
125 24.0725.E1    (0)    6 :  0.935 0.006 0.006 0.007 0.008 0.021 0.007 0.010 
126 24.0726.E1    (6)    6 :  0.639 0.007 0.012 0.009 0.012 0.031 0.091 0.198 
127 24.0727.E1    (0)    6 :  0.259 0.019 0.042 0.022 0.102 0.029 0.504 0.025 
128 24.0728.E1    (0)    6 :  0.499 0.025 0.032 0.031 0.012 0.151 0.219 0.031 
129 24.0729.E1    (0)    6 :  0.623 0.015 0.013 0.015 0.031 0.015 0.054 0.234 
130 24.0730.E1    (0)    6 :  0.184 0.048 0.073 0.017 0.020 0.459 0.093 0.107 
131 24.0731.E1    (0)    6 :  0.270 0.009 0.007 0.013 0.006 0.010 0.058 0.627 
132 24.0732.E1    (0)    6 :  0.057 0.004 0.006 0.013 0.017 0.041 0.707 0.156 
133 24.0733.E1    (0)    6 :  0.952 0.005 0.004 0.007 0.004 0.005 0.017 0.007 
134 24.0734.E1    (0)    6 :  0.039 0.009 0.027 0.015 0.019 0.026 0.848 0.017 
135 24.0735.E1    (0)    6 :  0.625 0.025 0.012 0.057 0.018 0.034 0.208 0.021 
136 24.0736.E1    (0)    6 :  0.918 0.006 0.007 0.008 0.006 0.006 0.041 0.007 
137 24.0737.E1    (0)    6 :  0.884 0.009 0.020 0.026 0.011 0.025 0.009 0.016 
138 24.0738.E1    (0)    6 :  0.910 0.005 0.010 0.010 0.011 0.015 0.028 0.010 
139 24.0739.E1    (0)    6 :  0.919 0.006 0.007 0.016 0.007 0.030 0.006 0.010 
140 24.0740.E1    (0)    6 :  0.665 0.014 0.011 0.019 0.010 0.020 0.012 0.248 
141 24.0741.E1    (0)    6 :  0.356 0.010 0.009 0.018 0.007 0.045 0.361 0.193 
142 24.0742.E1    (0)    6 :  0.155 0.007 0.016 0.010 0.010 0.009 0.767 0.025 
143 24.0743.E1    (0)    6 :  0.484 0.018 0.069 0.006 0.017 0.011 0.056 0.341 
144 24.0744.E1    (0)    6 :  0.280 0.034 0.016 0.016 0.361 0.019 0.144 0.129 
145 24.0745.E1    (0)    7 :  0.005 0.010 0.011 0.005 0.033 0.010 0.904 0.023 
146 24.0746.E1    (0)    7 :  0.046 0.011 0.155 0.065 0.015 0.021 0.621 0.066 
147 24.0747.E1    (0)    7 :  0.039 0.036 0.007 0.011 0.013 0.018 0.665 0.213 
148 24.0748.E1    (6)    7 :  0.047 0.050 0.007 0.010 0.015 0.018 0.575 0.278 
149 24.0749.E1    (0)    7 :  0.228 0.006 0.009 0.007 0.009 0.007 0.725 0.009 
150 24.0750.E1    (0)    7 :  0.183 0.027 0.031 0.012 0.131 0.022 0.279 0.315 
151 24.0751.E1    (0)    7 :  0.007 0.004 0.005 0.007 0.005 0.004 0.963 0.005 
152 24.0752.E1    (0)    7 :  0.051 0.011 0.011 0.006 0.005 0.007 0.898 0.011 
153 24.0753.E1    (0)    7 :  0.210 0.007 0.010 0.229 0.009 0.009 0.511 0.013 
154 24.0754.E1    (0)    7 :  0.023 0.006 0.005 0.018 0.009 0.009 0.910 0.020 
155 24.0755.E1    (0)    7 :  0.017 0.032 0.013 0.028 0.010 0.019 0.737 0.145 
156 24.0756.E1    (0)    7 :  0.013 0.009 0.008 0.009 0.007 0.005 0.943 0.006 
157 24.0757.E1    (0)    7 :  0.003 0.003 0.003 0.004 0.004 0.003 0.975 0.004 
158 24.0758.E1    (0)    7 :  0.004 0.003 0.003 0.004 0.004 0.003 0.974 0.004 
159 24.0759.E1    (0)    7 :  0.017 0.006 0.006 0.006 0.009 0.008 0.941 0.007 
160 24.0760.E1    (0)    7 :  0.010 0.006 0.011 0.321 0.011 0.026 0.589 0.026 
161 24.0761.E1    (0)    7 :  0.006 0.005 0.005 0.010 0.004 0.005 0.961 0.005 
162 24.0762.E1    (0)    7 :  0.227 0.028 0.018 0.010 0.556 0.074 0.055 0.033 
163 24.0763.E1    (0)    7 :  0.007 0.004 0.004 0.004 0.004 0.005 0.959 0.012 
164 24.0764.E1    (0)    7 :  0.011 0.004 0.005 0.008 0.005 0.006 0.956 0.005 
165 24.0765.E1    (0)    7 :  0.007 0.009 0.019 0.028 0.008 0.007 0.907 0.015 
166 24.0766.E1    (0)    7 :  0.009 0.005 0.006 0.007 0.005 0.006 0.954 0.008 
167 24.0767.E1    (0)    7 :  0.004 0.004 0.004 0.004 0.004 0.004 0.970 0.006 
168 24.0768.E1    (0)    7 :  0.330 0.045 0.068 0.006 0.017 0.015 0.137 0.383 
169 24.0779.E1    (0)    8 :  0.018 0.007 0.063 0.006 0.011 0.781 0.055 0.057 
170 24.0780.E1    (6)    8 :  0.009 0.141 0.012 0.007 0.025 0.744 0.004 0.057 
171 24.0781.E1    (0)    8 :  0.005 0.007 0.008 0.007 0.051 0.887 0.006 0.030 
172 24.0782.E1    (0)    8 :  0.240 0.044 0.082 0.049 0.015 0.113 0.031 0.425 
173 24.0783.E1    (0)    8 :  0.010 0.178 0.011 0.013 0.605 0.125 0.005 0.053 
174 24.0784.E1    (0)    8 :  0.008 0.020 0.020 0.005 0.006 0.898 0.004 0.039 
175 24.0785.E1    (0)    8 :  0.008 0.039 0.041 0.005 0.015 0.876 0.004 0.014 
176 24.0786.E1    (0)    8 :  0.033 0.117 0.011 0.011 0.034 0.606 0.012 0.176 
177 24.0787.E1    (0)    8 :  0.017 0.010 0.016 0.063 0.015 0.834 0.020 0.024 
178 24.0788.E1    (0)    8 :  0.005 0.039 0.006 0.013 0.008 0.895 0.006 0.027 
179 24.0789.E1    (0)    8 :  0.059 0.037 0.061 0.027 0.007 0.791 0.007 0.011 
180 24.0790.E1    (0)    8 :  0.004 0.009 0.009 0.006 0.007 0.956 0.004 0.006 
181 24.0791.E1    (0)    8 :  0.107 0.009 0.010 0.005 0.685 0.162 0.007 0.015 
182 24.0792.E1    (0)    8 :  0.011 0.020 0.009 0.005 0.041 0.845 0.017 0.053 
183 24.0793.E1    (0)    9 :  0.020 0.041 0.880 0.022 0.007 0.016 0.006 0.008 
184 24.0794.E1    (0)    9 :  0.655 0.034 0.074 0.006 0.012 0.205 0.007 0.006 
185 24.0795.E1    (0)    9 :  0.176 0.020 0.732 0.028 0.009 0.010 0.007 0.018 
186 24.0796.E1    (0)    9 :  0.117 0.349 0.158 0.008 0.009 0.347 0.005 0.008 
187 24.0797.E1    (0)    9 :  0.012 0.074 0.837 0.008 0.008 0.050 0.003 0.007 
188 24.0798.E1    (0)    9 :  0.009 0.023 0.523 0.023 0.364 0.019 0.018 0.021 
189 24.0799.E1    (0)    9 :  0.021 0.035 0.895 0.007 0.015 0.010 0.007 0.010 
190 24.0800.E1    (0)    9 :  0.020 0.677 0.201 0.007 0.025 0.014 0.011 0.045 
191 24.0801.E1    (0)    9 :  0.006 0.011 0.548 0.008 0.389 0.011 0.006 0.020 
192 24.0802.E1    (0)    9 :  0.007 0.017 0.927 0.016 0.012 0.009 0.004 0.009 
193 24.0803.E1    (0)    9 :  0.009 0.008 0.946 0.007 0.013 0.006 0.005 0.006 
194 24.0804.E1    (0)    9 :  0.011 0.200 0.737 0.024 0.004 0.009 0.004 0.010 
195 24.0805.E1    (0)    9 :  0.008 0.008 0.904 0.005 0.011 0.013 0.007 0.043 
196 24.0806.E1    (0)    9 :  0.007 0.007 0.937 0.027 0.006 0.007 0.005 0.006 
197 24.0807.E1    (0)    9 :  0.008 0.022 0.918 0.008 0.010 0.020 0.004 0.011 
198 24.0808.E1    (0)    9 :  0.015 0.297 0.278 0.015 0.011 0.184 0.006 0.195 
199 24.0809.E1    (0)    9 :  0.032 0.289 0.504 0.007 0.025 0.015 0.016 0.113 
200 24.0810.E1    (0)    9 :  0.008 0.016 0.917 0.015 0.007 0.009 0.007 0.020 
201 24.0811.E1    (0)    9 :  0.030 0.098 0.803 0.015 0.006 0.034 0.005 0.010 
202 24.0812.E1    (0)    9 :  0.052 0.250 0.569 0.008 0.011 0.051 0.006 0.053 
203 24.0813.E1    (0)    9 :  0.009 0.038 0.773 0.015 0.006 0.058 0.006 0.095 
204 24.0814.E1    (6)    9 :  0.008 0.509 0.369 0.058 0.008 0.019 0.005 0.025 
205 24.0815.E1    (0)    9 :  0.005 0.027 0.898 0.024 0.021 0.008 0.008 0.010 
206 24.0816.E1    (0)    9 :  0.006 0.016 0.937 0.010 0.010 0.012 0.004 0.004 
207 24.0817.E1    (0)   10 :  0.016 0.908 0.035 0.005 0.007 0.013 0.006 0.009 
208 24.0818.E1    (0)   10 :  0.045 0.796 0.051 0.017 0.020 0.049 0.013 0.008 
209 24.0819.E1    (0)   10 :  0.013 0.097 0.482 0.025 0.077 0.028 0.261 0.016 
210 24.0820.E1    (0)   10 :  0.006 0.626 0.009 0.009 0.009 0.015 0.321 0.005 
211 24.0821.E1    (0)   10 :  0.014 0.217 0.051 0.010 0.268 0.420 0.006 0.014 
212 24.0822.E1    (0)   10 :  0.006 0.924 0.006 0.004 0.006 0.028 0.018 0.008 
213 24.0823.E1    (0)   10 :  0.006 0.896 0.007 0.011 0.011 0.010 0.052 0.007 
214 24.0824.E1    (0)   10 :  0.007 0.495 0.015 0.007 0.423 0.007 0.009 0.037 
215 24.0825.E1    (0)   10 :  0.005 0.958 0.005 0.005 0.005 0.005 0.006 0.011 
216 24.0826.E1    (0)   10 :  0.006 0.724 0.016 0.011 0.017 0.061 0.156 0.009 
217 24.0827.E1    (0)   10 :  0.042 0.888 0.022 0.008 0.007 0.016 0.004 0.013 
218 24.0828.E1    (0)   10 :  0.012 0.724 0.057 0.013 0.027 0.111 0.031 0.025 
219 24.0829.E1    (0)   10 :  0.007 0.661 0.276 0.006 0.009 0.015 0.013 0.013 
220 24.0830.E1    (0)   10 :  0.007 0.810 0.012 0.005 0.114 0.040 0.004 0.009 
221 24.0831.E1    (0)   10 :  0.005 0.663 0.016 0.005 0.248 0.049 0.004 0.009 
222 24.0832.E1    (0)   10 :  0.011 0.954 0.006 0.004 0.004 0.007 0.004 0.010 
223 24.0833.E1    (0)   10 :  0.004 0.967 0.004 0.004 0.004 0.005 0.004 0.009 
224 24.0834.E1    (0)   10 :  0.007 0.953 0.005 0.006 0.006 0.007 0.007 0.009 
225 24.0835.E1    (0)   10 :  0.013 0.940 0.013 0.006 0.009 0.007 0.004 0.008 
226 24.0836.E1    (0)   10 :  0.013 0.906 0.013 0.005 0.015 0.010 0.011 0.026 
227 24.0837.E1    (0)   10 :  0.008 0.946 0.007 0.005 0.008 0.012 0.006 0.010 
228 24.0838.E1    (0)   10 :  0.004 0.945 0.007 0.004 0.005 0.009 0.008 0.017 
229 24.0839.E1    (0)   10 :  0.055 0.238 0.508 0.028 0.071 0.056 0.023 0.022 
230 24.0840.E1    (0)   10 :  0.011 0.568 0.376 0.015 0.008 0.012 0.004 0.006 
231 24.0841.E1    (0)   11 :  0.009 0.090 0.849 0.004 0.006 0.018 0.010 0.015 
232 24.0842.E1    (0)   11 :  0.008 0.071 0.757 0.003 0.137 0.010 0.006 0.007 
233 24.0843.E1    (0)   11 :  0.005 0.568 0.133 0.005 0.222 0.033 0.028 0.006 
234 24.0844.E1    (0)   11 :  0.034 0.304 0.195 0.005 0.429 0.015 0.007 0.012 
235 24.0845.E1    (0)   11 :  0.009 0.827 0.032 0.006 0.047 0.048 0.005 0.025 
236 24.0846.E1    (0)   11 :  0.014 0.887 0.039 0.013 0.015 0.009 0.011 0.013 
237 24.0847.E1    (0)   11 :  0.047 0.786 0.028 0.007 0.018 0.012 0.014 0.087 
238 24.0848.E1    (0)   11 :  0.017 0.769 0.092 0.005 0.036 0.026 0.004 0.050 
239 24.0849.E1    (0)   11 :  0.006 0.957 0.008 0.004 0.006 0.007 0.007 0.005 
240 24.0850.E1    (0)   11 :  0.006 0.957 0.008 0.004 0.006 0.007 0.007 0.005 
241 24.0851.E1    (0)   11 :  0.006 0.957 0.008 0.004 0.006 0.007 0.007 0.005 
242 24.0852.E1    (0)   11 :  0.007 0.768 0.030 0.005 0.020 0.119 0.039 0.013 
243 24.0853.E1    (0)   11 :  0.005 0.955 0.009 0.006 0.005 0.007 0.009 0.006 
244 24.0854.E1    (0)   11 :  0.011 0.072 0.031 0.007 0.827 0.034 0.009 0.009 
245 24.0855.E1    (0)   11 :  0.007 0.820 0.118 0.005 0.008 0.009 0.015 0.018 
246 24.0856.E1    (0)   11 :  0.079 0.050 0.406 0.094 0.304 0.021 0.032 0.012 
247 24.0857.E1    (0)   11 :  0.017 0.840 0.080 0.010 0.012 0.010 0.010 0.022 
248 24.0858.E1    (0)   11 :  0.011 0.850 0.053 0.005 0.016 0.033 0.016 0.016 
249 24.0859.E1    (0)   11 :  0.010 0.812 0.057 0.015 0.011 0.015 0.070 0.010 
250 24.0860.E1    (0)   11 :  0.015 0.049 0.851 0.022 0.017 0.013 0.026 0.008 
251 24.0861.E1    (0)   11 :  0.006 0.939 0.020 0.004 0.006 0.010 0.009 0.005 
252 24.0862.E1    (0)   11 :  0.030 0.040 0.863 0.023 0.009 0.019 0.008 0.009 
253 24.0863.E1    (0)   11 :  0.006 0.939 0.021 0.004 0.006 0.010 0.009 0.005 
254 24.0864.E1    (0)   11 :  0.170 0.155 0.021 0.007 0.024 0.121 0.007 0.495 
255 24.0865.E1    (0)   12 :  0.021 0.221 0.013 0.017 0.020 0.386 0.249 0.073 
256 24.0866.E1    (0)   12 :  0.042 0.318 0.163 0.007 0.028 0.089 0.045 0.309 
257 24.0867.E1    (0)   12 :  0.014 0.188 0.018 0.047 0.020 0.022 0.180 0.511 
258 24.0868.E1    (0)   12 :  0.010 0.039 0.020 0.023 0.022 0.219 0.020 0.646 
259 24.0869.E1    (0)   12 :  0.007 0.038 0.013 0.044 0.014 0.021 0.005 0.859 
260 24.0870.E1    (0)   12 :  0.110 0.039 0.032 0.118 0.032 0.175 0.025 0.470 
261 24.0871.E1    (0)   12 :  0.119 0.029 0.060 0.069 0.094 0.125 0.009 0.495 
262 24.0872.E1    (0)   12 :  0.014 0.058 0.027 0.014 0.247 0.173 0.244 0.221 
263 24.0873.E1    (0)   12 :  0.010 0.028 0.020 0.013 0.014 0.044 0.013 0.857 
264 24.0874.E1    (0)   12 :  0.010 0.379 0.041 0.010 0.034 0.030 0.241 0.256 
265 24.0875.E1    (0)   12 :  0.041 0.012 0.008 0.008 0.770 0.035 0.011 0.114 
266 24.0876.E1    (0)   12 :  0.114 0.006 0.007 0.009 0.639 0.015 0.024 0.187 
267 24.0877.E1    (0)   12 :  0.827 0.006 0.014 0.007 0.017 0.016 0.077 0.036 
268 24.0878.E1    (0)   12 :  0.580 0.030 0.010 0.011 0.013 0.022 0.018 0.316 
269 24.0879.E1    (0)   12 :  0.643 0.006 0.007 0.013 0.289 0.015 0.006 0.021 
270 24.0880.E1    (0)   12 :  0.028 0.296 0.011 0.015 0.035 0.082 0.011 0.521 
271 24.0881.E1    (0)   12 :  0.947 0.005 0.005 0.011 0.006 0.006 0.011 0.009 
272 24.0882.E1    (0)   12 :  0.250 0.010 0.010 0.009 0.011 0.015 0.675 0.018 
273 24.0883.E1    (0)   12 :  0.200 0.016 0.006 0.018 0.366 0.016 0.239 0.140 
274 24.0884.E1    (0)   12 :  0.833 0.006 0.010 0.008 0.031 0.011 0.061 0.041 
275 24.0885.E1    (0)   12 :  0.538 0.010 0.007 0.015 0.089 0.035 0.008 0.298 
276 24.0886.E1    (0)   12 :  0.387 0.010 0.013 0.006 0.044 0.026 0.200 0.314 
277 24.0887.E1    (0)   12 :  0.027 0.005 0.006 0.012 0.242 0.005 0.683 0.020 
278 24.0888.E1    (0)   12 :  0.016 0.006 0.022 0.008 0.037 0.878 0.006 0.027 


Estimated Allele Frequencies in each cluster
First column gives estimated ancestral frequencies


Locus 1 : 
31 alleles
0.0% missing data
 115   (0.033) 0.126 0.003 0.012 0.004 0.029 0.008 0.007 0.118 
 117   (0.047) 0.186 0.004 0.061 0.005 0.026 0.009 0.187 0.039 
 119   (0.039) 0.260 0.003 0.006 0.268 0.007 0.008 0.309 0.019 
 131   (0.015) 0.048 0.001 0.002 0.002 0.003 0.004 0.003 0.004 
 128   (0.038) 0.036 0.013 0.013 0.004 0.052 0.027 0.004 0.031 
 135   (0.019) 0.044 0.001 0.005 0.002 0.004 0.004 0.008 0.014 
 126   (0.077) 0.087 0.205 0.043 0.014 0.074 0.071 0.080 0.055 
 122   (0.031) 0.014 0.002 0.114 0.093 0.009 0.013 0.002 0.009 
 132   (0.034) 0.005 0.025 0.026 0.004 0.023 0.026 0.017 0.015 
 141   (0.011) 0.010 0.001 0.002 0.003 0.002 0.002 0.001 0.002 
 130   (0.050) 0.007 0.018 0.019 0.017 0.089 0.065 0.015 0.108 
 134   (0.039) 0.005 0.045 0.026 0.125 0.006 0.030 0.003 0.028 
 145   (0.026) 0.003 0.003 0.004 0.019 0.021 0.053 0.010 0.006 
 127   (0.027) 0.029 0.002 0.004 0.062 0.007 0.006 0.145 0.006 
 116   (0.106) 0.017 0.165 0.144 0.169 0.120 0.289 0.017 0.185 
 114   (0.052) 0.007 0.168 0.130 0.065 0.026 0.038 0.007 0.031 
 120   (0.037) 0.009 0.002 0.007 0.083 0.095 0.065 0.003 0.013 
 110   (0.049) 0.012 0.067 0.025 0.021 0.059 0.019 0.027 0.056 
 133   (0.014) 0.003 0.001 0.006 0.010 0.005 0.003 0.013 0.002 
 118   (0.098) 0.014 0.197 0.314 0.012 0.286 0.195 0.022 0.192 
 125   (0.014) 0.003 0.010 0.008 0.002 0.004 0.006 0.001 0.002 
 129   (0.021) 0.041 0.001 0.003 0.002 0.020 0.009 0.008 0.006 
 124   (0.017) 0.010 0.001 0.003 0.002 0.016 0.016 0.002 0.003 
 136   (0.020) 0.003 0.047 0.004 0.003 0.003 0.006 0.001 0.042 
 121   (0.015) 0.006 0.001 0.002 0.002 0.002 0.003 0.065 0.004 
 139   (0.012) 0.011 0.001 0.001 0.001 0.002 0.003 0.001 0.002 
 113   (0.010) 0.001 0.001 0.001 0.001 0.002 0.002 0.014 0.001 
 111   (0.011) 0.002 0.001 0.001 0.001 0.002 0.002 0.013 0.002 
 143   (0.011) 0.001 0.001 0.002 0.001 0.002 0.002 0.014 0.002 
 140   (0.014) 0.002 0.001 0.012 0.002 0.003 0.014 0.001 0.003 
 112   (0.011) 0.001 0.010 0.002 0.001 0.002 0.002 0.001 0.002 

Locus 2 : 
18 alleles
0.0% missing data
 152   (0.360) 0.644 0.242 0.519 0.392 0.453 0.155 0.785 0.532 
 148   (0.072) 0.129 0.007 0.019 0.219 0.062 0.019 0.029 0.160 
 154   (0.114) 0.053 0.177 0.089 0.260 0.073 0.053 0.035 0.163 
 156   (0.017) 0.013 0.001 0.007 0.002 0.004 0.006 0.001 0.003 
 150   (0.025) 0.009 0.002 0.003 0.063 0.005 0.005 0.044 0.003 
 164   (0.077) 0.078 0.081 0.090 0.011 0.015 0.124 0.015 0.032 
 158   (0.036) 0.009 0.003 0.016 0.018 0.099 0.008 0.012 0.020 
 160   (0.020) 0.003 0.001 0.003 0.003 0.003 0.015 0.019 0.008 
 166   (0.018) 0.004 0.001 0.040 0.004 0.007 0.007 0.001 0.003 
 151   (0.064) 0.008 0.374 0.024 0.006 0.152 0.326 0.004 0.010 
 147   (0.074) 0.009 0.101 0.150 0.008 0.069 0.177 0.007 0.030 
 168   (0.024) 0.004 0.002 0.011 0.003 0.007 0.031 0.003 0.008 
 153   (0.014) 0.002 0.001 0.002 0.002 0.003 0.024 0.001 0.002 
 149   (0.024) 0.003 0.002 0.003 0.003 0.036 0.007 0.011 0.016 
 162   (0.022) 0.008 0.002 0.018 0.003 0.004 0.015 0.002 0.003 
 167   (0.013) 0.023 0.001 0.002 0.001 0.002 0.002 0.001 0.002 
 146   (0.013) 0.001 0.001 0.002 0.001 0.002 0.002 0.029 0.002 
 172   (0.013) 0.001 0.001 0.002 0.001 0.002 0.025 0.001 0.002 

Locus 3 : 
4 alleles
0.0% missing data
 128   (0.286) 0.194 0.443 0.244 0.321 0.319 0.207 0.416 0.300 
 126   (0.617) 0.720 0.470 0.715 0.617 0.556 0.724 0.576 0.674 
 132   (0.083) 0.084 0.086 0.039 0.056 0.095 0.066 0.006 0.024 
 134   (0.014) 0.002 0.001 0.002 0.006 0.030 0.003 0.001 0.002 

Locus 4 : 
3 alleles
0.0% missing data
 170   (0.320) 0.330 0.325 0.361 0.398 0.266 0.342 0.279 0.173 
 172   (0.667) 0.669 0.673 0.637 0.590 0.732 0.654 0.719 0.824 
 171   (0.013) 0.002 0.001 0.002 0.012 0.002 0.004 0.002 0.003 

Locus 5 : 
37 alleles
0.0% missing data
 125   (0.049) 0.066 0.108 0.011 0.064 0.107 0.023 0.036 0.035 
 110   (0.037) 0.051 0.054 0.027 0.044 0.043 0.011 0.016 0.005 
 129   (0.032) 0.054 0.005 0.064 0.004 0.007 0.098 0.003 0.011 
 113   (0.032) 0.012 0.013 0.088 0.004 0.009 0.098 0.003 0.025 
 145   (0.049) 0.206 0.009 0.008 0.006 0.089 0.065 0.096 0.117 
 155   (0.052) 0.151 0.042 0.088 0.167 0.024 0.021 0.017 0.026 
 117   (0.032) 0.021 0.002 0.019 0.005 0.011 0.021 0.030 0.103 
 124   (0.010) 0.022 0.001 0.001 0.001 0.001 0.002 0.001 0.002 
 133   (0.035) 0.042 0.003 0.013 0.004 0.020 0.058 0.071 0.028 
 157   (0.052) 0.008 0.034 0.077 0.031 0.129 0.080 0.025 0.057 
 141   (0.016) 0.005 0.003 0.002 0.002 0.012 0.026 0.001 0.009 
 112   (0.066) 0.066 0.163 0.080 0.187 0.015 0.041 0.155 0.101 
 121   (0.022) 0.005 0.013 0.046 0.012 0.008 0.017 0.003 0.004 
 114   (0.038) 0.043 0.058 0.006 0.019 0.007 0.008 0.166 0.126 
 153   (0.053) 0.058 0.091 0.123 0.011 0.175 0.045 0.004 0.031 
 127   (0.072) 0.076 0.118 0.082 0.047 0.047 0.124 0.087 0.090 
 131   (0.061) 0.047 0.060 0.065 0.213 0.088 0.015 0.190 0.046 
 135   (0.024) 0.004 0.075 0.014 0.004 0.071 0.010 0.003 0.016 
 104   (0.010) 0.001 0.001 0.001 0.012 0.002 0.003 0.001 0.003 
 118   (0.017) 0.011 0.001 0.002 0.018 0.016 0.006 0.002 0.013 
 116   (0.028) 0.005 0.009 0.035 0.024 0.033 0.011 0.003 0.028 
 137   (0.025) 0.005 0.002 0.056 0.093 0.016 0.011 0.005 0.008 
 123   (0.021) 0.007 0.071 0.026 0.005 0.012 0.005 0.002 0.006 
 149   (0.009) 0.001 0.002 0.002 0.001 0.001 0.005 0.001 0.006 
 138   (0.011) 0.001 0.001 0.001 0.001 0.003 0.058 0.001 0.001 
 143   (0.026) 0.004 0.043 0.006 0.003 0.009 0.037 0.065 0.004 
 163   (0.010) 0.002 0.001 0.004 0.005 0.002 0.004 0.001 0.003 
 109   (0.010) 0.001 0.001 0.001 0.001 0.001 0.002 0.001 0.025 
 139   (0.009) 0.001 0.001 0.001 0.001 0.012 0.004 0.001 0.002 
 106   (0.009) 0.001 0.001 0.002 0.001 0.003 0.008 0.001 0.003 
 144   (0.017) 0.002 0.001 0.012 0.002 0.003 0.004 0.001 0.038 
 122   (0.011) 0.012 0.001 0.002 0.001 0.002 0.003 0.004 0.008 
 100   (0.018) 0.003 0.004 0.027 0.003 0.007 0.025 0.001 0.007 
 111   (0.012) 0.001 0.001 0.001 0.001 0.002 0.036 0.001 0.002 
 233   (0.009) 0.001 0.002 0.002 0.001 0.006 0.007 0.001 0.001 
 134   (0.008) 0.001 0.007 0.001 0.001 0.006 0.002 0.001 0.001 
 140   (0.010) 0.001 0.001 0.001 0.001 0.002 0.005 0.001 0.009 

Locus 6 : 
17 alleles
0.0% missing data
 221   (0.022) 0.135 0.001 0.003 0.002 0.003 0.004 0.080 0.003 
 232   (0.248) 0.185 0.425 0.325 0.129 0.319 0.355 0.443 0.243 
 229   (0.052) 0.101 0.071 0.014 0.061 0.018 0.011 0.059 0.022 
 223   (0.062) 0.095 0.044 0.065 0.008 0.066 0.021 0.008 0.063 
 230   (0.153) 0.074 0.157 0.083 0.156 0.170 0.183 0.295 0.245 
 235   (0.013) 0.067 0.001 0.002 0.001 0.002 0.002 0.001 0.002 
 236   (0.039) 0.086 0.003 0.008 0.042 0.027 0.030 0.006 0.010 
 227   (0.021) 0.062 0.002 0.004 0.002 0.009 0.008 0.003 0.008 
 220   (0.056) 0.007 0.052 0.104 0.173 0.016 0.052 0.004 0.043 
 222   (0.043) 0.005 0.008 0.128 0.245 0.007 0.042 0.003 0.023 
 234   (0.132) 0.091 0.125 0.103 0.162 0.192 0.108 0.055 0.230 
 224   (0.030) 0.004 0.056 0.006 0.004 0.083 0.022 0.002 0.008 
 228   (0.062) 0.014 0.039 0.080 0.007 0.048 0.147 0.005 0.059 
 225   (0.011) 0.003 0.001 0.011 0.002 0.002 0.002 0.001 0.002 
 226   (0.016) 0.003 0.013 0.059 0.002 0.003 0.003 0.001 0.002 
 233   (0.026) 0.041 0.002 0.004 0.003 0.030 0.006 0.032 0.017 
 231   (0.014) 0.026 0.001 0.002 0.001 0.004 0.003 0.001 0.018 

Locus 7 : 
10 alleles
0.0% missing data
 121   (0.696) 0.890 0.724 0.761 0.797 0.675 0.858 0.746 0.815 
 129   (0.090) 0.072 0.146 0.066 0.011 0.066 0.057 0.102 0.054 
 130   (0.014) 0.002 0.001 0.026 0.001 0.002 0.003 0.001 0.002 
 123   (0.091) 0.021 0.121 0.095 0.125 0.187 0.040 0.101 0.030 
 128   (0.021) 0.003 0.001 0.003 0.036 0.013 0.004 0.020 0.004 
 131   (0.017) 0.003 0.001 0.007 0.020 0.008 0.003 0.002 0.003 
 117   (0.013) 0.001 0.001 0.002 0.001 0.002 0.013 0.001 0.002 
 125   (0.013) 0.001 0.001 0.002 0.001 0.036 0.002 0.001 0.002 
 134   (0.033) 0.005 0.003 0.037 0.005 0.009 0.017 0.007 0.081 
 132   (0.013) 0.002 0.001 0.002 0.001 0.002 0.003 0.019 0.008 

Locus 8 : 
19 alleles
0.0% missing data
 184   (0.294) 0.497 0.336 0.372 0.509 0.461 0.334 0.353 0.435 
 194   (0.047) 0.030 0.010 0.012 0.022 0.036 0.030 0.018 0.086 
 178   (0.103) 0.209 0.199 0.113 0.179 0.039 0.062 0.059 0.078 
 176   (0.080) 0.046 0.034 0.060 0.012 0.091 0.102 0.211 0.089 
 182   (0.072) 0.036 0.050 0.155 0.009 0.017 0.096 0.195 0.060 
 190   (0.031) 0.005 0.011 0.035 0.068 0.006 0.006 0.043 0.005 
 196   (0.024) 0.009 0.042 0.005 0.002 0.005 0.027 0.001 0.007 
 200   (0.030) 0.015 0.002 0.028 0.005 0.038 0.012 0.011 0.008 
 180   (0.025) 0.011 0.002 0.005 0.067 0.067 0.005 0.002 0.003 
 188   (0.040) 0.028 0.037 0.006 0.012 0.011 0.050 0.004 0.051 
 174   (0.037) 0.019 0.003 0.009 0.014 0.063 0.012 0.032 0.067 
 186   (0.122) 0.076 0.201 0.168 0.068 0.115 0.218 0.063 0.084 
 192   (0.022) 0.009 0.063 0.003 0.013 0.009 0.008 0.003 0.003 
 201   (0.012) 0.001 0.001 0.002 0.012 0.008 0.002 0.001 0.002 
 199   (0.020) 0.002 0.001 0.015 0.002 0.018 0.015 0.001 0.003 
 185   (0.011) 0.001 0.001 0.001 0.001 0.002 0.013 0.001 0.001 
 203   (0.011) 0.001 0.001 0.002 0.001 0.002 0.002 0.001 0.012 
 198   (0.012) 0.001 0.003 0.005 0.001 0.002 0.005 0.001 0.004 
 209   (0.010) 0.002 0.003 0.004 0.001 0.010 0.002 0.001 0.001 

Locus 9 : 
6 alleles
0.4% missing data
 154   (0.694) 0.717 0.784 0.782 0.825 0.706 0.825 0.637 0.669 
 156   (0.203) 0.167 0.107 0.195 0.164 0.276 0.108 0.345 0.254 
 152   (0.046) 0.075 0.105 0.007 0.005 0.007 0.023 0.007 0.044 
 153   (0.014) 0.003 0.002 0.003 0.002 0.002 0.021 0.001 0.002 
 160   (0.016) 0.002 0.001 0.009 0.002 0.003 0.018 0.001 0.002 
 164   (0.027) 0.037 0.002 0.004 0.003 0.006 0.005 0.009 0.029 

Locus 10 : 
29 alleles
0.7% missing data
 305   (0.064) 0.110 0.006 0.126 0.201 0.013 0.080 0.008 0.016 
 313   (0.048) 0.140 0.005 0.039 0.006 0.026 0.057 0.005 0.010 
 311   (0.017) 0.017 0.001 0.002 0.002 0.008 0.004 0.001 0.002 
 299   (0.107) 0.275 0.217 0.171 0.040 0.021 0.111 0.034 0.041 
 315   (0.080) 0.085 0.013 0.020 0.079 0.088 0.088 0.095 0.038 
 287   (0.021) 0.006 0.002 0.010 0.003 0.503 0.007 0.002 0.003 
 291   (0.099) 0.105 0.369 0.057 0.072 0.017 0.073 0.020 0.340 
 295   (0.026) 0.040 0.002 0.004 0.005 0.005 0.011 0.002 0.163 
 289   (0.016) 0.002 0.001 0.112 0.003 0.004 0.003 0.001 0.002 
 303   (0.065) 0.014 0.173 0.011 0.088 0.016 0.126 0.531 0.021 
 297   (0.043) 0.015 0.022 0.122 0.006 0.006 0.009 0.088 0.067 
 293   (0.019) 0.036 0.001 0.004 0.004 0.080 0.005 0.001 0.005 
 301   (0.055) 0.062 0.005 0.010 0.139 0.011 0.091 0.006 0.065 
 285   (0.025) 0.003 0.002 0.170 0.220 0.004 0.006 0.002 0.004 
 307   (0.049) 0.009 0.076 0.009 0.036 0.010 0.020 0.185 0.084 
 312   (0.055) 0.008 0.069 0.010 0.072 0.095 0.052 0.004 0.055 
 306   (0.027) 0.009 0.004 0.004 0.004 0.004 0.063 0.002 0.030 
 320   (0.014) 0.002 0.001 0.002 0.002 0.002 0.026 0.001 0.002 
 317   (0.022) 0.018 0.002 0.003 0.002 0.006 0.068 0.001 0.003 
 314   (0.025) 0.026 0.002 0.003 0.003 0.028 0.016 0.002 0.006 
 323   (0.013) 0.002 0.001 0.002 0.001 0.007 0.008 0.001 0.002 
 325   (0.010) 0.002 0.001 0.002 0.001 0.006 0.008 0.001 0.002 
 310   (0.018) 0.003 0.017 0.002 0.002 0.029 0.007 0.001 0.003 
 309   (0.013) 0.002 0.001 0.002 0.002 0.002 0.003 0.001 0.024 
 316   (0.015) 0.002 0.002 0.003 0.002 0.002 0.036 0.001 0.002 
 296   (0.012) 0.001 0.001 0.002 0.001 0.002 0.013 0.001 0.002 
 304   (0.015) 0.002 0.001 0.052 0.002 0.002 0.003 0.001 0.002 
 321   (0.012) 0.001 0.001 0.026 0.001 0.002 0.002 0.001 0.002 
 332   (0.015) 0.002 0.002 0.023 0.002 0.002 0.003 0.001 0.003 

Locus 11 : 
19 alleles
0.0% missing data
 114   (0.153) 0.237 0.016 0.048 0.286 0.126 0.120 0.202 0.241 
 126   (0.022) 0.055 0.001 0.003 0.019 0.003 0.004 0.003 0.005 
 111   (0.074) 0.233 0.558 0.471 0.008 0.030 0.020 0.005 0.012 
 116   (0.107) 0.103 0.020 0.104 0.021 0.118 0.039 0.252 0.127 
 132   (0.013) 0.011 0.001 0.002 0.001 0.002 0.003 0.001 0.002 
 109   (0.016) 0.044 0.001 0.002 0.002 0.002 0.003 0.001 0.004 
 128   (0.017) 0.007 0.002 0.002 0.002 0.003 0.004 0.001 0.017 
 112   (0.314) 0.235 0.030 0.127 0.594 0.459 0.600 0.498 0.468 
 122   (0.017) 0.002 0.002 0.003 0.011 0.007 0.007 0.005 0.007 
 124   (0.014) 0.002 0.001 0.002 0.019 0.002 0.003 0.001 0.002 
 118   (0.055) 0.021 0.015 0.057 0.018 0.065 0.020 0.016 0.048 
 127   (0.013) 0.002 0.001 0.002 0.001 0.002 0.013 0.001 0.002 
 113   (0.061) 0.008 0.296 0.116 0.006 0.053 0.092 0.004 0.012 
 115   (0.034) 0.022 0.004 0.008 0.004 0.098 0.016 0.003 0.023 
 120   (0.022) 0.003 0.047 0.003 0.002 0.003 0.005 0.001 0.019 
 117   (0.021) 0.003 0.003 0.024 0.002 0.004 0.014 0.002 0.003 
 125   (0.019) 0.003 0.001 0.003 0.002 0.013 0.030 0.001 0.003 
 119   (0.014) 0.002 0.002 0.022 0.002 0.002 0.004 0.001 0.003 
 136   (0.012) 0.008 0.001 0.002 0.001 0.007 0.003 0.001 0.002 

Locus 12 : 
28 alleles
0.7% missing data
 306   (0.062) 0.109 0.006 0.174 0.198 0.011 0.043 0.008 0.016 
 314   (0.056) 0.129 0.065 0.033 0.007 0.020 0.057 0.006 0.009 
 312   (0.014) 0.024 0.001 0.002 0.001 0.002 0.003 0.001 0.002 
 300   (0.112) 0.291 0.215 0.172 0.040 0.021 0.111 0.034 0.041 
 316   (0.042) 0.078 0.010 0.011 0.071 0.008 0.010 0.091 0.007 
 288   (0.022) 0.006 0.002 0.010 0.003 0.486 0.007 0.002 0.003 
 292   (0.105) 0.107 0.371 0.063 0.073 0.018 0.074 0.020 0.342 
 296   (0.030) 0.041 0.002 0.004 0.006 0.006 0.021 0.003 0.164 
 290   (0.018) 0.003 0.001 0.112 0.003 0.004 0.004 0.001 0.002 
 304   (0.067) 0.015 0.171 0.011 0.089 0.016 0.126 0.532 0.022 
 298   (0.046) 0.016 0.022 0.123 0.006 0.007 0.010 0.088 0.067 
 294   (0.020) 0.036 0.001 0.004 0.004 0.079 0.005 0.001 0.005 
 302   (0.060) 0.063 0.005 0.011 0.139 0.011 0.092 0.007 0.065 
 286   (0.027) 0.003 0.002 0.184 0.221 0.004 0.006 0.003 0.004 
 308   (0.032) 0.007 0.002 0.007 0.036 0.007 0.015 0.182 0.035 
 313   (0.048) 0.007 0.004 0.008 0.074 0.109 0.055 0.004 0.058 
 307   (0.041) 0.009 0.081 0.006 0.005 0.006 0.065 0.004 0.079 
 321   (0.014) 0.002 0.001 0.002 0.001 0.002 0.026 0.001 0.002 
 315   (0.049) 0.029 0.003 0.011 0.007 0.099 0.106 0.004 0.034 
 318   (0.020) 0.007 0.003 0.004 0.002 0.005 0.066 0.001 0.003 
 324   (0.013) 0.002 0.001 0.002 0.001 0.007 0.009 0.001 0.002 
 326   (0.013) 0.002 0.001 0.002 0.001 0.007 0.009 0.001 0.002 
 311   (0.021) 0.005 0.023 0.003 0.002 0.057 0.010 0.002 0.004 
 310   (0.013) 0.002 0.001 0.002 0.002 0.002 0.003 0.001 0.024 
 305   (0.014) 0.002 0.001 0.002 0.002 0.002 0.037 0.001 0.002 
 317   (0.013) 0.002 0.001 0.002 0.002 0.002 0.026 0.001 0.002 
 320   (0.014) 0.002 0.001 0.013 0.001 0.002 0.003 0.001 0.002 
 322   (0.013) 0.002 0.001 0.026 0.001 0.002 0.002 0.001 0.002 

Locus 13 : 
7 alleles
1.1% missing data
 161   (0.580) 0.660 0.456 0.489 0.077 0.492 0.532 0.889 0.786 
 163   (0.306) 0.263 0.522 0.408 0.038 0.487 0.438 0.030 0.160 
 160   (0.017) 0.002 0.001 0.002 0.437 0.003 0.003 0.001 0.002 
 162   (0.016) 0.002 0.001 0.002 0.440 0.002 0.003 0.001 0.002 
 165   (0.052) 0.067 0.018 0.095 0.006 0.009 0.018 0.005 0.042 
 166   (0.014) 0.004 0.001 0.002 0.002 0.004 0.003 0.003 0.006 
 164   (0.015) 0.002 0.001 0.002 0.001 0.002 0.003 0.069 0.002 

Locus 14 : 
4 alleles
0.4% missing data
  98   (0.957) 0.988 0.997 0.994 0.995 0.993 0.970 0.987 0.989 
 100   (0.013) 0.002 0.001 0.002 0.001 0.002 0.013 0.001 0.002 
  96   (0.016) 0.009 0.001 0.002 0.002 0.003 0.004 0.011 0.007 
 105   (0.013) 0.002 0.001 0.002 0.001 0.002 0.013 0.001 0.002 

Locus 15 : 
12 alleles
2.2% missing data
 171   (0.302) 0.395 0.353 0.288 0.223 0.368 0.429 0.185 0.206 
 177   (0.182) 0.204 0.089 0.148 0.335 0.234 0.127 0.054 0.268 
 173   (0.268) 0.282 0.501 0.415 0.126 0.224 0.294 0.080 0.348 
 179   (0.106) 0.071 0.031 0.097 0.294 0.107 0.052 0.556 0.047 
 183   (0.021) 0.027 0.002 0.008 0.003 0.006 0.007 0.010 0.003 
 181   (0.039) 0.007 0.020 0.009 0.005 0.006 0.063 0.109 0.014 
 197   (0.014) 0.002 0.001 0.002 0.001 0.002 0.003 0.002 0.062 
 170   (0.013) 0.002 0.001 0.002 0.002 0.023 0.007 0.001 0.003 
 189   (0.014) 0.004 0.001 0.010 0.008 0.003 0.007 0.001 0.005 
 203   (0.013) 0.001 0.001 0.002 0.001 0.002 0.003 0.001 0.039 
 187   (0.015) 0.003 0.001 0.006 0.002 0.024 0.005 0.001 0.002 
 198   (0.012) 0.001 0.001 0.013 0.001 0.002 0.003 0.001 0.002 

Values of parameters used in structure:
DATAFILE=STRUCTURE_main_final_278_HEG_ZG.str,	OUTFILE=STRUCTURE_main_final_278_HEG_ZG-K8-12,	NUMINDS=278,	NUMLOCI=15,	MISSING=-9,	LABEL=1,	POPDATA=1,	POPFLAG=0,	PHENOTYPE=0,	EXTRACOLS=0,	MAXPOPS=8,	BURNIN=100000,	NUMREPS=500000,	USEPOPINFO=0,	INFERALPHA=1,	INFERLAMBDA=0,	POPSPECIFICLAMBDA=0,	POPALPHAS=0,	COMPUTEPROB=1,	NOADMIX=0,	ADMBURNIN=2500,	UPDATEFREQ=1,	PRINTLIKES=0,	INTERMEDSAVE=0,	PRINTKLD=0,	PRINTNET=0,	PRINTLAMBDA=0,	ANCESTDIST=0,	NUMBOXES=1000,	ANCESTPINT=0.90000,	GENSBACK=2,	MIGRPRIOR=0.05000,	PRINTQHAT=0,	PRINTQSUM=0,	ALPHA=1.0000,	FREQSCORR=1,	FPRIORMEAN=0.0100,	FPRIORSD=0.0500,	ONEFST=0,	LAMBDA=1.0000,	UNIFPRIORALPHA=1,	ALPHAMAX=10.0000,	ALPHAPRIORA=1.0000,	ALPHAPRIORB=2.0000,	ALPHAPROPSD=0.0250,	STARTATPOPINFO=0,	RANDOMIZE=1,	LINKAGE=0,	METROFREQ=10,	REPORTHITRATE=0,	MARKOVPHASE=-1,	PHASED=0,	PLOIDY=2,	PHASEINFO=0	LOCPRIOR=0, 	LOCPRIORINIT=1.000000, 	LOCDATA=0, 	LOCISPOP=0, 	LOCPRIORSTEP=0.100000, 	MAXLOCPRIOR=20.000000, 	SEED=1782483150,	
[STRAT parameters]:    NUMSIMSTATS=1000,	PHENOTYPECOL=-9,	POOLFREQ=10,	LOCUSxONLY=0,	EMERROR=0.00100,	MISSINGPHENO=-9,	