

----------------------------------------------------
STRUCTURE by Pritchard, Stephens and Donnelly (2000)
     and Falush, Stephens and Pritchard (2003)
       Code by Pritchard, Falush and Hubisz
             Version 2.3.4 (Jul 2012)
----------------------------------------------------



Command line arguments:   structure -K 6 -i STRUCTURE_main_final_278_HEG_ZG.str -o STRUCTURE_main_final_278_HEG_ZG-K6-19 
Input File:    STRUCTURE_main_final_278_HEG_ZG.str

Run parameters:
   278 individuals
   15 loci
   6 populations assumed
   100000 Burn-in period
   500000 Reps


--------------------------------------------
Proportion of membership of each pre-defined
 population in each of the 6 clusters

Given    Inferred Clusters                            Number of
 Pop       1      2      3      4      5      6      Individuals

  1:     0.093  0.018  0.121  0.041  0.703  0.024       24
  2:     0.027  0.040  0.062  0.796  0.032  0.043       24
  3:     0.095  0.518  0.029  0.015  0.025  0.318       24
  4:     0.043  0.046  0.466  0.055  0.141  0.248       24
  5:     0.042  0.094  0.199  0.051  0.043  0.571       24
  6:     0.023  0.025  0.096  0.170  0.582  0.104       24
  7:     0.012  0.023  0.099  0.726  0.107  0.033       24
  8:     0.056  0.065  0.087  0.016  0.042  0.735       14
  9:     0.637  0.083  0.152  0.031  0.060  0.036       24
 10:     0.692  0.219  0.028  0.014  0.018  0.028       24
 11:     0.725  0.124  0.055  0.028  0.030  0.038       24
 12:     0.039  0.095  0.378  0.079  0.297  0.112       24
--------------------------------------------

Allele-freq. divergence among pops (Net nucleotide distance),
computed using point estimates of P.

      1       2       3       4       5       6      
 1      -    0.0546  0.0496  0.0794  0.0474  0.0429  
 2   0.0546     -    0.0505  0.0630  0.0570  0.0390  
 3   0.0496  0.0505     -    0.0431  0.0232  0.0264  
 4   0.0794  0.0630  0.0431     -    0.0404  0.0436  
 5   0.0474  0.0570  0.0232  0.0404     -    0.0269  
 6   0.0429  0.0390  0.0264  0.0436  0.0269     -    

Average distances (expected heterozygosity) between individuals in same cluster:
cluster  1  : 0.6286 
cluster  2  : 0.6112 
cluster  3  : 0.6169 
cluster  4  : 0.6321 
cluster  5  : 0.6220 
cluster  6  : 0.6357 

--------------------------------------------
Estimated Ln Prob of Data   = -12802.0
Mean value of ln likelihood = -12297.4
Variance of ln likelihood   = 1009.2
Mean value of alpha         = 0.0542

Mean value of Fst_1         = 0.1024
Mean value of Fst_2         = 0.1220
Mean value of Fst_3         = 0.0753
Mean value of Fst_4         = 0.1118
Mean value of Fst_5         = 0.0781
Mean value of Fst_6         = 0.0502


Inferred ancestry of individuals:
        Label (%Miss) Pop:  Inferred clusters
  1 24.0601.E1    (0)    1 :  0.010 0.010 0.012 0.020 0.938 0.010 
  2 24.0602.E1    (0)    1 :  0.017 0.011 0.010 0.007 0.941 0.014 
  3 24.0603.E1    (0)    1 :  0.010 0.007 0.019 0.010 0.888 0.067 
  4 24.0604.E1    (0)    1 :  0.025 0.137 0.173 0.008 0.651 0.006 
  5 24.0605.E1    (0)    1 :  0.015 0.009 0.022 0.020 0.919 0.016 
  6 24.0606.E1    (0)    1 :  0.021 0.005 0.122 0.016 0.819 0.016 
  7 24.0607.E1    (0)    1 :  0.133 0.030 0.299 0.071 0.347 0.120 
  8 24.0608.E1    (0)    1 :  0.060 0.037 0.017 0.033 0.843 0.010 
  9 24.0609.E1    (0)    1 :  0.284 0.013 0.453 0.005 0.221 0.023 
 10 24.0610.E1    (0)    1 :  0.187 0.007 0.285 0.007 0.493 0.020 
 11 24.0611.E1    (0)    1 :  0.035 0.006 0.039 0.008 0.897 0.015 
 12 24.0612.E1    (0)    1 :  0.008 0.008 0.009 0.020 0.935 0.019 
 13 24.0613.E1    (0)    1 :  0.018 0.005 0.085 0.006 0.877 0.009 
 14 24.0614.E1    (0)    1 :  0.224 0.035 0.020 0.140 0.569 0.012 
 15 24.0615.E1    (0)    1 :  0.136 0.020 0.025 0.035 0.770 0.013 
 16 24.0616.E1    (0)    1 :  0.013 0.007 0.015 0.008 0.947 0.009 
 17 24.0617.E1    (0)    1 :  0.518 0.007 0.042 0.037 0.379 0.017 
 18 24.0618.E1    (0)    1 :  0.240 0.007 0.045 0.007 0.659 0.042 
 19 24.0619.E1    (0)    1 :  0.011 0.014 0.409 0.009 0.545 0.012 
 20 24.0620.E1   (20)    1 :  0.055 0.015 0.334 0.355 0.184 0.057 
 21 24.0621.E1    (0)    1 :  0.140 0.025 0.384 0.006 0.428 0.017 
 22 24.0622.E1    (0)    1 :  0.008 0.009 0.022 0.018 0.929 0.014 
 23 24.0623.E1    (0)    1 :  0.049 0.012 0.051 0.122 0.739 0.026 
 24 24.0624.E1    (0)    1 :  0.012 0.004 0.007 0.006 0.963 0.008 
 25 24.0625.E1    (0)    2 :  0.023 0.044 0.047 0.806 0.021 0.059 
 26 24.0626.E1    (0)    2 :  0.006 0.016 0.006 0.960 0.007 0.007 
 27 24.0627.E1    (0)    2 :  0.009 0.348 0.057 0.565 0.009 0.012 
 28 24.0628.E1    (0)    2 :  0.042 0.026 0.245 0.636 0.031 0.019 
 29 24.0629.E1    (0)    2 :  0.031 0.009 0.013 0.779 0.114 0.055 
 30 24.0630.E1    (0)    2 :  0.010 0.012 0.020 0.942 0.009 0.008 
 31 24.0631.E1    (0)    2 :  0.005 0.005 0.006 0.970 0.009 0.006 
 32 24.0632.E1    (0)    2 :  0.012 0.020 0.008 0.933 0.014 0.012 
 33 24.0633.E1    (0)    2 :  0.043 0.020 0.080 0.695 0.022 0.139 
 34 24.0634.E1    (0)    2 :  0.020 0.011 0.019 0.918 0.013 0.017 
 35 24.0635.E1    (0)    2 :  0.084 0.020 0.037 0.510 0.025 0.324 
 36 24.0636.E1   (33)    2 :  0.008 0.019 0.078 0.787 0.081 0.027 
 37 24.0637.E1    (0)    2 :  0.004 0.005 0.006 0.969 0.006 0.010 
 38 24.0638.E1    (0)    2 :  0.009 0.014 0.109 0.710 0.014 0.144 
 39 24.0639.E1    (0)    2 :  0.069 0.015 0.009 0.795 0.061 0.050 
 40 24.0640.E1    (0)    2 :  0.016 0.006 0.010 0.945 0.013 0.011 
 41 24.0641.E1    (0)    2 :  0.063 0.060 0.199 0.444 0.176 0.059 
 42 24.0642.E1    (0)    2 :  0.006 0.006 0.215 0.681 0.076 0.016 
 43 24.0643.E1    (0)    2 :  0.010 0.265 0.009 0.685 0.013 0.019 
 44 24.0644.E1    (0)    2 :  0.075 0.008 0.078 0.817 0.011 0.010 
 45 24.0645.E1    (0)    2 :  0.024 0.007 0.155 0.795 0.012 0.008 
 46 24.0646.E1    (0)    2 :  0.078 0.008 0.077 0.816 0.011 0.010 
 47 24.0647.E1    (0)    2 :  0.004 0.005 0.006 0.969 0.006 0.010 
 48 24.0648.E1    (0)    2 :  0.005 0.005 0.006 0.969 0.006 0.010 
 49 24.0649.E1    (0)    3 :  0.020 0.016 0.010 0.005 0.006 0.943 
 50 24.0650.E1    (0)    3 :  0.562 0.029 0.287 0.004 0.086 0.031 
 51 24.0651.E1    (0)    3 :  0.062 0.059 0.017 0.135 0.010 0.717 
 52 24.0652.E1    (0)    3 :  0.008 0.944 0.007 0.005 0.016 0.020 
 53 24.0653.E1    (0)    3 :  0.013 0.942 0.010 0.006 0.006 0.023 
 54 24.0654.E1    (0)    3 :  0.030 0.868 0.013 0.012 0.010 0.068 
 55 24.0655.E1    (0)    3 :  0.044 0.037 0.014 0.011 0.028 0.866 
 56 24.0656.E1    (0)    3 :  0.010 0.951 0.012 0.007 0.008 0.012 
 57 24.0657.E1    (0)    3 :  0.011 0.947 0.013 0.007 0.008 0.014 
 58 24.0658.E1    (0)    3 :  0.087 0.069 0.044 0.008 0.027 0.765 
 59 24.0659.E1    (0)    3 :  0.172 0.583 0.015 0.006 0.084 0.139 
 60 24.0660.E1    (6)    3 :  0.009 0.018 0.015 0.010 0.021 0.927 
 61 24.0661.E1    (0)    3 :  0.016 0.945 0.007 0.010 0.007 0.014 
 62 24.0662.E1    (0)    3 :  0.137 0.125 0.018 0.028 0.125 0.567 
 63 24.0663.E1    (0)    3 :  0.904 0.013 0.034 0.009 0.008 0.032 
 64 24.0664.E1    (0)    3 :  0.016 0.788 0.020 0.015 0.008 0.152 
 65 24.0665.E1    (0)    3 :  0.009 0.804 0.027 0.028 0.009 0.123 
 66 24.0666.E1    (0)    3 :  0.006 0.967 0.008 0.005 0.006 0.008 
 67 24.0667.E1    (0)    3 :  0.005 0.954 0.008 0.006 0.009 0.019 
 68 24.0668.E1    (0)    3 :  0.005 0.976 0.005 0.004 0.004 0.006 
 69 24.0669.E1    (0)    3 :  0.005 0.973 0.007 0.005 0.004 0.006 
 70 24.0670.E1    (0)    3 :  0.063 0.039 0.005 0.005 0.011 0.877 
 71 24.0671.E1    (0)    3 :  0.078 0.084 0.013 0.013 0.010 0.801 
 72 24.0672.E1    (0)    3 :  0.013 0.308 0.091 0.006 0.076 0.505 
 73 24.0673.E1    (6)    4 :  0.050 0.124 0.203 0.402 0.191 0.030 
 74 24.0674.E1    (0)    4 :  0.014 0.007 0.593 0.028 0.342 0.016 
 75 24.0675.E1    (0)    4 :  0.092 0.012 0.763 0.047 0.043 0.042 
 76 24.0676.E1    (0)    4 :  0.157 0.008 0.742 0.015 0.025 0.052 
 77 24.0677.E1    (0)    4 :  0.097 0.015 0.030 0.007 0.036 0.815 
 78 24.0678.E1    (0)    4 :  0.013 0.075 0.041 0.026 0.325 0.520 
 79 24.0679.E1    (0)    4 :  0.084 0.064 0.186 0.009 0.252 0.405 
 80 24.0680.E1    (0)    4 :  0.012 0.052 0.154 0.016 0.047 0.717 
 81 24.0681.E1    (0)    4 :  0.012 0.025 0.533 0.017 0.189 0.224 
 82 24.0682.E1    (0)    4 :  0.005 0.004 0.967 0.007 0.010 0.006 
 83 24.0683.E1    (0)    4 :  0.009 0.012 0.554 0.038 0.373 0.014 
 84 24.0684.E1    (0)    4 :  0.017 0.008 0.467 0.092 0.375 0.041 
 85 24.0685.E1    (0)    4 :  0.011 0.025 0.672 0.027 0.234 0.031 
 86 24.0686.E1    (0)    4 :  0.022 0.006 0.019 0.029 0.037 0.886 
 87 24.0687.E1    (0)    4 :  0.016 0.006 0.027 0.080 0.031 0.840 
 88 24.0688.E1    (0)    4 :  0.005 0.006 0.959 0.009 0.008 0.013 
 89 24.0689.E1    (0)    4 :  0.282 0.006 0.096 0.044 0.040 0.531 
 90 24.0690.E1    (0)    4 :  0.015 0.549 0.036 0.065 0.042 0.292 
 91 24.0691.E1    (0)    4 :  0.017 0.007 0.651 0.010 0.281 0.035 
 92 24.0692.E1    (0)    4 :  0.012 0.010 0.732 0.009 0.014 0.223 
 93 24.0693.E1    (0)    4 :  0.067 0.055 0.374 0.298 0.029 0.177 
 94 24.0694.E1    (0)    4 :  0.006 0.011 0.912 0.010 0.047 0.014 
 95 24.0695.E1    (0)    4 :  0.015 0.013 0.708 0.007 0.244 0.013 
 96 24.0696.E1    (0)    4 :  0.012 0.010 0.758 0.018 0.177 0.025 
 97 24.0697.E1    (0)    5 :  0.012 0.008 0.062 0.038 0.010 0.870 
 98 24.0698.E1    (0)    5 :  0.023 0.011 0.018 0.042 0.027 0.879 
 99 24.0699.E1    (0)    5 :  0.011 0.008 0.007 0.008 0.015 0.951 
100 24.0700.E1    (0)    5 :  0.008 0.007 0.014 0.006 0.007 0.957 
101 24.0701.E1    (0)    5 :  0.013 0.868 0.023 0.044 0.016 0.035 
102 24.0702.E1    (0)    5 :  0.009 0.013 0.013 0.016 0.012 0.938 
103 24.0703.E1    (0)    5 :  0.049 0.008 0.007 0.037 0.010 0.889 
104 24.0704.E1    (6)    5 :  0.042 0.015 0.090 0.011 0.017 0.826 
105 24.0705.E1    (0)    5 :  0.012 0.013 0.716 0.010 0.100 0.150 
106 24.0706.E1    (0)    5 :  0.013 0.013 0.047 0.012 0.008 0.907 
107 24.0707.E1    (0)    5 :  0.007 0.011 0.032 0.018 0.016 0.915 
108 24.0708.E1    (0)    5 :  0.462 0.019 0.030 0.210 0.203 0.076 
109 24.0709.E1    (0)    5 :  0.024 0.011 0.922 0.008 0.013 0.022 
110 24.0710.E1    (0)    5 :  0.046 0.020 0.149 0.024 0.214 0.546 
111 24.0711.E1    (0)    5 :  0.011 0.032 0.072 0.041 0.089 0.756 
112 24.0712.E1    (0)    5 :  0.008 0.684 0.034 0.080 0.047 0.146 
113 24.0713.E1    (0)    5 :  0.032 0.011 0.670 0.011 0.012 0.265 
114 24.0714.E1    (0)    5 :  0.023 0.008 0.034 0.010 0.034 0.890 
115 24.0715.E1    (0)    5 :  0.013 0.013 0.073 0.138 0.043 0.719 
116 24.0716.E1    (0)    5 :  0.098 0.298 0.021 0.043 0.078 0.462 
117 24.0717.E1    (0)    5 :  0.049 0.119 0.030 0.359 0.020 0.424 
118 24.0718.E1    (0)    5 :  0.007 0.027 0.103 0.033 0.025 0.805 
119 24.0719.E1    (0)    5 :  0.015 0.009 0.917 0.012 0.007 0.040 
120 24.0720.E1    (0)    5 :  0.013 0.028 0.681 0.011 0.018 0.249 
121 24.0721.E1    (0)    6 :  0.028 0.027 0.084 0.350 0.081 0.430 
122 24.0722.E1    (0)    6 :  0.017 0.033 0.062 0.680 0.088 0.120 
123 24.0723.E1    (0)    6 :  0.171 0.018 0.020 0.677 0.051 0.064 
124 24.0724.E1    (0)    6 :  0.092 0.010 0.189 0.058 0.628 0.024 
125 24.0725.E1    (0)    6 :  0.007 0.018 0.009 0.007 0.948 0.010 
126 24.0726.E1    (6)    6 :  0.010 0.009 0.187 0.059 0.715 0.020 
127 24.0727.E1    (0)    6 :  0.024 0.024 0.022 0.157 0.727 0.046 
128 24.0728.E1    (0)    6 :  0.017 0.011 0.019 0.129 0.351 0.472 
129 24.0729.E1    (0)    6 :  0.014 0.019 0.195 0.031 0.726 0.015 
130 24.0730.E1    (0)    6 :  0.018 0.012 0.021 0.016 0.099 0.834 
131 24.0731.E1    (0)    6 :  0.010 0.007 0.523 0.027 0.421 0.013 
132 24.0732.E1    (0)    6 :  0.005 0.022 0.086 0.532 0.304 0.052 
133 24.0733.E1    (0)    6 :  0.005 0.004 0.007 0.012 0.967 0.005 
134 24.0734.E1    (0)    6 :  0.009 0.008 0.012 0.722 0.071 0.179 
135 24.0735.E1    (0)    6 :  0.012 0.015 0.013 0.097 0.826 0.038 
136 24.0736.E1    (0)    6 :  0.006 0.005 0.008 0.013 0.958 0.009 
137 24.0737.E1    (0)    6 :  0.014 0.007 0.011 0.016 0.929 0.024 
138 24.0738.E1    (0)    6 :  0.008 0.009 0.009 0.013 0.946 0.015 
139 24.0739.E1    (0)    6 :  0.008 0.009 0.010 0.009 0.946 0.018 
140 24.0740.E1    (0)    6 :  0.013 0.013 0.309 0.017 0.635 0.013 
141 24.0741.E1    (0)    6 :  0.010 0.010 0.106 0.211 0.612 0.051 
142 24.0742.E1    (0)    6 :  0.011 0.007 0.026 0.176 0.768 0.012 
143 24.0743.E1    (0)    6 :  0.018 0.011 0.235 0.009 0.716 0.011 
144 24.0744.E1    (0)    6 :  0.023 0.285 0.151 0.058 0.461 0.023 
145 24.0745.E1    (0)    7 :  0.013 0.080 0.050 0.826 0.008 0.024 
146 24.0746.E1    (0)    7 :  0.019 0.019 0.113 0.790 0.018 0.040 
147 24.0747.E1    (0)    7 :  0.009 0.017 0.461 0.436 0.062 0.015 
148 24.0748.E1    (6)    7 :  0.012 0.036 0.613 0.262 0.064 0.013 
149 24.0749.E1    (0)    7 :  0.009 0.006 0.014 0.545 0.411 0.015 
150 24.0750.E1    (0)    7 :  0.027 0.008 0.190 0.115 0.473 0.188 
151 24.0751.E1    (0)    7 :  0.005 0.006 0.008 0.959 0.014 0.008 
152 24.0752.E1    (0)    7 :  0.010 0.006 0.016 0.837 0.115 0.016 
153 24.0753.E1    (0)    7 :  0.006 0.014 0.013 0.891 0.066 0.009 
154 24.0754.E1    (0)    7 :  0.006 0.018 0.017 0.927 0.023 0.009 
155 24.0755.E1    (0)    7 :  0.017 0.010 0.168 0.756 0.023 0.026 
156 24.0756.E1    (0)    7 :  0.010 0.006 0.010 0.944 0.024 0.006 
157 24.0757.E1    (0)    7 :  0.004 0.005 0.007 0.972 0.007 0.006 
158 24.0758.E1    (0)    7 :  0.004 0.005 0.008 0.969 0.008 0.006 
159 24.0759.E1    (0)    7 :  0.008 0.036 0.025 0.586 0.330 0.015 
160 24.0760.E1    (0)    7 :  0.006 0.013 0.013 0.940 0.009 0.019 
161 24.0761.E1    (0)    7 :  0.004 0.006 0.005 0.974 0.005 0.005 
162 24.0762.E1    (0)    7 :  0.034 0.213 0.089 0.032 0.331 0.300 
163 24.0763.E1    (0)    7 :  0.006 0.009 0.026 0.926 0.024 0.009 
164 24.0764.E1    (0)    7 :  0.005 0.006 0.010 0.876 0.089 0.015 
165 24.0765.E1    (0)    7 :  0.010 0.006 0.011 0.955 0.012 0.007 
166 24.0766.E1    (0)    7 :  0.006 0.008 0.010 0.944 0.025 0.007 
167 24.0767.E1    (0)    7 :  0.007 0.005 0.012 0.952 0.017 0.006 
168 24.0768.E1    (0)    7 :  0.040 0.012 0.488 0.019 0.413 0.028 
169 24.0779.E1    (0)    8 :  0.013 0.020 0.050 0.029 0.020 0.869 
170 24.0780.E1    (6)    8 :  0.157 0.015 0.036 0.006 0.009 0.777 
171 24.0781.E1    (0)    8 :  0.007 0.006 0.007 0.005 0.005 0.969 
172 24.0782.E1    (0)    8 :  0.050 0.015 0.305 0.060 0.292 0.279 
173 24.0783.E1    (0)    8 :  0.169 0.068 0.072 0.008 0.011 0.671 
174 24.0784.E1    (0)    8 :  0.031 0.005 0.031 0.005 0.008 0.920 
175 24.0785.E1    (0)    8 :  0.088 0.049 0.018 0.004 0.007 0.834 
176 24.0786.E1    (0)    8 :  0.073 0.022 0.119 0.011 0.026 0.748 
177 24.0787.E1    (0)    8 :  0.013 0.055 0.013 0.027 0.013 0.880 
178 24.0788.E1    (0)    8 :  0.090 0.054 0.066 0.021 0.008 0.761 
179 24.0789.E1    (0)    8 :  0.036 0.011 0.011 0.012 0.020 0.909 
180 24.0790.E1    (0)    8 :  0.022 0.046 0.013 0.005 0.005 0.908 
181 24.0791.E1    (0)    8 :  0.012 0.204 0.395 0.008 0.138 0.243 
182 24.0792.E1    (0)    8 :  0.017 0.336 0.081 0.016 0.021 0.528 
183 24.0793.E1    (0)    9 :  0.907 0.009 0.013 0.017 0.017 0.036 
184 24.0794.E1    (0)    9 :  0.207 0.130 0.009 0.007 0.623 0.024 
185 24.0795.E1    (0)    9 :  0.376 0.006 0.017 0.051 0.479 0.070 
186 24.0796.E1    (0)    9 :  0.762 0.051 0.013 0.006 0.058 0.109 
187 24.0797.E1    (0)    9 :  0.877 0.017 0.009 0.006 0.011 0.080 
188 24.0798.E1    (0)    9 :  0.130 0.597 0.030 0.202 0.011 0.031 
189 24.0799.E1    (0)    9 :  0.546 0.071 0.336 0.009 0.022 0.017 
190 24.0800.E1    (0)    9 :  0.576 0.021 0.366 0.007 0.015 0.013 
191 24.0801.E1    (0)    9 :  0.090 0.613 0.270 0.007 0.008 0.013 
192 24.0802.E1    (0)    9 :  0.932 0.008 0.011 0.022 0.009 0.018 
193 24.0803.E1    (0)    9 :  0.636 0.081 0.215 0.015 0.023 0.031 
194 24.0804.E1    (0)    9 :  0.965 0.005 0.006 0.008 0.008 0.008 
195 24.0805.E1    (0)    9 :  0.290 0.088 0.579 0.009 0.015 0.018 
196 24.0806.E1    (0)    9 :  0.775 0.007 0.015 0.171 0.010 0.021 
197 24.0807.E1    (0)    9 :  0.932 0.012 0.009 0.009 0.010 0.028 
198 24.0808.E1    (0)    9 :  0.414 0.029 0.456 0.016 0.014 0.071 
199 24.0809.E1    (0)    9 :  0.390 0.030 0.536 0.010 0.025 0.009 
200 24.0810.E1    (0)    9 :  0.560 0.065 0.318 0.016 0.026 0.015 
201 24.0811.E1    (0)    9 :  0.954 0.005 0.006 0.007 0.014 0.013 
202 24.0812.E1    (0)    9 :  0.922 0.007 0.021 0.007 0.018 0.025 
203 24.0813.E1    (0)    9 :  0.658 0.009 0.137 0.024 0.011 0.161 
204 24.0814.E1    (6)    9 :  0.907 0.015 0.053 0.010 0.007 0.008 
205 24.0815.E1    (0)    9 :  0.575 0.087 0.224 0.092 0.007 0.016 
206 24.0816.E1    (0)    9 :  0.917 0.026 0.008 0.016 0.009 0.024 
207 24.0817.E1    (0)   10 :  0.935 0.009 0.013 0.006 0.012 0.024 
208 24.0818.E1    (0)   10 :  0.815 0.019 0.008 0.014 0.054 0.090 
209 24.0819.E1    (0)   10 :  0.092 0.733 0.116 0.036 0.014 0.009 
210 24.0820.E1    (0)   10 :  0.091 0.842 0.009 0.044 0.007 0.007 
211 24.0821.E1    (0)   10 :  0.151 0.728 0.023 0.010 0.015 0.073 
212 24.0822.E1    (0)   10 :  0.870 0.031 0.017 0.015 0.008 0.059 
213 24.0823.E1    (0)   10 :  0.395 0.525 0.031 0.030 0.011 0.008 
214 24.0824.E1    (0)   10 :  0.199 0.585 0.174 0.015 0.015 0.012 
215 24.0825.E1    (0)   10 :  0.948 0.006 0.022 0.008 0.007 0.009 
216 24.0826.E1    (0)   10 :  0.103 0.850 0.008 0.023 0.005 0.010 
217 24.0827.E1    (0)   10 :  0.912 0.015 0.012 0.006 0.034 0.022 
218 24.0828.E1    (0)   10 :  0.389 0.556 0.010 0.027 0.008 0.009 
219 24.0829.E1    (0)   10 :  0.938 0.015 0.020 0.009 0.009 0.010 
220 24.0830.E1    (0)   10 :  0.816 0.127 0.008 0.004 0.007 0.037 
221 24.0831.E1    (0)   10 :  0.759 0.095 0.013 0.005 0.007 0.122 
222 24.0832.E1    (0)   10 :  0.956 0.007 0.015 0.004 0.011 0.007 
223 24.0833.E1    (0)   10 :  0.960 0.005 0.018 0.006 0.005 0.006 
224 24.0834.E1    (0)   10 :  0.933 0.022 0.017 0.009 0.011 0.008 
225 24.0835.E1    (0)   10 :  0.949 0.010 0.015 0.006 0.010 0.010 
226 24.0836.E1    (0)   10 :  0.877 0.017 0.063 0.009 0.016 0.017 
227 24.0837.E1    (0)   10 :  0.940 0.014 0.014 0.006 0.008 0.017 
228 24.0838.E1    (0)   10 :  0.915 0.007 0.024 0.010 0.007 0.037 
229 24.0839.E1    (0)   10 :  0.719 0.023 0.026 0.023 0.140 0.068 
230 24.0840.E1    (0)   10 :  0.953 0.011 0.006 0.007 0.012 0.011 
231 24.0841.E1    (0)   11 :  0.903 0.008 0.013 0.007 0.040 0.028 
232 24.0842.E1    (0)   11 :  0.718 0.225 0.009 0.006 0.029 0.014 
233 24.0843.E1    (0)   11 :  0.524 0.432 0.008 0.010 0.006 0.020 
234 24.0844.E1    (0)   11 :  0.455 0.427 0.034 0.007 0.035 0.042 
235 24.0845.E1    (0)   11 :  0.864 0.019 0.015 0.006 0.009 0.088 
236 24.0846.E1    (0)   11 :  0.946 0.008 0.015 0.007 0.011 0.013 
237 24.0847.E1    (0)   11 :  0.663 0.020 0.240 0.010 0.054 0.012 
238 24.0848.E1    (0)   11 :  0.855 0.020 0.070 0.005 0.014 0.037 
239 24.0849.E1    (0)   11 :  0.907 0.058 0.008 0.011 0.008 0.008 
240 24.0850.E1    (0)   11 :  0.906 0.059 0.009 0.010 0.008 0.008 
241 24.0851.E1    (0)   11 :  0.906 0.058 0.009 0.011 0.008 0.008 
242 24.0852.E1    (0)   11 :  0.792 0.132 0.013 0.022 0.008 0.033 
243 24.0853.E1    (0)   11 :  0.943 0.020 0.008 0.016 0.006 0.007 
244 24.0854.E1    (0)   11 :  0.019 0.936 0.014 0.009 0.016 0.007 
245 24.0855.E1    (0)   11 :  0.957 0.010 0.010 0.006 0.008 0.008 
246 24.0856.E1    (0)   11 :  0.172 0.201 0.013 0.322 0.115 0.177 
247 24.0857.E1    (0)   11 :  0.860 0.014 0.082 0.012 0.018 0.015 
248 24.0858.E1    (0)   11 :  0.882 0.027 0.015 0.008 0.013 0.055 
249 24.0859.E1    (0)   11 :  0.782 0.097 0.015 0.069 0.016 0.020 
250 24.0860.E1    (0)   11 :  0.550 0.060 0.144 0.060 0.049 0.137 
251 24.0861.E1    (0)   11 :  0.937 0.026 0.006 0.012 0.007 0.011 
252 24.0862.E1    (0)   11 :  0.790 0.010 0.018 0.025 0.045 0.112 
253 24.0863.E1    (0)   11 :  0.938 0.025 0.007 0.012 0.007 0.011 
254 24.0864.E1    (0)   11 :  0.139 0.077 0.545 0.008 0.196 0.036 
255 24.0865.E1    (0)   12 :  0.048 0.507 0.169 0.209 0.030 0.037 
256 24.0866.E1    (0)   12 :  0.159 0.034 0.582 0.013 0.041 0.172 
257 24.0867.E1    (0)   12 :  0.025 0.073 0.662 0.218 0.010 0.011 
258 24.0868.E1    (0)   12 :  0.051 0.013 0.538 0.026 0.012 0.361 
259 24.0869.E1    (0)   12 :  0.038 0.006 0.911 0.012 0.008 0.025 
260 24.0870.E1    (0)   12 :  0.034 0.022 0.379 0.079 0.077 0.410 
261 24.0871.E1    (0)   12 :  0.070 0.052 0.512 0.021 0.127 0.219 
262 24.0872.E1    (0)   12 :  0.018 0.236 0.587 0.077 0.014 0.068 
263 24.0873.E1    (0)   12 :  0.019 0.053 0.886 0.015 0.011 0.016 
264 24.0874.E1    (0)   12 :  0.089 0.140 0.593 0.148 0.013 0.019 
265 24.0875.E1    (0)   12 :  0.016 0.035 0.690 0.013 0.062 0.184 
266 24.0876.E1    (0)   12 :  0.008 0.015 0.737 0.011 0.151 0.078 
267 24.0877.E1    (0)   12 :  0.007 0.012 0.044 0.023 0.879 0.035 
268 24.0878.E1    (0)   12 :  0.042 0.012 0.268 0.012 0.644 0.023 
269 24.0879.E1    (0)   12 :  0.007 0.220 0.019 0.011 0.728 0.016 
270 24.0880.E1    (0)   12 :  0.233 0.061 0.550 0.017 0.034 0.107 
271 24.0881.E1    (0)   12 :  0.006 0.007 0.008 0.011 0.962 0.007 
272 24.0882.E1    (0)   12 :  0.007 0.020 0.040 0.350 0.570 0.013 
273 24.0883.E1    (0)   12 :  0.008 0.328 0.145 0.058 0.451 0.010 
274 24.0884.E1    (0)   12 :  0.008 0.012 0.030 0.014 0.922 0.014 
275 24.0885.E1    (0)   12 :  0.009 0.023 0.210 0.009 0.708 0.040 
276 24.0886.E1    (0)   12 :  0.008 0.157 0.333 0.042 0.447 0.013 
277 24.0887.E1    (0)   12 :  0.005 0.177 0.099 0.501 0.209 0.007 
278 24.0888.E1    (0)   12 :  0.018 0.067 0.084 0.008 0.019 0.804 


Estimated Allele Frequencies in each cluster
First column gives estimated ancestral frequencies


Locus 1 : 
31 alleles
0.0% missing data
 115   (0.031) 0.004 0.005 0.088 0.004 0.134 0.009 
 117   (0.044) 0.007 0.009 0.080 0.071 0.210 0.011 
 119   (0.037) 0.004 0.005 0.020 0.302 0.251 0.009 
 131   (0.015) 0.001 0.002 0.003 0.002 0.042 0.003 
 128   (0.038) 0.016 0.011 0.040 0.004 0.032 0.033 
 135   (0.016) 0.002 0.002 0.012 0.002 0.042 0.004 
 126   (0.086) 0.149 0.062 0.099 0.042 0.070 0.077 
 122   (0.038) 0.052 0.007 0.012 0.045 0.009 0.042 
 132   (0.027) 0.038 0.007 0.016 0.006 0.005 0.024 
 141   (0.011) 0.001 0.001 0.002 0.002 0.008 0.002 
 130   (0.050) 0.023 0.087 0.067 0.015 0.008 0.066 
 134   (0.038) 0.047 0.006 0.029 0.060 0.004 0.025 
 145   (0.018) 0.001 0.078 0.003 0.016 0.004 0.004 
 127   (0.025) 0.002 0.004 0.008 0.119 0.031 0.006 
 116   (0.108) 0.165 0.189 0.148 0.086 0.019 0.245 
 114   (0.055) 0.151 0.077 0.046 0.037 0.008 0.044 
 120   (0.040) 0.003 0.064 0.014 0.039 0.009 0.065 
 110   (0.051) 0.042 0.052 0.040 0.029 0.017 0.041 
 133   (0.013) 0.001 0.002 0.003 0.018 0.002 0.002 
 118   (0.101) 0.225 0.293 0.204 0.018 0.016 0.225 
 125   (0.015) 0.010 0.003 0.002 0.001 0.002 0.008 
 129   (0.019) 0.001 0.008 0.006 0.002 0.042 0.008 
 124   (0.015) 0.001 0.011 0.004 0.001 0.006 0.016 
 136   (0.021) 0.036 0.003 0.036 0.002 0.003 0.007 
 121   (0.017) 0.001 0.002 0.004 0.041 0.007 0.004 
 139   (0.011) 0.001 0.001 0.002 0.001 0.009 0.002 
 113   (0.010) 0.001 0.001 0.002 0.010 0.001 0.002 
 111   (0.012) 0.001 0.002 0.002 0.010 0.002 0.002 
 143   (0.012) 0.001 0.001 0.002 0.010 0.001 0.002 
 140   (0.014) 0.004 0.002 0.005 0.001 0.002 0.012 
 112   (0.011) 0.008 0.002 0.002 0.001 0.001 0.002 

Locus 2 : 
18 alleles
0.0% missing data
 152   (0.382) 0.373 0.209 0.551 0.577 0.646 0.357 
 148   (0.071) 0.006 0.018 0.116 0.122 0.139 0.042 
 154   (0.111) 0.154 0.028 0.132 0.138 0.060 0.107 
 156   (0.016) 0.002 0.003 0.003 0.001 0.012 0.008 
 150   (0.019) 0.001 0.003 0.003 0.061 0.007 0.004 
 164   (0.073) 0.086 0.024 0.028 0.015 0.065 0.121 
 158   (0.033) 0.003 0.089 0.016 0.019 0.012 0.008 
 160   (0.020) 0.002 0.003 0.008 0.012 0.003 0.013 
 166   (0.022) 0.006 0.004 0.010 0.004 0.004 0.024 
 151   (0.064) 0.245 0.348 0.012 0.005 0.008 0.169 
 147   (0.064) 0.103 0.191 0.087 0.007 0.008 0.074 
 168   (0.023) 0.002 0.033 0.008 0.002 0.003 0.015 
 153   (0.016) 0.001 0.013 0.003 0.001 0.002 0.013 
 149   (0.026) 0.002 0.022 0.017 0.008 0.003 0.011 
 162   (0.021) 0.012 0.007 0.003 0.004 0.007 0.009 
 167   (0.013) 0.001 0.002 0.002 0.001 0.019 0.002 
 146   (0.013) 0.001 0.002 0.002 0.020 0.001 0.002 
 172   (0.013) 0.001 0.002 0.002 0.001 0.001 0.020 

Locus 3 : 
4 alleles
0.0% missing data
 128   (0.291) 0.370 0.253 0.325 0.402 0.227 0.229 
 126   (0.619) 0.555 0.596 0.647 0.566 0.704 0.732 
 132   (0.075) 0.074 0.129 0.026 0.027 0.066 0.035 
 134   (0.015) 0.001 0.021 0.002 0.005 0.002 0.004 

Locus 4 : 
3 alleles
0.0% missing data
 170   (0.314) 0.354 0.191 0.217 0.341 0.316 0.363 
 172   (0.673) 0.645 0.807 0.778 0.652 0.683 0.634 
 171   (0.013) 0.001 0.002 0.005 0.006 0.002 0.002 

Locus 5 : 
37 alleles
0.0% missing data
 125   (0.053) 0.064 0.095 0.052 0.054 0.055 0.026 
 110   (0.034) 0.056 0.035 0.017 0.027 0.040 0.008 
 129   (0.036) 0.023 0.024 0.011 0.003 0.039 0.096 
 113   (0.028) 0.048 0.005 0.010 0.003 0.010 0.105 
 145   (0.047) 0.007 0.119 0.109 0.039 0.208 0.020 
 155   (0.048) 0.066 0.010 0.026 0.094 0.129 0.039 
 117   (0.033) 0.005 0.007 0.081 0.017 0.034 0.023 
 124   (0.010) 0.001 0.001 0.002 0.001 0.018 0.002 
 133   (0.038) 0.004 0.023 0.044 0.024 0.044 0.049 
 157   (0.050) 0.028 0.076 0.043 0.026 0.010 0.144 
 141   (0.015) 0.003 0.002 0.008 0.001 0.004 0.029 
 112   (0.067) 0.139 0.031 0.085 0.167 0.082 0.059 
 121   (0.019) 0.036 0.006 0.004 0.005 0.005 0.016 
 114   (0.042) 0.037 0.008 0.112 0.104 0.061 0.010 
 153   (0.049) 0.096 0.175 0.080 0.006 0.045 0.033 
 127   (0.075) 0.119 0.071 0.074 0.071 0.075 0.105 
 131   (0.055) 0.047 0.143 0.046 0.201 0.053 0.022 
 135   (0.030) 0.048 0.011 0.044 0.007 0.007 0.030 
 104   (0.009) 0.001 0.001 0.004 0.006 0.001 0.002 
 118   (0.018) 0.001 0.005 0.008 0.007 0.016 0.011 
 116   (0.026) 0.029 0.014 0.022 0.015 0.011 0.010 
 137   (0.024) 0.021 0.010 0.007 0.059 0.008 0.013 
 123   (0.022) 0.055 0.023 0.010 0.004 0.007 0.005 
 149   (0.009) 0.004 0.001 0.005 0.001 0.002 0.002 
 138   (0.014) 0.001 0.044 0.002 0.001 0.002 0.020 
 143   (0.025) 0.030 0.015 0.004 0.047 0.003 0.029 
 163   (0.009) 0.001 0.001 0.001 0.001 0.001 0.009 
 109   (0.010) 0.001 0.001 0.022 0.001 0.001 0.002 
 139   (0.010) 0.001 0.001 0.001 0.001 0.001 0.010 
 106   (0.009) 0.001 0.001 0.001 0.001 0.001 0.010 
 144   (0.013) 0.002 0.002 0.040 0.001 0.002 0.004 
 122   (0.011) 0.001 0.001 0.005 0.002 0.014 0.002 
 100   (0.019) 0.018 0.013 0.007 0.002 0.003 0.016 
 111   (0.012) 0.001 0.005 0.002 0.001 0.001 0.025 
 233   (0.011) 0.002 0.012 0.002 0.001 0.001 0.003 
 134   (0.010) 0.006 0.002 0.002 0.001 0.001 0.003 
 140   (0.010) 0.001 0.001 0.007 0.001 0.001 0.005 

Locus 6 : 
17 alleles
0.0% missing data
 221   (0.024) 0.002 0.003 0.004 0.044 0.125 0.004 
 232   (0.248) 0.357 0.453 0.266 0.302 0.196 0.328 
 229   (0.054) 0.048 0.030 0.032 0.063 0.086 0.012 
 223   (0.063) 0.042 0.047 0.053 0.009 0.090 0.050 
 230   (0.155) 0.142 0.097 0.198 0.248 0.097 0.216 
 235   (0.013) 0.001 0.001 0.002 0.001 0.055 0.002 
 236   (0.039) 0.004 0.029 0.017 0.017 0.076 0.021 
 227   (0.021) 0.002 0.004 0.009 0.002 0.052 0.010 
 220   (0.054) 0.086 0.052 0.064 0.079 0.008 0.018 
 222   (0.048) 0.065 0.010 0.049 0.113 0.006 0.037 
 234   (0.127) 0.107 0.160 0.224 0.100 0.104 0.104 
 224   (0.033) 0.043 0.054 0.006 0.004 0.004 0.032 
 228   (0.056) 0.051 0.049 0.036 0.005 0.013 0.151 
 225   (0.011) 0.003 0.001 0.002 0.001 0.006 0.003 
 226   (0.015) 0.045 0.002 0.002 0.001 0.005 0.003 
 233   (0.024) 0.002 0.007 0.025 0.010 0.052 0.005 
 231   (0.014) 0.001 0.002 0.013 0.001 0.026 0.003 

Locus 7 : 
10 alleles
0.0% missing data
 121   (0.691) 0.726 0.738 0.808 0.769 0.853 0.825 
 129   (0.090) 0.125 0.092 0.046 0.058 0.078 0.049 
 130   (0.017) 0.010 0.003 0.006 0.002 0.004 0.005 
 123   (0.096) 0.122 0.113 0.041 0.108 0.047 0.075 
 128   (0.015) 0.001 0.004 0.003 0.035 0.003 0.003 
 131   (0.016) 0.004 0.006 0.003 0.011 0.004 0.004 
 117   (0.012) 0.001 0.001 0.002 0.001 0.001 0.010 
 125   (0.013) 0.001 0.030 0.002 0.001 0.001 0.002 
 134   (0.036) 0.009 0.012 0.075 0.008 0.006 0.024 
 132   (0.014) 0.001 0.002 0.015 0.006 0.002 0.002 

Locus 8 : 
19 alleles
0.0% missing data
 184   (0.299) 0.304 0.503 0.455 0.380 0.485 0.370 
 194   (0.047) 0.010 0.013 0.057 0.020 0.032 0.050 
 178   (0.092) 0.203 0.027 0.071 0.118 0.183 0.060 
 176   (0.089) 0.043 0.108 0.094 0.136 0.048 0.082 
 182   (0.084) 0.086 0.033 0.063 0.116 0.050 0.117 
 190   (0.027) 0.023 0.005 0.012 0.057 0.008 0.006 
 196   (0.025) 0.030 0.031 0.010 0.002 0.008 0.007 
 200   (0.028) 0.003 0.013 0.005 0.013 0.015 0.036 
 180   (0.025) 0.003 0.054 0.004 0.035 0.010 0.005 
 188   (0.042) 0.028 0.057 0.051 0.007 0.021 0.012 
 174   (0.035) 0.003 0.011 0.081 0.031 0.019 0.017 
 186   (0.108) 0.215 0.058 0.066 0.063 0.101 0.209 
 192   (0.027) 0.033 0.035 0.005 0.009 0.011 0.006 
 201   (0.011) 0.001 0.006 0.002 0.007 0.001 0.002 
 199   (0.019) 0.008 0.018 0.003 0.002 0.002 0.011 
 185   (0.010) 0.001 0.015 0.002 0.001 0.001 0.002 
 203   (0.010) 0.001 0.001 0.011 0.001 0.001 0.002 
 198   (0.011) 0.003 0.002 0.007 0.001 0.001 0.003 
 209   (0.010) 0.004 0.008 0.002 0.001 0.001 0.002 

Locus 9 : 
6 alleles
0.4% missing data
 154   (0.687) 0.797 0.802 0.675 0.701 0.738 0.741 
 156   (0.212) 0.118 0.184 0.263 0.289 0.160 0.190 
 152   (0.051) 0.081 0.008 0.038 0.005 0.058 0.027 
 153   (0.014) 0.001 0.002 0.002 0.001 0.002 0.019 
 160   (0.014) 0.001 0.002 0.002 0.001 0.002 0.020 
 164   (0.022) 0.002 0.002 0.019 0.003 0.040 0.005 

Locus 10 : 
29 alleles
0.7% missing data
 305   (0.066) 0.034 0.010 0.012 0.104 0.091 0.124 
 313   (0.044) 0.031 0.010 0.010 0.005 0.121 0.044 
 311   (0.015) 0.001 0.003 0.003 0.001 0.015 0.005 
 299   (0.096) 0.184 0.013 0.043 0.028 0.226 0.189 
 315   (0.061) 0.013 0.010 0.016 0.073 0.093 0.138 
 287   (0.022) 0.003 0.427 0.005 0.004 0.011 0.006 
 291   (0.097) 0.276 0.019 0.333 0.039 0.093 0.058 
 295   (0.024) 0.003 0.003 0.121 0.003 0.051 0.008 
 289   (0.026) 0.025 0.023 0.034 0.004 0.007 0.013 
 303   (0.067) 0.076 0.269 0.044 0.352 0.025 0.017 
 297   (0.045) 0.071 0.005 0.047 0.042 0.071 0.012 
 293   (0.020) 0.002 0.006 0.056 0.002 0.031 0.008 
 301   (0.061) 0.007 0.042 0.057 0.070 0.056 0.048 
 285   (0.035) 0.084 0.006 0.006 0.121 0.004 0.020 
 307   (0.059) 0.053 0.007 0.042 0.110 0.028 0.075 
 312   (0.053) 0.057 0.014 0.073 0.022 0.008 0.081 
 306   (0.026) 0.004 0.005 0.023 0.002 0.008 0.049 
 320   (0.013) 0.001 0.001 0.002 0.001 0.002 0.020 
 317   (0.020) 0.002 0.074 0.003 0.002 0.016 0.004 
 314   (0.025) 0.002 0.019 0.006 0.002 0.026 0.012 
 323   (0.012) 0.001 0.005 0.002 0.001 0.002 0.007 
 325   (0.013) 0.001 0.005 0.003 0.001 0.002 0.007 
 310   (0.019) 0.017 0.006 0.004 0.002 0.003 0.015 
 309   (0.012) 0.001 0.001 0.021 0.001 0.001 0.003 
 316   (0.017) 0.006 0.003 0.003 0.002 0.003 0.023 
 296   (0.013) 0.001 0.005 0.003 0.001 0.002 0.007 
 304   (0.014) 0.031 0.002 0.003 0.001 0.002 0.003 
 321   (0.014) 0.007 0.004 0.012 0.001 0.002 0.003 
 332   (0.013) 0.006 0.003 0.014 0.001 0.002 0.002 

Locus 11 : 
19 alleles
0.0% missing data
 114   (0.144) 0.013 0.044 0.200 0.254 0.213 0.183 
 126   (0.022) 0.002 0.003 0.004 0.016 0.043 0.004 
 111   (0.080) 0.608 0.091 0.095 0.007 0.184 0.017 
 116   (0.120) 0.025 0.062 0.117 0.157 0.142 0.091 
 132   (0.013) 0.001 0.002 0.002 0.001 0.010 0.003 
 109   (0.017) 0.001 0.002 0.005 0.001 0.036 0.003 
 128   (0.017) 0.002 0.002 0.014 0.001 0.006 0.005 
 112   (0.331) 0.037 0.379 0.400 0.516 0.300 0.580 
 122   (0.016) 0.001 0.005 0.014 0.006 0.002 0.003 
 124   (0.013) 0.001 0.002 0.002 0.010 0.002 0.002 
 118   (0.051) 0.010 0.063 0.079 0.015 0.020 0.022 
 127   (0.013) 0.001 0.002 0.002 0.001 0.002 0.011 
 113   (0.042) 0.233 0.231 0.010 0.003 0.006 0.017 
 115   (0.033) 0.004 0.090 0.020 0.003 0.017 0.014 
 120   (0.024) 0.034 0.004 0.019 0.002 0.004 0.005 
 117   (0.021) 0.011 0.003 0.005 0.002 0.004 0.014 
 125   (0.018) 0.002 0.010 0.006 0.001 0.003 0.020 
 119   (0.014) 0.014 0.002 0.003 0.001 0.002 0.004 
 136   (0.013) 0.001 0.005 0.002 0.001 0.008 0.002 

Locus 12 : 
28 alleles
0.7% missing data
 306   (0.070) 0.066 0.010 0.014 0.102 0.089 0.095 
 314   (0.047) 0.071 0.017 0.008 0.006 0.109 0.036 
 312   (0.014) 0.001 0.001 0.002 0.001 0.020 0.002 
 300   (0.102) 0.182 0.014 0.044 0.029 0.239 0.192 
 316   (0.034) 0.012 0.004 0.006 0.071 0.090 0.011 
 288   (0.021) 0.002 0.418 0.004 0.004 0.009 0.005 
 292   (0.105) 0.276 0.020 0.338 0.040 0.095 0.060 
 296   (0.030) 0.004 0.006 0.123 0.004 0.052 0.014 
 290   (0.028) 0.025 0.023 0.034 0.004 0.007 0.014 
 304   (0.070) 0.076 0.268 0.044 0.352 0.026 0.018 
 298   (0.046) 0.071 0.006 0.047 0.042 0.072 0.012 
 294   (0.019) 0.002 0.006 0.056 0.002 0.032 0.008 
 302   (0.066) 0.008 0.043 0.057 0.071 0.057 0.049 
 286   (0.035) 0.092 0.006 0.006 0.121 0.004 0.020 
 308   (0.036) 0.003 0.004 0.011 0.107 0.020 0.059 
 313   (0.042) 0.004 0.007 0.076 0.022 0.008 0.100 
 307   (0.043) 0.057 0.006 0.054 0.005 0.014 0.062 
 321   (0.013) 0.001 0.001 0.002 0.001 0.001 0.020 
 315   (0.043) 0.003 0.045 0.014 0.005 0.029 0.125 
 318   (0.022) 0.008 0.063 0.003 0.002 0.007 0.005 
 324   (0.012) 0.001 0.005 0.003 0.001 0.002 0.007 
 326   (0.011) 0.001 0.005 0.002 0.001 0.002 0.007 
 311   (0.023) 0.024 0.012 0.006 0.002 0.009 0.025 
 310   (0.012) 0.001 0.001 0.021 0.001 0.001 0.003 
 305   (0.013) 0.001 0.001 0.002 0.001 0.002 0.028 
 317   (0.014) 0.001 0.002 0.002 0.001 0.002 0.019 
 320   (0.013) 0.003 0.002 0.008 0.001 0.002 0.002 
 322   (0.015) 0.007 0.004 0.012 0.002 0.002 0.003 

Locus 13 : 
7 alleles
1.1% missing data
 161   (0.628) 0.371 0.535 0.830 0.482 0.676 0.589 
 163   (0.264) 0.547 0.444 0.134 0.026 0.252 0.388 
 160   (0.019) 0.001 0.003 0.004 0.217 0.003 0.004 
 162   (0.017) 0.001 0.002 0.003 0.219 0.002 0.003 
 165   (0.043) 0.077 0.013 0.024 0.005 0.061 0.008 
 166   (0.013) 0.001 0.002 0.004 0.002 0.006 0.004 
 164   (0.016) 0.001 0.002 0.002 0.048 0.002 0.003 

Locus 14 : 
4 alleles
0.4% missing data
  98   (0.957) 0.997 0.980 0.990 0.992 0.986 0.986 
 100   (0.013) 0.001 0.012 0.002 0.001 0.002 0.004 
  96   (0.016) 0.001 0.002 0.005 0.006 0.011 0.003 
 105   (0.013) 0.001 0.005 0.003 0.001 0.002 0.007 

Locus 15 : 
12 alleles
2.2% missing data
 171   (0.296) 0.319 0.432 0.258 0.174 0.391 0.322 
 177   (0.182) 0.091 0.206 0.274 0.189 0.181 0.146 
 173   (0.264) 0.539 0.201 0.299 0.104 0.278 0.299 
 179   (0.109) 0.022 0.126 0.043 0.458 0.094 0.117 
 183   (0.019) 0.002 0.004 0.003 0.002 0.030 0.009 
 181   (0.043) 0.018 0.007 0.017 0.064 0.008 0.056 
 197   (0.018) 0.001 0.002 0.047 0.002 0.008 0.005 
 170   (0.014) 0.001 0.003 0.005 0.001 0.002 0.016 
 189   (0.014) 0.001 0.002 0.002 0.002 0.002 0.020 
 203   (0.013) 0.001 0.001 0.034 0.001 0.002 0.003 
 187   (0.015) 0.001 0.014 0.011 0.001 0.002 0.005 
 198   (0.012) 0.003 0.002 0.008 0.001 0.002 0.002 

Values of parameters used in structure:
DATAFILE=STRUCTURE_main_final_278_HEG_ZG.str,	OUTFILE=STRUCTURE_main_final_278_HEG_ZG-K6-19,	NUMINDS=278,	NUMLOCI=15,	MISSING=-9,	LABEL=1,	POPDATA=1,	POPFLAG=0,	PHENOTYPE=0,	EXTRACOLS=0,	MAXPOPS=6,	BURNIN=100000,	NUMREPS=500000,	USEPOPINFO=0,	INFERALPHA=1,	INFERLAMBDA=0,	POPSPECIFICLAMBDA=0,	POPALPHAS=0,	COMPUTEPROB=1,	NOADMIX=0,	ADMBURNIN=2500,	UPDATEFREQ=1,	PRINTLIKES=0,	INTERMEDSAVE=0,	PRINTKLD=0,	PRINTNET=0,	PRINTLAMBDA=0,	ANCESTDIST=0,	NUMBOXES=1000,	ANCESTPINT=0.90000,	GENSBACK=2,	MIGRPRIOR=0.05000,	PRINTQHAT=0,	PRINTQSUM=0,	ALPHA=1.0000,	FREQSCORR=1,	FPRIORMEAN=0.0100,	FPRIORSD=0.0500,	ONEFST=0,	LAMBDA=1.0000,	UNIFPRIORALPHA=1,	ALPHAMAX=10.0000,	ALPHAPRIORA=1.0000,	ALPHAPRIORB=2.0000,	ALPHAPROPSD=0.0250,	STARTATPOPINFO=0,	RANDOMIZE=1,	LINKAGE=0,	METROFREQ=10,	REPORTHITRATE=0,	MARKOVPHASE=-1,	PHASED=0,	PLOIDY=2,	PHASEINFO=0	LOCPRIOR=0, 	LOCPRIORINIT=1.000000, 	LOCDATA=0, 	LOCISPOP=0, 	LOCPRIORSTEP=0.100000, 	MAXLOCPRIOR=20.000000, 	SEED=1782481583,	
[STRAT parameters]:    NUMSIMSTATS=1000,	PHENOTYPECOL=-9,	POOLFREQ=10,	LOCUSxONLY=0,	EMERROR=0.00100,	MISSINGPHENO=-9,	