

----------------------------------------------------
STRUCTURE by Pritchard, Stephens and Donnelly (2000)
     and Falush, Stephens and Pritchard (2003)
       Code by Pritchard, Falush and Hubisz
             Version 2.3.4 (Jul 2012)
----------------------------------------------------



Command line arguments:   structure -K 11 -i STRUCTURE_main_final_278_HEG_ZG.str -o STRUCTURE_main_final_278_HEG_ZG-K11-11 
Input File:    STRUCTURE_main_final_278_HEG_ZG.str

Run parameters:
   278 individuals
   15 loci
   11 populations assumed
   100000 Burn-in period
   500000 Reps


--------------------------------------------
Proportion of membership of each pre-defined
 population in each of the 11 clusters

Given    Inferred Clusters                                                               Number of
 Pop       1      2      3      4      5      6      7      8      9     10     11      Individuals

  1:     0.013  0.010  0.064  0.024  0.036  0.036  0.322  0.013  0.026  0.378  0.078       24
  2:     0.704  0.013  0.049  0.037  0.035  0.017  0.043  0.035  0.020  0.029  0.017       24
  3:     0.012  0.409  0.010  0.120  0.021  0.045  0.027  0.227  0.063  0.023  0.044       24
  4:     0.017  0.043  0.030  0.037  0.459  0.024  0.109  0.038  0.109  0.093  0.039       24
  5:     0.025  0.110  0.036  0.015  0.170  0.040  0.133  0.089  0.320  0.043  0.018       24
  6:     0.029  0.037  0.165  0.032  0.081  0.027  0.141  0.026  0.067  0.382  0.013       24
  7:     0.029  0.010  0.731  0.009  0.045  0.012  0.048  0.015  0.024  0.062  0.015       24
  8:     0.013  0.469  0.011  0.025  0.048  0.017  0.112  0.011  0.184  0.045  0.064       14
  9:     0.017  0.039  0.006  0.043  0.017  0.578  0.040  0.031  0.149  0.026  0.055       24
 10:     0.008  0.037  0.032  0.115  0.012  0.051  0.030  0.043  0.024  0.012  0.635       24
 11:     0.009  0.022  0.011  0.374  0.027  0.131  0.028  0.080  0.052  0.023  0.244       24
 12:     0.017  0.080  0.102  0.063  0.170  0.022  0.139  0.044  0.056  0.261  0.048       24
--------------------------------------------

Allele-freq. divergence among pops (Net nucleotide distance),
computed using point estimates of P.

      1       2       3       4       5       6       7       8       9      10      11      
 1      -    0.0754  0.1117  0.1444  0.0851  0.0846  0.0636  0.1254  0.0728  0.0669  0.1199  
 2   0.0754     -    0.0969  0.0747  0.0528  0.0470  0.0311  0.0783  0.0247  0.0372  0.0557  
 3   0.1117  0.0969     -    0.1004  0.0795  0.1068  0.0679  0.1374  0.0736  0.0655  0.1455  
 4   0.1444  0.0747  0.1004     -    0.1104  0.0628  0.0767  0.1307  0.0793  0.0879  0.0831  
 5   0.0851  0.0528  0.0795  0.1104     -    0.0605  0.0322  0.0958  0.0298  0.0307  0.0741  
 6   0.0846  0.0470  0.1068  0.0628  0.0605     -    0.0314  0.0970  0.0266  0.0395  0.0471  
 7   0.0636  0.0311  0.0679  0.0767  0.0322  0.0314     -    0.0792  0.0157  0.0075  0.0572  
 8   0.1254  0.0783  0.1374  0.1307  0.0958  0.0970  0.0792     -    0.0749  0.0851  0.1176  
 9   0.0728  0.0247  0.0736  0.0793  0.0298  0.0266  0.0157  0.0749     -    0.0195  0.0565  
10   0.0669  0.0372  0.0655  0.0879  0.0307  0.0395  0.0075  0.0851  0.0195     -    0.0682  
11   0.1199  0.0557  0.1455  0.0831  0.0741  0.0471  0.0572  0.1176  0.0565  0.0682     -    

Average distances (expected heterozygosity) between individuals in same cluster:
cluster  1  : 0.6071 
cluster  2  : 0.6281 
cluster  3  : 0.5396 
cluster  4  : 0.5524 
cluster  5  : 0.5869 
cluster  6  : 0.6181 
cluster  7  : 0.6385 
cluster  8  : 0.5710 
cluster  9  : 0.6242 
cluster 10  : 0.6283 
cluster 11  : 0.5987 

--------------------------------------------
Estimated Ln Prob of Data   = -12224.4
Mean value of ln likelihood = -11457.9
Variance of ln likelihood   = 1533.0
Mean value of alpha         = 0.0468

Mean value of Fst_1         = 0.2100
Mean value of Fst_2         = 0.0845
Mean value of Fst_3         = 0.2189
Mean value of Fst_4         = 0.2825
Mean value of Fst_5         = 0.1338
Mean value of Fst_6         = 0.1405
Mean value of Fst_7         = 0.1112
Mean value of Fst_8         = 0.2155
Mean value of Fst_9         = 0.1600
Mean value of Fst_10         = 0.0974
Mean value of Fst_11         = 0.1708


Inferred ancestry of individuals:
        Label (%Miss) Pop:  Inferred clusters
  1 24.0601.E1    (0)    1 :  0.011 0.005 0.013 0.014 0.008 0.008 0.407 0.009 0.007 0.510 0.007 
  2 24.0602.E1    (0)    1 :  0.004 0.008 0.009 0.009 0.006 0.015 0.380 0.009 0.010 0.537 0.011 
  3 24.0603.E1    (0)    1 :  0.005 0.019 0.020 0.007 0.030 0.014 0.257 0.007 0.051 0.585 0.005 
  4 24.0604.E1    (0)    1 :  0.008 0.004 0.005 0.005 0.096 0.008 0.275 0.147 0.010 0.400 0.042 
  5 24.0605.E1    (0)    1 :  0.008 0.009 0.034 0.011 0.027 0.031 0.335 0.006 0.017 0.514 0.008 
  6 24.0606.E1    (0)    1 :  0.010 0.009 0.019 0.008 0.060 0.020 0.281 0.005 0.027 0.541 0.020 
  7 24.0607.E1    (0)    1 :  0.006 0.019 0.286 0.009 0.014 0.266 0.102 0.009 0.214 0.064 0.010 
  8 24.0608.E1    (0)    1 :  0.003 0.012 0.102 0.108 0.006 0.014 0.316 0.005 0.010 0.393 0.030 
  9 24.0609.E1    (0)    1 :  0.004 0.012 0.005 0.012 0.269 0.014 0.177 0.007 0.026 0.084 0.389 
 10 24.0610.E1    (0)    1 :  0.004 0.014 0.008 0.005 0.083 0.009 0.217 0.004 0.013 0.279 0.364 
 11 24.0611.E1    (0)    1 :  0.006 0.007 0.005 0.005 0.033 0.034 0.373 0.005 0.012 0.488 0.032 
 12 24.0612.E1    (0)    1 :  0.008 0.006 0.014 0.004 0.006 0.008 0.397 0.013 0.019 0.517 0.007 
 13 24.0613.E1    (0)    1 :  0.006 0.005 0.005 0.005 0.042 0.006 0.354 0.005 0.011 0.541 0.021 
 14 24.0614.E1    (0)    1 :  0.007 0.010 0.238 0.234 0.009 0.171 0.133 0.005 0.013 0.171 0.009 
 15 24.0615.E1    (0)    1 :  0.015 0.007 0.047 0.017 0.010 0.022 0.316 0.020 0.032 0.350 0.164 
 16 24.0616.E1    (0)    1 :  0.013 0.006 0.005 0.005 0.011 0.010 0.371 0.007 0.017 0.545 0.011 
 17 24.0617.E1    (0)    1 :  0.026 0.009 0.019 0.009 0.020 0.023 0.209 0.006 0.022 0.157 0.501 
 18 24.0618.E1    (0)    1 :  0.009 0.019 0.005 0.028 0.027 0.042 0.308 0.005 0.030 0.469 0.058 
 19 24.0619.E1    (0)    1 :  0.012 0.005 0.004 0.005 0.012 0.011 0.692 0.005 0.010 0.224 0.019 
 20 24.0620.E1   (20)    1 :  0.012 0.012 0.655 0.008 0.066 0.017 0.079 0.010 0.033 0.073 0.035 
 21 24.0621.E1    (0)    1 :  0.004 0.006 0.004 0.039 0.006 0.057 0.656 0.006 0.009 0.135 0.077 
 22 24.0622.E1    (0)    1 :  0.027 0.020 0.009 0.005 0.015 0.005 0.356 0.004 0.008 0.542 0.009 
 23 24.0623.E1    (0)    1 :  0.093 0.021 0.018 0.012 0.014 0.040 0.372 0.009 0.012 0.379 0.030 
 24 24.0624.E1    (0)    1 :  0.006 0.005 0.006 0.005 0.005 0.008 0.367 0.004 0.008 0.574 0.011 
 25 24.0625.E1    (0)    2 :  0.577 0.042 0.046 0.156 0.045 0.028 0.018 0.041 0.021 0.016 0.009 
 26 24.0626.E1    (0)    2 :  0.831 0.021 0.044 0.075 0.004 0.005 0.004 0.004 0.004 0.004 0.003 
 27 24.0627.E1    (0)    2 :  0.469 0.006 0.020 0.014 0.025 0.008 0.039 0.377 0.011 0.028 0.004 
 28 24.0628.E1    (0)    2 :  0.435 0.068 0.131 0.091 0.097 0.010 0.021 0.006 0.012 0.035 0.094 
 29 24.0629.E1    (0)    2 :  0.829 0.013 0.005 0.008 0.007 0.009 0.023 0.009 0.027 0.060 0.010 
 30 24.0630.E1    (0)    2 :  0.814 0.010 0.091 0.039 0.009 0.007 0.007 0.007 0.004 0.007 0.004 
 31 24.0631.E1    (0)    2 :  0.965 0.003 0.004 0.003 0.003 0.003 0.005 0.003 0.003 0.005 0.003 
 32 24.0632.E1    (0)    2 :  0.895 0.007 0.021 0.005 0.008 0.006 0.006 0.011 0.021 0.013 0.006 
 33 24.0633.E1    (0)    2 :  0.343 0.007 0.034 0.384 0.010 0.009 0.140 0.005 0.018 0.045 0.006 
 34 24.0634.E1    (0)    2 :  0.878 0.011 0.006 0.031 0.011 0.018 0.010 0.008 0.008 0.008 0.010 
 35 24.0635.E1    (0)    2 :  0.497 0.032 0.018 0.023 0.011 0.053 0.215 0.014 0.045 0.070 0.021 
 36 24.0636.E1   (33)    2 :  0.076 0.020 0.584 0.007 0.172 0.007 0.028 0.024 0.018 0.054 0.010 
 37 24.0637.E1    (0)    2 :  0.956 0.004 0.007 0.003 0.005 0.005 0.004 0.004 0.005 0.004 0.003 
 38 24.0638.E1    (0)    2 :  0.792 0.010 0.004 0.004 0.017 0.005 0.103 0.008 0.027 0.024 0.005 
 39 24.0639.E1    (0)    2 :  0.754 0.012 0.012 0.008 0.007 0.008 0.019 0.028 0.033 0.028 0.090 
 40 24.0640.E1    (0)    2 :  0.926 0.005 0.006 0.008 0.006 0.013 0.008 0.004 0.007 0.009 0.008 
 41 24.0641.E1    (0)    2 :  0.347 0.010 0.015 0.006 0.006 0.169 0.233 0.007 0.085 0.110 0.011 
 42 24.0642.E1    (0)    2 :  0.541 0.005 0.051 0.004 0.133 0.005 0.108 0.007 0.009 0.133 0.004 
 43 24.0643.E1    (0)    2 :  0.590 0.008 0.042 0.007 0.011 0.008 0.014 0.246 0.050 0.013 0.011 
 44 24.0644.E1    (0)    2 :  0.873 0.006 0.005 0.005 0.032 0.011 0.008 0.005 0.012 0.007 0.038 
 45 24.0645.E1    (0)    2 :  0.722 0.004 0.015 0.004 0.175 0.008 0.006 0.005 0.026 0.009 0.024 
 46 24.0646.E1    (0)    2 :  0.873 0.006 0.005 0.005 0.031 0.010 0.008 0.005 0.013 0.007 0.037 
 47 24.0647.E1    (0)    2 :  0.955 0.004 0.007 0.003 0.005 0.005 0.004 0.004 0.005 0.004 0.003 
 48 24.0648.E1    (0)    2 :  0.956 0.004 0.007 0.003 0.005 0.005 0.004 0.004 0.005 0.004 0.003 
 49 24.0649.E1    (0)    3 :  0.006 0.807 0.003 0.015 0.008 0.009 0.005 0.013 0.101 0.014 0.020 
 50 24.0650.E1    (0)    3 :  0.004 0.164 0.004 0.189 0.172 0.105 0.083 0.012 0.013 0.163 0.092 
 51 24.0651.E1    (0)    3 :  0.120 0.268 0.023 0.023 0.019 0.317 0.024 0.032 0.159 0.008 0.008 
 52 24.0652.E1    (0)    3 :  0.004 0.539 0.004 0.359 0.005 0.007 0.039 0.009 0.008 0.020 0.006 
 53 24.0653.E1    (0)    3 :  0.005 0.080 0.007 0.012 0.010 0.017 0.015 0.802 0.023 0.007 0.023 
 54 24.0654.E1    (0)    3 :  0.008 0.732 0.005 0.196 0.006 0.007 0.006 0.006 0.007 0.005 0.022 
 55 24.0655.E1    (0)    3 :  0.017 0.291 0.007 0.155 0.011 0.035 0.080 0.009 0.335 0.027 0.032 
 56 24.0656.E1    (0)    3 :  0.005 0.530 0.010 0.393 0.010 0.006 0.012 0.011 0.006 0.008 0.010 
 57 24.0657.E1    (0)    3 :  0.005 0.537 0.010 0.385 0.010 0.006 0.013 0.010 0.006 0.008 0.010 
 58 24.0658.E1    (0)    3 :  0.007 0.609 0.007 0.005 0.047 0.014 0.016 0.051 0.096 0.019 0.130 
 59 24.0659.E1    (0)    3 :  0.007 0.413 0.003 0.042 0.008 0.091 0.082 0.269 0.013 0.050 0.021 
 60 24.0660.E1    (6)    3 :  0.013 0.744 0.006 0.007 0.016 0.008 0.030 0.010 0.132 0.028 0.006 
 61 24.0661.E1    (0)    3 :  0.005 0.396 0.011 0.541 0.005 0.008 0.006 0.009 0.008 0.008 0.005 
 62 24.0662.E1    (0)    3 :  0.019 0.086 0.015 0.049 0.010 0.334 0.125 0.110 0.178 0.041 0.033 
 63 24.0663.E1    (0)    3 :  0.009 0.175 0.005 0.127 0.075 0.035 0.006 0.006 0.034 0.008 0.521 
 64 24.0664.E1    (0)    3 :  0.006 0.796 0.025 0.105 0.007 0.006 0.008 0.008 0.019 0.006 0.015 
 65 24.0665.E1    (0)    3 :  0.006 0.644 0.054 0.211 0.017 0.007 0.010 0.024 0.015 0.008 0.005 
 66 24.0666.E1    (0)    3 :  0.005 0.011 0.004 0.005 0.009 0.004 0.008 0.930 0.007 0.009 0.008 
 67 24.0667.E1    (0)    3 :  0.003 0.013 0.004 0.005 0.005 0.003 0.010 0.931 0.007 0.013 0.005 
 68 24.0668.E1    (0)    3 :  0.004 0.005 0.003 0.003 0.004 0.003 0.003 0.964 0.004 0.003 0.004 
 69 24.0669.E1    (0)    3 :  0.004 0.005 0.003 0.003 0.004 0.004 0.004 0.959 0.007 0.004 0.004 
 70 24.0670.E1    (0)    3 :  0.004 0.659 0.005 0.010 0.004 0.013 0.009 0.026 0.222 0.010 0.038 
 71 24.0671.E1    (0)    3 :  0.008 0.768 0.007 0.034 0.017 0.022 0.011 0.010 0.084 0.010 0.029 
 72 24.0672.E1    (0)    3 :  0.005 0.539 0.005 0.008 0.014 0.030 0.052 0.233 0.030 0.077 0.008 
 73 24.0673.E1    (6)    4 :  0.025 0.026 0.106 0.437 0.177 0.016 0.067 0.008 0.026 0.104 0.007 
 74 24.0674.E1    (0)    4 :  0.007 0.005 0.010 0.022 0.822 0.012 0.061 0.004 0.015 0.034 0.007 
 75 24.0675.E1    (0)    4 :  0.023 0.022 0.022 0.067 0.740 0.029 0.015 0.009 0.024 0.024 0.025 
 76 24.0676.E1    (0)    4 :  0.006 0.031 0.020 0.036 0.637 0.023 0.017 0.006 0.052 0.022 0.150 
 77 24.0677.E1    (0)    4 :  0.004 0.263 0.011 0.060 0.020 0.032 0.022 0.016 0.522 0.029 0.021 
 78 24.0678.E1    (0)    4 :  0.045 0.085 0.010 0.024 0.019 0.026 0.303 0.105 0.141 0.235 0.007 
 79 24.0679.E1    (0)    4 :  0.012 0.056 0.006 0.007 0.127 0.015 0.388 0.029 0.050 0.158 0.153 
 80 24.0680.E1    (0)    4 :  0.013 0.042 0.008 0.009 0.026 0.013 0.451 0.041 0.177 0.214 0.006 
 81 24.0681.E1    (0)    4 :  0.009 0.059 0.017 0.007 0.277 0.012 0.286 0.012 0.071 0.243 0.007 
 82 24.0682.E1    (0)    4 :  0.004 0.003 0.005 0.003 0.959 0.003 0.005 0.004 0.006 0.004 0.005 
 83 24.0683.E1    (0)    4 :  0.006 0.006 0.059 0.023 0.757 0.010 0.070 0.007 0.018 0.040 0.004 
 84 24.0684.E1    (0)    4 :  0.028 0.021 0.020 0.017 0.696 0.008 0.078 0.010 0.036 0.064 0.023 
 85 24.0685.E1    (0)    4 :  0.007 0.009 0.015 0.005 0.556 0.006 0.085 0.059 0.013 0.225 0.020 
 86 24.0686.E1    (0)    4 :  0.044 0.086 0.011 0.005 0.032 0.145 0.149 0.012 0.460 0.044 0.012 
 87 24.0687.E1    (0)    4 :  0.093 0.070 0.013 0.007 0.063 0.141 0.156 0.005 0.414 0.022 0.015 
 88 24.0688.E1    (0)    4 :  0.006 0.006 0.006 0.004 0.948 0.004 0.005 0.004 0.006 0.007 0.004 
 89 24.0689.E1    (0)    4 :  0.013 0.048 0.025 0.053 0.098 0.014 0.092 0.005 0.268 0.062 0.321 
 90 24.0690.E1    (0)    4 :  0.024 0.032 0.022 0.016 0.028 0.022 0.122 0.523 0.148 0.059 0.005 
 91 24.0691.E1    (0)    4 :  0.007 0.012 0.006 0.006 0.798 0.006 0.021 0.009 0.024 0.079 0.032 
 92 24.0692.E1    (0)    4 :  0.004 0.033 0.007 0.004 0.848 0.005 0.012 0.007 0.053 0.010 0.017 
 93 24.0693.E1    (0)    4 :  0.008 0.095 0.311 0.062 0.367 0.013 0.019 0.015 0.036 0.041 0.034 
 94 24.0694.E1    (0)    4 :  0.006 0.009 0.008 0.004 0.826 0.005 0.035 0.010 0.007 0.082 0.008 
 95 24.0695.E1    (0)    4 :  0.006 0.011 0.006 0.006 0.483 0.014 0.110 0.012 0.025 0.283 0.043 
 96 24.0696.E1    (0)    4 :  0.013 0.008 0.007 0.005 0.714 0.007 0.055 0.010 0.017 0.147 0.016 
 97 24.0697.E1    (0)    5 :  0.010 0.165 0.032 0.007 0.180 0.017 0.028 0.006 0.531 0.014 0.010 
 98 24.0698.E1    (0)    5 :  0.015 0.215 0.052 0.010 0.042 0.029 0.016 0.034 0.551 0.020 0.014 
 99 24.0699.E1    (0)    5 :  0.008 0.328 0.008 0.006 0.005 0.019 0.012 0.009 0.589 0.012 0.005 
100 24.0700.E1    (0)    5 :  0.004 0.059 0.006 0.009 0.012 0.010 0.352 0.010 0.513 0.019 0.006 
101 24.0701.E1    (0)    5 :  0.011 0.009 0.052 0.008 0.009 0.009 0.013 0.817 0.054 0.008 0.011 
102 24.0702.E1    (0)    5 :  0.010 0.032 0.018 0.006 0.008 0.006 0.373 0.022 0.500 0.017 0.007 
103 24.0703.E1    (0)    5 :  0.045 0.247 0.006 0.005 0.007 0.130 0.011 0.017 0.517 0.009 0.005 
104 24.0704.E1    (6)    5 :  0.009 0.212 0.008 0.005 0.016 0.174 0.025 0.006 0.523 0.015 0.007 
105 24.0705.E1    (0)    5 :  0.007 0.014 0.008 0.005 0.316 0.009 0.318 0.031 0.066 0.218 0.010 
106 24.0706.E1    (0)    5 :  0.007 0.071 0.009 0.014 0.016 0.007 0.397 0.017 0.366 0.086 0.011 
107 24.0707.E1    (0)    5 :  0.020 0.133 0.015 0.009 0.043 0.035 0.263 0.007 0.444 0.026 0.005 
108 24.0708.E1    (0)    5 :  0.179 0.013 0.018 0.093 0.037 0.261 0.152 0.018 0.093 0.022 0.114 
109 24.0709.E1    (0)    5 :  0.007 0.015 0.006 0.017 0.813 0.016 0.011 0.008 0.064 0.012 0.032 
110 24.0710.E1    (0)    5 :  0.007 0.098 0.021 0.025 0.232 0.042 0.049 0.044 0.438 0.029 0.015 
111 24.0711.E1    (0)    5 :  0.056 0.109 0.014 0.007 0.065 0.018 0.122 0.032 0.499 0.071 0.006 
112 24.0712.E1    (0)    5 :  0.038 0.014 0.014 0.006 0.031 0.010 0.030 0.654 0.178 0.017 0.007 
113 24.0713.E1    (0)    5 :  0.006 0.030 0.013 0.008 0.287 0.025 0.302 0.009 0.175 0.104 0.040 
114 24.0714.E1    (0)    5 :  0.012 0.063 0.008 0.018 0.017 0.024 0.398 0.011 0.277 0.157 0.016 
115 24.0715.E1    (0)    5 :  0.007 0.114 0.245 0.028 0.115 0.006 0.018 0.018 0.397 0.045 0.009 
116 24.0716.E1    (0)    5 :  0.033 0.172 0.016 0.007 0.017 0.036 0.036 0.293 0.299 0.046 0.047 
117 24.0717.E1    (0)    5 :  0.039 0.139 0.281 0.052 0.022 0.056 0.121 0.012 0.241 0.016 0.021 
118 24.0718.E1    (0)    5 :  0.042 0.218 0.011 0.004 0.230 0.008 0.106 0.051 0.283 0.038 0.008 
119 24.0719.E1    (0)    5 :  0.016 0.031 0.006 0.008 0.831 0.009 0.023 0.010 0.029 0.021 0.017 
120 24.0720.E1    (0)    5 :  0.011 0.129 0.005 0.007 0.733 0.007 0.017 0.011 0.056 0.011 0.013 
121 24.0721.E1    (0)    6 :  0.011 0.035 0.280 0.068 0.091 0.030 0.047 0.017 0.268 0.135 0.019 
122 24.0722.E1    (0)    6 :  0.109 0.034 0.388 0.008 0.094 0.080 0.012 0.057 0.094 0.114 0.011 
123 24.0723.E1    (0)    6 :  0.230 0.020 0.191 0.257 0.011 0.144 0.016 0.009 0.031 0.070 0.020 
124 24.0724.E1    (0)    6 :  0.036 0.018 0.048 0.106 0.219 0.154 0.139 0.010 0.046 0.184 0.040 
125 24.0725.E1    (0)    6 :  0.008 0.023 0.007 0.008 0.011 0.005 0.330 0.007 0.011 0.585 0.007 
126 24.0726.E1    (6)    6 :  0.007 0.020 0.064 0.005 0.066 0.010 0.150 0.006 0.008 0.657 0.006 
127 24.0727.E1    (0)    6 :  0.026 0.019 0.349 0.102 0.019 0.036 0.149 0.052 0.035 0.203 0.011 
128 24.0728.E1    (0)    6 :  0.031 0.153 0.149 0.028 0.017 0.014 0.107 0.012 0.238 0.239 0.011 
129 24.0729.E1    (0)    6 :  0.012 0.013 0.034 0.005 0.102 0.014 0.147 0.031 0.019 0.600 0.023 
130 24.0730.E1    (0)    6 :  0.008 0.297 0.019 0.010 0.041 0.008 0.019 0.014 0.490 0.079 0.015 
131 24.0731.E1    (0)    6 :  0.012 0.008 0.047 0.022 0.298 0.009 0.157 0.004 0.009 0.427 0.007 
132 24.0732.E1    (0)    6 :  0.009 0.032 0.555 0.013 0.115 0.005 0.021 0.012 0.035 0.199 0.004 
133 24.0733.E1    (0)    6 :  0.006 0.005 0.018 0.004 0.008 0.004 0.335 0.003 0.004 0.607 0.006 
134 24.0734.E1    (0)    6 :  0.010 0.025 0.676 0.012 0.011 0.016 0.025 0.009 0.108 0.100 0.007 
135 24.0735.E1    (0)    6 :  0.046 0.028 0.130 0.007 0.017 0.007 0.165 0.011 0.032 0.534 0.024 
136 24.0736.E1    (0)    6 :  0.007 0.006 0.034 0.006 0.007 0.006 0.277 0.004 0.010 0.636 0.006 
137 24.0737.E1    (0)    6 :  0.029 0.024 0.006 0.010 0.012 0.026 0.282 0.008 0.014 0.582 0.007 
138 24.0738.E1    (0)    6 :  0.009 0.011 0.022 0.008 0.007 0.007 0.217 0.008 0.012 0.693 0.005 
139 24.0739.E1    (0)    6 :  0.016 0.035 0.005 0.006 0.010 0.006 0.257 0.006 0.009 0.644 0.006 
140 24.0740.E1    (0)    6 :  0.020 0.018 0.009 0.005 0.181 0.014 0.140 0.009 0.034 0.553 0.018 
141 24.0741.E1    (0)    6 :  0.016 0.040 0.254 0.009 0.149 0.007 0.100 0.006 0.032 0.378 0.009 
142 24.0742.E1    (0)    6 :  0.010 0.009 0.566 0.021 0.022 0.013 0.084 0.007 0.015 0.248 0.006 
143 24.0743.E1    (0)    6 :  0.005 0.010 0.020 0.026 0.330 0.020 0.130 0.019 0.035 0.396 0.011 
144 24.0744.E1    (0)    6 :  0.010 0.017 0.096 0.017 0.103 0.019 0.087 0.293 0.024 0.309 0.024 
145 24.0745.E1    (0)    7 :  0.004 0.008 0.885 0.012 0.017 0.008 0.014 0.022 0.014 0.008 0.007 
146 24.0746.E1    (0)    7 :  0.056 0.012 0.595 0.006 0.035 0.093 0.060 0.008 0.100 0.025 0.009 
147 24.0747.E1    (0)    7 :  0.009 0.015 0.649 0.008 0.197 0.008 0.017 0.011 0.027 0.031 0.029 
148 24.0748.E1    (6)    7 :  0.008 0.014 0.571 0.015 0.240 0.008 0.026 0.011 0.032 0.035 0.041 
149 24.0749.E1    (0)    7 :  0.007 0.007 0.692 0.005 0.008 0.008 0.093 0.006 0.008 0.159 0.006 
150 24.0750.E1    (0)    7 :  0.010 0.016 0.166 0.011 0.096 0.024 0.169 0.016 0.116 0.364 0.012 
151 24.0751.E1    (0)    7 :  0.007 0.004 0.946 0.005 0.005 0.004 0.007 0.004 0.006 0.010 0.004 
152 24.0752.E1    (0)    7 :  0.006 0.007 0.882 0.011 0.009 0.006 0.022 0.004 0.019 0.028 0.007 
153 24.0753.E1    (0)    7 :  0.183 0.006 0.502 0.021 0.012 0.010 0.101 0.010 0.012 0.138 0.005 
154 24.0754.E1    (0)    7 :  0.016 0.009 0.866 0.007 0.025 0.005 0.017 0.006 0.007 0.037 0.006 
155 24.0755.E1    (0)    7 :  0.019 0.017 0.714 0.005 0.136 0.010 0.013 0.007 0.032 0.013 0.034 
156 24.0756.E1    (0)    7 :  0.008 0.004 0.913 0.010 0.006 0.006 0.021 0.004 0.005 0.008 0.013 
157 24.0757.E1    (0)    7 :  0.004 0.003 0.965 0.003 0.004 0.003 0.004 0.004 0.004 0.004 0.003 
158 24.0758.E1    (0)    7 :  0.004 0.003 0.964 0.003 0.004 0.003 0.004 0.004 0.004 0.004 0.003 
159 24.0759.E1    (0)    7 :  0.006 0.008 0.885 0.012 0.007 0.005 0.014 0.010 0.009 0.039 0.005 
160 24.0760.E1    (0)    7 :  0.276 0.027 0.600 0.006 0.029 0.007 0.011 0.008 0.022 0.009 0.006 
161 24.0761.E1    (0)    7 :  0.008 0.004 0.951 0.005 0.005 0.004 0.005 0.003 0.004 0.005 0.005 
162 24.0762.E1    (0)    7 :  0.008 0.041 0.068 0.005 0.033 0.013 0.362 0.185 0.043 0.122 0.120 
163 24.0763.E1    (0)    7 :  0.004 0.004 0.942 0.005 0.015 0.004 0.006 0.003 0.005 0.007 0.003 
164 24.0764.E1    (0)    7 :  0.009 0.005 0.923 0.004 0.005 0.004 0.009 0.004 0.007 0.025 0.004 
165 24.0765.E1    (0)    7 :  0.020 0.006 0.864 0.022 0.019 0.014 0.023 0.004 0.009 0.009 0.010 
166 24.0766.E1    (0)    7 :  0.006 0.006 0.929 0.010 0.010 0.005 0.009 0.005 0.007 0.009 0.004 
167 24.0767.E1    (0)    7 :  0.004 0.004 0.947 0.010 0.007 0.004 0.009 0.003 0.004 0.005 0.004 
168 24.0768.E1    (0)    7 :  0.005 0.015 0.126 0.009 0.167 0.033 0.133 0.008 0.082 0.391 0.031 
169 24.0779.E1    (0)    8 :  0.007 0.466 0.042 0.010 0.071 0.042 0.028 0.010 0.301 0.017 0.007 
170 24.0780.E1    (6)    8 :  0.006 0.321 0.004 0.033 0.030 0.014 0.085 0.008 0.332 0.013 0.153 
171 24.0781.E1    (0)    8 :  0.005 0.279 0.005 0.006 0.006 0.007 0.189 0.005 0.474 0.013 0.012 
172 24.0782.E1    (0)    8 :  0.035 0.068 0.020 0.027 0.238 0.023 0.109 0.007 0.223 0.224 0.025 
173 24.0783.E1    (0)    8 :  0.009 0.016 0.005 0.010 0.027 0.007 0.374 0.017 0.092 0.086 0.356 
174 24.0784.E1    (0)    8 :  0.005 0.457 0.004 0.007 0.048 0.030 0.014 0.004 0.395 0.011 0.026 
175 24.0785.E1    (0)    8 :  0.004 0.821 0.004 0.020 0.008 0.025 0.016 0.008 0.056 0.009 0.029 
176 24.0786.E1    (0)    8 :  0.008 0.269 0.010 0.020 0.140 0.012 0.079 0.010 0.267 0.028 0.157 
177 24.0787.E1    (0)    8 :  0.060 0.693 0.019 0.007 0.018 0.010 0.032 0.006 0.122 0.020 0.012 
178 24.0788.E1    (0)    8 :  0.013 0.849 0.005 0.007 0.028 0.008 0.006 0.005 0.010 0.005 0.064 
179 24.0789.E1    (0)    8 :  0.022 0.556 0.006 0.011 0.010 0.032 0.021 0.006 0.273 0.029 0.034 
180 24.0790.E1    (0)    8 :  0.005 0.938 0.003 0.009 0.004 0.008 0.009 0.004 0.007 0.004 0.007 
181 24.0791.E1    (0)    8 :  0.005 0.202 0.008 0.011 0.010 0.008 0.533 0.051 0.017 0.144 0.010 
182 24.0792.E1    (0)    8 :  0.004 0.631 0.015 0.166 0.038 0.008 0.071 0.016 0.010 0.034 0.007 
183 24.0793.E1    (0)    9 :  0.046 0.040 0.007 0.056 0.010 0.565 0.032 0.007 0.167 0.021 0.049 
184 24.0794.E1    (0)    9 :  0.006 0.136 0.008 0.103 0.006 0.109 0.288 0.006 0.014 0.292 0.034 
185 24.0795.E1    (0)    9 :  0.028 0.007 0.008 0.026 0.015 0.483 0.281 0.006 0.045 0.063 0.038 
186 24.0796.E1    (0)    9 :  0.008 0.284 0.005 0.100 0.007 0.091 0.095 0.005 0.033 0.037 0.335 
187 24.0797.E1    (0)    9 :  0.010 0.098 0.003 0.039 0.008 0.546 0.036 0.006 0.086 0.013 0.155 
188 24.0798.E1    (0)    9 :  0.027 0.018 0.018 0.097 0.029 0.405 0.014 0.348 0.025 0.009 0.011 
189 24.0799.E1    (0)    9 :  0.006 0.006 0.006 0.005 0.007 0.557 0.010 0.007 0.371 0.009 0.016 
190 24.0800.E1    (0)    9 :  0.004 0.007 0.006 0.013 0.022 0.496 0.014 0.007 0.367 0.011 0.053 
191 24.0801.E1    (0)    9 :  0.006 0.009 0.004 0.010 0.015 0.406 0.008 0.244 0.288 0.006 0.005 
192 24.0802.E1    (0)    9 :  0.027 0.010 0.004 0.021 0.007 0.844 0.015 0.007 0.015 0.010 0.039 
193 24.0803.E1    (0)    9 :  0.008 0.007 0.007 0.008 0.007 0.715 0.016 0.018 0.198 0.009 0.007 
194 24.0804.E1    (0)    9 :  0.014 0.008 0.003 0.033 0.008 0.814 0.007 0.004 0.020 0.009 0.078 
195 24.0805.E1    (0)    9 :  0.004 0.007 0.006 0.005 0.021 0.579 0.007 0.005 0.353 0.008 0.005 
196 24.0806.E1    (0)    9 :  0.031 0.006 0.005 0.008 0.005 0.898 0.006 0.005 0.025 0.006 0.005 
197 24.0807.E1    (0)    9 :  0.008 0.017 0.003 0.047 0.008 0.852 0.012 0.008 0.017 0.010 0.017 
198 24.0808.E1    (0)    9 :  0.019 0.107 0.005 0.012 0.074 0.468 0.011 0.005 0.268 0.011 0.020 
199 24.0809.E1    (0)    9 :  0.004 0.005 0.007 0.005 0.024 0.560 0.007 0.006 0.362 0.009 0.012 
200 24.0810.E1    (0)    9 :  0.010 0.008 0.008 0.071 0.047 0.524 0.014 0.006 0.298 0.009 0.006 
201 24.0811.E1    (0)    9 :  0.028 0.024 0.005 0.273 0.006 0.579 0.024 0.004 0.015 0.021 0.022 
202 24.0812.E1    (0)    9 :  0.006 0.042 0.006 0.011 0.023 0.549 0.027 0.008 0.057 0.024 0.249 
203 24.0813.E1    (0)    9 :  0.010 0.044 0.005 0.008 0.041 0.761 0.015 0.004 0.089 0.008 0.016 
204 24.0814.E1    (6)    9 :  0.012 0.009 0.004 0.018 0.016 0.582 0.007 0.007 0.223 0.007 0.115 
205 24.0815.E1    (0)    9 :  0.060 0.005 0.006 0.017 0.007 0.641 0.006 0.018 0.223 0.005 0.011 
206 24.0816.E1    (0)    9 :  0.016 0.019 0.005 0.046 0.004 0.849 0.007 0.017 0.019 0.006 0.012 
207 24.0817.E1    (0)   10 :  0.005 0.013 0.005 0.064 0.010 0.083 0.021 0.008 0.035 0.016 0.740 
208 24.0818.E1    (0)   10 :  0.011 0.044 0.008 0.016 0.005 0.012 0.026 0.006 0.059 0.029 0.784 
209 24.0819.E1    (0)   10 :  0.018 0.022 0.182 0.184 0.011 0.271 0.021 0.085 0.167 0.018 0.021 
210 24.0820.E1    (0)   10 :  0.007 0.027 0.227 0.540 0.005 0.013 0.007 0.019 0.015 0.006 0.135 
211 24.0821.E1    (0)   10 :  0.010 0.383 0.007 0.091 0.016 0.054 0.013 0.234 0.022 0.013 0.157 
212 24.0822.E1    (0)   10 :  0.004 0.035 0.018 0.009 0.009 0.006 0.005 0.006 0.013 0.006 0.889 
213 24.0823.E1    (0)   10 :  0.009 0.016 0.095 0.340 0.009 0.009 0.006 0.017 0.015 0.007 0.477 
214 24.0824.E1    (0)   10 :  0.005 0.006 0.008 0.012 0.047 0.012 0.006 0.442 0.013 0.007 0.442 
215 24.0825.E1    (0)   10 :  0.004 0.004 0.005 0.005 0.008 0.005 0.005 0.004 0.005 0.004 0.949 
216 24.0826.E1    (0)   10 :  0.009 0.066 0.119 0.558 0.011 0.019 0.011 0.024 0.016 0.007 0.159 
217 24.0827.E1    (0)   10 :  0.007 0.015 0.003 0.079 0.010 0.020 0.020 0.007 0.023 0.028 0.788 
218 24.0828.E1    (0)   10 :  0.010 0.124 0.021 0.503 0.017 0.047 0.010 0.088 0.013 0.009 0.158 
219 24.0829.E1    (0)   10 :  0.007 0.015 0.010 0.052 0.018 0.162 0.042 0.012 0.035 0.006 0.641 
220 24.0830.E1    (0)   10 :  0.004 0.009 0.004 0.012 0.006 0.014 0.088 0.006 0.006 0.015 0.836 
221 24.0831.E1    (0)   10 :  0.004 0.014 0.004 0.015 0.007 0.013 0.186 0.007 0.016 0.021 0.713 
222 24.0832.E1    (0)   10 :  0.003 0.007 0.003 0.015 0.008 0.005 0.009 0.004 0.006 0.007 0.935 
223 24.0833.E1    (0)   10 :  0.003 0.004 0.004 0.008 0.007 0.004 0.004 0.004 0.004 0.004 0.955 
224 24.0834.E1    (0)   10 :  0.007 0.005 0.007 0.007 0.006 0.007 0.007 0.005 0.006 0.007 0.936 
225 24.0835.E1    (0)   10 :  0.006 0.007 0.004 0.006 0.006 0.012 0.009 0.009 0.017 0.010 0.914 
226 24.0836.E1    (0)   10 :  0.004 0.007 0.009 0.006 0.019 0.008 0.011 0.015 0.011 0.009 0.901 
227 24.0837.E1    (0)   10 :  0.004 0.008 0.005 0.006 0.008 0.007 0.007 0.006 0.007 0.006 0.938 
228 24.0838.E1    (0)   10 :  0.004 0.011 0.006 0.013 0.011 0.008 0.006 0.005 0.009 0.005 0.923 
229 24.0839.E1    (0)   10 :  0.024 0.039 0.016 0.083 0.029 0.205 0.155 0.019 0.043 0.036 0.349 
230 24.0840.E1    (0)   10 :  0.021 0.013 0.004 0.137 0.006 0.237 0.054 0.009 0.018 0.006 0.496 
231 24.0841.E1    (0)   11 :  0.003 0.014 0.008 0.484 0.009 0.410 0.020 0.003 0.032 0.007 0.010 
232 24.0842.E1    (0)   11 :  0.003 0.012 0.006 0.408 0.006 0.339 0.011 0.171 0.025 0.009 0.010 
233 24.0843.E1    (0)   11 :  0.005 0.013 0.012 0.569 0.008 0.121 0.009 0.225 0.015 0.006 0.018 
234 24.0844.E1    (0)   11 :  0.005 0.014 0.007 0.021 0.012 0.169 0.058 0.331 0.058 0.030 0.294 
235 24.0845.E1    (0)   11 :  0.005 0.046 0.005 0.037 0.016 0.041 0.061 0.022 0.048 0.013 0.707 
236 24.0846.E1    (0)   11 :  0.010 0.008 0.011 0.013 0.010 0.026 0.015 0.011 0.014 0.011 0.873 
237 24.0847.E1    (0)   11 :  0.007 0.009 0.012 0.014 0.099 0.024 0.028 0.020 0.024 0.027 0.738 
238 24.0848.E1    (0)   11 :  0.004 0.033 0.005 0.012 0.030 0.043 0.025 0.017 0.047 0.015 0.768 
239 24.0849.E1    (0)   11 :  0.003 0.005 0.004 0.952 0.004 0.006 0.005 0.004 0.006 0.005 0.006 
240 24.0850.E1    (0)   11 :  0.003 0.005 0.004 0.952 0.004 0.006 0.005 0.004 0.006 0.005 0.006 
241 24.0851.E1    (0)   11 :  0.003 0.005 0.004 0.952 0.004 0.006 0.005 0.004 0.006 0.005 0.006 
242 24.0852.E1    (0)   11 :  0.004 0.043 0.018 0.647 0.008 0.035 0.054 0.006 0.050 0.016 0.118 
243 24.0853.E1    (0)   11 :  0.006 0.006 0.007 0.620 0.023 0.018 0.007 0.004 0.007 0.005 0.298 
244 24.0854.E1    (0)   11 :  0.006 0.039 0.011 0.184 0.009 0.026 0.020 0.651 0.011 0.013 0.030 
245 24.0855.E1    (0)   11 :  0.005 0.016 0.008 0.166 0.018 0.092 0.015 0.010 0.023 0.006 0.640 
246 24.0856.E1    (0)   11 :  0.056 0.012 0.032 0.030 0.008 0.240 0.108 0.313 0.135 0.030 0.037 
247 24.0857.E1    (0)   11 :  0.009 0.015 0.009 0.020 0.027 0.244 0.016 0.011 0.195 0.016 0.436 
248 24.0858.E1    (0)   11 :  0.005 0.052 0.015 0.052 0.015 0.081 0.016 0.030 0.103 0.021 0.611 
249 24.0859.E1    (0)   11 :  0.011 0.015 0.023 0.801 0.008 0.057 0.011 0.015 0.027 0.013 0.017 
250 24.0860.E1    (0)   11 :  0.038 0.027 0.040 0.102 0.007 0.358 0.037 0.032 0.293 0.020 0.046 
251 24.0861.E1    (0)   11 :  0.003 0.006 0.004 0.935 0.004 0.012 0.005 0.004 0.008 0.005 0.013 
252 24.0862.E1    (0)   11 :  0.019 0.009 0.006 0.014 0.007 0.753 0.062 0.006 0.095 0.011 0.017 
253 24.0863.E1    (0)   11 :  0.003 0.006 0.004 0.935 0.004 0.013 0.005 0.004 0.008 0.005 0.012 
254 24.0864.E1    (0)   11 :  0.008 0.111 0.007 0.047 0.307 0.019 0.070 0.015 0.022 0.256 0.138 
255 24.0865.E1    (0)   12 :  0.016 0.086 0.062 0.645 0.076 0.011 0.032 0.006 0.014 0.037 0.014 
256 24.0866.E1    (0)   12 :  0.005 0.053 0.027 0.019 0.258 0.144 0.017 0.017 0.362 0.023 0.073 
257 24.0867.E1    (0)   12 :  0.016 0.011 0.131 0.144 0.564 0.012 0.012 0.011 0.070 0.009 0.021 
258 24.0868.E1    (0)   12 :  0.029 0.391 0.023 0.008 0.356 0.020 0.032 0.016 0.027 0.029 0.070 
259 24.0869.E1    (0)   12 :  0.048 0.018 0.006 0.009 0.583 0.025 0.105 0.005 0.048 0.045 0.109 
260 24.0870.E1    (0)   12 :  0.110 0.136 0.027 0.006 0.188 0.019 0.154 0.013 0.096 0.114 0.136 
261 24.0871.E1    (0)   12 :  0.035 0.044 0.007 0.028 0.236 0.051 0.275 0.016 0.041 0.245 0.023 
262 24.0872.E1    (0)   12 :  0.007 0.036 0.112 0.268 0.131 0.017 0.230 0.015 0.056 0.121 0.007 
263 24.0873.E1    (0)   12 :  0.014 0.044 0.013 0.034 0.670 0.056 0.014 0.012 0.113 0.017 0.015 
264 24.0874.E1    (0)   12 :  0.007 0.016 0.209 0.175 0.292 0.059 0.011 0.016 0.161 0.011 0.044 
265 24.0875.E1    (0)   12 :  0.008 0.008 0.009 0.007 0.053 0.011 0.564 0.032 0.101 0.200 0.008 
266 24.0876.E1    (0)   12 :  0.008 0.006 0.021 0.005 0.104 0.006 0.513 0.015 0.057 0.260 0.005 
267 24.0877.E1    (0)   12 :  0.006 0.013 0.043 0.006 0.013 0.009 0.180 0.009 0.059 0.658 0.004 
268 24.0878.E1    (0)   12 :  0.008 0.033 0.009 0.010 0.059 0.008 0.153 0.022 0.007 0.639 0.053 
269 24.0879.E1    (0)   12 :  0.009 0.013 0.004 0.005 0.011 0.006 0.157 0.203 0.007 0.578 0.007 
270 24.0880.E1    (0)   12 :  0.014 0.090 0.015 0.013 0.200 0.011 0.018 0.077 0.014 0.044 0.504 
271 24.0881.E1    (0)   12 :  0.010 0.005 0.008 0.006 0.007 0.004 0.217 0.007 0.007 0.724 0.004 
272 24.0882.E1    (0)   12 :  0.008 0.015 0.590 0.011 0.016 0.006 0.063 0.009 0.028 0.249 0.007 
273 24.0883.E1    (0)   12 :  0.011 0.012 0.228 0.039 0.071 0.005 0.083 0.221 0.007 0.316 0.007 
274 24.0884.E1    (0)   12 :  0.007 0.006 0.026 0.015 0.006 0.005 0.184 0.010 0.009 0.729 0.004 
275 24.0885.E1    (0)   12 :  0.013 0.025 0.006 0.006 0.065 0.007 0.162 0.037 0.015 0.655 0.011 
276 24.0886.E1    (0)   12 :  0.004 0.016 0.196 0.037 0.078 0.008 0.089 0.099 0.014 0.452 0.005 
277 24.0887.E1    (0)   12 :  0.011 0.005 0.669 0.009 0.024 0.005 0.017 0.174 0.007 0.074 0.005 
278 24.0888.E1    (0)   12 :  0.008 0.830 0.006 0.006 0.011 0.019 0.049 0.010 0.023 0.031 0.007 


Estimated Allele Frequencies in each cluster
First column gives estimated ancestral frequencies


Locus 1 : 
31 alleles
0.0% missing data
 115   (0.036) 0.003 0.008 0.004 0.004 0.139 0.013 0.110 0.007 0.006 0.112 0.005 
 117   (0.042) 0.004 0.009 0.198 0.004 0.029 0.045 0.095 0.011 0.047 0.180 0.005 
 119   (0.041) 0.296 0.009 0.319 0.004 0.012 0.006 0.109 0.007 0.007 0.222 0.005 
 131   (0.015) 0.001 0.004 0.003 0.001 0.002 0.003 0.024 0.002 0.002 0.036 0.001 
 128   (0.034) 0.003 0.024 0.003 0.005 0.028 0.008 0.072 0.009 0.011 0.047 0.026 
 135   (0.018) 0.002 0.004 0.006 0.002 0.006 0.004 0.025 0.004 0.003 0.043 0.002 
 126   (0.078) 0.011 0.055 0.084 0.040 0.049 0.051 0.130 0.032 0.112 0.058 0.268 
 122   (0.035) 0.098 0.019 0.002 0.003 0.007 0.127 0.015 0.008 0.042 0.012 0.004 
 132   (0.031) 0.003 0.018 0.014 0.006 0.016 0.044 0.019 0.013 0.027 0.015 0.021 
 141   (0.011) 0.003 0.002 0.001 0.001 0.002 0.002 0.007 0.002 0.002 0.006 0.001 
 130   (0.049) 0.013 0.079 0.008 0.023 0.104 0.026 0.025 0.146 0.034 0.021 0.014 
 134   (0.035) 0.134 0.036 0.002 0.107 0.035 0.020 0.006 0.005 0.013 0.006 0.006 
 145   (0.020) 0.011 0.051 0.008 0.055 0.005 0.003 0.003 0.015 0.003 0.005 0.002 
 127   (0.027) 0.052 0.006 0.160 0.002 0.007 0.004 0.014 0.007 0.004 0.031 0.002 
 116   (0.110) 0.170 0.230 0.010 0.302 0.207 0.141 0.093 0.069 0.219 0.030 0.131 
 114   (0.058) 0.050 0.038 0.006 0.237 0.034 0.161 0.016 0.035 0.055 0.010 0.112 
 120   (0.038) 0.088 0.075 0.002 0.003 0.015 0.005 0.030 0.133 0.017 0.013 0.004 
 110   (0.046) 0.021 0.019 0.013 0.015 0.057 0.016 0.017 0.099 0.039 0.023 0.093 
 133   (0.015) 0.008 0.003 0.013 0.001 0.002 0.005 0.009 0.002 0.004 0.005 0.001 
 118   (0.111) 0.012 0.241 0.020 0.168 0.184 0.271 0.118 0.341 0.323 0.040 0.177 
 125   (0.013) 0.001 0.004 0.001 0.003 0.002 0.011 0.004 0.005 0.005 0.002 0.011 
 129   (0.020) 0.002 0.012 0.005 0.002 0.004 0.003 0.016 0.020 0.004 0.041 0.002 
 124   (0.017) 0.002 0.017 0.002 0.003 0.003 0.003 0.017 0.015 0.004 0.007 0.002 
 136   (0.019) 0.002 0.006 0.001 0.002 0.038 0.003 0.006 0.003 0.003 0.005 0.083 
 121   (0.014) 0.001 0.003 0.069 0.001 0.003 0.002 0.004 0.002 0.002 0.009 0.001 
 139   (0.009) 0.001 0.002 0.001 0.001 0.001 0.001 0.004 0.001 0.001 0.009 0.001 
 113   (0.011) 0.001 0.002 0.015 0.001 0.001 0.001 0.002 0.001 0.001 0.002 0.001 
 111   (0.010) 0.001 0.002 0.013 0.001 0.002 0.001 0.002 0.001 0.001 0.002 0.001 
 143   (0.010) 0.001 0.002 0.015 0.001 0.001 0.001 0.002 0.001 0.001 0.001 0.001 
 140   (0.014) 0.001 0.017 0.001 0.001 0.003 0.016 0.003 0.002 0.005 0.002 0.001 
 112   (0.011) 0.001 0.002 0.001 0.001 0.002 0.002 0.002 0.002 0.001 0.001 0.015 

Locus 2 : 
18 alleles
0.0% missing data
 152   (0.375) 0.389 0.145 0.795 0.428 0.484 0.529 0.610 0.364 0.489 0.618 0.156 
 148   (0.072) 0.229 0.018 0.020 0.007 0.185 0.012 0.091 0.032 0.038 0.153 0.008 
 154   (0.106) 0.260 0.049 0.031 0.033 0.196 0.075 0.108 0.036 0.078 0.043 0.268 
 156   (0.016) 0.002 0.004 0.001 0.002 0.002 0.009 0.011 0.005 0.004 0.008 0.002 
 150   (0.025) 0.067 0.005 0.052 0.002 0.003 0.004 0.008 0.005 0.003 0.007 0.002 
 164   (0.079) 0.010 0.117 0.010 0.123 0.031 0.078 0.035 0.017 0.103 0.072 0.044 
 158   (0.031) 0.014 0.007 0.008 0.007 0.016 0.010 0.008 0.196 0.009 0.016 0.004 
 160   (0.018) 0.002 0.012 0.017 0.002 0.014 0.003 0.004 0.003 0.007 0.004 0.002 
 166   (0.021) 0.004 0.008 0.001 0.001 0.003 0.029 0.017 0.003 0.022 0.008 0.002 
 151   (0.071) 0.006 0.345 0.005 0.172 0.011 0.026 0.035 0.228 0.042 0.014 0.484 
 147   (0.060) 0.006 0.205 0.005 0.192 0.022 0.179 0.018 0.053 0.160 0.012 0.018 
 168   (0.024) 0.003 0.029 0.003 0.015 0.006 0.009 0.011 0.006 0.007 0.008 0.002 
 153   (0.016) 0.001 0.021 0.001 0.007 0.002 0.002 0.003 0.003 0.007 0.002 0.001 
 149   (0.026) 0.002 0.006 0.012 0.002 0.016 0.004 0.014 0.040 0.006 0.011 0.002 
 162   (0.021) 0.002 0.010 0.003 0.005 0.003 0.025 0.009 0.003 0.007 0.006 0.002 
 167   (0.012) 0.001 0.002 0.001 0.001 0.001 0.001 0.011 0.001 0.001 0.016 0.001 
 146   (0.014) 0.001 0.002 0.033 0.001 0.002 0.002 0.002 0.002 0.002 0.002 0.001 
 172   (0.014) 0.001 0.015 0.001 0.001 0.002 0.002 0.004 0.002 0.016 0.002 0.001 

Locus 3 : 
4 alleles
0.0% missing data
 128   (0.292) 0.319 0.207 0.462 0.437 0.283 0.218 0.293 0.240 0.263 0.250 0.425 
 126   (0.610) 0.619 0.732 0.531 0.416 0.698 0.726 0.648 0.568 0.701 0.681 0.529 
 132   (0.084) 0.055 0.059 0.007 0.146 0.017 0.054 0.057 0.147 0.032 0.067 0.046 
 134   (0.014) 0.007 0.003 0.001 0.001 0.002 0.002 0.002 0.045 0.004 0.002 0.001 

Locus 4 : 
3 alleles
0.0% missing data
 170   (0.321) 0.419 0.372 0.297 0.176 0.141 0.314 0.372 0.184 0.287 0.284 0.446 
 172   (0.667) 0.571 0.624 0.701 0.822 0.855 0.685 0.626 0.815 0.711 0.714 0.551 
 171   (0.013) 0.010 0.004 0.002 0.002 0.003 0.002 0.002 0.002 0.002 0.002 0.002 

Locus 5 : 
37 alleles
0.0% missing data
 125   (0.052) 0.059 0.017 0.036 0.144 0.033 0.011 0.070 0.156 0.019 0.049 0.077 
 110   (0.034) 0.043 0.011 0.017 0.017 0.005 0.023 0.068 0.030 0.011 0.025 0.089 
 129   (0.034) 0.003 0.098 0.003 0.038 0.006 0.028 0.027 0.008 0.072 0.042 0.006 
 113   (0.032) 0.004 0.080 0.002 0.012 0.013 0.099 0.016 0.007 0.085 0.012 0.011 
 145   (0.055) 0.006 0.067 0.075 0.048 0.138 0.009 0.132 0.073 0.017 0.211 0.013 
 155   (0.051) 0.190 0.020 0.013 0.008 0.020 0.093 0.092 0.017 0.045 0.122 0.059 
 117   (0.031) 0.005 0.023 0.027 0.003 0.138 0.024 0.023 0.005 0.009 0.024 0.004 
 124   (0.010) 0.001 0.002 0.001 0.001 0.001 0.001 0.012 0.001 0.001 0.016 0.001 
 133   (0.033) 0.003 0.070 0.080 0.005 0.016 0.007 0.055 0.008 0.018 0.041 0.003 
 157   (0.049) 0.024 0.082 0.026 0.004 0.052 0.016 0.054 0.122 0.148 0.011 0.055 
 141   (0.016) 0.002 0.017 0.001 0.001 0.008 0.002 0.020 0.002 0.018 0.005 0.005 
 112   (0.074) 0.193 0.040 0.163 0.188 0.111 0.055 0.056 0.017 0.070 0.060 0.149 
 121   (0.021) 0.008 0.016 0.002 0.023 0.003 0.069 0.009 0.007 0.015 0.005 0.003 
 114   (0.039) 0.016 0.009 0.181 0.003 0.163 0.007 0.030 0.007 0.021 0.048 0.080 
 153   (0.052) 0.008 0.043 0.004 0.046 0.019 0.134 0.064 0.244 0.133 0.072 0.089 
 127   (0.074) 0.019 0.109 0.063 0.274 0.088 0.087 0.074 0.037 0.063 0.062 0.098 
 131   (0.055) 0.234 0.015 0.199 0.053 0.023 0.079 0.023 0.147 0.085 0.063 0.041 
 135   (0.031) 0.009 0.008 0.003 0.083 0.009 0.039 0.054 0.016 0.057 0.027 0.014 
 104   (0.010) 0.010 0.003 0.002 0.002 0.003 0.001 0.002 0.001 0.001 0.002 0.002 
 118   (0.017) 0.017 0.006 0.002 0.001 0.008 0.002 0.008 0.011 0.006 0.020 0.002 
 116   (0.029) 0.022 0.012 0.004 0.004 0.019 0.049 0.024 0.024 0.008 0.020 0.015 
 137   (0.025) 0.102 0.008 0.006 0.002 0.006 0.070 0.013 0.012 0.017 0.007 0.002 
 123   (0.021) 0.004 0.006 0.002 0.011 0.004 0.030 0.016 0.006 0.010 0.011 0.095 
 149   (0.009) 0.001 0.005 0.001 0.003 0.004 0.003 0.003 0.001 0.001 0.004 0.002 
 138   (0.009) 0.001 0.078 0.001 0.002 0.001 0.001 0.001 0.001 0.001 0.001 0.001 
 143   (0.024) 0.003 0.037 0.079 0.009 0.003 0.005 0.005 0.012 0.014 0.004 0.053 
 163   (0.009) 0.002 0.003 0.001 0.001 0.002 0.004 0.004 0.001 0.007 0.002 0.001 
 109   (0.009) 0.001 0.002 0.001 0.001 0.034 0.001 0.001 0.001 0.001 0.002 0.001 
 139   (0.008) 0.001 0.002 0.001 0.001 0.001 0.001 0.008 0.002 0.008 0.001 0.001 
 106   (0.009) 0.001 0.004 0.001 0.001 0.002 0.002 0.006 0.001 0.007 0.002 0.001 
 144   (0.015) 0.001 0.003 0.001 0.001 0.043 0.012 0.006 0.002 0.018 0.003 0.002 
 122   (0.010) 0.001 0.003 0.002 0.001 0.010 0.001 0.005 0.002 0.002 0.014 0.001 
 100   (0.017) 0.002 0.033 0.001 0.004 0.005 0.026 0.008 0.006 0.006 0.006 0.008 
 111   (0.010) 0.001 0.047 0.001 0.001 0.001 0.001 0.002 0.001 0.001 0.001 0.001 
 233   (0.009) 0.001 0.009 0.001 0.002 0.001 0.002 0.002 0.008 0.001 0.001 0.002 
 134   (0.009) 0.001 0.002 0.001 0.001 0.001 0.001 0.005 0.001 0.001 0.002 0.011 
 140   (0.010) 0.001 0.009 0.001 0.001 0.007 0.002 0.002 0.002 0.002 0.002 0.002 

Locus 6 : 
17 alleles
0.0% missing data
 221   (0.024) 0.002 0.005 0.087 0.002 0.003 0.003 0.059 0.003 0.003 0.105 0.002 
 232   (0.244) 0.089 0.312 0.441 0.791 0.262 0.320 0.299 0.280 0.243 0.180 0.263 
 229   (0.056) 0.069 0.012 0.060 0.012 0.018 0.015 0.061 0.015 0.016 0.093 0.098 
 223   (0.062) 0.007 0.033 0.007 0.009 0.066 0.020 0.057 0.111 0.058 0.076 0.072 
 230   (0.159) 0.164 0.198 0.302 0.031 0.227 0.083 0.172 0.102 0.165 0.111 0.237 
 235   (0.013) 0.001 0.003 0.001 0.001 0.002 0.002 0.037 0.002 0.002 0.043 0.001 
 236   (0.037) 0.031 0.030 0.004 0.012 0.007 0.009 0.072 0.009 0.008 0.078 0.004 
 227   (0.024) 0.002 0.009 0.002 0.002 0.009 0.003 0.034 0.007 0.010 0.047 0.002 
 220   (0.054) 0.189 0.059 0.004 0.059 0.029 0.144 0.018 0.012 0.083 0.014 0.025 
 222   (0.038) 0.263 0.057 0.002 0.002 0.015 0.164 0.008 0.005 0.081 0.006 0.004 
 234   (0.129) 0.165 0.111 0.046 0.014 0.282 0.115 0.060 0.290 0.174 0.118 0.144 
 224   (0.031) 0.003 0.022 0.002 0.003 0.006 0.006 0.013 0.127 0.016 0.006 0.079 
 228   (0.059) 0.006 0.134 0.005 0.045 0.055 0.044 0.058 0.012 0.131 0.018 0.034 
 225   (0.012) 0.002 0.002 0.001 0.001 0.002 0.011 0.007 0.002 0.002 0.002 0.001 
 226   (0.017) 0.002 0.004 0.001 0.013 0.002 0.056 0.015 0.002 0.004 0.003 0.029 
 233   (0.026) 0.003 0.006 0.034 0.002 0.011 0.003 0.022 0.015 0.004 0.061 0.003 
 231   (0.014) 0.001 0.003 0.001 0.001 0.004 0.002 0.010 0.006 0.002 0.039 0.001 

Locus 7 : 
10 alleles
0.0% missing data
 121   (0.693) 0.795 0.868 0.751 0.613 0.804 0.787 0.831 0.576 0.828 0.857 0.783 
 129   (0.092) 0.010 0.059 0.101 0.194 0.049 0.051 0.047 0.097 0.032 0.080 0.127 
 130   (0.014) 0.001 0.003 0.003 0.001 0.002 0.028 0.003 0.002 0.007 0.002 0.001 
 123   (0.098) 0.126 0.033 0.095 0.184 0.025 0.084 0.094 0.223 0.066 0.044 0.079 
 128   (0.019) 0.038 0.004 0.021 0.001 0.004 0.002 0.004 0.020 0.003 0.004 0.002 
 131   (0.015) 0.022 0.003 0.001 0.002 0.002 0.006 0.005 0.009 0.004 0.002 0.002 
 117   (0.012) 0.001 0.015 0.001 0.001 0.001 0.002 0.002 0.002 0.003 0.002 0.001 
 125   (0.012) 0.001 0.002 0.001 0.001 0.001 0.001 0.002 0.063 0.001 0.002 0.001 
 134   (0.031) 0.004 0.010 0.005 0.002 0.102 0.037 0.011 0.006 0.053 0.005 0.003 
 132   (0.013) 0.001 0.003 0.022 0.001 0.010 0.002 0.002 0.002 0.002 0.002 0.001 

Locus 8 : 
19 alleles
0.0% missing data
 184   (0.305) 0.524 0.334 0.331 0.427 0.484 0.308 0.467 0.525 0.448 0.453 0.269 
 194   (0.047) 0.016 0.029 0.017 0.007 0.100 0.012 0.033 0.033 0.032 0.031 0.014 
 178   (0.103) 0.185 0.056 0.061 0.026 0.084 0.139 0.143 0.027 0.052 0.161 0.292 
 176   (0.082) 0.010 0.091 0.231 0.099 0.069 0.086 0.077 0.051 0.103 0.063 0.009 
 182   (0.077) 0.008 0.091 0.210 0.057 0.039 0.142 0.037 0.022 0.140 0.058 0.042 
 190   (0.031) 0.073 0.006 0.052 0.002 0.005 0.031 0.006 0.006 0.023 0.006 0.017 
 196   (0.021) 0.002 0.033 0.001 0.006 0.005 0.004 0.008 0.003 0.003 0.004 0.067 
 200   (0.027) 0.004 0.012 0.008 0.002 0.006 0.009 0.019 0.037 0.045 0.011 0.002 
 180   (0.022) 0.071 0.004 0.002 0.002 0.003 0.004 0.008 0.123 0.004 0.007 0.003 
 188   (0.038) 0.009 0.049 0.003 0.042 0.047 0.006 0.018 0.009 0.008 0.027 0.060 
 174   (0.039) 0.021 0.013 0.038 0.003 0.068 0.010 0.050 0.039 0.011 0.035 0.004 
 186   (0.119) 0.046 0.232 0.037 0.310 0.063 0.209 0.117 0.058 0.106 0.125 0.122 
 192   (0.022) 0.012 0.009 0.002 0.004 0.003 0.003 0.005 0.015 0.004 0.009 0.088 
 201   (0.010) 0.012 0.002 0.001 0.001 0.001 0.001 0.002 0.010 0.002 0.001 0.001 
 199   (0.018) 0.002 0.018 0.001 0.002 0.002 0.018 0.003 0.027 0.006 0.003 0.002 
 185   (0.011) 0.001 0.012 0.001 0.008 0.002 0.001 0.002 0.002 0.001 0.002 0.001 
 203   (0.010) 0.001 0.002 0.001 0.001 0.015 0.002 0.002 0.002 0.003 0.002 0.001 
 198   (0.010) 0.001 0.004 0.001 0.001 0.002 0.010 0.002 0.001 0.008 0.002 0.001 
 209   (0.010) 0.001 0.002 0.001 0.001 0.001 0.004 0.003 0.012 0.002 0.002 0.004 

Locus 9 : 
6 alleles
0.4% missing data
 154   (0.689) 0.823 0.832 0.617 0.825 0.661 0.802 0.741 0.662 0.688 0.721 0.806 
 156   (0.205) 0.166 0.108 0.369 0.031 0.269 0.181 0.195 0.323 0.258 0.170 0.120 
 152   (0.052) 0.005 0.025 0.005 0.134 0.042 0.009 0.037 0.007 0.022 0.062 0.068 
 153   (0.013) 0.001 0.012 0.001 0.006 0.002 0.003 0.005 0.002 0.012 0.002 0.002 
 160   (0.014) 0.001 0.017 0.001 0.001 0.002 0.002 0.002 0.002 0.016 0.002 0.001 
 164   (0.026) 0.002 0.005 0.007 0.002 0.024 0.003 0.019 0.004 0.004 0.043 0.002 

Locus 10 : 
29 alleles
0.7% missing data
 305   (0.060) 0.215 0.054 0.008 0.007 0.010 0.136 0.104 0.010 0.089 0.063 0.009 
 313   (0.052) 0.006 0.064 0.006 0.006 0.009 0.055 0.082 0.009 0.015 0.117 0.009 
 311   (0.018) 0.002 0.005 0.002 0.001 0.003 0.003 0.015 0.005 0.003 0.012 0.003 
 299   (0.130) 0.043 0.142 0.031 0.173 0.036 0.083 0.131 0.017 0.265 0.212 0.165 
 315   (0.074) 0.079 0.049 0.094 0.006 0.017 0.014 0.125 0.014 0.112 0.091 0.020 
 287   (0.018) 0.002 0.005 0.002 0.002 0.002 0.004 0.005 0.822 0.003 0.006 0.002 
 291   (0.106) 0.063 0.071 0.018 0.012 0.434 0.113 0.057 0.015 0.138 0.093 0.488 
 295   (0.026) 0.004 0.009 0.002 0.002 0.116 0.004 0.050 0.003 0.005 0.114 0.002 
 289   (0.016) 0.003 0.004 0.001 0.001 0.002 0.096 0.004 0.002 0.098 0.003 0.001 
 303   (0.038) 0.032 0.094 0.579 0.599 0.008 0.006 0.007 0.005 0.006 0.009 0.004 
 297   (0.042) 0.005 0.010 0.073 0.102 0.104 0.086 0.038 0.005 0.023 0.020 0.027 
 293   (0.017) 0.003 0.004 0.001 0.001 0.003 0.003 0.120 0.003 0.003 0.033 0.001 
 301   (0.059) 0.161 0.118 0.006 0.006 0.078 0.014 0.031 0.008 0.019 0.056 0.006 
 285   (0.027) 0.271 0.008 0.002 0.005 0.004 0.222 0.004 0.004 0.011 0.005 0.002 
 307   (0.058) 0.039 0.027 0.158 0.004 0.075 0.008 0.014 0.009 0.081 0.037 0.102 
 312   (0.046) 0.049 0.018 0.003 0.013 0.030 0.009 0.138 0.008 0.051 0.046 0.094 
 306   (0.026) 0.004 0.094 0.002 0.002 0.015 0.004 0.008 0.004 0.005 0.013 0.012 
 320   (0.014) 0.001 0.031 0.001 0.001 0.002 0.002 0.002 0.001 0.005 0.002 0.001 
 317   (0.021) 0.002 0.068 0.001 0.046 0.003 0.003 0.010 0.002 0.003 0.012 0.002 
 314   (0.026) 0.003 0.020 0.002 0.002 0.004 0.003 0.011 0.031 0.004 0.033 0.002 
 323   (0.011) 0.001 0.012 0.001 0.001 0.002 0.002 0.002 0.005 0.002 0.003 0.001 
 325   (0.013) 0.001 0.013 0.001 0.001 0.002 0.002 0.003 0.006 0.002 0.003 0.001 
 310   (0.014) 0.001 0.003 0.001 0.001 0.002 0.002 0.024 0.002 0.003 0.005 0.037 
 309   (0.014) 0.002 0.004 0.001 0.001 0.032 0.002 0.003 0.002 0.003 0.003 0.001 
 316   (0.016) 0.002 0.049 0.001 0.002 0.002 0.003 0.003 0.002 0.003 0.002 0.003 
 296   (0.012) 0.001 0.015 0.001 0.002 0.002 0.002 0.003 0.001 0.002 0.002 0.001 
 304   (0.014) 0.002 0.003 0.001 0.001 0.002 0.072 0.002 0.001 0.003 0.002 0.002 
 321   (0.014) 0.001 0.003 0.001 0.001 0.002 0.025 0.002 0.001 0.022 0.002 0.001 
 332   (0.015) 0.001 0.003 0.001 0.001 0.002 0.024 0.002 0.001 0.023 0.002 0.001 

Locus 11 : 
19 alleles
0.0% missing data
 114   (0.151) 0.287 0.102 0.207 0.035 0.262 0.025 0.223 0.047 0.126 0.236 0.020 
 126   (0.022) 0.017 0.004 0.004 0.002 0.004 0.003 0.032 0.003 0.003 0.039 0.002 
 111   (0.091) 0.009 0.025 0.006 0.428 0.013 0.581 0.168 0.023 0.222 0.116 0.558 
 116   (0.110) 0.018 0.041 0.278 0.010 0.143 0.062 0.112 0.140 0.091 0.105 0.028 
 132   (0.011) 0.001 0.003 0.001 0.001 0.002 0.002 0.005 0.002 0.002 0.009 0.001 
 109   (0.014) 0.001 0.003 0.001 0.001 0.002 0.002 0.024 0.002 0.002 0.031 0.002 
 128   (0.018) 0.002 0.006 0.001 0.001 0.017 0.002 0.006 0.003 0.003 0.006 0.006 
 112   (0.310) 0.610 0.609 0.470 0.098 0.435 0.064 0.346 0.409 0.397 0.360 0.044 
 122   (0.018) 0.007 0.006 0.005 0.010 0.006 0.003 0.007 0.003 0.003 0.005 0.003 
 124   (0.013) 0.018 0.003 0.002 0.002 0.002 0.002 0.002 0.002 0.002 0.002 0.001 
 118   (0.053) 0.013 0.016 0.011 0.013 0.063 0.046 0.019 0.087 0.099 0.027 0.006 
 127   (0.013) 0.001 0.016 0.001 0.001 0.002 0.002 0.002 0.002 0.003 0.002 0.001 
 113   (0.061) 0.005 0.087 0.004 0.384 0.010 0.148 0.016 0.057 0.016 0.012 0.240 
 115   (0.029) 0.003 0.015 0.003 0.003 0.008 0.007 0.010 0.201 0.005 0.027 0.006 
 120   (0.023) 0.002 0.006 0.001 0.002 0.021 0.003 0.004 0.003 0.003 0.006 0.070 
 117   (0.021) 0.003 0.012 0.002 0.006 0.004 0.014 0.008 0.004 0.015 0.004 0.007 
 125   (0.016) 0.001 0.041 0.001 0.002 0.002 0.002 0.011 0.003 0.002 0.004 0.001 
 119   (0.013) 0.001 0.003 0.001 0.001 0.002 0.031 0.002 0.002 0.005 0.002 0.003 
 136   (0.013) 0.001 0.003 0.001 0.001 0.002 0.002 0.004 0.008 0.002 0.009 0.001 

Locus 12 : 
28 alleles
0.7% missing data
 306   (0.061) 0.212 0.029 0.008 0.007 0.010 0.204 0.099 0.009 0.070 0.063 0.010 
 314   (0.061) 0.007 0.064 0.007 0.017 0.008 0.045 0.068 0.019 0.017 0.103 0.084 
 312   (0.014) 0.001 0.003 0.001 0.001 0.002 0.002 0.013 0.001 0.002 0.017 0.001 
 300   (0.132) 0.043 0.142 0.030 0.173 0.036 0.082 0.137 0.017 0.269 0.222 0.161 
 316   (0.046) 0.076 0.011 0.092 0.004 0.007 0.009 0.041 0.005 0.010 0.076 0.019 
 288   (0.016) 0.002 0.005 0.001 0.002 0.002 0.003 0.003 0.810 0.003 0.005 0.002 
 292   (0.111) 0.064 0.072 0.018 0.013 0.431 0.125 0.058 0.016 0.153 0.094 0.477 
 296   (0.032) 0.005 0.021 0.003 0.004 0.118 0.005 0.053 0.004 0.005 0.116 0.003 
 290   (0.018) 0.003 0.005 0.001 0.001 0.002 0.096 0.004 0.002 0.097 0.004 0.001 
 304   (0.042) 0.033 0.095 0.580 0.599 0.009 0.006 0.008 0.005 0.006 0.010 0.004 
 298   (0.044) 0.005 0.010 0.073 0.102 0.104 0.086 0.038 0.005 0.024 0.020 0.026 
 294   (0.016) 0.003 0.004 0.001 0.001 0.003 0.003 0.120 0.003 0.003 0.033 0.001 
 302   (0.063) 0.161 0.119 0.007 0.006 0.078 0.014 0.031 0.009 0.019 0.057 0.007 
 286   (0.028) 0.271 0.008 0.002 0.005 0.004 0.240 0.004 0.004 0.011 0.005 0.002 
 308   (0.035) 0.038 0.020 0.154 0.002 0.022 0.005 0.008 0.006 0.070 0.028 0.003 
 313   (0.035) 0.049 0.016 0.002 0.004 0.031 0.005 0.150 0.005 0.064 0.050 0.006 
 307   (0.047) 0.005 0.096 0.004 0.004 0.072 0.007 0.012 0.006 0.013 0.020 0.121 
 321   (0.016) 0.002 0.031 0.001 0.001 0.002 0.002 0.002 0.002 0.005 0.003 0.001 
 315   (0.052) 0.007 0.077 0.004 0.007 0.013 0.008 0.083 0.047 0.092 0.048 0.005 
 318   (0.017) 0.002 0.067 0.001 0.041 0.002 0.004 0.005 0.002 0.002 0.004 0.003 
 324   (0.012) 0.001 0.013 0.001 0.001 0.002 0.002 0.002 0.005 0.002 0.003 0.001 
 326   (0.013) 0.001 0.013 0.001 0.001 0.002 0.002 0.003 0.006 0.002 0.003 0.001 
 311   (0.019) 0.002 0.005 0.002 0.001 0.003 0.003 0.045 0.006 0.004 0.008 0.055 
 310   (0.014) 0.002 0.004 0.001 0.001 0.031 0.002 0.003 0.002 0.003 0.002 0.001 
 305   (0.015) 0.002 0.029 0.001 0.001 0.002 0.002 0.002 0.002 0.019 0.002 0.001 
 317   (0.015) 0.002 0.036 0.001 0.001 0.002 0.002 0.002 0.001 0.002 0.002 0.001 
 320   (0.013) 0.001 0.003 0.001 0.001 0.002 0.012 0.002 0.001 0.011 0.002 0.001 
 322   (0.013) 0.001 0.003 0.001 0.001 0.002 0.024 0.002 0.001 0.022 0.002 0.001 

Locus 13 : 
7 alleles
1.1% missing data
 161   (0.592) 0.062 0.482 0.890 0.391 0.861 0.511 0.624 0.462 0.697 0.679 0.426 
 163   (0.306) 0.030 0.492 0.024 0.465 0.109 0.393 0.337 0.523 0.288 0.230 0.564 
 160   (0.017) 0.449 0.003 0.001 0.001 0.002 0.002 0.005 0.003 0.002 0.004 0.001 
 162   (0.015) 0.454 0.003 0.001 0.001 0.002 0.002 0.003 0.002 0.002 0.002 0.001 
 165   (0.041) 0.004 0.014 0.003 0.139 0.020 0.087 0.023 0.007 0.006 0.074 0.005 
 166   (0.014) 0.001 0.003 0.002 0.001 0.003 0.002 0.005 0.002 0.003 0.008 0.001 
 164   (0.015) 0.001 0.003 0.079 0.001 0.002 0.002 0.002 0.002 0.002 0.002 0.001 

Locus 14 : 
4 alleles
0.4% missing data
  98   (0.957) 0.996 0.966 0.988 0.993 0.991 0.994 0.990 0.994 0.994 0.981 0.996 
 100   (0.013) 0.001 0.015 0.001 0.003 0.002 0.002 0.002 0.002 0.002 0.002 0.001 
  96   (0.017) 0.002 0.004 0.010 0.001 0.005 0.002 0.005 0.002 0.002 0.015 0.001 
 105   (0.013) 0.001 0.014 0.001 0.003 0.002 0.002 0.003 0.002 0.002 0.002 0.001 

Locus 15 : 
12 alleles
2.2% missing data
 171   (0.310) 0.219 0.439 0.167 0.266 0.184 0.304 0.298 0.459 0.384 0.386 0.353 
 177   (0.185) 0.362 0.144 0.053 0.054 0.337 0.126 0.242 0.239 0.175 0.163 0.089 
 173   (0.264) 0.085 0.250 0.055 0.583 0.269 0.470 0.335 0.132 0.244 0.327 0.506 
 179   (0.101) 0.318 0.056 0.596 0.082 0.047 0.048 0.052 0.137 0.129 0.072 0.011 
 183   (0.019) 0.002 0.006 0.008 0.008 0.003 0.009 0.020 0.007 0.005 0.017 0.002 
 181   (0.037) 0.004 0.082 0.116 0.003 0.010 0.007 0.007 0.005 0.015 0.010 0.031 
 197   (0.014) 0.001 0.003 0.001 0.001 0.087 0.002 0.004 0.002 0.002 0.003 0.001 
 170   (0.014) 0.001 0.004 0.001 0.001 0.002 0.002 0.019 0.004 0.007 0.010 0.001 
 189   (0.013) 0.003 0.005 0.001 0.001 0.003 0.008 0.008 0.002 0.016 0.002 0.001 
 203   (0.012) 0.001 0.002 0.001 0.001 0.053 0.002 0.002 0.001 0.001 0.003 0.001 
 187   (0.017) 0.002 0.007 0.001 0.001 0.002 0.010 0.011 0.013 0.010 0.005 0.001 
 198   (0.013) 0.001 0.003 0.001 0.001 0.002 0.012 0.002 0.002 0.012 0.002 0.001 

Values of parameters used in structure:
DATAFILE=STRUCTURE_main_final_278_HEG_ZG.str,	OUTFILE=STRUCTURE_main_final_278_HEG_ZG-K11-11,	NUMINDS=278,	NUMLOCI=15,	MISSING=-9,	LABEL=1,	POPDATA=1,	POPFLAG=0,	PHENOTYPE=0,	EXTRACOLS=0,	MAXPOPS=11,	BURNIN=100000,	NUMREPS=500000,	USEPOPINFO=0,	INFERALPHA=1,	INFERLAMBDA=0,	POPSPECIFICLAMBDA=0,	POPALPHAS=0,	COMPUTEPROB=1,	NOADMIX=0,	ADMBURNIN=2500,	UPDATEFREQ=1,	PRINTLIKES=0,	INTERMEDSAVE=0,	PRINTKLD=0,	PRINTNET=0,	PRINTLAMBDA=0,	ANCESTDIST=0,	NUMBOXES=1000,	ANCESTPINT=0.90000,	GENSBACK=2,	MIGRPRIOR=0.05000,	PRINTQHAT=0,	PRINTQSUM=0,	ALPHA=1.0000,	FREQSCORR=1,	FPRIORMEAN=0.0100,	FPRIORSD=0.0500,	ONEFST=0,	LAMBDA=1.0000,	UNIFPRIORALPHA=1,	ALPHAMAX=10.0000,	ALPHAPRIORA=1.0000,	ALPHAPRIORB=2.0000,	ALPHAPROPSD=0.0250,	STARTATPOPINFO=0,	RANDOMIZE=1,	LINKAGE=0,	METROFREQ=10,	REPORTHITRATE=0,	MARKOVPHASE=-1,	PHASED=0,	PLOIDY=2,	PHASEINFO=0	LOCPRIOR=0, 	LOCPRIORINIT=1.000000, 	LOCDATA=0, 	LOCISPOP=0, 	LOCPRIORSTEP=0.100000, 	MAXLOCPRIOR=20.000000, 	SEED=1782486043,	
[STRAT parameters]:    NUMSIMSTATS=1000,	PHENOTYPECOL=-9,	POOLFREQ=10,	LOCUSxONLY=0,	EMERROR=0.00100,	MISSINGPHENO=-9,	