

----------------------------------------------------
STRUCTURE by Pritchard, Stephens and Donnelly (2000)
     and Falush, Stephens and Pritchard (2003)
       Code by Pritchard, Falush and Hubisz
             Version 2.3.4 (Jul 2012)
----------------------------------------------------



Command line arguments:   structure -K 3 -i STRUCTURE_main_final_278_HEG_ZG.str -o STRUCTURE_main_final_278_HEG_ZG-K3-3 
Input File:    STRUCTURE_main_final_278_HEG_ZG.str

Run parameters:
   278 individuals
   15 loci
   3 populations assumed
   100000 Burn-in period
   500000 Reps


--------------------------------------------
Proportion of membership of each pre-defined
 population in each of the 3 clusters

Given    Inferred Clusters       Number of
 Pop       1      2      3      Individuals

  1:     0.537  0.130  0.333       24
  2:     0.809  0.124  0.067       24
  3:     0.066  0.722  0.212       24
  4:     0.315  0.537  0.148       24
  5:     0.192  0.593  0.215       24
  6:     0.813  0.125  0.062       24
  7:     0.867  0.098  0.035       24
  8:     0.097  0.754  0.149       14
  9:     0.058  0.142  0.801       24
 10:     0.040  0.100  0.860       24
 11:     0.056  0.126  0.819       24
 12:     0.311  0.549  0.140       24
--------------------------------------------

Allele-freq. divergence among pops (Net nucleotide distance),
computed using point estimates of P.

      1       2       3      
 1      -    0.0244  0.0513  
 2   0.0244     -    0.0328  
 3   0.0513  0.0328     -    

Average distances (expected heterozygosity) between individuals in same cluster:
cluster  1  : 0.6365 
cluster  2  : 0.6511 
cluster  3  : 0.6300 

--------------------------------------------
Estimated Ln Prob of Data   = -13373.3
Mean value of ln likelihood = -13038.9
Variance of ln likelihood   = 668.7
Mean value of alpha         = 0.1370

Mean value of Fst_1         = 0.0676
Mean value of Fst_2         = 0.0295
Mean value of Fst_3         = 0.0872


Inferred ancestry of individuals:
        Label (%Miss) Pop:  Inferred clusters
  1 24.0601.E1    (0)    1 :  0.955 0.023 0.023 
  2 24.0602.E1    (0)    1 :  0.633 0.101 0.266 
  3 24.0603.E1    (0)    1 :  0.891 0.072 0.037 
  4 24.0604.E1    (0)    1 :  0.193 0.507 0.300 
  5 24.0605.E1    (0)    1 :  0.836 0.027 0.137 
  6 24.0606.E1    (0)    1 :  0.640 0.090 0.271 
  7 24.0607.E1    (0)    1 :  0.551 0.044 0.405 
  8 24.0608.E1    (0)    1 :  0.479 0.042 0.479 
  9 24.0609.E1    (0)    1 :  0.041 0.284 0.675 
 10 24.0610.E1    (0)    1 :  0.173 0.166 0.660 
 11 24.0611.E1    (0)    1 :  0.600 0.051 0.349 
 12 24.0612.E1    (0)    1 :  0.954 0.023 0.023 
 13 24.0613.E1    (0)    1 :  0.463 0.072 0.464 
 14 24.0614.E1    (0)    1 :  0.579 0.022 0.398 
 15 24.0615.E1    (0)    1 :  0.447 0.027 0.526 
 16 24.0616.E1    (0)    1 :  0.775 0.025 0.200 
 17 24.0617.E1    (0)    1 :  0.190 0.026 0.784 
 18 24.0618.E1    (0)    1 :  0.227 0.095 0.678 
 19 24.0619.E1    (0)    1 :  0.177 0.673 0.151 
 20 24.0620.E1   (20)    1 :  0.729 0.115 0.156 
 21 24.0621.E1    (0)    1 :  0.027 0.501 0.472 
 22 24.0622.E1    (0)    1 :  0.897 0.057 0.045 
 23 24.0623.E1    (0)    1 :  0.688 0.059 0.253 
 24 24.0624.E1    (0)    1 :  0.738 0.027 0.235 
 25 24.0625.E1    (0)    2 :  0.878 0.082 0.039 
 26 24.0626.E1    (0)    2 :  0.954 0.025 0.021 
 27 24.0627.E1    (0)    2 :  0.451 0.534 0.015 
 28 24.0628.E1    (0)    2 :  0.683 0.243 0.074 
 29 24.0629.E1    (0)    2 :  0.911 0.047 0.042 
 30 24.0630.E1    (0)    2 :  0.920 0.055 0.024 
 31 24.0631.E1    (0)    2 :  0.964 0.018 0.018 
 32 24.0632.E1    (0)    2 :  0.942 0.027 0.031 
 33 24.0633.E1    (0)    2 :  0.698 0.225 0.077 
 34 24.0634.E1    (0)    2 :  0.899 0.036 0.065 
 35 24.0635.E1    (0)    2 :  0.575 0.329 0.095 
 36 24.0636.E1   (33)    2 :  0.909 0.070 0.020 
 37 24.0637.E1    (0)    2 :  0.966 0.020 0.014 
 38 24.0638.E1    (0)    2 :  0.666 0.298 0.037 
 39 24.0639.E1    (0)    2 :  0.936 0.018 0.046 
 40 24.0640.E1    (0)    2 :  0.918 0.023 0.059 
 41 24.0641.E1    (0)    2 :  0.534 0.247 0.219 
 42 24.0642.E1    (0)    2 :  0.813 0.170 0.016 
 43 24.0643.E1    (0)    2 :  0.664 0.312 0.024 
 44 24.0644.E1    (0)    2 :  0.692 0.054 0.254 
 45 24.0645.E1    (0)    2 :  0.824 0.048 0.128 
 46 24.0646.E1    (0)    2 :  0.689 0.053 0.258 
 47 24.0647.E1    (0)    2 :  0.966 0.020 0.014 
 48 24.0648.E1    (0)    2 :  0.966 0.020 0.014 
 49 24.0649.E1    (0)    3 :  0.016 0.868 0.116 
 50 24.0650.E1    (0)    3 :  0.018 0.697 0.286 
 51 24.0651.E1    (0)    3 :  0.344 0.236 0.420 
 52 24.0652.E1    (0)    3 :  0.017 0.899 0.084 
 53 24.0653.E1    (0)    3 :  0.014 0.947 0.039 
 54 24.0654.E1    (0)    3 :  0.019 0.782 0.199 
 55 24.0655.E1    (0)    3 :  0.211 0.288 0.501 
 56 24.0656.E1    (0)    3 :  0.033 0.892 0.075 
 57 24.0657.E1    (0)    3 :  0.029 0.904 0.066 
 58 24.0658.E1    (0)    3 :  0.039 0.802 0.159 
 59 24.0659.E1    (0)    3 :  0.023 0.889 0.088 
 60 24.0660.E1    (6)    3 :  0.061 0.900 0.039 
 61 24.0661.E1    (0)    3 :  0.093 0.524 0.382 
 62 24.0662.E1    (0)    3 :  0.291 0.274 0.435 
 63 24.0663.E1    (0)    3 :  0.018 0.085 0.897 
 64 24.0664.E1    (0)    3 :  0.035 0.844 0.121 
 65 24.0665.E1    (0)    3 :  0.086 0.835 0.080 
 66 24.0666.E1    (0)    3 :  0.016 0.960 0.024 
 67 24.0667.E1    (0)    3 :  0.016 0.965 0.019 
 68 24.0668.E1    (0)    3 :  0.013 0.968 0.019 
 69 24.0669.E1    (0)    3 :  0.015 0.962 0.022 
 70 24.0670.E1    (0)    3 :  0.045 0.344 0.610 
 71 24.0671.E1    (0)    3 :  0.096 0.517 0.387 
 72 24.0672.E1    (0)    3 :  0.023 0.951 0.026 
 73 24.0673.E1    (6)    4 :  0.815 0.102 0.083 
 74 24.0674.E1    (0)    4 :  0.904 0.068 0.028 
 75 24.0675.E1    (0)    4 :  0.238 0.395 0.367 
 76 24.0676.E1    (0)    4 :  0.072 0.260 0.668 
 77 24.0677.E1    (0)    4 :  0.045 0.056 0.899 
 78 24.0678.E1    (0)    4 :  0.685 0.240 0.075 
 79 24.0679.E1    (0)    4 :  0.055 0.882 0.063 
 80 24.0680.E1    (0)    4 :  0.034 0.947 0.019 
 81 24.0681.E1    (0)    4 :  0.067 0.911 0.022 
 82 24.0682.E1    (0)    4 :  0.105 0.867 0.028 
 83 24.0683.E1    (0)    4 :  0.890 0.076 0.033 
 84 24.0684.E1    (0)    4 :  0.923 0.050 0.027 
 85 24.0685.E1    (0)    4 :  0.151 0.823 0.026 
 86 24.0686.E1    (0)    4 :  0.434 0.426 0.140 
 87 24.0687.E1    (0)    4 :  0.742 0.186 0.071 
 88 24.0688.E1    (0)    4 :  0.058 0.924 0.018 
 89 24.0689.E1    (0)    4 :  0.245 0.140 0.615 
 90 24.0690.E1    (0)    4 :  0.080 0.892 0.028 
 91 24.0691.E1    (0)    4 :  0.304 0.617 0.079 
 92 24.0692.E1    (0)    4 :  0.044 0.914 0.041 
 93 24.0693.E1    (0)    4 :  0.347 0.537 0.116 
 94 24.0694.E1    (0)    4 :  0.051 0.932 0.018 
 95 24.0695.E1    (0)    4 :  0.063 0.880 0.056 
 96 24.0696.E1    (0)    4 :  0.213 0.753 0.034 
 97 24.0697.E1    (0)    5 :  0.343 0.563 0.094 
 98 24.0698.E1    (0)    5 :  0.494 0.116 0.390 
 99 24.0699.E1    (0)    5 :  0.144 0.165 0.690 
100 24.0700.E1    (0)    5 :  0.023 0.950 0.027 
101 24.0701.E1    (0)    5 :  0.086 0.845 0.069 
102 24.0702.E1    (0)    5 :  0.083 0.885 0.032 
103 24.0703.E1    (0)    5 :  0.176 0.184 0.640 
104 24.0704.E1    (6)    5 :  0.118 0.144 0.738 
105 24.0705.E1    (0)    5 :  0.057 0.924 0.019 
106 24.0706.E1    (0)    5 :  0.023 0.954 0.023 
107 24.0707.E1    (0)    5 :  0.207 0.764 0.029 
108 24.0708.E1    (0)    5 :  0.505 0.050 0.445 
109 24.0709.E1    (0)    5 :  0.031 0.730 0.239 
110 24.0710.E1    (0)    5 :  0.394 0.176 0.430 
111 24.0711.E1    (0)    5 :  0.321 0.579 0.100 
112 24.0712.E1    (0)    5 :  0.079 0.895 0.026 
113 24.0713.E1    (0)    5 :  0.029 0.903 0.069 
114 24.0714.E1    (0)    5 :  0.110 0.603 0.287 
115 24.0715.E1    (0)    5 :  0.773 0.176 0.052 
116 24.0716.E1    (0)    5 :  0.174 0.459 0.367 
117 24.0717.E1    (0)    5 :  0.314 0.397 0.289 
118 24.0718.E1    (0)    5 :  0.041 0.943 0.016 
119 24.0719.E1    (0)    5 :  0.042 0.914 0.044 
120 24.0720.E1    (0)    5 :  0.029 0.921 0.050 
121 24.0721.E1    (0)    6 :  0.789 0.140 0.071 
122 24.0722.E1    (0)    6 :  0.911 0.051 0.038 
123 24.0723.E1    (0)    6 :  0.779 0.038 0.183 
124 24.0724.E1    (0)    6 :  0.841 0.044 0.115 
125 24.0725.E1    (0)    6 :  0.843 0.108 0.048 
126 24.0726.E1    (6)    6 :  0.745 0.225 0.030 
127 24.0727.E1    (0)    6 :  0.899 0.049 0.052 
128 24.0728.E1    (0)    6 :  0.901 0.042 0.057 
129 24.0729.E1    (0)    6 :  0.734 0.199 0.067 
130 24.0730.E1    (0)    6 :  0.582 0.182 0.236 
131 24.0731.E1    (0)    6 :  0.562 0.412 0.026 
132 24.0732.E1    (0)    6 :  0.945 0.044 0.011 
133 24.0733.E1    (0)    6 :  0.960 0.024 0.017 
134 24.0734.E1    (0)    6 :  0.951 0.030 0.019 
135 24.0735.E1    (0)    6 :  0.933 0.033 0.034 
136 24.0736.E1    (0)    6 :  0.960 0.019 0.021 
137 24.0737.E1    (0)    6 :  0.843 0.093 0.065 
138 24.0738.E1    (0)    6 :  0.903 0.057 0.040 
139 24.0739.E1    (0)    6 :  0.805 0.157 0.038 
140 24.0740.E1    (0)    6 :  0.616 0.283 0.100 
141 24.0741.E1    (0)    6 :  0.936 0.041 0.023 
142 24.0742.E1    (0)    6 :  0.964 0.019 0.016 
143 24.0743.E1    (0)    6 :  0.722 0.139 0.138 
144 24.0744.E1    (0)    6 :  0.385 0.565 0.050 
145 24.0745.E1    (0)    7 :  0.830 0.118 0.052 
146 24.0746.E1    (0)    7 :  0.868 0.082 0.050 
147 24.0747.E1    (0)    7 :  0.737 0.222 0.041 
148 24.0748.E1    (6)    7 :  0.593 0.339 0.068 
149 24.0749.E1    (0)    7 :  0.965 0.018 0.017 
150 24.0750.E1    (0)    7 :  0.651 0.255 0.093 
151 24.0751.E1    (0)    7 :  0.968 0.017 0.016 
152 24.0752.E1    (0)    7 :  0.971 0.014 0.015 
153 24.0753.E1    (0)    7 :  0.967 0.018 0.015 
154 24.0754.E1    (0)    7 :  0.954 0.026 0.020 
155 24.0755.E1    (0)    7 :  0.827 0.099 0.074 
156 24.0756.E1    (0)    7 :  0.950 0.017 0.033 
157 24.0757.E1    (0)    7 :  0.972 0.016 0.012 
158 24.0758.E1    (0)    7 :  0.970 0.017 0.012 
159 24.0759.E1    (0)    7 :  0.953 0.027 0.019 
160 24.0760.E1    (0)    7 :  0.945 0.035 0.019 
161 24.0761.E1    (0)    7 :  0.971 0.015 0.014 
162 24.0762.E1    (0)    7 :  0.169 0.762 0.069 
163 24.0763.E1    (0)    7 :  0.964 0.019 0.017 
164 24.0764.E1    (0)    7 :  0.972 0.015 0.012 
165 24.0765.E1    (0)    7 :  0.964 0.017 0.019 
166 24.0766.E1    (0)    7 :  0.967 0.017 0.016 
167 24.0767.E1    (0)    7 :  0.970 0.016 0.014 
168 24.0768.E1    (0)    7 :  0.704 0.182 0.114 
169 24.0779.E1    (0)    8 :  0.188 0.722 0.091 
170 24.0780.E1    (6)    8 :  0.017 0.689 0.294 
171 24.0781.E1    (0)    8 :  0.017 0.951 0.032 
172 24.0782.E1    (0)    8 :  0.654 0.238 0.108 
173 24.0783.E1    (0)    8 :  0.019 0.850 0.131 
174 24.0784.E1    (0)    8 :  0.027 0.805 0.168 
175 24.0785.E1    (0)    8 :  0.018 0.548 0.435 
176 24.0786.E1    (0)    8 :  0.040 0.837 0.123 
177 24.0787.E1    (0)    8 :  0.083 0.880 0.037 
178 24.0788.E1    (0)    8 :  0.028 0.900 0.071 
179 24.0789.E1    (0)    8 :  0.202 0.316 0.483 
180 24.0790.E1    (0)    8 :  0.013 0.936 0.050 
181 24.0791.E1    (0)    8 :  0.018 0.959 0.022 
182 24.0792.E1    (0)    8 :  0.027 0.929 0.045 
183 24.0793.E1    (0)    9 :  0.030 0.019 0.951 
184 24.0794.E1    (0)    9 :  0.113 0.279 0.608 
185 24.0795.E1    (0)    9 :  0.494 0.038 0.468 
186 24.0796.E1    (0)    9 :  0.018 0.142 0.840 
187 24.0797.E1    (0)    9 :  0.016 0.032 0.952 
188 24.0798.E1    (0)    9 :  0.080 0.457 0.463 
189 24.0799.E1    (0)    9 :  0.026 0.032 0.941 
190 24.0800.E1    (0)    9 :  0.023 0.058 0.919 
191 24.0801.E1    (0)    9 :  0.019 0.559 0.422 
192 24.0802.E1    (0)    9 :  0.032 0.036 0.932 
193 24.0803.E1    (0)    9 :  0.035 0.035 0.930 
194 24.0804.E1    (0)    9 :  0.018 0.015 0.968 
195 24.0805.E1    (0)    9 :  0.033 0.449 0.518 
196 24.0806.E1    (0)    9 :  0.106 0.025 0.869 
197 24.0807.E1    (0)    9 :  0.019 0.033 0.947 
198 24.0808.E1    (0)    9 :  0.035 0.445 0.520 
199 24.0809.E1    (0)    9 :  0.054 0.222 0.724 
200 24.0810.E1    (0)    9 :  0.052 0.058 0.890 
201 24.0811.E1    (0)    9 :  0.031 0.025 0.944 
202 24.0812.E1    (0)    9 :  0.027 0.057 0.915 
203 24.0813.E1    (0)    9 :  0.040 0.204 0.755 
204 24.0814.E1    (6)    9 :  0.017 0.029 0.954 
205 24.0815.E1    (0)    9 :  0.040 0.121 0.839 
206 24.0816.E1    (0)    9 :  0.024 0.026 0.951 
207 24.0817.E1    (0)   10 :  0.018 0.024 0.958 
208 24.0818.E1    (0)   10 :  0.070 0.039 0.892 
209 24.0819.E1    (0)   10 :  0.112 0.167 0.722 
210 24.0820.E1    (0)   10 :  0.141 0.030 0.829 
211 24.0821.E1    (0)   10 :  0.023 0.625 0.353 
212 24.0822.E1    (0)   10 :  0.027 0.036 0.937 
213 24.0823.E1    (0)   10 :  0.051 0.032 0.917 
214 24.0824.E1    (0)   10 :  0.036 0.541 0.423 
215 24.0825.E1    (0)   10 :  0.021 0.029 0.950 
216 24.0826.E1    (0)   10 :  0.069 0.036 0.895 
217 24.0827.E1    (0)   10 :  0.029 0.033 0.938 
218 24.0828.E1    (0)   10 :  0.039 0.058 0.904 
219 24.0829.E1    (0)   10 :  0.021 0.023 0.956 
220 24.0830.E1    (0)   10 :  0.013 0.121 0.866 
221 24.0831.E1    (0)   10 :  0.012 0.261 0.727 
222 24.0832.E1    (0)   10 :  0.014 0.022 0.963 
223 24.0833.E1    (0)   10 :  0.014 0.026 0.960 
224 24.0834.E1    (0)   10 :  0.021 0.030 0.949 
225 24.0835.E1    (0)   10 :  0.016 0.025 0.959 
226 24.0836.E1    (0)   10 :  0.025 0.054 0.921 
227 24.0837.E1    (0)   10 :  0.018 0.046 0.936 
228 24.0838.E1    (0)   10 :  0.027 0.053 0.920 
229 24.0839.E1    (0)   10 :  0.123 0.064 0.813 
230 24.0840.E1    (0)   10 :  0.030 0.018 0.953 
231 24.0841.E1    (0)   11 :  0.036 0.022 0.942 
232 24.0842.E1    (0)   11 :  0.021 0.113 0.865 
233 24.0843.E1    (0)   11 :  0.021 0.180 0.798 
234 24.0844.E1    (0)   11 :  0.021 0.335 0.644 
235 24.0845.E1    (0)   11 :  0.015 0.078 0.907 
236 24.0846.E1    (0)   11 :  0.020 0.032 0.948 
237 24.0847.E1    (0)   11 :  0.057 0.071 0.873 
238 24.0848.E1    (0)   11 :  0.013 0.045 0.943 
239 24.0849.E1    (0)   11 :  0.021 0.019 0.961 
240 24.0850.E1    (0)   11 :  0.020 0.018 0.961 
241 24.0851.E1    (0)   11 :  0.020 0.019 0.961 
242 24.0852.E1    (0)   11 :  0.032 0.064 0.904 
243 24.0853.E1    (0)   11 :  0.020 0.020 0.960 
244 24.0854.E1    (0)   11 :  0.019 0.828 0.153 
245 24.0855.E1    (0)   11 :  0.017 0.019 0.964 
246 24.0856.E1    (0)   11 :  0.608 0.091 0.301 
247 24.0857.E1    (0)   11 :  0.027 0.031 0.942 
248 24.0858.E1    (0)   11 :  0.026 0.041 0.933 
249 24.0859.E1    (0)   11 :  0.054 0.023 0.922 
250 24.0860.E1    (0)   11 :  0.075 0.023 0.902 
251 24.0861.E1    (0)   11 :  0.021 0.019 0.960 
252 24.0862.E1    (0)   11 :  0.117 0.033 0.850 
253 24.0863.E1    (0)   11 :  0.021 0.019 0.960 
254 24.0864.E1    (0)   11 :  0.037 0.872 0.091 
255 24.0865.E1    (0)   12 :  0.341 0.379 0.280 
256 24.0866.E1    (0)   12 :  0.078 0.153 0.769 
257 24.0867.E1    (0)   12 :  0.314 0.343 0.343 
258 24.0868.E1    (0)   12 :  0.046 0.880 0.074 
259 24.0869.E1    (0)   12 :  0.039 0.807 0.155 
260 24.0870.E1    (0)   12 :  0.215 0.719 0.066 
261 24.0871.E1    (0)   12 :  0.083 0.797 0.120 
262 24.0872.E1    (0)   12 :  0.097 0.798 0.105 
263 24.0873.E1    (0)   12 :  0.041 0.865 0.095 
264 24.0874.E1    (0)   12 :  0.140 0.236 0.624 
265 24.0875.E1    (0)   12 :  0.025 0.943 0.032 
266 24.0876.E1    (0)   12 :  0.080 0.904 0.016 
267 24.0877.E1    (0)   12 :  0.909 0.049 0.042 
268 24.0878.E1    (0)   12 :  0.353 0.501 0.146 
269 24.0879.E1    (0)   12 :  0.413 0.569 0.018 
270 24.0880.E1    (0)   12 :  0.036 0.710 0.253 
271 24.0881.E1    (0)   12 :  0.936 0.023 0.041 
272 24.0882.E1    (0)   12 :  0.960 0.022 0.017 
273 24.0883.E1    (0)   12 :  0.393 0.583 0.023 
274 24.0884.E1    (0)   12 :  0.809 0.149 0.043 
275 24.0885.E1    (0)   12 :  0.076 0.902 0.022 
276 24.0886.E1    (0)   12 :  0.284 0.681 0.035 
277 24.0887.E1    (0)   12 :  0.787 0.198 0.015 
278 24.0888.E1    (0)   12 :  0.019 0.951 0.030 


Estimated Allele Frequencies in each cluster
First column gives estimated ancestral frequencies


Locus 1 : 
31 alleles
0.0% missing data
 115   (0.048) 0.064 0.052 0.012 
 117   (0.042) 0.158 0.027 0.011 
 119   (0.028) 0.284 0.009 0.003 
 131   (0.023) 0.017 0.011 0.003 
 128   (0.033) 0.005 0.041 0.023 
 135   (0.023) 0.017 0.009 0.009 
 126   (0.067) 0.046 0.066 0.147 
 122   (0.034) 0.027 0.012 0.051 
 132   (0.031) 0.006 0.023 0.025 
 141   (0.012) 0.004 0.002 0.002 
 130   (0.048) 0.014 0.087 0.018 
 134   (0.042) 0.030 0.024 0.037 
 145   (0.028) 0.011 0.027 0.003 
 127   (0.018) 0.075 0.005 0.001 
 116   (0.111) 0.062 0.195 0.167 
 114   (0.044) 0.018 0.027 0.145 
 120   (0.039) 0.028 0.054 0.005 
 110   (0.048) 0.031 0.036 0.039 
 133   (0.014) 0.009 0.003 0.001 
 118   (0.095) 0.019 0.214 0.248 
 125   (0.015) 0.002 0.004 0.009 
 129   (0.023) 0.021 0.012 0.001 
 124   (0.017) 0.004 0.014 0.001 
 136   (0.025) 0.002 0.020 0.025 
 121   (0.015) 0.024 0.003 0.001 
 139   (0.013) 0.004 0.003 0.001 
 113   (0.012) 0.005 0.002 0.001 
 111   (0.012) 0.005 0.002 0.001 
 143   (0.013) 0.005 0.002 0.001 
 140   (0.016) 0.001 0.009 0.004 
 112   (0.012) 0.001 0.002 0.005 

Locus 2 : 
18 alleles
0.0% missing data
 152   (0.357) 0.601 0.384 0.393 
 148   (0.065) 0.140 0.069 0.006 
 154   (0.110) 0.103 0.096 0.127 
 156   (0.017) 0.005 0.004 0.005 
 150   (0.019) 0.032 0.004 0.001 
 164   (0.073) 0.047 0.056 0.081 
 158   (0.039) 0.018 0.034 0.007 
 160   (0.021) 0.008 0.011 0.002 
 166   (0.022) 0.003 0.010 0.013 
 151   (0.086) 0.006 0.157 0.227 
 147   (0.064) 0.005 0.101 0.114 
 168   (0.022) 0.002 0.020 0.004 
 153   (0.018) 0.002 0.010 0.003 
 149   (0.023) 0.004 0.020 0.001 
 162   (0.019) 0.002 0.007 0.012 
 167   (0.015) 0.010 0.003 0.001 
 146   (0.015) 0.010 0.003 0.001 
 172   (0.016) 0.001 0.012 0.001 

Locus 3 : 
4 alleles
0.0% missing data
 128   (0.299) 0.310 0.287 0.320 
 126   (0.603) 0.650 0.642 0.605 
 132   (0.080) 0.036 0.061 0.074 
 134   (0.019) 0.003 0.010 0.001 

Locus 4 : 
3 alleles
0.0% missing data
 170   (0.296) 0.321 0.257 0.340 
 172   (0.689) 0.675 0.739 0.659 
 171   (0.015) 0.004 0.004 0.001 

Locus 5 : 
37 alleles
0.0% missing data
 125   (0.047) 0.061 0.045 0.058 
 110   (0.030) 0.015 0.018 0.060 
 129   (0.037) 0.013 0.039 0.052 
 113   (0.037) 0.009 0.046 0.049 
 145   (0.053) 0.128 0.094 0.011 
 155   (0.042) 0.103 0.027 0.063 
 117   (0.033) 0.035 0.040 0.005 
 124   (0.013) 0.008 0.003 0.003 
 133   (0.033) 0.039 0.047 0.005 
 157   (0.051) 0.023 0.083 0.055 
 141   (0.017) 0.002 0.020 0.002 
 112   (0.054) 0.135 0.037 0.122 
 121   (0.018) 0.004 0.007 0.030 
 114   (0.045) 0.095 0.032 0.041 
 153   (0.052) 0.018 0.092 0.094 
 127   (0.065) 0.073 0.093 0.097 
 131   (0.054) 0.128 0.050 0.060 
 135   (0.029) 0.004 0.034 0.040 
 104   (0.011) 0.003 0.004 0.001 
 118   (0.018) 0.007 0.016 0.001 
 116   (0.029) 0.011 0.022 0.019 
 137   (0.026) 0.032 0.011 0.018 
 123   (0.019) 0.004 0.006 0.046 
 149   (0.011) 0.001 0.006 0.001 
 138   (0.016) 0.001 0.026 0.001 
 143   (0.026) 0.024 0.009 0.034 
 163   (0.011) 0.004 0.003 0.001 
 109   (0.013) 0.001 0.012 0.001 
 139   (0.011) 0.001 0.006 0.001 
 106   (0.011) 0.001 0.006 0.001 
 144   (0.016) 0.001 0.019 0.003 
 122   (0.012) 0.009 0.003 0.001 
 100   (0.018) 0.001 0.012 0.017 
 111   (0.013) 0.001 0.016 0.001 
 233   (0.010) 0.001 0.005 0.002 
 134   (0.010) 0.001 0.004 0.004 
 140   (0.011) 0.001 0.006 0.001 

Locus 6 : 
17 alleles
0.0% missing data
 221   (0.021) 0.085 0.004 0.002 
 232   (0.230) 0.274 0.279 0.383 
 229   (0.047) 0.070 0.020 0.045 
 223   (0.057) 0.032 0.042 0.071 
 230   (0.151) 0.201 0.187 0.115 
 235   (0.019) 0.027 0.004 0.003 
 236   (0.036) 0.042 0.032 0.003 
 227   (0.025) 0.026 0.011 0.002 
 220   (0.060) 0.037 0.044 0.075 
 222   (0.060) 0.052 0.039 0.058 
 234   (0.126) 0.109 0.169 0.108 
 224   (0.036) 0.003 0.035 0.031 
 228   (0.053) 0.006 0.085 0.067 
 225   (0.013) 0.003 0.002 0.003 
 226   (0.016) 0.002 0.003 0.031 
 233   (0.030) 0.028 0.021 0.002 
 231   (0.019) 0.003 0.021 0.001 

Locus 7 : 
10 alleles
0.0% missing data
 121   (0.676) 0.804 0.790 0.770 
 129   (0.083) 0.067 0.052 0.108 
 130   (0.017) 0.003 0.003 0.009 
 123   (0.098) 0.078 0.079 0.097 
 128   (0.019) 0.018 0.005 0.001 
 131   (0.017) 0.007 0.005 0.002 
 117   (0.014) 0.001 0.007 0.001 
 125   (0.016) 0.001 0.012 0.001 
 134   (0.043) 0.014 0.042 0.009 
 132   (0.016) 0.007 0.006 0.001 

Locus 8 : 
19 alleles
0.0% missing data
 184   (0.291) 0.440 0.403 0.374 
 194   (0.045) 0.036 0.045 0.008 
 178   (0.086) 0.125 0.058 0.178 
 176   (0.085) 0.096 0.102 0.042 
 182   (0.074) 0.090 0.055 0.097 
 190   (0.027) 0.033 0.005 0.018 
 196   (0.024) 0.002 0.013 0.028 
 200   (0.030) 0.019 0.017 0.006 
 180   (0.030) 0.023 0.020 0.003 
 188   (0.044) 0.011 0.048 0.021 
 174   (0.039) 0.027 0.046 0.004 
 186   (0.116) 0.078 0.143 0.172 
 192   (0.028) 0.010 0.009 0.029 
 201   (0.013) 0.003 0.004 0.001 
 199   (0.020) 0.001 0.010 0.009 
 185   (0.013) 0.001 0.007 0.001 
 203   (0.012) 0.001 0.006 0.002 
 198   (0.012) 0.001 0.005 0.002 
 209   (0.012) 0.001 0.004 0.003 

Locus 9 : 
6 alleles
0.4% missing data
 154   (0.679) 0.719 0.736 0.776 
 156   (0.207) 0.232 0.214 0.138 
 152   (0.053) 0.022 0.026 0.072 
 153   (0.017) 0.003 0.006 0.006 
 160   (0.017) 0.002 0.006 0.008 
 164   (0.028) 0.022 0.012 0.002 

Locus 10 : 
29 alleles
0.7% missing data
 305   (0.052) 0.127 0.029 0.035 
 313   (0.052) 0.054 0.036 0.027 
 311   (0.016) 0.005 0.007 0.002 
 299   (0.055) 0.136 0.019 0.216 
 315   (0.062) 0.089 0.074 0.012 
 287   (0.053) 0.010 0.150 0.016 
 291   (0.100) 0.040 0.142 0.259 
 295   (0.039) 0.025 0.067 0.003 
 289   (0.020) 0.003 0.006 0.044 
 303   (0.086) 0.194 0.064 0.112 
 297   (0.032) 0.073 0.006 0.051 
 293   (0.025) 0.004 0.041 0.005 
 301   (0.048) 0.060 0.062 0.005 
 285   (0.034) 0.053 0.008 0.071 
 307   (0.052) 0.092 0.029 0.040 
 312   (0.052) 0.011 0.081 0.039 
 306   (0.023) 0.002 0.039 0.003 
 320   (0.014) 0.001 0.011 0.001 
 317   (0.026) 0.005 0.031 0.004 
 314   (0.021) 0.005 0.023 0.001 
 323   (0.013) 0.001 0.007 0.001 
 325   (0.013) 0.001 0.007 0.001 
 310   (0.020) 0.002 0.015 0.009 
 309   (0.015) 0.001 0.011 0.001 
 316   (0.019) 0.001 0.014 0.004 
 296   (0.013) 0.001 0.007 0.001 
 304   (0.014) 0.001 0.002 0.022 
 321   (0.014) 0.001 0.005 0.008 
 332   (0.015) 0.001 0.006 0.007 

Locus 11 : 
19 alleles
0.0% missing data
 114   (0.139) 0.255 0.165 0.022 
 126   (0.019) 0.029 0.003 0.001 
 111   (0.050) 0.016 0.017 0.563 
 116   (0.105) 0.164 0.084 0.034 
 132   (0.015) 0.005 0.003 0.001 
 109   (0.022) 0.014 0.005 0.007 
 128   (0.020) 0.002 0.009 0.004 
 112   (0.339) 0.469 0.512 0.070 
 122   (0.019) 0.004 0.009 0.002 
 124   (0.014) 0.005 0.003 0.001 
 118   (0.054) 0.019 0.039 0.036 
 127   (0.015) 0.001 0.007 0.001 
 113   (0.054) 0.004 0.047 0.206 
 115   (0.032) 0.004 0.049 0.004 
 120   (0.027) 0.002 0.013 0.023 
 117   (0.023) 0.003 0.008 0.011 
 125   (0.020) 0.001 0.017 0.002 
 119   (0.016) 0.001 0.004 0.010 
 136   (0.015) 0.002 0.006 0.001 

Locus 12 : 
28 alleles
0.7% missing data
 306   (0.051) 0.118 0.019 0.056 
 314   (0.051) 0.051 0.026 0.057 
 312   (0.014) 0.010 0.003 0.001 
 300   (0.063) 0.143 0.021 0.213 
 316   (0.027) 0.082 0.006 0.009 
 288   (0.056) 0.010 0.146 0.016 
 292   (0.111) 0.042 0.144 0.261 
 296   (0.042) 0.025 0.072 0.004 
 290   (0.022) 0.003 0.006 0.043 
 304   (0.095) 0.197 0.066 0.111 
 298   (0.035) 0.073 0.007 0.050 
 294   (0.026) 0.004 0.041 0.005 
 302   (0.052) 0.061 0.063 0.006 
 286   (0.038) 0.053 0.009 0.076 
 308   (0.024) 0.089 0.009 0.002 
 313   (0.041) 0.011 0.090 0.004 
 307   (0.044) 0.006 0.057 0.044 
 321   (0.015) 0.001 0.011 0.001 
 315   (0.037) 0.008 0.093 0.003 
 318   (0.024) 0.002 0.025 0.008 
 324   (0.013) 0.001 0.007 0.001 
 326   (0.013) 0.001 0.007 0.001 
 311   (0.027) 0.002 0.026 0.013 
 310   (0.015) 0.001 0.011 0.001 
 305   (0.019) 0.003 0.013 0.004 
 317   (0.015) 0.001 0.012 0.001 
 320   (0.013) 0.001 0.005 0.003 
 322   (0.015) 0.001 0.005 0.008 

Locus 13 : 
7 alleles
1.1% missing data
 161   (0.576) 0.619 0.611 0.465 
 163   (0.287) 0.105 0.346 0.474 
 160   (0.029) 0.108 0.009 0.002 
 162   (0.024) 0.111 0.005 0.002 
 165   (0.051) 0.028 0.022 0.055 
 166   (0.015) 0.004 0.004 0.001 
 164   (0.018) 0.025 0.003 0.001 

Locus 14 : 
4 alleles
0.4% missing data
  98   (0.953) 0.988 0.982 0.997 
 100   (0.015) 0.001 0.007 0.001 
  96   (0.017) 0.010 0.004 0.001 
 105   (0.015) 0.001 0.007 0.001 

Locus 15 : 
12 alleles
2.2% missing data
 171   (0.291) 0.284 0.336 0.317 
 177   (0.182) 0.168 0.221 0.128 
 173   (0.253) 0.162 0.290 0.465 
 179   (0.094) 0.305 0.050 0.055 
 183   (0.021) 0.014 0.005 0.007 
 181   (0.050) 0.043 0.028 0.017 
 197   (0.028) 0.012 0.017 0.003 
 170   (0.016) 0.001 0.012 0.001 
 189   (0.017) 0.007 0.006 0.002 
 203   (0.018) 0.001 0.017 0.001 
 187   (0.017) 0.001 0.012 0.002 
 198   (0.014) 0.001 0.005 0.003 

Values of parameters used in structure:
DATAFILE=STRUCTURE_main_final_278_HEG_ZG.str,	OUTFILE=STRUCTURE_main_final_278_HEG_ZG-K3-3,	NUMINDS=278,	NUMLOCI=15,	MISSING=-9,	LABEL=1,	POPDATA=1,	POPFLAG=0,	PHENOTYPE=0,	EXTRACOLS=0,	MAXPOPS=3,	BURNIN=100000,	NUMREPS=500000,	USEPOPINFO=0,	INFERALPHA=1,	INFERLAMBDA=0,	POPSPECIFICLAMBDA=0,	POPALPHAS=0,	COMPUTEPROB=1,	NOADMIX=0,	ADMBURNIN=2500,	UPDATEFREQ=1,	PRINTLIKES=0,	INTERMEDSAVE=0,	PRINTKLD=0,	PRINTNET=0,	PRINTLAMBDA=0,	ANCESTDIST=0,	NUMBOXES=1000,	ANCESTPINT=0.90000,	GENSBACK=2,	MIGRPRIOR=0.05000,	PRINTQHAT=0,	PRINTQSUM=0,	ALPHA=1.0000,	FREQSCORR=1,	FPRIORMEAN=0.0100,	FPRIORSD=0.0500,	ONEFST=0,	LAMBDA=1.0000,	UNIFPRIORALPHA=1,	ALPHAMAX=10.0000,	ALPHAPRIORA=1.0000,	ALPHAPRIORB=2.0000,	ALPHAPROPSD=0.0250,	STARTATPOPINFO=0,	RANDOMIZE=1,	LINKAGE=0,	METROFREQ=10,	REPORTHITRATE=0,	MARKOVPHASE=-1,	PHASED=0,	PLOIDY=2,	PHASEINFO=0	LOCPRIOR=0, 	LOCPRIORINIT=1.000000, 	LOCDATA=0, 	LOCISPOP=0, 	LOCPRIORSTEP=0.100000, 	MAXLOCPRIOR=20.000000, 	SEED=1782479785,	
[STRAT parameters]:    NUMSIMSTATS=1000,	PHENOTYPECOL=-9,	POOLFREQ=10,	LOCUSxONLY=0,	EMERROR=0.00100,	MISSINGPHENO=-9,	