

----------------------------------------------------
STRUCTURE by Pritchard, Stephens and Donnelly (2000)
     and Falush, Stephens and Pritchard (2003)
       Code by Pritchard, Falush and Hubisz
             Version 2.3.4 (Jul 2012)
----------------------------------------------------



Command line arguments:   structure -K 6 -i STRUCTURE_main_final_278_HEG_ZG.str -o STRUCTURE_main_final_278_HEG_ZG-K6-20 
Input File:    STRUCTURE_main_final_278_HEG_ZG.str

Run parameters:
   278 individuals
   15 loci
   6 populations assumed
   100000 Burn-in period
   500000 Reps


--------------------------------------------
Proportion of membership of each pre-defined
 population in each of the 6 clusters

Given    Inferred Clusters                            Number of
 Pop       1      2      3      4      5      6      Individuals

  1:     0.028  0.090  0.081  0.020  0.090  0.691       24
  2:     0.042  0.028  0.095  0.728  0.064  0.043       24
  3:     0.406  0.200  0.036  0.032  0.287  0.039       24
  4:     0.365  0.084  0.144  0.047  0.087  0.273       24
  5:     0.513  0.045  0.074  0.046  0.268  0.055       24
  6:     0.047  0.034  0.252  0.044  0.042  0.581       24
  7:     0.038  0.016  0.776  0.032  0.036  0.102       24
  8:     0.735  0.075  0.020  0.022  0.077  0.071       14
  9:     0.111  0.340  0.012  0.171  0.307  0.059       24
 10:     0.034  0.790  0.053  0.012  0.093  0.018       24
 11:     0.035  0.705  0.021  0.033  0.164  0.042       24
 12:     0.310  0.070  0.172  0.022  0.105  0.321       24
--------------------------------------------

Allele-freq. divergence among pops (Net nucleotide distance),
computed using point estimates of P.

      1       2       3       4       5       6      
 1      -    0.0416  0.0581  0.0556  0.0251  0.0238  
 2   0.0416     -    0.1022  0.0956  0.0479  0.0524  
 3   0.0581  0.1022     -    0.0926  0.0705  0.0539  
 4   0.0556  0.0956  0.0926     -    0.0704  0.0601  
 5   0.0251  0.0479  0.0705  0.0704     -    0.0326  
 6   0.0238  0.0524  0.0539  0.0601  0.0326     -    

Average distances (expected heterozygosity) between individuals in same cluster:
cluster  1  : 0.6383 
cluster  2  : 0.6182 
cluster  3  : 0.5563 
cluster  4  : 0.6175 
cluster  5  : 0.6408 
cluster  6  : 0.6272 

--------------------------------------------
Estimated Ln Prob of Data   = -12773.9
Mean value of ln likelihood = -12248.4
Variance of ln likelihood   = 1051.0
Mean value of alpha         = 0.0693

Mean value of Fst_1         = 0.0410
Mean value of Fst_2         = 0.1258
Mean value of Fst_3         = 0.1666
Mean value of Fst_4         = 0.1736
Mean value of Fst_5         = 0.0855
Mean value of Fst_6         = 0.0721


Inferred ancestry of individuals:
        Label (%Miss) Pop:  Inferred clusters
  1 24.0601.E1    (0)    1 :  0.010 0.013 0.023 0.026 0.016 0.911 
  2 24.0602.E1    (0)    1 :  0.013 0.026 0.013 0.007 0.043 0.897 
  3 24.0603.E1    (0)    1 :  0.056 0.012 0.053 0.009 0.017 0.853 
  4 24.0604.E1    (0)    1 :  0.010 0.019 0.008 0.009 0.177 0.776 
  5 24.0605.E1    (0)    1 :  0.017 0.015 0.035 0.015 0.017 0.901 
  6 24.0606.E1    (0)    1 :  0.012 0.022 0.024 0.017 0.015 0.911 
  7 24.0607.E1    (0)    1 :  0.026 0.027 0.196 0.011 0.617 0.122 
  8 24.0608.E1    (0)    1 :  0.012 0.131 0.175 0.006 0.017 0.659 
  9 24.0609.E1    (0)    1 :  0.105 0.388 0.010 0.007 0.025 0.465 
 10 24.0610.E1    (0)    1 :  0.083 0.190 0.011 0.008 0.010 0.698 
 11 24.0611.E1    (0)    1 :  0.021 0.026 0.009 0.018 0.013 0.913 
 12 24.0612.E1    (0)    1 :  0.013 0.008 0.021 0.019 0.026 0.913 
 13 24.0613.E1    (0)    1 :  0.010 0.015 0.007 0.009 0.009 0.950 
 14 24.0614.E1    (0)    1 :  0.014 0.213 0.391 0.014 0.024 0.344 
 15 24.0615.E1    (0)    1 :  0.016 0.224 0.076 0.022 0.069 0.594 
 16 24.0616.E1    (0)    1 :  0.009 0.014 0.008 0.014 0.019 0.936 
 17 24.0617.E1    (0)    1 :  0.020 0.494 0.030 0.037 0.020 0.399 
 18 24.0618.E1    (0)    1 :  0.033 0.100 0.008 0.019 0.020 0.819 
 19 24.0619.E1    (0)    1 :  0.029 0.012 0.009 0.021 0.407 0.522 
 20 24.0620.E1   (20)    1 :  0.040 0.042 0.785 0.018 0.035 0.080 
 21 24.0621.E1    (0)    1 :  0.039 0.106 0.010 0.008 0.506 0.330 
 22 24.0622.E1    (0)    1 :  0.022 0.010 0.011 0.017 0.009 0.931 
 23 24.0623.E1    (0)    1 :  0.043 0.044 0.022 0.131 0.044 0.716 
 24 24.0624.E1    (0)    1 :  0.008 0.014 0.009 0.009 0.008 0.953 
 25 24.0625.E1    (0)    2 :  0.058 0.043 0.188 0.667 0.023 0.021 
 26 24.0626.E1    (0)    2 :  0.009 0.016 0.134 0.828 0.007 0.006 
 27 24.0627.E1    (0)    2 :  0.027 0.009 0.032 0.475 0.443 0.014 
 28 24.0628.E1    (0)    2 :  0.182 0.111 0.265 0.385 0.013 0.044 
 29 24.0629.E1    (0)    2 :  0.020 0.022 0.010 0.804 0.028 0.117 
 30 24.0630.E1    (0)    2 :  0.011 0.011 0.153 0.809 0.008 0.009 
 31 24.0631.E1    (0)    2 :  0.006 0.004 0.007 0.969 0.006 0.009 
 32 24.0632.E1    (0)    2 :  0.012 0.010 0.058 0.887 0.016 0.017 
 33 24.0633.E1    (0)    2 :  0.131 0.084 0.223 0.523 0.017 0.022 
 34 24.0634.E1    (0)    2 :  0.013 0.013 0.011 0.941 0.011 0.012 
 35 24.0635.E1    (0)    2 :  0.177 0.069 0.042 0.630 0.045 0.037 
 36 24.0636.E1   (33)    2 :  0.043 0.011 0.835 0.046 0.022 0.043 
 37 24.0637.E1    (0)    2 :  0.008 0.004 0.010 0.966 0.007 0.006 
 38 24.0638.E1    (0)    2 :  0.090 0.008 0.008 0.852 0.029 0.013 
 39 24.0639.E1    (0)    2 :  0.013 0.072 0.023 0.733 0.084 0.075 
 40 24.0640.E1    (0)    2 :  0.008 0.007 0.009 0.957 0.007 0.011 
 41 24.0641.E1    (0)    2 :  0.031 0.022 0.026 0.354 0.408 0.159 
 42 24.0642.E1    (0)    2 :  0.056 0.007 0.053 0.571 0.012 0.301 
 43 24.0643.E1    (0)    2 :  0.016 0.013 0.086 0.568 0.302 0.016 
 44 24.0644.E1    (0)    2 :  0.019 0.048 0.010 0.894 0.011 0.018 
 45 24.0645.E1    (0)    2 :  0.033 0.036 0.071 0.796 0.014 0.050 
 46 24.0646.E1    (0)    2 :  0.019 0.048 0.010 0.893 0.012 0.018 
 47 24.0647.E1    (0)    2 :  0.007 0.004 0.010 0.965 0.007 0.006 
 48 24.0648.E1    (0)    2 :  0.007 0.004 0.010 0.965 0.007 0.006 
 49 24.0649.E1    (0)    3 :  0.904 0.040 0.005 0.010 0.030 0.011 
 50 24.0650.E1    (0)    3 :  0.250 0.495 0.006 0.007 0.015 0.227 
 51 24.0651.E1    (0)    3 :  0.473 0.027 0.022 0.316 0.152 0.010 
 52 24.0652.E1    (0)    3 :  0.506 0.352 0.010 0.007 0.084 0.041 
 53 24.0653.E1    (0)    3 :  0.028 0.021 0.008 0.007 0.927 0.008 
 54 24.0654.E1    (0)    3 :  0.593 0.351 0.007 0.013 0.027 0.010 
 55 24.0655.E1    (0)    3 :  0.577 0.169 0.017 0.068 0.075 0.095 
 56 24.0656.E1    (0)    3 :  0.432 0.427 0.083 0.010 0.030 0.019 
 57 24.0657.E1    (0)    3 :  0.449 0.418 0.076 0.009 0.030 0.017 
 58 24.0658.E1    (0)    3 :  0.744 0.091 0.010 0.009 0.118 0.028 
 59 24.0659.E1    (0)    3 :  0.291 0.205 0.006 0.026 0.374 0.097 
 60 24.0660.E1    (6)    3 :  0.864 0.012 0.009 0.020 0.047 0.048 
 61 24.0661.E1    (0)    3 :  0.204 0.568 0.158 0.009 0.047 0.014 
 62 24.0662.E1    (0)    3 :  0.380 0.134 0.021 0.147 0.202 0.115 
 63 24.0663.E1    (0)    3 :  0.117 0.840 0.009 0.011 0.012 0.011 
 64 24.0664.E1    (0)    3 :  0.761 0.131 0.060 0.009 0.030 0.009 
 65 24.0665.E1    (0)    3 :  0.606 0.037 0.293 0.008 0.048 0.009 
 66 24.0666.E1    (0)    3 :  0.014 0.012 0.007 0.008 0.942 0.016 
 67 24.0667.E1    (0)    3 :  0.051 0.011 0.007 0.007 0.909 0.014 
 68 24.0668.E1    (0)    3 :  0.008 0.007 0.005 0.007 0.968 0.005 
 69 24.0669.E1    (0)    3 :  0.008 0.007 0.006 0.006 0.967 0.006 
 70 24.0670.E1    (0)    3 :  0.341 0.218 0.009 0.008 0.404 0.020 
 71 24.0671.E1    (0)    3 :  0.683 0.215 0.014 0.025 0.048 0.015 
 72 24.0672.E1    (0)    3 :  0.462 0.013 0.009 0.010 0.415 0.092 
 73 24.0673.E1    (6)    4 :  0.053 0.108 0.591 0.025 0.017 0.205 
 74 24.0674.E1    (0)    4 :  0.068 0.019 0.542 0.025 0.011 0.337 
 75 24.0675.E1    (0)    4 :  0.495 0.240 0.129 0.038 0.015 0.083 
 76 24.0676.E1    (0)    4 :  0.503 0.356 0.062 0.015 0.015 0.049 
 77 24.0677.E1    (0)    4 :  0.259 0.238 0.020 0.007 0.385 0.091 
 78 24.0678.E1    (0)    4 :  0.157 0.016 0.020 0.097 0.379 0.330 
 79 24.0679.E1    (0)    4 :  0.515 0.103 0.018 0.016 0.143 0.205 
 80 24.0680.E1    (0)    4 :  0.671 0.014 0.016 0.022 0.216 0.062 
 81 24.0681.E1    (0)    4 :  0.610 0.014 0.031 0.015 0.023 0.308 
 82 24.0682.E1    (0)    4 :  0.619 0.013 0.070 0.016 0.016 0.266 
 83 24.0683.E1    (0)    4 :  0.036 0.012 0.627 0.008 0.020 0.297 
 84 24.0684.E1    (0)    4 :  0.086 0.023 0.362 0.044 0.048 0.437 
 85 24.0685.E1    (0)    4 :  0.110 0.019 0.053 0.019 0.058 0.740 
 86 24.0686.E1    (0)    4 :  0.571 0.019 0.017 0.212 0.069 0.113 
 87 24.0687.E1    (0)    4 :  0.430 0.030 0.034 0.392 0.029 0.086 
 88 24.0688.E1    (0)    4 :  0.848 0.007 0.034 0.009 0.011 0.091 
 89 24.0689.E1    (0)    4 :  0.164 0.570 0.092 0.030 0.021 0.123 
 90 24.0690.E1    (0)    4 :  0.354 0.013 0.043 0.067 0.487 0.036 
 91 24.0691.E1    (0)    4 :  0.124 0.032 0.029 0.014 0.012 0.788 
 92 24.0692.E1    (0)    4 :  0.900 0.021 0.032 0.009 0.013 0.027 
 93 24.0693.E1    (0)    4 :  0.275 0.088 0.579 0.013 0.017 0.028 
 94 24.0694.E1    (0)    4 :  0.743 0.010 0.028 0.008 0.021 0.190 
 95 24.0695.E1    (0)    4 :  0.052 0.023 0.014 0.009 0.019 0.883 
 96 24.0696.E1    (0)    4 :  0.117 0.023 0.017 0.018 0.043 0.782 
 97 24.0697.E1    (0)    5 :  0.711 0.024 0.187 0.017 0.047 0.015 
 98 24.0698.E1    (0)    5 :  0.277 0.066 0.164 0.027 0.412 0.054 
 99 24.0699.E1    (0)    5 :  0.344 0.019 0.012 0.017 0.576 0.032 
100 24.0700.E1    (0)    5 :  0.896 0.011 0.010 0.009 0.063 0.011 
101 24.0701.E1    (0)    5 :  0.012 0.011 0.038 0.011 0.919 0.010 
102 24.0702.E1    (0)    5 :  0.736 0.012 0.049 0.020 0.168 0.016 
103 24.0703.E1    (0)    5 :  0.326 0.024 0.010 0.146 0.473 0.020 
104 24.0704.E1    (6)    5 :  0.273 0.026 0.019 0.030 0.621 0.032 
105 24.0705.E1    (0)    5 :  0.599 0.011 0.014 0.017 0.092 0.266 
106 24.0706.E1    (0)    5 :  0.886 0.017 0.014 0.011 0.062 0.010 
107 24.0707.E1    (0)    5 :  0.876 0.009 0.021 0.040 0.025 0.029 
108 24.0708.E1    (0)    5 :  0.032 0.378 0.057 0.354 0.063 0.115 
109 24.0709.E1    (0)    5 :  0.786 0.087 0.013 0.016 0.043 0.056 
110 24.0710.E1    (0)    5 :  0.169 0.061 0.093 0.011 0.516 0.151 
111 24.0711.E1    (0)    5 :  0.449 0.013 0.024 0.052 0.334 0.130 
112 24.0712.E1    (0)    5 :  0.031 0.009 0.025 0.047 0.859 0.029 
113 24.0713.E1    (0)    5 :  0.911 0.023 0.017 0.010 0.026 0.013 
114 24.0714.E1    (0)    5 :  0.586 0.044 0.013 0.029 0.221 0.107 
115 24.0715.E1    (0)    5 :  0.276 0.041 0.541 0.011 0.071 0.060 
116 24.0716.E1    (0)    5 :  0.135 0.059 0.031 0.060 0.647 0.068 
117 24.0717.E1    (0)    5 :  0.350 0.086 0.382 0.101 0.057 0.024 
118 24.0718.E1    (0)    5 :  0.902 0.008 0.015 0.020 0.029 0.026 
119 24.0719.E1    (0)    5 :  0.834 0.025 0.017 0.026 0.083 0.015 
120 24.0720.E1    (0)    5 :  0.917 0.014 0.010 0.015 0.022 0.022 
121 24.0721.E1    (0)    6 :  0.127 0.103 0.633 0.041 0.030 0.065 
122 24.0722.E1    (0)    6 :  0.038 0.016 0.532 0.207 0.091 0.115 
123 24.0723.E1    (0)    6 :  0.026 0.171 0.320 0.378 0.024 0.082 
124 24.0724.E1    (0)    6 :  0.029 0.147 0.343 0.042 0.030 0.409 
125 24.0725.E1    (0)    6 :  0.018 0.018 0.009 0.010 0.014 0.931 
126 24.0726.E1    (6)    6 :  0.019 0.010 0.080 0.011 0.010 0.870 
127 24.0727.E1    (0)    6 :  0.040 0.035 0.525 0.020 0.044 0.336 
128 24.0728.E1    (0)    6 :  0.142 0.028 0.193 0.048 0.028 0.562 
129 24.0729.E1    (0)    6 :  0.029 0.015 0.041 0.017 0.024 0.874 
130 24.0730.E1    (0)    6 :  0.266 0.060 0.073 0.015 0.198 0.387 
131 24.0731.E1    (0)    6 :  0.030 0.012 0.034 0.010 0.008 0.906 
132 24.0732.E1    (0)    6 :  0.034 0.007 0.825 0.011 0.011 0.111 
133 24.0733.E1    (0)    6 :  0.008 0.007 0.023 0.007 0.006 0.949 
134 24.0734.E1    (0)    6 :  0.044 0.013 0.837 0.025 0.024 0.056 
135 24.0735.E1    (0)    6 :  0.033 0.026 0.211 0.047 0.023 0.660 
136 24.0736.E1    (0)    6 :  0.011 0.009 0.064 0.011 0.010 0.895 
137 24.0737.E1    (0)    6 :  0.024 0.012 0.009 0.055 0.010 0.890 
138 24.0738.E1    (0)    6 :  0.014 0.009 0.038 0.012 0.013 0.913 
139 24.0739.E1    (0)    6 :  0.024 0.010 0.008 0.017 0.010 0.932 
140 24.0740.E1    (0)    6 :  0.035 0.014 0.014 0.016 0.016 0.906 
141 24.0741.E1    (0)    6 :  0.047 0.012 0.298 0.017 0.010 0.616 
142 24.0742.E1    (0)    6 :  0.014 0.010 0.591 0.014 0.011 0.359 
143 24.0743.E1    (0)    6 :  0.019 0.038 0.153 0.007 0.030 0.754 
144 24.0744.E1    (0)    6 :  0.066 0.035 0.195 0.019 0.323 0.362 
145 24.0745.E1    (0)    7 :  0.026 0.011 0.921 0.006 0.028 0.007 
146 24.0746.E1    (0)    7 :  0.077 0.015 0.665 0.127 0.048 0.067 
147 24.0747.E1    (0)    7 :  0.091 0.026 0.793 0.011 0.016 0.063 
148 24.0748.E1    (6)    7 :  0.106 0.039 0.742 0.011 0.020 0.082 
149 24.0749.E1    (0)    7 :  0.011 0.011 0.673 0.011 0.016 0.278 
150 24.0750.E1    (0)    7 :  0.117 0.030 0.228 0.021 0.048 0.556 
151 24.0751.E1    (0)    7 :  0.008 0.006 0.958 0.009 0.008 0.011 
152 24.0752.E1    (0)    7 :  0.010 0.013 0.894 0.008 0.016 0.059 
153 24.0753.E1    (0)    7 :  0.013 0.008 0.610 0.147 0.013 0.210 
154 24.0754.E1    (0)    7 :  0.010 0.007 0.936 0.013 0.008 0.025 
155 24.0755.E1    (0)    7 :  0.096 0.033 0.795 0.024 0.024 0.028 
156 24.0756.E1    (0)    7 :  0.007 0.019 0.931 0.011 0.013 0.019 
157 24.0757.E1    (0)    7 :  0.006 0.004 0.973 0.006 0.005 0.006 
158 24.0758.E1    (0)    7 :  0.006 0.004 0.972 0.006 0.006 0.006 
159 24.0759.E1    (0)    7 :  0.011 0.008 0.938 0.008 0.011 0.024 
160 24.0760.E1    (0)    7 :  0.062 0.007 0.641 0.254 0.017 0.017 
161 24.0761.E1    (0)    7 :  0.006 0.006 0.964 0.011 0.006 0.007 
162 24.0762.E1    (0)    7 :  0.187 0.056 0.077 0.013 0.474 0.193 
163 24.0763.E1    (0)    7 :  0.008 0.005 0.966 0.006 0.006 0.010 
164 24.0764.E1    (0)    7 :  0.009 0.006 0.951 0.010 0.007 0.017 
165 24.0765.E1    (0)    7 :  0.010 0.012 0.932 0.023 0.010 0.012 
166 24.0766.E1    (0)    7 :  0.008 0.007 0.959 0.007 0.007 0.011 
167 24.0767.E1    (0)    7 :  0.006 0.006 0.969 0.006 0.005 0.009 
168 24.0768.E1    (0)    7 :  0.033 0.036 0.135 0.008 0.050 0.738 
169 24.0779.E1    (0)    8 :  0.862 0.013 0.058 0.010 0.032 0.024 
170 24.0780.E1    (6)    8 :  0.812 0.144 0.007 0.008 0.018 0.011 
171 24.0781.E1    (0)    8 :  0.955 0.011 0.008 0.007 0.012 0.007 
172 24.0782.E1    (0)    8 :  0.122 0.039 0.047 0.107 0.025 0.660 
173 24.0783.E1    (0)    8 :  0.493 0.274 0.009 0.023 0.179 0.022 
174 24.0784.E1    (0)    8 :  0.943 0.020 0.006 0.009 0.010 0.012 
175 24.0785.E1    (0)    8 :  0.746 0.161 0.006 0.006 0.069 0.012 
176 24.0786.E1    (0)    8 :  0.860 0.068 0.016 0.010 0.017 0.030 
177 24.0787.E1    (0)    8 :  0.884 0.016 0.027 0.039 0.013 0.020 
178 24.0788.E1    (0)    8 :  0.905 0.057 0.009 0.014 0.008 0.007 
179 24.0789.E1    (0)    8 :  0.685 0.123 0.013 0.049 0.048 0.083 
180 24.0790.E1    (0)    8 :  0.945 0.023 0.005 0.009 0.011 0.006 
181 24.0791.E1    (0)    8 :  0.303 0.014 0.011 0.007 0.592 0.073 
182 24.0792.E1    (0)    8 :  0.778 0.092 0.058 0.007 0.043 0.023 
183 24.0793.E1    (0)    9 :  0.027 0.346 0.009 0.284 0.313 0.022 
184 24.0794.E1    (0)    9 :  0.076 0.402 0.016 0.014 0.029 0.463 
185 24.0795.E1    (0)    9 :  0.035 0.152 0.019 0.305 0.043 0.445 
186 24.0796.E1    (0)    9 :  0.131 0.799 0.007 0.010 0.022 0.032 
187 24.0797.E1    (0)    9 :  0.087 0.637 0.006 0.075 0.178 0.018 
188 24.0798.E1    (0)    9 :  0.043 0.077 0.041 0.167 0.657 0.015 
189 24.0799.E1    (0)    9 :  0.017 0.067 0.009 0.018 0.871 0.018 
190 24.0800.E1    (0)    9 :  0.047 0.586 0.014 0.008 0.314 0.031 
191 24.0801.E1    (0)    9 :  0.034 0.030 0.009 0.013 0.907 0.008 
192 24.0802.E1    (0)    9 :  0.022 0.364 0.007 0.490 0.094 0.022 
193 24.0803.E1    (0)    9 :  0.014 0.053 0.007 0.102 0.811 0.014 
194 24.0804.E1    (0)    9 :  0.012 0.659 0.006 0.265 0.045 0.013 
195 24.0805.E1    (0)    9 :  0.284 0.036 0.012 0.015 0.633 0.020 
196 24.0806.E1    (0)    9 :  0.021 0.150 0.015 0.639 0.145 0.031 
197 24.0807.E1    (0)    9 :  0.031 0.492 0.006 0.355 0.100 0.015 
198 24.0808.E1    (0)    9 :  0.554 0.307 0.008 0.013 0.099 0.019 
199 24.0809.E1    (0)    9 :  0.204 0.216 0.020 0.011 0.481 0.068 
200 24.0810.E1    (0)    9 :  0.033 0.202 0.033 0.048 0.655 0.030 
201 24.0811.E1    (0)    9 :  0.023 0.694 0.007 0.197 0.043 0.035 
202 24.0812.E1    (0)    9 :  0.219 0.656 0.010 0.018 0.050 0.046 
203 24.0813.E1    (0)    9 :  0.546 0.126 0.010 0.246 0.058 0.013 
204 24.0814.E1    (6)    9 :  0.073 0.705 0.007 0.144 0.060 0.011 
205 24.0815.E1    (0)    9 :  0.106 0.080 0.012 0.311 0.482 0.010 
206 24.0816.E1    (0)    9 :  0.022 0.334 0.006 0.353 0.274 0.010 
207 24.0817.E1    (0)   10 :  0.022 0.917 0.009 0.010 0.018 0.025 
208 24.0818.E1    (0)   10 :  0.047 0.849 0.014 0.015 0.035 0.040 
209 24.0819.E1    (0)   10 :  0.019 0.115 0.209 0.011 0.634 0.012 
210 24.0820.E1    (0)   10 :  0.010 0.532 0.422 0.010 0.018 0.008 
211 24.0821.E1    (0)   10 :  0.242 0.276 0.009 0.016 0.436 0.021 
212 24.0822.E1    (0)   10 :  0.024 0.919 0.025 0.006 0.015 0.010 
213 24.0823.E1    (0)   10 :  0.013 0.836 0.105 0.014 0.021 0.011 
214 24.0824.E1    (0)   10 :  0.020 0.341 0.014 0.012 0.593 0.020 
215 24.0825.E1    (0)   10 :  0.013 0.948 0.012 0.009 0.008 0.010 
216 24.0826.E1    (0)   10 :  0.016 0.693 0.247 0.011 0.025 0.008 
217 24.0827.E1    (0)   10 :  0.020 0.910 0.007 0.012 0.014 0.037 
218 24.0828.E1    (0)   10 :  0.017 0.879 0.052 0.012 0.031 0.009 
219 24.0829.E1    (0)   10 :  0.014 0.929 0.017 0.008 0.023 0.009 
220 24.0830.E1    (0)   10 :  0.043 0.886 0.006 0.010 0.043 0.013 
221 24.0831.E1    (0)   10 :  0.093 0.798 0.006 0.008 0.088 0.008 
222 24.0832.E1    (0)   10 :  0.011 0.957 0.006 0.005 0.007 0.013 
223 24.0833.E1    (0)   10 :  0.010 0.965 0.007 0.006 0.005 0.007 
224 24.0834.E1    (0)   10 :  0.012 0.945 0.013 0.010 0.009 0.012 
225 24.0835.E1    (0)   10 :  0.013 0.926 0.007 0.010 0.024 0.020 
226 24.0836.E1    (0)   10 :  0.028 0.890 0.018 0.008 0.029 0.026 
227 24.0837.E1    (0)   10 :  0.018 0.943 0.010 0.006 0.013 0.011 
228 24.0838.E1    (0)   10 :  0.020 0.943 0.014 0.006 0.008 0.009 
229 24.0839.E1    (0)   10 :  0.074 0.678 0.041 0.028 0.102 0.077 
230 24.0840.E1    (0)   10 :  0.015 0.880 0.006 0.055 0.028 0.016 
231 24.0841.E1    (0)   11 :  0.017 0.899 0.025 0.006 0.030 0.023 
232 24.0842.E1    (0)   11 :  0.012 0.671 0.013 0.005 0.282 0.018 
233 24.0843.E1    (0)   11 :  0.016 0.666 0.030 0.009 0.272 0.007 
234 24.0844.E1    (0)   11 :  0.030 0.264 0.009 0.008 0.664 0.025 
235 24.0845.E1    (0)   11 :  0.051 0.895 0.008 0.007 0.029 0.009 
236 24.0846.E1    (0)   11 :  0.018 0.905 0.011 0.014 0.031 0.020 
237 24.0847.E1    (0)   11 :  0.032 0.832 0.021 0.010 0.031 0.074 
238 24.0848.E1    (0)   11 :  0.061 0.827 0.006 0.007 0.073 0.026 
239 24.0849.E1    (0)   11 :  0.009 0.953 0.013 0.006 0.011 0.008 
240 24.0850.E1    (0)   11 :  0.009 0.952 0.013 0.006 0.011 0.009 
241 24.0851.E1    (0)   11 :  0.009 0.953 0.013 0.006 0.011 0.009 
242 24.0852.E1    (0)   11 :  0.030 0.901 0.040 0.006 0.015 0.009 
243 24.0853.E1    (0)   11 :  0.009 0.954 0.015 0.008 0.008 0.007 
244 24.0854.E1    (0)   11 :  0.018 0.093 0.014 0.009 0.855 0.012 
245 24.0855.E1    (0)   11 :  0.010 0.949 0.010 0.007 0.016 0.009 
246 24.0856.E1    (0)   11 :  0.036 0.073 0.043 0.277 0.481 0.090 
247 24.0857.E1    (0)   11 :  0.030 0.835 0.019 0.016 0.066 0.034 
248 24.0858.E1    (0)   11 :  0.033 0.854 0.018 0.007 0.070 0.017 
249 24.0859.E1    (0)   11 :  0.015 0.822 0.104 0.016 0.030 0.014 
250 24.0860.E1    (0)   11 :  0.023 0.119 0.033 0.034 0.762 0.028 
251 24.0861.E1    (0)   11 :  0.010 0.952 0.014 0.006 0.010 0.008 
252 24.0862.E1    (0)   11 :  0.070 0.405 0.012 0.296 0.150 0.067 
253 24.0863.E1    (0)   11 :  0.010 0.952 0.014 0.006 0.010 0.008 
254 24.0864.E1    (0)   11 :  0.276 0.190 0.009 0.010 0.028 0.487 
255 24.0865.E1    (0)   12 :  0.192 0.289 0.465 0.017 0.016 0.021 
256 24.0866.E1    (0)   12 :  0.336 0.212 0.074 0.009 0.302 0.066 
257 24.0867.E1    (0)   12 :  0.238 0.170 0.422 0.069 0.065 0.037 
258 24.0868.E1    (0)   12 :  0.893 0.028 0.021 0.023 0.019 0.017 
259 24.0869.E1    (0)   12 :  0.829 0.085 0.016 0.031 0.013 0.026 
260 24.0870.E1    (0)   12 :  0.736 0.026 0.030 0.092 0.027 0.088 
261 24.0871.E1    (0)   12 :  0.475 0.043 0.013 0.072 0.074 0.323 
262 24.0872.E1    (0)   12 :  0.407 0.047 0.359 0.015 0.148 0.025 
263 24.0873.E1    (0)   12 :  0.757 0.091 0.044 0.023 0.036 0.050 
264 24.0874.E1    (0)   12 :  0.175 0.239 0.456 0.014 0.093 0.024 
265 24.0875.E1    (0)   12 :  0.379 0.015 0.019 0.013 0.535 0.040 
266 24.0876.E1    (0)   12 :  0.282 0.010 0.037 0.016 0.391 0.265 
267 24.0877.E1    (0)   12 :  0.017 0.008 0.059 0.008 0.030 0.878 
268 24.0878.E1    (0)   12 :  0.055 0.035 0.013 0.010 0.011 0.876 
269 24.0879.E1    (0)   12 :  0.024 0.009 0.008 0.013 0.178 0.768 
270 24.0880.E1    (0)   12 :  0.571 0.294 0.021 0.023 0.035 0.057 
271 24.0881.E1    (0)   12 :  0.007 0.008 0.016 0.010 0.010 0.948 
272 24.0882.E1    (0)   12 :  0.015 0.013 0.720 0.009 0.024 0.219 
273 24.0883.E1    (0)   12 :  0.020 0.015 0.345 0.013 0.209 0.398 
274 24.0884.E1    (0)   12 :  0.012 0.009 0.037 0.010 0.012 0.919 
275 24.0885.E1    (0)   12 :  0.068 0.011 0.011 0.016 0.018 0.876 
276 24.0886.E1    (0)   12 :  0.025 0.014 0.209 0.006 0.055 0.691 
277 24.0887.E1    (0)   12 :  0.011 0.007 0.727 0.012 0.179 0.065 
278 24.0888.E1    (0)   12 :  0.917 0.011 0.007 0.010 0.034 0.021 


Estimated Allele Frequencies in each cluster
First column gives estimated ancestral frequencies


Locus 1 : 
31 alleles
0.0% missing data
 115   (0.035) 0.019 0.004 0.033 0.004 0.017 0.149 
 117   (0.041) 0.013 0.003 0.166 0.004 0.044 0.177 
 119   (0.042) 0.008 0.003 0.264 0.204 0.007 0.224 
 131   (0.015) 0.003 0.001 0.003 0.001 0.002 0.039 
 128   (0.037) 0.031 0.015 0.005 0.004 0.025 0.044 
 135   (0.016) 0.004 0.002 0.004 0.001 0.003 0.046 
 126   (0.076) 0.066 0.166 0.085 0.014 0.068 0.072 
 122   (0.032) 0.017 0.004 0.002 0.155 0.044 0.012 
 132   (0.032) 0.024 0.030 0.016 0.005 0.017 0.005 
 141   (0.011) 0.002 0.001 0.001 0.003 0.002 0.007 
 130   (0.051) 0.091 0.027 0.023 0.025 0.051 0.010 
 134   (0.033) 0.029 0.043 0.003 0.115 0.011 0.004 
 145   (0.027) 0.017 0.017 0.021 0.012 0.015 0.004 
 127   (0.026) 0.006 0.002 0.143 0.029 0.005 0.023 
 116   (0.112) 0.234 0.197 0.042 0.192 0.108 0.035 
 114   (0.049) 0.041 0.155 0.009 0.091 0.061 0.007 
 120   (0.038) 0.040 0.003 0.004 0.073 0.075 0.009 
 110   (0.048) 0.018 0.054 0.022 0.024 0.054 0.039 
 133   (0.015) 0.003 0.001 0.012 0.007 0.008 0.003 
 118   (0.099) 0.253 0.211 0.034 0.015 0.337 0.018 
 125   (0.015) 0.006 0.009 0.001 0.003 0.005 0.002 
 129   (0.021) 0.007 0.001 0.007 0.002 0.010 0.037 
 124   (0.018) 0.012 0.001 0.002 0.002 0.015 0.006 
 136   (0.023) 0.026 0.037 0.002 0.002 0.004 0.004 
 121   (0.016) 0.003 0.001 0.055 0.001 0.002 0.007 
 139   (0.012) 0.002 0.001 0.001 0.001 0.002 0.009 
 113   (0.012) 0.002 0.001 0.012 0.001 0.002 0.001 
 111   (0.012) 0.002 0.001 0.012 0.001 0.002 0.002 
 143   (0.012) 0.002 0.001 0.012 0.001 0.002 0.001 
 140   (0.013) 0.015 0.001 0.001 0.002 0.002 0.001 
 112   (0.012) 0.002 0.008 0.001 0.001 0.002 0.001 

Locus 2 : 
18 alleles
0.0% missing data
 152   (0.380) 0.371 0.281 0.737 0.439 0.456 0.589 
 148   (0.065) 0.030 0.005 0.059 0.182 0.031 0.178 
 154   (0.111) 0.114 0.154 0.059 0.239 0.057 0.057 
 156   (0.017) 0.006 0.002 0.001 0.003 0.005 0.011 
 150   (0.025) 0.005 0.002 0.040 0.051 0.005 0.007 
 164   (0.075) 0.080 0.082 0.015 0.020 0.046 0.082 
 158   (0.031) 0.007 0.002 0.009 0.020 0.077 0.018 
 160   (0.018) 0.012 0.001 0.020 0.002 0.003 0.002 
 166   (0.022) 0.016 0.002 0.002 0.009 0.021 0.004 
 151   (0.069) 0.157 0.346 0.006 0.007 0.110 0.009 
 147   (0.064) 0.121 0.104 0.009 0.009 0.142 0.008 
 168   (0.024) 0.021 0.004 0.003 0.003 0.015 0.005 
 153   (0.015) 0.014 0.002 0.002 0.002 0.003 0.002 
 149   (0.024) 0.017 0.002 0.011 0.002 0.018 0.004 
 162   (0.020) 0.008 0.010 0.003 0.009 0.005 0.005 
 167   (0.014) 0.002 0.001 0.001 0.001 0.002 0.018 
 146   (0.013) 0.002 0.001 0.024 0.001 0.002 0.001 
 172   (0.013) 0.017 0.001 0.001 0.001 0.002 0.001 

Locus 3 : 
4 alleles
0.0% missing data
 128   (0.293) 0.260 0.377 0.393 0.284 0.289 0.241 
 126   (0.613) 0.694 0.536 0.599 0.654 0.618 0.691 
 132   (0.078) 0.043 0.086 0.007 0.056 0.073 0.066 
 134   (0.016) 0.003 0.001 0.001 0.006 0.020 0.002 

Locus 4 : 
3 alleles
0.0% missing data
 170   (0.317) 0.299 0.339 0.263 0.393 0.287 0.285 
 172   (0.670) 0.696 0.659 0.734 0.600 0.711 0.713 
 171   (0.013) 0.004 0.001 0.003 0.007 0.002 0.002 

Locus 5 : 
37 alleles
0.0% missing data
 125   (0.054) 0.028 0.080 0.050 0.055 0.077 0.052 
 110   (0.033) 0.008 0.063 0.012 0.031 0.048 0.027 
 129   (0.037) 0.059 0.032 0.003 0.004 0.034 0.047 
 113   (0.034) 0.085 0.038 0.003 0.012 0.025 0.012 
 145   (0.053) 0.051 0.022 0.103 0.006 0.047 0.212 
 155   (0.048) 0.020 0.042 0.015 0.180 0.044 0.127 
 117   (0.031) 0.053 0.003 0.043 0.006 0.007 0.036 
 124   (0.010) 0.002 0.001 0.001 0.001 0.001 0.017 
 133   (0.034) 0.052 0.003 0.066 0.003 0.017 0.035 
 157   (0.047) 0.097 0.029 0.023 0.019 0.140 0.008 
 141   (0.015) 0.026 0.003 0.001 0.001 0.003 0.005 
 112   (0.068) 0.050 0.145 0.146 0.166 0.039 0.080 
 121   (0.021) 0.014 0.026 0.003 0.022 0.009 0.005 
 114   (0.045) 0.037 0.047 0.174 0.018 0.010 0.055 
 153   (0.047) 0.035 0.086 0.004 0.010 0.204 0.060 
 127   (0.070) 0.112 0.133 0.096 0.036 0.041 0.068 
 131   (0.060) 0.027 0.042 0.166 0.193 0.093 0.052 
 135   (0.029) 0.030 0.053 0.003 0.005 0.043 0.009 
 104   (0.011) 0.004 0.001 0.003 0.007 0.002 0.002 
 118   (0.018) 0.011 0.001 0.003 0.012 0.006 0.017 
 116   (0.026) 0.013 0.013 0.003 0.051 0.017 0.018 
 137   (0.020) 0.010 0.002 0.005 0.133 0.011 0.007 
 123   (0.021) 0.005 0.062 0.002 0.005 0.018 0.009 
 149   (0.010) 0.004 0.003 0.001 0.001 0.002 0.003 
 138   (0.013) 0.036 0.002 0.001 0.001 0.003 0.002 
 143   (0.024) 0.013 0.040 0.058 0.003 0.014 0.003 
 163   (0.010) 0.005 0.001 0.001 0.006 0.002 0.002 
 109   (0.010) 0.014 0.001 0.001 0.001 0.002 0.003 
 139   (0.009) 0.007 0.001 0.001 0.001 0.003 0.001 
 106   (0.010) 0.008 0.001 0.001 0.001 0.002 0.001 
 144   (0.016) 0.026 0.001 0.001 0.001 0.010 0.002 
 122   (0.011) 0.002 0.001 0.004 0.001 0.002 0.014 
 100   (0.017) 0.017 0.015 0.001 0.004 0.013 0.003 
 111   (0.011) 0.023 0.001 0.001 0.001 0.002 0.001 
 233   (0.010) 0.004 0.002 0.001 0.001 0.007 0.001 
 134   (0.010) 0.003 0.006 0.001 0.001 0.003 0.001 
 140   (0.009) 0.008 0.001 0.001 0.001 0.001 0.001 

Locus 6 : 
17 alleles
0.0% missing data
 221   (0.027) 0.005 0.002 0.068 0.003 0.004 0.102 
 232   (0.239) 0.301 0.425 0.454 0.148 0.313 0.172 
 229   (0.053) 0.012 0.053 0.047 0.044 0.028 0.091 
 223   (0.056) 0.030 0.038 0.008 0.008 0.085 0.101 
 230   (0.156) 0.219 0.146 0.273 0.149 0.109 0.112 
 235   (0.015) 0.003 0.001 0.001 0.002 0.002 0.050 
 236   (0.040) 0.027 0.006 0.006 0.031 0.017 0.068 
 227   (0.020) 0.006 0.001 0.002 0.002 0.011 0.051 
 220   (0.052) 0.044 0.074 0.004 0.166 0.054 0.008 
 222   (0.042) 0.051 0.009 0.003 0.278 0.045 0.005 
 234   (0.141) 0.140 0.099 0.093 0.140 0.193 0.132 
 224   (0.035) 0.027 0.042 0.002 0.004 0.052 0.004 
 228   (0.056) 0.119 0.061 0.005 0.007 0.067 0.015 
 225   (0.012) 0.002 0.001 0.001 0.005 0.002 0.005 
 226   (0.018) 0.004 0.040 0.001 0.009 0.005 0.005 
 233   (0.026) 0.007 0.002 0.030 0.002 0.012 0.046 
 231   (0.014) 0.003 0.001 0.001 0.001 0.002 0.033 

Locus 7 : 
10 alleles
0.0% missing data
 121   (0.697) 0.828 0.733 0.754 0.806 0.726 0.863 
 129   (0.078) 0.034 0.141 0.096 0.010 0.054 0.084 
 130   (0.016) 0.003 0.003 0.002 0.006 0.016 0.002 
 123   (0.096) 0.060 0.113 0.090 0.120 0.130 0.027 
 128   (0.021) 0.004 0.001 0.020 0.026 0.010 0.003 
 131   (0.015) 0.003 0.002 0.002 0.023 0.005 0.002 
 117   (0.013) 0.009 0.001 0.001 0.001 0.002 0.001 
 125   (0.014) 0.002 0.001 0.001 0.001 0.025 0.001 
 134   (0.038) 0.053 0.004 0.014 0.006 0.029 0.013 
 132   (0.013) 0.004 0.001 0.020 0.001 0.002 0.002 

Locus 8 : 
19 alleles
0.0% missing data
 184   (0.296) 0.368 0.310 0.379 0.457 0.506 0.474 
 194   (0.046) 0.062 0.009 0.033 0.021 0.014 0.031 
 178   (0.091) 0.052 0.196 0.076 0.175 0.034 0.177 
 176   (0.079) 0.102 0.046 0.189 0.011 0.079 0.052 
 182   (0.082) 0.087 0.068 0.169 0.031 0.079 0.050 
 190   (0.034) 0.008 0.013 0.033 0.058 0.026 0.006 
 196   (0.023) 0.014 0.038 0.002 0.002 0.004 0.009 
 200   (0.030) 0.017 0.002 0.010 0.007 0.039 0.013 
 180   (0.026) 0.005 0.003 0.002 0.060 0.047 0.007 
 188   (0.039) 0.045 0.044 0.007 0.007 0.007 0.025 
 174   (0.043) 0.037 0.003 0.035 0.018 0.038 0.031 
 186   (0.115) 0.165 0.209 0.056 0.126 0.064 0.106 
 192   (0.025) 0.006 0.045 0.003 0.011 0.014 0.009 
 201   (0.011) 0.002 0.001 0.001 0.009 0.006 0.001 
 199   (0.016) 0.006 0.004 0.001 0.005 0.025 0.002 
 185   (0.012) 0.006 0.003 0.001 0.001 0.002 0.001 
 203   (0.012) 0.008 0.001 0.001 0.001 0.002 0.002 
 198   (0.011) 0.007 0.002 0.001 0.001 0.003 0.001 
 209   (0.010) 0.002 0.002 0.001 0.001 0.010 0.001 

Locus 9 : 
6 alleles
0.4% missing data
 154   (0.691) 0.757 0.826 0.667 0.797 0.693 0.700 
 156   (0.211) 0.184 0.084 0.319 0.192 0.278 0.185 
 152   (0.046) 0.030 0.084 0.007 0.004 0.008 0.066 
 153   (0.015) 0.012 0.003 0.001 0.003 0.003 0.003 
 160   (0.015) 0.008 0.001 0.001 0.001 0.015 0.002 
 164   (0.022) 0.008 0.001 0.006 0.002 0.003 0.044 

Locus 10 : 
29 alleles
0.7% missing data
 305   (0.061) 0.069 0.013 0.009 0.246 0.026 0.081 
 313   (0.049) 0.038 0.025 0.005 0.011 0.019 0.110 
 311   (0.016) 0.004 0.001 0.001 0.001 0.008 0.011 
 299   (0.102) 0.078 0.197 0.031 0.026 0.140 0.214 
 315   (0.076) 0.110 0.015 0.078 0.057 0.025 0.070 
 287   (0.026) 0.007 0.003 0.004 0.004 0.367 0.011 
 291   (0.122) 0.191 0.313 0.038 0.056 0.036 0.142 
 295   (0.028) 0.029 0.003 0.002 0.004 0.004 0.121 
 289   (0.016) 0.004 0.003 0.001 0.002 0.098 0.002 
 303   (0.049) 0.034 0.149 0.529 0.028 0.009 0.010 
 297   (0.035) 0.008 0.072 0.113 0.004 0.016 0.037 
 293   (0.020) 0.012 0.001 0.001 0.002 0.066 0.020 
 301   (0.054) 0.086 0.007 0.006 0.103 0.012 0.057 
 285   (0.019) 0.005 0.004 0.002 0.338 0.020 0.002 
 307   (0.056) 0.038 0.061 0.161 0.025 0.017 0.032 
 312   (0.054) 0.092 0.060 0.005 0.049 0.036 0.010 
 306   (0.024) 0.056 0.003 0.002 0.002 0.004 0.009 
 320   (0.013) 0.017 0.001 0.001 0.001 0.002 0.002 
 317   (0.024) 0.024 0.025 0.002 0.002 0.005 0.013 
 314   (0.026) 0.013 0.002 0.002 0.002 0.015 0.026 
 323   (0.012) 0.006 0.001 0.001 0.001 0.006 0.002 
 325   (0.012) 0.006 0.001 0.001 0.001 0.006 0.002 
 310   (0.017) 0.012 0.020 0.001 0.002 0.008 0.003 
 309   (0.012) 0.015 0.001 0.001 0.001 0.003 0.001 
 316   (0.018) 0.021 0.006 0.001 0.002 0.003 0.002 
 296   (0.012) 0.009 0.001 0.001 0.001 0.002 0.001 
 304   (0.018) 0.004 0.011 0.001 0.025 0.014 0.002 
 321   (0.014) 0.006 0.001 0.001 0.003 0.017 0.002 
 332   (0.016) 0.007 0.002 0.001 0.001 0.016 0.002 

Locus 11 : 
19 alleles
0.0% missing data
 114   (0.146) 0.179 0.013 0.212 0.274 0.068 0.229 
 126   (0.020) 0.004 0.001 0.004 0.009 0.003 0.046 
 111   (0.087) 0.026 0.564 0.007 0.039 0.219 0.156 
 116   (0.103) 0.069 0.017 0.216 0.032 0.133 0.129 
 132   (0.014) 0.003 0.001 0.001 0.001 0.002 0.009 
 109   (0.016) 0.003 0.001 0.001 0.001 0.002 0.035 
 128   (0.018) 0.011 0.002 0.001 0.002 0.003 0.008 
 112   (0.330) 0.551 0.048 0.501 0.571 0.307 0.301 
 122   (0.017) 0.008 0.002 0.008 0.006 0.004 0.002 
 124   (0.013) 0.002 0.001 0.002 0.016 0.002 0.001 
 118   (0.050) 0.027 0.008 0.032 0.021 0.083 0.028 
 127   (0.013) 0.009 0.001 0.001 0.001 0.002 0.002 
 113   (0.045) 0.035 0.288 0.004 0.009 0.068 0.007 
 115   (0.035) 0.017 0.003 0.003 0.004 0.067 0.027 
 120   (0.022) 0.012 0.036 0.001 0.002 0.004 0.004 
 117   (0.023) 0.012 0.006 0.002 0.003 0.015 0.004 
 125   (0.019) 0.019 0.002 0.001 0.002 0.010 0.002 
 119   (0.016) 0.010 0.006 0.001 0.004 0.003 0.002 
 136   (0.012) 0.002 0.001 0.001 0.001 0.004 0.008 

Locus 12 : 
28 alleles
0.7% missing data
 306   (0.064) 0.046 0.019 0.009 0.271 0.035 0.080 
 314   (0.053) 0.028 0.073 0.005 0.006 0.028 0.097 
 312   (0.014) 0.003 0.001 0.001 0.001 0.002 0.018 
 300   (0.104) 0.078 0.196 0.032 0.026 0.140 0.225 
 316   (0.044) 0.011 0.013 0.072 0.049 0.008 0.063 
 288   (0.026) 0.006 0.003 0.003 0.004 0.359 0.011 
 292   (0.128) 0.192 0.315 0.039 0.056 0.042 0.144 
 296   (0.034) 0.038 0.004 0.003 0.004 0.006 0.122 
 290   (0.017) 0.004 0.003 0.001 0.002 0.098 0.002 
 304   (0.050) 0.034 0.148 0.533 0.028 0.010 0.010 
 298   (0.036) 0.008 0.071 0.114 0.004 0.016 0.038 
 294   (0.021) 0.012 0.001 0.001 0.002 0.066 0.020 
 302   (0.057) 0.086 0.007 0.007 0.101 0.012 0.058 
 286   (0.021) 0.006 0.004 0.002 0.347 0.021 0.003 
 308   (0.035) 0.021 0.003 0.153 0.023 0.013 0.016 
 313   (0.043) 0.108 0.004 0.004 0.050 0.032 0.010 
 307   (0.046) 0.072 0.066 0.006 0.004 0.007 0.026 
 321   (0.014) 0.017 0.001 0.001 0.001 0.002 0.002 
 315   (0.049) 0.112 0.004 0.004 0.006 0.034 0.032 
 318   (0.020) 0.021 0.028 0.001 0.002 0.004 0.004 
 324   (0.012) 0.006 0.001 0.001 0.001 0.006 0.002 
 326   (0.012) 0.006 0.001 0.001 0.001 0.006 0.002 
 311   (0.024) 0.018 0.028 0.002 0.002 0.021 0.006 
 310   (0.015) 0.016 0.001 0.001 0.002 0.004 0.002 
 305   (0.017) 0.024 0.001 0.001 0.002 0.003 0.002 
 317   (0.015) 0.017 0.001 0.001 0.001 0.002 0.002 
 320   (0.014) 0.005 0.001 0.001 0.001 0.009 0.002 
 322   (0.015) 0.006 0.001 0.001 0.003 0.017 0.002 

Locus 13 : 
7 alleles
1.1% missing data
 161   (0.597) 0.636 0.372 0.891 0.122 0.572 0.685 
 163   (0.297) 0.337 0.548 0.039 0.066 0.408 0.240 
 160   (0.018) 0.004 0.001 0.001 0.399 0.003 0.002 
 162   (0.017) 0.003 0.001 0.001 0.403 0.002 0.002 
 165   (0.042) 0.014 0.076 0.005 0.006 0.010 0.063 
 166   (0.014) 0.004 0.001 0.003 0.002 0.003 0.006 
 164   (0.015) 0.003 0.001 0.059 0.001 0.002 0.002 

Locus 14 : 
4 alleles
0.4% missing data
  98   (0.955) 0.980 0.997 0.985 0.996 0.993 0.987 
 100   (0.014) 0.008 0.001 0.003 0.001 0.002 0.002 
  96   (0.018) 0.004 0.001 0.011 0.002 0.003 0.010 
 105   (0.014) 0.009 0.001 0.001 0.001 0.002 0.002 

Locus 15 : 
12 alleles
2.2% missing data
 171   (0.300) 0.316 0.324 0.196 0.199 0.407 0.369 
 177   (0.187) 0.188 0.090 0.075 0.303 0.250 0.198 
 173   (0.255) 0.312 0.538 0.098 0.202 0.169 0.319 
 179   (0.099) 0.052 0.020 0.502 0.270 0.116 0.065 
 183   (0.021) 0.007 0.003 0.011 0.003 0.006 0.020 
 181   (0.040) 0.044 0.019 0.093 0.005 0.007 0.008 
 197   (0.024) 0.024 0.002 0.019 0.002 0.003 0.009 
 170   (0.014) 0.013 0.001 0.001 0.001 0.007 0.002 
 189   (0.015) 0.011 0.001 0.001 0.011 0.003 0.003 
 203   (0.016) 0.022 0.001 0.001 0.001 0.002 0.004 
 187   (0.016) 0.005 0.001 0.001 0.001 0.021 0.002 
 198   (0.013) 0.005 0.001 0.001 0.001 0.009 0.002 

Values of parameters used in structure:
DATAFILE=STRUCTURE_main_final_278_HEG_ZG.str,	OUTFILE=STRUCTURE_main_final_278_HEG_ZG-K6-20,	NUMINDS=278,	NUMLOCI=15,	MISSING=-9,	LABEL=1,	POPDATA=1,	POPFLAG=0,	PHENOTYPE=0,	EXTRACOLS=0,	MAXPOPS=6,	BURNIN=100000,	NUMREPS=500000,	USEPOPINFO=0,	INFERALPHA=1,	INFERLAMBDA=0,	POPSPECIFICLAMBDA=0,	POPALPHAS=0,	COMPUTEPROB=1,	NOADMIX=0,	ADMBURNIN=2500,	UPDATEFREQ=1,	PRINTLIKES=0,	INTERMEDSAVE=0,	PRINTKLD=0,	PRINTNET=0,	PRINTLAMBDA=0,	ANCESTDIST=0,	NUMBOXES=1000,	ANCESTPINT=0.90000,	GENSBACK=2,	MIGRPRIOR=0.05000,	PRINTQHAT=0,	PRINTQSUM=0,	ALPHA=1.0000,	FREQSCORR=1,	FPRIORMEAN=0.0100,	FPRIORSD=0.0500,	ONEFST=0,	LAMBDA=1.0000,	UNIFPRIORALPHA=1,	ALPHAMAX=10.0000,	ALPHAPRIORA=1.0000,	ALPHAPRIORB=2.0000,	ALPHAPROPSD=0.0250,	STARTATPOPINFO=0,	RANDOMIZE=1,	LINKAGE=0,	METROFREQ=10,	REPORTHITRATE=0,	MARKOVPHASE=-1,	PHASED=0,	PLOIDY=2,	PHASEINFO=0	LOCPRIOR=0, 	LOCPRIORINIT=1.000000, 	LOCDATA=0, 	LOCISPOP=0, 	LOCPRIORSTEP=0.100000, 	MAXLOCPRIOR=20.000000, 	SEED=1782481584,	
[STRAT parameters]:    NUMSIMSTATS=1000,	PHENOTYPECOL=-9,	POOLFREQ=10,	LOCUSxONLY=0,	EMERROR=0.00100,	MISSINGPHENO=-9,	