

----------------------------------------------------
STRUCTURE by Pritchard, Stephens and Donnelly (2000)
     and Falush, Stephens and Pritchard (2003)
       Code by Pritchard, Falush and Hubisz
             Version 2.3.4 (Jul 2012)
----------------------------------------------------



Command line arguments:   structure -K 7 -i STRUCTURE_main_final_278_HEG_ZG.str -o STRUCTURE_main_final_278_HEG_ZG-K7-8 
Input File:    STRUCTURE_main_final_278_HEG_ZG.str

Run parameters:
   278 individuals
   15 loci
   7 populations assumed
   100000 Burn-in period
   500000 Reps


--------------------------------------------
Proportion of membership of each pre-defined
 population in each of the 7 clusters

Given    Inferred Clusters                                   Number of
 Pop       1      2      3      4      5      6      7      Individuals

  1:     0.078  0.679  0.014  0.062  0.077  0.018  0.073       24
  2:     0.026  0.033  0.701  0.056  0.059  0.037  0.089       24
  3:     0.105  0.032  0.025  0.261  0.033  0.517  0.026       24
  4:     0.060  0.084  0.035  0.050  0.550  0.153  0.068       24
  5:     0.042  0.047  0.044  0.156  0.243  0.401  0.067       24
  6:     0.032  0.427  0.042  0.032  0.160  0.063  0.243       24
  7:     0.015  0.069  0.029  0.028  0.091  0.027  0.742       24
  8:     0.073  0.043  0.019  0.049  0.078  0.718  0.019       14
  9:     0.328  0.081  0.170  0.285  0.057  0.068  0.011       24
 10:     0.757  0.020  0.011  0.092  0.020  0.045  0.056       24
 11:     0.688  0.038  0.026  0.146  0.049  0.030  0.022       24
 12:     0.046  0.232  0.021  0.085  0.360  0.112  0.145       24
--------------------------------------------

Allele-freq. divergence among pops (Net nucleotide distance),
computed using point estimates of P.

      1       2       3       4       5       6       7      
 1      -    0.0565  0.1070  0.0582  0.0635  0.0467  0.1191  
 2   0.0565     -    0.0676  0.0458  0.0351  0.0370  0.0696  
 3   0.1070  0.0676     -    0.0878  0.0761  0.0664  0.1064  
 4   0.0582  0.0458  0.0878     -    0.0472  0.0400  0.0876  
 5   0.0635  0.0351  0.0761  0.0472     -    0.0358  0.0659  
 6   0.0467  0.0370  0.0664  0.0400  0.0358     -    0.0794  
 7   0.1191  0.0696  0.1064  0.0876  0.0659  0.0794     -    

Average distances (expected heterozygosity) between individuals in same cluster:
cluster  1  : 0.6169 
cluster  2  : 0.6185 
cluster  3  : 0.6098 
cluster  4  : 0.6303 
cluster  5  : 0.6058 
cluster  6  : 0.6328 
cluster  7  : 0.5404 

--------------------------------------------
Estimated Ln Prob of Data   = -12645.8
Mean value of ln likelihood = -12043.8
Variance of ln likelihood   = 1203.8
Mean value of alpha         = 0.0668

Mean value of Fst_1         = 0.1404
Mean value of Fst_2         = 0.0898
Mean value of Fst_3         = 0.1909
Mean value of Fst_4         = 0.1060
Mean value of Fst_5         = 0.0887
Mean value of Fst_6         = 0.0545
Mean value of Fst_7         = 0.1970


Inferred ancestry of individuals:
        Label (%Miss) Pop:  Inferred clusters
  1 24.0601.E1    (0)    1 :  0.011 0.927 0.012 0.012 0.013 0.008 0.017 
  2 24.0602.E1    (0)    1 :  0.013 0.930 0.006 0.017 0.009 0.014 0.011 
  3 24.0603.E1    (0)    1 :  0.013 0.865 0.007 0.012 0.030 0.045 0.029 
  4 24.0604.E1    (0)    1 :  0.029 0.539 0.009 0.200 0.208 0.007 0.008 
  5 24.0605.E1    (0)    1 :  0.012 0.869 0.009 0.015 0.036 0.016 0.043 
  6 24.0606.E1    (0)    1 :  0.022 0.720 0.015 0.011 0.194 0.014 0.024 
  7 24.0607.E1    (0)    1 :  0.024 0.227 0.012 0.476 0.021 0.050 0.190 
  8 24.0608.E1    (0)    1 :  0.061 0.764 0.005 0.010 0.010 0.015 0.135 
  9 24.0609.E1    (0)    1 :  0.365 0.211 0.006 0.019 0.362 0.030 0.007 
 10 24.0610.E1    (0)    1 :  0.194 0.372 0.007 0.008 0.386 0.022 0.011 
 11 24.0611.E1    (0)    1 :  0.034 0.866 0.009 0.009 0.063 0.011 0.007 
 12 24.0612.E1    (0)    1 :  0.007 0.931 0.010 0.016 0.009 0.011 0.017 
 13 24.0613.E1    (0)    1 :  0.026 0.782 0.009 0.008 0.160 0.008 0.007 
 14 24.0614.E1    (0)    1 :  0.177 0.369 0.011 0.018 0.024 0.018 0.383 
 15 24.0615.E1    (0)    1 :  0.090 0.794 0.015 0.040 0.014 0.012 0.035 
 16 24.0616.E1    (0)    1 :  0.011 0.936 0.013 0.014 0.011 0.008 0.007 
 17 24.0617.E1    (0)    1 :  0.459 0.431 0.027 0.013 0.034 0.013 0.023 
 18 24.0618.E1    (0)    1 :  0.160 0.706 0.017 0.013 0.060 0.037 0.007 
 19 24.0619.E1    (0)    1 :  0.009 0.717 0.015 0.210 0.034 0.009 0.006 
 20 24.0620.E1   (20)    1 :  0.040 0.078 0.016 0.026 0.088 0.024 0.728 
 21 24.0621.E1    (0)    1 :  0.069 0.576 0.007 0.299 0.028 0.014 0.008 
 22 24.0622.E1    (0)    1 :  0.009 0.904 0.021 0.008 0.026 0.020 0.012 
 23 24.0623.E1    (0)    1 :  0.022 0.826 0.067 0.026 0.022 0.018 0.019 
 24 24.0624.E1    (0)    1 :  0.012 0.949 0.008 0.006 0.009 0.008 0.008 
 25 24.0625.E1    (0)    2 :  0.037 0.023 0.639 0.027 0.056 0.046 0.172 
 26 24.0626.E1    (0)    2 :  0.009 0.007 0.827 0.010 0.006 0.016 0.126 
 27 24.0627.E1    (0)    2 :  0.009 0.011 0.454 0.420 0.065 0.010 0.032 
 28 24.0628.E1    (0)    2 :  0.090 0.036 0.353 0.015 0.203 0.064 0.239 
 29 24.0629.E1    (0)    2 :  0.021 0.106 0.797 0.018 0.017 0.033 0.009 
 30 24.0630.E1    (0)    2 :  0.010 0.007 0.800 0.009 0.012 0.010 0.152 
 31 24.0631.E1    (0)    2 :  0.004 0.010 0.963 0.005 0.005 0.006 0.007 
 32 24.0632.E1    (0)    2 :  0.010 0.011 0.878 0.015 0.013 0.012 0.062 
 33 24.0633.E1    (0)    2 :  0.074 0.024 0.461 0.012 0.052 0.145 0.233 
 34 24.0634.E1    (0)    2 :  0.015 0.014 0.927 0.010 0.013 0.012 0.009 
 35 24.0635.E1    (0)    2 :  0.048 0.039 0.531 0.024 0.033 0.286 0.038 
 36 24.0636.E1   (33)    2 :  0.011 0.040 0.051 0.020 0.084 0.030 0.764 
 37 24.0637.E1    (0)    2 :  0.004 0.006 0.960 0.006 0.007 0.007 0.010 
 38 24.0638.E1    (0)    2 :  0.007 0.013 0.803 0.015 0.065 0.089 0.007 
 39 24.0639.E1    (0)    2 :  0.076 0.093 0.721 0.052 0.011 0.020 0.027 
 40 24.0640.E1    (0)    2 :  0.008 0.012 0.948 0.006 0.008 0.008 0.009 
 41 24.0641.E1    (0)    2 :  0.021 0.200 0.360 0.335 0.020 0.039 0.026 
 42 24.0642.E1    (0)    2 :  0.006 0.065 0.537 0.009 0.321 0.012 0.050 
 43 24.0643.E1    (0)    2 :  0.013 0.014 0.558 0.285 0.015 0.017 0.097 
 44 24.0644.E1    (0)    2 :  0.063 0.014 0.831 0.011 0.064 0.009 0.008 
 45 24.0645.E1    (0)    2 :  0.019 0.012 0.662 0.009 0.269 0.007 0.023 
 46 24.0646.E1    (0)    2 :  0.063 0.014 0.832 0.012 0.063 0.008 0.008 
 47 24.0647.E1    (0)    2 :  0.004 0.006 0.961 0.006 0.007 0.007 0.010 
 48 24.0648.E1    (0)    2 :  0.004 0.006 0.961 0.006 0.007 0.007 0.010 
 49 24.0649.E1    (0)    3 :  0.032 0.007 0.011 0.020 0.014 0.911 0.005 
 50 24.0650.E1    (0)    3 :  0.558 0.019 0.005 0.012 0.363 0.037 0.005 
 51 24.0651.E1    (0)    3 :  0.020 0.012 0.313 0.056 0.019 0.564 0.018 
 52 24.0652.E1    (0)    3 :  0.035 0.021 0.005 0.132 0.008 0.793 0.007 
 53 24.0653.E1    (0)    3 :  0.021 0.008 0.008 0.888 0.014 0.053 0.008 
 54 24.0654.E1    (0)    3 :  0.075 0.009 0.010 0.081 0.010 0.809 0.007 
 55 24.0655.E1    (0)    3 :  0.068 0.129 0.034 0.018 0.020 0.718 0.013 
 56 24.0656.E1    (0)    3 :  0.048 0.010 0.006 0.109 0.017 0.759 0.051 
 57 24.0657.E1    (0)    3 :  0.045 0.010 0.006 0.108 0.016 0.770 0.046 
 58 24.0658.E1    (0)    3 :  0.095 0.021 0.009 0.042 0.063 0.761 0.009 
 59 24.0659.E1    (0)    3 :  0.076 0.046 0.021 0.257 0.018 0.577 0.005 
 60 24.0660.E1    (6)    3 :  0.010 0.025 0.019 0.021 0.018 0.898 0.008 
 61 24.0661.E1    (0)    3 :  0.185 0.009 0.009 0.123 0.010 0.525 0.139 
 62 24.0662.E1    (0)    3 :  0.169 0.289 0.074 0.116 0.020 0.316 0.016 
 63 24.0663.E1    (0)    3 :  0.880 0.008 0.011 0.011 0.041 0.040 0.009 
 64 24.0664.E1    (0)    3 :  0.034 0.008 0.007 0.055 0.011 0.846 0.039 
 65 24.0665.E1    (0)    3 :  0.018 0.008 0.008 0.075 0.020 0.674 0.197 
 66 24.0666.E1    (0)    3 :  0.011 0.013 0.009 0.916 0.017 0.026 0.007 
 67 24.0667.E1    (0)    3 :  0.010 0.013 0.006 0.899 0.011 0.056 0.006 
 68 24.0668.E1    (0)    3 :  0.007 0.005 0.006 0.962 0.006 0.009 0.005 
 69 24.0669.E1    (0)    3 :  0.006 0.005 0.006 0.961 0.006 0.009 0.005 
 70 24.0670.E1    (0)    3 :  0.057 0.015 0.005 0.053 0.006 0.857 0.007 
 71 24.0671.E1    (0)    3 :  0.058 0.014 0.014 0.018 0.016 0.870 0.010 
 72 24.0672.E1    (0)    3 :  0.011 0.066 0.009 0.327 0.051 0.528 0.008 
 73 24.0673.E1    (6)    4 :  0.080 0.151 0.024 0.016 0.212 0.053 0.464 
 74 24.0674.E1    (0)    4 :  0.016 0.060 0.011 0.007 0.838 0.010 0.058 
 75 24.0675.E1    (0)    4 :  0.115 0.026 0.034 0.013 0.746 0.023 0.044 
 76 24.0676.E1    (0)    4 :  0.114 0.013 0.010 0.009 0.806 0.026 0.022 
 77 24.0677.E1    (0)    4 :  0.192 0.069 0.006 0.148 0.052 0.515 0.018 
 78 24.0678.E1    (0)    4 :  0.011 0.552 0.048 0.144 0.025 0.204 0.015 
 79 24.0679.E1    (0)    4 :  0.091 0.136 0.014 0.037 0.211 0.501 0.010 
 80 24.0680.E1    (0)    4 :  0.015 0.044 0.018 0.128 0.114 0.666 0.014 
 81 24.0681.E1    (0)    4 :  0.011 0.045 0.012 0.018 0.668 0.223 0.022 
 82 24.0682.E1    (0)    4 :  0.005 0.006 0.006 0.006 0.964 0.005 0.006 
 83 24.0683.E1    (0)    4 :  0.009 0.062 0.008 0.012 0.729 0.010 0.170 
 84 24.0684.E1    (0)    4 :  0.028 0.145 0.024 0.021 0.697 0.032 0.053 
 85 24.0685.E1    (0)    4 :  0.011 0.014 0.011 0.030 0.897 0.011 0.026 
 86 24.0686.E1    (0)    4 :  0.018 0.254 0.163 0.035 0.074 0.439 0.017 
 87 24.0687.E1    (0)    4 :  0.029 0.207 0.295 0.014 0.105 0.323 0.025 
 88 24.0688.E1    (0)    4 :  0.005 0.008 0.008 0.007 0.953 0.010 0.009 
 89 24.0689.E1    (0)    4 :  0.551 0.047 0.022 0.013 0.202 0.110 0.055 
 90 24.0690.E1    (0)    4 :  0.011 0.034 0.062 0.466 0.078 0.307 0.041 
 91 24.0691.E1    (0)    4 :  0.016 0.024 0.010 0.008 0.921 0.012 0.009 
 92 24.0692.E1    (0)    4 :  0.013 0.007 0.006 0.010 0.906 0.046 0.012 
 93 24.0693.E1    (0)    4 :  0.071 0.015 0.011 0.017 0.301 0.089 0.495 
 94 24.0694.E1    (0)    4 :  0.006 0.010 0.007 0.014 0.939 0.012 0.012 
 95 24.0695.E1    (0)    4 :  0.019 0.066 0.008 0.020 0.859 0.018 0.010 
 96 24.0696.E1    (0)    4 :  0.012 0.031 0.017 0.014 0.901 0.014 0.011 
 97 24.0697.E1    (0)    5 :  0.033 0.010 0.016 0.030 0.228 0.504 0.180 
 98 24.0698.E1    (0)    5 :  0.098 0.042 0.024 0.174 0.062 0.415 0.185 
 99 24.0699.E1    (0)    5 :  0.013 0.064 0.021 0.165 0.010 0.712 0.015 
100 24.0700.E1    (0)    5 :  0.011 0.011 0.009 0.018 0.062 0.877 0.012 
101 24.0701.E1    (0)    5 :  0.014 0.011 0.012 0.882 0.012 0.016 0.053 
102 24.0702.E1    (0)    5 :  0.011 0.022 0.019 0.051 0.047 0.793 0.057 
103 24.0703.E1    (0)    5 :  0.021 0.024 0.165 0.157 0.014 0.607 0.010 
104 24.0704.E1    (6)    5 :  0.014 0.047 0.033 0.344 0.026 0.519 0.016 
105 24.0705.E1    (0)    5 :  0.012 0.023 0.012 0.023 0.852 0.067 0.010 
106 24.0706.E1    (0)    5 :  0.020 0.011 0.011 0.043 0.103 0.796 0.017 
107 24.0707.E1    (0)    5 :  0.008 0.065 0.038 0.027 0.091 0.746 0.025 
108 24.0708.E1    (0)    5 :  0.386 0.165 0.297 0.029 0.056 0.038 0.030 
109 24.0709.E1    (0)    5 :  0.030 0.011 0.012 0.016 0.907 0.016 0.008 
110 24.0710.E1    (0)    5 :  0.069 0.123 0.012 0.219 0.304 0.224 0.050 
111 24.0711.E1    (0)    5 :  0.011 0.134 0.069 0.150 0.145 0.464 0.026 
112 24.0712.E1    (0)    5 :  0.009 0.034 0.054 0.779 0.048 0.049 0.027 
113 24.0713.E1    (0)    5 :  0.038 0.013 0.011 0.022 0.660 0.234 0.023 
114 24.0714.E1    (0)    5 :  0.031 0.094 0.026 0.040 0.045 0.749 0.014 
115 24.0715.E1    (0)    5 :  0.040 0.060 0.010 0.039 0.153 0.156 0.543 
116 24.0716.E1    (0)    5 :  0.053 0.100 0.067 0.420 0.031 0.305 0.024 
117 24.0717.E1    (0)    5 :  0.035 0.021 0.079 0.032 0.038 0.556 0.240 
118 24.0718.E1    (0)    5 :  0.010 0.028 0.029 0.040 0.270 0.606 0.017 
119 24.0719.E1    (0)    5 :  0.018 0.008 0.018 0.031 0.892 0.024 0.008 
120 24.0720.E1    (0)    5 :  0.015 0.017 0.014 0.019 0.778 0.148 0.009 
121 24.0721.E1    (0)    6 :  0.070 0.014 0.032 0.019 0.138 0.136 0.592 
122 24.0722.E1    (0)    6 :  0.015 0.027 0.218 0.052 0.117 0.041 0.530 
123 24.0723.E1    (0)    6 :  0.141 0.032 0.365 0.015 0.023 0.043 0.381 
124 24.0724.E1    (0)    6 :  0.172 0.235 0.035 0.018 0.398 0.030 0.112 
125 24.0725.E1    (0)    6 :  0.008 0.923 0.009 0.010 0.013 0.027 0.010 
126 24.0726.E1    (6)    6 :  0.012 0.556 0.013 0.011 0.257 0.042 0.109 
127 24.0727.E1    (0)    6 :  0.039 0.395 0.017 0.029 0.030 0.044 0.445 
128 24.0728.E1    (0)    6 :  0.026 0.498 0.034 0.016 0.028 0.169 0.229 
129 24.0729.E1    (0)    6 :  0.020 0.518 0.019 0.030 0.342 0.018 0.054 
130 24.0730.E1    (0)    6 :  0.055 0.120 0.014 0.087 0.070 0.563 0.091 
131 24.0731.E1    (0)    6 :  0.013 0.154 0.015 0.007 0.718 0.012 0.081 
132 24.0732.E1    (0)    6 :  0.005 0.054 0.012 0.017 0.116 0.042 0.753 
133 24.0733.E1    (0)    6 :  0.006 0.940 0.007 0.005 0.010 0.007 0.025 
134 24.0734.E1    (0)    6 :  0.012 0.056 0.023 0.013 0.014 0.058 0.824 
135 24.0735.E1    (0)    6 :  0.022 0.643 0.047 0.015 0.022 0.062 0.189 
136 24.0736.E1    (0)    6 :  0.008 0.916 0.009 0.007 0.010 0.010 0.040 
137 24.0737.E1    (0)    6 :  0.014 0.883 0.038 0.009 0.019 0.028 0.010 
138 24.0738.E1    (0)    6 :  0.009 0.891 0.012 0.014 0.014 0.021 0.038 
139 24.0739.E1    (0)    6 :  0.009 0.905 0.018 0.008 0.016 0.036 0.008 
140 24.0740.E1    (0)    6 :  0.015 0.434 0.019 0.020 0.474 0.020 0.019 
141 24.0741.E1    (0)    6 :  0.013 0.277 0.019 0.010 0.238 0.048 0.394 
142 24.0742.E1    (0)    6 :  0.012 0.250 0.014 0.010 0.038 0.015 0.662 
143 24.0743.E1    (0)    6 :  0.032 0.334 0.006 0.032 0.527 0.016 0.052 
144 24.0744.E1    (0)    6 :  0.042 0.194 0.016 0.315 0.208 0.028 0.197 
145 24.0745.E1    (0)    7 :  0.011 0.006 0.006 0.033 0.028 0.017 0.897 
146 24.0746.E1    (0)    7 :  0.014 0.106 0.106 0.048 0.080 0.044 0.602 
147 24.0747.E1    (0)    7 :  0.020 0.025 0.009 0.013 0.305 0.014 0.613 
148 24.0748.E1    (6)    7 :  0.027 0.030 0.009 0.015 0.389 0.016 0.515 
149 24.0749.E1    (0)    7 :  0.009 0.252 0.010 0.011 0.011 0.011 0.696 
150 24.0750.E1    (0)    7 :  0.028 0.206 0.021 0.037 0.378 0.070 0.261 
151 24.0751.E1    (0)    7 :  0.006 0.012 0.008 0.007 0.007 0.007 0.954 
152 24.0752.E1    (0)    7 :  0.012 0.080 0.008 0.011 0.017 0.012 0.860 
153 24.0753.E1    (0)    7 :  0.007 0.288 0.121 0.013 0.016 0.010 0.546 
154 24.0754.E1    (0)    7 :  0.007 0.026 0.017 0.008 0.027 0.011 0.904 
155 24.0755.E1    (0)    7 :  0.034 0.017 0.019 0.017 0.185 0.024 0.703 
156 24.0756.E1    (0)    7 :  0.017 0.023 0.009 0.011 0.008 0.006 0.924 
157 24.0757.E1    (0)    7 :  0.004 0.005 0.005 0.005 0.006 0.005 0.971 
158 24.0758.E1    (0)    7 :  0.004 0.005 0.005 0.005 0.006 0.005 0.969 
159 24.0759.E1    (0)    7 :  0.008 0.029 0.007 0.010 0.010 0.012 0.923 
160 24.0760.E1    (0)    7 :  0.007 0.016 0.244 0.015 0.032 0.053 0.634 
161 24.0761.E1    (0)    7 :  0.006 0.008 0.011 0.005 0.006 0.006 0.958 
162 24.0762.E1    (0)    7 :  0.040 0.249 0.011 0.317 0.061 0.262 0.059 
163 24.0763.E1    (0)    7 :  0.005 0.010 0.005 0.006 0.015 0.007 0.952 
164 24.0764.E1    (0)    7 :  0.006 0.021 0.009 0.007 0.007 0.009 0.941 
165 24.0765.E1    (0)    7 :  0.015 0.012 0.027 0.010 0.020 0.010 0.907 
166 24.0766.E1    (0)    7 :  0.006 0.012 0.008 0.007 0.010 0.007 0.950 
167 24.0767.E1    (0)    7 :  0.006 0.007 0.005 0.005 0.009 0.005 0.963 
168 24.0768.E1    (0)    7 :  0.060 0.212 0.007 0.045 0.553 0.024 0.098 
169 24.0779.E1    (0)    8 :  0.014 0.037 0.010 0.033 0.046 0.778 0.083 
170 24.0780.E1    (6)    8 :  0.243 0.010 0.008 0.010 0.047 0.677 0.006 
171 24.0781.E1    (0)    8 :  0.009 0.006 0.006 0.007 0.018 0.947 0.007 
172 24.0782.E1    (0)    8 :  0.047 0.189 0.072 0.020 0.443 0.187 0.041 
173 24.0783.E1    (0)    8 :  0.234 0.014 0.017 0.035 0.095 0.595 0.009 
174 24.0784.E1    (0)    8 :  0.046 0.012 0.008 0.007 0.051 0.870 0.006 
175 24.0785.E1    (0)    8 :  0.083 0.009 0.006 0.029 0.015 0.852 0.005 
176 24.0786.E1    (0)    8 :  0.133 0.032 0.011 0.017 0.185 0.606 0.015 
177 24.0787.E1    (0)    8 :  0.012 0.016 0.053 0.022 0.020 0.857 0.021 
178 24.0788.E1    (0)    8 :  0.107 0.007 0.019 0.016 0.053 0.789 0.009 
179 24.0789.E1    (0)    8 :  0.046 0.063 0.038 0.016 0.015 0.812 0.010 
180 24.0790.E1    (0)    8 :  0.013 0.005 0.010 0.024 0.009 0.933 0.005 
181 24.0791.E1    (0)    8 :  0.012 0.192 0.006 0.402 0.045 0.331 0.011 
182 24.0792.E1    (0)    8 :  0.026 0.012 0.006 0.046 0.052 0.821 0.038 
183 24.0793.E1    (0)    9 :  0.438 0.063 0.322 0.110 0.011 0.048 0.008 
184 24.0794.E1    (0)    9 :  0.082 0.684 0.010 0.023 0.008 0.184 0.010 
185 24.0795.E1    (0)    9 :  0.136 0.608 0.181 0.015 0.018 0.032 0.010 
186 24.0796.E1    (0)    9 :  0.566 0.101 0.010 0.025 0.011 0.281 0.006 
187 24.0797.E1    (0)    9 :  0.630 0.045 0.070 0.063 0.010 0.177 0.005 
188 24.0798.E1    (0)    9 :  0.066 0.015 0.195 0.608 0.032 0.033 0.051 
189 24.0799.E1    (0)    9 :  0.069 0.043 0.016 0.830 0.013 0.020 0.009 
190 24.0800.E1    (0)    9 :  0.519 0.027 0.007 0.332 0.086 0.018 0.011 
191 24.0801.E1    (0)    9 :  0.015 0.007 0.010 0.920 0.027 0.014 0.006 
192 24.0802.E1    (0)    9 :  0.402 0.022 0.499 0.027 0.012 0.032 0.007 
193 24.0803.E1    (0)    9 :  0.046 0.035 0.123 0.756 0.009 0.023 0.007 
194 24.0804.E1    (0)    9 :  0.693 0.012 0.255 0.015 0.008 0.010 0.006 
195 24.0805.E1    (0)    9 :  0.022 0.013 0.012 0.747 0.167 0.029 0.010 
196 24.0806.E1    (0)    9 :  0.160 0.052 0.637 0.099 0.016 0.019 0.015 
197 24.0807.E1    (0)    9 :  0.518 0.024 0.366 0.035 0.011 0.040 0.006 
198 24.0808.E1    (0)    9 :  0.409 0.018 0.015 0.147 0.248 0.154 0.009 
199 24.0809.E1    (0)    9 :  0.139 0.025 0.009 0.540 0.263 0.014 0.011 
200 24.0810.E1    (0)    9 :  0.164 0.020 0.036 0.665 0.081 0.016 0.017 
201 24.0811.E1    (0)    9 :  0.722 0.036 0.195 0.009 0.008 0.023 0.007 
202 24.0812.E1    (0)    9 :  0.773 0.053 0.017 0.027 0.040 0.080 0.010 
203 24.0813.E1    (0)    9 :  0.176 0.013 0.282 0.045 0.173 0.301 0.010 
204 24.0814.E1    (6)    9 :  0.683 0.010 0.135 0.101 0.044 0.020 0.007 
205 24.0815.E1    (0)    9 :  0.055 0.007 0.296 0.553 0.061 0.019 0.009 
206 24.0816.E1    (0)    9 :  0.382 0.013 0.381 0.150 0.007 0.059 0.006 
207 24.0817.E1    (0)   10 :  0.910 0.025 0.008 0.012 0.015 0.021 0.009 
208 24.0818.E1    (0)   10 :  0.805 0.052 0.013 0.020 0.010 0.089 0.012 
209 24.0819.E1    (0)   10 :  0.056 0.012 0.010 0.682 0.011 0.020 0.211 
210 24.0820.E1    (0)   10 :  0.456 0.008 0.008 0.049 0.007 0.014 0.459 
211 24.0821.E1    (0)   10 :  0.193 0.017 0.013 0.468 0.020 0.281 0.008 
212 24.0822.E1    (0)   10 :  0.899 0.009 0.005 0.013 0.015 0.032 0.027 
213 24.0823.E1    (0)   10 :  0.779 0.011 0.013 0.049 0.012 0.013 0.123 
214 24.0824.E1    (0)   10 :  0.312 0.010 0.010 0.562 0.085 0.009 0.011 
215 24.0825.E1    (0)   10 :  0.935 0.008 0.007 0.008 0.025 0.008 0.010 
216 24.0826.E1    (0)   10 :  0.605 0.007 0.010 0.052 0.010 0.030 0.287 
217 24.0827.E1    (0)   10 :  0.878 0.057 0.010 0.010 0.016 0.024 0.006 
218 24.0828.E1    (0)   10 :  0.820 0.009 0.012 0.058 0.014 0.023 0.065 
219 24.0829.E1    (0)   10 :  0.920 0.009 0.007 0.022 0.015 0.013 0.014 
220 24.0830.E1    (0)   10 :  0.832 0.010 0.009 0.016 0.014 0.113 0.006 
221 24.0831.E1    (0)   10 :  0.758 0.008 0.007 0.022 0.014 0.185 0.006 
222 24.0832.E1    (0)   10 :  0.943 0.014 0.005 0.006 0.018 0.009 0.006 
223 24.0833.E1    (0)   10 :  0.954 0.006 0.005 0.005 0.018 0.006 0.006 
224 24.0834.E1    (0)   10 :  0.928 0.012 0.009 0.009 0.018 0.010 0.014 
225 24.0835.E1    (0)   10 :  0.921 0.018 0.009 0.021 0.014 0.011 0.006 
226 24.0836.E1    (0)   10 :  0.865 0.020 0.007 0.027 0.049 0.016 0.015 
227 24.0837.E1    (0)   10 :  0.931 0.010 0.006 0.014 0.015 0.015 0.009 
228 24.0838.E1    (0)   10 :  0.931 0.006 0.006 0.007 0.022 0.014 0.014 
229 24.0839.E1    (0)   10 :  0.670 0.101 0.022 0.057 0.029 0.096 0.025 
230 24.0840.E1    (0)   10 :  0.876 0.036 0.044 0.014 0.007 0.018 0.005 
231 24.0841.E1    (0)   11 :  0.895 0.021 0.005 0.009 0.020 0.033 0.017 
232 24.0842.E1    (0)   11 :  0.695 0.016 0.005 0.245 0.011 0.017 0.010 
233 24.0843.E1    (0)   11 :  0.645 0.007 0.008 0.276 0.008 0.024 0.032 
234 24.0844.E1    (0)   11 :  0.323 0.035 0.007 0.573 0.020 0.032 0.010 
235 24.0845.E1    (0)   11 :  0.886 0.010 0.007 0.018 0.018 0.054 0.007 
236 24.0846.E1    (0)   11 :  0.910 0.016 0.012 0.022 0.018 0.013 0.010 
237 24.0847.E1    (0)   11 :  0.706 0.048 0.009 0.030 0.175 0.015 0.017 
238 24.0848.E1    (0)   11 :  0.819 0.015 0.006 0.045 0.070 0.038 0.006 
239 24.0849.E1    (0)   11 :  0.941 0.009 0.006 0.013 0.007 0.010 0.014 
240 24.0850.E1    (0)   11 :  0.941 0.009 0.006 0.013 0.007 0.010 0.014 
241 24.0851.E1    (0)   11 :  0.942 0.009 0.006 0.013 0.007 0.010 0.014 
242 24.0852.E1    (0)   11 :  0.845 0.008 0.006 0.014 0.012 0.060 0.054 
243 24.0853.E1    (0)   11 :  0.948 0.006 0.007 0.007 0.008 0.008 0.015 
244 24.0854.E1    (0)   11 :  0.042 0.013 0.008 0.891 0.011 0.022 0.013 
245 24.0855.E1    (0)   11 :  0.947 0.008 0.007 0.013 0.009 0.010 0.007 
246 24.0856.E1    (0)   11 :  0.071 0.190 0.245 0.374 0.016 0.060 0.043 
247 24.0857.E1    (0)   11 :  0.810 0.027 0.016 0.062 0.052 0.016 0.017 
248 24.0858.E1    (0)   11 :  0.844 0.017 0.007 0.059 0.019 0.038 0.017 
249 24.0859.E1    (0)   11 :  0.779 0.014 0.015 0.032 0.012 0.019 0.129 
250 24.0860.E1    (0)   11 :  0.166 0.075 0.036 0.621 0.010 0.054 0.038 
251 24.0861.E1    (0)   11 :  0.943 0.008 0.006 0.009 0.007 0.012 0.016 
252 24.0862.E1    (0)   11 :  0.323 0.259 0.193 0.114 0.017 0.084 0.010 
253 24.0863.E1    (0)   11 :  0.944 0.008 0.006 0.009 0.007 0.012 0.016 
254 24.0864.E1    (0)   11 :  0.142 0.090 0.009 0.042 0.631 0.078 0.009 
255 24.0865.E1    (0)   12 :  0.175 0.024 0.015 0.044 0.113 0.222 0.406 
256 24.0866.E1    (0)   12 :  0.166 0.036 0.008 0.180 0.447 0.129 0.033 
257 24.0867.E1    (0)   12 :  0.080 0.013 0.027 0.036 0.600 0.020 0.223 
258 24.0868.E1    (0)   12 :  0.041 0.012 0.025 0.028 0.689 0.182 0.022 
259 24.0869.E1    (0)   12 :  0.026 0.008 0.036 0.011 0.885 0.027 0.007 
260 24.0870.E1    (0)   12 :  0.024 0.141 0.108 0.022 0.471 0.204 0.029 
261 24.0871.E1    (0)   12 :  0.042 0.087 0.065 0.052 0.568 0.175 0.012 
262 24.0872.E1    (0)   12 :  0.035 0.014 0.011 0.080 0.331 0.242 0.288 
263 24.0873.E1    (0)   12 :  0.025 0.010 0.017 0.037 0.866 0.028 0.018 
264 24.0874.E1    (0)   12 :  0.130 0.011 0.010 0.087 0.423 0.033 0.306 
265 24.0875.E1    (0)   12 :  0.019 0.087 0.014 0.346 0.314 0.201 0.020 
266 24.0876.E1    (0)   12 :  0.010 0.164 0.011 0.185 0.539 0.074 0.018 
267 24.0877.E1    (0)   12 :  0.008 0.759 0.009 0.036 0.065 0.027 0.095 
268 24.0878.E1    (0)   12 :  0.057 0.459 0.014 0.013 0.417 0.016 0.023 
269 24.0879.E1    (0)   12 :  0.008 0.684 0.017 0.214 0.039 0.030 0.008 
270 24.0880.E1    (0)   12 :  0.169 0.030 0.018 0.036 0.671 0.059 0.016 
271 24.0881.E1    (0)   12 :  0.007 0.933 0.012 0.009 0.014 0.008 0.017 
272 24.0882.E1    (0)   12 :  0.011 0.244 0.009 0.019 0.028 0.021 0.668 
273 24.0883.E1    (0)   12 :  0.014 0.269 0.012 0.239 0.197 0.018 0.251 
274 24.0884.E1    (0)   12 :  0.014 0.791 0.011 0.017 0.064 0.018 0.086 
275 24.0885.E1    (0)   12 :  0.012 0.471 0.016 0.029 0.401 0.062 0.010 
276 24.0886.E1    (0)   12 :  0.011 0.246 0.006 0.082 0.412 0.022 0.221 
277 24.0887.E1    (0)   12 :  0.006 0.050 0.012 0.193 0.043 0.008 0.688 
278 24.0888.E1    (0)   12 :  0.009 0.016 0.013 0.043 0.040 0.871 0.008 


Estimated Allele Frequencies in each cluster
First column gives estimated ancestral frequencies


Locus 1 : 
31 alleles
0.0% missing data
 115   (0.032) 0.003 0.127 0.003 0.012 0.117 0.009 0.006 
 117   (0.044) 0.003 0.183 0.004 0.049 0.065 0.009 0.170 
 119   (0.043) 0.003 0.256 0.213 0.007 0.023 0.008 0.304 
 131   (0.015) 0.001 0.047 0.001 0.002 0.004 0.003 0.003 
 128   (0.038) 0.016 0.033 0.003 0.016 0.039 0.037 0.004 
 135   (0.019) 0.002 0.038 0.002 0.003 0.020 0.004 0.006 
 126   (0.079) 0.168 0.091 0.011 0.065 0.065 0.069 0.079 
 122   (0.031) 0.005 0.019 0.167 0.030 0.008 0.025 0.002 
 132   (0.031) 0.034 0.006 0.004 0.018 0.012 0.023 0.016 
 141   (0.013) 0.001 0.010 0.002 0.002 0.002 0.002 0.001 
 130   (0.053) 0.026 0.007 0.023 0.062 0.090 0.054 0.023 
 134   (0.037) 0.046 0.004 0.119 0.012 0.024 0.023 0.003 
 145   (0.027) 0.003 0.004 0.012 0.025 0.005 0.035 0.018 
 127   (0.027) 0.002 0.027 0.027 0.006 0.006 0.007 0.158 
 116   (0.099) 0.176 0.017 0.182 0.110 0.163 0.263 0.020 
 114   (0.052) 0.173 0.008 0.090 0.060 0.035 0.037 0.008 
 120   (0.040) 0.003 0.010 0.071 0.070 0.012 0.064 0.003 
 110   (0.049) 0.055 0.012 0.026 0.050 0.053 0.024 0.028 
 133   (0.015) 0.001 0.004 0.008 0.008 0.002 0.003 0.013 
 118   (0.096) 0.217 0.016 0.015 0.352 0.186 0.239 0.023 
 125   (0.014) 0.011 0.004 0.002 0.004 0.002 0.006 0.001 
 129   (0.022) 0.001 0.043 0.002 0.011 0.007 0.008 0.006 
 124   (0.017) 0.001 0.009 0.002 0.010 0.003 0.016 0.001 
 136   (0.023) 0.038 0.003 0.002 0.003 0.041 0.005 0.001 
 121   (0.014) 0.001 0.005 0.001 0.002 0.003 0.003 0.062 
 139   (0.011) 0.001 0.010 0.001 0.002 0.001 0.002 0.001 
 113   (0.012) 0.001 0.001 0.001 0.002 0.002 0.002 0.013 
 111   (0.010) 0.001 0.002 0.001 0.002 0.002 0.002 0.012 
 143   (0.011) 0.001 0.001 0.001 0.002 0.001 0.002 0.013 
 140   (0.014) 0.001 0.002 0.004 0.003 0.004 0.015 0.001 
 112   (0.011) 0.008 0.001 0.001 0.002 0.002 0.002 0.001 

Locus 2 : 
18 alleles
0.0% missing data
 152   (0.363) 0.287 0.639 0.439 0.417 0.535 0.245 0.778 
 148   (0.073) 0.006 0.132 0.185 0.029 0.160 0.025 0.029 
 154   (0.110) 0.164 0.059 0.235 0.038 0.151 0.080 0.037 
 156   (0.015) 0.001 0.016 0.002 0.003 0.002 0.005 0.001 
 150   (0.025) 0.002 0.009 0.051 0.005 0.003 0.005 0.044 
 164   (0.079) 0.091 0.067 0.020 0.037 0.037 0.112 0.019 
 158   (0.032) 0.002 0.008 0.020 0.094 0.020 0.007 0.009 
 160   (0.019) 0.001 0.003 0.002 0.003 0.006 0.011 0.022 
 166   (0.021) 0.002 0.005 0.013 0.015 0.004 0.022 0.001 
 151   (0.063) 0.337 0.008 0.005 0.117 0.009 0.254 0.005 
 147   (0.070) 0.093 0.010 0.009 0.189 0.040 0.140 0.008 
 168   (0.024) 0.002 0.003 0.003 0.019 0.007 0.025 0.003 
 153   (0.015) 0.001 0.002 0.001 0.003 0.002 0.019 0.001 
 149   (0.027) 0.002 0.003 0.002 0.022 0.015 0.012 0.011 
 162   (0.021) 0.006 0.008 0.010 0.004 0.003 0.014 0.002 
 167   (0.014) 0.001 0.022 0.001 0.002 0.002 0.002 0.001 
 146   (0.014) 0.001 0.002 0.001 0.002 0.002 0.002 0.027 
 172   (0.014) 0.001 0.002 0.001 0.002 0.002 0.021 0.001 

Locus 3 : 
4 alleles
0.0% missing data
 128   (0.288) 0.401 0.202 0.267 0.327 0.317 0.214 0.406 
 126   (0.614) 0.518 0.714 0.665 0.561 0.656 0.731 0.586 
 132   (0.082) 0.080 0.082 0.061 0.088 0.025 0.053 0.007 
 134   (0.016) 0.001 0.002 0.006 0.024 0.002 0.003 0.001 

Locus 4 : 
3 alleles
0.0% missing data
 170   (0.316) 0.351 0.344 0.407 0.236 0.176 0.358 0.272 
 172   (0.671) 0.648 0.654 0.587 0.762 0.820 0.638 0.725 
 171   (0.014) 0.001 0.002 0.007 0.002 0.004 0.003 0.003 

Locus 5 : 
37 alleles
0.0% missing data
 125   (0.054) 0.082 0.074 0.049 0.083 0.045 0.022 0.037 
 110   (0.037) 0.059 0.053 0.030 0.049 0.006 0.010 0.013 
 129   (0.035) 0.025 0.048 0.003 0.021 0.012 0.095 0.003 
 113   (0.031) 0.055 0.015 0.007 0.014 0.011 0.096 0.003 
 145   (0.054) 0.007 0.194 0.005 0.048 0.130 0.058 0.097 
 155   (0.050) 0.047 0.152 0.194 0.031 0.027 0.028 0.014 
 117   (0.031) 0.002 0.020 0.007 0.006 0.093 0.028 0.028 
 124   (0.011) 0.001 0.021 0.001 0.001 0.002 0.002 0.001 
 133   (0.035) 0.003 0.041 0.003 0.014 0.026 0.055 0.068 
 157   (0.050) 0.030 0.010 0.019 0.113 0.051 0.120 0.024 
 141   (0.015) 0.003 0.004 0.001 0.003 0.008 0.029 0.001 
 112   (0.067) 0.153 0.071 0.165 0.028 0.104 0.038 0.150 
 121   (0.023) 0.025 0.009 0.019 0.011 0.004 0.020 0.003 
 114   (0.039) 0.041 0.041 0.009 0.008 0.126 0.008 0.158 
 153   (0.053) 0.079 0.051 0.009 0.257 0.043 0.047 0.004 
 127   (0.069) 0.139 0.081 0.031 0.041 0.074 0.099 0.107 
 131   (0.055) 0.036 0.041 0.204 0.120 0.047 0.014 0.198 
 135   (0.029) 0.057 0.006 0.005 0.046 0.028 0.022 0.003 
 104   (0.009) 0.001 0.001 0.006 0.002 0.004 0.002 0.003 
 118   (0.018) 0.001 0.014 0.012 0.007 0.013 0.009 0.002 
 116   (0.028) 0.013 0.006 0.055 0.013 0.030 0.013 0.003 
 137   (0.021) 0.002 0.008 0.139 0.011 0.006 0.014 0.005 
 123   (0.019) 0.070 0.006 0.006 0.016 0.006 0.005 0.002 
 149   (0.010) 0.004 0.001 0.001 0.002 0.006 0.002 0.001 
 138   (0.012) 0.001 0.001 0.001 0.004 0.001 0.045 0.001 
 143   (0.026) 0.037 0.004 0.003 0.008 0.003 0.030 0.063 
 163   (0.008) 0.001 0.003 0.005 0.001 0.002 0.005 0.001 
 109   (0.010) 0.001 0.001 0.001 0.001 0.023 0.002 0.001 
 139   (0.011) 0.001 0.001 0.001 0.002 0.002 0.009 0.001 
 106   (0.009) 0.001 0.002 0.001 0.002 0.002 0.009 0.001 
 144   (0.015) 0.001 0.002 0.001 0.012 0.036 0.004 0.001 
 122   (0.012) 0.001 0.009 0.001 0.002 0.010 0.002 0.004 
 100   (0.017) 0.014 0.003 0.004 0.010 0.006 0.022 0.001 
 111   (0.010) 0.001 0.001 0.001 0.002 0.001 0.028 0.001 
 233   (0.009) 0.002 0.001 0.001 0.009 0.001 0.004 0.001 
 134   (0.010) 0.007 0.001 0.001 0.002 0.001 0.004 0.001 
 140   (0.009) 0.001 0.001 0.001 0.002 0.008 0.003 0.001 

Locus 6 : 
17 alleles
0.0% missing data
 221   (0.024) 0.001 0.134 0.002 0.004 0.003 0.004 0.073 
 232   (0.241) 0.414 0.200 0.130 0.295 0.233 0.353 0.467 
 229   (0.056) 0.055 0.095 0.044 0.034 0.028 0.012 0.056 
 223   (0.063) 0.042 0.086 0.009 0.077 0.072 0.033 0.009 
 230   (0.150) 0.150 0.076 0.141 0.092 0.237 0.191 0.280 
 235   (0.015) 0.001 0.066 0.001 0.002 0.002 0.003 0.001 
 236   (0.036) 0.003 0.089 0.029 0.012 0.010 0.033 0.006 
 227   (0.024) 0.002 0.057 0.002 0.009 0.010 0.008 0.003 
 220   (0.054) 0.073 0.007 0.177 0.073 0.040 0.030 0.004 
 222   (0.044) 0.009 0.006 0.304 0.063 0.027 0.036 0.003 
 234   (0.130) 0.097 0.089 0.136 0.226 0.236 0.096 0.056 
 224   (0.034) 0.046 0.005 0.004 0.062 0.007 0.029 0.002 
 228   (0.055) 0.058 0.014 0.007 0.030 0.044 0.159 0.004 
 225   (0.012) 0.001 0.009 0.004 0.002 0.002 0.002 0.001 
 226   (0.017) 0.045 0.007 0.007 0.003 0.002 0.004 0.001 
 233   (0.027) 0.002 0.039 0.002 0.013 0.025 0.005 0.033 
 231   (0.016) 0.001 0.021 0.001 0.003 0.022 0.003 0.001 

Locus 7 : 
10 alleles
0.0% missing data
 121   (0.687) 0.710 0.884 0.807 0.700 0.821 0.837 0.742 
 129   (0.086) 0.152 0.065 0.010 0.053 0.053 0.049 0.108 
 130   (0.017) 0.004 0.004 0.007 0.015 0.002 0.004 0.002 
 123   (0.095) 0.124 0.030 0.118 0.145 0.032 0.067 0.101 
 128   (0.022) 0.001 0.004 0.028 0.011 0.004 0.004 0.021 
 131   (0.015) 0.002 0.003 0.022 0.006 0.002 0.003 0.001 
 117   (0.013) 0.001 0.002 0.001 0.002 0.002 0.011 0.001 
 125   (0.014) 0.001 0.002 0.001 0.031 0.002 0.002 0.001 
 134   (0.037) 0.004 0.006 0.005 0.035 0.072 0.020 0.008 
 132   (0.015) 0.001 0.002 0.001 0.002 0.010 0.003 0.015 

Locus 8 : 
19 alleles
0.0% missing data
 184   (0.290) 0.308 0.490 0.462 0.515 0.426 0.352 0.365 
 194   (0.047) 0.009 0.033 0.019 0.015 0.073 0.036 0.022 
 178   (0.095) 0.200 0.205 0.172 0.031 0.087 0.058 0.062 
 176   (0.081) 0.039 0.043 0.011 0.097 0.081 0.093 0.211 
 182   (0.081) 0.077 0.034 0.029 0.067 0.062 0.099 0.190 
 190   (0.034) 0.016 0.008 0.061 0.029 0.005 0.007 0.037 
 196   (0.025) 0.036 0.007 0.002 0.005 0.008 0.022 0.002 
 200   (0.032) 0.002 0.019 0.007 0.031 0.007 0.026 0.010 
 180   (0.025) 0.002 0.011 0.062 0.056 0.003 0.005 0.002 
 188   (0.043) 0.030 0.026 0.007 0.013 0.056 0.033 0.006 
 174   (0.037) 0.003 0.021 0.016 0.030 0.082 0.012 0.023 
 186   (0.111) 0.219 0.082 0.123 0.047 0.082 0.217 0.063 
 192   (0.025) 0.047 0.011 0.010 0.017 0.004 0.008 0.003 
 201   (0.012) 0.001 0.001 0.009 0.007 0.002 0.002 0.001 
 199   (0.019) 0.004 0.002 0.006 0.021 0.002 0.013 0.001 
 185   (0.011) 0.001 0.001 0.001 0.003 0.001 0.009 0.001 
 203   (0.011) 0.001 0.001 0.001 0.002 0.011 0.002 0.001 
 198   (0.012) 0.003 0.002 0.001 0.004 0.004 0.004 0.001 
 209   (0.011) 0.002 0.002 0.001 0.011 0.001 0.002 0.001 

Locus 9 : 
6 alleles
0.4% missing data
 154   (0.686) 0.816 0.729 0.791 0.710 0.672 0.795 0.653 
 156   (0.209) 0.085 0.164 0.200 0.272 0.252 0.148 0.331 
 152   (0.048) 0.095 0.065 0.004 0.008 0.043 0.016 0.007 
 153   (0.015) 0.001 0.004 0.002 0.002 0.002 0.017 0.001 
 160   (0.015) 0.001 0.002 0.001 0.005 0.002 0.018 0.001 
 164   (0.027) 0.002 0.036 0.002 0.004 0.028 0.005 0.007 

Locus 10 : 
29 alleles
0.7% missing data
 305   (0.056) 0.011 0.153 0.217 0.015 0.010 0.078 0.006 
 313   (0.046) 0.023 0.137 0.011 0.009 0.009 0.058 0.004 
 311   (0.018) 0.001 0.016 0.001 0.006 0.003 0.005 0.001 
 299   (0.111) 0.207 0.273 0.027 0.080 0.037 0.149 0.028 
 315   (0.076) 0.013 0.090 0.056 0.017 0.025 0.136 0.081 
 287   (0.023) 0.002 0.008 0.003 0.457 0.004 0.008 0.002 
 291   (0.091) 0.332 0.068 0.036 0.028 0.368 0.052 0.014 
 295   (0.023) 0.002 0.021 0.003 0.003 0.167 0.006 0.002 
 289   (0.017) 0.002 0.003 0.002 0.117 0.002 0.006 0.001 
 303   (0.057) 0.130 0.011 0.028 0.024 0.017 0.066 0.577 
 297   (0.044) 0.083 0.025 0.005 0.014 0.070 0.010 0.078 
 293   (0.021) 0.001 0.046 0.002 0.052 0.009 0.009 0.001 
 301   (0.060) 0.006 0.056 0.109 0.015 0.063 0.074 0.007 
 285   (0.018) 0.004 0.002 0.388 0.008 0.002 0.005 0.001 
 307   (0.054) 0.066 0.009 0.024 0.012 0.059 0.029 0.179 
 312   (0.057) 0.067 0.009 0.040 0.020 0.067 0.086 0.004 
 306   (0.028) 0.003 0.007 0.003 0.005 0.031 0.049 0.002 
 320   (0.015) 0.001 0.002 0.001 0.002 0.002 0.021 0.001 
 317   (0.023) 0.003 0.018 0.002 0.011 0.003 0.050 0.001 
 314   (0.027) 0.002 0.026 0.002 0.020 0.007 0.015 0.002 
 323   (0.014) 0.001 0.002 0.001 0.006 0.002 0.008 0.001 
 325   (0.012) 0.001 0.002 0.001 0.006 0.002 0.008 0.001 
 310   (0.019) 0.019 0.003 0.002 0.003 0.004 0.020 0.001 
 309   (0.014) 0.001 0.002 0.001 0.003 0.021 0.003 0.001 
 316   (0.016) 0.003 0.002 0.001 0.003 0.002 0.028 0.001 
 296   (0.013) 0.001 0.002 0.001 0.002 0.002 0.011 0.001 
 304   (0.020) 0.012 0.003 0.029 0.013 0.002 0.006 0.001 
 321   (0.012) 0.001 0.001 0.002 0.024 0.004 0.002 0.001 
 332   (0.015) 0.001 0.002 0.001 0.023 0.005 0.003 0.001 

Locus 11 : 
19 alleles
0.0% missing data
 114   (0.148) 0.011 0.230 0.276 0.047 0.232 0.140 0.206 
 126   (0.022) 0.001 0.055 0.013 0.003 0.005 0.004 0.003 
 111   (0.081) 0.588 0.246 0.026 0.253 0.018 0.019 0.006 
 116   (0.108) 0.016 0.125 0.030 0.127 0.117 0.057 0.240 
 132   (0.013) 0.001 0.011 0.001 0.002 0.002 0.003 0.001 
 109   (0.019) 0.001 0.041 0.002 0.003 0.006 0.003 0.001 
 128   (0.017) 0.002 0.005 0.002 0.002 0.016 0.004 0.001 
 112   (0.319) 0.028 0.221 0.589 0.246 0.452 0.603 0.505 
 122   (0.017) 0.001 0.002 0.006 0.004 0.009 0.006 0.008 
 124   (0.014) 0.001 0.002 0.016 0.002 0.002 0.002 0.002 
 118   (0.048) 0.005 0.013 0.013 0.095 0.071 0.022 0.013 
 127   (0.012) 0.001 0.001 0.001 0.002 0.001 0.011 0.001 
 113   (0.053) 0.288 0.007 0.009 0.096 0.011 0.059 0.004 
 115   (0.035) 0.003 0.018 0.004 0.084 0.027 0.013 0.003 
 120   (0.023) 0.037 0.003 0.002 0.004 0.019 0.004 0.001 
 117   (0.022) 0.007 0.005 0.003 0.015 0.003 0.014 0.002 
 125   (0.018) 0.001 0.003 0.002 0.008 0.003 0.026 0.001 
 119   (0.019) 0.008 0.003 0.005 0.004 0.005 0.008 0.001 
 136   (0.013) 0.001 0.009 0.001 0.005 0.002 0.003 0.001 

Locus 12 : 
28 alleles
0.7% missing data
 306   (0.058) 0.018 0.151 0.249 0.022 0.010 0.049 0.006 
 314   (0.050) 0.075 0.126 0.006 0.018 0.008 0.045 0.005 
 312   (0.015) 0.001 0.023 0.001 0.002 0.002 0.003 0.001 
 300   (0.118) 0.207 0.288 0.027 0.082 0.038 0.150 0.028 
 316   (0.043) 0.013 0.082 0.050 0.007 0.007 0.012 0.078 
 288   (0.023) 0.002 0.007 0.003 0.452 0.003 0.007 0.002 
 292   (0.094) 0.334 0.069 0.035 0.034 0.370 0.052 0.014 
 296   (0.030) 0.003 0.022 0.003 0.005 0.168 0.015 0.002 
 290   (0.019) 0.002 0.004 0.002 0.118 0.002 0.007 0.001 
 304   (0.058) 0.131 0.012 0.027 0.024 0.016 0.066 0.578 
 298   (0.047) 0.083 0.026 0.005 0.015 0.070 0.010 0.078 
 294   (0.023) 0.001 0.047 0.002 0.053 0.009 0.009 0.001 
 302   (0.066) 0.007 0.057 0.107 0.017 0.063 0.075 0.007 
 286   (0.017) 0.004 0.002 0.396 0.009 0.002 0.005 0.001 
 308   (0.033) 0.002 0.006 0.022 0.009 0.017 0.023 0.175 
 313   (0.046) 0.004 0.008 0.039 0.014 0.071 0.106 0.004 
 307   (0.047) 0.070 0.009 0.004 0.007 0.074 0.052 0.004 
 321   (0.015) 0.001 0.002 0.001 0.002 0.002 0.021 0.001 
 315   (0.047) 0.003 0.031 0.005 0.033 0.023 0.138 0.003 
 318   (0.022) 0.005 0.007 0.002 0.010 0.003 0.048 0.001 
 324   (0.014) 0.001 0.002 0.001 0.006 0.002 0.008 0.001 
 326   (0.014) 0.001 0.002 0.001 0.006 0.002 0.008 0.001 
 311   (0.025) 0.027 0.008 0.002 0.011 0.005 0.031 0.002 
 310   (0.015) 0.001 0.002 0.001 0.003 0.021 0.003 0.001 
 305   (0.017) 0.001 0.002 0.001 0.002 0.002 0.031 0.001 
 317   (0.015) 0.001 0.002 0.001 0.002 0.002 0.021 0.001 
 320   (0.014) 0.001 0.002 0.001 0.012 0.003 0.003 0.001 
 322   (0.014) 0.001 0.002 0.002 0.025 0.004 0.003 0.001 

Locus 13 : 
7 alleles
1.1% missing data
 161   (0.596) 0.339 0.642 0.101 0.607 0.813 0.529 0.895 
 163   (0.294) 0.569 0.286 0.054 0.374 0.146 0.450 0.028 
 160   (0.019) 0.001 0.003 0.416 0.003 0.003 0.004 0.001 
 162   (0.017) 0.001 0.002 0.420 0.002 0.002 0.003 0.001 
 165   (0.044) 0.088 0.062 0.006 0.008 0.028 0.009 0.005 
 166   (0.015) 0.001 0.004 0.002 0.003 0.006 0.003 0.003 
 164   (0.016) 0.001 0.002 0.001 0.002 0.002 0.003 0.066 

Locus 14 : 
4 alleles
0.4% missing data
  98   (0.955) 0.997 0.989 0.996 0.992 0.990 0.976 0.985 
 100   (0.014) 0.001 0.002 0.001 0.003 0.002 0.010 0.002 
  96   (0.018) 0.001 0.008 0.002 0.003 0.007 0.004 0.012 
 105   (0.014) 0.001 0.002 0.001 0.002 0.002 0.010 0.001 

Locus 15 : 
12 alleles
2.2% missing data
 171   (0.310) 0.320 0.380 0.196 0.440 0.239 0.387 0.181 
 177   (0.181) 0.088 0.203 0.310 0.239 0.258 0.134 0.058 
 173   (0.260) 0.550 0.281 0.188 0.153 0.349 0.314 0.092 
 179   (0.099) 0.016 0.077 0.284 0.109 0.036 0.069 0.553 
 183   (0.018) 0.002 0.034 0.002 0.004 0.002 0.006 0.006 
 181   (0.042) 0.019 0.007 0.004 0.007 0.014 0.049 0.103 
 197   (0.016) 0.001 0.003 0.001 0.002 0.054 0.003 0.002 
 170   (0.014) 0.001 0.002 0.001 0.005 0.004 0.016 0.001 
 189   (0.015) 0.001 0.007 0.009 0.002 0.003 0.011 0.001 
 203   (0.014) 0.001 0.002 0.001 0.002 0.034 0.003 0.001 
 187   (0.017) 0.001 0.003 0.001 0.024 0.002 0.006 0.001 
 198   (0.014) 0.001 0.002 0.001 0.013 0.003 0.003 0.001 

Values of parameters used in structure:
DATAFILE=STRUCTURE_main_final_278_HEG_ZG.str,	OUTFILE=STRUCTURE_main_final_278_HEG_ZG-K7-8,	NUMINDS=278,	NUMLOCI=15,	MISSING=-9,	LABEL=1,	POPDATA=1,	POPFLAG=0,	PHENOTYPE=0,	EXTRACOLS=0,	MAXPOPS=7,	BURNIN=100000,	NUMREPS=500000,	USEPOPINFO=0,	INFERALPHA=1,	INFERLAMBDA=0,	POPSPECIFICLAMBDA=0,	POPALPHAS=0,	COMPUTEPROB=1,	NOADMIX=0,	ADMBURNIN=2500,	UPDATEFREQ=1,	PRINTLIKES=0,	INTERMEDSAVE=0,	PRINTKLD=0,	PRINTNET=0,	PRINTLAMBDA=0,	ANCESTDIST=0,	NUMBOXES=1000,	ANCESTPINT=0.90000,	GENSBACK=2,	MIGRPRIOR=0.05000,	PRINTQHAT=0,	PRINTQSUM=0,	ALPHA=1.0000,	FREQSCORR=1,	FPRIORMEAN=0.0100,	FPRIORSD=0.0500,	ONEFST=0,	LAMBDA=1.0000,	UNIFPRIORALPHA=1,	ALPHAMAX=10.0000,	ALPHAPRIORA=1.0000,	ALPHAPRIORB=2.0000,	ALPHAPROPSD=0.0250,	STARTATPOPINFO=0,	RANDOMIZE=1,	LINKAGE=0,	METROFREQ=10,	REPORTHITRATE=0,	MARKOVPHASE=-1,	PHASED=0,	PLOIDY=2,	PHASEINFO=0	LOCPRIOR=0, 	LOCPRIORINIT=1.000000, 	LOCDATA=0, 	LOCISPOP=0, 	LOCPRIORSTEP=0.100000, 	MAXLOCPRIOR=20.000000, 	SEED=1782482319,	
[STRAT parameters]:    NUMSIMSTATS=1000,	PHENOTYPECOL=-9,	POOLFREQ=10,	LOCUSxONLY=0,	EMERROR=0.00100,	MISSINGPHENO=-9,	