

----------------------------------------------------
STRUCTURE by Pritchard, Stephens and Donnelly (2000)
     and Falush, Stephens and Pritchard (2003)
       Code by Pritchard, Falush and Hubisz
             Version 2.3.4 (Jul 2012)
----------------------------------------------------



Command line arguments:   structure -K 4 -i STRUCTURE_main_final_278_HEG_ZG.str -o STRUCTURE_main_final_278_HEG_ZG-K4-17 
Input File:    STRUCTURE_main_final_278_HEG_ZG.str

Run parameters:
   278 individuals
   15 loci
   4 populations assumed
   100000 Burn-in period
   500000 Reps


--------------------------------------------
Proportion of membership of each pre-defined
 population in each of the 4 clusters

Given    Inferred Clusters              Number of
 Pop       1      2      3      4      Individuals

  1:     0.075  0.182  0.263  0.479       24
  2:     0.741  0.040  0.094  0.126       24
  3:     0.290  0.359  0.314  0.037       24
  4:     0.122  0.125  0.518  0.234       24
  5:     0.334  0.093  0.451  0.122       24
  6:     0.074  0.050  0.188  0.688       24
  7:     0.034  0.026  0.084  0.856       24
  8:     0.048  0.240  0.653  0.059       14
  9:     0.444  0.383  0.134  0.039       24
 10:     0.082  0.835  0.041  0.041       24
 11:     0.157  0.751  0.062  0.030       24
 12:     0.067  0.146  0.461  0.326       24
--------------------------------------------

Allele-freq. divergence among pops (Net nucleotide distance),
computed using point estimates of P.

      1       2       3       4      
 1      -    0.0474  0.0225  0.0404  
 2   0.0474     -    0.0340  0.0634  
 3   0.0225  0.0340     -    0.0247  
 4   0.0404  0.0634  0.0247     -    

Average distances (expected heterozygosity) between individuals in same cluster:
cluster  1  : 0.6616 
cluster  2  : 0.6233 
cluster  3  : 0.6492 
cluster  4  : 0.6062 

--------------------------------------------
Estimated Ln Prob of Data   = -13170.3
Mean value of ln likelihood = -12757.8
Variance of ln likelihood   = 825.0
Mean value of alpha         = 0.1084

Mean value of Fst_1         = 0.0761
Mean value of Fst_2         = 0.1037
Mean value of Fst_3         = 0.0316
Mean value of Fst_4         = 0.0958


Inferred ancestry of individuals:
        Label (%Miss) Pop:  Inferred clusters
  1 24.0601.E1    (0)    1 :  0.037 0.017 0.192 0.753 
  2 24.0602.E1    (0)    1 :  0.025 0.116 0.228 0.631 
  3 24.0603.E1    (0)    1 :  0.027 0.019 0.204 0.750 
  4 24.0604.E1    (0)    1 :  0.232 0.172 0.354 0.242 
  5 24.0605.E1    (0)    1 :  0.058 0.047 0.183 0.712 
  6 24.0606.E1    (0)    1 :  0.045 0.076 0.279 0.600 
  7 24.0607.E1    (0)    1 :  0.391 0.022 0.063 0.524 
  8 24.0608.E1    (0)    1 :  0.016 0.282 0.137 0.565 
  9 24.0609.E1    (0)    1 :  0.015 0.564 0.376 0.046 
 10 24.0610.E1    (0)    1 :  0.013 0.391 0.343 0.254 
 11 24.0611.E1    (0)    1 :  0.063 0.163 0.260 0.514 
 12 24.0612.E1    (0)    1 :  0.044 0.015 0.195 0.746 
 13 24.0613.E1    (0)    1 :  0.027 0.119 0.295 0.559 
 14 24.0614.E1    (0)    1 :  0.032 0.233 0.073 0.661 
 15 24.0615.E1    (0)    1 :  0.074 0.375 0.138 0.413 
 16 24.0616.E1    (0)    1 :  0.121 0.064 0.202 0.613 
 17 24.0617.E1    (0)    1 :  0.066 0.658 0.120 0.157 
 18 24.0618.E1    (0)    1 :  0.071 0.433 0.298 0.198 
 19 24.0619.E1    (0)    1 :  0.045 0.050 0.820 0.086 
 20 24.0620.E1   (20)    1 :  0.043 0.073 0.139 0.745 
 21 24.0621.E1    (0)    1 :  0.026 0.290 0.664 0.020 
 22 24.0622.E1    (0)    1 :  0.040 0.027 0.271 0.662 
 23 24.0623.E1    (0)    1 :  0.269 0.099 0.265 0.368 
 24 24.0624.E1    (0)    1 :  0.023 0.077 0.221 0.680 
 25 24.0625.E1    (0)    2 :  0.656 0.072 0.055 0.217 
 26 24.0626.E1    (0)    2 :  0.808 0.048 0.016 0.128 
 27 24.0627.E1    (0)    2 :  0.873 0.017 0.074 0.036 
 28 24.0628.E1    (0)    2 :  0.238 0.153 0.265 0.344 
 29 24.0629.E1    (0)    2 :  0.912 0.018 0.027 0.043 
 30 24.0630.E1    (0)    2 :  0.746 0.022 0.032 0.201 
 31 24.0631.E1    (0)    2 :  0.945 0.007 0.016 0.032 
 32 24.0632.E1    (0)    2 :  0.897 0.011 0.016 0.075 
 33 24.0633.E1    (0)    2 :  0.357 0.126 0.260 0.256 
 34 24.0634.E1    (0)    2 :  0.937 0.016 0.025 0.022 
 35 24.0635.E1    (0)    2 :  0.509 0.062 0.333 0.096 
 36 24.0636.E1   (33)    2 :  0.067 0.018 0.090 0.824 
 37 24.0637.E1    (0)    2 :  0.960 0.007 0.015 0.018 
 38 24.0638.E1    (0)    2 :  0.802 0.014 0.168 0.016 
 39 24.0639.E1    (0)    2 :  0.909 0.034 0.017 0.041 
 40 24.0640.E1    (0)    2 :  0.933 0.013 0.021 0.034 
 41 24.0641.E1    (0)    2 :  0.603 0.026 0.310 0.060 
 42 24.0642.E1    (0)    2 :  0.453 0.011 0.280 0.257 
 43 24.0643.E1    (0)    2 :  0.870 0.018 0.024 0.088 
 44 24.0644.E1    (0)    2 :  0.832 0.094 0.049 0.024 
 45 24.0645.E1    (0)    2 :  0.715 0.072 0.074 0.140 
 46 24.0646.E1    (0)    2 :  0.832 0.094 0.049 0.025 
 47 24.0647.E1    (0)    2 :  0.960 0.007 0.015 0.018 
 48 24.0648.E1    (0)    2 :  0.960 0.007 0.015 0.018 
 49 24.0649.E1    (0)    3 :  0.029 0.221 0.740 0.011 
 50 24.0650.E1    (0)    3 :  0.011 0.464 0.507 0.017 
 51 24.0651.E1    (0)    3 :  0.796 0.048 0.121 0.035 
 52 24.0652.E1    (0)    3 :  0.020 0.647 0.307 0.025 
 53 24.0653.E1    (0)    3 :  0.820 0.092 0.076 0.013 
 54 24.0654.E1    (0)    3 :  0.032 0.684 0.269 0.014 
 55 24.0655.E1    (0)    3 :  0.198 0.355 0.375 0.073 
 56 24.0656.E1    (0)    3 :  0.019 0.730 0.199 0.052 
 57 24.0657.E1    (0)    3 :  0.019 0.714 0.221 0.046 
 58 24.0658.E1    (0)    3 :  0.060 0.375 0.528 0.037 
 59 24.0659.E1    (0)    3 :  0.317 0.385 0.269 0.029 
 60 24.0660.E1    (6)    3 :  0.052 0.053 0.861 0.034 
 61 24.0661.E1    (0)    3 :  0.019 0.828 0.084 0.069 
 62 24.0662.E1    (0)    3 :  0.555 0.179 0.191 0.075 
 63 24.0663.E1    (0)    3 :  0.017 0.897 0.074 0.012 
 64 24.0664.E1    (0)    3 :  0.031 0.444 0.492 0.034 
 65 24.0665.E1    (0)    3 :  0.037 0.262 0.534 0.168 
 66 24.0666.E1    (0)    3 :  0.904 0.041 0.037 0.019 
 67 24.0667.E1    (0)    3 :  0.742 0.032 0.211 0.015 
 68 24.0668.E1    (0)    3 :  0.957 0.018 0.017 0.008 
 69 24.0669.E1    (0)    3 :  0.952 0.020 0.018 0.010 
 70 24.0670.E1    (0)    3 :  0.201 0.585 0.186 0.028 
 71 24.0671.E1    (0)    3 :  0.082 0.503 0.380 0.035 
 72 24.0672.E1    (0)    3 :  0.094 0.036 0.847 0.023 
 73 24.0673.E1    (6)    4 :  0.029 0.102 0.092 0.777 
 74 24.0674.E1    (0)    4 :  0.027 0.029 0.158 0.786 
 75 24.0675.E1    (0)    4 :  0.042 0.324 0.421 0.213 
 76 24.0676.E1    (0)    4 :  0.022 0.530 0.376 0.072 
 77 24.0677.E1    (0)    4 :  0.070 0.659 0.147 0.124 
 78 24.0678.E1    (0)    4 :  0.516 0.034 0.268 0.182 
 79 24.0679.E1    (0)    4 :  0.041 0.151 0.748 0.059 
 80 24.0680.E1    (0)    4 :  0.069 0.024 0.879 0.029 
 81 24.0681.E1    (0)    4 :  0.030 0.024 0.884 0.062 
 82 24.0682.E1    (0)    4 :  0.018 0.019 0.850 0.113 
 83 24.0683.E1    (0)    4 :  0.020 0.019 0.094 0.866 
 84 24.0684.E1    (0)    4 :  0.055 0.023 0.191 0.731 
 85 24.0685.E1    (0)    4 :  0.062 0.023 0.754 0.161 
 86 24.0686.E1    (0)    4 :  0.541 0.027 0.381 0.052 
 87 24.0687.E1    (0)    4 :  0.548 0.030 0.354 0.068 
 88 24.0688.E1    (0)    4 :  0.017 0.015 0.881 0.086 
 89 24.0689.E1    (0)    4 :  0.042 0.528 0.255 0.176 
 90 24.0690.E1    (0)    4 :  0.647 0.025 0.270 0.059 
 91 24.0691.E1    (0)    4 :  0.025 0.048 0.720 0.207 
 92 24.0692.E1    (0)    4 :  0.020 0.122 0.793 0.065 
 93 24.0693.E1    (0)    4 :  0.019 0.160 0.385 0.435 
 94 24.0694.E1    (0)    4 :  0.018 0.017 0.911 0.053 
 95 24.0695.E1    (0)    4 :  0.019 0.050 0.834 0.097 
 96 24.0696.E1    (0)    4 :  0.041 0.026 0.791 0.143 
 97 24.0697.E1    (0)    5 :  0.104 0.090 0.587 0.219 
 98 24.0698.E1    (0)    5 :  0.467 0.122 0.106 0.305 
 99 24.0699.E1    (0)    5 :  0.604 0.178 0.144 0.073 
100 24.0700.E1    (0)    5 :  0.108 0.068 0.801 0.023 
101 24.0701.E1    (0)    5 :  0.921 0.027 0.021 0.031 
102 24.0702.E1    (0)    5 :  0.249 0.028 0.655 0.068 
103 24.0703.E1    (0)    5 :  0.784 0.082 0.095 0.038 
104 24.0704.E1    (6)    5 :  0.711 0.060 0.152 0.077 
105 24.0705.E1    (0)    5 :  0.055 0.019 0.883 0.044 
106 24.0706.E1    (0)    5 :  0.070 0.060 0.848 0.022 
107 24.0707.E1    (0)    5 :  0.130 0.019 0.787 0.065 
108 24.0708.E1    (0)    5 :  0.505 0.290 0.057 0.147 
109 24.0709.E1    (0)    5 :  0.031 0.223 0.720 0.026 
110 24.0710.E1    (0)    5 :  0.370 0.124 0.161 0.345 
111 24.0711.E1    (0)    5 :  0.441 0.030 0.413 0.115 
112 24.0712.E1    (0)    5 :  0.938 0.015 0.024 0.022 
113 24.0713.E1    (0)    5 :  0.038 0.130 0.803 0.029 
114 24.0714.E1    (0)    5 :  0.138 0.099 0.706 0.057 
115 24.0715.E1    (0)    5 :  0.047 0.050 0.160 0.744 
116 24.0716.E1    (0)    5 :  0.723 0.120 0.063 0.095 
117 24.0717.E1    (0)    5 :  0.218 0.220 0.256 0.306 
118 24.0718.E1    (0)    5 :  0.164 0.018 0.790 0.027 
119 24.0719.E1    (0)    5 :  0.141 0.043 0.792 0.024 
120 24.0720.E1    (0)    5 :  0.049 0.128 0.801 0.022 
121 24.0721.E1    (0)    6 :  0.055 0.101 0.177 0.667 
122 24.0722.E1    (0)    6 :  0.310 0.017 0.042 0.631 
123 24.0723.E1    (0)    6 :  0.372 0.136 0.045 0.447 
124 24.0724.E1    (0)    6 :  0.059 0.108 0.099 0.734 
125 24.0725.E1    (0)    6 :  0.039 0.068 0.232 0.661 
126 24.0726.E1    (6)    6 :  0.020 0.020 0.350 0.611 
127 24.0727.E1    (0)    6 :  0.041 0.038 0.074 0.847 
128 24.0728.E1    (0)    6 :  0.068 0.049 0.138 0.745 
129 24.0729.E1    (0)    6 :  0.043 0.041 0.282 0.635 
130 24.0730.E1    (0)    6 :  0.085 0.188 0.265 0.462 
131 24.0731.E1    (0)    6 :  0.014 0.019 0.522 0.445 
132 24.0732.E1    (0)    6 :  0.019 0.016 0.043 0.922 
133 24.0733.E1    (0)    6 :  0.009 0.012 0.191 0.787 
134 24.0734.E1    (0)    6 :  0.025 0.016 0.031 0.928 
135 24.0735.E1    (0)    6 :  0.047 0.042 0.108 0.803 
136 24.0736.E1    (0)    6 :  0.015 0.015 0.133 0.837 
137 24.0737.E1    (0)    6 :  0.185 0.033 0.294 0.488 
138 24.0738.E1    (0)    6 :  0.022 0.024 0.184 0.770 
139 24.0739.E1    (0)    6 :  0.041 0.030 0.327 0.602 
140 24.0740.E1    (0)    6 :  0.042 0.055 0.429 0.474 
141 24.0741.E1    (0)    6 :  0.019 0.021 0.130 0.831 
142 24.0742.E1    (0)    6 :  0.016 0.012 0.055 0.916 
143 24.0743.E1    (0)    6 :  0.017 0.055 0.197 0.731 
144 24.0744.E1    (0)    6 :  0.221 0.080 0.171 0.527 
145 24.0745.E1    (0)    7 :  0.029 0.031 0.054 0.886 
146 24.0746.E1    (0)    7 :  0.125 0.023 0.081 0.771 
147 24.0747.E1    (0)    7 :  0.014 0.035 0.122 0.828 
148 24.0748.E1    (6)    7 :  0.017 0.056 0.189 0.738 
149 24.0749.E1    (0)    7 :  0.020 0.013 0.061 0.906 
150 24.0750.E1    (0)    7 :  0.038 0.035 0.366 0.561 
151 24.0751.E1    (0)    7 :  0.015 0.010 0.014 0.961 
152 24.0752.E1    (0)    7 :  0.013 0.010 0.016 0.961 
153 24.0753.E1    (0)    7 :  0.050 0.012 0.057 0.881 
154 24.0754.E1    (0)    7 :  0.013 0.014 0.019 0.954 
155 24.0755.E1    (0)    7 :  0.030 0.062 0.085 0.823 
156 24.0756.E1    (0)    7 :  0.013 0.024 0.015 0.948 
157 24.0757.E1    (0)    7 :  0.011 0.009 0.011 0.970 
158 24.0758.E1    (0)    7 :  0.011 0.009 0.011 0.969 
159 24.0759.E1    (0)    7 :  0.013 0.014 0.018 0.956 
160 24.0760.E1    (0)    7 :  0.182 0.016 0.046 0.756 
161 24.0761.E1    (0)    7 :  0.013 0.011 0.011 0.965 
162 24.0762.E1    (0)    7 :  0.123 0.126 0.482 0.270 
163 24.0763.E1    (0)    7 :  0.010 0.011 0.013 0.966 
164 24.0764.E1    (0)    7 :  0.012 0.009 0.014 0.965 
165 24.0765.E1    (0)    7 :  0.023 0.015 0.019 0.943 
166 24.0766.E1    (0)    7 :  0.011 0.011 0.013 0.965 
167 24.0767.E1    (0)    7 :  0.009 0.010 0.011 0.970 
168 24.0768.E1    (0)    7 :  0.021 0.051 0.287 0.642 
169 24.0779.E1    (0)    8 :  0.070 0.083 0.729 0.118 
170 24.0780.E1    (6)    8 :  0.023 0.456 0.508 0.013 
171 24.0781.E1    (0)    8 :  0.047 0.146 0.792 0.014 
172 24.0782.E1    (0)    8 :  0.101 0.070 0.443 0.386 
173 24.0783.E1    (0)    8 :  0.043 0.322 0.620 0.015 
174 24.0784.E1    (0)    8 :  0.028 0.184 0.775 0.013 
175 24.0785.E1    (0)    8 :  0.029 0.484 0.474 0.013 
176 24.0786.E1    (0)    8 :  0.029 0.235 0.696 0.040 
177 24.0787.E1    (0)    8 :  0.091 0.129 0.727 0.053 
178 24.0788.E1    (0)    8 :  0.022 0.320 0.641 0.017 
179 24.0789.E1    (0)    8 :  0.120 0.376 0.424 0.080 
180 24.0790.E1    (0)    8 :  0.022 0.226 0.741 0.010 
181 24.0791.E1    (0)    8 :  0.034 0.049 0.902 0.015 
182 24.0792.E1    (0)    8 :  0.020 0.276 0.666 0.038 
183 24.0793.E1    (0)    9 :  0.762 0.197 0.023 0.019 
184 24.0794.E1    (0)    9 :  0.026 0.627 0.164 0.183 
185 24.0795.E1    (0)    9 :  0.421 0.161 0.205 0.214 
186 24.0796.E1    (0)    9 :  0.018 0.905 0.063 0.014 
187 24.0797.E1    (0)    9 :  0.258 0.688 0.041 0.012 
188 24.0798.E1    (0)    9 :  0.637 0.221 0.081 0.062 
189 24.0799.E1    (0)    9 :  0.755 0.188 0.036 0.022 
190 24.0800.E1    (0)    9 :  0.037 0.850 0.087 0.025 
191 24.0801.E1    (0)    9 :  0.863 0.036 0.084 0.017 
192 24.0802.E1    (0)    9 :  0.716 0.236 0.034 0.014 
193 24.0803.E1    (0)    9 :  0.936 0.034 0.017 0.013 
194 24.0804.E1    (0)    9 :  0.351 0.618 0.019 0.012 
195 24.0805.E1    (0)    9 :  0.300 0.106 0.563 0.030 
196 24.0806.E1    (0)    9 :  0.920 0.043 0.020 0.016 
197 24.0807.E1    (0)    9 :  0.587 0.368 0.033 0.012 
198 24.0808.E1    (0)    9 :  0.042 0.484 0.455 0.019 
199 24.0809.E1    (0)    9 :  0.075 0.410 0.458 0.057 
200 24.0810.E1    (0)    9 :  0.671 0.204 0.042 0.083 
201 24.0811.E1    (0)    9 :  0.219 0.720 0.037 0.024 
202 24.0812.E1    (0)    9 :  0.056 0.752 0.164 0.028 
203 24.0813.E1    (0)    9 :  0.350 0.235 0.399 0.017 
204 24.0814.E1    (6)    9 :  0.163 0.760 0.065 0.012 
205 24.0815.E1    (0)    9 :  0.763 0.115 0.106 0.016 
206 24.0816.E1    (0)    9 :  0.741 0.229 0.018 0.012 
207 24.0817.E1    (0)   10 :  0.024 0.928 0.030 0.018 
208 24.0818.E1    (0)   10 :  0.039 0.871 0.041 0.048 
209 24.0819.E1    (0)   10 :  0.574 0.290 0.042 0.094 
210 24.0820.E1    (0)   10 :  0.030 0.731 0.014 0.225 
211 24.0821.E1    (0)   10 :  0.257 0.602 0.121 0.020 
212 24.0822.E1    (0)   10 :  0.012 0.943 0.021 0.024 
213 24.0823.E1    (0)   10 :  0.032 0.881 0.016 0.071 
214 24.0824.E1    (0)   10 :  0.514 0.415 0.043 0.028 
215 24.0825.E1    (0)   10 :  0.014 0.944 0.025 0.017 
216 24.0826.E1    (0)   10 :  0.030 0.832 0.018 0.121 
217 24.0827.E1    (0)   10 :  0.029 0.922 0.029 0.020 
218 24.0828.E1    (0)   10 :  0.029 0.911 0.026 0.034 
219 24.0829.E1    (0)   10 :  0.021 0.941 0.018 0.020 
220 24.0830.E1    (0)   10 :  0.018 0.897 0.074 0.011 
221 24.0831.E1    (0)   10 :  0.016 0.810 0.164 0.010 
222 24.0832.E1    (0)   10 :  0.009 0.965 0.015 0.011 
223 24.0833.E1    (0)   10 :  0.009 0.964 0.017 0.011 
224 24.0834.E1    (0)   10 :  0.013 0.950 0.019 0.018 
225 24.0835.E1    (0)   10 :  0.026 0.933 0.025 0.015 
226 24.0836.E1    (0)   10 :  0.024 0.896 0.051 0.028 
227 24.0837.E1    (0)   10 :  0.013 0.945 0.028 0.015 
228 24.0838.E1    (0)   10 :  0.012 0.934 0.034 0.020 
229 24.0839.E1    (0)   10 :  0.128 0.677 0.100 0.096 
230 24.0840.E1    (0)   10 :  0.092 0.868 0.020 0.019 
231 24.0841.E1    (0)   11 :  0.011 0.915 0.024 0.050 
232 24.0842.E1    (0)   11 :  0.126 0.824 0.020 0.030 
233 24.0843.E1    (0)   11 :  0.179 0.777 0.020 0.025 
234 24.0844.E1    (0)   11 :  0.304 0.583 0.086 0.027 
235 24.0845.E1    (0)   11 :  0.018 0.912 0.057 0.012 
236 24.0846.E1    (0)   11 :  0.036 0.911 0.033 0.020 
237 24.0847.E1    (0)   11 :  0.024 0.885 0.054 0.037 
238 24.0848.E1    (0)   11 :  0.020 0.911 0.057 0.012 
239 24.0849.E1    (0)   11 :  0.012 0.957 0.014 0.017 
240 24.0850.E1    (0)   11 :  0.013 0.957 0.013 0.017 
241 24.0851.E1    (0)   11 :  0.013 0.957 0.013 0.017 
242 24.0852.E1    (0)   11 :  0.012 0.934 0.026 0.028 
243 24.0853.E1    (0)   11 :  0.013 0.957 0.013 0.017 
244 24.0854.E1    (0)   11 :  0.604 0.346 0.029 0.022 
245 24.0855.E1    (0)   11 :  0.016 0.953 0.014 0.017 
246 24.0856.E1    (0)   11 :  0.816 0.072 0.034 0.079 
247 24.0857.E1    (0)   11 :  0.045 0.882 0.041 0.033 
248 24.0858.E1    (0)   11 :  0.030 0.903 0.037 0.029 
249 24.0859.E1    (0)   11 :  0.043 0.848 0.019 0.091 
250 24.0860.E1    (0)   11 :  0.835 0.113 0.022 0.031 
251 24.0861.E1    (0)   11 :  0.013 0.954 0.014 0.019 
252 24.0862.E1    (0)   11 :  0.543 0.337 0.095 0.026 
253 24.0863.E1    (0)   11 :  0.014 0.953 0.014 0.019 
254 24.0864.E1    (0)   11 :  0.019 0.186 0.747 0.047 
255 24.0865.E1    (0)   12 :  0.024 0.499 0.145 0.331 
256 24.0866.E1    (0)   12 :  0.065 0.530 0.248 0.157 
257 24.0867.E1    (0)   12 :  0.070 0.307 0.305 0.318 
258 24.0868.E1    (0)   12 :  0.051 0.155 0.757 0.037 
259 24.0869.E1    (0)   12 :  0.029 0.194 0.750 0.026 
260 24.0870.E1    (0)   12 :  0.113 0.083 0.734 0.070 
261 24.0871.E1    (0)   12 :  0.108 0.081 0.774 0.036 
262 24.0872.E1    (0)   12 :  0.030 0.156 0.593 0.222 
263 24.0873.E1    (0)   12 :  0.033 0.209 0.699 0.059 
264 24.0874.E1    (0)   12 :  0.051 0.410 0.204 0.335 
265 24.0875.E1    (0)   12 :  0.050 0.033 0.895 0.022 
266 24.0876.E1    (0)   12 :  0.025 0.015 0.885 0.075 
267 24.0877.E1    (0)   12 :  0.018 0.018 0.168 0.796 
268 24.0878.E1    (0)   12 :  0.022 0.122 0.452 0.404 
269 24.0879.E1    (0)   12 :  0.333 0.019 0.335 0.313 
270 24.0880.E1    (0)   12 :  0.045 0.427 0.494 0.034 
271 24.0881.E1    (0)   12 :  0.034 0.028 0.175 0.763 
272 24.0882.E1    (0)   12 :  0.014 0.013 0.034 0.940 
273 24.0883.E1    (0)   12 :  0.202 0.023 0.131 0.644 
274 24.0884.E1    (0)   12 :  0.019 0.023 0.209 0.749 
275 24.0885.E1    (0)   12 :  0.034 0.021 0.751 0.194 
276 24.0886.E1    (0)   12 :  0.034 0.019 0.468 0.478 
277 24.0887.E1    (0)   12 :  0.164 0.012 0.026 0.798 
278 24.0888.E1    (0)   12 :  0.039 0.113 0.832 0.016 


Estimated Allele Frequencies in each cluster
First column gives estimated ancestral frequencies


Locus 1 : 
31 alleles
0.0% missing data
 115   (0.039) 0.006 0.007 0.068 0.077 
 117   (0.037) 0.009 0.004 0.047 0.200 
 119   (0.047) 0.094 0.004 0.044 0.282 
 131   (0.019) 0.002 0.003 0.012 0.020 
 128   (0.032) 0.006 0.023 0.048 0.008 
 135   (0.018) 0.002 0.002 0.014 0.024 
 126   (0.075) 0.031 0.161 0.080 0.059 
 122   (0.024) 0.113 0.004 0.012 0.002 
 132   (0.030) 0.009 0.027 0.024 0.008 
 141   (0.012) 0.003 0.001 0.004 0.003 
 130   (0.052) 0.046 0.025 0.074 0.016 
 134   (0.039) 0.059 0.037 0.026 0.004 
 145   (0.025) 0.012 0.026 0.009 0.009 
 127   (0.022) 0.011 0.002 0.009 0.095 
 116   (0.110) 0.157 0.199 0.170 0.032 
 114   (0.044) 0.077 0.139 0.027 0.006 
 120   (0.039) 0.071 0.007 0.042 0.006 
 110   (0.048) 0.043 0.045 0.031 0.024 
 133   (0.016) 0.006 0.001 0.006 0.008 
 118   (0.110) 0.213 0.229 0.170 0.024 
 125   (0.015) 0.005 0.008 0.004 0.001 
 129   (0.021) 0.003 0.001 0.014 0.026 
 124   (0.017) 0.006 0.002 0.013 0.003 
 136   (0.025) 0.003 0.031 0.022 0.002 
 121   (0.014) 0.001 0.001 0.004 0.033 
 139   (0.011) 0.001 0.001 0.004 0.004 
 113   (0.012) 0.001 0.001 0.002 0.007 
 111   (0.011) 0.001 0.001 0.002 0.007 
 143   (0.011) 0.001 0.001 0.002 0.007 
 140   (0.014) 0.003 0.002 0.011 0.001 
 112   (0.012) 0.001 0.006 0.003 0.001 

Locus 2 : 
18 alleles
0.0% missing data
 152   (0.364) 0.459 0.286 0.433 0.687 
 148   (0.075) 0.106 0.006 0.090 0.102 
 154   (0.114) 0.139 0.132 0.110 0.058 
 156   (0.017) 0.007 0.003 0.006 0.004 
 150   (0.025) 0.026 0.002 0.006 0.026 
 164   (0.074) 0.033 0.082 0.068 0.051 
 158   (0.027) 0.065 0.002 0.011 0.007 
 160   (0.019) 0.003 0.002 0.012 0.011 
 166   (0.021) 0.018 0.002 0.014 0.002 
 151   (0.070) 0.055 0.334 0.086 0.005 
 147   (0.069) 0.059 0.123 0.090 0.007 
 168   (0.023) 0.007 0.007 0.018 0.002 
 153   (0.016) 0.003 0.004 0.009 0.002 
 149   (0.024) 0.007 0.002 0.019 0.007 
 162   (0.019) 0.008 0.010 0.006 0.003 
 167   (0.013) 0.001 0.001 0.005 0.010 
 146   (0.014) 0.001 0.001 0.003 0.014 
 172   (0.015) 0.002 0.002 0.012 0.001 

Locus 3 : 
4 alleles
0.0% missing data
 128   (0.298) 0.267 0.342 0.285 0.326 
 126   (0.615) 0.643 0.570 0.672 0.646 
 132   (0.071) 0.073 0.087 0.041 0.026 
 134   (0.015) 0.017 0.001 0.003 0.001 

Locus 4 : 
3 alleles
0.0% missing data
 170   (0.311) 0.331 0.328 0.286 0.284 
 172   (0.675) 0.666 0.670 0.709 0.713 
 171   (0.014) 0.003 0.001 0.005 0.003 

Locus 5 : 
37 alleles
0.0% missing data
 125   (0.051) 0.069 0.068 0.038 0.051 
 110   (0.033) 0.025 0.065 0.020 0.015 
 129   (0.041) 0.018 0.049 0.047 0.018 
 113   (0.038) 0.039 0.037 0.051 0.007 
 145   (0.054) 0.019 0.035 0.096 0.155 
 155   (0.051) 0.125 0.038 0.046 0.062 
 117   (0.032) 0.010 0.004 0.049 0.042 
 124   (0.012) 0.001 0.001 0.005 0.009 
 133   (0.031) 0.005 0.006 0.051 0.054 
 157   (0.050) 0.083 0.049 0.062 0.023 
 141   (0.015) 0.003 0.003 0.023 0.001 
 112   (0.062) 0.106 0.121 0.050 0.125 
 121   (0.020) 0.016 0.024 0.010 0.004 
 114   (0.040) 0.009 0.044 0.042 0.126 
 153   (0.055) 0.112 0.081 0.064 0.018 
 127   (0.060) 0.024 0.133 0.091 0.088 
 131   (0.050) 0.149 0.043 0.032 0.117 
 135   (0.030) 0.010 0.045 0.039 0.004 
 104   (0.009) 0.003 0.001 0.004 0.002 
 118   (0.020) 0.014 0.001 0.014 0.005 
 116   (0.027) 0.037 0.010 0.021 0.005 
 137   (0.019) 0.072 0.002 0.008 0.007 
 123   (0.022) 0.010 0.050 0.009 0.004 
 149   (0.010) 0.001 0.002 0.006 0.001 
 138   (0.015) 0.002 0.009 0.022 0.001 
 143   (0.025) 0.007 0.040 0.008 0.034 
 163   (0.010) 0.005 0.001 0.004 0.001 
 109   (0.011) 0.001 0.001 0.013 0.001 
 139   (0.011) 0.003 0.001 0.006 0.001 
 106   (0.010) 0.002 0.001 0.007 0.001 
 144   (0.015) 0.004 0.003 0.021 0.001 
 122   (0.012) 0.001 0.001 0.004 0.011 
 100   (0.017) 0.007 0.019 0.011 0.001 
 111   (0.012) 0.001 0.004 0.015 0.001 
 233   (0.010) 0.003 0.004 0.003 0.001 
 134   (0.011) 0.001 0.005 0.003 0.001 
 140   (0.010) 0.001 0.001 0.006 0.001 

Locus 6 : 
17 alleles
0.0% missing data
 221   (0.022) 0.003 0.002 0.017 0.098 
 232   (0.230) 0.236 0.426 0.252 0.324 
 229   (0.055) 0.043 0.046 0.034 0.062 
 223   (0.061) 0.045 0.052 0.050 0.043 
 230   (0.156) 0.121 0.143 0.194 0.211 
 235   (0.018) 0.004 0.002 0.012 0.026 
 236   (0.041) 0.017 0.007 0.041 0.037 
 227   (0.022) 0.004 0.002 0.017 0.028 
 220   (0.050) 0.107 0.067 0.036 0.004 
 222   (0.043) 0.153 0.014 0.042 0.003 
 234   (0.131) 0.171 0.100 0.151 0.102 
 224   (0.036) 0.035 0.035 0.022 0.003 
 228   (0.059) 0.042 0.071 0.084 0.007 
 225   (0.013) 0.005 0.001 0.004 0.002 
 226   (0.020) 0.011 0.029 0.005 0.002 
 233   (0.025) 0.003 0.002 0.020 0.041 
 231   (0.017) 0.002 0.001 0.020 0.007 

Locus 7 : 
10 alleles
0.0% missing data
 121   (0.694) 0.749 0.766 0.823 0.802 
 129   (0.076) 0.029 0.127 0.049 0.087 
 130   (0.016) 0.014 0.001 0.003 0.002 
 123   (0.094) 0.132 0.094 0.057 0.066 
 128   (0.022) 0.021 0.001 0.005 0.011 
 131   (0.015) 0.015 0.002 0.003 0.002 
 117   (0.013) 0.001 0.002 0.007 0.001 
 125   (0.015) 0.017 0.001 0.003 0.001 
 134   (0.041) 0.020 0.005 0.045 0.016 
 132   (0.015) 0.002 0.001 0.005 0.012 

Locus 8 : 
19 alleles
0.0% missing data
 184   (0.302) 0.487 0.325 0.404 0.430 
 194   (0.047) 0.026 0.010 0.049 0.033 
 178   (0.095) 0.094 0.187 0.079 0.116 
 176   (0.077) 0.023 0.061 0.096 0.134 
 182   (0.082) 0.063 0.071 0.067 0.122 
 190   (0.032) 0.043 0.012 0.008 0.022 
 196   (0.019) 0.002 0.038 0.009 0.002 
 200   (0.028) 0.031 0.002 0.012 0.015 
 180   (0.020) 0.058 0.003 0.005 0.003 
 188   (0.038) 0.007 0.044 0.038 0.010 
 174   (0.042) 0.025 0.003 0.048 0.029 
 186   (0.118) 0.091 0.188 0.153 0.073 
 192   (0.025) 0.014 0.037 0.006 0.006 
 201   (0.012) 0.008 0.001 0.003 0.001 
 199   (0.016) 0.019 0.004 0.004 0.001 
 185   (0.011) 0.001 0.005 0.004 0.001 
 203   (0.011) 0.001 0.002 0.007 0.001 
 198   (0.012) 0.001 0.003 0.006 0.001 
 209   (0.012) 0.004 0.004 0.003 0.001 

Locus 9 : 
6 alleles
0.4% missing data
 154   (0.685) 0.733 0.822 0.723 0.690 
 156   (0.209) 0.245 0.087 0.210 0.256 
 152   (0.048) 0.007 0.081 0.035 0.027 
 153   (0.016) 0.005 0.004 0.008 0.002 
 160   (0.017) 0.009 0.005 0.005 0.001 
 164   (0.025) 0.003 0.002 0.018 0.024 

Locus 10 : 
29 alleles
0.7% missing data
 305   (0.064) 0.148 0.015 0.055 0.049 
 313   (0.049) 0.014 0.028 0.047 0.060 
 311   (0.015) 0.002 0.002 0.007 0.007 
 299   (0.085) 0.090 0.193 0.063 0.144 
 315   (0.070) 0.046 0.014 0.086 0.090 
 287   (0.035) 0.225 0.016 0.014 0.009 
 291   (0.105) 0.029 0.299 0.173 0.054 
 295   (0.035) 0.004 0.003 0.085 0.025 
 289   (0.017) 0.066 0.002 0.004 0.002 
 303   (0.060) 0.018 0.161 0.033 0.285 
 297   (0.035) 0.010 0.054 0.011 0.098 
 293   (0.023) 0.004 0.002 0.053 0.002 
 301   (0.061) 0.056 0.018 0.072 0.030 
 285   (0.021) 0.177 0.004 0.005 0.002 
 307   (0.057) 0.022 0.049 0.039 0.112 
 312   (0.049) 0.021 0.055 0.085 0.005 
 306   (0.024) 0.003 0.010 0.040 0.003 
 320   (0.013) 0.002 0.002 0.013 0.001 
 317   (0.021) 0.002 0.034 0.012 0.004 
 314   (0.025) 0.009 0.002 0.021 0.008 
 323   (0.013) 0.002 0.001 0.007 0.001 
 325   (0.013) 0.002 0.001 0.007 0.001 
 310   (0.019) 0.002 0.015 0.013 0.001 
 309   (0.015) 0.003 0.001 0.012 0.001 
 316   (0.019) 0.002 0.008 0.014 0.001 
 296   (0.012) 0.001 0.002 0.007 0.001 
 304   (0.016) 0.027 0.004 0.003 0.001 
 321   (0.015) 0.010 0.002 0.007 0.001 
 332   (0.015) 0.004 0.003 0.010 0.001 

Locus 11 : 
19 alleles
0.0% missing data
 114   (0.142) 0.162 0.021 0.194 0.231 
 126   (0.020) 0.004 0.001 0.011 0.029 
 111   (0.095) 0.151 0.514 0.059 0.036 
 116   (0.096) 0.090 0.017 0.090 0.190 
 132   (0.014) 0.002 0.001 0.004 0.005 
 109   (0.018) 0.002 0.002 0.010 0.017 
 128   (0.018) 0.002 0.003 0.011 0.002 
 112   (0.336) 0.428 0.110 0.471 0.434 
 122   (0.017) 0.003 0.002 0.009 0.004 
 124   (0.013) 0.008 0.001 0.003 0.002 
 118   (0.050) 0.052 0.018 0.031 0.028 
 127   (0.013) 0.002 0.002 0.007 0.001 
 113   (0.038) 0.031 0.259 0.018 0.003 
 115   (0.036) 0.040 0.004 0.030 0.008 
 120   (0.023) 0.003 0.028 0.013 0.002 
 117   (0.023) 0.011 0.006 0.010 0.003 
 125   (0.018) 0.002 0.004 0.017 0.001 
 119   (0.017) 0.004 0.007 0.007 0.001 
 136   (0.013) 0.004 0.001 0.005 0.002 

Locus 12 : 
28 alleles
0.7% missing data
 306   (0.062) 0.168 0.016 0.042 0.047 
 314   (0.049) 0.013 0.071 0.034 0.053 
 312   (0.014) 0.001 0.001 0.005 0.011 
 300   (0.095) 0.091 0.193 0.066 0.150 
 316   (0.038) 0.023 0.010 0.016 0.086 
 288   (0.035) 0.223 0.015 0.012 0.008 
 292   (0.116) 0.030 0.301 0.178 0.055 
 296   (0.037) 0.005 0.004 0.091 0.025 
 290   (0.017) 0.067 0.002 0.004 0.002 
 304   (0.066) 0.019 0.160 0.034 0.287 
 298   (0.037) 0.010 0.053 0.012 0.099 
 294   (0.024) 0.004 0.002 0.053 0.002 
 302   (0.065) 0.056 0.018 0.072 0.031 
 286   (0.022) 0.185 0.004 0.005 0.002 
 308   (0.033) 0.019 0.002 0.016 0.106 
 313   (0.042) 0.021 0.009 0.099 0.005 
 307   (0.040) 0.004 0.060 0.060 0.006 
 321   (0.015) 0.002 0.002 0.013 0.001 
 315   (0.048) 0.029 0.008 0.090 0.011 
 318   (0.017) 0.002 0.033 0.008 0.001 
 324   (0.013) 0.002 0.001 0.007 0.001 
 326   (0.013) 0.002 0.001 0.007 0.001 
 311   (0.025) 0.004 0.023 0.022 0.004 
 310   (0.015) 0.003 0.001 0.012 0.001 
 305   (0.017) 0.003 0.004 0.016 0.002 
 317   (0.016) 0.002 0.003 0.012 0.001 
 320   (0.012) 0.003 0.001 0.006 0.001 
 322   (0.016) 0.010 0.002 0.007 0.001 

Locus 13 : 
7 alleles
1.1% missing data
 161   (0.577) 0.324 0.429 0.666 0.812 
 163   (0.295) 0.309 0.502 0.284 0.107 
 160   (0.028) 0.174 0.002 0.011 0.004 
 162   (0.023) 0.182 0.001 0.005 0.002 
 165   (0.046) 0.008 0.064 0.024 0.035 
 166   (0.014) 0.002 0.001 0.005 0.004 
 164   (0.016) 0.002 0.001 0.003 0.035 

Locus 14 : 
4 alleles
0.4% missing data
  98   (0.955) 0.995 0.995 0.981 0.986 
 100   (0.014) 0.002 0.002 0.006 0.002 
  96   (0.017) 0.002 0.001 0.005 0.011 
 105   (0.014) 0.001 0.002 0.007 0.001 

Locus 15 : 
12 alleles
2.2% missing data
 171   (0.289) 0.299 0.339 0.302 0.297 
 177   (0.190) 0.262 0.106 0.229 0.110 
 173   (0.265) 0.182 0.494 0.320 0.171 
 179   (0.086) 0.216 0.025 0.037 0.322 
 183   (0.022) 0.006 0.004 0.008 0.018 
 181   (0.042) 0.006 0.024 0.027 0.059 
 197   (0.025) 0.003 0.002 0.020 0.017 
 170   (0.015) 0.002 0.001 0.014 0.001 
 189   (0.016) 0.010 0.001 0.007 0.001 
 203   (0.017) 0.002 0.001 0.020 0.002 
 187   (0.019) 0.008 0.001 0.010 0.001 
 198   (0.014) 0.003 0.001 0.006 0.001 

Values of parameters used in structure:
DATAFILE=STRUCTURE_main_final_278_HEG_ZG.str,	OUTFILE=STRUCTURE_main_final_278_HEG_ZG-K4-17,	NUMINDS=278,	NUMLOCI=15,	MISSING=-9,	LABEL=1,	POPDATA=1,	POPFLAG=0,	PHENOTYPE=0,	EXTRACOLS=0,	MAXPOPS=4,	BURNIN=100000,	NUMREPS=500000,	USEPOPINFO=0,	INFERALPHA=1,	INFERLAMBDA=0,	POPSPECIFICLAMBDA=0,	POPALPHAS=0,	COMPUTEPROB=1,	NOADMIX=0,	ADMBURNIN=2500,	UPDATEFREQ=1,	PRINTLIKES=0,	INTERMEDSAVE=0,	PRINTKLD=0,	PRINTNET=0,	PRINTLAMBDA=0,	ANCESTDIST=0,	NUMBOXES=1000,	ANCESTPINT=0.90000,	GENSBACK=2,	MIGRPRIOR=0.05000,	PRINTQHAT=0,	PRINTQSUM=0,	ALPHA=1.0000,	FREQSCORR=1,	FPRIORMEAN=0.0100,	FPRIORSD=0.0500,	ONEFST=0,	LAMBDA=1.0000,	UNIFPRIORALPHA=1,	ALPHAMAX=10.0000,	ALPHAPRIORA=1.0000,	ALPHAPRIORB=2.0000,	ALPHAPROPSD=0.0250,	STARTATPOPINFO=0,	RANDOMIZE=1,	LINKAGE=0,	METROFREQ=10,	REPORTHITRATE=0,	MARKOVPHASE=-1,	PHASED=0,	PLOIDY=2,	PHASEINFO=0	LOCPRIOR=0, 	LOCPRIORINIT=1.000000, 	LOCDATA=0, 	LOCISPOP=0, 	LOCPRIORSTEP=0.100000, 	MAXLOCPRIOR=20.000000, 	SEED=1782480300,	
[STRAT parameters]:    NUMSIMSTATS=1000,	PHENOTYPECOL=-9,	POOLFREQ=10,	LOCUSxONLY=0,	EMERROR=0.00100,	MISSINGPHENO=-9,	