

----------------------------------------------------
STRUCTURE by Pritchard, Stephens and Donnelly (2000)
     and Falush, Stephens and Pritchard (2003)
       Code by Pritchard, Falush and Hubisz
             Version 2.3.4 (Jul 2012)
----------------------------------------------------



Command line arguments:   structure -K 12 -i STRUCTURE_main_final_278_HEG_ZG.str -o STRUCTURE_main_final_278_HEG_ZG-K12-10 
Input File:    STRUCTURE_main_final_278_HEG_ZG.str

Run parameters:
   278 individuals
   15 loci
   12 populations assumed
   100000 Burn-in period
   500000 Reps


--------------------------------------------
Proportion of membership of each pre-defined
 population in each of the 12 clusters

Given    Inferred Clusters                                                                      Number of
 Pop       1      2      3      4      5      6      7      8      9     10     11     12      Individuals

  1:     0.013  0.083  0.065  0.574  0.095  0.033  0.029  0.018  0.012  0.012  0.040  0.028       24
  2:     0.695  0.017  0.051  0.016  0.051  0.014  0.020  0.041  0.012  0.034  0.030  0.018       24
  3:     0.010  0.041  0.011  0.017  0.024  0.067  0.038  0.208  0.321  0.232  0.020  0.010       24
  4:     0.022  0.040  0.033  0.047  0.156  0.032  0.098  0.031  0.051  0.039  0.438  0.014       24
  5:     0.021  0.015  0.029  0.015  0.113  0.033  0.397  0.012  0.117  0.073  0.150  0.025       24
  6:     0.021  0.012  0.175  0.420  0.078  0.039  0.090  0.020  0.022  0.027  0.082  0.014       24
  7:     0.029  0.015  0.724  0.053  0.051  0.009  0.020  0.008  0.013  0.013  0.043  0.022       24
  8:     0.012  0.057  0.010  0.016  0.110  0.015  0.084  0.035  0.600  0.011  0.041  0.010       14
  9:     0.014  0.044  0.006  0.033  0.017  0.399  0.048  0.031  0.029  0.028  0.016  0.335       24
 10:     0.007  0.598  0.015  0.011  0.043  0.040  0.018  0.149  0.034  0.040  0.011  0.034       24
 11:     0.007  0.235  0.010  0.015  0.036  0.136  0.044  0.333  0.021  0.073  0.027  0.063       24
 12:     0.017  0.043  0.104  0.251  0.121  0.010  0.022  0.071  0.087  0.045  0.155  0.074       24
--------------------------------------------

Allele-freq. divergence among pops (Net nucleotide distance),
computed using point estimates of P.

      1       2       3       4       5       6       7       8       9      10      11      12      
 1      -    0.1229  0.1142  0.0730  0.0698  0.1022  0.0893  0.1443  0.0719  0.1306  0.0850  0.1305  
 2   0.1229     -    0.1498  0.0754  0.0688  0.0675  0.0941  0.0885  0.0584  0.1268  0.0775  0.0865  
 3   0.1142  0.1498     -    0.0761  0.0740  0.1361  0.0997  0.0957  0.0944  0.1462  0.0803  0.1235  
 4   0.0730  0.0754  0.0761     -    0.0320  0.0686  0.0486  0.0951  0.0447  0.1007  0.0418  0.0663  
 5   0.0698  0.0688  0.0740  0.0320     -    0.0619  0.0474  0.0807  0.0311  0.0845  0.0310  0.0769  
 6   0.1022  0.0675  0.1361  0.0686  0.0619     -    0.0834  0.0833  0.0678  0.1358  0.0929  0.1117  
 7   0.0893  0.0941  0.0997  0.0486  0.0474  0.0834     -    0.1090  0.0457  0.1051  0.0704  0.1097  
 8   0.1443  0.0885  0.0957  0.0951  0.0807  0.0833  0.1090     -    0.0767  0.1281  0.1045  0.1166  
 9   0.0719  0.0584  0.0944  0.0447  0.0311  0.0678  0.0457  0.0767     -    0.0822  0.0441  0.0774  
10   0.1306  0.1268  0.1462  0.1007  0.0845  0.1358  0.1051  0.1281  0.0822     -    0.1004  0.1189  
11   0.0850  0.0775  0.0803  0.0418  0.0310  0.0929  0.0704  0.1045  0.0441  0.1004     -    0.0610  
12   0.1305  0.0865  0.1235  0.0663  0.0769  0.1117  0.1097  0.1166  0.0774  0.1189  0.0610     -    

Average distances (expected heterozygosity) between individuals in same cluster:
cluster  1  : 0.6074 
cluster  2  : 0.5959 
cluster  3  : 0.5388 
cluster  4  : 0.6139 
cluster  5  : 0.6310 
cluster  6  : 0.5842 
cluster  7  : 0.5739 
cluster  8  : 0.5382 
cluster  9  : 0.6339 
cluster 10  : 0.5618 
cluster 11  : 0.5908 
cluster 12  : 0.5351 

--------------------------------------------
Estimated Ln Prob of Data   = -12131.3
Mean value of ln likelihood = -11338.4
Variance of ln likelihood   = 1585.7
Mean value of alpha         = 0.0469

Mean value of Fst_1         = 0.2142
Mean value of Fst_2         = 0.1776
Mean value of Fst_3         = 0.2237
Mean value of Fst_4         = 0.0974
Mean value of Fst_5         = 0.1429
Mean value of Fst_6         = 0.1832
Mean value of Fst_7         = 0.1937
Mean value of Fst_8         = 0.2493
Mean value of Fst_9         = 0.0726
Mean value of Fst_10         = 0.2339
Mean value of Fst_11         = 0.1381
Mean value of Fst_12         = 0.2446


Inferred ancestry of individuals:
        Label (%Miss) Pop:  Inferred clusters
  1 24.0601.E1    (0)    1 :  0.013 0.007 0.012 0.895 0.015 0.010 0.005 0.013 0.006 0.010 0.008 0.006 
  2 24.0602.E1    (0)    1 :  0.004 0.012 0.009 0.877 0.028 0.018 0.012 0.010 0.008 0.008 0.006 0.008 
  3 24.0603.E1    (0)    1 :  0.005 0.004 0.017 0.831 0.015 0.016 0.041 0.006 0.025 0.007 0.026 0.007 
  4 24.0604.E1    (0)    1 :  0.008 0.043 0.005 0.622 0.034 0.006 0.004 0.005 0.005 0.141 0.106 0.021 
  5 24.0605.E1    (0)    1 :  0.007 0.008 0.031 0.823 0.018 0.032 0.013 0.012 0.008 0.006 0.027 0.014 
  6 24.0606.E1    (0)    1 :  0.011 0.023 0.018 0.593 0.115 0.027 0.094 0.007 0.007 0.005 0.093 0.007 
  7 24.0607.E1    (0)    1 :  0.006 0.011 0.269 0.078 0.052 0.024 0.205 0.008 0.014 0.007 0.013 0.314 
  8 24.0608.E1    (0)    1 :  0.003 0.031 0.099 0.666 0.020 0.014 0.009 0.127 0.006 0.005 0.006 0.013 
  9 24.0609.E1    (0)    1 :  0.004 0.408 0.005 0.143 0.053 0.008 0.009 0.012 0.030 0.007 0.275 0.045 
 10 24.0610.E1    (0)    1 :  0.004 0.406 0.010 0.400 0.014 0.011 0.025 0.004 0.018 0.004 0.095 0.009 
 11 24.0611.E1    (0)    1 :  0.007 0.033 0.006 0.819 0.009 0.055 0.005 0.005 0.008 0.005 0.034 0.016 
 12 24.0612.E1    (0)    1 :  0.008 0.008 0.016 0.889 0.011 0.011 0.022 0.005 0.007 0.010 0.006 0.008 
 13 24.0613.E1    (0)    1 :  0.006 0.022 0.005 0.831 0.010 0.005 0.036 0.005 0.005 0.005 0.063 0.008 
 14 24.0614.E1    (0)    1 :  0.006 0.009 0.305 0.151 0.126 0.279 0.008 0.080 0.007 0.005 0.010 0.013 
 15 24.0615.E1    (0)    1 :  0.015 0.166 0.046 0.593 0.040 0.020 0.016 0.025 0.007 0.020 0.010 0.043 
 16 24.0616.E1    (0)    1 :  0.014 0.011 0.005 0.878 0.012 0.005 0.022 0.006 0.005 0.007 0.011 0.025 
 17 24.0617.E1    (0)    1 :  0.027 0.548 0.020 0.269 0.017 0.016 0.037 0.008 0.009 0.006 0.018 0.027 
 18 24.0618.E1    (0)    1 :  0.008 0.063 0.005 0.729 0.018 0.053 0.050 0.019 0.012 0.005 0.030 0.009 
 19 24.0619.E1    (0)    1 :  0.013 0.018 0.004 0.156 0.751 0.010 0.009 0.005 0.005 0.004 0.013 0.011 
 20 24.0620.E1   (20)    1 :  0.012 0.037 0.627 0.031 0.130 0.013 0.029 0.009 0.017 0.009 0.062 0.025 
 21 24.0621.E1    (0)    1 :  0.004 0.077 0.004 0.029 0.731 0.087 0.009 0.031 0.006 0.005 0.006 0.009 
 22 24.0622.E1    (0)    1 :  0.022 0.010 0.009 0.887 0.011 0.005 0.015 0.005 0.015 0.004 0.014 0.004 
 23 24.0623.E1    (0)    1 :  0.103 0.036 0.021 0.650 0.034 0.053 0.007 0.011 0.048 0.009 0.013 0.015 
 24 24.0624.E1    (0)    1 :  0.006 0.011 0.006 0.924 0.007 0.010 0.012 0.005 0.005 0.004 0.005 0.004 
 25 24.0625.E1    (0)    2 :  0.548 0.009 0.055 0.012 0.013 0.074 0.009 0.168 0.023 0.041 0.044 0.004 
 26 24.0626.E1    (0)    2 :  0.809 0.003 0.036 0.004 0.004 0.005 0.004 0.118 0.005 0.004 0.004 0.003 
 27 24.0627.E1    (0)    2 :  0.464 0.005 0.020 0.006 0.067 0.006 0.005 0.012 0.007 0.370 0.027 0.010 
 28 24.0628.E1    (0)    2 :  0.441 0.093 0.130 0.033 0.018 0.008 0.007 0.135 0.036 0.006 0.075 0.019 
 29 24.0629.E1    (0)    2 :  0.809 0.010 0.005 0.075 0.007 0.006 0.044 0.008 0.013 0.008 0.006 0.010 
 30 24.0630.E1    (0)    2 :  0.799 0.004 0.100 0.005 0.010 0.009 0.004 0.042 0.007 0.006 0.010 0.005 
 31 24.0631.E1    (0)    2 :  0.961 0.003 0.004 0.005 0.004 0.004 0.004 0.003 0.003 0.003 0.003 0.003 
 32 24.0632.E1    (0)    2 :  0.869 0.006 0.022 0.007 0.006 0.005 0.051 0.005 0.005 0.011 0.007 0.005 
 33 24.0633.E1    (0)    2 :  0.350 0.007 0.039 0.011 0.152 0.020 0.014 0.373 0.011 0.005 0.015 0.004 
 34 24.0634.E1    (0)    2 :  0.867 0.011 0.006 0.009 0.010 0.030 0.008 0.023 0.013 0.008 0.010 0.004 
 35 24.0635.E1    (0)    2 :  0.509 0.025 0.019 0.020 0.209 0.067 0.017 0.025 0.062 0.017 0.014 0.015 
 36 24.0636.E1   (33)    2 :  0.072 0.011 0.621 0.033 0.036 0.008 0.017 0.009 0.023 0.025 0.138 0.007 
 37 24.0637.E1    (0)    2 :  0.950 0.003 0.007 0.004 0.004 0.006 0.006 0.003 0.004 0.004 0.005 0.004 
 38 24.0638.E1    (0)    2 :  0.803 0.005 0.004 0.007 0.093 0.005 0.031 0.005 0.015 0.008 0.018 0.005 
 39 24.0639.E1    (0)    2 :  0.709 0.083 0.012 0.036 0.007 0.007 0.091 0.007 0.007 0.026 0.006 0.009 
 40 24.0640.E1    (0)    2 :  0.919 0.008 0.005 0.008 0.007 0.017 0.007 0.006 0.006 0.004 0.006 0.005 
 41 24.0641.E1    (0)    2 :  0.338 0.015 0.015 0.027 0.346 0.010 0.021 0.008 0.010 0.007 0.007 0.196 
 42 24.0642.E1    (0)    2 :  0.539 0.004 0.048 0.044 0.180 0.004 0.008 0.005 0.005 0.006 0.152 0.006 
 43 24.0643.E1    (0)    2 :  0.545 0.012 0.045 0.009 0.013 0.011 0.114 0.006 0.008 0.224 0.009 0.004 
 44 24.0644.E1    (0)    2 :  0.871 0.030 0.005 0.007 0.008 0.005 0.004 0.005 0.007 0.004 0.025 0.028 
 45 24.0645.E1    (0)    2 :  0.743 0.026 0.016 0.009 0.007 0.005 0.006 0.004 0.005 0.005 0.118 0.056 
 46 24.0646.E1    (0)    2 :  0.871 0.030 0.005 0.007 0.008 0.005 0.004 0.005 0.007 0.004 0.024 0.029 
 47 24.0647.E1    (0)    2 :  0.951 0.003 0.007 0.004 0.004 0.006 0.006 0.003 0.004 0.004 0.005 0.004 
 48 24.0648.E1    (0)    2 :  0.951 0.003 0.007 0.004 0.004 0.006 0.006 0.003 0.004 0.004 0.005 0.004 
 49 24.0649.E1    (0)    3 :  0.005 0.010 0.003 0.005 0.005 0.009 0.015 0.008 0.921 0.008 0.006 0.006 
 50 24.0650.E1    (0)    3 :  0.004 0.078 0.003 0.011 0.185 0.185 0.005 0.135 0.162 0.010 0.210 0.010 
 51 24.0651.E1    (0)    3 :  0.087 0.008 0.026 0.007 0.020 0.360 0.137 0.049 0.223 0.048 0.024 0.012 
 52 24.0652.E1    (0)    3 :  0.005 0.005 0.004 0.030 0.035 0.007 0.010 0.748 0.131 0.011 0.006 0.008 
 53 24.0653.E1    (0)    3 :  0.005 0.025 0.007 0.005 0.016 0.009 0.023 0.015 0.074 0.792 0.008 0.021 
 54 24.0654.E1    (0)    3 :  0.008 0.024 0.004 0.006 0.006 0.005 0.009 0.389 0.530 0.007 0.006 0.006 
 55 24.0655.E1    (0)    3 :  0.023 0.029 0.007 0.049 0.021 0.070 0.107 0.364 0.302 0.010 0.011 0.007 
 56 24.0656.E1    (0)    3 :  0.006 0.011 0.010 0.008 0.016 0.005 0.011 0.821 0.077 0.015 0.015 0.006 
 57 24.0657.E1    (0)    3 :  0.006 0.012 0.010 0.008 0.018 0.006 0.010 0.808 0.086 0.015 0.016 0.006 
 58 24.0658.E1    (0)    3 :  0.006 0.113 0.007 0.018 0.011 0.010 0.062 0.005 0.666 0.061 0.025 0.018 
 59 24.0659.E1    (0)    3 :  0.007 0.022 0.003 0.040 0.069 0.265 0.010 0.068 0.167 0.332 0.011 0.005 
 60 24.0660.E1    (6)    3 :  0.012 0.006 0.006 0.022 0.021 0.008 0.031 0.007 0.857 0.010 0.013 0.008 
 61 24.0661.E1    (0)    3 :  0.005 0.005 0.006 0.009 0.007 0.008 0.012 0.867 0.059 0.008 0.005 0.009 
 62 24.0662.E1    (0)    3 :  0.015 0.017 0.021 0.059 0.024 0.557 0.017 0.045 0.112 0.117 0.012 0.006 
 63 24.0663.E1    (0)    3 :  0.008 0.475 0.004 0.006 0.005 0.024 0.013 0.062 0.327 0.006 0.043 0.028 
 64 24.0664.E1    (0)    3 :  0.006 0.013 0.035 0.005 0.008 0.004 0.019 0.169 0.716 0.007 0.006 0.012 
 65 24.0665.E1    (0)    3 :  0.006 0.004 0.065 0.006 0.011 0.006 0.016 0.340 0.486 0.034 0.016 0.009 
 66 24.0666.E1    (0)    3 :  0.005 0.008 0.004 0.007 0.009 0.004 0.010 0.006 0.007 0.927 0.008 0.005 
 67 24.0667.E1    (0)    3 :  0.003 0.004 0.004 0.010 0.009 0.004 0.005 0.006 0.018 0.930 0.005 0.004 
 68 24.0668.E1    (0)    3 :  0.004 0.003 0.003 0.003 0.004 0.003 0.004 0.003 0.004 0.961 0.003 0.005 
 69 24.0669.E1    (0)    3 :  0.004 0.004 0.003 0.004 0.004 0.003 0.004 0.004 0.004 0.950 0.004 0.013 
 70 24.0670.E1    (0)    3 :  0.004 0.059 0.005 0.014 0.007 0.033 0.335 0.015 0.455 0.066 0.004 0.004 
 71 24.0671.E1    (0)    3 :  0.007 0.034 0.007 0.010 0.007 0.024 0.040 0.053 0.784 0.011 0.013 0.009 
 72 24.0672.E1    (0)    3 :  0.005 0.008 0.005 0.060 0.056 0.012 0.014 0.008 0.541 0.242 0.016 0.033 
 73 24.0673.E1    (6)    4 :  0.022 0.007 0.112 0.102 0.089 0.028 0.036 0.421 0.014 0.007 0.158 0.005 
 74 24.0674.E1    (0)    4 :  0.009 0.006 0.007 0.008 0.247 0.009 0.007 0.005 0.007 0.005 0.684 0.006 
 75 24.0675.E1    (0)    4 :  0.025 0.028 0.022 0.023 0.018 0.048 0.045 0.027 0.031 0.008 0.710 0.014 
 76 24.0676.E1    (0)    4 :  0.006 0.121 0.019 0.012 0.017 0.026 0.044 0.018 0.040 0.006 0.655 0.037 
 77 24.0677.E1    (0)    4 :  0.004 0.022 0.011 0.021 0.021 0.025 0.768 0.042 0.023 0.013 0.019 0.032 
 78 24.0678.E1    (0)    4 :  0.058 0.007 0.010 0.444 0.096 0.020 0.085 0.037 0.079 0.115 0.019 0.030 
 79 24.0679.E1    (0)    4 :  0.010 0.148 0.006 0.093 0.458 0.017 0.046 0.007 0.053 0.031 0.124 0.007 
 80 24.0680.E1    (0)    4 :  0.016 0.006 0.008 0.028 0.532 0.008 0.056 0.012 0.235 0.039 0.040 0.021 
 81 24.0681.E1    (0)    4 :  0.009 0.006 0.017 0.025 0.414 0.013 0.068 0.009 0.081 0.012 0.337 0.009 
 82 24.0682.E1    (0)    4 :  0.004 0.005 0.004 0.004 0.006 0.003 0.004 0.003 0.004 0.004 0.950 0.011 
 83 24.0683.E1    (0)    4 :  0.007 0.004 0.044 0.008 0.303 0.007 0.013 0.006 0.005 0.007 0.591 0.005 
 84 24.0684.E1    (0)    4 :  0.030 0.024 0.019 0.075 0.200 0.004 0.042 0.006 0.018 0.009 0.544 0.030 
 85 24.0685.E1    (0)    4 :  0.006 0.022 0.017 0.011 0.288 0.006 0.017 0.005 0.009 0.053 0.560 0.006 
 86 24.0686.E1    (0)    4 :  0.072 0.012 0.013 0.061 0.062 0.201 0.385 0.005 0.127 0.012 0.045 0.006 
 87 24.0687.E1    (0)    4 :  0.145 0.022 0.018 0.027 0.083 0.250 0.184 0.007 0.143 0.006 0.109 0.006 
 88 24.0688.E1    (0)    4 :  0.007 0.003 0.005 0.006 0.008 0.004 0.006 0.004 0.010 0.004 0.936 0.007 
 89 24.0689.E1    (0)    4 :  0.012 0.362 0.022 0.019 0.123 0.013 0.264 0.031 0.047 0.005 0.090 0.012 
 90 24.0690.E1    (0)    4 :  0.029 0.006 0.031 0.022 0.099 0.040 0.099 0.020 0.067 0.540 0.041 0.005 
 91 24.0691.E1    (0)    4 :  0.007 0.035 0.006 0.030 0.024 0.007 0.044 0.005 0.010 0.009 0.819 0.004 
 92 24.0692.E1    (0)    4 :  0.005 0.020 0.008 0.005 0.015 0.005 0.076 0.005 0.040 0.007 0.806 0.008 
 93 24.0693.E1    (0)    4 :  0.008 0.035 0.360 0.011 0.033 0.016 0.018 0.054 0.137 0.017 0.303 0.009 
 94 24.0694.E1    (0)    4 :  0.007 0.008 0.008 0.008 0.130 0.004 0.005 0.004 0.014 0.009 0.795 0.007 
 95 24.0695.E1    (0)    4 :  0.007 0.038 0.007 0.058 0.278 0.006 0.006 0.008 0.011 0.012 0.512 0.058 
 96 24.0696.E1    (0)    4 :  0.013 0.018 0.007 0.021 0.192 0.007 0.032 0.004 0.010 0.010 0.677 0.008 
 97 24.0697.E1    (0)    5 :  0.008 0.009 0.016 0.005 0.013 0.013 0.768 0.007 0.038 0.005 0.106 0.011 
 98 24.0698.E1    (0)    5 :  0.013 0.009 0.014 0.008 0.010 0.021 0.873 0.009 0.010 0.012 0.014 0.006 
 99 24.0699.E1    (0)    5 :  0.004 0.004 0.004 0.006 0.005 0.005 0.946 0.005 0.008 0.005 0.004 0.004 
100 24.0700.E1    (0)    5 :  0.005 0.008 0.006 0.006 0.217 0.014 0.562 0.009 0.142 0.007 0.019 0.004 
101 24.0701.E1    (0)    5 :  0.010 0.009 0.041 0.007 0.012 0.007 0.213 0.006 0.007 0.672 0.007 0.009 
102 24.0702.E1    (0)    5 :  0.010 0.008 0.018 0.009 0.235 0.006 0.600 0.007 0.075 0.019 0.009 0.007 
103 24.0703.E1    (0)    5 :  0.031 0.004 0.004 0.005 0.004 0.104 0.822 0.004 0.008 0.005 0.004 0.004 
104 24.0704.E1    (6)    5 :  0.007 0.006 0.008 0.007 0.016 0.014 0.732 0.005 0.014 0.004 0.011 0.175 
105 24.0705.E1    (0)    5 :  0.007 0.010 0.008 0.020 0.457 0.008 0.042 0.006 0.019 0.027 0.388 0.008 
106 24.0706.E1    (0)    5 :  0.008 0.010 0.011 0.007 0.295 0.006 0.102 0.013 0.499 0.012 0.024 0.014 
107 24.0707.E1    (0)    5 :  0.025 0.005 0.018 0.033 0.111 0.043 0.130 0.011 0.535 0.006 0.057 0.026 
108 24.0708.E1    (0)    5 :  0.139 0.071 0.015 0.021 0.240 0.373 0.056 0.015 0.015 0.015 0.034 0.006 
109 24.0709.E1    (0)    5 :  0.008 0.029 0.006 0.011 0.013 0.016 0.015 0.015 0.025 0.008 0.760 0.095 
110 24.0710.E1    (0)    5 :  0.005 0.006 0.014 0.008 0.099 0.019 0.740 0.004 0.005 0.009 0.085 0.006 
111 24.0711.E1    (0)    5 :  0.047 0.005 0.014 0.053 0.040 0.006 0.644 0.007 0.049 0.033 0.037 0.064 
112 24.0712.E1    (0)    5 :  0.024 0.006 0.010 0.012 0.014 0.007 0.393 0.005 0.007 0.498 0.020 0.004 
113 24.0713.E1    (0)    5 :  0.007 0.034 0.013 0.008 0.310 0.012 0.158 0.007 0.063 0.009 0.330 0.049 
114 24.0714.E1    (0)    5 :  0.012 0.015 0.008 0.036 0.411 0.015 0.350 0.013 0.095 0.011 0.025 0.009 
115 24.0715.E1    (0)    5 :  0.006 0.007 0.150 0.020 0.018 0.007 0.581 0.032 0.043 0.017 0.113 0.007 
116 24.0716.E1    (0)    5 :  0.024 0.042 0.016 0.035 0.016 0.015 0.498 0.007 0.027 0.296 0.013 0.011 
117 24.0717.E1    (0)    5 :  0.047 0.025 0.279 0.013 0.061 0.061 0.155 0.077 0.224 0.013 0.020 0.024 
118 24.0718.E1    (0)    5 :  0.028 0.008 0.014 0.020 0.049 0.008 0.070 0.004 0.600 0.040 0.152 0.006 
119 24.0719.E1    (0)    5 :  0.016 0.015 0.007 0.006 0.054 0.005 0.011 0.008 0.056 0.013 0.774 0.034 
120 24.0720.E1    (0)    5 :  0.014 0.015 0.005 0.014 0.015 0.006 0.065 0.007 0.245 0.011 0.588 0.015 
121 24.0721.E1    (0)    6 :  0.009 0.016 0.260 0.012 0.042 0.062 0.412 0.079 0.017 0.019 0.066 0.006 
122 24.0722.E1    (0)    6 :  0.070 0.011 0.459 0.019 0.015 0.120 0.142 0.008 0.019 0.064 0.070 0.005 
123 24.0723.E1    (0)    6 :  0.112 0.018 0.310 0.023 0.016 0.306 0.034 0.145 0.012 0.009 0.010 0.005 
124 24.0724.E1    (0)    6 :  0.028 0.029 0.037 0.089 0.362 0.146 0.036 0.010 0.016 0.011 0.227 0.010 
125 24.0725.E1    (0)    6 :  0.007 0.007 0.007 0.887 0.013 0.005 0.032 0.014 0.008 0.007 0.009 0.005 
126 24.0726.E1    (6)    6 :  0.008 0.007 0.077 0.438 0.285 0.018 0.008 0.006 0.018 0.006 0.123 0.006 
127 24.0727.E1    (0)    6 :  0.023 0.010 0.314 0.250 0.208 0.042 0.030 0.030 0.019 0.048 0.022 0.004 
128 24.0728.E1    (0)    6 :  0.030 0.011 0.161 0.394 0.013 0.026 0.197 0.031 0.103 0.012 0.017 0.005 
129 24.0729.E1    (0)    6 :  0.012 0.022 0.038 0.665 0.029 0.011 0.010 0.005 0.018 0.033 0.127 0.029 
130 24.0730.E1    (0)    6 :  0.007 0.010 0.012 0.041 0.016 0.006 0.800 0.009 0.045 0.016 0.025 0.013 
131 24.0731.E1    (0)    6 :  0.013 0.007 0.058 0.110 0.363 0.012 0.008 0.018 0.009 0.004 0.394 0.005 
132 24.0732.E1    (0)    6 :  0.010 0.004 0.627 0.083 0.018 0.005 0.071 0.023 0.015 0.012 0.126 0.007 
133 24.0733.E1    (0)    6 :  0.005 0.006 0.016 0.936 0.006 0.004 0.004 0.004 0.005 0.003 0.007 0.004 
134 24.0734.E1    (0)    6 :  0.009 0.007 0.722 0.028 0.014 0.030 0.139 0.010 0.022 0.007 0.009 0.004 
135 24.0735.E1    (0)    6 :  0.045 0.020 0.130 0.625 0.020 0.008 0.090 0.008 0.021 0.010 0.019 0.005 
136 24.0736.E1    (0)    6 :  0.007 0.006 0.031 0.895 0.011 0.005 0.015 0.007 0.006 0.004 0.007 0.005 
137 24.0737.E1    (0)    6 :  0.020 0.007 0.007 0.829 0.014 0.058 0.010 0.008 0.025 0.007 0.012 0.004 
138 24.0738.E1    (0)    6 :  0.009 0.005 0.022 0.881 0.015 0.008 0.015 0.008 0.013 0.009 0.007 0.008 
139 24.0739.E1    (0)    6 :  0.014 0.006 0.005 0.892 0.011 0.006 0.012 0.007 0.028 0.006 0.009 0.004 
140 24.0740.E1    (0)    6 :  0.023 0.017 0.009 0.640 0.022 0.005 0.007 0.005 0.023 0.009 0.146 0.092 
141 24.0741.E1    (0)    6 :  0.018 0.009 0.300 0.390 0.027 0.008 0.049 0.009 0.051 0.006 0.126 0.007 
142 24.0742.E1    (0)    6 :  0.011 0.006 0.480 0.272 0.151 0.013 0.012 0.006 0.010 0.007 0.024 0.007 
143 24.0743.E1    (0)    6 :  0.005 0.013 0.016 0.371 0.179 0.014 0.017 0.008 0.011 0.022 0.282 0.063 
144 24.0744.E1    (0)    6 :  0.011 0.023 0.104 0.304 0.033 0.018 0.014 0.019 0.024 0.308 0.104 0.039 
145 24.0745.E1    (0)    7 :  0.004 0.007 0.872 0.004 0.018 0.005 0.013 0.015 0.009 0.022 0.017 0.015 
146 24.0746.E1    (0)    7 :  0.070 0.010 0.599 0.044 0.021 0.062 0.040 0.007 0.018 0.007 0.044 0.078 
147 24.0747.E1    (0)    7 :  0.009 0.027 0.662 0.025 0.017 0.004 0.006 0.009 0.022 0.013 0.158 0.049 
148 24.0748.E1    (6)    7 :  0.009 0.038 0.585 0.025 0.028 0.005 0.007 0.018 0.018 0.012 0.196 0.059 
149 24.0749.E1    (0)    7 :  0.007 0.006 0.698 0.226 0.010 0.010 0.015 0.004 0.006 0.006 0.008 0.005 
150 24.0750.E1    (0)    7 :  0.011 0.013 0.191 0.186 0.247 0.023 0.129 0.008 0.027 0.013 0.134 0.018 
151 24.0751.E1    (0)    7 :  0.006 0.004 0.945 0.007 0.006 0.004 0.005 0.005 0.004 0.004 0.005 0.004 
152 24.0752.E1    (0)    7 :  0.006 0.006 0.861 0.040 0.006 0.004 0.041 0.010 0.005 0.004 0.008 0.009 
153 24.0753.E1    (0)    7 :  0.172 0.004 0.489 0.248 0.009 0.010 0.006 0.024 0.008 0.009 0.011 0.009 
154 24.0754.E1    (0)    7 :  0.016 0.006 0.866 0.032 0.018 0.005 0.006 0.009 0.008 0.007 0.024 0.005 
155 24.0755.E1    (0)    7 :  0.020 0.035 0.710 0.013 0.010 0.005 0.026 0.006 0.025 0.007 0.102 0.041 
156 24.0756.E1    (0)    7 :  0.007 0.010 0.860 0.008 0.082 0.006 0.004 0.004 0.004 0.004 0.006 0.004 
157 24.0757.E1    (0)    7 :  0.004 0.003 0.961 0.003 0.004 0.003 0.005 0.003 0.003 0.004 0.004 0.004 
158 24.0758.E1    (0)    7 :  0.004 0.003 0.959 0.004 0.004 0.003 0.005 0.003 0.003 0.004 0.004 0.004 
159 24.0759.E1    (0)    7 :  0.006 0.004 0.891 0.023 0.014 0.005 0.009 0.014 0.008 0.011 0.007 0.008 
160 24.0760.E1    (0)    7 :  0.279 0.006 0.587 0.010 0.010 0.006 0.029 0.007 0.031 0.007 0.023 0.005 
161 24.0761.E1    (0)    7 :  0.008 0.005 0.947 0.006 0.005 0.005 0.004 0.005 0.004 0.003 0.004 0.003 
162 24.0762.E1    (0)    7 :  0.007 0.129 0.060 0.159 0.318 0.008 0.035 0.007 0.064 0.162 0.031 0.019 
163 24.0763.E1    (0)    7 :  0.004 0.003 0.936 0.007 0.006 0.004 0.004 0.006 0.005 0.003 0.015 0.005 
164 24.0764.E1    (0)    7 :  0.008 0.005 0.930 0.013 0.007 0.003 0.011 0.004 0.006 0.004 0.005 0.004 
165 24.0765.E1    (0)    7 :  0.017 0.008 0.818 0.005 0.089 0.016 0.007 0.007 0.005 0.004 0.017 0.006 
166 24.0766.E1    (0)    7 :  0.006 0.004 0.925 0.009 0.008 0.005 0.008 0.009 0.006 0.005 0.009 0.005 
167 24.0767.E1    (0)    7 :  0.004 0.004 0.909 0.004 0.051 0.004 0.004 0.004 0.004 0.003 0.007 0.003 
168 24.0768.E1    (0)    7 :  0.005 0.027 0.119 0.168 0.245 0.008 0.053 0.008 0.013 0.007 0.190 0.157 
169 24.0779.E1    (0)    8 :  0.005 0.006 0.041 0.011 0.015 0.028 0.043 0.008 0.790 0.009 0.030 0.014 
170 24.0780.E1    (6)    8 :  0.006 0.108 0.004 0.008 0.046 0.013 0.175 0.033 0.568 0.009 0.024 0.007 
171 24.0781.E1    (0)    8 :  0.005 0.009 0.005 0.004 0.085 0.007 0.157 0.006 0.707 0.005 0.007 0.004 
172 24.0782.E1    (0)    8 :  0.030 0.022 0.019 0.062 0.208 0.027 0.308 0.029 0.031 0.007 0.250 0.008 
173 24.0783.E1    (0)    8 :  0.010 0.421 0.005 0.007 0.362 0.008 0.089 0.011 0.029 0.016 0.038 0.005 
174 24.0784.E1    (0)    8 :  0.005 0.014 0.004 0.008 0.010 0.033 0.076 0.007 0.801 0.004 0.026 0.012 
175 24.0785.E1    (0)    8 :  0.004 0.024 0.004 0.007 0.015 0.015 0.096 0.032 0.775 0.009 0.008 0.011 
176 24.0786.E1    (0)    8 :  0.008 0.079 0.008 0.019 0.031 0.008 0.066 0.018 0.648 0.008 0.084 0.023 
177 24.0787.E1    (0)    8 :  0.051 0.012 0.017 0.015 0.018 0.010 0.055 0.009 0.783 0.006 0.016 0.007 
178 24.0788.E1    (0)    8 :  0.011 0.039 0.004 0.004 0.005 0.007 0.006 0.007 0.889 0.005 0.014 0.008 
179 24.0789.E1    (0)    8 :  0.021 0.031 0.006 0.056 0.008 0.030 0.079 0.012 0.730 0.005 0.008 0.015 
180 24.0790.E1    (0)    8 :  0.005 0.008 0.003 0.004 0.006 0.009 0.007 0.009 0.934 0.005 0.005 0.006 
181 24.0791.E1    (0)    8 :  0.005 0.011 0.008 0.009 0.637 0.004 0.010 0.015 0.223 0.047 0.010 0.019 
182 24.0792.E1    (0)    8 :  0.004 0.007 0.017 0.008 0.100 0.007 0.009 0.288 0.488 0.018 0.048 0.005 
183 24.0793.E1    (0)    9 :  0.031 0.025 0.005 0.014 0.015 0.304 0.552 0.019 0.006 0.005 0.006 0.017 
184 24.0794.E1    (0)    9 :  0.006 0.031 0.007 0.474 0.030 0.169 0.016 0.219 0.033 0.005 0.006 0.005 
185 24.0795.E1    (0)    9 :  0.010 0.009 0.010 0.060 0.108 0.757 0.007 0.005 0.006 0.005 0.018 0.006 
186 24.0796.E1    (0)    9 :  0.009 0.338 0.005 0.072 0.027 0.096 0.077 0.223 0.111 0.005 0.007 0.032 
187 24.0797.E1    (0)    9 :  0.007 0.061 0.003 0.012 0.013 0.559 0.266 0.022 0.038 0.005 0.006 0.008 
188 24.0798.E1    (0)    9 :  0.016 0.008 0.018 0.008 0.016 0.444 0.023 0.067 0.020 0.331 0.025 0.024 
189 24.0799.E1    (0)    9 :  0.006 0.007 0.005 0.007 0.004 0.004 0.011 0.004 0.004 0.005 0.005 0.937 
190 24.0800.E1    (0)    9 :  0.004 0.008 0.004 0.007 0.005 0.004 0.008 0.005 0.005 0.004 0.006 0.940 
191 24.0801.E1    (0)    9 :  0.005 0.004 0.004 0.004 0.008 0.005 0.005 0.008 0.009 0.179 0.009 0.760 
192 24.0802.E1    (0)    9 :  0.010 0.007 0.004 0.004 0.012 0.927 0.007 0.004 0.005 0.005 0.006 0.007 
193 24.0803.E1    (0)    9 :  0.009 0.008 0.006 0.010 0.016 0.375 0.053 0.008 0.007 0.017 0.007 0.483 
194 24.0804.E1    (0)    9 :  0.011 0.089 0.003 0.011 0.005 0.806 0.009 0.007 0.010 0.004 0.012 0.032 
195 24.0805.E1    (0)    9 :  0.004 0.005 0.006 0.007 0.008 0.011 0.006 0.005 0.008 0.004 0.024 0.913 
196 24.0806.E1    (0)    9 :  0.027 0.005 0.005 0.007 0.006 0.875 0.006 0.008 0.007 0.007 0.006 0.041 
197 24.0807.E1    (0)    9 :  0.007 0.017 0.003 0.006 0.011 0.894 0.008 0.017 0.011 0.009 0.009 0.009 
198 24.0808.E1    (0)    9 :  0.017 0.016 0.005 0.010 0.007 0.026 0.010 0.008 0.232 0.004 0.030 0.636 
199 24.0809.E1    (0)    9 :  0.003 0.005 0.005 0.006 0.004 0.004 0.004 0.004 0.004 0.004 0.006 0.951 
200 24.0810.E1    (0)    9 :  0.011 0.005 0.006 0.006 0.068 0.060 0.008 0.014 0.010 0.005 0.047 0.759 
201 24.0811.E1    (0)    9 :  0.011 0.011 0.004 0.010 0.006 0.895 0.005 0.030 0.014 0.003 0.006 0.004 
202 24.0812.E1    (0)    9 :  0.008 0.249 0.006 0.025 0.010 0.479 0.021 0.007 0.051 0.008 0.035 0.101 
203 24.0813.E1    (0)    9 :  0.011 0.018 0.006 0.007 0.015 0.603 0.010 0.007 0.072 0.004 0.077 0.171 
204 24.0814.E1    (6)    9 :  0.012 0.117 0.004 0.009 0.007 0.188 0.004 0.029 0.013 0.009 0.014 0.594 
205 24.0815.E1    (0)    9 :  0.094 0.009 0.006 0.004 0.007 0.263 0.005 0.009 0.006 0.011 0.005 0.582 
206 24.0816.E1    (0)    9 :  0.013 0.011 0.006 0.008 0.006 0.838 0.028 0.022 0.014 0.030 0.004 0.020 
207 24.0817.E1    (0)   10 :  0.005 0.722 0.005 0.017 0.015 0.080 0.017 0.064 0.013 0.008 0.010 0.043 
208 24.0818.E1    (0)   10 :  0.011 0.734 0.008 0.033 0.012 0.009 0.127 0.013 0.033 0.006 0.005 0.009 
209 24.0819.E1    (0)   10 :  0.015 0.019 0.091 0.012 0.025 0.008 0.014 0.319 0.010 0.067 0.011 0.412 
210 24.0820.E1    (0)   10 :  0.008 0.023 0.062 0.006 0.006 0.006 0.006 0.835 0.007 0.010 0.005 0.028 
211 24.0821.E1    (0)   10 :  0.008 0.122 0.006 0.011 0.009 0.031 0.010 0.091 0.476 0.206 0.010 0.021 
212 24.0822.E1    (0)   10 :  0.004 0.873 0.019 0.006 0.005 0.004 0.014 0.010 0.034 0.007 0.008 0.014 
213 24.0823.E1    (0)   10 :  0.008 0.364 0.035 0.008 0.005 0.004 0.005 0.512 0.007 0.012 0.009 0.031 
214 24.0824.E1    (0)   10 :  0.005 0.449 0.009 0.006 0.007 0.007 0.007 0.014 0.006 0.422 0.040 0.026 
215 24.0825.E1    (0)   10 :  0.004 0.946 0.005 0.004 0.005 0.005 0.004 0.005 0.004 0.005 0.008 0.006 
216 24.0826.E1    (0)   10 :  0.009 0.044 0.024 0.006 0.013 0.012 0.021 0.815 0.016 0.016 0.009 0.017 
217 24.0827.E1    (0)   10 :  0.007 0.716 0.003 0.038 0.009 0.021 0.044 0.129 0.009 0.007 0.010 0.007 
218 24.0828.E1    (0)   10 :  0.010 0.117 0.018 0.011 0.014 0.060 0.018 0.583 0.035 0.098 0.019 0.018 
219 24.0829.E1    (0)   10 :  0.006 0.530 0.009 0.005 0.172 0.136 0.004 0.013 0.015 0.013 0.019 0.078 
220 24.0830.E1    (0)   10 :  0.003 0.845 0.004 0.005 0.070 0.029 0.006 0.014 0.008 0.006 0.007 0.004 
221 24.0831.E1    (0)   10 :  0.005 0.752 0.004 0.004 0.142 0.012 0.029 0.014 0.017 0.008 0.008 0.006 
222 24.0832.E1    (0)   10 :  0.003 0.933 0.003 0.009 0.004 0.005 0.009 0.014 0.005 0.003 0.007 0.004 
223 24.0833.E1    (0)   10 :  0.003 0.953 0.004 0.003 0.004 0.005 0.003 0.007 0.004 0.003 0.006 0.003 
224 24.0834.E1    (0)   10 :  0.007 0.926 0.008 0.007 0.006 0.007 0.004 0.009 0.005 0.006 0.006 0.009 
225 24.0835.E1    (0)   10 :  0.006 0.895 0.004 0.012 0.007 0.005 0.015 0.007 0.006 0.009 0.006 0.029 
226 24.0836.E1    (0)   10 :  0.004 0.892 0.008 0.009 0.010 0.007 0.008 0.006 0.008 0.014 0.017 0.015 
227 24.0837.E1    (0)   10 :  0.004 0.926 0.005 0.006 0.008 0.005 0.005 0.007 0.010 0.006 0.007 0.010 
228 24.0838.E1    (0)   10 :  0.003 0.917 0.006 0.004 0.006 0.011 0.015 0.010 0.009 0.005 0.010 0.004 
229 24.0839.E1    (0)   10 :  0.022 0.213 0.015 0.031 0.354 0.172 0.036 0.029 0.060 0.021 0.031 0.017 
230 24.0840.E1    (0)   10 :  0.013 0.432 0.003 0.007 0.136 0.313 0.006 0.051 0.012 0.010 0.006 0.010 
231 24.0841.E1    (0)   11 :  0.003 0.008 0.007 0.005 0.124 0.718 0.021 0.077 0.019 0.003 0.009 0.005 
232 24.0842.E1    (0)   11 :  0.003 0.010 0.006 0.008 0.062 0.628 0.014 0.063 0.015 0.171 0.006 0.014 
233 24.0843.E1    (0)   11 :  0.005 0.018 0.016 0.004 0.009 0.229 0.012 0.457 0.014 0.214 0.007 0.015 
234 24.0844.E1    (0)   11 :  0.005 0.304 0.007 0.027 0.051 0.124 0.027 0.018 0.021 0.310 0.014 0.093 
235 24.0845.E1    (0)   11 :  0.005 0.685 0.004 0.009 0.045 0.059 0.087 0.030 0.037 0.020 0.015 0.005 
236 24.0846.E1    (0)   11 :  0.009 0.868 0.010 0.011 0.010 0.029 0.012 0.008 0.008 0.010 0.010 0.016 
237 24.0847.E1    (0)   11 :  0.007 0.704 0.011 0.030 0.036 0.011 0.015 0.015 0.008 0.023 0.083 0.057 
238 24.0848.E1    (0)   11 :  0.004 0.744 0.005 0.012 0.023 0.018 0.058 0.011 0.034 0.016 0.027 0.048 
239 24.0849.E1    (0)   11 :  0.003 0.006 0.004 0.006 0.004 0.005 0.005 0.946 0.004 0.004 0.004 0.008 
240 24.0850.E1    (0)   11 :  0.003 0.006 0.004 0.006 0.004 0.005 0.005 0.946 0.004 0.004 0.003 0.008 
241 24.0851.E1    (0)   11 :  0.003 0.006 0.004 0.006 0.004 0.005 0.005 0.947 0.005 0.004 0.003 0.008 
242 24.0852.E1    (0)   11 :  0.004 0.095 0.012 0.010 0.045 0.035 0.047 0.695 0.037 0.006 0.008 0.007 
243 24.0853.E1    (0)   11 :  0.006 0.378 0.009 0.005 0.008 0.020 0.006 0.533 0.007 0.004 0.014 0.010 
244 24.0854.E1    (0)   11 :  0.005 0.019 0.009 0.011 0.018 0.013 0.007 0.316 0.009 0.569 0.009 0.015 
245 24.0855.E1    (0)   11 :  0.005 0.646 0.008 0.006 0.097 0.091 0.008 0.037 0.023 0.012 0.026 0.041 
246 24.0856.E1    (0)   11 :  0.032 0.019 0.054 0.029 0.009 0.474 0.062 0.012 0.014 0.281 0.008 0.006 
247 24.0857.E1    (0)   11 :  0.009 0.332 0.008 0.019 0.011 0.013 0.037 0.017 0.014 0.009 0.017 0.514 
248 24.0858.E1    (0)   11 :  0.005 0.586 0.014 0.015 0.017 0.024 0.107 0.069 0.040 0.031 0.014 0.079 
249 24.0859.E1    (0)   11 :  0.009 0.011 0.016 0.010 0.009 0.011 0.035 0.846 0.007 0.008 0.007 0.030 
250 24.0860.E1    (0)   11 :  0.022 0.031 0.019 0.015 0.067 0.022 0.447 0.036 0.011 0.017 0.006 0.307 
251 24.0861.E1    (0)   11 :  0.003 0.015 0.004 0.006 0.006 0.015 0.016 0.915 0.005 0.004 0.004 0.007 
252 24.0862.E1    (0)   11 :  0.010 0.020 0.007 0.011 0.017 0.695 0.009 0.017 0.015 0.010 0.009 0.181 
253 24.0863.E1    (0)   11 :  0.003 0.014 0.004 0.006 0.005 0.014 0.017 0.916 0.005 0.004 0.004 0.007 
254 24.0864.E1    (0)   11 :  0.008 0.123 0.007 0.099 0.171 0.014 0.010 0.063 0.140 0.013 0.331 0.021 
255 24.0865.E1    (0)   12 :  0.018 0.011 0.034 0.041 0.017 0.011 0.011 0.785 0.020 0.005 0.040 0.008 
256 24.0866.E1    (0)   12 :  0.006 0.043 0.030 0.015 0.011 0.009 0.132 0.012 0.026 0.012 0.086 0.620 
257 24.0867.E1    (0)   12 :  0.021 0.023 0.137 0.009 0.013 0.008 0.010 0.155 0.011 0.010 0.466 0.135 
258 24.0868.E1    (0)   12 :  0.024 0.053 0.022 0.011 0.037 0.009 0.018 0.008 0.497 0.014 0.281 0.027 
259 24.0869.E1    (0)   12 :  0.038 0.087 0.006 0.007 0.125 0.010 0.010 0.010 0.022 0.004 0.615 0.065 
260 24.0870.E1    (0)   12 :  0.116 0.130 0.026 0.126 0.100 0.022 0.044 0.008 0.202 0.012 0.197 0.016 
261 24.0871.E1    (0)   12 :  0.034 0.018 0.006 0.037 0.413 0.063 0.024 0.043 0.041 0.014 0.299 0.007 
262 24.0872.E1    (0)   12 :  0.007 0.007 0.110 0.011 0.292 0.008 0.020 0.299 0.032 0.012 0.140 0.063 
263 24.0873.E1    (0)   12 :  0.011 0.011 0.011 0.013 0.019 0.008 0.007 0.043 0.030 0.012 0.600 0.235 
264 24.0874.E1    (0)   12 :  0.007 0.037 0.219 0.008 0.011 0.010 0.010 0.169 0.014 0.012 0.127 0.378 
265 24.0875.E1    (0)   12 :  0.008 0.009 0.009 0.006 0.802 0.004 0.025 0.008 0.018 0.020 0.061 0.030 
266 24.0876.E1    (0)   12 :  0.007 0.005 0.019 0.040 0.727 0.004 0.018 0.006 0.009 0.010 0.145 0.010 
267 24.0877.E1    (0)   12 :  0.006 0.004 0.039 0.785 0.011 0.004 0.048 0.006 0.011 0.010 0.013 0.063 
268 24.0878.E1    (0)   12 :  0.008 0.047 0.011 0.732 0.015 0.011 0.004 0.006 0.045 0.030 0.083 0.010 
269 24.0879.E1    (0)   12 :  0.009 0.007 0.004 0.708 0.013 0.007 0.007 0.007 0.013 0.207 0.013 0.005 
270 24.0880.E1    (0)   12 :  0.015 0.491 0.014 0.033 0.018 0.008 0.011 0.019 0.094 0.081 0.200 0.016 
271 24.0881.E1    (0)   12 :  0.009 0.003 0.008 0.931 0.005 0.003 0.009 0.006 0.005 0.007 0.007 0.006 
272 24.0882.E1    (0)   12 :  0.008 0.006 0.597 0.250 0.011 0.004 0.060 0.012 0.009 0.009 0.014 0.021 
273 24.0883.E1    (0)   12 :  0.011 0.007 0.244 0.326 0.042 0.005 0.005 0.043 0.012 0.225 0.074 0.006 
274 24.0884.E1    (0)   12 :  0.007 0.004 0.028 0.889 0.010 0.006 0.013 0.009 0.007 0.013 0.008 0.005 
275 24.0885.E1    (0)   12 :  0.013 0.010 0.006 0.705 0.025 0.005 0.009 0.007 0.066 0.055 0.083 0.016 
276 24.0886.E1    (0)   12 :  0.004 0.005 0.223 0.284 0.149 0.007 0.011 0.033 0.015 0.117 0.135 0.018 
277 24.0887.E1    (0)   12 :  0.010 0.005 0.696 0.044 0.016 0.006 0.005 0.008 0.006 0.169 0.028 0.005 
278 24.0888.E1    (0)   12 :  0.006 0.006 0.005 0.018 0.025 0.010 0.009 0.006 0.878 0.010 0.009 0.017 


Estimated Allele Frequencies in each cluster
First column gives estimated ancestral frequencies


Locus 1 : 
31 alleles
0.0% missing data
 115   (0.036) 0.003 0.005 0.003 0.116 0.143 0.017 0.005 0.004 0.009 0.008 0.144 0.004 
 117   (0.043) 0.004 0.005 0.196 0.203 0.084 0.018 0.009 0.003 0.010 0.012 0.032 0.114 
 119   (0.042) 0.298 0.005 0.329 0.290 0.026 0.007 0.007 0.004 0.010 0.007 0.015 0.005 
 131   (0.015) 0.001 0.001 0.003 0.054 0.003 0.004 0.002 0.002 0.004 0.003 0.003 0.002 
 128   (0.035) 0.003 0.025 0.003 0.032 0.091 0.007 0.012 0.005 0.028 0.009 0.032 0.007 
 135   (0.019) 0.002 0.003 0.008 0.044 0.019 0.007 0.005 0.002 0.005 0.004 0.011 0.003 
 126   (0.081) 0.012 0.275 0.079 0.053 0.143 0.028 0.045 0.058 0.074 0.031 0.044 0.162 
 122   (0.031) 0.096 0.003 0.002 0.009 0.011 0.148 0.097 0.003 0.008 0.006 0.007 0.007 
 132   (0.032) 0.003 0.022 0.013 0.004 0.028 0.039 0.007 0.005 0.031 0.013 0.015 0.040 
 141   (0.009) 0.003 0.001 0.001 0.009 0.002 0.002 0.001 0.001 0.003 0.001 0.001 0.001 
 130   (0.050) 0.012 0.013 0.007 0.006 0.037 0.037 0.035 0.022 0.091 0.159 0.102 0.008 
 134   (0.040) 0.138 0.006 0.003 0.005 0.010 0.027 0.005 0.078 0.047 0.005 0.038 0.021 
 145   (0.019) 0.008 0.002 0.008 0.003 0.004 0.002 0.003 0.113 0.009 0.008 0.005 0.002 
 127   (0.026) 0.052 0.002 0.165 0.033 0.007 0.004 0.004 0.002 0.006 0.007 0.006 0.003 
 116   (0.112) 0.173 0.130 0.009 0.015 0.078 0.204 0.203 0.288 0.263 0.058 0.201 0.114 
 114   (0.058) 0.051 0.110 0.005 0.007 0.017 0.234 0.029 0.193 0.043 0.026 0.029 0.075 
 120   (0.037) 0.091 0.004 0.002 0.008 0.038 0.005 0.017 0.003 0.077 0.149 0.013 0.005 
 110   (0.044) 0.014 0.098 0.014 0.009 0.023 0.027 0.084 0.012 0.012 0.102 0.053 0.006 
 133   (0.013) 0.007 0.001 0.010 0.002 0.022 0.002 0.002 0.001 0.003 0.002 0.002 0.006 
 118   (0.112) 0.012 0.163 0.017 0.014 0.156 0.130 0.408 0.185 0.192 0.333 0.182 0.390 
 125   (0.014) 0.001 0.011 0.001 0.002 0.003 0.020 0.002 0.003 0.005 0.006 0.002 0.003 
 129   (0.019) 0.002 0.002 0.005 0.049 0.008 0.003 0.003 0.002 0.012 0.022 0.004 0.003 
 124   (0.015) 0.002 0.002 0.001 0.008 0.017 0.002 0.003 0.004 0.015 0.016 0.003 0.003 
 136   (0.019) 0.002 0.087 0.001 0.003 0.010 0.004 0.002 0.002 0.007 0.003 0.039 0.003 
 121   (0.013) 0.001 0.001 0.070 0.005 0.006 0.002 0.002 0.001 0.003 0.002 0.003 0.001 
 139   (0.009) 0.001 0.001 0.001 0.011 0.002 0.001 0.001 0.001 0.003 0.001 0.001 0.001 
 113   (0.011) 0.001 0.001 0.015 0.001 0.002 0.001 0.001 0.001 0.002 0.001 0.001 0.001 
 111   (0.011) 0.001 0.001 0.013 0.002 0.002 0.001 0.001 0.001 0.003 0.002 0.002 0.001 
 143   (0.011) 0.001 0.001 0.015 0.001 0.002 0.001 0.001 0.001 0.002 0.002 0.002 0.001 
 140   (0.014) 0.001 0.001 0.001 0.002 0.003 0.014 0.002 0.001 0.019 0.002 0.003 0.007 
 112   (0.009) 0.001 0.016 0.001 0.001 0.002 0.001 0.001 0.001 0.002 0.001 0.001 0.001 

Locus 2 : 
18 alleles
0.0% missing data
 152   (0.365) 0.383 0.152 0.800 0.647 0.541 0.577 0.612 0.315 0.166 0.312 0.490 0.440 
 148   (0.074) 0.233 0.009 0.018 0.148 0.119 0.012 0.051 0.007 0.022 0.029 0.191 0.009 
 154   (0.105) 0.262 0.285 0.027 0.032 0.153 0.107 0.109 0.017 0.057 0.033 0.192 0.018 
 156   (0.017) 0.002 0.002 0.001 0.013 0.003 0.018 0.002 0.002 0.006 0.005 0.003 0.002 
 150   (0.023) 0.068 0.002 0.052 0.008 0.005 0.003 0.002 0.002 0.006 0.005 0.003 0.002 
 164   (0.085) 0.010 0.039 0.011 0.075 0.030 0.107 0.139 0.092 0.138 0.017 0.030 0.031 
 158   (0.032) 0.012 0.004 0.008 0.010 0.011 0.012 0.006 0.009 0.008 0.208 0.018 0.012 
 160   (0.019) 0.002 0.002 0.019 0.003 0.004 0.003 0.003 0.002 0.020 0.003 0.011 0.002 
 166   (0.023) 0.005 0.002 0.001 0.003 0.022 0.014 0.026 0.002 0.008 0.003 0.004 0.028 
 151   (0.073) 0.006 0.476 0.005 0.009 0.039 0.039 0.019 0.306 0.293 0.263 0.011 0.009 
 147   (0.061) 0.006 0.015 0.004 0.008 0.023 0.056 0.009 0.188 0.183 0.064 0.014 0.424 
 168   (0.025) 0.003 0.002 0.002 0.004 0.014 0.004 0.003 0.030 0.023 0.006 0.007 0.010 
 153   (0.014) 0.001 0.001 0.001 0.002 0.003 0.002 0.003 0.016 0.018 0.003 0.002 0.001 
 149   (0.025) 0.002 0.002 0.012 0.003 0.021 0.003 0.004 0.002 0.010 0.041 0.016 0.003 
 162   (0.021) 0.002 0.002 0.003 0.007 0.005 0.037 0.005 0.007 0.009 0.003 0.003 0.003 
 167   (0.013) 0.001 0.001 0.001 0.026 0.002 0.002 0.001 0.001 0.003 0.002 0.002 0.001 
 146   (0.013) 0.001 0.001 0.033 0.002 0.002 0.002 0.001 0.001 0.003 0.002 0.002 0.001 
 172   (0.012) 0.001 0.001 0.001 0.001 0.002 0.002 0.005 0.001 0.029 0.001 0.001 0.001 

Locus 3 : 
4 alleles
0.0% missing data
 128   (0.298) 0.326 0.444 0.469 0.213 0.347 0.146 0.128 0.348 0.279 0.227 0.290 0.393 
 126   (0.608) 0.611 0.513 0.524 0.704 0.611 0.798 0.834 0.478 0.679 0.578 0.690 0.579 
 132   (0.080) 0.057 0.042 0.006 0.082 0.039 0.054 0.027 0.173 0.039 0.154 0.019 0.027 
 134   (0.014) 0.006 0.001 0.001 0.002 0.002 0.002 0.011 0.001 0.003 0.041 0.002 0.001 

Locus 4 : 
3 alleles
0.0% missing data
 170   (0.319) 0.416 0.465 0.294 0.308 0.348 0.390 0.470 0.108 0.375 0.151 0.140 0.109 
 172   (0.668) 0.574 0.532 0.703 0.690 0.649 0.608 0.529 0.889 0.621 0.847 0.857 0.889 
 171   (0.013) 0.011 0.002 0.002 0.002 0.002 0.002 0.001 0.003 0.004 0.002 0.003 0.002 

Locus 5 : 
37 alleles
0.0% missing data
 125   (0.051) 0.060 0.079 0.037 0.065 0.051 0.014 0.010 0.144 0.019 0.169 0.030 0.016 
 110   (0.036) 0.043 0.082 0.011 0.033 0.101 0.021 0.005 0.028 0.010 0.026 0.006 0.018 
 129   (0.035) 0.003 0.007 0.003 0.053 0.013 0.048 0.118 0.024 0.088 0.009 0.007 0.006 
 113   (0.030) 0.003 0.007 0.002 0.011 0.008 0.141 0.081 0.004 0.115 0.005 0.008 0.012 
 145   (0.055) 0.006 0.013 0.087 0.224 0.123 0.011 0.020 0.094 0.022 0.090 0.144 0.011 
 155   (0.053) 0.180 0.060 0.013 0.152 0.064 0.111 0.084 0.006 0.021 0.016 0.022 0.016 
 117   (0.030) 0.004 0.004 0.028 0.022 0.034 0.024 0.008 0.005 0.021 0.005 0.147 0.008 
 124   (0.011) 0.001 0.001 0.001 0.023 0.003 0.001 0.002 0.001 0.002 0.001 0.002 0.001 
 133   (0.035) 0.003 0.003 0.081 0.043 0.047 0.005 0.020 0.007 0.068 0.008 0.020 0.010 
 157   (0.043) 0.025 0.056 0.020 0.007 0.037 0.007 0.294 0.004 0.068 0.092 0.037 0.029 
 141   (0.014) 0.001 0.005 0.001 0.003 0.012 0.002 0.006 0.001 0.038 0.002 0.008 0.003 
 112   (0.072) 0.198 0.154 0.159 0.065 0.088 0.033 0.129 0.163 0.035 0.016 0.112 0.022 
 121   (0.020) 0.007 0.003 0.002 0.003 0.010 0.086 0.003 0.011 0.018 0.006 0.003 0.027 
 114   (0.041) 0.018 0.084 0.191 0.044 0.035 0.005 0.008 0.004 0.010 0.007 0.152 0.044 
 153   (0.050) 0.008 0.089 0.004 0.050 0.079 0.017 0.008 0.079 0.024 0.255 0.022 0.358 
 127   (0.076) 0.020 0.099 0.067 0.064 0.063 0.171 0.065 0.213 0.131 0.032 0.083 0.012 
 131   (0.057) 0.233 0.034 0.183 0.064 0.014 0.026 0.026 0.082 0.017 0.153 0.023 0.205 
 135   (0.031) 0.009 0.015 0.003 0.005 0.080 0.005 0.012 0.074 0.018 0.015 0.011 0.111 
 104   (0.010) 0.011 0.002 0.002 0.002 0.002 0.001 0.001 0.003 0.003 0.001 0.003 0.002 
 118   (0.019) 0.017 0.002 0.002 0.020 0.005 0.002 0.004 0.002 0.014 0.013 0.008 0.003 
 116   (0.025) 0.018 0.013 0.004 0.005 0.034 0.087 0.005 0.003 0.008 0.014 0.023 0.003 
 137   (0.024) 0.105 0.002 0.006 0.004 0.011 0.093 0.014 0.002 0.010 0.012 0.007 0.007 
 123   (0.023) 0.005 0.098 0.002 0.005 0.024 0.025 0.005 0.016 0.006 0.006 0.005 0.020 
 149   (0.008) 0.001 0.002 0.001 0.001 0.005 0.005 0.001 0.002 0.005 0.001 0.005 0.001 
 138   (0.009) 0.001 0.001 0.001 0.001 0.001 0.001 0.001 0.004 0.073 0.001 0.001 0.001 
 143   (0.025) 0.003 0.057 0.079 0.003 0.006 0.005 0.023 0.010 0.030 0.019 0.004 0.004 
 163   (0.008) 0.003 0.001 0.001 0.001 0.003 0.006 0.004 0.001 0.004 0.001 0.003 0.001 
 109   (0.010) 0.001 0.001 0.001 0.001 0.002 0.001 0.001 0.001 0.002 0.001 0.036 0.001 
 139   (0.011) 0.001 0.001 0.001 0.001 0.007 0.001 0.013 0.001 0.004 0.002 0.001 0.001 
 106   (0.009) 0.001 0.001 0.001 0.001 0.004 0.002 0.003 0.001 0.010 0.001 0.002 0.002 
 144   (0.014) 0.001 0.002 0.001 0.002 0.006 0.002 0.003 0.001 0.004 0.002 0.044 0.036 
 122   (0.012) 0.001 0.001 0.003 0.014 0.007 0.002 0.002 0.001 0.004 0.002 0.010 0.002 
 100   (0.017) 0.002 0.004 0.001 0.002 0.009 0.035 0.016 0.004 0.030 0.005 0.005 0.002 
 111   (0.010) 0.001 0.001 0.001 0.001 0.003 0.001 0.001 0.002 0.045 0.001 0.001 0.001 
 233   (0.010) 0.001 0.002 0.001 0.001 0.002 0.002 0.001 0.002 0.011 0.006 0.001 0.002 
 134   (0.010) 0.001 0.012 0.001 0.001 0.005 0.001 0.002 0.001 0.002 0.001 0.001 0.001 
 140   (0.007) 0.001 0.001 0.001 0.001 0.002 0.001 0.001 0.001 0.010 0.001 0.005 0.001 

Locus 6 : 
17 alleles
0.0% missing data
 221   (0.023) 0.002 0.002 0.088 0.156 0.004 0.003 0.003 0.002 0.005 0.003 0.003 0.003 
 232   (0.242) 0.085 0.269 0.436 0.148 0.333 0.460 0.277 0.772 0.288 0.284 0.261 0.099 
 229   (0.054) 0.061 0.101 0.060 0.098 0.054 0.010 0.010 0.018 0.013 0.015 0.023 0.026 
 223   (0.059) 0.006 0.078 0.007 0.094 0.025 0.023 0.124 0.006 0.022 0.098 0.066 0.013 
 230   (0.160) 0.165 0.250 0.299 0.067 0.233 0.090 0.224 0.043 0.210 0.086 0.229 0.056 
 235   (0.013) 0.001 0.001 0.001 0.075 0.002 0.002 0.002 0.001 0.003 0.001 0.002 0.001 
 236   (0.039) 0.033 0.004 0.005 0.085 0.066 0.018 0.006 0.020 0.021 0.012 0.008 0.005 
 227   (0.023) 0.002 0.002 0.002 0.060 0.025 0.003 0.017 0.002 0.006 0.008 0.009 0.004 
 220   (0.057) 0.190 0.021 0.004 0.008 0.029 0.102 0.007 0.069 0.038 0.012 0.030 0.220 
 222   (0.042) 0.267 0.004 0.003 0.005 0.009 0.108 0.005 0.003 0.062 0.006 0.016 0.209 
 234   (0.126) 0.171 0.138 0.049 0.094 0.077 0.030 0.072 0.012 0.132 0.302 0.278 0.342 
 224   (0.031) 0.003 0.082 0.002 0.004 0.010 0.007 0.006 0.002 0.042 0.134 0.005 0.004 
 228   (0.057) 0.006 0.027 0.004 0.010 0.049 0.044 0.240 0.045 0.137 0.010 0.043 0.007 
 225   (0.013) 0.001 0.001 0.001 0.002 0.005 0.019 0.001 0.001 0.003 0.002 0.002 0.001 
 226   (0.017) 0.002 0.015 0.001 0.002 0.050 0.076 0.002 0.001 0.004 0.002 0.003 0.003 
 233   (0.027) 0.003 0.003 0.039 0.054 0.024 0.003 0.004 0.002 0.008 0.016 0.015 0.004 
 231   (0.016) 0.001 0.001 0.002 0.038 0.006 0.002 0.002 0.001 0.005 0.010 0.007 0.002 

Locus 7 : 
10 alleles
0.0% missing data
 121   (0.685) 0.794 0.787 0.744 0.880 0.756 0.766 0.828 0.699 0.863 0.555 0.796 0.819 
 129   (0.097) 0.010 0.132 0.107 0.081 0.044 0.105 0.051 0.146 0.050 0.100 0.051 0.012 
 130   (0.016) 0.002 0.002 0.004 0.003 0.004 0.022 0.008 0.002 0.004 0.003 0.002 0.013 
 123   (0.099) 0.130 0.069 0.092 0.021 0.169 0.088 0.082 0.146 0.034 0.237 0.026 0.046 
 128   (0.020) 0.038 0.002 0.022 0.003 0.004 0.002 0.003 0.001 0.005 0.021 0.004 0.002 
 131   (0.016) 0.020 0.002 0.001 0.002 0.008 0.008 0.005 0.001 0.004 0.009 0.003 0.002 
 117   (0.013) 0.001 0.001 0.001 0.002 0.002 0.001 0.001 0.001 0.017 0.002 0.002 0.001 
 125   (0.011) 0.001 0.001 0.001 0.001 0.002 0.001 0.001 0.001 0.002 0.067 0.001 0.001 
 134   (0.032) 0.004 0.003 0.006 0.005 0.010 0.006 0.019 0.002 0.016 0.005 0.106 0.100 
 132   (0.012) 0.001 0.001 0.023 0.002 0.002 0.001 0.001 0.001 0.003 0.002 0.008 0.003 

Locus 8 : 
19 alleles
0.0% missing data
 184   (0.300) 0.522 0.250 0.313 0.491 0.499 0.159 0.503 0.467 0.303 0.518 0.469 0.521 
 194   (0.048) 0.018 0.013 0.020 0.032 0.027 0.018 0.024 0.008 0.042 0.035 0.108 0.006 
 178   (0.104) 0.187 0.299 0.063 0.219 0.087 0.179 0.038 0.028 0.061 0.028 0.080 0.059 
 176   (0.084) 0.010 0.009 0.231 0.045 0.086 0.052 0.045 0.112 0.107 0.046 0.070 0.155 
 182   (0.078) 0.009 0.037 0.219 0.033 0.045 0.170 0.150 0.016 0.109 0.021 0.042 0.107 
 190   (0.032) 0.075 0.019 0.053 0.006 0.006 0.011 0.005 0.002 0.008 0.005 0.005 0.056 
 196   (0.021) 0.002 0.072 0.001 0.005 0.005 0.004 0.003 0.008 0.030 0.003 0.005 0.003 
 200   (0.024) 0.003 0.002 0.008 0.013 0.007 0.012 0.095 0.002 0.007 0.022 0.004 0.003 
 180   (0.023) 0.072 0.003 0.002 0.009 0.004 0.005 0.003 0.002 0.005 0.131 0.003 0.003 
 188   (0.037) 0.008 0.061 0.003 0.031 0.012 0.005 0.005 0.083 0.019 0.008 0.046 0.010 
 174   (0.039) 0.021 0.004 0.041 0.014 0.075 0.013 0.006 0.003 0.018 0.040 0.069 0.009 
 186   (0.121) 0.044 0.130 0.039 0.083 0.131 0.338 0.102 0.242 0.248 0.068 0.072 0.036 
 192   (0.023) 0.012 0.090 0.002 0.010 0.004 0.003 0.006 0.005 0.011 0.014 0.004 0.004 
 201   (0.008) 0.012 0.001 0.001 0.001 0.002 0.001 0.003 0.001 0.002 0.009 0.001 0.001 
 199   (0.017) 0.002 0.002 0.001 0.002 0.003 0.020 0.008 0.002 0.014 0.034 0.002 0.003 
 185   (0.009) 0.001 0.001 0.001 0.001 0.002 0.001 0.001 0.016 0.004 0.002 0.002 0.001 
 203   (0.011) 0.001 0.001 0.001 0.001 0.002 0.002 0.001 0.001 0.003 0.001 0.015 0.003 
 198   (0.010) 0.001 0.001 0.001 0.001 0.002 0.002 0.001 0.001 0.007 0.001 0.002 0.017 
 209   (0.011) 0.001 0.005 0.001 0.002 0.003 0.004 0.002 0.001 0.003 0.012 0.002 0.004 

Locus 9 : 
6 alleles
0.4% missing data
 154   (0.687) 0.822 0.799 0.619 0.705 0.791 0.847 0.644 0.843 0.823 0.664 0.653 0.702 
 156   (0.204) 0.167 0.122 0.368 0.161 0.175 0.134 0.286 0.030 0.112 0.321 0.265 0.283 
 152   (0.055) 0.005 0.074 0.005 0.083 0.014 0.010 0.023 0.108 0.036 0.008 0.049 0.009 
 153   (0.013) 0.002 0.001 0.001 0.003 0.003 0.004 0.005 0.016 0.014 0.002 0.002 0.001 
 160   (0.015) 0.001 0.001 0.001 0.002 0.002 0.002 0.038 0.001 0.009 0.002 0.002 0.002 
 164   (0.026) 0.002 0.002 0.006 0.047 0.014 0.003 0.004 0.002 0.006 0.004 0.029 0.003 

Locus 10 : 
29 alleles
0.7% missing data
 305   (0.067) 0.220 0.008 0.009 0.109 0.021 0.271 0.034 0.007 0.090 0.009 0.012 0.010 
 313   (0.049) 0.005 0.008 0.006 0.161 0.032 0.087 0.012 0.004 0.060 0.010 0.009 0.006 
 311   (0.018) 0.002 0.003 0.002 0.018 0.010 0.002 0.003 0.001 0.005 0.004 0.003 0.003 
 299   (0.115) 0.035 0.154 0.023 0.281 0.030 0.022 0.491 0.158 0.077 0.013 0.025 0.164 
 315   (0.084) 0.086 0.017 0.099 0.097 0.088 0.015 0.119 0.006 0.115 0.015 0.019 0.011 
 287   (0.018) 0.003 0.002 0.002 0.006 0.005 0.004 0.003 0.002 0.006 0.835 0.003 0.004 
 291   (0.111) 0.070 0.496 0.019 0.107 0.026 0.041 0.018 0.011 0.115 0.015 0.422 0.337 
 295   (0.025) 0.004 0.002 0.002 0.019 0.135 0.004 0.004 0.002 0.009 0.003 0.142 0.003 
 289   (0.017) 0.003 0.001 0.001 0.002 0.004 0.002 0.016 0.001 0.004 0.002 0.002 0.254 
 303   (0.036) 0.027 0.003 0.585 0.007 0.007 0.005 0.004 0.656 0.021 0.004 0.007 0.005 
 297   (0.037) 0.004 0.017 0.056 0.009 0.211 0.113 0.011 0.004 0.009 0.004 0.099 0.015 
 293   (0.015) 0.002 0.001 0.001 0.003 0.179 0.002 0.002 0.001 0.004 0.001 0.002 0.002 
 301   (0.059) 0.166 0.006 0.007 0.071 0.012 0.008 0.008 0.007 0.143 0.007 0.071 0.015 
 285   (0.027) 0.265 0.002 0.002 0.004 0.004 0.292 0.019 0.002 0.007 0.003 0.004 0.004 
 307   (0.053) 0.032 0.104 0.169 0.010 0.016 0.007 0.186 0.004 0.015 0.007 0.066 0.006 
 312   (0.052) 0.054 0.102 0.004 0.007 0.159 0.010 0.040 0.015 0.048 0.007 0.042 0.009 
 306   (0.029) 0.004 0.012 0.002 0.013 0.006 0.004 0.004 0.002 0.097 0.004 0.016 0.004 
 320   (0.013) 0.001 0.001 0.001 0.002 0.002 0.001 0.002 0.001 0.035 0.001 0.002 0.001 
 317   (0.022) 0.002 0.002 0.001 0.018 0.003 0.004 0.003 0.100 0.016 0.002 0.003 0.002 
 314   (0.025) 0.003 0.002 0.002 0.037 0.004 0.003 0.003 0.002 0.022 0.032 0.004 0.003 
 323   (0.011) 0.001 0.001 0.001 0.002 0.003 0.001 0.001 0.001 0.013 0.005 0.002 0.002 
 325   (0.013) 0.001 0.001 0.001 0.002 0.003 0.002 0.002 0.001 0.013 0.005 0.002 0.002 
 310   (0.016) 0.002 0.044 0.001 0.003 0.023 0.002 0.003 0.001 0.005 0.002 0.003 0.002 
 309   (0.013) 0.002 0.001 0.001 0.002 0.004 0.001 0.002 0.001 0.005 0.002 0.032 0.003 
 316   (0.020) 0.002 0.005 0.001 0.003 0.003 0.004 0.004 0.004 0.042 0.002 0.003 0.003 
 296   (0.014) 0.001 0.001 0.001 0.002 0.004 0.002 0.002 0.004 0.014 0.002 0.002 0.002 
 304   (0.015) 0.001 0.001 0.001 0.002 0.002 0.089 0.003 0.001 0.003 0.001 0.002 0.004 
 321   (0.013) 0.001 0.001 0.001 0.002 0.002 0.002 0.001 0.001 0.003 0.001 0.002 0.062 
 332   (0.012) 0.001 0.001 0.001 0.002 0.002 0.001 0.001 0.001 0.003 0.001 0.002 0.063 

Locus 11 : 
19 alleles
0.0% missing data
 114   (0.148) 0.298 0.020 0.198 0.254 0.204 0.023 0.166 0.041 0.132 0.039 0.274 0.024 
 126   (0.021) 0.017 0.002 0.004 0.063 0.007 0.002 0.002 0.002 0.005 0.003 0.004 0.002 
 111   (0.101) 0.009 0.569 0.007 0.184 0.094 0.564 0.025 0.318 0.029 0.022 0.016 0.594 
 116   (0.110) 0.016 0.030 0.272 0.106 0.126 0.074 0.149 0.009 0.050 0.111 0.141 0.030 
 132   (0.014) 0.001 0.001 0.001 0.012 0.002 0.002 0.002 0.001 0.003 0.002 0.002 0.002 
 109   (0.015) 0.001 0.002 0.001 0.050 0.003 0.002 0.002 0.001 0.003 0.002 0.003 0.002 
 128   (0.017) 0.002 0.006 0.001 0.007 0.003 0.002 0.003 0.001 0.008 0.002 0.015 0.002 
 112   (0.313) 0.600 0.040 0.489 0.249 0.449 0.065 0.581 0.168 0.595 0.465 0.442 0.067 
 122   (0.017) 0.007 0.002 0.004 0.003 0.009 0.002 0.002 0.013 0.005 0.002 0.006 0.004 
 124   (0.013) 0.018 0.001 0.002 0.002 0.002 0.002 0.001 0.002 0.003 0.002 0.002 0.001 
 118   (0.048) 0.013 0.005 0.009 0.017 0.022 0.007 0.030 0.012 0.015 0.075 0.041 0.222 
 127   (0.012) 0.001 0.001 0.001 0.001 0.002 0.001 0.001 0.001 0.017 0.002 0.001 0.001 
 113   (0.054) 0.005 0.231 0.003 0.007 0.022 0.198 0.008 0.421 0.047 0.035 0.010 0.020 
 115   (0.028) 0.003 0.006 0.003 0.021 0.010 0.008 0.003 0.003 0.016 0.219 0.010 0.004 
 120   (0.023) 0.002 0.073 0.001 0.003 0.007 0.003 0.003 0.002 0.007 0.003 0.021 0.003 
 117   (0.022) 0.002 0.005 0.002 0.003 0.018 0.006 0.014 0.002 0.019 0.004 0.004 0.011 
 125   (0.018) 0.001 0.002 0.001 0.002 0.015 0.002 0.003 0.003 0.038 0.003 0.002 0.002 
 119   (0.014) 0.001 0.003 0.001 0.002 0.002 0.034 0.002 0.001 0.005 0.002 0.003 0.007 
 136   (0.012) 0.001 0.001 0.001 0.011 0.002 0.001 0.001 0.001 0.003 0.008 0.002 0.001 

Locus 12 : 
28 alleles
0.7% missing data
 306   (0.062) 0.219 0.007 0.009 0.107 0.019 0.343 0.033 0.007 0.042 0.007 0.011 0.011 
 314   (0.062) 0.007 0.086 0.007 0.146 0.017 0.084 0.015 0.013 0.058 0.018 0.009 0.009 
 312   (0.016) 0.002 0.001 0.001 0.028 0.002 0.002 0.002 0.001 0.004 0.001 0.002 0.002 
 300   (0.115) 0.035 0.150 0.023 0.296 0.030 0.022 0.505 0.158 0.077 0.013 0.025 0.163 
 316   (0.047) 0.080 0.016 0.097 0.095 0.025 0.008 0.013 0.004 0.014 0.005 0.007 0.006 
 288   (0.020) 0.003 0.002 0.002 0.006 0.003 0.004 0.003 0.002 0.006 0.822 0.003 0.004 
 292   (0.118) 0.070 0.484 0.020 0.109 0.027 0.041 0.019 0.012 0.117 0.016 0.417 0.377 
 296   (0.028) 0.004 0.003 0.003 0.020 0.139 0.004 0.004 0.004 0.018 0.003 0.144 0.004 
 290   (0.019) 0.003 0.002 0.001 0.003 0.005 0.002 0.017 0.001 0.004 0.002 0.002 0.253 
 304   (0.035) 0.026 0.003 0.587 0.007 0.006 0.005 0.004 0.659 0.021 0.004 0.007 0.005 
 298   (0.038) 0.004 0.016 0.056 0.009 0.209 0.113 0.012 0.004 0.009 0.004 0.099 0.015 
 294   (0.016) 0.002 0.001 0.001 0.003 0.178 0.002 0.002 0.001 0.004 0.002 0.002 0.002 
 302   (0.061) 0.166 0.006 0.007 0.072 0.012 0.008 0.009 0.007 0.143 0.007 0.070 0.015 
 286   (0.030) 0.264 0.002 0.003 0.004 0.004 0.314 0.019 0.002 0.008 0.003 0.004 0.005 
 308   (0.033) 0.031 0.003 0.162 0.007 0.007 0.004 0.168 0.002 0.009 0.004 0.014 0.004 
 313   (0.046) 0.056 0.007 0.003 0.007 0.179 0.006 0.056 0.005 0.052 0.005 0.044 0.006 
 307   (0.049) 0.006 0.127 0.004 0.013 0.015 0.006 0.013 0.004 0.102 0.006 0.075 0.006 
 321   (0.014) 0.001 0.001 0.001 0.002 0.002 0.001 0.002 0.001 0.035 0.001 0.002 0.001 
 315   (0.059) 0.008 0.005 0.005 0.042 0.056 0.009 0.086 0.012 0.134 0.053 0.015 0.008 
 318   (0.019) 0.002 0.004 0.001 0.006 0.003 0.005 0.003 0.093 0.016 0.002 0.002 0.002 
 324   (0.014) 0.001 0.001 0.001 0.002 0.003 0.002 0.002 0.001 0.013 0.005 0.002 0.002 
 326   (0.013) 0.001 0.001 0.001 0.002 0.003 0.002 0.002 0.001 0.013 0.005 0.002 0.002 
 311   (0.020) 0.002 0.065 0.002 0.005 0.045 0.002 0.005 0.001 0.007 0.005 0.004 0.002 
 310   (0.015) 0.002 0.001 0.001 0.002 0.004 0.002 0.002 0.001 0.005 0.002 0.031 0.003 
 305   (0.013) 0.001 0.001 0.001 0.002 0.002 0.002 0.004 0.001 0.048 0.001 0.002 0.002 
 317   (0.013) 0.001 0.001 0.001 0.002 0.002 0.001 0.002 0.001 0.035 0.001 0.002 0.001 
 320   (0.013) 0.001 0.001 0.001 0.002 0.002 0.002 0.001 0.001 0.003 0.001 0.002 0.029 
 322   (0.013) 0.001 0.001 0.001 0.002 0.002 0.002 0.001 0.001 0.003 0.001 0.002 0.061 

Locus 13 : 
7 alleles
1.1% missing data
 161   (0.599) 0.060 0.413 0.891 0.669 0.613 0.323 0.419 0.495 0.581 0.461 0.854 0.931 
 163   (0.294) 0.027 0.576 0.022 0.239 0.347 0.479 0.566 0.461 0.389 0.521 0.109 0.057 
 160   (0.018) 0.451 0.002 0.001 0.002 0.008 0.002 0.002 0.001 0.004 0.003 0.003 0.002 
 162   (0.016) 0.456 0.001 0.001 0.002 0.004 0.002 0.002 0.002 0.003 0.002 0.002 0.002 
 165   (0.045) 0.004 0.006 0.003 0.082 0.018 0.191 0.006 0.040 0.015 0.009 0.026 0.005 
 166   (0.014) 0.001 0.001 0.002 0.004 0.008 0.002 0.004 0.001 0.004 0.002 0.004 0.002 
 164   (0.015) 0.001 0.001 0.080 0.002 0.003 0.002 0.002 0.001 0.003 0.002 0.002 0.001 

Locus 14 : 
4 alleles
0.4% missing data
  98   (0.957) 0.996 0.996 0.987 0.988 0.985 0.995 0.994 0.990 0.970 0.994 0.988 0.995 
 100   (0.013) 0.001 0.001 0.001 0.002 0.002 0.002 0.002 0.005 0.013 0.002 0.002 0.002 
  96   (0.017) 0.002 0.001 0.011 0.009 0.008 0.002 0.003 0.002 0.004 0.002 0.008 0.002 
 105   (0.013) 0.001 0.001 0.001 0.002 0.004 0.001 0.001 0.004 0.012 0.002 0.002 0.001 

Locus 15 : 
12 alleles
2.2% missing data
 171   (0.314) 0.219 0.349 0.165 0.428 0.275 0.154 0.268 0.296 0.445 0.484 0.171 0.568 
 177   (0.188) 0.369 0.074 0.050 0.185 0.255 0.064 0.168 0.070 0.169 0.251 0.317 0.214 
 173   (0.260) 0.082 0.529 0.058 0.270 0.345 0.686 0.256 0.516 0.213 0.127 0.304 0.126 
 179   (0.098) 0.312 0.010 0.587 0.069 0.043 0.053 0.271 0.104 0.042 0.105 0.041 0.023 
 183   (0.019) 0.002 0.002 0.008 0.029 0.009 0.014 0.003 0.006 0.006 0.007 0.003 0.002 
 181   (0.036) 0.004 0.029 0.125 0.007 0.010 0.007 0.010 0.003 0.089 0.005 0.009 0.006 
 197   (0.015) 0.001 0.001 0.001 0.002 0.014 0.002 0.002 0.001 0.004 0.002 0.088 0.002 
 170   (0.013) 0.001 0.001 0.001 0.002 0.025 0.002 0.003 0.001 0.011 0.003 0.003 0.002 
 189   (0.015) 0.006 0.001 0.001 0.003 0.005 0.014 0.013 0.001 0.008 0.002 0.004 0.002 
 203   (0.013) 0.001 0.001 0.001 0.002 0.004 0.001 0.001 0.001 0.003 0.001 0.056 0.001 
 187   (0.017) 0.002 0.001 0.001 0.002 0.014 0.002 0.002 0.001 0.008 0.011 0.002 0.025 
 198   (0.012) 0.001 0.001 0.001 0.002 0.002 0.002 0.001 0.001 0.003 0.001 0.002 0.029 

Values of parameters used in structure:
DATAFILE=STRUCTURE_main_final_278_HEG_ZG.str,	OUTFILE=STRUCTURE_main_final_278_HEG_ZG-K12-10,	NUMINDS=278,	NUMLOCI=15,	MISSING=-9,	LABEL=1,	POPDATA=1,	POPFLAG=0,	PHENOTYPE=0,	EXTRACOLS=0,	MAXPOPS=12,	BURNIN=100000,	NUMREPS=500000,	USEPOPINFO=0,	INFERALPHA=1,	INFERLAMBDA=0,	POPSPECIFICLAMBDA=0,	POPALPHAS=0,	COMPUTEPROB=1,	NOADMIX=0,	ADMBURNIN=2500,	UPDATEFREQ=1,	PRINTLIKES=0,	INTERMEDSAVE=0,	PRINTKLD=0,	PRINTNET=0,	PRINTLAMBDA=0,	ANCESTDIST=0,	NUMBOXES=1000,	ANCESTPINT=0.90000,	GENSBACK=2,	MIGRPRIOR=0.05000,	PRINTQHAT=0,	PRINTQSUM=0,	ALPHA=1.0000,	FREQSCORR=1,	FPRIORMEAN=0.0100,	FPRIORSD=0.0500,	ONEFST=0,	LAMBDA=1.0000,	UNIFPRIORALPHA=1,	ALPHAMAX=10.0000,	ALPHAPRIORA=1.0000,	ALPHAPRIORB=2.0000,	ALPHAPROPSD=0.0250,	STARTATPOPINFO=0,	RANDOMIZE=1,	LINKAGE=0,	METROFREQ=10,	REPORTHITRATE=0,	MARKOVPHASE=-1,	PHASED=0,	PLOIDY=2,	PHASEINFO=0	LOCPRIOR=0, 	LOCPRIORINIT=1.000000, 	LOCDATA=0, 	LOCISPOP=0, 	LOCPRIORSTEP=0.100000, 	MAXLOCPRIOR=20.000000, 	SEED=1782487180,	
[STRAT parameters]:    NUMSIMSTATS=1000,	PHENOTYPECOL=-9,	POOLFREQ=10,	LOCUSxONLY=0,	EMERROR=0.00100,	MISSINGPHENO=-9,	