

----------------------------------------------------
STRUCTURE by Pritchard, Stephens and Donnelly (2000)
     and Falush, Stephens and Pritchard (2003)
       Code by Pritchard, Falush and Hubisz
             Version 2.3.4 (Jul 2012)
----------------------------------------------------



Command line arguments:   structure -K 7 -i STRUCTURE_main_final_278_HEG_ZG.str -o STRUCTURE_main_final_278_HEG_ZG-K7-12 
Input File:    STRUCTURE_main_final_278_HEG_ZG.str

Run parameters:
   278 individuals
   15 loci
   7 populations assumed
   100000 Burn-in period
   500000 Reps


--------------------------------------------
Proportion of membership of each pre-defined
 population in each of the 7 clusters

Given    Inferred Clusters                                   Number of
 Pop       1      2      3      4      5      6      7      Individuals

  1:     0.640  0.102  0.020  0.088  0.079  0.034  0.036       24
  2:     0.024  0.031  0.037  0.063  0.056  0.769  0.021       24
  3:     0.027  0.086  0.318  0.034  0.243  0.015  0.276       24
  4:     0.082  0.047  0.213  0.536  0.047  0.040  0.035       24
  5:     0.034  0.045  0.540  0.203  0.114  0.046  0.019       24
  6:     0.589  0.020  0.104  0.095  0.024  0.143  0.025       24
  7:     0.118  0.016  0.027  0.083  0.027  0.712  0.018       24
  8:     0.025  0.074  0.681  0.096  0.055  0.014  0.055       14
  9:     0.052  0.447  0.040  0.039  0.248  0.026  0.149       24
 10:     0.017  0.630  0.027  0.019  0.073  0.014  0.220       24
 11:     0.026  0.368  0.037  0.038  0.125  0.019  0.387       24
 12:     0.294  0.067  0.095  0.304  0.081  0.084  0.076       24
--------------------------------------------

Allele-freq. divergence among pops (Net nucleotide distance),
computed using point estimates of P.

      1       2       3       4       5       6       7      
 1      -    0.0525  0.0289  0.0286  0.0474  0.0435  0.0705  
 2   0.0525     -    0.0463  0.0526  0.0596  0.0864  0.0528  
 3   0.0289  0.0463     -    0.0301  0.0431  0.0482  0.0563  
 4   0.0286  0.0526  0.0301     -    0.0469  0.0476  0.0769  
 5   0.0474  0.0596  0.0431  0.0469     -    0.0675  0.0692  
 6   0.0435  0.0864  0.0482  0.0476  0.0675     -    0.0747  
 7   0.0705  0.0528  0.0563  0.0769  0.0692  0.0747     -    

Average distances (expected heterozygosity) between individuals in same cluster:
cluster  1  : 0.6186 
cluster  2  : 0.6215 
cluster  3  : 0.6318 
cluster  4  : 0.6107 
cluster  5  : 0.6284 
cluster  6  : 0.6305 
cluster  7  : 0.5763 

--------------------------------------------
Estimated Ln Prob of Data   = -12684.4
Mean value of ln likelihood = -12116.9
Variance of ln likelihood   = 1135.0
Mean value of alpha         = 0.0552

Mean value of Fst_1         = 0.0799
Mean value of Fst_2         = 0.1154
Mean value of Fst_3         = 0.0560
Mean value of Fst_4         = 0.0902
Mean value of Fst_5         = 0.1136
Mean value of Fst_6         = 0.1223
Mean value of Fst_7         = 0.1836


Inferred ancestry of individuals:
        Label (%Miss) Pop:  Inferred clusters
  1 24.0601.E1    (0)    1 :  0.929 0.008 0.009 0.012 0.012 0.018 0.013 
  2 24.0602.E1    (0)    1 :  0.917 0.019 0.013 0.009 0.020 0.007 0.015 
  3 24.0603.E1    (0)    1 :  0.887 0.009 0.057 0.022 0.008 0.009 0.008 
  4 24.0604.E1    (0)    1 :  0.450 0.048 0.006 0.254 0.227 0.009 0.007 
  5 24.0605.E1    (0)    1 :  0.896 0.012 0.015 0.027 0.012 0.021 0.016 
  6 24.0606.E1    (0)    1 :  0.803 0.024 0.016 0.123 0.008 0.017 0.009 
  7 24.0607.E1    (0)    1 :  0.312 0.025 0.062 0.029 0.510 0.043 0.020 
  8 24.0608.E1    (0)    1 :  0.751 0.026 0.010 0.013 0.009 0.024 0.169 
  9 24.0609.E1    (0)    1 :  0.140 0.462 0.024 0.324 0.019 0.005 0.025 
 10 24.0610.E1    (0)    1 :  0.416 0.380 0.018 0.166 0.006 0.007 0.008 
 11 24.0611.E1    (0)    1 :  0.868 0.067 0.012 0.030 0.008 0.007 0.008 
 12 24.0612.E1    (0)    1 :  0.926 0.008 0.017 0.009 0.016 0.017 0.006 
 13 24.0613.E1    (0)    1 :  0.856 0.030 0.008 0.086 0.007 0.006 0.006 
 14 24.0614.E1    (0)    1 :  0.509 0.057 0.011 0.015 0.010 0.077 0.320 
 15 24.0615.E1    (0)    1 :  0.715 0.142 0.014 0.014 0.046 0.034 0.036 
 16 24.0616.E1    (0)    1 :  0.934 0.013 0.009 0.012 0.014 0.009 0.008 
 17 24.0617.E1    (0)    1 :  0.259 0.647 0.016 0.021 0.011 0.036 0.011 
 18 24.0618.E1    (0)    1 :  0.668 0.179 0.045 0.054 0.009 0.007 0.039 
 19 24.0619.E1    (0)    1 :  0.311 0.018 0.012 0.251 0.388 0.010 0.009 
 20 24.0620.E1   (20)    1 :  0.133 0.067 0.046 0.384 0.040 0.315 0.015 
 21 24.0621.E1    (0)    1 :  0.098 0.125 0.015 0.198 0.473 0.006 0.086 
 22 24.0622.E1    (0)    1 :  0.925 0.010 0.014 0.020 0.006 0.018 0.007 
 23 24.0623.E1    (0)    1 :  0.713 0.061 0.024 0.024 0.033 0.117 0.027 
 24 24.0624.E1    (0)    1 :  0.954 0.014 0.008 0.006 0.006 0.006 0.006 
 25 24.0625.E1    (0)    2 :  0.022 0.026 0.059 0.069 0.025 0.766 0.034 
 26 24.0626.E1    (0)    2 :  0.007 0.005 0.007 0.006 0.006 0.948 0.020 
 27 24.0627.E1    (0)    2 :  0.008 0.006 0.008 0.037 0.413 0.520 0.008 
 28 24.0628.E1    (0)    2 :  0.033 0.116 0.016 0.195 0.009 0.604 0.028 
 29 24.0629.E1    (0)    2 :  0.114 0.022 0.051 0.010 0.016 0.772 0.015 
 30 24.0630.E1    (0)    2 :  0.008 0.008 0.008 0.025 0.012 0.928 0.010 
 31 24.0631.E1    (0)    2 :  0.010 0.005 0.006 0.006 0.007 0.962 0.004 
 32 24.0632.E1    (0)    2 :  0.016 0.011 0.014 0.009 0.025 0.914 0.011 
 33 24.0633.E1    (0)    2 :  0.021 0.021 0.095 0.089 0.010 0.565 0.199 
 34 24.0634.E1    (0)    2 :  0.014 0.021 0.020 0.021 0.011 0.892 0.022 
 35 24.0635.E1    (0)    2 :  0.027 0.071 0.279 0.068 0.027 0.490 0.038 
 36 24.0636.E1   (33)    2 :  0.070 0.009 0.025 0.111 0.015 0.758 0.012 
 37 24.0637.E1    (0)    2 :  0.006 0.005 0.010 0.006 0.006 0.963 0.004 
 38 24.0638.E1    (0)    2 :  0.014 0.008 0.125 0.179 0.021 0.643 0.010 
 39 24.0639.E1    (0)    2 :  0.060 0.069 0.043 0.009 0.021 0.780 0.018 
 40 24.0640.E1    (0)    2 :  0.014 0.018 0.012 0.011 0.008 0.927 0.010 
 41 24.0641.E1    (0)    2 :  0.047 0.019 0.028 0.089 0.353 0.442 0.021 
 42 24.0642.E1    (0)    2 :  0.029 0.005 0.009 0.288 0.008 0.654 0.006 
 43 24.0643.E1    (0)    2 :  0.011 0.011 0.022 0.010 0.300 0.638 0.008 
 44 24.0644.E1    (0)    2 :  0.010 0.112 0.009 0.054 0.011 0.795 0.009 
 45 24.0645.E1    (0)    2 :  0.010 0.056 0.007 0.149 0.009 0.763 0.005 
 46 24.0646.E1    (0)    2 :  0.010 0.113 0.009 0.053 0.011 0.794 0.009 
 47 24.0647.E1    (0)    2 :  0.006 0.005 0.010 0.006 0.006 0.964 0.004 
 48 24.0648.E1    (0)    2 :  0.006 0.005 0.009 0.006 0.006 0.964 0.004 
 49 24.0649.E1    (0)    3 :  0.006 0.020 0.938 0.008 0.009 0.005 0.013 
 50 24.0650.E1    (0)    3 :  0.016 0.377 0.017 0.374 0.008 0.004 0.203 
 51 24.0651.E1    (0)    3 :  0.012 0.048 0.629 0.018 0.043 0.121 0.129 
 52 24.0652.E1    (0)    3 :  0.035 0.007 0.054 0.011 0.020 0.005 0.868 
 53 24.0653.E1    (0)    3 :  0.006 0.019 0.035 0.011 0.908 0.006 0.014 
 54 24.0654.E1    (0)    3 :  0.009 0.023 0.196 0.011 0.011 0.008 0.741 
 55 24.0655.E1    (0)    3 :  0.036 0.025 0.632 0.015 0.010 0.013 0.269 
 56 24.0656.E1    (0)    3 :  0.012 0.012 0.021 0.023 0.013 0.011 0.907 
 57 24.0657.E1    (0)    3 :  0.012 0.013 0.026 0.024 0.014 0.011 0.900 
 58 24.0658.E1    (0)    3 :  0.023 0.219 0.664 0.035 0.043 0.009 0.008 
 59 24.0659.E1    (0)    3 :  0.088 0.156 0.184 0.020 0.314 0.006 0.231 
 60 24.0660.E1    (6)    3 :  0.025 0.009 0.915 0.016 0.013 0.010 0.013 
 61 24.0661.E1    (0)    3 :  0.010 0.010 0.019 0.007 0.010 0.009 0.935 
 62 24.0662.E1    (0)    3 :  0.190 0.142 0.378 0.018 0.069 0.025 0.178 
 63 24.0663.E1    (0)    3 :  0.007 0.815 0.045 0.045 0.009 0.009 0.070 
 64 24.0664.E1    (0)    3 :  0.008 0.016 0.433 0.021 0.021 0.022 0.480 
 65 24.0665.E1    (0)    3 :  0.010 0.008 0.375 0.064 0.042 0.045 0.456 
 66 24.0666.E1    (0)    3 :  0.010 0.010 0.012 0.013 0.938 0.006 0.011 
 67 24.0667.E1    (0)    3 :  0.013 0.007 0.034 0.009 0.921 0.005 0.011 
 68 24.0668.E1    (0)    3 :  0.004 0.005 0.006 0.005 0.970 0.004 0.005 
 69 24.0669.E1    (0)    3 :  0.004 0.005 0.007 0.005 0.969 0.004 0.005 
 70 24.0670.E1    (0)    3 :  0.012 0.051 0.887 0.005 0.015 0.005 0.025 
 71 24.0671.E1    (0)    3 :  0.010 0.049 0.760 0.015 0.010 0.015 0.142 
 72 24.0672.E1    (0)    3 :  0.096 0.016 0.371 0.038 0.459 0.006 0.013 
 73 24.0673.E1    (6)    4 :  0.154 0.018 0.024 0.201 0.010 0.168 0.424 
 74 24.0674.E1    (0)    4 :  0.177 0.014 0.011 0.770 0.006 0.014 0.008 
 75 24.0675.E1    (0)    4 :  0.035 0.121 0.032 0.727 0.011 0.041 0.034 
 76 24.0676.E1    (0)    4 :  0.016 0.242 0.038 0.668 0.008 0.012 0.016 
 77 24.0677.E1    (0)    4 :  0.044 0.031 0.825 0.022 0.029 0.007 0.041 
 78 24.0678.E1    (0)    4 :  0.375 0.010 0.367 0.041 0.139 0.030 0.037 
 79 24.0679.E1    (0)    4 :  0.185 0.165 0.238 0.322 0.060 0.008 0.021 
 80 24.0680.E1    (0)    4 :  0.062 0.010 0.556 0.181 0.157 0.013 0.020 
 81 24.0681.E1    (0)    4 :  0.064 0.011 0.215 0.667 0.016 0.015 0.011 
 82 24.0682.E1    (0)    4 :  0.006 0.016 0.005 0.958 0.006 0.006 0.003 
 83 24.0683.E1    (0)    4 :  0.206 0.007 0.011 0.728 0.012 0.026 0.010 
 84 24.0684.E1    (0)    4 :  0.242 0.020 0.040 0.601 0.017 0.073 0.007 
 85 24.0685.E1    (0)    4 :  0.021 0.013 0.014 0.893 0.036 0.017 0.006 
 86 24.0686.E1    (0)    4 :  0.055 0.026 0.823 0.033 0.013 0.041 0.009 
 87 24.0687.E1    (0)    4 :  0.043 0.022 0.749 0.057 0.008 0.111 0.011 
 88 24.0688.E1    (0)    4 :  0.007 0.007 0.011 0.955 0.006 0.008 0.006 
 89 24.0689.E1    (0)    4 :  0.034 0.201 0.547 0.141 0.010 0.035 0.032 
 90 24.0690.E1    (0)    4 :  0.053 0.010 0.304 0.051 0.511 0.042 0.028 
 91 24.0691.E1    (0)    4 :  0.050 0.041 0.020 0.868 0.008 0.008 0.006 
 92 24.0692.E1    (0)    4 :  0.007 0.028 0.103 0.841 0.008 0.007 0.006 
 93 24.0693.E1    (0)    4 :  0.019 0.054 0.146 0.436 0.011 0.243 0.091 
 94 24.0694.E1    (0)    4 :  0.010 0.008 0.010 0.944 0.012 0.010 0.006 
 95 24.0695.E1    (0)    4 :  0.068 0.036 0.011 0.849 0.019 0.007 0.010 
 96 24.0696.E1    (0)    4 :  0.030 0.016 0.015 0.903 0.015 0.015 0.006 
 97 24.0697.E1    (0)    5 :  0.011 0.013 0.849 0.080 0.009 0.029 0.008 
 98 24.0698.E1    (0)    5 :  0.033 0.020 0.845 0.023 0.028 0.042 0.010 
 99 24.0699.E1    (0)    5 :  0.016 0.008 0.939 0.007 0.011 0.009 0.010 
100 24.0700.E1    (0)    5 :  0.007 0.008 0.939 0.023 0.008 0.006 0.008 
101 24.0701.E1    (0)    5 :  0.010 0.011 0.017 0.010 0.920 0.024 0.009 
102 24.0702.E1    (0)    5 :  0.014 0.009 0.903 0.022 0.027 0.017 0.009 
103 24.0703.E1    (0)    5 :  0.011 0.035 0.867 0.007 0.023 0.035 0.022 
104 24.0704.E1    (6)    5 :  0.015 0.014 0.767 0.013 0.169 0.011 0.010 
105 24.0705.E1    (0)    5 :  0.021 0.013 0.040 0.885 0.024 0.008 0.008 
106 24.0706.E1    (0)    5 :  0.008 0.012 0.864 0.062 0.028 0.010 0.015 
107 24.0707.E1    (0)    5 :  0.020 0.007 0.890 0.038 0.014 0.019 0.012 
108 24.0708.E1    (0)    5 :  0.155 0.410 0.069 0.058 0.039 0.184 0.087 
109 24.0709.E1    (0)    5 :  0.012 0.161 0.021 0.771 0.014 0.008 0.013 
110 24.0710.E1    (0)    5 :  0.158 0.043 0.487 0.199 0.081 0.019 0.013 
111 24.0711.E1    (0)    5 :  0.087 0.010 0.720 0.061 0.072 0.039 0.011 
112 24.0712.E1    (0)    5 :  0.027 0.009 0.092 0.037 0.780 0.047 0.007 
113 24.0713.E1    (0)    5 :  0.013 0.069 0.224 0.653 0.019 0.011 0.011 
114 24.0714.E1    (0)    5 :  0.036 0.018 0.821 0.073 0.027 0.011 0.015 
115 24.0715.E1    (0)    5 :  0.044 0.010 0.706 0.099 0.013 0.109 0.019 
116 24.0716.E1    (0)    5 :  0.061 0.078 0.424 0.022 0.359 0.041 0.016 
117 24.0717.E1    (0)    5 :  0.019 0.039 0.422 0.026 0.022 0.364 0.109 
118 24.0718.E1    (0)    5 :  0.024 0.009 0.771 0.131 0.025 0.033 0.006 
119 24.0719.E1    (0)    5 :  0.008 0.038 0.025 0.896 0.014 0.011 0.009 
120 24.0720.E1    (0)    5 :  0.016 0.036 0.248 0.666 0.014 0.010 0.011 
121 24.0721.E1    (0)    6 :  0.087 0.023 0.451 0.095 0.016 0.263 0.064 
122 24.0722.E1    (0)    6 :  0.084 0.020 0.129 0.075 0.039 0.638 0.014 
123 24.0723.E1    (0)    6 :  0.053 0.073 0.056 0.018 0.011 0.566 0.222 
124 24.0724.E1    (0)    6 :  0.578 0.083 0.022 0.231 0.014 0.044 0.027 
125 24.0725.E1    (0)    6 :  0.933 0.008 0.012 0.012 0.008 0.008 0.019 
126 24.0726.E1    (6)    6 :  0.743 0.009 0.017 0.165 0.009 0.048 0.008 
127 24.0727.E1    (0)    6 :  0.755 0.015 0.033 0.024 0.021 0.107 0.044 
128 24.0728.E1    (0)    6 :  0.381 0.013 0.414 0.021 0.010 0.128 0.031 
129 24.0729.E1    (0)    6 :  0.730 0.032 0.014 0.166 0.027 0.026 0.006 
130 24.0730.E1    (0)    6 :  0.088 0.017 0.833 0.021 0.013 0.016 0.012 
131 24.0731.E1    (0)    6 :  0.242 0.009 0.012 0.678 0.006 0.038 0.016 
132 24.0732.E1    (0)    6 :  0.350 0.005 0.058 0.098 0.008 0.470 0.012 
133 24.0733.E1    (0)    6 :  0.960 0.006 0.005 0.008 0.004 0.012 0.004 
134 24.0734.E1    (0)    6 :  0.135 0.009 0.219 0.012 0.008 0.604 0.013 
135 24.0735.E1    (0)    6 :  0.847 0.013 0.035 0.015 0.009 0.069 0.011 
136 24.0736.E1    (0)    6 :  0.953 0.006 0.009 0.008 0.006 0.011 0.007 
137 24.0737.E1    (0)    6 :  0.926 0.010 0.021 0.010 0.008 0.013 0.012 
138 24.0738.E1    (0)    6 :  0.942 0.007 0.014 0.008 0.010 0.011 0.008 
139 24.0739.E1    (0)    6 :  0.940 0.008 0.019 0.010 0.006 0.008 0.009 
140 24.0740.E1    (0)    6 :  0.680 0.028 0.014 0.237 0.015 0.018 0.008 
141 24.0741.E1    (0)    6 :  0.674 0.010 0.055 0.067 0.008 0.174 0.012 
142 24.0742.E1    (0)    6 :  0.837 0.009 0.011 0.025 0.009 0.101 0.008 
143 24.0743.E1    (0)    6 :  0.768 0.020 0.010 0.167 0.018 0.007 0.009 
144 24.0744.E1    (0)    6 :  0.458 0.038 0.024 0.110 0.304 0.048 0.017 
145 24.0745.E1    (0)    7 :  0.007 0.011 0.022 0.047 0.041 0.815 0.056 
146 24.0746.E1    (0)    7 :  0.015 0.017 0.037 0.090 0.048 0.781 0.012 
147 24.0747.E1    (0)    7 :  0.121 0.023 0.014 0.333 0.011 0.476 0.023 
148 24.0748.E1    (6)    7 :  0.121 0.031 0.014 0.441 0.014 0.319 0.060 
149 24.0749.E1    (0)    7 :  0.448 0.008 0.014 0.013 0.011 0.500 0.006 
150 24.0750.E1    (0)    7 :  0.512 0.023 0.176 0.158 0.030 0.089 0.012 
151 24.0751.E1    (0)    7 :  0.018 0.005 0.008 0.008 0.007 0.947 0.007 
152 24.0752.E1    (0)    7 :  0.135 0.007 0.014 0.015 0.008 0.808 0.013 
153 24.0753.E1    (0)    7 :  0.062 0.006 0.008 0.013 0.011 0.885 0.014 
154 24.0754.E1    (0)    7 :  0.023 0.006 0.010 0.018 0.008 0.914 0.021 
155 24.0755.E1    (0)    7 :  0.025 0.041 0.026 0.137 0.011 0.752 0.009 
156 24.0756.E1    (0)    7 :  0.021 0.011 0.006 0.013 0.008 0.932 0.008 
157 24.0757.E1    (0)    7 :  0.007 0.004 0.006 0.007 0.005 0.966 0.005 
158 24.0758.E1    (0)    7 :  0.008 0.004 0.006 0.007 0.006 0.964 0.005 
159 24.0759.E1    (0)    7 :  0.392 0.006 0.015 0.020 0.012 0.479 0.076 
160 24.0760.E1    (0)    7 :  0.010 0.006 0.022 0.014 0.011 0.928 0.008 
161 24.0761.E1    (0)    7 :  0.005 0.004 0.005 0.005 0.004 0.968 0.008 
162 24.0762.E1    (0)    7 :  0.233 0.086 0.173 0.131 0.337 0.028 0.012 
163 24.0763.E1    (0)    7 :  0.028 0.006 0.009 0.030 0.006 0.905 0.016 
164 24.0764.E1    (0)    7 :  0.149 0.005 0.016 0.009 0.007 0.808 0.006 
165 24.0765.E1    (0)    7 :  0.010 0.009 0.007 0.014 0.006 0.943 0.011 
166 24.0766.E1    (0)    7 :  0.038 0.006 0.008 0.011 0.007 0.916 0.015 
167 24.0767.E1    (0)    7 :  0.015 0.007 0.007 0.018 0.005 0.940 0.008 
168 24.0768.E1    (0)    7 :  0.433 0.037 0.026 0.433 0.032 0.023 0.016 
169 24.0779.E1    (0)    8 :  0.019 0.011 0.863 0.046 0.018 0.026 0.017 
170 24.0780.E1    (6)    8 :  0.009 0.161 0.729 0.045 0.008 0.005 0.043 
171 24.0781.E1    (0)    8 :  0.005 0.008 0.961 0.009 0.005 0.005 0.007 
172 24.0782.E1    (0)    8 :  0.179 0.032 0.259 0.412 0.013 0.054 0.052 
173 24.0783.E1    (0)    8 :  0.010 0.295 0.398 0.200 0.057 0.009 0.031 
174 24.0784.E1    (0)    8 :  0.009 0.049 0.884 0.039 0.005 0.005 0.009 
175 24.0785.E1    (0)    8 :  0.007 0.059 0.805 0.017 0.020 0.005 0.088 
176 24.0786.E1    (0)    8 :  0.025 0.133 0.685 0.114 0.012 0.010 0.021 
177 24.0787.E1    (0)    8 :  0.012 0.013 0.906 0.013 0.008 0.023 0.025 
178 24.0788.E1    (0)    8 :  0.007 0.179 0.700 0.058 0.009 0.019 0.029 
179 24.0789.E1    (0)    8 :  0.022 0.041 0.890 0.010 0.009 0.013 0.015 
180 24.0790.E1    (0)    8 :  0.005 0.023 0.924 0.010 0.010 0.005 0.023 
181 24.0791.E1    (0)    8 :  0.025 0.015 0.122 0.242 0.571 0.007 0.019 
182 24.0792.E1    (0)    8 :  0.017 0.009 0.416 0.128 0.026 0.010 0.393 
183 24.0793.E1    (0)    9 :  0.022 0.600 0.057 0.012 0.038 0.020 0.251 
184 24.0794.E1    (0)    9 :  0.470 0.147 0.016 0.008 0.010 0.008 0.341 
185 24.0795.E1    (0)    9 :  0.445 0.329 0.051 0.019 0.024 0.047 0.086 
186 24.0796.E1    (0)    9 :  0.034 0.549 0.111 0.009 0.010 0.006 0.280 
187 24.0797.E1    (0)    9 :  0.013 0.587 0.084 0.009 0.022 0.006 0.278 
188 24.0798.E1    (0)    9 :  0.010 0.189 0.026 0.024 0.488 0.075 0.189 
189 24.0799.E1    (0)    9 :  0.023 0.152 0.017 0.010 0.765 0.009 0.024 
190 24.0800.E1    (0)    9 :  0.021 0.465 0.019 0.086 0.358 0.008 0.043 
191 24.0801.E1    (0)    9 :  0.005 0.026 0.009 0.021 0.906 0.006 0.027 
192 24.0802.E1    (0)    9 :  0.009 0.669 0.021 0.013 0.040 0.029 0.219 
193 24.0803.E1    (0)    9 :  0.014 0.145 0.019 0.009 0.700 0.013 0.101 
194 24.0804.E1    (0)    9 :  0.011 0.761 0.011 0.007 0.018 0.010 0.182 
195 24.0805.E1    (0)    9 :  0.013 0.219 0.014 0.119 0.606 0.009 0.019 
196 24.0806.E1    (0)    9 :  0.011 0.509 0.021 0.009 0.096 0.162 0.193 
197 24.0807.E1    (0)    9 :  0.008 0.633 0.021 0.008 0.035 0.008 0.287 
198 24.0808.E1    (0)    9 :  0.015 0.417 0.138 0.193 0.129 0.015 0.091 
199 24.0809.E1    (0)    9 :  0.023 0.339 0.010 0.155 0.451 0.009 0.014 
200 24.0810.E1    (0)    9 :  0.033 0.144 0.016 0.050 0.615 0.022 0.118 
201 24.0811.E1    (0)    9 :  0.020 0.645 0.018 0.008 0.011 0.010 0.288 
202 24.0812.E1    (0)    9 :  0.023 0.870 0.039 0.016 0.015 0.007 0.029 
203 24.0813.E1    (0)    9 :  0.010 0.544 0.185 0.089 0.043 0.030 0.099 
204 24.0814.E1    (6)    9 :  0.008 0.816 0.011 0.027 0.056 0.011 0.070 
205 24.0815.E1    (0)    9 :  0.006 0.366 0.013 0.029 0.433 0.085 0.068 
206 24.0816.E1    (0)    9 :  0.011 0.595 0.026 0.006 0.073 0.014 0.274 
207 24.0817.E1    (0)   10 :  0.017 0.833 0.032 0.014 0.013 0.006 0.084 
208 24.0818.E1    (0)   10 :  0.061 0.630 0.121 0.008 0.016 0.012 0.153 
209 24.0819.E1    (0)   10 :  0.009 0.015 0.008 0.011 0.543 0.046 0.369 
210 24.0820.E1    (0)   10 :  0.008 0.016 0.007 0.007 0.015 0.040 0.907 
211 24.0821.E1    (0)   10 :  0.015 0.116 0.106 0.018 0.354 0.012 0.380 
212 24.0822.E1    (0)   10 :  0.009 0.887 0.043 0.013 0.011 0.012 0.025 
213 24.0823.E1    (0)   10 :  0.012 0.285 0.007 0.026 0.020 0.035 0.615 
214 24.0824.E1    (0)   10 :  0.009 0.397 0.008 0.053 0.501 0.010 0.022 
215 24.0825.E1    (0)   10 :  0.006 0.951 0.007 0.016 0.006 0.008 0.007 
216 24.0826.E1    (0)   10 :  0.007 0.031 0.013 0.010 0.019 0.019 0.901 
217 24.0827.E1    (0)   10 :  0.042 0.590 0.025 0.011 0.009 0.006 0.317 
218 24.0828.E1    (0)   10 :  0.007 0.252 0.019 0.017 0.055 0.030 0.620 
219 24.0829.E1    (0)   10 :  0.009 0.836 0.009 0.013 0.020 0.009 0.105 
220 24.0830.E1    (0)   10 :  0.007 0.748 0.017 0.031 0.014 0.004 0.179 
221 24.0831.E1    (0)   10 :  0.005 0.730 0.056 0.063 0.027 0.005 0.114 
222 24.0832.E1    (0)   10 :  0.011 0.942 0.007 0.012 0.005 0.004 0.019 
223 24.0833.E1    (0)   10 :  0.005 0.956 0.005 0.014 0.005 0.005 0.010 
224 24.0834.E1    (0)   10 :  0.009 0.927 0.007 0.013 0.006 0.008 0.029 
225 24.0835.E1    (0)   10 :  0.012 0.935 0.010 0.009 0.016 0.005 0.012 
226 24.0836.E1    (0)   10 :  0.014 0.903 0.013 0.027 0.025 0.008 0.010 
227 24.0837.E1    (0)   10 :  0.008 0.920 0.013 0.012 0.011 0.006 0.029 
228 24.0838.E1    (0)   10 :  0.006 0.918 0.029 0.020 0.006 0.008 0.014 
229 24.0839.E1    (0)   10 :  0.115 0.574 0.067 0.036 0.040 0.021 0.147 
230 24.0840.E1    (0)   10 :  0.014 0.720 0.013 0.007 0.014 0.008 0.223 
231 24.0841.E1    (0)   11 :  0.031 0.592 0.024 0.013 0.006 0.007 0.326 
232 24.0842.E1    (0)   11 :  0.028 0.481 0.016 0.008 0.221 0.006 0.241 
233 24.0843.E1    (0)   11 :  0.007 0.089 0.022 0.009 0.255 0.012 0.605 
234 24.0844.E1    (0)   11 :  0.026 0.315 0.035 0.022 0.531 0.006 0.065 
235 24.0845.E1    (0)   11 :  0.009 0.723 0.115 0.023 0.018 0.005 0.108 
236 24.0846.E1    (0)   11 :  0.010 0.934 0.011 0.011 0.013 0.007 0.013 
237 24.0847.E1    (0)   11 :  0.037 0.807 0.010 0.096 0.024 0.009 0.017 
238 24.0848.E1    (0)   11 :  0.011 0.867 0.040 0.033 0.028 0.005 0.015 
239 24.0849.E1    (0)   11 :  0.007 0.011 0.006 0.005 0.007 0.005 0.959 
240 24.0850.E1    (0)   11 :  0.007 0.011 0.006 0.005 0.007 0.005 0.959 
241 24.0851.E1    (0)   11 :  0.007 0.010 0.007 0.005 0.007 0.005 0.960 
242 24.0852.E1    (0)   11 :  0.011 0.110 0.049 0.014 0.009 0.009 0.799 
243 24.0853.E1    (0)   11 :  0.007 0.422 0.008 0.015 0.007 0.012 0.530 
244 24.0854.E1    (0)   11 :  0.008 0.016 0.006 0.008 0.701 0.007 0.254 
245 24.0855.E1    (0)   11 :  0.009 0.885 0.010 0.011 0.014 0.007 0.063 
246 24.0856.E1    (0)   11 :  0.092 0.123 0.144 0.013 0.336 0.228 0.065 
247 24.0857.E1    (0)   11 :  0.020 0.858 0.018 0.027 0.044 0.011 0.022 
248 24.0858.E1    (0)   11 :  0.019 0.730 0.106 0.017 0.037 0.009 0.083 
249 24.0859.E1    (0)   11 :  0.014 0.021 0.014 0.010 0.018 0.017 0.906 
250 24.0860.E1    (0)   11 :  0.063 0.090 0.080 0.011 0.609 0.038 0.109 
251 24.0861.E1    (0)   11 :  0.007 0.023 0.009 0.005 0.007 0.005 0.944 
252 24.0862.E1    (0)   11 :  0.056 0.539 0.108 0.012 0.070 0.025 0.189 
253 24.0863.E1    (0)   11 :  0.007 0.022 0.009 0.005 0.007 0.005 0.945 
254 24.0864.E1    (0)   11 :  0.131 0.142 0.036 0.545 0.026 0.007 0.113 
255 24.0865.E1    (0)   12 :  0.039 0.018 0.027 0.068 0.008 0.071 0.768 
256 24.0866.E1    (0)   12 :  0.046 0.255 0.207 0.345 0.104 0.014 0.029 
257 24.0867.E1    (0)   12 :  0.010 0.073 0.011 0.535 0.016 0.248 0.107 
258 24.0868.E1    (0)   12 :  0.013 0.134 0.289 0.504 0.021 0.030 0.009 
259 24.0869.E1    (0)   12 :  0.007 0.125 0.017 0.820 0.009 0.013 0.009 
260 24.0870.E1    (0)   12 :  0.095 0.101 0.350 0.335 0.024 0.082 0.013 
261 24.0871.E1    (0)   12 :  0.037 0.050 0.086 0.655 0.027 0.019 0.125 
262 24.0872.E1    (0)   12 :  0.015 0.014 0.059 0.512 0.048 0.072 0.279 
263 24.0873.E1    (0)   12 :  0.013 0.116 0.022 0.760 0.031 0.022 0.036 
264 24.0874.E1    (0)   12 :  0.013 0.129 0.017 0.442 0.055 0.159 0.185 
265 24.0875.E1    (0)   12 :  0.016 0.012 0.081 0.416 0.451 0.013 0.012 
266 24.0876.E1    (0)   12 :  0.063 0.007 0.033 0.601 0.277 0.012 0.007 
267 24.0877.E1    (0)   12 :  0.879 0.006 0.034 0.029 0.017 0.026 0.008 
268 24.0878.E1    (0)   12 :  0.692 0.082 0.020 0.177 0.012 0.010 0.008 
269 24.0879.E1    (0)   12 :  0.745 0.008 0.015 0.018 0.197 0.009 0.008 
270 24.0880.E1    (0)   12 :  0.034 0.385 0.061 0.440 0.044 0.015 0.020 
271 24.0881.E1    (0)   12 :  0.956 0.005 0.007 0.008 0.007 0.010 0.007 
272 24.0882.E1    (0)   12 :  0.562 0.006 0.013 0.027 0.011 0.351 0.030 
273 24.0883.E1    (0)   12 :  0.396 0.008 0.010 0.102 0.232 0.198 0.054 
274 24.0884.E1    (0)   12 :  0.937 0.006 0.012 0.014 0.010 0.012 0.010 
275 24.0885.E1    (0)   12 :  0.781 0.015 0.039 0.126 0.020 0.011 0.008 
276 24.0886.E1    (0)   12 :  0.514 0.007 0.013 0.258 0.065 0.083 0.060 
277 24.0887.E1    (0)   12 :  0.167 0.006 0.008 0.068 0.210 0.530 0.012 
278 24.0888.E1    (0)   12 :  0.020 0.029 0.843 0.044 0.044 0.008 0.013 


Estimated Allele Frequencies in each cluster
First column gives estimated ancestral frequencies


Locus 1 : 
31 alleles
0.0% missing data
 115   (0.033) 0.120 0.006 0.008 0.117 0.020 0.004 0.005 
 117   (0.045) 0.223 0.010 0.009 0.051 0.059 0.072 0.004 
 119   (0.033) 0.270 0.005 0.007 0.016 0.006 0.311 0.003 
 131   (0.013) 0.044 0.001 0.002 0.002 0.002 0.002 0.002 
 128   (0.038) 0.024 0.022 0.030 0.053 0.021 0.003 0.007 
 135   (0.016) 0.047 0.002 0.003 0.009 0.003 0.002 0.002 
 126   (0.087) 0.056 0.190 0.078 0.083 0.080 0.043 0.074 
 122   (0.040) 0.010 0.040 0.041 0.012 0.026 0.047 0.021 
 132   (0.029) 0.005 0.038 0.023 0.023 0.015 0.006 0.009 
 141   (0.010) 0.008 0.001 0.002 0.002 0.002 0.002 0.001 
 130   (0.048) 0.006 0.025 0.070 0.089 0.071 0.013 0.023 
 134   (0.043) 0.005 0.019 0.027 0.031 0.014 0.062 0.064 
 145   (0.020) 0.005 0.002 0.004 0.003 0.008 0.016 0.081 
 127   (0.025) 0.034 0.002 0.006 0.006 0.006 0.123 0.002 
 116   (0.110) 0.017 0.146 0.254 0.152 0.106 0.079 0.264 
 114   (0.057) 0.008 0.133 0.044 0.031 0.043 0.032 0.175 
 120   (0.038) 0.008 0.004 0.063 0.015 0.086 0.040 0.004 
 110   (0.047) 0.011 0.064 0.037 0.053 0.049 0.026 0.014 
 133   (0.012) 0.002 0.001 0.002 0.002 0.004 0.019 0.001 
 118   (0.104) 0.015 0.201 0.232 0.185 0.334 0.017 0.222 
 125   (0.015) 0.003 0.011 0.006 0.002 0.003 0.001 0.005 
 129   (0.018) 0.045 0.002 0.006 0.004 0.013 0.002 0.002 
 124   (0.016) 0.007 0.002 0.014 0.006 0.011 0.001 0.005 
 136   (0.021) 0.003 0.051 0.006 0.036 0.003 0.002 0.003 
 121   (0.017) 0.009 0.001 0.004 0.004 0.003 0.041 0.001 
 139   (0.010) 0.010 0.001 0.002 0.001 0.001 0.001 0.001 
 113   (0.011) 0.001 0.001 0.002 0.002 0.002 0.010 0.001 
 111   (0.012) 0.002 0.001 0.002 0.002 0.002 0.010 0.001 
 143   (0.010) 0.001 0.001 0.002 0.001 0.002 0.011 0.001 
 140   (0.013) 0.002 0.005 0.014 0.003 0.003 0.001 0.002 
 112   (0.011) 0.001 0.010 0.002 0.002 0.002 0.001 0.001 

Locus 2 : 
18 alleles
0.0% missing data
 152   (0.392) 0.662 0.320 0.351 0.538 0.436 0.570 0.301 
 148   (0.068) 0.128 0.007 0.038 0.159 0.031 0.127 0.006 
 154   (0.105) 0.049 0.202 0.099 0.154 0.042 0.142 0.028 
 156   (0.015) 0.013 0.003 0.006 0.002 0.003 0.001 0.002 
 150   (0.018) 0.007 0.002 0.003 0.003 0.004 0.065 0.002 
 164   (0.072) 0.071 0.051 0.131 0.023 0.025 0.013 0.099 
 158   (0.031) 0.010 0.004 0.008 0.019 0.105 0.017 0.003 
 160   (0.020) 0.003 0.002 0.014 0.010 0.003 0.012 0.002 
 166   (0.022) 0.003 0.005 0.024 0.006 0.014 0.004 0.003 
 151   (0.072) 0.009 0.301 0.167 0.014 0.121 0.006 0.304 
 147   (0.067) 0.009 0.084 0.086 0.035 0.170 0.006 0.189 
 168   (0.023) 0.003 0.002 0.015 0.009 0.010 0.002 0.030 
 153   (0.014) 0.002 0.001 0.014 0.002 0.003 0.001 0.012 
 149   (0.024) 0.003 0.002 0.010 0.019 0.025 0.008 0.003 
 162   (0.019) 0.005 0.010 0.008 0.003 0.003 0.004 0.013 
 167   (0.013) 0.020 0.001 0.002 0.002 0.002 0.001 0.001 
 146   (0.013) 0.002 0.001 0.002 0.002 0.002 0.021 0.001 
 172   (0.013) 0.001 0.001 0.021 0.002 0.002 0.001 0.001 

Locus 3 : 
4 alleles
0.0% missing data
 128   (0.296) 0.222 0.345 0.220 0.310 0.339 0.413 0.321 
 126   (0.611) 0.713 0.603 0.743 0.661 0.543 0.557 0.530 
 132   (0.079) 0.063 0.050 0.034 0.027 0.090 0.027 0.148 
 134   (0.014) 0.002 0.001 0.003 0.002 0.028 0.004 0.001 

Locus 4 : 
3 alleles
0.0% missing data
 170   (0.317) 0.313 0.403 0.369 0.197 0.256 0.341 0.178 
 172   (0.670) 0.685 0.595 0.628 0.799 0.743 0.652 0.821 
 171   (0.013) 0.002 0.002 0.002 0.004 0.002 0.006 0.001 

Locus 5 : 
37 alleles
0.0% missing data
 125   (0.055) 0.057 0.050 0.019 0.047 0.091 0.054 0.112 
 110   (0.032) 0.030 0.063 0.007 0.010 0.052 0.027 0.025 
 129   (0.034) 0.043 0.022 0.102 0.008 0.007 0.003 0.029 
 113   (0.028) 0.012 0.049 0.107 0.008 0.007 0.002 0.020 
 145   (0.056) 0.211 0.014 0.021 0.136 0.057 0.036 0.086 
 155   (0.055) 0.129 0.069 0.039 0.029 0.041 0.097 0.017 
 117   (0.030) 0.030 0.006 0.020 0.104 0.006 0.016 0.006 
 124   (0.009) 0.020 0.001 0.002 0.002 0.001 0.001 0.001 
 133   (0.035) 0.050 0.004 0.054 0.043 0.018 0.023 0.011 
 157   (0.047) 0.009 0.036 0.149 0.044 0.098 0.025 0.009 
 141   (0.015) 0.003 0.005 0.031 0.007 0.003 0.001 0.001 
 112   (0.069) 0.081 0.126 0.055 0.097 0.023 0.168 0.138 
 121   (0.020) 0.005 0.026 0.016 0.004 0.008 0.004 0.030 
 114   (0.040) 0.056 0.058 0.009 0.126 0.008 0.109 0.004 
 153   (0.051) 0.049 0.085 0.025 0.041 0.260 0.006 0.078 
 127   (0.069) 0.069 0.120 0.105 0.074 0.033 0.055 0.159 
 131   (0.057) 0.061 0.052 0.021 0.032 0.125 0.211 0.078 
 135   (0.033) 0.008 0.024 0.028 0.028 0.054 0.005 0.061 
 104   (0.008) 0.001 0.002 0.002 0.004 0.001 0.006 0.001 
 118   (0.018) 0.018 0.002 0.011 0.006 0.006 0.010 0.002 
 116   (0.026) 0.008 0.028 0.009 0.031 0.016 0.014 0.013 
 137   (0.024) 0.007 0.018 0.013 0.007 0.019 0.062 0.008 
 123   (0.021) 0.006 0.057 0.005 0.009 0.018 0.004 0.032 
 149   (0.009) 0.001 0.004 0.002 0.007 0.001 0.001 0.003 
 138   (0.013) 0.002 0.001 0.033 0.002 0.002 0.001 0.028 
 143   (0.025) 0.003 0.038 0.031 0.004 0.007 0.050 0.010 
 163   (0.010) 0.001 0.001 0.009 0.002 0.001 0.002 0.001 
 109   (0.010) 0.001 0.001 0.002 0.025 0.001 0.001 0.001 
 139   (0.010) 0.001 0.001 0.010 0.001 0.002 0.001 0.001 
 106   (0.010) 0.001 0.001 0.010 0.002 0.002 0.001 0.001 
 144   (0.014) 0.002 0.006 0.004 0.035 0.010 0.001 0.001 
 122   (0.010) 0.017 0.001 0.002 0.004 0.002 0.001 0.001 
 100   (0.016) 0.002 0.015 0.014 0.007 0.007 0.001 0.022 
 111   (0.012) 0.001 0.002 0.026 0.003 0.002 0.001 0.004 
 233   (0.010) 0.001 0.002 0.003 0.001 0.008 0.001 0.006 
 134   (0.009) 0.001 0.008 0.002 0.002 0.002 0.001 0.002 
 140   (0.009) 0.001 0.002 0.004 0.007 0.002 0.001 0.001 

Locus 6 : 
17 alleles
0.0% missing data
 221   (0.024) 0.136 0.002 0.004 0.003 0.004 0.042 0.002 
 232   (0.246) 0.186 0.261 0.319 0.267 0.265 0.289 0.692 
 229   (0.055) 0.080 0.050 0.011 0.038 0.035 0.066 0.034 
 223   (0.063) 0.090 0.058 0.047 0.052 0.074 0.008 0.008 
 230   (0.154) 0.090 0.193 0.215 0.230 0.103 0.253 0.051 
 235   (0.014) 0.058 0.002 0.002 0.002 0.002 0.001 0.001 
 236   (0.038) 0.081 0.004 0.020 0.018 0.017 0.013 0.024 
 227   (0.022) 0.055 0.002 0.011 0.007 0.010 0.002 0.002 
 220   (0.058) 0.008 0.075 0.019 0.044 0.075 0.082 0.070 
 222   (0.052) 0.006 0.064 0.041 0.027 0.061 0.119 0.014 
 234   (0.123) 0.101 0.141 0.104 0.226 0.241 0.101 0.016 
 224   (0.032) 0.004 0.054 0.033 0.005 0.068 0.003 0.003 
 228   (0.053) 0.009 0.042 0.160 0.045 0.020 0.005 0.065 
 225   (0.012) 0.006 0.004 0.003 0.002 0.002 0.001 0.002 
 226   (0.016) 0.004 0.045 0.003 0.002 0.003 0.001 0.013 
 233   (0.026) 0.053 0.003 0.005 0.023 0.019 0.011 0.003 
 231   (0.014) 0.033 0.001 0.003 0.009 0.003 0.001 0.001 

Locus 7 : 
10 alleles
0.0% missing data
 121   (0.679) 0.840 0.789 0.827 0.813 0.682 0.776 0.722 
 129   (0.097) 0.084 0.106 0.054 0.054 0.057 0.052 0.136 
 130   (0.016) 0.004 0.007 0.004 0.002 0.013 0.002 0.004 
 123   (0.101) 0.054 0.083 0.068 0.036 0.158 0.104 0.127 
 128   (0.015) 0.003 0.001 0.003 0.003 0.005 0.038 0.001 
 131   (0.016) 0.003 0.004 0.004 0.003 0.009 0.010 0.002 
 117   (0.012) 0.001 0.001 0.011 0.002 0.002 0.001 0.001 
 125   (0.013) 0.002 0.001 0.002 0.002 0.035 0.001 0.001 
 134   (0.037) 0.006 0.006 0.025 0.073 0.037 0.008 0.004 
 132   (0.014) 0.004 0.001 0.002 0.012 0.002 0.008 0.001 

Locus 8 : 
19 alleles
0.0% missing data
 184   (0.299) 0.479 0.268 0.363 0.455 0.541 0.378 0.435 
 194   (0.045) 0.032 0.009 0.048 0.073 0.015 0.019 0.008 
 178   (0.093) 0.177 0.261 0.057 0.081 0.031 0.122 0.041 
 176   (0.086) 0.043 0.033 0.085 0.088 0.082 0.146 0.105 
 182   (0.084) 0.059 0.086 0.127 0.051 0.048 0.121 0.036 
 190   (0.028) 0.008 0.023 0.005 0.004 0.029 0.060 0.002 
 196   (0.023) 0.006 0.039 0.010 0.006 0.004 0.002 0.031 
 200   (0.029) 0.016 0.003 0.036 0.005 0.025 0.009 0.003 
 180   (0.026) 0.010 0.003 0.005 0.003 0.066 0.035 0.003 
 188   (0.039) 0.024 0.039 0.010 0.048 0.008 0.006 0.065 
 174   (0.036) 0.020 0.005 0.012 0.085 0.030 0.031 0.004 
 186   (0.113) 0.105 0.163 0.211 0.073 0.059 0.053 0.225 
 192   (0.026) 0.011 0.048 0.006 0.004 0.014 0.008 0.018 
 201   (0.011) 0.001 0.001 0.002 0.001 0.008 0.006 0.001 
 199   (0.020) 0.002 0.007 0.012 0.003 0.021 0.002 0.005 
 185   (0.011) 0.001 0.001 0.002 0.002 0.002 0.001 0.015 
 203   (0.011) 0.001 0.003 0.002 0.010 0.002 0.001 0.001 
 198   (0.011) 0.001 0.004 0.003 0.004 0.004 0.001 0.002 
 209   (0.011) 0.001 0.003 0.002 0.002 0.011 0.001 0.001 

Locus 9 : 
6 alleles
0.4% missing data
 154   (0.689) 0.742 0.791 0.752 0.653 0.707 0.694 0.867 
 156   (0.204) 0.154 0.142 0.181 0.275 0.277 0.296 0.040 
 152   (0.057) 0.060 0.063 0.027 0.041 0.009 0.005 0.081 
 153   (0.014) 0.002 0.001 0.015 0.002 0.002 0.001 0.009 
 160   (0.014) 0.002 0.001 0.021 0.002 0.002 0.001 0.001 
 164   (0.023) 0.040 0.002 0.004 0.027 0.003 0.002 0.002 

Locus 10 : 
29 alleles
0.7% missing data
 305   (0.066) 0.100 0.035 0.118 0.013 0.018 0.108 0.022 
 313   (0.045) 0.131 0.032 0.044 0.011 0.011 0.005 0.014 
 311   (0.016) 0.015 0.002 0.004 0.004 0.006 0.001 0.001 
 299   (0.120) 0.248 0.131 0.203 0.034 0.050 0.030 0.150 
 315   (0.060) 0.106 0.014 0.147 0.019 0.014 0.070 0.007 
 287   (0.020) 0.011 0.003 0.005 0.004 0.490 0.003 0.003 
 291   (0.086) 0.085 0.418 0.049 0.317 0.024 0.035 0.013 
 295   (0.025) 0.031 0.003 0.006 0.175 0.004 0.003 0.003 
 289   (0.018) 0.003 0.003 0.007 0.003 0.118 0.002 0.004 
 303   (0.040) 0.018 0.004 0.010 0.020 0.007 0.359 0.522 
 297   (0.053) 0.068 0.063 0.013 0.067 0.014 0.040 0.030 
 293   (0.016) 0.007 0.001 0.004 0.037 0.077 0.002 0.001 
 301   (0.064) 0.061 0.010 0.060 0.059 0.014 0.074 0.034 
 285   (0.034) 0.004 0.071 0.019 0.005 0.014 0.124 0.038 
 307   (0.062) 0.030 0.065 0.081 0.057 0.010 0.108 0.006 
 312   (0.058) 0.008 0.062 0.075 0.094 0.023 0.019 0.025 
 306   (0.029) 0.009 0.009 0.052 0.022 0.005 0.003 0.003 
 320   (0.012) 0.001 0.001 0.021 0.001 0.001 0.001 0.001 
 317   (0.020) 0.013 0.002 0.004 0.003 0.003 0.002 0.091 
 314   (0.025) 0.030 0.002 0.013 0.005 0.021 0.002 0.002 
 323   (0.013) 0.002 0.001 0.006 0.002 0.008 0.001 0.001 
 325   (0.012) 0.002 0.001 0.006 0.002 0.008 0.001 0.001 
 310   (0.017) 0.003 0.025 0.009 0.009 0.004 0.001 0.004 
 309   (0.014) 0.002 0.002 0.003 0.024 0.002 0.001 0.001 
 316   (0.017) 0.002 0.006 0.025 0.002 0.002 0.001 0.004 
 296   (0.012) 0.002 0.001 0.007 0.003 0.002 0.001 0.005 
 304   (0.017) 0.002 0.023 0.003 0.002 0.011 0.002 0.013 
 321   (0.013) 0.002 0.006 0.002 0.003 0.020 0.001 0.001 
 332   (0.014) 0.002 0.006 0.002 0.004 0.019 0.001 0.001 

Locus 11 : 
19 alleles
0.0% missing data
 114   (0.139) 0.208 0.018 0.173 0.249 0.053 0.260 0.033 
 126   (0.023) 0.044 0.002 0.004 0.005 0.004 0.017 0.002 
 111   (0.087) 0.157 0.575 0.018 0.020 0.236 0.007 0.358 
 116   (0.114) 0.139 0.026 0.083 0.125 0.147 0.147 0.011 
 132   (0.013) 0.010 0.001 0.003 0.002 0.002 0.001 0.001 
 109   (0.016) 0.039 0.002 0.003 0.004 0.002 0.001 0.001 
 128   (0.017) 0.006 0.005 0.005 0.013 0.003 0.001 0.001 
 112   (0.333) 0.319 0.066 0.603 0.446 0.281 0.519 0.181 
 122   (0.015) 0.002 0.002 0.003 0.013 0.003 0.006 0.005 
 124   (0.014) 0.002 0.001 0.002 0.002 0.002 0.010 0.001 
 118   (0.050) 0.023 0.018 0.022 0.059 0.094 0.016 0.011 
 127   (0.013) 0.002 0.001 0.011 0.002 0.002 0.001 0.001 
 113   (0.040) 0.005 0.202 0.015 0.008 0.032 0.003 0.373 
 115   (0.033) 0.025 0.006 0.012 0.017 0.100 0.003 0.004 
 120   (0.021) 0.003 0.046 0.004 0.020 0.003 0.002 0.002 
 117   (0.022) 0.005 0.007 0.014 0.004 0.015 0.002 0.004 
 125   (0.020) 0.003 0.002 0.019 0.007 0.012 0.002 0.006 
 119   (0.015) 0.002 0.017 0.004 0.003 0.003 0.001 0.002 
 136   (0.014) 0.009 0.001 0.002 0.002 0.006 0.001 0.001 

Locus 12 : 
28 alleles
0.7% missing data
 306   (0.075) 0.099 0.057 0.087 0.014 0.027 0.107 0.034 
 314   (0.051) 0.118 0.072 0.038 0.008 0.018 0.006 0.027 
 312   (0.014) 0.022 0.001 0.002 0.002 0.002 0.001 0.001 
 300   (0.121) 0.261 0.129 0.205 0.034 0.051 0.030 0.150 
 316   (0.037) 0.103 0.012 0.012 0.006 0.006 0.069 0.005 
 288   (0.023) 0.010 0.003 0.005 0.004 0.484 0.003 0.004 
 292   (0.098) 0.087 0.417 0.052 0.316 0.030 0.036 0.014 
 296   (0.029) 0.032 0.003 0.010 0.178 0.004 0.003 0.005 
 290   (0.019) 0.003 0.003 0.008 0.003 0.120 0.002 0.004 
 304   (0.041) 0.018 0.004 0.011 0.020 0.007 0.358 0.524 
 298   (0.054) 0.069 0.062 0.013 0.066 0.015 0.040 0.030 
 294   (0.017) 0.007 0.002 0.004 0.037 0.078 0.002 0.001 
 302   (0.064) 0.062 0.010 0.060 0.058 0.014 0.073 0.034 
 286   (0.039) 0.005 0.077 0.021 0.006 0.015 0.123 0.041 
 308   (0.034) 0.027 0.003 0.065 0.011 0.005 0.105 0.003 
 313   (0.044) 0.007 0.006 0.092 0.100 0.017 0.019 0.006 
 307   (0.043) 0.010 0.075 0.064 0.066 0.006 0.004 0.004 
 321   (0.014) 0.002 0.001 0.021 0.002 0.002 0.001 0.001 
 315   (0.049) 0.035 0.005 0.139 0.017 0.033 0.005 0.014 
 318   (0.018) 0.004 0.005 0.004 0.002 0.002 0.001 0.083 
 324   (0.012) 0.002 0.001 0.006 0.002 0.008 0.001 0.001 
 326   (0.011) 0.002 0.001 0.006 0.002 0.008 0.001 0.001 
 311   (0.024) 0.007 0.036 0.015 0.015 0.012 0.002 0.005 
 310   (0.013) 0.002 0.002 0.003 0.023 0.002 0.001 0.001 
 305   (0.015) 0.002 0.001 0.031 0.002 0.002 0.001 0.001 
 317   (0.013) 0.002 0.001 0.021 0.002 0.002 0.001 0.001 
 320   (0.013) 0.002 0.003 0.002 0.003 0.010 0.001 0.001 
 322   (0.014) 0.002 0.006 0.003 0.003 0.020 0.001 0.001 

Locus 13 : 
7 alleles
1.1% missing data
 161   (0.615) 0.681 0.412 0.577 0.821 0.598 0.465 0.474 
 163   (0.280) 0.242 0.517 0.402 0.145 0.383 0.025 0.471 
 160   (0.019) 0.003 0.002 0.004 0.004 0.005 0.226 0.001 
 162   (0.017) 0.002 0.001 0.003 0.002 0.003 0.229 0.001 
 165   (0.040) 0.064 0.065 0.007 0.022 0.008 0.004 0.050 
 166   (0.014) 0.006 0.001 0.004 0.004 0.002 0.002 0.001 
 164   (0.015) 0.002 0.001 0.003 0.002 0.002 0.050 0.001 

Locus 14 : 
4 alleles
0.4% missing data
  98   (0.958) 0.983 0.996 0.983 0.989 0.993 0.992 0.987 
 100   (0.013) 0.002 0.001 0.007 0.003 0.003 0.001 0.006 
  96   (0.016) 0.014 0.001 0.003 0.005 0.002 0.005 0.001 
 105   (0.013) 0.002 0.001 0.007 0.003 0.002 0.001 0.005 

Locus 15 : 
12 alleles
2.2% missing data
 171   (0.299) 0.413 0.342 0.340 0.210 0.413 0.170 0.322 
 177   (0.185) 0.158 0.110 0.149 0.287 0.269 0.192 0.079 
 173   (0.261) 0.273 0.496 0.287 0.328 0.141 0.091 0.480 
 179   (0.110) 0.099 0.013 0.115 0.044 0.115 0.472 0.101 
 183   (0.018) 0.032 0.002 0.007 0.003 0.003 0.002 0.006 
 181   (0.042) 0.010 0.027 0.058 0.015 0.006 0.066 0.005 
 197   (0.016) 0.005 0.002 0.003 0.059 0.002 0.001 0.001 
 170   (0.013) 0.002 0.001 0.014 0.006 0.007 0.001 0.001 
 189   (0.014) 0.002 0.001 0.020 0.003 0.002 0.002 0.001 
 203   (0.014) 0.002 0.001 0.002 0.039 0.002 0.001 0.001 
 187   (0.015) 0.002 0.001 0.004 0.005 0.028 0.001 0.001 
 198   (0.012) 0.002 0.003 0.002 0.003 0.011 0.001 0.001 

Values of parameters used in structure:
DATAFILE=STRUCTURE_main_final_278_HEG_ZG.str,	OUTFILE=STRUCTURE_main_final_278_HEG_ZG-K7-12,	NUMINDS=278,	NUMLOCI=15,	MISSING=-9,	LABEL=1,	POPDATA=1,	POPFLAG=0,	PHENOTYPE=0,	EXTRACOLS=0,	MAXPOPS=7,	BURNIN=100000,	NUMREPS=500000,	USEPOPINFO=0,	INFERALPHA=1,	INFERLAMBDA=0,	POPSPECIFICLAMBDA=0,	POPALPHAS=0,	COMPUTEPROB=1,	NOADMIX=0,	ADMBURNIN=2500,	UPDATEFREQ=1,	PRINTLIKES=0,	INTERMEDSAVE=0,	PRINTKLD=0,	PRINTNET=0,	PRINTLAMBDA=0,	ANCESTDIST=0,	NUMBOXES=1000,	ANCESTPINT=0.90000,	GENSBACK=2,	MIGRPRIOR=0.05000,	PRINTQHAT=0,	PRINTQSUM=0,	ALPHA=1.0000,	FREQSCORR=1,	FPRIORMEAN=0.0100,	FPRIORSD=0.0500,	ONEFST=0,	LAMBDA=1.0000,	UNIFPRIORALPHA=1,	ALPHAMAX=10.0000,	ALPHAPRIORA=1.0000,	ALPHAPRIORB=2.0000,	ALPHAPROPSD=0.0250,	STARTATPOPINFO=0,	RANDOMIZE=1,	LINKAGE=0,	METROFREQ=10,	REPORTHITRATE=0,	MARKOVPHASE=-1,	PHASED=0,	PLOIDY=2,	PHASEINFO=0	LOCPRIOR=0, 	LOCPRIORINIT=1.000000, 	LOCDATA=0, 	LOCISPOP=0, 	LOCPRIORSTEP=0.100000, 	MAXLOCPRIOR=20.000000, 	SEED=1782482323,	
[STRAT parameters]:    NUMSIMSTATS=1000,	PHENOTYPECOL=-9,	POOLFREQ=10,	LOCUSxONLY=0,	EMERROR=0.00100,	MISSINGPHENO=-9,	