

----------------------------------------------------
STRUCTURE by Pritchard, Stephens and Donnelly (2000)
     and Falush, Stephens and Pritchard (2003)
       Code by Pritchard, Falush and Hubisz
             Version 2.3.4 (Jul 2012)
----------------------------------------------------



Command line arguments:   structure -K 9 -i STRUCTURE_main_final_278_HEG_ZG.str -o STRUCTURE_main_final_278_HEG_ZG-K9-20 
Input File:    STRUCTURE_main_final_278_HEG_ZG.str

Run parameters:
   278 individuals
   15 loci
   9 populations assumed
   100000 Burn-in period
   500000 Reps


--------------------------------------------
Proportion of membership of each pre-defined
 population in each of the 9 clusters

Given    Inferred Clusters                                                 Number of
 Pop       1      2      3      4      5      6      7      8      9      Individuals

  1:     0.084  0.022  0.045  0.071  0.016  0.031  0.013  0.667  0.052       24
  2:     0.017  0.049  0.023  0.055  0.016  0.044  0.735  0.021  0.040       24
  3:     0.048  0.257  0.051  0.010  0.319  0.251  0.013  0.021  0.030       24
  4:     0.045  0.036  0.017  0.039  0.167  0.066  0.023  0.054  0.553       24
  5:     0.029  0.014  0.049  0.049  0.498  0.114  0.029  0.023  0.194       24
  6:     0.018  0.030  0.026  0.232  0.077  0.032  0.031  0.425  0.127       24
  7:     0.019  0.009  0.017  0.759  0.018  0.022  0.030  0.059  0.066       24
  8:     0.076  0.043  0.018  0.011  0.688  0.044  0.013  0.030  0.077       14
  9:     0.071  0.048  0.719  0.006  0.030  0.037  0.015  0.054  0.020       24
 10:     0.663  0.157  0.064  0.018  0.023  0.043  0.009  0.012  0.011       24
 11:     0.278  0.369  0.158  0.012  0.028  0.085  0.012  0.022  0.037       24
 12:     0.048  0.078  0.026  0.112  0.106  0.084  0.019  0.247  0.279       24
--------------------------------------------

Allele-freq. divergence among pops (Net nucleotide distance),
computed using point estimates of P.

      1       2       3       4       5       6       7       8       9      
 1      -    0.0730  0.0416  0.1298  0.0542  0.0887  0.1089  0.0622  0.0655  
 2   0.0730     -    0.0619  0.0885  0.0679  0.0964  0.1282  0.0831  0.0887  
 3   0.0416  0.0619     -    0.0922  0.0401  0.0696  0.0811  0.0359  0.0473  
 4   0.1298  0.0885  0.0922     -    0.0744  0.1029  0.1010  0.0654  0.0627  
 5   0.0542  0.0679  0.0401  0.0744     -    0.0518  0.0636  0.0333  0.0333  
 6   0.0887  0.0964  0.0696  0.1029  0.0518     -    0.0971  0.0687  0.0643  
 7   0.1089  0.1282  0.0811  0.1010  0.0636  0.0971     -    0.0676  0.0752  
 8   0.0622  0.0831  0.0359  0.0654  0.0333  0.0687  0.0676     -    0.0332  
 9   0.0655  0.0887  0.0473  0.0627  0.0333  0.0643  0.0752  0.0332     -    

Average distances (expected heterozygosity) between individuals in same cluster:
cluster  1  : 0.6109 
cluster  2  : 0.5594 
cluster  3  : 0.6208 
cluster  4  : 0.5526 
cluster  5  : 0.6317 
cluster  6  : 0.6100 
cluster  7  : 0.6121 
cluster  8  : 0.6178 
cluster  9  : 0.6060 

--------------------------------------------
Estimated Ln Prob of Data   = -12332.5
Mean value of ln likelihood = -11719.1
Variance of ln likelihood   = 1226.8
Mean value of alpha         = 0.0474

Mean value of Fst_1         = 0.1478
Mean value of Fst_2         = 0.2098
Mean value of Fst_3         = 0.1090
Mean value of Fst_4         = 0.1937
Mean value of Fst_5         = 0.0588
Mean value of Fst_6         = 0.1529
Mean value of Fst_7         = 0.1919
Mean value of Fst_8         = 0.0879
Mean value of Fst_9         = 0.0942


Inferred ancestry of individuals:
        Label (%Miss) Pop:  Inferred clusters
  1 24.0601.E1    (0)    1 :  0.007 0.011 0.007 0.012 0.006 0.011 0.012 0.924 0.009 
  2 24.0602.E1    (0)    1 :  0.011 0.008 0.011 0.009 0.008 0.011 0.004 0.932 0.006 
  3 24.0603.E1    (0)    1 :  0.005 0.007 0.015 0.025 0.050 0.008 0.005 0.859 0.026 
  4 24.0604.E1    (0)    1 :  0.044 0.005 0.010 0.005 0.005 0.169 0.008 0.640 0.114 
  5 24.0605.E1    (0)    1 :  0.008 0.011 0.033 0.037 0.011 0.007 0.007 0.854 0.031 
  6 24.0606.E1    (0)    1 :  0.018 0.007 0.016 0.021 0.013 0.005 0.010 0.752 0.159 
  7 24.0607.E1    (0)    1 :  0.012 0.007 0.475 0.315 0.053 0.015 0.007 0.100 0.017 
  8 24.0608.E1    (0)    1 :  0.027 0.123 0.013 0.102 0.008 0.006 0.003 0.710 0.007 
  9 24.0609.E1    (0)    1 :  0.453 0.013 0.016 0.006 0.023 0.011 0.005 0.233 0.241 
 10 24.0610.E1    (0)    1 :  0.395 0.005 0.011 0.010 0.019 0.005 0.005 0.448 0.103 
 11 24.0611.E1    (0)    1 :  0.031 0.005 0.030 0.006 0.009 0.006 0.007 0.880 0.027 
 12 24.0612.E1    (0)    1 :  0.006 0.004 0.008 0.014 0.012 0.015 0.008 0.926 0.007 
 13 24.0613.E1    (0)    1 :  0.021 0.005 0.006 0.005 0.007 0.005 0.007 0.887 0.057 
 14 24.0614.E1    (0)    1 :  0.016 0.195 0.179 0.326 0.007 0.007 0.007 0.250 0.013 
 15 24.0615.E1    (0)    1 :  0.131 0.015 0.021 0.040 0.010 0.021 0.014 0.737 0.012 
 16 24.0616.E1    (0)    1 :  0.010 0.005 0.011 0.005 0.007 0.006 0.012 0.935 0.009 
 17 24.0617.E1    (0)    1 :  0.539 0.008 0.029 0.020 0.014 0.006 0.025 0.342 0.017 
 18 24.0618.E1    (0)    1 :  0.066 0.019 0.038 0.005 0.043 0.006 0.009 0.777 0.037 
 19 24.0619.E1    (0)    1 :  0.021 0.005 0.029 0.004 0.007 0.175 0.013 0.650 0.096 
 20 24.0620.E1   (20)    1 :  0.039 0.009 0.022 0.692 0.023 0.017 0.013 0.048 0.138 
 21 24.0621.E1    (0)    1 :  0.104 0.034 0.065 0.005 0.009 0.207 0.005 0.490 0.081 
 22 24.0622.E1    (0)    1 :  0.010 0.006 0.005 0.010 0.015 0.005 0.023 0.911 0.016 
 23 24.0623.E1    (0)    1 :  0.028 0.011 0.031 0.017 0.018 0.016 0.089 0.774 0.016 
 24 24.0624.E1    (0)    1 :  0.011 0.005 0.007 0.007 0.007 0.004 0.006 0.950 0.005 
 25 24.0625.E1    (0)    2 :  0.010 0.210 0.014 0.058 0.024 0.037 0.592 0.015 0.042 
 26 24.0626.E1    (0)    2 :  0.003 0.130 0.004 0.037 0.004 0.004 0.809 0.004 0.004 
 27 24.0627.E1    (0)    2 :  0.005 0.009 0.007 0.017 0.007 0.445 0.469 0.006 0.034 
 28 24.0628.E1    (0)    2 :  0.081 0.169 0.010 0.120 0.015 0.007 0.471 0.030 0.096 
 29 24.0629.E1    (0)    2 :  0.011 0.008 0.011 0.006 0.030 0.011 0.862 0.054 0.008 
 30 24.0630.E1    (0)    2 :  0.005 0.055 0.007 0.094 0.005 0.009 0.811 0.005 0.010 
 31 24.0631.E1    (0)    2 :  0.003 0.003 0.004 0.004 0.004 0.004 0.971 0.005 0.003 
 32 24.0632.E1    (0)    2 :  0.006 0.005 0.006 0.032 0.010 0.010 0.917 0.007 0.006 
 33 24.0633.E1    (0)    2 :  0.007 0.449 0.008 0.030 0.019 0.010 0.445 0.013 0.019 
 34 24.0634.E1    (0)    2 :  0.010 0.018 0.012 0.006 0.011 0.009 0.916 0.009 0.010 
 35 24.0635.E1    (0)    2 :  0.031 0.046 0.084 0.021 0.095 0.034 0.642 0.024 0.023 
 36 24.0636.E1   (33)    2 :  0.011 0.008 0.007 0.703 0.021 0.023 0.073 0.033 0.120 
 37 24.0637.E1    (0)    2 :  0.003 0.003 0.005 0.007 0.005 0.004 0.964 0.004 0.005 
 38 24.0638.E1    (0)    2 :  0.006 0.006 0.006 0.005 0.032 0.017 0.898 0.009 0.022 
 39 24.0639.E1    (0)    2 :  0.083 0.008 0.011 0.016 0.020 0.022 0.795 0.038 0.008 
 40 24.0640.E1    (0)    2 :  0.007 0.006 0.010 0.006 0.007 0.005 0.944 0.008 0.007 
 41 24.0641.E1    (0)    2 :  0.011 0.007 0.299 0.017 0.021 0.087 0.374 0.152 0.033 
 42 24.0642.E1    (0)    2 :  0.004 0.005 0.005 0.033 0.006 0.007 0.593 0.054 0.293 
 43 24.0643.E1    (0)    2 :  0.011 0.006 0.006 0.058 0.014 0.281 0.607 0.008 0.008 
 44 24.0644.E1    (0)    2 :  0.035 0.005 0.010 0.005 0.006 0.005 0.907 0.008 0.018 
 45 24.0645.E1    (0)    2 :  0.030 0.004 0.010 0.017 0.006 0.006 0.758 0.009 0.159 
 46 24.0646.E1    (0)    2 :  0.035 0.005 0.011 0.005 0.006 0.005 0.907 0.008 0.018 
 47 24.0647.E1    (0)    2 :  0.003 0.003 0.005 0.007 0.005 0.004 0.964 0.004 0.005 
 48 24.0648.E1    (0)    2 :  0.003 0.003 0.005 0.007 0.005 0.004 0.963 0.004 0.005 
 49 24.0649.E1    (0)    3 :  0.014 0.013 0.009 0.003 0.932 0.010 0.006 0.005 0.008 
 50 24.0650.E1    (0)    3 :  0.095 0.307 0.131 0.004 0.036 0.010 0.004 0.019 0.394 
 51 24.0651.E1    (0)    3 :  0.009 0.038 0.378 0.028 0.370 0.036 0.115 0.009 0.018 
 52 24.0652.E1    (0)    3 :  0.005 0.863 0.009 0.005 0.050 0.023 0.005 0.032 0.008 
 53 24.0653.E1    (0)    3 :  0.018 0.014 0.015 0.006 0.043 0.885 0.005 0.005 0.009 
 54 24.0654.E1    (0)    3 :  0.032 0.604 0.009 0.004 0.311 0.009 0.014 0.008 0.008 
 55 24.0655.E1    (0)    3 :  0.023 0.256 0.021 0.007 0.604 0.010 0.023 0.043 0.012 
 56 24.0656.E1    (0)    3 :  0.011 0.909 0.006 0.011 0.016 0.016 0.006 0.008 0.017 
 57 24.0657.E1    (0)    3 :  0.011 0.902 0.006 0.011 0.020 0.017 0.006 0.008 0.018 
 58 24.0658.E1    (0)    3 :  0.131 0.006 0.012 0.006 0.741 0.054 0.006 0.018 0.025 
 59 24.0659.E1    (0)    3 :  0.053 0.182 0.063 0.004 0.130 0.473 0.012 0.066 0.018 
 60 24.0660.E1    (6)    3 :  0.006 0.009 0.009 0.006 0.913 0.012 0.013 0.020 0.013 
 61 24.0661.E1    (0)    3 :  0.005 0.940 0.008 0.006 0.016 0.007 0.005 0.008 0.005 
 62 24.0662.E1    (0)    3 :  0.030 0.077 0.371 0.014 0.240 0.102 0.027 0.126 0.013 
 63 24.0663.E1    (0)    3 :  0.597 0.118 0.058 0.005 0.147 0.007 0.010 0.007 0.052 
 64 24.0664.E1    (0)    3 :  0.018 0.351 0.009 0.026 0.560 0.011 0.009 0.007 0.010 
 65 24.0665.E1    (0)    3 :  0.005 0.431 0.010 0.051 0.425 0.037 0.006 0.007 0.028 
 66 24.0666.E1    (0)    3 :  0.008 0.007 0.005 0.004 0.007 0.950 0.005 0.006 0.008 
 67 24.0667.E1    (0)    3 :  0.005 0.006 0.004 0.004 0.011 0.954 0.003 0.007 0.005 
 68 24.0668.E1    (0)    3 :  0.004 0.004 0.004 0.003 0.005 0.968 0.004 0.003 0.004 
 69 24.0669.E1    (0)    3 :  0.004 0.004 0.005 0.004 0.005 0.965 0.004 0.004 0.005 
 70 24.0670.E1    (0)    3 :  0.030 0.013 0.011 0.005 0.900 0.023 0.004 0.010 0.004 
 71 24.0671.E1    (0)    3 :  0.031 0.092 0.024 0.008 0.806 0.010 0.010 0.008 0.012 
 72 24.0672.E1    (0)    3 :  0.008 0.012 0.058 0.006 0.378 0.442 0.006 0.063 0.026 
 73 24.0673.E1    (6)    4 :  0.008 0.507 0.011 0.080 0.021 0.013 0.024 0.115 0.221 
 74 24.0674.E1    (0)    4 :  0.012 0.006 0.013 0.032 0.007 0.005 0.008 0.014 0.906 
 75 24.0675.E1    (0)    4 :  0.033 0.048 0.027 0.022 0.028 0.010 0.024 0.022 0.785 
 76 24.0676.E1    (0)    4 :  0.133 0.018 0.020 0.020 0.044 0.007 0.006 0.012 0.741 
 77 24.0677.E1    (0)    4 :  0.027 0.033 0.058 0.011 0.799 0.016 0.004 0.028 0.024 
 78 24.0678.E1    (0)    4 :  0.008 0.030 0.033 0.011 0.246 0.117 0.050 0.474 0.031 
 79 24.0679.E1    (0)    4 :  0.248 0.009 0.015 0.008 0.122 0.134 0.014 0.144 0.304 
 80 24.0680.E1    (0)    4 :  0.007 0.016 0.018 0.010 0.393 0.370 0.025 0.044 0.117 
 81 24.0681.E1    (0)    4 :  0.007 0.011 0.012 0.017 0.228 0.026 0.008 0.040 0.650 
 82 24.0682.E1    (0)    4 :  0.006 0.003 0.004 0.005 0.004 0.004 0.005 0.004 0.966 
 83 24.0683.E1    (0)    4 :  0.005 0.007 0.010 0.122 0.006 0.007 0.006 0.014 0.822 
 84 24.0684.E1    (0)    4 :  0.027 0.006 0.011 0.035 0.040 0.011 0.031 0.067 0.772 
 85 24.0685.E1    (0)    4 :  0.016 0.005 0.005 0.017 0.009 0.059 0.007 0.011 0.872 
 86 24.0686.E1    (0)    4 :  0.014 0.006 0.050 0.013 0.745 0.014 0.070 0.060 0.028 
 87 24.0687.E1    (0)    4 :  0.025 0.008 0.042 0.014 0.616 0.009 0.177 0.048 0.061 
 88 24.0688.E1    (0)    4 :  0.004 0.005 0.005 0.006 0.008 0.004 0.007 0.006 0.956 
 89 24.0689.E1    (0)    4 :  0.372 0.029 0.016 0.034 0.345 0.012 0.015 0.026 0.149 
 90 24.0690.E1    (0)    4 :  0.006 0.019 0.020 0.035 0.137 0.696 0.027 0.021 0.040 
 91 24.0691.E1    (0)    4 :  0.026 0.005 0.005 0.007 0.013 0.009 0.007 0.021 0.908 
 92 24.0692.E1    (0)    4 :  0.022 0.005 0.006 0.009 0.073 0.009 0.005 0.005 0.866 
 93 24.0693.E1    (0)    4 :  0.036 0.065 0.013 0.400 0.098 0.017 0.008 0.011 0.353 
 94 24.0694.E1    (0)    4 :  0.006 0.005 0.005 0.008 0.008 0.012 0.007 0.008 0.942 
 95 24.0695.E1    (0)    4 :  0.029 0.008 0.013 0.007 0.010 0.017 0.006 0.068 0.842 
 96 24.0696.E1    (0)    4 :  0.013 0.005 0.007 0.008 0.013 0.012 0.014 0.022 0.905 
 97 24.0697.E1    (0)    5 :  0.013 0.007 0.017 0.089 0.745 0.008 0.013 0.006 0.102 
 98 24.0698.E1    (0)    5 :  0.022 0.009 0.037 0.101 0.729 0.040 0.018 0.018 0.026 
 99 24.0699.E1    (0)    5 :  0.006 0.007 0.027 0.009 0.911 0.009 0.009 0.016 0.006 
100 24.0700.E1    (0)    5 :  0.007 0.008 0.007 0.007 0.926 0.017 0.005 0.006 0.017 
101 24.0701.E1    (0)    5 :  0.009 0.006 0.008 0.034 0.014 0.902 0.010 0.007 0.009 
102 24.0702.E1    (0)    5 :  0.008 0.007 0.008 0.026 0.826 0.088 0.013 0.011 0.012 
103 24.0703.E1    (0)    5 :  0.006 0.005 0.155 0.008 0.745 0.017 0.047 0.011 0.007 
104 24.0704.E1    (6)    5 :  0.009 0.005 0.343 0.010 0.581 0.009 0.009 0.018 0.017 
105 24.0705.E1    (0)    5 :  0.011 0.006 0.009 0.008 0.058 0.067 0.009 0.017 0.815 
106 24.0706.E1    (0)    5 :  0.009 0.017 0.010 0.011 0.797 0.100 0.009 0.007 0.039 
107 24.0707.E1    (0)    5 :  0.005 0.010 0.034 0.017 0.846 0.015 0.017 0.023 0.033 
108 24.0708.E1    (0)    5 :  0.297 0.027 0.204 0.024 0.049 0.027 0.253 0.069 0.050 
109 24.0709.E1    (0)    5 :  0.048 0.015 0.022 0.006 0.022 0.010 0.008 0.010 0.859 
110 24.0710.E1    (0)    5 :  0.049 0.009 0.057 0.049 0.480 0.062 0.008 0.052 0.233 
111 24.0711.E1    (0)    5 :  0.007 0.008 0.027 0.019 0.722 0.038 0.059 0.067 0.053 
112 24.0712.E1    (0)    5 :  0.008 0.006 0.009 0.016 0.051 0.824 0.038 0.018 0.030 
113 24.0713.E1    (0)    5 :  0.036 0.008 0.028 0.016 0.314 0.022 0.008 0.009 0.559 
114 24.0714.E1    (0)    5 :  0.021 0.012 0.039 0.009 0.796 0.034 0.014 0.039 0.035 
115 24.0715.E1    (0)    5 :  0.011 0.036 0.007 0.431 0.376 0.018 0.007 0.027 0.088 
116 24.0716.E1    (0)    5 :  0.048 0.008 0.054 0.015 0.451 0.307 0.036 0.061 0.019 
117 24.0717.E1    (0)    5 :  0.025 0.104 0.056 0.256 0.448 0.023 0.045 0.017 0.027 
118 24.0718.E1    (0)    5 :  0.008 0.005 0.008 0.011 0.726 0.066 0.029 0.016 0.131 
119 24.0719.E1    (0)    5 :  0.017 0.007 0.010 0.006 0.024 0.017 0.015 0.006 0.898 
120 24.0720.E1    (0)    5 :  0.021 0.009 0.010 0.006 0.315 0.012 0.015 0.015 0.596 
121 24.0721.E1    (0)    6 :  0.032 0.127 0.019 0.553 0.128 0.033 0.015 0.010 0.083 
122 24.0722.E1    (0)    6 :  0.014 0.010 0.095 0.532 0.056 0.070 0.120 0.021 0.082 
123 24.0723.E1    (0)    6 :  0.023 0.305 0.121 0.214 0.022 0.011 0.261 0.028 0.015 
124 24.0724.E1    (0)    6 :  0.126 0.022 0.142 0.110 0.027 0.016 0.037 0.167 0.353 
125 24.0725.E1    (0)    6 :  0.007 0.015 0.005 0.007 0.010 0.007 0.007 0.932 0.010 
126 24.0726.E1    (6)    6 :  0.007 0.008 0.012 0.096 0.014 0.011 0.009 0.611 0.232 
127 24.0727.E1    (0)    6 :  0.019 0.047 0.020 0.476 0.038 0.085 0.018 0.275 0.021 
128 24.0728.E1    (0)    6 :  0.012 0.030 0.012 0.166 0.399 0.011 0.036 0.316 0.018 
129 24.0729.E1    (0)    6 :  0.023 0.005 0.016 0.051 0.016 0.042 0.014 0.626 0.207 
130 24.0730.E1    (0)    6 :  0.022 0.011 0.011 0.040 0.812 0.014 0.011 0.052 0.027 
131 24.0731.E1    (0)    6 :  0.007 0.018 0.008 0.059 0.009 0.005 0.013 0.185 0.697 
132 24.0732.E1    (0)    6 :  0.004 0.025 0.006 0.783 0.015 0.013 0.009 0.048 0.096 
133 24.0733.E1    (0)    6 :  0.006 0.004 0.004 0.017 0.005 0.004 0.006 0.948 0.008 
134 24.0734.E1    (0)    6 :  0.008 0.010 0.012 0.818 0.080 0.014 0.012 0.037 0.009 
135 24.0735.E1    (0)    6 :  0.025 0.010 0.008 0.233 0.042 0.016 0.057 0.589 0.020 
136 24.0736.E1    (0)    6 :  0.006 0.006 0.006 0.049 0.009 0.005 0.008 0.904 0.007 
137 24.0737.E1    (0)    6 :  0.008 0.010 0.017 0.008 0.022 0.011 0.026 0.884 0.013 
138 24.0738.E1    (0)    6 :  0.005 0.009 0.009 0.029 0.016 0.010 0.010 0.903 0.009 
139 24.0739.E1    (0)    6 :  0.007 0.008 0.006 0.005 0.021 0.007 0.017 0.919 0.010 
140 24.0740.E1    (0)    6 :  0.017 0.006 0.016 0.013 0.013 0.010 0.021 0.566 0.337 
141 24.0741.E1    (0)    6 :  0.009 0.012 0.009 0.389 0.044 0.007 0.018 0.317 0.194 
142 24.0742.E1    (0)    6 :  0.007 0.007 0.011 0.742 0.011 0.009 0.010 0.175 0.027 
143 24.0743.E1    (0)    6 :  0.020 0.010 0.029 0.042 0.013 0.020 0.005 0.412 0.449 
144 24.0744.E1    (0)    6 :  0.027 0.016 0.027 0.141 0.023 0.346 0.013 0.284 0.124 
145 24.0745.E1    (0)    7 :  0.008 0.017 0.010 0.893 0.013 0.029 0.004 0.005 0.022 
146 24.0746.E1    (0)    7 :  0.011 0.007 0.161 0.621 0.047 0.010 0.059 0.042 0.042 
147 24.0747.E1    (0)    7 :  0.028 0.009 0.009 0.679 0.013 0.013 0.010 0.023 0.216 
148 24.0748.E1    (6)    7 :  0.037 0.022 0.009 0.581 0.013 0.013 0.009 0.025 0.291 
149 24.0749.E1    (0)    7 :  0.006 0.004 0.007 0.723 0.007 0.009 0.007 0.229 0.008 
150 24.0750.E1    (0)    7 :  0.018 0.012 0.037 0.311 0.084 0.067 0.012 0.232 0.227 
151 24.0751.E1    (0)    7 :  0.005 0.005 0.004 0.959 0.005 0.004 0.007 0.007 0.005 
152 24.0752.E1    (0)    7 :  0.006 0.009 0.006 0.911 0.011 0.005 0.007 0.035 0.011 
153 24.0753.E1    (0)    7 :  0.004 0.025 0.010 0.509 0.009 0.009 0.203 0.219 0.013 
154 24.0754.E1    (0)    7 :  0.006 0.009 0.005 0.902 0.008 0.008 0.016 0.023 0.023 
155 24.0755.E1    (0)    7 :  0.046 0.006 0.014 0.768 0.028 0.008 0.023 0.014 0.093 
156 24.0756.E1    (0)    7 :  0.016 0.005 0.006 0.933 0.004 0.006 0.009 0.014 0.006 
157 24.0757.E1    (0)    7 :  0.003 0.003 0.003 0.972 0.004 0.004 0.004 0.003 0.004 
158 24.0758.E1    (0)    7 :  0.003 0.004 0.003 0.971 0.004 0.004 0.004 0.004 0.004 
159 24.0759.E1    (0)    7 :  0.005 0.012 0.006 0.931 0.008 0.008 0.006 0.017 0.007 
160 24.0760.E1    (0)    7 :  0.006 0.008 0.007 0.627 0.036 0.009 0.276 0.010 0.020 
161 24.0761.E1    (0)    7 :  0.004 0.005 0.004 0.959 0.004 0.004 0.009 0.006 0.005 
162 24.0762.E1    (0)    7 :  0.186 0.008 0.016 0.094 0.086 0.295 0.008 0.248 0.060 
163 24.0763.E1    (0)    7 :  0.004 0.006 0.004 0.956 0.004 0.004 0.004 0.007 0.012 
164 24.0764.E1    (0)    7 :  0.004 0.004 0.004 0.954 0.007 0.004 0.008 0.010 0.005 
165 24.0765.E1    (0)    7 :  0.011 0.009 0.013 0.905 0.008 0.006 0.023 0.007 0.018 
166 24.0766.E1    (0)    7 :  0.004 0.009 0.005 0.947 0.007 0.006 0.006 0.009 0.008 
167 24.0767.E1    (0)    7 :  0.004 0.004 0.004 0.967 0.004 0.003 0.004 0.004 0.006 
168 24.0768.E1    (0)    7 :  0.039 0.011 0.050 0.148 0.026 0.010 0.005 0.222 0.488 
169 24.0779.E1    (0)    8 :  0.008 0.012 0.053 0.038 0.819 0.010 0.006 0.015 0.041 
170 24.0780.E1    (6)    8 :  0.096 0.035 0.010 0.004 0.806 0.009 0.006 0.008 0.026 
171 24.0781.E1    (0)    8 :  0.007 0.006 0.005 0.005 0.955 0.006 0.005 0.004 0.007 
172 24.0782.E1    (0)    8 :  0.028 0.040 0.026 0.028 0.191 0.011 0.041 0.133 0.502 
173 24.0783.E1    (0)    8 :  0.587 0.013 0.008 0.007 0.179 0.086 0.020 0.012 0.089 
174 24.0784.E1    (0)    8 :  0.018 0.007 0.022 0.004 0.904 0.005 0.005 0.008 0.028 
175 24.0785.E1    (0)    8 :  0.029 0.031 0.025 0.004 0.878 0.014 0.004 0.006 0.010 
176 24.0786.E1    (0)    8 :  0.104 0.018 0.011 0.009 0.735 0.011 0.008 0.020 0.083 
177 24.0787.E1    (0)    8 :  0.010 0.015 0.011 0.010 0.896 0.006 0.030 0.010 0.012 
178 24.0788.E1    (0)    8 :  0.116 0.020 0.010 0.006 0.779 0.008 0.026 0.005 0.030 
179 24.0789.E1    (0)    8 :  0.026 0.010 0.024 0.006 0.885 0.006 0.016 0.020 0.008 
180 24.0790.E1    (0)    8 :  0.010 0.016 0.013 0.004 0.935 0.006 0.006 0.004 0.006 
181 24.0791.E1    (0)    8 :  0.017 0.017 0.026 0.008 0.253 0.394 0.005 0.159 0.120 
182 24.0792.E1    (0)    8 :  0.009 0.366 0.009 0.018 0.423 0.040 0.004 0.013 0.116 
183 24.0793.E1    (0)    9 :  0.088 0.035 0.687 0.008 0.078 0.008 0.054 0.032 0.010 
184 24.0794.E1    (0)    9 :  0.031 0.257 0.047 0.007 0.019 0.007 0.006 0.621 0.006 
185 24.0795.E1    (0)    9 :  0.068 0.008 0.534 0.008 0.022 0.009 0.038 0.293 0.020 
186 24.0796.E1    (0)    9 :  0.383 0.264 0.081 0.005 0.144 0.006 0.009 0.099 0.008 
187 24.0797.E1    (0)    9 :  0.202 0.040 0.574 0.004 0.138 0.007 0.010 0.018 0.008 
188 24.0798.E1    (0)    9 :  0.013 0.089 0.461 0.017 0.018 0.348 0.026 0.009 0.019 
189 24.0799.E1    (0)    9 :  0.031 0.008 0.892 0.007 0.013 0.012 0.007 0.020 0.010 
190 24.0800.E1    (0)    9 :  0.154 0.030 0.699 0.008 0.019 0.015 0.006 0.022 0.048 
191 24.0801.E1    (0)    9 :  0.006 0.011 0.604 0.005 0.009 0.338 0.007 0.005 0.015 
192 24.0802.E1    (0)    9 :  0.058 0.008 0.869 0.004 0.010 0.011 0.022 0.008 0.010 
193 24.0803.E1    (0)    9 :  0.008 0.008 0.929 0.006 0.008 0.017 0.008 0.010 0.007 
194 24.0804.E1    (0)    9 :  0.061 0.010 0.885 0.004 0.009 0.004 0.011 0.009 0.006 
195 24.0805.E1    (0)    9 :  0.016 0.006 0.917 0.006 0.007 0.007 0.004 0.007 0.030 
196 24.0806.E1    (0)    9 :  0.004 0.007 0.942 0.004 0.006 0.005 0.021 0.006 0.005 
197 24.0807.E1    (0)    9 :  0.014 0.052 0.882 0.004 0.015 0.009 0.007 0.009 0.009 
198 24.0808.E1    (0)    9 :  0.046 0.019 0.727 0.006 0.071 0.007 0.019 0.014 0.092 
199 24.0809.E1    (0)    9 :  0.048 0.007 0.854 0.009 0.007 0.009 0.004 0.014 0.048 
200 24.0810.E1    (0)    9 :  0.013 0.027 0.887 0.010 0.008 0.007 0.011 0.008 0.029 
201 24.0811.E1    (0)    9 :  0.053 0.218 0.623 0.005 0.023 0.005 0.025 0.040 0.008 
202 24.0812.E1    (0)    9 :  0.237 0.010 0.640 0.006 0.041 0.009 0.006 0.034 0.018 
203 24.0813.E1    (0)    9 :  0.019 0.007 0.895 0.006 0.023 0.004 0.007 0.006 0.033 
204 24.0814.E1    (6)    9 :  0.128 0.012 0.806 0.004 0.006 0.007 0.014 0.008 0.015 
205 24.0815.E1    (0)    9 :  0.020 0.009 0.903 0.007 0.007 0.021 0.020 0.004 0.008 
206 24.0816.E1    (0)    9 :  0.010 0.021 0.920 0.004 0.013 0.012 0.010 0.006 0.004 
207 24.0817.E1    (0)   10 :  0.748 0.054 0.120 0.005 0.026 0.010 0.005 0.019 0.013 
208 24.0818.E1    (0)   10 :  0.830 0.020 0.016 0.009 0.073 0.007 0.011 0.030 0.005 
209 24.0819.E1    (0)   10 :  0.022 0.269 0.412 0.145 0.010 0.088 0.021 0.018 0.015 
210 24.0820.E1    (0)   10 :  0.020 0.859 0.011 0.072 0.007 0.010 0.009 0.007 0.005 
211 24.0821.E1    (0)   10 :  0.171 0.212 0.101 0.007 0.187 0.273 0.014 0.016 0.019 
212 24.0822.E1    (0)   10 :  0.919 0.010 0.006 0.017 0.025 0.006 0.004 0.006 0.008 
213 24.0823.E1    (0)   10 :  0.400 0.496 0.011 0.045 0.006 0.012 0.010 0.009 0.011 
214 24.0824.E1    (0)   10 :  0.482 0.012 0.016 0.008 0.006 0.432 0.006 0.007 0.031 
215 24.0825.E1    (0)   10 :  0.959 0.005 0.005 0.005 0.005 0.005 0.005 0.004 0.008 
216 24.0826.E1    (0)   10 :  0.046 0.849 0.025 0.025 0.014 0.016 0.009 0.007 0.010 
217 24.0827.E1    (0)   10 :  0.784 0.105 0.019 0.004 0.021 0.006 0.008 0.044 0.010 
218 24.0828.E1    (0)   10 :  0.152 0.673 0.047 0.016 0.024 0.050 0.010 0.009 0.018 
219 24.0829.E1    (0)   10 :  0.744 0.018 0.190 0.009 0.008 0.009 0.006 0.005 0.011 
220 24.0830.E1    (0)   10 :  0.916 0.025 0.013 0.004 0.009 0.014 0.004 0.006 0.010 
221 24.0831.E1    (0)   10 :  0.901 0.017 0.010 0.004 0.028 0.019 0.005 0.005 0.012 
222 24.0832.E1    (0)   10 :  0.948 0.015 0.005 0.003 0.006 0.004 0.003 0.009 0.007 
223 24.0833.E1    (0)   10 :  0.963 0.007 0.004 0.004 0.004 0.004 0.003 0.004 0.007 
224 24.0834.E1    (0)   10 :  0.943 0.010 0.007 0.007 0.005 0.005 0.007 0.007 0.008 
225 24.0835.E1    (0)   10 :  0.937 0.006 0.013 0.004 0.008 0.008 0.006 0.012 0.007 
226 24.0836.E1    (0)   10 :  0.923 0.007 0.009 0.008 0.009 0.014 0.004 0.010 0.016 
227 24.0837.E1    (0)   10 :  0.948 0.007 0.008 0.005 0.008 0.006 0.004 0.006 0.007 
228 24.0838.E1    (0)   10 :  0.942 0.010 0.007 0.007 0.011 0.005 0.004 0.004 0.010 
229 24.0839.E1    (0)   10 :  0.570 0.023 0.237 0.019 0.050 0.019 0.023 0.039 0.020 
230 24.0840.E1    (0)   10 :  0.637 0.057 0.236 0.004 0.013 0.008 0.025 0.013 0.006 
231 24.0841.E1    (0)   11 :  0.097 0.388 0.438 0.015 0.024 0.004 0.004 0.011 0.018 
232 24.0842.E1    (0)   11 :  0.072 0.296 0.402 0.012 0.016 0.176 0.003 0.013 0.010 
233 24.0843.E1    (0)   11 :  0.028 0.554 0.138 0.013 0.019 0.229 0.005 0.005 0.008 
234 24.0844.E1    (0)   11 :  0.261 0.023 0.243 0.007 0.025 0.392 0.005 0.027 0.015 
235 24.0845.E1    (0)   11 :  0.789 0.041 0.021 0.005 0.085 0.026 0.005 0.011 0.017 
236 24.0846.E1    (0)   11 :  0.902 0.009 0.026 0.011 0.010 0.010 0.011 0.012 0.010 
237 24.0847.E1    (0)   11 :  0.804 0.015 0.027 0.014 0.008 0.019 0.006 0.035 0.071 
238 24.0848.E1    (0)   11 :  0.850 0.010 0.044 0.005 0.038 0.015 0.004 0.011 0.023 
239 24.0849.E1    (0)   11 :  0.007 0.958 0.007 0.004 0.005 0.005 0.003 0.006 0.004 
240 24.0850.E1    (0)   11 :  0.007 0.958 0.007 0.004 0.005 0.005 0.003 0.006 0.004 
241 24.0851.E1    (0)   11 :  0.007 0.958 0.007 0.004 0.005 0.005 0.003 0.006 0.004 
242 24.0852.E1    (0)   11 :  0.112 0.769 0.018 0.012 0.054 0.009 0.005 0.011 0.011 
243 24.0853.E1    (0)   11 :  0.404 0.535 0.018 0.009 0.007 0.005 0.007 0.006 0.011 
244 24.0854.E1    (0)   11 :  0.019 0.285 0.019 0.008 0.005 0.641 0.005 0.011 0.008 
245 24.0855.E1    (0)   11 :  0.794 0.043 0.108 0.009 0.013 0.010 0.005 0.006 0.011 
246 24.0856.E1    (0)   11 :  0.048 0.024 0.216 0.034 0.077 0.383 0.103 0.105 0.010 
247 24.0857.E1    (0)   11 :  0.591 0.020 0.287 0.011 0.023 0.015 0.010 0.021 0.023 
248 24.0858.E1    (0)   11 :  0.633 0.061 0.118 0.018 0.104 0.026 0.006 0.017 0.018 
249 24.0859.E1    (0)   11 :  0.014 0.892 0.026 0.019 0.011 0.009 0.009 0.011 0.008 
250 24.0860.E1    (0)   11 :  0.065 0.042 0.678 0.051 0.062 0.027 0.041 0.025 0.009 
251 24.0861.E1    (0)   11 :  0.019 0.936 0.013 0.005 0.009 0.005 0.004 0.006 0.004 
252 24.0862.E1    (0)   11 :  0.015 0.009 0.895 0.006 0.016 0.006 0.022 0.023 0.007 
253 24.0863.E1    (0)   11 :  0.020 0.936 0.013 0.005 0.008 0.005 0.004 0.006 0.004 
254 24.0864.E1    (0)   11 :  0.123 0.088 0.026 0.007 0.032 0.019 0.007 0.125 0.574 
255 24.0865.E1    (0)   12 :  0.011 0.817 0.009 0.037 0.018 0.007 0.019 0.042 0.040 
256 24.0866.E1    (0)   12 :  0.142 0.019 0.174 0.033 0.258 0.023 0.006 0.028 0.319 
257 24.0867.E1    (0)   12 :  0.040 0.160 0.018 0.123 0.012 0.013 0.021 0.009 0.605 
258 24.0868.E1    (0)   12 :  0.071 0.007 0.024 0.019 0.404 0.021 0.026 0.010 0.418 
259 24.0869.E1    (0)   12 :  0.061 0.009 0.024 0.005 0.023 0.006 0.044 0.007 0.822 
260 24.0870.E1    (0)   12 :  0.120 0.009 0.017 0.024 0.294 0.024 0.118 0.123 0.271 
261 24.0871.E1    (0)   12 :  0.026 0.058 0.052 0.007 0.113 0.027 0.052 0.067 0.599 
262 24.0872.E1    (0)   12 :  0.011 0.330 0.018 0.108 0.091 0.072 0.009 0.014 0.347 
263 24.0873.E1    (0)   12 :  0.026 0.053 0.056 0.013 0.018 0.014 0.015 0.012 0.794 
264 24.0874.E1    (0)   12 :  0.071 0.183 0.066 0.201 0.020 0.029 0.007 0.009 0.413 
265 24.0875.E1    (0)   12 :  0.016 0.013 0.023 0.012 0.140 0.386 0.013 0.066 0.331 
266 24.0876.E1    (0)   12 :  0.007 0.007 0.012 0.021 0.059 0.286 0.010 0.146 0.453 
267 24.0877.E1    (0)   12 :  0.004 0.007 0.013 0.071 0.031 0.013 0.007 0.821 0.032 
268 24.0878.E1    (0)   12 :  0.048 0.009 0.011 0.015 0.021 0.027 0.010 0.645 0.213 
269 24.0879.E1    (0)   12 :  0.007 0.007 0.006 0.006 0.012 0.263 0.011 0.671 0.018 
270 24.0880.E1    (0)   12 :  0.448 0.018 0.013 0.013 0.062 0.065 0.015 0.033 0.332 
271 24.0881.E1    (0)   12 :  0.004 0.006 0.005 0.011 0.006 0.007 0.012 0.940 0.009 
272 24.0882.E1    (0)   12 :  0.007 0.012 0.008 0.729 0.019 0.011 0.009 0.185 0.020 
273 24.0883.E1    (0)   12 :  0.007 0.046 0.006 0.253 0.009 0.300 0.011 0.243 0.125 
274 24.0884.E1    (0)   12 :  0.004 0.019 0.006 0.053 0.014 0.029 0.008 0.841 0.027 
275 24.0885.E1    (0)   12 :  0.011 0.007 0.008 0.008 0.041 0.095 0.015 0.623 0.192 
276 24.0886.E1    (0)   12 :  0.005 0.048 0.012 0.205 0.012 0.080 0.004 0.361 0.272 
277 24.0887.E1    (0)   12 :  0.004 0.008 0.005 0.719 0.006 0.200 0.009 0.025 0.023 
278 24.0888.E1    (0)   12 :  0.008 0.009 0.046 0.005 0.862 0.027 0.007 0.017 0.018 


Estimated Allele Frequencies in each cluster
First column gives estimated ancestral frequencies


Locus 1 : 
31 alleles
0.0% missing data
 115   (0.032) 0.006 0.005 0.011 0.005 0.007 0.021 0.003 0.130 0.135 
 117   (0.043) 0.007 0.003 0.056 0.201 0.009 0.020 0.004 0.189 0.050 
 119   (0.040) 0.005 0.004 0.006 0.312 0.008 0.008 0.287 0.260 0.021 
 131   (0.015) 0.001 0.001 0.002 0.003 0.003 0.004 0.001 0.050 0.004 
 128   (0.037) 0.036 0.006 0.009 0.003 0.031 0.023 0.004 0.033 0.043 
 135   (0.017) 0.003 0.003 0.004 0.009 0.003 0.004 0.002 0.047 0.011 
 126   (0.082) 0.256 0.057 0.053 0.076 0.079 0.054 0.012 0.079 0.067 
 122   (0.035) 0.004 0.003 0.109 0.002 0.035 0.009 0.097 0.012 0.010 
 132   (0.032) 0.018 0.007 0.047 0.015 0.022 0.022 0.003 0.005 0.020 
 141   (0.011) 0.001 0.001 0.002 0.001 0.002 0.002 0.002 0.010 0.002 
 130   (0.051) 0.017 0.034 0.022 0.013 0.067 0.116 0.015 0.007 0.092 
 134   (0.040) 0.008 0.075 0.027 0.003 0.028 0.006 0.127 0.005 0.029 
 145   (0.017) 0.002 0.104 0.002 0.010 0.003 0.008 0.007 0.003 0.004 
 127   (0.027) 0.003 0.003 0.004 0.153 0.005 0.008 0.055 0.029 0.006 
 116   (0.106) 0.134 0.294 0.124 0.011 0.256 0.099 0.173 0.015 0.162 
 114   (0.058) 0.110 0.177 0.142 0.005 0.043 0.034 0.056 0.008 0.030 
 120   (0.036) 0.004 0.003 0.006 0.003 0.064 0.116 0.087 0.009 0.014 
 110   (0.047) 0.093 0.019 0.014 0.022 0.029 0.075 0.026 0.009 0.054 
 133   (0.015) 0.002 0.001 0.007 0.013 0.003 0.004 0.009 0.003 0.003 
 118   (0.109) 0.185 0.181 0.306 0.020 0.249 0.303 0.012 0.015 0.182 
 125   (0.014) 0.011 0.003 0.011 0.001 0.005 0.005 0.002 0.003 0.002 
 129   (0.018) 0.002 0.002 0.003 0.006 0.006 0.028 0.002 0.043 0.005 
 124   (0.017) 0.003 0.005 0.003 0.002 0.012 0.016 0.002 0.010 0.005 
 136   (0.020) 0.072 0.002 0.004 0.001 0.006 0.003 0.002 0.003 0.036 
 121   (0.014) 0.001 0.001 0.002 0.066 0.003 0.002 0.001 0.006 0.004 
 139   (0.011) 0.001 0.001 0.002 0.001 0.002 0.002 0.001 0.011 0.002 
 113   (0.011) 0.001 0.001 0.001 0.014 0.002 0.002 0.001 0.001 0.002 
 111   (0.010) 0.001 0.001 0.001 0.013 0.002 0.002 0.001 0.002 0.002 
 143   (0.012) 0.001 0.001 0.002 0.014 0.002 0.002 0.001 0.001 0.002 
 140   (0.015) 0.001 0.001 0.017 0.001 0.011 0.003 0.001 0.002 0.003 
 112   (0.011) 0.014 0.001 0.002 0.001 0.002 0.002 0.001 0.001 0.002 

Locus 2 : 
18 alleles
0.0% missing data
 152   (0.384) 0.182 0.315 0.510 0.793 0.330 0.396 0.398 0.648 0.518 
 148   (0.069) 0.009 0.007 0.011 0.023 0.032 0.057 0.222 0.133 0.177 
 154   (0.107) 0.275 0.019 0.061 0.035 0.086 0.044 0.257 0.049 0.158 
 156   (0.015) 0.002 0.002 0.008 0.001 0.005 0.004 0.002 0.014 0.002 
 150   (0.024) 0.002 0.002 0.003 0.046 0.004 0.006 0.063 0.009 0.003 
 164   (0.078) 0.048 0.093 0.074 0.014 0.139 0.019 0.011 0.068 0.035 
 158   (0.031) 0.004 0.008 0.012 0.009 0.007 0.146 0.016 0.009 0.019 
 160   (0.018) 0.002 0.002 0.003 0.019 0.013 0.003 0.002 0.003 0.009 
 166   (0.019) 0.002 0.001 0.037 0.001 0.017 0.004 0.004 0.003 0.003 
 151   (0.070) 0.429 0.301 0.024 0.005 0.186 0.186 0.007 0.009 0.012 
 147   (0.066) 0.033 0.196 0.217 0.005 0.103 0.074 0.006 0.009 0.026 
 168   (0.022) 0.002 0.027 0.009 0.002 0.017 0.006 0.003 0.004 0.009 
 153   (0.013) 0.001 0.012 0.002 0.001 0.015 0.003 0.001 0.002 0.002 
 149   (0.024) 0.002 0.002 0.004 0.011 0.008 0.042 0.002 0.003 0.017 
 162   (0.020) 0.002 0.010 0.019 0.003 0.009 0.004 0.002 0.009 0.003 
 167   (0.013) 0.001 0.001 0.002 0.001 0.002 0.002 0.001 0.024 0.002 
 146   (0.012) 0.001 0.001 0.002 0.029 0.002 0.002 0.001 0.001 0.002 
 172   (0.013) 0.001 0.001 0.002 0.001 0.023 0.002 0.001 0.002 0.002 

Locus 3 : 
4 alleles
0.0% missing data
 128   (0.294) 0.424 0.341 0.251 0.438 0.225 0.290 0.320 0.204 0.302 
 126   (0.612) 0.533 0.508 0.697 0.555 0.737 0.555 0.615 0.715 0.672 
 132   (0.080) 0.042 0.150 0.050 0.006 0.036 0.116 0.059 0.079 0.024 
 134   (0.014) 0.001 0.001 0.002 0.001 0.003 0.040 0.006 0.002 0.002 

Locus 4 : 
3 alleles
0.0% missing data
 170   (0.321) 0.445 0.163 0.290 0.290 0.378 0.236 0.408 0.334 0.174 
 172   (0.667) 0.553 0.834 0.708 0.708 0.620 0.762 0.582 0.664 0.823 
 171   (0.013) 0.002 0.003 0.002 0.002 0.002 0.002 0.011 0.002 0.003 

Locus 5 : 
37 alleles
0.0% missing data
 125   (0.055) 0.072 0.116 0.011 0.031 0.019 0.132 0.065 0.066 0.046 
 110   (0.033) 0.089 0.017 0.020 0.015 0.007 0.037 0.043 0.051 0.006 
 129   (0.030) 0.009 0.040 0.022 0.003 0.106 0.007 0.003 0.052 0.008 
 113   (0.029) 0.011 0.013 0.089 0.002 0.108 0.007 0.004 0.013 0.010 
 145   (0.051) 0.014 0.094 0.008 0.100 0.014 0.089 0.006 0.206 0.141 
 155   (0.052) 0.057 0.006 0.087 0.017 0.039 0.020 0.185 0.150 0.026 
 117   (0.029) 0.004 0.005 0.024 0.034 0.014 0.007 0.005 0.020 0.112 
 124   (0.007) 0.001 0.001 0.001 0.001 0.001 0.001 0.001 0.022 0.001 
 133   (0.034) 0.004 0.009 0.009 0.073 0.061 0.015 0.004 0.040 0.029 
 157   (0.047) 0.062 0.006 0.021 0.031 0.145 0.115 0.030 0.009 0.038 
 141   (0.015) 0.006 0.001 0.002 0.001 0.032 0.004 0.002 0.005 0.006 
 112   (0.074) 0.156 0.142 0.050 0.157 0.054 0.017 0.195 0.065 0.096 
 121   (0.020) 0.003 0.018 0.066 0.003 0.012 0.007 0.009 0.004 0.003 
 114   (0.036) 0.072 0.003 0.006 0.172 0.008 0.007 0.015 0.041 0.145 
 153   (0.053) 0.091 0.079 0.167 0.004 0.019 0.206 0.010 0.055 0.039 
 127   (0.073) 0.094 0.226 0.070 0.074 0.107 0.039 0.021 0.074 0.070 
 131   (0.063) 0.039 0.075 0.094 0.177 0.019 0.120 0.224 0.053 0.032 
 135   (0.033) 0.019 0.065 0.048 0.004 0.024 0.049 0.008 0.008 0.024 
 104   (0.009) 0.002 0.003 0.001 0.002 0.002 0.001 0.011 0.002 0.003 
 118   (0.019) 0.002 0.002 0.003 0.003 0.011 0.016 0.018 0.015 0.008 
 116   (0.029) 0.018 0.006 0.038 0.005 0.008 0.034 0.023 0.007 0.031 
 137   (0.026) 0.003 0.003 0.062 0.007 0.013 0.016 0.095 0.006 0.009 
 123   (0.022) 0.084 0.016 0.035 0.003 0.005 0.008 0.005 0.006 0.008 
 149   (0.009) 0.002 0.005 0.003 0.001 0.002 0.001 0.001 0.001 0.007 
 138   (0.013) 0.001 0.019 0.002 0.001 0.041 0.002 0.002 0.002 0.002 
 143   (0.024) 0.050 0.010 0.005 0.069 0.033 0.009 0.003 0.003 0.003 
 163   (0.010) 0.001 0.001 0.002 0.001 0.008 0.002 0.004 0.002 0.002 
 109   (0.008) 0.001 0.001 0.001 0.001 0.001 0.001 0.001 0.001 0.026 
 139   (0.008) 0.001 0.001 0.001 0.001 0.010 0.003 0.001 0.001 0.001 
 106   (0.009) 0.001 0.001 0.002 0.001 0.010 0.002 0.001 0.001 0.002 
 144   (0.015) 0.002 0.001 0.015 0.001 0.005 0.003 0.001 0.002 0.037 
 122   (0.010) 0.001 0.001 0.002 0.004 0.002 0.002 0.001 0.011 0.010 
 100   (0.017) 0.010 0.007 0.024 0.001 0.020 0.007 0.003 0.003 0.008 
 111   (0.009) 0.001 0.003 0.001 0.001 0.028 0.002 0.001 0.001 0.002 
 233   (0.009) 0.003 0.004 0.003 0.001 0.004 0.008 0.001 0.001 0.001 
 134   (0.009) 0.013 0.001 0.001 0.001 0.002 0.002 0.001 0.001 0.001 
 140   (0.009) 0.002 0.001 0.002 0.001 0.006 0.002 0.001 0.001 0.006 

Locus 6 : 
17 alleles
0.0% missing data
 221   (0.021) 0.002 0.002 0.003 0.086 0.004 0.003 0.002 0.139 0.003 
 232   (0.245) 0.267 0.727 0.294 0.425 0.293 0.281 0.109 0.177 0.255 
 229   (0.054) 0.088 0.016 0.019 0.054 0.011 0.018 0.071 0.100 0.031 
 223   (0.064) 0.069 0.008 0.026 0.010 0.045 0.101 0.008 0.096 0.063 
 230   (0.156) 0.228 0.050 0.079 0.297 0.223 0.133 0.160 0.067 0.236 
 235   (0.012) 0.001 0.001 0.002 0.001 0.002 0.002 0.001 0.069 0.002 
 236   (0.038) 0.004 0.029 0.008 0.006 0.015 0.026 0.040 0.091 0.011 
 227   (0.022) 0.002 0.002 0.004 0.003 0.011 0.010 0.002 0.061 0.010 
 220   (0.055) 0.031 0.077 0.148 0.004 0.021 0.016 0.179 0.008 0.039 
 222   (0.039) 0.006 0.003 0.178 0.003 0.037 0.007 0.246 0.005 0.017 
 234   (0.135) 0.145 0.016 0.138 0.065 0.111 0.246 0.163 0.087 0.245 
 224   (0.030) 0.071 0.002 0.006 0.002 0.032 0.099 0.003 0.004 0.005 
 228   (0.058) 0.038 0.061 0.037 0.004 0.181 0.020 0.007 0.013 0.045 
 225   (0.012) 0.002 0.001 0.010 0.001 0.002 0.002 0.002 0.005 0.002 
 226   (0.018) 0.041 0.002 0.044 0.001 0.003 0.003 0.002 0.004 0.002 
 233   (0.027) 0.003 0.002 0.004 0.039 0.005 0.024 0.003 0.044 0.022 
 231   (0.013) 0.001 0.001 0.002 0.001 0.003 0.008 0.001 0.031 0.013 

Locus 7 : 
10 alleles
0.0% missing data
 121   (0.687) 0.764 0.708 0.782 0.747 0.840 0.629 0.798 0.884 0.812 
 129   (0.094) 0.125 0.152 0.040 0.099 0.052 0.085 0.011 0.073 0.059 
 130   (0.013) 0.001 0.001 0.030 0.002 0.003 0.002 0.001 0.002 0.002 
 123   (0.101) 0.099 0.131 0.086 0.102 0.059 0.200 0.120 0.026 0.035 
 128   (0.020) 0.002 0.001 0.003 0.022 0.004 0.016 0.037 0.003 0.004 
 131   (0.014) 0.003 0.001 0.004 0.001 0.003 0.008 0.025 0.002 0.002 
 117   (0.012) 0.001 0.001 0.002 0.001 0.012 0.002 0.001 0.001 0.002 
 125   (0.013) 0.001 0.001 0.002 0.001 0.002 0.049 0.001 0.002 0.002 
 134   (0.034) 0.003 0.003 0.051 0.006 0.024 0.007 0.004 0.005 0.075 
 132   (0.013) 0.001 0.001 0.002 0.020 0.002 0.002 0.001 0.002 0.009 

Locus 8 : 
19 alleles
0.0% missing data
 184   (0.303) 0.283 0.425 0.355 0.330 0.372 0.482 0.518 0.492 0.454 
 194   (0.046) 0.014 0.008 0.008 0.022 0.045 0.032 0.019 0.029 0.080 
 178   (0.103) 0.279 0.031 0.118 0.061 0.059 0.030 0.180 0.207 0.084 
 176   (0.076) 0.011 0.120 0.097 0.213 0.081 0.059 0.010 0.047 0.076 
 182   (0.073) 0.046 0.031 0.136 0.204 0.129 0.023 0.009 0.037 0.052 
 190   (0.030) 0.016 0.002 0.038 0.048 0.006 0.006 0.069 0.005 0.004 
 196   (0.021) 0.064 0.018 0.004 0.001 0.014 0.003 0.002 0.006 0.004 
 200   (0.029) 0.003 0.002 0.007 0.011 0.034 0.043 0.005 0.016 0.006 
 180   (0.024) 0.003 0.002 0.004 0.002 0.004 0.093 0.069 0.011 0.003 
 188   (0.038) 0.050 0.077 0.006 0.003 0.010 0.009 0.009 0.029 0.046 
 174   (0.037) 0.004 0.003 0.009 0.034 0.014 0.054 0.019 0.018 0.082 
 186   (0.126) 0.136 0.251 0.175 0.061 0.202 0.103 0.059 0.085 0.082 
 192   (0.022) 0.079 0.007 0.004 0.003 0.006 0.013 0.014 0.009 0.003 
 201   (0.011) 0.001 0.001 0.001 0.001 0.002 0.010 0.012 0.001 0.002 
 199   (0.019) 0.002 0.002 0.017 0.001 0.013 0.024 0.002 0.002 0.003 
 185   (0.011) 0.001 0.016 0.002 0.001 0.002 0.002 0.001 0.001 0.002 
 203   (0.010) 0.001 0.001 0.002 0.001 0.002 0.002 0.001 0.001 0.012 
 198   (0.011) 0.001 0.001 0.012 0.001 0.003 0.002 0.001 0.001 0.003 
 209   (0.011) 0.004 0.001 0.005 0.001 0.002 0.011 0.001 0.002 0.002 

Locus 9 : 
6 alleles
0.4% missing data
 154   (0.684) 0.797 0.854 0.790 0.645 0.745 0.693 0.818 0.716 0.652 
 156   (0.209) 0.131 0.034 0.192 0.336 0.184 0.290 0.171 0.167 0.272 
 152   (0.055) 0.066 0.099 0.010 0.007 0.029 0.009 0.006 0.075 0.042 
 153   (0.013) 0.001 0.010 0.002 0.001 0.016 0.002 0.002 0.002 0.002 
 160   (0.013) 0.001 0.001 0.002 0.001 0.022 0.002 0.001 0.002 0.002 
 164   (0.026) 0.002 0.002 0.004 0.010 0.005 0.004 0.003 0.038 0.031 

Locus 10 : 
29 alleles
0.7% missing data
 305   (0.065) 0.013 0.008 0.103 0.009 0.104 0.016 0.220 0.114 0.011 
 313   (0.046) 0.010 0.007 0.044 0.006 0.046 0.022 0.006 0.152 0.012 
 311   (0.014) 0.003 0.001 0.002 0.002 0.003 0.006 0.002 0.018 0.003 
 299   (0.125) 0.159 0.142 0.105 0.041 0.213 0.020 0.046 0.264 0.041 
 315   (0.074) 0.023 0.006 0.014 0.102 0.147 0.032 0.079 0.085 0.020 
 287   (0.018) 0.002 0.002 0.005 0.002 0.004 0.670 0.002 0.006 0.003 
 291   (0.114) 0.448 0.013 0.130 0.024 0.072 0.021 0.072 0.100 0.334 
 295   (0.023) 0.002 0.003 0.004 0.002 0.006 0.003 0.004 0.028 0.193 
 289   (0.016) 0.001 0.002 0.132 0.001 0.005 0.004 0.003 0.003 0.002 
 303   (0.032) 0.003 0.614 0.005 0.494 0.008 0.005 0.021 0.006 0.008 
 297   (0.048) 0.056 0.028 0.072 0.091 0.012 0.008 0.007 0.018 0.086 
 293   (0.019) 0.003 0.001 0.007 0.001 0.007 0.054 0.004 0.043 0.021 
 301   (0.061) 0.008 0.020 0.019 0.008 0.072 0.011 0.150 0.065 0.063 
 285   (0.028) 0.003 0.003 0.189 0.003 0.010 0.005 0.248 0.004 0.004 
 307   (0.053) 0.093 0.005 0.008 0.195 0.053 0.011 0.039 0.010 0.058 
 312   (0.059) 0.095 0.022 0.012 0.004 0.075 0.032 0.077 0.009 0.069 
 306   (0.027) 0.010 0.002 0.004 0.002 0.059 0.005 0.004 0.011 0.020 
 320   (0.014) 0.001 0.001 0.002 0.001 0.023 0.002 0.001 0.002 0.002 
 317   (0.019) 0.002 0.100 0.003 0.001 0.004 0.002 0.002 0.017 0.003 
 314   (0.025) 0.002 0.002 0.004 0.002 0.014 0.035 0.003 0.029 0.005 
 323   (0.013) 0.001 0.001 0.003 0.001 0.007 0.009 0.001 0.002 0.002 
 325   (0.011) 0.001 0.001 0.002 0.001 0.006 0.009 0.001 0.002 0.002 
 310   (0.014) 0.048 0.001 0.002 0.001 0.005 0.005 0.001 0.002 0.004 
 309   (0.014) 0.001 0.001 0.002 0.001 0.003 0.002 0.002 0.002 0.025 
 316   (0.018) 0.005 0.004 0.003 0.001 0.028 0.002 0.002 0.003 0.002 
 296   (0.011) 0.001 0.005 0.002 0.001 0.008 0.002 0.001 0.002 0.003 
 304   (0.014) 0.002 0.001 0.060 0.001 0.003 0.002 0.001 0.002 0.002 
 321   (0.012) 0.001 0.001 0.031 0.001 0.002 0.001 0.001 0.001 0.002 
 332   (0.012) 0.001 0.001 0.031 0.001 0.002 0.002 0.001 0.002 0.002 

Locus 11 : 
19 alleles
0.0% missing data
 114   (0.153) 0.027 0.042 0.027 0.190 0.168 0.073 0.286 0.240 0.250 
 126   (0.021) 0.002 0.002 0.003 0.003 0.004 0.003 0.019 0.057 0.005 
 111   (0.088) 0.549 0.315 0.579 0.006 0.017 0.032 0.009 0.221 0.014 
 116   (0.115) 0.036 0.010 0.063 0.264 0.080 0.138 0.021 0.109 0.128 
 132   (0.012) 0.001 0.001 0.002 0.001 0.003 0.002 0.001 0.011 0.002 
 109   (0.015) 0.002 0.001 0.002 0.001 0.003 0.002 0.001 0.046 0.003 
 128   (0.018) 0.007 0.001 0.003 0.001 0.006 0.003 0.002 0.008 0.012 
 112   (0.310) 0.051 0.194 0.066 0.503 0.601 0.449 0.605 0.232 0.445 
 122   (0.015) 0.002 0.014 0.002 0.004 0.003 0.004 0.007 0.002 0.008 
 124   (0.012) 0.001 0.002 0.002 0.002 0.002 0.002 0.017 0.002 0.002 
 118   (0.056) 0.010 0.012 0.057 0.011 0.026 0.080 0.015 0.019 0.070 
 127   (0.013) 0.001 0.001 0.002 0.001 0.012 0.002 0.001 0.002 0.002 
 113   (0.051) 0.225 0.390 0.130 0.003 0.018 0.029 0.005 0.007 0.010 
 115   (0.032) 0.006 0.003 0.008 0.003 0.010 0.150 0.003 0.023 0.017 
 120   (0.021) 0.064 0.002 0.003 0.001 0.004 0.004 0.002 0.003 0.020 
 117   (0.021) 0.010 0.002 0.019 0.002 0.013 0.004 0.003 0.003 0.003 
 125   (0.019) 0.002 0.004 0.003 0.001 0.024 0.012 0.002 0.003 0.005 
 119   (0.014) 0.003 0.001 0.029 0.001 0.003 0.002 0.001 0.002 0.002 
 136   (0.013) 0.001 0.001 0.002 0.001 0.002 0.009 0.001 0.009 0.002 

Locus 12 : 
28 alleles
0.7% missing data
 306   (0.065) 0.014 0.008 0.163 0.008 0.069 0.013 0.216 0.113 0.011 
 314   (0.058) 0.078 0.021 0.036 0.007 0.043 0.027 0.007 0.139 0.010 
 312   (0.011) 0.001 0.001 0.002 0.001 0.002 0.001 0.001 0.025 0.001 
 300   (0.136) 0.157 0.143 0.106 0.042 0.216 0.022 0.047 0.280 0.042 
 316   (0.043) 0.021 0.004 0.009 0.098 0.010 0.006 0.073 0.081 0.007 
 288   (0.019) 0.002 0.002 0.005 0.002 0.004 0.656 0.002 0.005 0.003 
 292   (0.115) 0.442 0.014 0.145 0.024 0.073 0.021 0.072 0.101 0.331 
 296   (0.024) 0.002 0.005 0.004 0.002 0.009 0.004 0.004 0.029 0.197 
 290   (0.018) 0.002 0.002 0.131 0.002 0.006 0.004 0.003 0.003 0.002 
 304   (0.032) 0.003 0.615 0.005 0.497 0.008 0.005 0.021 0.006 0.008 
 298   (0.052) 0.056 0.029 0.072 0.092 0.013 0.008 0.007 0.018 0.086 
 294   (0.020) 0.003 0.002 0.008 0.001 0.008 0.054 0.004 0.043 0.021 
 302   (0.066) 0.008 0.021 0.019 0.009 0.073 0.012 0.150 0.066 0.063 
 286   (0.029) 0.003 0.003 0.204 0.003 0.010 0.005 0.248 0.004 0.004 
 308   (0.033) 0.003 0.003 0.005 0.190 0.043 0.007 0.038 0.007 0.011 
 313   (0.046) 0.010 0.007 0.007 0.004 0.090 0.035 0.082 0.008 0.077 
 307   (0.044) 0.106 0.004 0.007 0.004 0.067 0.007 0.005 0.011 0.068 
 321   (0.012) 0.001 0.001 0.002 0.001 0.023 0.002 0.001 0.002 0.002 
 315   (0.047) 0.004 0.014 0.007 0.004 0.143 0.067 0.006 0.032 0.016 
 318   (0.016) 0.004 0.094 0.003 0.001 0.005 0.002 0.002 0.006 0.002 
 324   (0.012) 0.001 0.001 0.002 0.001 0.006 0.009 0.001 0.002 0.002 
 326   (0.013) 0.001 0.001 0.003 0.001 0.007 0.010 0.001 0.002 0.002 
 311   (0.020) 0.073 0.002 0.003 0.002 0.007 0.014 0.002 0.007 0.005 
 310   (0.012) 0.001 0.001 0.002 0.001 0.003 0.002 0.002 0.002 0.025 
 305   (0.014) 0.001 0.001 0.002 0.001 0.033 0.002 0.001 0.002 0.002 
 317   (0.014) 0.001 0.001 0.002 0.001 0.023 0.002 0.002 0.002 0.002 
 320   (0.013) 0.001 0.001 0.016 0.001 0.002 0.002 0.001 0.002 0.002 
 322   (0.014) 0.001 0.001 0.032 0.001 0.002 0.002 0.001 0.002 0.002 

Locus 13 : 
7 alleles
1.1% missing data
 161   (0.593) 0.405 0.460 0.577 0.890 0.552 0.480 0.069 0.652 0.822 
 163   (0.303) 0.578 0.444 0.339 0.028 0.429 0.500 0.034 0.267 0.138 
 160   (0.016) 0.001 0.001 0.003 0.001 0.003 0.003 0.444 0.002 0.002 
 162   (0.016) 0.001 0.001 0.002 0.001 0.003 0.002 0.446 0.002 0.002 
 165   (0.044) 0.012 0.091 0.075 0.004 0.009 0.009 0.004 0.070 0.028 
 166   (0.014) 0.001 0.001 0.003 0.004 0.003 0.004 0.001 0.005 0.005 
 164   (0.015) 0.001 0.001 0.002 0.073 0.002 0.002 0.001 0.002 0.002 

Locus 14 : 
4 alleles
0.4% missing data
  98   (0.958) 0.996 0.987 0.994 0.985 0.981 0.992 0.996 0.988 0.988 
 100   (0.013) 0.001 0.006 0.002 0.001 0.008 0.003 0.001 0.002 0.002 
  96   (0.016) 0.001 0.002 0.002 0.013 0.003 0.003 0.002 0.009 0.007 
 105   (0.013) 0.001 0.005 0.002 0.001 0.008 0.003 0.001 0.002 0.003 

Locus 15 : 
12 alleles
2.2% missing data
 171   (0.306) 0.349 0.306 0.351 0.185 0.367 0.397 0.223 0.395 0.216 
 177   (0.187) 0.106 0.073 0.141 0.055 0.164 0.237 0.353 0.206 0.272 
 173   (0.264) 0.491 0.516 0.404 0.073 0.269 0.173 0.098 0.282 0.335 
 179   (0.106) 0.012 0.090 0.056 0.561 0.092 0.132 0.307 0.069 0.045 
 183   (0.019) 0.002 0.006 0.008 0.009 0.006 0.007 0.002 0.029 0.003 
 181   (0.036) 0.032 0.003 0.007 0.112 0.059 0.006 0.004 0.006 0.010 
 197   (0.013) 0.001 0.001 0.002 0.001 0.003 0.002 0.001 0.002 0.066 
 170   (0.013) 0.001 0.001 0.002 0.001 0.011 0.017 0.002 0.002 0.004 
 189   (0.014) 0.001 0.001 0.003 0.001 0.019 0.002 0.005 0.003 0.003 
 203   (0.012) 0.001 0.001 0.002 0.001 0.002 0.002 0.001 0.002 0.041 
 187   (0.016) 0.001 0.001 0.009 0.001 0.006 0.023 0.002 0.003 0.003 
 198   (0.012) 0.001 0.001 0.016 0.001 0.002 0.002 0.001 0.002 0.002 

Values of parameters used in structure:
DATAFILE=STRUCTURE_main_final_278_HEG_ZG.str,	OUTFILE=STRUCTURE_main_final_278_HEG_ZG-K9-20,	NUMINDS=278,	NUMLOCI=15,	MISSING=-9,	LABEL=1,	POPDATA=1,	POPFLAG=0,	PHENOTYPE=0,	EXTRACOLS=0,	MAXPOPS=9,	BURNIN=100000,	NUMREPS=500000,	USEPOPINFO=0,	INFERALPHA=1,	INFERLAMBDA=0,	POPSPECIFICLAMBDA=0,	POPALPHAS=0,	COMPUTEPROB=1,	NOADMIX=0,	ADMBURNIN=2500,	UPDATEFREQ=1,	PRINTLIKES=0,	INTERMEDSAVE=0,	PRINTKLD=0,	PRINTNET=0,	PRINTLAMBDA=0,	ANCESTDIST=0,	NUMBOXES=1000,	ANCESTPINT=0.90000,	GENSBACK=2,	MIGRPRIOR=0.05000,	PRINTQHAT=0,	PRINTQSUM=0,	ALPHA=1.0000,	FREQSCORR=1,	FPRIORMEAN=0.0100,	FPRIORSD=0.0500,	ONEFST=0,	LAMBDA=1.0000,	UNIFPRIORALPHA=1,	ALPHAMAX=10.0000,	ALPHAPRIORA=1.0000,	ALPHAPRIORB=2.0000,	ALPHAPROPSD=0.0250,	STARTATPOPINFO=0,	RANDOMIZE=1,	LINKAGE=0,	METROFREQ=10,	REPORTHITRATE=0,	MARKOVPHASE=-1,	PHASED=0,	PLOIDY=2,	PHASEINFO=0	LOCPRIOR=0, 	LOCPRIORINIT=1.000000, 	LOCDATA=0, 	LOCISPOP=0, 	LOCPRIORSTEP=0.100000, 	MAXLOCPRIOR=20.000000, 	SEED=1782484037,	
[STRAT parameters]:    NUMSIMSTATS=1000,	PHENOTYPECOL=-9,	POOLFREQ=10,	LOCUSxONLY=0,	EMERROR=0.00100,	MISSINGPHENO=-9,	