

----------------------------------------------------
STRUCTURE by Pritchard, Stephens and Donnelly (2000)
     and Falush, Stephens and Pritchard (2003)
       Code by Pritchard, Falush and Hubisz
             Version 2.3.4 (Jul 2012)
----------------------------------------------------



Command line arguments:   structure -K 6 -i STRUCTURE_main_final_278_HEG_ZG.str -o STRUCTURE_main_final_278_HEG_ZG-K6-6 
Input File:    STRUCTURE_main_final_278_HEG_ZG.str

Run parameters:
   278 individuals
   15 loci
   6 populations assumed
   100000 Burn-in period
   500000 Reps


--------------------------------------------
Proportion of membership of each pre-defined
 population in each of the 6 clusters

Given    Inferred Clusters                            Number of
 Pop       1      2      3      4      5      6      Individuals

  1:     0.084  0.655  0.115  0.025  0.048  0.073       24
  2:     0.097  0.048  0.057  0.681  0.076  0.041       24
  3:     0.026  0.046  0.098  0.040  0.471  0.318       24
  4:     0.146  0.300  0.227  0.064  0.220  0.044       24
  5:     0.085  0.065  0.138  0.058  0.598  0.056       24
  6:     0.261  0.530  0.043  0.049  0.072  0.044       24
  7:     0.758  0.097  0.046  0.035  0.049  0.015       24
  8:     0.030  0.095  0.199  0.038  0.519  0.120       14
  9:     0.015  0.057  0.344  0.174  0.080  0.330       24
 10:     0.033  0.020  0.414  0.014  0.076  0.443       24
 11:     0.020  0.044  0.266  0.036  0.109  0.526       24
 12:     0.156  0.323  0.286  0.027  0.160  0.047       24
--------------------------------------------

Allele-freq. divergence among pops (Net nucleotide distance),
computed using point estimates of P.

      1       2       3       4       5       6      
 1      -    0.0557  0.0969  0.0978  0.0682  0.0906  
 2   0.0557     -    0.0484  0.0639  0.0308  0.0559  
 3   0.0969  0.0484     -    0.0969  0.0502  0.0577  
 4   0.0978  0.0639  0.0969     -    0.0622  0.0974  
 5   0.0682  0.0308  0.0502  0.0622     -    0.0436  
 6   0.0906  0.0559  0.0577  0.0974  0.0436     -    

Average distances (expected heterozygosity) between individuals in same cluster:
cluster  1  : 0.5573 
cluster  2  : 0.6264 
cluster  3  : 0.5941 
cluster  4  : 0.6133 
cluster  5  : 0.6477 
cluster  6  : 0.6144 

--------------------------------------------
Estimated Ln Prob of Data   = -12760.1
Mean value of ln likelihood = -12219.7
Variance of ln likelihood   = 1080.7
Mean value of alpha         = 0.0878

Mean value of Fst_1         = 0.1812
Mean value of Fst_2         = 0.0764
Mean value of Fst_3         = 0.1146
Mean value of Fst_4         = 0.1914
Mean value of Fst_5         = 0.0562
Mean value of Fst_6         = 0.1197


Inferred ancestry of individuals:
        Label (%Miss) Pop:  Inferred clusters
  1 24.0601.E1    (0)    1 :  0.024 0.892 0.011 0.041 0.015 0.017 
  2 24.0602.E1    (0)    1 :  0.016 0.897 0.012 0.009 0.026 0.040 
  3 24.0603.E1    (0)    1 :  0.068 0.840 0.014 0.011 0.048 0.019 
  4 24.0604.E1    (0)    1 :  0.010 0.767 0.107 0.011 0.091 0.014 
  5 24.0605.E1    (0)    1 :  0.049 0.863 0.018 0.025 0.015 0.030 
  6 24.0606.E1    (0)    1 :  0.033 0.881 0.026 0.024 0.017 0.019 
  7 24.0607.E1    (0)    1 :  0.391 0.155 0.022 0.018 0.165 0.249 
  8 24.0608.E1    (0)    1 :  0.147 0.631 0.033 0.007 0.015 0.167 
  9 24.0609.E1    (0)    1 :  0.013 0.244 0.650 0.008 0.045 0.041 
 10 24.0610.E1    (0)    1 :  0.013 0.403 0.537 0.008 0.018 0.021 
 11 24.0611.E1    (0)    1 :  0.012 0.804 0.124 0.030 0.012 0.018 
 12 24.0612.E1    (0)    1 :  0.023 0.892 0.011 0.033 0.031 0.010 
 13 24.0613.E1    (0)    1 :  0.009 0.858 0.102 0.011 0.010 0.010 
 14 24.0614.E1    (0)    1 :  0.324 0.258 0.034 0.017 0.015 0.351 
 15 24.0615.E1    (0)    1 :  0.086 0.594 0.061 0.024 0.033 0.202 
 16 24.0616.E1    (0)    1 :  0.010 0.923 0.018 0.018 0.014 0.016 
 17 24.0617.E1    (0)    1 :  0.027 0.274 0.616 0.037 0.016 0.031 
 18 24.0618.E1    (0)    1 :  0.009 0.768 0.116 0.022 0.030 0.055 
 19 24.0619.E1    (0)    1 :  0.009 0.687 0.020 0.024 0.211 0.050 
 20 24.0620.E1   (20)    1 :  0.688 0.123 0.100 0.024 0.037 0.029 
 21 24.0621.E1    (0)    1 :  0.011 0.436 0.037 0.011 0.238 0.267 
 22 24.0622.E1    (0)    1 :  0.016 0.917 0.018 0.022 0.015 0.012 
 23 24.0623.E1    (0)    1 :  0.024 0.677 0.066 0.147 0.027 0.059 
 24 24.0624.E1    (0)    1 :  0.013 0.934 0.016 0.012 0.012 0.014 
 25 24.0625.E1    (0)    2 :  0.167 0.022 0.022 0.621 0.035 0.133 
 26 24.0626.E1    (0)    2 :  0.116 0.007 0.007 0.786 0.007 0.077 
 27 24.0627.E1    (0)    2 :  0.039 0.017 0.013 0.440 0.479 0.012 
 28 24.0628.E1    (0)    2 :  0.301 0.027 0.361 0.268 0.017 0.026 
 29 24.0629.E1    (0)    2 :  0.012 0.113 0.014 0.800 0.040 0.021 
 30 24.0630.E1    (0)    2 :  0.189 0.012 0.009 0.748 0.012 0.031 
 31 24.0631.E1    (0)    2 :  0.009 0.011 0.005 0.961 0.008 0.006 
 32 24.0632.E1    (0)    2 :  0.088 0.017 0.013 0.843 0.027 0.011 
 33 24.0633.E1    (0)    2 :  0.186 0.028 0.020 0.457 0.077 0.231 
 34 24.0634.E1    (0)    2 :  0.012 0.015 0.016 0.925 0.016 0.017 
 35 24.0635.E1    (0)    2 :  0.057 0.040 0.046 0.557 0.244 0.055 
 36 24.0636.E1   (33)    2 :  0.828 0.052 0.023 0.052 0.032 0.013 
 37 24.0637.E1    (0)    2 :  0.012 0.008 0.007 0.960 0.008 0.005 
 38 24.0638.E1    (0)    2 :  0.010 0.016 0.014 0.828 0.122 0.011 
 39 24.0639.E1    (0)    2 :  0.036 0.078 0.033 0.750 0.049 0.055 
 40 24.0640.E1    (0)    2 :  0.013 0.015 0.011 0.942 0.011 0.009 
 41 24.0641.E1    (0)    2 :  0.028 0.216 0.009 0.341 0.213 0.192 
 42 24.0642.E1    (0)    2 :  0.056 0.354 0.011 0.538 0.032 0.008 
 43 24.0643.E1    (0)    2 :  0.101 0.020 0.012 0.498 0.351 0.018 
 44 24.0644.E1    (0)    2 :  0.011 0.019 0.201 0.746 0.010 0.014 
 45 24.0645.E1    (0)    2 :  0.023 0.021 0.314 0.627 0.008 0.006 
 46 24.0646.E1    (0)    2 :  0.011 0.019 0.201 0.746 0.009 0.014 
 47 24.0647.E1    (0)    2 :  0.012 0.008 0.007 0.960 0.008 0.005 
 48 24.0648.E1    (0)    2 :  0.012 0.008 0.007 0.960 0.008 0.005 
 49 24.0649.E1    (0)    3 :  0.007 0.023 0.175 0.015 0.721 0.059 
 50 24.0650.E1    (0)    3 :  0.008 0.349 0.119 0.008 0.036 0.481 
 51 24.0651.E1    (0)    3 :  0.035 0.016 0.078 0.384 0.297 0.190 
 52 24.0652.E1    (0)    3 :  0.011 0.055 0.013 0.008 0.095 0.818 
 53 24.0653.E1    (0)    3 :  0.009 0.009 0.020 0.008 0.931 0.023 
 54 24.0654.E1    (0)    3 :  0.009 0.015 0.026 0.020 0.127 0.804 
 55 24.0655.E1    (0)    3 :  0.020 0.080 0.046 0.100 0.245 0.509 
 56 24.0656.E1    (0)    3 :  0.053 0.025 0.031 0.014 0.054 0.823 
 57 24.0657.E1    (0)    3 :  0.049 0.025 0.032 0.013 0.062 0.818 
 58 24.0658.E1    (0)    3 :  0.011 0.029 0.470 0.013 0.457 0.020 
 59 24.0659.E1    (0)    3 :  0.007 0.046 0.020 0.025 0.641 0.261 
 60 24.0660.E1    (6)    3 :  0.011 0.074 0.035 0.031 0.816 0.033 
 61 24.0661.E1    (0)    3 :  0.038 0.015 0.013 0.009 0.027 0.899 
 62 24.0662.E1    (0)    3 :  0.024 0.149 0.055 0.178 0.257 0.338 
 63 24.0663.E1    (0)    3 :  0.007 0.008 0.922 0.011 0.016 0.036 
 64 24.0664.E1    (0)    3 :  0.040 0.016 0.049 0.017 0.327 0.551 
 65 24.0665.E1    (0)    3 :  0.213 0.014 0.026 0.013 0.358 0.376 
 66 24.0666.E1    (0)    3 :  0.008 0.015 0.015 0.010 0.936 0.016 
 67 24.0667.E1    (0)    3 :  0.007 0.014 0.009 0.010 0.945 0.014 
 68 24.0668.E1    (0)    3 :  0.007 0.008 0.010 0.010 0.954 0.010 
 69 24.0669.E1    (0)    3 :  0.008 0.009 0.015 0.010 0.949 0.010 
 70 24.0670.E1    (0)    3 :  0.010 0.017 0.015 0.008 0.780 0.170 
 71 24.0671.E1    (0)    3 :  0.028 0.025 0.124 0.042 0.414 0.366 
 72 24.0672.E1    (0)    3 :  0.009 0.059 0.043 0.010 0.862 0.017 
 73 24.0673.E1    (6)    4 :  0.487 0.205 0.025 0.032 0.030 0.220 
 74 24.0674.E1    (0)    4 :  0.488 0.373 0.061 0.036 0.022 0.020 
 75 24.0675.E1    (0)    4 :  0.120 0.095 0.641 0.058 0.030 0.055 
 76 24.0676.E1    (0)    4 :  0.024 0.016 0.914 0.012 0.018 0.015 
 77 24.0677.E1    (0)    4 :  0.022 0.083 0.057 0.008 0.572 0.258 
 78 24.0678.E1    (0)    4 :  0.023 0.378 0.018 0.117 0.410 0.054 
 79 24.0679.E1    (0)    4 :  0.026 0.207 0.037 0.019 0.659 0.051 
 80 24.0680.E1    (0)    4 :  0.018 0.057 0.017 0.022 0.869 0.017 
 81 24.0681.E1    (0)    4 :  0.057 0.584 0.045 0.027 0.255 0.031 
 82 24.0682.E1    (0)    4 :  0.128 0.289 0.534 0.022 0.021 0.006 
 83 24.0683.E1    (0)    4 :  0.601 0.319 0.022 0.010 0.022 0.026 
 84 24.0684.E1    (0)    4 :  0.350 0.469 0.060 0.055 0.051 0.015 
 85 24.0685.E1    (0)    4 :  0.079 0.620 0.083 0.024 0.183 0.011 
 86 24.0686.E1    (0)    4 :  0.020 0.140 0.030 0.322 0.464 0.023 
 87 24.0687.E1    (0)    4 :  0.048 0.111 0.084 0.557 0.167 0.032 
 88 24.0688.E1    (0)    4 :  0.121 0.401 0.398 0.025 0.043 0.012 
 89 24.0689.E1    (0)    4 :  0.078 0.115 0.580 0.031 0.123 0.074 
 90 24.0690.E1    (0)    4 :  0.035 0.025 0.013 0.060 0.846 0.022 
 91 24.0691.E1    (0)    4 :  0.035 0.524 0.389 0.021 0.023 0.008 
 92 24.0692.E1    (0)    4 :  0.071 0.049 0.618 0.012 0.235 0.015 
 93 24.0693.E1    (0)    4 :  0.576 0.030 0.279 0.014 0.066 0.036 
 94 24.0694.E1    (0)    4 :  0.061 0.637 0.213 0.013 0.060 0.016 
 95 24.0695.E1    (0)    4 :  0.014 0.749 0.194 0.010 0.021 0.011 
 96 24.0696.E1    (0)    4 :  0.018 0.730 0.139 0.019 0.079 0.015 
 97 24.0697.E1    (0)    5 :  0.254 0.018 0.130 0.022 0.531 0.045 
 98 24.0698.E1    (0)    5 :  0.185 0.039 0.040 0.026 0.656 0.054 
 99 24.0699.E1    (0)    5 :  0.018 0.042 0.011 0.028 0.811 0.091 
100 24.0700.E1    (0)    5 :  0.014 0.013 0.019 0.011 0.924 0.019 
101 24.0701.E1    (0)    5 :  0.044 0.013 0.015 0.016 0.896 0.016 
102 24.0702.E1    (0)    5 :  0.039 0.017 0.013 0.020 0.897 0.014 
103 24.0703.E1    (0)    5 :  0.013 0.021 0.016 0.168 0.735 0.047 
104 24.0704.E1    (6)    5 :  0.028 0.052 0.041 0.053 0.673 0.153 
105 24.0705.E1    (0)    5 :  0.017 0.366 0.023 0.019 0.564 0.012 
106 24.0706.E1    (0)    5 :  0.020 0.015 0.023 0.013 0.913 0.016 
107 24.0707.E1    (0)    5 :  0.057 0.114 0.028 0.105 0.664 0.033 
108 24.0708.E1    (0)    5 :  0.072 0.118 0.044 0.400 0.056 0.309 
109 24.0709.E1    (0)    5 :  0.015 0.021 0.913 0.016 0.024 0.012 
110 24.0710.E1    (0)    5 :  0.133 0.136 0.025 0.016 0.598 0.093 
111 24.0711.E1    (0)    5 :  0.026 0.116 0.023 0.058 0.756 0.022 
112 24.0712.E1    (0)    5 :  0.026 0.022 0.011 0.036 0.897 0.009 
113 24.0713.E1    (0)    5 :  0.033 0.021 0.500 0.019 0.411 0.016 
114 24.0714.E1    (0)    5 :  0.015 0.083 0.014 0.028 0.812 0.048 
115 24.0715.E1    (0)    5 :  0.640 0.063 0.069 0.012 0.160 0.056 
116 24.0716.E1    (0)    5 :  0.024 0.076 0.037 0.065 0.761 0.037 
117 24.0717.E1    (0)    5 :  0.291 0.026 0.051 0.099 0.364 0.170 
118 24.0718.E1    (0)    5 :  0.024 0.079 0.038 0.068 0.778 0.013 
119 24.0719.E1    (0)    5 :  0.030 0.030 0.688 0.061 0.177 0.013 
120 24.0720.E1    (0)    5 :  0.015 0.060 0.546 0.038 0.300 0.041 
121 24.0721.E1    (0)    6 :  0.587 0.031 0.054 0.039 0.199 0.090 
122 24.0722.E1    (0)    6 :  0.555 0.072 0.032 0.210 0.111 0.020 
123 24.0723.E1    (0)    6 :  0.252 0.056 0.018 0.357 0.029 0.288 
124 24.0724.E1    (0)    6 :  0.306 0.414 0.042 0.058 0.041 0.139 
125 24.0725.E1    (0)    6 :  0.011 0.911 0.012 0.014 0.018 0.035 
126 24.0726.E1    (6)    6 :  0.095 0.841 0.013 0.014 0.023 0.014 
127 24.0727.E1    (0)    6 :  0.490 0.290 0.016 0.026 0.089 0.090 
128 24.0728.E1    (0)    6 :  0.280 0.465 0.034 0.078 0.080 0.063 
129 24.0729.E1    (0)    6 :  0.048 0.735 0.156 0.019 0.033 0.009 
130 24.0730.E1    (0)    6 :  0.105 0.252 0.056 0.018 0.509 0.059 
131 24.0731.E1    (0)    6 :  0.041 0.896 0.016 0.012 0.013 0.021 
132 24.0732.E1    (0)    6 :  0.828 0.105 0.014 0.014 0.021 0.018 
133 24.0733.E1    (0)    6 :  0.029 0.938 0.010 0.008 0.008 0.007 
134 24.0734.E1    (0)    6 :  0.822 0.053 0.013 0.027 0.068 0.017 
135 24.0735.E1    (0)    6 :  0.270 0.552 0.024 0.065 0.055 0.033 
136 24.0736.E1    (0)    6 :  0.092 0.857 0.011 0.014 0.014 0.012 
137 24.0737.E1    (0)    6 :  0.012 0.849 0.014 0.084 0.021 0.019 
138 24.0738.E1    (0)    6 :  0.057 0.876 0.011 0.016 0.024 0.018 
139 24.0739.E1    (0)    6 :  0.010 0.920 0.013 0.021 0.020 0.016 
140 24.0740.E1    (0)    6 :  0.016 0.778 0.164 0.016 0.016 0.010 
141 24.0741.E1    (0)    6 :  0.387 0.531 0.020 0.020 0.024 0.018 
142 24.0742.E1    (0)    6 :  0.619 0.318 0.011 0.018 0.020 0.014 
143 24.0743.E1    (0)    6 :  0.151 0.681 0.104 0.008 0.023 0.034 
144 24.0744.E1    (0)    6 :  0.209 0.297 0.180 0.016 0.276 0.021 
145 24.0745.E1    (0)    7 :  0.909 0.011 0.019 0.008 0.035 0.018 
146 24.0746.E1    (0)    7 :  0.646 0.086 0.051 0.156 0.039 0.022 
147 24.0747.E1    (0)    7 :  0.682 0.038 0.244 0.010 0.017 0.009 
148 24.0748.E1    (6)    7 :  0.616 0.049 0.293 0.011 0.019 0.012 
149 24.0749.E1    (0)    7 :  0.702 0.245 0.010 0.013 0.019 0.011 
150 24.0750.E1    (0)    7 :  0.293 0.413 0.044 0.020 0.209 0.021 
151 24.0751.E1    (0)    7 :  0.948 0.015 0.007 0.011 0.009 0.010 
152 24.0752.E1    (0)    7 :  0.898 0.054 0.011 0.009 0.013 0.015 
153 24.0753.E1    (0)    7 :  0.569 0.238 0.011 0.154 0.013 0.014 
154 24.0754.E1    (0)    7 :  0.917 0.034 0.011 0.017 0.012 0.009 
155 24.0755.E1    (0)    7 :  0.702 0.020 0.234 0.016 0.018 0.009 
156 24.0756.E1    (0)    7 :  0.913 0.026 0.009 0.013 0.009 0.031 
157 24.0757.E1    (0)    7 :  0.968 0.007 0.006 0.007 0.007 0.005 
158 24.0758.E1    (0)    7 :  0.966 0.007 0.006 0.008 0.007 0.006 
159 24.0759.E1    (0)    7 :  0.925 0.027 0.009 0.009 0.016 0.014 
160 24.0760.E1    (0)    7 :  0.654 0.021 0.014 0.263 0.035 0.013 
161 24.0761.E1    (0)    7 :  0.953 0.009 0.008 0.014 0.007 0.007 
162 24.0762.E1    (0)    7 :  0.091 0.229 0.026 0.014 0.596 0.044 
163 24.0763.E1    (0)    7 :  0.955 0.014 0.009 0.007 0.007 0.008 
164 24.0764.E1    (0)    7 :  0.945 0.018 0.008 0.011 0.011 0.008 
165 24.0765.E1    (0)    7 :  0.911 0.016 0.013 0.031 0.012 0.017 
166 24.0766.E1    (0)    7 :  0.949 0.014 0.009 0.010 0.010 0.009 
167 24.0767.E1    (0)    7 :  0.961 0.010 0.007 0.007 0.007 0.008 
168 24.0768.E1    (0)    7 :  0.126 0.733 0.051 0.009 0.038 0.042 
169 24.0779.E1    (0)    8 :  0.160 0.125 0.086 0.032 0.444 0.153 
170 24.0780.E1    (6)    8 :  0.008 0.014 0.387 0.011 0.483 0.097 
171 24.0781.E1    (0)    8 :  0.011 0.009 0.024 0.010 0.924 0.022 
172 24.0782.E1    (0)    8 :  0.046 0.661 0.028 0.140 0.080 0.045 
173 24.0783.E1    (0)    8 :  0.010 0.019 0.029 0.018 0.847 0.078 
174 24.0784.E1    (0)    8 :  0.008 0.039 0.270 0.021 0.575 0.087 
175 24.0785.E1    (0)    8 :  0.008 0.013 0.174 0.008 0.509 0.287 
176 24.0786.E1    (0)    8 :  0.025 0.081 0.543 0.017 0.301 0.033 
177 24.0787.E1    (0)    8 :  0.030 0.038 0.066 0.119 0.624 0.123 
178 24.0788.E1    (0)    8 :  0.016 0.013 0.619 0.037 0.209 0.105 
179 24.0789.E1    (0)    8 :  0.020 0.112 0.256 0.081 0.422 0.108 
180 24.0790.E1    (0)    8 :  0.009 0.009 0.258 0.019 0.580 0.125 
181 24.0791.E1    (0)    8 :  0.013 0.120 0.016 0.008 0.811 0.031 
182 24.0792.E1    (0)    8 :  0.058 0.077 0.028 0.008 0.452 0.378 
183 24.0793.E1    (0)    9 :  0.011 0.027 0.044 0.339 0.060 0.518 
184 24.0794.E1    (0)    9 :  0.015 0.368 0.016 0.013 0.018 0.569 
185 24.0795.E1    (0)    9 :  0.023 0.408 0.030 0.340 0.024 0.176 
186 24.0796.E1    (0)    9 :  0.011 0.041 0.115 0.015 0.049 0.769 
187 24.0797.E1    (0)    9 :  0.007 0.022 0.030 0.079 0.050 0.812 
188 24.0798.E1    (0)    9 :  0.054 0.023 0.106 0.193 0.424 0.201 
189 24.0799.E1    (0)    9 :  0.014 0.031 0.489 0.031 0.116 0.319 
190 24.0800.E1    (0)    9 :  0.012 0.024 0.877 0.009 0.024 0.055 
191 24.0801.E1    (0)    9 :  0.014 0.017 0.176 0.016 0.474 0.302 
192 24.0802.E1    (0)    9 :  0.010 0.028 0.047 0.523 0.055 0.338 
193 24.0803.E1    (0)    9 :  0.014 0.035 0.031 0.121 0.171 0.628 
194 24.0804.E1    (0)    9 :  0.007 0.021 0.450 0.291 0.016 0.215 
195 24.0805.E1    (0)    9 :  0.018 0.025 0.908 0.013 0.020 0.017 
196 24.0806.E1    (0)    9 :  0.018 0.029 0.088 0.628 0.020 0.217 
197 24.0807.E1    (0)    9 :  0.007 0.012 0.014 0.286 0.017 0.664 
198 24.0808.E1    (0)    9 :  0.013 0.030 0.800 0.023 0.053 0.081 
199 24.0809.E1    (0)    9 :  0.025 0.030 0.906 0.008 0.017 0.014 
200 24.0810.E1    (0)    9 :  0.028 0.030 0.130 0.064 0.087 0.662 
201 24.0811.E1    (0)    9 :  0.010 0.067 0.039 0.227 0.025 0.633 
202 24.0812.E1    (0)    9 :  0.010 0.053 0.815 0.012 0.053 0.056 
203 24.0813.E1    (0)    9 :  0.013 0.016 0.628 0.245 0.054 0.044 
204 24.0814.E1    (6)    9 :  0.008 0.011 0.875 0.039 0.013 0.053 
205 24.0815.E1    (0)    9 :  0.012 0.008 0.636 0.304 0.019 0.020 
206 24.0816.E1    (0)    9 :  0.008 0.011 0.018 0.362 0.049 0.552 
207 24.0817.E1    (0)   10 :  0.010 0.040 0.643 0.014 0.029 0.265 
208 24.0818.E1    (0)   10 :  0.016 0.039 0.035 0.017 0.105 0.787 
209 24.0819.E1    (0)   10 :  0.117 0.021 0.019 0.025 0.128 0.689 
210 24.0820.E1    (0)   10 :  0.222 0.010 0.025 0.013 0.011 0.719 
211 24.0821.E1    (0)   10 :  0.011 0.019 0.051 0.012 0.304 0.602 
212 24.0822.E1    (0)   10 :  0.030 0.012 0.786 0.007 0.027 0.139 
213 24.0823.E1    (0)   10 :  0.064 0.014 0.306 0.013 0.013 0.591 
214 24.0824.E1    (0)   10 :  0.019 0.022 0.575 0.012 0.326 0.046 
215 24.0825.E1    (0)   10 :  0.009 0.008 0.953 0.009 0.009 0.013 
216 24.0826.E1    (0)   10 :  0.087 0.009 0.011 0.012 0.014 0.867 
217 24.0827.E1    (0)   10 :  0.007 0.040 0.019 0.017 0.017 0.901 
218 24.0828.E1    (0)   10 :  0.038 0.011 0.035 0.013 0.032 0.870 
219 24.0829.E1    (0)   10 :  0.016 0.012 0.399 0.010 0.011 0.553 
220 24.0830.E1    (0)   10 :  0.008 0.015 0.021 0.010 0.161 0.785 
221 24.0831.E1    (0)   10 :  0.008 0.011 0.042 0.012 0.411 0.517 
222 24.0832.E1    (0)   10 :  0.007 0.017 0.890 0.006 0.011 0.070 
223 24.0833.E1    (0)   10 :  0.007 0.008 0.943 0.007 0.009 0.025 
224 24.0834.E1    (0)   10 :  0.011 0.024 0.775 0.013 0.020 0.158 
225 24.0835.E1    (0)   10 :  0.007 0.032 0.842 0.012 0.021 0.085 
226 24.0836.E1    (0)   10 :  0.017 0.022 0.904 0.009 0.026 0.022 
227 24.0837.E1    (0)   10 :  0.012 0.015 0.722 0.008 0.023 0.220 
228 24.0838.E1    (0)   10 :  0.017 0.010 0.885 0.008 0.023 0.058 
229 24.0839.E1    (0)   10 :  0.034 0.068 0.019 0.031 0.088 0.760 
230 24.0840.E1    (0)   10 :  0.007 0.015 0.035 0.042 0.012 0.888 
231 24.0841.E1    (0)   11 :  0.017 0.014 0.010 0.007 0.013 0.939 
232 24.0842.E1    (0)   11 :  0.018 0.024 0.032 0.007 0.189 0.730 
233 24.0843.E1    (0)   11 :  0.029 0.010 0.042 0.012 0.213 0.693 
234 24.0844.E1    (0)   11 :  0.012 0.042 0.087 0.009 0.508 0.342 
235 24.0845.E1    (0)   11 :  0.014 0.017 0.233 0.010 0.182 0.544 
236 24.0846.E1    (0)   11 :  0.011 0.027 0.828 0.012 0.052 0.069 
237 24.0847.E1    (0)   11 :  0.022 0.031 0.882 0.014 0.022 0.029 
238 24.0848.E1    (0)   11 :  0.007 0.025 0.829 0.007 0.081 0.051 
239 24.0849.E1    (0)   11 :  0.010 0.011 0.019 0.007 0.011 0.941 
240 24.0850.E1    (0)   11 :  0.010 0.011 0.020 0.007 0.011 0.941 
241 24.0851.E1    (0)   11 :  0.010 0.011 0.019 0.007 0.012 0.941 
242 24.0852.E1    (0)   11 :  0.021 0.011 0.017 0.008 0.028 0.915 
243 24.0853.E1    (0)   11 :  0.023 0.009 0.349 0.010 0.010 0.598 
244 24.0854.E1    (0)   11 :  0.012 0.017 0.018 0.010 0.508 0.434 
245 24.0855.E1    (0)   11 :  0.029 0.015 0.595 0.009 0.017 0.335 
246 24.0856.E1    (0)   11 :  0.056 0.090 0.039 0.302 0.412 0.101 
247 24.0857.E1    (0)   11 :  0.012 0.024 0.899 0.012 0.018 0.035 
248 24.0858.E1    (0)   11 :  0.021 0.022 0.687 0.009 0.066 0.195 
249 24.0859.E1    (0)   11 :  0.048 0.015 0.021 0.013 0.015 0.887 
250 24.0860.E1    (0)   11 :  0.044 0.030 0.028 0.056 0.163 0.679 
251 24.0861.E1    (0)   11 :  0.011 0.009 0.013 0.007 0.010 0.950 
252 24.0862.E1    (0)   11 :  0.013 0.052 0.340 0.308 0.033 0.255 
253 24.0863.E1    (0)   11 :  0.011 0.009 0.013 0.007 0.010 0.950 
254 24.0864.E1    (0)   11 :  0.010 0.531 0.357 0.011 0.026 0.065 
255 24.0865.E1    (0)   12 :  0.307 0.041 0.143 0.023 0.027 0.460 
256 24.0866.E1    (0)   12 :  0.029 0.030 0.851 0.009 0.057 0.023 
257 24.0867.E1    (0)   12 :  0.309 0.021 0.585 0.026 0.022 0.036 
258 24.0868.E1    (0)   12 :  0.042 0.024 0.784 0.026 0.109 0.015 
259 24.0869.E1    (0)   12 :  0.017 0.020 0.830 0.044 0.076 0.013 
260 24.0870.E1    (0)   12 :  0.031 0.106 0.502 0.224 0.122 0.016 
261 24.0871.E1    (0)   12 :  0.013 0.476 0.018 0.063 0.252 0.178 
262 24.0872.E1    (0)   12 :  0.342 0.035 0.085 0.014 0.410 0.114 
263 24.0873.E1    (0)   12 :  0.065 0.044 0.807 0.024 0.039 0.021 
264 24.0874.E1    (0)   12 :  0.317 0.012 0.613 0.010 0.018 0.031 
265 24.0875.E1    (0)   12 :  0.022 0.082 0.033 0.013 0.826 0.025 
266 24.0876.E1    (0)   12 :  0.041 0.383 0.021 0.015 0.526 0.015 
267 24.0877.E1    (0)   12 :  0.069 0.870 0.013 0.011 0.026 0.012 
268 24.0878.E1    (0)   12 :  0.017 0.710 0.229 0.012 0.018 0.013 
269 24.0879.E1    (0)   12 :  0.010 0.758 0.014 0.016 0.189 0.013 
270 24.0880.E1    (0)   12 :  0.015 0.027 0.872 0.016 0.053 0.017 
271 24.0881.E1    (0)   12 :  0.022 0.935 0.008 0.012 0.011 0.012 
272 24.0882.E1    (0)   12 :  0.718 0.219 0.015 0.011 0.021 0.016 
273 24.0883.E1    (0)   12 :  0.319 0.439 0.016 0.013 0.184 0.029 
274 24.0884.E1    (0)   12 :  0.056 0.882 0.009 0.013 0.022 0.018 
275 24.0885.E1    (0)   12 :  0.014 0.807 0.084 0.018 0.067 0.010 
276 24.0886.E1    (0)   12 :  0.222 0.679 0.018 0.007 0.046 0.027 
277 24.0887.E1    (0)   12 :  0.734 0.102 0.011 0.015 0.127 0.011 
278 24.0888.E1    (0)   12 :  0.013 0.051 0.302 0.019 0.599 0.016 


Estimated Allele Frequencies in each cluster
First column gives estimated ancestral frequencies


Locus 1 : 
31 alleles
0.0% missing data
 115   (0.033) 0.035 0.157 0.010 0.004 0.013 0.006 
 117   (0.040) 0.183 0.179 0.022 0.004 0.011 0.004 
 119   (0.043) 0.273 0.219 0.005 0.207 0.007 0.004 
 131   (0.015) 0.003 0.040 0.001 0.001 0.002 0.002 
 128   (0.036) 0.004 0.043 0.014 0.003 0.043 0.010 
 135   (0.019) 0.006 0.044 0.003 0.002 0.004 0.003 
 126   (0.081) 0.072 0.072 0.176 0.019 0.058 0.092 
 122   (0.033) 0.002 0.013 0.003 0.166 0.028 0.017 
 132   (0.032) 0.013 0.007 0.035 0.005 0.022 0.016 
 141   (0.013) 0.001 0.007 0.001 0.003 0.002 0.001 
 130   (0.052) 0.030 0.014 0.044 0.019 0.076 0.044 
 134   (0.037) 0.003 0.005 0.025 0.119 0.018 0.046 
 145   (0.023) 0.014 0.003 0.002 0.008 0.005 0.051 
 127   (0.027) 0.152 0.022 0.003 0.020 0.006 0.002 
 116   (0.103) 0.027 0.035 0.176 0.184 0.190 0.224 
 114   (0.052) 0.006 0.007 0.101 0.090 0.035 0.145 
 120   (0.034) 0.004 0.009 0.005 0.074 0.084 0.005 
 110   (0.052) 0.026 0.027 0.057 0.030 0.048 0.020 
 133   (0.017) 0.012 0.004 0.001 0.008 0.004 0.003 
 118   (0.089) 0.030 0.019 0.223 0.014 0.288 0.270 
 125   (0.015) 0.001 0.003 0.006 0.003 0.004 0.008 
 129   (0.023) 0.007 0.037 0.002 0.002 0.012 0.002 
 124   (0.018) 0.002 0.007 0.002 0.002 0.017 0.004 
 136   (0.021) 0.002 0.006 0.061 0.003 0.004 0.008 
 121   (0.016) 0.056 0.006 0.001 0.001 0.002 0.001 
 139   (0.011) 0.001 0.009 0.001 0.001 0.002 0.001 
 113   (0.013) 0.012 0.002 0.001 0.001 0.002 0.001 
 111   (0.012) 0.011 0.002 0.001 0.001 0.002 0.001 
 143   (0.012) 0.012 0.001 0.001 0.001 0.002 0.001 
 140   (0.016) 0.001 0.002 0.011 0.004 0.007 0.002 
 112   (0.012) 0.001 0.001 0.007 0.001 0.002 0.003 

Locus 2 : 
18 alleles
0.0% missing data
 152   (0.363) 0.746 0.587 0.364 0.432 0.380 0.322 
 148   (0.066) 0.054 0.181 0.014 0.182 0.037 0.006 
 154   (0.108) 0.052 0.056 0.201 0.248 0.092 0.050 
 156   (0.018) 0.001 0.011 0.003 0.004 0.005 0.004 
 150   (0.027) 0.040 0.006 0.002 0.049 0.005 0.002 
 164   (0.077) 0.015 0.080 0.031 0.020 0.080 0.107 
 158   (0.041) 0.011 0.016 0.007 0.021 0.049 0.010 
 160   (0.018) 0.026 0.003 0.003 0.002 0.006 0.002 
 166   (0.023) 0.002 0.005 0.006 0.014 0.021 0.005 
 151   (0.073) 0.005 0.009 0.189 0.006 0.163 0.318 
 147   (0.057) 0.005 0.007 0.167 0.007 0.090 0.117 
 168   (0.023) 0.002 0.005 0.002 0.002 0.016 0.021 
 153   (0.016) 0.002 0.002 0.002 0.002 0.008 0.011 
 149   (0.027) 0.011 0.008 0.004 0.002 0.022 0.002 
 162   (0.019) 0.003 0.004 0.002 0.005 0.006 0.021 
 167   (0.014) 0.001 0.018 0.001 0.001 0.002 0.001 
 146   (0.014) 0.024 0.001 0.001 0.001 0.002 0.001 
 172   (0.016) 0.001 0.002 0.002 0.001 0.016 0.002 

Locus 3 : 
4 alleles
0.0% missing data
 128   (0.295) 0.406 0.235 0.375 0.264 0.247 0.321 
 126   (0.603) 0.586 0.695 0.589 0.678 0.676 0.569 
 132   (0.085) 0.007 0.067 0.034 0.052 0.061 0.109 
 134   (0.017) 0.001 0.002 0.001 0.006 0.016 0.001 

Locus 4 : 
3 alleles
0.0% missing data
 170   (0.328) 0.263 0.277 0.311 0.409 0.338 0.280 
 172   (0.658) 0.733 0.721 0.685 0.585 0.660 0.719 
 171   (0.015) 0.004 0.002 0.004 0.005 0.002 0.001 

Locus 5 : 
37 alleles
0.0% missing data
 125   (0.057) 0.034 0.054 0.061 0.057 0.059 0.067 
 110   (0.035) 0.011 0.031 0.014 0.028 0.016 0.087 
 129   (0.037) 0.003 0.048 0.010 0.004 0.067 0.047 
 113   (0.036) 0.003 0.014 0.039 0.015 0.070 0.043 
 145   (0.055) 0.106 0.209 0.029 0.005 0.053 0.041 
 155   (0.050) 0.014 0.131 0.026 0.193 0.033 0.031 
 117   (0.033) 0.051 0.039 0.037 0.009 0.016 0.006 
 124   (0.012) 0.001 0.018 0.001 0.001 0.002 0.001 
 133   (0.034) 0.075 0.037 0.011 0.003 0.046 0.006 
 157   (0.043) 0.030 0.007 0.044 0.019 0.158 0.026 
 141   (0.016) 0.001 0.005 0.006 0.002 0.026 0.002 
 112   (0.064) 0.147 0.068 0.131 0.168 0.023 0.113 
 121   (0.023) 0.003 0.004 0.023 0.019 0.010 0.023 
 114   (0.032) 0.164 0.062 0.100 0.006 0.006 0.003 
 153   (0.050) 0.004 0.058 0.104 0.009 0.097 0.091 
 127   (0.065) 0.099 0.065 0.146 0.025 0.055 0.122 
 131   (0.060) 0.159 0.045 0.067 0.196 0.046 0.048 
 135   (0.031) 0.003 0.008 0.043 0.004 0.045 0.036 
 104   (0.011) 0.003 0.001 0.004 0.005 0.002 0.001 
 118   (0.018) 0.002 0.017 0.002 0.012 0.012 0.002 
 116   (0.026) 0.004 0.015 0.003 0.047 0.026 0.016 
 137   (0.018) 0.004 0.005 0.002 0.143 0.011 0.003 
 123   (0.020) 0.002 0.008 0.005 0.003 0.009 0.078 
 149   (0.010) 0.001 0.004 0.002 0.001 0.002 0.005 
 138   (0.014) 0.001 0.002 0.002 0.002 0.022 0.021 
 143   (0.028) 0.060 0.003 0.022 0.003 0.022 0.025 
 163   (0.011) 0.001 0.002 0.002 0.009 0.003 0.001 
 109   (0.011) 0.002 0.010 0.007 0.001 0.002 0.001 
 139   (0.010) 0.001 0.001 0.001 0.001 0.009 0.001 
 106   (0.011) 0.001 0.002 0.001 0.002 0.007 0.001 
 144   (0.012) 0.001 0.001 0.036 0.001 0.003 0.001 
 122   (0.011) 0.005 0.014 0.001 0.001 0.002 0.001 
 100   (0.015) 0.001 0.003 0.002 0.002 0.010 0.035 
 111   (0.015) 0.001 0.002 0.008 0.001 0.014 0.006 
 233   (0.010) 0.001 0.001 0.001 0.001 0.004 0.006 
 134   (0.010) 0.001 0.001 0.001 0.001 0.005 0.005 
 140   (0.010) 0.001 0.001 0.008 0.001 0.003 0.001 

Locus 6 : 
17 alleles
0.0% missing data
 221   (0.029) 0.071 0.103 0.002 0.003 0.004 0.003 
 232   (0.239) 0.454 0.179 0.217 0.146 0.291 0.557 
 229   (0.058) 0.043 0.097 0.011 0.040 0.015 0.071 
 223   (0.063) 0.010 0.089 0.063 0.008 0.070 0.016 
 230   (0.151) 0.290 0.108 0.227 0.168 0.192 0.049 
 235   (0.017) 0.001 0.052 0.001 0.002 0.002 0.001 
 236   (0.044) 0.007 0.069 0.005 0.037 0.024 0.016 
 227   (0.024) 0.003 0.051 0.003 0.002 0.010 0.002 
 220   (0.051) 0.004 0.010 0.066 0.161 0.017 0.097 
 222   (0.038) 0.002 0.005 0.081 0.272 0.018 0.008 
 234   (0.128) 0.076 0.126 0.253 0.132 0.143 0.029 
 224   (0.032) 0.002 0.004 0.046 0.004 0.057 0.005 
 228   (0.052) 0.004 0.013 0.017 0.006 0.139 0.092 
 225   (0.012) 0.001 0.005 0.001 0.006 0.002 0.002 
 226   (0.020) 0.001 0.004 0.002 0.010 0.003 0.049 
 233   (0.027) 0.031 0.052 0.003 0.002 0.008 0.002 
 231   (0.016) 0.001 0.034 0.002 0.001 0.003 0.001 

Locus 7 : 
10 alleles
0.0% missing data
 121   (0.665) 0.743 0.858 0.879 0.802 0.749 0.685 
 129   (0.093) 0.094 0.083 0.038 0.011 0.064 0.146 
 130   (0.018) 0.003 0.003 0.002 0.005 0.005 0.012 
 123   (0.100) 0.092 0.024 0.034 0.124 0.119 0.138 
 128   (0.023) 0.022 0.004 0.002 0.026 0.007 0.002 
 131   (0.016) 0.002 0.002 0.001 0.022 0.005 0.003 
 117   (0.014) 0.001 0.002 0.002 0.001 0.008 0.001 
 125   (0.016) 0.001 0.002 0.001 0.001 0.018 0.001 
 134   (0.040) 0.023 0.021 0.036 0.007 0.023 0.011 
 132   (0.015) 0.019 0.002 0.005 0.001 0.002 0.001 

Locus 8 : 
19 alleles
0.0% missing data
 184   (0.281) 0.369 0.488 0.306 0.457 0.410 0.421 
 194   (0.051) 0.034 0.035 0.021 0.032 0.043 0.016 
 178   (0.095) 0.068 0.174 0.216 0.174 0.041 0.060 
 176   (0.078) 0.198 0.057 0.059 0.010 0.080 0.079 
 182   (0.079) 0.179 0.044 0.105 0.034 0.081 0.044 
 190   (0.032) 0.039 0.006 0.026 0.056 0.007 0.005 
 196   (0.024) 0.001 0.007 0.012 0.002 0.006 0.049 
 200   (0.027) 0.009 0.012 0.002 0.006 0.042 0.003 
 180   (0.029) 0.002 0.008 0.002 0.062 0.030 0.006 
 188   (0.036) 0.004 0.023 0.062 0.005 0.007 0.046 
 174   (0.044) 0.035 0.035 0.022 0.017 0.041 0.005 
 186   (0.118) 0.051 0.093 0.117 0.116 0.167 0.211 
 192   (0.030) 0.004 0.008 0.028 0.012 0.010 0.031 
 201   (0.012) 0.001 0.001 0.001 0.007 0.005 0.001 
 199   (0.019) 0.001 0.002 0.002 0.006 0.018 0.008 
 185   (0.012) 0.001 0.001 0.001 0.001 0.002 0.009 
 203   (0.012) 0.001 0.001 0.009 0.001 0.002 0.001 
 198   (0.012) 0.001 0.002 0.008 0.001 0.002 0.002 
 209   (0.012) 0.001 0.002 0.001 0.001 0.007 0.004 

Locus 9 : 
6 alleles
0.4% missing data
 154   (0.689) 0.655 0.704 0.730 0.772 0.715 0.889 
 156   (0.201) 0.328 0.184 0.186 0.216 0.245 0.041 
 152   (0.055) 0.008 0.061 0.078 0.005 0.012 0.055 
 153   (0.016) 0.001 0.003 0.002 0.004 0.006 0.011 
 160   (0.016) 0.001 0.002 0.001 0.001 0.016 0.003 
 164   (0.023) 0.006 0.046 0.003 0.002 0.005 0.002 

Locus 10 : 
29 alleles
0.7% missing data
 305   (0.059) 0.009 0.083 0.009 0.292 0.041 0.032 
 313   (0.051) 0.005 0.113 0.011 0.011 0.046 0.023 
 311   (0.017) 0.002 0.013 0.001 0.001 0.007 0.002 
 299   (0.127) 0.041 0.220 0.085 0.032 0.121 0.208 
 315   (0.079) 0.085 0.071 0.008 0.059 0.119 0.021 
 287   (0.045) 0.008 0.020 0.005 0.006 0.241 0.025 
 291   (0.044) 0.006 0.079 0.624 0.009 0.010 0.006 
 295   (0.024) 0.002 0.149 0.002 0.003 0.006 0.004 
 289   (0.024) 0.002 0.005 0.005 0.004 0.022 0.063 
 303   (0.038) 0.503 0.007 0.004 0.011 0.008 0.276 
 297   (0.039) 0.116 0.037 0.005 0.004 0.008 0.098 
 293   (0.025) 0.002 0.034 0.002 0.003 0.041 0.008 
 301   (0.064) 0.010 0.072 0.028 0.113 0.035 0.032 
 285   (0.021) 0.002 0.002 0.002 0.356 0.005 0.011 
 307   (0.052) 0.189 0.018 0.071 0.017 0.035 0.010 
 312   (0.062) 0.005 0.014 0.032 0.045 0.115 0.046 
 306   (0.026) 0.002 0.007 0.040 0.003 0.025 0.004 
 320   (0.015) 0.001 0.002 0.002 0.001 0.016 0.002 
 317   (0.021) 0.001 0.010 0.002 0.002 0.004 0.063 
 314   (0.025) 0.002 0.026 0.003 0.002 0.020 0.002 
 323   (0.013) 0.001 0.002 0.001 0.001 0.009 0.001 
 325   (0.013) 0.001 0.002 0.001 0.001 0.009 0.001 
 310   (0.021) 0.001 0.003 0.002 0.002 0.024 0.014 
 309   (0.015) 0.001 0.002 0.013 0.003 0.005 0.001 
 316   (0.020) 0.001 0.003 0.004 0.002 0.014 0.012 
 296   (0.014) 0.001 0.002 0.001 0.001 0.006 0.004 
 304   (0.018) 0.001 0.002 0.002 0.015 0.004 0.030 
 321   (0.014) 0.001 0.002 0.017 0.002 0.002 0.001 
 332   (0.014) 0.001 0.002 0.018 0.001 0.002 0.001 

Locus 11 : 
19 alleles
0.0% missing data
 114   (0.137) 0.209 0.256 0.069 0.286 0.135 0.017 
 126   (0.021) 0.003 0.048 0.002 0.007 0.003 0.002 
 111   (0.103) 0.007 0.142 0.375 0.036 0.033 0.490 
 116   (0.099) 0.239 0.140 0.032 0.037 0.102 0.018 
 132   (0.014) 0.001 0.009 0.001 0.001 0.002 0.001 
 109   (0.017) 0.001 0.034 0.003 0.001 0.003 0.001 
 128   (0.016) 0.001 0.005 0.014 0.002 0.004 0.001 
 112   (0.327) 0.503 0.284 0.226 0.579 0.549 0.109 
 122   (0.018) 0.010 0.002 0.005 0.005 0.006 0.002 
 124   (0.014) 0.002 0.002 0.001 0.014 0.002 0.001 
 118   (0.049) 0.011 0.023 0.076 0.010 0.044 0.007 
 127   (0.014) 0.001 0.002 0.002 0.001 0.008 0.001 
 113   (0.043) 0.003 0.006 0.104 0.007 0.018 0.315 
 115   (0.039) 0.004 0.028 0.012 0.005 0.052 0.004 
 120   (0.018) 0.001 0.003 0.054 0.002 0.003 0.002 
 117   (0.021) 0.002 0.004 0.002 0.003 0.009 0.018 
 125   (0.019) 0.001 0.003 0.003 0.002 0.020 0.006 
 119   (0.015) 0.001 0.002 0.018 0.002 0.003 0.001 
 136   (0.014) 0.001 0.008 0.001 0.001 0.004 0.001 

Locus 12 : 
28 alleles
0.7% missing data
 306   (0.057) 0.008 0.079 0.006 0.308 0.025 0.049 
 314   (0.064) 0.007 0.101 0.029 0.007 0.043 0.060 
 312   (0.015) 0.001 0.019 0.001 0.001 0.002 0.001 
 300   (0.136) 0.042 0.233 0.085 0.032 0.121 0.209 
 316   (0.050) 0.082 0.060 0.004 0.048 0.011 0.019 
 288   (0.047) 0.008 0.019 0.005 0.007 0.232 0.026 
 292   (0.045) 0.006 0.080 0.626 0.009 0.010 0.006 
 296   (0.030) 0.002 0.153 0.003 0.003 0.011 0.007 
 290   (0.025) 0.002 0.005 0.005 0.004 0.022 0.063 
 304   (0.040) 0.508 0.007 0.004 0.011 0.008 0.278 
 298   (0.041) 0.117 0.038 0.005 0.004 0.009 0.099 
 294   (0.026) 0.002 0.034 0.002 0.003 0.041 0.008 
 302   (0.066) 0.010 0.073 0.028 0.111 0.035 0.032 
 286   (0.021) 0.002 0.002 0.002 0.364 0.005 0.012 
 308   (0.032) 0.179 0.009 0.003 0.014 0.025 0.003 
 313   (0.047) 0.004 0.013 0.012 0.048 0.123 0.007 
 307   (0.040) 0.005 0.015 0.118 0.003 0.031 0.010 
 321   (0.017) 0.001 0.002 0.002 0.001 0.016 0.002 
 315   (0.046) 0.004 0.036 0.006 0.006 0.125 0.011 
 318   (0.018) 0.001 0.002 0.001 0.001 0.003 0.062 
 324   (0.015) 0.001 0.002 0.001 0.001 0.009 0.001 
 326   (0.015) 0.001 0.002 0.001 0.001 0.009 0.001 
 311   (0.024) 0.002 0.005 0.002 0.002 0.043 0.019 
 310   (0.016) 0.001 0.002 0.013 0.003 0.005 0.001 
 305   (0.019) 0.002 0.004 0.005 0.002 0.017 0.005 
 317   (0.016) 0.001 0.002 0.003 0.002 0.013 0.004 
 320   (0.014) 0.001 0.002 0.009 0.001 0.002 0.001 
 322   (0.015) 0.001 0.002 0.017 0.002 0.002 0.001 

Locus 13 : 
7 alleles
1.1% missing data
 161   (0.575) 0.895 0.689 0.661 0.123 0.521 0.372 
 163   (0.309) 0.034 0.233 0.324 0.076 0.458 0.529 
 160   (0.020) 0.002 0.003 0.002 0.394 0.004 0.002 
 162   (0.018) 0.001 0.002 0.001 0.398 0.003 0.001 
 165   (0.044) 0.005 0.066 0.009 0.006 0.007 0.093 
 166   (0.016) 0.003 0.005 0.002 0.002 0.004 0.001 
 164   (0.017) 0.060 0.002 0.001 0.001 0.002 0.001 

Locus 14 : 
4 alleles
0.4% missing data
  98   (0.951) 0.985 0.986 0.996 0.996 0.985 0.990 
 100   (0.015) 0.002 0.002 0.001 0.001 0.006 0.004 
  96   (0.019) 0.012 0.010 0.002 0.002 0.003 0.002 
 105   (0.015) 0.001 0.002 0.001 0.001 0.006 0.004 

Locus 15 : 
12 alleles
2.2% missing data
 171   (0.298) 0.193 0.373 0.357 0.183 0.370 0.296 
 177   (0.182) 0.072 0.199 0.160 0.308 0.215 0.111 
 173   (0.260) 0.087 0.307 0.386 0.189 0.251 0.499 
 179   (0.099) 0.512 0.055 0.011 0.286 0.089 0.064 
 183   (0.022) 0.009 0.020 0.002 0.003 0.006 0.008 
 181   (0.037) 0.099 0.006 0.044 0.005 0.016 0.011 
 197   (0.023) 0.021 0.013 0.017 0.002 0.005 0.002 
 170   (0.015) 0.001 0.002 0.001 0.001 0.018 0.001 
 189   (0.016) 0.001 0.003 0.002 0.019 0.007 0.001 
 203   (0.018) 0.003 0.017 0.008 0.002 0.004 0.001 
 187   (0.017) 0.001 0.002 0.002 0.001 0.016 0.003 
 198   (0.013) 0.001 0.002 0.009 0.001 0.002 0.001 

Values of parameters used in structure:
DATAFILE=STRUCTURE_main_final_278_HEG_ZG.str,	OUTFILE=STRUCTURE_main_final_278_HEG_ZG-K6-6,	NUMINDS=278,	NUMLOCI=15,	MISSING=-9,	LABEL=1,	POPDATA=1,	POPFLAG=0,	PHENOTYPE=0,	EXTRACOLS=0,	MAXPOPS=6,	BURNIN=100000,	NUMREPS=500000,	USEPOPINFO=0,	INFERALPHA=1,	INFERLAMBDA=0,	POPSPECIFICLAMBDA=0,	POPALPHAS=0,	COMPUTEPROB=1,	NOADMIX=0,	ADMBURNIN=2500,	UPDATEFREQ=1,	PRINTLIKES=0,	INTERMEDSAVE=0,	PRINTKLD=0,	PRINTNET=0,	PRINTLAMBDA=0,	ANCESTDIST=0,	NUMBOXES=1000,	ANCESTPINT=0.90000,	GENSBACK=2,	MIGRPRIOR=0.05000,	PRINTQHAT=0,	PRINTQSUM=0,	ALPHA=1.0000,	FREQSCORR=1,	FPRIORMEAN=0.0100,	FPRIORSD=0.0500,	ONEFST=0,	LAMBDA=1.0000,	UNIFPRIORALPHA=1,	ALPHAMAX=10.0000,	ALPHAPRIORA=1.0000,	ALPHAPRIORB=2.0000,	ALPHAPROPSD=0.0250,	STARTATPOPINFO=0,	RANDOMIZE=1,	LINKAGE=0,	METROFREQ=10,	REPORTHITRATE=0,	MARKOVPHASE=-1,	PHASED=0,	PLOIDY=2,	PHASEINFO=0	LOCPRIOR=0, 	LOCPRIORINIT=1.000000, 	LOCDATA=0, 	LOCISPOP=0, 	LOCPRIORSTEP=0.100000, 	MAXLOCPRIOR=20.000000, 	SEED=1782481570,	
[STRAT parameters]:    NUMSIMSTATS=1000,	PHENOTYPECOL=-9,	POOLFREQ=10,	LOCUSxONLY=0,	EMERROR=0.00100,	MISSINGPHENO=-9,	