

----------------------------------------------------
STRUCTURE by Pritchard, Stephens and Donnelly (2000)
     and Falush, Stephens and Pritchard (2003)
       Code by Pritchard, Falush and Hubisz
             Version 2.3.4 (Jul 2012)
----------------------------------------------------



Command line arguments:   structure -K 6 -i STRUCTURE_main_final_278_HEG_ZG.str -o STRUCTURE_main_final_278_HEG_ZG-K6-13 
Input File:    STRUCTURE_main_final_278_HEG_ZG.str

Run parameters:
   278 individuals
   15 loci
   6 populations assumed
   100000 Burn-in period
   500000 Reps


--------------------------------------------
Proportion of membership of each pre-defined
 population in each of the 6 clusters

Given    Inferred Clusters                            Number of
 Pop       1      2      3      4      5      6      Individuals

  1:     0.081  0.091  0.082  0.029  0.697  0.020       24
  2:     0.061  0.027  0.092  0.042  0.042  0.736       24
  3:     0.304  0.181  0.035  0.415  0.036  0.029       24
  4:     0.085  0.085  0.129  0.362  0.293  0.045       24
  5:     0.280  0.043  0.074  0.502  0.057  0.044       24
  6:     0.042  0.032  0.238  0.045  0.600  0.042       24
  7:     0.033  0.016  0.778  0.038  0.102  0.032       24
  8:     0.066  0.072  0.019  0.750  0.072  0.021       14
  9:     0.358  0.317  0.012  0.105  0.060  0.148       24
 10:     0.094  0.788  0.053  0.035  0.018  0.012       24
 11:     0.178  0.697  0.021  0.035  0.040  0.029       24
 12:     0.091  0.076  0.173  0.317  0.320  0.022       24
--------------------------------------------

Allele-freq. divergence among pops (Net nucleotide distance),
computed using point estimates of P.

      1       2       3       4       5       6      
 1      -    0.0454  0.0710  0.0242  0.0311  0.0678  
 2   0.0454     -    0.1028  0.0411  0.0517  0.0952  
 3   0.0710  0.1028     -    0.0595  0.0544  0.0926  
 4   0.0242  0.0411  0.0595     -    0.0234  0.0550  
 5   0.0311  0.0517  0.0544  0.0234     -    0.0589  
 6   0.0678  0.0952  0.0926  0.0550  0.0589     -    

Average distances (expected heterozygosity) between individuals in same cluster:
cluster  1  : 0.6432 
cluster  2  : 0.6180 
cluster  3  : 0.5545 
cluster  4  : 0.6389 
cluster  5  : 0.6280 
cluster  6  : 0.6193 

--------------------------------------------
Estimated Ln Prob of Data   = -12787.8
Mean value of ln likelihood = -12251.3
Variance of ln likelihood   = 1073.1
Mean value of alpha         = 0.0665

Mean value of Fst_1         = 0.0821
Mean value of Fst_2         = 0.1275
Mean value of Fst_3         = 0.1677
Mean value of Fst_4         = 0.0410
Mean value of Fst_5         = 0.0710
Mean value of Fst_6         = 0.1712


Inferred ancestry of individuals:
        Label (%Miss) Pop:  Inferred clusters
  1 24.0601.E1    (0)    1 :  0.015 0.012 0.023 0.010 0.911 0.028 
  2 24.0602.E1    (0)    1 :  0.037 0.024 0.012 0.013 0.906 0.007 
  3 24.0603.E1    (0)    1 :  0.018 0.011 0.051 0.050 0.862 0.008 
  4 24.0604.E1    (0)    1 :  0.157 0.020 0.008 0.010 0.796 0.009 
  5 24.0605.E1    (0)    1 :  0.018 0.015 0.033 0.015 0.903 0.015 
  6 24.0606.E1    (0)    1 :  0.016 0.021 0.022 0.012 0.915 0.015 
  7 24.0607.E1    (0)    1 :  0.628 0.016 0.218 0.023 0.105 0.011 
  8 24.0608.E1    (0)    1 :  0.017 0.133 0.180 0.012 0.653 0.006 
  9 24.0609.E1    (0)    1 :  0.021 0.400 0.010 0.099 0.463 0.007 
 10 24.0610.E1    (0)    1 :  0.009 0.195 0.010 0.072 0.706 0.008 
 11 24.0611.E1    (0)    1 :  0.013 0.027 0.009 0.018 0.915 0.019 
 12 24.0612.E1    (0)    1 :  0.026 0.008 0.021 0.012 0.912 0.021 
 13 24.0613.E1    (0)    1 :  0.009 0.015 0.007 0.009 0.952 0.008 
 14 24.0614.E1    (0)    1 :  0.028 0.199 0.374 0.014 0.370 0.014 
 15 24.0615.E1    (0)    1 :  0.066 0.232 0.081 0.015 0.585 0.021 
 16 24.0616.E1    (0)    1 :  0.018 0.014 0.008 0.008 0.938 0.013 
 17 24.0617.E1    (0)    1 :  0.019 0.509 0.031 0.017 0.387 0.037 
 18 24.0618.E1    (0)    1 :  0.023 0.108 0.008 0.032 0.810 0.019 
 19 24.0619.E1    (0)    1 :  0.321 0.012 0.008 0.062 0.577 0.020 
 20 24.0620.E1   (20)    1 :  0.029 0.042 0.800 0.037 0.075 0.018 
 21 24.0621.E1    (0)    1 :  0.402 0.110 0.009 0.076 0.394 0.008 
 22 24.0622.E1    (0)    1 :  0.008 0.009 0.011 0.023 0.930 0.019 
 23 24.0623.E1    (0)    1 :  0.040 0.047 0.023 0.043 0.708 0.139 
 24 24.0624.E1    (0)    1 :  0.008 0.014 0.008 0.008 0.955 0.008 
 25 24.0625.E1    (0)    2 :  0.025 0.040 0.176 0.060 0.020 0.678 
 26 24.0626.E1    (0)    2 :  0.007 0.013 0.125 0.009 0.006 0.840 
 27 24.0627.E1    (0)    2 :  0.425 0.009 0.035 0.028 0.013 0.490 
 28 24.0628.E1    (0)    2 :  0.012 0.114 0.249 0.169 0.039 0.416 
 29 24.0629.E1    (0)    2 :  0.027 0.021 0.010 0.018 0.106 0.819 
 30 24.0630.E1    (0)    2 :  0.008 0.011 0.140 0.010 0.009 0.822 
 31 24.0631.E1    (0)    2 :  0.005 0.004 0.006 0.005 0.008 0.971 
 32 24.0632.E1    (0)    2 :  0.016 0.010 0.053 0.011 0.016 0.894 
 33 24.0633.E1    (0)    2 :  0.014 0.082 0.214 0.142 0.021 0.528 
 34 24.0634.E1    (0)    2 :  0.011 0.013 0.010 0.012 0.012 0.943 
 35 24.0635.E1    (0)    2 :  0.038 0.067 0.036 0.196 0.035 0.627 
 36 24.0636.E1   (33)    2 :  0.020 0.011 0.832 0.043 0.046 0.048 
 37 24.0637.E1    (0)    2 :  0.007 0.004 0.010 0.007 0.006 0.967 
 38 24.0638.E1    (0)    2 :  0.025 0.008 0.007 0.091 0.013 0.857 
 39 24.0639.E1    (0)    2 :  0.083 0.072 0.024 0.012 0.066 0.744 
 40 24.0640.E1    (0)    2 :  0.007 0.007 0.009 0.008 0.011 0.958 
 41 24.0641.E1    (0)    2 :  0.378 0.017 0.023 0.045 0.180 0.357 
 42 24.0642.E1    (0)    2 :  0.011 0.007 0.053 0.060 0.293 0.577 
 43 24.0643.E1    (0)    2 :  0.292 0.012 0.080 0.014 0.016 0.585 
 44 24.0644.E1    (0)    2 :  0.010 0.046 0.009 0.018 0.017 0.899 
 45 24.0645.E1    (0)    2 :  0.013 0.037 0.069 0.027 0.049 0.805 
 46 24.0646.E1    (0)    2 :  0.011 0.047 0.009 0.018 0.017 0.899 
 47 24.0647.E1    (0)    2 :  0.007 0.004 0.009 0.007 0.006 0.967 
 48 24.0648.E1    (0)    2 :  0.007 0.004 0.010 0.007 0.006 0.967 
 49 24.0649.E1    (0)    3 :  0.039 0.038 0.005 0.897 0.010 0.010 
 50 24.0650.E1    (0)    3 :  0.015 0.462 0.005 0.312 0.199 0.006 
 51 24.0651.E1    (0)    3 :  0.268 0.023 0.021 0.400 0.010 0.277 
 52 24.0652.E1    (0)    3 :  0.074 0.282 0.009 0.597 0.031 0.006 
 53 24.0653.E1    (0)    3 :  0.926 0.021 0.008 0.030 0.008 0.007 
 54 24.0654.E1    (0)    3 :  0.035 0.296 0.007 0.641 0.010 0.011 
 55 24.0655.E1    (0)    3 :  0.104 0.172 0.018 0.547 0.093 0.067 
 56 24.0656.E1    (0)    3 :  0.038 0.347 0.077 0.514 0.016 0.009 
 57 24.0657.E1    (0)    3 :  0.039 0.339 0.069 0.529 0.015 0.009 
 58 24.0658.E1    (0)    3 :  0.117 0.086 0.010 0.749 0.029 0.009 
 59 24.0659.E1    (0)    3 :  0.398 0.162 0.006 0.326 0.086 0.022 
 60 24.0660.E1    (6)    3 :  0.053 0.011 0.008 0.862 0.047 0.019 
 61 24.0661.E1    (0)    3 :  0.057 0.521 0.164 0.235 0.013 0.009 
 62 24.0662.E1    (0)    3 :  0.303 0.123 0.022 0.310 0.108 0.133 
 63 24.0663.E1    (0)    3 :  0.012 0.839 0.009 0.119 0.011 0.011 
 64 24.0664.E1    (0)    3 :  0.030 0.126 0.061 0.765 0.009 0.009 
 65 24.0665.E1    (0)    3 :  0.051 0.037 0.297 0.598 0.008 0.008 
 66 24.0666.E1    (0)    3 :  0.940 0.012 0.007 0.016 0.017 0.008 
 67 24.0667.E1    (0)    3 :  0.904 0.011 0.007 0.058 0.014 0.007 
 68 24.0668.E1    (0)    3 :  0.968 0.007 0.005 0.008 0.005 0.007 
 69 24.0669.E1    (0)    3 :  0.967 0.007 0.006 0.008 0.006 0.006 
 70 24.0670.E1    (0)    3 :  0.469 0.193 0.009 0.303 0.018 0.008 
 71 24.0671.E1    (0)    3 :  0.056 0.212 0.014 0.679 0.015 0.024 
 72 24.0672.E1    (0)    3 :  0.423 0.012 0.008 0.464 0.082 0.009 
 73 24.0673.E1    (6)    4 :  0.017 0.096 0.569 0.054 0.239 0.025 
 74 24.0674.E1    (0)    4 :  0.010 0.018 0.425 0.061 0.463 0.022 
 75 24.0675.E1    (0)    4 :  0.015 0.248 0.121 0.480 0.098 0.038 
 76 24.0676.E1    (0)    4 :  0.016 0.395 0.066 0.457 0.050 0.015 
 77 24.0677.E1    (0)    4 :  0.439 0.241 0.019 0.208 0.086 0.006 
 78 24.0678.E1    (0)    4 :  0.392 0.015 0.020 0.162 0.320 0.091 
 79 24.0679.E1    (0)    4 :  0.097 0.099 0.015 0.558 0.215 0.015 
 80 24.0680.E1    (0)    4 :  0.157 0.013 0.014 0.738 0.057 0.021 
 81 24.0681.E1    (0)    4 :  0.019 0.013 0.030 0.643 0.282 0.013 
 82 24.0682.E1    (0)    4 :  0.015 0.014 0.063 0.571 0.322 0.016 
 83 24.0683.E1    (0)    4 :  0.020 0.012 0.506 0.037 0.417 0.008 
 84 24.0684.E1    (0)    4 :  0.040 0.020 0.301 0.075 0.518 0.045 
 85 24.0685.E1    (0)    4 :  0.048 0.019 0.049 0.133 0.734 0.018 
 86 24.0686.E1    (0)    4 :  0.078 0.017 0.016 0.564 0.119 0.204 
 87 24.0687.E1    (0)    4 :  0.034 0.030 0.033 0.424 0.097 0.382 
 88 24.0688.E1    (0)    4 :  0.011 0.007 0.027 0.799 0.146 0.009 
 89 24.0689.E1    (0)    4 :  0.021 0.580 0.087 0.154 0.127 0.031 
 90 24.0690.E1    (0)    4 :  0.488 0.012 0.042 0.364 0.037 0.057 
 91 24.0691.E1    (0)    4 :  0.012 0.033 0.026 0.119 0.796 0.014 
 92 24.0692.E1    (0)    4 :  0.012 0.024 0.029 0.900 0.027 0.008 
 93 24.0693.E1    (0)    4 :  0.016 0.088 0.589 0.267 0.027 0.013 
 94 24.0694.E1    (0)    4 :  0.020 0.010 0.025 0.728 0.208 0.008 
 95 24.0695.E1    (0)    4 :  0.016 0.023 0.013 0.061 0.879 0.009 
 96 24.0696.E1    (0)    4 :  0.037 0.022 0.016 0.129 0.778 0.017 
 97 24.0697.E1    (0)    5 :  0.052 0.023 0.188 0.699 0.018 0.020 
 98 24.0698.E1    (0)    5 :  0.474 0.057 0.164 0.219 0.059 0.028 
 99 24.0699.E1    (0)    5 :  0.647 0.019 0.012 0.276 0.031 0.016 
100 24.0700.E1    (0)    5 :  0.040 0.011 0.010 0.921 0.010 0.008 
101 24.0701.E1    (0)    5 :  0.923 0.011 0.035 0.011 0.009 0.010 
102 24.0702.E1    (0)    5 :  0.122 0.012 0.050 0.780 0.017 0.020 
103 24.0703.E1    (0)    5 :  0.563 0.023 0.010 0.257 0.019 0.128 
104 24.0704.E1    (6)    5 :  0.684 0.015 0.017 0.225 0.031 0.028 
105 24.0705.E1    (0)    5 :  0.065 0.011 0.014 0.651 0.243 0.016 
106 24.0706.E1    (0)    5 :  0.042 0.016 0.013 0.909 0.010 0.010 
107 24.0707.E1    (0)    5 :  0.022 0.008 0.020 0.877 0.033 0.039 
108 24.0708.E1    (0)    5 :  0.089 0.355 0.047 0.029 0.139 0.341 
109 24.0709.E1    (0)    5 :  0.051 0.109 0.014 0.752 0.058 0.016 
110 24.0710.E1    (0)    5 :  0.568 0.051 0.070 0.121 0.179 0.011 
111 24.0711.E1    (0)    5 :  0.318 0.013 0.024 0.444 0.151 0.051 
112 24.0712.E1    (0)    5 :  0.867 0.008 0.022 0.026 0.029 0.048 
113 24.0713.E1    (0)    5 :  0.024 0.025 0.016 0.913 0.013 0.010 
114 24.0714.E1    (0)    5 :  0.185 0.048 0.013 0.616 0.108 0.030 
115 24.0715.E1    (0)    5 :  0.072 0.045 0.580 0.233 0.059 0.010 
116 24.0716.E1    (0)    5 :  0.679 0.056 0.030 0.116 0.062 0.056 
117 24.0717.E1    (0)    5 :  0.072 0.075 0.385 0.352 0.025 0.091 
118 24.0718.E1    (0)    5 :  0.024 0.008 0.014 0.907 0.025 0.021 
119 24.0719.E1    (0)    5 :  0.108 0.024 0.015 0.807 0.017 0.029 
120 24.0720.E1    (0)    5 :  0.021 0.015 0.009 0.916 0.023 0.015 
121 24.0721.E1    (0)    6 :  0.036 0.100 0.617 0.134 0.073 0.040 
122 24.0722.E1    (0)    6 :  0.124 0.016 0.526 0.036 0.111 0.188 
123 24.0723.E1    (0)    6 :  0.038 0.173 0.318 0.024 0.080 0.367 
124 24.0724.E1    (0)    6 :  0.033 0.118 0.270 0.024 0.522 0.033 
125 24.0725.E1    (0)    6 :  0.013 0.015 0.009 0.020 0.934 0.010 
126 24.0726.E1    (6)    6 :  0.011 0.009 0.076 0.020 0.874 0.011 
127 24.0727.E1    (0)    6 :  0.040 0.033 0.467 0.040 0.400 0.021 
128 24.0728.E1    (0)    6 :  0.033 0.030 0.207 0.124 0.559 0.047 
129 24.0729.E1    (0)    6 :  0.023 0.015 0.039 0.028 0.879 0.016 
130 24.0730.E1    (0)    6 :  0.189 0.063 0.073 0.240 0.420 0.016 
131 24.0731.E1    (0)    6 :  0.008 0.012 0.034 0.032 0.905 0.009 
132 24.0732.E1    (0)    6 :  0.012 0.007 0.807 0.036 0.126 0.012 
133 24.0733.E1    (0)    6 :  0.005 0.007 0.023 0.007 0.951 0.007 
134 24.0734.E1    (0)    6 :  0.024 0.013 0.836 0.042 0.059 0.025 
135 24.0735.E1    (0)    6 :  0.022 0.027 0.206 0.031 0.667 0.048 
136 24.0736.E1    (0)    6 :  0.009 0.009 0.064 0.010 0.897 0.010 
137 24.0737.E1    (0)    6 :  0.010 0.011 0.009 0.022 0.895 0.052 
138 24.0738.E1    (0)    6 :  0.013 0.009 0.035 0.014 0.918 0.011 
139 24.0739.E1    (0)    6 :  0.009 0.010 0.007 0.024 0.934 0.016 
140 24.0740.E1    (0)    6 :  0.015 0.014 0.013 0.032 0.911 0.016 
141 24.0741.E1    (0)    6 :  0.010 0.012 0.281 0.042 0.638 0.018 
142 24.0742.E1    (0)    6 :  0.011 0.009 0.501 0.013 0.451 0.014 
143 24.0743.E1    (0)    6 :  0.027 0.032 0.113 0.015 0.806 0.007 
144 24.0744.E1    (0)    6 :  0.301 0.037 0.188 0.060 0.393 0.020 
145 24.0745.E1    (0)    7 :  0.027 0.010 0.924 0.026 0.007 0.006 
146 24.0746.E1    (0)    7 :  0.055 0.014 0.662 0.074 0.073 0.121 
147 24.0747.E1    (0)    7 :  0.016 0.030 0.810 0.079 0.054 0.011 
148 24.0748.E1    (6)    7 :  0.018 0.042 0.764 0.095 0.068 0.012 
149 24.0749.E1    (0)    7 :  0.016 0.011 0.674 0.010 0.279 0.010 
150 24.0750.E1    (0)    7 :  0.045 0.031 0.221 0.117 0.565 0.020 
151 24.0751.E1    (0)    7 :  0.007 0.006 0.960 0.007 0.011 0.009 
152 24.0752.E1    (0)    7 :  0.015 0.013 0.906 0.008 0.050 0.008 
153 24.0753.E1    (0)    7 :  0.013 0.007 0.607 0.013 0.206 0.155 
154 24.0754.E1    (0)    7 :  0.008 0.007 0.930 0.010 0.030 0.014 
155 24.0755.E1    (0)    7 :  0.022 0.035 0.807 0.085 0.027 0.025 
156 24.0756.E1    (0)    7 :  0.012 0.019 0.931 0.007 0.021 0.011 
157 24.0757.E1    (0)    7 :  0.005 0.004 0.975 0.005 0.005 0.006 
158 24.0758.E1    (0)    7 :  0.005 0.004 0.974 0.005 0.006 0.006 
159 24.0759.E1    (0)    7 :  0.011 0.008 0.938 0.011 0.024 0.008 
160 24.0760.E1    (0)    7 :  0.017 0.007 0.640 0.060 0.017 0.259 
161 24.0761.E1    (0)    7 :  0.005 0.006 0.966 0.006 0.007 0.010 
162 24.0762.E1    (0)    7 :  0.423 0.059 0.077 0.224 0.204 0.013 
163 24.0763.E1    (0)    7 :  0.005 0.005 0.965 0.008 0.011 0.005 
164 24.0764.E1    (0)    7 :  0.007 0.006 0.952 0.009 0.017 0.010 
165 24.0765.E1    (0)    7 :  0.010 0.013 0.930 0.010 0.014 0.023 
166 24.0766.E1    (0)    7 :  0.007 0.006 0.961 0.008 0.011 0.007 
167 24.0767.E1    (0)    7 :  0.005 0.006 0.969 0.006 0.009 0.005 
168 24.0768.E1    (0)    7 :  0.049 0.036 0.139 0.033 0.735 0.008 
169 24.0779.E1    (0)    8 :  0.037 0.013 0.060 0.858 0.023 0.010 
170 24.0780.E1    (6)    8 :  0.015 0.137 0.006 0.824 0.010 0.008 
171 24.0781.E1    (0)    8 :  0.010 0.010 0.007 0.959 0.006 0.007 
172 24.0782.E1    (0)    8 :  0.030 0.038 0.044 0.127 0.666 0.097 
173 24.0783.E1    (0)    8 :  0.121 0.279 0.009 0.548 0.022 0.021 
174 24.0784.E1    (0)    8 :  0.011 0.020 0.006 0.942 0.012 0.009 
175 24.0785.E1    (0)    8 :  0.073 0.145 0.006 0.758 0.012 0.006 
176 24.0786.E1    (0)    8 :  0.015 0.071 0.015 0.858 0.031 0.010 
177 24.0787.E1    (0)    8 :  0.013 0.015 0.025 0.888 0.019 0.039 
178 24.0788.E1    (0)    8 :  0.008 0.051 0.009 0.912 0.007 0.013 
179 24.0789.E1    (0)    8 :  0.064 0.122 0.012 0.670 0.082 0.050 
180 24.0790.E1    (0)    8 :  0.010 0.020 0.005 0.949 0.006 0.009 
181 24.0791.E1    (0)    8 :  0.474 0.013 0.011 0.409 0.086 0.007 
182 24.0792.E1    (0)    8 :  0.042 0.078 0.055 0.796 0.022 0.007 
183 24.0793.E1    (0)    9 :  0.395 0.306 0.009 0.024 0.020 0.246 
184 24.0794.E1    (0)    9 :  0.039 0.338 0.014 0.093 0.503 0.013 
185 24.0795.E1    (0)    9 :  0.089 0.144 0.016 0.032 0.450 0.269 
186 24.0796.E1    (0)    9 :  0.024 0.771 0.007 0.154 0.035 0.009 
187 24.0797.E1    (0)    9 :  0.285 0.555 0.005 0.081 0.017 0.057 
188 24.0798.E1    (0)    9 :  0.697 0.068 0.040 0.040 0.015 0.141 
189 24.0799.E1    (0)    9 :  0.900 0.043 0.009 0.015 0.016 0.016 
190 24.0800.E1    (0)    9 :  0.274 0.631 0.013 0.046 0.028 0.008 
191 24.0801.E1    (0)    9 :  0.925 0.015 0.008 0.031 0.008 0.013 
192 24.0802.E1    (0)    9 :  0.217 0.319 0.006 0.022 0.019 0.418 
193 24.0803.E1    (0)    9 :  0.858 0.029 0.007 0.013 0.013 0.082 
194 24.0804.E1    (0)    9 :  0.089 0.640 0.006 0.012 0.013 0.240 
195 24.0805.E1    (0)    9 :  0.711 0.023 0.012 0.221 0.018 0.015 
196 24.0806.E1    (0)    9 :  0.266 0.128 0.013 0.018 0.028 0.547 
197 24.0807.E1    (0)    9 :  0.226 0.424 0.006 0.031 0.014 0.300 
198 24.0808.E1    (0)    9 :  0.089 0.315 0.008 0.555 0.020 0.013 
199 24.0809.E1    (0)    9 :  0.470 0.241 0.021 0.188 0.069 0.011 
200 24.0810.E1    (0)    9 :  0.711 0.156 0.026 0.030 0.034 0.043 
201 24.0811.E1    (0)    9 :  0.107 0.653 0.007 0.024 0.035 0.174 
202 24.0812.E1    (0)    9 :  0.074 0.642 0.010 0.212 0.046 0.017 
203 24.0813.E1    (0)    9 :  0.107 0.127 0.010 0.517 0.014 0.225 
204 24.0814.E1    (6)    9 :  0.066 0.703 0.007 0.071 0.010 0.141 
205 24.0815.E1    (0)    9 :  0.580 0.058 0.011 0.076 0.009 0.266 
206 24.0816.E1    (0)    9 :  0.389 0.277 0.006 0.020 0.009 0.298 
207 24.0817.E1    (0)   10 :  0.019 0.922 0.009 0.020 0.022 0.010 
208 24.0818.E1    (0)   10 :  0.035 0.852 0.014 0.044 0.040 0.016 
209 24.0819.E1    (0)   10 :  0.646 0.100 0.212 0.019 0.012 0.011 
210 24.0820.E1    (0)   10 :  0.019 0.537 0.418 0.010 0.008 0.010 
211 24.0821.E1    (0)   10 :  0.457 0.249 0.009 0.251 0.019 0.016 
212 24.0822.E1    (0)   10 :  0.013 0.925 0.025 0.021 0.010 0.005 
213 24.0823.E1    (0)   10 :  0.020 0.838 0.106 0.012 0.010 0.014 
214 24.0824.E1    (0)   10 :  0.588 0.351 0.013 0.019 0.019 0.011 
215 24.0825.E1    (0)   10 :  0.008 0.952 0.011 0.011 0.009 0.008 
216 24.0826.E1    (0)   10 :  0.029 0.690 0.248 0.016 0.007 0.010 
217 24.0827.E1    (0)   10 :  0.013 0.914 0.006 0.019 0.036 0.011 
218 24.0828.E1    (0)   10 :  0.034 0.872 0.056 0.017 0.009 0.012 
219 24.0829.E1    (0)   10 :  0.037 0.917 0.016 0.013 0.009 0.008 
220 24.0830.E1    (0)   10 :  0.029 0.890 0.006 0.054 0.012 0.009 
221 24.0831.E1    (0)   10 :  0.055 0.810 0.006 0.114 0.008 0.007 
222 24.0832.E1    (0)   10 :  0.007 0.960 0.005 0.010 0.012 0.005 
223 24.0833.E1    (0)   10 :  0.005 0.967 0.006 0.009 0.006 0.005 
224 24.0834.E1    (0)   10 :  0.008 0.948 0.012 0.012 0.011 0.009 
225 24.0835.E1    (0)   10 :  0.023 0.930 0.007 0.013 0.019 0.009 
226 24.0836.E1    (0)   10 :  0.027 0.898 0.018 0.026 0.024 0.008 
227 24.0837.E1    (0)   10 :  0.012 0.945 0.009 0.017 0.010 0.006 
228 24.0838.E1    (0)   10 :  0.008 0.947 0.013 0.018 0.008 0.006 
229 24.0839.E1    (0)   10 :  0.121 0.652 0.035 0.075 0.088 0.028 
230 24.0840.E1    (0)   10 :  0.055 0.856 0.006 0.015 0.017 0.052 
231 24.0841.E1    (0)   11 :  0.070 0.850 0.022 0.019 0.033 0.006 
232 24.0842.E1    (0)   11 :  0.345 0.608 0.011 0.011 0.020 0.005 
233 24.0843.E1    (0)   11 :  0.299 0.638 0.032 0.016 0.007 0.008 
234 24.0844.E1    (0)   11 :  0.669 0.261 0.009 0.030 0.022 0.008 
235 24.0845.E1    (0)   11 :  0.027 0.897 0.007 0.052 0.009 0.007 
236 24.0846.E1    (0)   11 :  0.032 0.908 0.011 0.016 0.019 0.014 
237 24.0847.E1    (0)   11 :  0.027 0.841 0.021 0.029 0.072 0.010 
238 24.0848.E1    (0)   11 :  0.066 0.836 0.006 0.058 0.027 0.007 
239 24.0849.E1    (0)   11 :  0.011 0.954 0.013 0.008 0.008 0.006 
240 24.0850.E1    (0)   11 :  0.010 0.954 0.013 0.008 0.008 0.006 
241 24.0851.E1    (0)   11 :  0.010 0.955 0.013 0.008 0.008 0.006 
242 24.0852.E1    (0)   11 :  0.014 0.894 0.043 0.034 0.009 0.006 
243 24.0853.E1    (0)   11 :  0.007 0.955 0.015 0.009 0.006 0.007 
244 24.0854.E1    (0)   11 :  0.867 0.080 0.014 0.019 0.012 0.008 
245 24.0855.E1    (0)   11 :  0.019 0.945 0.011 0.009 0.009 0.007 
246 24.0856.E1    (0)   11 :  0.551 0.066 0.041 0.028 0.072 0.243 
247 24.0857.E1    (0)   11 :  0.060 0.849 0.019 0.025 0.032 0.015 
248 24.0858.E1    (0)   11 :  0.074 0.852 0.018 0.033 0.016 0.007 
249 24.0859.E1    (0)   11 :  0.032 0.819 0.105 0.015 0.013 0.016 
250 24.0860.E1    (0)   11 :  0.797 0.092 0.029 0.022 0.027 0.032 
251 24.0861.E1    (0)   11 :  0.010 0.953 0.014 0.010 0.008 0.006 
252 24.0862.E1    (0)   11 :  0.225 0.378 0.011 0.067 0.055 0.264 
253 24.0863.E1    (0)   11 :  0.010 0.953 0.014 0.009 0.008 0.006 
254 24.0864.E1    (0)   11 :  0.028 0.183 0.009 0.313 0.458 0.009 
255 24.0865.E1    (0)   12 :  0.016 0.288 0.456 0.201 0.020 0.018 
256 24.0866.E1    (0)   12 :  0.305 0.253 0.082 0.285 0.066 0.010 
257 24.0867.E1    (0)   12 :  0.060 0.198 0.427 0.204 0.037 0.074 
258 24.0868.E1    (0)   12 :  0.018 0.030 0.022 0.891 0.017 0.022 
259 24.0869.E1    (0)   12 :  0.012 0.096 0.016 0.816 0.028 0.033 
260 24.0870.E1    (0)   12 :  0.026 0.028 0.031 0.738 0.085 0.091 
261 24.0871.E1    (0)   12 :  0.067 0.041 0.013 0.544 0.271 0.064 
262 24.0872.E1    (0)   12 :  0.114 0.052 0.362 0.434 0.023 0.015 
263 24.0873.E1    (0)   12 :  0.031 0.094 0.046 0.759 0.047 0.023 
264 24.0874.E1    (0)   12 :  0.084 0.271 0.457 0.152 0.022 0.014 
265 24.0875.E1    (0)   12 :  0.414 0.016 0.018 0.493 0.045 0.013 
266 24.0876.E1    (0)   12 :  0.301 0.010 0.033 0.361 0.279 0.016 
267 24.0877.E1    (0)   12 :  0.031 0.008 0.063 0.016 0.874 0.008 
268 24.0878.E1    (0)   12 :  0.011 0.038 0.013 0.055 0.873 0.010 
269 24.0879.E1    (0)   12 :  0.162 0.009 0.007 0.024 0.785 0.013 
270 24.0880.E1    (0)   12 :  0.037 0.311 0.021 0.554 0.056 0.023 
271 24.0881.E1    (0)   12 :  0.009 0.008 0.015 0.007 0.950 0.011 
272 24.0882.E1    (0)   12 :  0.023 0.012 0.735 0.014 0.207 0.009 
273 24.0883.E1    (0)   12 :  0.188 0.015 0.335 0.020 0.427 0.015 
274 24.0884.E1    (0)   12 :  0.011 0.009 0.037 0.012 0.921 0.009 
275 24.0885.E1    (0)   12 :  0.016 0.010 0.011 0.067 0.881 0.015 
276 24.0886.E1    (0)   12 :  0.057 0.014 0.211 0.027 0.685 0.006 
277 24.0887.E1    (0)   12 :  0.169 0.006 0.734 0.011 0.066 0.014 
278 24.0888.E1    (0)   12 :  0.028 0.010 0.007 0.927 0.019 0.010 


Estimated Allele Frequencies in each cluster
First column gives estimated ancestral frequencies


Locus 1 : 
31 alleles
0.0% missing data
 115   (0.031) 0.014 0.004 0.027 0.019 0.152 0.004 
 117   (0.039) 0.042 0.003 0.165 0.012 0.177 0.004 
 119   (0.041) 0.007 0.003 0.265 0.008 0.221 0.211 
 131   (0.015) 0.002 0.001 0.003 0.003 0.039 0.001 
 128   (0.035) 0.020 0.016 0.005 0.033 0.043 0.004 
 135   (0.016) 0.003 0.002 0.004 0.004 0.045 0.002 
 126   (0.076) 0.062 0.171 0.088 0.067 0.071 0.015 
 122   (0.032) 0.053 0.004 0.002 0.016 0.012 0.146 
 132   (0.031) 0.017 0.030 0.017 0.025 0.005 0.005 
 141   (0.013) 0.002 0.001 0.001 0.003 0.007 0.003 
 130   (0.051) 0.050 0.026 0.026 0.092 0.009 0.024 
 134   (0.036) 0.013 0.043 0.003 0.029 0.005 0.116 
 145   (0.028) 0.015 0.014 0.021 0.020 0.004 0.013 
 127   (0.027) 0.005 0.002 0.144 0.006 0.023 0.033 
 116   (0.116) 0.114 0.194 0.041 0.235 0.038 0.190 
 114   (0.049) 0.069 0.155 0.009 0.039 0.007 0.088 
 120   (0.039) 0.071 0.003 0.004 0.041 0.010 0.075 
 110   (0.047) 0.052 0.055 0.022 0.018 0.038 0.024 
 133   (0.016) 0.007 0.001 0.012 0.003 0.003 0.007 
 118   (0.099) 0.338 0.210 0.033 0.249 0.019 0.015 
 125   (0.015) 0.005 0.009 0.001 0.005 0.002 0.003 
 129   (0.021) 0.009 0.001 0.007 0.007 0.037 0.002 
 124   (0.016) 0.013 0.001 0.002 0.012 0.006 0.002 
 136   (0.023) 0.004 0.038 0.002 0.026 0.004 0.003 
 121   (0.016) 0.002 0.001 0.056 0.003 0.007 0.001 
 139   (0.011) 0.002 0.001 0.001 0.002 0.009 0.001 
 113   (0.011) 0.002 0.001 0.013 0.002 0.001 0.001 
 111   (0.012) 0.002 0.001 0.012 0.002 0.002 0.001 
 143   (0.011) 0.002 0.001 0.013 0.002 0.001 0.001 
 140   (0.014) 0.003 0.001 0.001 0.015 0.002 0.003 
 112   (0.012) 0.002 0.008 0.001 0.002 0.001 0.001 

Locus 2 : 
18 alleles
0.0% missing data
 152   (0.377) 0.453 0.283 0.745 0.368 0.584 0.433 
 148   (0.065) 0.029 0.006 0.051 0.031 0.180 0.187 
 154   (0.110) 0.057 0.157 0.055 0.113 0.061 0.240 
 156   (0.017) 0.006 0.002 0.001 0.006 0.011 0.003 
 150   (0.026) 0.005 0.002 0.041 0.005 0.006 0.052 
 164   (0.076) 0.052 0.081 0.014 0.078 0.081 0.019 
 158   (0.031) 0.076 0.002 0.008 0.007 0.017 0.020 
 160   (0.017) 0.003 0.001 0.021 0.012 0.002 0.002 
 166   (0.022) 0.021 0.002 0.002 0.015 0.004 0.009 
 151   (0.071) 0.111 0.343 0.006 0.163 0.009 0.007 
 147   (0.066) 0.142 0.104 0.010 0.120 0.008 0.009 
 168   (0.022) 0.014 0.003 0.003 0.021 0.004 0.002 
 153   (0.015) 0.004 0.002 0.002 0.013 0.002 0.002 
 149   (0.024) 0.017 0.001 0.011 0.017 0.004 0.002 
 162   (0.021) 0.007 0.008 0.004 0.008 0.006 0.008 
 167   (0.014) 0.002 0.001 0.001 0.002 0.017 0.001 
 146   (0.013) 0.002 0.001 0.025 0.002 0.001 0.001 
 172   (0.015) 0.002 0.001 0.001 0.017 0.002 0.001 

Locus 3 : 
4 alleles
0.0% missing data
 128   (0.292) 0.277 0.380 0.393 0.264 0.241 0.289 
 126   (0.613) 0.630 0.533 0.599 0.687 0.692 0.647 
 132   (0.079) 0.073 0.085 0.007 0.045 0.065 0.056 
 134   (0.015) 0.020 0.001 0.001 0.003 0.002 0.007 

Locus 4 : 
3 alleles
0.0% missing data
 170   (0.317) 0.287 0.338 0.265 0.301 0.285 0.394 
 172   (0.669) 0.711 0.660 0.732 0.695 0.714 0.598 
 171   (0.013) 0.002 0.002 0.003 0.004 0.002 0.008 

Locus 5 : 
37 alleles
0.0% missing data
 125   (0.054) 0.073 0.082 0.051 0.029 0.050 0.058 
 110   (0.035) 0.044 0.063 0.013 0.009 0.029 0.033 
 129   (0.038) 0.038 0.030 0.003 0.058 0.047 0.004 
 113   (0.034) 0.033 0.035 0.003 0.082 0.011 0.012 
 145   (0.053) 0.042 0.021 0.100 0.057 0.210 0.006 
 155   (0.048) 0.046 0.043 0.015 0.020 0.126 0.178 
 117   (0.031) 0.008 0.003 0.039 0.050 0.040 0.006 
 124   (0.011) 0.001 0.001 0.001 0.002 0.017 0.001 
 133   (0.033) 0.016 0.003 0.069 0.052 0.033 0.003 
 157   (0.046) 0.138 0.031 0.024 0.093 0.008 0.020 
 141   (0.015) 0.003 0.003 0.001 0.026 0.005 0.001 
 112   (0.066) 0.042 0.147 0.143 0.048 0.083 0.168 
 121   (0.021) 0.011 0.026 0.003 0.014 0.005 0.021 
 114   (0.043) 0.009 0.050 0.175 0.035 0.055 0.019 
 153   (0.047) 0.197 0.085 0.004 0.039 0.059 0.010 
 127   (0.069) 0.042 0.131 0.096 0.113 0.069 0.037 
 131   (0.059) 0.093 0.043 0.167 0.027 0.053 0.194 
 135   (0.029) 0.036 0.055 0.003 0.032 0.009 0.006 
 104   (0.010) 0.002 0.001 0.003 0.004 0.001 0.007 
 118   (0.019) 0.005 0.001 0.003 0.011 0.017 0.013 
 116   (0.027) 0.019 0.013 0.003 0.014 0.017 0.047 
 137   (0.021) 0.017 0.002 0.006 0.010 0.007 0.126 
 123   (0.019) 0.018 0.062 0.002 0.005 0.009 0.005 
 149   (0.010) 0.002 0.003 0.001 0.005 0.003 0.001 
 138   (0.014) 0.003 0.002 0.001 0.036 0.002 0.001 
 143   (0.025) 0.015 0.040 0.060 0.013 0.003 0.003 
 163   (0.010) 0.002 0.001 0.001 0.005 0.002 0.006 
 109   (0.012) 0.002 0.001 0.001 0.014 0.004 0.001 
 139   (0.009) 0.003 0.001 0.001 0.008 0.001 0.001 
 106   (0.009) 0.001 0.001 0.001 0.008 0.001 0.001 
 144   (0.016) 0.012 0.001 0.001 0.025 0.002 0.002 
 122   (0.010) 0.001 0.001 0.003 0.002 0.014 0.001 
 100   (0.016) 0.015 0.013 0.001 0.017 0.003 0.003 
 111   (0.012) 0.002 0.001 0.001 0.023 0.001 0.001 
 233   (0.009) 0.007 0.002 0.001 0.004 0.001 0.001 
 134   (0.010) 0.002 0.007 0.001 0.003 0.001 0.001 
 140   (0.010) 0.002 0.001 0.001 0.008 0.001 0.001 

Locus 6 : 
17 alleles
0.0% missing data
 221   (0.025) 0.004 0.002 0.068 0.005 0.100 0.003 
 232   (0.238) 0.315 0.422 0.456 0.302 0.175 0.146 
 229   (0.053) 0.026 0.054 0.048 0.013 0.089 0.047 
 223   (0.055) 0.086 0.039 0.008 0.028 0.098 0.008 
 230   (0.160) 0.104 0.148 0.270 0.222 0.117 0.151 
 235   (0.015) 0.002 0.001 0.001 0.003 0.050 0.002 
 236   (0.040) 0.014 0.005 0.006 0.029 0.067 0.031 
 227   (0.020) 0.009 0.001 0.002 0.005 0.051 0.002 
 220   (0.053) 0.057 0.072 0.004 0.046 0.008 0.166 
 222   (0.041) 0.051 0.009 0.003 0.050 0.005 0.273 
 234   (0.138) 0.188 0.103 0.092 0.135 0.133 0.143 
 224   (0.034) 0.050 0.043 0.002 0.027 0.004 0.004 
 228   (0.057) 0.069 0.059 0.006 0.118 0.016 0.008 
 225   (0.012) 0.003 0.002 0.001 0.002 0.005 0.005 
 226   (0.018) 0.008 0.038 0.001 0.004 0.005 0.008 
 233   (0.026) 0.010 0.002 0.031 0.008 0.045 0.002 
 231   (0.014) 0.002 0.001 0.001 0.003 0.033 0.001 

Locus 7 : 
10 alleles
0.0% missing data
 121   (0.696) 0.727 0.733 0.755 0.829 0.859 0.805 
 129   (0.077) 0.056 0.142 0.097 0.033 0.082 0.010 
 130   (0.015) 0.017 0.002 0.002 0.003 0.002 0.005 
 123   (0.097) 0.127 0.114 0.088 0.061 0.030 0.121 
 128   (0.021) 0.009 0.001 0.021 0.004 0.003 0.027 
 131   (0.015) 0.006 0.002 0.001 0.003 0.002 0.023 
 117   (0.013) 0.002 0.001 0.001 0.009 0.001 0.001 
 125   (0.014) 0.024 0.001 0.001 0.002 0.001 0.001 
 134   (0.038) 0.029 0.003 0.013 0.051 0.016 0.006 
 132   (0.014) 0.002 0.001 0.021 0.004 0.002 0.001 

Locus 8 : 
19 alleles
0.0% missing data
 184   (0.296) 0.494 0.312 0.376 0.367 0.478 0.461 
 194   (0.047) 0.014 0.010 0.031 0.061 0.033 0.022 
 178   (0.091) 0.038 0.198 0.074 0.053 0.177 0.175 
 176   (0.079) 0.073 0.046 0.193 0.105 0.052 0.011 
 182   (0.083) 0.090 0.066 0.172 0.083 0.049 0.028 
 190   (0.034) 0.026 0.013 0.035 0.008 0.006 0.059 
 196   (0.024) 0.004 0.038 0.002 0.015 0.009 0.002 
 200   (0.030) 0.040 0.002 0.010 0.016 0.013 0.007 
 180   (0.025) 0.046 0.003 0.002 0.005 0.007 0.060 
 188   (0.038) 0.008 0.043 0.007 0.047 0.024 0.008 
 174   (0.044) 0.034 0.003 0.037 0.038 0.030 0.021 
 186   (0.114) 0.072 0.209 0.054 0.165 0.106 0.117 
 192   (0.024) 0.013 0.046 0.003 0.006 0.008 0.011 
 201   (0.012) 0.006 0.001 0.001 0.002 0.001 0.010 
 199   (0.015) 0.026 0.003 0.001 0.005 0.002 0.004 
 185   (0.011) 0.002 0.003 0.001 0.006 0.001 0.001 
 203   (0.011) 0.002 0.001 0.001 0.008 0.002 0.001 
 198   (0.011) 0.003 0.002 0.001 0.007 0.001 0.001 
 209   (0.011) 0.010 0.002 0.001 0.002 0.001 0.001 

Locus 9 : 
6 alleles
0.4% missing data
 154   (0.693) 0.696 0.821 0.663 0.763 0.703 0.801 
 156   (0.210) 0.274 0.087 0.323 0.181 0.185 0.188 
 152   (0.046) 0.008 0.087 0.007 0.029 0.064 0.004 
 153   (0.015) 0.004 0.003 0.001 0.012 0.003 0.003 
 160   (0.015) 0.016 0.001 0.001 0.007 0.002 0.001 
 164   (0.022) 0.003 0.001 0.005 0.008 0.043 0.002 

Locus 10 : 
29 alleles
0.7% missing data
 305   (0.062) 0.036 0.012 0.009 0.066 0.079 0.243 
 313   (0.048) 0.021 0.022 0.005 0.039 0.107 0.010 
 311   (0.017) 0.007 0.001 0.002 0.005 0.012 0.002 
 299   (0.101) 0.146 0.199 0.034 0.071 0.208 0.029 
 315   (0.078) 0.023 0.015 0.077 0.112 0.070 0.060 
 287   (0.028) 0.351 0.003 0.004 0.008 0.014 0.006 
 291   (0.114) 0.033 0.324 0.039 0.181 0.140 0.059 
 295   (0.030) 0.005 0.003 0.002 0.033 0.114 0.005 
 289   (0.017) 0.097 0.001 0.001 0.004 0.002 0.002 
 303   (0.048) 0.010 0.148 0.539 0.034 0.009 0.034 
 297   (0.037) 0.021 0.068 0.098 0.008 0.049 0.004 
 293   (0.020) 0.052 0.001 0.001 0.017 0.024 0.003 
 301   (0.053) 0.011 0.007 0.006 0.086 0.057 0.107 
 285   (0.020) 0.035 0.004 0.002 0.005 0.002 0.320 
 307   (0.056) 0.017 0.062 0.162 0.036 0.033 0.027 
 312   (0.054) 0.028 0.061 0.005 0.097 0.010 0.051 
 306   (0.024) 0.004 0.003 0.002 0.055 0.009 0.002 
 320   (0.014) 0.002 0.001 0.001 0.017 0.002 0.001 
 317   (0.022) 0.005 0.019 0.002 0.028 0.013 0.002 
 314   (0.026) 0.015 0.002 0.002 0.013 0.026 0.002 
 323   (0.012) 0.006 0.001 0.001 0.006 0.002 0.001 
 325   (0.011) 0.006 0.001 0.001 0.006 0.002 0.001 
 310   (0.018) 0.005 0.020 0.001 0.013 0.003 0.002 
 309   (0.013) 0.004 0.001 0.001 0.015 0.002 0.002 
 316   (0.017) 0.002 0.005 0.001 0.021 0.002 0.002 
 296   (0.012) 0.002 0.001 0.001 0.009 0.001 0.001 
 304   (0.018) 0.019 0.009 0.001 0.004 0.002 0.020 
 321   (0.014) 0.018 0.001 0.001 0.005 0.002 0.003 
 332   (0.015) 0.017 0.002 0.001 0.006 0.002 0.001 

Locus 11 : 
19 alleles
0.0% missing data
 114   (0.149) 0.064 0.014 0.211 0.181 0.228 0.276 
 126   (0.020) 0.003 0.001 0.004 0.004 0.045 0.010 
 111   (0.089) 0.231 0.564 0.007 0.026 0.155 0.035 
 116   (0.102) 0.130 0.017 0.216 0.068 0.130 0.031 
 132   (0.013) 0.002 0.001 0.001 0.003 0.008 0.001 
 109   (0.015) 0.002 0.001 0.001 0.003 0.034 0.001 
 128   (0.018) 0.003 0.002 0.001 0.011 0.008 0.002 
 112   (0.324) 0.297 0.048 0.499 0.549 0.305 0.573 
 122   (0.016) 0.003 0.002 0.008 0.008 0.002 0.007 
 124   (0.013) 0.002 0.001 0.002 0.002 0.001 0.016 
 118   (0.051) 0.082 0.010 0.034 0.024 0.028 0.021 
 127   (0.012) 0.002 0.001 0.001 0.009 0.001 0.001 
 113   (0.049) 0.076 0.284 0.004 0.039 0.007 0.009 
 115   (0.035) 0.066 0.004 0.003 0.017 0.027 0.004 
 120   (0.023) 0.005 0.037 0.001 0.012 0.004 0.002 
 117   (0.023) 0.015 0.006 0.002 0.012 0.004 0.003 
 125   (0.019) 0.009 0.002 0.001 0.020 0.003 0.002 
 119   (0.016) 0.004 0.006 0.001 0.010 0.002 0.004 
 136   (0.012) 0.004 0.001 0.001 0.002 0.008 0.001 

Locus 12 : 
28 alleles
0.7% missing data
 306   (0.065) 0.048 0.018 0.009 0.044 0.079 0.262 
 314   (0.050) 0.030 0.071 0.005 0.028 0.095 0.006 
 312   (0.012) 0.002 0.001 0.001 0.002 0.018 0.001 
 300   (0.112) 0.147 0.198 0.035 0.073 0.220 0.030 
 316   (0.044) 0.007 0.013 0.071 0.010 0.063 0.052 
 288   (0.027) 0.344 0.003 0.004 0.007 0.013 0.006 
 292   (0.123) 0.039 0.326 0.040 0.183 0.143 0.059 
 296   (0.033) 0.005 0.003 0.003 0.041 0.115 0.005 
 290   (0.017) 0.097 0.001 0.001 0.004 0.002 0.002 
 304   (0.050) 0.010 0.147 0.543 0.034 0.010 0.034 
 298   (0.042) 0.021 0.068 0.099 0.009 0.050 0.005 
 294   (0.022) 0.053 0.001 0.001 0.018 0.024 0.003 
 302   (0.056) 0.012 0.007 0.007 0.086 0.058 0.106 
 286   (0.020) 0.037 0.004 0.002 0.005 0.002 0.327 
 308   (0.036) 0.013 0.003 0.155 0.020 0.017 0.025 
 313   (0.043) 0.024 0.004 0.004 0.113 0.010 0.052 
 307   (0.045) 0.007 0.068 0.006 0.071 0.025 0.004 
 321   (0.014) 0.003 0.001 0.001 0.017 0.002 0.001 
 315   (0.047) 0.030 0.004 0.004 0.113 0.031 0.006 
 318   (0.021) 0.005 0.023 0.001 0.025 0.005 0.002 
 324   (0.013) 0.006 0.001 0.001 0.006 0.002 0.001 
 326   (0.013) 0.006 0.001 0.001 0.006 0.002 0.001 
 311   (0.024) 0.016 0.029 0.002 0.020 0.006 0.002 
 310   (0.015) 0.004 0.001 0.001 0.015 0.002 0.002 
 305   (0.016) 0.003 0.001 0.001 0.024 0.002 0.002 
 317   (0.013) 0.002 0.001 0.001 0.017 0.001 0.001 
 320   (0.013) 0.009 0.001 0.001 0.004 0.002 0.001 
 322   (0.014) 0.019 0.001 0.001 0.005 0.002 0.002 

Locus 13 : 
7 alleles
1.1% missing data
 161   (0.596) 0.566 0.382 0.892 0.630 0.682 0.118 
 163   (0.297) 0.410 0.542 0.037 0.342 0.243 0.062 
 160   (0.018) 0.003 0.001 0.001 0.004 0.003 0.403 
 162   (0.017) 0.002 0.001 0.001 0.003 0.002 0.407 
 165   (0.043) 0.015 0.072 0.005 0.015 0.063 0.006 
 166   (0.014) 0.002 0.001 0.003 0.004 0.006 0.002 
 164   (0.015) 0.002 0.001 0.060 0.003 0.002 0.001 

Locus 14 : 
4 alleles
0.4% missing data
  98   (0.956) 0.993 0.997 0.985 0.980 0.987 0.996 
 100   (0.013) 0.002 0.001 0.003 0.008 0.002 0.001 
  96   (0.018) 0.003 0.001 0.011 0.004 0.010 0.002 
 105   (0.013) 0.002 0.001 0.001 0.009 0.002 0.001 

Locus 15 : 
12 alleles
2.2% missing data
 171   (0.301) 0.400 0.323 0.191 0.318 0.369 0.203 
 177   (0.187) 0.237 0.093 0.077 0.188 0.198 0.309 
 173   (0.256) 0.185 0.535 0.099 0.316 0.313 0.193 
 179   (0.097) 0.122 0.020 0.506 0.048 0.066 0.268 
 183   (0.021) 0.006 0.003 0.011 0.006 0.020 0.003 
 181   (0.040) 0.007 0.019 0.096 0.044 0.008 0.005 
 197   (0.024) 0.003 0.002 0.015 0.023 0.012 0.002 
 170   (0.014) 0.006 0.001 0.001 0.014 0.002 0.002 
 189   (0.015) 0.003 0.001 0.001 0.011 0.003 0.011 
 203   (0.016) 0.002 0.001 0.001 0.021 0.006 0.001 
 187   (0.016) 0.019 0.001 0.001 0.006 0.002 0.002 
 198   (0.013) 0.010 0.001 0.001 0.004 0.002 0.001 

Values of parameters used in structure:
DATAFILE=STRUCTURE_main_final_278_HEG_ZG.str,	OUTFILE=STRUCTURE_main_final_278_HEG_ZG-K6-13,	NUMINDS=278,	NUMLOCI=15,	MISSING=-9,	LABEL=1,	POPDATA=1,	POPFLAG=0,	PHENOTYPE=0,	EXTRACOLS=0,	MAXPOPS=6,	BURNIN=100000,	NUMREPS=500000,	USEPOPINFO=0,	INFERALPHA=1,	INFERLAMBDA=0,	POPSPECIFICLAMBDA=0,	POPALPHAS=0,	COMPUTEPROB=1,	NOADMIX=0,	ADMBURNIN=2500,	UPDATEFREQ=1,	PRINTLIKES=0,	INTERMEDSAVE=0,	PRINTKLD=0,	PRINTNET=0,	PRINTLAMBDA=0,	ANCESTDIST=0,	NUMBOXES=1000,	ANCESTPINT=0.90000,	GENSBACK=2,	MIGRPRIOR=0.05000,	PRINTQHAT=0,	PRINTQSUM=0,	ALPHA=1.0000,	FREQSCORR=1,	FPRIORMEAN=0.0100,	FPRIORSD=0.0500,	ONEFST=0,	LAMBDA=1.0000,	UNIFPRIORALPHA=1,	ALPHAMAX=10.0000,	ALPHAPRIORA=1.0000,	ALPHAPRIORB=2.0000,	ALPHAPROPSD=0.0250,	STARTATPOPINFO=0,	RANDOMIZE=1,	LINKAGE=0,	METROFREQ=10,	REPORTHITRATE=0,	MARKOVPHASE=-1,	PHASED=0,	PLOIDY=2,	PHASEINFO=0	LOCPRIOR=0, 	LOCPRIORINIT=1.000000, 	LOCDATA=0, 	LOCISPOP=0, 	LOCPRIORSTEP=0.100000, 	MAXLOCPRIOR=20.000000, 	SEED=1782481577,	
[STRAT parameters]:    NUMSIMSTATS=1000,	PHENOTYPECOL=-9,	POOLFREQ=10,	LOCUSxONLY=0,	EMERROR=0.00100,	MISSINGPHENO=-9,	