

----------------------------------------------------
STRUCTURE by Pritchard, Stephens and Donnelly (2000)
     and Falush, Stephens and Pritchard (2003)
       Code by Pritchard, Falush and Hubisz
             Version 2.3.4 (Jul 2012)
----------------------------------------------------



Command line arguments:   structure -K 4 -i STRUCTURE_main_final_278_HEG_ZG.str -o STRUCTURE_main_final_278_HEG_ZG-K4-15 
Input File:    STRUCTURE_main_final_278_HEG_ZG.str

Run parameters:
   278 individuals
   15 loci
   4 populations assumed
   100000 Burn-in period
   500000 Reps


--------------------------------------------
Proportion of membership of each pre-defined
 population in each of the 4 clusters

Given    Inferred Clusters              Number of
 Pop       1      2      3      4      Individuals

  1:     0.567  0.081  0.144  0.207       24
  2:     0.124  0.740  0.095  0.041       24
  3:     0.038  0.283  0.355  0.323       24
  4:     0.234  0.118  0.535  0.113       24
  5:     0.124  0.299  0.500  0.077       24
  6:     0.768  0.075  0.106  0.051       24
  7:     0.868  0.033  0.073  0.026       24
  8:     0.062  0.038  0.756  0.144       14
  9:     0.042  0.435  0.144  0.379       24
 10:     0.037  0.082  0.045  0.837       24
 11:     0.030  0.154  0.063  0.753       24
 12:     0.347  0.067  0.464  0.122       24
--------------------------------------------

Allele-freq. divergence among pops (Net nucleotide distance),
computed using point estimates of P.

      1       2       3       4      
 1      -    0.0389  0.0267  0.0632  
 2   0.0389     -    0.0251  0.0511  
 3   0.0267  0.0251     -    0.0383  
 4   0.0632  0.0511  0.0383     -    

Average distances (expected heterozygosity) between individuals in same cluster:
cluster  1  : 0.6108 
cluster  2  : 0.6606 
cluster  3  : 0.6466 
cluster  4  : 0.6195 

--------------------------------------------
Estimated Ln Prob of Data   = -13170.0
Mean value of ln likelihood = -12756.1
Variance of ln likelihood   = 827.8
Mean value of alpha         = 0.1120

Mean value of Fst_1         = 0.0847
Mean value of Fst_2         = 0.0795
Mean value of Fst_3         = 0.0307
Mean value of Fst_4         = 0.1124


Inferred ancestry of individuals:
        Label (%Miss) Pop:  Inferred clusters
  1 24.0601.E1    (0)    1 :  0.923 0.039 0.020 0.018 
  2 24.0602.E1    (0)    1 :  0.769 0.027 0.058 0.145 
  3 24.0603.E1    (0)    1 :  0.878 0.026 0.078 0.019 
  4 24.0604.E1    (0)    1 :  0.288 0.274 0.226 0.212 
  5 24.0605.E1    (0)    1 :  0.859 0.060 0.027 0.054 
  6 24.0606.E1    (0)    1 :  0.734 0.046 0.127 0.093 
  7 24.0607.E1    (0)    1 :  0.570 0.376 0.033 0.021 
  8 24.0608.E1    (0)    1 :  0.647 0.015 0.027 0.311 
  9 24.0609.E1    (0)    1 :  0.051 0.015 0.316 0.618 
 10 24.0610.E1    (0)    1 :  0.313 0.013 0.244 0.429 
 11 24.0611.E1    (0)    1 :  0.629 0.071 0.099 0.201 
 12 24.0612.E1    (0)    1 :  0.921 0.044 0.020 0.015 
 13 24.0613.E1    (0)    1 :  0.692 0.030 0.123 0.155 
 14 24.0614.E1    (0)    1 :  0.705 0.029 0.023 0.242 
 15 24.0615.E1    (0)    1 :  0.479 0.071 0.026 0.424 
 16 24.0616.E1    (0)    1 :  0.756 0.140 0.028 0.076 
 17 24.0617.E1    (0)    1 :  0.184 0.071 0.033 0.712 
 18 24.0618.E1    (0)    1 :  0.241 0.080 0.172 0.508 
 19 24.0619.E1    (0)    1 :  0.103 0.057 0.778 0.061 
 20 24.0620.E1   (20)    1 :  0.745 0.046 0.129 0.080 
 21 24.0621.E1    (0)    1 :  0.021 0.032 0.605 0.342 
 22 24.0622.E1    (0)    1 :  0.820 0.049 0.100 0.031 
 23 24.0623.E1    (0)    1 :  0.446 0.313 0.129 0.112 
 24 24.0624.E1    (0)    1 :  0.843 0.025 0.038 0.094 
 25 24.0625.E1    (0)    2 :  0.207 0.655 0.060 0.078 
 26 24.0626.E1    (0)    2 :  0.113 0.817 0.016 0.054 
 27 24.0627.E1    (0)    2 :  0.035 0.871 0.077 0.017 
 28 24.0628.E1    (0)    2 :  0.328 0.245 0.278 0.148 
 29 24.0629.E1    (0)    2 :  0.050 0.908 0.022 0.020 
 30 24.0630.E1    (0)    2 :  0.190 0.752 0.035 0.023 
 31 24.0631.E1    (0)    2 :  0.035 0.944 0.014 0.008 
 32 24.0632.E1    (0)    2 :  0.069 0.903 0.016 0.012 
 33 24.0633.E1    (0)    2 :  0.244 0.347 0.292 0.117 
 34 24.0634.E1    (0)    2 :  0.023 0.936 0.024 0.017 
 35 24.0635.E1    (0)    2 :  0.100 0.485 0.363 0.052 
 36 24.0636.E1   (33)    2 :  0.808 0.074 0.099 0.019 
 37 24.0637.E1    (0)    2 :  0.018 0.958 0.016 0.007 
 38 24.0638.E1    (0)    2 :  0.017 0.779 0.191 0.013 
 39 24.0639.E1    (0)    2 :  0.045 0.907 0.014 0.034 
 40 24.0640.E1    (0)    2 :  0.038 0.929 0.020 0.013 
 41 24.0641.E1    (0)    2 :  0.067 0.629 0.275 0.028 
 42 24.0642.E1    (0)    2 :  0.303 0.444 0.242 0.011 
 43 24.0643.E1    (0)    2 :  0.076 0.881 0.024 0.018 
 44 24.0644.E1    (0)    2 :  0.023 0.829 0.050 0.098 
 45 24.0645.E1    (0)    2 :  0.130 0.724 0.068 0.078 
 46 24.0646.E1    (0)    2 :  0.024 0.828 0.050 0.098 
 47 24.0647.E1    (0)    2 :  0.018 0.959 0.016 0.007 
 48 24.0648.E1    (0)    2 :  0.018 0.959 0.015 0.007 
 49 24.0649.E1    (0)    3 :  0.011 0.024 0.866 0.099 
 50 24.0650.E1    (0)    3 :  0.018 0.011 0.547 0.424 
 51 24.0651.E1    (0)    3 :  0.034 0.773 0.151 0.043 
 52 24.0652.E1    (0)    3 :  0.029 0.020 0.331 0.621 
 53 24.0653.E1    (0)    3 :  0.013 0.802 0.092 0.093 
 54 24.0654.E1    (0)    3 :  0.015 0.036 0.318 0.631 
 55 24.0655.E1    (0)    3 :  0.087 0.195 0.406 0.311 
 56 24.0656.E1    (0)    3 :  0.052 0.021 0.222 0.704 
 57 24.0657.E1    (0)    3 :  0.047 0.020 0.249 0.684 
 58 24.0658.E1    (0)    3 :  0.040 0.057 0.630 0.272 
 59 24.0659.E1    (0)    3 :  0.034 0.324 0.305 0.336 
 60 24.0660.E1    (6)    3 :  0.039 0.034 0.897 0.030 
 61 24.0661.E1    (0)    3 :  0.061 0.020 0.092 0.827 
 62 24.0662.E1    (0)    3 :  0.092 0.520 0.207 0.181 
 63 24.0663.E1    (0)    3 :  0.013 0.019 0.086 0.881 
 64 24.0664.E1    (0)    3 :  0.034 0.031 0.598 0.337 
 65 24.0665.E1    (0)    3 :  0.149 0.029 0.636 0.186 
 66 24.0666.E1    (0)    3 :  0.020 0.900 0.040 0.040 
 67 24.0667.E1    (0)    3 :  0.016 0.714 0.239 0.032 
 68 24.0668.E1    (0)    3 :  0.008 0.954 0.020 0.018 
 69 24.0669.E1    (0)    3 :  0.010 0.950 0.020 0.020 
 70 24.0670.E1    (0)    3 :  0.033 0.214 0.206 0.546 
 71 24.0671.E1    (0)    3 :  0.037 0.078 0.460 0.425 
 72 24.0672.E1    (0)    3 :  0.029 0.047 0.904 0.020 
 73 24.0673.E1    (6)    4 :  0.801 0.028 0.066 0.105 
 74 24.0674.E1    (0)    4 :  0.816 0.028 0.126 0.031 
 75 24.0675.E1    (0)    4 :  0.192 0.043 0.476 0.289 
 76 24.0676.E1    (0)    4 :  0.069 0.024 0.437 0.470 
 77 24.0677.E1    (0)    4 :  0.142 0.065 0.136 0.657 
 78 24.0678.E1    (0)    4 :  0.210 0.570 0.185 0.035 
 79 24.0679.E1    (0)    4 :  0.065 0.035 0.791 0.109 
 80 24.0680.E1    (0)    4 :  0.028 0.027 0.927 0.018 
 81 24.0681.E1    (0)    4 :  0.064 0.019 0.900 0.017 
 82 24.0682.E1    (0)    4 :  0.049 0.016 0.920 0.015 
 83 24.0683.E1    (0)    4 :  0.897 0.020 0.063 0.020 
 84 24.0684.E1    (0)    4 :  0.790 0.060 0.127 0.024 
 85 24.0685.E1    (0)    4 :  0.167 0.064 0.747 0.022 
 86 24.0686.E1    (0)    4 :  0.060 0.510 0.402 0.028 
 87 24.0687.E1    (0)    4 :  0.079 0.522 0.367 0.033 
 88 24.0688.E1    (0)    4 :  0.029 0.016 0.943 0.012 
 89 24.0689.E1    (0)    4 :  0.184 0.040 0.271 0.504 
 90 24.0690.E1    (0)    4 :  0.059 0.604 0.314 0.023 
 91 24.0691.E1    (0)    4 :  0.223 0.027 0.705 0.044 
 92 24.0692.E1    (0)    4 :  0.027 0.015 0.929 0.029 
 93 24.0693.E1    (0)    4 :  0.384 0.019 0.459 0.137 
 94 24.0694.E1    (0)    4 :  0.037 0.015 0.934 0.013 
 95 24.0695.E1    (0)    4 :  0.100 0.020 0.827 0.053 
 96 24.0696.E1    (0)    4 :  0.153 0.045 0.778 0.024 
 97 24.0697.E1    (0)    5 :  0.168 0.077 0.715 0.040 
 98 24.0698.E1    (0)    5 :  0.325 0.435 0.119 0.121 
 99 24.0699.E1    (0)    5 :  0.087 0.590 0.139 0.184 
100 24.0700.E1    (0)    5 :  0.020 0.032 0.927 0.020 
101 24.0701.E1    (0)    5 :  0.031 0.918 0.022 0.029 
102 24.0702.E1    (0)    5 :  0.070 0.156 0.750 0.023 
103 24.0703.E1    (0)    5 :  0.046 0.752 0.112 0.089 
104 24.0704.E1    (6)    5 :  0.089 0.681 0.169 0.061 
105 24.0705.E1    (0)    5 :  0.048 0.034 0.903 0.015 
106 24.0706.E1    (0)    5 :  0.018 0.018 0.941 0.022 
107 24.0707.E1    (0)    5 :  0.060 0.082 0.842 0.017 
108 24.0708.E1    (0)    5 :  0.157 0.485 0.041 0.317 
109 24.0709.E1    (0)    5 :  0.023 0.024 0.821 0.132 
110 24.0710.E1    (0)    5 :  0.401 0.326 0.141 0.133 
111 24.0711.E1    (0)    5 :  0.132 0.395 0.442 0.030 
112 24.0712.E1    (0)    5 :  0.025 0.933 0.026 0.016 
113 24.0713.E1    (0)    5 :  0.023 0.021 0.919 0.038 
114 24.0714.E1    (0)    5 :  0.066 0.123 0.722 0.088 
115 24.0715.E1    (0)    5 :  0.747 0.045 0.176 0.032 
116 24.0716.E1    (0)    5 :  0.103 0.711 0.059 0.127 
117 24.0717.E1    (0)    5 :  0.281 0.184 0.291 0.244 
118 24.0718.E1    (0)    5 :  0.022 0.058 0.907 0.012 
119 24.0719.E1    (0)    5 :  0.019 0.053 0.900 0.027 
120 24.0720.E1    (0)    5 :  0.019 0.030 0.917 0.034 
121 24.0721.E1    (0)    6 :  0.636 0.058 0.216 0.090 
122 24.0722.E1    (0)    6 :  0.645 0.299 0.039 0.017 
123 24.0723.E1    (0)    6 :  0.454 0.367 0.039 0.140 
124 24.0724.E1    (0)    6 :  0.802 0.052 0.041 0.105 
125 24.0725.E1    (0)    6 :  0.817 0.043 0.055 0.086 
126 24.0726.E1    (6)    6 :  0.728 0.021 0.229 0.021 
127 24.0727.E1    (0)    6 :  0.902 0.033 0.028 0.037 
128 24.0728.E1    (0)    6 :  0.848 0.059 0.049 0.044 
129 24.0729.E1    (0)    6 :  0.761 0.046 0.147 0.046 
130 24.0730.E1    (0)    6 :  0.532 0.087 0.208 0.173 
131 24.0731.E1    (0)    6 :  0.539 0.015 0.426 0.019 
132 24.0732.E1    (0)    6 :  0.927 0.019 0.038 0.016 
133 24.0733.E1    (0)    6 :  0.962 0.010 0.016 0.012 
134 24.0734.E1    (0)    6 :  0.938 0.018 0.028 0.015 
135 24.0735.E1    (0)    6 :  0.886 0.040 0.034 0.039 
136 24.0736.E1    (0)    6 :  0.956 0.014 0.015 0.015 
137 24.0737.E1    (0)    6 :  0.596 0.218 0.148 0.037 
138 24.0738.E1    (0)    6 :  0.919 0.023 0.032 0.026 
139 24.0739.E1    (0)    6 :  0.748 0.048 0.171 0.033 
140 24.0740.E1    (0)    6 :  0.573 0.049 0.313 0.065 
141 24.0741.E1    (0)    6 :  0.908 0.018 0.055 0.019 
142 24.0742.E1    (0)    6 :  0.956 0.015 0.016 0.013 
143 24.0743.E1    (0)    6 :  0.840 0.016 0.077 0.066 
144 24.0744.E1    (0)    6 :  0.563 0.236 0.118 0.083 
145 24.0745.E1    (0)    7 :  0.875 0.030 0.062 0.034 
146 24.0746.E1    (0)    7 :  0.792 0.110 0.072 0.026 
147 24.0747.E1    (0)    7 :  0.824 0.015 0.128 0.033 
148 24.0748.E1    (6)    7 :  0.724 0.017 0.202 0.058 
149 24.0749.E1    (0)    7 :  0.953 0.021 0.014 0.012 
150 24.0750.E1    (0)    7 :  0.624 0.037 0.302 0.037 
151 24.0751.E1    (0)    7 :  0.961 0.015 0.013 0.011 
152 24.0752.E1    (0)    7 :  0.966 0.013 0.011 0.010 
153 24.0753.E1    (0)    7 :  0.932 0.041 0.015 0.012 
154 24.0754.E1    (0)    7 :  0.954 0.013 0.017 0.016 
155 24.0755.E1    (0)    7 :  0.813 0.032 0.096 0.059 
156 24.0756.E1    (0)    7 :  0.948 0.013 0.013 0.027 
157 24.0757.E1    (0)    7 :  0.967 0.012 0.012 0.009 
158 24.0758.E1    (0)    7 :  0.966 0.012 0.012 0.010 
159 24.0759.E1    (0)    7 :  0.956 0.013 0.017 0.014 
160 24.0760.E1    (0)    7 :  0.763 0.172 0.049 0.016 
161 24.0761.E1    (0)    7 :  0.963 0.014 0.011 0.011 
162 24.0762.E1    (0)    7 :  0.298 0.129 0.461 0.112 
163 24.0763.E1    (0)    7 :  0.964 0.010 0.013 0.012 
164 24.0764.E1    (0)    7 :  0.965 0.012 0.012 0.010 
165 24.0765.E1    (0)    7 :  0.939 0.026 0.019 0.017 
166 24.0766.E1    (0)    7 :  0.964 0.011 0.013 0.012 
167 24.0767.E1    (0)    7 :  0.969 0.009 0.012 0.011 
168 24.0768.E1    (0)    7 :  0.745 0.022 0.179 0.054 
169 24.0779.E1    (0)    8 :  0.093 0.041 0.836 0.030 
170 24.0780.E1    (6)    8 :  0.013 0.022 0.617 0.348 
171 24.0781.E1    (0)    8 :  0.013 0.016 0.945 0.027 
172 24.0782.E1    (0)    8 :  0.452 0.092 0.382 0.074 
173 24.0783.E1    (0)    8 :  0.015 0.033 0.726 0.226 
174 24.0784.E1    (0)    8 :  0.013 0.019 0.923 0.045 
175 24.0785.E1    (0)    8 :  0.014 0.031 0.592 0.364 
176 24.0786.E1    (0)    8 :  0.034 0.020 0.802 0.145 
177 24.0787.E1    (0)    8 :  0.048 0.054 0.866 0.033 
178 24.0788.E1    (0)    8 :  0.016 0.023 0.791 0.170 
179 24.0789.E1    (0)    8 :  0.093 0.120 0.483 0.304 
180 24.0790.E1    (0)    8 :  0.010 0.020 0.913 0.057 
181 24.0791.E1    (0)    8 :  0.016 0.027 0.935 0.022 
182 24.0792.E1    (0)    8 :  0.037 0.018 0.772 0.172 
183 24.0793.E1    (0)    9 :  0.021 0.737 0.020 0.222 
184 24.0794.E1    (0)    9 :  0.213 0.025 0.088 0.674 
185 24.0795.E1    (0)    9 :  0.245 0.440 0.142 0.173 
186 24.0796.E1    (0)    9 :  0.015 0.018 0.071 0.895 
187 24.0797.E1    (0)    9 :  0.013 0.264 0.042 0.680 
188 24.0798.E1    (0)    9 :  0.054 0.621 0.094 0.231 
189 24.0799.E1    (0)    9 :  0.024 0.732 0.034 0.210 
190 24.0800.E1    (0)    9 :  0.028 0.037 0.087 0.849 
191 24.0801.E1    (0)    9 :  0.015 0.847 0.102 0.036 
192 24.0802.E1    (0)    9 :  0.016 0.700 0.036 0.248 
193 24.0803.E1    (0)    9 :  0.014 0.935 0.017 0.034 
194 24.0804.E1    (0)    9 :  0.013 0.343 0.018 0.626 
195 24.0805.E1    (0)    9 :  0.031 0.249 0.644 0.075 
196 24.0806.E1    (0)    9 :  0.017 0.916 0.021 0.046 
197 24.0807.E1    (0)    9 :  0.013 0.565 0.034 0.388 
198 24.0808.E1    (0)    9 :  0.017 0.042 0.540 0.401 
199 24.0809.E1    (0)    9 :  0.060 0.076 0.501 0.363 
200 24.0810.E1    (0)    9 :  0.088 0.646 0.042 0.224 
201 24.0811.E1    (0)    9 :  0.026 0.217 0.033 0.724 
202 24.0812.E1    (0)    9 :  0.031 0.059 0.187 0.722 
203 24.0813.E1    (0)    9 :  0.016 0.332 0.480 0.172 
204 24.0814.E1    (6)    9 :  0.012 0.182 0.078 0.728 
205 24.0815.E1    (0)    9 :  0.016 0.737 0.128 0.119 
206 24.0816.E1    (0)    9 :  0.013 0.721 0.018 0.249 
207 24.0817.E1    (0)   10 :  0.020 0.023 0.028 0.930 
208 24.0818.E1    (0)   10 :  0.057 0.039 0.038 0.866 
209 24.0819.E1    (0)   10 :  0.072 0.564 0.043 0.320 
210 24.0820.E1    (0)   10 :  0.171 0.032 0.015 0.783 
211 24.0821.E1    (0)   10 :  0.021 0.278 0.140 0.561 
212 24.0822.E1    (0)   10 :  0.024 0.012 0.023 0.940 
213 24.0823.E1    (0)   10 :  0.054 0.034 0.016 0.897 
214 24.0824.E1    (0)   10 :  0.028 0.509 0.043 0.420 
215 24.0825.E1    (0)   10 :  0.017 0.014 0.027 0.942 
216 24.0826.E1    (0)   10 :  0.082 0.032 0.019 0.867 
217 24.0827.E1    (0)   10 :  0.023 0.029 0.024 0.924 
218 24.0828.E1    (0)   10 :  0.023 0.031 0.030 0.916 
219 24.0829.E1    (0)   10 :  0.019 0.019 0.019 0.943 
220 24.0830.E1    (0)   10 :  0.012 0.018 0.092 0.878 
221 24.0831.E1    (0)   10 :  0.010 0.016 0.207 0.767 
222 24.0832.E1    (0)   10 :  0.012 0.009 0.014 0.965 
223 24.0833.E1    (0)   10 :  0.011 0.009 0.018 0.962 
224 24.0834.E1    (0)   10 :  0.018 0.013 0.019 0.950 
225 24.0835.E1    (0)   10 :  0.017 0.026 0.023 0.934 
226 24.0836.E1    (0)   10 :  0.030 0.025 0.053 0.893 
227 24.0837.E1    (0)   10 :  0.015 0.013 0.031 0.941 
228 24.0838.E1    (0)   10 :  0.019 0.012 0.041 0.927 
229 24.0839.E1    (0)   10 :  0.104 0.108 0.094 0.693 
230 24.0840.E1    (0)   10 :  0.022 0.091 0.018 0.869 
231 24.0841.E1    (0)   11 :  0.045 0.010 0.018 0.926 
232 24.0842.E1    (0)   11 :  0.031 0.129 0.016 0.824 
233 24.0843.E1    (0)   11 :  0.021 0.187 0.022 0.770 
234 24.0844.E1    (0)   11 :  0.029 0.297 0.077 0.597 
235 24.0845.E1    (0)   11 :  0.012 0.020 0.070 0.898 
236 24.0846.E1    (0)   11 :  0.021 0.035 0.033 0.911 
237 24.0847.E1    (0)   11 :  0.039 0.025 0.049 0.888 
238 24.0848.E1    (0)   11 :  0.012 0.021 0.062 0.906 
239 24.0849.E1    (0)   11 :  0.016 0.013 0.013 0.958 
240 24.0850.E1    (0)   11 :  0.015 0.013 0.013 0.959 
241 24.0851.E1    (0)   11 :  0.016 0.013 0.013 0.958 
242 24.0852.E1    (0)   11 :  0.025 0.012 0.030 0.933 
243 24.0853.E1    (0)   11 :  0.014 0.013 0.014 0.959 
244 24.0854.E1    (0)   11 :  0.021 0.580 0.028 0.371 
245 24.0855.E1    (0)   11 :  0.016 0.016 0.014 0.954 
246 24.0856.E1    (0)   11 :  0.089 0.806 0.028 0.078 
247 24.0857.E1    (0)   11 :  0.034 0.042 0.038 0.887 
248 24.0858.E1    (0)   11 :  0.030 0.030 0.041 0.899 
249 24.0859.E1    (0)   11 :  0.074 0.042 0.019 0.865 
250 24.0860.E1    (0)   11 :  0.034 0.819 0.021 0.127 
251 24.0861.E1    (0)   11 :  0.018 0.013 0.014 0.955 
252 24.0862.E1    (0)   11 :  0.029 0.537 0.085 0.349 
253 24.0863.E1    (0)   11 :  0.018 0.013 0.014 0.955 
254 24.0864.E1    (0)   11 :  0.051 0.018 0.773 0.157 
255 24.0865.E1    (0)   12 :  0.298 0.025 0.163 0.514 
256 24.0866.E1    (0)   12 :  0.161 0.065 0.278 0.495 
257 24.0867.E1    (0)   12 :  0.272 0.069 0.340 0.320 
258 24.0868.E1    (0)   12 :  0.028 0.036 0.892 0.044 
259 24.0869.E1    (0)   12 :  0.021 0.023 0.875 0.082 
260 24.0870.E1    (0)   12 :  0.072 0.100 0.793 0.034 
261 24.0871.E1    (0)   12 :  0.042 0.112 0.770 0.077 
262 24.0872.E1    (0)   12 :  0.182 0.022 0.665 0.131 
263 24.0873.E1    (0)   12 :  0.039 0.030 0.822 0.110 
264 24.0874.E1    (0)   12 :  0.285 0.053 0.231 0.431 
265 24.0875.E1    (0)   12 :  0.020 0.030 0.926 0.024 
266 24.0876.E1    (0)   12 :  0.085 0.018 0.885 0.012 
267 24.0877.E1    (0)   12 :  0.937 0.018 0.027 0.019 
268 24.0878.E1    (0)   12 :  0.476 0.023 0.381 0.121 
269 24.0879.E1    (0)   12 :  0.379 0.385 0.216 0.020 
270 24.0880.E1    (0)   12 :  0.033 0.043 0.588 0.335 
271 24.0881.E1    (0)   12 :  0.917 0.035 0.017 0.032 
272 24.0882.E1    (0)   12 :  0.960 0.014 0.015 0.012 
273 24.0883.E1    (0)   12 :  0.692 0.217 0.068 0.023 
274 24.0884.E1    (0)   12 :  0.883 0.019 0.073 0.025 
275 24.0885.E1    (0)   12 :  0.199 0.033 0.748 0.020 
276 24.0886.E1    (0)   12 :  0.534 0.038 0.409 0.019 
277 24.0887.E1    (0)   12 :  0.798 0.172 0.018 0.012 
278 24.0888.E1    (0)   12 :  0.015 0.022 0.944 0.020 


Estimated Allele Frequencies in each cluster
First column gives estimated ancestral frequencies


Locus 1 : 
31 alleles
0.0% missing data
 115   (0.042) 0.086 0.007 0.057 0.008 
 117   (0.035) 0.207 0.009 0.027 0.003 
 119   (0.039) 0.287 0.099 0.015 0.004 
 131   (0.020) 0.024 0.002 0.009 0.003 
 128   (0.034) 0.009 0.006 0.048 0.023 
 135   (0.017) 0.030 0.002 0.009 0.002 
 126   (0.071) 0.054 0.029 0.079 0.170 
 122   (0.024) 0.003 0.116 0.012 0.004 
 132   (0.031) 0.007 0.009 0.027 0.026 
 141   (0.012) 0.003 0.004 0.003 0.001 
 130   (0.053) 0.012 0.044 0.086 0.020 
 134   (0.038) 0.003 0.060 0.028 0.037 
 145   (0.026) 0.008 0.012 0.010 0.027 
 127   (0.022) 0.087 0.011 0.007 0.001 
 116   (0.111) 0.025 0.154 0.193 0.196 
 114   (0.044) 0.005 0.076 0.031 0.144 
 120   (0.036) 0.006 0.072 0.044 0.005 
 110   (0.048) 0.024 0.043 0.031 0.046 
 133   (0.016) 0.007 0.006 0.005 0.001 
 118   (0.116) 0.022 0.210 0.197 0.223 
 125   (0.015) 0.001 0.005 0.004 0.009 
 129   (0.019) 0.030 0.003 0.009 0.001 
 124   (0.018) 0.004 0.007 0.013 0.002 
 136   (0.024) 0.002 0.003 0.024 0.031 
 121   (0.014) 0.030 0.001 0.003 0.001 
 139   (0.012) 0.005 0.002 0.004 0.001 
 113   (0.011) 0.006 0.001 0.002 0.001 
 111   (0.012) 0.006 0.001 0.002 0.001 
 143   (0.012) 0.006 0.001 0.002 0.001 
 140   (0.015) 0.001 0.003 0.013 0.001 
 112   (0.012) 0.001 0.001 0.003 0.006 

Locus 2 : 
18 alleles
0.0% missing data
 152   (0.356) 0.680 0.460 0.402 0.294 
 148   (0.076) 0.110 0.110 0.079 0.006 
 154   (0.114) 0.054 0.139 0.118 0.133 
 156   (0.017) 0.005 0.007 0.006 0.003 
 150   (0.024) 0.024 0.027 0.005 0.001 
 164   (0.074) 0.058 0.031 0.067 0.081 
 158   (0.027) 0.008 0.066 0.010 0.002 
 160   (0.020) 0.008 0.003 0.013 0.001 
 166   (0.020) 0.002 0.018 0.014 0.002 
 151   (0.076) 0.006 0.055 0.103 0.334 
 147   (0.071) 0.006 0.056 0.106 0.118 
 168   (0.023) 0.002 0.007 0.019 0.006 
 153   (0.016) 0.002 0.003 0.011 0.003 
 149   (0.024) 0.006 0.007 0.020 0.002 
 162   (0.019) 0.003 0.007 0.006 0.011 
 167   (0.014) 0.012 0.001 0.003 0.001 
 146   (0.014) 0.013 0.001 0.003 0.001 
 172   (0.015) 0.001 0.001 0.014 0.001 

Locus 3 : 
4 alleles
0.0% missing data
 128   (0.300) 0.316 0.267 0.290 0.344 
 126   (0.615) 0.652 0.642 0.671 0.565 
 132   (0.071) 0.031 0.074 0.036 0.090 
 134   (0.015) 0.001 0.017 0.003 0.001 

Locus 4 : 
3 alleles
0.0% missing data
 170   (0.309) 0.291 0.332 0.282 0.329 
 172   (0.677) 0.707 0.665 0.713 0.669 
 171   (0.014) 0.002 0.003 0.005 0.001 

Locus 5 : 
37 alleles
0.0% missing data
 125   (0.050) 0.052 0.071 0.033 0.070 
 110   (0.031) 0.015 0.024 0.016 0.071 
 129   (0.040) 0.021 0.018 0.046 0.050 
 113   (0.040) 0.008 0.037 0.061 0.032 
 145   (0.053) 0.165 0.019 0.081 0.035 
 155   (0.049) 0.073 0.129 0.032 0.040 
 117   (0.029) 0.039 0.009 0.051 0.002 
 124   (0.012) 0.011 0.001 0.003 0.001 
 133   (0.029) 0.052 0.004 0.052 0.003 
 157   (0.052) 0.022 0.081 0.072 0.044 
 141   (0.015) 0.001 0.002 0.024 0.002 
 112   (0.061) 0.122 0.106 0.046 0.126 
 121   (0.022) 0.004 0.017 0.012 0.023 
 114   (0.040) 0.119 0.009 0.039 0.045 
 153   (0.054) 0.021 0.113 0.063 0.084 
 127   (0.063) 0.084 0.024 0.097 0.132 
 131   (0.053) 0.108 0.153 0.031 0.046 
 135   (0.029) 0.004 0.009 0.041 0.046 
 104   (0.011) 0.002 0.003 0.004 0.001 
 118   (0.018) 0.005 0.013 0.014 0.001 
 116   (0.027) 0.005 0.038 0.021 0.009 
 137   (0.021) 0.008 0.073 0.009 0.002 
 123   (0.021) 0.004 0.009 0.008 0.053 
 149   (0.011) 0.001 0.001 0.006 0.002 
 138   (0.016) 0.001 0.002 0.027 0.005 
 143   (0.024) 0.030 0.007 0.008 0.042 
 163   (0.010) 0.001 0.005 0.004 0.001 
 109   (0.011) 0.001 0.001 0.013 0.001 
 139   (0.010) 0.001 0.002 0.007 0.001 
 106   (0.011) 0.001 0.001 0.007 0.001 
 144   (0.014) 0.001 0.003 0.024 0.001 
 122   (0.011) 0.012 0.001 0.003 0.001 
 100   (0.018) 0.001 0.008 0.012 0.018 
 111   (0.013) 0.001 0.001 0.019 0.001 
 233   (0.010) 0.001 0.004 0.003 0.003 
 134   (0.010) 0.001 0.001 0.004 0.005 
 140   (0.010) 0.001 0.001 0.007 0.001 

Locus 6 : 
17 alleles
0.0% missing data
 221   (0.019) 0.106 0.003 0.005 0.002 
 232   (0.230) 0.297 0.234 0.261 0.438 
 229   (0.053) 0.067 0.046 0.023 0.048 
 223   (0.061) 0.051 0.043 0.042 0.056 
 230   (0.155) 0.199 0.118 0.205 0.138 
 235   (0.019) 0.032 0.004 0.005 0.002 
 236   (0.041) 0.043 0.016 0.037 0.007 
 227   (0.022) 0.034 0.004 0.011 0.002 
 220   (0.051) 0.004 0.109 0.041 0.066 
 222   (0.044) 0.003 0.157 0.049 0.009 
 234   (0.132) 0.100 0.173 0.156 0.098 
 224   (0.038) 0.003 0.034 0.025 0.035 
 228   (0.060) 0.007 0.039 0.096 0.066 
 225   (0.012) 0.002 0.005 0.003 0.001 
 226   (0.020) 0.002 0.011 0.005 0.031 
 233   (0.025) 0.042 0.003 0.016 0.002 
 231   (0.018) 0.007 0.002 0.020 0.001 

Locus 7 : 
10 alleles
0.0% missing data
 121   (0.693) 0.814 0.749 0.818 0.762 
 129   (0.076) 0.086 0.029 0.046 0.131 
 130   (0.016) 0.002 0.014 0.003 0.001 
 123   (0.096) 0.061 0.133 0.060 0.096 
 128   (0.021) 0.010 0.022 0.005 0.001 
 131   (0.015) 0.002 0.015 0.003 0.002 
 117   (0.013) 0.001 0.001 0.008 0.001 
 125   (0.014) 0.001 0.017 0.003 0.001 
 134   (0.041) 0.012 0.019 0.050 0.004 
 132   (0.015) 0.011 0.001 0.005 0.001 

Locus 8 : 
19 alleles
0.0% missing data
 184   (0.298) 0.436 0.490 0.389 0.328 
 194   (0.048) 0.033 0.024 0.052 0.010 
 178   (0.091) 0.124 0.095 0.063 0.197 
 176   (0.077) 0.124 0.021 0.102 0.059 
 182   (0.081) 0.116 0.062 0.071 0.069 
 190   (0.032) 0.020 0.045 0.008 0.012 
 196   (0.019) 0.002 0.002 0.009 0.039 
 200   (0.029) 0.016 0.030 0.012 0.002 
 180   (0.020) 0.003 0.060 0.005 0.003 
 188   (0.039) 0.011 0.007 0.041 0.042 
 174   (0.041) 0.028 0.024 0.048 0.003 
 186   (0.122) 0.074 0.091 0.166 0.181 
 192   (0.025) 0.006 0.014 0.006 0.038 
 201   (0.012) 0.001 0.008 0.002 0.001 
 199   (0.016) 0.001 0.019 0.005 0.004 
 185   (0.012) 0.001 0.001 0.004 0.004 
 203   (0.012) 0.001 0.001 0.007 0.001 
 198   (0.012) 0.001 0.001 0.006 0.002 
 209   (0.012) 0.001 0.004 0.003 0.004 

Locus 9 : 
6 alleles
0.4% missing data
 154   (0.683) 0.690 0.735 0.729 0.820 
 156   (0.211) 0.247 0.243 0.212 0.087 
 152   (0.048) 0.032 0.007 0.030 0.083 
 153   (0.016) 0.002 0.005 0.009 0.004 
 160   (0.017) 0.002 0.009 0.006 0.004 
 164   (0.026) 0.028 0.003 0.015 0.001 

Locus 10 : 
29 alleles
0.7% missing data
 305   (0.066) 0.058 0.151 0.050 0.014 
 313   (0.049) 0.073 0.013 0.037 0.028 
 311   (0.015) 0.008 0.002 0.006 0.002 
 299   (0.080) 0.165 0.088 0.040 0.202 
 315   (0.069) 0.092 0.039 0.089 0.013 
 287   (0.034) 0.008 0.233 0.012 0.015 
 291   (0.101) 0.051 0.028 0.183 0.302 
 295   (0.035) 0.030 0.004 0.082 0.003 
 289   (0.019) 0.002 0.068 0.004 0.002 
 303   (0.065) 0.247 0.019 0.037 0.172 
 297   (0.032) 0.095 0.008 0.007 0.057 
 293   (0.023) 0.002 0.005 0.053 0.002 
 301   (0.060) 0.034 0.057 0.075 0.012 
 285   (0.021) 0.002 0.180 0.005 0.004 
 307   (0.060) 0.100 0.022 0.043 0.049 
 312   (0.049) 0.005 0.017 0.095 0.051 
 306   (0.022) 0.002 0.002 0.047 0.003 
 320   (0.014) 0.001 0.001 0.014 0.001 
 317   (0.020) 0.005 0.002 0.011 0.035 
 314   (0.026) 0.009 0.009 0.021 0.002 
 323   (0.013) 0.001 0.001 0.008 0.001 
 325   (0.013) 0.001 0.001 0.008 0.001 
 310   (0.020) 0.001 0.002 0.015 0.014 
 309   (0.015) 0.001 0.002 0.014 0.001 
 316   (0.019) 0.001 0.002 0.016 0.006 
 296   (0.013) 0.001 0.001 0.007 0.001 
 304   (0.017) 0.001 0.027 0.004 0.004 
 321   (0.015) 0.001 0.009 0.008 0.002 
 332   (0.016) 0.001 0.004 0.011 0.003 

Locus 11 : 
19 alleles
0.0% missing data
 114   (0.143) 0.235 0.164 0.188 0.016 
 126   (0.019) 0.035 0.003 0.005 0.001 
 111   (0.086) 0.042 0.150 0.038 0.546 
 116   (0.097) 0.187 0.091 0.084 0.016 
 132   (0.013) 0.006 0.002 0.003 0.001 
 109   (0.018) 0.021 0.002 0.006 0.002 
 128   (0.018) 0.003 0.002 0.011 0.003 
 112   (0.338) 0.418 0.428 0.506 0.079 
 122   (0.017) 0.004 0.003 0.010 0.002 
 124   (0.013) 0.002 0.008 0.003 0.001 
 118   (0.049) 0.027 0.052 0.031 0.018 
 127   (0.013) 0.001 0.001 0.008 0.001 
 113   (0.039) 0.003 0.029 0.020 0.268 
 115   (0.037) 0.009 0.039 0.032 0.004 
 120   (0.024) 0.002 0.003 0.014 0.029 
 117   (0.024) 0.003 0.011 0.011 0.006 
 125   (0.018) 0.001 0.002 0.019 0.002 
 119   (0.017) 0.001 0.004 0.008 0.006 
 136   (0.013) 0.003 0.004 0.004 0.001 

Locus 12 : 
28 alleles
0.7% missing data
 306   (0.062) 0.056 0.171 0.033 0.016 
 314   (0.050) 0.065 0.013 0.024 0.073 
 312   (0.015) 0.013 0.001 0.003 0.001 
 300   (0.089) 0.173 0.089 0.041 0.201 
 316   (0.036) 0.088 0.023 0.010 0.010 
 288   (0.031) 0.007 0.231 0.009 0.014 
 292   (0.114) 0.052 0.030 0.188 0.303 
 296   (0.039) 0.030 0.005 0.088 0.003 
 290   (0.019) 0.002 0.068 0.004 0.002 
 304   (0.068) 0.248 0.020 0.038 0.171 
 298   (0.035) 0.096 0.009 0.008 0.056 
 294   (0.025) 0.002 0.005 0.053 0.002 
 302   (0.066) 0.034 0.057 0.075 0.013 
 286   (0.023) 0.002 0.188 0.005 0.004 
 308   (0.035) 0.095 0.020 0.018 0.002 
 313   (0.041) 0.004 0.016 0.110 0.004 
 307   (0.042) 0.006 0.004 0.069 0.054 
 321   (0.015) 0.001 0.002 0.014 0.001 
 315   (0.050) 0.012 0.023 0.099 0.005 
 318   (0.017) 0.001 0.002 0.009 0.034 
 324   (0.013) 0.001 0.001 0.008 0.001 
 326   (0.014) 0.001 0.002 0.008 0.001 
 311   (0.026) 0.004 0.004 0.025 0.022 
 310   (0.015) 0.001 0.002 0.014 0.001 
 305   (0.018) 0.002 0.002 0.019 0.002 
 317   (0.015) 0.001 0.002 0.014 0.001 
 320   (0.013) 0.001 0.003 0.007 0.001 
 322   (0.016) 0.001 0.009 0.008 0.002 

Locus 13 : 
7 alleles
1.1% missing data
 161   (0.577) 0.796 0.315 0.665 0.423 
 163   (0.297) 0.122 0.307 0.292 0.506 
 160   (0.028) 0.004 0.179 0.011 0.002 
 162   (0.023) 0.002 0.187 0.005 0.001 
 165   (0.044) 0.040 0.008 0.019 0.066 
 166   (0.014) 0.004 0.002 0.005 0.001 
 164   (0.017) 0.032 0.002 0.003 0.001 

Locus 14 : 
4 alleles
0.4% missing data
  98   (0.956) 0.986 0.995 0.981 0.996 
 100   (0.014) 0.001 0.002 0.007 0.001 
  96   (0.016) 0.012 0.002 0.004 0.001 
 105   (0.014) 0.001 0.001 0.008 0.001 

Locus 15 : 
12 alleles
2.2% missing data
 171   (0.286) 0.316 0.300 0.293 0.336 
 177   (0.192) 0.114 0.264 0.231 0.105 
 173   (0.263) 0.184 0.178 0.322 0.499 
 179   (0.087) 0.293 0.219 0.035 0.028 
 183   (0.021) 0.019 0.005 0.006 0.004 
 181   (0.045) 0.053 0.006 0.032 0.021 
 197   (0.026) 0.014 0.003 0.022 0.002 
 170   (0.016) 0.001 0.002 0.014 0.001 
 189   (0.016) 0.001 0.010 0.008 0.001 
 203   (0.017) 0.001 0.002 0.021 0.001 
 187   (0.019) 0.001 0.008 0.011 0.001 
 198   (0.013) 0.001 0.003 0.007 0.001 

Values of parameters used in structure:
DATAFILE=STRUCTURE_main_final_278_HEG_ZG.str,	OUTFILE=STRUCTURE_main_final_278_HEG_ZG-K4-15,	NUMINDS=278,	NUMLOCI=15,	MISSING=-9,	LABEL=1,	POPDATA=1,	POPFLAG=0,	PHENOTYPE=0,	EXTRACOLS=0,	MAXPOPS=4,	BURNIN=100000,	NUMREPS=500000,	USEPOPINFO=0,	INFERALPHA=1,	INFERLAMBDA=0,	POPSPECIFICLAMBDA=0,	POPALPHAS=0,	COMPUTEPROB=1,	NOADMIX=0,	ADMBURNIN=2500,	UPDATEFREQ=1,	PRINTLIKES=0,	INTERMEDSAVE=0,	PRINTKLD=0,	PRINTNET=0,	PRINTLAMBDA=0,	ANCESTDIST=0,	NUMBOXES=1000,	ANCESTPINT=0.90000,	GENSBACK=2,	MIGRPRIOR=0.05000,	PRINTQHAT=0,	PRINTQSUM=0,	ALPHA=1.0000,	FREQSCORR=1,	FPRIORMEAN=0.0100,	FPRIORSD=0.0500,	ONEFST=0,	LAMBDA=1.0000,	UNIFPRIORALPHA=1,	ALPHAMAX=10.0000,	ALPHAPRIORA=1.0000,	ALPHAPRIORB=2.0000,	ALPHAPROPSD=0.0250,	STARTATPOPINFO=0,	RANDOMIZE=1,	LINKAGE=0,	METROFREQ=10,	REPORTHITRATE=0,	MARKOVPHASE=-1,	PHASED=0,	PLOIDY=2,	PHASEINFO=0	LOCPRIOR=0, 	LOCPRIORINIT=1.000000, 	LOCDATA=0, 	LOCISPOP=0, 	LOCPRIORSTEP=0.100000, 	MAXLOCPRIOR=20.000000, 	SEED=1782480298,	
[STRAT parameters]:    NUMSIMSTATS=1000,	PHENOTYPECOL=-9,	POOLFREQ=10,	LOCUSxONLY=0,	EMERROR=0.00100,	MISSINGPHENO=-9,	