

----------------------------------------------------
STRUCTURE by Pritchard, Stephens and Donnelly (2000)
     and Falush, Stephens and Pritchard (2003)
       Code by Pritchard, Falush and Hubisz
             Version 2.3.4 (Jul 2012)
----------------------------------------------------



Command line arguments:   structure -K 7 -i STRUCTURE_main_final_278_HEG_ZG.str -o STRUCTURE_main_final_278_HEG_ZG-K7-15 
Input File:    STRUCTURE_main_final_278_HEG_ZG.str

Run parameters:
   278 individuals
   15 loci
   7 populations assumed
   100000 Burn-in period
   500000 Reps


--------------------------------------------
Proportion of membership of each pre-defined
 population in each of the 7 clusters

Given    Inferred Clusters                                   Number of
 Pop       1      2      3      4      5      6      7      Individuals

  1:     0.078  0.698  0.065  0.040  0.014  0.083  0.022       24
  2:     0.058  0.027  0.029  0.787  0.037  0.020  0.042       24
  3:     0.031  0.018  0.057  0.012  0.546  0.069  0.268       24
  4:     0.560  0.069  0.021  0.047  0.047  0.051  0.204       24
  5:     0.220  0.031  0.056  0.048  0.091  0.022  0.531       24
  6:     0.126  0.556  0.023  0.150  0.025  0.019  0.103       24
  7:     0.079  0.105  0.012  0.741  0.020  0.013  0.030       24
  8:     0.099  0.030  0.025  0.015  0.109  0.075  0.647       14
  9:     0.024  0.048  0.738  0.011  0.052  0.098  0.029       24
 10:     0.014  0.015  0.081  0.022  0.124  0.721  0.023       24
 11:     0.041  0.022  0.181  0.023  0.102  0.598  0.033       24
 12:     0.314  0.297  0.024  0.090  0.096  0.068  0.111       24
--------------------------------------------

Allele-freq. divergence among pops (Net nucleotide distance),
computed using point estimates of P.

      1       2       3       4       5       6       7      
 1      -    0.0267  0.0450  0.0430  0.0531  0.0615  0.0250  
 2   0.0267     -    0.0358  0.0430  0.0591  0.0587  0.0281  
 3   0.0450  0.0358     -    0.0655  0.0552  0.0339  0.0377  
 4   0.0430  0.0430  0.0655     -    0.0662  0.0873  0.0456  
 5   0.0531  0.0591  0.0552  0.0662     -    0.0587  0.0373  
 6   0.0615  0.0587  0.0339  0.0873  0.0587     -    0.0519  
 7   0.0250  0.0281  0.0377  0.0456  0.0373  0.0519     -    

Average distances (expected heterozygosity) between individuals in same cluster:
cluster  1  : 0.6130 
cluster  2  : 0.6184 
cluster  3  : 0.6271 
cluster  4  : 0.6297 
cluster  5  : 0.6170 
cluster  6  : 0.6164 
cluster  7  : 0.6320 

--------------------------------------------
Estimated Ln Prob of Data   = -12673.8
Mean value of ln likelihood = -12115.5
Variance of ln likelihood   = 1116.5
Mean value of alpha         = 0.0498

Mean value of Fst_1         = 0.0827
Mean value of Fst_2         = 0.0811
Mean value of Fst_3         = 0.1005
Mean value of Fst_4         = 0.1162
Mean value of Fst_5         = 0.1187
Mean value of Fst_6         = 0.1526
Mean value of Fst_7         = 0.0600


Inferred ancestry of individuals:
        Label (%Miss) Pop:  Inferred clusters
  1 24.0601.E1    (0)    1 :  0.010 0.933 0.009 0.021 0.008 0.010 0.009 
  2 24.0602.E1    (0)    1 :  0.007 0.938 0.018 0.006 0.009 0.010 0.011 
  3 24.0603.E1    (0)    1 :  0.031 0.873 0.015 0.008 0.006 0.006 0.060 
  4 24.0604.E1    (0)    1 :  0.136 0.697 0.011 0.008 0.111 0.032 0.006 
  5 24.0605.E1    (0)    1 :  0.026 0.889 0.031 0.021 0.008 0.011 0.015 
  6 24.0606.E1    (0)    1 :  0.130 0.801 0.016 0.015 0.005 0.018 0.015 
  7 24.0607.E1    (0)    1 :  0.031 0.258 0.548 0.054 0.011 0.014 0.085 
  8 24.0608.E1    (0)    1 :  0.011 0.824 0.012 0.030 0.022 0.094 0.008 
  9 24.0609.E1    (0)    1 :  0.266 0.235 0.018 0.005 0.010 0.440 0.025 
 10 24.0610.E1    (0)    1 :  0.152 0.543 0.014 0.007 0.007 0.259 0.018 
 11 24.0611.E1    (0)    1 :  0.023 0.888 0.045 0.007 0.005 0.021 0.012 
 12 24.0612.E1    (0)    1 :  0.008 0.927 0.010 0.019 0.007 0.007 0.022 
 13 24.0613.E1    (0)    1 :  0.047 0.907 0.006 0.006 0.004 0.022 0.008 
 14 24.0614.E1    (0)    1 :  0.018 0.499 0.248 0.153 0.032 0.041 0.009 
 15 24.0615.E1    (0)    1 :  0.011 0.759 0.031 0.031 0.015 0.141 0.013 
 16 24.0616.E1    (0)    1 :  0.010 0.944 0.012 0.008 0.006 0.012 0.009 
 17 24.0617.E1    (0)    1 :  0.020 0.387 0.034 0.038 0.006 0.500 0.016 
 18 24.0618.E1    (0)    1 :  0.038 0.748 0.047 0.008 0.007 0.106 0.047 
 19 24.0619.E1    (0)    1 :  0.272 0.555 0.116 0.008 0.008 0.013 0.028 
 20 24.0620.E1   (20)    1 :  0.353 0.144 0.026 0.361 0.011 0.054 0.051 
 21 24.0621.E1    (0)    1 :  0.222 0.392 0.216 0.005 0.013 0.121 0.032 
 22 24.0622.E1    (0)    1 :  0.019 0.927 0.006 0.017 0.010 0.009 0.012 
 23 24.0623.E1    (0)    1 :  0.022 0.716 0.069 0.128 0.010 0.032 0.023 
 24 24.0624.E1    (0)    1 :  0.006 0.960 0.008 0.006 0.004 0.010 0.007 
 25 24.0625.E1    (0)    2 :  0.075 0.017 0.029 0.763 0.049 0.015 0.052 
 26 24.0626.E1    (0)    2 :  0.005 0.007 0.008 0.954 0.016 0.004 0.006 
 27 24.0627.E1    (0)    2 :  0.048 0.007 0.008 0.563 0.354 0.008 0.011 
 28 24.0628.E1    (0)    2 :  0.173 0.034 0.014 0.664 0.029 0.067 0.020 
 29 24.0629.E1    (0)    2 :  0.011 0.129 0.024 0.755 0.010 0.017 0.054 
 30 24.0630.E1    (0)    2 :  0.023 0.007 0.011 0.935 0.010 0.006 0.007 
 31 24.0631.E1    (0)    2 :  0.005 0.009 0.007 0.966 0.004 0.003 0.005 
 32 24.0632.E1    (0)    2 :  0.009 0.013 0.017 0.924 0.018 0.008 0.012 
 33 24.0633.E1    (0)    2 :  0.128 0.020 0.018 0.626 0.017 0.048 0.144 
 34 24.0634.E1    (0)    2 :  0.017 0.011 0.022 0.907 0.011 0.016 0.016 
 35 24.0635.E1    (0)    2 :  0.054 0.022 0.060 0.489 0.023 0.033 0.319 
 36 24.0636.E1   (33)    2 :  0.139 0.066 0.008 0.739 0.018 0.008 0.023 
 37 24.0637.E1    (0)    2 :  0.006 0.005 0.010 0.963 0.005 0.003 0.009 
 38 24.0638.E1    (0)    2 :  0.159 0.011 0.011 0.658 0.013 0.006 0.142 
 39 24.0639.E1    (0)    2 :  0.008 0.047 0.016 0.777 0.009 0.093 0.050 
 40 24.0640.E1    (0)    2 :  0.010 0.012 0.025 0.928 0.005 0.010 0.010 
 41 24.0641.E1    (0)    2 :  0.075 0.143 0.292 0.439 0.012 0.011 0.028 
 42 24.0642.E1    (0)    2 :  0.269 0.029 0.006 0.660 0.005 0.005 0.026 
 43 24.0643.E1    (0)    2 :  0.010 0.011 0.009 0.678 0.260 0.008 0.022 
 44 24.0644.E1    (0)    2 :  0.036 0.010 0.036 0.867 0.007 0.035 0.009 
 45 24.0645.E1    (0)    2 :  0.087 0.011 0.017 0.849 0.006 0.022 0.007 
 46 24.0646.E1    (0)    2 :  0.036 0.010 0.036 0.868 0.007 0.034 0.009 
 47 24.0647.E1    (0)    2 :  0.006 0.005 0.010 0.962 0.005 0.003 0.009 
 48 24.0648.E1    (0)    2 :  0.006 0.005 0.010 0.962 0.005 0.003 0.009 
 49 24.0649.E1    (0)    3 :  0.011 0.006 0.012 0.005 0.093 0.027 0.846 
 50 24.0650.E1    (0)    3 :  0.421 0.020 0.185 0.004 0.060 0.274 0.037 
 51 24.0651.E1    (0)    3 :  0.019 0.010 0.446 0.073 0.084 0.010 0.359 
 52 24.0652.E1    (0)    3 :  0.007 0.014 0.010 0.005 0.938 0.008 0.019 
 53 24.0653.E1    (0)    3 :  0.009 0.005 0.008 0.006 0.939 0.012 0.021 
 54 24.0654.E1    (0)    3 :  0.010 0.009 0.010 0.010 0.855 0.054 0.051 
 55 24.0655.E1    (0)    3 :  0.014 0.031 0.021 0.012 0.041 0.061 0.821 
 56 24.0656.E1    (0)    3 :  0.011 0.006 0.006 0.007 0.948 0.013 0.010 
 57 24.0657.E1    (0)    3 :  0.011 0.006 0.006 0.007 0.947 0.012 0.011 
 58 24.0658.E1    (0)    3 :  0.035 0.026 0.018 0.007 0.142 0.080 0.692 
 59 24.0659.E1    (0)    3 :  0.019 0.059 0.083 0.005 0.683 0.035 0.116 
 60 24.0660.E1    (6)    3 :  0.015 0.020 0.010 0.009 0.081 0.007 0.857 
 61 24.0661.E1    (0)    3 :  0.006 0.007 0.011 0.014 0.930 0.019 0.013 
 62 24.0662.E1    (0)    3 :  0.016 0.085 0.385 0.020 0.093 0.040 0.360 
 63 24.0663.E1    (0)    3 :  0.029 0.007 0.036 0.008 0.014 0.828 0.078 
 64 24.0664.E1    (0)    3 :  0.014 0.008 0.009 0.015 0.780 0.039 0.136 
 65 24.0665.E1    (0)    3 :  0.017 0.007 0.009 0.033 0.839 0.009 0.086 
 66 24.0666.E1    (0)    3 :  0.007 0.005 0.005 0.004 0.965 0.007 0.007 
 67 24.0667.E1    (0)    3 :  0.007 0.008 0.004 0.005 0.958 0.005 0.013 
 68 24.0668.E1    (0)    3 :  0.004 0.004 0.004 0.004 0.974 0.004 0.005 
 69 24.0669.E1    (0)    3 :  0.005 0.004 0.005 0.005 0.970 0.005 0.006 
 70 24.0670.E1    (0)    3 :  0.005 0.013 0.016 0.005 0.088 0.037 0.837 
 71 24.0671.E1    (0)    3 :  0.020 0.011 0.024 0.012 0.131 0.058 0.745 
 72 24.0672.E1    (0)    3 :  0.034 0.060 0.037 0.006 0.552 0.009 0.302 
 73 24.0673.E1    (6)    4 :  0.264 0.132 0.033 0.403 0.096 0.044 0.027 
 74 24.0674.E1    (0)    4 :  0.810 0.119 0.030 0.016 0.005 0.009 0.011 
 75 24.0675.E1    (0)    4 :  0.815 0.027 0.034 0.034 0.010 0.051 0.028 
 76 24.0676.E1    (0)    4 :  0.684 0.019 0.019 0.016 0.008 0.199 0.056 
 77 24.0677.E1    (0)    4 :  0.024 0.034 0.073 0.006 0.013 0.088 0.761 
 78 24.0678.E1    (0)    4 :  0.029 0.342 0.029 0.027 0.083 0.012 0.477 
 79 24.0679.E1    (0)    4 :  0.312 0.197 0.022 0.008 0.055 0.117 0.289 
 80 24.0680.E1    (0)    4 :  0.242 0.045 0.017 0.013 0.077 0.010 0.596 
 81 24.0681.E1    (0)    4 :  0.694 0.050 0.012 0.013 0.031 0.007 0.193 
 82 24.0682.E1    (0)    4 :  0.971 0.005 0.004 0.006 0.004 0.005 0.005 
 83 24.0683.E1    (0)    4 :  0.777 0.144 0.030 0.026 0.008 0.006 0.010 
 84 24.0684.E1    (0)    4 :  0.605 0.231 0.013 0.074 0.008 0.021 0.048 
 85 24.0685.E1    (0)    4 :  0.924 0.012 0.006 0.014 0.022 0.010 0.013 
 86 24.0686.E1    (0)    4 :  0.024 0.035 0.051 0.027 0.007 0.011 0.845 
 87 24.0687.E1    (0)    4 :  0.049 0.026 0.040 0.085 0.006 0.012 0.781 
 88 24.0688.E1    (0)    4 :  0.963 0.006 0.006 0.007 0.005 0.004 0.009 
 89 24.0689.E1    (0)    4 :  0.128 0.030 0.010 0.043 0.006 0.482 0.300 
 90 24.0690.E1    (0)    4 :  0.057 0.030 0.026 0.053 0.595 0.008 0.231 
 91 24.0691.E1    (0)    4 :  0.911 0.034 0.006 0.007 0.007 0.019 0.017 
 92 24.0692.E1    (0)    4 :  0.888 0.006 0.006 0.007 0.010 0.012 0.072 
 93 24.0693.E1    (0)    4 :  0.549 0.015 0.012 0.207 0.052 0.071 0.094 
 94 24.0694.E1    (0)    4 :  0.953 0.008 0.005 0.009 0.010 0.006 0.010 
 95 24.0695.E1    (0)    4 :  0.847 0.087 0.012 0.007 0.015 0.020 0.013 
 96 24.0696.E1    (0)    4 :  0.919 0.025 0.008 0.015 0.007 0.010 0.017 
 97 24.0697.E1    (0)    5 :  0.215 0.007 0.013 0.023 0.007 0.009 0.726 
 98 24.0698.E1    (0)    5 :  0.092 0.020 0.041 0.036 0.011 0.022 0.778 
 99 24.0699.E1    (0)    5 :  0.007 0.017 0.040 0.008 0.008 0.008 0.913 
100 24.0700.E1    (0)    5 :  0.021 0.006 0.008 0.005 0.007 0.007 0.945 
101 24.0701.E1    (0)    5 :  0.017 0.016 0.017 0.061 0.837 0.013 0.039 
102 24.0702.E1    (0)    5 :  0.015 0.011 0.008 0.014 0.013 0.008 0.930 
103 24.0703.E1    (0)    5 :  0.012 0.012 0.192 0.027 0.009 0.007 0.742 
104 24.0704.E1    (6)    5 :  0.019 0.018 0.337 0.010 0.007 0.008 0.601 
105 24.0705.E1    (0)    5 :  0.806 0.019 0.009 0.008 0.013 0.010 0.135 
106 24.0706.E1    (0)    5 :  0.067 0.007 0.008 0.010 0.015 0.017 0.876 
107 24.0707.E1    (0)    5 :  0.036 0.015 0.023 0.018 0.009 0.006 0.893 
108 24.0708.E1    (0)    5 :  0.043 0.127 0.341 0.210 0.020 0.176 0.082 
109 24.0709.E1    (0)    5 :  0.881 0.011 0.023 0.008 0.009 0.036 0.032 
110 24.0710.E1    (0)    5 :  0.219 0.106 0.072 0.018 0.015 0.023 0.546 
111 24.0711.E1    (0)    5 :  0.076 0.079 0.022 0.034 0.023 0.008 0.758 
112 24.0712.E1    (0)    5 :  0.051 0.035 0.011 0.077 0.689 0.007 0.130 
113 24.0713.E1    (0)    5 :  0.618 0.011 0.027 0.010 0.011 0.024 0.299 
114 24.0714.E1    (0)    5 :  0.049 0.037 0.036 0.010 0.012 0.021 0.835 
115 24.0715.E1    (0)    5 :  0.211 0.034 0.007 0.084 0.012 0.014 0.639 
116 24.0716.E1    (0)    5 :  0.020 0.086 0.051 0.036 0.289 0.042 0.477 
117 24.0717.E1    (0)    5 :  0.024 0.019 0.041 0.393 0.088 0.037 0.398 
118 24.0718.E1    (0)    5 :  0.192 0.023 0.008 0.029 0.042 0.007 0.700 
119 24.0719.E1    (0)    5 :  0.868 0.007 0.009 0.010 0.008 0.018 0.080 
120 24.0720.E1    (0)    5 :  0.730 0.018 0.010 0.009 0.023 0.013 0.196 
121 24.0721.E1    (0)    6 :  0.237 0.043 0.016 0.212 0.028 0.028 0.437 
122 24.0722.E1    (0)    6 :  0.149 0.051 0.017 0.612 0.039 0.014 0.119 
123 24.0723.E1    (0)    6 :  0.028 0.039 0.069 0.648 0.017 0.129 0.071 
124 24.0724.E1    (0)    6 :  0.216 0.454 0.189 0.059 0.012 0.044 0.026 
125 24.0725.E1    (0)    6 :  0.010 0.944 0.006 0.007 0.018 0.006 0.009 
126 24.0726.E1    (6)    6 :  0.218 0.685 0.013 0.050 0.010 0.007 0.017 
127 24.0727.E1    (0)    6 :  0.038 0.679 0.032 0.159 0.027 0.018 0.046 
128 24.0728.E1    (0)    6 :  0.029 0.345 0.010 0.128 0.012 0.026 0.451 
129 24.0729.E1    (0)    6 :  0.173 0.735 0.012 0.029 0.022 0.013 0.015 
130 24.0730.E1    (0)    6 :  0.097 0.078 0.011 0.015 0.014 0.022 0.764 
131 24.0731.E1    (0)    6 :  0.706 0.224 0.008 0.035 0.006 0.009 0.011 
132 24.0732.E1    (0)    6 :  0.215 0.257 0.006 0.438 0.023 0.004 0.057 
133 24.0733.E1    (0)    6 :  0.008 0.964 0.004 0.011 0.004 0.005 0.005 
134 24.0734.E1    (0)    6 :  0.032 0.067 0.009 0.649 0.008 0.008 0.226 
135 24.0735.E1    (0)    6 :  0.028 0.812 0.008 0.086 0.012 0.018 0.037 
136 24.0736.E1    (0)    6 :  0.008 0.955 0.006 0.012 0.005 0.006 0.009 
137 24.0737.E1    (0)    6 :  0.015 0.909 0.019 0.014 0.010 0.009 0.024 
138 24.0738.E1    (0)    6 :  0.017 0.934 0.010 0.011 0.009 0.006 0.014 
139 24.0739.E1    (0)    6 :  0.012 0.941 0.006 0.008 0.010 0.007 0.016 
140 24.0740.E1    (0)    6 :  0.207 0.723 0.014 0.016 0.013 0.014 0.012 
141 24.0741.E1    (0)    6 :  0.188 0.564 0.008 0.165 0.009 0.010 0.057 
142 24.0742.E1    (0)    6 :  0.048 0.732 0.022 0.171 0.006 0.007 0.013 
143 24.0743.E1    (0)    6 :  0.222 0.710 0.029 0.008 0.010 0.012 0.010 
144 24.0744.E1    (0)    6 :  0.111 0.499 0.024 0.053 0.273 0.021 0.019 
145 24.0745.E1    (0)    7 :  0.048 0.006 0.012 0.846 0.049 0.015 0.023 
146 24.0746.E1    (0)    7 :  0.077 0.014 0.052 0.791 0.013 0.013 0.041 
147 24.0747.E1    (0)    7 :  0.292 0.095 0.007 0.565 0.014 0.013 0.014 
148 24.0748.E1    (6)    7 :  0.392 0.100 0.008 0.439 0.021 0.025 0.015 
149 24.0749.E1    (0)    7 :  0.028 0.395 0.010 0.536 0.006 0.007 0.017 
150 24.0750.E1    (0)    7 :  0.282 0.393 0.028 0.088 0.009 0.021 0.180 
151 24.0751.E1    (0)    7 :  0.007 0.013 0.005 0.956 0.005 0.005 0.008 
152 24.0752.E1    (0)    7 :  0.013 0.120 0.007 0.826 0.005 0.013 0.017 
153 24.0753.E1    (0)    7 :  0.012 0.049 0.008 0.907 0.010 0.006 0.008 
154 24.0754.E1    (0)    7 :  0.019 0.023 0.005 0.920 0.017 0.007 0.009 
155 24.0755.E1    (0)    7 :  0.098 0.023 0.010 0.818 0.009 0.019 0.024 
156 24.0756.E1    (0)    7 :  0.010 0.015 0.010 0.947 0.005 0.008 0.006 
157 24.0757.E1    (0)    7 :  0.007 0.006 0.004 0.970 0.005 0.004 0.006 
158 24.0758.E1    (0)    7 :  0.008 0.007 0.004 0.967 0.005 0.004 0.006 
159 24.0759.E1    (0)    7 :  0.022 0.314 0.008 0.606 0.026 0.010 0.014 
160 24.0760.E1    (0)    7 :  0.013 0.009 0.006 0.938 0.011 0.006 0.018 
161 24.0761.E1    (0)    7 :  0.005 0.005 0.004 0.972 0.005 0.004 0.005 
162 24.0762.E1    (0)    7 :  0.084 0.341 0.024 0.034 0.222 0.060 0.235 
163 24.0763.E1    (0)    7 :  0.028 0.021 0.007 0.924 0.007 0.006 0.008 
164 24.0764.E1    (0)    7 :  0.008 0.086 0.005 0.877 0.006 0.005 0.013 
165 24.0765.E1    (0)    7 :  0.012 0.008 0.015 0.946 0.005 0.007 0.006 
166 24.0766.E1    (0)    7 :  0.010 0.025 0.006 0.939 0.007 0.006 0.007 
167 24.0767.E1    (0)    7 :  0.015 0.011 0.008 0.949 0.005 0.006 0.006 
168 24.0768.E1    (0)    7 :  0.402 0.456 0.038 0.024 0.009 0.041 0.030 
169 24.0779.E1    (0)    8 :  0.096 0.017 0.074 0.024 0.021 0.008 0.760 
170 24.0780.E1    (6)    8 :  0.033 0.008 0.012 0.005 0.014 0.192 0.736 
171 24.0781.E1    (0)    8 :  0.008 0.004 0.005 0.005 0.007 0.008 0.963 
172 24.0782.E1    (0)    8 :  0.452 0.151 0.029 0.047 0.012 0.043 0.266 
173 24.0783.E1    (0)    8 :  0.146 0.010 0.009 0.008 0.030 0.357 0.441 
174 24.0784.E1    (0)    8 :  0.040 0.008 0.024 0.005 0.005 0.022 0.897 
175 24.0785.E1    (0)    8 :  0.017 0.007 0.034 0.004 0.152 0.084 0.703 
176 24.0786.E1    (0)    8 :  0.111 0.027 0.012 0.011 0.021 0.130 0.688 
177 24.0787.E1    (0)    8 :  0.016 0.016 0.015 0.036 0.134 0.010 0.774 
178 24.0788.E1    (0)    8 :  0.071 0.007 0.013 0.022 0.182 0.101 0.603 
179 24.0789.E1    (0)    8 :  0.011 0.020 0.032 0.011 0.016 0.039 0.871 
180 24.0790.E1    (0)    8 :  0.008 0.005 0.016 0.005 0.219 0.014 0.733 
181 24.0791.E1    (0)    8 :  0.268 0.127 0.068 0.008 0.267 0.012 0.249 
182 24.0792.E1    (0)    8 :  0.111 0.014 0.010 0.014 0.451 0.030 0.371 
183 24.0793.E1    (0)    9 :  0.011 0.034 0.709 0.019 0.008 0.131 0.088 
184 24.0794.E1    (0)    9 :  0.007 0.633 0.172 0.007 0.106 0.051 0.024 
185 24.0795.E1    (0)    9 :  0.020 0.139 0.777 0.013 0.005 0.020 0.026 
186 24.0796.E1    (0)    9 :  0.010 0.098 0.202 0.007 0.088 0.450 0.146 
187 24.0797.E1    (0)    9 :  0.008 0.014 0.633 0.005 0.014 0.227 0.100 
188 24.0798.E1    (0)    9 :  0.026 0.009 0.394 0.073 0.462 0.016 0.020 
189 24.0799.E1    (0)    9 :  0.011 0.029 0.873 0.007 0.011 0.048 0.020 
190 24.0800.E1    (0)    9 :  0.054 0.020 0.381 0.010 0.025 0.491 0.019 
191 24.0801.E1    (0)    9 :  0.017 0.006 0.577 0.007 0.376 0.008 0.009 
192 24.0802.E1    (0)    9 :  0.009 0.006 0.938 0.007 0.008 0.021 0.012 
193 24.0803.E1    (0)    9 :  0.007 0.009 0.948 0.007 0.012 0.008 0.008 
194 24.0804.E1    (0)    9 :  0.007 0.010 0.866 0.007 0.005 0.096 0.009 
195 24.0805.E1    (0)    9 :  0.033 0.008 0.930 0.005 0.010 0.006 0.009 
196 24.0806.E1    (0)    9 :  0.005 0.006 0.963 0.008 0.005 0.006 0.007 
197 24.0807.E1    (0)    9 :  0.010 0.007 0.932 0.005 0.011 0.020 0.015 
198 24.0808.E1    (0)    9 :  0.149 0.016 0.628 0.016 0.018 0.111 0.063 
199 24.0809.E1    (0)    9 :  0.076 0.020 0.786 0.008 0.011 0.088 0.010 
200 24.0810.E1    (0)    9 :  0.017 0.011 0.930 0.010 0.007 0.016 0.008 
201 24.0811.E1    (0)    9 :  0.008 0.021 0.812 0.009 0.007 0.123 0.019 
202 24.0812.E1    (0)    9 :  0.022 0.029 0.751 0.006 0.008 0.155 0.029 
203 24.0813.E1    (0)    9 :  0.040 0.007 0.900 0.007 0.007 0.015 0.023 
204 24.0814.E1    (6)    9 :  0.018 0.008 0.748 0.008 0.010 0.201 0.008 
205 24.0815.E1    (0)    9 :  0.009 0.005 0.931 0.014 0.017 0.017 0.007 
206 24.0816.E1    (0)    9 :  0.004 0.007 0.938 0.006 0.016 0.016 0.013 
207 24.0817.E1    (0)   10 :  0.010 0.014 0.037 0.006 0.007 0.907 0.019 
208 24.0818.E1    (0)   10 :  0.007 0.052 0.015 0.014 0.010 0.826 0.076 
209 24.0819.E1    (0)   10 :  0.015 0.013 0.382 0.155 0.380 0.046 0.009 
210 24.0820.E1    (0)   10 :  0.007 0.008 0.015 0.112 0.383 0.469 0.007 
211 24.0821.E1    (0)   10 :  0.015 0.016 0.073 0.009 0.606 0.220 0.061 
212 24.0822.E1    (0)   10 :  0.008 0.006 0.006 0.012 0.010 0.934 0.024 
213 24.0823.E1    (0)   10 :  0.008 0.008 0.009 0.036 0.119 0.812 0.007 
214 24.0824.E1    (0)   10 :  0.066 0.010 0.020 0.011 0.462 0.421 0.009 
215 24.0825.E1    (0)   10 :  0.011 0.005 0.006 0.006 0.005 0.962 0.006 
216 24.0826.E1    (0)   10 :  0.009 0.006 0.014 0.047 0.451 0.462 0.012 
217 24.0827.E1    (0)   10 :  0.012 0.028 0.012 0.005 0.009 0.914 0.020 
218 24.0828.E1    (0)   10 :  0.016 0.010 0.076 0.027 0.388 0.473 0.009 
219 24.0829.E1    (0)   10 :  0.012 0.008 0.366 0.009 0.015 0.580 0.011 
220 24.0830.E1    (0)   10 :  0.014 0.007 0.017 0.005 0.019 0.903 0.034 
221 24.0831.E1    (0)   10 :  0.018 0.005 0.013 0.005 0.018 0.853 0.089 
222 24.0832.E1    (0)   10 :  0.008 0.008 0.005 0.004 0.005 0.965 0.005 
223 24.0833.E1    (0)   10 :  0.008 0.004 0.004 0.004 0.004 0.972 0.004 
224 24.0834.E1    (0)   10 :  0.009 0.008 0.007 0.008 0.007 0.955 0.006 
225 24.0835.E1    (0)   10 :  0.008 0.011 0.012 0.005 0.008 0.948 0.008 
226 24.0836.E1    (0)   10 :  0.024 0.014 0.014 0.009 0.012 0.914 0.014 
227 24.0837.E1    (0)   10 :  0.009 0.008 0.010 0.006 0.009 0.948 0.010 
228 24.0838.E1    (0)   10 :  0.016 0.005 0.007 0.006 0.006 0.949 0.012 
229 24.0839.E1    (0)   10 :  0.026 0.102 0.442 0.024 0.031 0.292 0.083 
230 24.0840.E1    (0)   10 :  0.006 0.011 0.374 0.008 0.014 0.576 0.011 
231 24.0841.E1    (0)   11 :  0.014 0.021 0.735 0.006 0.008 0.180 0.036 
232 24.0842.E1    (0)   11 :  0.008 0.018 0.624 0.005 0.202 0.130 0.013 
233 24.0843.E1    (0)   11 :  0.008 0.006 0.233 0.011 0.410 0.313 0.019 
234 24.0844.E1    (0)   11 :  0.025 0.040 0.261 0.006 0.314 0.308 0.047 
235 24.0845.E1    (0)   11 :  0.024 0.008 0.026 0.005 0.023 0.833 0.082 
236 24.0846.E1    (0)   11 :  0.013 0.013 0.038 0.014 0.008 0.900 0.013 
237 24.0847.E1    (0)   11 :  0.095 0.053 0.038 0.009 0.020 0.774 0.011 
238 24.0848.E1    (0)   11 :  0.045 0.014 0.072 0.005 0.021 0.799 0.044 
239 24.0849.E1    (0)   11 :  0.005 0.006 0.011 0.007 0.018 0.946 0.007 
240 24.0850.E1    (0)   11 :  0.005 0.006 0.011 0.007 0.018 0.947 0.006 
241 24.0851.E1    (0)   11 :  0.005 0.007 0.011 0.007 0.017 0.947 0.006 
242 24.0852.E1    (0)   11 :  0.016 0.008 0.031 0.021 0.091 0.783 0.049 
243 24.0853.E1    (0)   11 :  0.006 0.005 0.010 0.009 0.009 0.956 0.006 
244 24.0854.E1    (0)   11 :  0.011 0.015 0.022 0.009 0.914 0.021 0.007 
245 24.0855.E1    (0)   11 :  0.015 0.013 0.125 0.009 0.009 0.821 0.009 
246 24.0856.E1    (0)   11 :  0.013 0.071 0.227 0.264 0.165 0.086 0.175 
247 24.0857.E1    (0)   11 :  0.020 0.018 0.103 0.012 0.014 0.818 0.015 
248 24.0858.E1    (0)   11 :  0.021 0.013 0.065 0.008 0.024 0.805 0.065 
249 24.0859.E1    (0)   11 :  0.012 0.014 0.053 0.061 0.052 0.790 0.018 
250 24.0860.E1    (0)   11 :  0.009 0.037 0.673 0.045 0.013 0.135 0.088 
251 24.0861.E1    (0)   11 :  0.006 0.006 0.013 0.007 0.011 0.947 0.010 
252 24.0862.E1    (0)   11 :  0.009 0.015 0.926 0.010 0.006 0.015 0.020 
253 24.0863.E1    (0)   11 :  0.005 0.006 0.013 0.008 0.011 0.946 0.010 
254 24.0864.E1    (0)   11 :  0.588 0.115 0.026 0.007 0.067 0.161 0.036 
255 24.0865.E1    (0)   12 :  0.162 0.026 0.018 0.235 0.352 0.173 0.035 
256 24.0866.E1    (0)   12 :  0.277 0.060 0.107 0.021 0.039 0.272 0.223 
257 24.0867.E1    (0)   12 :  0.465 0.012 0.015 0.368 0.049 0.077 0.013 
258 24.0868.E1    (0)   12 :  0.521 0.011 0.023 0.032 0.033 0.046 0.333 
259 24.0869.E1    (0)   12 :  0.832 0.007 0.022 0.016 0.006 0.054 0.063 
260 24.0870.E1    (0)   12 :  0.358 0.070 0.020 0.083 0.030 0.048 0.391 
261 24.0871.E1    (0)   12 :  0.639 0.047 0.049 0.021 0.040 0.038 0.166 
262 24.0872.E1    (0)   12 :  0.481 0.013 0.018 0.108 0.231 0.039 0.109 
263 24.0873.E1    (0)   12 :  0.821 0.012 0.036 0.019 0.065 0.029 0.019 
264 24.0874.E1    (0)   12 :  0.324 0.014 0.040 0.189 0.114 0.297 0.021 
265 24.0875.E1    (0)   12 :  0.559 0.060 0.049 0.011 0.029 0.019 0.273 
266 24.0876.E1    (0)   12 :  0.648 0.157 0.025 0.010 0.011 0.007 0.141 
267 24.0877.E1    (0)   12 :  0.044 0.875 0.010 0.021 0.011 0.006 0.033 
268 24.0878.E1    (0)   12 :  0.197 0.698 0.012 0.010 0.017 0.043 0.023 
269 24.0879.E1    (0)   12 :  0.027 0.703 0.007 0.010 0.234 0.006 0.013 
270 24.0880.E1    (0)   12 :  0.371 0.029 0.013 0.015 0.080 0.412 0.080 
271 24.0881.E1    (0)   12 :  0.014 0.954 0.005 0.010 0.006 0.005 0.006 
272 24.0882.E1    (0)   12 :  0.042 0.579 0.006 0.337 0.016 0.008 0.012 
273 24.0883.E1    (0)   12 :  0.150 0.428 0.006 0.066 0.332 0.010 0.008 
274 24.0884.E1    (0)   12 :  0.043 0.911 0.007 0.012 0.010 0.006 0.012 
275 24.0885.E1    (0)   12 :  0.155 0.758 0.007 0.009 0.030 0.010 0.032 
276 24.0886.E1    (0)   12 :  0.282 0.471 0.010 0.046 0.169 0.009 0.012 
277 24.0887.E1    (0)   12 :  0.088 0.219 0.007 0.507 0.167 0.005 0.007 
278 24.0888.E1    (0)   12 :  0.043 0.019 0.053 0.008 0.226 0.008 0.644 


Estimated Allele Frequencies in each cluster
First column gives estimated ancestral frequencies


Locus 1 : 
31 alleles
0.0% missing data
 115   (0.035) 0.115 0.121 0.019 0.004 0.007 0.003 0.009 
 117   (0.047) 0.049 0.217 0.063 0.077 0.009 0.004 0.011 
 119   (0.034) 0.022 0.265 0.005 0.307 0.005 0.003 0.008 
 131   (0.013) 0.003 0.044 0.003 0.002 0.002 0.001 0.002 
 128   (0.038) 0.047 0.031 0.013 0.004 0.015 0.017 0.033 
 135   (0.017) 0.010 0.047 0.004 0.002 0.003 0.001 0.004 
 126   (0.082) 0.075 0.068 0.050 0.047 0.051 0.215 0.081 
 122   (0.037) 0.011 0.011 0.106 0.043 0.007 0.003 0.039 
 132   (0.032) 0.025 0.005 0.043 0.006 0.009 0.020 0.024 
 141   (0.012) 0.002 0.008 0.003 0.002 0.002 0.001 0.002 
 130   (0.046) 0.095 0.006 0.023 0.012 0.098 0.015 0.059 
 134   (0.042) 0.029 0.005 0.032 0.060 0.008 0.048 0.026 
 145   (0.019) 0.004 0.004 0.003 0.015 0.085 0.001 0.004 
 127   (0.023) 0.007 0.033 0.003 0.120 0.004 0.002 0.006 
 116   (0.111) 0.158 0.016 0.136 0.086 0.184 0.171 0.260 
 114   (0.056) 0.033 0.007 0.139 0.035 0.046 0.152 0.045 
 120   (0.037) 0.014 0.008 0.006 0.039 0.080 0.003 0.065 
 110   (0.046) 0.057 0.009 0.012 0.023 0.048 0.067 0.040 
 133   (0.012) 0.002 0.002 0.003 0.018 0.002 0.001 0.002 
 118   (0.105) 0.179 0.014 0.288 0.018 0.285 0.194 0.222 
 125   (0.015) 0.002 0.002 0.009 0.001 0.003 0.010 0.006 
 129   (0.018) 0.005 0.043 0.003 0.002 0.014 0.001 0.006 
 124   (0.015) 0.004 0.007 0.002 0.001 0.015 0.001 0.014 
 136   (0.021) 0.035 0.003 0.004 0.002 0.003 0.051 0.007 
 121   (0.016) 0.004 0.007 0.002 0.041 0.002 0.001 0.004 
 139   (0.011) 0.002 0.010 0.002 0.001 0.002 0.001 0.002 
 113   (0.011) 0.002 0.001 0.002 0.010 0.001 0.001 0.002 
 111   (0.012) 0.002 0.002 0.002 0.010 0.002 0.001 0.002 
 143   (0.011) 0.002 0.001 0.002 0.010 0.001 0.001 0.002 
 140   (0.015) 0.003 0.002 0.016 0.001 0.005 0.001 0.009 
 112   (0.011) 0.002 0.001 0.002 0.001 0.002 0.010 0.002 

Locus 2 : 
18 alleles
0.0% missing data
 152   (0.388) 0.538 0.667 0.527 0.576 0.201 0.253 0.390 
 148   (0.068) 0.157 0.127 0.012 0.124 0.020 0.006 0.040 
 154   (0.111) 0.147 0.052 0.078 0.141 0.028 0.189 0.099 
 156   (0.016) 0.003 0.011 0.008 0.001 0.003 0.001 0.006 
 150   (0.018) 0.003 0.007 0.003 0.062 0.003 0.001 0.003 
 164   (0.075) 0.032 0.066 0.071 0.014 0.025 0.081 0.128 
 158   (0.033) 0.021 0.010 0.009 0.019 0.091 0.003 0.009 
 160   (0.020) 0.013 0.003 0.004 0.010 0.004 0.002 0.012 
 166   (0.020) 0.004 0.003 0.034 0.003 0.003 0.001 0.017 
 151   (0.062) 0.012 0.008 0.030 0.005 0.340 0.367 0.159 
 147   (0.066) 0.032 0.008 0.183 0.007 0.201 0.086 0.063 
 168   (0.023) 0.009 0.003 0.008 0.003 0.031 0.002 0.015 
 153   (0.016) 0.002 0.002 0.002 0.001 0.016 0.001 0.013 
 149   (0.026) 0.019 0.003 0.004 0.008 0.023 0.002 0.010 
 162   (0.021) 0.003 0.007 0.022 0.004 0.006 0.002 0.009 
 167   (0.012) 0.002 0.020 0.002 0.001 0.002 0.001 0.002 
 146   (0.012) 0.002 0.001 0.002 0.020 0.002 0.001 0.002 
 172   (0.012) 0.002 0.001 0.002 0.001 0.002 0.001 0.022 

Locus 3 : 
4 alleles
0.0% missing data
 128   (0.286) 0.305 0.221 0.246 0.407 0.240 0.455 0.225 
 126   (0.620) 0.666 0.707 0.702 0.562 0.607 0.459 0.737 
 132   (0.079) 0.026 0.070 0.051 0.026 0.128 0.085 0.035 
 134   (0.015) 0.002 0.002 0.002 0.005 0.024 0.001 0.004 

Locus 4 : 
3 alleles
0.0% missing data
 170   (0.315) 0.192 0.320 0.320 0.344 0.215 0.354 0.361 
 172   (0.673) 0.804 0.678 0.678 0.649 0.782 0.645 0.637 
 171   (0.013) 0.004 0.002 0.002 0.007 0.002 0.001 0.002 

Locus 5 : 
37 alleles
0.0% missing data
 125   (0.049) 0.044 0.056 0.011 0.061 0.086 0.102 0.026 
 110   (0.034) 0.010 0.043 0.040 0.031 0.031 0.055 0.009 
 129   (0.035) 0.009 0.045 0.032 0.003 0.030 0.009 0.101 
 113   (0.029) 0.014 0.010 0.089 0.003 0.006 0.014 0.103 
 145   (0.046) 0.136 0.209 0.008 0.034 0.132 0.008 0.020 
 155   (0.054) 0.027 0.134 0.077 0.093 0.012 0.045 0.043 
 117   (0.033) 0.100 0.027 0.024 0.015 0.010 0.003 0.015 
 124   (0.009) 0.002 0.020 0.001 0.001 0.001 0.001 0.002 
 133   (0.038) 0.036 0.046 0.011 0.029 0.037 0.003 0.047 
 157   (0.048) 0.046 0.010 0.024 0.026 0.081 0.038 0.149 
 141   (0.014) 0.006 0.004 0.002 0.001 0.003 0.004 0.031 
 112   (0.066) 0.092 0.075 0.051 0.172 0.027 0.177 0.062 
 121   (0.021) 0.004 0.005 0.064 0.004 0.010 0.005 0.015 
 114   (0.037) 0.117 0.057 0.006 0.105 0.007 0.060 0.009 
 153   (0.051) 0.041 0.048 0.152 0.006 0.173 0.081 0.030 
 127   (0.076) 0.091 0.072 0.094 0.062 0.074 0.119 0.106 
 131   (0.058) 0.034 0.059 0.079 0.208 0.105 0.052 0.024 
 135   (0.031) 0.032 0.007 0.031 0.007 0.012 0.064 0.030 
 104   (0.009) 0.004 0.001 0.001 0.006 0.002 0.001 0.002 
 118   (0.017) 0.008 0.018 0.003 0.007 0.006 0.001 0.011 
 116   (0.029) 0.031 0.007 0.042 0.013 0.016 0.012 0.011 
 137   (0.024) 0.008 0.004 0.063 0.050 0.010 0.002 0.012 
 123   (0.023) 0.007 0.007 0.031 0.003 0.011 0.070 0.005 
 149   (0.009) 0.007 0.001 0.004 0.001 0.002 0.003 0.002 
 138   (0.014) 0.002 0.002 0.002 0.001 0.052 0.001 0.018 
 143   (0.025) 0.004 0.003 0.005 0.048 0.015 0.042 0.030 
 163   (0.009) 0.002 0.001 0.002 0.001 0.001 0.001 0.009 
 109   (0.010) 0.024 0.001 0.001 0.001 0.001 0.001 0.002 
 139   (0.009) 0.001 0.001 0.001 0.001 0.001 0.001 0.011 
 106   (0.009) 0.002 0.001 0.002 0.001 0.001 0.001 0.011 
 144   (0.015) 0.033 0.002 0.014 0.001 0.002 0.001 0.006 
 122   (0.011) 0.006 0.015 0.002 0.002 0.001 0.001 0.002 
 100   (0.018) 0.008 0.002 0.025 0.001 0.014 0.010 0.015 
 111   (0.010) 0.002 0.001 0.002 0.001 0.013 0.001 0.020 
 233   (0.009) 0.001 0.001 0.002 0.001 0.011 0.002 0.002 
 134   (0.010) 0.002 0.001 0.002 0.001 0.002 0.009 0.003 
 140   (0.009) 0.007 0.001 0.002 0.001 0.002 0.001 0.005 

Locus 6 : 
17 alleles
0.0% missing data
 221   (0.024) 0.005 0.133 0.004 0.043 0.003 0.002 0.004 
 232   (0.251) 0.272 0.187 0.299 0.301 0.411 0.421 0.321 
 229   (0.049) 0.032 0.088 0.014 0.068 0.014 0.072 0.010 
 223   (0.063) 0.059 0.091 0.028 0.008 0.056 0.049 0.048 
 230   (0.153) 0.226 0.090 0.077 0.247 0.116 0.166 0.222 
 235   (0.014) 0.002 0.059 0.002 0.001 0.002 0.001 0.002 
 236   (0.038) 0.020 0.079 0.008 0.015 0.033 0.003 0.021 
 227   (0.021) 0.009 0.056 0.004 0.002 0.004 0.001 0.010 
 220   (0.056) 0.043 0.008 0.143 0.080 0.050 0.041 0.018 
 222   (0.043) 0.022 0.005 0.168 0.109 0.014 0.004 0.031 
 234   (0.133) 0.217 0.096 0.120 0.104 0.175 0.119 0.104 
 224   (0.031) 0.006 0.004 0.007 0.003 0.059 0.058 0.032 
 228   (0.060) 0.049 0.013 0.045 0.006 0.048 0.044 0.162 
 225   (0.012) 0.002 0.003 0.013 0.001 0.001 0.001 0.002 
 226   (0.016) 0.002 0.003 0.064 0.001 0.002 0.015 0.003 
 233   (0.024) 0.026 0.056 0.003 0.009 0.009 0.002 0.005 
 231   (0.013) 0.010 0.031 0.002 0.001 0.003 0.001 0.002 

Locus 7 : 
10 alleles
0.0% missing data
 121   (0.686) 0.808 0.857 0.762 0.773 0.737 0.722 0.826 
 129   (0.094) 0.059 0.078 0.053 0.056 0.087 0.149 0.051 
 130   (0.013) 0.002 0.002 0.028 0.001 0.002 0.001 0.003 
 123   (0.101) 0.041 0.045 0.103 0.103 0.120 0.120 0.075 
 128   (0.015) 0.003 0.003 0.002 0.036 0.004 0.001 0.003 
 131   (0.015) 0.003 0.003 0.006 0.011 0.006 0.002 0.004 
 117   (0.012) 0.002 0.001 0.002 0.001 0.003 0.001 0.010 
 125   (0.013) 0.002 0.001 0.002 0.001 0.032 0.001 0.002 
 134   (0.036) 0.070 0.006 0.042 0.008 0.007 0.003 0.024 
 132   (0.013) 0.010 0.003 0.002 0.010 0.002 0.001 0.002 

Locus 8 : 
19 alleles
0.0% missing data
 184   (0.297) 0.452 0.490 0.353 0.391 0.459 0.328 0.372 
 194   (0.045) 0.074 0.031 0.008 0.018 0.017 0.011 0.049 
 178   (0.098) 0.077 0.189 0.130 0.117 0.029 0.205 0.061 
 176   (0.088) 0.088 0.046 0.081 0.140 0.117 0.028 0.081 
 182   (0.087) 0.054 0.054 0.139 0.113 0.036 0.048 0.120 
 190   (0.027) 0.005 0.007 0.042 0.059 0.004 0.010 0.005 
 196   (0.022) 0.005 0.007 0.005 0.002 0.029 0.047 0.005 
 200   (0.027) 0.007 0.014 0.008 0.011 0.015 0.002 0.040 
 180   (0.026) 0.004 0.011 0.005 0.035 0.058 0.003 0.006 
 188   (0.039) 0.048 0.021 0.008 0.008 0.060 0.042 0.012 
 174   (0.034) 0.079 0.018 0.010 0.037 0.012 0.003 0.018 
 186   (0.114) 0.082 0.092 0.171 0.052 0.097 0.203 0.203 
 192   (0.022) 0.004 0.010 0.004 0.007 0.014 0.062 0.005 
 201   (0.010) 0.002 0.001 0.001 0.006 0.007 0.001 0.002 
 199   (0.019) 0.003 0.002 0.016 0.002 0.020 0.001 0.011 
 185   (0.010) 0.001 0.001 0.001 0.001 0.016 0.001 0.002 
 203   (0.010) 0.011 0.001 0.002 0.001 0.001 0.001 0.002 
 198   (0.011) 0.003 0.001 0.010 0.001 0.002 0.001 0.003 
 209   (0.011) 0.002 0.002 0.005 0.001 0.007 0.003 0.002 

Locus 9 : 
6 alleles
0.4% missing data
 154   (0.690) 0.673 0.734 0.817 0.700 0.793 0.776 0.731 
 156   (0.213) 0.259 0.159 0.167 0.290 0.193 0.108 0.197 
 152   (0.046) 0.037 0.064 0.008 0.004 0.007 0.112 0.026 
 153   (0.014) 0.002 0.002 0.002 0.001 0.003 0.002 0.020 
 160   (0.014) 0.002 0.002 0.002 0.001 0.002 0.001 0.021 
 164   (0.023) 0.026 0.039 0.003 0.003 0.003 0.002 0.005 

Locus 10 : 
29 alleles
0.7% missing data
 305   (0.067) 0.013 0.081 0.112 0.100 0.010 0.008 0.120 
 313   (0.046) 0.013 0.130 0.050 0.005 0.017 0.005 0.044 
 311   (0.014) 0.003 0.017 0.002 0.001 0.004 0.001 0.004 
 299   (0.098) 0.034 0.243 0.079 0.025 0.015 0.223 0.204 
 315   (0.065) 0.024 0.098 0.014 0.073 0.014 0.012 0.151 
 287   (0.025) 0.005 0.015 0.011 0.004 0.450 0.002 0.007 
 291   (0.111) 0.292 0.106 0.110 0.054 0.020 0.358 0.060 
 295   (0.026) 0.166 0.030 0.005 0.003 0.004 0.002 0.008 
 289   (0.016) 0.002 0.003 0.121 0.002 0.003 0.001 0.005 
 303   (0.061) 0.038 0.027 0.011 0.371 0.220 0.146 0.015 
 297   (0.050) 0.065 0.053 0.108 0.042 0.006 0.029 0.013 
 293   (0.021) 0.043 0.032 0.020 0.003 0.005 0.001 0.012 
 301   (0.065) 0.062 0.060 0.018 0.071 0.049 0.007 0.046 
 285   (0.029) 0.005 0.004 0.177 0.112 0.004 0.002 0.012 
 307   (0.055) 0.080 0.020 0.008 0.099 0.008 0.074 0.073 
 312   (0.047) 0.081 0.007 0.011 0.018 0.010 0.079 0.087 
 306   (0.026) 0.021 0.009 0.004 0.002 0.015 0.006 0.046 
 320   (0.013) 0.002 0.002 0.002 0.001 0.003 0.001 0.020 
 317   (0.020) 0.003 0.017 0.004 0.002 0.078 0.001 0.004 
 314   (0.024) 0.005 0.028 0.004 0.002 0.024 0.002 0.010 
 323   (0.012) 0.002 0.002 0.002 0.001 0.009 0.001 0.005 
 325   (0.012) 0.002 0.002 0.002 0.001 0.009 0.001 0.005 
 310   (0.017) 0.006 0.003 0.003 0.001 0.003 0.029 0.011 
 309   (0.014) 0.022 0.002 0.002 0.001 0.002 0.001 0.004 
 316   (0.017) 0.002 0.003 0.004 0.001 0.009 0.004 0.021 
 296   (0.012) 0.003 0.002 0.002 0.001 0.007 0.001 0.006 
 304   (0.013) 0.002 0.002 0.057 0.001 0.002 0.002 0.003 
 321   (0.012) 0.002 0.001 0.030 0.001 0.001 0.001 0.002 
 332   (0.012) 0.002 0.001 0.029 0.001 0.001 0.001 0.002 

Locus 11 : 
19 alleles
0.0% missing data
 114   (0.139) 0.241 0.213 0.025 0.257 0.047 0.016 0.181 
 126   (0.023) 0.005 0.044 0.003 0.017 0.003 0.001 0.004 
 111   (0.076) 0.016 0.188 0.568 0.007 0.034 0.562 0.015 
 116   (0.126) 0.134 0.129 0.075 0.152 0.065 0.024 0.092 
 132   (0.013) 0.002 0.010 0.002 0.001 0.002 0.001 0.003 
 109   (0.016) 0.003 0.040 0.002 0.001 0.002 0.001 0.003 
 128   (0.017) 0.013 0.008 0.003 0.001 0.003 0.003 0.005 
 112   (0.316) 0.468 0.292 0.070 0.510 0.451 0.036 0.589 
 122   (0.016) 0.011 0.002 0.003 0.007 0.006 0.002 0.004 
 124   (0.013) 0.002 0.002 0.002 0.010 0.002 0.001 0.002 
 118   (0.059) 0.044 0.026 0.051 0.022 0.062 0.012 0.024 
 127   (0.013) 0.002 0.002 0.002 0.001 0.003 0.001 0.010 
 113   (0.053) 0.012 0.007 0.129 0.004 0.186 0.278 0.018 
 115   (0.032) 0.016 0.019 0.008 0.003 0.102 0.004 0.011 
 120   (0.022) 0.019 0.003 0.003 0.002 0.003 0.049 0.004 
 117   (0.020) 0.004 0.003 0.022 0.002 0.003 0.005 0.013 
 125   (0.018) 0.006 0.003 0.003 0.001 0.018 0.001 0.017 
 119   (0.014) 0.002 0.002 0.028 0.001 0.002 0.002 0.003 
 136   (0.012) 0.002 0.008 0.002 0.001 0.006 0.001 0.002 

Locus 12 : 
28 alleles
0.7% missing data
 306   (0.068) 0.013 0.081 0.168 0.097 0.010 0.008 0.087 
 314   (0.054) 0.010 0.118 0.041 0.007 0.021 0.068 0.039 
 312   (0.013) 0.002 0.022 0.002 0.001 0.002 0.001 0.002 
 300   (0.099) 0.034 0.256 0.078 0.025 0.015 0.220 0.206 
 316   (0.036) 0.008 0.096 0.009 0.072 0.005 0.011 0.012 
 288   (0.023) 0.004 0.012 0.010 0.004 0.441 0.002 0.005 
 292   (0.112) 0.291 0.107 0.122 0.054 0.020 0.355 0.061 
 296   (0.029) 0.169 0.031 0.005 0.004 0.007 0.002 0.012 
 290   (0.017) 0.002 0.003 0.121 0.002 0.003 0.001 0.005 
 304   (0.066) 0.038 0.028 0.012 0.371 0.220 0.144 0.016 
 298   (0.053) 0.065 0.053 0.108 0.042 0.007 0.029 0.014 
 294   (0.021) 0.043 0.032 0.020 0.003 0.005 0.001 0.012 
 302   (0.065) 0.062 0.061 0.018 0.071 0.049 0.006 0.047 
 286   (0.032) 0.005 0.004 0.192 0.112 0.005 0.002 0.012 
 308   (0.033) 0.033 0.018 0.005 0.098 0.004 0.002 0.064 
 313   (0.040) 0.089 0.007 0.006 0.017 0.007 0.005 0.109 
 307   (0.042) 0.067 0.010 0.007 0.004 0.015 0.084 0.052 
 321   (0.013) 0.002 0.002 0.002 0.001 0.004 0.001 0.020 
 315   (0.048) 0.019 0.030 0.007 0.005 0.055 0.003 0.133 
 318   (0.021) 0.003 0.008 0.007 0.002 0.068 0.004 0.005 
 324   (0.012) 0.002 0.002 0.002 0.001 0.009 0.001 0.005 
 326   (0.012) 0.002 0.002 0.002 0.001 0.009 0.001 0.005 
 311   (0.023) 0.008 0.010 0.004 0.002 0.008 0.041 0.019 
 310   (0.012) 0.022 0.001 0.002 0.001 0.001 0.001 0.003 
 305   (0.015) 0.003 0.002 0.003 0.001 0.002 0.001 0.031 
 317   (0.015) 0.002 0.002 0.002 0.001 0.007 0.001 0.018 
 320   (0.012) 0.002 0.001 0.015 0.001 0.001 0.001 0.002 
 322   (0.014) 0.002 0.002 0.030 0.001 0.002 0.001 0.002 

Locus 13 : 
7 alleles
1.1% missing data
 161   (0.615) 0.806 0.676 0.526 0.478 0.472 0.425 0.596 
 163   (0.276) 0.148 0.249 0.356 0.026 0.505 0.549 0.382 
 160   (0.019) 0.003 0.003 0.003 0.219 0.003 0.001 0.004 
 162   (0.017) 0.003 0.002 0.002 0.222 0.002 0.001 0.003 
 165   (0.046) 0.033 0.063 0.108 0.005 0.014 0.022 0.009 
 166   (0.013) 0.005 0.005 0.002 0.002 0.002 0.001 0.004 
 164   (0.015) 0.002 0.002 0.002 0.049 0.002 0.001 0.003 

Locus 14 : 
4 alleles
0.4% missing data
  98   (0.958) 0.988 0.985 0.994 0.993 0.976 0.997 0.987 
 100   (0.013) 0.002 0.002 0.002 0.001 0.014 0.001 0.003 
  96   (0.016) 0.008 0.011 0.002 0.005 0.002 0.001 0.003 
 105   (0.013) 0.003 0.002 0.002 0.001 0.008 0.001 0.006 

Locus 15 : 
12 alleles
2.2% missing data
 171   (0.291) 0.206 0.408 0.323 0.176 0.434 0.335 0.327 
 177   (0.185) 0.275 0.181 0.136 0.194 0.203 0.085 0.152 
 173   (0.269) 0.333 0.266 0.424 0.090 0.226 0.517 0.293 
 179   (0.111) 0.054 0.092 0.064 0.464 0.098 0.033 0.116 
 183   (0.018) 0.003 0.031 0.008 0.002 0.004 0.002 0.007 
 181   (0.043) 0.017 0.008 0.010 0.065 0.012 0.022 0.057 
 197   (0.015) 0.058 0.004 0.002 0.001 0.002 0.001 0.003 
 170   (0.013) 0.008 0.002 0.002 0.001 0.004 0.001 0.015 
 189   (0.013) 0.002 0.002 0.003 0.002 0.002 0.001 0.021 
 203   (0.014) 0.037 0.002 0.002 0.001 0.002 0.001 0.002 
 187   (0.015) 0.005 0.003 0.010 0.001 0.014 0.001 0.005 
 198   (0.013) 0.002 0.002 0.015 0.001 0.002 0.001 0.002 

Values of parameters used in structure:
DATAFILE=STRUCTURE_main_final_278_HEG_ZG.str,	OUTFILE=STRUCTURE_main_final_278_HEG_ZG-K7-15,	NUMINDS=278,	NUMLOCI=15,	MISSING=-9,	LABEL=1,	POPDATA=1,	POPFLAG=0,	PHENOTYPE=0,	EXTRACOLS=0,	MAXPOPS=7,	BURNIN=100000,	NUMREPS=500000,	USEPOPINFO=0,	INFERALPHA=1,	INFERLAMBDA=0,	POPSPECIFICLAMBDA=0,	POPALPHAS=0,	COMPUTEPROB=1,	NOADMIX=0,	ADMBURNIN=2500,	UPDATEFREQ=1,	PRINTLIKES=0,	INTERMEDSAVE=0,	PRINTKLD=0,	PRINTNET=0,	PRINTLAMBDA=0,	ANCESTDIST=0,	NUMBOXES=1000,	ANCESTPINT=0.90000,	GENSBACK=2,	MIGRPRIOR=0.05000,	PRINTQHAT=0,	PRINTQSUM=0,	ALPHA=1.0000,	FREQSCORR=1,	FPRIORMEAN=0.0100,	FPRIORSD=0.0500,	ONEFST=0,	LAMBDA=1.0000,	UNIFPRIORALPHA=1,	ALPHAMAX=10.0000,	ALPHAPRIORA=1.0000,	ALPHAPRIORB=2.0000,	ALPHAPROPSD=0.0250,	STARTATPOPINFO=0,	RANDOMIZE=1,	LINKAGE=0,	METROFREQ=10,	REPORTHITRATE=0,	MARKOVPHASE=-1,	PHASED=0,	PLOIDY=2,	PHASEINFO=0	LOCPRIOR=0, 	LOCPRIORINIT=1.000000, 	LOCDATA=0, 	LOCISPOP=0, 	LOCPRIORSTEP=0.100000, 	MAXLOCPRIOR=20.000000, 	SEED=1782482326,	
[STRAT parameters]:    NUMSIMSTATS=1000,	PHENOTYPECOL=-9,	POOLFREQ=10,	LOCUSxONLY=0,	EMERROR=0.00100,	MISSINGPHENO=-9,	