

----------------------------------------------------
STRUCTURE by Pritchard, Stephens and Donnelly (2000)
     and Falush, Stephens and Pritchard (2003)
       Code by Pritchard, Falush and Hubisz
             Version 2.3.4 (Jul 2012)
----------------------------------------------------



Command line arguments:   structure -K 12 -i STRUCTURE_main_final_278_HEG_ZG.str -o STRUCTURE_main_final_278_HEG_ZG-K12-6 
Input File:    STRUCTURE_main_final_278_HEG_ZG.str

Run parameters:
   278 individuals
   15 loci
   12 populations assumed
   100000 Burn-in period
   500000 Reps


--------------------------------------------
Proportion of membership of each pre-defined
 population in each of the 12 clusters

Given    Inferred Clusters                                                                      Number of
 Pop       1      2      3      4      5      6      7      8      9     10     11     12      Individuals

  1:     0.031  0.012  0.027  0.610  0.075  0.066  0.016  0.034  0.013  0.014  0.032  0.070       24
  2:     0.031  0.034  0.018  0.016  0.017  0.049  0.041  0.028  0.687  0.017  0.013  0.051       24
  3:     0.066  0.228  0.011  0.015  0.043  0.010  0.208  0.014  0.011  0.298  0.060  0.037       24
  4:     0.102  0.037  0.014  0.045  0.043  0.031  0.032  0.420  0.020  0.066  0.033  0.158       24
  5:     0.344  0.082  0.028  0.019  0.016  0.035  0.011  0.148  0.022  0.150  0.041  0.102       24
  6:     0.069  0.026  0.013  0.331  0.012  0.183  0.020  0.088  0.023  0.033  0.042  0.161       24
  7:     0.021  0.013  0.019  0.046  0.015  0.732  0.009  0.036  0.029  0.014  0.009  0.057       24
  8:     0.160  0.011  0.011  0.020  0.056  0.011  0.036  0.031  0.013  0.533  0.016  0.102       14
  9:     0.037  0.028  0.337  0.045  0.045  0.006  0.027  0.018  0.015  0.029  0.404  0.009       24
 10:     0.022  0.041  0.035  0.013  0.599  0.014  0.153  0.013  0.007  0.032  0.053  0.017       24
 11:     0.038  0.074  0.064  0.017  0.239  0.011  0.327  0.021  0.008  0.022  0.152  0.028       24
 12:     0.057  0.039  0.074  0.149  0.046  0.095  0.074  0.107  0.016  0.094  0.009  0.238       24
--------------------------------------------

Allele-freq. divergence among pops (Net nucleotide distance),
computed using point estimates of P.

      1       2       3       4       5       6       7       8       9      10      11      12      
 1      -    0.0881  0.0903  0.0377  0.0777  0.0830  0.0929  0.0557  0.0763  0.0202  0.0669  0.0302  
 2   0.0881     -    0.1189  0.1033  0.1259  0.1427  0.1293  0.1035  0.1308  0.0793  0.1322  0.0868  
 3   0.0903  0.1189     -    0.0661  0.0851  0.1209  0.1162  0.0613  0.1300  0.0748  0.1091  0.0695  
 4   0.0377  0.1033  0.0661     -    0.0722  0.0767  0.0961  0.0487  0.0760  0.0420  0.0637  0.0264  
 5   0.0777  0.1259  0.0851  0.0722     -    0.1470  0.0899  0.0798  0.1235  0.0573  0.0655  0.0742  
 6   0.0830  0.1427  0.1209  0.0767  0.1470     -    0.0958  0.0822  0.1126  0.0879  0.1322  0.0660  
 7   0.0929  0.1293  0.1162  0.0961  0.0899  0.0958     -    0.1097  0.1470  0.0757  0.0846  0.0845  
 8   0.0557  0.1035  0.0613  0.0487  0.0798  0.0822  0.1097     -    0.0876  0.0448  0.0972  0.0333  
 9   0.0763  0.1308  0.1300  0.0760  0.1235  0.1126  0.1470  0.0876     -    0.0702  0.1013  0.0730  
10   0.0202  0.0793  0.0748  0.0420  0.0573  0.0879  0.0757  0.0448  0.0702     -    0.0623  0.0258  
11   0.0669  0.1322  0.1091  0.0637  0.0655  0.1322  0.0846  0.0972  0.1013  0.0623     -    0.0667  
12   0.0302  0.0868  0.0695  0.0264  0.0742  0.0660  0.0845  0.0333  0.0730  0.0258  0.0667     -    

Average distances (expected heterozygosity) between individuals in same cluster:
cluster  1  : 0.6069 
cluster  2  : 0.5635 
cluster  3  : 0.5376 
cluster  4  : 0.6106 
cluster  5  : 0.5976 
cluster  6  : 0.5425 
cluster  7  : 0.5351 
cluster  8  : 0.5803 
cluster  9  : 0.6055 
cluster 10  : 0.6384 
cluster 11  : 0.5914 
cluster 12  : 0.6293 

--------------------------------------------
Estimated Ln Prob of Data   = -12157.1
Mean value of ln likelihood = -11341.7
Variance of ln likelihood   = 1630.8
Mean value of alpha         = 0.0471

Mean value of Fst_1         = 0.1670
Mean value of Fst_2         = 0.2325
Mean value of Fst_3         = 0.2397
Mean value of Fst_4         = 0.1078
Mean value of Fst_5         = 0.1775
Mean value of Fst_6         = 0.2190
Mean value of Fst_7         = 0.2505
Mean value of Fst_8         = 0.1536
Mean value of Fst_9         = 0.2190
Mean value of Fst_10         = 0.0772
Mean value of Fst_11         = 0.1788
Mean value of Fst_12         = 0.1138


Inferred ancestry of individuals:
        Label (%Miss) Pop:  Inferred clusters
  1 24.0601.E1    (0)    1 :  0.006 0.009 0.006 0.901 0.007 0.014 0.012 0.008 0.010 0.006 0.009 0.012 
  2 24.0602.E1    (0)    1 :  0.011 0.008 0.007 0.898 0.010 0.008 0.008 0.006 0.004 0.009 0.016 0.015 
  3 24.0603.E1    (0)    1 :  0.034 0.007 0.008 0.806 0.005 0.019 0.006 0.029 0.005 0.024 0.014 0.044 
  4 24.0604.E1    (0)    1 :  0.005 0.140 0.022 0.608 0.044 0.005 0.005 0.077 0.007 0.005 0.005 0.075 
  5 24.0605.E1    (0)    1 :  0.015 0.006 0.015 0.766 0.008 0.036 0.012 0.034 0.008 0.010 0.033 0.058 
  6 24.0606.E1    (0)    1 :  0.061 0.005 0.007 0.558 0.023 0.020 0.006 0.026 0.011 0.009 0.028 0.248 
  7 24.0607.E1    (0)    1 :  0.156 0.009 0.317 0.123 0.010 0.271 0.008 0.013 0.006 0.024 0.023 0.041 
  8 24.0608.E1    (0)    1 :  0.007 0.005 0.010 0.695 0.023 0.096 0.120 0.005 0.003 0.007 0.011 0.018 
  9 24.0609.E1    (0)    1 :  0.016 0.006 0.043 0.208 0.376 0.005 0.012 0.263 0.004 0.022 0.008 0.036 
 10 24.0610.E1    (0)    1 :  0.018 0.004 0.009 0.386 0.402 0.010 0.004 0.087 0.004 0.016 0.012 0.047 
 11 24.0611.E1    (0)    1 :  0.006 0.005 0.016 0.822 0.036 0.005 0.005 0.041 0.006 0.008 0.036 0.014 
 12 24.0612.E1    (0)    1 :  0.017 0.011 0.007 0.901 0.007 0.015 0.004 0.005 0.007 0.007 0.009 0.010 
 13 24.0613.E1    (0)    1 :  0.023 0.005 0.008 0.797 0.027 0.005 0.005 0.062 0.006 0.005 0.005 0.052 
 14 24.0614.E1    (0)    1 :  0.009 0.005 0.013 0.176 0.009 0.329 0.069 0.010 0.006 0.007 0.335 0.034 
 15 24.0615.E1    (0)    1 :  0.013 0.018 0.030 0.709 0.113 0.035 0.017 0.009 0.013 0.008 0.015 0.021 
 16 24.0616.E1    (0)    1 :  0.015 0.007 0.025 0.889 0.010 0.005 0.006 0.011 0.012 0.005 0.005 0.011 
 17 24.0617.E1    (0)    1 :  0.026 0.006 0.025 0.395 0.446 0.016 0.007 0.022 0.022 0.009 0.015 0.012 
 18 24.0618.E1    (0)    1 :  0.042 0.005 0.010 0.677 0.069 0.005 0.019 0.022 0.008 0.019 0.051 0.073 
 19 24.0619.E1    (0)    1 :  0.093 0.004 0.011 0.455 0.017 0.004 0.005 0.013 0.011 0.025 0.009 0.352 
 20 24.0620.E1   (20)    1 :  0.033 0.009 0.023 0.057 0.039 0.644 0.008 0.041 0.011 0.019 0.012 0.105 
 21 24.0621.E1    (0)    1 :  0.110 0.005 0.011 0.301 0.078 0.004 0.026 0.007 0.004 0.030 0.072 0.352 
 22 24.0622.E1    (0)    1 :  0.014 0.004 0.004 0.860 0.011 0.009 0.006 0.014 0.033 0.017 0.005 0.023 
 23 24.0623.E1    (0)    1 :  0.010 0.008 0.011 0.726 0.026 0.019 0.010 0.011 0.092 0.038 0.032 0.018 
 24 24.0624.E1    (0)    1 :  0.009 0.004 0.004 0.928 0.010 0.006 0.004 0.005 0.005 0.005 0.009 0.009 
 25 24.0625.E1    (0)    2 :  0.013 0.039 0.004 0.013 0.009 0.050 0.184 0.033 0.547 0.023 0.060 0.024 
 26 24.0626.E1    (0)    2 :  0.004 0.004 0.003 0.004 0.003 0.033 0.125 0.004 0.806 0.005 0.005 0.004 
 27 24.0627.E1    (0)    2 :  0.024 0.365 0.010 0.006 0.005 0.019 0.014 0.014 0.460 0.014 0.006 0.062 
 28 24.0628.E1    (0)    2 :  0.010 0.006 0.021 0.027 0.092 0.122 0.144 0.073 0.432 0.033 0.007 0.035 
 29 24.0629.E1    (0)    2 :  0.034 0.008 0.010 0.047 0.010 0.005 0.007 0.007 0.822 0.014 0.006 0.031 
 30 24.0630.E1    (0)    2 :  0.005 0.006 0.005 0.004 0.004 0.098 0.047 0.008 0.794 0.007 0.009 0.011 
 31 24.0631.E1    (0)    2 :  0.004 0.004 0.003 0.005 0.003 0.004 0.003 0.003 0.961 0.003 0.003 0.004 
 32 24.0632.E1    (0)    2 :  0.035 0.012 0.005 0.007 0.006 0.025 0.005 0.009 0.872 0.007 0.006 0.012 
 33 24.0633.E1    (0)    2 :  0.090 0.005 0.004 0.010 0.006 0.040 0.342 0.006 0.300 0.041 0.018 0.139 
 34 24.0634.E1    (0)    2 :  0.009 0.008 0.005 0.010 0.011 0.007 0.025 0.011 0.863 0.013 0.031 0.009 
 35 24.0635.E1    (0)    2 :  0.118 0.014 0.013 0.015 0.020 0.018 0.018 0.008 0.460 0.082 0.064 0.170 
 36 24.0636.E1   (33)    2 :  0.018 0.024 0.007 0.036 0.010 0.556 0.009 0.185 0.076 0.023 0.008 0.049 
 37 24.0637.E1    (0)    2 :  0.005 0.004 0.004 0.004 0.003 0.007 0.003 0.005 0.951 0.005 0.005 0.004 
 38 24.0638.E1    (0)    2 :  0.083 0.007 0.005 0.007 0.005 0.004 0.005 0.013 0.747 0.035 0.005 0.084 
 39 24.0639.E1    (0)    2 :  0.062 0.028 0.008 0.037 0.085 0.012 0.008 0.006 0.722 0.011 0.006 0.015 
 40 24.0640.E1    (0)    2 :  0.007 0.004 0.006 0.008 0.008 0.006 0.007 0.006 0.916 0.007 0.017 0.007 
 41 24.0641.E1    (0)    2 :  0.073 0.007 0.188 0.055 0.013 0.014 0.008 0.005 0.321 0.033 0.009 0.274 
 42 24.0642.E1    (0)    2 :  0.044 0.007 0.006 0.038 0.004 0.057 0.005 0.038 0.521 0.022 0.004 0.255 
 43 24.0643.E1    (0)    2 :  0.080 0.240 0.004 0.010 0.012 0.052 0.006 0.013 0.547 0.010 0.012 0.015 
 44 24.0644.E1    (0)    2 :  0.005 0.004 0.030 0.008 0.033 0.005 0.005 0.030 0.862 0.006 0.005 0.006 
 45 24.0645.E1    (0)    2 :  0.005 0.005 0.049 0.007 0.023 0.014 0.004 0.142 0.730 0.005 0.005 0.010 
 46 24.0646.E1    (0)    2 :  0.005 0.004 0.029 0.007 0.033 0.005 0.005 0.030 0.864 0.006 0.005 0.006 
 47 24.0647.E1    (0)    2 :  0.005 0.004 0.004 0.004 0.003 0.007 0.003 0.005 0.951 0.005 0.005 0.004 
 48 24.0648.E1    (0)    2 :  0.005 0.004 0.004 0.004 0.003 0.007 0.003 0.005 0.951 0.005 0.005 0.004 
 49 24.0649.E1    (0)    3 :  0.106 0.009 0.006 0.004 0.014 0.003 0.009 0.006 0.005 0.823 0.009 0.006 
 50 24.0650.E1    (0)    3 :  0.012 0.010 0.011 0.008 0.104 0.004 0.122 0.045 0.004 0.120 0.152 0.406 
 51 24.0651.E1    (0)    3 :  0.138 0.041 0.012 0.008 0.007 0.024 0.047 0.028 0.109 0.264 0.310 0.010 
 52 24.0652.E1    (0)    3 :  0.029 0.009 0.008 0.026 0.005 0.004 0.739 0.005 0.004 0.126 0.007 0.037 
 53 24.0653.E1    (0)    3 :  0.027 0.796 0.022 0.006 0.022 0.007 0.016 0.008 0.005 0.071 0.009 0.012 
 54 24.0654.E1    (0)    3 :  0.051 0.007 0.007 0.006 0.024 0.004 0.406 0.007 0.009 0.468 0.006 0.005 
 55 24.0655.E1    (0)    3 :  0.139 0.008 0.007 0.055 0.025 0.007 0.316 0.010 0.022 0.335 0.057 0.018 
 56 24.0656.E1    (0)    3 :  0.013 0.014 0.006 0.006 0.011 0.010 0.815 0.014 0.006 0.082 0.005 0.017 
 57 24.0657.E1    (0)    3 :  0.014 0.014 0.006 0.007 0.011 0.010 0.802 0.013 0.006 0.090 0.006 0.020 
 58 24.0658.E1    (0)    3 :  0.137 0.051 0.019 0.016 0.113 0.006 0.005 0.029 0.006 0.594 0.008 0.017 
 59 24.0659.E1    (0)    3 :  0.046 0.317 0.006 0.034 0.024 0.003 0.070 0.007 0.007 0.161 0.225 0.099 
 60 24.0660.E1    (6)    3 :  0.120 0.010 0.008 0.022 0.006 0.006 0.007 0.013 0.012 0.765 0.007 0.023 
 61 24.0661.E1    (0)    3 :  0.013 0.008 0.009 0.008 0.005 0.007 0.863 0.005 0.005 0.060 0.009 0.009 
 62 24.0662.E1    (0)    3 :  0.029 0.108 0.006 0.068 0.020 0.021 0.052 0.010 0.014 0.132 0.518 0.020 
 63 24.0663.E1    (0)    3 :  0.029 0.005 0.034 0.005 0.524 0.005 0.067 0.049 0.008 0.238 0.026 0.010 
 64 24.0664.E1    (0)    3 :  0.084 0.007 0.013 0.005 0.014 0.034 0.200 0.008 0.006 0.618 0.004 0.007 
 65 24.0665.E1    (0)    3 :  0.063 0.030 0.009 0.006 0.004 0.052 0.361 0.016 0.006 0.436 0.006 0.011 
 66 24.0666.E1    (0)    3 :  0.009 0.926 0.005 0.008 0.007 0.004 0.007 0.009 0.005 0.007 0.004 0.009 
 67 24.0667.E1    (0)    3 :  0.009 0.919 0.004 0.007 0.004 0.004 0.006 0.004 0.003 0.017 0.004 0.019 
 68 24.0668.E1    (0)    3 :  0.004 0.960 0.005 0.003 0.004 0.003 0.004 0.004 0.004 0.004 0.003 0.003 
 69 24.0669.E1    (0)    3 :  0.004 0.951 0.012 0.003 0.004 0.003 0.004 0.004 0.004 0.004 0.003 0.004 
 70 24.0670.E1    (0)    3 :  0.317 0.048 0.003 0.012 0.047 0.005 0.013 0.004 0.003 0.515 0.025 0.009 
 71 24.0671.E1    (0)    3 :  0.124 0.010 0.009 0.009 0.028 0.007 0.051 0.017 0.007 0.699 0.032 0.007 
 72 24.0672.E1    (0)    3 :  0.073 0.199 0.038 0.032 0.008 0.005 0.008 0.010 0.005 0.513 0.011 0.098 
 73 24.0673.E1    (6)    4 :  0.032 0.007 0.005 0.078 0.008 0.106 0.424 0.158 0.021 0.017 0.028 0.118 
 74 24.0674.E1    (0)    4 :  0.006 0.004 0.005 0.007 0.006 0.007 0.004 0.929 0.007 0.005 0.011 0.007 
 75 24.0675.E1    (0)    4 :  0.035 0.009 0.017 0.020 0.026 0.022 0.025 0.717 0.024 0.027 0.053 0.027 
 76 24.0676.E1    (0)    4 :  0.046 0.006 0.047 0.011 0.181 0.023 0.020 0.536 0.007 0.043 0.031 0.049 
 77 24.0677.E1    (0)    4 :  0.572 0.015 0.041 0.023 0.022 0.012 0.042 0.021 0.004 0.190 0.029 0.030 
 78 24.0678.E1    (0)    4 :  0.098 0.105 0.029 0.475 0.006 0.010 0.033 0.018 0.049 0.099 0.016 0.063 
 79 24.0679.E1    (0)    4 :  0.168 0.032 0.007 0.100 0.144 0.007 0.008 0.142 0.011 0.105 0.016 0.260 
 80 24.0680.E1    (0)    4 :  0.242 0.027 0.015 0.020 0.006 0.008 0.009 0.016 0.011 0.187 0.008 0.452 
 81 24.0681.E1    (0)    4 :  0.117 0.011 0.011 0.018 0.007 0.020 0.009 0.083 0.010 0.102 0.014 0.599 
 82 24.0682.E1    (0)    4 :  0.004 0.004 0.009 0.004 0.005 0.004 0.003 0.954 0.004 0.004 0.003 0.004 
 83 24.0683.E1    (0)    4 :  0.010 0.007 0.005 0.008 0.004 0.048 0.006 0.883 0.006 0.005 0.008 0.009 
 84 24.0684.E1    (0)    4 :  0.032 0.009 0.016 0.053 0.021 0.013 0.006 0.764 0.031 0.022 0.005 0.027 
 85 24.0685.E1    (0)    4 :  0.022 0.057 0.006 0.010 0.022 0.020 0.005 0.319 0.007 0.013 0.006 0.512 
 86 24.0686.E1    (0)    4 :  0.315 0.012 0.007 0.066 0.012 0.014 0.005 0.040 0.067 0.182 0.223 0.057 
 87 24.0687.E1    (0)    4 :  0.189 0.006 0.006 0.041 0.020 0.017 0.007 0.091 0.141 0.193 0.237 0.053 
 88 24.0688.E1    (0)    4 :  0.006 0.004 0.007 0.005 0.003 0.005 0.004 0.937 0.006 0.009 0.004 0.010 
 89 24.0689.E1    (0)    4 :  0.222 0.005 0.013 0.019 0.380 0.025 0.032 0.079 0.013 0.069 0.014 0.129 
 90 24.0690.E1    (0)    4 :  0.141 0.504 0.006 0.016 0.005 0.026 0.019 0.027 0.026 0.086 0.032 0.113 
 91 24.0691.E1    (0)    4 :  0.036 0.009 0.005 0.023 0.038 0.006 0.005 0.738 0.006 0.013 0.007 0.113 
 92 24.0692.E1    (0)    4 :  0.069 0.008 0.009 0.005 0.020 0.008 0.005 0.798 0.004 0.048 0.005 0.021 
 93 24.0693.E1    (0)    4 :  0.029 0.016 0.010 0.011 0.036 0.321 0.072 0.300 0.007 0.116 0.015 0.069 
 94 24.0694.E1    (0)    4 :  0.010 0.010 0.008 0.007 0.010 0.008 0.005 0.726 0.007 0.017 0.004 0.190 
 95 24.0695.E1    (0)    4 :  0.013 0.010 0.055 0.046 0.043 0.007 0.007 0.231 0.007 0.013 0.006 0.563 
 96 24.0696.E1    (0)    4 :  0.027 0.011 0.008 0.018 0.015 0.007 0.004 0.573 0.012 0.012 0.007 0.305 
 97 24.0697.E1    (0)    5 :  0.535 0.006 0.010 0.006 0.011 0.035 0.007 0.224 0.009 0.115 0.018 0.025 
 98 24.0698.E1    (0)    5 :  0.636 0.029 0.008 0.011 0.013 0.048 0.009 0.043 0.015 0.139 0.025 0.023 
 99 24.0699.E1    (0)    5 :  0.710 0.008 0.006 0.012 0.004 0.007 0.005 0.005 0.007 0.218 0.010 0.006 
100 24.0700.E1    (0)    5 :  0.537 0.009 0.005 0.006 0.007 0.006 0.009 0.010 0.004 0.183 0.014 0.210 
101 24.0701.E1    (0)    5 :  0.143 0.742 0.009 0.007 0.009 0.042 0.006 0.008 0.009 0.009 0.007 0.008 
102 24.0702.E1    (0)    5 :  0.551 0.021 0.006 0.010 0.007 0.021 0.007 0.007 0.010 0.154 0.006 0.200 
103 24.0703.E1    (0)    5 :  0.616 0.016 0.005 0.009 0.005 0.006 0.004 0.007 0.040 0.171 0.118 0.006 
104 24.0704.E1    (6)    5 :  0.553 0.006 0.193 0.012 0.007 0.008 0.005 0.017 0.009 0.147 0.026 0.017 
105 24.0705.E1    (0)    5 :  0.197 0.028 0.007 0.019 0.009 0.009 0.006 0.081 0.006 0.100 0.007 0.531 
106 24.0706.E1    (0)    5 :  0.282 0.013 0.010 0.006 0.010 0.008 0.011 0.011 0.006 0.337 0.006 0.299 
107 24.0707.E1    (0)    5 :  0.246 0.006 0.026 0.036 0.005 0.016 0.011 0.060 0.027 0.414 0.044 0.109 
108 24.0708.E1    (0)    5 :  0.063 0.022 0.007 0.045 0.089 0.021 0.016 0.055 0.142 0.021 0.497 0.022 
109 24.0709.E1    (0)    5 :  0.017 0.008 0.109 0.011 0.032 0.006 0.016 0.737 0.007 0.022 0.016 0.019 
110 24.0710.E1    (0)    5 :  0.523 0.031 0.008 0.034 0.010 0.019 0.005 0.271 0.006 0.054 0.031 0.009 
111 24.0711.E1    (0)    5 :  0.498 0.032 0.087 0.054 0.005 0.014 0.008 0.070 0.050 0.110 0.006 0.066 
112 24.0712.E1    (0)    5 :  0.266 0.585 0.005 0.013 0.007 0.012 0.006 0.030 0.031 0.017 0.010 0.019 
113 24.0713.E1    (0)    5 :  0.275 0.007 0.064 0.008 0.038 0.012 0.006 0.163 0.006 0.129 0.012 0.281 
114 24.0714.E1    (0)    5 :  0.389 0.010 0.011 0.046 0.013 0.007 0.011 0.008 0.011 0.148 0.017 0.329 
115 24.0715.E1    (0)    5 :  0.415 0.017 0.007 0.021 0.009 0.215 0.030 0.125 0.006 0.084 0.007 0.064 
116 24.0716.E1    (0)    5 :  0.376 0.291 0.012 0.046 0.038 0.016 0.007 0.017 0.031 0.118 0.019 0.029 
117 24.0717.E1    (0)    5 :  0.172 0.013 0.023 0.016 0.023 0.295 0.072 0.024 0.046 0.196 0.063 0.057 
118 24.0718.E1    (0)    5 :  0.149 0.041 0.006 0.016 0.008 0.012 0.004 0.195 0.032 0.460 0.009 0.067 
119 24.0719.E1    (0)    5 :  0.028 0.012 0.043 0.007 0.019 0.007 0.007 0.719 0.016 0.094 0.006 0.043 
120 24.0720.E1    (0)    5 :  0.068 0.011 0.014 0.013 0.012 0.005 0.007 0.671 0.011 0.168 0.006 0.013 
121 24.0721.E1    (0)    6 :  0.270 0.017 0.006 0.009 0.018 0.262 0.068 0.102 0.009 0.028 0.056 0.154 
122 24.0722.E1    (0)    6 :  0.100 0.057 0.005 0.014 0.010 0.396 0.007 0.104 0.082 0.023 0.097 0.104 
123 24.0723.E1    (0)    6 :  0.027 0.009 0.004 0.017 0.018 0.285 0.156 0.010 0.119 0.012 0.278 0.065 
124 24.0724.E1    (0)    6 :  0.040 0.011 0.009 0.074 0.036 0.046 0.012 0.352 0.031 0.019 0.247 0.123 
125 24.0725.E1    (0)    6 :  0.024 0.007 0.005 0.866 0.006 0.008 0.011 0.011 0.008 0.011 0.005 0.039 
126 24.0726.E1    (6)    6 :  0.012 0.005 0.005 0.235 0.007 0.069 0.005 0.028 0.007 0.016 0.016 0.594 
127 24.0727.E1    (0)    6 :  0.044 0.057 0.005 0.195 0.012 0.459 0.037 0.031 0.020 0.031 0.062 0.047 
128 24.0728.E1    (0)    6 :  0.171 0.012 0.005 0.334 0.012 0.157 0.033 0.018 0.034 0.155 0.023 0.046 
129 24.0729.E1    (0)    6 :  0.012 0.029 0.026 0.389 0.024 0.035 0.005 0.085 0.011 0.017 0.010 0.358 
130 24.0730.E1    (0)    6 :  0.577 0.015 0.011 0.038 0.014 0.023 0.009 0.053 0.008 0.192 0.007 0.052 
131 24.0731.E1    (0)    6 :  0.010 0.004 0.005 0.066 0.008 0.044 0.022 0.094 0.010 0.010 0.012 0.716 
132 24.0732.E1    (0)    6 :  0.046 0.010 0.007 0.047 0.004 0.536 0.024 0.140 0.009 0.015 0.004 0.158 
133 24.0733.E1    (0)    6 :  0.004 0.003 0.004 0.882 0.006 0.020 0.003 0.008 0.007 0.005 0.004 0.052 
134 24.0734.E1    (0)    6 :  0.095 0.009 0.004 0.026 0.007 0.724 0.010 0.011 0.009 0.025 0.028 0.053 
135 24.0735.E1    (0)    6 :  0.076 0.012 0.006 0.477 0.024 0.166 0.008 0.023 0.054 0.033 0.008 0.113 
136 24.0736.E1    (0)    6 :  0.012 0.004 0.006 0.880 0.005 0.033 0.006 0.007 0.007 0.006 0.005 0.028 
137 24.0737.E1    (0)    6 :  0.015 0.009 0.005 0.700 0.008 0.007 0.010 0.014 0.032 0.030 0.070 0.100 
138 24.0738.E1    (0)    6 :  0.017 0.010 0.008 0.713 0.005 0.031 0.008 0.009 0.010 0.014 0.010 0.166 
139 24.0739.E1    (0)    6 :  0.016 0.006 0.004 0.819 0.006 0.005 0.007 0.013 0.018 0.035 0.007 0.063 
140 24.0740.E1    (0)    6 :  0.008 0.009 0.080 0.380 0.018 0.009 0.006 0.181 0.024 0.022 0.005 0.258 
141 24.0741.E1    (0)    6 :  0.037 0.006 0.006 0.241 0.009 0.251 0.009 0.202 0.015 0.039 0.008 0.178 
142 24.0742.E1    (0)    6 :  0.014 0.008 0.007 0.118 0.006 0.697 0.007 0.031 0.010 0.012 0.017 0.072 
143 24.0743.E1    (0)    6 :  0.016 0.023 0.045 0.241 0.011 0.021 0.009 0.457 0.005 0.011 0.018 0.144 
144 24.0744.E1    (0)    6 :  0.016 0.285 0.034 0.178 0.021 0.102 0.018 0.126 0.010 0.020 0.015 0.176 
145 24.0745.E1    (0)    7 :  0.016 0.021 0.015 0.004 0.007 0.872 0.016 0.015 0.004 0.011 0.005 0.015 
146 24.0746.E1    (0)    7 :  0.044 0.007 0.081 0.049 0.009 0.593 0.007 0.042 0.074 0.022 0.056 0.014 
147 24.0747.E1    (0)    7 :  0.009 0.012 0.048 0.021 0.029 0.673 0.010 0.134 0.009 0.018 0.004 0.033 
148 24.0748.E1    (6)    7 :  0.012 0.012 0.059 0.025 0.041 0.601 0.019 0.158 0.009 0.018 0.005 0.042 
149 24.0749.E1    (0)    7 :  0.011 0.006 0.005 0.231 0.006 0.686 0.004 0.009 0.007 0.006 0.009 0.020 
150 24.0750.E1    (0)    7 :  0.107 0.011 0.018 0.112 0.012 0.190 0.008 0.087 0.009 0.033 0.018 0.396 
151 24.0751.E1    (0)    7 :  0.005 0.004 0.004 0.007 0.004 0.946 0.005 0.004 0.006 0.004 0.003 0.006 
152 24.0752.E1    (0)    7 :  0.030 0.004 0.009 0.037 0.006 0.869 0.010 0.007 0.006 0.007 0.004 0.012 
153 24.0753.E1    (0)    7 :  0.007 0.009 0.010 0.195 0.004 0.504 0.026 0.011 0.197 0.008 0.010 0.019 
154 24.0754.E1    (0)    7 :  0.008 0.006 0.005 0.024 0.006 0.853 0.010 0.026 0.016 0.008 0.004 0.033 
155 24.0755.E1    (0)    7 :  0.021 0.007 0.040 0.012 0.031 0.702 0.006 0.127 0.017 0.021 0.005 0.012 
156 24.0756.E1    (0)    7 :  0.005 0.004 0.005 0.014 0.014 0.919 0.005 0.007 0.008 0.005 0.007 0.008 
157 24.0757.E1    (0)    7 :  0.004 0.004 0.004 0.003 0.003 0.961 0.003 0.004 0.004 0.003 0.003 0.004 
158 24.0758.E1    (0)    7 :  0.004 0.004 0.004 0.003 0.003 0.960 0.003 0.004 0.004 0.003 0.003 0.004 
159 24.0759.E1    (0)    7 :  0.009 0.009 0.007 0.018 0.005 0.901 0.013 0.007 0.006 0.008 0.005 0.012 
160 24.0760.E1    (0)    7 :  0.028 0.007 0.005 0.010 0.006 0.594 0.007 0.033 0.263 0.031 0.007 0.009 
161 24.0761.E1    (0)    7 :  0.004 0.003 0.003 0.006 0.005 0.946 0.005 0.005 0.009 0.005 0.005 0.005 
162 24.0762.E1    (0)    7 :  0.101 0.164 0.019 0.209 0.122 0.065 0.007 0.041 0.007 0.087 0.009 0.167 
163 24.0763.E1    (0)    7 :  0.005 0.003 0.005 0.007 0.004 0.935 0.006 0.016 0.004 0.005 0.004 0.007 
164 24.0764.E1    (0)    7 :  0.009 0.004 0.004 0.011 0.004 0.935 0.004 0.005 0.008 0.006 0.003 0.007 
165 24.0765.E1    (0)    7 :  0.010 0.004 0.006 0.006 0.010 0.867 0.008 0.023 0.021 0.007 0.021 0.016 
166 24.0766.E1    (0)    7 :  0.007 0.006 0.005 0.010 0.004 0.924 0.010 0.010 0.006 0.007 0.005 0.006 
167 24.0767.E1    (0)    7 :  0.004 0.003 0.003 0.004 0.003 0.955 0.004 0.008 0.004 0.004 0.005 0.004 
168 24.0768.E1    (0)    7 :  0.046 0.008 0.094 0.091 0.026 0.107 0.008 0.067 0.005 0.018 0.008 0.521 
169 24.0779.E1    (0)    8 :  0.129 0.009 0.017 0.016 0.007 0.042 0.009 0.042 0.005 0.680 0.032 0.013 
170 24.0780.E1    (6)    8 :  0.240 0.008 0.008 0.007 0.139 0.004 0.033 0.022 0.006 0.457 0.016 0.059 
171 24.0781.E1    (0)    8 :  0.287 0.005 0.005 0.004 0.010 0.005 0.007 0.006 0.004 0.552 0.008 0.107 
172 24.0782.E1    (0)    8 :  0.221 0.007 0.008 0.052 0.026 0.021 0.030 0.122 0.041 0.063 0.033 0.376 
173 24.0783.E1    (0)    8 :  0.225 0.017 0.004 0.006 0.320 0.005 0.011 0.010 0.007 0.100 0.008 0.288 
174 24.0784.E1    (0)    8 :  0.154 0.004 0.015 0.007 0.019 0.004 0.007 0.033 0.005 0.705 0.031 0.015 
175 24.0785.E1    (0)    8 :  0.153 0.009 0.011 0.007 0.021 0.004 0.026 0.008 0.004 0.732 0.014 0.013 
176 24.0786.E1    (0)    8 :  0.125 0.009 0.028 0.019 0.121 0.009 0.023 0.113 0.008 0.487 0.009 0.048 
177 24.0787.E1    (0)    8 :  0.123 0.006 0.008 0.014 0.011 0.017 0.010 0.018 0.051 0.716 0.011 0.016 
178 24.0788.E1    (0)    8 :  0.094 0.005 0.010 0.004 0.064 0.005 0.009 0.017 0.014 0.764 0.008 0.006 
179 24.0789.E1    (0)    8 :  0.156 0.005 0.013 0.039 0.026 0.006 0.011 0.009 0.022 0.675 0.028 0.011 
180 24.0790.E1    (0)    8 :  0.091 0.005 0.007 0.004 0.008 0.003 0.011 0.004 0.005 0.846 0.009 0.006 
181 24.0791.E1    (0)    8 :  0.171 0.054 0.022 0.089 0.010 0.008 0.016 0.008 0.005 0.236 0.005 0.378 
182 24.0792.E1    (0)    8 :  0.069 0.016 0.005 0.009 0.007 0.017 0.296 0.023 0.004 0.456 0.007 0.091 
183 24.0793.E1    (0)    9 :  0.365 0.007 0.023 0.068 0.033 0.006 0.020 0.011 0.039 0.024 0.399 0.006 
184 24.0794.E1    (0)    9 :  0.016 0.005 0.005 0.592 0.023 0.007 0.169 0.006 0.006 0.033 0.127 0.012 
185 24.0795.E1    (0)    9 :  0.008 0.005 0.006 0.092 0.009 0.011 0.005 0.025 0.010 0.007 0.795 0.026 
186 24.0796.E1    (0)    9 :  0.063 0.005 0.029 0.140 0.331 0.005 0.171 0.006 0.009 0.131 0.098 0.012 
187 24.0797.E1    (0)    9 :  0.187 0.005 0.009 0.025 0.053 0.003 0.021 0.007 0.008 0.069 0.606 0.008 
188 24.0798.E1    (0)    9 :  0.020 0.334 0.024 0.010 0.008 0.018 0.070 0.028 0.017 0.017 0.444 0.011 
189 24.0799.E1    (0)    9 :  0.011 0.005 0.937 0.008 0.006 0.005 0.004 0.005 0.006 0.005 0.004 0.004 
190 24.0800.E1    (0)    9 :  0.008 0.004 0.940 0.007 0.008 0.004 0.005 0.006 0.004 0.005 0.004 0.005 
191 24.0801.E1    (0)    9 :  0.007 0.184 0.755 0.004 0.004 0.004 0.008 0.011 0.005 0.007 0.005 0.006 
192 24.0802.E1    (0)    9 :  0.008 0.006 0.007 0.005 0.007 0.004 0.004 0.005 0.012 0.006 0.930 0.007 
193 24.0803.E1    (0)    9 :  0.042 0.019 0.478 0.014 0.008 0.006 0.008 0.007 0.009 0.008 0.391 0.010 
194 24.0804.E1    (0)    9 :  0.008 0.004 0.034 0.010 0.093 0.003 0.008 0.013 0.011 0.009 0.799 0.007 
195 24.0805.E1    (0)    9 :  0.007 0.004 0.917 0.006 0.005 0.006 0.005 0.017 0.004 0.009 0.011 0.010 
196 24.0806.E1    (0)    9 :  0.007 0.007 0.045 0.007 0.005 0.006 0.008 0.006 0.032 0.007 0.864 0.007 
197 24.0807.E1    (0)    9 :  0.009 0.008 0.009 0.007 0.017 0.003 0.016 0.007 0.007 0.011 0.893 0.012 
198 24.0808.E1    (0)    9 :  0.026 0.004 0.659 0.010 0.017 0.005 0.008 0.045 0.019 0.171 0.026 0.009 
199 24.0809.E1    (0)    9 :  0.004 0.004 0.950 0.005 0.005 0.005 0.004 0.007 0.003 0.004 0.004 0.005 
200 24.0810.E1    (0)    9 :  0.008 0.005 0.760 0.006 0.006 0.008 0.014 0.078 0.010 0.010 0.089 0.005 
201 24.0811.E1    (0)    9 :  0.007 0.003 0.004 0.011 0.012 0.004 0.019 0.007 0.011 0.013 0.901 0.007 
202 24.0812.E1    (0)    9 :  0.026 0.008 0.110 0.030 0.271 0.006 0.007 0.038 0.008 0.047 0.436 0.013 
203 24.0813.E1    (0)    9 :  0.018 0.004 0.192 0.006 0.019 0.006 0.007 0.079 0.011 0.067 0.575 0.015 
204 24.0814.E1    (6)    9 :  0.006 0.008 0.592 0.008 0.127 0.004 0.028 0.015 0.013 0.012 0.179 0.008 
205 24.0815.E1    (0)    9 :  0.006 0.009 0.576 0.004 0.010 0.006 0.008 0.005 0.093 0.006 0.274 0.005 
206 24.0816.E1    (0)    9 :  0.023 0.027 0.021 0.007 0.010 0.006 0.023 0.004 0.015 0.016 0.841 0.007 
207 24.0817.E1    (0)   10 :  0.019 0.007 0.049 0.018 0.695 0.005 0.074 0.010 0.005 0.018 0.081 0.019 
208 24.0818.E1    (0)   10 :  0.094 0.006 0.010 0.039 0.748 0.009 0.013 0.005 0.011 0.041 0.011 0.013 
209 24.0819.E1    (0)   10 :  0.016 0.072 0.407 0.016 0.019 0.079 0.332 0.008 0.015 0.010 0.007 0.020 
210 24.0820.E1    (0)   10 :  0.006 0.010 0.028 0.006 0.018 0.051 0.852 0.005 0.007 0.007 0.005 0.006 
211 24.0821.E1    (0)   10 :  0.041 0.214 0.023 0.012 0.144 0.006 0.114 0.015 0.009 0.373 0.036 0.013 
212 24.0822.E1    (0)   10 :  0.017 0.007 0.014 0.007 0.871 0.019 0.010 0.009 0.004 0.034 0.004 0.005 
213 24.0823.E1    (0)   10 :  0.005 0.012 0.030 0.007 0.354 0.031 0.525 0.010 0.008 0.007 0.004 0.006 
214 24.0824.E1    (0)   10 :  0.006 0.423 0.025 0.006 0.443 0.008 0.015 0.047 0.006 0.006 0.008 0.007 
215 24.0825.E1    (0)   10 :  0.004 0.005 0.006 0.004 0.945 0.005 0.005 0.007 0.004 0.004 0.005 0.005 
216 24.0826.E1    (0)   10 :  0.020 0.016 0.014 0.006 0.038 0.018 0.830 0.010 0.009 0.016 0.011 0.011 
217 24.0827.E1    (0)   10 :  0.033 0.007 0.007 0.041 0.716 0.003 0.128 0.010 0.007 0.012 0.023 0.012 
218 24.0828.E1    (0)   10 :  0.018 0.092 0.020 0.010 0.112 0.019 0.586 0.018 0.010 0.032 0.068 0.015 
219 24.0829.E1    (0)   10 :  0.006 0.014 0.084 0.006 0.584 0.011 0.015 0.028 0.007 0.014 0.227 0.006 
220 24.0830.E1    (0)   10 :  0.036 0.006 0.004 0.005 0.815 0.004 0.015 0.005 0.003 0.019 0.025 0.062 
221 24.0831.E1    (0)   10 :  0.093 0.007 0.006 0.005 0.684 0.003 0.017 0.008 0.004 0.045 0.015 0.112 
222 24.0832.E1    (0)   10 :  0.007 0.003 0.004 0.010 0.934 0.003 0.013 0.007 0.003 0.005 0.005 0.004 
223 24.0833.E1    (0)   10 :  0.004 0.004 0.003 0.004 0.953 0.004 0.007 0.006 0.003 0.004 0.005 0.004 
224 24.0834.E1    (0)   10 :  0.005 0.006 0.009 0.006 0.924 0.008 0.009 0.006 0.007 0.006 0.007 0.008 
225 24.0835.E1    (0)   10 :  0.012 0.009 0.032 0.014 0.890 0.004 0.007 0.006 0.006 0.007 0.006 0.008 
226 24.0836.E1    (0)   10 :  0.009 0.016 0.015 0.010 0.890 0.009 0.007 0.018 0.004 0.008 0.007 0.008 
227 24.0837.E1    (0)   10 :  0.006 0.006 0.009 0.006 0.928 0.005 0.007 0.008 0.004 0.009 0.006 0.006 
228 24.0838.E1    (0)   10 :  0.012 0.005 0.004 0.004 0.918 0.006 0.010 0.010 0.004 0.009 0.011 0.006 
229 24.0839.E1    (0)   10 :  0.058 0.024 0.027 0.072 0.285 0.019 0.032 0.048 0.028 0.065 0.297 0.045 
230 24.0840.E1    (0)   10 :  0.006 0.012 0.010 0.007 0.472 0.004 0.046 0.007 0.011 0.009 0.410 0.005 
231 24.0841.E1    (0)   11 :  0.017 0.003 0.005 0.005 0.008 0.008 0.027 0.014 0.003 0.014 0.889 0.007 
232 24.0842.E1    (0)   11 :  0.011 0.171 0.013 0.007 0.010 0.005 0.024 0.007 0.003 0.012 0.730 0.007 
233 24.0843.E1    (0)   11 :  0.011 0.207 0.016 0.005 0.020 0.017 0.437 0.007 0.004 0.013 0.257 0.007 
234 24.0844.E1    (0)   11 :  0.037 0.316 0.082 0.037 0.309 0.007 0.020 0.011 0.005 0.023 0.105 0.048 
235 24.0845.E1    (0)   11 :  0.086 0.020 0.005 0.012 0.677 0.004 0.027 0.013 0.004 0.047 0.067 0.037 
236 24.0846.E1    (0)   11 :  0.013 0.010 0.016 0.013 0.867 0.010 0.008 0.009 0.009 0.009 0.027 0.010 
237 24.0847.E1    (0)   11 :  0.014 0.019 0.052 0.034 0.705 0.011 0.015 0.104 0.007 0.009 0.013 0.017 
238 24.0848.E1    (0)   11 :  0.054 0.017 0.051 0.015 0.737 0.004 0.011 0.028 0.004 0.038 0.020 0.021 
239 24.0849.E1    (0)   11 :  0.005 0.004 0.008 0.006 0.007 0.004 0.946 0.003 0.003 0.005 0.005 0.005 
240 24.0850.E1    (0)   11 :  0.005 0.004 0.008 0.006 0.006 0.004 0.946 0.003 0.003 0.005 0.006 0.005 
241 24.0851.E1    (0)   11 :  0.005 0.004 0.008 0.006 0.006 0.004 0.946 0.003 0.003 0.005 0.005 0.005 
242 24.0852.E1    (0)   11 :  0.063 0.006 0.007 0.011 0.099 0.014 0.667 0.006 0.004 0.038 0.045 0.041 
243 24.0853.E1    (0)   11 :  0.006 0.004 0.010 0.006 0.380 0.009 0.525 0.016 0.006 0.007 0.026 0.005 
244 24.0854.E1    (0)   11 :  0.008 0.564 0.014 0.014 0.021 0.008 0.323 0.008 0.005 0.009 0.013 0.012 
245 24.0855.E1    (0)   11 :  0.009 0.012 0.041 0.006 0.669 0.010 0.035 0.038 0.006 0.019 0.150 0.005 
246 24.0856.E1    (0)   11 :  0.047 0.317 0.006 0.048 0.017 0.046 0.013 0.007 0.032 0.015 0.439 0.010 
247 24.0857.E1    (0)   11 :  0.027 0.009 0.520 0.020 0.330 0.008 0.017 0.019 0.009 0.015 0.013 0.011 
248 24.0858.E1    (0)   11 :  0.085 0.029 0.074 0.016 0.598 0.014 0.068 0.014 0.005 0.051 0.025 0.020 
249 24.0859.E1    (0)   11 :  0.027 0.008 0.032 0.011 0.014 0.017 0.844 0.006 0.010 0.009 0.013 0.010 
250 24.0860.E1    (0)   11 :  0.325 0.032 0.346 0.031 0.046 0.032 0.055 0.009 0.034 0.025 0.053 0.012 
251 24.0861.E1    (0)   11 :  0.013 0.004 0.007 0.006 0.018 0.004 0.908 0.004 0.003 0.006 0.020 0.005 
252 24.0862.E1    (0)   11 :  0.012 0.010 0.175 0.019 0.021 0.007 0.016 0.008 0.013 0.017 0.685 0.016 
253 24.0863.E1    (0)   11 :  0.013 0.004 0.007 0.006 0.017 0.004 0.909 0.004 0.003 0.006 0.020 0.005 
254 24.0864.E1    (0)   11 :  0.017 0.012 0.022 0.068 0.154 0.006 0.056 0.153 0.010 0.129 0.013 0.359 
255 24.0865.E1    (0)   12 :  0.014 0.005 0.008 0.039 0.011 0.032 0.785 0.037 0.017 0.019 0.010 0.022 
256 24.0866.E1    (0)   12 :  0.105 0.013 0.598 0.014 0.040 0.027 0.013 0.111 0.005 0.048 0.008 0.018 
257 24.0867.E1    (0)   12 :  0.011 0.011 0.125 0.010 0.019 0.131 0.165 0.478 0.018 0.010 0.008 0.011 
258 24.0868.E1    (0)   12 :  0.066 0.014 0.033 0.010 0.067 0.023 0.008 0.228 0.028 0.465 0.010 0.049 
259 24.0869.E1    (0)   12 :  0.077 0.005 0.086 0.007 0.143 0.007 0.011 0.421 0.045 0.055 0.011 0.133 
260 24.0870.E1    (0)   12 :  0.101 0.014 0.017 0.103 0.133 0.026 0.009 0.125 0.105 0.223 0.021 0.124 
261 24.0871.E1    (0)   12 :  0.120 0.015 0.006 0.035 0.014 0.007 0.042 0.047 0.024 0.094 0.051 0.545 
262 24.0872.E1    (0)   12 :  0.129 0.013 0.060 0.012 0.006 0.082 0.333 0.020 0.006 0.071 0.007 0.260 
263 24.0873.E1    (0)   12 :  0.012 0.013 0.259 0.013 0.014 0.011 0.057 0.524 0.011 0.028 0.009 0.050 
264 24.0874.E1    (0)   12 :  0.011 0.012 0.367 0.008 0.037 0.215 0.180 0.126 0.007 0.013 0.009 0.014 
265 24.0875.E1    (0)   12 :  0.262 0.017 0.023 0.028 0.007 0.008 0.007 0.009 0.006 0.127 0.004 0.500 
266 24.0876.E1    (0)   12 :  0.205 0.009 0.010 0.054 0.004 0.016 0.005 0.027 0.006 0.095 0.004 0.565 
267 24.0877.E1    (0)   12 :  0.044 0.009 0.058 0.445 0.004 0.038 0.006 0.012 0.006 0.016 0.004 0.359 
268 24.0878.E1    (0)   12 :  0.006 0.022 0.009 0.382 0.047 0.009 0.005 0.047 0.008 0.036 0.009 0.421 
269 24.0879.E1    (0)   12 :  0.008 0.187 0.005 0.403 0.007 0.005 0.007 0.010 0.009 0.012 0.007 0.341 
270 24.0880.E1    (0)   12 :  0.017 0.073 0.015 0.018 0.516 0.014 0.018 0.142 0.013 0.091 0.007 0.075 
271 24.0881.E1    (0)   12 :  0.009 0.007 0.007 0.644 0.004 0.009 0.006 0.007 0.011 0.005 0.004 0.285 
272 24.0882.E1    (0)   12 :  0.041 0.008 0.018 0.147 0.006 0.560 0.014 0.015 0.008 0.011 0.004 0.169 
273 24.0883.E1    (0)   12 :  0.006 0.196 0.006 0.169 0.007 0.199 0.051 0.053 0.010 0.010 0.005 0.290 
274 24.0884.E1    (0)   12 :  0.011 0.011 0.005 0.486 0.004 0.028 0.009 0.008 0.007 0.007 0.006 0.420 
275 24.0885.E1    (0)   12 :  0.009 0.040 0.015 0.360 0.011 0.006 0.006 0.063 0.010 0.043 0.005 0.432 
276 24.0886.E1    (0)   12 :  0.010 0.085 0.016 0.141 0.004 0.209 0.032 0.029 0.004 0.013 0.007 0.450 
277 24.0887.E1    (0)   12 :  0.006 0.157 0.006 0.027 0.005 0.623 0.009 0.019 0.010 0.007 0.005 0.127 
278 24.0888.E1    (0)   12 :  0.096 0.010 0.026 0.013 0.007 0.005 0.007 0.008 0.007 0.762 0.011 0.049 


Estimated Allele Frequencies in each cluster
First column gives estimated ancestral frequencies


Locus 1 : 
31 alleles
0.0% missing data
 115   (0.035) 0.012 0.007 0.004 0.128 0.004 0.003 0.004 0.161 0.003 0.010 0.017 0.102 
 117   (0.046) 0.012 0.012 0.103 0.174 0.005 0.193 0.003 0.042 0.004 0.012 0.022 0.128 
 119   (0.042) 0.007 0.007 0.005 0.270 0.005 0.331 0.004 0.012 0.297 0.010 0.006 0.097 
 131   (0.015) 0.002 0.003 0.002 0.056 0.001 0.003 0.001 0.003 0.001 0.004 0.003 0.010 
 128   (0.032) 0.032 0.008 0.007 0.040 0.023 0.002 0.004 0.015 0.003 0.031 0.007 0.077 
 135   (0.019) 0.004 0.003 0.003 0.043 0.003 0.008 0.002 0.006 0.002 0.004 0.007 0.031 
 126   (0.081) 0.066 0.031 0.159 0.089 0.267 0.080 0.055 0.032 0.012 0.076 0.030 0.087 
 122   (0.031) 0.071 0.006 0.008 0.011 0.003 0.002 0.003 0.005 0.098 0.017 0.146 0.014 
 132   (0.032) 0.014 0.013 0.039 0.005 0.024 0.013 0.006 0.012 0.003 0.027 0.035 0.029 
 141   (0.010) 0.001 0.001 0.001 0.011 0.001 0.001 0.001 0.001 0.002 0.003 0.002 0.002 
 130   (0.050) 0.043 0.155 0.009 0.007 0.014 0.008 0.025 0.090 0.013 0.083 0.036 0.052 
 134   (0.039) 0.010 0.005 0.021 0.005 0.007 0.003 0.077 0.040 0.138 0.041 0.028 0.008 
 145   (0.017) 0.003 0.007 0.002 0.002 0.001 0.007 0.114 0.005 0.007 0.009 0.002 0.005 
 127   (0.026) 0.005 0.007 0.003 0.027 0.002 0.161 0.003 0.008 0.054 0.006 0.004 0.021 
 116   (0.111) 0.207 0.066 0.114 0.016 0.136 0.010 0.282 0.221 0.172 0.236 0.207 0.075 
 114   (0.058) 0.028 0.028 0.073 0.008 0.106 0.005 0.196 0.032 0.049 0.042 0.229 0.013 
 120   (0.037) 0.029 0.142 0.005 0.009 0.004 0.002 0.003 0.016 0.091 0.073 0.005 0.025 
 110   (0.043) 0.060 0.103 0.006 0.009 0.096 0.014 0.012 0.057 0.015 0.017 0.023 0.035 
 133   (0.015) 0.004 0.002 0.007 0.003 0.001 0.012 0.001 0.003 0.008 0.004 0.002 0.010 
 118   (0.112) 0.358 0.343 0.402 0.015 0.168 0.018 0.186 0.183 0.012 0.223 0.141 0.100 
 125   (0.012) 0.002 0.005 0.003 0.002 0.010 0.001 0.004 0.002 0.001 0.005 0.017 0.003 
 129   (0.021) 0.005 0.019 0.003 0.035 0.002 0.007 0.002 0.004 0.002 0.012 0.003 0.031 
 124   (0.016) 0.007 0.014 0.003 0.011 0.002 0.002 0.004 0.003 0.002 0.016 0.002 0.010 
 136   (0.019) 0.004 0.003 0.003 0.003 0.090 0.001 0.002 0.034 0.002 0.007 0.004 0.010 
 121   (0.013) 0.002 0.002 0.001 0.003 0.001 0.069 0.001 0.002 0.001 0.003 0.002 0.010 
 139   (0.011) 0.002 0.002 0.001 0.012 0.001 0.001 0.001 0.002 0.001 0.003 0.001 0.003 
 113   (0.011) 0.002 0.002 0.001 0.001 0.001 0.015 0.001 0.002 0.001 0.002 0.001 0.002 
 111   (0.010) 0.001 0.001 0.001 0.002 0.001 0.013 0.001 0.002 0.001 0.002 0.001 0.003 
 143   (0.010) 0.001 0.001 0.001 0.001 0.001 0.015 0.001 0.001 0.001 0.002 0.001 0.002 
 140   (0.014) 0.003 0.002 0.008 0.002 0.001 0.001 0.001 0.003 0.001 0.017 0.013 0.003 
 112   (0.013) 0.002 0.002 0.002 0.002 0.016 0.001 0.001 0.002 0.001 0.003 0.002 0.002 

Locus 2 : 
18 alleles
0.0% missing data
 152   (0.378) 0.567 0.330 0.442 0.668 0.155 0.804 0.305 0.453 0.382 0.222 0.574 0.575 
 148   (0.071) 0.050 0.028 0.009 0.112 0.009 0.018 0.007 0.199 0.236 0.025 0.012 0.166 
 154   (0.106) 0.106 0.033 0.019 0.048 0.281 0.030 0.017 0.223 0.262 0.067 0.124 0.064 
 156   (0.018) 0.003 0.005 0.002 0.015 0.002 0.001 0.002 0.003 0.002 0.006 0.015 0.003 
 150   (0.023) 0.003 0.005 0.002 0.009 0.002 0.052 0.002 0.003 0.069 0.005 0.003 0.004 
 164   (0.083) 0.115 0.017 0.029 0.067 0.044 0.010 0.091 0.037 0.009 0.134 0.106 0.045 
 158   (0.030) 0.006 0.206 0.011 0.007 0.004 0.007 0.010 0.013 0.011 0.007 0.009 0.023 
 160   (0.020) 0.005 0.003 0.002 0.003 0.002 0.016 0.002 0.014 0.002 0.017 0.003 0.005 
 166   (0.021) 0.025 0.003 0.030 0.003 0.002 0.001 0.002 0.004 0.004 0.011 0.013 0.017 
 151   (0.071) 0.053 0.256 0.009 0.009 0.474 0.004 0.313 0.010 0.006 0.258 0.037 0.029 
 147   (0.059) 0.026 0.060 0.423 0.008 0.015 0.004 0.194 0.013 0.005 0.160 0.058 0.018 
 168   (0.023) 0.008 0.005 0.009 0.004 0.002 0.002 0.030 0.003 0.002 0.022 0.004 0.015 
 153   (0.013) 0.005 0.002 0.001 0.002 0.001 0.001 0.015 0.002 0.001 0.017 0.002 0.002 
 149   (0.026) 0.009 0.039 0.004 0.003 0.002 0.012 0.002 0.016 0.002 0.010 0.003 0.021 
 162   (0.021) 0.006 0.003 0.003 0.010 0.002 0.003 0.006 0.003 0.002 0.009 0.033 0.005 
 167   (0.013) 0.002 0.001 0.001 0.028 0.001 0.001 0.001 0.002 0.001 0.003 0.001 0.003 
 146   (0.012) 0.001 0.001 0.001 0.001 0.001 0.032 0.001 0.001 0.001 0.002 0.001 0.002 
 172   (0.013) 0.009 0.002 0.001 0.002 0.001 0.001 0.001 0.002 0.001 0.025 0.002 0.003 

Locus 3 : 
4 alleles
0.0% missing data
 128   (0.296) 0.193 0.227 0.388 0.202 0.450 0.462 0.350 0.277 0.326 0.257 0.160 0.334 
 126   (0.610) 0.767 0.578 0.583 0.716 0.506 0.531 0.477 0.708 0.614 0.701 0.786 0.610 
 132   (0.080) 0.031 0.150 0.027 0.081 0.042 0.006 0.173 0.014 0.054 0.039 0.052 0.054 
 134   (0.014) 0.008 0.045 0.001 0.002 0.001 0.001 0.001 0.002 0.006 0.003 0.002 0.002 

Locus 4 : 
3 alleles
0.0% missing data
 170   (0.316) 0.435 0.170 0.111 0.359 0.463 0.306 0.105 0.134 0.421 0.375 0.404 0.249 
 172   (0.672) 0.563 0.829 0.887 0.639 0.535 0.691 0.892 0.863 0.568 0.621 0.594 0.748 
 171   (0.013) 0.002 0.002 0.002 0.002 0.002 0.002 0.003 0.003 0.010 0.003 0.002 0.003 

Locus 5 : 
37 alleles
0.0% missing data
 125   (0.052) 0.021 0.172 0.015 0.076 0.078 0.043 0.146 0.018 0.058 0.022 0.013 0.038 
 110   (0.035) 0.010 0.029 0.019 0.061 0.090 0.015 0.024 0.006 0.044 0.011 0.024 0.024 
 129   (0.037) 0.094 0.009 0.007 0.049 0.008 0.003 0.020 0.006 0.004 0.093 0.057 0.026 
 113   (0.034) 0.075 0.006 0.015 0.013 0.011 0.002 0.005 0.012 0.004 0.106 0.127 0.013 
 145   (0.052) 0.030 0.083 0.010 0.212 0.012 0.075 0.095 0.142 0.006 0.027 0.010 0.161 
 155   (0.054) 0.068 0.018 0.019 0.150 0.057 0.014 0.007 0.021 0.186 0.025 0.113 0.075 
 117   (0.030) 0.012 0.005 0.009 0.020 0.004 0.027 0.005 0.167 0.004 0.023 0.020 0.019 
 124   (0.009) 0.002 0.001 0.001 0.026 0.001 0.001 0.001 0.001 0.001 0.002 0.001 0.003 
 133   (0.033) 0.037 0.007 0.010 0.047 0.003 0.081 0.007 0.008 0.003 0.067 0.004 0.046 
 157   (0.045) 0.237 0.110 0.032 0.008 0.052 0.023 0.004 0.049 0.020 0.090 0.007 0.034 
 141   (0.016) 0.016 0.002 0.003 0.005 0.005 0.001 0.001 0.008 0.002 0.031 0.002 0.012 
 112   (0.071) 0.097 0.016 0.025 0.074 0.162 0.167 0.164 0.126 0.201 0.039 0.052 0.036 
 121   (0.017) 0.006 0.005 0.027 0.003 0.003 0.002 0.009 0.003 0.006 0.015 0.089 0.006 
 114   (0.042) 0.010 0.007 0.039 0.044 0.084 0.181 0.004 0.157 0.018 0.011 0.005 0.056 
 153   (0.051) 0.028 0.247 0.352 0.041 0.085 0.004 0.078 0.012 0.008 0.029 0.018 0.094 
 127   (0.074) 0.070 0.031 0.013 0.074 0.102 0.068 0.208 0.087 0.018 0.112 0.170 0.062 
 131   (0.059) 0.022 0.149 0.204 0.036 0.033 0.184 0.087 0.020 0.234 0.017 0.025 0.063 
 135   (0.027) 0.036 0.012 0.110 0.004 0.013 0.002 0.075 0.005 0.007 0.022 0.004 0.061 
 104   (0.011) 0.002 0.001 0.002 0.002 0.002 0.002 0.003 0.003 0.010 0.003 0.001 0.003 
 118   (0.018) 0.005 0.010 0.002 0.011 0.002 0.002 0.002 0.007 0.018 0.011 0.002 0.023 
 116   (0.024) 0.011 0.016 0.003 0.004 0.011 0.004 0.003 0.011 0.018 0.010 0.080 0.043 
 137   (0.024) 0.014 0.012 0.007 0.004 0.002 0.006 0.002 0.006 0.107 0.011 0.089 0.012 
 123   (0.024) 0.008 0.006 0.015 0.005 0.096 0.002 0.018 0.004 0.005 0.007 0.024 0.026 
 149   (0.009) 0.001 0.001 0.001 0.001 0.002 0.001 0.002 0.002 0.001 0.004 0.004 0.010 
 138   (0.012) 0.008 0.002 0.001 0.002 0.001 0.001 0.007 0.002 0.001 0.063 0.001 0.002 
 143   (0.025) 0.021 0.016 0.004 0.004 0.054 0.080 0.010 0.004 0.003 0.031 0.006 0.005 
 163   (0.010) 0.005 0.001 0.001 0.002 0.001 0.001 0.001 0.003 0.003 0.005 0.006 0.003 
 109   (0.009) 0.001 0.001 0.001 0.001 0.001 0.001 0.001 0.039 0.001 0.002 0.001 0.003 
 139   (0.008) 0.012 0.002 0.001 0.001 0.001 0.001 0.001 0.001 0.001 0.004 0.001 0.005 
 106   (0.008) 0.006 0.001 0.002 0.001 0.001 0.001 0.001 0.002 0.001 0.009 0.002 0.003 
 144   (0.016) 0.005 0.002 0.040 0.002 0.002 0.001 0.001 0.042 0.002 0.006 0.002 0.006 
 122   (0.012) 0.002 0.002 0.002 0.009 0.001 0.002 0.001 0.014 0.001 0.003 0.001 0.008 
 100   (0.017) 0.017 0.006 0.003 0.003 0.004 0.001 0.004 0.003 0.002 0.029 0.033 0.011 
 111   (0.011) 0.005 0.001 0.001 0.001 0.001 0.001 0.002 0.001 0.001 0.040 0.001 0.003 
 233   (0.009) 0.002 0.007 0.002 0.001 0.002 0.001 0.002 0.001 0.001 0.009 0.002 0.002 
 134   (0.008) 0.003 0.001 0.001 0.001 0.011 0.000 0.001 0.001 0.001 0.003 0.001 0.004 
 140   (0.007) 0.002 0.001 0.002 0.001 0.001 0.001 0.001 0.005 0.001 0.009 0.001 0.002 

Locus 6 : 
17 alleles
0.0% missing data
 221   (0.026) 0.003 0.003 0.003 0.150 0.002 0.090 0.002 0.004 0.002 0.005 0.003 0.031 
 232   (0.241) 0.301 0.281 0.098 0.189 0.261 0.437 0.778 0.270 0.082 0.291 0.441 0.239 
 229   (0.056) 0.013 0.016 0.025 0.098 0.100 0.059 0.019 0.012 0.057 0.014 0.009 0.080 
 223   (0.061) 0.089 0.105 0.014 0.102 0.077 0.007 0.006 0.074 0.006 0.030 0.023 0.037 
 230   (0.162) 0.233 0.098 0.057 0.064 0.249 0.308 0.043 0.228 0.170 0.219 0.086 0.187 
 235   (0.013) 0.002 0.001 0.001 0.084 0.001 0.001 0.001 0.002 0.001 0.003 0.002 0.002 
 236   (0.037) 0.024 0.010 0.005 0.090 0.004 0.005 0.018 0.006 0.025 0.024 0.016 0.058 
 227   (0.023) 0.014 0.008 0.004 0.066 0.002 0.002 0.002 0.014 0.002 0.008 0.003 0.016 
 220   (0.056) 0.012 0.012 0.222 0.008 0.023 0.004 0.068 0.019 0.193 0.034 0.102 0.028 
 222   (0.041) 0.011 0.006 0.213 0.005 0.005 0.003 0.003 0.013 0.271 0.055 0.098 0.009 
 234   (0.127) 0.071 0.290 0.337 0.067 0.143 0.046 0.013 0.281 0.174 0.122 0.030 0.139 
 224   (0.032) 0.013 0.136 0.004 0.004 0.082 0.002 0.002 0.006 0.003 0.034 0.006 0.010 
 228   (0.060) 0.205 0.011 0.008 0.015 0.025 0.004 0.042 0.057 0.006 0.141 0.056 0.041 
 225   (0.012) 0.002 0.001 0.001 0.003 0.001 0.001 0.001 0.002 0.001 0.003 0.019 0.002 
 226   (0.016) 0.002 0.002 0.004 0.002 0.020 0.001 0.002 0.003 0.002 0.004 0.101 0.003 
 233   (0.023) 0.005 0.012 0.003 0.031 0.002 0.029 0.002 0.007 0.002 0.007 0.003 0.078 
 231   (0.015) 0.002 0.007 0.002 0.020 0.001 0.001 0.001 0.004 0.001 0.004 0.002 0.038 

Locus 7 : 
10 alleles
0.0% missing data
 121   (0.684) 0.823 0.557 0.823 0.892 0.779 0.740 0.700 0.779 0.794 0.852 0.736 0.829 
 129   (0.097) 0.045 0.101 0.012 0.068 0.128 0.102 0.147 0.046 0.010 0.052 0.109 0.072 
 130   (0.016) 0.007 0.003 0.013 0.004 0.002 0.004 0.001 0.002 0.002 0.004 0.021 0.003 
 123   (0.097) 0.093 0.233 0.046 0.021 0.081 0.102 0.144 0.029 0.129 0.047 0.112 0.072 
 128   (0.021) 0.003 0.021 0.002 0.003 0.002 0.020 0.002 0.005 0.038 0.005 0.002 0.006 
 131   (0.016) 0.005 0.010 0.002 0.003 0.002 0.002 0.001 0.003 0.020 0.004 0.010 0.003 
 117   (0.012) 0.003 0.002 0.001 0.002 0.001 0.001 0.001 0.002 0.001 0.015 0.001 0.002 
 125   (0.013) 0.002 0.067 0.001 0.002 0.001 0.001 0.001 0.002 0.001 0.003 0.001 0.002 
 134   (0.031) 0.017 0.005 0.095 0.005 0.003 0.006 0.002 0.125 0.004 0.015 0.005 0.007 
 132   (0.013) 0.002 0.002 0.003 0.002 0.001 0.024 0.001 0.008 0.001 0.003 0.001 0.003 

Locus 8 : 
19 alleles
0.0% missing data
 184   (0.303) 0.466 0.526 0.521 0.511 0.251 0.324 0.476 0.514 0.523 0.324 0.179 0.394 
 194   (0.047) 0.031 0.032 0.006 0.033 0.013 0.017 0.009 0.113 0.018 0.042 0.016 0.030 
 178   (0.102) 0.042 0.027 0.058 0.234 0.294 0.059 0.026 0.088 0.189 0.060 0.176 0.081 
 176   (0.083) 0.064 0.045 0.155 0.036 0.009 0.228 0.111 0.058 0.010 0.093 0.055 0.108 
 182   (0.076) 0.128 0.018 0.106 0.024 0.042 0.213 0.013 0.031 0.008 0.108 0.173 0.075 
 190   (0.031) 0.006 0.005 0.056 0.006 0.019 0.051 0.002 0.005 0.075 0.007 0.010 0.007 
 196   (0.021) 0.005 0.003 0.003 0.006 0.071 0.001 0.010 0.005 0.002 0.026 0.004 0.004 
 200   (0.026) 0.069 0.036 0.003 0.017 0.002 0.009 0.002 0.006 0.003 0.013 0.012 0.008 
 180   (0.022) 0.003 0.132 0.003 0.011 0.003 0.002 0.002 0.003 0.072 0.005 0.004 0.004 
 188   (0.038) 0.007 0.008 0.011 0.028 0.064 0.003 0.082 0.037 0.008 0.020 0.005 0.025 
 174   (0.040) 0.024 0.039 0.009 0.017 0.004 0.043 0.004 0.051 0.021 0.026 0.012 0.069 
 186   (0.117) 0.130 0.057 0.035 0.058 0.126 0.043 0.237 0.058 0.040 0.232 0.322 0.176 
 192   (0.022) 0.006 0.015 0.004 0.009 0.090 0.003 0.006 0.004 0.013 0.010 0.003 0.006 
 201   (0.011) 0.003 0.010 0.001 0.001 0.001 0.001 0.001 0.002 0.012 0.002 0.001 0.002 
 199   (0.018) 0.008 0.032 0.003 0.002 0.002 0.001 0.002 0.002 0.002 0.015 0.019 0.003 
 185   (0.010) 0.002 0.002 0.001 0.001 0.001 0.001 0.016 0.002 0.001 0.004 0.001 0.002 
 203   (0.011) 0.002 0.001 0.004 0.001 0.001 0.001 0.001 0.016 0.001 0.003 0.001 0.002 
 198   (0.011) 0.002 0.001 0.018 0.001 0.001 0.001 0.001 0.002 0.001 0.006 0.002 0.002 
 209   (0.010) 0.002 0.012 0.003 0.002 0.005 0.001 0.001 0.001 0.001 0.003 0.003 0.003 

Locus 9 : 
6 alleles
0.4% missing data
 154   (0.683) 0.675 0.659 0.698 0.711 0.798 0.620 0.845 0.685 0.822 0.793 0.851 0.722 
 156   (0.208) 0.261 0.326 0.287 0.175 0.116 0.364 0.031 0.250 0.167 0.140 0.131 0.193 
 152   (0.055) 0.023 0.008 0.009 0.074 0.081 0.005 0.107 0.041 0.005 0.032 0.010 0.043 
 153   (0.013) 0.007 0.002 0.002 0.003 0.001 0.001 0.014 0.002 0.002 0.014 0.003 0.003 
 160   (0.014) 0.028 0.002 0.001 0.002 0.001 0.001 0.001 0.002 0.001 0.014 0.002 0.002 
 164   (0.027) 0.006 0.004 0.003 0.035 0.003 0.009 0.002 0.021 0.003 0.007 0.003 0.037 

Locus 10 : 
29 alleles
0.7% missing data
 305   (0.065) 0.042 0.009 0.010 0.123 0.007 0.009 0.007 0.012 0.224 0.087 0.246 0.016 
 313   (0.053) 0.024 0.010 0.007 0.165 0.009 0.006 0.004 0.009 0.006 0.057 0.076 0.045 
 311   (0.016) 0.003 0.004 0.002 0.021 0.003 0.002 0.001 0.003 0.002 0.005 0.002 0.006 
 299   (0.125) 0.358 0.015 0.169 0.281 0.153 0.025 0.154 0.035 0.041 0.124 0.028 0.094 
 315   (0.077) 0.133 0.013 0.010 0.097 0.018 0.106 0.006 0.016 0.082 0.105 0.015 0.083 
 287   (0.020) 0.004 0.839 0.004 0.005 0.002 0.002 0.002 0.003 0.003 0.006 0.004 0.010 
 291   (0.108) 0.026 0.014 0.332 0.090 0.503 0.018 0.011 0.453 0.066 0.093 0.036 0.073 
 295   (0.023) 0.007 0.002 0.003 0.012 0.002 0.002 0.002 0.049 0.004 0.011 0.003 0.253 
 289   (0.019) 0.015 0.002 0.251 0.003 0.002 0.001 0.001 0.002 0.003 0.005 0.002 0.005 
 303   (0.035) 0.005 0.004 0.005 0.007 0.003 0.559 0.667 0.006 0.024 0.018 0.005 0.011 
 297   (0.043) 0.013 0.005 0.018 0.010 0.023 0.084 0.005 0.165 0.005 0.011 0.176 0.010 
 293   (0.018) 0.035 0.002 0.004 0.029 0.002 0.001 0.001 0.002 0.003 0.016 0.002 0.087 
 301   (0.062) 0.021 0.008 0.017 0.066 0.007 0.007 0.008 0.082 0.170 0.120 0.008 0.028 
 285   (0.027) 0.015 0.003 0.004 0.004 0.002 0.002 0.002 0.004 0.273 0.008 0.272 0.005 
 307   (0.054) 0.125 0.008 0.006 0.009 0.106 0.160 0.004 0.081 0.034 0.023 0.007 0.043 
 312   (0.043) 0.110 0.006 0.007 0.006 0.094 0.003 0.011 0.010 0.037 0.062 0.008 0.136 
 306   (0.026) 0.012 0.004 0.004 0.008 0.012 0.002 0.002 0.012 0.004 0.087 0.003 0.017 
 320   (0.013) 0.005 0.001 0.001 0.002 0.001 0.001 0.001 0.002 0.001 0.031 0.001 0.002 
 317   (0.022) 0.003 0.002 0.002 0.022 0.002 0.001 0.097 0.003 0.002 0.016 0.003 0.004 
 314   (0.026) 0.005 0.030 0.003 0.021 0.002 0.002 0.002 0.004 0.003 0.019 0.003 0.032 
 323   (0.013) 0.003 0.005 0.002 0.002 0.001 0.001 0.001 0.002 0.001 0.012 0.002 0.004 
 325   (0.014) 0.003 0.005 0.002 0.002 0.001 0.001 0.001 0.002 0.001 0.012 0.002 0.004 
 310   (0.016) 0.013 0.002 0.002 0.003 0.037 0.001 0.001 0.003 0.002 0.008 0.002 0.016 
 309   (0.013) 0.002 0.001 0.003 0.002 0.001 0.001 0.001 0.032 0.002 0.006 0.001 0.003 
 316   (0.017) 0.007 0.002 0.002 0.004 0.004 0.001 0.003 0.002 0.002 0.039 0.003 0.003 
 296   (0.012) 0.003 0.001 0.001 0.002 0.001 0.001 0.003 0.002 0.001 0.012 0.001 0.004 
 304   (0.014) 0.003 0.001 0.003 0.002 0.001 0.001 0.001 0.002 0.001 0.003 0.085 0.002 
 321   (0.011) 0.001 0.001 0.061 0.001 0.001 0.001 0.001 0.001 0.001 0.002 0.002 0.002 
 332   (0.013) 0.002 0.001 0.062 0.002 0.001 0.001 0.001 0.002 0.001 0.003 0.001 0.002 

Locus 11 : 
19 alleles
0.0% missing data
 114   (0.157) 0.182 0.044 0.027 0.237 0.020 0.198 0.042 0.267 0.296 0.145 0.024 0.240 
 126   (0.022) 0.003 0.003 0.002 0.069 0.002 0.004 0.002 0.003 0.018 0.005 0.002 0.008 
 111   (0.090) 0.024 0.020 0.592 0.260 0.556 0.006 0.303 0.013 0.008 0.024 0.558 0.028 
 116   (0.109) 0.122 0.133 0.031 0.117 0.029 0.277 0.009 0.159 0.017 0.055 0.078 0.087 
 132   (0.013) 0.002 0.002 0.002 0.013 0.001 0.001 0.001 0.002 0.001 0.003 0.002 0.003 
 109   (0.016) 0.002 0.002 0.002 0.055 0.003 0.001 0.001 0.003 0.001 0.004 0.002 0.004 
 128   (0.018) 0.004 0.003 0.002 0.008 0.006 0.001 0.001 0.018 0.002 0.007 0.002 0.004 
 112   (0.318) 0.581 0.449 0.072 0.185 0.045 0.486 0.170 0.438 0.602 0.596 0.066 0.499 
 122   (0.017) 0.004 0.002 0.004 0.003 0.002 0.004 0.015 0.004 0.007 0.005 0.002 0.008 
 124   (0.013) 0.002 0.002 0.002 0.002 0.001 0.002 0.002 0.002 0.018 0.003 0.002 0.002 
 118   (0.048) 0.027 0.080 0.210 0.012 0.005 0.009 0.013 0.047 0.013 0.018 0.007 0.029 
 127   (0.013) 0.003 0.002 0.001 0.002 0.001 0.001 0.001 0.001 0.001 0.015 0.001 0.002 
 113   (0.051) 0.010 0.032 0.020 0.007 0.235 0.003 0.427 0.008 0.004 0.039 0.199 0.015 
 115   (0.029) 0.005 0.206 0.004 0.012 0.006 0.003 0.003 0.006 0.003 0.016 0.008 0.036 
 120   (0.021) 0.003 0.003 0.003 0.003 0.075 0.001 0.002 0.018 0.002 0.007 0.002 0.007 
 117   (0.021) 0.014 0.005 0.013 0.004 0.006 0.002 0.003 0.004 0.003 0.017 0.010 0.005 
 125   (0.018) 0.008 0.004 0.002 0.003 0.002 0.001 0.003 0.002 0.001 0.034 0.002 0.010 
 119   (0.013) 0.002 0.002 0.009 0.002 0.003 0.001 0.001 0.003 0.001 0.004 0.030 0.002 
 136   (0.013) 0.002 0.007 0.001 0.007 0.001 0.001 0.001 0.002 0.001 0.003 0.002 0.008 

Locus 12 : 
28 alleles
0.7% missing data
 306   (0.060) 0.035 0.007 0.011 0.122 0.007 0.008 0.006 0.010 0.223 0.045 0.317 0.015 
 314   (0.061) 0.020 0.018 0.009 0.150 0.086 0.007 0.012 0.008 0.006 0.054 0.072 0.034 
 312   (0.014) 0.002 0.001 0.001 0.030 0.001 0.001 0.001 0.002 0.001 0.003 0.001 0.002 
 300   (0.134) 0.368 0.016 0.168 0.298 0.149 0.026 0.155 0.036 0.042 0.126 0.029 0.096 
 316   (0.045) 0.013 0.005 0.006 0.094 0.017 0.104 0.003 0.007 0.081 0.013 0.009 0.020 
 288   (0.017) 0.003 0.826 0.003 0.004 0.002 0.001 0.002 0.002 0.002 0.005 0.004 0.009 
 292   (0.119) 0.028 0.015 0.371 0.092 0.490 0.018 0.012 0.451 0.067 0.096 0.037 0.075 
 296   (0.030) 0.010 0.003 0.004 0.013 0.003 0.002 0.004 0.051 0.005 0.020 0.004 0.258 
 290   (0.017) 0.015 0.002 0.251 0.003 0.001 0.001 0.001 0.002 0.003 0.004 0.002 0.004 
 304   (0.032) 0.005 0.004 0.005 0.006 0.003 0.560 0.670 0.006 0.024 0.017 0.004 0.010 
 298   (0.046) 0.014 0.005 0.019 0.010 0.023 0.084 0.006 0.165 0.005 0.011 0.175 0.011 
 294   (0.018) 0.035 0.002 0.004 0.029 0.002 0.001 0.001 0.002 0.003 0.016 0.002 0.087 
 302   (0.064) 0.022 0.008 0.017 0.066 0.007 0.007 0.009 0.083 0.169 0.121 0.008 0.028 
 286   (0.028) 0.016 0.003 0.004 0.004 0.002 0.002 0.002 0.004 0.272 0.008 0.293 0.005 
 308   (0.033) 0.110 0.005 0.004 0.006 0.003 0.155 0.002 0.029 0.033 0.015 0.004 0.026 
 313   (0.031) 0.125 0.003 0.004 0.005 0.005 0.002 0.003 0.010 0.037 0.065 0.004 0.147 
 307   (0.049) 0.021 0.006 0.006 0.010 0.128 0.004 0.004 0.068 0.005 0.093 0.006 0.033 
 321   (0.015) 0.005 0.001 0.002 0.002 0.001 0.001 0.001 0.002 0.001 0.032 0.002 0.002 
 315   (0.055) 0.104 0.045 0.007 0.026 0.005 0.005 0.011 0.012 0.007 0.116 0.009 0.087 
 318   (0.020) 0.003 0.002 0.003 0.009 0.004 0.001 0.088 0.003 0.002 0.017 0.005 0.003 
 324   (0.013) 0.003 0.005 0.002 0.002 0.001 0.001 0.001 0.002 0.001 0.012 0.002 0.004 
 326   (0.014) 0.003 0.005 0.002 0.002 0.001 0.001 0.001 0.002 0.001 0.013 0.002 0.004 
 311   (0.020) 0.021 0.005 0.002 0.007 0.056 0.002 0.001 0.004 0.002 0.013 0.002 0.027 
 310   (0.012) 0.002 0.001 0.003 0.002 0.001 0.001 0.001 0.032 0.001 0.006 0.001 0.003 
 305   (0.014) 0.009 0.001 0.002 0.002 0.001 0.001 0.001 0.002 0.001 0.043 0.002 0.002 
 317   (0.014) 0.005 0.001 0.002 0.002 0.001 0.001 0.001 0.002 0.002 0.032 0.002 0.002 
 320   (0.012) 0.002 0.001 0.029 0.002 0.001 0.001 0.001 0.002 0.001 0.003 0.001 0.002 
 322   (0.012) 0.001 0.001 0.060 0.002 0.001 0.001 0.001 0.001 0.001 0.003 0.002 0.002 

Locus 13 : 
7 alleles
1.1% missing data
 161   (0.601) 0.472 0.446 0.925 0.670 0.414 0.888 0.508 0.863 0.059 0.562 0.298 0.670 
 163   (0.295) 0.510 0.537 0.063 0.269 0.576 0.024 0.462 0.106 0.027 0.411 0.505 0.229 
 160   (0.018) 0.003 0.003 0.002 0.002 0.002 0.001 0.001 0.002 0.451 0.004 0.002 0.007 
 162   (0.016) 0.002 0.002 0.002 0.002 0.001 0.001 0.002 0.002 0.457 0.003 0.002 0.003 
 165   (0.043) 0.007 0.009 0.005 0.052 0.005 0.003 0.025 0.022 0.004 0.013 0.190 0.077 
 166   (0.014) 0.004 0.002 0.002 0.003 0.001 0.003 0.001 0.003 0.001 0.004 0.002 0.011 
 164   (0.014) 0.002 0.002 0.001 0.002 0.001 0.080 0.001 0.002 0.001 0.003 0.002 0.002 

Locus 14 : 
4 alleles
0.4% missing data
  98   (0.957) 0.991 0.994 0.995 0.991 0.996 0.988 0.989 0.991 0.996 0.973 0.995 0.977 
 100   (0.013) 0.003 0.002 0.002 0.002 0.001 0.001 0.005 0.002 0.001 0.012 0.002 0.002 
  96   (0.016) 0.003 0.002 0.002 0.006 0.001 0.010 0.001 0.005 0.002 0.004 0.002 0.017 
 105   (0.013) 0.003 0.002 0.001 0.002 0.001 0.001 0.004 0.002 0.001 0.012 0.001 0.004 

Locus 15 : 
12 alleles
2.2% missing data
 171   (0.312) 0.285 0.471 0.555 0.395 0.353 0.171 0.297 0.181 0.220 0.420 0.162 0.309 
 177   (0.185) 0.179 0.248 0.216 0.241 0.072 0.047 0.075 0.359 0.365 0.162 0.076 0.144 
 173   (0.260) 0.282 0.115 0.134 0.251 0.525 0.056 0.505 0.223 0.077 0.239 0.671 0.440 
 179   (0.101) 0.198 0.134 0.027 0.062 0.011 0.591 0.108 0.051 0.320 0.056 0.048 0.051 
 183   (0.021) 0.004 0.007 0.003 0.032 0.002 0.010 0.006 0.003 0.002 0.007 0.014 0.005 
 181   (0.037) 0.019 0.005 0.006 0.007 0.030 0.121 0.003 0.009 0.004 0.079 0.008 0.009 
 197   (0.014) 0.002 0.001 0.002 0.002 0.001 0.001 0.001 0.104 0.001 0.003 0.002 0.002 
 170   (0.013) 0.012 0.003 0.002 0.002 0.001 0.001 0.001 0.002 0.001 0.010 0.002 0.020 
 189   (0.013) 0.011 0.002 0.001 0.003 0.001 0.001 0.001 0.003 0.005 0.009 0.013 0.004 
 203   (0.013) 0.002 0.001 0.001 0.002 0.001 0.001 0.001 0.060 0.001 0.003 0.001 0.005 
 187   (0.017) 0.005 0.012 0.025 0.003 0.001 0.001 0.001 0.002 0.002 0.008 0.002 0.009 
 198   (0.013) 0.002 0.001 0.029 0.002 0.001 0.001 0.001 0.002 0.001 0.003 0.002 0.002 

Values of parameters used in structure:
DATAFILE=STRUCTURE_main_final_278_HEG_ZG.str,	OUTFILE=STRUCTURE_main_final_278_HEG_ZG-K12-6,	NUMINDS=278,	NUMLOCI=15,	MISSING=-9,	LABEL=1,	POPDATA=1,	POPFLAG=0,	PHENOTYPE=0,	EXTRACOLS=0,	MAXPOPS=12,	BURNIN=100000,	NUMREPS=500000,	USEPOPINFO=0,	INFERALPHA=1,	INFERLAMBDA=0,	POPSPECIFICLAMBDA=0,	POPALPHAS=0,	COMPUTEPROB=1,	NOADMIX=0,	ADMBURNIN=2500,	UPDATEFREQ=1,	PRINTLIKES=0,	INTERMEDSAVE=0,	PRINTKLD=0,	PRINTNET=0,	PRINTLAMBDA=0,	ANCESTDIST=0,	NUMBOXES=1000,	ANCESTPINT=0.90000,	GENSBACK=2,	MIGRPRIOR=0.05000,	PRINTQHAT=0,	PRINTQSUM=0,	ALPHA=1.0000,	FREQSCORR=1,	FPRIORMEAN=0.0100,	FPRIORSD=0.0500,	ONEFST=0,	LAMBDA=1.0000,	UNIFPRIORALPHA=1,	ALPHAMAX=10.0000,	ALPHAPRIORA=1.0000,	ALPHAPRIORB=2.0000,	ALPHAPROPSD=0.0250,	STARTATPOPINFO=0,	RANDOMIZE=1,	LINKAGE=0,	METROFREQ=10,	REPORTHITRATE=0,	MARKOVPHASE=-1,	PHASED=0,	PLOIDY=2,	PHASEINFO=0	LOCPRIOR=0, 	LOCPRIORINIT=1.000000, 	LOCDATA=0, 	LOCISPOP=0, 	LOCPRIORSTEP=0.100000, 	MAXLOCPRIOR=20.000000, 	SEED=1782487176,	
[STRAT parameters]:    NUMSIMSTATS=1000,	PHENOTYPECOL=-9,	POOLFREQ=10,	LOCUSxONLY=0,	EMERROR=0.00100,	MISSINGPHENO=-9,	