

----------------------------------------------------
STRUCTURE by Pritchard, Stephens and Donnelly (2000)
     and Falush, Stephens and Pritchard (2003)
       Code by Pritchard, Falush and Hubisz
             Version 2.3.4 (Jul 2012)
----------------------------------------------------



Command line arguments:   structure -K 7 -i STRUCTURE_main_final_278_HEG_ZG.str -o STRUCTURE_main_final_278_HEG_ZG-K7-17 
Input File:    STRUCTURE_main_final_278_HEG_ZG.str

Run parameters:
   278 individuals
   15 loci
   7 populations assumed
   100000 Burn-in period
   500000 Reps


--------------------------------------------
Proportion of membership of each pre-defined
 population in each of the 7 clusters

Given    Inferred Clusters                                   Number of
 Pop       1      2      3      4      5      6      7      Individuals

  1:     0.087  0.012  0.049  0.065  0.676  0.040  0.072       24
  2:     0.020  0.026  0.043  0.070  0.025  0.789  0.026       24
  3:     0.063  0.572  0.028  0.243  0.019  0.011  0.065       24
  4:     0.051  0.061  0.565  0.110  0.082  0.053  0.077       24
  5:     0.021  0.133  0.338  0.233  0.046  0.045  0.185       24
  6:     0.019  0.034  0.135  0.030  0.618  0.129  0.035       24
  7:     0.012  0.014  0.058  0.039  0.142  0.722  0.013       24
  8:     0.043  0.675  0.081  0.121  0.035  0.016  0.029       14
  9:     0.130  0.050  0.028  0.042  0.037  0.010  0.703       24
 10:     0.753  0.045  0.013  0.061  0.013  0.027  0.087       24
 11:     0.608  0.029  0.032  0.093  0.022  0.016  0.201       24
 12:     0.090  0.122  0.218  0.134  0.314  0.099  0.022       24
--------------------------------------------

Allele-freq. divergence among pops (Net nucleotide distance),
computed using point estimates of P.

      1       2       3       4       5       6       7      
 1      -    0.0448  0.0600  0.0656  0.0582  0.0833  0.0342  
 2   0.0448     -    0.0348  0.0370  0.0393  0.0546  0.0365  
 3   0.0600  0.0348     -    0.0412  0.0272  0.0439  0.0434  
 4   0.0656  0.0370  0.0412     -    0.0461  0.0609  0.0455  
 5   0.0582  0.0393  0.0272  0.0461     -    0.0423  0.0324  
 6   0.0833  0.0546  0.0439  0.0609  0.0423     -    0.0596  
 7   0.0342  0.0365  0.0434  0.0455  0.0324  0.0596     -    

Average distances (expected heterozygosity) between individuals in same cluster:
cluster  1  : 0.6114 
cluster  2  : 0.6311 
cluster  3  : 0.6083 
cluster  4  : 0.6318 
cluster  5  : 0.6156 
cluster  6  : 0.6298 
cluster  7  : 0.6360 

--------------------------------------------
Estimated Ln Prob of Data   = -12668.1
Mean value of ln likelihood = -12121.0
Variance of ln likelihood   = 1094.2
Mean value of alpha         = 0.0488

Mean value of Fst_1         = 0.1572
Mean value of Fst_2         = 0.0584
Mean value of Fst_3         = 0.0895
Mean value of Fst_4         = 0.1170
Mean value of Fst_5         = 0.0785
Mean value of Fst_6         = 0.1187
Mean value of Fst_7         = 0.0900


Inferred ancestry of individuals:
        Label (%Miss) Pop:  Inferred clusters
  1 24.0601.E1    (0)    1 :  0.009 0.007 0.008 0.012 0.935 0.019 0.010 
  2 24.0602.E1    (0)    1 :  0.011 0.009 0.006 0.018 0.925 0.006 0.023 
  3 24.0603.E1    (0)    1 :  0.005 0.020 0.053 0.010 0.886 0.008 0.018 
  4 24.0604.E1    (0)    1 :  0.054 0.005 0.093 0.213 0.618 0.008 0.009 
  5 24.0605.E1    (0)    1 :  0.011 0.009 0.025 0.009 0.887 0.019 0.040 
  6 24.0606.E1    (0)    1 :  0.017 0.007 0.066 0.006 0.864 0.014 0.027 
  7 24.0607.E1    (0)    1 :  0.008 0.012 0.018 0.016 0.138 0.032 0.776 
  8 24.0608.E1    (0)    1 :  0.097 0.014 0.007 0.007 0.843 0.020 0.013 
  9 24.0609.E1    (0)    1 :  0.473 0.022 0.271 0.029 0.184 0.005 0.014 
 10 24.0610.E1    (0)    1 :  0.218 0.018 0.149 0.006 0.584 0.007 0.018 
 11 24.0611.E1    (0)    1 :  0.024 0.009 0.025 0.006 0.888 0.006 0.042 
 12 24.0612.E1    (0)    1 :  0.007 0.007 0.007 0.015 0.931 0.018 0.015 
 13 24.0613.E1    (0)    1 :  0.020 0.005 0.049 0.006 0.907 0.006 0.008 
 14 24.0614.E1    (0)    1 :  0.060 0.020 0.012 0.007 0.557 0.107 0.237 
 15 24.0615.E1    (0)    1 :  0.170 0.008 0.010 0.032 0.712 0.036 0.032 
 16 24.0616.E1    (0)    1 :  0.012 0.005 0.010 0.009 0.941 0.008 0.014 
 17 24.0617.E1    (0)    1 :  0.560 0.009 0.019 0.008 0.325 0.044 0.034 
 18 24.0618.E1    (0)    1 :  0.082 0.017 0.031 0.008 0.785 0.007 0.069 
 19 24.0619.E1    (0)    1 :  0.014 0.009 0.032 0.510 0.366 0.009 0.061 
 20 24.0620.E1   (20)    1 :  0.075 0.022 0.215 0.041 0.169 0.445 0.033 
 21 24.0621.E1    (0)    1 :  0.106 0.012 0.022 0.551 0.144 0.005 0.160 
 22 24.0622.E1    (0)    1 :  0.007 0.015 0.016 0.006 0.933 0.016 0.006 
 23 24.0623.E1    (0)    1 :  0.030 0.027 0.013 0.018 0.749 0.105 0.058 
 24 24.0624.E1    (0)    1 :  0.009 0.005 0.006 0.005 0.959 0.005 0.010 
 25 24.0625.E1    (0)    2 :  0.015 0.041 0.102 0.033 0.017 0.757 0.035 
 26 24.0626.E1    (0)    2 :  0.004 0.015 0.006 0.006 0.006 0.953 0.009 
 27 24.0627.E1    (0)    2 :  0.005 0.005 0.017 0.474 0.006 0.488 0.005 
 28 24.0628.E1    (0)    2 :  0.078 0.100 0.104 0.009 0.042 0.657 0.010 
 29 24.0629.E1    (0)    2 :  0.019 0.017 0.012 0.017 0.113 0.776 0.046 
 30 24.0630.E1    (0)    2 :  0.006 0.010 0.021 0.012 0.006 0.935 0.010 
 31 24.0631.E1    (0)    2 :  0.003 0.004 0.005 0.006 0.008 0.966 0.007 
 32 24.0632.E1    (0)    2 :  0.009 0.011 0.010 0.019 0.015 0.923 0.014 
 33 24.0633.E1    (0)    2 :  0.043 0.079 0.072 0.125 0.019 0.644 0.018 
 34 24.0634.E1    (0)    2 :  0.015 0.014 0.016 0.010 0.012 0.911 0.021 
 35 24.0635.E1    (0)    2 :  0.035 0.149 0.033 0.221 0.022 0.503 0.037 
 36 24.0636.E1   (33)    2 :  0.008 0.030 0.135 0.019 0.073 0.727 0.008 
 37 24.0637.E1    (0)    2 :  0.003 0.006 0.006 0.005 0.005 0.965 0.010 
 38 24.0638.E1    (0)    2 :  0.006 0.042 0.109 0.133 0.011 0.688 0.013 
 39 24.0639.E1    (0)    2 :  0.099 0.011 0.009 0.012 0.060 0.773 0.037 
 40 24.0640.E1    (0)    2 :  0.010 0.007 0.010 0.007 0.012 0.932 0.022 
 41 24.0641.E1    (0)    2 :  0.012 0.013 0.010 0.194 0.056 0.468 0.248 
 42 24.0642.E1    (0)    2 :  0.005 0.017 0.190 0.033 0.064 0.686 0.005 
 43 24.0643.E1    (0)    2 :  0.008 0.009 0.013 0.323 0.010 0.626 0.011 
 44 24.0644.E1    (0)    2 :  0.036 0.009 0.037 0.007 0.009 0.883 0.018 
 45 24.0645.E1    (0)    2 :  0.028 0.006 0.070 0.007 0.012 0.866 0.012 
 46 24.0646.E1    (0)    2 :  0.036 0.010 0.037 0.007 0.009 0.884 0.017 
 47 24.0647.E1    (0)    2 :  0.003 0.006 0.006 0.005 0.005 0.965 0.010 
 48 24.0648.E1    (0)    2 :  0.003 0.006 0.006 0.005 0.005 0.965 0.009 
 49 24.0649.E1    (0)    3 :  0.026 0.934 0.008 0.010 0.006 0.005 0.011 
 50 24.0650.E1    (0)    3 :  0.211 0.354 0.338 0.009 0.032 0.004 0.051 
 51 24.0651.E1    (0)    3 :  0.010 0.231 0.026 0.028 0.010 0.058 0.636 
 52 24.0652.E1    (0)    3 :  0.010 0.952 0.006 0.011 0.010 0.004 0.007 
 53 24.0653.E1    (0)    3 :  0.014 0.038 0.008 0.918 0.005 0.005 0.012 
 54 24.0654.E1    (0)    3 :  0.041 0.923 0.007 0.007 0.005 0.006 0.010 
 55 24.0655.E1    (0)    3 :  0.079 0.716 0.018 0.012 0.063 0.015 0.097 
 56 24.0656.E1    (0)    3 :  0.016 0.944 0.009 0.010 0.008 0.007 0.006 
 57 24.0657.E1    (0)    3 :  0.013 0.950 0.008 0.009 0.007 0.006 0.006 
 58 24.0658.E1    (0)    3 :  0.059 0.795 0.042 0.062 0.021 0.008 0.014 
 59 24.0659.E1    (0)    3 :  0.024 0.498 0.012 0.415 0.019 0.004 0.027 
 60 24.0660.E1    (6)    3 :  0.007 0.910 0.021 0.020 0.021 0.011 0.011 
 61 24.0661.E1    (0)    3 :  0.051 0.901 0.006 0.008 0.006 0.021 0.007 
 62 24.0662.E1    (0)    3 :  0.041 0.264 0.014 0.062 0.116 0.018 0.483 
 63 24.0663.E1    (0)    3 :  0.767 0.144 0.047 0.007 0.007 0.007 0.021 
 64 24.0664.E1    (0)    3 :  0.021 0.941 0.008 0.009 0.005 0.009 0.007 
 65 24.0665.E1    (0)    3 :  0.014 0.911 0.017 0.013 0.006 0.030 0.008 
 66 24.0666.E1    (0)    3 :  0.008 0.009 0.008 0.960 0.006 0.004 0.005 
 67 24.0667.E1    (0)    3 :  0.007 0.013 0.005 0.960 0.008 0.004 0.004 
 68 24.0668.E1    (0)    3 :  0.005 0.005 0.004 0.973 0.004 0.004 0.004 
 69 24.0669.E1    (0)    3 :  0.006 0.006 0.005 0.970 0.004 0.005 0.005 
 70 24.0670.E1    (0)    3 :  0.027 0.846 0.005 0.041 0.013 0.005 0.064 
 71 24.0671.E1    (0)    3 :  0.036 0.892 0.021 0.011 0.012 0.009 0.019 
 72 24.0672.E1    (0)    3 :  0.009 0.555 0.024 0.308 0.061 0.005 0.038 
 73 24.0673.E1    (6)    4 :  0.048 0.110 0.191 0.020 0.138 0.450 0.041 
 74 24.0674.E1    (0)    4 :  0.007 0.007 0.860 0.006 0.061 0.016 0.044 
 75 24.0675.E1    (0)    4 :  0.042 0.016 0.855 0.010 0.023 0.027 0.028 
 76 24.0676.E1    (0)    4 :  0.154 0.024 0.770 0.008 0.018 0.012 0.015 
 77 24.0677.E1    (0)    4 :  0.109 0.117 0.030 0.030 0.063 0.007 0.646 
 78 24.0678.E1    (0)    4 :  0.011 0.150 0.024 0.165 0.530 0.033 0.086 
 79 24.0679.E1    (0)    4 :  0.034 0.117 0.137 0.571 0.113 0.007 0.020 
 80 24.0680.E1    (0)    4 :  0.008 0.157 0.109 0.680 0.026 0.010 0.010 
 81 24.0681.E1    (0)    4 :  0.007 0.108 0.728 0.067 0.066 0.012 0.012 
 82 24.0682.E1    (0)    4 :  0.005 0.004 0.973 0.005 0.005 0.005 0.004 
 83 24.0683.E1    (0)    4 :  0.005 0.006 0.842 0.008 0.072 0.020 0.047 
 84 24.0684.E1    (0)    4 :  0.019 0.015 0.671 0.016 0.156 0.099 0.024 
 85 24.0685.E1    (0)    4 :  0.009 0.009 0.872 0.070 0.023 0.011 0.006 
 86 24.0686.E1    (0)    4 :  0.009 0.153 0.152 0.064 0.117 0.058 0.447 
 87 24.0687.E1    (0)    4 :  0.014 0.167 0.203 0.020 0.066 0.212 0.319 
 88 24.0688.E1    (0)    4 :  0.004 0.007 0.968 0.004 0.006 0.006 0.005 
 89 24.0689.E1    (0)    4 :  0.582 0.025 0.259 0.017 0.037 0.056 0.023 
 90 24.0690.E1    (0)    4 :  0.007 0.042 0.092 0.790 0.017 0.027 0.025 
 91 24.0691.E1    (0)    4 :  0.011 0.007 0.930 0.008 0.031 0.006 0.006 
 92 24.0692.E1    (0)    4 :  0.008 0.012 0.956 0.008 0.005 0.005 0.006 
 93 24.0693.E1    (0)    4 :  0.097 0.181 0.521 0.012 0.019 0.160 0.009 
 94 24.0694.E1    (0)    4 :  0.006 0.009 0.951 0.012 0.009 0.009 0.005 
 95 24.0695.E1    (0)    4 :  0.029 0.019 0.570 0.029 0.336 0.007 0.012 
 96 24.0696.E1    (0)    4 :  0.009 0.008 0.906 0.016 0.039 0.014 0.009 
 97 24.0697.E1    (0)    5 :  0.009 0.084 0.799 0.022 0.024 0.033 0.028 
 98 24.0698.E1    (0)    5 :  0.038 0.052 0.334 0.055 0.080 0.079 0.363 
 99 24.0699.E1    (0)    5 :  0.011 0.267 0.020 0.046 0.067 0.013 0.576 
100 24.0700.E1    (0)    5 :  0.008 0.273 0.224 0.456 0.009 0.007 0.022 
101 24.0701.E1    (0)    5 :  0.008 0.006 0.009 0.933 0.008 0.020 0.016 
102 24.0702.E1    (0)    5 :  0.008 0.103 0.112 0.730 0.015 0.020 0.012 
103 24.0703.E1    (0)    5 :  0.007 0.084 0.033 0.052 0.024 0.016 0.784 
104 24.0704.E1    (6)    5 :  0.008 0.064 0.038 0.020 0.028 0.015 0.827 
105 24.0705.E1    (0)    5 :  0.009 0.033 0.646 0.253 0.042 0.008 0.009 
106 24.0706.E1    (0)    5 :  0.014 0.272 0.158 0.529 0.008 0.010 0.007 
107 24.0707.E1    (0)    5 :  0.006 0.509 0.211 0.103 0.045 0.050 0.074 
108 24.0708.E1    (0)    5 :  0.093 0.022 0.038 0.039 0.062 0.141 0.604 
109 24.0709.E1    (0)    5 :  0.039 0.012 0.907 0.008 0.010 0.008 0.016 
110 24.0710.E1    (0)    5 :  0.015 0.019 0.352 0.076 0.074 0.011 0.453 
111 24.0711.E1    (0)    5 :  0.014 0.120 0.366 0.205 0.194 0.030 0.072 
112 24.0712.E1    (0)    5 :  0.006 0.009 0.034 0.894 0.013 0.025 0.020 
113 24.0713.E1    (0)    5 :  0.025 0.101 0.684 0.127 0.015 0.012 0.036 
114 24.0714.E1    (0)    5 :  0.027 0.245 0.071 0.329 0.098 0.013 0.218 
115 24.0715.E1    (0)    5 :  0.021 0.038 0.690 0.031 0.102 0.100 0.018 
116 24.0716.E1    (0)    5 :  0.066 0.120 0.029 0.432 0.114 0.052 0.186 
117 24.0717.E1    (0)    5 :  0.036 0.441 0.029 0.055 0.017 0.361 0.061 
118 24.0718.E1    (0)    5 :  0.007 0.244 0.523 0.161 0.023 0.032 0.010 
119 24.0719.E1    (0)    5 :  0.020 0.016 0.920 0.016 0.007 0.010 0.011 
120 24.0720.E1    (0)    5 :  0.009 0.056 0.892 0.013 0.013 0.008 0.009 
121 24.0721.E1    (0)    6 :  0.032 0.038 0.626 0.044 0.108 0.134 0.019 
122 24.0722.E1    (0)    6 :  0.013 0.026 0.252 0.034 0.102 0.547 0.025 
123 24.0723.E1    (0)    6 :  0.139 0.048 0.027 0.013 0.063 0.628 0.082 
124 24.0724.E1    (0)    6 :  0.024 0.016 0.153 0.019 0.341 0.057 0.390 
125 24.0725.E1    (0)    6 :  0.006 0.025 0.009 0.009 0.936 0.007 0.008 
126 24.0726.E1    (6)    6 :  0.006 0.022 0.091 0.009 0.831 0.032 0.009 
127 24.0727.E1    (0)    6 :  0.016 0.020 0.038 0.059 0.671 0.145 0.052 
128 24.0728.E1    (0)    6 :  0.030 0.108 0.046 0.013 0.651 0.131 0.021 
129 24.0729.E1    (0)    6 :  0.015 0.012 0.121 0.025 0.791 0.025 0.010 
130 24.0730.E1    (0)    6 :  0.041 0.297 0.227 0.028 0.331 0.032 0.044 
131 24.0731.E1    (0)    6 :  0.009 0.012 0.517 0.006 0.417 0.032 0.008 
132 24.0732.E1    (0)    6 :  0.004 0.022 0.395 0.010 0.340 0.224 0.005 
133 24.0733.E1    (0)    6 :  0.005 0.005 0.006 0.004 0.965 0.011 0.004 
134 24.0734.E1    (0)    6 :  0.009 0.031 0.061 0.021 0.207 0.656 0.015 
135 24.0735.E1    (0)    6 :  0.017 0.018 0.023 0.014 0.864 0.055 0.010 
136 24.0736.E1    (0)    6 :  0.006 0.006 0.007 0.006 0.957 0.011 0.007 
137 24.0737.E1    (0)    6 :  0.008 0.020 0.014 0.009 0.919 0.012 0.019 
138 24.0738.E1    (0)    6 :  0.005 0.010 0.008 0.008 0.950 0.010 0.009 
139 24.0739.E1    (0)    6 :  0.006 0.028 0.009 0.007 0.935 0.008 0.007 
140 24.0740.E1    (0)    6 :  0.016 0.017 0.105 0.009 0.829 0.015 0.009 
141 24.0741.E1    (0)    6 :  0.009 0.016 0.225 0.007 0.633 0.102 0.007 
142 24.0742.E1    (0)    6 :  0.007 0.007 0.035 0.011 0.750 0.160 0.029 
143 24.0743.E1    (0)    6 :  0.013 0.007 0.172 0.012 0.756 0.008 0.031 
144 24.0744.E1    (0)    6 :  0.027 0.015 0.083 0.338 0.475 0.049 0.013 
145 24.0745.E1    (0)    7 :  0.017 0.015 0.043 0.043 0.007 0.861 0.014 
146 24.0746.E1    (0)    7 :  0.015 0.014 0.089 0.019 0.014 0.799 0.050 
147 24.0747.E1    (0)    7 :  0.018 0.030 0.133 0.011 0.322 0.479 0.006 
148 24.0748.E1    (6)    7 :  0.038 0.031 0.175 0.016 0.336 0.396 0.007 
149 24.0749.E1    (0)    7 :  0.007 0.007 0.041 0.011 0.427 0.493 0.014 
150 24.0750.E1    (0)    7 :  0.024 0.016 0.399 0.075 0.412 0.051 0.022 
151 24.0751.E1    (0)    7 :  0.005 0.005 0.007 0.006 0.017 0.953 0.006 
152 24.0752.E1    (0)    7 :  0.012 0.007 0.014 0.006 0.177 0.772 0.013 
153 24.0753.E1    (0)    7 :  0.007 0.008 0.010 0.009 0.072 0.889 0.007 
154 24.0754.E1    (0)    7 :  0.007 0.016 0.018 0.010 0.027 0.915 0.005 
155 24.0755.E1    (0)    7 :  0.021 0.019 0.095 0.010 0.032 0.813 0.010 
156 24.0756.E1    (0)    7 :  0.007 0.005 0.009 0.005 0.014 0.950 0.010 
157 24.0757.E1    (0)    7 :  0.004 0.004 0.008 0.005 0.007 0.969 0.004 
158 24.0758.E1    (0)    7 :  0.004 0.004 0.009 0.005 0.008 0.966 0.004 
159 24.0759.E1    (0)    7 :  0.012 0.015 0.015 0.014 0.422 0.514 0.008 
160 24.0760.E1    (0)    7 :  0.006 0.011 0.017 0.011 0.009 0.939 0.008 
161 24.0761.E1    (0)    7 :  0.005 0.005 0.005 0.004 0.005 0.973 0.004 
162 24.0762.E1    (0)    7 :  0.022 0.070 0.031 0.620 0.207 0.027 0.024 
163 24.0763.E1    (0)    7 :  0.006 0.008 0.029 0.006 0.029 0.915 0.007 
164 24.0764.E1    (0)    7 :  0.005 0.008 0.011 0.007 0.152 0.813 0.006 
165 24.0765.E1    (0)    7 :  0.007 0.006 0.012 0.005 0.007 0.947 0.017 
166 24.0766.E1    (0)    7 :  0.006 0.007 0.010 0.006 0.037 0.928 0.007 
167 24.0767.E1    (0)    7 :  0.006 0.005 0.017 0.005 0.012 0.947 0.008 
168 24.0768.E1    (0)    7 :  0.037 0.013 0.196 0.018 0.666 0.024 0.046 
169 24.0779.E1    (0)    8 :  0.008 0.765 0.102 0.010 0.018 0.023 0.074 
170 24.0780.E1    (6)    8 :  0.133 0.723 0.082 0.036 0.008 0.005 0.013 
171 24.0781.E1    (0)    8 :  0.007 0.854 0.056 0.064 0.005 0.006 0.008 
172 24.0782.E1    (0)    8 :  0.044 0.108 0.415 0.018 0.283 0.054 0.078 
173 24.0783.E1    (0)    8 :  0.118 0.116 0.060 0.682 0.007 0.007 0.010 
174 24.0784.E1    (0)    8 :  0.018 0.879 0.058 0.006 0.009 0.005 0.025 
175 24.0785.E1    (0)    8 :  0.038 0.881 0.015 0.014 0.008 0.004 0.040 
176 24.0786.E1    (0)    8 :  0.123 0.580 0.203 0.037 0.032 0.013 0.012 
177 24.0787.E1    (0)    8 :  0.011 0.851 0.029 0.015 0.017 0.058 0.018 
178 24.0788.E1    (0)    8 :  0.034 0.909 0.031 0.006 0.006 0.009 0.006 
179 24.0789.E1    (0)    8 :  0.041 0.790 0.013 0.007 0.056 0.017 0.077 
180 24.0790.E1    (0)    8 :  0.008 0.964 0.006 0.006 0.004 0.004 0.008 
181 24.0791.E1    (0)    8 :  0.008 0.142 0.030 0.763 0.020 0.006 0.030 
182 24.0792.E1    (0)    8 :  0.014 0.886 0.040 0.030 0.013 0.008 0.009 
183 24.0793.E1    (0)    9 :  0.033 0.010 0.009 0.008 0.015 0.010 0.916 
184 24.0794.E1    (0)    9 :  0.052 0.256 0.007 0.012 0.501 0.007 0.166 
185 24.0795.E1    (0)    9 :  0.013 0.009 0.016 0.009 0.079 0.010 0.864 
186 24.0796.E1    (0)    9 :  0.361 0.364 0.008 0.007 0.044 0.006 0.210 
187 24.0797.E1    (0)    9 :  0.054 0.040 0.007 0.008 0.008 0.004 0.879 
188 24.0798.E1    (0)    9 :  0.025 0.017 0.026 0.378 0.008 0.046 0.500 
189 24.0799.E1    (0)    9 :  0.035 0.009 0.009 0.016 0.015 0.007 0.908 
190 24.0800.E1    (0)    9 :  0.724 0.014 0.040 0.025 0.016 0.011 0.169 
191 24.0801.E1    (0)    9 :  0.012 0.011 0.019 0.396 0.006 0.007 0.548 
192 24.0802.E1    (0)    9 :  0.011 0.008 0.008 0.011 0.006 0.006 0.949 
193 24.0803.E1    (0)    9 :  0.008 0.006 0.006 0.013 0.007 0.006 0.954 
194 24.0804.E1    (0)    9 :  0.194 0.009 0.009 0.004 0.011 0.009 0.764 
195 24.0805.E1    (0)    9 :  0.010 0.016 0.028 0.010 0.009 0.005 0.922 
196 24.0806.E1    (0)    9 :  0.006 0.007 0.006 0.006 0.006 0.010 0.960 
197 24.0807.E1    (0)    9 :  0.020 0.020 0.012 0.010 0.006 0.005 0.927 
198 24.0808.E1    (0)    9 :  0.309 0.182 0.212 0.010 0.014 0.013 0.260 
199 24.0809.E1    (0)    9 :  0.331 0.017 0.067 0.026 0.036 0.014 0.509 
200 24.0810.E1    (0)    9 :  0.016 0.009 0.021 0.008 0.009 0.011 0.925 
201 24.0811.E1    (0)    9 :  0.066 0.033 0.010 0.006 0.023 0.009 0.853 
202 24.0812.E1    (0)    9 :  0.220 0.046 0.046 0.011 0.040 0.007 0.631 
203 24.0813.E1    (0)    9 :  0.039 0.062 0.080 0.006 0.009 0.009 0.796 
204 24.0814.E1    (6)    9 :  0.531 0.024 0.022 0.008 0.008 0.015 0.392 
205 24.0815.E1    (0)    9 :  0.029 0.008 0.008 0.018 0.006 0.016 0.915 
206 24.0816.E1    (0)    9 :  0.016 0.013 0.004 0.010 0.006 0.006 0.945 
207 24.0817.E1    (0)   10 :  0.923 0.013 0.009 0.007 0.013 0.006 0.030 
208 24.0818.E1    (0)   10 :  0.790 0.048 0.010 0.023 0.055 0.014 0.060 
209 24.0819.E1    (0)   10 :  0.128 0.035 0.017 0.070 0.012 0.269 0.468 
210 24.0820.E1    (0)   10 :  0.827 0.018 0.006 0.008 0.008 0.123 0.009 
211 24.0821.E1    (0)   10 :  0.200 0.455 0.015 0.254 0.013 0.009 0.053 
212 24.0822.E1    (0)   10 :  0.937 0.026 0.008 0.006 0.006 0.011 0.006 
213 24.0823.E1    (0)   10 :  0.938 0.009 0.007 0.009 0.007 0.024 0.006 
214 24.0824.E1    (0)   10 :  0.519 0.007 0.029 0.417 0.009 0.008 0.013 
215 24.0825.E1    (0)   10 :  0.963 0.005 0.011 0.005 0.005 0.006 0.005 
216 24.0826.E1    (0)   10 :  0.820 0.069 0.011 0.014 0.007 0.063 0.016 
217 24.0827.E1    (0)   10 :  0.904 0.016 0.015 0.007 0.028 0.005 0.024 
218 24.0828.E1    (0)   10 :  0.745 0.110 0.030 0.022 0.011 0.031 0.051 
219 24.0829.E1    (0)   10 :  0.640 0.016 0.012 0.009 0.008 0.010 0.305 
220 24.0830.E1    (0)   10 :  0.767 0.059 0.010 0.140 0.007 0.004 0.013 
221 24.0831.E1    (0)   10 :  0.564 0.065 0.011 0.333 0.005 0.004 0.018 
222 24.0832.E1    (0)   10 :  0.962 0.007 0.008 0.004 0.008 0.004 0.006 
223 24.0833.E1    (0)   10 :  0.972 0.005 0.007 0.004 0.004 0.004 0.004 
224 24.0834.E1    (0)   10 :  0.961 0.008 0.007 0.006 0.007 0.006 0.005 
225 24.0835.E1    (0)   10 :  0.951 0.007 0.007 0.009 0.010 0.005 0.011 
226 24.0836.E1    (0)   10 :  0.916 0.010 0.021 0.017 0.013 0.009 0.013 
227 24.0837.E1    (0)   10 :  0.948 0.013 0.010 0.008 0.007 0.005 0.008 
228 24.0838.E1    (0)   10 :  0.939 0.009 0.029 0.006 0.005 0.006 0.007 
229 24.0839.E1    (0)   10 :  0.211 0.052 0.023 0.078 0.064 0.021 0.550 
230 24.0840.E1    (0)   10 :  0.542 0.014 0.006 0.008 0.009 0.007 0.416 
231 24.0841.E1    (0)   11 :  0.058 0.017 0.015 0.006 0.010 0.006 0.888 
232 24.0842.E1    (0)   11 :  0.048 0.011 0.007 0.140 0.010 0.004 0.780 
233 24.0843.E1    (0)   11 :  0.594 0.038 0.007 0.226 0.006 0.014 0.114 
234 24.0844.E1    (0)   11 :  0.296 0.016 0.012 0.452 0.027 0.005 0.191 
235 24.0845.E1    (0)   11 :  0.792 0.052 0.041 0.061 0.008 0.005 0.040 
236 24.0846.E1    (0)   11 :  0.888 0.009 0.015 0.017 0.013 0.015 0.044 
237 24.0847.E1    (0)   11 :  0.815 0.012 0.077 0.020 0.046 0.008 0.021 
238 24.0848.E1    (0)   11 :  0.795 0.026 0.040 0.039 0.015 0.005 0.080 
239 24.0849.E1    (0)   11 :  0.962 0.007 0.005 0.006 0.006 0.006 0.008 
240 24.0850.E1    (0)   11 :  0.963 0.008 0.005 0.005 0.006 0.006 0.008 
241 24.0851.E1    (0)   11 :  0.963 0.007 0.005 0.006 0.006 0.006 0.008 
242 24.0852.E1    (0)   11 :  0.760 0.145 0.015 0.022 0.008 0.018 0.032 
243 24.0853.E1    (0)   11 :  0.961 0.007 0.006 0.005 0.005 0.007 0.009 
244 24.0854.E1    (0)   11 :  0.067 0.038 0.010 0.835 0.009 0.009 0.033 
245 24.0855.E1    (0)   11 :  0.823 0.009 0.017 0.007 0.011 0.009 0.123 
246 24.0856.E1    (0)   11 :  0.053 0.017 0.012 0.276 0.049 0.159 0.433 
247 24.0857.E1    (0)   11 :  0.885 0.009 0.018 0.011 0.013 0.010 0.054 
248 24.0858.E1    (0)   11 :  0.860 0.030 0.020 0.017 0.014 0.007 0.051 
249 24.0859.E1    (0)   11 :  0.867 0.013 0.011 0.011 0.012 0.037 0.049 
250 24.0860.E1    (0)   11 :  0.045 0.009 0.009 0.017 0.016 0.023 0.882 
251 24.0861.E1    (0)   11 :  0.947 0.010 0.006 0.006 0.006 0.006 0.019 
252 24.0862.E1    (0)   11 :  0.031 0.018 0.009 0.009 0.014 0.009 0.910 
253 24.0863.E1    (0)   11 :  0.946 0.010 0.006 0.006 0.006 0.006 0.020 
254 24.0864.E1    (0)   11 :  0.162 0.172 0.404 0.030 0.206 0.007 0.019 
255 24.0865.E1    (0)   12 :  0.231 0.446 0.076 0.012 0.023 0.199 0.012 
256 24.0866.E1    (0)   12 :  0.394 0.080 0.240 0.036 0.077 0.023 0.150 
257 24.0867.E1    (0)   12 :  0.188 0.019 0.307 0.020 0.017 0.435 0.014 
258 24.0868.E1    (0)   12 :  0.045 0.277 0.583 0.023 0.015 0.036 0.021 
259 24.0869.E1    (0)   12 :  0.054 0.045 0.836 0.023 0.007 0.019 0.016 
260 24.0870.E1    (0)   12 :  0.043 0.240 0.417 0.040 0.110 0.112 0.037 
261 24.0871.E1    (0)   12 :  0.030 0.204 0.415 0.122 0.129 0.035 0.066 
262 24.0872.E1    (0)   12 :  0.070 0.273 0.205 0.247 0.023 0.161 0.022 
263 24.0873.E1    (0)   12 :  0.042 0.060 0.837 0.012 0.012 0.017 0.019 
264 24.0874.E1    (0)   12 :  0.512 0.034 0.166 0.035 0.018 0.199 0.036 
265 24.0875.E1    (0)   12 :  0.009 0.037 0.100 0.819 0.013 0.008 0.013 
266 24.0876.E1    (0)   12 :  0.005 0.021 0.135 0.729 0.087 0.014 0.010 
267 24.0877.E1    (0)   12 :  0.006 0.013 0.019 0.014 0.917 0.022 0.010 
268 24.0878.E1    (0)   12 :  0.036 0.032 0.124 0.011 0.779 0.008 0.009 
269 24.0879.E1    (0)   12 :  0.006 0.016 0.016 0.278 0.668 0.010 0.007 
270 24.0880.E1    (0)   12 :  0.409 0.126 0.360 0.041 0.038 0.015 0.011 
271 24.0881.E1    (0)   12 :  0.005 0.005 0.007 0.006 0.964 0.008 0.005 
272 24.0882.E1    (0)   12 :  0.009 0.012 0.018 0.008 0.693 0.254 0.007 
273 24.0883.E1    (0)   12 :  0.018 0.019 0.068 0.342 0.358 0.189 0.006 
274 24.0884.E1    (0)   12 :  0.006 0.008 0.013 0.017 0.940 0.010 0.008 
275 24.0885.E1    (0)   12 :  0.011 0.031 0.118 0.051 0.773 0.010 0.006 
276 24.0886.E1    (0)   12 :  0.013 0.032 0.130 0.035 0.725 0.055 0.011 
277 24.0887.E1    (0)   12 :  0.006 0.006 0.027 0.269 0.144 0.542 0.007 
278 24.0888.E1    (0)   12 :  0.006 0.899 0.020 0.034 0.015 0.007 0.019 


Estimated Allele Frequencies in each cluster
First column gives estimated ancestral frequencies


Locus 1 : 
31 alleles
0.0% missing data
 115   (0.041) 0.004 0.011 0.107 0.038 0.107 0.005 0.019 
 117   (0.046) 0.004 0.010 0.023 0.032 0.213 0.074 0.064 
 119   (0.030) 0.003 0.007 0.013 0.005 0.270 0.302 0.005 
 131   (0.014) 0.001 0.004 0.003 0.002 0.042 0.002 0.003 
 128   (0.039) 0.013 0.028 0.029 0.054 0.030 0.004 0.014 
 135   (0.015) 0.001 0.003 0.008 0.003 0.048 0.002 0.003 
 126   (0.079) 0.215 0.074 0.052 0.084 0.064 0.050 0.047 
 122   (0.031) 0.003 0.013 0.009 0.010 0.012 0.044 0.117 
 132   (0.033) 0.025 0.027 0.019 0.022 0.005 0.007 0.026 
 141   (0.012) 0.001 0.003 0.002 0.002 0.008 0.002 0.002 
 130   (0.047) 0.015 0.063 0.120 0.082 0.006 0.011 0.019 
 134   (0.043) 0.044 0.033 0.031 0.007 0.005 0.062 0.028 
 145   (0.026) 0.002 0.054 0.008 0.017 0.005 0.014 0.004 
 127   (0.023) 0.001 0.005 0.006 0.006 0.038 0.116 0.003 
 116   (0.115) 0.162 0.282 0.198 0.120 0.019 0.091 0.146 
 114   (0.053) 0.167 0.039 0.029 0.024 0.007 0.037 0.129 
 120   (0.037) 0.002 0.067 0.013 0.098 0.008 0.040 0.007 
 110   (0.044) 0.066 0.015 0.070 0.059 0.015 0.021 0.016 
 133   (0.012) 0.001 0.003 0.002 0.003 0.002 0.019 0.003 
 118   (0.103) 0.196 0.189 0.199 0.283 0.014 0.019 0.305 
 125   (0.014) 0.010 0.006 0.002 0.003 0.002 0.001 0.008 
 129   (0.020) 0.001 0.010 0.004 0.013 0.042 0.003 0.003 
 124   (0.017) 0.001 0.017 0.003 0.017 0.008 0.002 0.003 
 136   (0.022) 0.049 0.007 0.037 0.003 0.003 0.002 0.004 
 121   (0.017) 0.001 0.004 0.003 0.002 0.010 0.040 0.002 
 139   (0.010) 0.001 0.002 0.001 0.001 0.009 0.001 0.001 
 113   (0.010) 0.001 0.002 0.001 0.001 0.001 0.010 0.001 
 111   (0.010) 0.001 0.002 0.002 0.002 0.001 0.010 0.001 
 143   (0.011) 0.001 0.002 0.001 0.002 0.001 0.010 0.001 
 140   (0.015) 0.001 0.015 0.003 0.002 0.002 0.001 0.012 
 112   (0.010) 0.010 0.002 0.002 0.002 0.001 0.001 0.001 

Locus 2 : 
18 alleles
0.0% missing data
 152   (0.369) 0.255 0.157 0.542 0.466 0.672 0.560 0.529 
 148   (0.070) 0.006 0.018 0.150 0.061 0.119 0.132 0.018 
 154   (0.112) 0.175 0.051 0.161 0.085 0.043 0.148 0.094 
 156   (0.017) 0.001 0.006 0.002 0.003 0.011 0.001 0.008 
 150   (0.018) 0.001 0.004 0.002 0.004 0.007 0.063 0.003 
 164   (0.079) 0.081 0.117 0.034 0.016 0.079 0.013 0.079 
 158   (0.035) 0.004 0.008 0.021 0.094 0.011 0.018 0.012 
 160   (0.019) 0.002 0.016 0.012 0.003 0.003 0.009 0.003 
 166   (0.019) 0.001 0.007 0.003 0.009 0.003 0.003 0.039 
 151   (0.065) 0.363 0.328 0.011 0.145 0.008 0.005 0.028 
 147   (0.073) 0.102 0.180 0.025 0.061 0.009 0.007 0.147 
 168   (0.023) 0.002 0.033 0.007 0.006 0.003 0.004 0.010 
 153   (0.015) 0.001 0.024 0.002 0.002 0.002 0.001 0.003 
 149   (0.024) 0.002 0.007 0.016 0.035 0.003 0.008 0.003 
 162   (0.020) 0.002 0.016 0.003 0.004 0.005 0.003 0.018 
 167   (0.014) 0.001 0.003 0.002 0.002 0.020 0.001 0.002 
 146   (0.012) 0.001 0.002 0.002 0.002 0.001 0.021 0.002 
 172   (0.014) 0.001 0.024 0.002 0.002 0.002 0.001 0.002 

Locus 3 : 
4 alleles
0.0% missing data
 128   (0.283) 0.436 0.215 0.285 0.308 0.209 0.414 0.244 
 126   (0.620) 0.476 0.712 0.691 0.566 0.721 0.558 0.710 
 132   (0.083) 0.086 0.070 0.022 0.095 0.069 0.025 0.043 
 134   (0.014) 0.001 0.003 0.002 0.030 0.002 0.003 0.002 

Locus 4 : 
3 alleles
0.0% missing data
 170   (0.317) 0.319 0.336 0.177 0.281 0.307 0.341 0.371 
 172   (0.670) 0.679 0.660 0.819 0.718 0.691 0.652 0.627 
 171   (0.013) 0.001 0.004 0.003 0.002 0.002 0.007 0.002 

Locus 5 : 
37 alleles
0.0% missing data
 125   (0.047) 0.105 0.026 0.024 0.104 0.060 0.057 0.012 
 110   (0.035) 0.053 0.012 0.005 0.051 0.030 0.034 0.033 
 129   (0.032) 0.005 0.094 0.008 0.006 0.051 0.003 0.066 
 113   (0.034) 0.011 0.090 0.037 0.008 0.012 0.003 0.087 
 145   (0.055) 0.010 0.072 0.125 0.089 0.207 0.028 0.009 
 155   (0.053) 0.045 0.022 0.025 0.033 0.128 0.094 0.082 
 117   (0.032) 0.002 0.021 0.105 0.011 0.025 0.012 0.021 
 124   (0.012) 0.001 0.002 0.002 0.002 0.019 0.001 0.002 
 133   (0.036) 0.003 0.061 0.028 0.019 0.054 0.026 0.015 
 157   (0.052) 0.032 0.072 0.069 0.133 0.009 0.026 0.073 
 141   (0.015) 0.003 0.025 0.011 0.012 0.004 0.001 0.003 
 112   (0.065) 0.164 0.042 0.100 0.014 0.076 0.176 0.083 
 121   (0.022) 0.013 0.019 0.004 0.011 0.005 0.005 0.044 
 114   (0.037) 0.062 0.009 0.112 0.008 0.057 0.110 0.006 
 153   (0.050) 0.089 0.048 0.020 0.170 0.057 0.005 0.118 
 127   (0.077) 0.113 0.121 0.106 0.052 0.071 0.063 0.087 
 131   (0.057) 0.075 0.016 0.043 0.084 0.061 0.211 0.061 
 135   (0.024) 0.074 0.010 0.016 0.068 0.005 0.003 0.012 
 104   (0.009) 0.001 0.004 0.003 0.001 0.001 0.006 0.001 
 118   (0.017) 0.001 0.007 0.010 0.011 0.015 0.010 0.003 
 116   (0.029) 0.007 0.012 0.029 0.030 0.006 0.012 0.036 
 137   (0.025) 0.002 0.009 0.008 0.014 0.005 0.050 0.057 
 123   (0.021) 0.068 0.006 0.004 0.014 0.007 0.003 0.025 
 149   (0.010) 0.002 0.006 0.006 0.001 0.001 0.001 0.002 
 138   (0.011) 0.001 0.059 0.001 0.001 0.001 0.001 0.001 
 143   (0.026) 0.043 0.035 0.004 0.009 0.004 0.049 0.006 
 163   (0.008) 0.001 0.004 0.003 0.001 0.001 0.002 0.005 
 109   (0.011) 0.001 0.002 0.025 0.001 0.001 0.001 0.001 
 139   (0.010) 0.001 0.003 0.002 0.012 0.001 0.001 0.001 
 106   (0.010) 0.001 0.008 0.003 0.003 0.001 0.001 0.002 
 144   (0.015) 0.001 0.004 0.037 0.003 0.002 0.001 0.012 
 122   (0.008) 0.001 0.002 0.005 0.001 0.015 0.001 0.001 
 100   (0.018) 0.003 0.027 0.006 0.006 0.003 0.002 0.028 
 111   (0.011) 0.001 0.036 0.001 0.001 0.001 0.001 0.001 
 233   (0.009) 0.002 0.008 0.001 0.005 0.001 0.001 0.002 
 134   (0.010) 0.005 0.003 0.001 0.007 0.001 0.001 0.002 
 140   (0.009) 0.001 0.005 0.008 0.002 0.001 0.001 0.001 

Locus 6 : 
17 alleles
0.0% missing data
 221   (0.024) 0.002 0.005 0.005 0.004 0.130 0.039 0.003 
 232   (0.255) 0.430 0.360 0.259 0.316 0.195 0.296 0.334 
 229   (0.045) 0.071 0.011 0.020 0.016 0.085 0.074 0.012 
 223   (0.059) 0.045 0.020 0.066 0.063 0.087 0.007 0.053 
 230   (0.151) 0.155 0.178 0.249 0.174 0.093 0.251 0.085 
 235   (0.013) 0.001 0.003 0.002 0.002 0.056 0.001 0.002 
 236   (0.037) 0.003 0.032 0.012 0.036 0.074 0.014 0.006 
 227   (0.019) 0.001 0.006 0.006 0.010 0.055 0.002 0.003 
 220   (0.059) 0.051 0.055 0.044 0.015 0.008 0.081 0.105 
 222   (0.047) 0.011 0.046 0.023 0.008 0.006 0.113 0.130 
 234   (0.132) 0.126 0.108 0.214 0.183 0.107 0.101 0.102 
 224   (0.032) 0.055 0.022 0.010 0.080 0.004 0.003 0.007 
 228   (0.061) 0.035 0.137 0.070 0.052 0.011 0.006 0.079 
 225   (0.011) 0.001 0.002 0.002 0.002 0.002 0.001 0.012 
 226   (0.016) 0.011 0.003 0.002 0.003 0.002 0.001 0.061 
 233   (0.026) 0.002 0.007 0.011 0.035 0.052 0.009 0.004 
 231   (0.014) 0.001 0.003 0.006 0.003 0.033 0.001 0.002 

Locus 7 : 
10 alleles
0.0% missing data
 121   (0.693) 0.732 0.855 0.806 0.685 0.853 0.780 0.762 
 129   (0.099) 0.143 0.062 0.055 0.068 0.083 0.053 0.067 
 130   (0.013) 0.001 0.003 0.002 0.002 0.002 0.001 0.025 
 123   (0.092) 0.117 0.040 0.038 0.183 0.042 0.101 0.099 
 128   (0.015) 0.001 0.003 0.003 0.006 0.003 0.037 0.002 
 131   (0.016) 0.001 0.003 0.003 0.009 0.002 0.009 0.009 
 117   (0.012) 0.001 0.013 0.002 0.002 0.001 0.001 0.002 
 125   (0.012) 0.001 0.002 0.002 0.035 0.001 0.001 0.002 
 134   (0.033) 0.003 0.015 0.086 0.010 0.005 0.008 0.031 
 132   (0.013) 0.001 0.003 0.005 0.002 0.008 0.009 0.002 

Locus 8 : 
19 alleles
0.0% missing data
 184   (0.295) 0.345 0.326 0.441 0.480 0.483 0.396 0.374 
 194   (0.045) 0.010 0.027 0.092 0.030 0.029 0.017 0.014 
 178   (0.099) 0.201 0.066 0.066 0.042 0.177 0.120 0.123 
 176   (0.088) 0.035 0.105 0.096 0.089 0.047 0.148 0.056 
 182   (0.082) 0.051 0.095 0.062 0.020 0.064 0.111 0.155 
 190   (0.026) 0.010 0.006 0.004 0.005 0.006 0.060 0.038 
 196   (0.023) 0.042 0.028 0.006 0.004 0.007 0.002 0.005 
 200   (0.029) 0.002 0.010 0.011 0.037 0.015 0.009 0.025 
 180   (0.024) 0.002 0.005 0.003 0.066 0.009 0.034 0.006 
 188   (0.040) 0.038 0.055 0.045 0.009 0.024 0.007 0.007 
 174   (0.038) 0.003 0.014 0.055 0.058 0.027 0.027 0.010 
 186   (0.120) 0.192 0.217 0.093 0.111 0.093 0.052 0.155 
 192   (0.022) 0.061 0.009 0.003 0.008 0.010 0.006 0.004 
 201   (0.010) 0.001 0.002 0.001 0.008 0.001 0.006 0.001 
 199   (0.019) 0.001 0.014 0.002 0.018 0.002 0.002 0.015 
 185   (0.011) 0.001 0.013 0.001 0.001 0.001 0.001 0.001 
 203   (0.011) 0.001 0.002 0.012 0.002 0.001 0.001 0.002 
 198   (0.010) 0.002 0.005 0.004 0.001 0.001 0.001 0.005 
 209   (0.009) 0.002 0.002 0.001 0.010 0.001 0.001 0.004 

Locus 9 : 
6 alleles
0.4% missing data
 154   (0.703) 0.779 0.828 0.679 0.707 0.730 0.691 0.790 
 156   (0.200) 0.113 0.107 0.247 0.276 0.161 0.300 0.187 
 152   (0.044) 0.104 0.022 0.045 0.007 0.065 0.004 0.007 
 153   (0.013) 0.002 0.021 0.002 0.002 0.002 0.001 0.004 
 160   (0.016) 0.001 0.017 0.002 0.003 0.002 0.001 0.009 
 164   (0.024) 0.001 0.005 0.025 0.005 0.039 0.003 0.003 

Locus 10 : 
29 alleles
0.7% missing data
 305   (0.068) 0.006 0.080 0.019 0.013 0.085 0.102 0.141 
 313   (0.047) 0.004 0.057 0.009 0.026 0.120 0.005 0.041 
 311   (0.015) 0.001 0.004 0.002 0.009 0.014 0.001 0.002 
 299   (0.100) 0.217 0.096 0.050 0.022 0.250 0.025 0.165 
 315   (0.075) 0.012 0.078 0.048 0.085 0.100 0.074 0.021 
 287   (0.021) 0.002 0.007 0.003 0.482 0.008 0.002 0.009 
 291   (0.102) 0.375 0.075 0.293 0.017 0.110 0.054 0.055 
 295   (0.031) 0.002 0.017 0.134 0.006 0.054 0.004 0.005 
 289   (0.017) 0.001 0.004 0.002 0.004 0.002 0.002 0.108 
 303   (0.071) 0.188 0.138 0.024 0.012 0.042 0.378 0.012 
 297   (0.051) 0.020 0.011 0.070 0.007 0.041 0.041 0.121 
 293   (0.018) 0.001 0.006 0.006 0.098 0.010 0.002 0.009 
 301   (0.057) 0.005 0.089 0.065 0.009 0.058 0.069 0.011 
 285   (0.027) 0.002 0.007 0.004 0.004 0.003 0.112 0.161 
 307   (0.046) 0.072 0.015 0.144 0.009 0.028 0.089 0.008 
 312   (0.050) 0.062 0.054 0.056 0.110 0.007 0.020 0.009 
 306   (0.026) 0.004 0.066 0.022 0.004 0.010 0.003 0.004 
 320   (0.012) 0.001 0.026 0.002 0.002 0.001 0.001 0.002 
 317   (0.021) 0.001 0.071 0.003 0.003 0.014 0.002 0.004 
 314   (0.025) 0.002 0.016 0.004 0.023 0.027 0.002 0.003 
 323   (0.012) 0.001 0.009 0.002 0.005 0.002 0.001 0.002 
 325   (0.012) 0.001 0.009 0.002 0.005 0.002 0.001 0.002 
 310   (0.017) 0.013 0.007 0.003 0.033 0.002 0.001 0.002 
 309   (0.012) 0.001 0.003 0.024 0.002 0.001 0.001 0.002 
 316   (0.015) 0.002 0.036 0.002 0.002 0.002 0.001 0.003 
 296   (0.011) 0.001 0.013 0.002 0.002 0.001 0.001 0.001 
 304   (0.013) 0.001 0.003 0.002 0.002 0.002 0.001 0.050 
 321   (0.013) 0.001 0.003 0.002 0.002 0.002 0.001 0.026 
 332   (0.013) 0.002 0.003 0.002 0.002 0.002 0.001 0.023 

Locus 11 : 
19 alleles
0.0% missing data
 114   (0.146) 0.015 0.123 0.234 0.139 0.207 0.268 0.049 
 126   (0.023) 0.001 0.005 0.004 0.003 0.043 0.016 0.003 
 111   (0.079) 0.564 0.024 0.013 0.040 0.163 0.007 0.472 
 116   (0.112) 0.020 0.039 0.141 0.117 0.116 0.144 0.109 
 132   (0.012) 0.001 0.003 0.002 0.002 0.010 0.001 0.002 
 109   (0.016) 0.001 0.003 0.003 0.002 0.038 0.001 0.002 
 128   (0.017) 0.002 0.004 0.016 0.003 0.007 0.001 0.002 
 112   (0.319) 0.030 0.584 0.498 0.452 0.329 0.503 0.125 
 122   (0.016) 0.002 0.008 0.006 0.005 0.002 0.008 0.002 
 124   (0.013) 0.001 0.003 0.002 0.002 0.002 0.010 0.002 
 118   (0.055) 0.019 0.021 0.028 0.063 0.029 0.025 0.054 
 127   (0.012) 0.001 0.013 0.002 0.002 0.001 0.001 0.002 
 113   (0.060) 0.286 0.098 0.011 0.048 0.008 0.005 0.114 
 115   (0.034) 0.004 0.018 0.013 0.092 0.028 0.003 0.008 
 120   (0.022) 0.046 0.006 0.018 0.003 0.003 0.002 0.003 
 117   (0.020) 0.003 0.013 0.004 0.004 0.003 0.002 0.025 
 125   (0.018) 0.001 0.029 0.003 0.013 0.002 0.001 0.003 
 119   (0.015) 0.002 0.004 0.003 0.002 0.002 0.001 0.023 
 136   (0.012) 0.001 0.003 0.002 0.007 0.007 0.001 0.002 

Locus 12 : 
28 alleles
0.7% missing data
 306   (0.064) 0.006 0.044 0.017 0.011 0.084 0.100 0.186 
 314   (0.057) 0.061 0.058 0.009 0.020 0.109 0.006 0.037 
 312   (0.014) 0.001 0.003 0.002 0.002 0.021 0.001 0.002 
 300   (0.107) 0.214 0.098 0.051 0.023 0.263 0.026 0.166 
 316   (0.038) 0.010 0.010 0.008 0.007 0.094 0.070 0.011 
 288   (0.022) 0.002 0.007 0.003 0.467 0.008 0.003 0.009 
 292   (0.106) 0.375 0.076 0.295 0.017 0.112 0.054 0.061 
 296   (0.037) 0.003 0.029 0.135 0.007 0.054 0.005 0.005 
 290   (0.016) 0.001 0.004 0.002 0.004 0.002 0.002 0.108 
 304   (0.074) 0.186 0.139 0.025 0.013 0.043 0.379 0.013 
 298   (0.052) 0.019 0.011 0.070 0.007 0.041 0.041 0.121 
 294   (0.018) 0.001 0.006 0.005 0.098 0.010 0.002 0.009 
 302   (0.061) 0.005 0.090 0.066 0.010 0.059 0.070 0.011 
 286   (0.028) 0.002 0.007 0.004 0.004 0.004 0.112 0.174 
 308   (0.033) 0.002 0.011 0.090 0.007 0.028 0.088 0.006 
 313   (0.042) 0.003 0.054 0.059 0.122 0.006 0.020 0.007 
 307   (0.043) 0.080 0.067 0.074 0.006 0.011 0.004 0.006 
 321   (0.013) 0.001 0.026 0.002 0.002 0.002 0.001 0.002 
 315   (0.049) 0.003 0.098 0.039 0.090 0.030 0.006 0.011 
 318   (0.018) 0.002 0.068 0.002 0.002 0.004 0.001 0.005 
 324   (0.013) 0.001 0.009 0.002 0.005 0.002 0.001 0.002 
 326   (0.012) 0.001 0.009 0.002 0.005 0.002 0.001 0.002 
 311   (0.018) 0.017 0.010 0.004 0.062 0.004 0.001 0.003 
 310   (0.013) 0.001 0.003 0.024 0.002 0.001 0.001 0.002 
 305   (0.015) 0.001 0.036 0.003 0.002 0.002 0.001 0.003 
 317   (0.015) 0.001 0.026 0.002 0.002 0.002 0.001 0.002 
 320   (0.012) 0.001 0.003 0.002 0.001 0.001 0.001 0.013 
 322   (0.012) 0.001 0.002 0.002 0.002 0.001 0.001 0.026 

Locus 13 : 
7 alleles
1.1% missing data
 161   (0.600) 0.482 0.542 0.790 0.503 0.697 0.469 0.486 
 163   (0.287) 0.499 0.424 0.164 0.477 0.228 0.027 0.410 
 160   (0.018) 0.001 0.004 0.003 0.005 0.002 0.223 0.003 
 162   (0.016) 0.001 0.003 0.002 0.002 0.002 0.225 0.002 
 165   (0.051) 0.015 0.021 0.032 0.009 0.063 0.006 0.095 
 166   (0.013) 0.001 0.003 0.006 0.003 0.005 0.001 0.002 
 164   (0.015) 0.001 0.003 0.002 0.002 0.002 0.049 0.002 

Locus 14 : 
4 alleles
0.4% missing data
  98   (0.958) 0.997 0.970 0.989 0.994 0.983 0.995 0.994 
 100   (0.013) 0.001 0.013 0.002 0.002 0.001 0.001 0.002 
  96   (0.016) 0.001 0.004 0.007 0.002 0.014 0.003 0.002 
 105   (0.013) 0.001 0.013 0.002 0.002 0.002 0.001 0.002 

Locus 15 : 
12 alleles
2.2% missing data
 171   (0.295) 0.353 0.428 0.180 0.356 0.411 0.175 0.280 
 177   (0.179) 0.092 0.125 0.279 0.250 0.158 0.198 0.144 
 173   (0.268) 0.484 0.299 0.333 0.222 0.272 0.092 0.414 
 179   (0.114) 0.045 0.052 0.075 0.107 0.101 0.458 0.108 
 183   (0.019) 0.002 0.007 0.003 0.004 0.030 0.002 0.008 
 181   (0.044) 0.020 0.064 0.017 0.006 0.016 0.065 0.010 
 197   (0.015) 0.001 0.003 0.062 0.002 0.002 0.001 0.002 
 170   (0.013) 0.001 0.006 0.004 0.022 0.002 0.001 0.002 
 189   (0.015) 0.001 0.007 0.006 0.003 0.003 0.003 0.013 
 203   (0.014) 0.001 0.003 0.039 0.002 0.002 0.001 0.002 
 187   (0.014) 0.001 0.004 0.002 0.024 0.002 0.001 0.006 
 198   (0.012) 0.001 0.003 0.002 0.002 0.001 0.001 0.013 

Values of parameters used in structure:
DATAFILE=STRUCTURE_main_final_278_HEG_ZG.str,	OUTFILE=STRUCTURE_main_final_278_HEG_ZG-K7-17,	NUMINDS=278,	NUMLOCI=15,	MISSING=-9,	LABEL=1,	POPDATA=1,	POPFLAG=0,	PHENOTYPE=0,	EXTRACOLS=0,	MAXPOPS=7,	BURNIN=100000,	NUMREPS=500000,	USEPOPINFO=0,	INFERALPHA=1,	INFERLAMBDA=0,	POPSPECIFICLAMBDA=0,	POPALPHAS=0,	COMPUTEPROB=1,	NOADMIX=0,	ADMBURNIN=2500,	UPDATEFREQ=1,	PRINTLIKES=0,	INTERMEDSAVE=0,	PRINTKLD=0,	PRINTNET=0,	PRINTLAMBDA=0,	ANCESTDIST=0,	NUMBOXES=1000,	ANCESTPINT=0.90000,	GENSBACK=2,	MIGRPRIOR=0.05000,	PRINTQHAT=0,	PRINTQSUM=0,	ALPHA=1.0000,	FREQSCORR=1,	FPRIORMEAN=0.0100,	FPRIORSD=0.0500,	ONEFST=0,	LAMBDA=1.0000,	UNIFPRIORALPHA=1,	ALPHAMAX=10.0000,	ALPHAPRIORA=1.0000,	ALPHAPRIORB=2.0000,	ALPHAPROPSD=0.0250,	STARTATPOPINFO=0,	RANDOMIZE=1,	LINKAGE=0,	METROFREQ=10,	REPORTHITRATE=0,	MARKOVPHASE=-1,	PHASED=0,	PLOIDY=2,	PHASEINFO=0	LOCPRIOR=0, 	LOCPRIORINIT=1.000000, 	LOCDATA=0, 	LOCISPOP=0, 	LOCPRIORSTEP=0.100000, 	MAXLOCPRIOR=20.000000, 	SEED=1782482328,	
[STRAT parameters]:    NUMSIMSTATS=1000,	PHENOTYPECOL=-9,	POOLFREQ=10,	LOCUSxONLY=0,	EMERROR=0.00100,	MISSINGPHENO=-9,	