

----------------------------------------------------
STRUCTURE by Pritchard, Stephens and Donnelly (2000)
     and Falush, Stephens and Pritchard (2003)
       Code by Pritchard, Falush and Hubisz
             Version 2.3.4 (Jul 2012)
----------------------------------------------------



Command line arguments:   structure -K 8 -i STRUCTURE_main_final_278_HEG_ZG.str -o STRUCTURE_main_final_278_HEG_ZG-K8-16 
Input File:    STRUCTURE_main_final_278_HEG_ZG.str

Run parameters:
   278 individuals
   15 loci
   8 populations assumed
   100000 Burn-in period
   500000 Reps


--------------------------------------------
Proportion of membership of each pre-defined
 population in each of the 8 clusters

Given    Inferred Clusters                                          Number of
 Pop       1      2      3      4      5      6      7      8      Individuals

  1:     0.682  0.012  0.048  0.071  0.011  0.069  0.053  0.053       24
  2:     0.024  0.753  0.056  0.057  0.022  0.022  0.024  0.041       24
  3:     0.020  0.013  0.243  0.011  0.548  0.069  0.067  0.030       24
  4:     0.067  0.026  0.098  0.058  0.058  0.050  0.094  0.550       24
  5:     0.035  0.027  0.211  0.055  0.137  0.023  0.262  0.249       24
  6:     0.442  0.031  0.032  0.236  0.042  0.023  0.066  0.129       24
  7:     0.064  0.032  0.035  0.750  0.014  0.014  0.021  0.070       24
  8:     0.035  0.016  0.103  0.013  0.634  0.052  0.080  0.068       14
  9:     0.055  0.041  0.088  0.007  0.053  0.160  0.563  0.033       24
 10:     0.014  0.009  0.062  0.042  0.052  0.733  0.073  0.014       24
 11:     0.023  0.012  0.099  0.016  0.027  0.612  0.173  0.037       24
 12:     0.237  0.021  0.124  0.125  0.102  0.066  0.027  0.298       24
--------------------------------------------

Allele-freq. divergence among pops (Net nucleotide distance),
computed using point estimates of P.

      1       2       3       4       5       6       7       8      
 1      -    0.0659  0.0492  0.0672  0.0454  0.0578  0.0271  0.0337  
 2   0.0659     -    0.0771  0.0963  0.0680  0.1047  0.0632  0.0701  
 3   0.0492  0.0771     -    0.0838  0.0386  0.0641  0.0381  0.0443  
 4   0.0672  0.0963  0.0838     -    0.0826  0.1125  0.0801  0.0631  
 5   0.0454  0.0680  0.0386  0.0826     -    0.0458  0.0307  0.0406  
 6   0.0578  0.1047  0.0641  0.1125  0.0458     -    0.0344  0.0609  
 7   0.0271  0.0632  0.0381  0.0801  0.0307  0.0344     -    0.0395  
 8   0.0337  0.0701  0.0443  0.0631  0.0406  0.0609  0.0395     -    

Average distances (expected heterozygosity) between individuals in same cluster:
cluster  1  : 0.6151 
cluster  2  : 0.6174 
cluster  3  : 0.6343 
cluster  4  : 0.5470 
cluster  5  : 0.6282 
cluster  6  : 0.6129 
cluster  7  : 0.6411 
cluster  8  : 0.6069 

--------------------------------------------
Estimated Ln Prob of Data   = -12513.1
Mean value of ln likelihood = -11883.8
Variance of ln likelihood   = 1258.7
Mean value of alpha         = 0.0502

Mean value of Fst_1         = 0.0918
Mean value of Fst_2         = 0.1800
Mean value of Fst_3         = 0.1145
Mean value of Fst_4         = 0.1965
Mean value of Fst_5         = 0.0655
Mean value of Fst_6         = 0.1577
Mean value of Fst_7         = 0.0967
Mean value of Fst_8         = 0.0909


Inferred ancestry of individuals:
        Label (%Miss) Pop:  Inferred clusters
  1 24.0601.E1    (0)    1 :  0.931 0.012 0.011 0.014 0.006 0.010 0.008 0.009 
  2 24.0602.E1    (0)    1 :  0.935 0.004 0.014 0.009 0.009 0.008 0.014 0.007 
  3 24.0603.E1    (0)    1 :  0.863 0.005 0.010 0.024 0.022 0.007 0.034 0.034 
  4 24.0604.E1    (0)    1 :  0.652 0.008 0.186 0.006 0.005 0.031 0.007 0.105 
  5 24.0605.E1    (0)    1 :  0.865 0.007 0.009 0.039 0.010 0.010 0.031 0.029 
  6 24.0606.E1    (0)    1 :  0.762 0.010 0.006 0.019 0.007 0.015 0.031 0.150 
  7 24.0607.E1    (0)    1 :  0.097 0.006 0.070 0.189 0.010 0.010 0.604 0.014 
  8 24.0608.E1    (0)    1 :  0.760 0.005 0.008 0.114 0.019 0.071 0.015 0.008 
  9 24.0609.E1    (0)    1 :  0.279 0.005 0.021 0.006 0.020 0.394 0.016 0.261 
 10 24.0610.E1    (0)    1 :  0.491 0.006 0.006 0.009 0.017 0.178 0.017 0.278 
 11 24.0611.E1    (0)    1 :  0.889 0.007 0.006 0.006 0.009 0.024 0.021 0.037 
 12 24.0612.E1    (0)    1 :  0.928 0.008 0.014 0.015 0.006 0.006 0.017 0.007 
 13 24.0613.E1    (0)    1 :  0.866 0.007 0.005 0.005 0.005 0.020 0.009 0.084 
 14 24.0614.E1    (0)    1 :  0.292 0.009 0.009 0.384 0.017 0.063 0.213 0.014 
 15 24.0615.E1    (0)    1 :  0.778 0.014 0.028 0.036 0.007 0.104 0.022 0.011 
 16 24.0616.E1    (0)    1 :  0.942 0.011 0.008 0.005 0.005 0.010 0.011 0.009 
 17 24.0617.E1    (0)    1 :  0.435 0.028 0.008 0.019 0.009 0.451 0.027 0.023 
 18 24.0618.E1    (0)    1 :  0.773 0.011 0.008 0.005 0.015 0.091 0.056 0.041 
 19 24.0619.E1    (0)    1 :  0.642 0.012 0.301 0.005 0.006 0.009 0.011 0.014 
 20 24.0620.E1   (20)    1 :  0.056 0.012 0.022 0.753 0.015 0.036 0.025 0.081 
 21 24.0621.E1    (0)    1 :  0.462 0.005 0.379 0.006 0.010 0.075 0.053 0.012 
 22 24.0622.E1    (0)    1 :  0.916 0.020 0.006 0.009 0.016 0.007 0.007 0.019 
 23 24.0623.E1    (0)    1 :  0.807 0.080 0.020 0.017 0.017 0.020 0.024 0.015 
 24 24.0624.E1    (0)    1 :  0.955 0.006 0.005 0.006 0.005 0.008 0.009 0.006 
 25 24.0625.E1    (0)    2 :  0.016 0.702 0.032 0.063 0.064 0.023 0.025 0.075 
 26 24.0626.E1    (0)    2 :  0.005 0.917 0.005 0.038 0.020 0.005 0.005 0.004 
 27 24.0627.E1    (0)    2 :  0.006 0.450 0.493 0.015 0.005 0.005 0.006 0.020 
 28 24.0628.E1    (0)    2 :  0.028 0.546 0.009 0.088 0.114 0.092 0.008 0.114 
 29 24.0629.E1    (0)    2 :  0.072 0.839 0.013 0.006 0.012 0.016 0.029 0.013 
 30 24.0630.E1    (0)    2 :  0.005 0.905 0.009 0.047 0.010 0.007 0.006 0.010 
 31 24.0631.E1    (0)    2 :  0.006 0.972 0.004 0.004 0.003 0.003 0.004 0.004 
 32 24.0632.E1    (0)    2 :  0.008 0.907 0.009 0.039 0.007 0.007 0.013 0.010 
 33 24.0633.E1    (0)    2 :  0.019 0.594 0.045 0.125 0.071 0.076 0.031 0.039 
 34 24.0634.E1    (0)    2 :  0.010 0.931 0.009 0.007 0.010 0.013 0.011 0.010 
 35 24.0635.E1    (0)    2 :  0.023 0.642 0.095 0.017 0.104 0.040 0.061 0.018 
 36 24.0636.E1   (33)    2 :  0.035 0.075 0.024 0.711 0.023 0.009 0.013 0.110 
 37 24.0637.E1    (0)    2 :  0.005 0.964 0.005 0.008 0.005 0.003 0.006 0.005 
 38 24.0638.E1    (0)    2 :  0.008 0.884 0.033 0.005 0.019 0.005 0.022 0.025 
 39 24.0639.E1    (0)    2 :  0.057 0.765 0.018 0.017 0.008 0.094 0.032 0.008 
 40 24.0640.E1    (0)    2 :  0.008 0.954 0.005 0.006 0.005 0.006 0.009 0.006 
 41 24.0641.E1    (0)    2 :  0.150 0.373 0.201 0.023 0.017 0.012 0.215 0.010 
 42 24.0642.E1    (0)    2 :  0.078 0.585 0.013 0.042 0.006 0.004 0.007 0.265 
 43 24.0643.E1    (0)    2 :  0.009 0.568 0.294 0.065 0.009 0.009 0.034 0.012 
 44 24.0644.E1    (0)    2 :  0.009 0.904 0.006 0.006 0.006 0.034 0.007 0.028 
 45 24.0645.E1    (0)    2 :  0.011 0.760 0.007 0.020 0.005 0.025 0.008 0.164 
 46 24.0646.E1    (0)    2 :  0.009 0.904 0.006 0.006 0.006 0.034 0.007 0.028 
 47 24.0647.E1    (0)    2 :  0.005 0.965 0.005 0.008 0.005 0.003 0.006 0.005 
 48 24.0648.E1    (0)    2 :  0.005 0.964 0.005 0.008 0.005 0.003 0.006 0.005 
 49 24.0649.E1    (0)    3 :  0.006 0.007 0.012 0.004 0.878 0.031 0.053 0.011 
 50 24.0650.E1    (0)    3 :  0.026 0.004 0.010 0.004 0.228 0.297 0.044 0.386 
 51 24.0651.E1    (0)    3 :  0.009 0.133 0.027 0.023 0.308 0.013 0.470 0.019 
 52 24.0652.E1    (0)    3 :  0.012 0.004 0.011 0.005 0.946 0.010 0.007 0.005 
 53 24.0653.E1    (0)    3 :  0.005 0.005 0.903 0.005 0.044 0.015 0.014 0.008 
 54 24.0654.E1    (0)    3 :  0.006 0.007 0.008 0.005 0.921 0.037 0.010 0.007 
 55 24.0655.E1    (0)    3 :  0.080 0.023 0.012 0.009 0.605 0.077 0.179 0.015 
 56 24.0656.E1    (0)    3 :  0.007 0.004 0.010 0.012 0.935 0.016 0.006 0.010 
 57 24.0657.E1    (0)    3 :  0.007 0.004 0.009 0.010 0.941 0.014 0.006 0.009 
 58 24.0658.E1    (0)    3 :  0.019 0.007 0.054 0.007 0.756 0.063 0.044 0.050 
 59 24.0659.E1    (0)    3 :  0.023 0.010 0.373 0.003 0.527 0.026 0.027 0.011 
 60 24.0660.E1    (6)    3 :  0.025 0.015 0.018 0.007 0.848 0.007 0.063 0.017 
 61 24.0661.E1    (0)    3 :  0.006 0.007 0.009 0.033 0.880 0.051 0.007 0.006 
 62 24.0662.E1    (0)    3 :  0.124 0.032 0.097 0.016 0.249 0.065 0.401 0.016 
 63 24.0663.E1    (0)    3 :  0.006 0.008 0.008 0.006 0.121 0.794 0.019 0.039 
 64 24.0664.E1    (0)    3 :  0.006 0.006 0.009 0.011 0.933 0.018 0.009 0.007 
 65 24.0665.E1    (0)    3 :  0.006 0.007 0.018 0.060 0.869 0.013 0.011 0.016 
 66 24.0666.E1    (0)    3 :  0.007 0.006 0.944 0.004 0.015 0.008 0.007 0.009 
 67 24.0667.E1    (0)    3 :  0.008 0.004 0.947 0.004 0.018 0.007 0.006 0.006 
 68 24.0668.E1    (0)    3 :  0.004 0.005 0.967 0.004 0.006 0.005 0.005 0.004 
 69 24.0669.E1    (0)    3 :  0.004 0.005 0.965 0.004 0.007 0.005 0.005 0.005 
 70 24.0670.E1    (0)    3 :  0.014 0.004 0.032 0.005 0.794 0.035 0.112 0.005 
 71 24.0671.E1    (0)    3 :  0.013 0.010 0.010 0.007 0.852 0.038 0.055 0.014 
 72 24.0672.E1    (0)    3 :  0.057 0.006 0.374 0.006 0.474 0.008 0.040 0.034 
 73 24.0673.E1    (6)    4 :  0.110 0.034 0.018 0.398 0.096 0.045 0.037 0.263 
 74 24.0674.E1    (0)    4 :  0.015 0.009 0.005 0.061 0.007 0.008 0.044 0.851 
 75 24.0675.E1    (0)    4 :  0.018 0.028 0.011 0.027 0.017 0.051 0.027 0.820 
 76 24.0676.E1    (0)    4 :  0.012 0.007 0.008 0.020 0.021 0.133 0.020 0.779 
 77 24.0677.E1    (0)    4 :  0.041 0.004 0.024 0.012 0.105 0.088 0.700 0.025 
 78 24.0678.E1    (0)    4 :  0.569 0.045 0.137 0.012 0.107 0.010 0.099 0.021 
 79 24.0679.E1    (0)    4 :  0.117 0.013 0.440 0.008 0.192 0.046 0.029 0.153 
 80 24.0680.E1    (0)    4 :  0.037 0.017 0.605 0.010 0.175 0.009 0.098 0.049 
 81 24.0681.E1    (0)    4 :  0.047 0.009 0.062 0.018 0.105 0.007 0.038 0.715 
 82 24.0682.E1    (0)    4 :  0.004 0.005 0.005 0.005 0.004 0.004 0.004 0.969 
 83 24.0683.E1    (0)    4 :  0.016 0.006 0.009 0.196 0.006 0.005 0.032 0.731 
 84 24.0684.E1    (0)    4 :  0.101 0.034 0.015 0.070 0.016 0.023 0.037 0.704 
 85 24.0685.E1    (0)    4 :  0.013 0.007 0.066 0.019 0.008 0.009 0.009 0.869 
 86 24.0686.E1    (0)    4 :  0.132 0.091 0.067 0.015 0.138 0.010 0.447 0.099 
 87 24.0687.E1    (0)    4 :  0.084 0.202 0.019 0.020 0.150 0.019 0.362 0.144 
 88 24.0688.E1    (0)    4 :  0.006 0.006 0.005 0.006 0.007 0.004 0.006 0.960 
 89 24.0689.E1    (0)    4 :  0.032 0.019 0.015 0.051 0.026 0.590 0.104 0.164 
 90 24.0690.E1    (0)    4 :  0.014 0.029 0.748 0.021 0.050 0.007 0.087 0.044 
 91 24.0691.E1    (0)    4 :  0.021 0.007 0.008 0.007 0.008 0.014 0.009 0.926 
 92 24.0692.E1    (0)    4 :  0.005 0.005 0.010 0.008 0.019 0.009 0.018 0.927 
 93 24.0693.E1    (0)    4 :  0.012 0.010 0.015 0.385 0.116 0.062 0.019 0.381 
 94 24.0694.E1    (0)    4 :  0.008 0.007 0.013 0.009 0.008 0.005 0.006 0.944 
 95 24.0695.E1    (0)    4 :  0.157 0.007 0.026 0.008 0.016 0.021 0.010 0.755 
 96 24.0696.E1    (0)    4 :  0.030 0.013 0.014 0.009 0.008 0.009 0.014 0.902 
 97 24.0697.E1    (0)    5 :  0.007 0.017 0.019 0.149 0.201 0.013 0.226 0.369 
 98 24.0698.E1    (0)    5 :  0.025 0.019 0.048 0.190 0.068 0.032 0.525 0.093 
 99 24.0699.E1    (0)    5 :  0.054 0.013 0.030 0.013 0.239 0.009 0.631 0.011 
100 24.0700.E1    (0)    5 :  0.009 0.007 0.410 0.010 0.290 0.009 0.181 0.085 
101 24.0701.E1    (0)    5 :  0.007 0.009 0.898 0.036 0.007 0.009 0.025 0.009 
102 24.0702.E1    (0)    5 :  0.013 0.015 0.609 0.032 0.130 0.007 0.163 0.032 
103 24.0703.E1    (0)    5 :  0.018 0.036 0.034 0.011 0.082 0.007 0.797 0.014 
104 24.0704.E1    (6)    5 :  0.021 0.012 0.034 0.013 0.058 0.007 0.830 0.025 
105 24.0705.E1    (0)    5 :  0.026 0.009 0.188 0.008 0.020 0.008 0.024 0.717 
106 24.0706.E1    (0)    5 :  0.008 0.009 0.483 0.012 0.267 0.015 0.147 0.059 
107 24.0707.E1    (0)    5 :  0.048 0.032 0.107 0.023 0.458 0.006 0.209 0.117 
108 24.0708.E1    (0)    5 :  0.056 0.177 0.028 0.021 0.018 0.155 0.502 0.044 
109 24.0709.E1    (0)    5 :  0.009 0.009 0.009 0.006 0.011 0.028 0.016 0.912 
110 24.0710.E1    (0)    5 :  0.041 0.009 0.062 0.027 0.024 0.019 0.643 0.175 
111 24.0711.E1    (0)    5 :  0.168 0.051 0.187 0.019 0.142 0.011 0.221 0.201 
112 24.0712.E1    (0)    5 :  0.014 0.024 0.836 0.015 0.009 0.006 0.073 0.022 
113 24.0713.E1    (0)    5 :  0.011 0.011 0.115 0.020 0.076 0.029 0.076 0.662 
114 24.0714.E1    (0)    5 :  0.093 0.021 0.264 0.011 0.219 0.028 0.318 0.046 
115 24.0715.E1    (0)    5 :  0.052 0.009 0.024 0.459 0.057 0.032 0.132 0.234 
116 24.0716.E1    (0)    5 :  0.110 0.041 0.389 0.022 0.109 0.058 0.248 0.024 
117 24.0717.E1    (0)    5 :  0.016 0.063 0.060 0.202 0.449 0.038 0.145 0.028 
118 24.0718.E1    (0)    5 :  0.023 0.038 0.190 0.012 0.256 0.008 0.115 0.358 
119 24.0719.E1    (0)    5 :  0.006 0.015 0.021 0.007 0.012 0.018 0.013 0.908 
120 24.0720.E1    (0)    5 :  0.014 0.014 0.016 0.006 0.082 0.010 0.027 0.830 
121 24.0721.E1    (0)    6 :  0.011 0.016 0.036 0.522 0.059 0.057 0.125 0.174 
122 24.0722.E1    (0)    6 :  0.022 0.120 0.033 0.523 0.022 0.011 0.160 0.108 
123 24.0723.E1    (0)    6 :  0.028 0.243 0.010 0.325 0.045 0.135 0.196 0.019 
124 24.0724.E1    (0)    6 :  0.116 0.039 0.019 0.094 0.018 0.061 0.411 0.242 
125 24.0725.E1    (0)    6 :  0.933 0.007 0.007 0.007 0.022 0.006 0.008 0.010 
126 24.0726.E1    (6)    6 :  0.627 0.010 0.011 0.090 0.036 0.007 0.013 0.206 
127 24.0727.E1    (0)    6 :  0.273 0.020 0.085 0.495 0.029 0.022 0.051 0.025 
128 24.0728.E1    (0)    6 :  0.480 0.028 0.011 0.213 0.112 0.024 0.103 0.028 
129 24.0729.E1    (0)    6 :  0.596 0.014 0.031 0.049 0.015 0.016 0.013 0.267 
130 24.0730.E1    (0)    6 :  0.166 0.015 0.019 0.091 0.355 0.047 0.219 0.090 
131 24.0731.E1    (0)    6 :  0.229 0.013 0.006 0.062 0.011 0.009 0.008 0.661 
132 24.0732.E1    (0)    6 :  0.056 0.013 0.015 0.711 0.046 0.004 0.014 0.141 
133 24.0733.E1    (0)    6 :  0.950 0.007 0.004 0.018 0.005 0.005 0.004 0.008 
134 24.0734.E1    (0)    6 :  0.038 0.016 0.019 0.826 0.021 0.009 0.059 0.013 
135 24.0735.E1    (0)    6 :  0.640 0.054 0.016 0.194 0.031 0.024 0.021 0.020 
136 24.0736.E1    (0)    6 :  0.918 0.008 0.006 0.040 0.006 0.006 0.008 0.008 
137 24.0737.E1    (0)    6 :  0.887 0.025 0.010 0.008 0.023 0.010 0.021 0.016 
138 24.0738.E1    (0)    6 :  0.909 0.011 0.011 0.028 0.014 0.006 0.012 0.010 
139 24.0739.E1    (0)    6 :  0.916 0.016 0.007 0.006 0.030 0.007 0.008 0.011 
140 24.0740.E1    (0)    6 :  0.621 0.018 0.012 0.012 0.019 0.014 0.010 0.293 
141 24.0741.E1    (0)    6 :  0.335 0.018 0.007 0.370 0.043 0.010 0.019 0.198 
142 24.0742.E1    (0)    6 :  0.152 0.010 0.010 0.768 0.009 0.007 0.017 0.026 
143 24.0743.E1    (0)    6 :  0.444 0.005 0.019 0.061 0.011 0.021 0.066 0.373 
144 24.0744.E1    (0)    6 :  0.259 0.018 0.357 0.149 0.019 0.036 0.017 0.145 
145 24.0745.E1    (0)    7 :  0.005 0.005 0.033 0.902 0.011 0.010 0.012 0.023 
146 24.0746.E1    (0)    7 :  0.048 0.061 0.017 0.619 0.017 0.011 0.166 0.060 
147 24.0747.E1    (0)    7 :  0.032 0.011 0.012 0.646 0.017 0.032 0.006 0.243 
148 24.0748.E1    (6)    7 :  0.039 0.010 0.015 0.548 0.019 0.046 0.007 0.316 
149 24.0749.E1    (0)    7 :  0.229 0.007 0.009 0.722 0.008 0.006 0.011 0.009 
150 24.0750.E1    (0)    7 :  0.194 0.013 0.118 0.265 0.019 0.027 0.082 0.281 
151 24.0751.E1    (0)    7 :  0.007 0.007 0.005 0.961 0.004 0.005 0.005 0.005 
152 24.0752.E1    (0)    7 :  0.057 0.006 0.006 0.888 0.006 0.012 0.014 0.011 
153 24.0753.E1    (0)    7 :  0.237 0.197 0.010 0.515 0.009 0.007 0.012 0.013 
154 24.0754.E1    (0)    7 :  0.023 0.017 0.008 0.909 0.010 0.006 0.006 0.021 
155 24.0755.E1    (0)    7 :  0.017 0.027 0.011 0.729 0.019 0.032 0.015 0.150 
156 24.0756.E1    (0)    7 :  0.014 0.009 0.007 0.941 0.005 0.010 0.008 0.006 
157 24.0757.E1    (0)    7 :  0.004 0.004 0.004 0.974 0.003 0.003 0.003 0.004 
158 24.0758.E1    (0)    7 :  0.004 0.004 0.004 0.973 0.003 0.003 0.004 0.005 
159 24.0759.E1    (0)    7 :  0.019 0.006 0.009 0.937 0.009 0.006 0.007 0.008 
160 24.0760.E1    (0)    7 :  0.012 0.313 0.011 0.590 0.025 0.006 0.018 0.026 
161 24.0761.E1    (0)    7 :  0.006 0.010 0.004 0.961 0.005 0.005 0.005 0.005 
162 24.0762.E1    (0)    7 :  0.232 0.009 0.506 0.055 0.107 0.027 0.028 0.038 
163 24.0763.E1    (0)    7 :  0.008 0.004 0.004 0.957 0.005 0.004 0.005 0.013 
164 24.0764.E1    (0)    7 :  0.012 0.008 0.005 0.954 0.006 0.005 0.006 0.005 
165 24.0765.E1    (0)    7 :  0.007 0.028 0.008 0.906 0.007 0.010 0.017 0.016 
166 24.0766.E1    (0)    7 :  0.009 0.007 0.006 0.952 0.006 0.005 0.006 0.008 
167 24.0767.E1    (0)    7 :  0.004 0.004 0.004 0.969 0.004 0.004 0.004 0.006 
168 24.0768.E1    (0)    7 :  0.314 0.006 0.019 0.132 0.015 0.045 0.062 0.408 
169 24.0779.E1    (0)    8 :  0.021 0.007 0.012 0.056 0.669 0.008 0.169 0.058 
170 24.0780.E1    (6)    8 :  0.009 0.007 0.027 0.004 0.656 0.172 0.082 0.043 
171 24.0781.E1    (0)    8 :  0.005 0.006 0.052 0.006 0.752 0.008 0.153 0.018 
172 24.0782.E1    (0)    8 :  0.206 0.047 0.015 0.029 0.092 0.040 0.145 0.426 
173 24.0783.E1    (0)    8 :  0.010 0.012 0.535 0.006 0.186 0.157 0.046 0.048 
174 24.0784.E1    (0)    8 :  0.009 0.006 0.006 0.004 0.765 0.028 0.142 0.040 
175 24.0785.E1    (0)    8 :  0.008 0.005 0.015 0.004 0.846 0.051 0.058 0.013 
176 24.0786.E1    (0)    8 :  0.034 0.011 0.033 0.012 0.532 0.137 0.080 0.161 
177 24.0787.E1    (0)    8 :  0.018 0.065 0.013 0.021 0.808 0.010 0.044 0.021 
178 24.0788.E1    (0)    8 :  0.005 0.013 0.006 0.006 0.882 0.045 0.010 0.033 
179 24.0789.E1    (0)    8 :  0.057 0.026 0.008 0.008 0.690 0.044 0.156 0.011 
180 24.0790.E1    (0)    8 :  0.004 0.006 0.006 0.004 0.957 0.008 0.009 0.006 
181 24.0791.E1    (0)    8 :  0.098 0.005 0.682 0.007 0.168 0.008 0.012 0.019 
182 24.0792.E1    (0)    8 :  0.010 0.005 0.027 0.014 0.869 0.014 0.010 0.051 
183 24.0793.E1    (0)    9 :  0.024 0.068 0.011 0.006 0.011 0.094 0.777 0.008 
184 24.0794.E1    (0)    9 :  0.642 0.006 0.010 0.008 0.226 0.034 0.069 0.006 
185 24.0795.E1    (0)    9 :  0.230 0.046 0.010 0.008 0.010 0.038 0.640 0.018 
186 24.0796.E1    (0)    9 :  0.107 0.008 0.008 0.005 0.345 0.376 0.145 0.008 
187 24.0797.E1    (0)    9 :  0.017 0.015 0.012 0.003 0.069 0.139 0.737 0.007 
188 24.0798.E1    (0)    9 :  0.009 0.055 0.408 0.021 0.023 0.030 0.433 0.021 
189 24.0799.E1    (0)    9 :  0.026 0.008 0.161 0.008 0.009 0.041 0.736 0.010 
190 24.0800.E1    (0)    9 :  0.022 0.007 0.087 0.011 0.014 0.655 0.158 0.046 
191 24.0801.E1    (0)    9 :  0.006 0.009 0.494 0.006 0.011 0.011 0.443 0.021 
192 24.0802.E1    (0)    9 :  0.009 0.096 0.013 0.004 0.017 0.074 0.778 0.008 
193 24.0803.E1    (0)    9 :  0.012 0.024 0.140 0.005 0.007 0.011 0.794 0.006 
194 24.0804.E1    (0)    9 :  0.011 0.064 0.005 0.004 0.008 0.287 0.610 0.010 
195 24.0805.E1    (0)    9 :  0.009 0.006 0.173 0.007 0.017 0.016 0.714 0.057 
196 24.0806.E1    (0)    9 :  0.013 0.130 0.024 0.006 0.008 0.030 0.781 0.007 
197 24.0807.E1    (0)    9 :  0.010 0.068 0.013 0.004 0.025 0.099 0.770 0.011 
198 24.0808.E1    (0)    9 :  0.015 0.014 0.041 0.006 0.180 0.328 0.216 0.198 
199 24.0809.E1    (0)    9 :  0.031 0.007 0.145 0.015 0.014 0.271 0.397 0.119 
200 24.0810.E1    (0)    9 :  0.008 0.018 0.131 0.010 0.009 0.040 0.756 0.028 
201 24.0811.E1    (0)    9 :  0.032 0.046 0.006 0.005 0.034 0.198 0.670 0.009 
202 24.0812.E1    (0)    9 :  0.052 0.009 0.013 0.007 0.058 0.351 0.462 0.049 
203 24.0813.E1    (0)    9 :  0.009 0.064 0.010 0.007 0.107 0.058 0.634 0.111 
204 24.0814.E1    (6)    9 :  0.008 0.073 0.030 0.005 0.021 0.546 0.290 0.028 
205 24.0815.E1    (0)    9 :  0.005 0.073 0.134 0.008 0.009 0.038 0.721 0.012 
206 24.0816.E1    (0)    9 :  0.007 0.075 0.025 0.005 0.029 0.069 0.785 0.004 
207 24.0817.E1    (0)   10 :  0.016 0.006 0.008 0.006 0.013 0.913 0.028 0.010 
208 24.0818.E1    (0)   10 :  0.047 0.017 0.020 0.013 0.047 0.787 0.063 0.008 
209 24.0819.E1    (0)   10 :  0.014 0.022 0.179 0.251 0.035 0.083 0.401 0.016 
210 24.0820.E1    (0)   10 :  0.006 0.009 0.011 0.334 0.030 0.595 0.009 0.006 
211 24.0821.E1    (0)   10 :  0.014 0.010 0.282 0.006 0.436 0.195 0.043 0.014 
212 24.0822.E1    (0)   10 :  0.006 0.004 0.006 0.019 0.027 0.921 0.008 0.009 
213 24.0823.E1    (0)   10 :  0.007 0.012 0.014 0.063 0.016 0.873 0.007 0.008 
214 24.0824.E1    (0)   10 :  0.008 0.007 0.448 0.009 0.007 0.463 0.013 0.046 
215 24.0825.E1    (0)   10 :  0.005 0.005 0.005 0.006 0.005 0.955 0.006 0.013 
216 24.0826.E1    (0)   10 :  0.006 0.011 0.016 0.167 0.111 0.664 0.016 0.010 
217 24.0827.E1    (0)   10 :  0.044 0.008 0.008 0.004 0.016 0.884 0.024 0.013 
218 24.0828.E1    (0)   10 :  0.012 0.013 0.025 0.033 0.112 0.731 0.049 0.025 
219 24.0829.E1    (0)   10 :  0.007 0.006 0.012 0.014 0.016 0.703 0.230 0.013 
220 24.0830.E1    (0)   10 :  0.007 0.005 0.103 0.004 0.125 0.735 0.012 0.009 
221 24.0831.E1    (0)   10 :  0.006 0.005 0.230 0.004 0.127 0.600 0.019 0.009 
222 24.0832.E1    (0)   10 :  0.011 0.004 0.004 0.004 0.007 0.954 0.007 0.010 
223 24.0833.E1    (0)   10 :  0.004 0.004 0.004 0.004 0.005 0.965 0.004 0.010 
224 24.0834.E1    (0)   10 :  0.008 0.007 0.006 0.008 0.011 0.944 0.006 0.010 
225 24.0835.E1    (0)   10 :  0.012 0.006 0.010 0.004 0.007 0.940 0.012 0.009 
226 24.0836.E1    (0)   10 :  0.014 0.005 0.018 0.012 0.010 0.899 0.013 0.028 
227 24.0837.E1    (0)   10 :  0.008 0.005 0.009 0.006 0.013 0.942 0.008 0.010 
228 24.0838.E1    (0)   10 :  0.005 0.004 0.006 0.009 0.010 0.941 0.009 0.017 
229 24.0839.E1    (0)   10 :  0.055 0.026 0.066 0.023 0.055 0.302 0.452 0.021 
230 24.0840.E1    (0)   10 :  0.013 0.017 0.008 0.004 0.013 0.615 0.324 0.006 
231 24.0841.E1    (0)   11 :  0.008 0.004 0.006 0.011 0.018 0.211 0.728 0.014 
232 24.0842.E1    (0)   11 :  0.009 0.003 0.150 0.006 0.011 0.174 0.638 0.008 
233 24.0843.E1    (0)   11 :  0.005 0.005 0.226 0.027 0.041 0.576 0.113 0.007 
234 24.0844.E1    (0)   11 :  0.032 0.005 0.467 0.007 0.017 0.286 0.173 0.012 
235 24.0845.E1    (0)   11 :  0.009 0.006 0.046 0.006 0.052 0.813 0.045 0.023 
236 24.0846.E1    (0)   11 :  0.013 0.013 0.016 0.010 0.009 0.889 0.036 0.014 
237 24.0847.E1    (0)   11 :  0.046 0.007 0.020 0.014 0.013 0.780 0.024 0.096 
238 24.0848.E1    (0)   11 :  0.016 0.005 0.037 0.004 0.026 0.781 0.081 0.050 
239 24.0849.E1    (0)   11 :  0.006 0.004 0.007 0.008 0.009 0.953 0.008 0.005 
240 24.0850.E1    (0)   11 :  0.006 0.004 0.006 0.008 0.009 0.953 0.008 0.005 
241 24.0851.E1    (0)   11 :  0.007 0.005 0.006 0.008 0.009 0.953 0.008 0.005 
242 24.0852.E1    (0)   11 :  0.007 0.005 0.019 0.041 0.155 0.727 0.033 0.012 
243 24.0853.E1    (0)   11 :  0.005 0.006 0.006 0.009 0.008 0.953 0.008 0.006 
244 24.0854.E1    (0)   11 :  0.011 0.007 0.835 0.008 0.038 0.063 0.029 0.009 
245 24.0855.E1    (0)   11 :  0.006 0.005 0.008 0.014 0.009 0.839 0.104 0.015 
246 24.0856.E1    (0)   11 :  0.094 0.100 0.306 0.032 0.018 0.052 0.385 0.012 
247 24.0857.E1    (0)   11 :  0.017 0.011 0.020 0.011 0.010 0.841 0.065 0.026 
248 24.0858.E1    (0)   11 :  0.012 0.005 0.023 0.016 0.027 0.849 0.053 0.015 
249 24.0859.E1    (0)   11 :  0.011 0.015 0.013 0.078 0.016 0.804 0.054 0.010 
250 24.0860.E1    (0)   11 :  0.022 0.022 0.091 0.027 0.009 0.061 0.761 0.007 
251 24.0861.E1    (0)   11 :  0.006 0.004 0.006 0.010 0.011 0.936 0.020 0.006 
252 24.0862.E1    (0)   11 :  0.056 0.044 0.030 0.008 0.019 0.101 0.733 0.010 
253 24.0863.E1    (0)   11 :  0.006 0.004 0.006 0.010 0.010 0.936 0.022 0.005 
254 24.0864.E1    (0)   11 :  0.145 0.007 0.027 0.008 0.118 0.147 0.022 0.527 
255 24.0865.E1    (0)   12 :  0.021 0.017 0.013 0.243 0.404 0.202 0.014 0.087 
256 24.0866.E1    (0)   12 :  0.040 0.008 0.049 0.038 0.062 0.299 0.158 0.346 
257 24.0867.E1    (0)   12 :  0.014 0.040 0.023 0.171 0.022 0.157 0.015 0.557 
258 24.0868.E1    (0)   12 :  0.011 0.022 0.023 0.020 0.218 0.038 0.022 0.648 
259 24.0869.E1    (0)   12 :  0.006 0.045 0.015 0.005 0.021 0.034 0.014 0.859 
260 24.0870.E1    (0)   12 :  0.110 0.118 0.029 0.025 0.149 0.035 0.066 0.467 
261 24.0871.E1    (0)   12 :  0.103 0.070 0.079 0.009 0.127 0.027 0.065 0.521 
262 24.0872.E1    (0)   12 :  0.013 0.013 0.225 0.224 0.201 0.048 0.030 0.246 
263 24.0873.E1    (0)   12 :  0.010 0.014 0.016 0.013 0.042 0.027 0.018 0.860 
264 24.0874.E1    (0)   12 :  0.010 0.010 0.045 0.238 0.032 0.331 0.032 0.301 
265 24.0875.E1    (0)   12 :  0.044 0.008 0.750 0.012 0.030 0.012 0.047 0.098 
266 24.0876.E1    (0)   12 :  0.115 0.009 0.604 0.024 0.013 0.006 0.025 0.205 
267 24.0877.E1    (0)   12 :  0.813 0.007 0.017 0.079 0.013 0.006 0.022 0.043 
268 24.0878.E1    (0)   12 :  0.537 0.011 0.012 0.018 0.020 0.034 0.008 0.359 
269 24.0879.E1    (0)   12 :  0.655 0.013 0.271 0.006 0.018 0.006 0.009 0.023 
270 24.0880.E1    (0)   12 :  0.028 0.015 0.033 0.012 0.075 0.259 0.012 0.567 
271 24.0881.E1    (0)   12 :  0.945 0.011 0.007 0.011 0.006 0.005 0.006 0.009 
272 24.0882.E1    (0)   12 :  0.258 0.009 0.011 0.663 0.013 0.010 0.015 0.021 
273 24.0883.E1    (0)   12 :  0.211 0.016 0.337 0.233 0.019 0.016 0.007 0.161 
274 24.0884.E1    (0)   12 :  0.822 0.009 0.026 0.065 0.010 0.007 0.013 0.047 
275 24.0885.E1    (0)   12 :  0.519 0.016 0.077 0.008 0.035 0.011 0.011 0.324 
276 24.0886.E1    (0)   12 :  0.361 0.006 0.044 0.190 0.025 0.010 0.013 0.350 
277 24.0887.E1    (0)   12 :  0.032 0.012 0.234 0.679 0.006 0.005 0.006 0.027 
278 24.0888.E1    (0)   12 :  0.016 0.009 0.035 0.006 0.883 0.006 0.019 0.026 


Estimated Allele Frequencies in each cluster
First column gives estimated ancestral frequencies


Locus 1 : 
31 alleles
0.0% missing data
 115   (0.035) 0.126 0.004 0.027 0.008 0.009 0.003 0.012 0.121 
 117   (0.043) 0.186 0.005 0.033 0.188 0.009 0.003 0.052 0.043 
 119   (0.040) 0.263 0.261 0.007 0.310 0.008 0.003 0.006 0.021 
 131   (0.016) 0.048 0.002 0.003 0.004 0.004 0.001 0.002 0.005 
 128   (0.038) 0.034 0.004 0.047 0.004 0.030 0.013 0.014 0.034 
 135   (0.017) 0.044 0.002 0.004 0.008 0.004 0.001 0.004 0.015 
 126   (0.077) 0.085 0.012 0.075 0.079 0.070 0.199 0.052 0.056 
 122   (0.030) 0.014 0.104 0.010 0.002 0.011 0.003 0.106 0.008 
 132   (0.033) 0.005 0.004 0.023 0.017 0.023 0.027 0.025 0.014 
 141   (0.011) 0.010 0.002 0.002 0.001 0.002 0.001 0.002 0.002 
 130   (0.050) 0.007 0.018 0.082 0.014 0.062 0.018 0.026 0.106 
 134   (0.040) 0.005 0.125 0.007 0.003 0.030 0.046 0.023 0.028 
 145   (0.026) 0.004 0.018 0.017 0.010 0.058 0.002 0.004 0.005 
 127   (0.027) 0.029 0.059 0.007 0.147 0.006 0.002 0.004 0.006 
 116   (0.104) 0.016 0.168 0.116 0.016 0.278 0.167 0.168 0.177 
 114   (0.054) 0.007 0.069 0.034 0.007 0.038 0.169 0.115 0.033 
 120   (0.038) 0.010 0.082 0.092 0.003 0.064 0.002 0.011 0.013 
 110   (0.047) 0.011 0.021 0.056 0.025 0.018 0.066 0.031 0.054 
 133   (0.015) 0.003 0.010 0.006 0.013 0.003 0.001 0.005 0.002 
 118   (0.102) 0.014 0.013 0.297 0.023 0.205 0.198 0.303 0.187 
 125   (0.014) 0.003 0.002 0.004 0.001 0.006 0.010 0.007 0.002 
 129   (0.020) 0.042 0.002 0.018 0.007 0.009 0.001 0.003 0.006 
 124   (0.017) 0.010 0.002 0.014 0.001 0.018 0.001 0.003 0.003 
 136   (0.020) 0.003 0.002 0.003 0.001 0.005 0.046 0.004 0.042 
 121   (0.015) 0.006 0.001 0.002 0.065 0.003 0.001 0.002 0.004 
 139   (0.011) 0.011 0.001 0.002 0.001 0.002 0.001 0.001 0.002 
 113   (0.009) 0.001 0.001 0.001 0.014 0.002 0.001 0.001 0.001 
 111   (0.012) 0.002 0.002 0.002 0.013 0.002 0.001 0.002 0.002 
 143   (0.012) 0.001 0.001 0.002 0.014 0.002 0.001 0.001 0.002 
 140   (0.015) 0.002 0.002 0.003 0.001 0.016 0.001 0.010 0.004 
 112   (0.012) 0.001 0.001 0.002 0.001 0.002 0.010 0.002 0.002 

Locus 2 : 
18 alleles
0.0% missing data
 152   (0.362) 0.645 0.400 0.452 0.784 0.143 0.251 0.518 0.530 
 148   (0.074) 0.130 0.212 0.057 0.030 0.018 0.007 0.027 0.162 
 154   (0.113) 0.052 0.255 0.067 0.035 0.054 0.175 0.095 0.161 
 156   (0.018) 0.014 0.002 0.004 0.001 0.006 0.001 0.007 0.003 
 150   (0.026) 0.009 0.062 0.006 0.044 0.005 0.002 0.003 0.003 
 164   (0.076) 0.075 0.013 0.018 0.015 0.114 0.083 0.098 0.032 
 158   (0.036) 0.009 0.018 0.097 0.011 0.008 0.003 0.015 0.021 
 160   (0.019) 0.003 0.003 0.003 0.019 0.013 0.001 0.004 0.009 
 166   (0.020) 0.004 0.006 0.009 0.001 0.007 0.001 0.037 0.003 
 151   (0.063) 0.008 0.006 0.138 0.004 0.342 0.366 0.030 0.010 
 147   (0.070) 0.009 0.008 0.095 0.006 0.186 0.100 0.122 0.031 
 168   (0.024) 0.004 0.003 0.008 0.003 0.032 0.002 0.010 0.008 
 153   (0.015) 0.002 0.002 0.002 0.001 0.023 0.001 0.004 0.002 
 149   (0.024) 0.003 0.002 0.035 0.011 0.007 0.002 0.004 0.015 
 162   (0.021) 0.007 0.004 0.004 0.002 0.016 0.002 0.016 0.003 
 167   (0.013) 0.023 0.001 0.002 0.001 0.003 0.001 0.002 0.002 
 146   (0.014) 0.002 0.001 0.002 0.029 0.003 0.001 0.002 0.002 
 172   (0.013) 0.001 0.001 0.002 0.001 0.021 0.001 0.005 0.002 

Locus 3 : 
4 alleles
0.0% missing data
 128   (0.286) 0.195 0.310 0.328 0.419 0.206 0.438 0.241 0.301 
 126   (0.615) 0.720 0.627 0.553 0.573 0.722 0.475 0.718 0.672 
 132   (0.084) 0.083 0.057 0.091 0.006 0.069 0.086 0.038 0.025 
 134   (0.015) 0.002 0.006 0.028 0.001 0.003 0.001 0.003 0.002 

Locus 4 : 
3 alleles
0.0% missing data
 170   (0.320) 0.332 0.399 0.260 0.279 0.341 0.328 0.365 0.170 
 172   (0.667) 0.666 0.590 0.738 0.720 0.654 0.671 0.633 0.827 
 171   (0.013) 0.002 0.011 0.002 0.002 0.004 0.001 0.002 0.003 

Locus 5 : 
37 alleles
0.0% missing data
 125   (0.050) 0.068 0.061 0.101 0.035 0.023 0.104 0.014 0.039 
 110   (0.036) 0.051 0.041 0.045 0.016 0.012 0.055 0.025 0.005 
 129   (0.033) 0.052 0.004 0.007 0.003 0.091 0.008 0.072 0.011 
 113   (0.031) 0.012 0.004 0.009 0.003 0.088 0.021 0.092 0.021 
 145   (0.053) 0.206 0.006 0.079 0.095 0.075 0.008 0.011 0.121 
 155   (0.052) 0.151 0.171 0.025 0.016 0.019 0.044 0.086 0.026 
 117   (0.031) 0.021 0.005 0.010 0.030 0.025 0.002 0.016 0.103 
 124   (0.008) 0.022 0.001 0.001 0.001 0.001 0.000 0.001 0.001 
 133   (0.037) 0.042 0.004 0.019 0.070 0.060 0.003 0.016 0.029 
 157   (0.051) 0.009 0.029 0.122 0.025 0.073 0.032 0.097 0.054 
 141   (0.016) 0.005 0.002 0.012 0.001 0.024 0.003 0.007 0.008 
 112   (0.067) 0.065 0.182 0.015 0.157 0.040 0.161 0.083 0.101 
 121   (0.021) 0.005 0.014 0.009 0.003 0.019 0.015 0.039 0.004 
 114   (0.036) 0.043 0.016 0.007 0.166 0.008 0.056 0.006 0.130 
 153   (0.054) 0.057 0.011 0.196 0.004 0.049 0.089 0.103 0.032 
 127   (0.077) 0.077 0.047 0.047 0.087 0.122 0.123 0.084 0.088 
 131   (0.057) 0.045 0.213 0.094 0.194 0.015 0.056 0.056 0.047 
 135   (0.024) 0.004 0.004 0.072 0.002 0.009 0.073 0.017 0.013 
 104   (0.008) 0.001 0.011 0.001 0.001 0.003 0.001 0.001 0.003 
 118   (0.016) 0.012 0.017 0.014 0.002 0.006 0.001 0.004 0.013 
 116   (0.029) 0.005 0.028 0.030 0.003 0.014 0.008 0.031 0.028 
 137   (0.024) 0.005 0.101 0.015 0.004 0.010 0.002 0.050 0.007 
 123   (0.022) 0.007 0.005 0.014 0.002 0.009 0.069 0.023 0.006 
 149   (0.010) 0.001 0.001 0.002 0.001 0.005 0.003 0.002 0.007 
 138   (0.010) 0.001 0.001 0.001 0.001 0.061 0.001 0.001 0.001 
 143   (0.025) 0.004 0.003 0.008 0.066 0.034 0.043 0.009 0.004 
 163   (0.009) 0.002 0.004 0.002 0.001 0.004 0.001 0.006 0.003 
 109   (0.010) 0.001 0.001 0.001 0.001 0.002 0.001 0.001 0.025 
 139   (0.009) 0.001 0.001 0.011 0.001 0.003 0.001 0.003 0.002 
 106   (0.009) 0.001 0.001 0.003 0.001 0.007 0.001 0.004 0.002 
 144   (0.014) 0.002 0.001 0.005 0.001 0.003 0.001 0.010 0.038 
 122   (0.012) 0.012 0.001 0.002 0.004 0.003 0.001 0.002 0.009 
 100   (0.017) 0.003 0.003 0.007 0.001 0.028 0.004 0.024 0.007 
 111   (0.010) 0.001 0.001 0.001 0.001 0.037 0.001 0.001 0.001 
 233   (0.010) 0.001 0.001 0.006 0.001 0.008 0.002 0.002 0.002 
 134   (0.010) 0.001 0.001 0.006 0.001 0.004 0.006 0.001 0.001 
 140   (0.010) 0.001 0.001 0.002 0.001 0.005 0.001 0.001 0.009 

Locus 6 : 
17 alleles
0.0% missing data
 221   (0.022) 0.137 0.002 0.003 0.081 0.004 0.001 0.003 0.003 
 232   (0.246) 0.185 0.129 0.309 0.443 0.365 0.422 0.328 0.242 
 229   (0.053) 0.100 0.059 0.021 0.060 0.013 0.068 0.014 0.025 
 223   (0.061) 0.094 0.008 0.064 0.008 0.019 0.044 0.067 0.064 
 230   (0.154) 0.072 0.151 0.157 0.297 0.178 0.157 0.108 0.241 
 235   (0.014) 0.068 0.001 0.002 0.001 0.003 0.001 0.002 0.002 
 236   (0.038) 0.088 0.040 0.024 0.006 0.032 0.003 0.009 0.010 
 227   (0.021) 0.062 0.002 0.009 0.003 0.007 0.002 0.005 0.008 
 220   (0.056) 0.007 0.174 0.027 0.004 0.053 0.056 0.086 0.044 
 222   (0.042) 0.005 0.257 0.021 0.003 0.045 0.008 0.105 0.023 
 234   (0.133) 0.091 0.157 0.201 0.054 0.104 0.123 0.099 0.235 
 224   (0.031) 0.004 0.004 0.080 0.002 0.021 0.055 0.010 0.007 
 228   (0.061) 0.013 0.007 0.045 0.005 0.140 0.038 0.099 0.053 
 225   (0.012) 0.004 0.002 0.002 0.001 0.002 0.001 0.009 0.002 
 226   (0.017) 0.004 0.003 0.003 0.001 0.004 0.019 0.050 0.002 
 233   (0.026) 0.041 0.003 0.028 0.032 0.006 0.002 0.004 0.019 
 231   (0.013) 0.025 0.001 0.004 0.001 0.003 0.001 0.002 0.019 

Locus 7 : 
10 alleles
0.0% missing data
 121   (0.693) 0.890 0.799 0.678 0.745 0.854 0.722 0.769 0.816 
 129   (0.093) 0.070 0.011 0.063 0.103 0.061 0.146 0.064 0.056 
 130   (0.014) 0.002 0.002 0.004 0.001 0.003 0.001 0.023 0.002 
 123   (0.090) 0.022 0.124 0.182 0.102 0.041 0.122 0.093 0.028 
 128   (0.021) 0.003 0.035 0.012 0.020 0.004 0.001 0.003 0.004 
 131   (0.016) 0.002 0.020 0.007 0.001 0.003 0.002 0.008 0.003 
 117   (0.012) 0.001 0.001 0.002 0.001 0.013 0.001 0.002 0.002 
 125   (0.013) 0.001 0.001 0.035 0.001 0.002 0.001 0.002 0.002 
 134   (0.034) 0.005 0.005 0.015 0.007 0.016 0.003 0.036 0.079 
 132   (0.013) 0.002 0.001 0.002 0.018 0.003 0.001 0.002 0.009 

Locus 8 : 
19 alleles
0.0% missing data
 184   (0.290) 0.496 0.503 0.473 0.355 0.330 0.331 0.375 0.434 
 194   (0.047) 0.030 0.021 0.032 0.018 0.028 0.010 0.020 0.083 
 178   (0.103) 0.208 0.177 0.038 0.060 0.062 0.203 0.103 0.083 
 176   (0.081) 0.046 0.012 0.094 0.212 0.105 0.033 0.061 0.088 
 182   (0.073) 0.036 0.012 0.025 0.195 0.087 0.056 0.152 0.059 
 190   (0.032) 0.006 0.067 0.010 0.043 0.007 0.012 0.029 0.005 
 196   (0.024) 0.009 0.002 0.004 0.002 0.031 0.040 0.005 0.007 
 200   (0.029) 0.015 0.004 0.035 0.010 0.010 0.002 0.034 0.006 
 180   (0.026) 0.011 0.066 0.064 0.002 0.005 0.002 0.005 0.003 
 188   (0.041) 0.028 0.011 0.009 0.004 0.053 0.035 0.007 0.053 
 174   (0.038) 0.019 0.014 0.061 0.031 0.012 0.003 0.009 0.070 
 186   (0.120) 0.077 0.079 0.105 0.061 0.219 0.204 0.169 0.080 
 192   (0.023) 0.010 0.013 0.010 0.003 0.010 0.060 0.004 0.003 
 201   (0.012) 0.001 0.011 0.007 0.001 0.002 0.001 0.002 0.002 
 199   (0.019) 0.002 0.003 0.018 0.001 0.015 0.002 0.014 0.003 
 185   (0.010) 0.001 0.001 0.001 0.001 0.013 0.001 0.001 0.001 
 203   (0.011) 0.001 0.001 0.002 0.001 0.002 0.001 0.002 0.012 
 198   (0.011) 0.001 0.001 0.002 0.001 0.005 0.003 0.004 0.004 
 209   (0.011) 0.002 0.001 0.010 0.001 0.002 0.003 0.003 0.001 

Locus 9 : 
6 alleles
0.4% missing data
 154   (0.694) 0.719 0.820 0.705 0.637 0.838 0.788 0.769 0.668 
 156   (0.204) 0.166 0.169 0.278 0.345 0.102 0.103 0.200 0.255 
 152   (0.046) 0.073 0.005 0.007 0.006 0.020 0.105 0.010 0.045 
 153   (0.014) 0.003 0.002 0.002 0.001 0.018 0.002 0.006 0.002 
 160   (0.016) 0.002 0.002 0.003 0.001 0.016 0.001 0.011 0.002 
 164   (0.027) 0.037 0.003 0.005 0.009 0.005 0.002 0.004 0.029 

Locus 10 : 
29 alleles
0.7% missing data
 305   (0.065) 0.117 0.197 0.014 0.008 0.070 0.008 0.131 0.015 
 313   (0.047) 0.142 0.006 0.024 0.005 0.060 0.008 0.036 0.009 
 311   (0.015) 0.017 0.002 0.007 0.001 0.004 0.001 0.002 0.002 
 299   (0.102) 0.277 0.035 0.024 0.032 0.093 0.217 0.191 0.038 
 315   (0.078) 0.087 0.075 0.080 0.093 0.079 0.013 0.047 0.031 
 287   (0.025) 0.008 0.004 0.490 0.002 0.009 0.002 0.010 0.004 
 291   (0.098) 0.097 0.066 0.020 0.019 0.069 0.371 0.048 0.353 
 295   (0.025) 0.035 0.004 0.004 0.002 0.010 0.002 0.004 0.169 
 289   (0.017) 0.003 0.003 0.026 0.001 0.003 0.001 0.094 0.002 
 303   (0.069) 0.015 0.082 0.012 0.535 0.144 0.164 0.011 0.024 
 297   (0.043) 0.014 0.005 0.007 0.090 0.009 0.033 0.108 0.067 
 293   (0.018) 0.034 0.003 0.081 0.001 0.005 0.001 0.003 0.004 
 301   (0.057) 0.062 0.134 0.011 0.006 0.093 0.005 0.012 0.066 
 285   (0.024) 0.003 0.254 0.004 0.002 0.006 0.002 0.142 0.003 
 307   (0.050) 0.009 0.033 0.010 0.184 0.017 0.075 0.026 0.076 
 312   (0.058) 0.008 0.068 0.088 0.004 0.055 0.065 0.023 0.054 
 306   (0.027) 0.008 0.003 0.004 0.002 0.064 0.003 0.004 0.031 
 320   (0.012) 0.001 0.001 0.002 0.001 0.025 0.001 0.003 0.002 
 317   (0.022) 0.017 0.002 0.003 0.001 0.075 0.001 0.003 0.003 
 314   (0.026) 0.027 0.003 0.026 0.002 0.017 0.002 0.004 0.007 
 323   (0.011) 0.002 0.001 0.006 0.001 0.009 0.001 0.002 0.002 
 325   (0.013) 0.002 0.001 0.007 0.001 0.009 0.001 0.002 0.002 
 310   (0.017) 0.002 0.002 0.026 0.001 0.013 0.015 0.003 0.003 
 309   (0.012) 0.001 0.002 0.002 0.001 0.002 0.001 0.002 0.024 
 316   (0.016) 0.002 0.002 0.002 0.001 0.038 0.002 0.003 0.002 
 296   (0.013) 0.002 0.001 0.002 0.001 0.014 0.001 0.002 0.002 
 304   (0.014) 0.002 0.006 0.004 0.001 0.003 0.003 0.044 0.002 
 321   (0.013) 0.002 0.002 0.007 0.001 0.003 0.001 0.021 0.002 
 332   (0.014) 0.002 0.001 0.007 0.001 0.003 0.002 0.018 0.003 

Locus 11 : 
19 alleles
0.0% missing data
 114   (0.152) 0.236 0.284 0.114 0.203 0.115 0.015 0.070 0.242 
 126   (0.022) 0.056 0.017 0.003 0.003 0.004 0.001 0.003 0.005 
 111   (0.074) 0.236 0.011 0.081 0.005 0.022 0.568 0.392 0.012 
 116   (0.104) 0.105 0.021 0.117 0.254 0.035 0.019 0.110 0.124 
 132   (0.013) 0.011 0.001 0.002 0.001 0.003 0.001 0.002 0.002 
 109   (0.015) 0.044 0.001 0.002 0.001 0.003 0.001 0.002 0.004 
 128   (0.017) 0.007 0.002 0.003 0.001 0.004 0.002 0.002 0.017 
 112   (0.323) 0.232 0.596 0.416 0.497 0.590 0.029 0.207 0.461 
 122   (0.018) 0.002 0.010 0.006 0.005 0.009 0.002 0.003 0.007 
 124   (0.013) 0.002 0.019 0.002 0.001 0.003 0.001 0.002 0.002 
 118   (0.055) 0.020 0.017 0.072 0.015 0.020 0.013 0.050 0.054 
 127   (0.013) 0.002 0.001 0.002 0.001 0.013 0.001 0.002 0.002 
 113   (0.058) 0.008 0.006 0.055 0.004 0.108 0.290 0.098 0.012 
 115   (0.034) 0.020 0.004 0.095 0.003 0.015 0.003 0.008 0.025 
 120   (0.022) 0.003 0.002 0.003 0.001 0.005 0.045 0.003 0.019 
 117   (0.021) 0.003 0.002 0.005 0.002 0.012 0.004 0.024 0.003 
 125   (0.019) 0.003 0.002 0.012 0.001 0.031 0.001 0.003 0.003 
 119   (0.016) 0.002 0.002 0.002 0.001 0.005 0.004 0.019 0.003 
 136   (0.013) 0.008 0.001 0.007 0.001 0.003 0.001 0.002 0.002 

Locus 12 : 
28 alleles
0.7% missing data
 306   (0.062) 0.116 0.200 0.013 0.007 0.038 0.008 0.166 0.014 
 314   (0.055) 0.131 0.007 0.020 0.006 0.060 0.065 0.031 0.009 
 312   (0.013) 0.024 0.001 0.002 0.001 0.003 0.001 0.002 0.002 
 300   (0.109) 0.293 0.037 0.025 0.032 0.094 0.215 0.192 0.039 
 316   (0.043) 0.081 0.068 0.007 0.090 0.010 0.011 0.012 0.007 
 288   (0.024) 0.007 0.003 0.477 0.002 0.008 0.002 0.009 0.003 
 292   (0.107) 0.100 0.067 0.023 0.019 0.071 0.373 0.053 0.354 
 296   (0.029) 0.036 0.005 0.005 0.002 0.021 0.002 0.004 0.170 
 290   (0.016) 0.003 0.003 0.026 0.001 0.003 0.001 0.094 0.002 
 304   (0.069) 0.016 0.082 0.012 0.536 0.144 0.162 0.011 0.024 
 298   (0.045) 0.014 0.006 0.008 0.090 0.009 0.033 0.109 0.067 
 294   (0.020) 0.035 0.003 0.082 0.001 0.005 0.001 0.004 0.004 
 302   (0.059) 0.063 0.134 0.011 0.006 0.093 0.005 0.013 0.066 
 286   (0.027) 0.003 0.255 0.004 0.002 0.006 0.002 0.154 0.004 
 308   (0.031) 0.006 0.032 0.006 0.181 0.012 0.002 0.022 0.028 
 313   (0.045) 0.007 0.069 0.099 0.003 0.052 0.004 0.025 0.055 
 307   (0.044) 0.009 0.005 0.006 0.004 0.066 0.080 0.008 0.080 
 321   (0.014) 0.002 0.001 0.002 0.001 0.026 0.001 0.003 0.002 
 315   (0.050) 0.030 0.007 0.089 0.004 0.100 0.003 0.033 0.028 
 318   (0.018) 0.006 0.002 0.002 0.001 0.072 0.002 0.003 0.002 
 324   (0.013) 0.002 0.001 0.007 0.001 0.009 0.001 0.002 0.002 
 326   (0.013) 0.002 0.001 0.007 0.001 0.009 0.001 0.002 0.002 
 311   (0.020) 0.005 0.002 0.050 0.001 0.020 0.020 0.004 0.004 
 310   (0.014) 0.002 0.002 0.002 0.001 0.003 0.001 0.002 0.024 
 305   (0.015) 0.002 0.002 0.002 0.001 0.033 0.001 0.008 0.002 
 317   (0.015) 0.002 0.002 0.002 0.001 0.027 0.001 0.002 0.002 
 320   (0.013) 0.002 0.001 0.004 0.001 0.003 0.001 0.011 0.002 
 322   (0.014) 0.002 0.002 0.007 0.001 0.003 0.001 0.021 0.002 

Locus 13 : 
7 alleles
1.1% missing data
 161   (0.584) 0.659 0.079 0.525 0.890 0.517 0.438 0.500 0.796 
 163   (0.304) 0.266 0.038 0.454 0.030 0.454 0.528 0.410 0.151 
 160   (0.017) 0.002 0.435 0.003 0.001 0.003 0.001 0.002 0.002 
 162   (0.016) 0.002 0.438 0.002 0.001 0.003 0.001 0.002 0.002 
 165   (0.050) 0.066 0.006 0.009 0.005 0.017 0.030 0.081 0.041 
 166   (0.014) 0.004 0.002 0.004 0.003 0.003 0.001 0.003 0.005 
 164   (0.015) 0.002 0.001 0.002 0.070 0.003 0.001 0.002 0.002 

Locus 14 : 
4 alleles
0.4% missing data
  98   (0.957) 0.988 0.996 0.993 0.987 0.968 0.997 0.994 0.989 
 100   (0.013) 0.002 0.001 0.002 0.001 0.014 0.001 0.002 0.002 
  96   (0.017) 0.009 0.002 0.003 0.011 0.004 0.001 0.002 0.007 
 105   (0.013) 0.002 0.001 0.002 0.001 0.013 0.001 0.002 0.002 

Locus 15 : 
12 alleles
2.2% missing data
 171   (0.304) 0.395 0.218 0.378 0.185 0.429 0.349 0.286 0.212 
 177   (0.182) 0.205 0.332 0.240 0.053 0.126 0.088 0.150 0.265 
 173   (0.265) 0.279 0.137 0.211 0.077 0.301 0.508 0.401 0.350 
 179   (0.106) 0.073 0.292 0.101 0.559 0.050 0.028 0.108 0.045 
 183   (0.020) 0.029 0.002 0.006 0.009 0.007 0.002 0.008 0.003 
 181   (0.039) 0.007 0.005 0.006 0.110 0.061 0.020 0.011 0.014 
 197   (0.015) 0.002 0.001 0.002 0.002 0.003 0.001 0.002 0.062 
 170   (0.013) 0.002 0.002 0.021 0.001 0.007 0.001 0.004 0.003 
 189   (0.014) 0.004 0.007 0.003 0.001 0.006 0.001 0.013 0.005 
 203   (0.014) 0.002 0.001 0.002 0.001 0.003 0.001 0.002 0.038 
 187   (0.015) 0.003 0.001 0.026 0.001 0.005 0.001 0.005 0.002 
 198   (0.013) 0.002 0.001 0.005 0.001 0.003 0.001 0.011 0.002 

Values of parameters used in structure:
DATAFILE=STRUCTURE_main_final_278_HEG_ZG.str,	OUTFILE=STRUCTURE_main_final_278_HEG_ZG-K8-16,	NUMINDS=278,	NUMLOCI=15,	MISSING=-9,	LABEL=1,	POPDATA=1,	POPFLAG=0,	PHENOTYPE=0,	EXTRACOLS=0,	MAXPOPS=8,	BURNIN=100000,	NUMREPS=500000,	USEPOPINFO=0,	INFERALPHA=1,	INFERLAMBDA=0,	POPSPECIFICLAMBDA=0,	POPALPHAS=0,	COMPUTEPROB=1,	NOADMIX=0,	ADMBURNIN=2500,	UPDATEFREQ=1,	PRINTLIKES=0,	INTERMEDSAVE=0,	PRINTKLD=0,	PRINTNET=0,	PRINTLAMBDA=0,	ANCESTDIST=0,	NUMBOXES=1000,	ANCESTPINT=0.90000,	GENSBACK=2,	MIGRPRIOR=0.05000,	PRINTQHAT=0,	PRINTQSUM=0,	ALPHA=1.0000,	FREQSCORR=1,	FPRIORMEAN=0.0100,	FPRIORSD=0.0500,	ONEFST=0,	LAMBDA=1.0000,	UNIFPRIORALPHA=1,	ALPHAMAX=10.0000,	ALPHAPRIORA=1.0000,	ALPHAPRIORB=2.0000,	ALPHAPROPSD=0.0250,	STARTATPOPINFO=0,	RANDOMIZE=1,	LINKAGE=0,	METROFREQ=10,	REPORTHITRATE=0,	MARKOVPHASE=-1,	PHASED=0,	PLOIDY=2,	PHASEINFO=0	LOCPRIOR=0, 	LOCPRIORINIT=1.000000, 	LOCDATA=0, 	LOCISPOP=0, 	LOCPRIORSTEP=0.100000, 	MAXLOCPRIOR=20.000000, 	SEED=1782483154,	
[STRAT parameters]:    NUMSIMSTATS=1000,	PHENOTYPECOL=-9,	POOLFREQ=10,	LOCUSxONLY=0,	EMERROR=0.00100,	MISSINGPHENO=-9,	