

----------------------------------------------------
STRUCTURE by Pritchard, Stephens and Donnelly (2000)
     and Falush, Stephens and Pritchard (2003)
       Code by Pritchard, Falush and Hubisz
             Version 2.3.4 (Jul 2012)
----------------------------------------------------



Command line arguments:   structure -K 12 -i STRUCTURE_main_final_278_HEG_ZG.str -o STRUCTURE_main_final_278_HEG_ZG-K12-17 
Input File:    STRUCTURE_main_final_278_HEG_ZG.str

Run parameters:
   278 individuals
   15 loci
   12 populations assumed
   100000 Burn-in period
   500000 Reps


--------------------------------------------
Proportion of membership of each pre-defined
 population in each of the 12 clusters

Given    Inferred Clusters                                                                      Number of
 Pop       1      2      3      4      5      6      7      8      9     10     11     12      Individuals

  1:     0.066  0.012  0.028  0.017  0.036  0.012  0.013  0.029  0.076  0.597  0.035  0.080       24
  2:     0.049  0.012  0.018  0.040  0.028  0.034  0.685  0.027  0.060  0.016  0.013  0.017       24
  3:     0.010  0.329  0.011  0.201  0.015  0.231  0.011  0.037  0.033  0.017  0.063  0.042       24
  4:     0.031  0.051  0.014  0.033  0.430  0.038  0.020  0.095  0.162  0.046  0.037  0.043       24
  5:     0.032  0.106  0.028  0.012  0.138  0.075  0.022  0.354  0.135  0.018  0.063  0.017       24
  6:     0.176  0.025  0.013  0.022  0.082  0.026  0.022  0.077  0.137  0.365  0.042  0.013       24
  7:     0.731  0.013  0.020  0.008  0.036  0.013  0.029  0.020  0.056  0.049  0.009  0.016       24
  8:     0.010  0.588  0.012  0.034  0.032  0.011  0.013  0.085  0.125  0.019  0.018  0.052       14
  9:     0.006  0.030  0.338  0.029  0.017  0.028  0.017  0.044  0.009  0.041  0.393  0.047       24
 10:     0.017  0.033  0.035  0.146  0.012  0.041  0.007  0.019  0.023  0.012  0.047  0.607       24
 11:     0.011  0.021  0.062  0.333  0.022  0.073  0.008  0.043  0.028  0.018  0.143  0.238       24
 12:     0.101  0.093  0.076  0.071  0.114  0.043  0.016  0.040  0.195  0.195  0.010  0.045       24
--------------------------------------------

Allele-freq. divergence among pops (Net nucleotide distance),
computed using point estimates of P.

      1       2       3       4       5       6       7       8       9      10      11      12      
 1      -    0.0928  0.1209  0.0954  0.0823  0.1447  0.1139  0.0925  0.0674  0.0761  0.1274  0.1471  
 2   0.0928     -    0.0756  0.0755  0.0468  0.0816  0.0730  0.0397  0.0282  0.0452  0.0604  0.0570  
 3   0.1209  0.0756     -    0.1150  0.0601  0.1181  0.1303  0.1017  0.0721  0.0651  0.1041  0.0834  
 4   0.0954  0.0755  0.1150     -    0.1082  0.1283  0.1459  0.1034  0.0812  0.0942  0.0787  0.0876  
 5   0.0823  0.0468  0.0601  0.1082     -    0.1034  0.0884  0.0681  0.0335  0.0465  0.0923  0.0792  
 6   0.1447  0.0816  0.1181  0.1283  0.1034     -    0.1319  0.0991  0.0855  0.1020  0.1277  0.1251  
 7   0.1139  0.0730  0.1303  0.1459  0.0884  0.1319     -    0.0855  0.0732  0.0752  0.0972  0.1234  
 8   0.0925  0.0397  0.1017  0.1034  0.0681  0.0991  0.0855     -    0.0383  0.0440  0.0683  0.0886  
 9   0.0674  0.0282  0.0721  0.0812  0.0335  0.0855  0.0732  0.0383     -    0.0276  0.0592  0.0719  
10   0.0761  0.0452  0.0651  0.0942  0.0465  0.1020  0.0752  0.0440  0.0276     -    0.0595  0.0720  
11   0.1274  0.0604  0.1041  0.0787  0.0923  0.1277  0.0972  0.0683  0.0592  0.0595     -    0.0624  
12   0.1471  0.0570  0.0834  0.0876  0.0792  0.1251  0.1234  0.0886  0.0719  0.0720  0.0624     -    

Average distances (expected heterozygosity) between individuals in same cluster:
cluster  1  : 0.5414 
cluster  2  : 0.6346 
cluster  3  : 0.5377 
cluster  4  : 0.5398 
cluster  5  : 0.5820 
cluster  6  : 0.5625 
cluster  7  : 0.6053 
cluster  8  : 0.5846 
cluster  9  : 0.6293 
cluster 10  : 0.6136 
cluster 11  : 0.5980 
cluster 12  : 0.5980 

--------------------------------------------
Estimated Ln Prob of Data   = -12170.4
Mean value of ln likelihood = -11342.5
Variance of ln likelihood   = 1655.7
Mean value of alpha         = 0.0471

Mean value of Fst_1         = 0.2194
Mean value of Fst_2         = 0.0734
Mean value of Fst_3         = 0.2400
Mean value of Fst_4         = 0.2529
Mean value of Fst_5         = 0.1542
Mean value of Fst_6         = 0.2329
Mean value of Fst_7         = 0.2222
Mean value of Fst_8         = 0.1940
Mean value of Fst_9         = 0.1145
Mean value of Fst_10         = 0.1034
Mean value of Fst_11         = 0.1749
Mean value of Fst_12         = 0.1761


Inferred ancestry of individuals:
        Label (%Miss) Pop:  Inferred clusters
  1 24.0601.E1    (0)    1 :  0.014 0.006 0.006 0.012 0.008 0.009 0.012 0.005 0.013 0.899 0.009 0.007 
  2 24.0602.E1    (0)    1 :  0.009 0.008 0.007 0.009 0.006 0.008 0.004 0.012 0.016 0.891 0.019 0.012 
  3 24.0603.E1    (0)    1 :  0.018 0.025 0.007 0.006 0.028 0.007 0.005 0.037 0.056 0.790 0.016 0.004 
  4 24.0604.E1    (0)    1 :  0.005 0.005 0.020 0.005 0.094 0.141 0.008 0.005 0.047 0.621 0.005 0.044 
  5 24.0605.E1    (0)    1 :  0.032 0.009 0.014 0.012 0.030 0.006 0.007 0.014 0.042 0.793 0.032 0.008 
  6 24.0606.E1    (0)    1 :  0.018 0.007 0.006 0.006 0.046 0.005 0.011 0.081 0.188 0.572 0.039 0.021 
  7 24.0607.E1    (0)    1 :  0.272 0.013 0.295 0.008 0.012 0.007 0.006 0.182 0.050 0.094 0.051 0.010 
  8 24.0608.E1    (0)    1 :  0.098 0.007 0.012 0.123 0.005 0.005 0.003 0.007 0.013 0.686 0.013 0.027 
  9 24.0609.E1    (0)    1 :  0.005 0.023 0.044 0.011 0.268 0.007 0.004 0.011 0.040 0.185 0.008 0.393 
 10 24.0610.E1    (0)    1 :  0.009 0.017 0.009 0.004 0.089 0.004 0.004 0.022 0.029 0.394 0.013 0.404 
 11 24.0611.E1    (0)    1 :  0.005 0.010 0.016 0.005 0.041 0.005 0.006 0.006 0.010 0.822 0.042 0.034 
 12 24.0612.E1    (0)    1 :  0.016 0.007 0.007 0.004 0.005 0.010 0.008 0.018 0.011 0.896 0.011 0.007 
 13 24.0613.E1    (0)    1 :  0.005 0.005 0.008 0.005 0.061 0.004 0.006 0.032 0.020 0.823 0.005 0.025 
 14 24.0614.E1    (0)    1 :  0.316 0.007 0.015 0.095 0.011 0.005 0.006 0.009 0.039 0.182 0.307 0.010 
 15 24.0615.E1    (0)    1 :  0.043 0.007 0.038 0.019 0.009 0.018 0.014 0.014 0.029 0.642 0.018 0.150 
 16 24.0616.E1    (0)    1 :  0.005 0.005 0.024 0.006 0.011 0.007 0.013 0.020 0.011 0.882 0.006 0.011 
 17 24.0617.E1    (0)    1 :  0.018 0.009 0.024 0.008 0.022 0.006 0.023 0.033 0.011 0.345 0.016 0.485 
 18 24.0618.E1    (0)    1 :  0.005 0.014 0.011 0.019 0.024 0.005 0.008 0.042 0.037 0.712 0.057 0.067 
 19 24.0619.E1    (0)    1 :  0.004 0.005 0.031 0.005 0.014 0.004 0.014 0.034 0.506 0.352 0.011 0.020 
 20 24.0620.E1   (20)    1 :  0.645 0.017 0.024 0.008 0.046 0.009 0.011 0.031 0.115 0.045 0.012 0.036 
 21 24.0621.E1    (0)    1 :  0.004 0.006 0.031 0.026 0.007 0.005 0.005 0.040 0.500 0.205 0.084 0.086 
 22 24.0622.E1    (0)    1 :  0.009 0.017 0.004 0.005 0.013 0.004 0.028 0.013 0.015 0.876 0.005 0.010 
 23 24.0623.E1    (0)    1 :  0.021 0.049 0.014 0.010 0.011 0.009 0.098 0.007 0.022 0.686 0.043 0.031 
 24 24.0624.E1    (0)    1 :  0.006 0.006 0.005 0.005 0.005 0.004 0.006 0.011 0.010 0.923 0.010 0.011 
 25 24.0625.E1    (0)    2 :  0.048 0.028 0.004 0.179 0.037 0.043 0.548 0.012 0.021 0.014 0.058 0.009 
 26 24.0626.E1    (0)    2 :  0.036 0.006 0.003 0.117 0.004 0.004 0.810 0.005 0.004 0.004 0.005 0.003 
 27 24.0627.E1    (0)    2 :  0.020 0.008 0.011 0.013 0.016 0.367 0.460 0.015 0.073 0.006 0.006 0.005 
 28 24.0628.E1    (0)    2 :  0.129 0.041 0.022 0.136 0.070 0.006 0.429 0.008 0.024 0.031 0.008 0.096 
 29 24.0629.E1    (0)    2 :  0.005 0.014 0.010 0.007 0.007 0.009 0.804 0.042 0.020 0.064 0.008 0.010 
 30 24.0630.E1    (0)    2 :  0.099 0.007 0.005 0.044 0.009 0.006 0.797 0.004 0.011 0.005 0.008 0.004 
 31 24.0631.E1    (0)    2 :  0.004 0.003 0.003 0.003 0.003 0.003 0.961 0.004 0.004 0.005 0.004 0.003 
 32 24.0632.E1    (0)    2 :  0.021 0.006 0.005 0.005 0.007 0.011 0.863 0.049 0.013 0.007 0.007 0.006 
 33 24.0633.E1    (0)    2 :  0.041 0.010 0.004 0.347 0.007 0.005 0.305 0.049 0.198 0.010 0.018 0.006 
 34 24.0634.E1    (0)    2 :  0.007 0.013 0.005 0.025 0.010 0.008 0.862 0.009 0.010 0.009 0.030 0.011 
 35 24.0635.E1    (0)    2 :  0.018 0.047 0.015 0.020 0.008 0.015 0.463 0.071 0.251 0.016 0.056 0.020 
 36 24.0636.E1   (33)    2 :  0.566 0.023 0.006 0.009 0.175 0.026 0.076 0.017 0.048 0.035 0.008 0.010 
 37 24.0637.E1    (0)    2 :  0.007 0.005 0.004 0.003 0.005 0.004 0.951 0.005 0.004 0.004 0.005 0.003 
 38 24.0638.E1    (0)    2 :  0.004 0.013 0.005 0.005 0.014 0.007 0.756 0.055 0.123 0.007 0.006 0.005 
 39 24.0639.E1    (0)    2 :  0.012 0.007 0.008 0.007 0.006 0.028 0.704 0.085 0.013 0.036 0.010 0.083 
 40 24.0640.E1    (0)    2 :  0.006 0.006 0.006 0.007 0.006 0.004 0.917 0.007 0.008 0.008 0.016 0.008 
 41 24.0641.E1    (0)    2 :  0.014 0.012 0.192 0.007 0.006 0.007 0.325 0.040 0.320 0.048 0.016 0.013 
 42 24.0642.E1    (0)    2 :  0.055 0.005 0.006 0.005 0.072 0.006 0.525 0.030 0.247 0.041 0.004 0.004 
 43 24.0643.E1    (0)    2 :  0.045 0.009 0.004 0.006 0.010 0.230 0.540 0.102 0.018 0.010 0.014 0.012 
 44 24.0644.E1    (0)    2 :  0.005 0.007 0.031 0.005 0.029 0.004 0.858 0.005 0.006 0.008 0.005 0.037 
 45 24.0645.E1    (0)    2 :  0.014 0.005 0.054 0.004 0.142 0.005 0.726 0.006 0.008 0.008 0.005 0.023 
 46 24.0646.E1    (0)    2 :  0.005 0.007 0.030 0.005 0.030 0.005 0.859 0.005 0.006 0.007 0.005 0.036 
 47 24.0647.E1    (0)    2 :  0.007 0.004 0.004 0.003 0.005 0.004 0.951 0.005 0.004 0.004 0.005 0.003 
 48 24.0648.E1    (0)    2 :  0.007 0.005 0.004 0.003 0.005 0.004 0.951 0.006 0.004 0.004 0.005 0.003 
 49 24.0649.E1    (0)    3 :  0.003 0.913 0.006 0.009 0.006 0.008 0.005 0.019 0.006 0.004 0.010 0.011 
 50 24.0650.E1    (0)    3 :  0.003 0.169 0.011 0.132 0.098 0.010 0.004 0.010 0.308 0.010 0.160 0.084 
 51 24.0651.E1    (0)    3 :  0.023 0.252 0.013 0.047 0.025 0.040 0.105 0.126 0.013 0.008 0.341 0.008 
 52 24.0652.E1    (0)    3 :  0.004 0.161 0.008 0.707 0.005 0.010 0.004 0.013 0.046 0.029 0.007 0.006 
 53 24.0653.E1    (0)    3 :  0.007 0.071 0.022 0.015 0.008 0.793 0.005 0.024 0.017 0.006 0.011 0.023 
 54 24.0654.E1    (0)    3 :  0.004 0.540 0.006 0.378 0.006 0.007 0.008 0.009 0.005 0.006 0.006 0.024 
 55 24.0655.E1    (0)    3 :  0.007 0.332 0.007 0.338 0.010 0.009 0.023 0.090 0.019 0.061 0.074 0.028 
 56 24.0656.E1    (0)    3 :  0.010 0.120 0.006 0.780 0.014 0.014 0.006 0.011 0.018 0.007 0.005 0.011 
 57 24.0657.E1    (0)    3 :  0.010 0.128 0.006 0.767 0.013 0.014 0.005 0.011 0.021 0.008 0.006 0.012 
 58 24.0658.E1    (0)    3 :  0.006 0.641 0.019 0.005 0.028 0.067 0.006 0.056 0.020 0.017 0.013 0.122 
 59 24.0659.E1    (0)    3 :  0.003 0.187 0.006 0.066 0.008 0.320 0.008 0.020 0.112 0.035 0.211 0.023 
 60 24.0660.E1    (6)    3 :  0.006 0.840 0.008 0.007 0.013 0.010 0.012 0.035 0.029 0.024 0.008 0.006 
 61 24.0661.E1    (0)    3 :  0.007 0.087 0.009 0.838 0.005 0.009 0.005 0.012 0.007 0.008 0.008 0.005 
 62 24.0662.E1    (0)    3 :  0.021 0.164 0.006 0.046 0.010 0.108 0.015 0.032 0.017 0.074 0.487 0.019 
 63 24.0663.E1    (0)    3 :  0.004 0.315 0.030 0.067 0.047 0.005 0.007 0.011 0.007 0.005 0.023 0.477 
 64 24.0664.E1    (0)    3 :  0.035 0.699 0.012 0.180 0.007 0.007 0.006 0.022 0.008 0.005 0.005 0.013 
 65 24.0665.E1    (0)    3 :  0.057 0.493 0.010 0.344 0.014 0.031 0.006 0.017 0.012 0.006 0.006 0.004 
 66 24.0666.E1    (0)    3 :  0.004 0.007 0.005 0.006 0.008 0.925 0.005 0.010 0.009 0.008 0.004 0.008 
 67 24.0667.E1    (0)    3 :  0.004 0.015 0.004 0.006 0.005 0.926 0.003 0.007 0.014 0.008 0.004 0.004 
 68 24.0668.E1    (0)    3 :  0.003 0.004 0.004 0.003 0.004 0.961 0.004 0.004 0.003 0.003 0.003 0.004 
 69 24.0669.E1    (0)    3 :  0.003 0.004 0.012 0.004 0.004 0.951 0.004 0.004 0.004 0.003 0.003 0.004 
 70 24.0670.E1    (0)    3 :  0.005 0.432 0.004 0.015 0.004 0.069 0.004 0.296 0.011 0.013 0.082 0.064 
 71 24.0671.E1    (0)    3 :  0.008 0.768 0.010 0.058 0.017 0.013 0.008 0.035 0.009 0.011 0.027 0.036 
 72 24.0672.E1    (0)    3 :  0.005 0.542 0.033 0.008 0.010 0.228 0.005 0.020 0.086 0.043 0.012 0.008 
 73 24.0673.E1    (6)    4 :  0.106 0.017 0.005 0.427 0.168 0.007 0.020 0.034 0.086 0.095 0.029 0.008 
 74 24.0674.E1    (0)    4 :  0.007 0.005 0.005 0.005 0.914 0.004 0.007 0.006 0.020 0.007 0.012 0.007 
 75 24.0675.E1    (0)    4 :  0.022 0.030 0.015 0.029 0.705 0.009 0.025 0.042 0.019 0.021 0.054 0.028 
 76 24.0676.E1    (0)    4 :  0.022 0.049 0.051 0.022 0.546 0.006 0.007 0.048 0.041 0.012 0.030 0.165 
 77 24.0677.E1    (0)    4 :  0.012 0.039 0.036 0.049 0.020 0.015 0.004 0.636 0.032 0.021 0.112 0.023 
 78 24.0678.E1    (0)    4 :  0.010 0.085 0.029 0.033 0.018 0.106 0.050 0.085 0.100 0.456 0.022 0.007 
 79 24.0679.E1    (0)    4 :  0.006 0.049 0.008 0.008 0.134 0.033 0.010 0.106 0.383 0.092 0.017 0.154 
 80 24.0680.E1    (0)    4 :  0.008 0.129 0.016 0.010 0.016 0.027 0.012 0.152 0.598 0.019 0.008 0.005 
 81 24.0681.E1    (0)    4 :  0.019 0.071 0.011 0.009 0.151 0.012 0.009 0.093 0.586 0.019 0.014 0.007 
 82 24.0682.E1    (0)    4 :  0.004 0.004 0.009 0.003 0.954 0.003 0.004 0.004 0.004 0.004 0.003 0.005 
 83 24.0683.E1    (0)    4 :  0.052 0.005 0.005 0.007 0.859 0.006 0.007 0.013 0.025 0.007 0.010 0.004 
 84 24.0684.E1    (0)    4 :  0.014 0.018 0.017 0.007 0.749 0.010 0.027 0.038 0.034 0.058 0.006 0.023 
 85 24.0685.E1    (0)    4 :  0.017 0.009 0.006 0.005 0.387 0.057 0.007 0.020 0.455 0.010 0.006 0.023 
 86 24.0686.E1    (0)    4 :  0.013 0.168 0.006 0.005 0.044 0.012 0.068 0.304 0.068 0.075 0.225 0.013 
 87 24.0687.E1    (0)    4 :  0.017 0.192 0.006 0.007 0.098 0.006 0.143 0.162 0.069 0.041 0.238 0.021 
 88 24.0688.E1    (0)    4 :  0.005 0.009 0.006 0.004 0.939 0.004 0.007 0.005 0.008 0.005 0.004 0.003 
 89 24.0689.E1    (0)    4 :  0.023 0.049 0.013 0.037 0.082 0.005 0.013 0.223 0.146 0.021 0.022 0.367 
 90 24.0690.E1    (0)    4 :  0.028 0.059 0.006 0.020 0.028 0.517 0.030 0.109 0.143 0.019 0.036 0.005 
 91 24.0691.E1    (0)    4 :  0.006 0.012 0.005 0.006 0.733 0.010 0.006 0.042 0.106 0.028 0.007 0.039 
 92 24.0692.E1    (0)    4 :  0.008 0.049 0.008 0.005 0.786 0.008 0.005 0.077 0.024 0.005 0.006 0.021 
 93 24.0693.E1    (0)    4 :  0.323 0.142 0.010 0.069 0.291 0.016 0.007 0.018 0.064 0.010 0.015 0.035 
 94 24.0694.E1    (0)    4 :  0.008 0.014 0.007 0.004 0.761 0.009 0.007 0.009 0.161 0.008 0.004 0.009 
 95 24.0695.E1    (0)    4 :  0.006 0.012 0.060 0.007 0.332 0.011 0.007 0.011 0.452 0.056 0.006 0.041 
 96 24.0696.E1    (0)    4 :  0.007 0.011 0.008 0.004 0.597 0.010 0.012 0.031 0.276 0.020 0.008 0.016 
 97 24.0697.E1    (0)    5 :  0.019 0.055 0.011 0.008 0.174 0.006 0.008 0.631 0.036 0.006 0.037 0.010 
 98 24.0698.E1    (0)    5 :  0.022 0.023 0.007 0.008 0.021 0.015 0.015 0.736 0.027 0.008 0.107 0.010 
 99 24.0699.E1    (0)    5 :  0.005 0.026 0.004 0.005 0.004 0.006 0.005 0.808 0.005 0.006 0.122 0.004 
100 24.0700.E1    (0)    5 :  0.006 0.115 0.005 0.010 0.010 0.008 0.004 0.480 0.327 0.006 0.022 0.007 
101 24.0701.E1    (0)    5 :  0.044 0.007 0.008 0.006 0.007 0.685 0.010 0.192 0.010 0.007 0.014 0.009 
102 24.0702.E1    (0)    5 :  0.021 0.070 0.006 0.007 0.007 0.019 0.011 0.512 0.321 0.010 0.009 0.008 
103 24.0703.E1    (0)    5 :  0.005 0.022 0.004 0.004 0.005 0.007 0.032 0.707 0.005 0.006 0.201 0.004 
104 24.0704.E1    (6)    5 :  0.008 0.025 0.177 0.005 0.014 0.005 0.008 0.621 0.018 0.009 0.103 0.006 
105 24.0705.E1    (0)    5 :  0.008 0.029 0.008 0.006 0.139 0.027 0.006 0.131 0.610 0.020 0.008 0.009 
106 24.0706.E1    (0)    5 :  0.009 0.339 0.011 0.011 0.011 0.012 0.007 0.170 0.407 0.006 0.006 0.010 
107 24.0707.E1    (0)    5 :  0.018 0.452 0.026 0.011 0.062 0.006 0.025 0.159 0.156 0.036 0.043 0.005 
108 24.0708.E1    (0)    5 :  0.020 0.021 0.007 0.028 0.058 0.019 0.154 0.065 0.030 0.046 0.448 0.105 
109 24.0709.E1    (0)    5 :  0.006 0.024 0.127 0.016 0.712 0.008 0.008 0.017 0.018 0.012 0.017 0.035 
110 24.0710.E1    (0)    5 :  0.019 0.010 0.007 0.006 0.150 0.013 0.006 0.656 0.010 0.012 0.103 0.009 
111 24.0711.E1    (0)    5 :  0.015 0.061 0.067 0.008 0.057 0.033 0.048 0.551 0.079 0.057 0.020 0.006 
112 24.0712.E1    (0)    5 :  0.012 0.008 0.005 0.005 0.023 0.523 0.029 0.328 0.018 0.013 0.030 0.006 
113 24.0713.E1    (0)    5 :  0.012 0.069 0.068 0.006 0.176 0.007 0.006 0.192 0.404 0.008 0.013 0.039 
114 24.0714.E1    (0)    5 :  0.007 0.067 0.011 0.012 0.008 0.010 0.011 0.308 0.470 0.044 0.040 0.013 
115 24.0715.E1    (0)    5 :  0.167 0.052 0.007 0.034 0.116 0.018 0.006 0.486 0.068 0.021 0.017 0.008 
116 24.0716.E1    (0)    5 :  0.018 0.035 0.011 0.007 0.015 0.301 0.025 0.428 0.018 0.041 0.060 0.043 
117 24.0717.E1    (0)    5 :  0.295 0.189 0.024 0.071 0.021 0.013 0.050 0.149 0.077 0.015 0.072 0.025 
118 24.0718.E1    (0)    5 :  0.013 0.548 0.006 0.004 0.172 0.040 0.029 0.092 0.061 0.019 0.009 0.008 
119 24.0719.E1    (0)    5 :  0.007 0.085 0.043 0.007 0.725 0.013 0.015 0.028 0.045 0.006 0.005 0.018 
120 24.0720.E1    (0)    5 :  0.005 0.218 0.014 0.007 0.624 0.010 0.012 0.061 0.016 0.013 0.007 0.012 
121 24.0721.E1    (0)    6 :  0.221 0.015 0.006 0.080 0.071 0.017 0.009 0.320 0.170 0.011 0.064 0.016 
122 24.0722.E1    (0)    6 :  0.399 0.017 0.005 0.007 0.075 0.055 0.076 0.127 0.107 0.015 0.105 0.010 
123 24.0723.E1    (0)    6 :  0.282 0.012 0.005 0.159 0.009 0.009 0.123 0.029 0.059 0.020 0.277 0.017 
124 24.0724.E1    (0)    6 :  0.050 0.019 0.010 0.025 0.341 0.011 0.031 0.045 0.100 0.107 0.214 0.046 
125 24.0725.E1    (0)    6 :  0.007 0.010 0.005 0.013 0.010 0.006 0.007 0.030 0.031 0.867 0.006 0.006 
126 24.0726.E1    (6)    6 :  0.068 0.015 0.006 0.005 0.056 0.006 0.007 0.011 0.497 0.307 0.016 0.007 
127 24.0727.E1    (0)    6 :  0.440 0.026 0.005 0.047 0.027 0.058 0.020 0.040 0.062 0.208 0.056 0.013 
128 24.0728.E1    (0)    6 :  0.162 0.130 0.005 0.031 0.016 0.012 0.030 0.151 0.047 0.375 0.029 0.012 
129 24.0729.E1    (0)    6 :  0.037 0.019 0.031 0.005 0.092 0.031 0.011 0.010 0.222 0.508 0.010 0.024 
130 24.0730.E1    (0)    6 :  0.013 0.072 0.012 0.010 0.034 0.016 0.007 0.668 0.085 0.039 0.032 0.012 
131 24.0731.E1    (0)    6 :  0.051 0.009 0.005 0.020 0.187 0.004 0.011 0.010 0.591 0.093 0.012 0.007 
132 24.0732.E1    (0)    6 :  0.517 0.013 0.007 0.022 0.124 0.011 0.009 0.068 0.155 0.066 0.005 0.004 
133 24.0733.E1    (0)    6 :  0.019 0.005 0.004 0.003 0.008 0.003 0.006 0.004 0.026 0.911 0.004 0.006 
134 24.0734.E1    (0)    6 :  0.708 0.021 0.004 0.010 0.009 0.007 0.009 0.104 0.063 0.026 0.033 0.007 
135 24.0735.E1    (0)    6 :  0.143 0.022 0.005 0.008 0.020 0.011 0.046 0.085 0.119 0.512 0.009 0.021 
136 24.0736.E1    (0)    6 :  0.033 0.006 0.005 0.006 0.007 0.004 0.007 0.014 0.045 0.860 0.005 0.006 
137 24.0737.E1    (0)    6 :  0.007 0.030 0.005 0.009 0.013 0.008 0.026 0.011 0.071 0.756 0.057 0.007 
138 24.0738.E1    (0)    6 :  0.026 0.014 0.008 0.008 0.008 0.009 0.010 0.016 0.122 0.765 0.009 0.005 
139 24.0739.E1    (0)    6 :  0.005 0.037 0.004 0.007 0.011 0.006 0.017 0.012 0.052 0.835 0.007 0.007 
140 24.0740.E1    (0)    6 :  0.009 0.023 0.085 0.006 0.166 0.009 0.024 0.007 0.167 0.482 0.005 0.018 
141 24.0741.E1    (0)    6 :  0.237 0.038 0.006 0.009 0.158 0.006 0.015 0.044 0.166 0.304 0.008 0.009 
142 24.0742.E1    (0)    6 :  0.664 0.011 0.007 0.008 0.029 0.008 0.010 0.013 0.078 0.150 0.016 0.006 
143 24.0743.E1    (0)    6 :  0.021 0.009 0.050 0.010 0.387 0.023 0.005 0.018 0.129 0.317 0.018 0.012 
144 24.0744.E1    (0)    6 :  0.104 0.021 0.039 0.018 0.106 0.296 0.010 0.014 0.121 0.233 0.015 0.022 
145 24.0745.E1    (0)    7 :  0.874 0.009 0.014 0.014 0.015 0.020 0.004 0.015 0.018 0.004 0.005 0.007 
146 24.0746.E1    (0)    7 :  0.595 0.022 0.079 0.007 0.046 0.007 0.074 0.038 0.016 0.052 0.055 0.010 
147 24.0747.E1    (0)    7 :  0.676 0.023 0.054 0.009 0.130 0.012 0.009 0.007 0.025 0.023 0.004 0.028 
148 24.0748.E1    (6)    7 :  0.604 0.021 0.067 0.018 0.155 0.012 0.008 0.009 0.035 0.025 0.005 0.041 
149 24.0749.E1    (0)    7 :  0.685 0.006 0.005 0.004 0.008 0.006 0.007 0.016 0.017 0.230 0.009 0.006 
150 24.0750.E1    (0)    7 :  0.171 0.020 0.019 0.009 0.082 0.012 0.009 0.102 0.403 0.139 0.021 0.012 
151 24.0751.E1    (0)    7 :  0.946 0.004 0.005 0.005 0.004 0.004 0.006 0.005 0.006 0.007 0.004 0.004 
152 24.0752.E1    (0)    7 :  0.864 0.005 0.009 0.010 0.007 0.004 0.006 0.039 0.009 0.037 0.005 0.006 
153 24.0753.E1    (0)    7 :  0.501 0.009 0.010 0.025 0.012 0.009 0.188 0.007 0.012 0.215 0.009 0.004 
154 24.0754.E1    (0)    7 :  0.856 0.008 0.005 0.009 0.028 0.006 0.015 0.008 0.028 0.028 0.004 0.006 
155 24.0755.E1    (0)    7 :  0.705 0.023 0.041 0.005 0.116 0.006 0.018 0.023 0.012 0.012 0.005 0.032 
156 24.0756.E1    (0)    7 :  0.920 0.004 0.005 0.005 0.007 0.004 0.008 0.005 0.009 0.012 0.007 0.014 
157 24.0757.E1    (0)    7 :  0.961 0.003 0.004 0.003 0.004 0.004 0.004 0.005 0.004 0.003 0.003 0.003 
158 24.0758.E1    (0)    7 :  0.959 0.003 0.004 0.003 0.004 0.004 0.004 0.005 0.004 0.004 0.003 0.003 
159 24.0759.E1    (0)    7 :  0.897 0.008 0.007 0.013 0.007 0.010 0.006 0.009 0.015 0.019 0.005 0.005 
160 24.0760.E1    (0)    7 :  0.588 0.029 0.005 0.007 0.029 0.007 0.276 0.027 0.010 0.009 0.008 0.006 
161 24.0761.E1    (0)    7 :  0.945 0.005 0.003 0.005 0.005 0.003 0.009 0.004 0.005 0.006 0.005 0.005 
162 24.0762.E1    (0)    7 :  0.064 0.059 0.020 0.007 0.037 0.159 0.008 0.067 0.252 0.185 0.009 0.132 
163 24.0763.E1    (0)    7 :  0.934 0.005 0.005 0.006 0.017 0.003 0.004 0.005 0.007 0.007 0.004 0.004 
164 24.0764.E1    (0)    7 :  0.933 0.006 0.004 0.004 0.004 0.004 0.008 0.009 0.008 0.011 0.004 0.005 
165 24.0765.E1    (0)    7 :  0.867 0.006 0.006 0.010 0.023 0.004 0.020 0.009 0.018 0.006 0.020 0.010 
166 24.0766.E1    (0)    7 :  0.925 0.006 0.005 0.009 0.010 0.005 0.006 0.008 0.007 0.009 0.005 0.004 
167 24.0767.E1    (0)    7 :  0.954 0.004 0.003 0.004 0.008 0.003 0.004 0.004 0.005 0.004 0.004 0.004 
168 24.0768.E1    (0)    7 :  0.115 0.014 0.112 0.008 0.101 0.007 0.005 0.056 0.423 0.124 0.010 0.026 
169 24.0779.E1    (0)    8 :  0.038 0.790 0.015 0.008 0.036 0.009 0.005 0.035 0.013 0.013 0.031 0.007 
170 24.0780.E1    (6)    8 :  0.004 0.541 0.008 0.034 0.021 0.008 0.006 0.156 0.073 0.007 0.019 0.121 
171 24.0781.E1    (0)    8 :  0.005 0.632 0.004 0.006 0.006 0.005 0.005 0.173 0.143 0.004 0.008 0.009 
172 24.0782.E1    (0)    8 :  0.018 0.031 0.008 0.029 0.161 0.007 0.037 0.260 0.330 0.058 0.038 0.024 
173 24.0783.E1    (0)    8 :  0.005 0.023 0.005 0.011 0.012 0.017 0.007 0.139 0.438 0.007 0.008 0.327 
174 24.0784.E1    (0)    8 :  0.004 0.811 0.014 0.007 0.029 0.004 0.005 0.056 0.014 0.007 0.036 0.015 
175 24.0785.E1    (0)    8 :  0.004 0.779 0.011 0.030 0.007 0.009 0.004 0.085 0.016 0.008 0.025 0.022 
176 24.0786.E1    (0)    8 :  0.009 0.603 0.025 0.018 0.094 0.008 0.008 0.070 0.048 0.018 0.008 0.091 
177 24.0787.E1    (0)    8 :  0.018 0.776 0.008 0.008 0.018 0.006 0.055 0.054 0.020 0.014 0.011 0.012 
178 24.0788.E1    (0)    8 :  0.004 0.880 0.009 0.007 0.014 0.005 0.012 0.006 0.006 0.004 0.007 0.045 
179 24.0789.E1    (0)    8 :  0.006 0.738 0.015 0.011 0.009 0.005 0.022 0.066 0.011 0.052 0.036 0.031 
180 24.0790.E1    (0)    8 :  0.003 0.933 0.006 0.009 0.004 0.005 0.005 0.007 0.007 0.004 0.009 0.008 
181 24.0791.E1    (0)    8 :  0.008 0.203 0.039 0.015 0.008 0.048 0.005 0.072 0.521 0.067 0.005 0.010 
182 24.0792.E1    (0)    8 :  0.017 0.490 0.005 0.285 0.030 0.017 0.004 0.015 0.115 0.008 0.007 0.007 
183 24.0793.E1    (0)    9 :  0.005 0.007 0.016 0.014 0.006 0.005 0.027 0.489 0.006 0.021 0.381 0.022 
184 24.0794.E1    (0)    9 :  0.007 0.034 0.006 0.174 0.006 0.005 0.005 0.017 0.013 0.550 0.154 0.029 
185 24.0795.E1    (0)    9 :  0.011 0.008 0.007 0.008 0.023 0.005 0.015 0.016 0.023 0.126 0.744 0.015 
186 24.0796.E1    (0)    9 :  0.005 0.129 0.032 0.165 0.007 0.005 0.009 0.068 0.012 0.113 0.108 0.349 
187 24.0797.E1    (0)    9 :  0.003 0.037 0.008 0.019 0.006 0.005 0.007 0.231 0.010 0.016 0.609 0.049 
188 24.0798.E1    (0)    9 :  0.019 0.020 0.024 0.073 0.027 0.330 0.018 0.023 0.014 0.010 0.436 0.008 
189 24.0799.E1    (0)    9 :  0.005 0.004 0.934 0.004 0.005 0.005 0.006 0.013 0.005 0.007 0.004 0.007 
190 24.0800.E1    (0)    9 :  0.004 0.005 0.936 0.006 0.007 0.004 0.004 0.010 0.005 0.007 0.004 0.009 
191 24.0801.E1    (0)    9 :  0.004 0.008 0.755 0.008 0.011 0.183 0.005 0.006 0.007 0.004 0.005 0.004 
192 24.0802.E1    (0)    9 :  0.004 0.006 0.008 0.006 0.005 0.006 0.017 0.009 0.008 0.005 0.915 0.011 
193 24.0803.E1    (0)    9 :  0.006 0.007 0.471 0.008 0.007 0.017 0.009 0.049 0.011 0.013 0.393 0.008 
194 24.0804.E1    (0)    9 :  0.003 0.010 0.039 0.009 0.013 0.004 0.013 0.009 0.005 0.010 0.778 0.106 
195 24.0805.E1    (0)    9 :  0.006 0.009 0.916 0.005 0.018 0.004 0.004 0.006 0.010 0.006 0.011 0.005 
196 24.0806.E1    (0)    9 :  0.006 0.007 0.053 0.009 0.006 0.007 0.053 0.007 0.006 0.008 0.832 0.005 
197 24.0807.E1    (0)    9 :  0.003 0.013 0.010 0.023 0.007 0.009 0.008 0.009 0.013 0.006 0.879 0.019 
198 24.0808.E1    (0)    9 :  0.005 0.213 0.643 0.009 0.040 0.004 0.018 0.010 0.008 0.010 0.024 0.016 
199 24.0809.E1    (0)    9 :  0.005 0.004 0.948 0.004 0.008 0.004 0.003 0.004 0.005 0.006 0.004 0.005 
200 24.0810.E1    (0)    9 :  0.008 0.010 0.764 0.023 0.073 0.005 0.010 0.009 0.006 0.006 0.078 0.007 
201 24.0811.E1    (0)    9 :  0.004 0.016 0.004 0.053 0.007 0.003 0.013 0.006 0.007 0.013 0.860 0.014 
202 24.0812.E1    (0)    9 :  0.006 0.062 0.116 0.007 0.035 0.008 0.007 0.024 0.014 0.030 0.415 0.274 
203 24.0813.E1    (0)    9 :  0.005 0.071 0.216 0.008 0.073 0.004 0.013 0.011 0.018 0.006 0.555 0.019 
204 24.0814.E1    (6)    9 :  0.004 0.015 0.614 0.030 0.014 0.009 0.013 0.005 0.008 0.009 0.163 0.118 
205 24.0815.E1    (0)    9 :  0.005 0.006 0.577 0.009 0.005 0.010 0.109 0.006 0.006 0.004 0.253 0.010 
206 24.0816.E1    (0)    9 :  0.006 0.014 0.019 0.025 0.004 0.027 0.015 0.029 0.007 0.007 0.837 0.011 
207 24.0817.E1    (0)   10 :  0.005 0.016 0.049 0.066 0.010 0.008 0.005 0.018 0.020 0.018 0.072 0.712 
208 24.0818.E1    (0)   10 :  0.008 0.030 0.009 0.014 0.005 0.005 0.011 0.106 0.017 0.032 0.015 0.747 
209 24.0819.E1    (0)   10 :  0.102 0.010 0.408 0.304 0.009 0.071 0.015 0.016 0.021 0.014 0.010 0.020 
210 24.0820.E1    (0)   10 :  0.077 0.010 0.027 0.806 0.005 0.011 0.007 0.006 0.006 0.006 0.005 0.035 
211 24.0821.E1    (0)   10 :  0.006 0.444 0.022 0.101 0.012 0.211 0.008 0.011 0.010 0.011 0.032 0.130 
212 24.0822.E1    (0)   10 :  0.019 0.034 0.013 0.010 0.008 0.008 0.004 0.013 0.005 0.006 0.005 0.876 
213 24.0823.E1    (0)   10 :  0.042 0.008 0.030 0.496 0.009 0.012 0.008 0.005 0.005 0.007 0.004 0.373 
214 24.0824.E1    (0)   10 :  0.009 0.007 0.027 0.014 0.045 0.425 0.005 0.007 0.007 0.006 0.007 0.441 
215 24.0825.E1    (0)   10 :  0.005 0.004 0.006 0.005 0.008 0.005 0.004 0.005 0.005 0.004 0.005 0.944 
216 24.0826.E1    (0)   10 :  0.034 0.022 0.014 0.786 0.010 0.017 0.009 0.021 0.013 0.006 0.012 0.055 
217 24.0827.E1    (0)   10 :  0.003 0.010 0.007 0.121 0.009 0.007 0.007 0.038 0.010 0.041 0.026 0.722 
218 24.0828.E1    (0)   10 :  0.019 0.041 0.019 0.569 0.015 0.100 0.009 0.017 0.013 0.011 0.065 0.121 
219 24.0829.E1    (0)   10 :  0.011 0.016 0.080 0.020 0.023 0.015 0.007 0.005 0.008 0.006 0.188 0.621 
220 24.0830.E1    (0)   10 :  0.004 0.007 0.004 0.015 0.005 0.005 0.003 0.022 0.102 0.005 0.022 0.805 
221 24.0831.E1    (0)   10 :  0.003 0.015 0.006 0.017 0.007 0.007 0.004 0.057 0.193 0.005 0.014 0.671 
222 24.0832.E1    (0)   10 :  0.003 0.006 0.004 0.014 0.007 0.003 0.003 0.008 0.004 0.010 0.006 0.932 
223 24.0833.E1    (0)   10 :  0.004 0.004 0.004 0.007 0.006 0.004 0.003 0.004 0.004 0.004 0.005 0.952 
224 24.0834.E1    (0)   10 :  0.008 0.005 0.009 0.009 0.006 0.006 0.007 0.005 0.008 0.007 0.007 0.925 
225 24.0835.E1    (0)   10 :  0.004 0.006 0.031 0.007 0.006 0.009 0.006 0.015 0.007 0.013 0.006 0.891 
226 24.0836.E1    (0)   10 :  0.009 0.008 0.015 0.007 0.018 0.014 0.004 0.008 0.009 0.009 0.007 0.892 
227 24.0837.E1    (0)   10 :  0.005 0.010 0.009 0.007 0.007 0.006 0.004 0.006 0.006 0.006 0.006 0.929 
228 24.0838.E1    (0)   10 :  0.006 0.009 0.004 0.011 0.010 0.005 0.003 0.015 0.007 0.004 0.011 0.914 
229 24.0839.E1    (0)   10 :  0.020 0.067 0.024 0.034 0.044 0.023 0.027 0.048 0.073 0.047 0.240 0.353 
230 24.0840.E1    (0)   10 :  0.004 0.011 0.011 0.058 0.007 0.011 0.014 0.007 0.006 0.010 0.358 0.504 
231 24.0841.E1    (0)   11 :  0.008 0.016 0.005 0.090 0.017 0.003 0.003 0.018 0.008 0.005 0.816 0.011 
232 24.0842.E1    (0)   11 :  0.006 0.012 0.013 0.076 0.008 0.168 0.003 0.011 0.006 0.007 0.677 0.013 
233 24.0843.E1    (0)   11 :  0.018 0.013 0.017 0.460 0.007 0.214 0.005 0.012 0.008 0.005 0.223 0.018 
234 24.0844.E1    (0)   11 :  0.007 0.019 0.088 0.020 0.011 0.307 0.005 0.032 0.068 0.032 0.109 0.302 
235 24.0845.E1    (0)   11 :  0.004 0.037 0.005 0.028 0.013 0.020 0.005 0.079 0.057 0.010 0.071 0.672 
236 24.0846.E1    (0)   11 :  0.010 0.008 0.016 0.009 0.009 0.010 0.009 0.012 0.012 0.012 0.027 0.866 
237 24.0847.E1    (0)   11 :  0.011 0.008 0.051 0.014 0.098 0.019 0.007 0.014 0.018 0.031 0.012 0.717 
238 24.0848.E1    (0)   11 :  0.004 0.034 0.051 0.011 0.024 0.016 0.004 0.054 0.024 0.013 0.023 0.740 
239 24.0849.E1    (0)   11 :  0.004 0.004 0.008 0.946 0.003 0.004 0.003 0.005 0.004 0.006 0.005 0.006 
240 24.0850.E1    (0)   11 :  0.004 0.004 0.008 0.946 0.003 0.004 0.003 0.005 0.004 0.006 0.005 0.006 
241 24.0851.E1    (0)   11 :  0.004 0.004 0.008 0.946 0.004 0.004 0.003 0.005 0.005 0.006 0.006 0.006 
242 24.0852.E1    (0)   11 :  0.014 0.033 0.007 0.672 0.006 0.006 0.004 0.051 0.056 0.011 0.037 0.103 
243 24.0853.E1    (0)   11 :  0.009 0.007 0.011 0.534 0.016 0.004 0.006 0.006 0.006 0.005 0.021 0.376 
244 24.0854.E1    (0)   11 :  0.009 0.011 0.017 0.302 0.008 0.575 0.005 0.008 0.013 0.014 0.014 0.023 
245 24.0855.E1    (0)   11 :  0.009 0.022 0.039 0.053 0.034 0.013 0.006 0.009 0.006 0.006 0.121 0.683 
246 24.0856.E1    (0)   11 :  0.051 0.016 0.006 0.014 0.008 0.284 0.039 0.056 0.010 0.054 0.442 0.019 
247 24.0857.E1    (0)   11 :  0.008 0.015 0.508 0.017 0.018 0.009 0.009 0.035 0.010 0.021 0.015 0.334 
248 24.0858.E1    (0)   11 :  0.014 0.042 0.077 0.069 0.012 0.032 0.005 0.104 0.022 0.015 0.027 0.581 
249 24.0859.E1    (0)   11 :  0.018 0.008 0.033 0.835 0.006 0.008 0.009 0.035 0.010 0.010 0.014 0.012 
250 24.0860.E1    (0)   11 :  0.023 0.013 0.300 0.043 0.007 0.020 0.025 0.422 0.013 0.018 0.079 0.039 
251 24.0861.E1    (0)   11 :  0.004 0.006 0.007 0.912 0.004 0.004 0.003 0.016 0.005 0.006 0.015 0.017 
252 24.0862.E1    (0)   11 :  0.007 0.018 0.192 0.018 0.008 0.010 0.017 0.019 0.018 0.034 0.641 0.019 
253 24.0863.E1    (0)   11 :  0.004 0.006 0.007 0.912 0.004 0.004 0.003 0.016 0.005 0.006 0.016 0.017 
254 24.0864.E1    (0)   11 :  0.006 0.153 0.022 0.059 0.196 0.013 0.009 0.013 0.283 0.094 0.013 0.138 
255 24.0865.E1    (0)   12 :  0.039 0.028 0.009 0.766 0.042 0.005 0.017 0.013 0.020 0.040 0.010 0.011 
256 24.0866.E1    (0)   12 :  0.027 0.028 0.596 0.013 0.107 0.013 0.006 0.125 0.016 0.014 0.015 0.040 
257 24.0867.E1    (0)   12 :  0.141 0.011 0.132 0.156 0.467 0.011 0.020 0.011 0.012 0.010 0.008 0.021 
258 24.0868.E1    (0)   12 :  0.022 0.543 0.033 0.008 0.203 0.015 0.025 0.025 0.046 0.011 0.009 0.060 
259 24.0869.E1    (0)   12 :  0.006 0.031 0.088 0.011 0.460 0.005 0.046 0.045 0.168 0.008 0.010 0.121 
260 24.0870.E1    (0)   12 :  0.027 0.239 0.018 0.009 0.124 0.013 0.099 0.069 0.141 0.111 0.023 0.127 
261 24.0871.E1    (0)   12 :  0.007 0.047 0.006 0.040 0.104 0.015 0.028 0.086 0.555 0.040 0.058 0.015 
262 24.0872.E1    (0)   12 :  0.094 0.031 0.064 0.315 0.029 0.013 0.006 0.075 0.348 0.012 0.007 0.006 
263 24.0873.E1    (0)   12 :  0.011 0.034 0.264 0.052 0.536 0.013 0.011 0.010 0.033 0.014 0.009 0.012 
264 24.0874.E1    (0)   12 :  0.229 0.014 0.369 0.167 0.124 0.012 0.007 0.010 0.014 0.008 0.009 0.035 
265 24.0875.E1    (0)   12 :  0.009 0.034 0.043 0.007 0.012 0.015 0.007 0.154 0.689 0.018 0.004 0.007 
266 24.0876.E1    (0)   12 :  0.018 0.020 0.022 0.005 0.035 0.009 0.006 0.119 0.699 0.058 0.004 0.004 
267 24.0877.E1    (0)   12 :  0.039 0.011 0.058 0.006 0.013 0.010 0.006 0.054 0.189 0.605 0.005 0.004 
268 24.0878.E1    (0)   12 :  0.010 0.052 0.010 0.006 0.055 0.028 0.008 0.004 0.237 0.530 0.010 0.049 
269 24.0879.E1    (0)   12 :  0.005 0.013 0.005 0.007 0.012 0.204 0.009 0.007 0.172 0.552 0.007 0.007 
270 24.0880.E1    (0)   12 :  0.014 0.113 0.017 0.018 0.148 0.079 0.014 0.013 0.049 0.023 0.008 0.504 
271 24.0881.E1    (0)   12 :  0.008 0.005 0.006 0.006 0.007 0.007 0.011 0.010 0.145 0.786 0.004 0.004 
272 24.0882.E1    (0)   12 :  0.575 0.008 0.018 0.013 0.014 0.008 0.007 0.056 0.096 0.193 0.004 0.006 
273 24.0883.E1    (0)   12 :  0.225 0.012 0.007 0.046 0.073 0.216 0.010 0.006 0.162 0.233 0.005 0.007 
274 24.0884.E1    (0)   12 :  0.029 0.007 0.005 0.010 0.007 0.012 0.007 0.013 0.227 0.673 0.006 0.004 
275 24.0885.E1    (0)   12 :  0.006 0.054 0.016 0.006 0.076 0.055 0.012 0.009 0.250 0.498 0.005 0.011 
276 24.0886.E1    (0)   12 :  0.217 0.017 0.016 0.033 0.060 0.109 0.004 0.011 0.319 0.203 0.007 0.004 
277 24.0887.E1    (0)   12 :  0.662 0.006 0.006 0.009 0.024 0.166 0.010 0.007 0.063 0.037 0.006 0.005 
278 24.0888.E1    (0)   12 :  0.005 0.863 0.019 0.007 0.008 0.010 0.007 0.016 0.036 0.015 0.009 0.006 


Estimated Allele Frequencies in each cluster
First column gives estimated ancestral frequencies


Locus 1 : 
31 alleles
0.0% missing data
 115   (0.035) 0.003 0.009 0.005 0.004 0.166 0.008 0.003 0.008 0.096 0.124 0.018 0.004 
 117   (0.046) 0.197 0.011 0.106 0.003 0.039 0.012 0.004 0.012 0.085 0.188 0.022 0.005 
 119   (0.040) 0.328 0.010 0.005 0.004 0.013 0.007 0.298 0.007 0.067 0.275 0.006 0.005 
 131   (0.015) 0.003 0.004 0.002 0.001 0.003 0.003 0.001 0.002 0.006 0.055 0.003 0.001 
 128   (0.035) 0.003 0.026 0.008 0.005 0.020 0.008 0.003 0.019 0.090 0.037 0.008 0.026 
 135   (0.020) 0.008 0.005 0.003 0.002 0.007 0.004 0.002 0.005 0.025 0.044 0.007 0.003 
 126   (0.078) 0.081 0.075 0.161 0.054 0.035 0.030 0.011 0.050 0.109 0.074 0.030 0.270 
 122   (0.030) 0.002 0.009 0.007 0.003 0.005 0.006 0.097 0.089 0.013 0.010 0.147 0.003 
 132   (0.033) 0.013 0.030 0.041 0.006 0.013 0.013 0.003 0.011 0.032 0.005 0.034 0.022 
 141   (0.009) 0.001 0.003 0.001 0.001 0.001 0.001 0.002 0.001 0.002 0.010 0.002 0.001 
 130   (0.049) 0.007 0.093 0.008 0.024 0.093 0.158 0.012 0.037 0.048 0.006 0.035 0.013 
 134   (0.038) 0.003 0.046 0.020 0.081 0.040 0.005 0.139 0.006 0.008 0.005 0.026 0.006 
 145   (0.019) 0.007 0.012 0.002 0.108 0.005 0.009 0.008 0.003 0.005 0.003 0.002 0.002 
 127   (0.026) 0.162 0.006 0.003 0.003 0.007 0.007 0.053 0.004 0.015 0.030 0.004 0.002 
 116   (0.109) 0.009 0.251 0.115 0.286 0.218 0.061 0.173 0.196 0.092 0.015 0.201 0.133 
 114   (0.057) 0.005 0.044 0.075 0.199 0.030 0.028 0.050 0.028 0.014 0.008 0.220 0.109 
 120   (0.038) 0.002 0.074 0.005 0.003 0.017 0.148 0.090 0.019 0.034 0.009 0.006 0.004 
 110   (0.043) 0.013 0.013 0.006 0.012 0.051 0.102 0.014 0.076 0.038 0.009 0.027 0.095 
 133   (0.014) 0.012 0.003 0.007 0.001 0.003 0.002 0.008 0.003 0.011 0.002 0.003 0.001 
 118   (0.112) 0.018 0.200 0.391 0.183 0.177 0.333 0.011 0.398 0.138 0.015 0.152 0.168 
 125   (0.014) 0.001 0.006 0.003 0.003 0.002 0.005 0.001 0.002 0.003 0.003 0.016 0.011 
 129   (0.021) 0.006 0.012 0.003 0.002 0.004 0.022 0.002 0.004 0.019 0.041 0.003 0.002 
 124   (0.016) 0.002 0.015 0.003 0.004 0.003 0.014 0.002 0.005 0.015 0.010 0.002 0.002 
 136   (0.019) 0.001 0.008 0.003 0.002 0.036 0.003 0.002 0.003 0.010 0.003 0.004 0.088 
 121   (0.014) 0.069 0.003 0.002 0.001 0.002 0.002 0.001 0.002 0.010 0.004 0.002 0.001 
 139   (0.011) 0.001 0.003 0.001 0.001 0.002 0.001 0.001 0.001 0.003 0.011 0.001 0.001 
 113   (0.010) 0.015 0.002 0.001 0.001 0.001 0.001 0.001 0.001 0.002 0.001 0.001 0.001 
 111   (0.011) 0.013 0.003 0.001 0.001 0.002 0.002 0.001 0.001 0.003 0.002 0.001 0.001 
 143   (0.012) 0.015 0.003 0.001 0.001 0.002 0.002 0.001 0.001 0.002 0.001 0.002 0.001 
 140   (0.015) 0.001 0.019 0.008 0.001 0.003 0.002 0.001 0.002 0.003 0.002 0.013 0.001 
 112   (0.009) 0.001 0.002 0.001 0.001 0.001 0.001 0.001 0.001 0.002 0.001 0.001 0.015 

Locus 2 : 
18 alleles
0.0% missing data
 152   (0.373) 0.802 0.167 0.444 0.321 0.452 0.315 0.379 0.613 0.581 0.657 0.574 0.156 
 148   (0.071) 0.018 0.020 0.009 0.007 0.206 0.029 0.236 0.051 0.128 0.129 0.014 0.008 
 154   (0.106) 0.030 0.057 0.019 0.019 0.221 0.034 0.264 0.110 0.084 0.042 0.118 0.282 
 156   (0.016) 0.001 0.006 0.002 0.002 0.003 0.005 0.001 0.002 0.003 0.014 0.014 0.002 
 150   (0.023) 0.052 0.006 0.002 0.002 0.003 0.005 0.069 0.003 0.004 0.009 0.003 0.002 
 164   (0.084) 0.010 0.138 0.029 0.096 0.032 0.017 0.009 0.126 0.041 0.070 0.107 0.042 
 158   (0.031) 0.007 0.008 0.011 0.009 0.014 0.208 0.011 0.007 0.019 0.008 0.009 0.004 
 160   (0.020) 0.016 0.020 0.002 0.002 0.013 0.004 0.003 0.003 0.005 0.003 0.003 0.002 
 166   (0.021) 0.001 0.007 0.029 0.002 0.004 0.003 0.004 0.023 0.023 0.003 0.016 0.002 
 151   (0.070) 0.004 0.295 0.009 0.294 0.010 0.263 0.006 0.022 0.036 0.009 0.036 0.473 
 147   (0.061) 0.004 0.182 0.420 0.192 0.013 0.063 0.005 0.011 0.020 0.008 0.055 0.015 
 168   (0.024) 0.002 0.023 0.010 0.028 0.004 0.005 0.002 0.005 0.017 0.004 0.004 0.002 
 153   (0.015) 0.001 0.019 0.002 0.016 0.002 0.002 0.001 0.003 0.003 0.002 0.003 0.001 
 149   (0.027) 0.012 0.008 0.004 0.002 0.016 0.040 0.002 0.007 0.023 0.003 0.003 0.002 
 162   (0.020) 0.003 0.009 0.003 0.006 0.003 0.003 0.002 0.006 0.005 0.008 0.034 0.002 
 167   (0.015) 0.001 0.003 0.001 0.001 0.002 0.002 0.001 0.002 0.003 0.027 0.002 0.001 
 146   (0.012) 0.033 0.003 0.001 0.001 0.001 0.001 0.001 0.001 0.002 0.001 0.001 0.001 
 172   (0.012) 0.001 0.028 0.001 0.001 0.002 0.001 0.001 0.005 0.003 0.001 0.002 0.001 

Locus 3 : 
4 alleles
0.0% missing data
 128   (0.298) 0.467 0.266 0.384 0.357 0.285 0.227 0.326 0.154 0.339 0.208 0.157 0.442 
 126   (0.608) 0.526 0.690 0.587 0.472 0.698 0.578 0.612 0.808 0.612 0.707 0.790 0.515 
 132   (0.080) 0.006 0.041 0.028 0.171 0.015 0.154 0.055 0.028 0.046 0.083 0.051 0.042 
 134   (0.014) 0.001 0.003 0.001 0.001 0.002 0.042 0.006 0.010 0.002 0.002 0.002 0.001 

Locus 4 : 
3 alleles
0.0% missing data
 170   (0.316) 0.304 0.368 0.110 0.113 0.129 0.155 0.420 0.460 0.292 0.336 0.411 0.458 
 172   (0.672) 0.694 0.628 0.888 0.884 0.868 0.844 0.570 0.539 0.705 0.662 0.587 0.539 
 171   (0.013) 0.002 0.004 0.002 0.003 0.003 0.002 0.010 0.002 0.003 0.002 0.002 0.003 

Locus 5 : 
37 alleles
0.0% missing data
 125   (0.053) 0.044 0.020 0.017 0.145 0.020 0.169 0.059 0.017 0.046 0.072 0.014 0.078 
 110   (0.034) 0.015 0.010 0.021 0.023 0.006 0.029 0.043 0.007 0.034 0.049 0.024 0.095 
 129   (0.038) 0.003 0.092 0.007 0.024 0.006 0.009 0.004 0.106 0.017 0.051 0.062 0.008 
 113   (0.032) 0.002 0.118 0.013 0.005 0.010 0.006 0.004 0.076 0.011 0.012 0.129 0.009 
 145   (0.052) 0.074 0.025 0.011 0.092 0.145 0.085 0.006 0.026 0.146 0.216 0.011 0.013 
 155   (0.052) 0.013 0.021 0.016 0.006 0.022 0.016 0.184 0.078 0.057 0.154 0.112 0.059 
 117   (0.031) 0.026 0.022 0.010 0.005 0.165 0.006 0.004 0.010 0.023 0.021 0.021 0.004 
 124   (0.009) 0.001 0.002 0.001 0.001 0.001 0.001 0.001 0.002 0.003 0.025 0.001 0.001 
 133   (0.034) 0.082 0.068 0.010 0.007 0.009 0.008 0.003 0.023 0.058 0.046 0.005 0.003 
 157   (0.045) 0.021 0.067 0.028 0.004 0.042 0.095 0.021 0.276 0.051 0.008 0.027 0.052 
 141   (0.015) 0.001 0.033 0.003 0.001 0.008 0.002 0.001 0.010 0.016 0.004 0.002 0.005 
 112   (0.073) 0.165 0.040 0.023 0.166 0.121 0.016 0.199 0.123 0.035 0.068 0.048 0.160 
 121   (0.019) 0.002 0.017 0.033 0.012 0.003 0.006 0.007 0.004 0.008 0.004 0.078 0.003 
 114   (0.040) 0.185 0.010 0.040 0.004 0.162 0.007 0.017 0.009 0.044 0.043 0.005 0.083 
 153   (0.051) 0.004 0.024 0.351 0.075 0.015 0.254 0.007 0.019 0.096 0.044 0.017 0.085 
 127   (0.073) 0.068 0.129 0.014 0.217 0.085 0.032 0.017 0.060 0.061 0.072 0.161 0.099 
 131   (0.059) 0.185 0.018 0.201 0.082 0.020 0.153 0.234 0.025 0.040 0.047 0.026 0.034 
 135   (0.030) 0.003 0.014 0.110 0.075 0.006 0.013 0.008 0.023 0.080 0.005 0.005 0.014 
 104   (0.010) 0.002 0.003 0.002 0.003 0.003 0.001 0.010 0.001 0.002 0.002 0.001 0.002 
 118   (0.016) 0.002 0.013 0.002 0.001 0.008 0.012 0.017 0.004 0.013 0.015 0.002 0.002 
 116   (0.026) 0.004 0.008 0.003 0.003 0.014 0.016 0.019 0.008 0.047 0.005 0.077 0.012 
 137   (0.022) 0.005 0.009 0.007 0.002 0.006 0.011 0.112 0.014 0.013 0.004 0.084 0.002 
 123   (0.022) 0.002 0.006 0.016 0.017 0.004 0.006 0.005 0.006 0.028 0.004 0.023 0.094 
 149   (0.009) 0.001 0.005 0.001 0.002 0.003 0.001 0.001 0.001 0.008 0.001 0.004 0.002 
 138   (0.011) 0.001 0.073 0.001 0.006 0.001 0.002 0.001 0.002 0.002 0.001 0.001 0.001 
 143   (0.023) 0.080 0.029 0.003 0.009 0.003 0.020 0.002 0.021 0.004 0.003 0.007 0.056 
 163   (0.010) 0.001 0.005 0.001 0.001 0.003 0.001 0.003 0.004 0.003 0.002 0.006 0.001 
 109   (0.007) 0.000 0.001 0.001 0.000 0.039 0.001 0.001 0.001 0.002 0.001 0.001 0.001 
 139   (0.011) 0.001 0.003 0.001 0.001 0.001 0.002 0.001 0.012 0.008 0.001 0.001 0.001 
 106   (0.009) 0.001 0.009 0.002 0.001 0.002 0.001 0.001 0.004 0.005 0.001 0.002 0.001 
 144   (0.015) 0.001 0.005 0.040 0.001 0.042 0.002 0.001 0.004 0.008 0.002 0.002 0.002 
 122   (0.010) 0.002 0.003 0.002 0.001 0.012 0.002 0.001 0.002 0.007 0.011 0.001 0.001 
 100   (0.017) 0.001 0.030 0.002 0.004 0.003 0.006 0.002 0.017 0.011 0.003 0.035 0.004 
 111   (0.011) 0.001 0.045 0.001 0.002 0.001 0.001 0.001 0.001 0.003 0.001 0.001 0.001 
 233   (0.009) 0.001 0.010 0.001 0.002 0.001 0.007 0.001 0.001 0.002 0.001 0.002 0.002 
 134   (0.011) 0.001 0.003 0.001 0.001 0.001 0.002 0.001 0.002 0.006 0.001 0.001 0.011 
 140   (0.009) 0.001 0.011 0.002 0.001 0.004 0.001 0.001 0.001 0.002 0.001 0.001 0.001 

Locus 6 : 
17 alleles
0.0% missing data
 221   (0.024) 0.089 0.005 0.003 0.002 0.003 0.003 0.002 0.003 0.018 0.151 0.003 0.002 
 232   (0.244) 0.436 0.287 0.099 0.777 0.272 0.283 0.082 0.288 0.291 0.172 0.441 0.262 
 229   (0.055) 0.060 0.013 0.024 0.018 0.016 0.016 0.058 0.012 0.070 0.098 0.010 0.099 
 223   (0.059) 0.006 0.022 0.013 0.007 0.066 0.097 0.006 0.114 0.031 0.098 0.034 0.077 
 230   (0.163) 0.304 0.215 0.058 0.042 0.231 0.091 0.168 0.224 0.216 0.066 0.091 0.246 
 235   (0.014) 0.001 0.003 0.002 0.001 0.002 0.002 0.001 0.002 0.002 0.080 0.002 0.001 
 236   (0.038) 0.005 0.020 0.005 0.018 0.006 0.010 0.026 0.014 0.071 0.086 0.016 0.004 
 227   (0.023) 0.002 0.007 0.005 0.002 0.011 0.008 0.002 0.016 0.018 0.063 0.003 0.002 
 220   (0.056) 0.004 0.040 0.221 0.067 0.021 0.012 0.193 0.009 0.027 0.008 0.096 0.024 
 222   (0.041) 0.003 0.063 0.215 0.003 0.013 0.006 0.274 0.005 0.009 0.005 0.092 0.005 
 234   (0.125) 0.046 0.133 0.334 0.012 0.285 0.299 0.172 0.069 0.104 0.079 0.030 0.140 
 224   (0.032) 0.002 0.038 0.004 0.002 0.006 0.135 0.003 0.009 0.012 0.004 0.007 0.081 
 228   (0.059) 0.004 0.134 0.008 0.043 0.050 0.010 0.006 0.225 0.055 0.012 0.065 0.025 
 225   (0.010) 0.001 0.002 0.001 0.001 0.002 0.001 0.001 0.001 0.002 0.003 0.018 0.001 
 226   (0.017) 0.001 0.004 0.003 0.003 0.003 0.002 0.002 0.002 0.003 0.003 0.089 0.027 
 233   (0.026) 0.034 0.008 0.004 0.002 0.009 0.015 0.002 0.005 0.048 0.042 0.003 0.003 
 231   (0.013) 0.001 0.004 0.002 0.001 0.005 0.010 0.001 0.002 0.022 0.027 0.002 0.001 

Locus 7 : 
10 alleles
0.0% missing data
 121   (0.688) 0.742 0.866 0.825 0.691 0.783 0.557 0.792 0.827 0.814 0.886 0.750 0.774 
 129   (0.095) 0.102 0.050 0.012 0.152 0.047 0.100 0.009 0.047 0.061 0.074 0.106 0.129 
 130   (0.016) 0.004 0.004 0.012 0.001 0.002 0.003 0.002 0.008 0.004 0.003 0.021 0.001 
 123   (0.100) 0.099 0.035 0.046 0.149 0.026 0.235 0.131 0.088 0.098 0.022 0.101 0.085 
 128   (0.020) 0.020 0.005 0.002 0.001 0.005 0.022 0.038 0.003 0.005 0.003 0.002 0.002 
 131   (0.016) 0.001 0.004 0.002 0.001 0.003 0.010 0.021 0.006 0.003 0.003 0.009 0.002 
 117   (0.012) 0.001 0.017 0.001 0.001 0.001 0.001 0.001 0.002 0.002 0.001 0.001 0.001 
 125   (0.012) 0.001 0.002 0.001 0.001 0.001 0.067 0.001 0.001 0.002 0.001 0.001 0.001 
 134   (0.030) 0.005 0.015 0.095 0.002 0.123 0.005 0.004 0.017 0.008 0.004 0.005 0.003 
 132   (0.012) 0.024 0.003 0.004 0.001 0.007 0.002 0.001 0.001 0.003 0.002 0.001 0.001 

Locus 8 : 
19 alleles
0.0% missing data
 184   (0.292) 0.324 0.303 0.515 0.465 0.503 0.521 0.521 0.497 0.411 0.500 0.189 0.254 
 194   (0.047) 0.017 0.042 0.006 0.008 0.114 0.034 0.017 0.026 0.030 0.032 0.016 0.013 
 178   (0.104) 0.060 0.062 0.061 0.026 0.091 0.029 0.190 0.040 0.068 0.229 0.170 0.297 
 176   (0.083) 0.229 0.100 0.156 0.111 0.062 0.046 0.010 0.053 0.104 0.040 0.053 0.009 
 182   (0.079) 0.212 0.108 0.106 0.020 0.033 0.021 0.009 0.141 0.066 0.028 0.174 0.039 
 190   (0.032) 0.052 0.008 0.055 0.002 0.005 0.006 0.075 0.006 0.006 0.006 0.010 0.019 
 196   (0.021) 0.001 0.030 0.003 0.008 0.005 0.003 0.002 0.003 0.004 0.006 0.004 0.071 
 200   (0.025) 0.008 0.007 0.003 0.002 0.004 0.025 0.003 0.085 0.009 0.015 0.018 0.002 
 180   (0.024) 0.002 0.005 0.003 0.002 0.003 0.131 0.073 0.003 0.004 0.011 0.005 0.003 
 188   (0.039) 0.003 0.024 0.012 0.078 0.039 0.009 0.008 0.007 0.019 0.030 0.006 0.063 
 174   (0.041) 0.044 0.022 0.010 0.003 0.052 0.039 0.021 0.017 0.079 0.016 0.012 0.004 
 186   (0.120) 0.041 0.244 0.037 0.248 0.060 0.063 0.041 0.099 0.180 0.069 0.311 0.125 
 192   (0.022) 0.003 0.010 0.003 0.005 0.003 0.015 0.012 0.007 0.006 0.009 0.003 0.089 
 201   (0.012) 0.001 0.003 0.001 0.001 0.002 0.010 0.012 0.004 0.002 0.002 0.002 0.001 
 199   (0.018) 0.001 0.014 0.003 0.002 0.002 0.034 0.002 0.008 0.003 0.002 0.021 0.002 
 185   (0.010) 0.001 0.005 0.001 0.015 0.002 0.002 0.001 0.001 0.002 0.001 0.001 0.001 
 203   (0.011) 0.001 0.003 0.004 0.001 0.015 0.001 0.001 0.002 0.002 0.001 0.002 0.001 
 198   (0.010) 0.001 0.007 0.017 0.001 0.002 0.001 0.001 0.001 0.002 0.001 0.002 0.001 
 209   (0.010) 0.001 0.002 0.003 0.001 0.001 0.012 0.001 0.002 0.003 0.002 0.003 0.005 

Locus 9 : 
6 alleles
0.4% missing data
 154   (0.685) 0.618 0.819 0.705 0.841 0.677 0.660 0.823 0.652 0.733 0.707 0.835 0.804 
 156   (0.206) 0.367 0.115 0.280 0.030 0.254 0.324 0.166 0.281 0.207 0.169 0.142 0.115 
 152   (0.055) 0.005 0.036 0.009 0.111 0.043 0.008 0.005 0.022 0.028 0.079 0.010 0.076 
 153   (0.013) 0.001 0.015 0.001 0.015 0.002 0.002 0.002 0.005 0.003 0.003 0.004 0.001 
 160   (0.014) 0.001 0.008 0.001 0.001 0.002 0.002 0.001 0.035 0.002 0.002 0.006 0.001 
 164   (0.027) 0.008 0.007 0.003 0.002 0.023 0.004 0.002 0.005 0.028 0.040 0.003 0.003 

Locus 10 : 
29 alleles
0.7% missing data
 305   (0.065) 0.009 0.098 0.010 0.007 0.012 0.009 0.227 0.032 0.017 0.123 0.233 0.008 
 313   (0.055) 0.006 0.059 0.007 0.005 0.009 0.011 0.006 0.017 0.044 0.162 0.077 0.010 
 311   (0.017) 0.002 0.005 0.002 0.001 0.003 0.004 0.002 0.003 0.008 0.020 0.002 0.003 
 299   (0.116) 0.023 0.082 0.154 0.156 0.029 0.013 0.035 0.452 0.062 0.278 0.058 0.152 
 315   (0.079) 0.105 0.100 0.011 0.006 0.016 0.014 0.083 0.114 0.111 0.092 0.016 0.019 
 287   (0.021) 0.002 0.007 0.004 0.002 0.003 0.836 0.003 0.003 0.007 0.006 0.005 0.002 
 291   (0.106) 0.018 0.113 0.343 0.011 0.444 0.014 0.064 0.017 0.049 0.097 0.034 0.498 
 295   (0.024) 0.002 0.010 0.003 0.002 0.084 0.003 0.004 0.008 0.202 0.016 0.004 0.002 
 289   (0.018) 0.001 0.004 0.245 0.001 0.002 0.002 0.003 0.017 0.004 0.003 0.005 0.002 
 303   (0.036) 0.571 0.026 0.005 0.652 0.006 0.004 0.026 0.005 0.009 0.007 0.005 0.003 
 297   (0.046) 0.084 0.012 0.019 0.019 0.157 0.005 0.005 0.016 0.014 0.012 0.156 0.029 
 293   (0.019) 0.001 0.006 0.012 0.001 0.002 0.002 0.003 0.015 0.122 0.021 0.002 0.002 
 301   (0.058) 0.006 0.139 0.015 0.008 0.078 0.007 0.169 0.009 0.021 0.067 0.007 0.006 
 285   (0.027) 0.002 0.007 0.005 0.002 0.004 0.003 0.276 0.019 0.005 0.004 0.267 0.002 
 307   (0.054) 0.151 0.017 0.006 0.004 0.070 0.008 0.032 0.168 0.045 0.010 0.011 0.104 
 312   (0.047) 0.003 0.039 0.008 0.012 0.014 0.006 0.041 0.069 0.195 0.007 0.008 0.093 
 306   (0.024) 0.002 0.100 0.003 0.002 0.012 0.004 0.003 0.004 0.011 0.009 0.003 0.011 
 320   (0.013) 0.001 0.035 0.001 0.001 0.002 0.001 0.001 0.002 0.002 0.002 0.001 0.001 
 317   (0.022) 0.001 0.020 0.002 0.094 0.003 0.002 0.002 0.003 0.004 0.020 0.003 0.002 
 314   (0.026) 0.002 0.022 0.003 0.002 0.004 0.032 0.003 0.003 0.017 0.028 0.003 0.002 
 323   (0.012) 0.001 0.013 0.002 0.001 0.002 0.005 0.001 0.002 0.003 0.002 0.001 0.001 
 325   (0.013) 0.001 0.013 0.002 0.001 0.002 0.005 0.001 0.002 0.003 0.002 0.002 0.001 
 310   (0.014) 0.001 0.004 0.002 0.001 0.002 0.002 0.001 0.008 0.027 0.002 0.002 0.036 
 309   (0.014) 0.001 0.006 0.003 0.001 0.032 0.002 0.002 0.002 0.004 0.002 0.002 0.001 
 316   (0.019) 0.001 0.043 0.003 0.003 0.002 0.002 0.002 0.004 0.003 0.004 0.004 0.005 
 296   (0.014) 0.001 0.013 0.002 0.004 0.002 0.001 0.001 0.002 0.004 0.002 0.002 0.001 
 304   (0.013) 0.001 0.003 0.003 0.001 0.001 0.001 0.001 0.002 0.002 0.002 0.084 0.001 
 321   (0.014) 0.001 0.003 0.060 0.001 0.002 0.001 0.001 0.001 0.002 0.002 0.002 0.001 
 332   (0.013) 0.001 0.003 0.062 0.001 0.002 0.001 0.001 0.001 0.002 0.002 0.001 0.001 

Locus 11 : 
19 alleles
0.0% missing data
 114   (0.150) 0.200 0.131 0.026 0.040 0.276 0.041 0.297 0.168 0.234 0.245 0.030 0.019 
 126   (0.023) 0.004 0.005 0.003 0.002 0.004 0.003 0.018 0.003 0.008 0.066 0.003 0.002 
 111   (0.095) 0.006 0.026 0.590 0.319 0.014 0.021 0.009 0.026 0.037 0.230 0.534 0.562 
 116   (0.111) 0.275 0.050 0.030 0.009 0.155 0.115 0.017 0.140 0.095 0.112 0.086 0.030 
 132   (0.012) 0.001 0.003 0.001 0.001 0.002 0.002 0.001 0.002 0.003 0.012 0.002 0.001 
 109   (0.017) 0.001 0.004 0.002 0.001 0.003 0.002 0.001 0.003 0.003 0.053 0.002 0.003 
 128   (0.019) 0.001 0.008 0.002 0.001 0.017 0.003 0.002 0.004 0.004 0.008 0.002 0.006 
 112   (0.313) 0.482 0.592 0.072 0.166 0.431 0.457 0.602 0.582 0.505 0.210 0.091 0.043 
 122   (0.016) 0.004 0.005 0.004 0.014 0.004 0.002 0.007 0.003 0.010 0.002 0.002 0.002 
 124   (0.012) 0.002 0.003 0.001 0.002 0.002 0.002 0.018 0.001 0.002 0.002 0.002 0.001 
 118   (0.049) 0.009 0.015 0.211 0.013 0.045 0.077 0.013 0.029 0.028 0.015 0.009 0.005 
 127   (0.013) 0.001 0.017 0.001 0.001 0.001 0.002 0.001 0.002 0.002 0.002 0.001 0.001 
 113   (0.054) 0.004 0.051 0.023 0.419 0.008 0.038 0.005 0.009 0.015 0.007 0.185 0.233 
 115   (0.028) 0.003 0.018 0.004 0.003 0.007 0.215 0.002 0.004 0.022 0.016 0.007 0.006 
 120   (0.022) 0.001 0.008 0.003 0.002 0.019 0.003 0.002 0.003 0.007 0.003 0.003 0.073 
 117   (0.023) 0.002 0.020 0.012 0.003 0.004 0.004 0.003 0.015 0.006 0.004 0.009 0.007 
 125   (0.019) 0.001 0.037 0.003 0.003 0.002 0.004 0.002 0.004 0.014 0.003 0.002 0.002 
 119   (0.014) 0.001 0.005 0.010 0.001 0.003 0.002 0.001 0.002 0.003 0.002 0.029 0.003 
 136   (0.012) 0.001 0.003 0.001 0.001 0.002 0.008 0.001 0.001 0.005 0.009 0.001 0.001 

Locus 12 : 
28 alleles
0.7% missing data
 306   (0.058) 0.008 0.047 0.012 0.007 0.010 0.007 0.226 0.031 0.016 0.121 0.302 0.007 
 314   (0.062) 0.007 0.058 0.009 0.013 0.009 0.019 0.007 0.015 0.029 0.148 0.072 0.086 
 312   (0.014) 0.001 0.003 0.002 0.001 0.002 0.001 0.001 0.002 0.002 0.029 0.002 0.001 
 300   (0.126) 0.024 0.085 0.154 0.157 0.030 0.014 0.036 0.466 0.063 0.295 0.060 0.148 
 316   (0.050) 0.102 0.014 0.006 0.004 0.008 0.005 0.081 0.013 0.025 0.089 0.009 0.019 
 288   (0.017) 0.001 0.005 0.003 0.001 0.002 0.823 0.002 0.003 0.005 0.004 0.004 0.002 
 292   (0.115) 0.019 0.115 0.382 0.012 0.441 0.015 0.065 0.019 0.051 0.099 0.035 0.484 
 296   (0.028) 0.002 0.019 0.003 0.003 0.086 0.003 0.004 0.009 0.207 0.016 0.004 0.003 
 290   (0.016) 0.001 0.004 0.245 0.001 0.002 0.002 0.002 0.017 0.004 0.002 0.005 0.001 
 304   (0.033) 0.573 0.025 0.005 0.657 0.006 0.004 0.025 0.004 0.008 0.007 0.004 0.003 
 298   (0.049) 0.085 0.012 0.020 0.019 0.156 0.005 0.006 0.016 0.015 0.012 0.156 0.029 
 294   (0.018) 0.001 0.006 0.012 0.001 0.002 0.002 0.003 0.015 0.122 0.021 0.002 0.002 
 302   (0.060) 0.006 0.140 0.015 0.008 0.078 0.007 0.169 0.009 0.021 0.067 0.008 0.006 
 286   (0.029) 0.002 0.008 0.005 0.002 0.004 0.003 0.274 0.020 0.005 0.004 0.288 0.002 
 308   (0.033) 0.145 0.010 0.004 0.002 0.019 0.004 0.031 0.149 0.030 0.007 0.008 0.003 
 313   (0.037) 0.003 0.040 0.006 0.004 0.015 0.004 0.041 0.082 0.211 0.006 0.005 0.006 
 307   (0.047) 0.004 0.105 0.006 0.004 0.067 0.006 0.005 0.013 0.026 0.011 0.006 0.126 
 321   (0.013) 0.001 0.035 0.001 0.001 0.002 0.001 0.001 0.002 0.002 0.002 0.001 0.001 
 315   (0.058) 0.005 0.120 0.008 0.011 0.013 0.049 0.008 0.084 0.090 0.033 0.010 0.005 
 318   (0.023) 0.001 0.021 0.003 0.084 0.003 0.002 0.002 0.004 0.004 0.008 0.006 0.005 
 324   (0.013) 0.001 0.013 0.002 0.001 0.002 0.005 0.001 0.002 0.003 0.002 0.002 0.001 
 326   (0.014) 0.001 0.013 0.002 0.001 0.002 0.005 0.001 0.002 0.004 0.002 0.002 0.001 
 311   (0.019) 0.001 0.006 0.002 0.001 0.004 0.005 0.002 0.013 0.046 0.006 0.002 0.055 
 310   (0.014) 0.001 0.006 0.004 0.001 0.032 0.002 0.002 0.002 0.004 0.002 0.002 0.001 
 305   (0.015) 0.001 0.049 0.002 0.001 0.002 0.001 0.001 0.003 0.002 0.002 0.002 0.001 
 317   (0.012) 0.001 0.035 0.001 0.001 0.001 0.001 0.001 0.002 0.002 0.002 0.001 0.001 
 320   (0.011) 0.001 0.003 0.028 0.001 0.002 0.001 0.001 0.001 0.002 0.001 0.001 0.001 
 322   (0.014) 0.001 0.003 0.060 0.001 0.002 0.001 0.002 0.002 0.002 0.002 0.002 0.001 

Locus 13 : 
7 alleles
1.1% missing data
 161   (0.600) 0.889 0.572 0.927 0.490 0.867 0.455 0.058 0.435 0.658 0.669 0.307 0.416 
 163   (0.296) 0.024 0.400 0.061 0.462 0.100 0.528 0.027 0.549 0.275 0.256 0.506 0.574 
 160   (0.017) 0.001 0.004 0.002 0.001 0.002 0.002 0.452 0.002 0.008 0.002 0.002 0.002 
 162   (0.016) 0.001 0.003 0.002 0.002 0.002 0.002 0.458 0.002 0.004 0.002 0.002 0.001 
 165   (0.043) 0.003 0.015 0.005 0.042 0.023 0.009 0.004 0.006 0.042 0.065 0.180 0.006 
 166   (0.014) 0.002 0.003 0.002 0.001 0.003 0.002 0.001 0.004 0.011 0.003 0.002 0.001 
 164   (0.015) 0.080 0.003 0.001 0.001 0.002 0.002 0.001 0.002 0.002 0.002 0.002 0.001 

Locus 14 : 
4 alleles
0.4% missing data
  98   (0.957) 0.989 0.970 0.995 0.990 0.990 0.994 0.996 0.994 0.979 0.990 0.995 0.996 
 100   (0.013) 0.001 0.013 0.002 0.005 0.002 0.002 0.001 0.002 0.002 0.002 0.002 0.001 
  96   (0.016) 0.009 0.004 0.002 0.001 0.006 0.002 0.002 0.003 0.014 0.007 0.002 0.001 
 105   (0.013) 0.001 0.012 0.001 0.004 0.002 0.002 0.001 0.002 0.004 0.002 0.002 0.001 

Locus 15 : 
12 alleles
2.2% missing data
 171   (0.316) 0.169 0.439 0.551 0.294 0.179 0.485 0.217 0.276 0.277 0.406 0.169 0.354 
 177   (0.187) 0.049 0.165 0.214 0.070 0.346 0.250 0.368 0.180 0.179 0.217 0.080 0.076 
 173   (0.260) 0.057 0.221 0.143 0.521 0.242 0.124 0.079 0.254 0.434 0.264 0.648 0.521 
 179   (0.098) 0.587 0.045 0.023 0.100 0.048 0.110 0.319 0.251 0.045 0.063 0.063 0.010 
 183   (0.019) 0.010 0.007 0.002 0.006 0.003 0.007 0.002 0.003 0.005 0.030 0.013 0.002 
 181   (0.035) 0.122 0.090 0.006 0.003 0.008 0.005 0.004 0.009 0.009 0.007 0.007 0.030 
 197   (0.014) 0.001 0.003 0.001 0.001 0.104 0.002 0.001 0.002 0.003 0.002 0.002 0.001 
 170   (0.014) 0.001 0.007 0.002 0.001 0.002 0.003 0.001 0.008 0.027 0.002 0.002 0.001 
 189   (0.014) 0.001 0.010 0.002 0.001 0.004 0.002 0.005 0.011 0.005 0.003 0.013 0.001 
 203   (0.013) 0.001 0.003 0.001 0.001 0.061 0.001 0.001 0.002 0.004 0.002 0.001 0.001 
 187   (0.017) 0.001 0.008 0.026 0.001 0.002 0.011 0.002 0.003 0.011 0.003 0.002 0.001 
 198   (0.013) 0.001 0.003 0.028 0.001 0.002 0.002 0.001 0.002 0.002 0.002 0.002 0.001 

Values of parameters used in structure:
DATAFILE=STRUCTURE_main_final_278_HEG_ZG.str,	OUTFILE=STRUCTURE_main_final_278_HEG_ZG-K12-17,	NUMINDS=278,	NUMLOCI=15,	MISSING=-9,	LABEL=1,	POPDATA=1,	POPFLAG=0,	PHENOTYPE=0,	EXTRACOLS=0,	MAXPOPS=12,	BURNIN=100000,	NUMREPS=500000,	USEPOPINFO=0,	INFERALPHA=1,	INFERLAMBDA=0,	POPSPECIFICLAMBDA=0,	POPALPHAS=0,	COMPUTEPROB=1,	NOADMIX=0,	ADMBURNIN=2500,	UPDATEFREQ=1,	PRINTLIKES=0,	INTERMEDSAVE=0,	PRINTKLD=0,	PRINTNET=0,	PRINTLAMBDA=0,	ANCESTDIST=0,	NUMBOXES=1000,	ANCESTPINT=0.90000,	GENSBACK=2,	MIGRPRIOR=0.05000,	PRINTQHAT=0,	PRINTQSUM=0,	ALPHA=1.0000,	FREQSCORR=1,	FPRIORMEAN=0.0100,	FPRIORSD=0.0500,	ONEFST=0,	LAMBDA=1.0000,	UNIFPRIORALPHA=1,	ALPHAMAX=10.0000,	ALPHAPRIORA=1.0000,	ALPHAPRIORB=2.0000,	ALPHAPROPSD=0.0250,	STARTATPOPINFO=0,	RANDOMIZE=1,	LINKAGE=0,	METROFREQ=10,	REPORTHITRATE=0,	MARKOVPHASE=-1,	PHASED=0,	PLOIDY=2,	PHASEINFO=0	LOCPRIOR=0, 	LOCPRIORINIT=1.000000, 	LOCDATA=0, 	LOCISPOP=0, 	LOCPRIORSTEP=0.100000, 	MAXLOCPRIOR=20.000000, 	SEED=1782487187,	
[STRAT parameters]:    NUMSIMSTATS=1000,	PHENOTYPECOL=-9,	POOLFREQ=10,	LOCUSxONLY=0,	EMERROR=0.00100,	MISSINGPHENO=-9,	