

----------------------------------------------------
STRUCTURE by Pritchard, Stephens and Donnelly (2000)
     and Falush, Stephens and Pritchard (2003)
       Code by Pritchard, Falush and Hubisz
             Version 2.3.4 (Jul 2012)
----------------------------------------------------



Command line arguments:   structure -K 6 -i STRUCTURE_main_final_278_HEG_ZG.str -o STRUCTURE_main_final_278_HEG_ZG-K6-17 
Input File:    STRUCTURE_main_final_278_HEG_ZG.str

Run parameters:
   278 individuals
   15 loci
   6 populations assumed
   100000 Burn-in period
   500000 Reps


--------------------------------------------
Proportion of membership of each pre-defined
 population in each of the 6 clusters

Given    Inferred Clusters                            Number of
 Pop       1      2      3      4      5      6      Individuals

  1:     0.094  0.681  0.082  0.026  0.096  0.020       24
  2:     0.028  0.041  0.092  0.036  0.066  0.736       24
  3:     0.179  0.039  0.034  0.394  0.324  0.031       24
  4:     0.081  0.280  0.139  0.372  0.085  0.043       24
  5:     0.049  0.057  0.071  0.553  0.224  0.046       24
  6:     0.034  0.585  0.246  0.056  0.036  0.044       24
  7:     0.015  0.102  0.777  0.037  0.038  0.031       24
  8:     0.069  0.068  0.019  0.717  0.106  0.021       14
  9:     0.393  0.058  0.012  0.101  0.270  0.166       24
 10:     0.776  0.017  0.051  0.031  0.113  0.012       24
 11:     0.714  0.044  0.021  0.034  0.154  0.033       24
 12:     0.070  0.321  0.170  0.291  0.124  0.022       24
--------------------------------------------

Allele-freq. divergence among pops (Net nucleotide distance),
computed using point estimates of P.

      1       2       3       4       5       6      
 1      -    0.0513  0.1020  0.0415  0.0445  0.0936  
 2   0.0513     -    0.0539  0.0237  0.0330  0.0598  
 3   0.1020  0.0539     -    0.0588  0.0686  0.0920  
 4   0.0415  0.0237  0.0588     -    0.0239  0.0550  
 5   0.0445  0.0330  0.0686  0.0239     -    0.0697  
 6   0.0936  0.0598  0.0920  0.0550  0.0697     -    

Average distances (expected heterozygosity) between individuals in same cluster:
cluster  1  : 0.6199 
cluster  2  : 0.6272 
cluster  3  : 0.5563 
cluster  4  : 0.6364 
cluster  5  : 0.6441 
cluster  6  : 0.6188 

--------------------------------------------
Estimated Ln Prob of Data   = -12760.1
Mean value of ln likelihood = -12247.0
Variance of ln likelihood   = 1026.1
Mean value of alpha         = 0.0677

Mean value of Fst_1         = 0.1222
Mean value of Fst_2         = 0.0734
Mean value of Fst_3         = 0.1676
Mean value of Fst_4         = 0.0437
Mean value of Fst_5         = 0.0813
Mean value of Fst_6         = 0.1705


Inferred ancestry of individuals:
        Label (%Miss) Pop:  Inferred clusters
  1 24.0601.E1    (0)    1 :  0.012 0.913 0.023 0.010 0.015 0.027 
  2 24.0602.E1    (0)    1 :  0.026 0.896 0.013 0.014 0.045 0.007 
  3 24.0603.E1    (0)    1 :  0.012 0.850 0.053 0.063 0.015 0.008 
  4 24.0604.E1    (0)    1 :  0.019 0.766 0.008 0.010 0.188 0.009 
  5 24.0605.E1    (0)    1 :  0.016 0.900 0.035 0.018 0.017 0.015 
  6 24.0606.E1    (0)    1 :  0.023 0.912 0.023 0.013 0.012 0.016 
  7 24.0607.E1    (0)    1 :  0.061 0.134 0.217 0.038 0.538 0.012 
  8 24.0608.E1    (0)    1 :  0.127 0.663 0.174 0.011 0.020 0.006 
  9 24.0609.E1    (0)    1 :  0.397 0.467 0.010 0.095 0.025 0.007 
 10 24.0610.E1    (0)    1 :  0.193 0.700 0.011 0.080 0.009 0.008 
 11 24.0611.E1    (0)    1 :  0.028 0.912 0.009 0.020 0.012 0.019 
 12 24.0612.E1    (0)    1 :  0.009 0.915 0.020 0.013 0.022 0.022 
 13 24.0613.E1    (0)    1 :  0.015 0.951 0.007 0.010 0.008 0.008 
 14 24.0614.E1    (0)    1 :  0.216 0.344 0.388 0.013 0.023 0.015 
 15 24.0615.E1    (0)    1 :  0.235 0.575 0.081 0.016 0.072 0.022 
 16 24.0616.E1    (0)    1 :  0.014 0.937 0.008 0.009 0.018 0.014 
 17 24.0617.E1    (0)    1 :  0.521 0.372 0.031 0.021 0.019 0.036 
 18 24.0618.E1    (0)    1 :  0.111 0.812 0.008 0.032 0.018 0.019 
 19 24.0619.E1    (0)    1 :  0.012 0.437 0.009 0.017 0.504 0.021 
 20 24.0620.E1   (20)    1 :  0.041 0.076 0.790 0.041 0.035 0.018 
 21 24.0621.E1    (0)    1 :  0.103 0.221 0.011 0.022 0.635 0.008 
 22 24.0622.E1    (0)    1 :  0.010 0.930 0.012 0.022 0.009 0.018 
 23 24.0623.E1    (0)    1 :  0.045 0.714 0.023 0.039 0.049 0.130 
 24 24.0624.E1    (0)    1 :  0.013 0.954 0.009 0.008 0.007 0.008 
 25 24.0625.E1    (0)    2 :  0.041 0.021 0.175 0.056 0.031 0.675 
 26 24.0626.E1    (0)    2 :  0.013 0.006 0.127 0.008 0.011 0.835 
 27 24.0627.E1    (0)    2 :  0.008 0.012 0.029 0.021 0.464 0.465 
 28 24.0628.E1    (0)    2 :  0.111 0.042 0.259 0.153 0.023 0.412 
 29 24.0629.E1    (0)    2 :  0.022 0.111 0.009 0.022 0.021 0.814 
 30 24.0630.E1    (0)    2 :  0.011 0.009 0.143 0.010 0.010 0.819 
 31 24.0631.E1    (0)    2 :  0.004 0.009 0.007 0.006 0.005 0.970 
 32 24.0632.E1    (0)    2 :  0.010 0.016 0.052 0.013 0.013 0.895 
 33 24.0633.E1    (0)    2 :  0.083 0.022 0.214 0.107 0.026 0.548 
 34 24.0634.E1    (0)    2 :  0.012 0.012 0.010 0.012 0.010 0.943 
 35 24.0635.E1    (0)    2 :  0.080 0.037 0.039 0.151 0.049 0.645 
 36 24.0636.E1   (33)    2 :  0.011 0.045 0.833 0.042 0.022 0.047 
 37 24.0637.E1    (0)    2 :  0.004 0.006 0.009 0.007 0.006 0.967 
 38 24.0638.E1    (0)    2 :  0.008 0.013 0.008 0.078 0.028 0.866 
 39 24.0639.E1    (0)    2 :  0.072 0.077 0.024 0.015 0.065 0.747 
 40 24.0640.E1    (0)    2 :  0.007 0.011 0.009 0.008 0.007 0.958 
 41 24.0641.E1    (0)    2 :  0.026 0.115 0.025 0.023 0.442 0.370 
 42 24.0642.E1    (0)    2 :  0.007 0.313 0.049 0.042 0.012 0.577 
 43 24.0643.E1    (0)    2 :  0.012 0.016 0.080 0.015 0.298 0.579 
 44 24.0644.E1    (0)    2 :  0.046 0.017 0.010 0.019 0.012 0.898 
 45 24.0645.E1    (0)    2 :  0.035 0.049 0.070 0.032 0.013 0.801 
 46 24.0646.E1    (0)    2 :  0.045 0.017 0.010 0.019 0.011 0.898 
 47 24.0647.E1    (0)    2 :  0.004 0.006 0.010 0.008 0.006 0.966 
 48 24.0648.E1    (0)    2 :  0.004 0.006 0.010 0.007 0.006 0.966 
 49 24.0649.E1    (0)    3 :  0.037 0.010 0.005 0.913 0.026 0.010 
 50 24.0650.E1    (0)    3 :  0.512 0.247 0.006 0.211 0.019 0.006 
 51 24.0651.E1    (0)    3 :  0.032 0.009 0.020 0.510 0.107 0.322 
 52 24.0652.E1    (0)    3 :  0.278 0.034 0.009 0.426 0.246 0.007 
 53 24.0653.E1    (0)    3 :  0.018 0.007 0.008 0.026 0.934 0.007 
 54 24.0654.E1    (0)    3 :  0.284 0.010 0.007 0.520 0.167 0.012 
 55 24.0655.E1    (0)    3 :  0.147 0.089 0.017 0.624 0.060 0.062 
 56 24.0656.E1    (0)    3 :  0.338 0.017 0.077 0.366 0.192 0.009 
 57 24.0657.E1    (0)    3 :  0.331 0.016 0.071 0.379 0.194 0.009 
 58 24.0658.E1    (0)    3 :  0.076 0.027 0.009 0.788 0.090 0.009 
 59 24.0659.E1    (0)    3 :  0.185 0.085 0.006 0.268 0.432 0.025 
 60 24.0660.E1    (6)    3 :  0.012 0.044 0.009 0.879 0.038 0.018 
 61 24.0661.E1    (0)    3 :  0.465 0.013 0.148 0.180 0.185 0.009 
 62 24.0662.E1    (0)    3 :  0.155 0.131 0.021 0.384 0.171 0.139 
 63 24.0663.E1    (0)    3 :  0.835 0.011 0.009 0.124 0.011 0.011 
 64 24.0664.E1    (0)    3 :  0.108 0.009 0.058 0.668 0.149 0.009 
 65 24.0665.E1    (0)    3 :  0.029 0.009 0.274 0.527 0.154 0.007 
 66 24.0666.E1    (0)    3 :  0.011 0.013 0.007 0.013 0.948 0.008 
 67 24.0667.E1    (0)    3 :  0.011 0.013 0.007 0.042 0.921 0.007 
 68 24.0668.E1    (0)    3 :  0.007 0.006 0.005 0.008 0.968 0.007 
 69 24.0669.E1    (0)    3 :  0.007 0.006 0.006 0.008 0.967 0.007 
 70 24.0670.E1    (0)    3 :  0.216 0.020 0.009 0.465 0.281 0.009 
 71 24.0671.E1    (0)    3 :  0.189 0.015 0.013 0.712 0.050 0.021 
 72 24.0672.E1    (0)    3 :  0.014 0.087 0.008 0.408 0.473 0.010 
 73 24.0673.E1    (6)    4 :  0.101 0.213 0.584 0.056 0.022 0.025 
 74 24.0674.E1    (0)    4 :  0.018 0.366 0.504 0.077 0.011 0.024 
 75 24.0675.E1    (0)    4 :  0.227 0.078 0.119 0.530 0.014 0.033 
 76 24.0676.E1    (0)    4 :  0.327 0.049 0.056 0.540 0.013 0.014 
 77 24.0677.E1    (0)    4 :  0.281 0.092 0.021 0.354 0.246 0.006 
 78 24.0678.E1    (0)    4 :  0.017 0.358 0.021 0.180 0.333 0.091 
 79 24.0679.E1    (0)    4 :  0.096 0.206 0.018 0.445 0.218 0.018 
 80 24.0680.E1    (0)    4 :  0.014 0.064 0.017 0.607 0.275 0.023 
 81 24.0681.E1    (0)    4 :  0.014 0.332 0.030 0.582 0.026 0.015 
 82 24.0682.E1    (0)    4 :  0.013 0.271 0.082 0.600 0.017 0.016 
 83 24.0683.E1    (0)    4 :  0.012 0.327 0.591 0.041 0.021 0.008 
 84 24.0684.E1    (0)    4 :  0.023 0.449 0.343 0.104 0.039 0.041 
 85 24.0685.E1    (0)    4 :  0.018 0.755 0.049 0.094 0.063 0.019 
 86 24.0686.E1    (0)    4 :  0.019 0.118 0.016 0.619 0.047 0.181 
 87 24.0687.E1    (0)    4 :  0.026 0.091 0.032 0.480 0.022 0.348 
 88 24.0688.E1    (0)    4 :  0.007 0.099 0.031 0.844 0.010 0.009 
 89 24.0689.E1    (0)    4 :  0.532 0.118 0.081 0.220 0.020 0.029 
 90 24.0690.E1    (0)    4 :  0.012 0.034 0.042 0.319 0.522 0.070 
 91 24.0691.E1    (0)    4 :  0.028 0.760 0.026 0.161 0.011 0.014 
 92 24.0692.E1    (0)    4 :  0.020 0.027 0.030 0.902 0.013 0.008 
 93 24.0693.E1    (0)    4 :  0.088 0.029 0.580 0.269 0.021 0.013 
 94 24.0694.E1    (0)    4 :  0.010 0.207 0.026 0.727 0.021 0.008 
 95 24.0695.E1    (0)    4 :  0.022 0.892 0.013 0.045 0.019 0.009 
 96 24.0696.E1    (0)    4 :  0.023 0.784 0.016 0.118 0.041 0.017 
 97 24.0697.E1    (0)    5 :  0.022 0.015 0.165 0.748 0.033 0.016 
 98 24.0698.E1    (0)    5 :  0.075 0.061 0.153 0.410 0.273 0.028 
 99 24.0699.E1    (0)    5 :  0.026 0.039 0.013 0.510 0.394 0.018 
100 24.0700.E1    (0)    5 :  0.010 0.010 0.010 0.918 0.043 0.009 
101 24.0701.E1    (0)    5 :  0.012 0.010 0.046 0.014 0.906 0.012 
102 24.0702.E1    (0)    5 :  0.012 0.016 0.047 0.762 0.143 0.020 
103 24.0703.E1    (0)    5 :  0.037 0.021 0.010 0.476 0.303 0.152 
104 24.0704.E1    (6)    5 :  0.036 0.035 0.017 0.419 0.466 0.027 
105 24.0705.E1    (0)    5 :  0.011 0.292 0.015 0.567 0.097 0.017 
106 24.0706.E1    (0)    5 :  0.018 0.010 0.014 0.887 0.061 0.011 
107 24.0707.E1    (0)    5 :  0.009 0.028 0.021 0.883 0.019 0.039 
108 24.0708.E1    (0)    5 :  0.398 0.121 0.053 0.035 0.049 0.343 
109 24.0709.E1    (0)    5 :  0.088 0.050 0.013 0.789 0.046 0.015 
110 24.0710.E1    (0)    5 :  0.075 0.173 0.098 0.275 0.369 0.011 
111 24.0711.E1    (0)    5 :  0.013 0.126 0.023 0.546 0.241 0.051 
112 24.0712.E1    (0)    5 :  0.009 0.033 0.027 0.043 0.838 0.050 
113 24.0713.E1    (0)    5 :  0.023 0.013 0.016 0.911 0.027 0.010 
114 24.0714.E1    (0)    5 :  0.046 0.098 0.013 0.601 0.213 0.029 
115 24.0715.E1    (0)    5 :  0.039 0.057 0.497 0.345 0.051 0.011 
116 24.0716.E1    (0)    5 :  0.077 0.080 0.030 0.186 0.565 0.062 
117 24.0717.E1    (0)    5 :  0.081 0.023 0.373 0.349 0.073 0.101 
118 24.0718.E1    (0)    5 :  0.008 0.026 0.014 0.906 0.025 0.021 
119 24.0719.E1    (0)    5 :  0.023 0.017 0.017 0.784 0.129 0.029 
120 24.0720.E1    (0)    5 :  0.014 0.022 0.009 0.919 0.020 0.015 
121 24.0721.E1    (0)    6 :  0.092 0.072 0.602 0.161 0.029 0.044 
122 24.0722.E1    (0)    6 :  0.020 0.124 0.513 0.057 0.063 0.222 
123 24.0723.E1    (0)    6 :  0.177 0.080 0.321 0.025 0.023 0.374 
124 24.0724.E1    (0)    6 :  0.147 0.434 0.326 0.029 0.026 0.039 
125 24.0725.E1    (0)    6 :  0.016 0.931 0.009 0.018 0.015 0.010 
126 24.0726.E1    (6)    6 :  0.010 0.870 0.081 0.018 0.011 0.011 
127 24.0727.E1    (0)    6 :  0.034 0.359 0.508 0.037 0.043 0.020 
128 24.0728.E1    (0)    6 :  0.028 0.538 0.191 0.177 0.020 0.046 
129 24.0729.E1    (0)    6 :  0.014 0.879 0.039 0.029 0.023 0.017 
130 24.0730.E1    (0)    6 :  0.059 0.370 0.066 0.379 0.111 0.015 
131 24.0731.E1    (0)    6 :  0.012 0.908 0.033 0.029 0.008 0.009 
132 24.0732.E1    (0)    6 :  0.007 0.122 0.809 0.035 0.015 0.011 
133 24.0733.E1    (0)    6 :  0.007 0.951 0.022 0.007 0.006 0.007 
134 24.0734.E1    (0)    6 :  0.013 0.060 0.831 0.050 0.019 0.027 
135 24.0735.E1    (0)    6 :  0.025 0.659 0.209 0.037 0.020 0.049 
136 24.0736.E1    (0)    6 :  0.009 0.893 0.068 0.011 0.009 0.010 
137 24.0737.E1    (0)    6 :  0.012 0.895 0.009 0.023 0.010 0.052 
138 24.0738.E1    (0)    6 :  0.009 0.913 0.037 0.015 0.013 0.013 
139 24.0739.E1    (0)    6 :  0.010 0.932 0.008 0.025 0.010 0.016 
140 24.0740.E1    (0)    6 :  0.014 0.909 0.014 0.033 0.016 0.015 
141 24.0741.E1    (0)    6 :  0.012 0.628 0.289 0.044 0.010 0.017 
142 24.0742.E1    (0)    6 :  0.010 0.387 0.566 0.014 0.010 0.014 
143 24.0743.E1    (0)    6 :  0.039 0.766 0.146 0.019 0.024 0.007 
144 24.0744.E1    (0)    6 :  0.035 0.353 0.195 0.063 0.335 0.019 
145 24.0745.E1    (0)    7 :  0.011 0.007 0.923 0.024 0.029 0.006 
146 24.0746.E1    (0)    7 :  0.017 0.070 0.663 0.087 0.043 0.120 
147 24.0747.E1    (0)    7 :  0.026 0.061 0.803 0.082 0.018 0.011 
148 24.0748.E1    (6)    7 :  0.036 0.078 0.758 0.096 0.021 0.011 
149 24.0749.E1    (0)    7 :  0.011 0.280 0.673 0.011 0.014 0.011 
150 24.0750.E1    (0)    7 :  0.029 0.564 0.222 0.117 0.049 0.019 
151 24.0751.E1    (0)    7 :  0.006 0.011 0.959 0.007 0.008 0.009 
152 24.0752.E1    (0)    7 :  0.013 0.057 0.898 0.011 0.013 0.007 
153 24.0753.E1    (0)    7 :  0.007 0.221 0.607 0.013 0.013 0.139 
154 24.0754.E1    (0)    7 :  0.007 0.029 0.933 0.009 0.008 0.013 
155 24.0755.E1    (0)    7 :  0.032 0.026 0.802 0.096 0.021 0.023 
156 24.0756.E1    (0)    7 :  0.018 0.019 0.933 0.007 0.013 0.011 
157 24.0757.E1    (0)    7 :  0.004 0.005 0.974 0.005 0.005 0.006 
158 24.0758.E1    (0)    7 :  0.004 0.006 0.973 0.006 0.006 0.006 
159 24.0759.E1    (0)    7 :  0.008 0.024 0.939 0.011 0.011 0.008 
160 24.0760.E1    (0)    7 :  0.007 0.017 0.639 0.064 0.016 0.257 
161 24.0761.E1    (0)    7 :  0.006 0.007 0.965 0.006 0.005 0.011 
162 24.0762.E1    (0)    7 :  0.048 0.161 0.078 0.165 0.535 0.013 
163 24.0763.E1    (0)    7 :  0.005 0.010 0.966 0.008 0.005 0.006 
164 24.0764.E1    (0)    7 :  0.006 0.017 0.951 0.009 0.007 0.010 
165 24.0765.E1    (0)    7 :  0.012 0.012 0.932 0.010 0.010 0.023 
166 24.0766.E1    (0)    7 :  0.006 0.011 0.960 0.008 0.007 0.007 
167 24.0767.E1    (0)    7 :  0.006 0.008 0.969 0.006 0.005 0.006 
168 24.0768.E1    (0)    7 :  0.038 0.734 0.135 0.035 0.050 0.008 
169 24.0779.E1    (0)    8 :  0.014 0.021 0.055 0.873 0.027 0.010 
170 24.0780.E1    (6)    8 :  0.130 0.010 0.006 0.827 0.018 0.008 
171 24.0781.E1    (0)    8 :  0.011 0.006 0.007 0.958 0.011 0.007 
172 24.0782.E1    (0)    8 :  0.038 0.656 0.045 0.132 0.022 0.107 
173 24.0783.E1    (0)    8 :  0.256 0.022 0.009 0.416 0.274 0.022 
174 24.0784.E1    (0)    8 :  0.019 0.011 0.006 0.946 0.008 0.009 
175 24.0785.E1    (0)    8 :  0.156 0.012 0.006 0.746 0.074 0.006 
176 24.0786.E1    (0)    8 :  0.062 0.026 0.015 0.872 0.016 0.010 
177 24.0787.E1    (0)    8 :  0.016 0.019 0.024 0.861 0.039 0.041 
178 24.0788.E1    (0)    8 :  0.049 0.007 0.008 0.903 0.019 0.014 
179 24.0789.E1    (0)    8 :  0.109 0.070 0.011 0.735 0.032 0.044 
180 24.0790.E1    (0)    8 :  0.023 0.006 0.006 0.915 0.041 0.009 
181 24.0791.E1    (0)    8 :  0.013 0.058 0.011 0.156 0.756 0.006 
182 24.0792.E1    (0)    8 :  0.076 0.025 0.056 0.692 0.144 0.007 
183 24.0793.E1    (0)    9 :  0.458 0.022 0.009 0.032 0.189 0.289 
184 24.0794.E1    (0)    9 :  0.368 0.461 0.015 0.079 0.064 0.014 
185 24.0795.E1    (0)    9 :  0.175 0.446 0.017 0.036 0.031 0.294 
186 24.0796.E1    (0)    9 :  0.796 0.032 0.007 0.126 0.030 0.010 
187 24.0797.E1    (0)    9 :  0.707 0.018 0.005 0.095 0.108 0.067 
188 24.0798.E1    (0)    9 :  0.080 0.014 0.037 0.037 0.654 0.178 
189 24.0799.E1    (0)    9 :  0.173 0.020 0.009 0.017 0.764 0.017 
190 24.0800.E1    (0)    9 :  0.612 0.028 0.013 0.043 0.295 0.008 
191 24.0801.E1    (0)    9 :  0.054 0.008 0.009 0.027 0.890 0.013 
192 24.0802.E1    (0)    9 :  0.415 0.021 0.007 0.023 0.054 0.481 
193 24.0803.E1    (0)    9 :  0.151 0.016 0.008 0.015 0.710 0.101 
194 24.0804.E1    (0)    9 :  0.703 0.012 0.006 0.012 0.021 0.246 
195 24.0805.E1    (0)    9 :  0.117 0.020 0.013 0.211 0.625 0.015 
196 24.0806.E1    (0)    9 :  0.209 0.031 0.014 0.020 0.091 0.635 
197 24.0807.E1    (0)    9 :  0.558 0.013 0.006 0.033 0.053 0.337 
198 24.0808.E1    (0)    9 :  0.352 0.020 0.008 0.511 0.095 0.014 
199 24.0809.E1    (0)    9 :  0.284 0.059 0.021 0.151 0.475 0.011 
200 24.0810.E1    (0)    9 :  0.290 0.033 0.028 0.033 0.575 0.042 
201 24.0811.E1    (0)    9 :  0.734 0.031 0.007 0.024 0.020 0.185 
202 24.0812.E1    (0)    9 :  0.696 0.039 0.010 0.205 0.034 0.017 
203 24.0813.E1    (0)    9 :  0.185 0.013 0.010 0.516 0.040 0.236 
204 24.0814.E1    (6)    9 :  0.740 0.011 0.007 0.062 0.050 0.130 
205 24.0815.E1    (0)    9 :  0.155 0.009 0.012 0.082 0.433 0.309 
206 24.0816.E1    (0)    9 :  0.429 0.010 0.006 0.024 0.182 0.349 
207 24.0817.E1    (0)   10 :  0.922 0.022 0.009 0.021 0.016 0.010 
208 24.0818.E1    (0)   10 :  0.854 0.040 0.014 0.049 0.028 0.015 
209 24.0819.E1    (0)   10 :  0.102 0.011 0.189 0.016 0.670 0.011 
210 24.0820.E1    (0)   10 :  0.483 0.007 0.403 0.010 0.087 0.010 
211 24.0821.E1    (0)   10 :  0.246 0.019 0.008 0.224 0.487 0.015 
212 24.0822.E1    (0)   10 :  0.915 0.010 0.026 0.027 0.016 0.006 
213 24.0823.E1    (0)   10 :  0.796 0.011 0.102 0.013 0.065 0.014 
214 24.0824.E1    (0)   10 :  0.339 0.021 0.014 0.022 0.591 0.012 
215 24.0825.E1    (0)   10 :  0.950 0.010 0.011 0.013 0.008 0.008 
216 24.0826.E1    (0)   10 :  0.615 0.007 0.234 0.015 0.118 0.010 
217 24.0827.E1    (0)   10 :  0.913 0.036 0.007 0.021 0.013 0.011 
218 24.0828.E1    (0)   10 :  0.834 0.009 0.052 0.014 0.080 0.011 
219 24.0829.E1    (0)   10 :  0.935 0.009 0.017 0.014 0.019 0.008 
220 24.0830.E1    (0)   10 :  0.810 0.012 0.006 0.030 0.133 0.009 
221 24.0831.E1    (0)   10 :  0.739 0.008 0.006 0.067 0.173 0.007 
222 24.0832.E1    (0)   10 :  0.958 0.013 0.006 0.012 0.007 0.005 
223 24.0833.E1    (0)   10 :  0.965 0.007 0.007 0.010 0.006 0.006 
224 24.0834.E1    (0)   10 :  0.940 0.013 0.012 0.012 0.013 0.010 
225 24.0835.E1    (0)   10 :  0.931 0.019 0.007 0.013 0.022 0.009 
226 24.0836.E1    (0)   10 :  0.894 0.025 0.018 0.026 0.028 0.008 
227 24.0837.E1    (0)   10 :  0.941 0.011 0.010 0.019 0.014 0.006 
228 24.0838.E1    (0)   10 :  0.936 0.008 0.014 0.026 0.008 0.006 
229 24.0839.E1    (0)   10 :  0.698 0.075 0.039 0.064 0.096 0.028 
230 24.0840.E1    (0)   10 :  0.898 0.016 0.006 0.015 0.015 0.050 
231 24.0841.E1    (0)   11 :  0.915 0.023 0.023 0.019 0.014 0.006 
232 24.0842.E1    (0)   11 :  0.705 0.021 0.012 0.012 0.245 0.005 
233 24.0843.E1    (0)   11 :  0.655 0.007 0.028 0.017 0.284 0.008 
234 24.0844.E1    (0)   11 :  0.278 0.027 0.010 0.029 0.649 0.008 
235 24.0845.E1    (0)   11 :  0.889 0.009 0.007 0.057 0.031 0.007 
236 24.0846.E1    (0)   11 :  0.911 0.019 0.011 0.018 0.027 0.013 
237 24.0847.E1    (0)   11 :  0.836 0.072 0.022 0.029 0.031 0.010 
238 24.0848.E1    (0)   11 :  0.843 0.024 0.006 0.058 0.062 0.007 
239 24.0849.E1    (0)   11 :  0.949 0.009 0.013 0.009 0.014 0.006 
240 24.0850.E1    (0)   11 :  0.948 0.009 0.013 0.009 0.015 0.006 
241 24.0851.E1    (0)   11 :  0.949 0.009 0.013 0.008 0.015 0.006 
242 24.0852.E1    (0)   11 :  0.866 0.009 0.041 0.028 0.050 0.006 
243 24.0853.E1    (0)   11 :  0.953 0.006 0.015 0.009 0.009 0.008 
244 24.0854.E1    (0)   11 :  0.066 0.011 0.012 0.015 0.889 0.008 
245 24.0855.E1    (0)   11 :  0.954 0.008 0.009 0.010 0.012 0.007 
246 24.0856.E1    (0)   11 :  0.090 0.110 0.050 0.046 0.409 0.297 
247 24.0857.E1    (0)   11 :  0.851 0.032 0.018 0.028 0.055 0.015 
248 24.0858.E1    (0)   11 :  0.874 0.016 0.017 0.036 0.050 0.007 
249 24.0859.E1    (0)   11 :  0.822 0.013 0.105 0.015 0.030 0.015 
250 24.0860.E1    (0)   11 :  0.224 0.031 0.039 0.030 0.639 0.037 
251 24.0861.E1    (0)   11 :  0.951 0.008 0.015 0.010 0.010 0.006 
252 24.0862.E1    (0)   11 :  0.460 0.069 0.011 0.071 0.112 0.278 
253 24.0863.E1    (0)   11 :  0.952 0.007 0.015 0.010 0.010 0.006 
254 24.0864.E1    (0)   11 :  0.188 0.513 0.009 0.241 0.039 0.010 
255 24.0865.E1    (0)   12 :  0.257 0.021 0.466 0.175 0.063 0.018 
256 24.0866.E1    (0)   12 :  0.221 0.066 0.073 0.415 0.216 0.009 
257 24.0867.E1    (0)   12 :  0.166 0.038 0.426 0.222 0.072 0.075 
258 24.0868.E1    (0)   12 :  0.029 0.017 0.022 0.889 0.022 0.022 
259 24.0869.E1    (0)   12 :  0.092 0.025 0.016 0.820 0.013 0.033 
260 24.0870.E1    (0)   12 :  0.027 0.095 0.030 0.729 0.029 0.090 
261 24.0871.E1    (0)   12 :  0.045 0.344 0.013 0.437 0.094 0.067 
262 24.0872.E1    (0)   12 :  0.043 0.024 0.339 0.313 0.266 0.016 
263 24.0873.E1    (0)   12 :  0.099 0.051 0.048 0.729 0.050 0.024 
264 24.0874.E1    (0)   12 :  0.248 0.023 0.454 0.159 0.102 0.015 
265 24.0875.E1    (0)   12 :  0.015 0.037 0.019 0.243 0.672 0.014 
266 24.0876.E1    (0)   12 :  0.009 0.246 0.042 0.192 0.493 0.018 
267 24.0877.E1    (0)   12 :  0.008 0.882 0.057 0.020 0.025 0.008 
268 24.0878.E1    (0)   12 :  0.035 0.881 0.012 0.051 0.012 0.009 
269 24.0879.E1    (0)   12 :  0.009 0.754 0.008 0.021 0.195 0.013 
270 24.0880.E1    (0)   12 :  0.301 0.060 0.022 0.552 0.043 0.022 
271 24.0881.E1    (0)   12 :  0.008 0.950 0.016 0.007 0.009 0.011 
272 24.0882.E1    (0)   12 :  0.012 0.218 0.723 0.017 0.021 0.009 
273 24.0883.E1    (0)   12 :  0.014 0.393 0.322 0.018 0.241 0.013 
274 24.0884.E1    (0)   12 :  0.009 0.922 0.036 0.012 0.011 0.010 
275 24.0885.E1    (0)   12 :  0.011 0.884 0.011 0.060 0.019 0.015 
276 24.0886.E1    (0)   12 :  0.014 0.699 0.204 0.020 0.057 0.006 
277 24.0887.E1    (0)   12 :  0.006 0.058 0.726 0.010 0.188 0.012 
278 24.0888.E1    (0)   12 :  0.012 0.022 0.008 0.879 0.068 0.011 


Estimated Allele Frequencies in each cluster
First column gives estimated ancestral frequencies


Locus 1 : 
31 alleles
0.0% missing data
 115   (0.036) 0.004 0.149 0.032 0.018 0.021 0.004 
 117   (0.041) 0.004 0.178 0.168 0.011 0.045 0.004 
 119   (0.043) 0.003 0.225 0.265 0.008 0.008 0.206 
 131   (0.015) 0.001 0.039 0.003 0.003 0.002 0.001 
 128   (0.036) 0.016 0.043 0.004 0.027 0.030 0.004 
 135   (0.015) 0.002 0.046 0.004 0.003 0.003 0.001 
 126   (0.079) 0.163 0.070 0.087 0.065 0.076 0.014 
 122   (0.032) 0.008 0.013 0.002 0.020 0.033 0.153 
 132   (0.031) 0.031 0.005 0.016 0.023 0.017 0.005 
 141   (0.011) 0.001 0.007 0.001 0.002 0.002 0.003 
 130   (0.052) 0.027 0.010 0.022 0.091 0.054 0.024 
 134   (0.036) 0.043 0.005 0.003 0.030 0.011 0.113 
 145   (0.027) 0.013 0.004 0.020 0.015 0.024 0.012 
 127   (0.027) 0.002 0.023 0.143 0.006 0.006 0.032 
 116   (0.109) 0.191 0.035 0.041 0.239 0.110 0.191 
 114   (0.049) 0.156 0.007 0.009 0.042 0.056 0.092 
 120   (0.041) 0.003 0.010 0.005 0.041 0.074 0.073 
 110   (0.047) 0.053 0.038 0.022 0.020 0.050 0.025 
 133   (0.016) 0.001 0.003 0.012 0.003 0.008 0.007 
 118   (0.095) 0.216 0.017 0.033 0.256 0.320 0.015 
 125   (0.014) 0.010 0.002 0.001 0.005 0.004 0.003 
 129   (0.021) 0.001 0.038 0.007 0.006 0.011 0.002 
 124   (0.017) 0.001 0.005 0.002 0.011 0.016 0.002 
 136   (0.023) 0.037 0.004 0.002 0.026 0.004 0.003 
 121   (0.016) 0.001 0.006 0.056 0.003 0.002 0.001 
 139   (0.012) 0.001 0.009 0.001 0.002 0.002 0.001 
 113   (0.012) 0.001 0.001 0.012 0.002 0.002 0.001 
 111   (0.011) 0.001 0.002 0.012 0.002 0.002 0.001 
 143   (0.012) 0.001 0.001 0.013 0.002 0.002 0.001 
 140   (0.013) 0.001 0.001 0.001 0.014 0.003 0.003 
 112   (0.012) 0.008 0.001 0.001 0.002 0.002 0.001 

Locus 2 : 
18 alleles
0.0% missing data
 152   (0.378) 0.297 0.590 0.740 0.378 0.421 0.438 
 148   (0.066) 0.006 0.178 0.056 0.032 0.032 0.182 
 154   (0.110) 0.154 0.056 0.057 0.114 0.058 0.238 
 156   (0.018) 0.002 0.011 0.001 0.006 0.004 0.003 
 150   (0.024) 0.002 0.006 0.040 0.005 0.005 0.051 
 164   (0.073) 0.084 0.081 0.014 0.085 0.036 0.020 
 158   (0.032) 0.003 0.018 0.008 0.007 0.075 0.022 
 160   (0.019) 0.001 0.002 0.021 0.012 0.003 0.002 
 166   (0.022) 0.002 0.004 0.002 0.017 0.019 0.010 
 151   (0.071) 0.327 0.009 0.006 0.155 0.138 0.007 
 147   (0.064) 0.105 0.008 0.009 0.111 0.155 0.009 
 168   (0.023) 0.003 0.005 0.003 0.019 0.018 0.003 
 153   (0.016) 0.002 0.002 0.002 0.014 0.005 0.002 
 149   (0.025) 0.002 0.004 0.011 0.016 0.019 0.002 
 162   (0.019) 0.010 0.005 0.003 0.008 0.005 0.009 
 167   (0.014) 0.001 0.018 0.001 0.002 0.002 0.001 
 146   (0.014) 0.001 0.001 0.025 0.002 0.002 0.001 
 172   (0.014) 0.001 0.002 0.001 0.017 0.002 0.001 

Locus 3 : 
4 alleles
0.0% missing data
 128   (0.293) 0.376 0.243 0.394 0.250 0.299 0.284 
 126   (0.613) 0.540 0.689 0.597 0.707 0.602 0.653 
 132   (0.079) 0.083 0.066 0.007 0.041 0.079 0.057 
 134   (0.015) 0.001 0.002 0.001 0.003 0.020 0.007 

Locus 4 : 
3 alleles
0.0% missing data
 170   (0.316) 0.342 0.283 0.266 0.302 0.279 0.393 
 172   (0.670) 0.657 0.715 0.731 0.694 0.719 0.599 
 171   (0.013) 0.001 0.002 0.003 0.004 0.002 0.008 

Locus 5 : 
37 alleles
0.0% missing data
 125   (0.053) 0.078 0.053 0.052 0.025 0.078 0.056 
 110   (0.037) 0.061 0.024 0.012 0.008 0.055 0.032 
 129   (0.036) 0.031 0.047 0.003 0.065 0.026 0.004 
 113   (0.032) 0.040 0.011 0.003 0.089 0.017 0.011 
 145   (0.052) 0.019 0.212 0.101 0.045 0.064 0.006 
 155   (0.047) 0.046 0.126 0.015 0.022 0.038 0.178 
 117   (0.030) 0.003 0.036 0.042 0.052 0.008 0.006 
 124   (0.011) 0.001 0.017 0.001 0.002 0.002 0.001 
 133   (0.034) 0.003 0.035 0.067 0.049 0.021 0.003 
 157   (0.049) 0.031 0.008 0.024 0.107 0.119 0.021 
 141   (0.016) 0.003 0.006 0.001 0.026 0.003 0.002 
 112   (0.067) 0.145 0.081 0.146 0.054 0.034 0.164 
 121   (0.020) 0.028 0.005 0.003 0.013 0.008 0.021 
 114   (0.044) 0.046 0.056 0.174 0.038 0.010 0.018 
 153   (0.047) 0.089 0.061 0.004 0.029 0.203 0.010 
 127   (0.067) 0.129 0.066 0.094 0.112 0.046 0.038 
 131   (0.059) 0.043 0.053 0.166 0.027 0.092 0.192 
 135   (0.030) 0.052 0.009 0.003 0.026 0.048 0.005 
 104   (0.011) 0.001 0.002 0.003 0.004 0.002 0.007 
 118   (0.020) 0.001 0.017 0.003 0.011 0.006 0.012 
 116   (0.027) 0.013 0.019 0.003 0.012 0.017 0.050 
 137   (0.019) 0.003 0.007 0.006 0.009 0.010 0.134 
 123   (0.019) 0.059 0.008 0.002 0.004 0.021 0.005 
 149   (0.010) 0.004 0.004 0.001 0.004 0.002 0.001 
 138   (0.013) 0.002 0.001 0.001 0.034 0.008 0.001 
 143   (0.026) 0.039 0.003 0.059 0.015 0.013 0.003 
 163   (0.010) 0.001 0.002 0.001 0.006 0.002 0.005 
 109   (0.011) 0.001 0.003 0.001 0.014 0.002 0.001 
 139   (0.010) 0.001 0.001 0.001 0.007 0.003 0.001 
 106   (0.009) 0.001 0.001 0.001 0.008 0.002 0.001 
 144   (0.016) 0.002 0.002 0.001 0.025 0.011 0.002 
 122   (0.011) 0.001 0.014 0.004 0.002 0.002 0.001 
 100   (0.018) 0.016 0.004 0.001 0.017 0.012 0.003 
 111   (0.010) 0.001 0.001 0.001 0.022 0.003 0.001 
 233   (0.010) 0.002 0.001 0.001 0.004 0.008 0.001 
 134   (0.010) 0.006 0.001 0.001 0.003 0.004 0.001 
 140   (0.009) 0.001 0.001 0.001 0.008 0.002 0.001 

Locus 6 : 
17 alleles
0.0% missing data
 221   (0.026) 0.002 0.102 0.068 0.005 0.004 0.003 
 232   (0.237) 0.416 0.171 0.454 0.298 0.329 0.150 
 229   (0.055) 0.051 0.090 0.047 0.012 0.033 0.046 
 223   (0.058) 0.039 0.101 0.009 0.035 0.073 0.008 
 230   (0.155) 0.144 0.114 0.272 0.221 0.113 0.147 
 235   (0.015) 0.001 0.051 0.001 0.003 0.002 0.002 
 236   (0.040) 0.005 0.067 0.007 0.024 0.022 0.032 
 227   (0.021) 0.001 0.050 0.003 0.006 0.011 0.002 
 220   (0.053) 0.076 0.008 0.004 0.042 0.054 0.164 
 222   (0.041) 0.016 0.005 0.003 0.048 0.042 0.275 
 234   (0.139) 0.102 0.132 0.093 0.139 0.186 0.141 
 224   (0.035) 0.042 0.004 0.002 0.027 0.050 0.004 
 228   (0.055) 0.060 0.015 0.005 0.124 0.060 0.007 
 225   (0.013) 0.002 0.005 0.001 0.002 0.002 0.005 
 226   (0.018) 0.040 0.004 0.001 0.004 0.004 0.009 
 233   (0.026) 0.002 0.046 0.030 0.007 0.014 0.002 
 231   (0.014) 0.001 0.034 0.001 0.003 0.002 0.001 

Locus 7 : 
10 alleles
0.0% missing data
 121   (0.694) 0.732 0.861 0.753 0.831 0.729 0.804 
 129   (0.078) 0.138 0.085 0.097 0.033 0.056 0.011 
 130   (0.016) 0.004 0.003 0.002 0.003 0.014 0.006 
 123   (0.097) 0.115 0.028 0.090 0.057 0.129 0.121 
 128   (0.022) 0.001 0.003 0.020 0.004 0.010 0.027 
 131   (0.015) 0.002 0.002 0.002 0.003 0.005 0.023 
 117   (0.013) 0.001 0.001 0.001 0.009 0.002 0.001 
 125   (0.013) 0.001 0.001 0.001 0.002 0.025 0.001 
 134   (0.038) 0.005 0.013 0.014 0.053 0.027 0.006 
 132   (0.014) 0.001 0.002 0.021 0.004 0.002 0.001 

Locus 8 : 
19 alleles
0.0% missing data
 184   (0.295) 0.312 0.473 0.377 0.370 0.500 0.458 
 194   (0.047) 0.009 0.032 0.032 0.062 0.016 0.021 
 178   (0.088) 0.196 0.178 0.076 0.051 0.034 0.172 
 176   (0.080) 0.045 0.051 0.189 0.098 0.090 0.011 
 182   (0.080) 0.072 0.050 0.170 0.095 0.063 0.030 
 190   (0.033) 0.015 0.006 0.035 0.008 0.024 0.057 
 196   (0.023) 0.036 0.009 0.002 0.013 0.008 0.002 
 200   (0.031) 0.002 0.014 0.011 0.020 0.032 0.008 
 180   (0.025) 0.003 0.007 0.002 0.005 0.046 0.061 
 188   (0.040) 0.041 0.025 0.007 0.043 0.014 0.008 
 174   (0.044) 0.003 0.031 0.036 0.034 0.044 0.017 
 186   (0.114) 0.208 0.105 0.054 0.164 0.067 0.125 
 192   (0.025) 0.042 0.009 0.003 0.006 0.016 0.011 
 201   (0.011) 0.001 0.001 0.001 0.002 0.006 0.009 
 199   (0.017) 0.005 0.002 0.001 0.007 0.022 0.005 
 185   (0.012) 0.003 0.001 0.001 0.005 0.004 0.001 
 203   (0.011) 0.001 0.002 0.001 0.008 0.002 0.001 
 198   (0.011) 0.002 0.001 0.001 0.007 0.003 0.001 
 209   (0.011) 0.002 0.001 0.001 0.002 0.010 0.001 

Locus 9 : 
6 alleles
0.4% missing data
 154   (0.690) 0.822 0.699 0.665 0.750 0.713 0.796 
 156   (0.212) 0.090 0.187 0.321 0.187 0.262 0.194 
 152   (0.046) 0.083 0.066 0.006 0.031 0.008 0.004 
 153   (0.014) 0.002 0.003 0.001 0.013 0.003 0.003 
 160   (0.015) 0.002 0.002 0.001 0.011 0.011 0.001 
 164   (0.022) 0.001 0.044 0.006 0.008 0.003 0.002 

Locus 10 : 
29 alleles
0.7% missing data
 305   (0.064) 0.015 0.083 0.009 0.074 0.022 0.238 
 313   (0.049) 0.025 0.109 0.005 0.038 0.019 0.011 
 311   (0.016) 0.001 0.011 0.001 0.004 0.009 0.001 
 299   (0.100) 0.201 0.214 0.032 0.096 0.102 0.028 
 315   (0.076) 0.015 0.070 0.079 0.111 0.024 0.058 
 287   (0.025) 0.003 0.010 0.003 0.006 0.364 0.004 
 291   (0.115) 0.310 0.140 0.040 0.190 0.034 0.057 
 295   (0.027) 0.003 0.125 0.002 0.026 0.005 0.004 
 289   (0.019) 0.008 0.003 0.002 0.005 0.088 0.002 
 303   (0.049) 0.136 0.010 0.532 0.029 0.035 0.031 
 297   (0.037) 0.073 0.041 0.110 0.009 0.013 0.004 
 293   (0.017) 0.001 0.014 0.001 0.007 0.080 0.002 
 301   (0.053) 0.007 0.058 0.006 0.084 0.016 0.103 
 285   (0.020) 0.011 0.002 0.002 0.006 0.012 0.336 
 307   (0.057) 0.060 0.033 0.157 0.043 0.014 0.026 
 312   (0.056) 0.058 0.011 0.005 0.087 0.045 0.052 
 306   (0.024) 0.003 0.009 0.002 0.055 0.005 0.002 
 320   (0.014) 0.001 0.002 0.001 0.017 0.002 0.001 
 317   (0.023) 0.020 0.013 0.002 0.021 0.015 0.002 
 314   (0.026) 0.002 0.026 0.002 0.012 0.016 0.002 
 323   (0.012) 0.001 0.002 0.001 0.005 0.007 0.001 
 325   (0.012) 0.001 0.002 0.001 0.005 0.007 0.001 
 310   (0.019) 0.018 0.003 0.001 0.010 0.012 0.002 
 309   (0.013) 0.001 0.002 0.001 0.015 0.005 0.002 
 316   (0.018) 0.006 0.002 0.001 0.020 0.004 0.002 
 296   (0.013) 0.001 0.002 0.001 0.008 0.003 0.001 
 304   (0.019) 0.014 0.002 0.001 0.004 0.012 0.023 
 321   (0.015) 0.003 0.002 0.001 0.005 0.017 0.003 
 332   (0.013) 0.003 0.002 0.001 0.005 0.016 0.001 

Locus 11 : 
19 alleles
0.0% missing data
 114   (0.146) 0.013 0.230 0.212 0.182 0.070 0.271 
 126   (0.020) 0.001 0.046 0.004 0.004 0.003 0.009 
 111   (0.087) 0.574 0.152 0.007 0.024 0.205 0.038 
 116   (0.102) 0.019 0.131 0.219 0.071 0.122 0.032 
 132   (0.013) 0.001 0.008 0.001 0.003 0.002 0.001 
 109   (0.016) 0.001 0.035 0.001 0.003 0.002 0.001 
 128   (0.018) 0.002 0.008 0.001 0.011 0.003 0.002 
 112   (0.323) 0.044 0.302 0.498 0.557 0.310 0.573 
 122   (0.017) 0.002 0.002 0.008 0.007 0.006 0.007 
 124   (0.012) 0.001 0.001 0.002 0.002 0.002 0.016 
 118   (0.053) 0.011 0.028 0.032 0.027 0.080 0.022 
 127   (0.013) 0.001 0.001 0.001 0.009 0.002 0.001 
 113   (0.048) 0.276 0.007 0.004 0.033 0.086 0.009 
 115   (0.036) 0.004 0.028 0.003 0.016 0.068 0.004 
 120   (0.024) 0.035 0.005 0.002 0.012 0.005 0.003 
 117   (0.023) 0.007 0.003 0.002 0.012 0.014 0.003 
 125   (0.020) 0.002 0.002 0.001 0.017 0.014 0.002 
 119   (0.016) 0.007 0.002 0.001 0.009 0.003 0.004 
 136   (0.013) 0.001 0.007 0.001 0.002 0.004 0.001 

Locus 12 : 
28 alleles
0.7% missing data
 306   (0.064) 0.024 0.082 0.009 0.050 0.027 0.261 
 314   (0.053) 0.071 0.097 0.006 0.029 0.027 0.007 
 312   (0.013) 0.001 0.018 0.001 0.002 0.002 0.001 
 300   (0.105) 0.200 0.225 0.032 0.096 0.103 0.028 
 316   (0.043) 0.014 0.063 0.073 0.010 0.007 0.050 
 288   (0.024) 0.003 0.009 0.003 0.006 0.355 0.004 
 292   (0.126) 0.313 0.143 0.041 0.192 0.041 0.057 
 296   (0.033) 0.004 0.125 0.003 0.034 0.006 0.004 
 290   (0.020) 0.008 0.003 0.002 0.006 0.089 0.002 
 304   (0.052) 0.136 0.010 0.536 0.029 0.035 0.031 
 298   (0.038) 0.072 0.041 0.111 0.009 0.014 0.004 
 294   (0.020) 0.001 0.014 0.001 0.007 0.081 0.002 
 302   (0.056) 0.007 0.059 0.007 0.084 0.016 0.101 
 286   (0.022) 0.011 0.003 0.002 0.006 0.012 0.344 
 308   (0.035) 0.003 0.016 0.150 0.025 0.010 0.024 
 313   (0.046) 0.005 0.011 0.004 0.102 0.039 0.054 
 307   (0.045) 0.065 0.026 0.006 0.072 0.008 0.004 
 321   (0.014) 0.001 0.002 0.001 0.017 0.002 0.001 
 315   (0.049) 0.004 0.032 0.004 0.111 0.037 0.006 
 318   (0.019) 0.023 0.004 0.001 0.019 0.013 0.002 
 324   (0.013) 0.001 0.002 0.001 0.005 0.007 0.001 
 326   (0.013) 0.001 0.002 0.001 0.005 0.007 0.001 
 311   (0.024) 0.026 0.005 0.002 0.015 0.028 0.002 
 310   (0.015) 0.001 0.002 0.001 0.015 0.005 0.002 
 305   (0.015) 0.001 0.002 0.001 0.025 0.002 0.001 
 317   (0.015) 0.001 0.002 0.001 0.017 0.003 0.001 
 320   (0.013) 0.002 0.002 0.001 0.004 0.009 0.001 
 322   (0.014) 0.003 0.002 0.001 0.005 0.017 0.003 

Locus 13 : 
7 alleles
1.1% missing data
 161   (0.594) 0.374 0.686 0.891 0.632 0.578 0.122 
 163   (0.299) 0.545 0.238 0.039 0.342 0.402 0.065 
 160   (0.018) 0.001 0.002 0.001 0.003 0.003 0.400 
 162   (0.017) 0.001 0.002 0.001 0.003 0.002 0.404 
 165   (0.042) 0.076 0.064 0.005 0.013 0.009 0.006 
 166   (0.014) 0.001 0.006 0.003 0.004 0.003 0.002 
 164   (0.016) 0.001 0.002 0.060 0.003 0.002 0.001 

Locus 14 : 
4 alleles
0.4% missing data
  98   (0.955) 0.997 0.987 0.985 0.981 0.990 0.996 
 100   (0.014) 0.001 0.002 0.003 0.007 0.004 0.001 
  96   (0.018) 0.001 0.010 0.011 0.004 0.003 0.002 
 105   (0.014) 0.001 0.002 0.001 0.008 0.003 0.001 

Locus 15 : 
12 alleles
2.2% missing data
 171   (0.301) 0.325 0.370 0.195 0.316 0.399 0.202 
 177   (0.187) 0.093 0.195 0.076 0.185 0.253 0.303 
 173   (0.254) 0.534 0.318 0.097 0.309 0.183 0.196 
 179   (0.101) 0.021 0.066 0.504 0.059 0.104 0.273 
 183   (0.021) 0.003 0.021 0.011 0.007 0.006 0.003 
 181   (0.040) 0.018 0.008 0.094 0.046 0.007 0.005 
 197   (0.023) 0.002 0.009 0.017 0.024 0.003 0.002 
 170   (0.014) 0.001 0.002 0.001 0.012 0.008 0.002 
 189   (0.015) 0.001 0.003 0.001 0.012 0.003 0.009 
 203   (0.016) 0.001 0.005 0.001 0.022 0.002 0.001 
 187   (0.015) 0.001 0.002 0.001 0.004 0.023 0.001 
 198   (0.013) 0.001 0.001 0.001 0.004 0.009 0.001 

Values of parameters used in structure:
DATAFILE=STRUCTURE_main_final_278_HEG_ZG.str,	OUTFILE=STRUCTURE_main_final_278_HEG_ZG-K6-17,	NUMINDS=278,	NUMLOCI=15,	MISSING=-9,	LABEL=1,	POPDATA=1,	POPFLAG=0,	PHENOTYPE=0,	EXTRACOLS=0,	MAXPOPS=6,	BURNIN=100000,	NUMREPS=500000,	USEPOPINFO=0,	INFERALPHA=1,	INFERLAMBDA=0,	POPSPECIFICLAMBDA=0,	POPALPHAS=0,	COMPUTEPROB=1,	NOADMIX=0,	ADMBURNIN=2500,	UPDATEFREQ=1,	PRINTLIKES=0,	INTERMEDSAVE=0,	PRINTKLD=0,	PRINTNET=0,	PRINTLAMBDA=0,	ANCESTDIST=0,	NUMBOXES=1000,	ANCESTPINT=0.90000,	GENSBACK=2,	MIGRPRIOR=0.05000,	PRINTQHAT=0,	PRINTQSUM=0,	ALPHA=1.0000,	FREQSCORR=1,	FPRIORMEAN=0.0100,	FPRIORSD=0.0500,	ONEFST=0,	LAMBDA=1.0000,	UNIFPRIORALPHA=1,	ALPHAMAX=10.0000,	ALPHAPRIORA=1.0000,	ALPHAPRIORB=2.0000,	ALPHAPROPSD=0.0250,	STARTATPOPINFO=0,	RANDOMIZE=1,	LINKAGE=0,	METROFREQ=10,	REPORTHITRATE=0,	MARKOVPHASE=-1,	PHASED=0,	PLOIDY=2,	PHASEINFO=0	LOCPRIOR=0, 	LOCPRIORINIT=1.000000, 	LOCDATA=0, 	LOCISPOP=0, 	LOCPRIORSTEP=0.100000, 	MAXLOCPRIOR=20.000000, 	SEED=1782481581,	
[STRAT parameters]:    NUMSIMSTATS=1000,	PHENOTYPECOL=-9,	POOLFREQ=10,	LOCUSxONLY=0,	EMERROR=0.00100,	MISSINGPHENO=-9,	