

----------------------------------------------------
STRUCTURE by Pritchard, Stephens and Donnelly (2000)
     and Falush, Stephens and Pritchard (2003)
       Code by Pritchard, Falush and Hubisz
             Version 2.3.4 (Jul 2012)
----------------------------------------------------



Command line arguments:   structure -K 12 -i STRUCTURE_main_final_278_HEG_ZG.str -o STRUCTURE_main_final_278_HEG_ZG-K12-8 
Input File:    STRUCTURE_main_final_278_HEG_ZG.str

Run parameters:
   278 individuals
   15 loci
   12 populations assumed
   100000 Burn-in period
   500000 Reps


--------------------------------------------
Proportion of membership of each pre-defined
 population in each of the 12 clusters

Given    Inferred Clusters                                                                      Number of
 Pop       1      2      3      4      5      6      7      8      9     10     11     12      Individuals

  1:     0.105  0.031  0.055  0.013  0.036  0.013  0.079  0.011  0.032  0.067  0.019  0.538       24
  2:     0.036  0.011  0.218  0.035  0.034  0.017  0.016  0.503  0.018  0.055  0.039  0.018       24
  3:     0.014  0.066  0.049  0.235  0.026  0.286  0.045  0.007  0.012  0.010  0.234  0.016       24
  4:     0.111  0.047  0.075  0.040  0.469  0.072  0.046  0.015  0.021  0.034  0.032  0.039       24
  5:     0.109  0.194  0.042  0.092  0.182  0.222  0.017  0.018  0.031  0.054  0.013  0.025       24
  6:     0.081  0.062  0.029  0.026  0.090  0.033  0.013  0.022  0.013  0.176  0.022  0.433       24
  7:     0.043  0.009  0.048  0.016  0.049  0.013  0.015  0.012  0.022  0.716  0.008  0.048       24
  8:     0.082  0.028  0.035  0.014  0.055  0.637  0.058  0.009  0.012  0.011  0.039  0.021       14
  9:     0.034  0.349  0.046  0.029  0.013  0.029  0.047  0.024  0.353  0.006  0.035  0.034       24
 10:     0.060  0.032  0.013  0.040  0.011  0.030  0.595  0.008  0.035  0.014  0.153  0.011       24
 11:     0.049  0.104  0.043  0.073  0.031  0.020  0.231  0.007  0.082  0.010  0.334  0.017       24
 12:     0.076  0.010  0.029  0.045  0.180  0.086  0.043  0.015  0.078  0.107  0.070  0.261       24
--------------------------------------------

Allele-freq. divergence among pops (Net nucleotide distance),
computed using point estimates of P.

      1       2       3       4       5       6       7       8       9      10      11      12      
 1      -    0.0572  0.1019  0.0892  0.0491  0.0428  0.0720  0.0844  0.0863  0.0927  0.0878  0.0464  
 2   0.0572     -    0.1225  0.1130  0.0838  0.0527  0.0673  0.1068  0.1036  0.1312  0.0876  0.0583  
 3   0.1019  0.1225     -    0.1427  0.0899  0.0946  0.1452  0.1313  0.1322  0.1078  0.1481  0.0933  
 4   0.0892  0.1130  0.1427     -    0.0922  0.0770  0.1211  0.1373  0.1136  0.1409  0.1234  0.0975  
 5   0.0491  0.0838  0.0899  0.0922     -    0.0393  0.0770  0.0927  0.0585  0.0754  0.0987  0.0390  
 6   0.0428  0.0527  0.0946  0.0770  0.0393     -    0.0595  0.0798  0.0734  0.0932  0.0770  0.0439  
 7   0.0720  0.0673  0.1452  0.1211  0.0770  0.0595     -    0.1222  0.0805  0.1486  0.0867  0.0754  
 8   0.0844  0.1068  0.1313  0.1373  0.0927  0.0798  0.1222     -    0.1357  0.1361  0.1509  0.0864  
 9   0.0863  0.1036  0.1322  0.1136  0.0585  0.0734  0.0805  0.1357     -    0.1188  0.1090  0.0616  
10   0.0927  0.1312  0.1078  0.1409  0.0754  0.0932  0.1486  0.1361  0.1188     -    0.0969  0.0777  
11   0.0878  0.0876  0.1481  0.1234  0.0987  0.0770  0.0867  0.1509  0.1090  0.0969     -    0.0970  
12   0.0464  0.0583  0.0933  0.0975  0.0390  0.0439  0.0754  0.0864  0.0616  0.0777  0.0970     -    

Average distances (expected heterozygosity) between individuals in same cluster:
cluster  1  : 0.6101 
cluster  2  : 0.5895 
cluster  3  : 0.5283 
cluster  4  : 0.5717 
cluster  5  : 0.6013 
cluster  6  : 0.6306 
cluster  7  : 0.5978 
cluster  8  : 0.5893 
cluster  9  : 0.5423 
cluster 10  : 0.5375 
cluster 11  : 0.5419 
cluster 12  : 0.6115 

--------------------------------------------
Estimated Ln Prob of Data   = -12151.4
Mean value of ln likelihood = -11332.1
Variance of ln likelihood   = 1638.5
Mean value of alpha         = 0.0497

Mean value of Fst_1         = 0.1909
Mean value of Fst_2         = 0.1867
Mean value of Fst_3         = 0.2823
Mean value of Fst_4         = 0.2126
Mean value of Fst_5         = 0.1187
Mean value of Fst_6         = 0.0754
Mean value of Fst_7         = 0.1760
Mean value of Fst_8         = 0.2379
Mean value of Fst_9         = 0.2218
Mean value of Fst_10         = 0.2285
Mean value of Fst_11         = 0.2378
Mean value of Fst_12         = 0.1033


Inferred ancestry of individuals:
        Label (%Miss) Pop:  Inferred clusters
  1 24.0601.E1    (0)    1 :  0.016 0.006 0.270 0.009 0.009 0.006 0.007 0.007 0.006 0.014 0.011 0.639 
  2 24.0602.E1    (0)    1 :  0.048 0.026 0.007 0.011 0.007 0.008 0.012 0.005 0.008 0.010 0.010 0.847 
  3 24.0603.E1    (0)    1 :  0.014 0.027 0.015 0.008 0.034 0.038 0.005 0.005 0.008 0.020 0.007 0.819 
  4 24.0604.E1    (0)    1 :  0.022 0.005 0.005 0.146 0.087 0.005 0.034 0.013 0.020 0.005 0.005 0.652 
  5 24.0605.E1    (0)    1 :  0.020 0.023 0.144 0.007 0.033 0.009 0.011 0.005 0.022 0.046 0.016 0.665 
  6 24.0606.E1    (0)    1 :  0.029 0.082 0.018 0.005 0.134 0.008 0.020 0.006 0.007 0.020 0.007 0.664 
  7 24.0607.E1    (0)    1 :  0.055 0.179 0.010 0.009 0.014 0.018 0.010 0.006 0.315 0.323 0.007 0.055 
  8 24.0608.E1    (0)    1 :  0.029 0.010 0.011 0.006 0.008 0.007 0.031 0.004 0.019 0.098 0.147 0.632 
  9 24.0609.E1    (0)    1 :  0.072 0.009 0.005 0.008 0.200 0.036 0.404 0.006 0.054 0.006 0.013 0.188 
 10 24.0610.E1    (0)    1 :  0.010 0.015 0.005 0.004 0.059 0.017 0.379 0.006 0.010 0.008 0.005 0.482 
 11 24.0611.E1    (0)    1 :  0.012 0.010 0.148 0.005 0.022 0.008 0.044 0.006 0.020 0.006 0.006 0.715 
 12 24.0612.E1    (0)    1 :  0.009 0.012 0.272 0.012 0.006 0.007 0.007 0.005 0.007 0.015 0.005 0.643 
 13 24.0613.E1    (0)    1 :  0.008 0.009 0.004 0.005 0.033 0.005 0.016 0.009 0.008 0.005 0.005 0.892 
 14 24.0614.E1    (0)    1 :  0.254 0.075 0.008 0.006 0.010 0.008 0.012 0.006 0.034 0.272 0.110 0.204 
 15 24.0615.E1    (0)    1 :  0.086 0.022 0.011 0.020 0.012 0.009 0.160 0.022 0.065 0.050 0.023 0.523 
 16 24.0616.E1    (0)    1 :  0.015 0.010 0.009 0.006 0.011 0.005 0.011 0.014 0.026 0.005 0.006 0.882 
 17 24.0617.E1    (0)    1 :  0.029 0.036 0.012 0.006 0.016 0.010 0.534 0.031 0.031 0.020 0.009 0.264 
 18 24.0618.E1    (0)    1 :  0.011 0.090 0.025 0.005 0.035 0.015 0.047 0.005 0.011 0.005 0.020 0.731 
 19 24.0619.E1    (0)    1 :  0.787 0.008 0.008 0.005 0.011 0.006 0.012 0.016 0.009 0.005 0.005 0.128 
 20 24.0620.E1   (20)    1 :  0.072 0.011 0.032 0.010 0.085 0.020 0.042 0.015 0.042 0.635 0.009 0.027 
 21 24.0621.E1    (0)    1 :  0.842 0.044 0.005 0.004 0.006 0.006 0.040 0.005 0.008 0.004 0.016 0.020 
 22 24.0622.E1    (0)    1 :  0.009 0.008 0.014 0.005 0.017 0.016 0.011 0.016 0.005 0.010 0.006 0.884 
 23 24.0623.E1    (0)    1 :  0.059 0.018 0.283 0.010 0.015 0.030 0.045 0.046 0.018 0.025 0.014 0.437 
 24 24.0624.E1    (0)    1 :  0.008 0.013 0.004 0.004 0.005 0.006 0.010 0.007 0.005 0.006 0.005 0.927 
 25 24.0625.E1    (0)    2 :  0.010 0.017 0.480 0.031 0.037 0.017 0.009 0.132 0.006 0.083 0.163 0.014 
 26 24.0626.E1    (0)    2 :  0.005 0.004 0.211 0.004 0.004 0.004 0.003 0.594 0.004 0.043 0.120 0.005 
 27 24.0627.E1    (0)    2 :  0.028 0.005 0.107 0.378 0.040 0.009 0.005 0.372 0.011 0.028 0.012 0.007 
 28 24.0628.E1    (0)    2 :  0.012 0.007 0.025 0.006 0.050 0.024 0.064 0.514 0.014 0.120 0.138 0.027 
 29 24.0629.E1    (0)    2 :  0.008 0.023 0.007 0.008 0.007 0.016 0.011 0.810 0.010 0.007 0.007 0.086 
 30 24.0630.E1    (0)    2 :  0.006 0.007 0.008 0.006 0.014 0.010 0.004 0.806 0.004 0.091 0.037 0.006 
 31 24.0631.E1    (0)    2 :  0.004 0.004 0.005 0.004 0.003 0.004 0.003 0.958 0.003 0.004 0.003 0.005 
 32 24.0632.E1    (0)    2 :  0.005 0.007 0.005 0.009 0.008 0.005 0.005 0.912 0.005 0.026 0.005 0.007 
 33 24.0633.E1    (0)    2 :  0.109 0.016 0.012 0.006 0.038 0.027 0.008 0.378 0.005 0.052 0.336 0.013 
 34 24.0634.E1    (0)    2 :  0.012 0.019 0.055 0.009 0.014 0.019 0.010 0.821 0.005 0.006 0.020 0.010 
 35 24.0635.E1    (0)    2 :  0.172 0.014 0.172 0.024 0.025 0.154 0.026 0.313 0.028 0.022 0.022 0.028 
 36 24.0636.E1   (33)    2 :  0.030 0.009 0.097 0.031 0.142 0.022 0.011 0.022 0.007 0.583 0.009 0.037 
 37 24.0637.E1    (0)    2 :  0.003 0.003 0.957 0.003 0.004 0.004 0.003 0.009 0.003 0.004 0.003 0.004 
 38 24.0638.E1    (0)    2 :  0.077 0.013 0.006 0.010 0.031 0.028 0.005 0.806 0.006 0.005 0.005 0.008 
 39 24.0639.E1    (0)    2 :  0.007 0.026 0.680 0.025 0.008 0.011 0.124 0.037 0.013 0.018 0.008 0.044 
 40 24.0640.E1    (0)    2 :  0.007 0.011 0.008 0.006 0.008 0.007 0.007 0.917 0.007 0.007 0.006 0.009 
 41 24.0641.E1    (0)    2 :  0.248 0.045 0.028 0.009 0.008 0.012 0.016 0.341 0.229 0.018 0.009 0.039 
 42 24.0642.E1    (0)    2 :  0.069 0.004 0.405 0.006 0.276 0.007 0.004 0.125 0.006 0.055 0.006 0.038 
 43 24.0643.E1    (0)    2 :  0.013 0.013 0.030 0.246 0.011 0.008 0.010 0.579 0.004 0.074 0.006 0.007 
 44 24.0644.E1    (0)    2 :  0.009 0.004 0.006 0.004 0.010 0.005 0.013 0.922 0.012 0.005 0.005 0.006 
 45 24.0645.E1    (0)    2 :  0.007 0.005 0.015 0.007 0.065 0.006 0.020 0.761 0.034 0.063 0.004 0.013 
 46 24.0646.E1    (0)    2 :  0.009 0.004 0.006 0.004 0.010 0.005 0.013 0.921 0.012 0.004 0.005 0.006 
 47 24.0647.E1    (0)    2 :  0.003 0.003 0.956 0.003 0.004 0.004 0.003 0.009 0.004 0.004 0.003 0.004 
 48 24.0648.E1    (0)    2 :  0.003 0.003 0.956 0.003 0.004 0.004 0.003 0.009 0.004 0.005 0.003 0.004 
 49 24.0649.E1    (0)    3 :  0.005 0.011 0.003 0.009 0.006 0.921 0.012 0.007 0.007 0.003 0.010 0.005 
 50 24.0650.E1    (0)    3 :  0.046 0.078 0.003 0.009 0.338 0.182 0.094 0.006 0.015 0.004 0.204 0.020 
 51 24.0651.E1    (0)    3 :  0.015 0.378 0.267 0.029 0.019 0.176 0.009 0.022 0.017 0.013 0.047 0.006 
 52 24.0652.E1    (0)    3 :  0.032 0.006 0.004 0.012 0.007 0.093 0.006 0.007 0.008 0.005 0.784 0.036 
 53 24.0653.E1    (0)    3 :  0.014 0.021 0.013 0.834 0.009 0.038 0.021 0.005 0.019 0.007 0.016 0.005 
 54 24.0654.E1    (0)    3 :  0.008 0.009 0.006 0.008 0.006 0.456 0.026 0.008 0.007 0.004 0.455 0.007 
 55 24.0655.E1    (0)    3 :  0.010 0.030 0.313 0.007 0.011 0.126 0.038 0.006 0.008 0.006 0.430 0.014 
 56 24.0656.E1    (0)    3 :  0.012 0.007 0.009 0.016 0.018 0.025 0.012 0.005 0.006 0.011 0.869 0.009 
 57 24.0657.E1    (0)    3 :  0.013 0.007 0.009 0.017 0.020 0.033 0.013 0.005 0.006 0.011 0.857 0.010 
 58 24.0658.E1    (0)    3 :  0.011 0.046 0.007 0.069 0.022 0.674 0.108 0.006 0.019 0.007 0.006 0.025 
 59 24.0659.E1    (0)    3 :  0.043 0.251 0.005 0.337 0.015 0.155 0.031 0.015 0.006 0.004 0.084 0.056 
 60 24.0660.E1    (6)    3 :  0.020 0.020 0.010 0.011 0.015 0.856 0.006 0.010 0.008 0.006 0.008 0.030 
 61 24.0661.E1    (0)    3 :  0.006 0.014 0.004 0.008 0.005 0.033 0.005 0.007 0.008 0.007 0.892 0.011 
 62 24.0662.E1    (0)    3 :  0.020 0.061 0.456 0.097 0.013 0.130 0.046 0.006 0.008 0.009 0.131 0.023 
 63 24.0663.E1    (0)    3 :  0.005 0.018 0.004 0.006 0.032 0.303 0.500 0.012 0.036 0.005 0.072 0.007 
 64 24.0664.E1    (0)    3 :  0.009 0.008 0.007 0.009 0.007 0.666 0.014 0.006 0.014 0.038 0.216 0.005 
 65 24.0665.E1    (0)    3 :  0.011 0.011 0.005 0.040 0.026 0.421 0.005 0.009 0.010 0.058 0.398 0.006 
 66 24.0666.E1    (0)    3 :  0.009 0.006 0.004 0.926 0.010 0.007 0.008 0.007 0.005 0.004 0.007 0.007 
 67 24.0667.E1    (0)    3 :  0.007 0.004 0.004 0.926 0.006 0.020 0.005 0.003 0.004 0.004 0.007 0.010 
 68 24.0668.E1    (0)    3 :  0.004 0.003 0.004 0.958 0.004 0.004 0.004 0.004 0.005 0.003 0.004 0.003 
 69 24.0669.E1    (0)    3 :  0.004 0.003 0.004 0.950 0.004 0.005 0.004 0.004 0.010 0.004 0.004 0.004 
 70 24.0670.E1    (0)    3 :  0.006 0.523 0.006 0.057 0.004 0.319 0.047 0.004 0.004 0.006 0.016 0.009 
 71 24.0671.E1    (0)    3 :  0.007 0.037 0.023 0.012 0.014 0.736 0.046 0.005 0.019 0.010 0.080 0.010 
 72 24.0672.E1    (0)    3 :  0.027 0.019 0.006 0.290 0.021 0.492 0.009 0.006 0.039 0.005 0.009 0.078 
 73 24.0673.E1    (6)    4 :  0.086 0.038 0.012 0.008 0.152 0.017 0.008 0.024 0.005 0.120 0.413 0.116 
 74 24.0674.E1    (0)    4 :  0.360 0.009 0.010 0.006 0.559 0.009 0.008 0.011 0.006 0.008 0.005 0.009 
 75 24.0675.E1    (0)    4 :  0.025 0.061 0.020 0.009 0.713 0.031 0.030 0.018 0.016 0.025 0.025 0.026 
 76 24.0676.E1    (0)    4 :  0.014 0.033 0.006 0.006 0.636 0.050 0.138 0.011 0.050 0.022 0.017 0.016 
 77 24.0677.E1    (0)    4 :  0.019 0.620 0.009 0.021 0.027 0.116 0.023 0.004 0.078 0.019 0.028 0.034 
 78 24.0678.E1    (0)    4 :  0.050 0.021 0.481 0.065 0.022 0.043 0.009 0.009 0.098 0.010 0.053 0.139 
 79 24.0679.E1    (0)    4 :  0.412 0.039 0.006 0.040 0.149 0.088 0.130 0.018 0.007 0.006 0.008 0.097 
 80 24.0680.E1    (0)    4 :  0.298 0.006 0.005 0.063 0.063 0.396 0.007 0.070 0.034 0.008 0.015 0.035 
 81 24.0681.E1    (0)    4 :  0.188 0.014 0.006 0.014 0.519 0.174 0.007 0.008 0.009 0.016 0.009 0.035 
 82 24.0682.E1    (0)    4 :  0.006 0.003 0.005 0.004 0.943 0.004 0.006 0.006 0.012 0.005 0.003 0.004 
 83 24.0683.E1    (0)    4 :  0.458 0.009 0.015 0.008 0.435 0.006 0.004 0.005 0.006 0.039 0.006 0.009 
 84 24.0684.E1    (0)    4 :  0.268 0.010 0.043 0.009 0.445 0.022 0.027 0.013 0.035 0.027 0.006 0.094 
 85 24.0685.E1    (0)    4 :  0.042 0.007 0.006 0.047 0.829 0.007 0.016 0.008 0.005 0.016 0.005 0.011 
 86 24.0686.E1    (0)    4 :  0.070 0.078 0.395 0.021 0.043 0.272 0.024 0.014 0.007 0.013 0.007 0.054 
 87 24.0687.E1    (0)    4 :  0.046 0.037 0.600 0.008 0.107 0.078 0.039 0.030 0.008 0.020 0.013 0.015 
 88 24.0688.E1    (0)    4 :  0.005 0.004 0.011 0.004 0.933 0.009 0.004 0.005 0.008 0.006 0.004 0.006 
 89 24.0689.E1    (0)    4 :  0.066 0.063 0.012 0.006 0.169 0.064 0.478 0.025 0.016 0.038 0.034 0.029 
 90 24.0690.E1    (0)    4 :  0.075 0.011 0.110 0.551 0.039 0.123 0.006 0.009 0.007 0.024 0.020 0.025 
 91 24.0691.E1    (0)    4 :  0.013 0.014 0.004 0.008 0.863 0.010 0.027 0.010 0.005 0.006 0.005 0.035 
 92 24.0692.E1    (0)    4 :  0.011 0.014 0.006 0.009 0.862 0.048 0.018 0.005 0.009 0.008 0.005 0.005 
 93 24.0693.E1    (0)    4 :  0.013 0.009 0.008 0.015 0.351 0.118 0.033 0.010 0.014 0.352 0.065 0.011 
 94 24.0694.E1    (0)    4 :  0.024 0.004 0.010 0.011 0.899 0.012 0.007 0.005 0.007 0.009 0.005 0.007 
 95 24.0695.E1    (0)    4 :  0.072 0.005 0.009 0.014 0.660 0.013 0.038 0.009 0.061 0.007 0.009 0.102 
 96 24.0696.E1    (0)    4 :  0.033 0.017 0.005 0.009 0.838 0.010 0.013 0.033 0.006 0.008 0.005 0.022 
 97 24.0697.E1    (0)    5 :  0.030 0.214 0.010 0.008 0.299 0.258 0.013 0.029 0.010 0.115 0.008 0.006 
 98 24.0698.E1    (0)    5 :  0.025 0.563 0.009 0.032 0.048 0.087 0.011 0.030 0.007 0.165 0.007 0.016 
 99 24.0699.E1    (0)    5 :  0.011 0.784 0.020 0.011 0.006 0.121 0.004 0.005 0.007 0.011 0.007 0.013 
100 24.0700.E1    (0)    5 :  0.214 0.127 0.009 0.013 0.041 0.556 0.007 0.005 0.005 0.008 0.008 0.007 
101 24.0701.E1    (0)    5 :  0.019 0.034 0.035 0.796 0.009 0.009 0.010 0.006 0.009 0.059 0.007 0.007 
102 24.0702.E1    (0)    5 :  0.309 0.026 0.031 0.061 0.020 0.467 0.008 0.011 0.007 0.040 0.008 0.012 
103 24.0703.E1    (0)    5 :  0.009 0.825 0.012 0.014 0.007 0.090 0.004 0.009 0.005 0.010 0.004 0.010 
104 24.0704.E1    (6)    5 :  0.018 0.561 0.030 0.007 0.020 0.093 0.008 0.008 0.225 0.011 0.005 0.015 
105 24.0705.E1    (0)    5 :  0.201 0.016 0.018 0.032 0.650 0.028 0.012 0.007 0.007 0.008 0.007 0.015 
106 24.0706.E1    (0)    5 :  0.223 0.006 0.005 0.012 0.029 0.659 0.009 0.014 0.014 0.010 0.013 0.006 
107 24.0707.E1    (0)    5 :  0.127 0.009 0.182 0.007 0.043 0.552 0.005 0.009 0.025 0.016 0.011 0.014 
108 24.0708.E1    (0)    5 :  0.399 0.092 0.258 0.015 0.018 0.011 0.090 0.072 0.006 0.008 0.018 0.014 
109 24.0709.E1    (0)    5 :  0.011 0.015 0.006 0.010 0.721 0.029 0.033 0.018 0.122 0.006 0.015 0.013 
110 24.0710.E1    (0)    5 :  0.229 0.554 0.007 0.037 0.060 0.053 0.010 0.008 0.009 0.012 0.005 0.017 
111 24.0711.E1    (0)    5 :  0.082 0.080 0.014 0.040 0.081 0.333 0.006 0.059 0.103 0.016 0.010 0.174 
112 24.0712.E1    (0)    5 :  0.023 0.120 0.052 0.659 0.041 0.018 0.008 0.028 0.005 0.020 0.006 0.020 
113 24.0713.E1    (0)    5 :  0.204 0.024 0.006 0.012 0.491 0.150 0.027 0.009 0.043 0.016 0.008 0.009 
114 24.0714.E1    (0)    5 :  0.271 0.196 0.011 0.013 0.067 0.323 0.018 0.017 0.014 0.010 0.014 0.047 
115 24.0715.E1    (0)    5 :  0.014 0.077 0.027 0.023 0.173 0.103 0.013 0.005 0.010 0.468 0.043 0.044 
116 24.0716.E1    (0)    5 :  0.021 0.266 0.072 0.338 0.019 0.100 0.051 0.013 0.018 0.020 0.010 0.072 
117 24.0717.E1    (0)    5 :  0.066 0.033 0.134 0.014 0.016 0.315 0.024 0.017 0.029 0.250 0.087 0.015 
118 24.0718.E1    (0)    5 :  0.052 0.008 0.032 0.044 0.143 0.648 0.008 0.018 0.006 0.013 0.004 0.024 
119 24.0719.E1    (0)    5 :  0.034 0.006 0.009 0.010 0.800 0.041 0.017 0.023 0.038 0.007 0.007 0.006 
120 24.0720.E1    (0)    5 :  0.016 0.016 0.012 0.012 0.577 0.296 0.016 0.011 0.017 0.006 0.008 0.014 
121 24.0721.E1    (0)    6 :  0.030 0.184 0.010 0.019 0.178 0.033 0.024 0.023 0.006 0.399 0.084 0.012 
122 24.0722.E1    (0)    6 :  0.007 0.224 0.009 0.051 0.103 0.018 0.010 0.056 0.005 0.490 0.008 0.018 
123 24.0723.E1    (0)    6 :  0.009 0.327 0.008 0.008 0.013 0.012 0.018 0.132 0.005 0.290 0.154 0.024 
124 24.0724.E1    (0)    6 :  0.593 0.090 0.006 0.010 0.098 0.015 0.030 0.057 0.008 0.025 0.009 0.059 
125 24.0725.E1    (0)    6 :  0.013 0.011 0.004 0.007 0.010 0.007 0.007 0.009 0.005 0.007 0.013 0.907 
126 24.0726.E1    (6)    6 :  0.065 0.020 0.005 0.007 0.188 0.015 0.007 0.010 0.007 0.075 0.006 0.595 
127 24.0727.E1    (0)    6 :  0.380 0.018 0.045 0.043 0.014 0.022 0.010 0.022 0.004 0.223 0.031 0.188 
128 24.0728.E1    (0)    6 :  0.010 0.035 0.293 0.011 0.024 0.134 0.019 0.006 0.007 0.161 0.060 0.241 
129 24.0729.E1    (0)    6 :  0.009 0.010 0.013 0.032 0.120 0.015 0.020 0.011 0.028 0.032 0.005 0.704 
130 24.0730.E1    (0)    6 :  0.019 0.350 0.005 0.020 0.074 0.256 0.026 0.033 0.012 0.070 0.013 0.122 
131 24.0731.E1    (0)    6 :  0.103 0.010 0.008 0.004 0.583 0.011 0.008 0.015 0.006 0.056 0.018 0.179 
132 24.0732.E1    (0)    6 :  0.008 0.007 0.010 0.011 0.181 0.012 0.004 0.011 0.007 0.657 0.026 0.067 
133 24.0733.E1    (0)    6 :  0.005 0.004 0.005 0.003 0.007 0.005 0.007 0.007 0.004 0.018 0.004 0.929 
134 24.0734.E1    (0)    6 :  0.018 0.076 0.008 0.009 0.012 0.043 0.007 0.018 0.004 0.762 0.011 0.031 
135 24.0735.E1    (0)    6 :  0.020 0.021 0.024 0.012 0.021 0.025 0.024 0.018 0.006 0.140 0.008 0.682 
136 24.0736.E1    (0)    6 :  0.015 0.007 0.007 0.005 0.008 0.007 0.006 0.010 0.006 0.036 0.007 0.886 
137 24.0737.E1    (0)    6 :  0.014 0.023 0.160 0.010 0.013 0.025 0.008 0.011 0.005 0.007 0.010 0.713 
138 24.0738.E1    (0)    6 :  0.014 0.010 0.009 0.009 0.008 0.014 0.005 0.007 0.007 0.021 0.008 0.889 
139 24.0739.E1    (0)    6 :  0.013 0.009 0.008 0.007 0.009 0.025 0.007 0.012 0.004 0.005 0.007 0.895 
140 24.0740.E1    (0)    6 :  0.010 0.005 0.011 0.010 0.102 0.022 0.017 0.015 0.080 0.009 0.006 0.713 
141 24.0741.E1    (0)    6 :  0.023 0.012 0.019 0.006 0.138 0.041 0.010 0.013 0.008 0.321 0.010 0.399 
142 24.0742.E1    (0)    6 :  0.262 0.009 0.007 0.008 0.017 0.010 0.006 0.013 0.007 0.309 0.006 0.349 
143 24.0743.E1    (0)    6 :  0.257 0.013 0.004 0.018 0.155 0.010 0.015 0.006 0.051 0.013 0.007 0.451 
144 24.0744.E1    (0)    6 :  0.041 0.013 0.008 0.306 0.076 0.025 0.023 0.017 0.037 0.105 0.019 0.331 
145 24.0745.E1    (0)    7 :  0.013 0.007 0.011 0.024 0.021 0.011 0.008 0.004 0.016 0.865 0.016 0.004 
146 24.0746.E1    (0)    7 :  0.017 0.011 0.300 0.009 0.040 0.012 0.012 0.010 0.074 0.487 0.012 0.016 
147 24.0747.E1    (0)    7 :  0.011 0.005 0.010 0.013 0.151 0.018 0.031 0.019 0.046 0.666 0.010 0.019 
148 24.0748.E1    (6)    7 :  0.018 0.005 0.017 0.012 0.195 0.017 0.042 0.017 0.056 0.585 0.018 0.019 
149 24.0749.E1    (0)    7 :  0.009 0.012 0.007 0.007 0.009 0.006 0.005 0.006 0.005 0.693 0.004 0.237 
150 24.0750.E1    (0)    7 :  0.094 0.042 0.005 0.018 0.224 0.043 0.016 0.038 0.023 0.217 0.010 0.269 
151 24.0751.E1    (0)    7 :  0.006 0.004 0.006 0.004 0.005 0.005 0.005 0.007 0.005 0.939 0.005 0.008 
152 24.0752.E1    (0)    7 :  0.005 0.014 0.008 0.004 0.010 0.006 0.006 0.006 0.010 0.884 0.010 0.036 
153 24.0753.E1    (0)    7 :  0.007 0.004 0.320 0.010 0.017 0.007 0.005 0.026 0.011 0.506 0.015 0.073 
154 24.0754.E1    (0)    7 :  0.011 0.004 0.008 0.007 0.021 0.007 0.006 0.019 0.006 0.873 0.009 0.029 
155 24.0755.E1    (0)    7 :  0.011 0.010 0.007 0.007 0.077 0.024 0.035 0.025 0.043 0.738 0.006 0.016 
156 24.0756.E1    (0)    7 :  0.150 0.004 0.005 0.004 0.005 0.004 0.008 0.007 0.004 0.799 0.004 0.007 
157 24.0757.E1    (0)    7 :  0.004 0.003 0.005 0.004 0.004 0.003 0.003 0.004 0.004 0.959 0.004 0.004 
158 24.0758.E1    (0)    7 :  0.004 0.003 0.005 0.004 0.005 0.003 0.003 0.004 0.004 0.958 0.004 0.004 
159 24.0759.E1    (0)    7 :  0.017 0.005 0.005 0.011 0.007 0.010 0.005 0.009 0.008 0.883 0.015 0.026 
160 24.0760.E1    (0)    7 :  0.009 0.008 0.346 0.008 0.015 0.021 0.006 0.012 0.006 0.556 0.007 0.008 
161 24.0761.E1    (0)    7 :  0.005 0.004 0.008 0.004 0.005 0.005 0.005 0.009 0.004 0.941 0.006 0.006 
162 24.0762.E1    (0)    7 :  0.306 0.018 0.027 0.202 0.034 0.070 0.116 0.007 0.027 0.068 0.009 0.117 
163 24.0763.E1    (0)    7 :  0.006 0.004 0.011 0.003 0.015 0.005 0.004 0.003 0.006 0.930 0.006 0.007 
164 24.0764.E1    (0)    7 :  0.008 0.004 0.005 0.004 0.005 0.007 0.005 0.015 0.004 0.923 0.004 0.015 
165 24.0765.E1    (0)    7 :  0.148 0.010 0.013 0.004 0.011 0.005 0.008 0.012 0.006 0.769 0.007 0.005 
166 24.0766.E1    (0)    7 :  0.009 0.006 0.005 0.006 0.009 0.006 0.004 0.007 0.005 0.924 0.009 0.009 
167 24.0767.E1    (0)    7 :  0.094 0.004 0.004 0.003 0.006 0.004 0.004 0.004 0.004 0.865 0.004 0.004 
168 24.0768.E1    (0)    7 :  0.074 0.032 0.007 0.008 0.281 0.015 0.029 0.007 0.155 0.159 0.009 0.224 
169 24.0779.E1    (0)    8 :  0.020 0.015 0.075 0.010 0.032 0.761 0.007 0.003 0.015 0.043 0.010 0.009 
170 24.0780.E1    (6)    8 :  0.047 0.042 0.005 0.009 0.030 0.723 0.080 0.007 0.008 0.004 0.036 0.009 
171 24.0781.E1    (0)    8 :  0.099 0.011 0.004 0.005 0.008 0.841 0.008 0.005 0.005 0.005 0.006 0.004 
172 24.0782.E1    (0)    8 :  0.052 0.069 0.233 0.007 0.352 0.044 0.030 0.006 0.011 0.016 0.044 0.137 
173 24.0783.E1    (0)    8 :  0.244 0.041 0.011 0.021 0.105 0.098 0.438 0.011 0.006 0.006 0.012 0.009 
174 24.0784.E1    (0)    8 :  0.008 0.017 0.016 0.004 0.024 0.875 0.014 0.005 0.017 0.004 0.007 0.008 
175 24.0785.E1    (0)    8 :  0.012 0.100 0.005 0.011 0.010 0.774 0.026 0.004 0.012 0.004 0.034 0.007 
176 24.0786.E1    (0)    8 :  0.039 0.008 0.008 0.008 0.057 0.716 0.081 0.013 0.025 0.009 0.017 0.020 
177 24.0787.E1    (0)    8 :  0.020 0.011 0.075 0.007 0.015 0.795 0.012 0.015 0.008 0.016 0.010 0.015 
178 24.0788.E1    (0)    8 :  0.006 0.008 0.005 0.006 0.015 0.865 0.052 0.017 0.008 0.005 0.009 0.005 
179 24.0789.E1    (0)    8 :  0.007 0.043 0.026 0.006 0.008 0.764 0.038 0.021 0.019 0.006 0.013 0.048 
180 24.0790.E1    (0)    8 :  0.006 0.009 0.005 0.006 0.005 0.930 0.009 0.005 0.007 0.004 0.010 0.004 
181 24.0791.E1    (0)    8 :  0.546 0.007 0.013 0.074 0.017 0.266 0.012 0.005 0.021 0.011 0.020 0.009 
182 24.0792.E1    (0)    8 :  0.045 0.009 0.006 0.018 0.084 0.472 0.007 0.005 0.006 0.017 0.322 0.008 
183 24.0793.E1    (0)    9 :  0.039 0.831 0.006 0.006 0.007 0.015 0.018 0.030 0.013 0.007 0.014 0.015 
184 24.0794.E1    (0)    9 :  0.060 0.138 0.009 0.006 0.006 0.021 0.030 0.006 0.007 0.007 0.211 0.499 
185 24.0795.E1    (0)    9 :  0.354 0.066 0.405 0.006 0.014 0.009 0.061 0.005 0.007 0.007 0.012 0.054 
186 24.0796.E1    (0)    9 :  0.052 0.247 0.007 0.005 0.008 0.096 0.296 0.012 0.029 0.005 0.183 0.059 
187 24.0797.E1    (0)    9 :  0.016 0.824 0.033 0.005 0.007 0.027 0.046 0.008 0.007 0.003 0.015 0.009 
188 24.0798.E1    (0)    9 :  0.018 0.360 0.007 0.330 0.024 0.025 0.010 0.043 0.028 0.022 0.125 0.008 
189 24.0799.E1    (0)    9 :  0.005 0.007 0.009 0.005 0.005 0.005 0.006 0.004 0.937 0.006 0.004 0.006 
190 24.0800.E1    (0)    9 :  0.005 0.005 0.004 0.005 0.006 0.005 0.008 0.004 0.941 0.004 0.006 0.006 
191 24.0801.E1    (0)    9 :  0.008 0.005 0.004 0.198 0.009 0.010 0.005 0.009 0.736 0.004 0.009 0.004 
192 24.0802.E1    (0)    9 :  0.027 0.847 0.030 0.007 0.010 0.009 0.023 0.020 0.013 0.004 0.006 0.005 
193 24.0803.E1    (0)    9 :  0.026 0.370 0.072 0.022 0.007 0.008 0.009 0.007 0.455 0.006 0.009 0.009 
194 24.0804.E1    (0)    9 :  0.007 0.732 0.003 0.004 0.010 0.009 0.110 0.052 0.047 0.004 0.011 0.011 
195 24.0805.E1    (0)    9 :  0.007 0.006 0.004 0.004 0.019 0.007 0.005 0.004 0.927 0.005 0.005 0.006 
196 24.0806.E1    (0)    9 :  0.005 0.506 0.362 0.006 0.006 0.007 0.007 0.011 0.066 0.005 0.011 0.007 
197 24.0807.E1    (0)    9 :  0.010 0.830 0.037 0.009 0.010 0.013 0.020 0.009 0.016 0.004 0.036 0.007 
198 24.0808.E1    (0)    9 :  0.008 0.018 0.017 0.005 0.030 0.210 0.018 0.011 0.659 0.006 0.009 0.010 
199 24.0809.E1    (0)    9 :  0.005 0.004 0.004 0.004 0.006 0.004 0.005 0.003 0.948 0.006 0.004 0.007 
200 24.0810.E1    (0)    9 :  0.123 0.036 0.005 0.005 0.024 0.012 0.006 0.012 0.749 0.005 0.014 0.007 
201 24.0811.E1    (0)    9 :  0.010 0.800 0.006 0.004 0.009 0.022 0.026 0.020 0.005 0.005 0.073 0.021 
202 24.0812.E1    (0)    9 :  0.011 0.412 0.013 0.009 0.029 0.072 0.267 0.006 0.131 0.007 0.008 0.037 
203 24.0813.E1    (0)    9 :  0.012 0.386 0.009 0.004 0.048 0.095 0.020 0.034 0.367 0.006 0.013 0.007 
204 24.0814.E1    (6)    9 :  0.006 0.014 0.017 0.008 0.009 0.010 0.113 0.010 0.761 0.004 0.038 0.009 
205 24.0815.E1    (0)    9 :  0.008 0.054 0.030 0.013 0.006 0.008 0.010 0.243 0.609 0.006 0.009 0.004 
206 24.0816.E1    (0)    9 :  0.006 0.885 0.007 0.016 0.004 0.007 0.010 0.017 0.015 0.006 0.021 0.007 
207 24.0817.E1    (0)   10 :  0.012 0.046 0.012 0.008 0.013 0.016 0.739 0.006 0.050 0.005 0.074 0.019 
208 24.0818.E1    (0)   10 :  0.017 0.090 0.003 0.007 0.006 0.064 0.713 0.025 0.011 0.008 0.013 0.041 
209 24.0819.E1    (0)   10 :  0.026 0.017 0.016 0.071 0.013 0.009 0.017 0.011 0.413 0.089 0.306 0.012 
210 24.0820.E1    (0)   10 :  0.007 0.005 0.036 0.009 0.005 0.006 0.017 0.004 0.023 0.049 0.833 0.006 
211 24.0821.E1    (0)   10 :  0.008 0.035 0.012 0.226 0.016 0.361 0.154 0.007 0.026 0.006 0.135 0.013 
212 24.0822.E1    (0)   10 :  0.005 0.008 0.004 0.007 0.008 0.033 0.879 0.005 0.014 0.020 0.011 0.007 
213 24.0823.E1    (0)   10 :  0.005 0.005 0.016 0.011 0.009 0.007 0.353 0.006 0.035 0.032 0.513 0.008 
214 24.0824.E1    (0)   10 :  0.008 0.007 0.007 0.424 0.027 0.006 0.460 0.006 0.028 0.008 0.013 0.007 
215 24.0825.E1    (0)   10 :  0.005 0.004 0.006 0.005 0.008 0.004 0.943 0.005 0.006 0.005 0.005 0.004 
216 24.0826.E1    (0)   10 :  0.011 0.033 0.011 0.014 0.010 0.015 0.035 0.007 0.018 0.023 0.816 0.006 
217 24.0827.E1    (0)   10 :  0.010 0.105 0.008 0.008 0.011 0.012 0.675 0.009 0.009 0.004 0.115 0.036 
218 24.0828.E1    (0)   10 :  0.015 0.101 0.004 0.072 0.020 0.024 0.105 0.013 0.016 0.017 0.603 0.010 
219 24.0829.E1    (0)   10 :  0.305 0.024 0.004 0.010 0.009 0.013 0.530 0.010 0.068 0.007 0.015 0.005 
220 24.0830.E1    (0)   10 :  0.037 0.050 0.004 0.007 0.010 0.009 0.852 0.004 0.005 0.004 0.013 0.006 
221 24.0831.E1    (0)   10 :  0.093 0.063 0.005 0.009 0.011 0.030 0.757 0.005 0.006 0.004 0.012 0.005 
222 24.0832.E1    (0)   10 :  0.005 0.011 0.003 0.004 0.007 0.006 0.929 0.003 0.004 0.003 0.015 0.010 
223 24.0833.E1    (0)   10 :  0.004 0.004 0.005 0.004 0.006 0.005 0.951 0.003 0.004 0.004 0.007 0.004 
224 24.0834.E1    (0)   10 :  0.005 0.012 0.009 0.006 0.006 0.006 0.917 0.005 0.009 0.007 0.008 0.009 
225 24.0835.E1    (0)   10 :  0.008 0.011 0.004 0.009 0.006 0.007 0.892 0.008 0.030 0.004 0.007 0.013 
226 24.0836.E1    (0)   10 :  0.010 0.007 0.011 0.015 0.015 0.009 0.890 0.005 0.015 0.008 0.007 0.008 
227 24.0837.E1    (0)   10 :  0.011 0.007 0.004 0.007 0.008 0.010 0.917 0.006 0.011 0.005 0.008 0.006 
228 24.0838.E1    (0)   10 :  0.007 0.016 0.004 0.005 0.014 0.009 0.914 0.004 0.005 0.007 0.010 0.004 
229 24.0839.E1    (0)   10 :  0.561 0.046 0.005 0.016 0.013 0.055 0.204 0.022 0.014 0.010 0.035 0.020 
230 24.0840.E1    (0)   10 :  0.261 0.047 0.107 0.008 0.006 0.011 0.444 0.006 0.012 0.003 0.088 0.005 
231 24.0841.E1    (0)   11 :  0.256 0.597 0.003 0.004 0.009 0.016 0.011 0.004 0.006 0.008 0.081 0.006 
232 24.0842.E1    (0)   11 :  0.131 0.554 0.003 0.169 0.006 0.014 0.013 0.004 0.020 0.006 0.073 0.007 
233 24.0843.E1    (0)   11 :  0.015 0.075 0.009 0.229 0.009 0.021 0.030 0.005 0.042 0.014 0.545 0.005 
234 24.0844.E1    (0)   11 :  0.034 0.142 0.007 0.321 0.017 0.023 0.241 0.006 0.155 0.007 0.020 0.028 
235 24.0845.E1    (0)   11 :  0.044 0.196 0.007 0.024 0.022 0.047 0.607 0.006 0.005 0.005 0.029 0.008 
236 24.0846.E1    (0)   11 :  0.010 0.061 0.015 0.010 0.010 0.009 0.835 0.004 0.016 0.009 0.008 0.012 
237 24.0847.E1    (0)   11 :  0.057 0.012 0.005 0.022 0.062 0.009 0.696 0.014 0.061 0.013 0.016 0.033 
238 24.0848.E1    (0)   11 :  0.021 0.071 0.004 0.019 0.031 0.039 0.712 0.006 0.065 0.005 0.012 0.014 
239 24.0849.E1    (0)   11 :  0.004 0.007 0.004 0.004 0.004 0.005 0.007 0.004 0.010 0.004 0.941 0.006 
240 24.0850.E1    (0)   11 :  0.004 0.007 0.004 0.004 0.004 0.005 0.007 0.004 0.009 0.004 0.941 0.006 
241 24.0851.E1    (0)   11 :  0.004 0.007 0.004 0.004 0.004 0.005 0.007 0.004 0.010 0.004 0.941 0.006 
242 24.0852.E1    (0)   11 :  0.044 0.096 0.005 0.007 0.011 0.046 0.086 0.006 0.007 0.015 0.668 0.010 
243 24.0853.E1    (0)   11 :  0.015 0.015 0.004 0.005 0.010 0.007 0.388 0.012 0.011 0.010 0.516 0.005 
244 24.0854.E1    (0)   11 :  0.020 0.010 0.005 0.568 0.009 0.006 0.018 0.007 0.017 0.008 0.322 0.011 
245 24.0855.E1    (0)   11 :  0.187 0.030 0.003 0.013 0.008 0.023 0.644 0.010 0.035 0.006 0.035 0.006 
246 24.0856.E1    (0)   11 :  0.009 0.173 0.414 0.240 0.011 0.012 0.074 0.010 0.010 0.015 0.017 0.015 
247 24.0857.E1    (0)   11 :  0.016 0.027 0.008 0.011 0.016 0.016 0.316 0.011 0.532 0.009 0.017 0.022 
248 24.0858.E1    (0)   11 :  0.012 0.041 0.007 0.026 0.019 0.042 0.592 0.007 0.152 0.016 0.069 0.017 
249 24.0859.E1    (0)   11 :  0.011 0.026 0.008 0.009 0.007 0.008 0.013 0.011 0.030 0.021 0.845 0.012 
250 24.0860.E1    (0)   11 :  0.215 0.217 0.018 0.027 0.007 0.018 0.039 0.027 0.327 0.040 0.044 0.020 
251 24.0861.E1    (0)   11 :  0.009 0.047 0.003 0.005 0.005 0.007 0.018 0.004 0.007 0.005 0.884 0.006 
252 24.0862.E1    (0)   11 :  0.010 0.013 0.479 0.005 0.007 0.008 0.030 0.004 0.402 0.005 0.029 0.007 
253 24.0863.E1    (0)   11 :  0.010 0.047 0.003 0.005 0.004 0.006 0.017 0.004 0.008 0.005 0.885 0.006 
254 24.0864.E1    (0)   11 :  0.038 0.015 0.009 0.014 0.450 0.094 0.140 0.006 0.026 0.007 0.072 0.130 
255 24.0865.E1    (0)   12 :  0.014 0.007 0.036 0.006 0.033 0.017 0.010 0.017 0.010 0.033 0.784 0.034 
256 24.0866.E1    (0)   12 :  0.011 0.048 0.008 0.018 0.074 0.033 0.042 0.007 0.684 0.044 0.011 0.018 
257 24.0867.E1    (0)   12 :  0.013 0.009 0.015 0.013 0.399 0.013 0.031 0.056 0.138 0.163 0.140 0.010 
258 24.0868.E1    (0)   12 :  0.027 0.009 0.019 0.015 0.307 0.461 0.063 0.033 0.027 0.021 0.008 0.011 
259 24.0869.E1    (0)   12 :  0.070 0.006 0.014 0.004 0.712 0.020 0.064 0.024 0.063 0.006 0.010 0.007 
260 24.0870.E1    (0)   12 :  0.061 0.009 0.315 0.014 0.233 0.153 0.121 0.018 0.012 0.016 0.008 0.041 
261 24.0871.E1    (0)   12 :  0.155 0.039 0.140 0.013 0.473 0.052 0.020 0.012 0.008 0.007 0.045 0.036 
262 24.0872.E1    (0)   12 :  0.143 0.008 0.005 0.017 0.229 0.071 0.007 0.013 0.062 0.128 0.303 0.013 
263 24.0873.E1    (0)   12 :  0.012 0.007 0.009 0.012 0.601 0.028 0.012 0.011 0.241 0.012 0.039 0.016 
264 24.0874.E1    (0)   12 :  0.009 0.009 0.017 0.016 0.105 0.014 0.048 0.008 0.380 0.235 0.152 0.008 
265 24.0875.E1    (0)   12 :  0.632 0.005 0.008 0.026 0.169 0.060 0.011 0.018 0.043 0.010 0.010 0.007 
266 24.0876.E1    (0)   12 :  0.515 0.005 0.006 0.011 0.344 0.020 0.006 0.010 0.011 0.020 0.006 0.045 
267 24.0877.E1    (0)   12 :  0.006 0.009 0.006 0.009 0.014 0.012 0.004 0.005 0.060 0.043 0.007 0.824 
268 24.0878.E1    (0)   12 :  0.006 0.007 0.006 0.022 0.066 0.042 0.046 0.009 0.009 0.009 0.006 0.773 
269 24.0879.E1    (0)   12 :  0.009 0.006 0.004 0.211 0.013 0.012 0.007 0.017 0.005 0.005 0.007 0.704 
270 24.0880.E1    (0)   12 :  0.013 0.007 0.024 0.080 0.192 0.082 0.500 0.014 0.018 0.014 0.020 0.036 
271 24.0881.E1    (0)   12 :  0.005 0.005 0.005 0.007 0.007 0.005 0.004 0.013 0.007 0.009 0.006 0.929 
272 24.0882.E1    (0)   12 :  0.009 0.012 0.006 0.009 0.015 0.010 0.006 0.009 0.020 0.626 0.012 0.266 
273 24.0883.E1    (0)   12 :  0.026 0.005 0.005 0.229 0.061 0.011 0.007 0.024 0.007 0.249 0.041 0.336 
274 24.0884.E1    (0)   12 :  0.006 0.008 0.011 0.010 0.008 0.008 0.004 0.005 0.005 0.026 0.009 0.900 
275 24.0885.E1    (0)   12 :  0.013 0.005 0.006 0.040 0.048 0.052 0.010 0.022 0.013 0.006 0.006 0.779 
276 24.0886.E1    (0)   12 :  0.027 0.008 0.005 0.099 0.174 0.014 0.005 0.005 0.019 0.205 0.038 0.400 
277 24.0887.E1    (0)   12 :  0.010 0.005 0.029 0.177 0.032 0.006 0.005 0.004 0.006 0.673 0.008 0.045 
278 24.0888.E1    (0)   12 :  0.026 0.008 0.007 0.012 0.011 0.867 0.007 0.006 0.028 0.005 0.007 0.017 


Estimated Allele Frequencies in each cluster
First column gives estimated ancestral frequencies


Locus 1 : 
31 alleles
0.0% missing data
 115   (0.034) 0.177 0.005 0.008 0.008 0.114 0.008 0.005 0.004 0.004 0.003 0.004 0.123 
 117   (0.045) 0.122 0.008 0.010 0.012 0.023 0.009 0.005 0.005 0.097 0.196 0.003 0.206 
 119   (0.042) 0.017 0.005 0.063 0.007 0.019 0.009 0.005 0.328 0.005 0.331 0.004 0.293 
 131   (0.013) 0.003 0.002 0.001 0.002 0.002 0.003 0.001 0.001 0.001 0.002 0.001 0.056 
 128   (0.037) 0.068 0.007 0.005 0.010 0.047 0.033 0.024 0.004 0.008 0.003 0.006 0.033 
 135   (0.018) 0.010 0.003 0.002 0.004 0.010 0.004 0.002 0.002 0.003 0.006 0.002 0.054 
 126   (0.081) 0.159 0.016 0.169 0.034 0.044 0.063 0.271 0.010 0.150 0.071 0.054 0.035 
 122   (0.023) 0.005 0.135 0.286 0.005 0.006 0.008 0.002 0.002 0.006 0.001 0.002 0.007 
 132   (0.031) 0.014 0.007 0.011 0.013 0.020 0.032 0.020 0.004 0.074 0.012 0.007 0.004 
 141   (0.010) 0.003 0.001 0.010 0.002 0.002 0.002 0.001 0.002 0.001 0.001 0.001 0.006 
 130   (0.048) 0.018 0.032 0.028 0.145 0.110 0.086 0.012 0.009 0.008 0.012 0.025 0.006 
 134   (0.042) 0.011 0.018 0.012 0.006 0.039 0.043 0.007 0.161 0.023 0.003 0.076 0.005 
 145   (0.017) 0.003 0.002 0.005 0.007 0.005 0.004 0.002 0.008 0.002 0.008 0.115 0.003 
 127   (0.026) 0.006 0.003 0.011 0.007 0.006 0.006 0.002 0.053 0.003 0.169 0.003 0.032 
 116   (0.107) 0.074 0.195 0.062 0.071 0.187 0.274 0.137 0.263 0.101 0.010 0.287 0.014 
 114   (0.062) 0.022 0.152 0.031 0.039 0.025 0.041 0.114 0.087 0.084 0.005 0.190 0.007 
 120   (0.038) 0.032 0.011 0.169 0.136 0.011 0.072 0.004 0.007 0.005 0.002 0.003 0.005 
 110   (0.045) 0.014 0.066 0.030 0.084 0.067 0.015 0.100 0.010 0.006 0.015 0.014 0.008 
 133   (0.013) 0.028 0.002 0.003 0.002 0.002 0.003 0.001 0.008 0.006 0.008 0.001 0.002 
 118   (0.111) 0.166 0.304 0.032 0.351 0.194 0.218 0.160 0.013 0.376 0.018 0.179 0.014 
 125   (0.015) 0.003 0.004 0.015 0.005 0.002 0.005 0.013 0.002 0.003 0.001 0.006 0.002 
 129   (0.019) 0.010 0.002 0.003 0.021 0.004 0.010 0.002 0.002 0.003 0.004 0.002 0.051 
 124   (0.017) 0.014 0.002 0.016 0.014 0.004 0.013 0.002 0.002 0.005 0.002 0.006 0.004 
 136   (0.021) 0.007 0.002 0.007 0.003 0.040 0.006 0.084 0.002 0.003 0.001 0.002 0.002 
 121   (0.014) 0.003 0.002 0.002 0.002 0.004 0.003 0.001 0.002 0.002 0.070 0.001 0.006 
 139   (0.012) 0.002 0.001 0.001 0.002 0.002 0.003 0.001 0.001 0.001 0.001 0.001 0.012 
 113   (0.011) 0.002 0.001 0.001 0.002 0.002 0.002 0.001 0.001 0.001 0.015 0.001 0.001 
 111   (0.011) 0.002 0.001 0.001 0.002 0.002 0.002 0.001 0.002 0.001 0.013 0.001 0.002 
 143   (0.010) 0.002 0.001 0.001 0.002 0.001 0.002 0.001 0.001 0.001 0.015 0.001 0.001 
 140   (0.014) 0.002 0.007 0.002 0.002 0.003 0.017 0.001 0.002 0.013 0.001 0.001 0.002 
 112   (0.012) 0.002 0.001 0.001 0.002 0.002 0.002 0.015 0.001 0.002 0.001 0.001 0.001 

Locus 2 : 
18 alleles
0.0% missing data
 152   (0.375) 0.568 0.599 0.527 0.340 0.511 0.218 0.144 0.368 0.449 0.802 0.286 0.645 
 148   (0.072) 0.087 0.018 0.028 0.035 0.185 0.021 0.010 0.330 0.010 0.028 0.007 0.151 
 154   (0.109) 0.194 0.084 0.316 0.038 0.167 0.063 0.287 0.156 0.021 0.022 0.018 0.032 
 156   (0.015) 0.003 0.002 0.030 0.004 0.002 0.005 0.002 0.002 0.002 0.001 0.002 0.008 
 150   (0.024) 0.005 0.003 0.011 0.005 0.003 0.005 0.002 0.086 0.003 0.051 0.002 0.006 
 164   (0.078) 0.031 0.154 0.015 0.017 0.030 0.145 0.044 0.012 0.030 0.010 0.091 0.083 
 158   (0.032) 0.006 0.009 0.022 0.185 0.022 0.007 0.004 0.007 0.011 0.009 0.008 0.010 
 160   (0.020) 0.004 0.002 0.006 0.004 0.012 0.018 0.002 0.002 0.002 0.017 0.002 0.003 
 166   (0.020) 0.014 0.030 0.002 0.003 0.003 0.010 0.002 0.007 0.034 0.001 0.002 0.003 
 151   (0.068) 0.034 0.038 0.011 0.237 0.011 0.258 0.473 0.007 0.009 0.004 0.328 0.008 
 147   (0.060) 0.022 0.023 0.009 0.076 0.014 0.160 0.017 0.007 0.407 0.004 0.189 0.007 
 168   (0.025) 0.009 0.003 0.005 0.006 0.010 0.022 0.002 0.003 0.010 0.002 0.029 0.004 
 153   (0.015) 0.002 0.002 0.006 0.003 0.002 0.012 0.002 0.002 0.002 0.001 0.022 0.002 
 149   (0.026) 0.011 0.003 0.003 0.041 0.019 0.011 0.002 0.004 0.004 0.011 0.002 0.003 
 162   (0.021) 0.006 0.027 0.006 0.003 0.003 0.010 0.003 0.003 0.003 0.003 0.008 0.007 
 167   (0.012) 0.002 0.001 0.001 0.001 0.002 0.002 0.001 0.001 0.001 0.001 0.001 0.026 
 146   (0.013) 0.002 0.001 0.001 0.002 0.002 0.002 0.001 0.001 0.001 0.032 0.001 0.001 
 172   (0.014) 0.003 0.001 0.001 0.002 0.002 0.030 0.001 0.001 0.001 0.001 0.001 0.002 

Locus 3 : 
4 alleles
0.0% missing data
 128   (0.297) 0.316 0.092 0.208 0.231 0.292 0.270 0.455 0.439 0.360 0.460 0.337 0.196 
 126   (0.606) 0.652 0.878 0.718 0.578 0.683 0.691 0.504 0.494 0.601 0.533 0.488 0.721 
 132   (0.082) 0.029 0.027 0.072 0.143 0.022 0.036 0.040 0.058 0.038 0.006 0.174 0.081 
 134   (0.015) 0.002 0.002 0.002 0.047 0.002 0.003 0.001 0.009 0.002 0.001 0.001 0.002 

Locus 4 : 
3 alleles
0.0% missing data
 170   (0.317) 0.410 0.494 0.189 0.181 0.153 0.380 0.468 0.527 0.112 0.296 0.108 0.309 
 172   (0.670) 0.588 0.505 0.809 0.817 0.844 0.617 0.530 0.456 0.887 0.702 0.889 0.689 
 171   (0.013) 0.002 0.001 0.002 0.002 0.003 0.003 0.002 0.017 0.002 0.002 0.003 0.002 

Locus 5 : 
37 alleles
0.0% missing data
 125   (0.048) 0.040 0.006 0.220 0.142 0.033 0.013 0.075 0.037 0.014 0.030 0.132 0.022 
 110   (0.034) 0.167 0.013 0.004 0.027 0.005 0.008 0.067 0.068 0.014 0.007 0.024 0.027 
 129   (0.033) 0.011 0.115 0.005 0.007 0.007 0.095 0.006 0.004 0.006 0.003 0.023 0.060 
 113   (0.027) 0.007 0.133 0.026 0.008 0.013 0.126 0.010 0.004 0.012 0.002 0.010 0.010 
 145   (0.054) 0.088 0.010 0.010 0.088 0.149 0.017 0.013 0.007 0.010 0.088 0.099 0.239 
 155   (0.054) 0.086 0.112 0.016 0.016 0.021 0.026 0.061 0.266 0.017 0.016 0.006 0.157 
 117   (0.031) 0.032 0.020 0.012 0.005 0.131 0.018 0.004 0.005 0.012 0.028 0.005 0.020 
 124   (0.009) 0.001 0.001 0.001 0.001 0.002 0.002 0.001 0.001 0.001 0.001 0.001 0.025 
 133   (0.033) 0.028 0.007 0.005 0.010 0.029 0.070 0.003 0.004 0.010 0.083 0.008 0.042 
 157   (0.051) 0.043 0.157 0.017 0.133 0.045 0.091 0.053 0.023 0.035 0.034 0.005 0.007 
 141   (0.014) 0.013 0.001 0.002 0.002 0.005 0.038 0.005 0.002 0.003 0.001 0.001 0.004 
 112   (0.074) 0.149 0.072 0.035 0.017 0.091 0.032 0.160 0.276 0.022 0.154 0.156 0.071 
 121   (0.023) 0.014 0.011 0.014 0.009 0.004 0.018 0.004 0.008 0.081 0.003 0.018 0.005 
 114   (0.038) 0.020 0.005 0.007 0.007 0.141 0.008 0.085 0.018 0.036 0.196 0.004 0.045 
 153   (0.052) 0.045 0.009 0.013 0.237 0.029 0.022 0.092 0.010 0.336 0.004 0.084 0.056 
 127   (0.078) 0.105 0.110 0.028 0.036 0.083 0.135 0.103 0.031 0.014 0.073 0.213 0.063 
 131   (0.062) 0.013 0.025 0.253 0.138 0.022 0.016 0.033 0.112 0.176 0.173 0.078 0.070 
 135   (0.033) 0.052 0.005 0.005 0.017 0.021 0.023 0.018 0.016 0.101 0.003 0.072 0.006 
 104   (0.009) 0.001 0.001 0.001 0.001 0.002 0.002 0.002 0.017 0.001 0.002 0.003 0.001 
 118   (0.016) 0.004 0.002 0.002 0.012 0.006 0.013 0.002 0.025 0.002 0.002 0.001 0.022 
 116   (0.027) 0.014 0.064 0.008 0.023 0.035 0.008 0.017 0.031 0.004 0.004 0.003 0.005 
 137   (0.017) 0.005 0.007 0.271 0.009 0.004 0.007 0.002 0.007 0.016 0.003 0.002 0.002 
 123   (0.023) 0.013 0.031 0.003 0.006 0.006 0.005 0.094 0.008 0.023 0.002 0.016 0.005 
 149   (0.008) 0.002 0.002 0.001 0.001 0.007 0.004 0.002 0.001 0.001 0.001 0.003 0.001 
 138   (0.012) 0.002 0.001 0.001 0.002 0.002 0.064 0.001 0.001 0.001 0.001 0.009 0.001 
 143   (0.025) 0.006 0.020 0.004 0.016 0.004 0.027 0.058 0.003 0.004 0.077 0.011 0.003 
 163   (0.007) 0.002 0.001 0.016 0.001 0.003 0.003 0.001 0.002 0.001 0.001 0.001 0.001 
 109   (0.010) 0.001 0.001 0.001 0.001 0.033 0.002 0.001 0.001 0.001 0.001 0.001 0.001 
 139   (0.010) 0.008 0.001 0.001 0.003 0.001 0.009 0.001 0.001 0.001 0.001 0.001 0.001 
 106   (0.010) 0.004 0.001 0.004 0.001 0.002 0.010 0.001 0.001 0.002 0.001 0.001 0.001 
 144   (0.015) 0.005 0.002 0.001 0.002 0.040 0.005 0.001 0.002 0.033 0.001 0.001 0.002 
 122   (0.010) 0.007 0.001 0.001 0.002 0.007 0.003 0.001 0.001 0.002 0.002 0.001 0.016 
 100   (0.018) 0.006 0.045 0.007 0.006 0.008 0.023 0.005 0.002 0.003 0.001 0.005 0.002 
 111   (0.009) 0.002 0.001 0.001 0.001 0.002 0.041 0.001 0.001 0.001 0.001 0.002 0.001 
 233   (0.009) 0.001 0.001 0.001 0.008 0.001 0.008 0.003 0.001 0.002 0.001 0.003 0.001 
 134   (0.008) 0.003 0.002 0.001 0.001 0.001 0.002 0.013 0.001 0.001 0.000 0.001 0.001 
 140   (0.011) 0.002 0.001 0.001 0.002 0.006 0.009 0.002 0.002 0.002 0.001 0.001 0.001 

Locus 6 : 
17 alleles
0.0% missing data
 221   (0.024) 0.005 0.002 0.004 0.003 0.004 0.005 0.002 0.003 0.003 0.085 0.002 0.154 
 232   (0.232) 0.356 0.413 0.319 0.269 0.247 0.264 0.269 0.094 0.120 0.438 0.768 0.118 
 229   (0.060) 0.029 0.016 0.031 0.017 0.028 0.013 0.099 0.062 0.032 0.060 0.017 0.102 
 223   (0.058) 0.019 0.114 0.006 0.096 0.060 0.022 0.072 0.008 0.016 0.006 0.006 0.104 
 230   (0.160) 0.204 0.090 0.324 0.115 0.243 0.220 0.251 0.064 0.059 0.296 0.045 0.069 
 235   (0.015) 0.002 0.002 0.004 0.002 0.002 0.003 0.001 0.002 0.002 0.001 0.001 0.073 
 236   (0.040) 0.058 0.009 0.010 0.014 0.012 0.021 0.005 0.047 0.005 0.004 0.020 0.089 
 227   (0.024) 0.030 0.007 0.002 0.007 0.008 0.008 0.002 0.004 0.004 0.002 0.002 0.063 
 220   (0.058) 0.030 0.064 0.014 0.014 0.037 0.033 0.026 0.246 0.203 0.004 0.075 0.008 
 222   (0.048) 0.008 0.033 0.227 0.007 0.019 0.055 0.005 0.191 0.229 0.003 0.003 0.006 
 234   (0.124) 0.061 0.027 0.024 0.293 0.252 0.133 0.137 0.261 0.306 0.056 0.012 0.096 
 224   (0.032) 0.009 0.005 0.006 0.122 0.005 0.041 0.083 0.004 0.004 0.002 0.002 0.004 
 228   (0.055) 0.046 0.188 0.007 0.013 0.053 0.166 0.024 0.007 0.008 0.004 0.041 0.010 
 225   (0.012) 0.013 0.003 0.012 0.002 0.002 0.002 0.002 0.001 0.001 0.001 0.001 0.002 
 226   (0.017) 0.113 0.022 0.005 0.002 0.002 0.003 0.018 0.002 0.003 0.001 0.001 0.002 
 233   (0.027) 0.013 0.003 0.003 0.016 0.021 0.007 0.003 0.003 0.004 0.036 0.002 0.057 
 231   (0.014) 0.002 0.001 0.001 0.006 0.005 0.004 0.001 0.002 0.002 0.001 0.001 0.044 

Locus 7 : 
10 alleles
0.0% missing data
 121   (0.686) 0.688 0.802 0.897 0.565 0.799 0.862 0.790 0.728 0.840 0.752 0.704 0.880 
 129   (0.094) 0.031 0.117 0.021 0.095 0.059 0.042 0.132 0.011 0.013 0.103 0.145 0.084 
 130   (0.015) 0.003 0.028 0.002 0.003 0.002 0.003 0.001 0.002 0.010 0.003 0.001 0.002 
 123   (0.092) 0.247 0.037 0.018 0.226 0.027 0.044 0.065 0.215 0.034 0.091 0.141 0.018 
 128   (0.023) 0.004 0.003 0.034 0.030 0.006 0.005 0.003 0.011 0.003 0.019 0.002 0.004 
 131   (0.017) 0.012 0.003 0.009 0.010 0.003 0.004 0.003 0.024 0.002 0.002 0.001 0.002 
 117   (0.013) 0.002 0.001 0.001 0.002 0.002 0.016 0.001 0.001 0.001 0.001 0.001 0.001 
 125   (0.013) 0.002 0.001 0.001 0.062 0.002 0.002 0.001 0.001 0.001 0.001 0.001 0.002 
 134   (0.033) 0.010 0.005 0.015 0.005 0.094 0.019 0.003 0.004 0.092 0.006 0.002 0.004 
 132   (0.014) 0.002 0.001 0.001 0.002 0.008 0.003 0.002 0.002 0.003 0.023 0.001 0.002 

Locus 8 : 
19 alleles
0.0% missing data
 184   (0.306) 0.578 0.263 0.497 0.520 0.450 0.326 0.242 0.506 0.483 0.311 0.457 0.476 
 194   (0.045) 0.017 0.008 0.090 0.028 0.098 0.038 0.013 0.007 0.006 0.018 0.007 0.026 
 178   (0.108) 0.110 0.073 0.140 0.029 0.065 0.060 0.299 0.221 0.081 0.059 0.030 0.230 
 176   (0.078) 0.066 0.038 0.014 0.049 0.074 0.106 0.008 0.012 0.154 0.239 0.114 0.043 
 182   (0.075) 0.029 0.199 0.019 0.024 0.052 0.109 0.042 0.011 0.124 0.224 0.019 0.041 
 190   (0.031) 0.005 0.011 0.106 0.006 0.005 0.007 0.018 0.003 0.049 0.052 0.002 0.005 
 196   (0.023) 0.006 0.003 0.002 0.003 0.004 0.026 0.069 0.003 0.003 0.001 0.012 0.006 
 200   (0.026) 0.010 0.058 0.026 0.032 0.005 0.015 0.003 0.004 0.003 0.008 0.002 0.010 
 180   (0.024) 0.005 0.004 0.005 0.122 0.003 0.005 0.004 0.096 0.004 0.002 0.002 0.008 
 188   (0.039) 0.008 0.007 0.007 0.010 0.048 0.013 0.058 0.012 0.009 0.003 0.083 0.031 
 174   (0.038) 0.039 0.005 0.040 0.032 0.087 0.017 0.004 0.026 0.008 0.040 0.004 0.010 
 186   (0.121) 0.115 0.288 0.033 0.076 0.083 0.248 0.136 0.071 0.041 0.036 0.241 0.095 
 192   (0.022) 0.003 0.003 0.013 0.013 0.003 0.008 0.093 0.003 0.004 0.002 0.006 0.011 
 201   (0.011) 0.002 0.001 0.002 0.010 0.002 0.002 0.001 0.017 0.001 0.001 0.001 0.001 
 199   (0.016) 0.002 0.034 0.002 0.030 0.002 0.007 0.002 0.002 0.002 0.001 0.001 0.002 
 185   (0.009) 0.002 0.001 0.001 0.002 0.002 0.003 0.001 0.001 0.001 0.001 0.016 0.001 
 203   (0.010) 0.001 0.001 0.001 0.002 0.013 0.002 0.001 0.001 0.004 0.001 0.001 0.001 
 198   (0.010) 0.001 0.001 0.001 0.001 0.002 0.006 0.001 0.001 0.017 0.001 0.001 0.001 
 209   (0.008) 0.002 0.003 0.001 0.012 0.001 0.002 0.004 0.001 0.005 0.001 0.001 0.001 

Locus 9 : 
6 alleles
0.4% missing data
 154   (0.689) 0.861 0.746 0.669 0.662 0.640 0.812 0.798 0.917 0.714 0.625 0.840 0.696 
 156   (0.203) 0.115 0.208 0.298 0.322 0.279 0.131 0.124 0.071 0.270 0.362 0.032 0.165 
 152   (0.055) 0.011 0.009 0.009 0.008 0.045 0.037 0.074 0.006 0.009 0.007 0.107 0.087 
 153   (0.013) 0.002 0.002 0.020 0.002 0.002 0.007 0.002 0.001 0.002 0.001 0.018 0.002 
 160   (0.014) 0.002 0.033 0.001 0.002 0.002 0.008 0.001 0.001 0.001 0.001 0.001 0.002 
 164   (0.025) 0.009 0.003 0.002 0.004 0.032 0.005 0.002 0.003 0.003 0.004 0.002 0.049 

Locus 10 : 
29 alleles
0.7% missing data
 305   (0.036) 0.009 0.007 0.750 0.004 0.006 0.056 0.005 0.008 0.005 0.003 0.004 0.031 
 313   (0.049) 0.020 0.094 0.005 0.010 0.010 0.053 0.008 0.008 0.007 0.005 0.004 0.172 
 311   (0.017) 0.011 0.002 0.002 0.006 0.003 0.005 0.003 0.002 0.003 0.002 0.001 0.016 
 299   (0.127) 0.030 0.309 0.036 0.017 0.034 0.100 0.161 0.038 0.195 0.036 0.159 0.304 
 315   (0.079) 0.091 0.013 0.014 0.019 0.021 0.169 0.017 0.114 0.011 0.092 0.006 0.106 
 287   (0.017) 0.004 0.004 0.001 0.817 0.003 0.005 0.002 0.003 0.004 0.002 0.002 0.005 
 291   (0.119) 0.021 0.029 0.010 0.017 0.335 0.110 0.489 0.149 0.332 0.021 0.012 0.129 
 295   (0.025) 0.032 0.003 0.003 0.003 0.212 0.010 0.002 0.004 0.003 0.002 0.002 0.032 
 289   (0.018) 0.004 0.015 0.001 0.002 0.002 0.004 0.001 0.004 0.233 0.001 0.001 0.002 
 303   (0.033) 0.005 0.004 0.004 0.004 0.007 0.012 0.003 0.035 0.005 0.570 0.646 0.007 
 297   (0.028) 0.406 0.051 0.002 0.003 0.039 0.006 0.018 0.004 0.010 0.030 0.002 0.006 
 293   (0.016) 0.198 0.002 0.001 0.002 0.003 0.004 0.001 0.004 0.003 0.001 0.001 0.003 
 301   (0.069) 0.009 0.008 0.133 0.009 0.068 0.124 0.008 0.074 0.018 0.007 0.012 0.070 
 285   (0.024) 0.003 0.283 0.002 0.003 0.003 0.006 0.002 0.385 0.005 0.002 0.002 0.003 
 307   (0.055) 0.009 0.038 0.004 0.008 0.101 0.022 0.108 0.070 0.007 0.209 0.004 0.011 
 312   (0.058) 0.100 0.021 0.008 0.010 0.082 0.076 0.097 0.066 0.011 0.004 0.015 0.008 
 306   (0.028) 0.004 0.003 0.005 0.005 0.017 0.088 0.013 0.004 0.004 0.002 0.002 0.012 
 320   (0.015) 0.002 0.002 0.001 0.001 0.002 0.033 0.001 0.002 0.002 0.001 0.001 0.002 
 317   (0.023) 0.003 0.003 0.002 0.002 0.003 0.008 0.002 0.003 0.003 0.001 0.105 0.020 
 314   (0.027) 0.004 0.003 0.002 0.031 0.004 0.020 0.002 0.004 0.004 0.002 0.002 0.040 
 323   (0.011) 0.002 0.001 0.001 0.007 0.002 0.011 0.001 0.001 0.002 0.001 0.001 0.002 
 325   (0.013) 0.002 0.002 0.001 0.007 0.002 0.011 0.001 0.002 0.002 0.001 0.001 0.002 
 310   (0.019) 0.018 0.005 0.001 0.002 0.004 0.006 0.044 0.002 0.002 0.001 0.001 0.003 
 309   (0.014) 0.003 0.001 0.001 0.002 0.029 0.004 0.001 0.003 0.003 0.001 0.001 0.002 
 316   (0.020) 0.003 0.007 0.002 0.002 0.003 0.038 0.005 0.003 0.003 0.001 0.004 0.003 
 296   (0.013) 0.002 0.001 0.001 0.002 0.003 0.012 0.001 0.002 0.002 0.001 0.004 0.002 
 304   (0.018) 0.002 0.082 0.004 0.002 0.002 0.004 0.002 0.002 0.006 0.001 0.001 0.002 
 321   (0.015) 0.002 0.002 0.001 0.001 0.002 0.003 0.001 0.003 0.058 0.001 0.001 0.002 
 332   (0.015) 0.002 0.002 0.001 0.001 0.002 0.003 0.001 0.002 0.059 0.001 0.001 0.002 

Locus 11 : 
19 alleles
0.0% missing data
 114   (0.154) 0.148 0.052 0.312 0.049 0.271 0.141 0.023 0.252 0.027 0.196 0.038 0.254 
 126   (0.022) 0.004 0.002 0.059 0.003 0.005 0.004 0.002 0.004 0.002 0.004 0.002 0.049 
 111   (0.102) 0.217 0.425 0.033 0.025 0.015 0.023 0.552 0.012 0.595 0.006 0.300 0.179 
 116   (0.103) 0.135 0.085 0.135 0.128 0.143 0.050 0.031 0.014 0.027 0.267 0.008 0.090 
 132   (0.013) 0.002 0.002 0.001 0.002 0.002 0.003 0.001 0.001 0.002 0.001 0.001 0.012 
 109   (0.015) 0.002 0.001 0.001 0.002 0.002 0.003 0.002 0.001 0.002 0.001 0.001 0.053 
 128   (0.019) 0.003 0.002 0.002 0.003 0.013 0.008 0.007 0.002 0.002 0.001 0.001 0.009 
 112   (0.315) 0.380 0.241 0.419 0.449 0.456 0.613 0.042 0.631 0.072 0.495 0.176 0.271 
 122   (0.015) 0.005 0.002 0.002 0.002 0.006 0.004 0.002 0.013 0.003 0.004 0.013 0.002 
 124   (0.013) 0.002 0.001 0.001 0.002 0.002 0.003 0.001 0.025 0.001 0.002 0.002 0.002 
 118   (0.048) 0.017 0.014 0.007 0.080 0.031 0.016 0.005 0.024 0.197 0.012 0.011 0.022 
 127   (0.013) 0.002 0.001 0.001 0.002 0.002 0.016 0.001 0.001 0.001 0.001 0.001 0.002 
 113   (0.055) 0.025 0.130 0.008 0.035 0.011 0.036 0.242 0.006 0.035 0.003 0.431 0.007 
 115   (0.029) 0.005 0.004 0.009 0.199 0.011 0.014 0.007 0.003 0.004 0.003 0.004 0.026 
 120   (0.021) 0.004 0.002 0.002 0.003 0.021 0.005 0.073 0.002 0.003 0.001 0.002 0.003 
 117   (0.021) 0.035 0.007 0.003 0.004 0.003 0.016 0.005 0.003 0.008 0.002 0.002 0.003 
 125   (0.016) 0.011 0.002 0.002 0.004 0.003 0.035 0.001 0.002 0.002 0.001 0.003 0.002 
 119   (0.014) 0.002 0.024 0.001 0.002 0.002 0.005 0.003 0.002 0.014 0.001 0.001 0.002 
 136   (0.013) 0.002 0.001 0.001 0.008 0.002 0.003 0.001 0.002 0.001 0.001 0.001 0.011 

Locus 12 : 
28 alleles
0.7% missing data
 306   (0.034) 0.009 0.066 0.752 0.004 0.005 0.013 0.004 0.007 0.008 0.003 0.003 0.030 
 314   (0.058) 0.011 0.096 0.009 0.019 0.009 0.046 0.081 0.008 0.010 0.006 0.013 0.155 
 312   (0.014) 0.002 0.001 0.001 0.001 0.002 0.003 0.001 0.002 0.001 0.001 0.001 0.029 
 300   (0.135) 0.031 0.315 0.037 0.018 0.035 0.101 0.158 0.039 0.194 0.036 0.160 0.322 
 316   (0.051) 0.034 0.008 0.005 0.006 0.008 0.014 0.015 0.108 0.007 0.089 0.004 0.101 
 288   (0.020) 0.003 0.004 0.002 0.802 0.003 0.005 0.002 0.004 0.004 0.002 0.002 0.005 
 292   (0.126) 0.022 0.030 0.010 0.018 0.332 0.111 0.480 0.148 0.369 0.021 0.013 0.131 
 296   (0.032) 0.034 0.004 0.004 0.004 0.216 0.018 0.003 0.005 0.004 0.003 0.005 0.033 
 290   (0.018) 0.004 0.016 0.001 0.002 0.002 0.004 0.002 0.004 0.233 0.001 0.001 0.002 
 304   (0.034) 0.005 0.004 0.004 0.004 0.007 0.012 0.003 0.035 0.005 0.571 0.651 0.007 
 298   (0.029) 0.403 0.052 0.003 0.003 0.039 0.006 0.018 0.004 0.010 0.030 0.002 0.007 
 294   (0.018) 0.197 0.002 0.001 0.002 0.003 0.005 0.001 0.004 0.003 0.001 0.001 0.003 
 302   (0.072) 0.010 0.009 0.133 0.010 0.068 0.124 0.008 0.074 0.019 0.008 0.012 0.071 
 286   (0.024) 0.003 0.309 0.002 0.003 0.003 0.006 0.002 0.383 0.005 0.002 0.002 0.003 
 308   (0.032) 0.005 0.033 0.003 0.005 0.036 0.015 0.003 0.068 0.004 0.206 0.002 0.008 
 313   (0.045) 0.116 0.008 0.006 0.006 0.086 0.091 0.007 0.070 0.007 0.003 0.005 0.007 
 307   (0.047) 0.007 0.007 0.004 0.006 0.080 0.091 0.128 0.006 0.006 0.004 0.004 0.013 
 321   (0.017) 0.002 0.002 0.001 0.002 0.002 0.033 0.001 0.002 0.002 0.001 0.001 0.002 
 315   (0.050) 0.050 0.008 0.009 0.053 0.015 0.172 0.004 0.009 0.007 0.004 0.011 0.046 
 318   (0.021) 0.004 0.008 0.002 0.002 0.003 0.009 0.004 0.003 0.003 0.001 0.096 0.006 
 324   (0.014) 0.002 0.002 0.001 0.007 0.002 0.011 0.001 0.002 0.002 0.001 0.001 0.003 
 326   (0.013) 0.002 0.002 0.001 0.007 0.002 0.011 0.001 0.002 0.002 0.001 0.001 0.003 
 311   (0.022) 0.038 0.007 0.002 0.008 0.005 0.008 0.066 0.003 0.003 0.002 0.002 0.005 
 310   (0.016) 0.003 0.002 0.001 0.002 0.029 0.004 0.001 0.003 0.003 0.001 0.001 0.002 
 305   (0.016) 0.002 0.002 0.001 0.002 0.002 0.047 0.001 0.002 0.002 0.001 0.001 0.002 
 317   (0.015) 0.002 0.002 0.001 0.001 0.002 0.033 0.001 0.002 0.002 0.001 0.001 0.002 
 320   (0.016) 0.002 0.002 0.001 0.002 0.002 0.003 0.001 0.002 0.028 0.001 0.001 0.002 
 322   (0.014) 0.002 0.002 0.001 0.001 0.002 0.003 0.001 0.003 0.057 0.001 0.001 0.002 

Locus 13 : 
7 alleles
1.1% missing data
 161   (0.582) 0.492 0.199 0.498 0.441 0.831 0.563 0.419 0.070 0.927 0.892 0.504 0.659 
 163   (0.290) 0.471 0.642 0.081 0.538 0.125 0.405 0.567 0.033 0.058 0.021 0.446 0.242 
 160   (0.027) 0.007 0.003 0.309 0.005 0.004 0.006 0.002 0.354 0.004 0.002 0.002 0.003 
 162   (0.025) 0.004 0.002 0.105 0.003 0.003 0.005 0.002 0.535 0.003 0.001 0.002 0.003 
 165   (0.046) 0.019 0.150 0.005 0.009 0.029 0.015 0.006 0.005 0.005 0.003 0.044 0.085 
 166   (0.014) 0.004 0.002 0.001 0.002 0.006 0.003 0.001 0.002 0.002 0.003 0.001 0.005 
 164   (0.016) 0.002 0.002 0.001 0.002 0.002 0.003 0.001 0.001 0.002 0.078 0.001 0.002 

Locus 14 : 
4 alleles
0.4% missing data
  98   (0.956) 0.992 0.995 0.996 0.993 0.985 0.974 0.996 0.995 0.995 0.987 0.988 0.987 
 100   (0.014) 0.002 0.001 0.001 0.003 0.002 0.011 0.001 0.002 0.002 0.001 0.006 0.002 
  96   (0.017) 0.003 0.002 0.002 0.002 0.010 0.004 0.001 0.002 0.002 0.011 0.002 0.010 
 105   (0.014) 0.003 0.001 0.001 0.002 0.003 0.011 0.001 0.001 0.001 0.001 0.005 0.002 

Locus 15 : 
12 alleles
2.2% missing data
 171   (0.302) 0.278 0.227 0.108 0.474 0.161 0.424 0.344 0.306 0.528 0.163 0.301 0.425 
 177   (0.191) 0.292 0.117 0.041 0.236 0.291 0.173 0.071 0.520 0.195 0.052 0.074 0.182 
 173   (0.264) 0.291 0.547 0.202 0.138 0.357 0.230 0.533 0.104 0.186 0.058 0.509 0.284 
 179   (0.097) 0.064 0.090 0.577 0.114 0.041 0.044 0.011 0.049 0.027 0.592 0.096 0.068 
 183   (0.021) 0.014 0.004 0.015 0.007 0.003 0.007 0.003 0.003 0.003 0.006 0.011 0.024 
 181   (0.037) 0.012 0.005 0.006 0.005 0.009 0.082 0.031 0.005 0.006 0.124 0.003 0.006 
 197   (0.016) 0.014 0.002 0.001 0.002 0.076 0.003 0.001 0.002 0.002 0.001 0.001 0.002 
 170   (0.014) 0.015 0.001 0.001 0.005 0.004 0.016 0.001 0.005 0.003 0.001 0.001 0.002 
 189   (0.014) 0.003 0.002 0.044 0.002 0.003 0.006 0.001 0.002 0.001 0.001 0.001 0.002 
 203   (0.014) 0.002 0.001 0.001 0.002 0.051 0.003 0.001 0.001 0.001 0.001 0.001 0.002 
 187   (0.017) 0.013 0.002 0.002 0.014 0.003 0.008 0.001 0.002 0.021 0.001 0.001 0.002 
 198   (0.013) 0.002 0.001 0.001 0.002 0.002 0.003 0.001 0.001 0.027 0.001 0.001 0.002 

Values of parameters used in structure:
DATAFILE=STRUCTURE_main_final_278_HEG_ZG.str,	OUTFILE=STRUCTURE_main_final_278_HEG_ZG-K12-8,	NUMINDS=278,	NUMLOCI=15,	MISSING=-9,	LABEL=1,	POPDATA=1,	POPFLAG=0,	PHENOTYPE=0,	EXTRACOLS=0,	MAXPOPS=12,	BURNIN=100000,	NUMREPS=500000,	USEPOPINFO=0,	INFERALPHA=1,	INFERLAMBDA=0,	POPSPECIFICLAMBDA=0,	POPALPHAS=0,	COMPUTEPROB=1,	NOADMIX=0,	ADMBURNIN=2500,	UPDATEFREQ=1,	PRINTLIKES=0,	INTERMEDSAVE=0,	PRINTKLD=0,	PRINTNET=0,	PRINTLAMBDA=0,	ANCESTDIST=0,	NUMBOXES=1000,	ANCESTPINT=0.90000,	GENSBACK=2,	MIGRPRIOR=0.05000,	PRINTQHAT=0,	PRINTQSUM=0,	ALPHA=1.0000,	FREQSCORR=1,	FPRIORMEAN=0.0100,	FPRIORSD=0.0500,	ONEFST=0,	LAMBDA=1.0000,	UNIFPRIORALPHA=1,	ALPHAMAX=10.0000,	ALPHAPRIORA=1.0000,	ALPHAPRIORB=2.0000,	ALPHAPROPSD=0.0250,	STARTATPOPINFO=0,	RANDOMIZE=1,	LINKAGE=0,	METROFREQ=10,	REPORTHITRATE=0,	MARKOVPHASE=-1,	PHASED=0,	PLOIDY=2,	PHASEINFO=0	LOCPRIOR=0, 	LOCPRIORINIT=1.000000, 	LOCDATA=0, 	LOCISPOP=0, 	LOCPRIORSTEP=0.100000, 	MAXLOCPRIOR=20.000000, 	SEED=1782487178,	
[STRAT parameters]:    NUMSIMSTATS=1000,	PHENOTYPECOL=-9,	POOLFREQ=10,	LOCUSxONLY=0,	EMERROR=0.00100,	MISSINGPHENO=-9,	