

----------------------------------------------------
STRUCTURE by Pritchard, Stephens and Donnelly (2000)
     and Falush, Stephens and Pritchard (2003)
       Code by Pritchard, Falush and Hubisz
             Version 2.3.4 (Jul 2012)
----------------------------------------------------



Command line arguments:   structure -K 7 -i STRUCTURE_main_final_278_HEG_ZG.str -o STRUCTURE_main_final_278_HEG_ZG-K7-14 
Input File:    STRUCTURE_main_final_278_HEG_ZG.str

Run parameters:
   278 individuals
   15 loci
   7 populations assumed
   100000 Burn-in period
   500000 Reps


--------------------------------------------
Proportion of membership of each pre-defined
 population in each of the 7 clusters

Given    Inferred Clusters                                   Number of
 Pop       1      2      3      4      5      6      7      Individuals

  1:     0.080  0.014  0.696  0.083  0.041  0.021  0.065       24
  2:     0.058  0.038  0.027  0.020  0.787  0.041  0.029       24
  3:     0.032  0.538  0.018  0.069  0.012  0.275  0.056       24
  4:     0.559  0.047  0.071  0.050  0.047  0.204  0.021       24
  5:     0.219  0.091  0.033  0.022  0.048  0.531  0.056       24
  6:     0.132  0.026  0.548  0.018  0.153  0.099  0.024       24
  7:     0.081  0.020  0.105  0.013  0.741  0.028  0.012       24
  8:     0.095  0.107  0.033  0.076  0.015  0.649  0.024       14
  9:     0.025  0.053  0.049  0.101  0.011  0.029  0.732       24
 10:     0.014  0.125  0.015  0.718  0.021  0.024  0.083       24
 11:     0.042  0.101  0.022  0.595  0.023  0.034  0.184       24
 12:     0.327  0.096  0.288  0.067  0.090  0.109  0.022       24
--------------------------------------------

Allele-freq. divergence among pops (Net nucleotide distance),
computed using point estimates of P.

      1       2       3       4       5       6       7      
 1      -    0.0535  0.0271  0.0613  0.0430  0.0257  0.0457  
 2   0.0535     -    0.0597  0.0592  0.0665  0.0379  0.0560  
 3   0.0271  0.0597     -    0.0590  0.0430  0.0284  0.0365  
 4   0.0613  0.0592  0.0590     -    0.0873  0.0519  0.0342  
 5   0.0430  0.0665  0.0430  0.0873     -    0.0459  0.0658  
 6   0.0257  0.0379  0.0284  0.0519  0.0459     -    0.0383  
 7   0.0457  0.0560  0.0365  0.0342  0.0658  0.0383     -    

Average distances (expected heterozygosity) between individuals in same cluster:
cluster  1  : 0.6131 
cluster  2  : 0.6162 
cluster  3  : 0.6178 
cluster  4  : 0.6158 
cluster  5  : 0.6298 
cluster  6  : 0.6319 
cluster  7  : 0.6270 

--------------------------------------------
Estimated Ln Prob of Data   = -12666.3
Mean value of ln likelihood = -12114.5
Variance of ln likelihood   = 1103.7
Mean value of alpha         = 0.0500

Mean value of Fst_1         = 0.0816
Mean value of Fst_2         = 0.1201
Mean value of Fst_3         = 0.0824
Mean value of Fst_4         = 0.1532
Mean value of Fst_5         = 0.1157
Mean value of Fst_6         = 0.0601
Mean value of Fst_7         = 0.1018


Inferred ancestry of individuals:
        Label (%Miss) Pop:  Inferred clusters
  1 24.0601.E1    (0)    1 :  0.011 0.008 0.933 0.010 0.021 0.009 0.009 
  2 24.0602.E1    (0)    1 :  0.007 0.009 0.939 0.010 0.006 0.011 0.017 
  3 24.0603.E1    (0)    1 :  0.027 0.006 0.879 0.006 0.008 0.058 0.015 
  4 24.0604.E1    (0)    1 :  0.155 0.123 0.660 0.037 0.008 0.006 0.011 
  5 24.0605.E1    (0)    1 :  0.024 0.008 0.895 0.011 0.019 0.013 0.030 
  6 24.0606.E1    (0)    1 :  0.146 0.005 0.783 0.019 0.014 0.016 0.017 
  7 24.0607.E1    (0)    1 :  0.028 0.010 0.278 0.013 0.052 0.084 0.534 
  8 24.0608.E1    (0)    1 :  0.011 0.024 0.818 0.096 0.031 0.008 0.013 
  9 24.0609.E1    (0)    1 :  0.274 0.010 0.223 0.443 0.005 0.027 0.018 
 10 24.0610.E1    (0)    1 :  0.193 0.007 0.505 0.255 0.007 0.018 0.014 
 11 24.0611.E1    (0)    1 :  0.031 0.005 0.875 0.024 0.007 0.012 0.047 
 12 24.0612.E1    (0)    1 :  0.008 0.007 0.930 0.007 0.020 0.019 0.009 
 13 24.0613.E1    (0)    1 :  0.068 0.004 0.882 0.025 0.006 0.009 0.006 
 14 24.0614.E1    (0)    1 :  0.020 0.029 0.468 0.038 0.163 0.010 0.273 
 15 24.0615.E1    (0)    1 :  0.011 0.016 0.768 0.133 0.031 0.012 0.030 
 16 24.0616.E1    (0)    1 :  0.010 0.006 0.946 0.011 0.008 0.008 0.011 
 17 24.0617.E1    (0)    1 :  0.021 0.006 0.376 0.513 0.037 0.015 0.031 
 18 24.0618.E1    (0)    1 :  0.043 0.007 0.729 0.116 0.007 0.052 0.045 
 19 24.0619.E1    (0)    1 :  0.244 0.006 0.605 0.012 0.008 0.014 0.110 
 20 24.0620.E1   (20)    1 :  0.336 0.012 0.160 0.056 0.359 0.052 0.026 
 21 24.0621.E1    (0)    1 :  0.197 0.010 0.458 0.105 0.005 0.015 0.210 
 22 24.0622.E1    (0)    1 :  0.020 0.010 0.926 0.009 0.017 0.013 0.006 
 23 24.0623.E1    (0)    1 :  0.022 0.010 0.719 0.030 0.128 0.022 0.069 
 24 24.0624.E1    (0)    1 :  0.006 0.004 0.959 0.009 0.006 0.007 0.008 
 25 24.0625.E1    (0)    2 :  0.076 0.051 0.016 0.015 0.763 0.050 0.029 
 26 24.0626.E1    (0)    2 :  0.006 0.016 0.006 0.004 0.953 0.006 0.008 
 27 24.0627.E1    (0)    2 :  0.045 0.354 0.007 0.009 0.566 0.011 0.009 
 28 24.0628.E1    (0)    2 :  0.179 0.028 0.030 0.071 0.659 0.019 0.013 
 29 24.0629.E1    (0)    2 :  0.012 0.010 0.118 0.019 0.760 0.057 0.025 
 30 24.0630.E1    (0)    2 :  0.021 0.011 0.007 0.006 0.937 0.007 0.011 
 31 24.0631.E1    (0)    2 :  0.005 0.004 0.009 0.003 0.965 0.005 0.008 
 32 24.0632.E1    (0)    2 :  0.008 0.018 0.013 0.008 0.925 0.011 0.015 
 33 24.0633.E1    (0)    2 :  0.119 0.016 0.019 0.046 0.630 0.149 0.020 
 34 24.0634.E1    (0)    2 :  0.018 0.010 0.012 0.015 0.908 0.015 0.022 
 35 24.0635.E1    (0)    2 :  0.051 0.023 0.022 0.032 0.491 0.321 0.061 
 36 24.0636.E1   (33)    2 :  0.143 0.018 0.067 0.008 0.735 0.022 0.007 
 37 24.0637.E1    (0)    2 :  0.006 0.005 0.006 0.003 0.962 0.009 0.009 
 38 24.0638.E1    (0)    2 :  0.150 0.012 0.011 0.006 0.665 0.144 0.011 
 39 24.0639.E1    (0)    2 :  0.008 0.008 0.049 0.097 0.775 0.048 0.015 
 40 24.0640.E1    (0)    2 :  0.009 0.005 0.013 0.010 0.927 0.010 0.026 
 41 24.0641.E1    (0)    2 :  0.068 0.012 0.168 0.011 0.433 0.022 0.285 
 42 24.0642.E1    (0)    2 :  0.270 0.006 0.029 0.005 0.661 0.024 0.006 
 43 24.0643.E1    (0)    2 :  0.011 0.264 0.011 0.008 0.679 0.017 0.009 
 44 24.0644.E1    (0)    2 :  0.039 0.007 0.010 0.035 0.865 0.009 0.035 
 45 24.0645.E1    (0)    2 :  0.090 0.006 0.011 0.022 0.847 0.007 0.016 
 46 24.0646.E1    (0)    2 :  0.038 0.007 0.010 0.036 0.864 0.008 0.036 
 47 24.0647.E1    (0)    2 :  0.006 0.005 0.006 0.003 0.963 0.009 0.009 
 48 24.0648.E1    (0)    2 :  0.005 0.005 0.006 0.003 0.962 0.009 0.010 
 49 24.0649.E1    (0)    3 :  0.011 0.063 0.006 0.027 0.005 0.877 0.011 
 50 24.0650.E1    (0)    3 :  0.424 0.063 0.023 0.267 0.004 0.038 0.181 
 51 24.0651.E1    (0)    3 :  0.019 0.083 0.010 0.010 0.078 0.358 0.443 
 52 24.0652.E1    (0)    3 :  0.007 0.938 0.013 0.009 0.005 0.018 0.010 
 53 24.0653.E1    (0)    3 :  0.009 0.938 0.006 0.012 0.006 0.021 0.008 
 54 24.0654.E1    (0)    3 :  0.011 0.838 0.009 0.054 0.010 0.068 0.010 
 55 24.0655.E1    (0)    3 :  0.014 0.039 0.032 0.063 0.012 0.819 0.020 
 56 24.0656.E1    (0)    3 :  0.011 0.947 0.006 0.013 0.007 0.010 0.006 
 57 24.0657.E1    (0)    3 :  0.012 0.946 0.006 0.012 0.007 0.011 0.006 
 58 24.0658.E1    (0)    3 :  0.037 0.122 0.025 0.080 0.007 0.712 0.017 
 59 24.0659.E1    (0)    3 :  0.017 0.678 0.057 0.034 0.005 0.126 0.083 
 60 24.0660.E1    (6)    3 :  0.016 0.057 0.019 0.007 0.009 0.882 0.011 
 61 24.0661.E1    (0)    3 :  0.006 0.927 0.007 0.021 0.014 0.014 0.011 
 62 24.0662.E1    (0)    3 :  0.018 0.092 0.083 0.040 0.021 0.356 0.390 
 63 24.0663.E1    (0)    3 :  0.030 0.014 0.007 0.825 0.008 0.080 0.035 
 64 24.0664.E1    (0)    3 :  0.013 0.752 0.008 0.039 0.016 0.163 0.008 
 65 24.0665.E1    (0)    3 :  0.019 0.816 0.008 0.010 0.035 0.103 0.009 
 66 24.0666.E1    (0)    3 :  0.007 0.964 0.005 0.007 0.004 0.007 0.005 
 67 24.0667.E1    (0)    3 :  0.007 0.957 0.008 0.005 0.005 0.014 0.004 
 68 24.0668.E1    (0)    3 :  0.004 0.974 0.004 0.004 0.004 0.005 0.004 
 69 24.0669.E1    (0)    3 :  0.005 0.970 0.004 0.005 0.005 0.006 0.005 
 70 24.0670.E1    (0)    3 :  0.005 0.073 0.012 0.036 0.005 0.855 0.015 
 71 24.0671.E1    (0)    3 :  0.018 0.121 0.011 0.058 0.013 0.755 0.024 
 72 24.0672.E1    (0)    3 :  0.040 0.545 0.062 0.009 0.006 0.301 0.037 
 73 24.0673.E1    (6)    4 :  0.270 0.093 0.127 0.045 0.403 0.029 0.034 
 74 24.0674.E1    (0)    4 :  0.809 0.005 0.122 0.008 0.015 0.010 0.031 
 75 24.0675.E1    (0)    4 :  0.823 0.010 0.025 0.049 0.035 0.026 0.032 
 76 24.0676.E1    (0)    4 :  0.705 0.008 0.018 0.188 0.014 0.048 0.018 
 77 24.0677.E1    (0)    4 :  0.021 0.013 0.033 0.082 0.006 0.771 0.072 
 78 24.0678.E1    (0)    4 :  0.027 0.081 0.378 0.011 0.027 0.448 0.027 
 79 24.0679.E1    (0)    4 :  0.316 0.055 0.206 0.122 0.008 0.272 0.021 
 80 24.0680.E1    (0)    4 :  0.219 0.076 0.044 0.010 0.014 0.620 0.017 
 81 24.0681.E1    (0)    4 :  0.687 0.031 0.054 0.007 0.013 0.196 0.012 
 82 24.0682.E1    (0)    4 :  0.971 0.004 0.005 0.005 0.006 0.005 0.004 
 83 24.0683.E1    (0)    4 :  0.775 0.008 0.145 0.005 0.026 0.009 0.032 
 84 24.0684.E1    (0)    4 :  0.597 0.008 0.238 0.022 0.074 0.048 0.013 
 85 24.0685.E1    (0)    4 :  0.925 0.022 0.013 0.009 0.014 0.012 0.006 
 86 24.0686.E1    (0)    4 :  0.024 0.007 0.034 0.011 0.029 0.844 0.051 
 87 24.0687.E1    (0)    4 :  0.044 0.006 0.025 0.012 0.088 0.784 0.040 
 88 24.0688.E1    (0)    4 :  0.963 0.005 0.006 0.004 0.007 0.009 0.006 
 89 24.0689.E1    (0)    4 :  0.121 0.006 0.030 0.474 0.046 0.313 0.010 
 90 24.0690.E1    (0)    4 :  0.057 0.598 0.030 0.008 0.055 0.226 0.026 
 91 24.0691.E1    (0)    4 :  0.910 0.007 0.037 0.017 0.007 0.016 0.006 
 92 24.0692.E1    (0)    4 :  0.894 0.010 0.006 0.011 0.007 0.067 0.006 
 93 24.0693.E1    (0)    4 :  0.550 0.050 0.015 0.071 0.207 0.095 0.012 
 94 24.0694.E1    (0)    4 :  0.954 0.009 0.008 0.006 0.009 0.009 0.005 
 95 24.0695.E1    (0)    4 :  0.845 0.014 0.091 0.019 0.006 0.012 0.012 
 96 24.0696.E1    (0)    4 :  0.919 0.007 0.026 0.010 0.014 0.016 0.008 
 97 24.0697.E1    (0)    5 :  0.212 0.007 0.009 0.009 0.021 0.727 0.014 
 98 24.0698.E1    (0)    5 :  0.081 0.011 0.027 0.020 0.037 0.784 0.041 
 99 24.0699.E1    (0)    5 :  0.006 0.008 0.018 0.007 0.008 0.915 0.038 
100 24.0700.E1    (0)    5 :  0.019 0.007 0.006 0.007 0.006 0.947 0.008 
101 24.0701.E1    (0)    5 :  0.018 0.837 0.016 0.014 0.060 0.037 0.018 
102 24.0702.E1    (0)    5 :  0.015 0.013 0.011 0.008 0.014 0.931 0.008 
103 24.0703.E1    (0)    5 :  0.012 0.009 0.012 0.007 0.029 0.743 0.188 
104 24.0704.E1    (6)    5 :  0.018 0.007 0.019 0.007 0.010 0.614 0.325 
105 24.0705.E1    (0)    5 :  0.814 0.013 0.020 0.010 0.008 0.126 0.009 
106 24.0706.E1    (0)    5 :  0.063 0.013 0.007 0.017 0.010 0.882 0.008 
107 24.0707.E1    (0)    5 :  0.040 0.010 0.016 0.006 0.018 0.888 0.024 
108 24.0708.E1    (0)    5 :  0.039 0.020 0.139 0.165 0.199 0.083 0.356 
109 24.0709.E1    (0)    5 :  0.889 0.009 0.011 0.037 0.008 0.024 0.022 
110 24.0710.E1    (0)    5 :  0.195 0.017 0.116 0.021 0.019 0.548 0.083 
111 24.0711.E1    (0)    5 :  0.073 0.025 0.086 0.008 0.035 0.753 0.021 
112 24.0712.E1    (0)    5 :  0.049 0.694 0.035 0.007 0.078 0.126 0.012 
113 24.0713.E1    (0)    5 :  0.614 0.012 0.011 0.024 0.010 0.303 0.026 
114 24.0714.E1    (0)    5 :  0.042 0.012 0.040 0.020 0.010 0.841 0.036 
115 24.0715.E1    (0)    5 :  0.204 0.012 0.043 0.014 0.084 0.636 0.007 
116 24.0716.E1    (0)    5 :  0.020 0.293 0.089 0.045 0.038 0.471 0.044 
117 24.0717.E1    (0)    5 :  0.022 0.080 0.018 0.036 0.393 0.409 0.042 
118 24.0718.E1    (0)    5 :  0.202 0.045 0.023 0.007 0.027 0.688 0.007 
119 24.0719.E1    (0)    5 :  0.886 0.007 0.007 0.019 0.010 0.060 0.011 
120 24.0720.E1    (0)    5 :  0.723 0.023 0.016 0.012 0.009 0.206 0.011 
121 24.0721.E1    (0)    6 :  0.251 0.028 0.056 0.029 0.222 0.397 0.017 
122 24.0722.E1    (0)    6 :  0.153 0.040 0.058 0.014 0.617 0.102 0.016 
123 24.0723.E1    (0)    6 :  0.028 0.017 0.039 0.125 0.650 0.064 0.076 
124 24.0724.E1    (0)    6 :  0.215 0.012 0.436 0.039 0.061 0.026 0.211 
125 24.0725.E1    (0)    6 :  0.009 0.018 0.945 0.006 0.007 0.010 0.005 
126 24.0726.E1    (6)    6 :  0.238 0.011 0.663 0.007 0.051 0.019 0.013 
127 24.0727.E1    (0)    6 :  0.031 0.030 0.657 0.018 0.179 0.048 0.036 
128 24.0728.E1    (0)    6 :  0.026 0.012 0.352 0.025 0.126 0.449 0.010 
129 24.0729.E1    (0)    6 :  0.212 0.022 0.694 0.014 0.029 0.015 0.013 
130 24.0730.E1    (0)    6 :  0.079 0.014 0.097 0.023 0.013 0.763 0.011 
131 24.0731.E1    (0)    6 :  0.716 0.006 0.217 0.009 0.033 0.011 0.008 
132 24.0732.E1    (0)    6 :  0.224 0.023 0.258 0.004 0.435 0.050 0.006 
133 24.0733.E1    (0)    6 :  0.007 0.004 0.965 0.005 0.011 0.005 0.004 
134 24.0734.E1    (0)    6 :  0.025 0.009 0.083 0.008 0.663 0.203 0.009 
135 24.0735.E1    (0)    6 :  0.020 0.012 0.820 0.018 0.087 0.036 0.007 
136 24.0736.E1    (0)    6 :  0.008 0.005 0.956 0.006 0.012 0.009 0.006 
137 24.0737.E1    (0)    6 :  0.014 0.010 0.910 0.010 0.014 0.024 0.019 
138 24.0738.E1    (0)    6 :  0.010 0.009 0.940 0.006 0.011 0.014 0.010 
139 24.0739.E1    (0)    6 :  0.010 0.010 0.943 0.007 0.008 0.016 0.007 
140 24.0740.E1    (0)    6 :  0.252 0.013 0.678 0.015 0.017 0.012 0.014 
141 24.0741.E1    (0)    6 :  0.209 0.009 0.551 0.010 0.164 0.048 0.008 
142 24.0742.E1    (0)    6 :  0.035 0.007 0.718 0.007 0.196 0.013 0.024 
143 24.0743.E1    (0)    6 :  0.258 0.010 0.670 0.012 0.009 0.011 0.031 
144 24.0744.E1    (0)    6 :  0.133 0.288 0.455 0.022 0.058 0.019 0.025 
145 24.0745.E1    (0)    7 :  0.044 0.049 0.007 0.015 0.850 0.024 0.012 
146 24.0746.E1    (0)    7 :  0.080 0.012 0.014 0.013 0.794 0.038 0.050 
147 24.0747.E1    (0)    7 :  0.298 0.014 0.087 0.014 0.566 0.014 0.007 
148 24.0748.E1    (6)    7 :  0.403 0.020 0.088 0.026 0.441 0.014 0.008 
149 24.0749.E1    (0)    7 :  0.027 0.006 0.395 0.007 0.538 0.017 0.010 
150 24.0750.E1    (0)    7 :  0.297 0.009 0.387 0.020 0.090 0.171 0.026 
151 24.0751.E1    (0)    7 :  0.007 0.005 0.013 0.005 0.957 0.007 0.005 
152 24.0752.E1    (0)    7 :  0.013 0.005 0.122 0.013 0.824 0.018 0.007 
153 24.0753.E1    (0)    7 :  0.012 0.010 0.049 0.006 0.907 0.008 0.007 
154 24.0754.E1    (0)    7 :  0.020 0.017 0.023 0.007 0.919 0.009 0.005 
155 24.0755.E1    (0)    7 :  0.101 0.009 0.023 0.019 0.813 0.024 0.010 
156 24.0756.E1    (0)    7 :  0.010 0.005 0.016 0.007 0.947 0.006 0.010 
157 24.0757.E1    (0)    7 :  0.007 0.005 0.006 0.004 0.969 0.006 0.004 
158 24.0758.E1    (0)    7 :  0.008 0.005 0.007 0.004 0.967 0.006 0.004 
159 24.0759.E1    (0)    7 :  0.022 0.025 0.310 0.011 0.609 0.015 0.008 
160 24.0760.E1    (0)    7 :  0.013 0.011 0.009 0.006 0.938 0.017 0.006 
161 24.0761.E1    (0)    7 :  0.005 0.005 0.005 0.004 0.972 0.005 0.004 
162 24.0762.E1    (0)    7 :  0.084 0.226 0.363 0.058 0.034 0.211 0.024 
163 24.0763.E1    (0)    7 :  0.028 0.007 0.021 0.006 0.924 0.008 0.007 
164 24.0764.E1    (0)    7 :  0.008 0.006 0.089 0.005 0.875 0.013 0.005 
165 24.0765.E1    (0)    7 :  0.012 0.005 0.008 0.007 0.945 0.006 0.016 
166 24.0766.E1    (0)    7 :  0.010 0.007 0.024 0.006 0.940 0.007 0.006 
167 24.0767.E1    (0)    7 :  0.016 0.005 0.012 0.006 0.948 0.006 0.008 
168 24.0768.E1    (0)    7 :  0.420 0.009 0.438 0.045 0.024 0.030 0.035 
169 24.0779.E1    (0)    8 :  0.093 0.021 0.018 0.008 0.027 0.765 0.068 
170 24.0780.E1    (6)    8 :  0.033 0.014 0.008 0.188 0.005 0.741 0.011 
171 24.0781.E1    (0)    8 :  0.008 0.007 0.004 0.007 0.005 0.964 0.005 
172 24.0782.E1    (0)    8 :  0.442 0.012 0.157 0.043 0.050 0.267 0.030 
173 24.0783.E1    (0)    8 :  0.133 0.028 0.011 0.368 0.009 0.443 0.009 
174 24.0784.E1    (0)    8 :  0.038 0.006 0.008 0.020 0.005 0.901 0.022 
175 24.0785.E1    (0)    8 :  0.016 0.146 0.007 0.087 0.004 0.707 0.032 
176 24.0786.E1    (0)    8 :  0.104 0.018 0.025 0.124 0.011 0.706 0.012 
177 24.0787.E1    (0)    8 :  0.015 0.119 0.016 0.010 0.034 0.791 0.015 
178 24.0788.E1    (0)    8 :  0.069 0.170 0.007 0.103 0.022 0.615 0.014 
179 24.0789.E1    (0)    8 :  0.010 0.014 0.020 0.040 0.011 0.876 0.029 
180 24.0790.E1    (0)    8 :  0.009 0.204 0.004 0.016 0.005 0.746 0.016 
181 24.0791.E1    (0)    8 :  0.249 0.284 0.166 0.013 0.008 0.214 0.065 
182 24.0792.E1    (0)    8 :  0.116 0.458 0.015 0.031 0.014 0.355 0.011 
183 24.0793.E1    (0)    9 :  0.010 0.008 0.039 0.139 0.019 0.093 0.693 
184 24.0794.E1    (0)    9 :  0.007 0.108 0.629 0.047 0.007 0.023 0.179 
185 24.0795.E1    (0)    9 :  0.019 0.005 0.146 0.018 0.013 0.024 0.775 
186 24.0796.E1    (0)    9 :  0.010 0.089 0.101 0.446 0.006 0.151 0.197 
187 24.0797.E1    (0)    9 :  0.008 0.013 0.015 0.238 0.005 0.100 0.621 
188 24.0798.E1    (0)    9 :  0.024 0.472 0.009 0.015 0.072 0.019 0.389 
189 24.0799.E1    (0)    9 :  0.011 0.012 0.033 0.056 0.007 0.022 0.859 
190 24.0800.E1    (0)    9 :  0.052 0.026 0.021 0.519 0.011 0.020 0.351 
191 24.0801.E1    (0)    9 :  0.018 0.391 0.006 0.008 0.007 0.009 0.561 
192 24.0802.E1    (0)    9 :  0.009 0.007 0.006 0.018 0.007 0.012 0.941 
193 24.0803.E1    (0)    9 :  0.008 0.012 0.010 0.008 0.007 0.008 0.946 
194 24.0804.E1    (0)    9 :  0.007 0.005 0.010 0.104 0.008 0.009 0.858 
195 24.0805.E1    (0)    9 :  0.035 0.010 0.008 0.010 0.006 0.010 0.922 
196 24.0806.E1    (0)    9 :  0.005 0.005 0.006 0.006 0.009 0.007 0.962 
197 24.0807.E1    (0)    9 :  0.010 0.011 0.007 0.019 0.005 0.014 0.933 
198 24.0808.E1    (0)    9 :  0.163 0.017 0.015 0.122 0.016 0.058 0.609 
199 24.0809.E1    (0)    9 :  0.084 0.011 0.020 0.105 0.009 0.010 0.761 
200 24.0810.E1    (0)    9 :  0.016 0.008 0.010 0.015 0.009 0.008 0.935 
201 24.0811.E1    (0)    9 :  0.009 0.006 0.021 0.104 0.009 0.020 0.831 
202 24.0812.E1    (0)    9 :  0.022 0.008 0.028 0.160 0.006 0.031 0.745 
203 24.0813.E1    (0)    9 :  0.040 0.007 0.007 0.018 0.007 0.024 0.895 
204 24.0814.E1    (6)    9 :  0.019 0.010 0.008 0.215 0.008 0.007 0.733 
205 24.0815.E1    (0)    9 :  0.009 0.018 0.005 0.020 0.015 0.008 0.926 
206 24.0816.E1    (0)    9 :  0.004 0.016 0.007 0.017 0.006 0.013 0.936 
207 24.0817.E1    (0)   10 :  0.010 0.007 0.013 0.912 0.006 0.019 0.033 
208 24.0818.E1    (0)   10 :  0.006 0.010 0.050 0.819 0.014 0.082 0.019 
209 24.0819.E1    (0)   10 :  0.017 0.394 0.014 0.052 0.144 0.009 0.371 
210 24.0820.E1    (0)   10 :  0.007 0.396 0.008 0.463 0.105 0.007 0.015 
211 24.0821.E1    (0)   10 :  0.016 0.595 0.015 0.226 0.010 0.069 0.068 
212 24.0822.E1    (0)   10 :  0.009 0.010 0.006 0.932 0.012 0.025 0.006 
213 24.0823.E1    (0)   10 :  0.009 0.115 0.008 0.816 0.037 0.007 0.009 
214 24.0824.E1    (0)   10 :  0.063 0.460 0.010 0.429 0.011 0.009 0.018 
215 24.0825.E1    (0)   10 :  0.011 0.005 0.005 0.963 0.006 0.006 0.006 
216 24.0826.E1    (0)   10 :  0.008 0.458 0.006 0.460 0.044 0.011 0.013 
217 24.0827.E1    (0)   10 :  0.012 0.009 0.027 0.913 0.005 0.020 0.013 
218 24.0828.E1    (0)   10 :  0.017 0.389 0.010 0.474 0.026 0.009 0.075 
219 24.0829.E1    (0)   10 :  0.013 0.016 0.008 0.551 0.009 0.010 0.393 
220 24.0830.E1    (0)   10 :  0.013 0.020 0.007 0.899 0.005 0.041 0.016 
221 24.0831.E1    (0)   10 :  0.015 0.016 0.006 0.847 0.005 0.100 0.012 
222 24.0832.E1    (0)   10 :  0.008 0.006 0.008 0.964 0.004 0.006 0.005 
223 24.0833.E1    (0)   10 :  0.008 0.004 0.004 0.971 0.004 0.004 0.004 
224 24.0834.E1    (0)   10 :  0.009 0.007 0.008 0.955 0.007 0.006 0.007 
225 24.0835.E1    (0)   10 :  0.007 0.008 0.010 0.950 0.005 0.008 0.011 
226 24.0836.E1    (0)   10 :  0.023 0.012 0.014 0.916 0.009 0.014 0.014 
227 24.0837.E1    (0)   10 :  0.009 0.009 0.008 0.947 0.006 0.010 0.010 
228 24.0838.E1    (0)   10 :  0.015 0.006 0.005 0.950 0.006 0.012 0.007 
229 24.0839.E1    (0)   10 :  0.024 0.033 0.108 0.257 0.023 0.082 0.472 
230 24.0840.E1    (0)   10 :  0.006 0.015 0.010 0.556 0.008 0.011 0.395 
231 24.0841.E1    (0)   11 :  0.013 0.008 0.017 0.140 0.006 0.037 0.779 
232 24.0842.E1    (0)   11 :  0.008 0.207 0.016 0.102 0.005 0.013 0.649 
233 24.0843.E1    (0)   11 :  0.007 0.408 0.006 0.302 0.012 0.021 0.245 
234 24.0844.E1    (0)   11 :  0.025 0.320 0.037 0.315 0.006 0.048 0.250 
235 24.0845.E1    (0)   11 :  0.024 0.022 0.009 0.826 0.005 0.085 0.028 
236 24.0846.E1    (0)   11 :  0.012 0.008 0.013 0.901 0.014 0.013 0.038 
237 24.0847.E1    (0)   11 :  0.101 0.020 0.052 0.769 0.009 0.010 0.038 
238 24.0848.E1    (0)   11 :  0.046 0.021 0.014 0.801 0.005 0.045 0.069 
239 24.0849.E1    (0)   11 :  0.005 0.014 0.006 0.951 0.007 0.006 0.009 
240 24.0850.E1    (0)   11 :  0.005 0.015 0.006 0.951 0.007 0.006 0.009 
241 24.0851.E1    (0)   11 :  0.005 0.014 0.007 0.951 0.007 0.006 0.009 
242 24.0852.E1    (0)   11 :  0.016 0.087 0.009 0.781 0.022 0.050 0.036 
243 24.0853.E1    (0)   11 :  0.006 0.009 0.005 0.956 0.008 0.006 0.010 
244 24.0854.E1    (0)   11 :  0.011 0.913 0.016 0.021 0.009 0.007 0.023 
245 24.0855.E1    (0)   11 :  0.014 0.009 0.013 0.808 0.009 0.009 0.138 
246 24.0856.E1    (0)   11 :  0.014 0.165 0.076 0.085 0.262 0.171 0.227 
247 24.0857.E1    (0)   11 :  0.022 0.014 0.017 0.834 0.012 0.014 0.087 
248 24.0858.E1    (0)   11 :  0.019 0.024 0.014 0.803 0.008 0.071 0.060 
249 24.0859.E1    (0)   11 :  0.013 0.050 0.014 0.792 0.060 0.018 0.053 
250 24.0860.E1    (0)   11 :  0.009 0.013 0.039 0.138 0.044 0.095 0.661 
251 24.0861.E1    (0)   11 :  0.006 0.011 0.006 0.943 0.007 0.010 0.017 
252 24.0862.E1    (0)   11 :  0.008 0.006 0.012 0.016 0.010 0.022 0.925 
253 24.0863.E1    (0)   11 :  0.006 0.010 0.006 0.943 0.007 0.010 0.017 
254 24.0864.E1    (0)   11 :  0.603 0.064 0.106 0.157 0.007 0.036 0.026 
255 24.0865.E1    (0)   12 :  0.160 0.356 0.025 0.175 0.231 0.035 0.018 
256 24.0866.E1    (0)   12 :  0.276 0.039 0.060 0.277 0.021 0.239 0.088 
257 24.0867.E1    (0)   12 :  0.472 0.052 0.012 0.082 0.353 0.014 0.015 
258 24.0868.E1    (0)   12 :  0.544 0.030 0.011 0.045 0.030 0.318 0.022 
259 24.0869.E1    (0)   12 :  0.842 0.006 0.007 0.054 0.016 0.053 0.022 
260 24.0870.E1    (0)   12 :  0.361 0.027 0.071 0.047 0.080 0.394 0.019 
261 24.0871.E1    (0)   12 :  0.643 0.040 0.052 0.038 0.020 0.161 0.045 
262 24.0872.E1    (0)   12 :  0.480 0.234 0.014 0.037 0.111 0.107 0.017 
263 24.0873.E1    (0)   12 :  0.835 0.061 0.010 0.028 0.017 0.016 0.033 
264 24.0874.E1    (0)   12 :  0.329 0.113 0.014 0.301 0.187 0.020 0.037 
265 24.0875.E1    (0)   12 :  0.547 0.029 0.080 0.022 0.013 0.261 0.047 
266 24.0876.E1    (0)   12 :  0.655 0.010 0.169 0.008 0.010 0.123 0.025 
267 24.0877.E1    (0)   12 :  0.039 0.012 0.879 0.006 0.023 0.032 0.009 
268 24.0878.E1    (0)   12 :  0.264 0.015 0.638 0.038 0.011 0.020 0.013 
269 24.0879.E1    (0)   12 :  0.022 0.253 0.687 0.006 0.011 0.014 0.007 
270 24.0880.E1    (0)   12 :  0.415 0.071 0.027 0.387 0.015 0.072 0.012 
271 24.0881.E1    (0)   12 :  0.009 0.006 0.960 0.005 0.009 0.006 0.005 
272 24.0882.E1    (0)   12 :  0.040 0.016 0.577 0.009 0.339 0.013 0.006 
273 24.0883.E1    (0)   12 :  0.178 0.343 0.387 0.010 0.068 0.009 0.006 
274 24.0884.E1    (0)   12 :  0.043 0.012 0.906 0.006 0.013 0.013 0.008 
275 24.0885.E1    (0)   12 :  0.219 0.033 0.687 0.010 0.009 0.035 0.007 
276 24.0886.E1    (0)   12 :  0.330 0.158 0.433 0.009 0.048 0.012 0.011 
277 24.0887.E1    (0)   12 :  0.104 0.175 0.194 0.005 0.508 0.007 0.007 
278 24.0888.E1    (0)   12 :  0.046 0.219 0.019 0.008 0.008 0.647 0.053 


Estimated Allele Frequencies in each cluster
First column gives estimated ancestral frequencies


Locus 1 : 
31 alleles
0.0% missing data
 115   (0.032) 0.116 0.006 0.121 0.003 0.004 0.008 0.019 
 117   (0.046) 0.051 0.009 0.215 0.004 0.077 0.010 0.062 
 119   (0.035) 0.024 0.005 0.264 0.003 0.307 0.008 0.006 
 131   (0.015) 0.004 0.002 0.044 0.001 0.002 0.003 0.003 
 128   (0.038) 0.046 0.016 0.031 0.017 0.004 0.033 0.013 
 135   (0.016) 0.013 0.003 0.044 0.001 0.002 0.004 0.004 
 126   (0.081) 0.072 0.050 0.070 0.215 0.047 0.082 0.048 
 122   (0.039) 0.012 0.007 0.011 0.004 0.043 0.040 0.106 
 132   (0.031) 0.024 0.009 0.005 0.020 0.006 0.024 0.043 
 141   (0.010) 0.002 0.001 0.008 0.001 0.002 0.002 0.002 
 130   (0.048) 0.095 0.098 0.006 0.015 0.012 0.059 0.023 
 134   (0.041) 0.029 0.007 0.005 0.048 0.060 0.027 0.032 
 145   (0.019) 0.004 0.085 0.004 0.001 0.015 0.004 0.003 
 127   (0.024) 0.008 0.004 0.033 0.002 0.120 0.006 0.003 
 116   (0.106) 0.155 0.185 0.015 0.169 0.085 0.260 0.138 
 114   (0.056) 0.033 0.046 0.007 0.152 0.035 0.046 0.140 
 120   (0.037) 0.014 0.080 0.009 0.003 0.039 0.066 0.006 
 110   (0.047) 0.056 0.048 0.010 0.067 0.023 0.039 0.012 
 133   (0.012) 0.002 0.002 0.002 0.001 0.018 0.002 0.004 
 118   (0.111) 0.179 0.285 0.015 0.194 0.019 0.224 0.288 
 125   (0.015) 0.002 0.003 0.002 0.010 0.001 0.006 0.009 
 129   (0.018) 0.006 0.015 0.043 0.001 0.002 0.006 0.003 
 124   (0.017) 0.004 0.016 0.008 0.001 0.002 0.014 0.003 
 136   (0.021) 0.035 0.003 0.003 0.051 0.002 0.007 0.004 
 121   (0.016) 0.005 0.002 0.007 0.001 0.041 0.004 0.002 
 139   (0.011) 0.002 0.002 0.010 0.001 0.001 0.002 0.002 
 113   (0.010) 0.002 0.001 0.001 0.001 0.010 0.002 0.001 
 111   (0.011) 0.002 0.002 0.001 0.001 0.010 0.002 0.002 
 143   (0.011) 0.002 0.001 0.001 0.001 0.010 0.002 0.002 
 140   (0.014) 0.003 0.005 0.002 0.001 0.001 0.009 0.016 
 112   (0.011) 0.002 0.002 0.001 0.010 0.001 0.002 0.002 

Locus 2 : 
18 alleles
0.0% missing data
 152   (0.387) 0.541 0.202 0.666 0.253 0.577 0.384 0.527 
 148   (0.070) 0.156 0.021 0.126 0.006 0.124 0.041 0.012 
 154   (0.109) 0.145 0.027 0.053 0.189 0.140 0.098 0.079 
 156   (0.016) 0.003 0.003 0.011 0.001 0.001 0.006 0.009 
 150   (0.017) 0.003 0.003 0.007 0.001 0.062 0.003 0.003 
 164   (0.076) 0.032 0.024 0.066 0.081 0.014 0.129 0.072 
 158   (0.033) 0.022 0.092 0.009 0.003 0.018 0.008 0.009 
 160   (0.020) 0.013 0.004 0.003 0.002 0.010 0.012 0.003 
 166   (0.021) 0.004 0.003 0.003 0.001 0.003 0.018 0.034 
 151   (0.061) 0.012 0.340 0.007 0.366 0.005 0.162 0.031 
 147   (0.066) 0.032 0.201 0.008 0.087 0.007 0.065 0.181 
 168   (0.023) 0.009 0.032 0.003 0.002 0.003 0.015 0.008 
 153   (0.016) 0.002 0.015 0.002 0.001 0.001 0.013 0.002 
 149   (0.026) 0.019 0.023 0.003 0.002 0.008 0.011 0.004 
 162   (0.020) 0.003 0.006 0.007 0.002 0.004 0.009 0.022 
 167   (0.013) 0.002 0.002 0.021 0.001 0.001 0.002 0.002 
 146   (0.013) 0.002 0.002 0.002 0.001 0.020 0.002 0.002 
 172   (0.013) 0.002 0.002 0.001 0.001 0.001 0.022 0.002 

Locus 3 : 
4 alleles
0.0% missing data
 128   (0.287) 0.307 0.241 0.218 0.455 0.407 0.225 0.246 
 126   (0.619) 0.664 0.606 0.709 0.458 0.563 0.737 0.702 
 132   (0.079) 0.026 0.129 0.071 0.085 0.026 0.034 0.050 
 134   (0.014) 0.002 0.024 0.002 0.001 0.005 0.003 0.002 

Locus 4 : 
3 alleles
0.0% missing data
 170   (0.314) 0.190 0.212 0.325 0.352 0.344 0.362 0.321 
 172   (0.673) 0.806 0.786 0.674 0.647 0.649 0.635 0.677 
 171   (0.013) 0.004 0.002 0.002 0.001 0.007 0.002 0.002 

Locus 5 : 
37 alleles
0.0% missing data
 125   (0.049) 0.043 0.087 0.057 0.103 0.061 0.025 0.011 
 110   (0.035) 0.009 0.031 0.046 0.053 0.031 0.008 0.041 
 129   (0.033) 0.010 0.028 0.045 0.009 0.003 0.103 0.033 
 113   (0.031) 0.015 0.007 0.010 0.014 0.003 0.103 0.089 
 145   (0.045) 0.137 0.133 0.209 0.008 0.034 0.017 0.008 
 155   (0.053) 0.027 0.011 0.135 0.046 0.093 0.042 0.077 
 117   (0.031) 0.099 0.010 0.027 0.002 0.015 0.014 0.024 
 124   (0.010) 0.002 0.001 0.020 0.001 0.001 0.002 0.001 
 133   (0.036) 0.035 0.036 0.047 0.003 0.029 0.048 0.010 
 157   (0.048) 0.044 0.081 0.010 0.038 0.026 0.150 0.022 
 141   (0.014) 0.006 0.002 0.004 0.004 0.001 0.032 0.002 
 112   (0.067) 0.092 0.027 0.076 0.177 0.172 0.062 0.051 
 121   (0.019) 0.003 0.009 0.004 0.005 0.004 0.015 0.065 
 114   (0.037) 0.117 0.007 0.057 0.060 0.105 0.009 0.006 
 153   (0.053) 0.042 0.175 0.048 0.082 0.006 0.030 0.151 
 127   (0.077) 0.089 0.075 0.072 0.117 0.062 0.106 0.097 
 131   (0.060) 0.038 0.108 0.056 0.053 0.207 0.024 0.079 
 135   (0.032) 0.031 0.012 0.007 0.065 0.007 0.030 0.030 
 104   (0.009) 0.004 0.002 0.001 0.001 0.006 0.002 0.001 
 118   (0.018) 0.010 0.007 0.016 0.001 0.007 0.011 0.003 
 116   (0.030) 0.031 0.016 0.007 0.012 0.014 0.011 0.042 
 137   (0.023) 0.007 0.010 0.004 0.002 0.050 0.012 0.063 
 123   (0.022) 0.007 0.011 0.007 0.070 0.003 0.005 0.031 
 149   (0.008) 0.007 0.002 0.001 0.002 0.001 0.002 0.004 
 138   (0.014) 0.002 0.050 0.002 0.001 0.001 0.020 0.002 
 143   (0.024) 0.004 0.014 0.003 0.042 0.048 0.030 0.005 
 163   (0.010) 0.002 0.001 0.001 0.001 0.001 0.010 0.002 
 109   (0.011) 0.024 0.001 0.001 0.001 0.001 0.002 0.001 
 139   (0.009) 0.001 0.001 0.001 0.001 0.001 0.011 0.001 
 106   (0.009) 0.002 0.001 0.001 0.001 0.001 0.010 0.001 
 144   (0.015) 0.033 0.002 0.002 0.001 0.001 0.005 0.014 
 122   (0.010) 0.007 0.001 0.014 0.001 0.001 0.002 0.002 
 100   (0.018) 0.008 0.013 0.002 0.010 0.002 0.015 0.024 
 111   (0.012) 0.003 0.014 0.001 0.001 0.001 0.021 0.002 
 233   (0.008) 0.001 0.011 0.001 0.002 0.001 0.002 0.002 
 134   (0.009) 0.001 0.001 0.001 0.009 0.001 0.003 0.001 
 140   (0.009) 0.007 0.002 0.001 0.001 0.001 0.005 0.002 

Locus 6 : 
17 alleles
0.0% missing data
 221   (0.025) 0.005 0.003 0.135 0.002 0.044 0.004 0.003 
 232   (0.251) 0.269 0.411 0.191 0.421 0.301 0.320 0.299 
 229   (0.048) 0.033 0.015 0.088 0.073 0.067 0.010 0.014 
 223   (0.064) 0.060 0.057 0.089 0.049 0.008 0.048 0.028 
 230   (0.153) 0.225 0.115 0.089 0.167 0.247 0.222 0.077 
 235   (0.015) 0.002 0.002 0.060 0.001 0.001 0.003 0.002 
 236   (0.038) 0.019 0.033 0.080 0.003 0.015 0.022 0.008 
 227   (0.021) 0.009 0.004 0.057 0.001 0.002 0.010 0.004 
 220   (0.057) 0.043 0.050 0.008 0.041 0.080 0.019 0.143 
 222   (0.044) 0.022 0.014 0.005 0.005 0.109 0.032 0.168 
 234   (0.131) 0.216 0.175 0.094 0.120 0.104 0.105 0.117 
 224   (0.032) 0.006 0.059 0.004 0.058 0.003 0.033 0.007 
 228   (0.058) 0.047 0.048 0.013 0.043 0.006 0.162 0.044 
 225   (0.012) 0.002 0.001 0.003 0.001 0.001 0.002 0.013 
 226   (0.016) 0.002 0.002 0.003 0.013 0.001 0.003 0.067 
 233   (0.025) 0.028 0.009 0.054 0.002 0.010 0.005 0.004 
 231   (0.014) 0.013 0.003 0.028 0.001 0.001 0.002 0.002 

Locus 7 : 
10 alleles
0.0% missing data
 121   (0.688) 0.808 0.736 0.859 0.725 0.772 0.827 0.757 
 129   (0.094) 0.060 0.086 0.077 0.148 0.056 0.051 0.055 
 130   (0.013) 0.002 0.002 0.002 0.001 0.001 0.003 0.028 
 123   (0.100) 0.041 0.121 0.044 0.118 0.104 0.075 0.105 
 128   (0.015) 0.003 0.004 0.003 0.001 0.036 0.003 0.002 
 131   (0.016) 0.003 0.007 0.003 0.002 0.011 0.004 0.006 
 117   (0.012) 0.002 0.002 0.001 0.001 0.001 0.011 0.002 
 125   (0.012) 0.002 0.033 0.001 0.001 0.001 0.002 0.002 
 134   (0.036) 0.070 0.007 0.006 0.003 0.008 0.023 0.042 
 132   (0.014) 0.010 0.002 0.003 0.001 0.011 0.002 0.002 

Locus 8 : 
19 alleles
0.0% missing data
 184   (0.298) 0.447 0.461 0.494 0.329 0.390 0.374 0.350 
 194   (0.045) 0.074 0.017 0.030 0.011 0.018 0.049 0.008 
 178   (0.097) 0.080 0.029 0.188 0.205 0.116 0.061 0.130 
 176   (0.088) 0.088 0.118 0.047 0.028 0.140 0.080 0.081 
 182   (0.084) 0.055 0.034 0.051 0.046 0.113 0.121 0.140 
 190   (0.027) 0.005 0.004 0.007 0.011 0.059 0.005 0.042 
 196   (0.023) 0.006 0.028 0.007 0.047 0.002 0.006 0.005 
 200   (0.028) 0.007 0.015 0.015 0.002 0.011 0.039 0.008 
 180   (0.025) 0.004 0.058 0.011 0.002 0.035 0.005 0.005 
 188   (0.040) 0.049 0.060 0.021 0.041 0.008 0.012 0.008 
 174   (0.034) 0.079 0.012 0.018 0.003 0.037 0.017 0.010 
 186   (0.118) 0.083 0.096 0.091 0.203 0.054 0.205 0.174 
 192   (0.022) 0.004 0.014 0.010 0.062 0.007 0.005 0.004 
 201   (0.011) 0.002 0.007 0.001 0.001 0.007 0.002 0.002 
 199   (0.019) 0.003 0.020 0.002 0.002 0.002 0.012 0.016 
 185   (0.010) 0.001 0.016 0.001 0.001 0.001 0.002 0.001 
 203   (0.010) 0.011 0.001 0.001 0.001 0.001 0.002 0.002 
 198   (0.010) 0.003 0.002 0.001 0.001 0.001 0.002 0.010 
 209   (0.010) 0.002 0.007 0.002 0.003 0.001 0.002 0.005 

Locus 9 : 
6 alleles
0.4% missing data
 154   (0.689) 0.673 0.793 0.735 0.774 0.701 0.731 0.820 
 156   (0.214) 0.258 0.193 0.160 0.110 0.290 0.197 0.164 
 152   (0.046) 0.039 0.007 0.062 0.113 0.004 0.026 0.008 
 153   (0.014) 0.002 0.003 0.002 0.002 0.001 0.020 0.002 
 160   (0.014) 0.002 0.002 0.002 0.001 0.001 0.021 0.002 
 164   (0.023) 0.026 0.003 0.039 0.002 0.003 0.005 0.003 

Locus 10 : 
29 alleles
0.7% missing data
 305   (0.067) 0.013 0.010 0.083 0.008 0.100 0.119 0.113 
 313   (0.046) 0.013 0.015 0.131 0.005 0.005 0.045 0.050 
 311   (0.013) 0.003 0.003 0.017 0.001 0.001 0.004 0.002 
 299   (0.095) 0.032 0.014 0.247 0.225 0.025 0.204 0.074 
 315   (0.064) 0.023 0.014 0.099 0.012 0.074 0.152 0.014 
 287   (0.023) 0.004 0.456 0.012 0.002 0.004 0.006 0.009 
 291   (0.107) 0.298 0.018 0.098 0.360 0.052 0.059 0.106 
 295   (0.023) 0.165 0.003 0.029 0.002 0.003 0.007 0.004 
 289   (0.017) 0.002 0.004 0.003 0.001 0.002 0.006 0.121 
 303   (0.064) 0.039 0.220 0.026 0.146 0.370 0.015 0.012 
 297   (0.052) 0.064 0.007 0.051 0.025 0.042 0.013 0.117 
 293   (0.021) 0.040 0.005 0.039 0.002 0.003 0.009 0.019 
 301   (0.065) 0.063 0.047 0.060 0.007 0.071 0.047 0.017 
 285   (0.029) 0.005 0.004 0.004 0.002 0.112 0.011 0.179 
 307   (0.057) 0.081 0.008 0.022 0.074 0.100 0.070 0.008 
 312   (0.049) 0.080 0.010 0.007 0.079 0.018 0.089 0.011 
 306   (0.027) 0.023 0.013 0.009 0.005 0.002 0.047 0.004 
 320   (0.014) 0.002 0.003 0.002 0.001 0.001 0.021 0.002 
 317   (0.020) 0.003 0.079 0.017 0.001 0.002 0.004 0.004 
 314   (0.024) 0.006 0.024 0.027 0.002 0.002 0.010 0.004 
 323   (0.011) 0.002 0.009 0.002 0.001 0.001 0.005 0.002 
 325   (0.012) 0.002 0.009 0.002 0.001 0.001 0.005 0.002 
 310   (0.017) 0.005 0.003 0.003 0.030 0.001 0.011 0.003 
 309   (0.014) 0.023 0.002 0.002 0.001 0.001 0.003 0.002 
 316   (0.017) 0.002 0.008 0.003 0.004 0.001 0.022 0.005 
 296   (0.012) 0.003 0.007 0.001 0.001 0.001 0.006 0.002 
 304   (0.014) 0.002 0.002 0.002 0.002 0.001 0.003 0.057 
 321   (0.012) 0.002 0.001 0.001 0.001 0.001 0.002 0.030 
 332   (0.014) 0.002 0.002 0.002 0.001 0.001 0.002 0.029 

Locus 11 : 
19 alleles
0.0% missing data
 114   (0.141) 0.238 0.048 0.214 0.016 0.256 0.182 0.025 
 126   (0.023) 0.005 0.003 0.045 0.001 0.017 0.004 0.003 
 111   (0.076) 0.016 0.035 0.189 0.563 0.006 0.015 0.570 
 116   (0.124) 0.130 0.065 0.132 0.023 0.152 0.090 0.074 
 132   (0.013) 0.002 0.002 0.010 0.001 0.001 0.003 0.002 
 109   (0.016) 0.004 0.002 0.040 0.001 0.001 0.003 0.002 
 128   (0.018) 0.014 0.003 0.007 0.003 0.001 0.005 0.003 
 112   (0.312) 0.468 0.447 0.289 0.035 0.511 0.589 0.068 
 122   (0.016) 0.011 0.006 0.002 0.002 0.007 0.004 0.002 
 124   (0.013) 0.002 0.002 0.002 0.001 0.010 0.002 0.002 
 118   (0.059) 0.045 0.063 0.024 0.012 0.022 0.025 0.050 
 127   (0.013) 0.002 0.002 0.002 0.001 0.001 0.011 0.002 
 113   (0.055) 0.012 0.188 0.007 0.278 0.004 0.018 0.131 
 115   (0.033) 0.018 0.101 0.018 0.004 0.003 0.011 0.008 
 120   (0.022) 0.019 0.003 0.003 0.049 0.002 0.004 0.003 
 117   (0.020) 0.004 0.003 0.003 0.004 0.002 0.013 0.022 
 125   (0.018) 0.006 0.019 0.003 0.002 0.001 0.017 0.003 
 119   (0.014) 0.002 0.002 0.002 0.002 0.001 0.003 0.028 
 136   (0.015) 0.002 0.006 0.008 0.001 0.001 0.002 0.002 

Locus 12 : 
28 alleles
0.7% missing data
 306   (0.067) 0.012 0.009 0.082 0.008 0.097 0.086 0.169 
 314   (0.055) 0.010 0.020 0.119 0.068 0.007 0.040 0.042 
 312   (0.013) 0.002 0.001 0.022 0.001 0.001 0.002 0.002 
 300   (0.096) 0.032 0.014 0.260 0.222 0.025 0.206 0.074 
 316   (0.038) 0.007 0.005 0.097 0.011 0.072 0.013 0.010 
 288   (0.022) 0.004 0.447 0.010 0.002 0.003 0.005 0.009 
 292   (0.114) 0.298 0.019 0.100 0.358 0.053 0.061 0.118 
 296   (0.031) 0.168 0.008 0.030 0.003 0.004 0.012 0.005 
 290   (0.017) 0.003 0.004 0.003 0.001 0.002 0.006 0.121 
 304   (0.064) 0.039 0.220 0.026 0.145 0.370 0.016 0.012 
 298   (0.051) 0.063 0.007 0.051 0.025 0.042 0.014 0.117 
 294   (0.022) 0.039 0.005 0.039 0.002 0.003 0.010 0.019 
 302   (0.066) 0.063 0.047 0.060 0.007 0.071 0.048 0.018 
 286   (0.030) 0.005 0.004 0.004 0.002 0.112 0.012 0.193 
 308   (0.034) 0.033 0.004 0.019 0.002 0.098 0.061 0.005 
 313   (0.039) 0.087 0.007 0.007 0.005 0.018 0.109 0.006 
 307   (0.045) 0.068 0.014 0.010 0.083 0.004 0.053 0.007 
 321   (0.013) 0.002 0.003 0.002 0.001 0.001 0.021 0.002 
 315   (0.045) 0.019 0.055 0.029 0.003 0.005 0.134 0.007 
 318   (0.020) 0.003 0.068 0.008 0.004 0.002 0.005 0.007 
 324   (0.013) 0.002 0.009 0.002 0.001 0.001 0.005 0.002 
 326   (0.013) 0.002 0.009 0.002 0.001 0.001 0.005 0.002 
 311   (0.023) 0.008 0.008 0.010 0.041 0.002 0.019 0.004 
 310   (0.013) 0.022 0.002 0.002 0.001 0.001 0.003 0.002 
 305   (0.015) 0.003 0.002 0.002 0.001 0.001 0.031 0.003 
 317   (0.014) 0.002 0.006 0.002 0.001 0.001 0.018 0.002 
 320   (0.012) 0.002 0.002 0.002 0.001 0.001 0.002 0.015 
 322   (0.014) 0.002 0.002 0.002 0.001 0.001 0.002 0.030 

Locus 13 : 
7 alleles
1.1% missing data
 161   (0.617) 0.806 0.474 0.676 0.428 0.479 0.593 0.521 
 163   (0.273) 0.145 0.503 0.250 0.549 0.026 0.384 0.358 
 160   (0.019) 0.003 0.003 0.003 0.001 0.219 0.004 0.003 
 162   (0.017) 0.003 0.002 0.002 0.001 0.221 0.003 0.002 
 165   (0.047) 0.035 0.014 0.062 0.019 0.005 0.009 0.112 
 166   (0.013) 0.005 0.002 0.005 0.001 0.002 0.004 0.002 
 164   (0.015) 0.002 0.002 0.002 0.001 0.049 0.003 0.002 

Locus 14 : 
4 alleles
0.4% missing data
  98   (0.959) 0.987 0.976 0.986 0.997 0.993 0.988 0.994 
 100   (0.013) 0.002 0.014 0.002 0.001 0.001 0.003 0.002 
  96   (0.016) 0.008 0.002 0.011 0.001 0.005 0.003 0.002 
 105   (0.013) 0.003 0.008 0.002 0.001 0.001 0.006 0.002 

Locus 15 : 
12 alleles
2.2% missing data
 171   (0.293) 0.210 0.431 0.407 0.337 0.177 0.329 0.320 
 177   (0.182) 0.271 0.203 0.186 0.086 0.193 0.150 0.134 
 173   (0.269) 0.336 0.226 0.261 0.515 0.091 0.293 0.430 
 179   (0.111) 0.053 0.099 0.093 0.033 0.464 0.115 0.064 
 183   (0.019) 0.003 0.004 0.031 0.002 0.003 0.007 0.008 
 181   (0.043) 0.017 0.011 0.009 0.022 0.065 0.056 0.011 
 197   (0.015) 0.058 0.002 0.004 0.001 0.001 0.003 0.002 
 170   (0.013) 0.007 0.004 0.002 0.001 0.001 0.016 0.002 
 189   (0.014) 0.002 0.002 0.002 0.001 0.002 0.021 0.003 
 203   (0.013) 0.037 0.002 0.002 0.001 0.001 0.002 0.002 
 187   (0.015) 0.005 0.015 0.003 0.001 0.001 0.005 0.010 
 198   (0.013) 0.002 0.002 0.002 0.001 0.001 0.002 0.015 

Values of parameters used in structure:
DATAFILE=STRUCTURE_main_final_278_HEG_ZG.str,	OUTFILE=STRUCTURE_main_final_278_HEG_ZG-K7-14,	NUMINDS=278,	NUMLOCI=15,	MISSING=-9,	LABEL=1,	POPDATA=1,	POPFLAG=0,	PHENOTYPE=0,	EXTRACOLS=0,	MAXPOPS=7,	BURNIN=100000,	NUMREPS=500000,	USEPOPINFO=0,	INFERALPHA=1,	INFERLAMBDA=0,	POPSPECIFICLAMBDA=0,	POPALPHAS=0,	COMPUTEPROB=1,	NOADMIX=0,	ADMBURNIN=2500,	UPDATEFREQ=1,	PRINTLIKES=0,	INTERMEDSAVE=0,	PRINTKLD=0,	PRINTNET=0,	PRINTLAMBDA=0,	ANCESTDIST=0,	NUMBOXES=1000,	ANCESTPINT=0.90000,	GENSBACK=2,	MIGRPRIOR=0.05000,	PRINTQHAT=0,	PRINTQSUM=0,	ALPHA=1.0000,	FREQSCORR=1,	FPRIORMEAN=0.0100,	FPRIORSD=0.0500,	ONEFST=0,	LAMBDA=1.0000,	UNIFPRIORALPHA=1,	ALPHAMAX=10.0000,	ALPHAPRIORA=1.0000,	ALPHAPRIORB=2.0000,	ALPHAPROPSD=0.0250,	STARTATPOPINFO=0,	RANDOMIZE=1,	LINKAGE=0,	METROFREQ=10,	REPORTHITRATE=0,	MARKOVPHASE=-1,	PHASED=0,	PLOIDY=2,	PHASEINFO=0	LOCPRIOR=0, 	LOCPRIORINIT=1.000000, 	LOCDATA=0, 	LOCISPOP=0, 	LOCPRIORSTEP=0.100000, 	MAXLOCPRIOR=20.000000, 	SEED=1782482325,	
[STRAT parameters]:    NUMSIMSTATS=1000,	PHENOTYPECOL=-9,	POOLFREQ=10,	LOCUSxONLY=0,	EMERROR=0.00100,	MISSINGPHENO=-9,	