

----------------------------------------------------
STRUCTURE by Pritchard, Stephens and Donnelly (2000)
     and Falush, Stephens and Pritchard (2003)
       Code by Pritchard, Falush and Hubisz
             Version 2.3.4 (Jul 2012)
----------------------------------------------------



Command line arguments:   structure -K 9 -i STRUCTURE_main_final_278_HEG_ZG.str -o STRUCTURE_main_final_278_HEG_ZG-K9-3 
Input File:    STRUCTURE_main_final_278_HEG_ZG.str

Run parameters:
   278 individuals
   15 loci
   9 populations assumed
   100000 Burn-in period
   500000 Reps


--------------------------------------------
Proportion of membership of each pre-defined
 population in each of the 9 clusters

Given    Inferred Clusters                                                 Number of
 Pop       1      2      3      4      5      6      7      8      9      Individuals

  1:     0.015  0.045  0.064  0.012  0.023  0.025  0.073  0.052  0.691       24
  2:     0.023  0.022  0.020  0.757  0.040  0.024  0.051  0.040  0.024       24
  3:     0.464  0.052  0.060  0.011  0.234  0.128  0.009  0.027  0.015       24
  4:     0.040  0.015  0.042  0.017  0.053  0.194  0.049  0.539  0.050       24
  5:     0.028  0.040  0.018  0.025  0.094  0.553  0.030  0.194  0.017       24
  6:     0.021  0.035  0.020  0.032  0.030  0.114  0.208  0.125  0.416       24
  7:     0.014  0.014  0.014  0.032  0.021  0.032  0.744  0.068  0.061       24
  8:     0.384  0.022  0.075  0.014  0.032  0.360  0.011  0.066  0.036       14
  9:     0.042  0.710  0.086  0.013  0.040  0.029  0.006  0.023  0.051       24
 10:     0.070  0.090  0.701  0.009  0.044  0.018  0.043  0.012  0.012       24
 11:     0.032  0.178  0.579  0.010  0.086  0.041  0.016  0.038  0.019       24
 12:     0.109  0.018  0.064  0.020  0.070  0.051  0.124  0.307  0.237       24
--------------------------------------------

Allele-freq. divergence among pops (Net nucleotide distance),
computed using point estimates of P.

      1       2       3       4       5       6       7       8       9      
 1      -    0.0483  0.0466  0.0731  0.0673  0.0310  0.0892  0.0504  0.0535  
 2   0.0483     -    0.0374  0.0793  0.0797  0.0456  0.1001  0.0506  0.0398  
 3   0.0466  0.0374     -    0.1078  0.0925  0.0609  0.1183  0.0647  0.0596  
 4   0.0731  0.0793  0.1078     -    0.1048  0.0638  0.0989  0.0718  0.0677  
 5   0.0673  0.0797  0.0925  0.1048     -    0.0671  0.1158  0.0727  0.0790  
 6   0.0310  0.0456  0.0609  0.0638  0.0671     -    0.0719  0.0339  0.0329  
 7   0.0892  0.1001  0.1183  0.0989  0.1158  0.0719     -    0.0672  0.0710  
 8   0.0504  0.0506  0.0647  0.0718  0.0727  0.0339  0.0672     -    0.0346  
 9   0.0535  0.0398  0.0596  0.0677  0.0790  0.0329  0.0710  0.0346     -    

Average distances (expected heterozygosity) between individuals in same cluster:
cluster  1  : 0.6248 
cluster  2  : 0.6242 
cluster  3  : 0.6109 
cluster  4  : 0.6162 
cluster  5  : 0.5959 
cluster  6  : 0.6175 
cluster  7  : 0.5434 
cluster  8  : 0.6064 
cluster  9  : 0.6154 

--------------------------------------------
Estimated Ln Prob of Data   = -12367.7
Mean value of ln likelihood = -11728.9
Variance of ln likelihood   = 1277.8
Mean value of alpha         = 0.0468

Mean value of Fst_1         = 0.0893
Mean value of Fst_2         = 0.1117
Mean value of Fst_3         = 0.1663
Mean value of Fst_4         = 0.1823
Mean value of Fst_5         = 0.1784
Mean value of Fst_6         = 0.0986
Mean value of Fst_7         = 0.2037
Mean value of Fst_8         = 0.0933
Mean value of Fst_9         = 0.0957


Inferred ancestry of individuals:
        Label (%Miss) Pop:  Inferred clusters
  1 24.0601.E1    (0)    1 :  0.005 0.008 0.010 0.011 0.011 0.008 0.013 0.009 0.924 
  2 24.0602.E1    (0)    1 :  0.010 0.011 0.008 0.004 0.011 0.010 0.009 0.006 0.932 
  3 24.0603.E1    (0)    1 :  0.009 0.014 0.005 0.005 0.007 0.087 0.023 0.023 0.826 
  4 24.0604.E1    (0)    1 :  0.005 0.007 0.026 0.007 0.160 0.005 0.005 0.085 0.701 
  5 24.0605.E1    (0)    1 :  0.008 0.024 0.009 0.007 0.007 0.019 0.036 0.029 0.859 
  6 24.0606.E1    (0)    1 :  0.006 0.013 0.015 0.009 0.005 0.028 0.020 0.150 0.754 
  7 24.0607.E1    (0)    1 :  0.009 0.375 0.014 0.007 0.019 0.156 0.250 0.016 0.155 
  8 24.0608.E1    (0)    1 :  0.031 0.010 0.063 0.005 0.007 0.008 0.128 0.007 0.743 
  9 24.0609.E1    (0)    1 :  0.013 0.015 0.371 0.004 0.008 0.020 0.005 0.247 0.316 
 10 24.0610.E1    (0)    1 :  0.015 0.013 0.173 0.005 0.005 0.017 0.008 0.247 0.517 
 11 24.0611.E1    (0)    1 :  0.006 0.029 0.018 0.007 0.006 0.012 0.005 0.032 0.886 
 12 24.0612.E1    (0)    1 :  0.005 0.007 0.006 0.007 0.012 0.030 0.013 0.006 0.914 
 13 24.0613.E1    (0)    1 :  0.004 0.005 0.019 0.006 0.005 0.011 0.005 0.064 0.882 
 14 24.0614.E1    (0)    1 :  0.019 0.286 0.021 0.007 0.006 0.008 0.389 0.013 0.253 
 15 24.0615.E1    (0)    1 :  0.007 0.017 0.101 0.014 0.020 0.015 0.033 0.010 0.783 
 16 24.0616.E1    (0)    1 :  0.004 0.008 0.009 0.010 0.006 0.009 0.005 0.008 0.940 
 17 24.0617.E1    (0)    1 :  0.007 0.020 0.444 0.028 0.006 0.017 0.018 0.019 0.442 
 18 24.0618.E1    (0)    1 :  0.014 0.036 0.081 0.010 0.006 0.047 0.005 0.034 0.768 
 19 24.0619.E1    (0)    1 :  0.056 0.034 0.008 0.011 0.097 0.009 0.004 0.064 0.715 
 20 24.0620.E1   (20)    1 :  0.011 0.016 0.030 0.012 0.013 0.040 0.751 0.082 0.046 
 21 24.0621.E1    (0)    1 :  0.080 0.080 0.068 0.005 0.123 0.012 0.005 0.054 0.573 
 22 24.0622.E1    (0)    1 :  0.019 0.005 0.007 0.020 0.005 0.010 0.009 0.017 0.908 
 23 24.0623.E1    (0)    1 :  0.014 0.028 0.020 0.090 0.013 0.012 0.016 0.016 0.790 
 24 24.0624.E1    (0)    1 :  0.004 0.007 0.008 0.006 0.004 0.008 0.007 0.006 0.951 
 25 24.0625.E1    (0)    2 :  0.080 0.020 0.020 0.688 0.040 0.034 0.049 0.056 0.013 
 26 24.0626.E1    (0)    2 :  0.030 0.005 0.005 0.912 0.005 0.005 0.031 0.004 0.004 
 27 24.0627.E1    (0)    2 :  0.006 0.007 0.008 0.487 0.419 0.011 0.015 0.042 0.006 
 28 24.0628.E1    (0)    2 :  0.152 0.010 0.073 0.558 0.006 0.008 0.072 0.096 0.025 
 29 24.0629.E1    (0)    2 :  0.007 0.008 0.016 0.826 0.009 0.052 0.005 0.009 0.067 
 30 24.0630.E1    (0)    2 :  0.015 0.007 0.006 0.908 0.007 0.004 0.038 0.010 0.004 
 31 24.0631.E1    (0)    2 :  0.003 0.004 0.003 0.971 0.003 0.004 0.004 0.003 0.005 
 32 24.0632.E1    (0)    2 :  0.006 0.006 0.006 0.911 0.010 0.025 0.022 0.006 0.007 
 33 24.0633.E1    (0)    2 :  0.061 0.022 0.085 0.597 0.010 0.069 0.103 0.037 0.016 
 34 24.0634.E1    (0)    2 :  0.009 0.010 0.015 0.926 0.008 0.009 0.006 0.009 0.009 
 35 24.0635.E1    (0)    2 :  0.055 0.086 0.032 0.668 0.027 0.079 0.015 0.019 0.019 
 36 24.0636.E1   (33)    2 :  0.020 0.008 0.009 0.078 0.024 0.024 0.681 0.124 0.033 
 37 24.0637.E1    (0)    2 :  0.004 0.005 0.003 0.962 0.004 0.006 0.007 0.005 0.004 
 38 24.0638.E1    (0)    2 :  0.010 0.005 0.005 0.890 0.011 0.046 0.004 0.021 0.007 
 39 24.0639.E1    (0)    2 :  0.006 0.007 0.103 0.746 0.022 0.056 0.012 0.007 0.042 
 40 24.0640.E1    (0)    2 :  0.004 0.009 0.006 0.950 0.004 0.007 0.005 0.006 0.007 
 41 24.0641.E1    (0)    2 :  0.044 0.251 0.011 0.368 0.061 0.023 0.019 0.025 0.200 
 42 24.0642.E1    (0)    2 :  0.005 0.005 0.004 0.586 0.007 0.009 0.042 0.282 0.060 
 43 24.0643.E1    (0)    2 :  0.006 0.006 0.010 0.599 0.255 0.067 0.039 0.008 0.008 
 44 24.0644.E1    (0)    2 :  0.006 0.011 0.020 0.919 0.005 0.005 0.005 0.021 0.008 
 45 24.0645.E1    (0)    2 :  0.005 0.009 0.024 0.774 0.006 0.006 0.020 0.147 0.011 
 46 24.0646.E1    (0)    2 :  0.005 0.011 0.021 0.919 0.005 0.005 0.005 0.021 0.008 
 47 24.0647.E1    (0)    2 :  0.004 0.005 0.003 0.961 0.004 0.006 0.007 0.005 0.004 
 48 24.0648.E1    (0)    2 :  0.004 0.005 0.003 0.962 0.004 0.006 0.007 0.005 0.004 
 49 24.0649.E1    (0)    3 :  0.639 0.013 0.040 0.007 0.014 0.265 0.003 0.013 0.006 
 50 24.0650.E1    (0)    3 :  0.252 0.184 0.150 0.004 0.010 0.011 0.004 0.360 0.024 
 51 24.0651.E1    (0)    3 :  0.159 0.395 0.010 0.104 0.029 0.248 0.031 0.017 0.007 
 52 24.0652.E1    (0)    3 :  0.947 0.007 0.008 0.004 0.008 0.008 0.004 0.005 0.009 
 53 24.0653.E1    (0)    3 :  0.068 0.013 0.024 0.005 0.846 0.022 0.006 0.010 0.006 
 54 24.0654.E1    (0)    3 :  0.925 0.007 0.029 0.008 0.006 0.008 0.005 0.007 0.005 
 55 24.0655.E1    (0)    3 :  0.166 0.013 0.068 0.013 0.012 0.672 0.007 0.011 0.037 
 56 24.0656.E1    (0)    3 :  0.946 0.006 0.010 0.004 0.008 0.006 0.008 0.008 0.006 
 57 24.0657.E1    (0)    3 :  0.950 0.006 0.009 0.004 0.007 0.006 0.007 0.007 0.005 
 58 24.0658.E1    (0)    3 :  0.468 0.017 0.082 0.007 0.068 0.277 0.008 0.050 0.023 
 59 24.0659.E1    (0)    3 :  0.613 0.037 0.017 0.008 0.261 0.026 0.003 0.011 0.024 
 60 24.0660.E1    (6)    3 :  0.563 0.010 0.007 0.015 0.015 0.341 0.007 0.017 0.025 
 61 24.0661.E1    (0)    3 :  0.934 0.007 0.016 0.005 0.007 0.006 0.016 0.004 0.005 
 62 24.0662.E1    (0)    3 :  0.048 0.406 0.041 0.020 0.131 0.263 0.015 0.015 0.061 
 63 24.0663.E1    (0)    3 :  0.058 0.036 0.793 0.008 0.006 0.057 0.006 0.030 0.006 
 64 24.0664.E1    (0)    3 :  0.910 0.006 0.018 0.006 0.009 0.027 0.010 0.008 0.006 
 65 24.0665.E1    (0)    3 :  0.873 0.008 0.009 0.007 0.018 0.026 0.040 0.014 0.005 
 66 24.0666.E1    (0)    3 :  0.014 0.005 0.007 0.006 0.943 0.007 0.004 0.008 0.007 
 67 24.0667.E1    (0)    3 :  0.013 0.004 0.005 0.003 0.950 0.009 0.004 0.006 0.007 
 68 24.0668.E1    (0)    3 :  0.005 0.004 0.004 0.004 0.970 0.004 0.003 0.004 0.003 
 69 24.0669.E1    (0)    3 :  0.005 0.004 0.004 0.004 0.967 0.004 0.004 0.004 0.003 
 70 24.0670.E1    (0)    3 :  0.418 0.010 0.037 0.004 0.030 0.480 0.005 0.004 0.013 
 71 24.0671.E1    (0)    3 :  0.622 0.020 0.049 0.012 0.011 0.252 0.008 0.014 0.013 
 72 24.0672.E1    (0)    3 :  0.529 0.029 0.008 0.006 0.302 0.037 0.005 0.030 0.054 
 73 24.0673.E1    (6)    4 :  0.199 0.025 0.029 0.030 0.010 0.038 0.333 0.228 0.109 
 74 24.0674.E1    (0)    4 :  0.005 0.032 0.006 0.008 0.004 0.020 0.044 0.870 0.009 
 75 24.0675.E1    (0)    4 :  0.017 0.033 0.036 0.029 0.009 0.025 0.026 0.806 0.020 
 76 24.0676.E1    (0)    4 :  0.013 0.016 0.154 0.007 0.006 0.054 0.019 0.719 0.012 
 77 24.0677.E1    (0)    4 :  0.012 0.023 0.047 0.004 0.015 0.856 0.009 0.015 0.018 
 78 24.0678.E1    (0)    4 :  0.046 0.019 0.010 0.036 0.132 0.303 0.010 0.020 0.424 
 79 24.0679.E1    (0)    4 :  0.206 0.019 0.105 0.016 0.119 0.126 0.008 0.264 0.139 
 80 24.0680.E1    (0)    4 :  0.104 0.021 0.010 0.027 0.207 0.454 0.011 0.116 0.050 
 81 24.0681.E1    (0)    4 :  0.096 0.011 0.006 0.009 0.015 0.156 0.018 0.641 0.047 
 82 24.0682.E1    (0)    4 :  0.003 0.004 0.004 0.005 0.004 0.005 0.005 0.966 0.004 
 83 24.0683.E1    (0)    4 :  0.005 0.019 0.004 0.006 0.007 0.019 0.163 0.766 0.010 
 84 24.0684.E1    (0)    4 :  0.010 0.014 0.024 0.029 0.011 0.068 0.053 0.694 0.098 
 85 24.0685.E1    (0)    4 :  0.009 0.005 0.009 0.006 0.058 0.012 0.014 0.876 0.010 
 86 24.0686.E1    (0)    4 :  0.008 0.025 0.009 0.033 0.010 0.865 0.009 0.019 0.023 
 87 24.0687.E1    (0)    4 :  0.012 0.021 0.011 0.080 0.006 0.809 0.009 0.034 0.019 
 88 24.0688.E1    (0)    4 :  0.006 0.005 0.004 0.006 0.004 0.009 0.006 0.954 0.005 
 89 24.0689.E1    (0)    4 :  0.012 0.008 0.430 0.014 0.007 0.393 0.028 0.087 0.021 
 90 24.0690.E1    (0)    4 :  0.030 0.018 0.007 0.026 0.583 0.259 0.025 0.034 0.018 
 91 24.0691.E1    (0)    4 :  0.007 0.005 0.016 0.007 0.008 0.018 0.006 0.915 0.018 
 92 24.0692.E1    (0)    4 :  0.016 0.005 0.010 0.005 0.008 0.069 0.007 0.875 0.005 
 93 24.0693.E1    (0)    4 :  0.119 0.014 0.048 0.010 0.016 0.051 0.361 0.370 0.011 
 94 24.0694.E1    (0)    4 :  0.008 0.005 0.005 0.006 0.012 0.007 0.008 0.943 0.007 
 95 24.0695.E1    (0)    4 :  0.016 0.011 0.019 0.006 0.016 0.010 0.007 0.818 0.096 
 96 24.0696.E1    (0)    4 :  0.007 0.007 0.010 0.013 0.011 0.025 0.008 0.896 0.024 
 97 24.0697.E1    (0)    5 :  0.009 0.009 0.007 0.009 0.006 0.902 0.017 0.035 0.005 
 98 24.0698.E1    (0)    5 :  0.006 0.012 0.013 0.011 0.018 0.899 0.020 0.012 0.010 
 99 24.0699.E1    (0)    5 :  0.010 0.007 0.006 0.006 0.007 0.944 0.006 0.005 0.009 
100 24.0700.E1    (0)    5 :  0.014 0.006 0.006 0.005 0.007 0.939 0.005 0.012 0.005 
101 24.0701.E1    (0)    5 :  0.007 0.008 0.009 0.011 0.860 0.042 0.047 0.009 0.007 
102 24.0702.E1    (0)    5 :  0.010 0.006 0.007 0.009 0.026 0.911 0.014 0.009 0.008 
103 24.0703.E1    (0)    5 :  0.007 0.091 0.005 0.045 0.009 0.826 0.005 0.005 0.007 
104 24.0704.E1    (6)    5 :  0.007 0.205 0.006 0.007 0.008 0.743 0.007 0.009 0.010 
105 24.0705.E1    (0)    5 :  0.016 0.008 0.009 0.009 0.044 0.084 0.008 0.806 0.017 
106 24.0706.E1    (0)    5 :  0.048 0.008 0.020 0.009 0.059 0.788 0.010 0.051 0.007 
107 24.0707.E1    (0)    5 :  0.032 0.023 0.005 0.011 0.009 0.865 0.013 0.027 0.015 
108 24.0708.E1    (0)    5 :  0.015 0.341 0.120 0.194 0.023 0.181 0.028 0.050 0.049 
109 24.0709.E1    (0)    5 :  0.009 0.019 0.028 0.009 0.008 0.016 0.005 0.898 0.009 
110 24.0710.E1    (0)    5 :  0.006 0.047 0.011 0.007 0.020 0.745 0.037 0.107 0.020 
111 24.0711.E1    (0)    5 :  0.008 0.012 0.006 0.041 0.027 0.825 0.014 0.032 0.034 
112 24.0712.E1    (0)    5 :  0.008 0.007 0.006 0.032 0.681 0.215 0.013 0.024 0.014 
113 24.0713.E1    (0)    5 :  0.027 0.026 0.023 0.008 0.014 0.308 0.016 0.568 0.009 
114 24.0714.E1    (0)    5 :  0.069 0.025 0.020 0.016 0.027 0.751 0.010 0.034 0.048 
115 24.0715.E1    (0)    5 :  0.014 0.005 0.014 0.007 0.016 0.679 0.181 0.062 0.021 
116 24.0716.E1    (0)    5 :  0.022 0.019 0.039 0.026 0.288 0.531 0.015 0.014 0.047 
117 24.0717.E1    (0)    5 :  0.191 0.044 0.037 0.050 0.014 0.394 0.238 0.019 0.013 
118 24.0718.E1    (0)    5 :  0.074 0.007 0.007 0.052 0.074 0.539 0.010 0.215 0.022 
119 24.0719.E1    (0)    5 :  0.011 0.009 0.017 0.014 0.010 0.021 0.006 0.907 0.005 
120 24.0720.E1    (0)    5 :  0.059 0.009 0.012 0.017 0.013 0.120 0.005 0.748 0.017 
121 24.0721.E1    (0)    6 :  0.026 0.018 0.038 0.013 0.019 0.527 0.297 0.050 0.012 
122 24.0722.E1    (0)    6 :  0.016 0.083 0.013 0.128 0.060 0.139 0.461 0.080 0.019 
123 24.0723.E1    (0)    6 :  0.041 0.171 0.157 0.246 0.010 0.057 0.276 0.018 0.025 
124 24.0724.E1    (0)    6 :  0.020 0.275 0.036 0.050 0.014 0.066 0.092 0.325 0.122 
125 24.0725.E1    (0)    6 :  0.025 0.004 0.006 0.007 0.007 0.011 0.007 0.009 0.924 
126 24.0726.E1    (6)    6 :  0.046 0.013 0.006 0.010 0.008 0.014 0.090 0.228 0.586 
127 24.0727.E1    (0)    6 :  0.027 0.031 0.018 0.020 0.088 0.058 0.501 0.025 0.233 
128 24.0728.E1    (0)    6 :  0.028 0.010 0.020 0.024 0.010 0.471 0.157 0.016 0.263 
129 24.0729.E1    (0)    6 :  0.013 0.015 0.014 0.014 0.041 0.014 0.049 0.246 0.593 
130 24.0730.E1    (0)    6 :  0.021 0.007 0.014 0.007 0.012 0.873 0.011 0.014 0.041 
131 24.0731.E1    (0)    6 :  0.011 0.008 0.009 0.014 0.005 0.010 0.055 0.690 0.198 
132 24.0732.E1    (0)    6 :  0.048 0.005 0.004 0.013 0.016 0.043 0.714 0.098 0.059 
133 24.0733.E1    (0)    6 :  0.005 0.004 0.005 0.006 0.003 0.004 0.016 0.008 0.949 
134 24.0734.E1    (0)    6 :  0.011 0.011 0.008 0.012 0.009 0.181 0.733 0.008 0.027 
135 24.0735.E1    (0)    6 :  0.024 0.007 0.026 0.059 0.012 0.070 0.193 0.018 0.593 
136 24.0736.E1    (0)    6 :  0.005 0.005 0.006 0.008 0.005 0.012 0.037 0.007 0.915 
137 24.0737.E1    (0)    6 :  0.021 0.019 0.009 0.027 0.009 0.025 0.007 0.015 0.867 
138 24.0738.E1    (0)    6 :  0.012 0.010 0.005 0.012 0.010 0.020 0.029 0.010 0.893 
139 24.0739.E1    (0)    6 :  0.034 0.006 0.007 0.017 0.006 0.012 0.006 0.012 0.900 
140 24.0740.E1    (0)    6 :  0.016 0.013 0.013 0.020 0.010 0.010 0.011 0.328 0.578 
141 24.0741.E1    (0)    6 :  0.034 0.010 0.010 0.020 0.007 0.052 0.336 0.198 0.334 
142 24.0742.E1    (0)    6 :  0.008 0.016 0.007 0.011 0.008 0.017 0.747 0.029 0.158 
143 24.0743.E1    (0)    6 :  0.008 0.066 0.013 0.005 0.023 0.018 0.044 0.413 0.410 
144 24.0744.E1    (0)    6 :  0.014 0.028 0.031 0.017 0.331 0.022 0.128 0.148 0.282 
145 24.0745.E1    (0)    7 :  0.010 0.008 0.009 0.004 0.028 0.016 0.900 0.020 0.004 
146 24.0746.E1    (0)    7 :  0.007 0.121 0.009 0.040 0.009 0.146 0.606 0.033 0.030 
147 24.0747.E1    (0)    7 :  0.017 0.007 0.026 0.010 0.012 0.008 0.644 0.248 0.027 
148 24.0748.E1    (6)    7 :  0.020 0.007 0.037 0.010 0.011 0.009 0.550 0.323 0.032 
149 24.0749.E1    (0)    7 :  0.008 0.008 0.005 0.007 0.008 0.011 0.720 0.008 0.227 
150 24.0750.E1    (0)    7 :  0.012 0.030 0.018 0.013 0.034 0.279 0.178 0.236 0.198 
151 24.0751.E1    (0)    7 :  0.004 0.004 0.004 0.006 0.004 0.005 0.961 0.005 0.007 
152 24.0752.E1    (0)    7 :  0.004 0.005 0.013 0.006 0.005 0.026 0.873 0.010 0.058 
153 24.0753.E1    (0)    7 :  0.007 0.011 0.006 0.217 0.010 0.013 0.513 0.014 0.208 
154 24.0754.E1    (0)    7 :  0.010 0.005 0.006 0.017 0.007 0.009 0.899 0.024 0.023 
155 24.0755.E1    (0)    7 :  0.015 0.011 0.030 0.029 0.009 0.026 0.735 0.127 0.017 
156 24.0756.E1    (0)    7 :  0.005 0.008 0.008 0.009 0.005 0.004 0.942 0.005 0.013 
157 24.0757.E1    (0)    7 :  0.003 0.003 0.003 0.004 0.004 0.004 0.972 0.004 0.003 
158 24.0758.E1    (0)    7 :  0.003 0.003 0.003 0.004 0.004 0.004 0.971 0.004 0.003 
159 24.0759.E1    (0)    7 :  0.008 0.006 0.006 0.006 0.009 0.009 0.932 0.007 0.017 
160 24.0760.E1    (0)    7 :  0.020 0.007 0.005 0.317 0.009 0.033 0.580 0.020 0.010 
161 24.0761.E1    (0)    7 :  0.005 0.004 0.005 0.009 0.004 0.004 0.960 0.005 0.006 
162 24.0762.E1    (0)    7 :  0.135 0.018 0.060 0.010 0.307 0.090 0.071 0.053 0.257 
163 24.0763.E1    (0)    7 :  0.005 0.004 0.004 0.004 0.003 0.005 0.957 0.011 0.007 
164 24.0764.E1    (0)    7 :  0.005 0.004 0.004 0.008 0.004 0.009 0.950 0.005 0.011 
165 24.0765.E1    (0)    7 :  0.007 0.017 0.009 0.026 0.005 0.009 0.903 0.016 0.007 
166 24.0766.E1    (0)    7 :  0.006 0.005 0.005 0.006 0.005 0.007 0.948 0.008 0.009 
167 24.0767.E1    (0)    7 :  0.004 0.004 0.003 0.004 0.003 0.004 0.968 0.006 0.004 
168 24.0768.E1    (0)    7 :  0.011 0.027 0.059 0.005 0.010 0.042 0.124 0.438 0.284 
169 24.0779.E1    (0)    8 :  0.186 0.083 0.007 0.010 0.011 0.568 0.043 0.072 0.021 
170 24.0780.E1    (6)    8 :  0.099 0.011 0.230 0.006 0.008 0.606 0.004 0.029 0.008 
171 24.0781.E1    (0)    8 :  0.063 0.005 0.010 0.005 0.006 0.895 0.005 0.007 0.004 
172 24.0782.E1    (0)    8 :  0.029 0.017 0.032 0.031 0.008 0.373 0.021 0.365 0.125 
173 24.0783.E1    (0)    8 :  0.172 0.008 0.344 0.016 0.099 0.267 0.006 0.078 0.011 
174 24.0784.E1    (0)    8 :  0.103 0.034 0.026 0.005 0.005 0.769 0.004 0.045 0.009 
175 24.0785.E1    (0)    8 :  0.701 0.026 0.083 0.004 0.009 0.152 0.004 0.011 0.010 
176 24.0786.E1    (0)    8 :  0.125 0.014 0.176 0.010 0.012 0.510 0.010 0.115 0.028 
177 24.0787.E1    (0)    8 :  0.624 0.013 0.009 0.065 0.007 0.218 0.024 0.019 0.021 
178 24.0788.E1    (0)    8 :  0.840 0.008 0.046 0.015 0.005 0.038 0.006 0.036 0.006 
179 24.0789.E1    (0)    8 :  0.254 0.039 0.056 0.018 0.007 0.574 0.008 0.010 0.035 
180 24.0790.E1    (0)    8 :  0.935 0.008 0.008 0.006 0.005 0.027 0.003 0.005 0.003 
181 24.0791.E1    (0)    8 :  0.390 0.027 0.010 0.006 0.242 0.028 0.009 0.078 0.211 
182 24.0792.E1    (0)    8 :  0.854 0.009 0.012 0.005 0.025 0.016 0.011 0.060 0.009 
183 24.0793.E1    (0)    9 :  0.010 0.505 0.134 0.056 0.007 0.236 0.007 0.008 0.038 
184 24.0794.E1    (0)    9 :  0.239 0.074 0.026 0.006 0.007 0.018 0.008 0.006 0.618 
185 24.0795.E1    (0)    9 :  0.007 0.745 0.016 0.019 0.007 0.041 0.007 0.021 0.138 
186 24.0796.E1    (0)    9 :  0.372 0.094 0.316 0.007 0.005 0.033 0.005 0.007 0.161 
187 24.0797.E1    (0)    9 :  0.080 0.494 0.257 0.010 0.007 0.119 0.003 0.007 0.023 
188 24.0798.E1    (0)    9 :  0.018 0.521 0.018 0.019 0.362 0.019 0.016 0.019 0.008 
189 24.0799.E1    (0)    9 :  0.008 0.786 0.066 0.008 0.026 0.035 0.008 0.010 0.053 
190 24.0800.E1    (0)    9 :  0.016 0.350 0.492 0.007 0.023 0.023 0.010 0.052 0.028 
191 24.0801.E1    (0)    9 :  0.012 0.595 0.008 0.007 0.345 0.008 0.005 0.015 0.005 
192 24.0802.E1    (0)    9 :  0.009 0.922 0.015 0.016 0.008 0.011 0.004 0.009 0.006 
193 24.0803.E1    (0)    9 :  0.007 0.910 0.008 0.008 0.031 0.012 0.006 0.007 0.010 
194 24.0804.E1    (0)    9 :  0.007 0.851 0.094 0.016 0.004 0.009 0.003 0.007 0.010 
195 24.0805.E1    (0)    9 :  0.009 0.915 0.005 0.004 0.010 0.006 0.006 0.039 0.007 
196 24.0806.E1    (0)    9 :  0.005 0.946 0.005 0.016 0.005 0.007 0.004 0.005 0.006 
197 24.0807.E1    (0)    9 :  0.018 0.920 0.015 0.007 0.008 0.013 0.003 0.008 0.007 
198 24.0808.E1    (0)    9 :  0.073 0.628 0.090 0.019 0.008 0.026 0.006 0.136 0.015 
199 24.0809.E1    (0)    9 :  0.008 0.778 0.078 0.005 0.015 0.008 0.010 0.080 0.018 
200 24.0810.E1    (0)    9 :  0.006 0.928 0.009 0.010 0.015 0.007 0.006 0.012 0.006 
201 24.0811.E1    (0)    9 :  0.020 0.861 0.058 0.011 0.004 0.013 0.005 0.007 0.021 
202 24.0812.E1    (0)    9 :  0.020 0.755 0.129 0.006 0.008 0.021 0.005 0.024 0.031 
203 24.0813.E1    (0)    9 :  0.029 0.884 0.012 0.007 0.004 0.009 0.006 0.042 0.007 
204 24.0814.E1    (6)    9 :  0.010 0.748 0.179 0.018 0.007 0.005 0.004 0.021 0.008 
205 24.0815.E1    (0)    9 :  0.006 0.911 0.015 0.016 0.025 0.007 0.007 0.009 0.004 
206 24.0816.E1    (0)    9 :  0.012 0.922 0.016 0.011 0.012 0.012 0.004 0.004 0.006 
207 24.0817.E1    (0)   10 :  0.008 0.033 0.900 0.005 0.008 0.019 0.005 0.009 0.014 
208 24.0818.E1    (0)   10 :  0.025 0.013 0.781 0.016 0.008 0.099 0.012 0.006 0.041 
209 24.0819.E1    (0)   10 :  0.081 0.426 0.057 0.023 0.109 0.011 0.262 0.016 0.013 
210 24.0820.E1    (0)   10 :  0.070 0.013 0.530 0.008 0.010 0.006 0.352 0.005 0.006 
211 24.0821.E1    (0)   10 :  0.398 0.057 0.228 0.010 0.249 0.023 0.006 0.016 0.014 
212 24.0822.E1    (0)   10 :  0.027 0.006 0.908 0.004 0.006 0.015 0.021 0.008 0.005 
213 24.0823.E1    (0)   10 :  0.019 0.007 0.862 0.012 0.014 0.007 0.066 0.007 0.006 
214 24.0824.E1    (0)   10 :  0.006 0.011 0.467 0.006 0.451 0.007 0.008 0.037 0.007 
215 24.0825.E1    (0)   10 :  0.005 0.005 0.955 0.005 0.005 0.005 0.005 0.011 0.005 
216 24.0826.E1    (0)   10 :  0.208 0.016 0.561 0.011 0.014 0.013 0.165 0.008 0.005 
217 24.0827.E1    (0)   10 :  0.013 0.010 0.891 0.007 0.006 0.022 0.004 0.011 0.036 
218 24.0828.E1    (0)   10 :  0.351 0.085 0.466 0.011 0.025 0.008 0.028 0.015 0.012 
219 24.0829.E1    (0)   10 :  0.028 0.464 0.454 0.005 0.011 0.007 0.011 0.012 0.006 
220 24.0830.E1    (0)   10 :  0.142 0.014 0.784 0.005 0.021 0.014 0.004 0.010 0.007 
221 24.0831.E1    (0)   10 :  0.152 0.009 0.740 0.005 0.035 0.039 0.004 0.010 0.005 
222 24.0832.E1    (0)   10 :  0.007 0.005 0.952 0.003 0.004 0.006 0.003 0.009 0.010 
223 24.0833.E1    (0)   10 :  0.005 0.004 0.965 0.003 0.003 0.004 0.004 0.008 0.004 
224 24.0834.E1    (0)   10 :  0.010 0.007 0.942 0.006 0.005 0.006 0.008 0.009 0.008 
225 24.0835.E1    (0)   10 :  0.006 0.009 0.939 0.006 0.009 0.008 0.004 0.008 0.011 
226 24.0836.E1    (0)   10 :  0.008 0.013 0.892 0.005 0.017 0.013 0.011 0.027 0.014 
227 24.0837.E1    (0)   10 :  0.015 0.010 0.933 0.005 0.008 0.008 0.006 0.009 0.008 
228 24.0838.E1    (0)   10 :  0.009 0.006 0.942 0.004 0.005 0.011 0.007 0.012 0.004 
229 24.0839.E1    (0)   10 :  0.061 0.499 0.195 0.037 0.029 0.080 0.026 0.021 0.050 
230 24.0840.E1    (0)   10 :  0.017 0.448 0.488 0.010 0.010 0.011 0.004 0.006 0.007 
231 24.0841.E1    (0)   11 :  0.022 0.841 0.054 0.004 0.004 0.048 0.008 0.012 0.008 
232 24.0842.E1    (0)   11 :  0.011 0.735 0.044 0.003 0.166 0.018 0.006 0.007 0.010 
233 24.0843.E1    (0)   11 :  0.045 0.186 0.489 0.005 0.220 0.012 0.033 0.006 0.005 
234 24.0844.E1    (0)   11 :  0.019 0.202 0.309 0.005 0.375 0.036 0.007 0.016 0.032 
235 24.0845.E1    (0)   11 :  0.074 0.019 0.772 0.006 0.022 0.076 0.005 0.017 0.010 
236 24.0846.E1    (0)   11 :  0.009 0.031 0.881 0.013 0.013 0.015 0.011 0.013 0.014 
237 24.0847.E1    (0)   11 :  0.013 0.034 0.757 0.007 0.018 0.011 0.012 0.102 0.046 
238 24.0848.E1    (0)   11 :  0.023 0.059 0.773 0.005 0.026 0.043 0.004 0.051 0.016 
239 24.0849.E1    (0)   11 :  0.010 0.008 0.948 0.004 0.005 0.005 0.008 0.005 0.006 
240 24.0850.E1    (0)   11 :  0.010 0.009 0.948 0.004 0.006 0.005 0.008 0.005 0.006 
241 24.0851.E1    (0)   11 :  0.011 0.008 0.948 0.004 0.005 0.006 0.008 0.005 0.006 
242 24.0852.E1    (0)   11 :  0.189 0.028 0.653 0.005 0.009 0.050 0.047 0.011 0.007 
243 24.0853.E1    (0)   11 :  0.008 0.009 0.949 0.005 0.004 0.006 0.009 0.005 0.004 
244 24.0854.E1    (0)   11 :  0.093 0.054 0.052 0.007 0.750 0.008 0.011 0.011 0.014 
245 24.0855.E1    (0)   11 :  0.010 0.159 0.767 0.005 0.008 0.010 0.017 0.019 0.006 
246 24.0856.E1    (0)   11 :  0.009 0.244 0.053 0.064 0.313 0.210 0.031 0.010 0.066 
247 24.0857.E1    (0)   11 :  0.010 0.066 0.832 0.010 0.014 0.015 0.011 0.024 0.019 
248 24.0858.E1    (0)   11 :  0.020 0.052 0.790 0.005 0.024 0.069 0.015 0.014 0.011 
249 24.0859.E1    (0)   11 :  0.034 0.060 0.746 0.021 0.011 0.027 0.080 0.010 0.011 
250 24.0860.E1    (0)   11 :  0.008 0.506 0.109 0.027 0.032 0.250 0.034 0.007 0.027 
251 24.0861.E1    (0)   11 :  0.011 0.012 0.935 0.004 0.005 0.012 0.009 0.005 0.006 
252 24.0862.E1    (0)   11 :  0.007 0.915 0.013 0.012 0.006 0.021 0.007 0.008 0.012 
253 24.0863.E1    (0)   11 :  0.010 0.012 0.936 0.004 0.005 0.012 0.009 0.005 0.006 
254 24.0864.E1    (0)   11 :  0.108 0.025 0.141 0.007 0.018 0.017 0.007 0.557 0.120 
255 24.0865.E1    (0)   12 :  0.498 0.015 0.151 0.015 0.008 0.020 0.203 0.066 0.022 
256 24.0866.E1    (0)   12 :  0.025 0.058 0.303 0.006 0.031 0.214 0.036 0.292 0.035 
257 24.0867.E1    (0)   12 :  0.029 0.017 0.135 0.038 0.016 0.017 0.183 0.552 0.013 
258 24.0868.E1    (0)   12 :  0.240 0.020 0.033 0.024 0.017 0.032 0.018 0.606 0.011 
259 24.0869.E1    (0)   12 :  0.016 0.019 0.029 0.042 0.005 0.016 0.005 0.861 0.006 
260 24.0870.E1    (0)   12 :  0.107 0.018 0.046 0.110 0.016 0.193 0.024 0.393 0.094 
261 24.0871.E1    (0)   12 :  0.097 0.042 0.040 0.057 0.023 0.074 0.008 0.587 0.073 
262 24.0872.E1    (0)   12 :  0.247 0.027 0.042 0.015 0.056 0.063 0.203 0.335 0.012 
263 24.0873.E1    (0)   12 :  0.068 0.037 0.018 0.014 0.011 0.009 0.013 0.819 0.010 
264 24.0874.E1    (0)   12 :  0.035 0.043 0.309 0.010 0.033 0.017 0.250 0.295 0.009 
265 24.0875.E1    (0)   12 :  0.073 0.023 0.019 0.014 0.253 0.213 0.013 0.299 0.094 
266 24.0876.E1    (0)   12 :  0.041 0.012 0.008 0.010 0.167 0.109 0.018 0.445 0.190 
267 24.0877.E1    (0)   12 :  0.009 0.008 0.005 0.007 0.017 0.062 0.078 0.035 0.779 
268 24.0878.E1    (0)   12 :  0.030 0.014 0.026 0.010 0.023 0.006 0.015 0.331 0.546 
269 24.0879.E1    (0)   12 :  0.018 0.006 0.006 0.012 0.250 0.012 0.006 0.028 0.661 
270 24.0880.E1    (0)   12 :  0.089 0.011 0.308 0.015 0.046 0.014 0.012 0.482 0.024 
271 24.0881.E1    (0)   12 :  0.005 0.005 0.005 0.012 0.007 0.008 0.010 0.009 0.940 
272 24.0882.E1    (0)   12 :  0.010 0.006 0.011 0.009 0.010 0.032 0.655 0.017 0.250 
273 24.0883.E1    (0)   12 :  0.026 0.006 0.013 0.016 0.282 0.008 0.241 0.181 0.227 
274 24.0884.E1    (0)   12 :  0.009 0.008 0.006 0.009 0.027 0.020 0.059 0.045 0.819 
275 24.0885.E1    (0)   12 :  0.028 0.007 0.009 0.015 0.077 0.026 0.007 0.310 0.520 
276 24.0886.E1    (0)   12 :  0.027 0.011 0.008 0.005 0.084 0.011 0.207 0.328 0.318 
277 24.0887.E1    (0)   12 :  0.005 0.006 0.005 0.010 0.197 0.007 0.705 0.032 0.032 
278 24.0888.E1    (0)   12 :  0.873 0.021 0.005 0.008 0.016 0.035 0.005 0.019 0.017 


Estimated Allele Frequencies in each cluster
First column gives estimated ancestral frequencies


Locus 1 : 
31 alleles
0.0% missing data
 115   (0.034) 0.013 0.014 0.003 0.004 0.015 0.008 0.006 0.131 0.130 
 117   (0.043) 0.009 0.061 0.003 0.005 0.019 0.009 0.196 0.053 0.191 
 119   (0.041) 0.009 0.006 0.003 0.278 0.008 0.008 0.321 0.023 0.263 
 131   (0.016) 0.004 0.003 0.001 0.002 0.004 0.002 0.004 0.005 0.049 
 128   (0.040) 0.042 0.012 0.016 0.005 0.021 0.022 0.004 0.041 0.037 
 135   (0.019) 0.004 0.005 0.001 0.002 0.004 0.004 0.007 0.015 0.045 
 126   (0.077) 0.060 0.039 0.211 0.011 0.046 0.093 0.082 0.058 0.087 
 122   (0.034) 0.008 0.099 0.003 0.092 0.008 0.054 0.002 0.010 0.011 
 132   (0.032) 0.015 0.045 0.017 0.004 0.019 0.023 0.017 0.016 0.004 
 141   (0.011) 0.002 0.002 0.001 0.003 0.002 0.002 0.001 0.002 0.010 
 130   (0.053) 0.077 0.024 0.013 0.017 0.123 0.051 0.008 0.097 0.007 
 134   (0.040) 0.028 0.033 0.048 0.127 0.006 0.013 0.003 0.029 0.005 
 145   (0.023) 0.082 0.004 0.002 0.017 0.020 0.004 0.009 0.005 0.003 
 127   (0.026) 0.006 0.004 0.002 0.065 0.007 0.004 0.148 0.006 0.029 
 116   (0.101) 0.233 0.150 0.166 0.163 0.070 0.287 0.012 0.157 0.013 
 114   (0.056) 0.034 0.148 0.169 0.064 0.033 0.040 0.006 0.035 0.007 
 120   (0.037) 0.063 0.005 0.003 0.085 0.127 0.036 0.003 0.013 0.009 
 110   (0.046) 0.016 0.015 0.070 0.019 0.083 0.055 0.014 0.050 0.007 
 133   (0.015) 0.004 0.007 0.001 0.010 0.004 0.002 0.013 0.003 0.004 
 118   (0.104) 0.217 0.283 0.190 0.012 0.313 0.251 0.021 0.183 0.013 
 125   (0.015) 0.004 0.009 0.010 0.002 0.006 0.006 0.001 0.002 0.002 
 129   (0.020) 0.011 0.003 0.001 0.002 0.028 0.004 0.007 0.007 0.041 
 124   (0.017) 0.021 0.002 0.001 0.002 0.018 0.007 0.001 0.004 0.009 
 136   (0.020) 0.006 0.004 0.051 0.003 0.003 0.004 0.001 0.043 0.003 
 121   (0.014) 0.003 0.002 0.001 0.001 0.002 0.002 0.067 0.004 0.006 
 139   (0.010) 0.003 0.001 0.001 0.001 0.002 0.001 0.001 0.001 0.011 
 113   (0.011) 0.002 0.001 0.001 0.001 0.002 0.001 0.015 0.002 0.001 
 111   (0.009) 0.002 0.001 0.001 0.001 0.002 0.001 0.013 0.002 0.001 
 143   (0.011) 0.002 0.001 0.001 0.001 0.002 0.001 0.015 0.002 0.001 
 140   (0.015) 0.018 0.015 0.001 0.002 0.002 0.002 0.001 0.003 0.002 
 112   (0.011) 0.002 0.002 0.010 0.001 0.002 0.002 0.001 0.002 0.001 

Locus 2 : 
18 alleles
0.0% missing data
 152   (0.363) 0.118 0.503 0.233 0.393 0.390 0.488 0.790 0.521 0.651 
 148   (0.072) 0.017 0.012 0.006 0.218 0.045 0.053 0.024 0.172 0.134 
 154   (0.111) 0.047 0.070 0.191 0.259 0.043 0.108 0.034 0.157 0.052 
 156   (0.018) 0.004 0.009 0.001 0.002 0.006 0.006 0.001 0.003 0.013 
 150   (0.025) 0.005 0.003 0.002 0.065 0.006 0.003 0.046 0.003 0.009 
 164   (0.079) 0.067 0.078 0.082 0.012 0.019 0.139 0.013 0.032 0.067 
 158   (0.031) 0.008 0.012 0.003 0.016 0.169 0.007 0.010 0.020 0.008 
 160   (0.018) 0.008 0.003 0.001 0.003 0.003 0.010 0.019 0.010 0.002 
 166   (0.022) 0.006 0.031 0.001 0.005 0.004 0.023 0.001 0.004 0.004 
 151   (0.068) 0.389 0.035 0.382 0.007 0.192 0.079 0.005 0.011 0.008 
 147   (0.065) 0.243 0.202 0.089 0.007 0.059 0.019 0.006 0.030 0.008 
 168   (0.022) 0.037 0.010 0.002 0.003 0.007 0.008 0.003 0.009 0.003 
 153   (0.016) 0.021 0.002 0.001 0.002 0.003 0.011 0.001 0.002 0.002 
 149   (0.026) 0.006 0.004 0.002 0.003 0.044 0.009 0.012 0.017 0.003 
 162   (0.022) 0.014 0.020 0.002 0.003 0.004 0.009 0.003 0.003 0.008 
 167   (0.013) 0.002 0.002 0.001 0.001 0.002 0.002 0.001 0.002 0.024 
 146   (0.014) 0.002 0.002 0.001 0.001 0.002 0.002 0.030 0.002 0.002 
 172   (0.014) 0.004 0.002 0.001 0.001 0.002 0.025 0.001 0.002 0.002 

Locus 3 : 
4 alleles
0.0% missing data
 128   (0.288) 0.219 0.246 0.461 0.322 0.283 0.223 0.438 0.313 0.204 
 126   (0.612) 0.700 0.705 0.450 0.617 0.547 0.740 0.555 0.659 0.713 
 132   (0.085) 0.078 0.047 0.088 0.055 0.130 0.033 0.007 0.025 0.082 
 134   (0.014) 0.003 0.002 0.001 0.006 0.040 0.004 0.001 0.002 0.002 

Locus 4 : 
3 alleles
0.0% missing data
 170   (0.319) 0.348 0.300 0.342 0.400 0.204 0.366 0.283 0.164 0.343 
 172   (0.668) 0.647 0.698 0.657 0.588 0.794 0.633 0.715 0.833 0.655 
 171   (0.013) 0.006 0.002 0.001 0.011 0.002 0.002 0.001 0.003 0.002 

Locus 5 : 
37 alleles
0.0% missing data
 125   (0.050) 0.026 0.010 0.112 0.061 0.145 0.021 0.035 0.046 0.067 
 110   (0.037) 0.022 0.039 0.049 0.045 0.038 0.006 0.017 0.007 0.057 
 129   (0.033) 0.072 0.032 0.004 0.003 0.008 0.104 0.003 0.010 0.050 
 113   (0.028) 0.032 0.094 0.011 0.004 0.006 0.120 0.002 0.009 0.010 
 145   (0.053) 0.109 0.009 0.008 0.007 0.076 0.020 0.092 0.135 0.215 
 155   (0.053) 0.013 0.080 0.044 0.170 0.018 0.062 0.014 0.026 0.152 
 117   (0.031) 0.026 0.023 0.002 0.005 0.006 0.009 0.032 0.107 0.021 
 124   (0.008) 0.001 0.001 0.001 0.001 0.001 0.001 0.001 0.001 0.023 
 133   (0.034) 0.079 0.007 0.003 0.004 0.009 0.029 0.073 0.027 0.040 
 157   (0.047) 0.047 0.013 0.035 0.031 0.117 0.187 0.021 0.041 0.008 
 141   (0.017) 0.013 0.002 0.004 0.002 0.003 0.031 0.001 0.007 0.006 
 112   (0.070) 0.040 0.040 0.173 0.190 0.015 0.088 0.161 0.099 0.065 
 121   (0.020) 0.016 0.070 0.007 0.009 0.008 0.006 0.003 0.003 0.004 
 114   (0.036) 0.008 0.005 0.062 0.017 0.007 0.007 0.172 0.135 0.044 
 153   (0.054) 0.068 0.159 0.084 0.011 0.230 0.019 0.004 0.038 0.055 
 127   (0.076) 0.117 0.108 0.124 0.047 0.041 0.096 0.075 0.079 0.075 
 131   (0.060) 0.019 0.083 0.053 0.218 0.133 0.025 0.198 0.040 0.045 
 135   (0.027) 0.009 0.030 0.067 0.009 0.036 0.036 0.002 0.023 0.006 
 104   (0.010) 0.005 0.001 0.001 0.011 0.001 0.001 0.001 0.003 0.001 
 118   (0.015) 0.005 0.002 0.001 0.018 0.015 0.009 0.002 0.012 0.013 
 116   (0.029) 0.018 0.041 0.010 0.023 0.025 0.011 0.003 0.031 0.005 
 137   (0.024) 0.007 0.064 0.002 0.090 0.012 0.020 0.005 0.006 0.004 
 123   (0.021) 0.012 0.030 0.074 0.005 0.007 0.004 0.002 0.007 0.007 
 149   (0.010) 0.006 0.004 0.002 0.001 0.002 0.001 0.001 0.006 0.001 
 138   (0.011) 0.081 0.001 0.001 0.001 0.001 0.003 0.001 0.001 0.001 
 143   (0.026) 0.032 0.005 0.042 0.003 0.008 0.024 0.071 0.004 0.003 
 163   (0.009) 0.002 0.001 0.001 0.002 0.001 0.012 0.001 0.002 0.001 
 109   (0.011) 0.002 0.001 0.001 0.001 0.001 0.001 0.001 0.026 0.001 
 139   (0.010) 0.002 0.001 0.001 0.001 0.002 0.013 0.001 0.001 0.001 
 106   (0.010) 0.002 0.002 0.001 0.001 0.001 0.012 0.001 0.002 0.001 
 144   (0.014) 0.003 0.014 0.001 0.002 0.002 0.004 0.001 0.038 0.002 
 122   (0.011) 0.003 0.002 0.001 0.001 0.002 0.002 0.003 0.009 0.011 
 100   (0.017) 0.033 0.019 0.010 0.002 0.006 0.008 0.001 0.007 0.003 
 111   (0.010) 0.049 0.001 0.001 0.001 0.001 0.002 0.001 0.001 0.001 
 233   (0.009) 0.009 0.002 0.002 0.001 0.008 0.001 0.001 0.001 0.001 
 134   (0.010) 0.004 0.001 0.008 0.001 0.002 0.002 0.001 0.001 0.001 
 140   (0.010) 0.006 0.002 0.001 0.001 0.002 0.002 0.001 0.009 0.001 

Locus 6 : 
17 alleles
0.0% missing data
 221   (0.021) 0.004 0.003 0.001 0.002 0.003 0.003 0.085 0.003 0.142 
 232   (0.248) 0.379 0.300 0.441 0.129 0.294 0.330 0.441 0.251 0.179 
 229   (0.052) 0.015 0.014 0.075 0.062 0.017 0.009 0.061 0.028 0.104 
 223   (0.064) 0.019 0.024 0.045 0.008 0.096 0.067 0.007 0.063 0.097 
 230   (0.158) 0.175 0.076 0.162 0.151 0.116 0.227 0.291 0.236 0.069 
 235   (0.013) 0.002 0.002 0.001 0.001 0.002 0.002 0.001 0.002 0.070 
 236   (0.039) 0.043 0.009 0.003 0.044 0.014 0.014 0.006 0.011 0.090 
 227   (0.022) 0.005 0.003 0.002 0.002 0.009 0.012 0.002 0.009 0.062 
 220   (0.052) 0.082 0.150 0.029 0.176 0.012 0.008 0.004 0.040 0.007 
 222   (0.039) 0.054 0.170 0.003 0.242 0.006 0.007 0.002 0.020 0.005 
 234   (0.137) 0.092 0.117 0.124 0.164 0.274 0.094 0.054 0.241 0.086 
 224   (0.032) 0.016 0.006 0.059 0.004 0.111 0.026 0.002 0.006 0.004 
 228   (0.055) 0.100 0.032 0.041 0.006 0.014 0.190 0.004 0.041 0.011 
 225   (0.012) 0.002 0.013 0.001 0.002 0.002 0.002 0.001 0.002 0.003 
 226   (0.015) 0.003 0.076 0.009 0.002 0.002 0.003 0.001 0.002 0.002 
 233   (0.027) 0.006 0.004 0.002 0.003 0.022 0.004 0.037 0.024 0.043 
 231   (0.013) 0.003 0.002 0.001 0.001 0.007 0.002 0.001 0.019 0.025 

Locus 7 : 
10 alleles
0.0% missing data
 121   (0.682) 0.852 0.743 0.726 0.795 0.601 0.821 0.749 0.814 0.891 
 129   (0.097) 0.072 0.063 0.147 0.012 0.092 0.044 0.104 0.060 0.071 
 130   (0.014) 0.003 0.027 0.001 0.001 0.002 0.003 0.002 0.002 0.002 
 123   (0.097) 0.042 0.107 0.118 0.126 0.212 0.083 0.098 0.032 0.021 
 128   (0.021) 0.004 0.003 0.002 0.036 0.018 0.003 0.021 0.004 0.003 
 131   (0.015) 0.003 0.005 0.001 0.022 0.009 0.005 0.001 0.002 0.002 
 117   (0.013) 0.013 0.002 0.001 0.001 0.002 0.005 0.001 0.002 0.001 
 125   (0.013) 0.002 0.002 0.001 0.001 0.055 0.002 0.001 0.002 0.001 
 134   (0.035) 0.007 0.047 0.002 0.004 0.008 0.033 0.005 0.072 0.005 
 132   (0.012) 0.003 0.002 0.001 0.001 0.002 0.002 0.019 0.010 0.002 

Locus 8 : 
19 alleles
0.0% missing data
 184   (0.298) 0.338 0.333 0.336 0.515 0.506 0.396 0.353 0.441 0.498 
 194   (0.048) 0.022 0.007 0.011 0.017 0.031 0.052 0.020 0.080 0.028 
 178   (0.105) 0.063 0.135 0.203 0.175 0.033 0.055 0.063 0.088 0.210 
 176   (0.082) 0.117 0.093 0.022 0.012 0.068 0.078 0.217 0.080 0.047 
 182   (0.073) 0.049 0.137 0.048 0.008 0.018 0.143 0.199 0.050 0.035 
 190   (0.030) 0.006 0.038 0.011 0.069 0.007 0.005 0.048 0.005 0.006 
 196   (0.024) 0.039 0.006 0.042 0.002 0.003 0.004 0.001 0.007 0.010 
 200   (0.023) 0.005 0.005 0.002 0.004 0.028 0.058 0.007 0.004 0.013 
 180   (0.024) 0.005 0.004 0.002 0.067 0.105 0.004 0.002 0.003 0.011 
 188   (0.039) 0.077 0.006 0.036 0.011 0.009 0.006 0.003 0.052 0.028 
 174   (0.037) 0.011 0.009 0.003 0.020 0.053 0.012 0.031 0.086 0.020 
 186   (0.120) 0.218 0.187 0.210 0.070 0.074 0.166 0.049 0.078 0.077 
 192   (0.023) 0.011 0.003 0.067 0.013 0.013 0.004 0.003 0.003 0.009 
 201   (0.012) 0.002 0.002 0.001 0.012 0.009 0.002 0.001 0.002 0.001 
 199   (0.020) 0.013 0.016 0.002 0.002 0.025 0.008 0.001 0.003 0.002 
 185   (0.011) 0.018 0.001 0.001 0.001 0.002 0.001 0.001 0.001 0.001 
 203   (0.010) 0.002 0.002 0.001 0.001 0.001 0.001 0.001 0.013 0.001 
 198   (0.010) 0.003 0.011 0.001 0.001 0.001 0.002 0.001 0.003 0.001 
 209   (0.012) 0.002 0.004 0.003 0.001 0.013 0.002 0.001 0.002 0.002 

Locus 9 : 
6 alleles
0.4% missing data
 154   (0.693) 0.880 0.830 0.774 0.830 0.687 0.695 0.630 0.664 0.720 
 156   (0.205) 0.084 0.155 0.109 0.160 0.298 0.229 0.354 0.259 0.165 
 152   (0.047) 0.014 0.008 0.113 0.005 0.007 0.029 0.005 0.042 0.073 
 153   (0.014) 0.008 0.002 0.002 0.001 0.002 0.020 0.001 0.002 0.002 
 160   (0.015) 0.008 0.002 0.001 0.001 0.002 0.023 0.001 0.002 0.002 
 164   (0.026) 0.005 0.004 0.002 0.003 0.004 0.004 0.009 0.031 0.038 

Locus 10 : 
29 alleles
0.7% missing data
 305   (0.062) 0.023 0.121 0.006 0.184 0.012 0.142 0.008 0.011 0.099 
 313   (0.047) 0.059 0.049 0.004 0.005 0.015 0.026 0.005 0.012 0.148 
 311   (0.016) 0.005 0.002 0.001 0.002 0.006 0.003 0.002 0.003 0.018 
 299   (0.092) 0.049 0.049 0.231 0.032 0.013 0.276 0.025 0.025 0.269 
 315   (0.069) 0.032 0.014 0.011 0.079 0.020 0.182 0.095 0.020 0.082 
 287   (0.020) 0.007 0.006 0.002 0.003 0.731 0.003 0.002 0.003 0.005 
 291   (0.112) 0.054 0.112 0.366 0.075 0.019 0.040 0.021 0.355 0.108 
 295   (0.024) 0.012 0.004 0.002 0.004 0.003 0.005 0.002 0.182 0.031 
 289   (0.019) 0.004 0.120 0.001 0.003 0.007 0.010 0.002 0.003 0.003 
 303   (0.061) 0.231 0.011 0.153 0.085 0.010 0.009 0.563 0.021 0.013 
 297   (0.045) 0.009 0.137 0.017 0.006 0.006 0.017 0.095 0.076 0.013 
 293   (0.021) 0.018 0.008 0.001 0.004 0.034 0.005 0.001 0.017 0.054 
 301   (0.062) 0.101 0.016 0.005 0.146 0.010 0.025 0.007 0.067 0.064 
 285   (0.029) 0.006 0.188 0.002 0.236 0.004 0.012 0.003 0.004 0.004 
 307   (0.056) 0.013 0.008 0.076 0.038 0.010 0.106 0.151 0.055 0.010 
 312   (0.054) 0.033 0.010 0.078 0.073 0.023 0.090 0.004 0.066 0.008 
 306   (0.028) 0.083 0.004 0.004 0.004 0.004 0.009 0.002 0.028 0.009 
 320   (0.013) 0.024 0.002 0.001 0.001 0.002 0.009 0.001 0.002 0.002 
 317   (0.021) 0.100 0.003 0.001 0.002 0.002 0.003 0.001 0.003 0.017 
 314   (0.026) 0.020 0.004 0.002 0.003 0.036 0.004 0.002 0.007 0.027 
 323   (0.013) 0.012 0.002 0.001 0.001 0.007 0.002 0.001 0.002 0.002 
 325   (0.012) 0.012 0.002 0.001 0.001 0.007 0.002 0.001 0.002 0.002 
 310   (0.018) 0.015 0.002 0.027 0.002 0.007 0.007 0.001 0.004 0.003 
 309   (0.012) 0.003 0.002 0.001 0.002 0.002 0.002 0.001 0.025 0.001 
 316   (0.015) 0.049 0.002 0.002 0.002 0.002 0.003 0.001 0.002 0.002 
 296   (0.012) 0.017 0.002 0.001 0.001 0.002 0.002 0.001 0.002 0.002 
 304   (0.015) 0.003 0.059 0.002 0.002 0.002 0.002 0.001 0.002 0.002 
 321   (0.013) 0.002 0.031 0.001 0.001 0.002 0.002 0.001 0.002 0.002 
 332   (0.013) 0.002 0.030 0.001 0.001 0.002 0.002 0.001 0.002 0.002 

Locus 11 : 
19 alleles
0.0% missing data
 114   (0.153) 0.100 0.022 0.016 0.282 0.060 0.190 0.207 0.245 0.237 
 126   (0.021) 0.004 0.003 0.001 0.019 0.003 0.003 0.004 0.005 0.057 
 111   (0.077) 0.036 0.578 0.563 0.008 0.029 0.013 0.006 0.013 0.248 
 116   (0.109) 0.029 0.060 0.019 0.020 0.138 0.115 0.265 0.125 0.108 
 132   (0.013) 0.003 0.002 0.001 0.001 0.002 0.003 0.001 0.002 0.011 
 109   (0.017) 0.003 0.002 0.001 0.002 0.002 0.002 0.001 0.004 0.046 
 128   (0.018) 0.004 0.002 0.002 0.002 0.003 0.004 0.001 0.016 0.008 
 112   (0.312) 0.545 0.058 0.031 0.602 0.405 0.591 0.480 0.451 0.215 
 122   (0.018) 0.013 0.003 0.002 0.010 0.004 0.003 0.004 0.008 0.002 
 124   (0.014) 0.003 0.002 0.001 0.019 0.002 0.002 0.001 0.002 0.002 
 118   (0.058) 0.018 0.049 0.013 0.017 0.093 0.028 0.016 0.060 0.019 
 127   (0.014) 0.013 0.002 0.001 0.001 0.002 0.005 0.001 0.002 0.002 
 113   (0.059) 0.148 0.152 0.289 0.006 0.064 0.011 0.004 0.012 0.008 
 115   (0.030) 0.015 0.007 0.003 0.003 0.168 0.006 0.003 0.022 0.017 
 120   (0.022) 0.005 0.003 0.050 0.002 0.003 0.003 0.001 0.021 0.003 
 117   (0.020) 0.007 0.021 0.003 0.002 0.004 0.015 0.002 0.003 0.003 
 125   (0.017) 0.046 0.002 0.001 0.002 0.006 0.003 0.001 0.003 0.003 
 119   (0.013) 0.003 0.029 0.001 0.001 0.002 0.002 0.001 0.002 0.002 
 136   (0.013) 0.003 0.002 0.001 0.001 0.009 0.002 0.001 0.002 0.009 

Locus 12 : 
28 alleles
0.7% missing data
 306   (0.063) 0.017 0.176 0.006 0.182 0.011 0.107 0.007 0.011 0.098 
 314   (0.056) 0.061 0.042 0.064 0.007 0.020 0.024 0.007 0.010 0.134 
 312   (0.012) 0.002 0.002 0.001 0.001 0.001 0.002 0.001 0.002 0.025 
 300   (0.096) 0.050 0.050 0.229 0.032 0.014 0.281 0.026 0.025 0.283 
 316   (0.044) 0.010 0.011 0.010 0.074 0.006 0.013 0.095 0.007 0.083 
 288   (0.017) 0.005 0.005 0.001 0.002 0.716 0.003 0.001 0.002 0.004 
 292   (0.115) 0.054 0.125 0.364 0.076 0.020 0.041 0.022 0.352 0.109 
 296   (0.030) 0.026 0.005 0.002 0.005 0.004 0.006 0.003 0.183 0.031 
 290   (0.020) 0.004 0.120 0.001 0.003 0.007 0.010 0.002 0.003 0.003 
 304   (0.065) 0.231 0.011 0.152 0.086 0.010 0.010 0.564 0.021 0.014 
 298   (0.047) 0.010 0.137 0.017 0.006 0.007 0.018 0.095 0.075 0.014 
 294   (0.022) 0.019 0.009 0.001 0.004 0.034 0.005 0.001 0.016 0.054 
 302   (0.063) 0.101 0.016 0.005 0.146 0.010 0.025 0.007 0.066 0.065 
 286   (0.029) 0.006 0.204 0.002 0.236 0.004 0.012 0.003 0.004 0.004 
 308   (0.033) 0.007 0.004 0.002 0.036 0.006 0.095 0.146 0.008 0.006 
 313   (0.044) 0.025 0.006 0.005 0.076 0.022 0.116 0.003 0.072 0.007 
 307   (0.043) 0.083 0.006 0.085 0.005 0.006 0.016 0.004 0.077 0.009 
 321   (0.014) 0.024 0.002 0.001 0.002 0.002 0.010 0.001 0.002 0.002 
 315   (0.049) 0.067 0.007 0.003 0.006 0.057 0.148 0.004 0.018 0.028 
 318   (0.018) 0.097 0.003 0.002 0.002 0.002 0.003 0.001 0.002 0.006 
 324   (0.014) 0.012 0.002 0.001 0.001 0.007 0.002 0.001 0.002 0.002 
 326   (0.012) 0.012 0.002 0.001 0.001 0.007 0.002 0.001 0.002 0.002 
 311   (0.021) 0.024 0.003 0.038 0.002 0.021 0.010 0.002 0.005 0.008 
 310   (0.013) 0.003 0.002 0.001 0.002 0.002 0.002 0.001 0.025 0.002 
 305   (0.016) 0.011 0.003 0.001 0.002 0.002 0.032 0.001 0.003 0.002 
 317   (0.015) 0.034 0.002 0.001 0.002 0.002 0.003 0.001 0.002 0.002 
 320   (0.014) 0.003 0.015 0.001 0.001 0.002 0.002 0.001 0.002 0.002 
 322   (0.014) 0.003 0.031 0.001 0.001 0.002 0.002 0.001 0.002 0.002 

Locus 13 : 
7 alleles
1.1% missing data
 161   (0.583) 0.446 0.524 0.433 0.072 0.490 0.593 0.891 0.808 0.654 
 163   (0.304) 0.515 0.340 0.553 0.035 0.490 0.387 0.027 0.142 0.267 
 160   (0.018) 0.004 0.003 0.001 0.441 0.003 0.002 0.001 0.003 0.003 
 162   (0.016) 0.003 0.002 0.001 0.444 0.002 0.002 0.001 0.002 0.002 
 165   (0.050) 0.027 0.127 0.010 0.005 0.010 0.007 0.005 0.038 0.068 
 166   (0.014) 0.003 0.002 0.001 0.001 0.003 0.005 0.002 0.005 0.004 
 164   (0.015) 0.003 0.002 0.001 0.001 0.002 0.002 0.073 0.002 0.002 

Locus 14 : 
4 alleles
0.4% missing data
  98   (0.957) 0.961 0.994 0.997 0.996 0.993 0.993 0.986 0.989 0.988 
 100   (0.013) 0.017 0.002 0.001 0.001 0.002 0.002 0.001 0.002 0.002 
  96   (0.017) 0.005 0.002 0.001 0.002 0.003 0.003 0.012 0.007 0.009 
 105   (0.013) 0.017 0.002 0.001 0.001 0.002 0.002 0.001 0.002 0.002 

Locus 15 : 
12 alleles
2.2% missing data
 171   (0.304) 0.424 0.320 0.347 0.218 0.436 0.293 0.180 0.219 0.394 
 177   (0.186) 0.148 0.127 0.085 0.345 0.234 0.154 0.055 0.267 0.218 
 173   (0.267) 0.294 0.454 0.515 0.122 0.154 0.317 0.069 0.342 0.278 
 179   (0.101) 0.038 0.047 0.027 0.297 0.122 0.154 0.569 0.039 0.065 
 183   (0.020) 0.006 0.008 0.002 0.002 0.009 0.007 0.011 0.003 0.027 
 181   (0.040) 0.066 0.011 0.019 0.005 0.006 0.026 0.111 0.013 0.006 
 197   (0.014) 0.003 0.002 0.001 0.001 0.002 0.002 0.001 0.065 0.002 
 170   (0.013) 0.006 0.002 0.001 0.002 0.011 0.015 0.001 0.004 0.002 
 189   (0.013) 0.003 0.002 0.001 0.003 0.002 0.027 0.001 0.002 0.002 
 203   (0.015) 0.003 0.002 0.001 0.001 0.002 0.002 0.001 0.040 0.002 
 187   (0.015) 0.009 0.009 0.001 0.002 0.020 0.002 0.001 0.003 0.003 
 198   (0.012) 0.002 0.016 0.001 0.001 0.002 0.002 0.001 0.002 0.001 

Values of parameters used in structure:
DATAFILE=STRUCTURE_main_final_278_HEG_ZG.str,	OUTFILE=STRUCTURE_main_final_278_HEG_ZG-K9-3,	NUMINDS=278,	NUMLOCI=15,	MISSING=-9,	LABEL=1,	POPDATA=1,	POPFLAG=0,	PHENOTYPE=0,	EXTRACOLS=0,	MAXPOPS=9,	BURNIN=100000,	NUMREPS=500000,	USEPOPINFO=0,	INFERALPHA=1,	INFERLAMBDA=0,	POPSPECIFICLAMBDA=0,	POPALPHAS=0,	COMPUTEPROB=1,	NOADMIX=0,	ADMBURNIN=2500,	UPDATEFREQ=1,	PRINTLIKES=0,	INTERMEDSAVE=0,	PRINTKLD=0,	PRINTNET=0,	PRINTLAMBDA=0,	ANCESTDIST=0,	NUMBOXES=1000,	ANCESTPINT=0.90000,	GENSBACK=2,	MIGRPRIOR=0.05000,	PRINTQHAT=0,	PRINTQSUM=0,	ALPHA=1.0000,	FREQSCORR=1,	FPRIORMEAN=0.0100,	FPRIORSD=0.0500,	ONEFST=0,	LAMBDA=1.0000,	UNIFPRIORALPHA=1,	ALPHAMAX=10.0000,	ALPHAPRIORA=1.0000,	ALPHAPRIORB=2.0000,	ALPHAPROPSD=0.0250,	STARTATPOPINFO=0,	RANDOMIZE=1,	LINKAGE=0,	METROFREQ=10,	REPORTHITRATE=0,	MARKOVPHASE=-1,	PHASED=0,	PLOIDY=2,	PHASEINFO=0	LOCPRIOR=0, 	LOCPRIORINIT=1.000000, 	LOCDATA=0, 	LOCISPOP=0, 	LOCPRIORSTEP=0.100000, 	MAXLOCPRIOR=20.000000, 	SEED=1782484020,	
[STRAT parameters]:    NUMSIMSTATS=1000,	PHENOTYPECOL=-9,	POOLFREQ=10,	LOCUSxONLY=0,	EMERROR=0.00100,	MISSINGPHENO=-9,	