

----------------------------------------------------
STRUCTURE by Pritchard, Stephens and Donnelly (2000)
     and Falush, Stephens and Pritchard (2003)
       Code by Pritchard, Falush and Hubisz
             Version 2.3.4 (Jul 2012)
----------------------------------------------------



Command line arguments:   structure -K 6 -i STRUCTURE_main_final_278_HEG_ZG.str -o STRUCTURE_main_final_278_HEG_ZG-K6-15 
Input File:    STRUCTURE_main_final_278_HEG_ZG.str

Run parameters:
   278 individuals
   15 loci
   6 populations assumed
   100000 Burn-in period
   500000 Reps


--------------------------------------------
Proportion of membership of each pre-defined
 population in each of the 6 clusters

Given    Inferred Clusters                            Number of
 Pop       1      2      3      4      5      6      Individuals

  1:     0.013  0.088  0.091  0.050  0.710  0.049       24
  2:     0.038  0.032  0.021  0.082  0.032  0.794       24
  3:     0.716  0.109  0.080  0.061  0.021  0.013       24
  4:     0.049  0.109  0.059  0.580  0.136  0.067       24
  5:     0.102  0.246  0.023  0.523  0.048  0.058       24
  6:     0.031  0.041  0.021  0.102  0.653  0.153       24
  7:     0.022  0.017  0.015  0.055  0.115  0.776       24
  8:     0.322  0.109  0.083  0.408  0.054  0.025       14
  9:     0.060  0.687  0.157  0.040  0.042  0.014       24
 10:     0.085  0.092  0.759  0.016  0.017  0.031       24
 11:     0.090  0.207  0.619  0.042  0.023  0.020       24
 12:     0.114  0.029  0.109  0.282  0.335  0.130       24
--------------------------------------------

Allele-freq. divergence among pops (Net nucleotide distance),
computed using point estimates of P.

      1       2       3       4       5       6      
 1      -    0.0397  0.0508  0.0382  0.0485  0.0618  
 2   0.0397     -    0.0340  0.0337  0.0278  0.0537  
 3   0.0508  0.0340     -    0.0550  0.0562  0.0816  
 4   0.0382  0.0337  0.0550     -    0.0256  0.0408  
 5   0.0485  0.0278  0.0562  0.0256     -    0.0402  
 6   0.0618  0.0537  0.0816  0.0408  0.0402     -    

Average distances (expected heterozygosity) between individuals in same cluster:
cluster  1  : 0.6367 
cluster  2  : 0.6409 
cluster  3  : 0.6136 
cluster  4  : 0.6191 
cluster  5  : 0.6185 
cluster  6  : 0.6278 

--------------------------------------------
Estimated Ln Prob of Data   = -12810.7
Mean value of ln likelihood = -12274.7
Variance of ln likelihood   = 1072.0
Mean value of alpha         = 0.0561

Mean value of Fst_1         = 0.0753
Mean value of Fst_2         = 0.0781
Mean value of Fst_3         = 0.1507
Mean value of Fst_4         = 0.0707
Mean value of Fst_5         = 0.0774
Mean value of Fst_6         = 0.1150


Inferred ancestry of individuals:
        Label (%Miss) Pop:  Inferred clusters
  1 24.0601.E1    (0)    1 :  0.008 0.016 0.011 0.009 0.923 0.033 
  2 24.0602.E1    (0)    1 :  0.012 0.033 0.011 0.008 0.928 0.007 
  3 24.0603.E1    (0)    1 :  0.008 0.026 0.007 0.065 0.885 0.009 
  4 24.0604.E1    (0)    1 :  0.076 0.009 0.031 0.023 0.852 0.009 
  5 24.0605.E1    (0)    1 :  0.008 0.053 0.012 0.020 0.887 0.020 
  6 24.0606.E1    (0)    1 :  0.006 0.032 0.018 0.057 0.872 0.015 
  7 24.0607.E1    (0)    1 :  0.010 0.817 0.008 0.015 0.104 0.045 
  8 24.0608.E1    (0)    1 :  0.016 0.024 0.130 0.007 0.784 0.039 
  9 24.0609.E1    (0)    1 :  0.012 0.013 0.502 0.244 0.223 0.006 
 10 24.0610.E1    (0)    1 :  0.010 0.019 0.288 0.057 0.618 0.008 
 11 24.0611.E1    (0)    1 :  0.006 0.054 0.026 0.017 0.888 0.008 
 12 24.0612.E1    (0)    1 :  0.008 0.028 0.009 0.011 0.918 0.027 
 13 24.0613.E1    (0)    1 :  0.005 0.009 0.022 0.014 0.944 0.007 
 14 24.0614.E1    (0)    1 :  0.020 0.197 0.078 0.010 0.551 0.144 
 15 24.0615.E1    (0)    1 :  0.012 0.060 0.162 0.014 0.702 0.050 
 16 24.0616.E1    (0)    1 :  0.006 0.016 0.013 0.009 0.948 0.008 
 17 24.0617.E1    (0)    1 :  0.007 0.034 0.530 0.016 0.368 0.044 
 18 24.0618.E1    (0)    1 :  0.011 0.083 0.096 0.023 0.777 0.009 
 19 24.0619.E1    (0)    1 :  0.007 0.154 0.013 0.153 0.664 0.009 
 20 24.0620.E1   (20)    1 :  0.012 0.044 0.079 0.241 0.147 0.478 
 21 24.0621.E1    (0)    1 :  0.011 0.264 0.077 0.133 0.508 0.006 
 22 24.0622.E1    (0)    1 :  0.013 0.008 0.009 0.018 0.931 0.021 
 23 24.0623.E1    (0)    1 :  0.014 0.101 0.036 0.026 0.650 0.173 
 24 24.0624.E1    (0)    1 :  0.005 0.011 0.010 0.006 0.961 0.007 
 25 24.0625.E1    (0)    2 :  0.043 0.044 0.017 0.113 0.020 0.763 
 26 24.0626.E1    (0)    2 :  0.017 0.011 0.005 0.006 0.008 0.953 
 27 24.0627.E1    (0)    2 :  0.335 0.008 0.012 0.056 0.009 0.581 
 28 24.0628.E1    (0)    2 :  0.038 0.011 0.096 0.070 0.037 0.749 
 29 24.0629.E1    (0)    2 :  0.012 0.056 0.017 0.015 0.143 0.756 
 30 24.0630.E1    (0)    2 :  0.014 0.012 0.007 0.021 0.008 0.939 
 31 24.0631.E1    (0)    2 :  0.005 0.008 0.004 0.007 0.009 0.968 
 32 24.0632.E1    (0)    2 :  0.018 0.015 0.009 0.011 0.016 0.931 
 33 24.0633.E1    (0)    2 :  0.013 0.013 0.034 0.372 0.016 0.551 
 34 24.0634.E1    (0)    2 :  0.013 0.023 0.015 0.016 0.011 0.922 
 35 24.0635.E1    (0)    2 :  0.053 0.042 0.060 0.311 0.026 0.507 
 36 24.0636.E1   (33)    2 :  0.019 0.011 0.008 0.097 0.077 0.788 
 37 24.0637.E1    (0)    2 :  0.006 0.012 0.004 0.007 0.006 0.965 
 38 24.0638.E1    (0)    2 :  0.011 0.015 0.006 0.402 0.010 0.555 
 39 24.0639.E1    (0)    2 :  0.010 0.065 0.081 0.008 0.056 0.780 
 40 24.0640.E1    (0)    2 :  0.007 0.025 0.011 0.011 0.013 0.933 
 41 24.0641.E1    (0)    2 :  0.016 0.302 0.013 0.040 0.221 0.409 
 42 24.0642.E1    (0)    2 :  0.006 0.006 0.006 0.303 0.035 0.644 
 43 24.0643.E1    (0)    2 :  0.242 0.025 0.008 0.013 0.014 0.698 
 44 24.0644.E1    (0)    2 :  0.008 0.016 0.032 0.024 0.011 0.909 
 45 24.0645.E1    (0)    2 :  0.006 0.010 0.027 0.021 0.013 0.923 
 46 24.0646.E1    (0)    2 :  0.008 0.016 0.033 0.023 0.011 0.910 
 47 24.0647.E1    (0)    2 :  0.006 0.013 0.004 0.007 0.006 0.964 
 48 24.0648.E1    (0)    2 :  0.006 0.013 0.004 0.007 0.006 0.964 
 49 24.0649.E1    (0)    3 :  0.808 0.048 0.031 0.097 0.010 0.006 
 50 24.0650.E1    (0)    3 :  0.077 0.048 0.291 0.553 0.026 0.005 
 51 24.0651.E1    (0)    3 :  0.077 0.828 0.013 0.036 0.010 0.036 
 52 24.0652.E1    (0)    3 :  0.954 0.008 0.011 0.012 0.011 0.005 
 53 24.0653.E1    (0)    3 :  0.955 0.009 0.013 0.010 0.006 0.007 
 54 24.0654.E1    (0)    3 :  0.912 0.012 0.049 0.010 0.008 0.009 
 55 24.0655.E1    (0)    3 :  0.211 0.467 0.131 0.082 0.084 0.024 
 56 24.0656.E1    (0)    3 :  0.948 0.007 0.016 0.011 0.008 0.010 
 57 24.0657.E1    (0)    3 :  0.951 0.007 0.015 0.011 0.007 0.009 
 58 24.0658.E1    (0)    3 :  0.668 0.024 0.119 0.141 0.036 0.011 
 59 24.0659.E1    (0)    3 :  0.900 0.027 0.017 0.029 0.022 0.005 
 60 24.0660.E1    (6)    3 :  0.758 0.042 0.009 0.136 0.043 0.012 
 61 24.0661.E1    (0)    3 :  0.916 0.008 0.037 0.007 0.006 0.026 
 62 24.0662.E1    (0)    3 :  0.093 0.724 0.042 0.041 0.077 0.022 
 63 24.0663.E1    (0)    3 :  0.023 0.027 0.840 0.093 0.009 0.009 
 64 24.0664.E1    (0)    3 :  0.908 0.011 0.036 0.021 0.008 0.017 
 65 24.0665.E1    (0)    3 :  0.907 0.012 0.014 0.014 0.007 0.046 
 66 24.0666.E1    (0)    3 :  0.964 0.006 0.008 0.009 0.007 0.005 
 67 24.0667.E1    (0)    3 :  0.966 0.005 0.007 0.010 0.006 0.006 
 68 24.0668.E1    (0)    3 :  0.972 0.006 0.006 0.006 0.005 0.006 
 69 24.0669.E1    (0)    3 :  0.967 0.008 0.007 0.006 0.006 0.007 
 70 24.0670.E1    (0)    3 :  0.704 0.192 0.063 0.012 0.023 0.006 
 71 24.0671.E1    (0)    3 :  0.651 0.066 0.136 0.096 0.029 0.023 
 72 24.0672.E1    (0)    3 :  0.892 0.026 0.008 0.028 0.041 0.006 
 73 24.0673.E1    (6)    4 :  0.046 0.051 0.048 0.150 0.173 0.532 
 74 24.0674.E1    (0)    4 :  0.008 0.167 0.010 0.425 0.350 0.040 
 75 24.0675.E1    (0)    4 :  0.010 0.027 0.082 0.792 0.041 0.047 
 76 24.0676.E1    (0)    4 :  0.012 0.016 0.271 0.656 0.024 0.020 
 77 24.0677.E1    (0)    4 :  0.027 0.809 0.091 0.024 0.043 0.007 
 78 24.0678.E1    (0)    4 :  0.145 0.205 0.012 0.045 0.537 0.055 
 79 24.0679.E1    (0)    4 :  0.117 0.032 0.117 0.541 0.184 0.008 
 80 24.0680.E1    (0)    4 :  0.040 0.012 0.009 0.900 0.029 0.009 
 81 24.0681.E1    (0)    4 :  0.016 0.010 0.007 0.932 0.024 0.011 
 82 24.0682.E1    (0)    4 :  0.004 0.005 0.008 0.961 0.015 0.008 
 83 24.0683.E1    (0)    4 :  0.011 0.169 0.007 0.390 0.379 0.044 
 84 24.0684.E1    (0)    4 :  0.012 0.052 0.017 0.257 0.472 0.191 
 85 24.0685.E1    (0)    4 :  0.031 0.008 0.011 0.817 0.116 0.017 
 86 24.0686.E1    (0)    4 :  0.015 0.502 0.010 0.385 0.058 0.029 
 87 24.0687.E1    (0)    4 :  0.010 0.421 0.013 0.401 0.039 0.116 
 88 24.0688.E1    (0)    4 :  0.005 0.006 0.005 0.968 0.008 0.008 
 89 24.0689.E1    (0)    4 :  0.009 0.034 0.494 0.361 0.052 0.050 
 90 24.0690.E1    (0)    4 :  0.559 0.040 0.008 0.309 0.028 0.056 
 91 24.0691.E1    (0)    4 :  0.008 0.007 0.022 0.758 0.196 0.009 
 92 24.0692.E1    (0)    4 :  0.009 0.006 0.012 0.958 0.008 0.007 
 93 24.0693.E1    (0)    4 :  0.046 0.012 0.123 0.507 0.021 0.290 
 94 24.0694.E1    (0)    4 :  0.008 0.006 0.007 0.959 0.010 0.010 
 95 24.0695.E1    (0)    4 :  0.015 0.011 0.031 0.602 0.334 0.009 
 96 24.0696.E1    (0)    4 :  0.008 0.012 0.013 0.821 0.122 0.024 
 97 24.0697.E1    (0)    5 :  0.009 0.019 0.009 0.916 0.018 0.029 
 98 24.0698.E1    (0)    5 :  0.022 0.478 0.038 0.283 0.082 0.097 
 99 24.0699.E1    (0)    5 :  0.082 0.829 0.010 0.022 0.045 0.011 
100 24.0700.E1    (0)    5 :  0.015 0.023 0.007 0.941 0.008 0.006 
101 24.0701.E1    (0)    5 :  0.748 0.114 0.015 0.018 0.018 0.087 
102 24.0702.E1    (0)    5 :  0.032 0.031 0.013 0.879 0.019 0.026 
103 24.0703.E1    (0)    5 :  0.018 0.913 0.008 0.030 0.018 0.012 
104 24.0704.E1    (6)    5 :  0.012 0.914 0.008 0.032 0.020 0.014 
105 24.0705.E1    (0)    5 :  0.017 0.012 0.011 0.915 0.034 0.011 
106 24.0706.E1    (0)    5 :  0.019 0.007 0.014 0.945 0.007 0.009 
107 24.0707.E1    (0)    5 :  0.019 0.075 0.007 0.827 0.033 0.039 
108 24.0708.E1    (0)    5 :  0.018 0.708 0.077 0.027 0.082 0.089 
109 24.0709.E1    (0)    5 :  0.010 0.021 0.077 0.864 0.018 0.010 
110 24.0710.E1    (0)    5 :  0.020 0.733 0.016 0.131 0.085 0.014 
111 24.0711.E1    (0)    5 :  0.031 0.100 0.017 0.639 0.184 0.029 
112 24.0712.E1    (0)    5 :  0.666 0.105 0.007 0.080 0.045 0.097 
113 24.0713.E1    (0)    5 :  0.012 0.016 0.016 0.938 0.010 0.009 
114 24.0714.E1    (0)    5 :  0.057 0.320 0.034 0.478 0.095 0.017 
115 24.0715.E1    (0)    5 :  0.016 0.033 0.029 0.632 0.128 0.162 
116 24.0716.E1    (0)    5 :  0.432 0.306 0.050 0.029 0.131 0.051 
117 24.0717.E1    (0)    5 :  0.129 0.110 0.045 0.149 0.023 0.543 
118 24.0718.E1    (0)    5 :  0.024 0.008 0.007 0.930 0.018 0.014 
119 24.0719.E1    (0)    5 :  0.015 0.026 0.025 0.908 0.009 0.017 
120 24.0720.E1    (0)    5 :  0.017 0.011 0.012 0.936 0.016 0.009 
121 24.0721.E1    (0)    6 :  0.023 0.018 0.029 0.654 0.120 0.157 
122 24.0722.E1    (0)    6 :  0.059 0.033 0.016 0.136 0.117 0.639 
123 24.0723.E1    (0)    6 :  0.028 0.102 0.128 0.032 0.069 0.642 
124 24.0724.E1    (0)    6 :  0.014 0.350 0.022 0.035 0.538 0.041 
125 24.0725.E1    (0)    6 :  0.022 0.009 0.007 0.009 0.945 0.008 
126 24.0726.E1    (6)    6 :  0.015 0.011 0.007 0.125 0.802 0.039 
127 24.0727.E1    (0)    6 :  0.026 0.066 0.015 0.031 0.711 0.151 
128 24.0728.E1    (0)    6 :  0.028 0.055 0.039 0.055 0.613 0.209 
129 24.0729.E1    (0)    6 :  0.024 0.011 0.018 0.080 0.833 0.032 
130 24.0730.E1    (0)    6 :  0.119 0.101 0.054 0.230 0.452 0.044 
131 24.0731.E1    (0)    6 :  0.007 0.008 0.010 0.458 0.485 0.032 
132 24.0732.E1    (0)    6 :  0.023 0.007 0.005 0.232 0.363 0.370 
133 24.0733.E1    (0)    6 :  0.005 0.005 0.005 0.006 0.966 0.013 
134 24.0734.E1    (0)    6 :  0.015 0.022 0.010 0.066 0.124 0.762 
135 24.0735.E1    (0)    6 :  0.015 0.014 0.018 0.028 0.844 0.080 
136 24.0736.E1    (0)    6 :  0.005 0.008 0.007 0.009 0.956 0.014 
137 24.0737.E1    (0)    6 :  0.014 0.027 0.009 0.021 0.914 0.014 
138 24.0738.E1    (0)    6 :  0.010 0.010 0.006 0.011 0.950 0.012 
139 24.0739.E1    (0)    6 :  0.016 0.008 0.007 0.011 0.949 0.008 
140 24.0740.E1    (0)    6 :  0.015 0.010 0.019 0.037 0.901 0.018 
141 24.0741.E1    (0)    6 :  0.012 0.010 0.011 0.105 0.697 0.165 
142 24.0742.E1    (0)    6 :  0.008 0.032 0.008 0.017 0.796 0.139 
143 24.0743.E1    (0)    6 :  0.010 0.044 0.015 0.021 0.898 0.012 
144 24.0744.E1    (0)    6 :  0.220 0.016 0.027 0.046 0.624 0.067 
145 24.0745.E1    (0)    7 :  0.027 0.017 0.019 0.058 0.007 0.872 
146 24.0746.E1    (0)    7 :  0.011 0.062 0.016 0.095 0.016 0.801 
147 24.0747.E1    (0)    7 :  0.015 0.007 0.020 0.042 0.113 0.803 
148 24.0748.E1    (6)    7 :  0.016 0.009 0.040 0.075 0.133 0.727 
149 24.0749.E1    (0)    7 :  0.009 0.016 0.008 0.021 0.423 0.523 
150 24.0750.E1    (0)    7 :  0.010 0.016 0.017 0.556 0.360 0.041 
151 24.0751.E1    (0)    7 :  0.005 0.007 0.006 0.008 0.012 0.961 
152 24.0752.E1    (0)    7 :  0.005 0.018 0.013 0.009 0.103 0.852 
153 24.0753.E1    (0)    7 :  0.008 0.009 0.007 0.009 0.045 0.922 
154 24.0754.E1    (0)    7 :  0.015 0.006 0.008 0.015 0.028 0.928 
155 24.0755.E1    (0)    7 :  0.012 0.012 0.022 0.051 0.023 0.880 
156 24.0756.E1    (0)    7 :  0.005 0.014 0.007 0.006 0.020 0.948 
157 24.0757.E1    (0)    7 :  0.005 0.004 0.004 0.008 0.007 0.972 
158 24.0758.E1    (0)    7 :  0.005 0.004 0.004 0.008 0.008 0.970 
159 24.0759.E1    (0)    7 :  0.016 0.010 0.011 0.016 0.205 0.743 
160 24.0760.E1    (0)    7 :  0.011 0.011 0.006 0.019 0.009 0.943 
161 24.0761.E1    (0)    7 :  0.005 0.005 0.005 0.005 0.006 0.975 
162 24.0762.E1    (0)    7 :  0.308 0.065 0.071 0.110 0.402 0.045 
163 24.0763.E1    (0)    7 :  0.006 0.008 0.007 0.023 0.023 0.932 
164 24.0764.E1    (0)    7 :  0.006 0.006 0.005 0.011 0.062 0.910 
165 24.0765.E1    (0)    7 :  0.005 0.023 0.008 0.009 0.012 0.943 
166 24.0766.E1    (0)    7 :  0.007 0.007 0.007 0.009 0.023 0.948 
167 24.0767.E1    (0)    7 :  0.005 0.011 0.006 0.008 0.016 0.954 
168 24.0768.E1    (0)    7 :  0.010 0.062 0.038 0.152 0.695 0.043 
169 24.0779.E1    (0)    8 :  0.055 0.262 0.010 0.602 0.027 0.043 
170 24.0780.E1    (6)    8 :  0.060 0.024 0.221 0.680 0.009 0.006 
171 24.0781.E1    (0)    8 :  0.038 0.017 0.019 0.914 0.006 0.006 
172 24.0782.E1    (0)    8 :  0.018 0.119 0.039 0.454 0.309 0.061 
173 24.0783.E1    (0)    8 :  0.074 0.018 0.360 0.529 0.011 0.008 
174 24.0784.E1    (0)    8 :  0.022 0.207 0.016 0.735 0.015 0.006 
175 24.0785.E1    (0)    8 :  0.624 0.177 0.094 0.088 0.012 0.005 
176 24.0786.E1    (0)    8 :  0.039 0.013 0.129 0.788 0.021 0.010 
177 24.0787.E1    (0)    8 :  0.544 0.050 0.015 0.230 0.043 0.119 
178 24.0788.E1    (0)    8 :  0.645 0.010 0.107 0.202 0.009 0.027 
179 24.0789.E1    (0)    8 :  0.167 0.496 0.108 0.103 0.095 0.031 
180 24.0790.E1    (0)    8 :  0.868 0.021 0.014 0.085 0.005 0.006 
181 24.0791.E1    (0)    8 :  0.519 0.091 0.011 0.190 0.180 0.009 
182 24.0792.E1    (0)    8 :  0.828 0.014 0.016 0.114 0.018 0.010 
183 24.0793.E1    (0)    9 :  0.008 0.938 0.024 0.008 0.013 0.010 
184 24.0794.E1    (0)    9 :  0.148 0.239 0.047 0.010 0.549 0.008 
185 24.0795.E1    (0)    9 :  0.006 0.874 0.013 0.016 0.080 0.010 
186 24.0796.E1    (0)    9 :  0.211 0.345 0.360 0.015 0.061 0.007 
187 24.0797.E1    (0)    9 :  0.017 0.907 0.054 0.009 0.008 0.005 
188 24.0798.E1    (0)    9 :  0.350 0.496 0.024 0.030 0.012 0.088 
189 24.0799.E1    (0)    9 :  0.014 0.914 0.039 0.010 0.014 0.009 
190 24.0800.E1    (0)    9 :  0.022 0.105 0.797 0.044 0.018 0.013 
191 24.0801.E1    (0)    9 :  0.378 0.562 0.016 0.025 0.009 0.011 
192 24.0802.E1    (0)    9 :  0.010 0.951 0.014 0.011 0.007 0.007 
193 24.0803.E1    (0)    9 :  0.011 0.957 0.010 0.008 0.008 0.006 
194 24.0804.E1    (0)    9 :  0.006 0.695 0.263 0.010 0.013 0.013 
195 24.0805.E1    (0)    9 :  0.032 0.897 0.020 0.032 0.011 0.008 
196 24.0806.E1    (0)    9 :  0.007 0.959 0.008 0.007 0.007 0.012 
197 24.0807.E1    (0)    9 :  0.012 0.933 0.026 0.015 0.008 0.006 
198 24.0808.E1    (0)    9 :  0.034 0.193 0.333 0.409 0.015 0.016 
199 24.0809.E1    (0)    9 :  0.027 0.379 0.439 0.082 0.052 0.022 
200 24.0810.E1    (0)    9 :  0.013 0.922 0.020 0.018 0.014 0.014 
201 24.0811.E1    (0)    9 :  0.014 0.840 0.095 0.014 0.028 0.009 
202 24.0812.E1    (0)    9 :  0.017 0.529 0.337 0.065 0.045 0.008 
203 24.0813.E1    (0)    9 :  0.024 0.784 0.081 0.086 0.012 0.013 
204 24.0814.E1    (6)    9 :  0.023 0.254 0.674 0.019 0.009 0.021 
205 24.0815.E1    (0)    9 :  0.025 0.889 0.046 0.009 0.007 0.023 
206 24.0816.E1    (0)    9 :  0.022 0.937 0.021 0.005 0.007 0.008 
207 24.0817.E1    (0)   10 :  0.009 0.042 0.919 0.010 0.014 0.006 
208 24.0818.E1    (0)   10 :  0.018 0.058 0.817 0.027 0.061 0.019 
209 24.0819.E1    (0)   10 :  0.175 0.460 0.110 0.012 0.015 0.228 
210 24.0820.E1    (0)   10 :  0.069 0.011 0.731 0.006 0.008 0.175 
211 24.0821.E1    (0)   10 :  0.714 0.050 0.194 0.021 0.013 0.009 
212 24.0822.E1    (0)   10 :  0.021 0.008 0.943 0.008 0.007 0.013 
213 24.0823.E1    (0)   10 :  0.025 0.008 0.914 0.007 0.008 0.037 
214 24.0824.E1    (0)   10 :  0.389 0.025 0.530 0.025 0.015 0.016 
215 24.0825.E1    (0)   10 :  0.005 0.006 0.967 0.009 0.006 0.007 
216 24.0826.E1    (0)   10 :  0.130 0.017 0.749 0.010 0.007 0.087 
217 24.0827.E1    (0)   10 :  0.012 0.031 0.901 0.015 0.035 0.006 
218 24.0828.E1    (0)   10 :  0.245 0.048 0.638 0.019 0.012 0.038 
219 24.0829.E1    (0)   10 :  0.016 0.308 0.646 0.009 0.011 0.011 
220 24.0830.E1    (0)   10 :  0.043 0.017 0.901 0.028 0.007 0.005 
221 24.0831.E1    (0)   10 :  0.049 0.020 0.863 0.057 0.006 0.005 
222 24.0832.E1    (0)   10 :  0.006 0.007 0.967 0.007 0.009 0.004 
223 24.0833.E1    (0)   10 :  0.005 0.005 0.974 0.007 0.005 0.005 
224 24.0834.E1    (0)   10 :  0.007 0.006 0.964 0.008 0.008 0.007 
225 24.0835.E1    (0)   10 :  0.009 0.012 0.954 0.008 0.012 0.006 
226 24.0836.E1    (0)   10 :  0.013 0.015 0.926 0.020 0.015 0.011 
227 24.0837.E1    (0)   10 :  0.013 0.010 0.952 0.010 0.008 0.007 
228 24.0838.E1    (0)   10 :  0.009 0.008 0.949 0.021 0.006 0.007 
229 24.0839.E1    (0)   10 :  0.040 0.599 0.192 0.041 0.103 0.024 
230 24.0840.E1    (0)   10 :  0.016 0.437 0.522 0.007 0.011 0.007 
231 24.0841.E1    (0)   11 :  0.009 0.889 0.062 0.015 0.018 0.007 
232 24.0842.E1    (0)   11 :  0.153 0.770 0.049 0.007 0.016 0.005 
233 24.0843.E1    (0)   11 :  0.378 0.096 0.497 0.010 0.007 0.013 
234 24.0844.E1    (0)   11 :  0.263 0.243 0.414 0.036 0.037 0.007 
235 24.0845.E1    (0)   11 :  0.036 0.046 0.827 0.077 0.009 0.006 
236 24.0846.E1    (0)   11 :  0.010 0.035 0.913 0.016 0.013 0.014 
237 24.0847.E1    (0)   11 :  0.019 0.017 0.850 0.042 0.061 0.011 
238 24.0848.E1    (0)   11 :  0.028 0.055 0.844 0.050 0.017 0.006 
239 24.0849.E1    (0)   11 :  0.009 0.009 0.962 0.006 0.007 0.007 
240 24.0850.E1    (0)   11 :  0.009 0.008 0.963 0.005 0.007 0.007 
241 24.0851.E1    (0)   11 :  0.010 0.009 0.962 0.005 0.007 0.007 
242 24.0852.E1    (0)   11 :  0.061 0.028 0.849 0.034 0.008 0.019 
243 24.0853.E1    (0)   11 :  0.007 0.009 0.961 0.007 0.006 0.010 
244 24.0854.E1    (0)   11 :  0.876 0.035 0.042 0.014 0.021 0.012 
245 24.0855.E1    (0)   11 :  0.012 0.118 0.829 0.009 0.021 0.011 
246 24.0856.E1    (0)   11 :  0.114 0.567 0.063 0.020 0.032 0.204 
247 24.0857.E1    (0)   11 :  0.011 0.038 0.908 0.015 0.016 0.011 
248 24.0858.E1    (0)   11 :  0.020 0.051 0.880 0.026 0.014 0.009 
249 24.0859.E1    (0)   11 :  0.018 0.058 0.846 0.013 0.013 0.052 
250 24.0860.E1    (0)   11 :  0.009 0.916 0.033 0.010 0.013 0.020 
251 24.0861.E1    (0)   11 :  0.009 0.021 0.946 0.008 0.007 0.008 
252 24.0862.E1    (0)   11 :  0.008 0.904 0.051 0.016 0.012 0.009 
253 24.0863.E1    (0)   11 :  0.009 0.021 0.947 0.008 0.007 0.008 
254 24.0864.E1    (0)   11 :  0.074 0.019 0.152 0.567 0.180 0.008 
255 24.0865.E1    (0)   12 :  0.173 0.022 0.317 0.061 0.025 0.402 
256 24.0866.E1    (0)   12 :  0.053 0.200 0.488 0.136 0.084 0.039 
257 24.0867.E1    (0)   12 :  0.018 0.016 0.180 0.108 0.019 0.658 
258 24.0868.E1    (0)   12 :  0.138 0.024 0.066 0.700 0.016 0.056 
259 24.0869.E1    (0)   12 :  0.009 0.014 0.063 0.891 0.009 0.016 
260 24.0870.E1    (0)   12 :  0.077 0.051 0.035 0.690 0.072 0.074 
261 24.0871.E1    (0)   12 :  0.065 0.102 0.041 0.665 0.092 0.036 
262 24.0872.E1    (0)   12 :  0.201 0.029 0.108 0.415 0.021 0.225 
263 24.0873.E1    (0)   12 :  0.050 0.017 0.076 0.815 0.017 0.025 
264 24.0874.E1    (0)   12 :  0.047 0.041 0.522 0.046 0.017 0.327 
265 24.0875.E1    (0)   12 :  0.023 0.036 0.017 0.827 0.088 0.010 
266 24.0876.E1    (0)   12 :  0.009 0.020 0.007 0.727 0.227 0.011 
267 24.0877.E1    (0)   12 :  0.011 0.012 0.007 0.014 0.936 0.020 
268 24.0878.E1    (0)   12 :  0.056 0.010 0.046 0.048 0.831 0.009 
269 24.0879.E1    (0)   12 :  0.219 0.008 0.006 0.016 0.741 0.011 
270 24.0880.E1    (0)   12 :  0.201 0.014 0.552 0.187 0.030 0.017 
271 24.0881.E1    (0)   12 :  0.007 0.006 0.006 0.006 0.965 0.010 
272 24.0882.E1    (0)   12 :  0.012 0.008 0.010 0.010 0.590 0.370 
273 24.0883.E1    (0)   12 :  0.252 0.007 0.015 0.042 0.545 0.139 
274 24.0884.E1    (0)   12 :  0.009 0.009 0.006 0.014 0.949 0.012 
275 24.0885.E1    (0)   12 :  0.031 0.007 0.012 0.099 0.841 0.011 
276 24.0886.E1    (0)   12 :  0.175 0.013 0.015 0.089 0.639 0.070 
277 24.0887.E1    (0)   12 :  0.115 0.009 0.006 0.024 0.278 0.569 
278 24.0888.E1    (0)   12 :  0.786 0.032 0.009 0.142 0.020 0.011 


Estimated Allele Frequencies in each cluster
First column gives estimated ancestral frequencies


Locus 1 : 
31 alleles
0.0% missing data
 115   (0.036) 0.008 0.021 0.003 0.065 0.129 0.005 
 117   (0.047) 0.011 0.056 0.004 0.012 0.212 0.081 
 119   (0.031) 0.006 0.005 0.003 0.007 0.252 0.290 
 131   (0.014) 0.003 0.003 0.001 0.002 0.040 0.002 
 128   (0.039) 0.027 0.016 0.016 0.040 0.034 0.004 
 135   (0.017) 0.003 0.003 0.001 0.006 0.046 0.002 
 126   (0.080) 0.045 0.060 0.207 0.079 0.064 0.053 
 122   (0.033) 0.009 0.112 0.003 0.010 0.010 0.040 
 132   (0.030) 0.008 0.023 0.028 0.035 0.004 0.007 
 141   (0.012) 0.002 0.003 0.001 0.002 0.007 0.002 
 130   (0.045) 0.081 0.019 0.016 0.112 0.006 0.013 
 134   (0.046) 0.026 0.026 0.044 0.028 0.005 0.056 
 145   (0.021) 0.066 0.003 0.001 0.004 0.004 0.014 
 127   (0.023) 0.005 0.003 0.001 0.004 0.031 0.117 
 116   (0.110) 0.186 0.151 0.163 0.245 0.021 0.097 
 114   (0.051) 0.033 0.122 0.160 0.023 0.006 0.038 
 120   (0.036) 0.112 0.012 0.003 0.016 0.011 0.041 
 110   (0.049) 0.036 0.023 0.065 0.048 0.019 0.024 
 133   (0.014) 0.002 0.004 0.001 0.002 0.002 0.017 
 118   (0.099) 0.261 0.290 0.204 0.208 0.014 0.018 
 125   (0.015) 0.004 0.011 0.010 0.002 0.002 0.001 
 129   (0.021) 0.016 0.003 0.001 0.003 0.042 0.002 
 124   (0.017) 0.022 0.004 0.001 0.004 0.009 0.002 
 136   (0.023) 0.005 0.005 0.048 0.028 0.003 0.002 
 121   (0.017) 0.003 0.002 0.001 0.003 0.008 0.039 
 139   (0.010) 0.002 0.001 0.001 0.001 0.009 0.001 
 113   (0.012) 0.002 0.002 0.001 0.002 0.001 0.010 
 111   (0.011) 0.002 0.002 0.001 0.002 0.001 0.009 
 143   (0.011) 0.002 0.001 0.001 0.001 0.001 0.010 
 140   (0.016) 0.012 0.011 0.001 0.004 0.002 0.001 
 112   (0.012) 0.002 0.002 0.010 0.002 0.001 0.001 

Locus 2 : 
18 alleles
0.0% missing data
 152   (0.373) 0.160 0.515 0.258 0.535 0.643 0.578 
 148   (0.067) 0.018 0.022 0.005 0.109 0.139 0.122 
 154   (0.108) 0.037 0.095 0.173 0.136 0.054 0.141 
 156   (0.017) 0.004 0.011 0.001 0.003 0.010 0.001 
 150   (0.017) 0.003 0.003 0.001 0.002 0.005 0.060 
 164   (0.084) 0.061 0.083 0.077 0.055 0.080 0.015 
 158   (0.039) 0.066 0.015 0.004 0.016 0.012 0.019 
 160   (0.019) 0.004 0.005 0.001 0.015 0.003 0.011 
 166   (0.019) 0.004 0.038 0.001 0.005 0.003 0.002 
 151   (0.065) 0.356 0.044 0.358 0.038 0.008 0.005 
 147   (0.065) 0.203 0.124 0.109 0.024 0.008 0.008 
 168   (0.023) 0.032 0.010 0.002 0.009 0.003 0.003 
 153   (0.017) 0.019 0.007 0.002 0.003 0.002 0.002 
 149   (0.025) 0.017 0.004 0.002 0.023 0.003 0.008 
 162   (0.021) 0.008 0.020 0.002 0.004 0.006 0.005 
 167   (0.014) 0.002 0.002 0.001 0.002 0.018 0.001 
 146   (0.014) 0.002 0.002 0.001 0.002 0.001 0.019 
 172   (0.014) 0.003 0.003 0.001 0.018 0.001 0.001 

Locus 3 : 
4 alleles
0.0% missing data
 128   (0.286) 0.225 0.233 0.424 0.316 0.218 0.395 
 126   (0.616) 0.647 0.721 0.489 0.656 0.715 0.576 
 132   (0.082) 0.110 0.042 0.086 0.026 0.066 0.024 
 134   (0.016) 0.018 0.003 0.001 0.002 0.002 0.005 

Locus 4 : 
3 alleles
0.0% missing data
 170   (0.317) 0.293 0.372 0.321 0.225 0.298 0.341 
 172   (0.670) 0.704 0.626 0.678 0.772 0.700 0.651 
 171   (0.013) 0.003 0.002 0.002 0.002 0.002 0.007 

Locus 5 : 
37 alleles
0.0% missing data
 125   (0.049) 0.065 0.022 0.100 0.021 0.052 0.073 
 110   (0.036) 0.024 0.037 0.048 0.007 0.039 0.031 
 129   (0.034) 0.062 0.079 0.005 0.016 0.048 0.003 
 113   (0.032) 0.013 0.094 0.014 0.072 0.010 0.003 
 145   (0.049) 0.104 0.009 0.010 0.092 0.211 0.032 
 155   (0.050) 0.013 0.082 0.042 0.021 0.130 0.085 
 117   (0.033) 0.015 0.024 0.002 0.072 0.031 0.013 
 124   (0.010) 0.001 0.001 0.001 0.001 0.018 0.001 
 133   (0.038) 0.055 0.016 0.003 0.035 0.041 0.038 
 157   (0.050) 0.087 0.085 0.040 0.089 0.009 0.025 
 141   (0.017) 0.011 0.003 0.003 0.026 0.004 0.001 
 112   (0.065) 0.028 0.088 0.162 0.062 0.079 0.163 
 121   (0.023) 0.018 0.035 0.016 0.007 0.006 0.006 
 114   (0.040) 0.008 0.007 0.063 0.063 0.058 0.118 
 153   (0.053) 0.134 0.101 0.092 0.041 0.052 0.005 
 127   (0.070) 0.075 0.076 0.113 0.125 0.072 0.063 
 131   (0.060) 0.061 0.053 0.070 0.034 0.061 0.198 
 135   (0.024) 0.009 0.007 0.069 0.055 0.005 0.005 
 104   (0.008) 0.002 0.001 0.001 0.002 0.001 0.007 
 118   (0.017) 0.005 0.003 0.001 0.012 0.018 0.007 
 116   (0.030) 0.018 0.034 0.010 0.028 0.006 0.012 
 137   (0.022) 0.009 0.050 0.002 0.009 0.004 0.048 
 123   (0.021) 0.006 0.023 0.068 0.004 0.009 0.003 
 149   (0.009) 0.003 0.002 0.002 0.007 0.001 0.001 
 138   (0.012) 0.058 0.002 0.001 0.003 0.001 0.001 
 143   (0.025) 0.033 0.008 0.041 0.004 0.003 0.047 
 163   (0.009) 0.002 0.006 0.001 0.005 0.001 0.002 
 109   (0.011) 0.002 0.001 0.001 0.019 0.001 0.001 
 139   (0.009) 0.002 0.002 0.001 0.009 0.001 0.001 
 106   (0.009) 0.002 0.002 0.001 0.009 0.001 0.001 
 144   (0.015) 0.003 0.011 0.001 0.029 0.002 0.001 
 122   (0.010) 0.002 0.002 0.001 0.002 0.017 0.001 
 100   (0.018) 0.022 0.029 0.004 0.007 0.002 0.001 
 111   (0.010) 0.033 0.001 0.001 0.004 0.001 0.001 
 233   (0.009) 0.011 0.002 0.002 0.001 0.001 0.001 
 134   (0.010) 0.002 0.002 0.009 0.002 0.001 0.001 
 140   (0.010) 0.004 0.002 0.001 0.008 0.001 0.001 

Locus 6 : 
17 alleles
0.0% missing data
 221   (0.025) 0.004 0.004 0.002 0.004 0.118 0.042 
 232   (0.247) 0.335 0.349 0.420 0.281 0.190 0.316 
 229   (0.046) 0.011 0.013 0.066 0.015 0.089 0.065 
 223   (0.064) 0.048 0.059 0.047 0.041 0.087 0.008 
 230   (0.147) 0.155 0.096 0.157 0.243 0.105 0.241 
 235   (0.015) 0.002 0.003 0.001 0.002 0.052 0.001 
 236   (0.038) 0.031 0.007 0.002 0.033 0.071 0.009 
 227   (0.017) 0.004 0.004 0.001 0.004 0.057 0.002 
 220   (0.062) 0.052 0.088 0.051 0.042 0.007 0.076 
 222   (0.051) 0.039 0.110 0.015 0.025 0.006 0.105 
 234   (0.130) 0.173 0.096 0.132 0.165 0.106 0.112 
 224   (0.034) 0.056 0.010 0.053 0.022 0.004 0.003 
 228   (0.059) 0.073 0.092 0.040 0.104 0.011 0.006 
 225   (0.012) 0.002 0.011 0.001 0.002 0.002 0.001 
 226   (0.016) 0.003 0.055 0.010 0.002 0.002 0.001 
 233   (0.024) 0.008 0.003 0.002 0.013 0.059 0.010 
 231   (0.014) 0.004 0.002 0.001 0.003 0.033 0.001 

Locus 7 : 
10 alleles
0.0% missing data
 121   (0.678) 0.761 0.769 0.742 0.807 0.856 0.773 
 129   (0.095) 0.078 0.066 0.138 0.040 0.079 0.059 
 130   (0.014) 0.002 0.022 0.001 0.002 0.002 0.001 
 123   (0.107) 0.100 0.098 0.112 0.070 0.045 0.097 
 128   (0.015) 0.004 0.002 0.001 0.002 0.003 0.035 
 131   (0.017) 0.007 0.010 0.001 0.002 0.003 0.008 
 117   (0.013) 0.012 0.002 0.001 0.002 0.001 0.001 
 125   (0.014) 0.026 0.002 0.001 0.002 0.002 0.001 
 134   (0.033) 0.008 0.026 0.003 0.071 0.006 0.009 
 132   (0.014) 0.002 0.002 0.001 0.002 0.003 0.016 

Locus 8 : 
19 alleles
0.0% missing data
 184   (0.290) 0.393 0.386 0.334 0.419 0.489 0.399 
 194   (0.044) 0.023 0.016 0.010 0.078 0.032 0.016 
 178   (0.089) 0.035 0.119 0.202 0.041 0.182 0.118 
 176   (0.086) 0.101 0.049 0.039 0.106 0.052 0.140 
 182   (0.085) 0.052 0.144 0.052 0.079 0.057 0.105 
 190   (0.028) 0.005 0.032 0.011 0.004 0.006 0.056 
 196   (0.023) 0.026 0.005 0.043 0.004 0.007 0.002 
 200   (0.033) 0.013 0.034 0.002 0.015 0.014 0.011 
 180   (0.028) 0.045 0.009 0.003 0.004 0.009 0.032 
 188   (0.043) 0.050 0.009 0.041 0.036 0.021 0.010 
 174   (0.035) 0.012 0.013 0.002 0.059 0.020 0.044 
 186   (0.120) 0.178 0.154 0.193 0.130 0.094 0.049 
 192   (0.024) 0.012 0.004 0.057 0.003 0.010 0.007 
 201   (0.011) 0.006 0.002 0.001 0.001 0.001 0.006 
 199   (0.017) 0.025 0.014 0.001 0.002 0.002 0.001 
 185   (0.010) 0.013 0.001 0.001 0.001 0.001 0.001 
 203   (0.010) 0.002 0.002 0.001 0.009 0.001 0.001 
 198   (0.011) 0.002 0.004 0.003 0.006 0.001 0.001 
 209   (0.011) 0.006 0.004 0.003 0.002 0.002 0.001 

Locus 9 : 
6 alleles
0.4% missing data
 154   (0.691) 0.791 0.772 0.772 0.706 0.731 0.703 
 156   (0.211) 0.178 0.192 0.119 0.234 0.161 0.288 
 152   (0.042) 0.008 0.007 0.104 0.037 0.064 0.004 
 153   (0.014) 0.008 0.012 0.003 0.003 0.003 0.001 
 160   (0.017) 0.012 0.014 0.001 0.002 0.002 0.001 
 164   (0.024) 0.004 0.003 0.001 0.018 0.039 0.002 

Locus 10 : 
29 alleles
0.7% missing data
 305   (0.065) 0.015 0.161 0.006 0.042 0.073 0.092 
 313   (0.051) 0.048 0.038 0.006 0.021 0.114 0.005 
 311   (0.015) 0.005 0.003 0.001 0.003 0.015 0.001 
 299   (0.100) 0.042 0.191 0.207 0.035 0.237 0.027 
 315   (0.064) 0.019 0.020 0.011 0.129 0.086 0.077 
 287   (0.036) 0.343 0.020 0.004 0.006 0.023 0.008 
 291   (0.099) 0.029 0.039 0.384 0.211 0.111 0.067 
 295   (0.029) 0.006 0.004 0.002 0.112 0.049 0.003 
 289   (0.017) 0.004 0.093 0.001 0.002 0.002 0.002 
 303   (0.061) 0.135 0.010 0.165 0.011 0.024 0.385 
 297   (0.048) 0.008 0.117 0.017 0.018 0.063 0.038 
 293   (0.023) 0.009 0.019 0.002 0.026 0.040 0.003 
 301   (0.059) 0.062 0.012 0.006 0.066 0.055 0.067 
 285   (0.029) 0.005 0.140 0.002 0.004 0.004 0.104 
 307   (0.050) 0.010 0.010 0.069 0.097 0.030 0.094 
 312   (0.035) 0.010 0.008 0.072 0.141 0.005 0.009 
 306   (0.027) 0.056 0.005 0.005 0.022 0.009 0.003 
 320   (0.015) 0.021 0.002 0.001 0.003 0.002 0.001 
 317   (0.023) 0.066 0.004 0.001 0.003 0.014 0.002 
 314   (0.023) 0.028 0.003 0.001 0.004 0.026 0.002 
 323   (0.013) 0.012 0.002 0.001 0.002 0.002 0.001 
 325   (0.013) 0.012 0.002 0.001 0.002 0.002 0.001 
 310   (0.018) 0.006 0.003 0.027 0.011 0.003 0.001 
 309   (0.014) 0.002 0.002 0.001 0.018 0.002 0.001 
 316   (0.016) 0.028 0.005 0.002 0.004 0.002 0.001 
 296   (0.013) 0.012 0.002 0.001 0.003 0.002 0.001 
 304   (0.014) 0.002 0.043 0.001 0.002 0.002 0.001 
 321   (0.013) 0.002 0.022 0.001 0.002 0.001 0.001 
 332   (0.015) 0.003 0.018 0.003 0.003 0.002 0.001 

Locus 11 : 
19 alleles
0.0% missing data
 114   (0.135) 0.058 0.061 0.016 0.237 0.219 0.260 
 126   (0.023) 0.004 0.003 0.001 0.004 0.039 0.016 
 111   (0.086) 0.027 0.408 0.557 0.014 0.162 0.007 
 116   (0.118) 0.052 0.124 0.021 0.114 0.115 0.144 
 132   (0.013) 0.002 0.002 0.001 0.002 0.009 0.001 
 109   (0.015) 0.002 0.002 0.001 0.002 0.036 0.001 
 128   (0.019) 0.003 0.003 0.003 0.011 0.008 0.001 
 112   (0.313) 0.527 0.176 0.037 0.542 0.331 0.500 
 122   (0.016) 0.006 0.002 0.002 0.006 0.002 0.010 
 124   (0.013) 0.002 0.002 0.001 0.002 0.001 0.009 
 118   (0.058) 0.044 0.054 0.020 0.014 0.031 0.035 
 127   (0.014) 0.012 0.002 0.001 0.002 0.002 0.001 
 113   (0.057) 0.123 0.096 0.282 0.013 0.007 0.005 
 115   (0.030) 0.088 0.010 0.004 0.006 0.021 0.003 
 120   (0.023) 0.004 0.003 0.045 0.015 0.003 0.002 
 117   (0.019) 0.004 0.026 0.002 0.007 0.003 0.002 
 125   (0.017) 0.033 0.004 0.001 0.004 0.002 0.001 
 119   (0.015) 0.003 0.019 0.003 0.003 0.002 0.001 
 136   (0.014) 0.005 0.002 0.001 0.002 0.008 0.001 

Locus 12 : 
28 alleles
0.7% missing data
 306   (0.063) 0.013 0.187 0.006 0.028 0.071 0.090 
 314   (0.055) 0.052 0.034 0.064 0.010 0.103 0.006 
 312   (0.014) 0.002 0.002 0.001 0.002 0.019 0.001 
 300   (0.101) 0.041 0.193 0.204 0.035 0.249 0.027 
 316   (0.038) 0.006 0.011 0.009 0.009 0.084 0.070 
 288   (0.035) 0.336 0.019 0.003 0.005 0.021 0.008 
 292   (0.105) 0.030 0.043 0.385 0.212 0.113 0.068 
 296   (0.035) 0.014 0.005 0.003 0.115 0.050 0.004 
 290   (0.017) 0.004 0.094 0.001 0.002 0.002 0.002 
 304   (0.063) 0.135 0.011 0.163 0.011 0.025 0.387 
 298   (0.050) 0.008 0.118 0.017 0.018 0.063 0.039 
 294   (0.023) 0.010 0.019 0.001 0.026 0.040 0.003 
 302   (0.061) 0.062 0.012 0.006 0.066 0.056 0.067 
 286   (0.031) 0.006 0.152 0.002 0.005 0.004 0.104 
 308   (0.037) 0.007 0.008 0.002 0.059 0.028 0.093 
 313   (0.025) 0.006 0.005 0.003 0.167 0.004 0.009 
 307   (0.046) 0.052 0.008 0.079 0.059 0.013 0.004 
 321   (0.014) 0.021 0.002 0.001 0.003 0.002 0.001 
 315   (0.046) 0.062 0.011 0.003 0.109 0.028 0.006 
 318   (0.021) 0.061 0.008 0.002 0.003 0.005 0.002 
 324   (0.013) 0.012 0.002 0.001 0.002 0.002 0.001 
 326   (0.013) 0.012 0.002 0.001 0.002 0.002 0.001 
 311   (0.024) 0.014 0.005 0.039 0.014 0.009 0.002 
 310   (0.013) 0.002 0.002 0.001 0.018 0.001 0.001 
 305   (0.018) 0.005 0.014 0.001 0.015 0.003 0.002 
 317   (0.015) 0.021 0.002 0.001 0.004 0.002 0.001 
 320   (0.012) 0.002 0.011 0.001 0.002 0.001 0.001 
 322   (0.013) 0.002 0.022 0.001 0.002 0.001 0.001 

Locus 13 : 
7 alleles
1.1% missing data
 161   (0.596) 0.459 0.508 0.479 0.726 0.691 0.507 
 163   (0.283) 0.515 0.400 0.500 0.232 0.236 0.026 
 160   (0.019) 0.004 0.003 0.001 0.003 0.003 0.206 
 162   (0.018) 0.003 0.002 0.001 0.003 0.002 0.208 
 165   (0.055) 0.015 0.083 0.017 0.027 0.062 0.006 
 166   (0.014) 0.002 0.002 0.001 0.007 0.005 0.001 
 164   (0.015) 0.002 0.002 0.001 0.002 0.002 0.046 

Locus 14 : 
4 alleles
0.4% missing data
  98   (0.956) 0.972 0.994 0.997 0.990 0.984 0.994 
 100   (0.014) 0.013 0.002 0.001 0.002 0.001 0.001 
  96   (0.017) 0.003 0.002 0.001 0.005 0.013 0.004 
 105   (0.014) 0.012 0.002 0.001 0.003 0.002 0.001 

Locus 15 : 
12 alleles
2.2% missing data
 171   (0.285) 0.456 0.272 0.352 0.215 0.408 0.187 
 177   (0.183) 0.174 0.149 0.091 0.252 0.175 0.196 
 173   (0.264) 0.236 0.388 0.488 0.354 0.269 0.085 
 179   (0.111) 0.061 0.125 0.037 0.056 0.093 0.451 
 183   (0.020) 0.005 0.011 0.002 0.003 0.027 0.002 
 181   (0.045) 0.038 0.015 0.024 0.018 0.012 0.071 
 197   (0.019) 0.003 0.004 0.001 0.040 0.007 0.002 
 170   (0.014) 0.003 0.002 0.001 0.019 0.002 0.001 
 189   (0.015) 0.002 0.013 0.001 0.009 0.002 0.002 
 203   (0.015) 0.002 0.002 0.001 0.029 0.002 0.001 
 187   (0.016) 0.017 0.007 0.001 0.003 0.002 0.001 
 198   (0.013) 0.002 0.012 0.001 0.002 0.001 0.001 

Values of parameters used in structure:
DATAFILE=STRUCTURE_main_final_278_HEG_ZG.str,	OUTFILE=STRUCTURE_main_final_278_HEG_ZG-K6-15,	NUMINDS=278,	NUMLOCI=15,	MISSING=-9,	LABEL=1,	POPDATA=1,	POPFLAG=0,	PHENOTYPE=0,	EXTRACOLS=0,	MAXPOPS=6,	BURNIN=100000,	NUMREPS=500000,	USEPOPINFO=0,	INFERALPHA=1,	INFERLAMBDA=0,	POPSPECIFICLAMBDA=0,	POPALPHAS=0,	COMPUTEPROB=1,	NOADMIX=0,	ADMBURNIN=2500,	UPDATEFREQ=1,	PRINTLIKES=0,	INTERMEDSAVE=0,	PRINTKLD=0,	PRINTNET=0,	PRINTLAMBDA=0,	ANCESTDIST=0,	NUMBOXES=1000,	ANCESTPINT=0.90000,	GENSBACK=2,	MIGRPRIOR=0.05000,	PRINTQHAT=0,	PRINTQSUM=0,	ALPHA=1.0000,	FREQSCORR=1,	FPRIORMEAN=0.0100,	FPRIORSD=0.0500,	ONEFST=0,	LAMBDA=1.0000,	UNIFPRIORALPHA=1,	ALPHAMAX=10.0000,	ALPHAPRIORA=1.0000,	ALPHAPRIORB=2.0000,	ALPHAPROPSD=0.0250,	STARTATPOPINFO=0,	RANDOMIZE=1,	LINKAGE=0,	METROFREQ=10,	REPORTHITRATE=0,	MARKOVPHASE=-1,	PHASED=0,	PLOIDY=2,	PHASEINFO=0	LOCPRIOR=0, 	LOCPRIORINIT=1.000000, 	LOCDATA=0, 	LOCISPOP=0, 	LOCPRIORSTEP=0.100000, 	MAXLOCPRIOR=20.000000, 	SEED=1782481579,	
[STRAT parameters]:    NUMSIMSTATS=1000,	PHENOTYPECOL=-9,	POOLFREQ=10,	LOCUSxONLY=0,	EMERROR=0.00100,	MISSINGPHENO=-9,	