

----------------------------------------------------
STRUCTURE by Pritchard, Stephens and Donnelly (2000)
     and Falush, Stephens and Pritchard (2003)
       Code by Pritchard, Falush and Hubisz
             Version 2.3.4 (Jul 2012)
----------------------------------------------------



Command line arguments:   structure -K 9 -i STRUCTURE_main_final_278_HEG_ZG.str -o STRUCTURE_main_final_278_HEG_ZG-K9-11 
Input File:    STRUCTURE_main_final_278_HEG_ZG.str

Run parameters:
   278 individuals
   15 loci
   9 populations assumed
   100000 Burn-in period
   500000 Reps


--------------------------------------------
Proportion of membership of each pre-defined
 population in each of the 9 clusters

Given    Inferred Clusters                                                 Number of
 Pop       1      2      3      4      5      6      7      8      9      Individuals

  1:     0.052  0.670  0.083  0.016  0.073  0.013  0.026  0.020  0.045       24
  2:     0.040  0.023  0.017  0.016  0.055  0.735  0.042  0.048  0.023       24
  3:     0.030  0.020  0.048  0.316  0.010  0.013  0.251  0.259  0.054       24
  4:     0.552  0.053  0.046  0.166  0.040  0.025  0.064  0.036  0.018       24
  5:     0.196  0.022  0.028  0.502  0.049  0.029  0.111  0.015  0.048       24
  6:     0.126  0.417  0.018  0.078  0.240  0.031  0.033  0.030  0.028       24
  7:     0.069  0.058  0.019  0.018  0.759  0.031  0.022  0.009  0.016       24
  8:     0.077  0.033  0.075  0.690  0.011  0.013  0.037  0.045  0.018       14
  9:     0.022  0.053  0.070  0.030  0.006  0.014  0.037  0.046  0.721       24
 10:     0.011  0.012  0.661  0.023  0.017  0.008  0.043  0.158  0.067       24
 11:     0.037  0.021  0.282  0.027  0.012  0.012  0.085  0.362  0.162       24
 12:     0.286  0.248  0.048  0.106  0.112  0.020  0.077  0.079  0.025       24
--------------------------------------------

Allele-freq. divergence among pops (Net nucleotide distance),
computed using point estimates of P.

      1       2       3       4       5       6       7       8       9      
 1      -    0.0334  0.0660  0.0333  0.0624  0.0750  0.0673  0.0884  0.0476  
 2   0.0334     -    0.0625  0.0336  0.0655  0.0679  0.0721  0.0834  0.0365  
 3   0.0660  0.0625     -    0.0547  0.1299  0.1092  0.0920  0.0738  0.0417  
 4   0.0333  0.0336  0.0547     -    0.0739  0.0637  0.0547  0.0678  0.0404  
 5   0.0624  0.0655  0.1299  0.0739     -    0.1006  0.1058  0.0878  0.0921  
 6   0.0750  0.0679  0.1092  0.0637  0.1006     -    0.1001  0.1280  0.0808  
 7   0.0673  0.0721  0.0920  0.0547  0.1058  0.1001     -    0.0985  0.0726  
 8   0.0884  0.0834  0.0738  0.0678  0.0878  0.1280  0.0985     -    0.0620  
 9   0.0476  0.0365  0.0417  0.0404  0.0921  0.0808  0.0726  0.0620     -    

Average distances (expected heterozygosity) between individuals in same cluster:
cluster  1  : 0.6065 
cluster  2  : 0.6175 
cluster  3  : 0.6100 
cluster  4  : 0.6315 
cluster  5  : 0.5531 
cluster  6  : 0.6124 
cluster  7  : 0.6053 
cluster  8  : 0.5580 
cluster  9  : 0.6224 

--------------------------------------------
Estimated Ln Prob of Data   = -12334.7
Mean value of ln likelihood = -11718.8
Variance of ln likelihood   = 1231.7
Mean value of alpha         = 0.0476

Mean value of Fst_1         = 0.0942
Mean value of Fst_2         = 0.0893
Mean value of Fst_3         = 0.1488
Mean value of Fst_4         = 0.0592
Mean value of Fst_5         = 0.1933
Mean value of Fst_6         = 0.1924
Mean value of Fst_7         = 0.1590
Mean value of Fst_8         = 0.2090
Mean value of Fst_9         = 0.1079


Inferred ancestry of individuals:
        Label (%Miss) Pop:  Inferred clusters
  1 24.0601.E1    (0)    1 :  0.009 0.924 0.007 0.006 0.011 0.013 0.011 0.011 0.007 
  2 24.0602.E1    (0)    1 :  0.006 0.933 0.010 0.009 0.009 0.004 0.010 0.008 0.010 
  3 24.0603.E1    (0)    1 :  0.026 0.854 0.005 0.052 0.027 0.005 0.008 0.007 0.016 
  4 24.0604.E1    (0)    1 :  0.105 0.655 0.042 0.005 0.005 0.008 0.165 0.005 0.009 
  5 24.0605.E1    (0)    1 :  0.031 0.854 0.008 0.011 0.038 0.008 0.007 0.011 0.032 
  6 24.0606.E1    (0)    1 :  0.158 0.752 0.019 0.013 0.021 0.010 0.005 0.007 0.015 
  7 24.0607.E1    (0)    1 :  0.017 0.109 0.013 0.056 0.316 0.007 0.013 0.008 0.462 
  8 24.0608.E1    (0)    1 :  0.007 0.698 0.032 0.008 0.111 0.004 0.006 0.123 0.013 
  9 24.0609.E1    (0)    1 :  0.245 0.237 0.446 0.023 0.006 0.004 0.010 0.012 0.017 
 10 24.0610.E1    (0)    1 :  0.108 0.444 0.395 0.018 0.010 0.005 0.005 0.005 0.011 
 11 24.0611.E1    (0)    1 :  0.028 0.878 0.031 0.009 0.006 0.007 0.006 0.005 0.031 
 12 24.0612.E1    (0)    1 :  0.007 0.924 0.007 0.012 0.015 0.008 0.016 0.004 0.007 
 13 24.0613.E1    (0)    1 :  0.056 0.888 0.021 0.007 0.005 0.007 0.005 0.005 0.006 
 14 24.0614.E1    (0)    1 :  0.013 0.238 0.017 0.008 0.354 0.007 0.007 0.163 0.193 
 15 24.0615.E1    (0)    1 :  0.011 0.730 0.134 0.010 0.044 0.014 0.021 0.015 0.020 
 16 24.0616.E1    (0)    1 :  0.009 0.936 0.010 0.007 0.005 0.012 0.006 0.005 0.010 
 17 24.0617.E1    (0)    1 :  0.016 0.346 0.535 0.014 0.020 0.024 0.006 0.008 0.029 
 18 24.0618.E1    (0)    1 :  0.037 0.777 0.064 0.043 0.005 0.009 0.006 0.019 0.041 
 19 24.0619.E1    (0)    1 :  0.114 0.682 0.020 0.009 0.004 0.013 0.131 0.005 0.023 
 20 24.0620.E1   (20)    1 :  0.121 0.051 0.039 0.024 0.704 0.013 0.016 0.009 0.022 
 21 24.0621.E1    (0)    1 :  0.096 0.546 0.098 0.011 0.005 0.005 0.151 0.032 0.055 
 22 24.0622.E1    (0)    1 :  0.016 0.909 0.010 0.015 0.010 0.023 0.005 0.006 0.005 
 23 24.0623.E1    (0)    1 :  0.017 0.762 0.028 0.017 0.017 0.101 0.014 0.012 0.031 
 24 24.0624.E1    (0)    1 :  0.005 0.949 0.010 0.007 0.007 0.006 0.004 0.005 0.007 
 25 24.0625.E1    (0)    2 :  0.041 0.014 0.010 0.024 0.056 0.594 0.040 0.208 0.014 
 26 24.0626.E1    (0)    2 :  0.004 0.004 0.003 0.004 0.036 0.810 0.004 0.130 0.004 
 27 24.0627.E1    (0)    2 :  0.042 0.006 0.005 0.007 0.017 0.477 0.430 0.009 0.007 
 28 24.0628.E1    (0)    2 :  0.088 0.031 0.080 0.016 0.119 0.478 0.007 0.168 0.012 
 29 24.0629.E1    (0)    2 :  0.008 0.059 0.011 0.031 0.006 0.856 0.011 0.008 0.011 
 30 24.0630.E1    (0)    2 :  0.011 0.005 0.005 0.005 0.092 0.812 0.009 0.056 0.007 
 31 24.0631.E1    (0)    2 :  0.003 0.005 0.003 0.004 0.004 0.971 0.004 0.003 0.004 
 32 24.0632.E1    (0)    2 :  0.006 0.007 0.006 0.011 0.033 0.915 0.010 0.005 0.007 
 33 24.0633.E1    (0)    2 :  0.022 0.013 0.007 0.020 0.034 0.446 0.009 0.440 0.008 
 34 24.0634.E1    (0)    2 :  0.010 0.009 0.010 0.011 0.006 0.915 0.009 0.019 0.012 
 35 24.0635.E1    (0)    2 :  0.026 0.025 0.033 0.099 0.021 0.638 0.032 0.042 0.085 
 36 24.0636.E1   (33)    2 :  0.110 0.029 0.011 0.023 0.718 0.068 0.024 0.009 0.008 
 37 24.0637.E1    (0)    2 :  0.005 0.004 0.003 0.005 0.007 0.964 0.004 0.003 0.005 
 38 24.0638.E1    (0)    2 :  0.024 0.009 0.006 0.033 0.005 0.897 0.015 0.006 0.006 
 39 24.0639.E1    (0)    2 :  0.008 0.037 0.093 0.019 0.015 0.788 0.022 0.008 0.010 
 40 24.0640.E1    (0)    2 :  0.007 0.008 0.007 0.007 0.006 0.944 0.005 0.006 0.010 
 41 24.0641.E1    (0)    2 :  0.038 0.191 0.011 0.020 0.018 0.362 0.065 0.007 0.287 
 42 24.0642.E1    (0)    2 :  0.296 0.051 0.004 0.006 0.034 0.592 0.008 0.005 0.005 
 43 24.0643.E1    (0)    2 :  0.008 0.008 0.012 0.015 0.061 0.610 0.274 0.006 0.006 
 44 24.0644.E1    (0)    2 :  0.019 0.008 0.033 0.006 0.005 0.909 0.005 0.005 0.010 
 45 24.0645.E1    (0)    2 :  0.159 0.010 0.027 0.006 0.018 0.761 0.006 0.004 0.010 
 46 24.0646.E1    (0)    2 :  0.019 0.008 0.032 0.006 0.005 0.909 0.005 0.005 0.010 
 47 24.0647.E1    (0)    2 :  0.005 0.004 0.003 0.005 0.007 0.963 0.004 0.003 0.005 
 48 24.0648.E1    (0)    2 :  0.005 0.004 0.003 0.005 0.007 0.964 0.004 0.003 0.005 
 49 24.0649.E1    (0)    3 :  0.008 0.005 0.014 0.933 0.003 0.006 0.010 0.012 0.009 
 50 24.0650.E1    (0)    3 :  0.391 0.019 0.104 0.035 0.004 0.004 0.011 0.280 0.152 
 51 24.0651.E1    (0)    3 :  0.019 0.008 0.009 0.350 0.030 0.113 0.037 0.041 0.394 
 52 24.0652.E1    (0)    3 :  0.008 0.033 0.005 0.051 0.005 0.005 0.021 0.863 0.009 
 53 24.0653.E1    (0)    3 :  0.009 0.006 0.020 0.046 0.006 0.005 0.880 0.014 0.015 
 54 24.0654.E1    (0)    3 :  0.008 0.008 0.032 0.297 0.004 0.014 0.009 0.619 0.009 
 55 24.0655.E1    (0)    3 :  0.012 0.043 0.025 0.567 0.007 0.026 0.010 0.290 0.021 
 56 24.0656.E1    (0)    3 :  0.016 0.007 0.011 0.015 0.011 0.006 0.014 0.913 0.006 
 57 24.0657.E1    (0)    3 :  0.017 0.008 0.011 0.019 0.011 0.006 0.016 0.906 0.006 
 58 24.0658.E1    (0)    3 :  0.025 0.019 0.128 0.738 0.007 0.007 0.058 0.006 0.012 
 59 24.0659.E1    (0)    3 :  0.019 0.067 0.051 0.127 0.004 0.013 0.465 0.183 0.071 
 60 24.0660.E1    (6)    3 :  0.013 0.020 0.006 0.914 0.006 0.013 0.011 0.009 0.009 
 61 24.0661.E1    (0)    3 :  0.005 0.008 0.005 0.018 0.006 0.005 0.007 0.938 0.009 
 62 24.0662.E1    (0)    3 :  0.013 0.107 0.030 0.230 0.015 0.030 0.105 0.075 0.395 
 63 24.0663.E1    (0)    3 :  0.055 0.007 0.590 0.152 0.005 0.010 0.007 0.113 0.061 
 64 24.0664.E1    (0)    3 :  0.009 0.007 0.018 0.546 0.024 0.009 0.011 0.369 0.008 
 65 24.0665.E1    (0)    3 :  0.028 0.007 0.005 0.410 0.048 0.007 0.041 0.446 0.010 
 66 24.0666.E1    (0)    3 :  0.008 0.006 0.008 0.007 0.004 0.005 0.950 0.007 0.005 
 67 24.0667.E1    (0)    3 :  0.005 0.007 0.005 0.012 0.004 0.003 0.954 0.006 0.004 
 68 24.0668.E1    (0)    3 :  0.004 0.003 0.004 0.004 0.003 0.004 0.969 0.004 0.004 
 69 24.0669.E1    (0)    3 :  0.004 0.004 0.004 0.005 0.004 0.004 0.966 0.004 0.005 
 70 24.0670.E1    (0)    3 :  0.004 0.010 0.028 0.904 0.005 0.003 0.025 0.012 0.009 
 71 24.0671.E1    (0)    3 :  0.012 0.008 0.030 0.807 0.008 0.011 0.010 0.090 0.023 
 72 24.0672.E1    (0)    3 :  0.030 0.054 0.009 0.388 0.007 0.005 0.438 0.012 0.058 
 73 24.0673.E1    (6)    4 :  0.224 0.122 0.008 0.019 0.074 0.023 0.011 0.507 0.010 
 74 24.0674.E1    (0)    4 :  0.899 0.010 0.014 0.007 0.036 0.008 0.005 0.005 0.018 
 75 24.0675.E1    (0)    4 :  0.794 0.023 0.027 0.028 0.022 0.025 0.010 0.044 0.028 
 76 24.0676.E1    (0)    4 :  0.748 0.012 0.125 0.045 0.021 0.007 0.007 0.018 0.019 
 77 24.0677.E1    (0)    4 :  0.023 0.028 0.028 0.805 0.011 0.004 0.017 0.035 0.049 
 78 24.0678.E1    (0)    4 :  0.028 0.466 0.008 0.245 0.011 0.053 0.122 0.035 0.032 
 79 24.0679.E1    (0)    4 :  0.324 0.140 0.232 0.128 0.009 0.014 0.127 0.009 0.017 
 80 24.0680.E1    (0)    4 :  0.128 0.046 0.007 0.426 0.011 0.027 0.315 0.019 0.020 
 81 24.0681.E1    (0)    4 :  0.661 0.038 0.007 0.219 0.017 0.008 0.027 0.011 0.012 
 82 24.0682.E1    (0)    4 :  0.967 0.004 0.005 0.004 0.005 0.005 0.004 0.003 0.004 
 83 24.0683.E1    (0)    4 :  0.807 0.010 0.005 0.006 0.140 0.006 0.007 0.007 0.012 
 84 24.0684.E1    (0)    4 :  0.759 0.066 0.030 0.043 0.041 0.033 0.011 0.006 0.012 
 85 24.0685.E1    (0)    4 :  0.871 0.010 0.016 0.009 0.018 0.007 0.060 0.005 0.005 
 86 24.0686.E1    (0)    4 :  0.030 0.062 0.014 0.728 0.013 0.080 0.015 0.006 0.052 
 87 24.0687.E1    (0)    4 :  0.072 0.045 0.025 0.580 0.014 0.201 0.008 0.008 0.046 
 88 24.0688.E1    (0)    4 :  0.956 0.005 0.004 0.008 0.006 0.007 0.004 0.005 0.005 
 89 24.0689.E1    (0)    4 :  0.153 0.027 0.400 0.317 0.034 0.016 0.011 0.028 0.015 
 90 24.0690.E1    (0)    4 :  0.039 0.020 0.006 0.136 0.037 0.030 0.691 0.021 0.020 
 91 24.0691.E1    (0)    4 :  0.909 0.019 0.026 0.013 0.007 0.007 0.008 0.005 0.005 
 92 24.0692.E1    (0)    4 :  0.857 0.005 0.023 0.082 0.009 0.005 0.009 0.005 0.006 
 93 24.0693.E1    (0)    4 :  0.319 0.011 0.040 0.115 0.412 0.008 0.018 0.064 0.014 
 94 24.0694.E1    (0)    4 :  0.940 0.007 0.006 0.008 0.008 0.007 0.013 0.005 0.005 
 95 24.0695.E1    (0)    4 :  0.843 0.070 0.027 0.010 0.007 0.006 0.016 0.008 0.013 
 96 24.0696.E1    (0)    4 :  0.904 0.022 0.013 0.014 0.008 0.013 0.013 0.005 0.008 
 97 24.0697.E1    (0)    5 :  0.102 0.006 0.013 0.744 0.090 0.013 0.007 0.007 0.017 
 98 24.0698.E1    (0)    5 :  0.024 0.018 0.022 0.744 0.099 0.018 0.040 0.008 0.026 
 99 24.0699.E1    (0)    5 :  0.006 0.015 0.005 0.921 0.009 0.009 0.011 0.007 0.017 
100 24.0700.E1    (0)    5 :  0.016 0.006 0.007 0.926 0.007 0.005 0.017 0.008 0.007 
101 24.0701.E1    (0)    5 :  0.009 0.007 0.009 0.015 0.034 0.010 0.902 0.006 0.008 
102 24.0702.E1    (0)    5 :  0.013 0.011 0.008 0.829 0.028 0.013 0.083 0.007 0.008 
103 24.0703.E1    (0)    5 :  0.007 0.010 0.006 0.753 0.008 0.047 0.019 0.005 0.146 
104 24.0704.E1    (6)    5 :  0.016 0.018 0.009 0.596 0.010 0.009 0.008 0.005 0.328 
105 24.0705.E1    (0)    5 :  0.833 0.016 0.012 0.046 0.007 0.009 0.063 0.006 0.009 
106 24.0706.E1    (0)    5 :  0.039 0.007 0.010 0.831 0.012 0.009 0.066 0.017 0.010 
107 24.0707.E1    (0)    5 :  0.034 0.021 0.005 0.844 0.016 0.017 0.014 0.011 0.037 
108 24.0708.E1    (0)    5 :  0.049 0.055 0.284 0.046 0.026 0.262 0.026 0.026 0.227 
109 24.0709.E1    (0)    5 :  0.872 0.010 0.033 0.021 0.006 0.008 0.010 0.015 0.025 
110 24.0710.E1    (0)    5 :  0.235 0.044 0.052 0.481 0.053 0.008 0.065 0.009 0.053 
111 24.0711.E1    (0)    5 :  0.052 0.064 0.007 0.726 0.019 0.060 0.040 0.009 0.023 
112 24.0712.E1    (0)    5 :  0.031 0.019 0.008 0.051 0.017 0.040 0.820 0.006 0.008 
113 24.0713.E1    (0)    5 :  0.596 0.009 0.033 0.285 0.016 0.008 0.019 0.008 0.026 
114 24.0714.E1    (0)    5 :  0.039 0.039 0.020 0.801 0.009 0.014 0.027 0.012 0.037 
115 24.0715.E1    (0)    5 :  0.085 0.027 0.011 0.386 0.420 0.007 0.018 0.038 0.007 
116 24.0716.E1    (0)    5 :  0.017 0.059 0.048 0.462 0.014 0.036 0.308 0.008 0.046 
117 24.0717.E1    (0)    5 :  0.026 0.017 0.024 0.447 0.246 0.045 0.023 0.114 0.057 
118 24.0718.E1    (0)    5 :  0.118 0.018 0.008 0.742 0.011 0.030 0.061 0.005 0.007 
119 24.0719.E1    (0)    5 :  0.908 0.006 0.014 0.021 0.006 0.015 0.013 0.008 0.010 
120 24.0720.E1    (0)    5 :  0.573 0.017 0.021 0.337 0.006 0.015 0.013 0.009 0.010 
121 24.0721.E1    (0)    6 :  0.078 0.010 0.033 0.127 0.564 0.013 0.030 0.123 0.022 
122 24.0722.E1    (0)    6 :  0.074 0.020 0.014 0.056 0.542 0.117 0.073 0.010 0.094 
123 24.0723.E1    (0)    6 :  0.013 0.027 0.023 0.022 0.240 0.242 0.010 0.283 0.139 
124 24.0724.E1    (0)    6 :  0.358 0.136 0.121 0.027 0.119 0.037 0.017 0.019 0.166 
125 24.0725.E1    (0)    6 :  0.011 0.930 0.006 0.009 0.008 0.007 0.007 0.016 0.005 
126 24.0726.E1    (6)    6 :  0.233 0.611 0.007 0.015 0.095 0.008 0.011 0.008 0.012 
127 24.0727.E1    (0)    6 :  0.022 0.229 0.019 0.038 0.513 0.018 0.094 0.047 0.021 
128 24.0728.E1    (0)    6 :  0.017 0.305 0.011 0.405 0.167 0.039 0.011 0.032 0.012 
129 24.0729.E1    (0)    6 :  0.220 0.612 0.022 0.015 0.051 0.014 0.043 0.006 0.017 
130 24.0730.E1    (0)    6 :  0.025 0.050 0.023 0.815 0.042 0.010 0.015 0.011 0.008 
131 24.0731.E1    (0)    6 :  0.695 0.183 0.007 0.009 0.062 0.013 0.005 0.018 0.008 
132 24.0732.E1    (0)    6 :  0.092 0.047 0.004 0.014 0.788 0.009 0.013 0.026 0.006 
133 24.0733.E1    (0)    6 :  0.007 0.949 0.006 0.005 0.016 0.006 0.004 0.004 0.004 
134 24.0734.E1    (0)    6 :  0.009 0.034 0.008 0.079 0.824 0.013 0.013 0.010 0.011 
135 24.0735.E1    (0)    6 :  0.018 0.566 0.030 0.045 0.249 0.056 0.016 0.011 0.008 
136 24.0736.E1    (0)    6 :  0.007 0.904 0.006 0.009 0.049 0.008 0.005 0.006 0.006 
137 24.0737.E1    (0)    6 :  0.014 0.880 0.008 0.024 0.008 0.027 0.011 0.010 0.017 
138 24.0738.E1    (0)    6 :  0.009 0.901 0.005 0.017 0.029 0.011 0.010 0.009 0.009 
139 24.0739.E1    (0)    6 :  0.010 0.916 0.007 0.022 0.006 0.018 0.007 0.008 0.006 
140 24.0740.E1    (0)    6 :  0.318 0.584 0.017 0.015 0.012 0.022 0.011 0.006 0.015 
141 24.0741.E1    (0)    6 :  0.182 0.317 0.010 0.046 0.397 0.020 0.007 0.013 0.009 
142 24.0742.E1    (0)    6 :  0.025 0.138 0.007 0.012 0.781 0.009 0.009 0.007 0.012 
143 24.0743.E1    (0)    6 :  0.459 0.393 0.021 0.013 0.045 0.005 0.021 0.009 0.033 
144 24.0744.E1    (0)    6 :  0.131 0.273 0.026 0.023 0.147 0.012 0.345 0.017 0.026 
145 24.0745.E1    (0)    7 :  0.022 0.005 0.008 0.012 0.893 0.004 0.029 0.017 0.010 
146 24.0746.E1    (0)    7 :  0.041 0.042 0.011 0.047 0.625 0.057 0.010 0.008 0.160 
147 24.0747.E1    (0)    7 :  0.232 0.022 0.026 0.012 0.668 0.010 0.012 0.010 0.009 
148 24.0748.E1    (6)    7 :  0.309 0.026 0.035 0.012 0.565 0.009 0.013 0.024 0.008 
149 24.0749.E1    (0)    7 :  0.008 0.227 0.007 0.007 0.724 0.007 0.009 0.004 0.008 
150 24.0750.E1    (0)    7 :  0.246 0.214 0.017 0.082 0.325 0.012 0.054 0.010 0.040 
151 24.0751.E1    (0)    7 :  0.005 0.007 0.004 0.005 0.959 0.006 0.004 0.005 0.004 
152 24.0752.E1    (0)    7 :  0.011 0.037 0.007 0.011 0.908 0.007 0.005 0.009 0.006 
153 24.0753.E1    (0)    7 :  0.013 0.207 0.004 0.008 0.510 0.212 0.010 0.025 0.011 
154 24.0754.E1    (0)    7 :  0.022 0.022 0.006 0.008 0.903 0.016 0.008 0.009 0.005 
155 24.0755.E1    (0)    7 :  0.095 0.014 0.047 0.027 0.766 0.023 0.008 0.006 0.014 
156 24.0756.E1    (0)    7 :  0.006 0.013 0.015 0.005 0.935 0.009 0.006 0.005 0.006 
157 24.0757.E1    (0)    7 :  0.004 0.003 0.003 0.004 0.972 0.004 0.004 0.004 0.003 
158 24.0758.E1    (0)    7 :  0.004 0.004 0.003 0.004 0.971 0.004 0.004 0.004 0.003 
159 24.0759.E1    (0)    7 :  0.007 0.016 0.005 0.008 0.932 0.006 0.008 0.012 0.006 
160 24.0760.E1    (0)    7 :  0.019 0.010 0.006 0.036 0.623 0.281 0.008 0.008 0.007 
161 24.0761.E1    (0)    7 :  0.005 0.006 0.005 0.004 0.959 0.009 0.004 0.006 0.004 
162 24.0762.E1    (0)    7 :  0.059 0.247 0.182 0.094 0.097 0.008 0.290 0.008 0.015 
163 24.0763.E1    (0)    7 :  0.012 0.007 0.004 0.004 0.956 0.004 0.004 0.006 0.004 
164 24.0764.E1    (0)    7 :  0.005 0.011 0.005 0.006 0.954 0.008 0.004 0.004 0.004 
165 24.0765.E1    (0)    7 :  0.017 0.007 0.011 0.007 0.907 0.023 0.005 0.009 0.014 
166 24.0766.E1    (0)    7 :  0.008 0.009 0.005 0.006 0.947 0.006 0.005 0.009 0.005 
167 24.0767.E1    (0)    7 :  0.006 0.004 0.004 0.004 0.968 0.004 0.003 0.004 0.004 
168 24.0768.E1    (0)    7 :  0.497 0.221 0.040 0.026 0.143 0.005 0.010 0.011 0.046 
169 24.0779.E1    (0)    8 :  0.037 0.014 0.007 0.820 0.038 0.006 0.009 0.012 0.056 
170 24.0780.E1    (6)    8 :  0.026 0.008 0.090 0.812 0.004 0.006 0.008 0.035 0.010 
171 24.0781.E1    (0)    8 :  0.007 0.004 0.007 0.956 0.005 0.005 0.006 0.006 0.005 
172 24.0782.E1    (0)    8 :  0.486 0.134 0.028 0.206 0.028 0.041 0.011 0.040 0.026 
173 24.0783.E1    (0)    8 :  0.091 0.012 0.580 0.189 0.007 0.019 0.082 0.012 0.007 
174 24.0784.E1    (0)    8 :  0.026 0.007 0.018 0.904 0.004 0.005 0.005 0.007 0.022 
175 24.0785.E1    (0)    8 :  0.011 0.006 0.032 0.871 0.004 0.004 0.014 0.036 0.022 
176 24.0786.E1    (0)    8 :  0.081 0.021 0.101 0.737 0.009 0.008 0.011 0.020 0.012 
177 24.0787.E1    (0)    8 :  0.011 0.010 0.010 0.894 0.011 0.031 0.006 0.017 0.011 
178 24.0788.E1    (0)    8 :  0.030 0.005 0.116 0.774 0.006 0.027 0.007 0.024 0.010 
179 24.0789.E1    (0)    8 :  0.008 0.020 0.024 0.886 0.006 0.017 0.006 0.011 0.022 
180 24.0790.E1    (0)    8 :  0.006 0.004 0.011 0.934 0.004 0.006 0.007 0.016 0.013 
181 24.0791.E1    (0)    8 :  0.147 0.202 0.016 0.275 0.009 0.006 0.305 0.018 0.023 
182 24.0792.E1    (0)    8 :  0.117 0.013 0.009 0.408 0.017 0.004 0.040 0.383 0.009 
183 24.0793.E1    (0)    9 :  0.010 0.037 0.094 0.079 0.008 0.057 0.008 0.035 0.672 
184 24.0794.E1    (0)    9 :  0.006 0.620 0.028 0.019 0.007 0.006 0.007 0.257 0.051 
185 24.0795.E1    (0)    9 :  0.021 0.261 0.063 0.019 0.008 0.038 0.008 0.008 0.574 
186 24.0796.E1    (0)    9 :  0.008 0.102 0.382 0.152 0.005 0.010 0.006 0.253 0.082 
187 24.0797.E1    (0)    9 :  0.008 0.017 0.212 0.132 0.003 0.010 0.007 0.048 0.562 
188 24.0798.E1    (0)    9 :  0.020 0.009 0.013 0.018 0.018 0.026 0.342 0.088 0.466 
189 24.0799.E1    (0)    9 :  0.010 0.023 0.031 0.014 0.007 0.007 0.013 0.008 0.885 
190 24.0800.E1    (0)    9 :  0.060 0.023 0.167 0.021 0.008 0.006 0.015 0.035 0.666 
191 24.0801.E1    (0)    9 :  0.015 0.005 0.006 0.009 0.005 0.007 0.336 0.011 0.606 
192 24.0802.E1    (0)    9 :  0.010 0.008 0.051 0.010 0.004 0.020 0.011 0.008 0.879 
193 24.0803.E1    (0)    9 :  0.007 0.010 0.008 0.008 0.006 0.008 0.018 0.008 0.927 
194 24.0804.E1    (0)    9 :  0.007 0.009 0.064 0.009 0.004 0.011 0.004 0.010 0.882 
195 24.0805.E1    (0)    9 :  0.037 0.007 0.005 0.007 0.006 0.004 0.007 0.006 0.921 
196 24.0806.E1    (0)    9 :  0.005 0.006 0.004 0.006 0.005 0.019 0.005 0.006 0.944 
197 24.0807.E1    (0)    9 :  0.009 0.009 0.015 0.014 0.004 0.007 0.009 0.047 0.887 
198 24.0808.E1    (0)    9 :  0.107 0.014 0.043 0.077 0.006 0.020 0.006 0.021 0.705 
199 24.0809.E1    (0)    9 :  0.065 0.015 0.039 0.007 0.009 0.004 0.009 0.007 0.844 
200 24.0810.E1    (0)    9 :  0.025 0.007 0.012 0.008 0.011 0.011 0.007 0.023 0.897 
201 24.0811.E1    (0)    9 :  0.008 0.036 0.053 0.023 0.005 0.022 0.005 0.173 0.676 
202 24.0812.E1    (0)    9 :  0.018 0.033 0.231 0.040 0.006 0.006 0.008 0.009 0.648 
203 24.0813.E1    (0)    9 :  0.035 0.006 0.015 0.023 0.006 0.006 0.004 0.007 0.897 
204 24.0814.E1    (6)    9 :  0.016 0.008 0.129 0.007 0.004 0.015 0.007 0.012 0.802 
205 24.0815.E1    (0)    9 :  0.009 0.004 0.013 0.007 0.007 0.017 0.022 0.009 0.913 
206 24.0816.E1    (0)    9 :  0.004 0.006 0.011 0.013 0.004 0.010 0.012 0.021 0.920 
207 24.0817.E1    (0)   10 :  0.013 0.017 0.759 0.024 0.006 0.005 0.010 0.051 0.115 
208 24.0818.E1    (0)   10 :  0.005 0.029 0.837 0.074 0.009 0.011 0.007 0.013 0.013 
209 24.0819.E1    (0)   10 :  0.015 0.019 0.021 0.010 0.140 0.020 0.088 0.284 0.402 
210 24.0820.E1    (0)   10 :  0.006 0.007 0.019 0.007 0.063 0.008 0.010 0.869 0.011 
211 24.0821.E1    (0)   10 :  0.019 0.016 0.182 0.188 0.007 0.013 0.266 0.221 0.087 
212 24.0822.E1    (0)   10 :  0.007 0.006 0.916 0.027 0.018 0.004 0.006 0.010 0.006 
213 24.0823.E1    (0)   10 :  0.011 0.008 0.392 0.006 0.039 0.010 0.012 0.513 0.010 
214 24.0824.E1    (0)   10 :  0.030 0.007 0.482 0.006 0.008 0.006 0.434 0.012 0.015 
215 24.0825.E1    (0)   10 :  0.008 0.004 0.959 0.004 0.005 0.005 0.005 0.005 0.005 
216 24.0826.E1    (0)   10 :  0.010 0.006 0.046 0.014 0.022 0.009 0.014 0.855 0.024 
217 24.0827.E1    (0)   10 :  0.010 0.041 0.795 0.020 0.004 0.008 0.007 0.100 0.016 
218 24.0828.E1    (0)   10 :  0.017 0.010 0.155 0.023 0.015 0.010 0.047 0.670 0.052 
219 24.0829.E1    (0)   10 :  0.011 0.005 0.712 0.008 0.009 0.006 0.008 0.017 0.224 
220 24.0830.E1    (0)   10 :  0.009 0.006 0.929 0.008 0.004 0.004 0.015 0.013 0.013 
221 24.0831.E1    (0)   10 :  0.009 0.005 0.909 0.027 0.004 0.005 0.022 0.010 0.009 
222 24.0832.E1    (0)   10 :  0.007 0.009 0.949 0.006 0.004 0.003 0.004 0.015 0.005 
223 24.0833.E1    (0)   10 :  0.007 0.004 0.963 0.004 0.004 0.003 0.004 0.007 0.004 
224 24.0834.E1    (0)   10 :  0.007 0.007 0.946 0.005 0.007 0.007 0.005 0.008 0.007 
225 24.0835.E1    (0)   10 :  0.007 0.011 0.937 0.008 0.004 0.006 0.008 0.006 0.013 
226 24.0836.E1    (0)   10 :  0.016 0.010 0.923 0.009 0.008 0.005 0.014 0.007 0.009 
227 24.0837.E1    (0)   10 :  0.007 0.006 0.949 0.008 0.005 0.004 0.007 0.006 0.007 
228 24.0838.E1    (0)   10 :  0.010 0.004 0.943 0.010 0.007 0.004 0.005 0.010 0.007 
229 24.0839.E1    (0)   10 :  0.021 0.036 0.527 0.052 0.020 0.025 0.019 0.025 0.276 
230 24.0840.E1    (0)   10 :  0.006 0.011 0.613 0.012 0.004 0.024 0.009 0.053 0.269 
231 24.0841.E1    (0)   11 :  0.018 0.009 0.108 0.025 0.014 0.004 0.004 0.304 0.514 
232 24.0842.E1    (0)   11 :  0.009 0.011 0.080 0.016 0.011 0.003 0.178 0.230 0.462 
233 24.0843.E1    (0)   11 :  0.008 0.005 0.029 0.020 0.014 0.005 0.230 0.546 0.143 
234 24.0844.E1    (0)   11 :  0.015 0.027 0.294 0.024 0.007 0.005 0.388 0.019 0.220 
235 24.0845.E1    (0)   11 :  0.016 0.011 0.801 0.080 0.005 0.005 0.027 0.038 0.017 
236 24.0846.E1    (0)   11 :  0.010 0.011 0.904 0.009 0.010 0.010 0.011 0.008 0.026 
237 24.0847.E1    (0)   11 :  0.071 0.035 0.801 0.008 0.015 0.007 0.019 0.015 0.030 
238 24.0848.E1    (0)   11 :  0.025 0.011 0.850 0.038 0.005 0.004 0.015 0.010 0.042 
239 24.0849.E1    (0)   11 :  0.004 0.006 0.007 0.005 0.004 0.003 0.005 0.958 0.007 
240 24.0850.E1    (0)   11 :  0.004 0.006 0.007 0.005 0.004 0.003 0.005 0.958 0.007 
241 24.0851.E1    (0)   11 :  0.004 0.006 0.008 0.005 0.004 0.003 0.005 0.957 0.007 
242 24.0852.E1    (0)   11 :  0.011 0.011 0.115 0.055 0.011 0.005 0.009 0.765 0.018 
243 24.0853.E1    (0)   11 :  0.011 0.006 0.410 0.006 0.009 0.006 0.005 0.530 0.017 
244 24.0854.E1    (0)   11 :  0.008 0.012 0.019 0.006 0.008 0.005 0.630 0.294 0.019 
245 24.0855.E1    (0)   11 :  0.013 0.006 0.777 0.012 0.009 0.005 0.009 0.039 0.129 
246 24.0856.E1    (0)   11 :  0.010 0.092 0.044 0.065 0.034 0.100 0.398 0.022 0.235 
247 24.0857.E1    (0)   11 :  0.024 0.022 0.622 0.024 0.011 0.010 0.016 0.020 0.250 
248 24.0858.E1    (0)   11 :  0.017 0.016 0.646 0.101 0.018 0.006 0.024 0.064 0.107 
249 24.0859.E1    (0)   11 :  0.008 0.011 0.014 0.011 0.019 0.009 0.009 0.895 0.025 
250 24.0860.E1    (0)   11 :  0.008 0.024 0.067 0.063 0.050 0.041 0.031 0.046 0.671 
251 24.0861.E1    (0)   11 :  0.004 0.006 0.020 0.008 0.005 0.004 0.005 0.936 0.013 
252 24.0862.E1    (0)   11 :  0.008 0.019 0.014 0.014 0.007 0.022 0.006 0.008 0.902 
253 24.0863.E1    (0)   11 :  0.004 0.006 0.020 0.008 0.005 0.004 0.005 0.935 0.013 
254 24.0864.E1    (0)   11 :  0.572 0.124 0.120 0.035 0.007 0.007 0.017 0.091 0.026 
255 24.0865.E1    (0)   12 :  0.038 0.041 0.011 0.018 0.036 0.019 0.006 0.822 0.009 
256 24.0866.E1    (0)   12 :  0.329 0.029 0.138 0.270 0.031 0.006 0.025 0.020 0.152 
257 24.0867.E1    (0)   12 :  0.620 0.010 0.029 0.012 0.111 0.022 0.012 0.169 0.016 
258 24.0868.E1    (0)   12 :  0.413 0.010 0.072 0.409 0.018 0.027 0.020 0.007 0.023 
259 24.0869.E1    (0)   12 :  0.833 0.007 0.052 0.020 0.005 0.043 0.006 0.010 0.023 
260 24.0870.E1    (0)   12 :  0.262 0.112 0.125 0.296 0.025 0.129 0.024 0.010 0.017 
261 24.0871.E1    (0)   12 :  0.602 0.068 0.028 0.104 0.007 0.052 0.027 0.062 0.050 
262 24.0872.E1    (0)   12 :  0.369 0.014 0.010 0.090 0.108 0.009 0.056 0.326 0.018 
263 24.0873.E1    (0)   12 :  0.804 0.011 0.017 0.018 0.013 0.015 0.014 0.055 0.054 
264 24.0874.E1    (0)   12 :  0.426 0.009 0.061 0.019 0.196 0.007 0.028 0.188 0.065 
265 24.0875.E1    (0)   12 :  0.405 0.082 0.016 0.138 0.013 0.014 0.295 0.014 0.023 
266 24.0876.E1    (0)   12 :  0.520 0.168 0.007 0.051 0.018 0.010 0.209 0.007 0.011 
267 24.0877.E1    (0)   12 :  0.035 0.817 0.004 0.033 0.071 0.007 0.013 0.008 0.012 
268 24.0878.E1    (0)   12 :  0.206 0.647 0.050 0.022 0.014 0.010 0.031 0.009 0.012 
269 24.0879.E1    (0)   12 :  0.019 0.665 0.007 0.011 0.006 0.012 0.266 0.007 0.006 
270 24.0880.E1    (0)   12 :  0.309 0.033 0.468 0.057 0.014 0.015 0.072 0.018 0.013 
271 24.0881.E1    (0)   12 :  0.009 0.940 0.004 0.006 0.011 0.012 0.007 0.006 0.005 
272 24.0882.E1    (0)   12 :  0.019 0.190 0.007 0.020 0.724 0.008 0.010 0.013 0.008 
273 24.0883.E1    (0)   12 :  0.123 0.243 0.007 0.009 0.257 0.012 0.295 0.048 0.006 
274 24.0884.E1    (0)   12 :  0.030 0.842 0.004 0.014 0.052 0.008 0.027 0.016 0.007 
275 24.0885.E1    (0)   12 :  0.190 0.621 0.011 0.041 0.008 0.015 0.099 0.007 0.008 
276 24.0886.E1    (0)   12 :  0.267 0.354 0.005 0.011 0.210 0.005 0.091 0.046 0.011 
277 24.0887.E1    (0)   12 :  0.022 0.025 0.004 0.006 0.725 0.009 0.196 0.008 0.005 
278 24.0888.E1    (0)   12 :  0.018 0.016 0.008 0.868 0.005 0.007 0.022 0.009 0.046 


Estimated Allele Frequencies in each cluster
First column gives estimated ancestral frequencies


Locus 1 : 
31 alleles
0.0% missing data
 115   (0.030) 0.136 0.131 0.005 0.007 0.005 0.003 0.018 0.004 0.011 
 117   (0.042) 0.050 0.189 0.006 0.008 0.200 0.004 0.018 0.003 0.056 
 119   (0.041) 0.020 0.261 0.005 0.009 0.313 0.285 0.008 0.004 0.006 
 131   (0.015) 0.004 0.050 0.001 0.003 0.003 0.001 0.004 0.001 0.002 
 128   (0.037) 0.044 0.034 0.034 0.032 0.003 0.004 0.019 0.006 0.009 
 135   (0.017) 0.012 0.046 0.003 0.003 0.009 0.002 0.004 0.002 0.004 
 126   (0.084) 0.069 0.080 0.258 0.078 0.075 0.013 0.050 0.059 0.052 
 122   (0.035) 0.010 0.012 0.004 0.035 0.002 0.097 0.009 0.003 0.108 
 132   (0.031) 0.018 0.005 0.020 0.023 0.016 0.003 0.020 0.007 0.047 
 141   (0.010) 0.002 0.009 0.001 0.002 0.001 0.003 0.002 0.001 0.002 
 130   (0.048) 0.089 0.007 0.017 0.068 0.012 0.014 0.120 0.034 0.022 
 134   (0.039) 0.029 0.005 0.008 0.028 0.003 0.127 0.006 0.074 0.028 
 145   (0.017) 0.004 0.002 0.002 0.003 0.009 0.007 0.008 0.105 0.002 
 127   (0.027) 0.006 0.029 0.003 0.005 0.152 0.056 0.008 0.003 0.004 
 116   (0.105) 0.161 0.015 0.133 0.256 0.011 0.174 0.097 0.289 0.129 
 114   (0.061) 0.031 0.008 0.110 0.043 0.005 0.057 0.036 0.175 0.143 
 120   (0.035) 0.014 0.008 0.004 0.065 0.002 0.087 0.117 0.003 0.005 
 110   (0.047) 0.053 0.009 0.093 0.029 0.023 0.024 0.078 0.019 0.014 
 133   (0.015) 0.003 0.004 0.002 0.003 0.013 0.009 0.004 0.001 0.007 
 118   (0.112) 0.185 0.015 0.183 0.247 0.021 0.013 0.308 0.186 0.301 
 125   (0.014) 0.002 0.003 0.011 0.005 0.001 0.002 0.005 0.003 0.011 
 129   (0.020) 0.006 0.041 0.002 0.007 0.007 0.002 0.030 0.002 0.003 
 124   (0.017) 0.005 0.010 0.003 0.012 0.002 0.002 0.017 0.006 0.003 
 136   (0.020) 0.036 0.003 0.072 0.005 0.001 0.002 0.003 0.002 0.004 
 121   (0.016) 0.004 0.006 0.001 0.003 0.065 0.001 0.002 0.001 0.002 
 139   (0.012) 0.002 0.011 0.001 0.002 0.001 0.001 0.002 0.001 0.002 
 113   (0.010) 0.001 0.001 0.001 0.002 0.014 0.001 0.002 0.001 0.001 
 111   (0.009) 0.002 0.001 0.001 0.002 0.013 0.001 0.002 0.001 0.001 
 143   (0.010) 0.001 0.001 0.001 0.002 0.014 0.001 0.002 0.001 0.001 
 140   (0.014) 0.002 0.002 0.001 0.011 0.001 0.001 0.002 0.001 0.017 
 112   (0.010) 0.001 0.001 0.014 0.002 0.001 0.001 0.002 0.001 0.001 

Locus 2 : 
18 alleles
0.0% missing data
 152   (0.384) 0.521 0.648 0.182 0.331 0.793 0.399 0.392 0.308 0.508 
 148   (0.069) 0.177 0.135 0.009 0.032 0.023 0.222 0.053 0.007 0.011 
 154   (0.106) 0.156 0.049 0.275 0.086 0.035 0.256 0.043 0.019 0.063 
 156   (0.016) 0.002 0.014 0.002 0.005 0.001 0.002 0.005 0.002 0.008 
 150   (0.022) 0.003 0.008 0.002 0.004 0.046 0.063 0.005 0.002 0.003 
 164   (0.080) 0.034 0.069 0.048 0.141 0.014 0.011 0.019 0.093 0.075 
 158   (0.031) 0.019 0.009 0.004 0.007 0.009 0.015 0.153 0.008 0.012 
 160   (0.019) 0.008 0.003 0.002 0.013 0.020 0.002 0.003 0.002 0.003 
 166   (0.020) 0.003 0.004 0.002 0.017 0.001 0.004 0.004 0.002 0.036 
 151   (0.068) 0.012 0.009 0.430 0.185 0.004 0.006 0.190 0.304 0.026 
 147   (0.068) 0.028 0.009 0.032 0.103 0.005 0.007 0.073 0.198 0.216 
 168   (0.024) 0.009 0.004 0.002 0.017 0.002 0.003 0.006 0.028 0.009 
 153   (0.013) 0.002 0.002 0.001 0.015 0.001 0.001 0.003 0.013 0.002 
 149   (0.024) 0.017 0.003 0.002 0.008 0.011 0.002 0.042 0.002 0.004 
 162   (0.019) 0.003 0.009 0.002 0.009 0.003 0.002 0.003 0.011 0.019 
 167   (0.012) 0.002 0.024 0.001 0.002 0.001 0.001 0.002 0.001 0.002 
 146   (0.013) 0.002 0.002 0.001 0.002 0.029 0.001 0.002 0.001 0.002 
 172   (0.012) 0.002 0.001 0.001 0.023 0.001 0.001 0.002 0.001 0.002 

Locus 3 : 
4 alleles
0.0% missing data
 128   (0.294) 0.303 0.204 0.426 0.225 0.437 0.322 0.281 0.340 0.252 
 126   (0.612) 0.672 0.715 0.531 0.737 0.556 0.613 0.560 0.507 0.696 
 132   (0.080) 0.023 0.080 0.042 0.036 0.006 0.059 0.119 0.152 0.049 
 134   (0.014) 0.002 0.002 0.001 0.003 0.001 0.006 0.041 0.001 0.002 

Locus 4 : 
3 alleles
0.0% missing data
 170   (0.321) 0.177 0.336 0.447 0.378 0.290 0.409 0.228 0.156 0.293 
 172   (0.666) 0.820 0.662 0.551 0.620 0.708 0.580 0.770 0.840 0.705 
 171   (0.013) 0.003 0.002 0.002 0.002 0.002 0.011 0.002 0.003 0.002 

Locus 5 : 
37 alleles
0.0% missing data
 125   (0.052) 0.046 0.065 0.071 0.018 0.030 0.065 0.135 0.119 0.011 
 110   (0.035) 0.007 0.053 0.086 0.007 0.016 0.043 0.035 0.018 0.022 
 129   (0.032) 0.008 0.052 0.010 0.107 0.003 0.003 0.008 0.036 0.024 
 113   (0.028) 0.010 0.012 0.011 0.108 0.002 0.004 0.007 0.011 0.091 
 145   (0.048) 0.140 0.208 0.014 0.013 0.102 0.006 0.086 0.094 0.008 
 155   (0.053) 0.026 0.151 0.058 0.039 0.018 0.182 0.020 0.006 0.086 
 117   (0.029) 0.111 0.020 0.003 0.013 0.034 0.005 0.007 0.005 0.024 
 124   (0.009) 0.002 0.023 0.001 0.002 0.001 0.001 0.001 0.001 0.001 
 133   (0.033) 0.031 0.039 0.003 0.061 0.072 0.004 0.015 0.009 0.009 
 157   (0.048) 0.037 0.009 0.064 0.147 0.031 0.030 0.119 0.006 0.019 
 141   (0.014) 0.006 0.004 0.006 0.032 0.001 0.001 0.003 0.001 0.002 
 112   (0.068) 0.094 0.064 0.156 0.051 0.156 0.196 0.016 0.144 0.049 
 121   (0.021) 0.003 0.004 0.003 0.012 0.003 0.009 0.008 0.016 0.067 
 114   (0.037) 0.144 0.041 0.071 0.008 0.171 0.016 0.007 0.004 0.007 
 153   (0.052) 0.039 0.055 0.090 0.019 0.004 0.010 0.211 0.080 0.165 
 127   (0.071) 0.069 0.074 0.094 0.108 0.074 0.021 0.037 0.220 0.076 
 131   (0.063) 0.031 0.051 0.039 0.019 0.176 0.223 0.125 0.078 0.092 
 135   (0.034) 0.029 0.008 0.019 0.025 0.004 0.009 0.042 0.066 0.046 
 104   (0.010) 0.003 0.002 0.002 0.002 0.002 0.011 0.002 0.003 0.002 
 118   (0.018) 0.008 0.015 0.002 0.011 0.002 0.018 0.016 0.002 0.003 
 116   (0.028) 0.031 0.006 0.018 0.007 0.005 0.023 0.033 0.005 0.039 
 137   (0.025) 0.008 0.006 0.003 0.013 0.007 0.095 0.016 0.003 0.063 
 123   (0.022) 0.008 0.006 0.087 0.004 0.003 0.005 0.007 0.015 0.033 
 149   (0.009) 0.007 0.001 0.002 0.002 0.001 0.001 0.001 0.004 0.003 
 138   (0.013) 0.002 0.002 0.001 0.040 0.001 0.002 0.002 0.020 0.002 
 143   (0.026) 0.004 0.004 0.050 0.034 0.069 0.003 0.009 0.011 0.005 
 163   (0.009) 0.002 0.002 0.001 0.008 0.001 0.004 0.001 0.001 0.002 
 109   (0.009) 0.026 0.001 0.001 0.002 0.001 0.001 0.001 0.001 0.001 
 139   (0.010) 0.001 0.001 0.001 0.010 0.001 0.001 0.003 0.001 0.001 
 106   (0.010) 0.002 0.001 0.001 0.010 0.001 0.001 0.002 0.001 0.002 
 144   (0.014) 0.038 0.002 0.001 0.004 0.001 0.001 0.002 0.001 0.014 
 122   (0.010) 0.010 0.011 0.001 0.002 0.004 0.001 0.002 0.001 0.002 
 100   (0.017) 0.008 0.003 0.011 0.020 0.001 0.003 0.007 0.009 0.023 
 111   (0.012) 0.003 0.002 0.002 0.028 0.001 0.001 0.002 0.004 0.002 
 233   (0.010) 0.001 0.001 0.003 0.004 0.001 0.001 0.008 0.004 0.003 
 134   (0.009) 0.001 0.001 0.013 0.002 0.001 0.001 0.002 0.001 0.001 
 140   (0.010) 0.006 0.001 0.002 0.006 0.001 0.001 0.002 0.001 0.002 

Locus 6 : 
17 alleles
0.0% missing data
 221   (0.023) 0.003 0.139 0.002 0.004 0.086 0.002 0.004 0.002 0.003 
 232   (0.245) 0.254 0.176 0.270 0.291 0.424 0.110 0.278 0.729 0.295 
 229   (0.053) 0.030 0.102 0.089 0.010 0.055 0.067 0.017 0.016 0.018 
 223   (0.063) 0.063 0.095 0.070 0.045 0.010 0.008 0.104 0.007 0.025 
 230   (0.157) 0.237 0.067 0.229 0.223 0.297 0.161 0.128 0.051 0.078 
 235   (0.015) 0.002 0.070 0.001 0.003 0.001 0.002 0.002 0.001 0.002 
 236   (0.039) 0.011 0.091 0.004 0.016 0.007 0.041 0.024 0.029 0.009 
 227   (0.023) 0.010 0.061 0.002 0.011 0.003 0.002 0.010 0.002 0.004 
 220   (0.053) 0.040 0.008 0.030 0.020 0.004 0.179 0.016 0.076 0.149 
 222   (0.040) 0.018 0.005 0.005 0.038 0.003 0.246 0.007 0.003 0.176 
 234   (0.134) 0.245 0.085 0.144 0.111 0.064 0.164 0.255 0.016 0.135 
 224   (0.030) 0.005 0.004 0.071 0.033 0.002 0.003 0.102 0.002 0.006 
 228   (0.058) 0.045 0.013 0.039 0.181 0.004 0.007 0.019 0.060 0.037 
 225   (0.011) 0.002 0.004 0.002 0.002 0.001 0.002 0.002 0.001 0.010 
 226   (0.017) 0.002 0.003 0.037 0.003 0.001 0.002 0.003 0.002 0.048 
 233   (0.027) 0.022 0.045 0.003 0.005 0.039 0.003 0.022 0.002 0.004 
 231   (0.014) 0.012 0.031 0.001 0.003 0.001 0.001 0.009 0.001 0.002 

Locus 7 : 
10 alleles
0.0% missing data
 121   (0.685) 0.812 0.886 0.767 0.839 0.746 0.799 0.621 0.713 0.774 
 129   (0.094) 0.057 0.073 0.126 0.053 0.099 0.011 0.089 0.146 0.044 
 130   (0.013) 0.002 0.002 0.001 0.003 0.002 0.001 0.002 0.001 0.029 
 123   (0.102) 0.037 0.024 0.095 0.059 0.103 0.119 0.203 0.132 0.090 
 128   (0.020) 0.004 0.003 0.002 0.004 0.022 0.036 0.016 0.002 0.003 
 131   (0.014) 0.002 0.002 0.003 0.003 0.001 0.026 0.008 0.001 0.004 
 117   (0.012) 0.002 0.002 0.001 0.012 0.001 0.001 0.002 0.001 0.002 
 125   (0.012) 0.002 0.001 0.001 0.002 0.001 0.001 0.050 0.001 0.002 
 134   (0.034) 0.074 0.005 0.003 0.024 0.006 0.004 0.008 0.003 0.051 
 132   (0.014) 0.009 0.002 0.001 0.002 0.019 0.001 0.002 0.001 0.002 

Locus 8 : 
19 alleles
0.0% missing data
 184   (0.300) 0.453 0.494 0.279 0.372 0.330 0.517 0.484 0.433 0.351 
 194   (0.047) 0.079 0.029 0.014 0.044 0.023 0.020 0.033 0.008 0.008 
 178   (0.104) 0.081 0.208 0.279 0.059 0.061 0.180 0.030 0.031 0.120 
 176   (0.078) 0.078 0.048 0.011 0.083 0.212 0.010 0.054 0.119 0.096 
 182   (0.074) 0.054 0.036 0.046 0.129 0.204 0.009 0.023 0.027 0.137 
 190   (0.031) 0.005 0.005 0.017 0.006 0.048 0.069 0.006 0.002 0.038 
 196   (0.022) 0.005 0.006 0.064 0.014 0.001 0.002 0.003 0.018 0.004 
 200   (0.029) 0.006 0.016 0.003 0.034 0.011 0.005 0.045 0.002 0.007 
 180   (0.023) 0.003 0.010 0.003 0.004 0.002 0.069 0.097 0.002 0.004 
 188   (0.038) 0.045 0.029 0.051 0.010 0.003 0.009 0.010 0.077 0.006 
 174   (0.036) 0.086 0.017 0.004 0.013 0.033 0.021 0.048 0.003 0.010 
 186   (0.127) 0.082 0.083 0.137 0.201 0.064 0.058 0.103 0.247 0.178 
 192   (0.021) 0.003 0.009 0.081 0.005 0.003 0.013 0.013 0.007 0.004 
 201   (0.010) 0.001 0.001 0.001 0.002 0.001 0.012 0.009 0.001 0.001 
 199   (0.019) 0.003 0.002 0.002 0.013 0.001 0.002 0.025 0.002 0.017 
 185   (0.011) 0.002 0.001 0.001 0.002 0.001 0.001 0.002 0.016 0.002 
 203   (0.009) 0.012 0.001 0.001 0.002 0.001 0.001 0.001 0.001 0.002 
 198   (0.010) 0.003 0.001 0.001 0.003 0.001 0.001 0.001 0.001 0.012 
 209   (0.011) 0.002 0.002 0.004 0.002 0.001 0.001 0.012 0.001 0.005 

Locus 9 : 
6 alleles
0.4% missing data
 154   (0.683) 0.650 0.715 0.798 0.745 0.647 0.819 0.689 0.853 0.795 
 156   (0.209) 0.274 0.168 0.131 0.184 0.334 0.170 0.293 0.034 0.187 
 152   (0.055) 0.042 0.075 0.066 0.029 0.007 0.006 0.009 0.099 0.010 
 153   (0.013) 0.002 0.002 0.002 0.015 0.001 0.002 0.002 0.011 0.002 
 160   (0.014) 0.002 0.002 0.001 0.023 0.001 0.001 0.002 0.001 0.002 
 164   (0.026) 0.031 0.038 0.002 0.005 0.010 0.003 0.004 0.002 0.004 

Locus 10 : 
29 alleles
0.7% missing data
 305   (0.067) 0.011 0.111 0.012 0.101 0.009 0.223 0.017 0.008 0.109 
 313   (0.046) 0.012 0.152 0.010 0.046 0.006 0.005 0.021 0.007 0.045 
 311   (0.016) 0.003 0.018 0.003 0.004 0.002 0.002 0.006 0.001 0.002 
 299   (0.125) 0.040 0.265 0.163 0.215 0.041 0.045 0.020 0.144 0.097 
 315   (0.076) 0.020 0.083 0.023 0.148 0.104 0.079 0.031 0.007 0.014 
 287   (0.017) 0.003 0.005 0.002 0.004 0.002 0.002 0.693 0.002 0.004 
 291   (0.109) 0.335 0.100 0.446 0.071 0.022 0.072 0.020 0.013 0.126 
 295   (0.022) 0.191 0.028 0.002 0.005 0.002 0.004 0.003 0.003 0.004 
 289   (0.017) 0.002 0.003 0.002 0.005 0.001 0.003 0.004 0.002 0.130 
 303   (0.030) 0.007 0.006 0.003 0.008 0.490 0.021 0.005 0.617 0.005 
 297   (0.049) 0.084 0.015 0.053 0.012 0.095 0.007 0.008 0.022 0.082 
 293   (0.021) 0.025 0.051 0.002 0.008 0.001 0.004 0.039 0.002 0.007 
 301   (0.062) 0.061 0.065 0.008 0.072 0.008 0.151 0.011 0.022 0.018 
 285   (0.028) 0.004 0.004 0.003 0.010 0.003 0.245 0.005 0.003 0.189 
 307   (0.052) 0.056 0.009 0.094 0.053 0.195 0.038 0.010 0.005 0.008 
 312   (0.056) 0.073 0.009 0.096 0.074 0.004 0.076 0.027 0.020 0.011 
 306   (0.027) 0.018 0.011 0.011 0.059 0.002 0.004 0.006 0.002 0.004 
 320   (0.013) 0.002 0.002 0.001 0.023 0.001 0.001 0.002 0.001 0.002 
 317   (0.018) 0.002 0.017 0.002 0.004 0.001 0.002 0.002 0.101 0.003 
 314   (0.026) 0.005 0.029 0.002 0.014 0.002 0.003 0.035 0.002 0.004 
 323   (0.012) 0.002 0.002 0.001 0.007 0.001 0.001 0.010 0.001 0.002 
 325   (0.011) 0.002 0.002 0.001 0.006 0.001 0.001 0.009 0.001 0.002 
 310   (0.016) 0.004 0.003 0.048 0.005 0.001 0.002 0.005 0.001 0.002 
 309   (0.014) 0.025 0.002 0.001 0.003 0.001 0.002 0.002 0.001 0.002 
 316   (0.018) 0.002 0.003 0.005 0.028 0.001 0.002 0.002 0.004 0.003 
 296   (0.012) 0.003 0.002 0.001 0.008 0.001 0.001 0.002 0.005 0.002 
 304   (0.014) 0.002 0.002 0.002 0.003 0.001 0.001 0.002 0.001 0.059 
 321   (0.013) 0.002 0.002 0.001 0.002 0.001 0.001 0.002 0.001 0.032 
 332   (0.012) 0.002 0.002 0.001 0.002 0.001 0.001 0.002 0.001 0.031 

Locus 11 : 
19 alleles
0.0% missing data
 114   (0.152) 0.250 0.242 0.027 0.167 0.188 0.286 0.069 0.044 0.026 
 126   (0.023) 0.006 0.057 0.002 0.004 0.004 0.020 0.004 0.002 0.003 
 111   (0.090) 0.015 0.224 0.554 0.018 0.006 0.009 0.030 0.305 0.578 
 116   (0.111) 0.126 0.109 0.035 0.080 0.264 0.021 0.138 0.010 0.062 
 132   (0.014) 0.002 0.012 0.001 0.003 0.001 0.001 0.002 0.001 0.002 
 109   (0.014) 0.003 0.046 0.002 0.002 0.001 0.001 0.002 0.001 0.002 
 128   (0.017) 0.011 0.008 0.006 0.006 0.001 0.002 0.003 0.001 0.003 
 112   (0.310) 0.446 0.228 0.049 0.601 0.506 0.604 0.446 0.202 0.065 
 122   (0.016) 0.008 0.002 0.002 0.004 0.004 0.007 0.003 0.014 0.002 
 124   (0.013) 0.002 0.002 0.001 0.002 0.002 0.017 0.002 0.002 0.002 
 118   (0.055) 0.071 0.018 0.008 0.026 0.010 0.015 0.082 0.013 0.056 
 127   (0.013) 0.002 0.002 0.001 0.012 0.001 0.001 0.002 0.001 0.002 
 113   (0.053) 0.010 0.007 0.224 0.019 0.003 0.005 0.029 0.390 0.132 
 115   (0.029) 0.016 0.022 0.006 0.010 0.003 0.003 0.158 0.003 0.008 
 120   (0.022) 0.021 0.003 0.064 0.004 0.001 0.002 0.003 0.002 0.003 
 117   (0.021) 0.003 0.003 0.010 0.013 0.002 0.002 0.004 0.002 0.020 
 125   (0.019) 0.005 0.003 0.002 0.024 0.001 0.002 0.010 0.005 0.003 
 119   (0.015) 0.002 0.002 0.003 0.003 0.001 0.001 0.002 0.001 0.029 
 136   (0.013) 0.002 0.009 0.001 0.002 0.001 0.001 0.009 0.001 0.002 

Locus 12 : 
28 alleles
0.7% missing data
 306   (0.065) 0.011 0.109 0.013 0.066 0.008 0.219 0.013 0.008 0.167 
 314   (0.059) 0.010 0.139 0.079 0.043 0.007 0.007 0.027 0.020 0.037 
 312   (0.014) 0.002 0.025 0.001 0.003 0.001 0.001 0.002 0.001 0.002 
 300   (0.133) 0.041 0.281 0.161 0.218 0.041 0.046 0.021 0.145 0.098 
 316   (0.045) 0.007 0.079 0.021 0.011 0.100 0.072 0.006 0.004 0.009 
 288   (0.017) 0.002 0.004 0.002 0.004 0.002 0.002 0.678 0.002 0.004 
 292   (0.118) 0.333 0.102 0.440 0.073 0.023 0.073 0.021 0.014 0.141 
 296   (0.028) 0.195 0.030 0.003 0.010 0.003 0.004 0.005 0.006 0.005 
 290   (0.018) 0.002 0.003 0.002 0.006 0.002 0.003 0.004 0.002 0.129 
 304   (0.031) 0.007 0.006 0.003 0.008 0.492 0.021 0.005 0.619 0.005 
 298   (0.048) 0.083 0.015 0.053 0.012 0.095 0.007 0.008 0.022 0.082 
 294   (0.020) 0.024 0.051 0.002 0.007 0.001 0.004 0.039 0.002 0.007 
 302   (0.063) 0.061 0.066 0.008 0.072 0.008 0.150 0.011 0.022 0.018 
 286   (0.030) 0.004 0.004 0.003 0.010 0.003 0.245 0.005 0.003 0.204 
 308   (0.033) 0.011 0.006 0.003 0.043 0.190 0.037 0.007 0.003 0.005 
 313   (0.046) 0.081 0.008 0.009 0.091 0.003 0.080 0.028 0.007 0.007 
 307   (0.043) 0.065 0.011 0.108 0.067 0.004 0.005 0.007 0.004 0.007 
 321   (0.013) 0.002 0.002 0.001 0.023 0.001 0.001 0.002 0.001 0.002 
 315   (0.047) 0.016 0.032 0.004 0.144 0.004 0.006 0.067 0.015 0.007 
 318   (0.017) 0.002 0.006 0.004 0.005 0.001 0.002 0.002 0.094 0.003 
 324   (0.012) 0.002 0.002 0.001 0.007 0.001 0.001 0.010 0.001 0.002 
 326   (0.011) 0.002 0.002 0.001 0.006 0.001 0.001 0.010 0.001 0.002 
 311   (0.021) 0.005 0.007 0.073 0.008 0.002 0.002 0.015 0.002 0.003 
 310   (0.015) 0.025 0.002 0.001 0.003 0.001 0.002 0.002 0.001 0.002 
 305   (0.014) 0.002 0.002 0.001 0.033 0.001 0.001 0.002 0.001 0.002 
 317   (0.012) 0.002 0.002 0.001 0.023 0.001 0.001 0.001 0.001 0.002 
 320   (0.012) 0.002 0.002 0.001 0.002 0.001 0.001 0.002 0.001 0.016 
 322   (0.014) 0.002 0.002 0.001 0.002 0.001 0.001 0.002 0.001 0.032 

Locus 13 : 
7 alleles
1.1% missing data
 161   (0.590) 0.819 0.651 0.404 0.552 0.889 0.069 0.473 0.471 0.568 
 163   (0.306) 0.140 0.267 0.578 0.428 0.029 0.035 0.507 0.448 0.338 
 160   (0.017) 0.003 0.003 0.002 0.003 0.001 0.443 0.003 0.001 0.003 
 162   (0.016) 0.002 0.002 0.001 0.003 0.001 0.446 0.002 0.001 0.002 
 165   (0.044) 0.029 0.071 0.013 0.008 0.003 0.004 0.009 0.076 0.085 
 166   (0.013) 0.005 0.004 0.001 0.003 0.004 0.001 0.003 0.001 0.003 
 164   (0.015) 0.002 0.002 0.001 0.002 0.072 0.001 0.002 0.001 0.002 

Locus 14 : 
4 alleles
0.4% missing data
  98   (0.958) 0.988 0.988 0.996 0.982 0.984 0.996 0.992 0.986 0.994 
 100   (0.013) 0.002 0.002 0.001 0.008 0.001 0.001 0.003 0.007 0.002 
  96   (0.016) 0.007 0.009 0.001 0.003 0.014 0.002 0.003 0.002 0.002 
 105   (0.013) 0.003 0.002 0.001 0.007 0.001 0.001 0.003 0.006 0.002 

Locus 15 : 
12 alleles
2.2% missing data
 171   (0.308) 0.216 0.396 0.349 0.368 0.186 0.221 0.405 0.309 0.345 
 177   (0.183) 0.272 0.210 0.104 0.164 0.054 0.354 0.229 0.076 0.138 
 173   (0.265) 0.337 0.282 0.493 0.266 0.074 0.099 0.171 0.506 0.412 
 179   (0.107) 0.044 0.067 0.012 0.093 0.558 0.306 0.137 0.093 0.056 
 183   (0.020) 0.003 0.027 0.002 0.006 0.010 0.002 0.008 0.006 0.008 
 181   (0.036) 0.010 0.006 0.031 0.059 0.111 0.004 0.006 0.003 0.007 
 197   (0.014) 0.065 0.002 0.001 0.003 0.001 0.001 0.002 0.001 0.002 
 170   (0.013) 0.005 0.002 0.001 0.012 0.001 0.002 0.016 0.001 0.002 
 189   (0.014) 0.003 0.003 0.001 0.018 0.001 0.006 0.002 0.001 0.003 
 203   (0.013) 0.040 0.002 0.001 0.002 0.001 0.001 0.002 0.001 0.002 
 187   (0.016) 0.004 0.004 0.001 0.006 0.001 0.002 0.021 0.001 0.010 
 198   (0.011) 0.002 0.001 0.001 0.002 0.001 0.001 0.002 0.001 0.016 

Values of parameters used in structure:
DATAFILE=STRUCTURE_main_final_278_HEG_ZG.str,	OUTFILE=STRUCTURE_main_final_278_HEG_ZG-K9-11,	NUMINDS=278,	NUMLOCI=15,	MISSING=-9,	LABEL=1,	POPDATA=1,	POPFLAG=0,	PHENOTYPE=0,	EXTRACOLS=0,	MAXPOPS=9,	BURNIN=100000,	NUMREPS=500000,	USEPOPINFO=0,	INFERALPHA=1,	INFERLAMBDA=0,	POPSPECIFICLAMBDA=0,	POPALPHAS=0,	COMPUTEPROB=1,	NOADMIX=0,	ADMBURNIN=2500,	UPDATEFREQ=1,	PRINTLIKES=0,	INTERMEDSAVE=0,	PRINTKLD=0,	PRINTNET=0,	PRINTLAMBDA=0,	ANCESTDIST=0,	NUMBOXES=1000,	ANCESTPINT=0.90000,	GENSBACK=2,	MIGRPRIOR=0.05000,	PRINTQHAT=0,	PRINTQSUM=0,	ALPHA=1.0000,	FREQSCORR=1,	FPRIORMEAN=0.0100,	FPRIORSD=0.0500,	ONEFST=0,	LAMBDA=1.0000,	UNIFPRIORALPHA=1,	ALPHAMAX=10.0000,	ALPHAPRIORA=1.0000,	ALPHAPRIORB=2.0000,	ALPHAPROPSD=0.0250,	STARTATPOPINFO=0,	RANDOMIZE=1,	LINKAGE=0,	METROFREQ=10,	REPORTHITRATE=0,	MARKOVPHASE=-1,	PHASED=0,	PLOIDY=2,	PHASEINFO=0	LOCPRIOR=0, 	LOCPRIORINIT=1.000000, 	LOCDATA=0, 	LOCISPOP=0, 	LOCPRIORSTEP=0.100000, 	MAXLOCPRIOR=20.000000, 	SEED=1782484028,	
[STRAT parameters]:    NUMSIMSTATS=1000,	PHENOTYPECOL=-9,	POOLFREQ=10,	LOCUSxONLY=0,	EMERROR=0.00100,	MISSINGPHENO=-9,	