0.015 0.116 0.204 0.016 0.648
0.033 0.012 0.177 0.045 0.733
0.049 0.014 0.248 0.018 0.671
0.069 0.014 0.016 0.041 0.86
0.016 0.074 0.204 0.031 0.675
0.015 0.034 0.096 0.041 0.813
0.068 0.059 0.412 0.254 0.206
0.018 0.01 0.3 0.16 0.512
0.039 0.01 0.014 0.4 0.537
0.026 0.011 0.017 0.222 0.724
0.016 0.085 0.091 0.061 0.746
0.021 0.107 0.202 0.013 0.657
0.011 0.014 0.028 0.033 0.914
0.019 0.024 0.477 0.22 0.259
0.03 0.035 0.175 0.305 0.455
0.014 0.036 0.135 0.038 0.778
0.017 0.051 0.048 0.581 0.303
0.031 0.036 0.038 0.206 0.689
0.086 0.029 0.02 0.025 0.84
0.03 0.029 0.752 0.063 0.126
0.123 0.018 0.015 0.206 0.639
0.025 0.048 0.128 0.016 0.783
0.036 0.285 0.099 0.078 0.502
0.014 0.019 0.156 0.032 0.778
0.04 0.686 0.221 0.031 0.022
0.016 0.815 0.148 0.012 0.009
0.455 0.466 0.036 0.011 0.031
0.059 0.36 0.292 0.172 0.118
0.035 0.811 0.023 0.029 0.103
0.014 0.791 0.169 0.013 0.014
0.009 0.961 0.011 0.006 0.013
0.02 0.854 0.09 0.014 0.022
0.115 0.523 0.261 0.064 0.037
0.014 0.945 0.013 0.013 0.015
0.243 0.596 0.061 0.063 0.038
0.033 0.055 0.839 0.015 0.057
0.01 0.961 0.014 0.006 0.009
0.117 0.83 0.013 0.012 0.029
0.026 0.772 0.056 0.085 0.061
0.011 0.948 0.015 0.01 0.016
0.126 0.368 0.035 0.125 0.346
0.032 0.558 0.071 0.01 0.329
0.253 0.576 0.13 0.016 0.024
0.014 0.801 0.014 0.12 0.05
0.012 0.697 0.057 0.101 0.133
0.014 0.801 0.014 0.12 0.05
0.01 0.961 0.014 0.006 0.009
0.01 0.961 0.014 0.007 0.009
0.89 0.019 0.008 0.065 0.018
0.074 0.009 0.009 0.562 0.345
0.485 0.412 0.033 0.053 0.016
0.873 0.009 0.014 0.082 0.023
0.948 0.011 0.011 0.019 0.012
0.829 0.016 0.011 0.129 0.014
0.484 0.216 0.035 0.191 0.075
0.743 0.01 0.117 0.11 0.019
0.763 0.01 0.108 0.101 0.018
0.757 0.013 0.017 0.16 0.052
0.877 0.028 0.009 0.05 0.036
0.886 0.03 0.015 0.019 0.05
0.422 0.013 0.221 0.327 0.016
0.463 0.314 0.035 0.128 0.061
0.036 0.015 0.012 0.909 0.028
0.81 0.012 0.088 0.075 0.015
0.659 0.012 0.284 0.031 0.014
0.943 0.012 0.01 0.017 0.018
0.952 0.013 0.009 0.013 0.013
0.955 0.013 0.009 0.012 0.011
0.949 0.013 0.011 0.015 0.012
0.857 0.01 0.014 0.098 0.021
0.792 0.029 0.021 0.134 0.024
0.901 0.012 0.012 0.016 0.058
0.037 0.032 0.636 0.068 0.227
0.019 0.029 0.491 0.023 0.439
0.046 0.051 0.189 0.407 0.307
0.051 0.026 0.092 0.592 0.24
0.306 0.011 0.042 0.539 0.102
0.379 0.244 0.076 0.038 0.263
0.671 0.021 0.042 0.05 0.217
0.86 0.025 0.028 0.019 0.068
0.3 0.027 0.056 0.026 0.59
0.035 0.025 0.176 0.045 0.719
0.021 0.012 0.59 0.018 0.358
0.036 0.05 0.397 0.026 0.491
0.073 0.028 0.096 0.023 0.78
0.395 0.44 0.032 0.03 0.103
0.13 0.685 0.062 0.047 0.076
0.093 0.027 0.164 0.022 0.694
0.065 0.049 0.129 0.594 0.162
0.845 0.07 0.044 0.014 0.026
0.031 0.019 0.063 0.049 0.838
0.419 0.016 0.12 0.122 0.323
0.112 0.018 0.66 0.115 0.096
0.122 0.016 0.091 0.033 0.738
0.025 0.013 0.018 0.037 0.907
0.046 0.021 0.027 0.029 0.877
0.499 0.033 0.331 0.07 0.067
0.406 0.046 0.292 0.18 0.076
0.735 0.062 0.033 0.078 0.091
0.928 0.016 0.018 0.017 0.021
0.837 0.028 0.087 0.027 0.02
0.867 0.03 0.062 0.016 0.025
0.655 0.209 0.022 0.08 0.034
0.402 0.141 0.045 0.27 0.142
0.458 0.028 0.018 0.015 0.482
0.904 0.017 0.024 0.022 0.033
0.644 0.158 0.081 0.016 0.101
0.033 0.481 0.088 0.313 0.085
0.189 0.033 0.034 0.418 0.326
0.354 0.028 0.217 0.129 0.272
0.602 0.078 0.049 0.028 0.243
0.835 0.068 0.045 0.012 0.04
0.592 0.02 0.033 0.145 0.209
0.693 0.063 0.025 0.061 0.159
0.105 0.015 0.724 0.063 0.094
0.71 0.092 0.031 0.066 0.101
0.446 0.117 0.324 0.081 0.033
0.835 0.048 0.029 0.013 0.075
0.542 0.094 0.031 0.093 0.24
0.567 0.03 0.025 0.089 0.289
0.126 0.056 0.684 0.067 0.068
0.056 0.229 0.607 0.022 0.085
0.032 0.4 0.393 0.115 0.061
0.037 0.053 0.389 0.11 0.411
0.05 0.018 0.165 0.016 0.751
0.029 0.017 0.2 0.016 0.739
0.083 0.042 0.581 0.038 0.255
0.078 0.129 0.391 0.049 0.353
0.029 0.023 0.158 0.03 0.76
0.336 0.022 0.191 0.096 0.354
0.017 0.016 0.058 0.018 0.892
0.035 0.016 0.824 0.008 0.116
0.01 0.01 0.222 0.01 0.748
0.039 0.036 0.864 0.014 0.047
0.047 0.064 0.413 0.035 0.441
0.014 0.016 0.296 0.014 0.66
0.038 0.233 0.098 0.022 0.609
0.027 0.017 0.24 0.017 0.698
0.064 0.031 0.145 0.015 0.745
0.026 0.02 0.039 0.028 0.887
0.03 0.023 0.482 0.016 0.448
0.018 0.02 0.627 0.014 0.321
0.02 0.01 0.221 0.058 0.691
0.291 0.023 0.245 0.062 0.379
0.035 0.011 0.916 0.019 0.019
0.031 0.188 0.669 0.028 0.084
0.059 0.019 0.655 0.066 0.201
0.088 0.061 0.492 0.087 0.272
0.015 0.016 0.739 0.013 0.217
0.099 0.029 0.359 0.042 0.47
0.01 0.013 0.953 0.009 0.015
0.013 0.014 0.888 0.015 0.069
0.014 0.224 0.627 0.011 0.124
0.014 0.018 0.922 0.011 0.035
0.031 0.023 0.762 0.084 0.1
0.011 0.013 0.923 0.023 0.03
0.009 0.009 0.964 0.007 0.011
0.065 0.14 0.691 0.045 0.058
0.018 0.011 0.925 0.012 0.035
0.043 0.256 0.665 0.011 0.025
0.008 0.016 0.957 0.008 0.01
0.612 0.016 0.138 0.04 0.193
0.009 0.009 0.956 0.008 0.018
0.011 0.013 0.942 0.009 0.025
0.012 0.032 0.919 0.016 0.021
0.01 0.01 0.957 0.009 0.015
0.008 0.008 0.961 0.009 0.014
0.03 0.012 0.136 0.068 0.754
0.68 0.05 0.161 0.048 0.06
0.621 0.013 0.011 0.318 0.037
0.946 0.011 0.013 0.018 0.012
0.069 0.135 0.095 0.048 0.653
0.795 0.024 0.014 0.122 0.045
0.77 0.034 0.011 0.138 0.048
0.817 0.01 0.009 0.145 0.019
0.508 0.022 0.041 0.274 0.156
0.829 0.08 0.036 0.023 0.031
0.732 0.031 0.02 0.185 0.032
0.591 0.126 0.029 0.176 0.079
0.933 0.017 0.008 0.03 0.011
0.704 0.012 0.015 0.017 0.252
0.819 0.009 0.088 0.031 0.052
0.046 0.379 0.013 0.53 0.032
0.209 0.021 0.068 0.257 0.444
0.024 0.479 0.059 0.147 0.291
0.188 0.015 0.01 0.746 0.04
0.144 0.142 0.009 0.684 0.022
0.532 0.236 0.071 0.13 0.031
0.054 0.075 0.016 0.793 0.061
0.028 0.012 0.018 0.856 0.087
0.396 0.056 0.018 0.45 0.08
0.043 0.579 0.011 0.34 0.027
0.069 0.289 0.016 0.578 0.047
0.013 0.282 0.009 0.681 0.016
0.23 0.041 0.025 0.499 0.204
0.018 0.711 0.017 0.225 0.028
0.039 0.41 0.01 0.521 0.019
0.18 0.034 0.019 0.61 0.156
0.063 0.017 0.035 0.655 0.229
0.044 0.087 0.032 0.773 0.065
0.028 0.224 0.013 0.684 0.05
0.071 0.023 0.016 0.831 0.059
0.181 0.311 0.02 0.388 0.099
0.019 0.07 0.01 0.869 0.033
0.099 0.353 0.016 0.451 0.081
0.096 0.442 0.011 0.437 0.015
0.025 0.018 0.012 0.918 0.028
0.071 0.02 0.026 0.84 0.043
0.132 0.063 0.22 0.539 0.046
0.019 0.015 0.37 0.585 0.011
0.649 0.014 0.013 0.303 0.021
0.028 0.008 0.032 0.917 0.014
0.018 0.016 0.113 0.838 0.014
0.332 0.021 0.034 0.544 0.069
0.012 0.013 0.014 0.943 0.018
0.046 0.013 0.248 0.682 0.011
0.027 0.021 0.011 0.891 0.05
0.032 0.014 0.133 0.805 0.015
0.017 0.012 0.019 0.938 0.014
0.231 0.014 0.01 0.726 0.019
0.388 0.011 0.008 0.579 0.013
0.011 0.007 0.009 0.954 0.019
0.01 0.009 0.009 0.957 0.014
0.017 0.012 0.014 0.938 0.019
0.016 0.014 0.009 0.937 0.024
0.025 0.014 0.021 0.903 0.037
0.022 0.009 0.014 0.939 0.016
0.022 0.01 0.026 0.927 0.016
0.102 0.047 0.062 0.707 0.082
0.017 0.099 0.01 0.858 0.016
0.025 0.009 0.036 0.885 0.044
0.154 0.008 0.02 0.788 0.029
0.233 0.013 0.063 0.679 0.011
0.403 0.012 0.016 0.525 0.044
0.109 0.011 0.013 0.85 0.017
0.026 0.015 0.014 0.921 0.024
0.025 0.014 0.033 0.788 0.139
0.053 0.01 0.009 0.879 0.049
0.013 0.01 0.037 0.929 0.011
0.013 0.01 0.037 0.928 0.011
0.013 0.01 0.037 0.928 0.011
0.08 0.009 0.076 0.82 0.014
0.012 0.012 0.044 0.922 0.01
0.818 0.013 0.017 0.127 0.025
0.014 0.01 0.012 0.952 0.012
0.186 0.482 0.11 0.151 0.071
0.02 0.018 0.019 0.903 0.04
0.039 0.011 0.023 0.907 0.02
0.019 0.019 0.131 0.816 0.015
0.065 0.127 0.072 0.701 0.036
0.015 0.01 0.046 0.919 0.011
0.031 0.406 0.016 0.512 0.035
0.015 0.01 0.045 0.919 0.011
0.105 0.014 0.015 0.235 0.63
0.133 0.032 0.491 0.296 0.049
0.116 0.016 0.092 0.588 0.187
0.046 0.065 0.331 0.35 0.208
0.515 0.049 0.044 0.18 0.212
0.224 0.076 0.042 0.392 0.266
0.359 0.222 0.055 0.093 0.272
0.347 0.094 0.019 0.048 0.492
0.411 0.019 0.328 0.08 0.162
0.182 0.033 0.117 0.356 0.313
0.047 0.02 0.311 0.479 0.143
0.659 0.018 0.024 0.029 0.271
0.365 0.017 0.027 0.016 0.575
0.023 0.011 0.227 0.014 0.725
0.038 0.014 0.048 0.064 0.835
0.261 0.028 0.084 0.013 0.614
0.245 0.025 0.027 0.475 0.228
0.013 0.016 0.203 0.015 0.752
0.017 0.012 0.748 0.016 0.207
0.187 0.016 0.376 0.019 0.402
0.031 0.014 0.213 0.017 0.725
0.119 0.02 0.035 0.018 0.808
0.051 0.01 0.207 0.021 0.712
0.107 0.019 0.743 0.011 0.12
0.899 0.022 0.012 0.022 0.045
