0.009 0.021 0.908 0.017 0.019 0.011 0.015
0.012 0.007 0.87 0.034 0.014 0.017 0.045
0.009 0.008 0.787 0.014 0.091 0.077 0.014
0.082 0.009 0.673 0.21 0.009 0.008 0.008
0.015 0.014 0.863 0.015 0.051 0.019 0.023
0.027 0.02 0.871 0.014 0.03 0.022 0.015
0.017 0.013 0.172 0.382 0.286 0.071 0.059
0.036 0.005 0.626 0.014 0.126 0.013 0.179
0.652 0.006 0.224 0.028 0.014 0.044 0.032
0.472 0.007 0.455 0.009 0.01 0.029 0.018
0.084 0.014 0.849 0.01 0.011 0.017 0.015
0.01 0.016 0.904 0.027 0.018 0.017 0.008
0.062 0.009 0.895 0.01 0.008 0.009 0.007
0.037 0.013 0.221 0.014 0.321 0.012 0.381
0.091 0.021 0.526 0.053 0.108 0.02 0.18
0.019 0.018 0.914 0.017 0.009 0.012 0.011
0.672 0.037 0.212 0.015 0.026 0.019 0.02
0.069 0.017 0.811 0.015 0.007 0.04 0.041
0.018 0.024 0.327 0.489 0.01 0.117 0.015
0.082 0.018 0.086 0.047 0.713 0.037 0.018
0.041 0.008 0.104 0.543 0.011 0.121 0.171
0.013 0.018 0.92 0.009 0.012 0.019 0.009
0.054 0.102 0.707 0.033 0.02 0.047 0.038
0.015 0.01 0.934 0.008 0.012 0.011 0.011
0.013 0.585 0.021 0.027 0.13 0.04 0.183
0.005 0.788 0.006 0.006 0.093 0.006 0.095
0.01 0.437 0.013 0.474 0.028 0.029 0.01
0.337 0.265 0.032 0.012 0.298 0.023 0.032
0.014 0.801 0.099 0.021 0.011 0.038 0.016
0.007 0.742 0.01 0.011 0.185 0.009 0.036
0.004 0.962 0.009 0.006 0.008 0.007 0.005
0.011 0.874 0.015 0.02 0.051 0.021 0.008
0.013 0.434 0.022 0.024 0.094 0.058 0.355
0.015 0.916 0.014 0.013 0.01 0.015 0.017
0.047 0.509 0.037 0.075 0.058 0.227 0.047
0.015 0.041 0.035 0.027 0.836 0.036 0.01
0.005 0.96 0.006 0.007 0.009 0.008 0.004
0.01 0.824 0.014 0.043 0.008 0.091 0.009
0.037 0.734 0.069 0.078 0.023 0.029 0.031
0.01 0.938 0.013 0.008 0.013 0.01 0.008
0.007 0.366 0.072 0.403 0.026 0.073 0.053
0.009 0.536 0.345 0.016 0.05 0.037 0.007
0.01 0.531 0.013 0.336 0.068 0.03 0.011
0.184 0.762 0.015 0.01 0.009 0.01 0.011
0.309 0.632 0.017 0.007 0.022 0.007 0.005
0.183 0.762 0.015 0.01 0.009 0.01 0.011
0.005 0.96 0.007 0.006 0.009 0.008 0.004
0.005 0.96 0.007 0.006 0.009 0.008 0.004
0.044 0.011 0.01 0.025 0.005 0.877 0.027
0.082 0.007 0.325 0.017 0.006 0.094 0.469
0.035 0.327 0.01 0.064 0.029 0.454 0.081
0.011 0.006 0.041 0.04 0.009 0.078 0.815
0.022 0.007 0.007 0.902 0.007 0.035 0.02
0.016 0.016 0.012 0.015 0.007 0.309 0.625
0.029 0.04 0.053 0.021 0.013 0.59 0.254
0.024 0.012 0.022 0.032 0.039 0.047 0.824
0.024 0.012 0.022 0.034 0.036 0.056 0.816
0.368 0.01 0.029 0.127 0.01 0.44 0.016
0.017 0.021 0.049 0.37 0.006 0.089 0.449
0.014 0.022 0.041 0.04 0.009 0.856 0.018
0.01 0.008 0.012 0.015 0.022 0.021 0.911
0.035 0.103 0.158 0.087 0.019 0.325 0.273
0.891 0.011 0.007 0.008 0.006 0.031 0.046
0.019 0.009 0.01 0.022 0.04 0.601 0.3
0.012 0.008 0.01 0.039 0.178 0.496 0.256
0.01 0.008 0.011 0.942 0.007 0.011 0.011
0.007 0.006 0.016 0.915 0.006 0.038 0.011
0.007 0.007 0.006 0.961 0.005 0.007 0.007
0.009 0.007 0.006 0.958 0.006 0.008 0.007
0.013 0.007 0.015 0.196 0.007 0.633 0.128
0.044 0.015 0.013 0.024 0.013 0.737 0.156
0.038 0.009 0.098 0.403 0.009 0.428 0.015
0.016 0.026 0.12 0.017 0.488 0.036 0.297
0.035 0.028 0.143 0.012 0.714 0.052 0.017
0.536 0.052 0.077 0.02 0.153 0.102 0.06
0.89 0.012 0.015 0.011 0.025 0.033 0.014
0.037 0.006 0.062 0.173 0.017 0.594 0.111
0.015 0.073 0.347 0.224 0.019 0.295 0.027
0.028 0.015 0.151 0.334 0.027 0.404 0.041
0.015 0.02 0.072 0.373 0.019 0.484 0.017
0.026 0.021 0.495 0.037 0.04 0.357 0.024
0.43 0.015 0.181 0.026 0.22 0.124 0.005
0.012 0.007 0.112 0.019 0.807 0.028 0.015
0.041 0.043 0.248 0.038 0.534 0.084 0.011
0.044 0.019 0.614 0.155 0.057 0.103 0.009
0.02 0.154 0.065 0.034 0.021 0.692 0.013
0.038 0.292 0.049 0.016 0.034 0.552 0.019
0.161 0.015 0.232 0.018 0.112 0.455 0.008
0.366 0.021 0.075 0.022 0.08 0.383 0.053
0.01 0.058 0.032 0.539 0.043 0.294 0.024
0.272 0.018 0.58 0.017 0.041 0.066 0.007
0.281 0.008 0.031 0.022 0.048 0.601 0.009
0.144 0.011 0.027 0.024 0.545 0.214 0.036
0.08 0.009 0.483 0.046 0.057 0.315 0.01
0.132 0.009 0.781 0.02 0.012 0.038 0.009
0.076 0.017 0.723 0.061 0.016 0.095 0.012
0.025 0.013 0.01 0.043 0.114 0.78 0.014
0.025 0.027 0.028 0.22 0.112 0.567 0.021
0.007 0.016 0.016 0.261 0.012 0.674 0.014
0.011 0.008 0.01 0.038 0.01 0.91 0.013
0.01 0.011 0.009 0.917 0.029 0.014 0.01
0.01 0.018 0.014 0.14 0.037 0.769 0.012
0.01 0.152 0.013 0.214 0.01 0.588 0.014
0.018 0.024 0.02 0.311 0.016 0.591 0.02
0.016 0.015 0.35 0.228 0.014 0.367 0.01
0.024 0.01 0.01 0.097 0.015 0.831 0.014
0.012 0.032 0.029 0.022 0.029 0.864 0.013
0.05 0.359 0.072 0.054 0.097 0.066 0.303
0.88 0.016 0.022 0.02 0.014 0.038 0.01
0.018 0.011 0.057 0.299 0.155 0.407 0.053
0.02 0.068 0.091 0.186 0.026 0.598 0.011
0.01 0.043 0.024 0.846 0.024 0.044 0.009
0.347 0.014 0.018 0.066 0.022 0.52 0.013
0.011 0.023 0.064 0.128 0.012 0.728 0.034
0.025 0.01 0.04 0.051 0.407 0.44 0.027
0.043 0.055 0.062 0.468 0.023 0.33 0.018
0.043 0.068 0.019 0.036 0.289 0.408 0.137
0.014 0.022 0.026 0.039 0.018 0.874 0.007
0.47 0.035 0.024 0.089 0.029 0.343 0.01
0.204 0.018 0.035 0.028 0.01 0.694 0.011
0.037 0.033 0.039 0.04 0.478 0.285 0.088
0.022 0.208 0.082 0.075 0.514 0.084 0.015
0.015 0.349 0.057 0.016 0.188 0.029 0.346
0.044 0.053 0.234 0.033 0.438 0.049 0.149
0.01 0.012 0.906 0.015 0.011 0.017 0.029
0.01 0.011 0.841 0.011 0.091 0.024 0.012
0.013 0.019 0.213 0.063 0.541 0.047 0.104
0.019 0.049 0.416 0.023 0.17 0.293 0.029
0.091 0.016 0.797 0.031 0.039 0.018 0.007
0.025 0.013 0.129 0.143 0.048 0.621 0.022
0.012 0.01 0.877 0.008 0.036 0.035 0.022
0.009 0.011 0.085 0.012 0.836 0.03 0.017
0.009 0.007 0.938 0.006 0.027 0.007 0.006
0.01 0.02 0.043 0.021 0.794 0.099 0.014
0.021 0.055 0.533 0.025 0.285 0.057 0.025
0.009 0.011 0.834 0.01 0.111 0.014 0.01
0.01 0.041 0.888 0.011 0.01 0.026 0.015
0.008 0.014 0.876 0.014 0.052 0.02 0.015
0.01 0.016 0.915 0.011 0.009 0.027 0.013
0.092 0.013 0.844 0.012 0.012 0.019 0.007
0.012 0.015 0.563 0.011 0.32 0.067 0.012
0.009 0.015 0.215 0.012 0.72 0.017 0.013
0.068 0.007 0.673 0.025 0.168 0.017 0.044
0.153 0.014 0.319 0.323 0.148 0.026 0.016
0.014 0.006 0.008 0.032 0.906 0.02 0.013
0.034 0.117 0.065 0.031 0.672 0.068 0.013
0.198 0.01 0.096 0.025 0.626 0.036 0.01
0.112 0.035 0.213 0.109 0.395 0.092 0.044
0.01 0.012 0.243 0.019 0.693 0.013 0.011
0.037 0.017 0.425 0.074 0.293 0.134 0.02
0.006 0.009 0.011 0.008 0.951 0.007 0.007
0.009 0.008 0.054 0.012 0.893 0.013 0.011
0.009 0.108 0.277 0.013 0.565 0.014 0.014
0.009 0.01 0.019 0.008 0.937 0.01 0.008
0.2 0.016 0.024 0.017 0.698 0.038 0.007
0.008 0.011 0.014 0.013 0.925 0.008 0.023
0.005 0.007 0.006 0.006 0.964 0.006 0.005
0.033 0.098 0.049 0.071 0.659 0.055 0.036
0.007 0.008 0.026 0.012 0.922 0.013 0.012
0.009 0.222 0.018 0.016 0.647 0.08 0.008
0.006 0.011 0.007 0.006 0.957 0.006 0.006
0.022 0.011 0.159 0.44 0.075 0.269 0.025
0.007 0.006 0.009 0.006 0.959 0.007 0.007
0.006 0.009 0.016 0.008 0.945 0.011 0.006
0.01 0.021 0.009 0.01 0.926 0.011 0.012
0.007 0.008 0.012 0.008 0.949 0.008 0.008
0.006 0.006 0.007 0.005 0.964 0.006 0.006
0.044 0.008 0.731 0.044 0.11 0.034 0.029
0.014 0.009 0.024 0.02 0.055 0.858 0.019
0.21 0.008 0.013 0.021 0.006 0.676 0.064
0.011 0.007 0.007 0.012 0.008 0.945 0.011
0.022 0.106 0.566 0.021 0.044 0.205 0.037
0.024 0.013 0.015 0.381 0.008 0.492 0.068
0.097 0.008 0.017 0.008 0.006 0.851 0.013
0.04 0.006 0.009 0.032 0.006 0.793 0.113
0.335 0.011 0.04 0.017 0.016 0.56 0.021
0.016 0.046 0.016 0.011 0.02 0.869 0.021
0.245 0.019 0.009 0.01 0.009 0.674 0.035
0.09 0.039 0.05 0.018 0.011 0.756 0.036
0.039 0.012 0.007 0.011 0.006 0.89 0.036
0.012 0.006 0.028 0.663 0.01 0.265 0.015
0.011 0.006 0.049 0.07 0.043 0.524 0.297
0.055 0.325 0.024 0.151 0.01 0.076 0.36
0.015 0.01 0.328 0.013 0.017 0.018 0.599
0.027 0.254 0.415 0.018 0.024 0.06 0.201
0.103 0.012 0.032 0.014 0.009 0.098 0.733
0.046 0.069 0.02 0.04 0.006 0.232 0.587
0.096 0.171 0.014 0.5 0.033 0.033 0.152
0.433 0.018 0.02 0.44 0.009 0.021 0.058
0.889 0.007 0.018 0.035 0.01 0.017 0.025
0.129 0.015 0.009 0.731 0.01 0.026 0.08
0.043 0.483 0.02 0.026 0.009 0.025 0.393
0.02 0.127 0.019 0.608 0.009 0.022 0.196
0.456 0.264 0.019 0.011 0.006 0.019 0.225
0.899 0.011 0.021 0.025 0.014 0.019 0.011
0.129 0.609 0.029 0.023 0.015 0.021 0.174
0.011 0.29 0.01 0.011 0.005 0.026 0.647
0.672 0.019 0.024 0.02 0.01 0.222 0.033
0.9 0.007 0.026 0.025 0.02 0.012 0.01
0.104 0.061 0.019 0.369 0.038 0.028 0.38
0.026 0.204 0.038 0.008 0.008 0.026 0.69
0.775 0.01 0.046 0.022 0.008 0.073 0.065
0.549 0.228 0.013 0.018 0.011 0.149 0.031
0.89 0.033 0.01 0.014 0.006 0.012 0.035
0.657 0.281 0.006 0.019 0.009 0.011 0.016
0.018 0.349 0.01 0.081 0.007 0.029 0.505
0.683 0.01 0.034 0.014 0.008 0.031 0.22
0.04 0.015 0.04 0.052 0.018 0.147 0.687
0.012 0.013 0.012 0.467 0.085 0.013 0.398
0.025 0.014 0.009 0.017 0.192 0.009 0.734
0.054 0.013 0.022 0.328 0.009 0.243 0.33
0.82 0.006 0.01 0.02 0.025 0.049 0.069
0.336 0.012 0.014 0.022 0.055 0.01 0.553
0.51 0.008 0.011 0.435 0.012 0.009 0.016
0.955 0.006 0.007 0.007 0.007 0.008 0.01
0.011 0.014 0.009 0.023 0.071 0.013 0.859
0.018 0.014 0.043 0.012 0.007 0.022 0.884
0.041 0.013 0.01 0.069 0.024 0.026 0.816
0.436 0.008 0.009 0.014 0.021 0.012 0.5
0.026 0.007 0.012 0.155 0.006 0.079 0.714
0.039 0.009 0.008 0.284 0.007 0.238 0.414
0.913 0.005 0.012 0.008 0.005 0.01 0.046
0.945 0.005 0.006 0.007 0.006 0.008 0.022
0.79 0.01 0.02 0.016 0.009 0.014 0.141
0.883 0.01 0.023 0.024 0.006 0.015 0.039
0.893 0.007 0.02 0.03 0.016 0.018 0.017
0.742 0.007 0.013 0.034 0.01 0.023 0.172
0.855 0.006 0.009 0.012 0.013 0.056 0.049
0.027 0.027 0.045 0.075 0.046 0.123 0.656
0.041 0.035 0.015 0.012 0.006 0.021 0.87
0.012 0.005 0.008 0.007 0.017 0.012 0.938
0.033 0.005 0.015 0.212 0.018 0.019 0.697
0.048 0.009 0.008 0.247 0.021 0.021 0.646
0.108 0.008 0.033 0.609 0.01 0.04 0.193
0.125 0.008 0.013 0.055 0.01 0.274 0.515
0.825 0.01 0.023 0.034 0.009 0.026 0.072
0.878 0.011 0.027 0.028 0.019 0.014 0.023
0.796 0.006 0.023 0.063 0.006 0.073 0.033
0.017 0.006 0.01 0.01 0.008 0.009 0.942
0.017 0.006 0.009 0.01 0.007 0.008 0.942
0.017 0.006 0.009 0.01 0.008 0.008 0.942
0.014 0.006 0.008 0.014 0.013 0.025 0.919
0.331 0.008 0.008 0.008 0.014 0.01 0.621
0.015 0.007 0.01 0.71 0.01 0.009 0.24
0.628 0.007 0.009 0.015 0.033 0.012 0.296
0.029 0.244 0.09 0.423 0.039 0.079 0.096
0.914 0.01 0.017 0.017 0.01 0.015 0.018
0.72 0.008 0.019 0.056 0.016 0.085 0.096
0.025 0.012 0.015 0.023 0.039 0.014 0.872
0.03 0.039 0.028 0.551 0.035 0.056 0.26
0.011 0.005 0.008 0.008 0.008 0.009 0.951
0.393 0.252 0.068 0.028 0.01 0.088 0.162
0.01 0.005 0.007 0.008 0.008 0.009 0.951
0.308 0.01 0.539 0.017 0.008 0.067 0.05
0.069 0.02 0.044 0.013 0.205 0.038 0.61
0.808 0.008 0.023 0.055 0.024 0.071 0.012
0.566 0.024 0.018 0.023 0.306 0.022 0.041
0.469 0.022 0.023 0.042 0.028 0.405 0.01
0.761 0.041 0.017 0.027 0.018 0.126 0.01
0.319 0.139 0.126 0.038 0.027 0.336 0.015
0.012 0.042 0.421 0.08 0.01 0.334 0.1
0.068 0.011 0.034 0.227 0.298 0.228 0.133
0.71 0.027 0.053 0.041 0.057 0.088 0.024
0.618 0.009 0.01 0.016 0.296 0.013 0.038
0.018 0.011 0.016 0.665 0.015 0.265 0.01
0.012 0.013 0.196 0.515 0.05 0.206 0.008
0.01 0.009 0.869 0.018 0.06 0.026 0.009
0.124 0.01 0.808 0.012 0.012 0.022 0.011
0.011 0.013 0.743 0.198 0.008 0.017 0.01
0.821 0.013 0.032 0.047 0.014 0.058 0.014
0.007 0.01 0.938 0.009 0.019 0.009 0.009
0.013 0.009 0.192 0.019 0.736 0.02 0.012
0.014 0.012 0.314 0.251 0.37 0.017 0.022
0.007 0.011 0.905 0.012 0.038 0.013 0.014
0.04 0.015 0.859 0.023 0.012 0.043 0.008
0.013 0.006 0.684 0.051 0.202 0.017 0.029
0.009 0.01 0.054 0.182 0.728 0.009 0.008
0.083 0.014 0.032 0.048 0.008 0.803 0.011
