0.945 0.015 0.04
0.895 0.065 0.039
0.942 0.021 0.037
0.745 0.114 0.141
0.937 0.023 0.039
0.946 0.032 0.022
0.455 0.018 0.527
0.839 0.139 0.022
0.114 0.846 0.04
0.45 0.537 0.013
0.842 0.084 0.073
0.942 0.012 0.046
0.941 0.043 0.016
0.829 0.137 0.034
0.628 0.199 0.173
0.897 0.029 0.074
0.275 0.657 0.068
0.369 0.537 0.094
0.113 0.015 0.872
0.85 0.073 0.078
0.03 0.079 0.891
0.949 0.028 0.023
0.424 0.061 0.515
0.952 0.03 0.018
0.118 0.061 0.821
0.055 0.036 0.909
0.019 0.009 0.972
0.379 0.3 0.321
0.04 0.014 0.946
0.144 0.023 0.834
0.022 0.007 0.972
0.069 0.011 0.92
0.148 0.136 0.716
0.024 0.016 0.96
0.053 0.039 0.908
0.934 0.021 0.044
0.017 0.008 0.975
0.013 0.011 0.976
0.037 0.021 0.942
0.02 0.011 0.969
0.048 0.016 0.936
0.446 0.011 0.543
0.06 0.013 0.927
0.037 0.096 0.868
0.277 0.067 0.657
0.037 0.096 0.867
0.017 0.008 0.975
0.018 0.008 0.974
0.013 0.894 0.093
0.221 0.765 0.014
0.027 0.066 0.907
0.026 0.914 0.06
0.011 0.076 0.913
0.01 0.974 0.016
0.05 0.609 0.341
0.023 0.963 0.014
0.022 0.963 0.015
0.035 0.905 0.061
0.031 0.651 0.318
0.064 0.521 0.415
0.022 0.965 0.013
0.039 0.111 0.849
0.009 0.982 0.01
0.018 0.957 0.025
0.047 0.896 0.057
0.018 0.045 0.937
0.016 0.031 0.953
0.008 0.016 0.976
0.009 0.019 0.971
0.017 0.844 0.14
0.031 0.89 0.079
0.074 0.149 0.777
0.893 0.084 0.023
0.961 0.02 0.02
0.275 0.691 0.034
0.057 0.927 0.015
0.151 0.783 0.067
0.145 0.041 0.814
0.182 0.588 0.23
0.062 0.032 0.906
0.744 0.094 0.163
0.925 0.048 0.026
0.966 0.017 0.017
0.931 0.022 0.047
0.921 0.032 0.047
0.042 0.026 0.932
0.047 0.022 0.931
0.939 0.035 0.026
0.337 0.593 0.07
0.046 0.027 0.927
0.91 0.072 0.018
0.218 0.739 0.044
0.517 0.459 0.024
0.911 0.052 0.036
0.873 0.103 0.024
0.895 0.053 0.052
0.402 0.24 0.358
0.359 0.152 0.489
0.062 0.295 0.643
0.026 0.156 0.818
0.026 0.024 0.95
0.03 0.025 0.945
0.035 0.094 0.871
0.061 0.063 0.875
0.399 0.048 0.553
0.024 0.159 0.817
0.108 0.036 0.856
0.134 0.127 0.739
0.05 0.877 0.073
0.459 0.097 0.444
0.108 0.037 0.855
0.022 0.012 0.965
0.041 0.729 0.229
0.059 0.183 0.758
0.86 0.077 0.063
0.069 0.122 0.809
0.185 0.346 0.469
0.07 0.03 0.9
0.028 0.118 0.854
0.06 0.819 0.121
0.862 0.078 0.06
0.786 0.016 0.198
0.575 0.117 0.308
0.906 0.052 0.042
0.902 0.059 0.039
0.966 0.017 0.017
0.914 0.025 0.061
0.924 0.036 0.04
0.953 0.028 0.019
0.748 0.186 0.065
0.972 0.016 0.012
0.969 0.015 0.016
0.981 0.01 0.009
0.967 0.015 0.018
0.933 0.03 0.037
0.973 0.012 0.015
0.867 0.033 0.1
0.964 0.017 0.018
0.928 0.036 0.036
0.912 0.065 0.023
0.973 0.015 0.012
0.974 0.01 0.016
0.957 0.03 0.013
0.78 0.074 0.147
0.937 0.031 0.032
0.881 0.021 0.099
0.943 0.038 0.019
0.689 0.12 0.191
0.974 0.01 0.016
0.89 0.034 0.076
0.975 0.009 0.016
0.98 0.008 0.012
0.957 0.011 0.032
0.97 0.018 0.012
0.912 0.063 0.024
0.97 0.017 0.013
0.978 0.01 0.012
0.663 0.061 0.276
0.971 0.014 0.015
0.879 0.018 0.102
0.976 0.011 0.013
0.403 0.267 0.33
0.979 0.011 0.01
0.979 0.009 0.013
0.964 0.013 0.023
0.979 0.011 0.01
0.981 0.01 0.009
0.928 0.044 0.028
0.326 0.389 0.285
0.01 0.959 0.031
0.018 0.607 0.376
0.87 0.057 0.073
0.019 0.769 0.212
0.02 0.904 0.077
0.01 0.956 0.033
0.097 0.802 0.101
0.061 0.661 0.278
0.016 0.967 0.017
0.068 0.824 0.108
0.01 0.957 0.033
0.025 0.077 0.898
0.097 0.835 0.068
0.018 0.101 0.881
0.212 0.741 0.047
0.147 0.053 0.801
0.012 0.97 0.017
0.012 0.675 0.312
0.032 0.117 0.851
0.019 0.089 0.892
0.024 0.936 0.04
0.015 0.025 0.96
0.013 0.107 0.88
0.011 0.019 0.969
0.014 0.699 0.288
0.03 0.248 0.722
0.013 0.024 0.963
0.012 0.271 0.716
0.035 0.894 0.071
0.085 0.768 0.148
0.071 0.12 0.809
0.023 0.784 0.193
0.024 0.936 0.04
0.019 0.537 0.444
0.011 0.945 0.044
0.013 0.12 0.868
0.011 0.148 0.841
0.018 0.957 0.025
0.045 0.9 0.055
0.056 0.177 0.767
0.078 0.896 0.026
0.017 0.804 0.179
0.016 0.974 0.01
0.032 0.947 0.021
0.061 0.478 0.461
0.016 0.971 0.013
0.036 0.942 0.021
0.023 0.946 0.031
0.019 0.964 0.017
0.016 0.95 0.034
0.011 0.965 0.024
0.009 0.951 0.04
0.012 0.98 0.008
0.01 0.982 0.008
0.014 0.975 0.011
0.018 0.961 0.022
0.03 0.945 0.025
0.013 0.974 0.013
0.02 0.969 0.011
0.072 0.43 0.498
0.019 0.867 0.115
0.085 0.901 0.014
0.047 0.874 0.079
0.017 0.87 0.113
0.028 0.547 0.425
0.011 0.971 0.018
0.022 0.949 0.03
0.034 0.946 0.019
0.013 0.969 0.018
0.014 0.973 0.014
0.014 0.973 0.013
0.013 0.973 0.013
0.017 0.968 0.015
0.013 0.974 0.014
0.016 0.16 0.824
0.017 0.966 0.017
0.062 0.035 0.902
0.031 0.939 0.03
0.026 0.946 0.028
0.051 0.91 0.039
0.028 0.049 0.924
0.017 0.968 0.015
0.021 0.171 0.808
0.016 0.969 0.015
0.456 0.509 0.035
0.136 0.841 0.023
0.117 0.844 0.039
0.31 0.622 0.068
0.074 0.776 0.15
0.05 0.879 0.071
0.233 0.459 0.308
0.249 0.274 0.476
0.231 0.572 0.197
0.084 0.877 0.04
0.291 0.659 0.049
0.018 0.027 0.955
0.236 0.019 0.745
0.971 0.015 0.014
0.76 0.224 0.015
0.648 0.027 0.326
0.037 0.923 0.04
0.966 0.017 0.017
0.977 0.011 0.011
0.881 0.019 0.1
0.966 0.016 0.018
0.897 0.035 0.067
0.949 0.018 0.033
0.914 0.011 0.075
0.047 0.674 0.279
