0.927 0.01 0.012 0.006 0.007 0.007 0.009 0.011 0.01
0.935 0.009 0.004 0.009 0.01 0.01 0.006 0.008 0.009
0.855 0.032 0.005 0.048 0.015 0.005 0.024 0.007 0.008
0.674 0.005 0.007 0.005 0.009 0.036 0.103 0.005 0.155
0.847 0.042 0.008 0.011 0.033 0.008 0.033 0.011 0.007
0.741 0.024 0.01 0.014 0.015 0.019 0.163 0.007 0.006
0.112 0.321 0.007 0.051 0.462 0.011 0.015 0.007 0.015
0.704 0.106 0.003 0.007 0.012 0.029 0.007 0.126 0.006
0.268 0.006 0.005 0.024 0.016 0.429 0.232 0.012 0.01
0.466 0.009 0.005 0.018 0.011 0.382 0.1 0.005 0.005
0.883 0.006 0.007 0.009 0.032 0.027 0.025 0.005 0.005
0.926 0.014 0.009 0.011 0.007 0.006 0.007 0.004 0.015
0.897 0.005 0.007 0.006 0.007 0.019 0.049 0.005 0.005
0.221 0.394 0.006 0.007 0.176 0.019 0.011 0.159 0.007
0.727 0.049 0.014 0.011 0.02 0.133 0.011 0.017 0.019
0.937 0.005 0.012 0.007 0.01 0.01 0.009 0.005 0.006
0.372 0.02 0.024 0.013 0.028 0.511 0.017 0.008 0.006
0.788 0.005 0.009 0.039 0.041 0.058 0.036 0.019 0.006
0.707 0.004 0.012 0.011 0.014 0.016 0.146 0.005 0.086
0.045 0.733 0.012 0.023 0.02 0.034 0.11 0.009 0.014
0.57 0.005 0.004 0.015 0.04 0.1 0.126 0.032 0.108
0.913 0.009 0.022 0.015 0.005 0.01 0.016 0.006 0.005
0.781 0.015 0.091 0.02 0.028 0.025 0.016 0.011 0.014
0.949 0.007 0.006 0.007 0.007 0.01 0.005 0.005 0.004
0.014 0.064 0.591 0.024 0.013 0.01 0.041 0.207 0.036
0.004 0.035 0.812 0.004 0.004 0.003 0.004 0.13 0.004
0.007 0.015 0.481 0.009 0.008 0.004 0.038 0.009 0.429
0.032 0.13 0.473 0.017 0.012 0.075 0.092 0.161 0.007
0.054 0.006 0.86 0.031 0.011 0.011 0.008 0.008 0.011
0.005 0.097 0.808 0.005 0.007 0.005 0.01 0.055 0.009
0.005 0.004 0.971 0.004 0.004 0.003 0.003 0.003 0.003
0.007 0.029 0.918 0.01 0.006 0.006 0.006 0.005 0.011
0.013 0.034 0.445 0.019 0.008 0.007 0.024 0.443 0.008
0.009 0.006 0.916 0.011 0.012 0.01 0.009 0.018 0.009
0.024 0.028 0.637 0.096 0.086 0.032 0.025 0.043 0.029
0.025 0.767 0.059 0.021 0.007 0.011 0.082 0.008 0.02
0.004 0.006 0.964 0.005 0.005 0.003 0.005 0.003 0.004
0.008 0.005 0.895 0.032 0.006 0.006 0.026 0.006 0.015
0.034 0.017 0.792 0.019 0.01 0.089 0.007 0.008 0.024
0.008 0.006 0.946 0.007 0.01 0.007 0.007 0.006 0.005
0.192 0.018 0.36 0.021 0.292 0.009 0.051 0.007 0.049
0.046 0.033 0.589 0.006 0.005 0.004 0.305 0.004 0.007
0.008 0.054 0.612 0.015 0.006 0.012 0.008 0.006 0.28
0.008 0.005 0.91 0.006 0.011 0.032 0.018 0.005 0.005
0.009 0.017 0.766 0.006 0.011 0.025 0.156 0.004 0.006
0.008 0.005 0.911 0.006 0.011 0.032 0.018 0.005 0.005
0.004 0.007 0.964 0.005 0.005 0.003 0.005 0.003 0.004
0.004 0.006 0.964 0.005 0.005 0.003 0.005 0.003 0.004
0.005 0.004 0.006 0.931 0.009 0.014 0.007 0.013 0.011
0.015 0.004 0.004 0.034 0.119 0.11 0.403 0.302 0.009
0.008 0.032 0.116 0.359 0.378 0.009 0.018 0.038 0.042
0.032 0.005 0.005 0.052 0.009 0.005 0.008 0.863 0.02
0.006 0.006 0.005 0.047 0.016 0.02 0.009 0.015 0.877
0.008 0.004 0.013 0.326 0.009 0.032 0.008 0.591 0.009
0.041 0.007 0.023 0.618 0.017 0.024 0.012 0.249 0.01
0.008 0.011 0.006 0.017 0.006 0.011 0.017 0.909 0.016
0.008 0.011 0.006 0.019 0.006 0.012 0.019 0.901 0.017
0.018 0.006 0.006 0.73 0.013 0.125 0.025 0.006 0.07
0.063 0.004 0.012 0.126 0.063 0.054 0.022 0.185 0.47
0.02 0.006 0.013 0.911 0.009 0.006 0.014 0.009 0.014
0.008 0.006 0.005 0.016 0.008 0.006 0.005 0.94 0.007
0.115 0.013 0.03 0.248 0.363 0.03 0.012 0.075 0.113
0.007 0.005 0.01 0.148 0.061 0.591 0.054 0.118 0.007
0.006 0.025 0.008 0.569 0.008 0.017 0.01 0.345 0.011
0.006 0.046 0.006 0.432 0.009 0.005 0.026 0.431 0.038
0.007 0.004 0.005 0.007 0.005 0.008 0.008 0.007 0.95
0.007 0.004 0.003 0.012 0.004 0.005 0.005 0.006 0.954
0.003 0.003 0.004 0.005 0.004 0.004 0.004 0.004 0.969
0.004 0.004 0.004 0.005 0.005 0.004 0.004 0.004 0.966
0.01 0.005 0.003 0.874 0.008 0.029 0.004 0.013 0.053
0.008 0.007 0.01 0.809 0.026 0.031 0.011 0.087 0.012
0.055 0.006 0.006 0.383 0.06 0.008 0.027 0.013 0.442
0.113 0.08 0.024 0.019 0.009 0.008 0.225 0.509 0.011
0.01 0.074 0.008 0.007 0.014 0.016 0.862 0.005 0.005
0.021 0.023 0.025 0.028 0.026 0.029 0.792 0.046 0.01
0.012 0.022 0.007 0.042 0.022 0.117 0.754 0.017 0.007
0.029 0.012 0.004 0.779 0.052 0.031 0.022 0.038 0.033
0.455 0.011 0.054 0.251 0.033 0.008 0.028 0.033 0.127
0.135 0.01 0.014 0.116 0.015 0.262 0.336 0.01 0.103
0.043 0.012 0.026 0.436 0.019 0.007 0.138 0.018 0.302
0.034 0.016 0.008 0.22 0.012 0.007 0.668 0.01 0.024
0.004 0.004 0.005 0.004 0.004 0.005 0.967 0.003 0.004
0.009 0.205 0.006 0.006 0.009 0.005 0.745 0.006 0.007
0.067 0.067 0.032 0.041 0.01 0.035 0.731 0.006 0.011
0.009 0.019 0.007 0.009 0.005 0.015 0.877 0.005 0.055
0.053 0.013 0.073 0.753 0.042 0.015 0.031 0.005 0.015
0.041 0.015 0.185 0.62 0.035 0.023 0.066 0.008 0.008
0.006 0.006 0.007 0.009 0.006 0.004 0.955 0.004 0.004
0.025 0.039 0.016 0.339 0.015 0.373 0.155 0.029 0.011
0.021 0.043 0.03 0.142 0.02 0.006 0.04 0.02 0.679
0.017 0.007 0.007 0.012 0.005 0.025 0.911 0.005 0.009
0.005 0.009 0.005 0.077 0.005 0.022 0.863 0.005 0.009
0.011 0.451 0.008 0.104 0.013 0.036 0.305 0.055 0.018
0.007 0.009 0.007 0.009 0.005 0.006 0.941 0.005 0.012
0.069 0.007 0.006 0.01 0.013 0.026 0.845 0.008 0.015
0.022 0.009 0.014 0.013 0.007 0.013 0.905 0.005 0.012
0.006 0.085 0.013 0.742 0.015 0.013 0.102 0.007 0.017
0.018 0.098 0.017 0.72 0.024 0.021 0.023 0.008 0.07
0.014 0.009 0.009 0.894 0.015 0.005 0.006 0.007 0.04
0.006 0.007 0.005 0.922 0.007 0.007 0.02 0.008 0.017
0.007 0.034 0.009 0.014 0.008 0.009 0.009 0.006 0.904
0.01 0.026 0.014 0.836 0.007 0.009 0.014 0.007 0.077
0.01 0.008 0.048 0.727 0.145 0.006 0.007 0.005 0.044
0.018 0.01 0.009 0.584 0.329 0.009 0.017 0.005 0.018
0.015 0.007 0.009 0.045 0.009 0.011 0.843 0.006 0.055
0.007 0.012 0.009 0.824 0.01 0.009 0.043 0.017 0.07
0.021 0.017 0.017 0.849 0.034 0.005 0.033 0.011 0.014
0.06 0.032 0.266 0.052 0.154 0.337 0.045 0.027 0.027
0.01 0.006 0.008 0.022 0.025 0.032 0.872 0.015 0.009
0.046 0.077 0.009 0.464 0.035 0.061 0.21 0.009 0.091
0.067 0.019 0.058 0.712 0.025 0.007 0.056 0.008 0.048
0.018 0.016 0.04 0.048 0.008 0.008 0.031 0.006 0.825
0.009 0.014 0.008 0.28 0.027 0.032 0.603 0.008 0.018
0.042 0.01 0.014 0.795 0.035 0.023 0.044 0.012 0.025
0.025 0.432 0.007 0.375 0.007 0.01 0.083 0.033 0.026
0.06 0.013 0.036 0.453 0.046 0.047 0.019 0.008 0.318
0.017 0.248 0.044 0.456 0.052 0.024 0.023 0.113 0.022
0.016 0.011 0.031 0.737 0.007 0.008 0.129 0.005 0.058
0.006 0.006 0.015 0.024 0.01 0.015 0.905 0.008 0.013
0.017 0.006 0.015 0.322 0.01 0.019 0.588 0.009 0.013
0.01 0.598 0.015 0.11 0.02 0.031 0.07 0.113 0.033
0.018 0.58 0.112 0.048 0.095 0.013 0.056 0.009 0.069
0.024 0.278 0.236 0.02 0.132 0.022 0.013 0.265 0.01
0.147 0.185 0.036 0.03 0.107 0.153 0.303 0.021 0.017
0.931 0.008 0.007 0.01 0.005 0.006 0.011 0.014 0.007
0.573 0.124 0.008 0.016 0.013 0.008 0.24 0.008 0.011
0.229 0.511 0.018 0.034 0.014 0.021 0.02 0.05 0.102
0.3 0.183 0.037 0.398 0.012 0.011 0.017 0.03 0.013
0.605 0.055 0.014 0.015 0.018 0.021 0.222 0.005 0.044
0.048 0.039 0.01 0.807 0.009 0.022 0.021 0.01 0.034
0.163 0.063 0.014 0.009 0.008 0.007 0.716 0.017 0.005
0.037 0.817 0.009 0.014 0.006 0.004 0.078 0.022 0.012
0.946 0.02 0.006 0.004 0.004 0.005 0.008 0.004 0.004
0.028 0.851 0.011 0.062 0.01 0.007 0.008 0.009 0.013
0.481 0.331 0.055 0.044 0.009 0.033 0.018 0.011 0.018
0.876 0.077 0.008 0.009 0.006 0.006 0.007 0.006 0.005
0.873 0.01 0.028 0.026 0.018 0.008 0.014 0.011 0.012
0.892 0.038 0.011 0.016 0.009 0.005 0.01 0.009 0.01
0.919 0.006 0.017 0.021 0.006 0.007 0.009 0.008 0.007
0.604 0.012 0.021 0.015 0.017 0.016 0.3 0.006 0.01
0.315 0.432 0.02 0.047 0.009 0.009 0.148 0.013 0.007
0.128 0.798 0.01 0.011 0.009 0.007 0.023 0.007 0.008
0.441 0.064 0.005 0.013 0.032 0.027 0.387 0.01 0.021
0.313 0.131 0.012 0.022 0.028 0.023 0.113 0.016 0.341
0.005 0.89 0.004 0.013 0.01 0.008 0.023 0.018 0.029
0.041 0.615 0.057 0.049 0.163 0.011 0.046 0.008 0.01
0.045 0.612 0.013 0.022 0.011 0.031 0.234 0.012 0.02
0.183 0.378 0.022 0.06 0.104 0.028 0.134 0.036 0.055
0.222 0.729 0.007 0.008 0.007 0.007 0.008 0.004 0.009
0.202 0.365 0.011 0.074 0.037 0.016 0.225 0.01 0.059
0.006 0.962 0.006 0.005 0.004 0.004 0.005 0.005 0.004
0.033 0.913 0.007 0.01 0.006 0.006 0.012 0.008 0.006
0.209 0.496 0.216 0.009 0.01 0.005 0.013 0.031 0.01
0.018 0.913 0.015 0.008 0.005 0.006 0.02 0.009 0.007
0.016 0.756 0.024 0.029 0.015 0.047 0.1 0.006 0.008
0.012 0.938 0.009 0.005 0.005 0.015 0.006 0.005 0.005
0.004 0.97 0.004 0.004 0.003 0.003 0.004 0.004 0.004
0.038 0.679 0.068 0.045 0.032 0.02 0.029 0.032 0.057
0.016 0.932 0.006 0.008 0.006 0.005 0.007 0.012 0.009
0.01 0.644 0.262 0.034 0.008 0.006 0.019 0.008 0.009
0.005 0.961 0.008 0.004 0.004 0.004 0.004 0.006 0.004
0.252 0.099 0.008 0.091 0.016 0.195 0.057 0.008 0.274
0.007 0.956 0.004 0.004 0.004 0.004 0.011 0.006 0.004
0.009 0.956 0.007 0.006 0.004 0.004 0.004 0.004 0.004
0.007 0.918 0.02 0.007 0.011 0.01 0.015 0.008 0.005
0.008 0.95 0.006 0.006 0.004 0.004 0.007 0.009 0.005
0.004 0.967 0.004 0.004 0.003 0.004 0.006 0.004 0.003
0.231 0.147 0.005 0.025 0.053 0.036 0.483 0.01 0.01
0.014 0.045 0.006 0.832 0.044 0.008 0.03 0.011 0.009
0.008 0.004 0.006 0.805 0.011 0.091 0.029 0.036 0.009
0.004 0.005 0.005 0.956 0.005 0.007 0.007 0.006 0.006
0.131 0.036 0.042 0.197 0.026 0.028 0.487 0.042 0.011
0.013 0.007 0.019 0.166 0.007 0.613 0.109 0.012 0.055
0.007 0.004 0.005 0.905 0.023 0.016 0.027 0.007 0.005
0.005 0.004 0.004 0.876 0.024 0.032 0.011 0.029 0.015
0.021 0.009 0.008 0.744 0.012 0.098 0.079 0.019 0.011
0.01 0.011 0.029 0.897 0.01 0.01 0.011 0.015 0.006
0.005 0.006 0.027 0.784 0.01 0.11 0.029 0.02 0.007
0.021 0.007 0.017 0.882 0.022 0.025 0.008 0.011 0.006
0.004 0.004 0.006 0.937 0.013 0.01 0.006 0.015 0.006
0.215 0.007 0.005 0.283 0.015 0.015 0.177 0.018 0.264
0.013 0.019 0.004 0.42 0.009 0.009 0.116 0.369 0.04
0.037 0.008 0.058 0.082 0.659 0.098 0.01 0.036 0.011
0.63 0.008 0.006 0.02 0.04 0.03 0.006 0.254 0.007
0.294 0.008 0.043 0.021 0.522 0.074 0.021 0.009 0.009
0.097 0.005 0.009 0.158 0.069 0.394 0.008 0.254 0.006
0.018 0.004 0.01 0.141 0.539 0.228 0.008 0.044 0.008
0.009 0.02 0.026 0.018 0.46 0.012 0.02 0.094 0.34
0.02 0.007 0.007 0.013 0.898 0.024 0.009 0.008 0.013
0.023 0.007 0.006 0.019 0.735 0.122 0.048 0.027 0.014
0.005 0.005 0.007 0.009 0.619 0.006 0.015 0.011 0.324
0.007 0.004 0.02 0.01 0.866 0.063 0.01 0.008 0.011
0.01 0.007 0.008 0.008 0.925 0.007 0.007 0.007 0.02
0.009 0.004 0.011 0.008 0.896 0.051 0.006 0.011 0.004
0.007 0.006 0.004 0.007 0.929 0.005 0.03 0.006 0.006
0.005 0.004 0.019 0.006 0.944 0.004 0.005 0.007 0.005
0.01 0.004 0.007 0.015 0.879 0.018 0.009 0.05 0.009
0.014 0.006 0.019 0.072 0.753 0.031 0.083 0.017 0.006
0.014 0.007 0.004 0.007 0.888 0.024 0.04 0.006 0.009
0.007 0.015 0.011 0.008 0.884 0.014 0.028 0.025 0.008
0.038 0.005 0.027 0.022 0.616 0.072 0.008 0.207 0.005
0.034 0.006 0.006 0.035 0.669 0.214 0.018 0.009 0.009
0.006 0.006 0.006 0.019 0.913 0.011 0.028 0.007 0.004
0.008 0.004 0.011 0.006 0.847 0.092 0.015 0.011 0.006
0.004 0.007 0.019 0.007 0.913 0.012 0.008 0.009 0.021
0.006 0.004 0.01 0.013 0.919 0.011 0.004 0.021 0.013
0.019 0.006 0.005 0.026 0.122 0.75 0.013 0.05 0.009
0.026 0.01 0.01 0.068 0.012 0.849 0.005 0.012 0.007
0.019 0.141 0.022 0.01 0.404 0.021 0.015 0.286 0.082
0.007 0.056 0.009 0.007 0.013 0.019 0.005 0.874 0.01
0.016 0.007 0.013 0.197 0.1 0.182 0.019 0.205 0.261
0.006 0.015 0.004 0.025 0.006 0.92 0.008 0.01 0.006
0.009 0.034 0.01 0.006 0.011 0.383 0.011 0.523 0.012
0.007 0.009 0.006 0.007 0.018 0.478 0.028 0.013 0.435
0.004 0.005 0.005 0.005 0.005 0.959 0.008 0.005 0.005
0.006 0.021 0.009 0.014 0.024 0.046 0.01 0.855 0.015
0.044 0.004 0.007 0.021 0.016 0.793 0.01 0.1 0.006
0.01 0.014 0.01 0.023 0.04 0.165 0.018 0.669 0.05
0.005 0.009 0.006 0.008 0.145 0.791 0.01 0.018 0.008
0.006 0.004 0.004 0.007 0.012 0.935 0.009 0.013 0.01
0.005 0.004 0.004 0.023 0.008 0.927 0.009 0.009 0.011
0.01 0.004 0.003 0.006 0.005 0.948 0.007 0.014 0.004
0.004 0.004 0.003 0.004 0.004 0.964 0.007 0.007 0.004
0.007 0.007 0.007 0.005 0.008 0.945 0.008 0.008 0.005
0.012 0.004 0.006 0.008 0.014 0.936 0.007 0.006 0.008
0.01 0.008 0.004 0.009 0.01 0.923 0.016 0.006 0.014
0.006 0.005 0.004 0.008 0.007 0.951 0.007 0.006 0.006
0.004 0.008 0.004 0.01 0.007 0.943 0.01 0.01 0.005
0.034 0.027 0.021 0.047 0.169 0.646 0.019 0.022 0.016
0.013 0.004 0.028 0.014 0.188 0.689 0.006 0.049 0.009
0.009 0.026 0.004 0.025 0.403 0.145 0.018 0.366 0.004
0.012 0.018 0.003 0.016 0.377 0.109 0.009 0.278 0.178
0.005 0.014 0.005 0.019 0.139 0.029 0.009 0.549 0.229
0.03 0.008 0.005 0.023 0.255 0.26 0.015 0.02 0.382
0.011 0.005 0.005 0.074 0.015 0.808 0.017 0.039 0.026
0.012 0.011 0.011 0.01 0.027 0.901 0.01 0.009 0.01
0.035 0.016 0.006 0.009 0.028 0.805 0.069 0.015 0.017
0.011 0.005 0.004 0.035 0.045 0.85 0.024 0.01 0.015
0.006 0.004 0.003 0.005 0.007 0.007 0.004 0.959 0.005
0.006 0.004 0.003 0.005 0.007 0.007 0.004 0.958 0.005
0.006 0.004 0.003 0.005 0.008 0.007 0.004 0.958 0.005
0.011 0.01 0.005 0.052 0.017 0.123 0.011 0.763 0.008
0.006 0.009 0.006 0.006 0.016 0.406 0.012 0.534 0.005
0.012 0.008 0.005 0.006 0.017 0.02 0.008 0.298 0.626
0.006 0.008 0.005 0.013 0.086 0.819 0.01 0.043 0.01
0.092 0.035 0.104 0.069 0.213 0.045 0.01 0.024 0.409
0.022 0.011 0.01 0.023 0.284 0.588 0.026 0.021 0.016
0.016 0.021 0.005 0.104 0.115 0.63 0.018 0.063 0.028
0.01 0.019 0.009 0.011 0.026 0.014 0.008 0.894 0.009
0.025 0.053 0.041 0.065 0.65 0.075 0.008 0.047 0.036
0.006 0.005 0.004 0.008 0.012 0.021 0.004 0.934 0.005
0.021 0.006 0.023 0.015 0.901 0.012 0.008 0.008 0.006
0.006 0.005 0.004 0.008 0.012 0.02 0.004 0.936 0.005
0.124 0.008 0.007 0.034 0.026 0.119 0.58 0.087 0.016
0.042 0.032 0.019 0.018 0.009 0.01 0.04 0.823 0.006
0.031 0.032 0.006 0.272 0.177 0.121 0.313 0.02 0.029
0.011 0.09 0.021 0.011 0.018 0.026 0.627 0.184 0.012
0.01 0.016 0.027 0.416 0.023 0.063 0.42 0.007 0.018
0.006 0.005 0.038 0.018 0.024 0.041 0.853 0.009 0.005
0.107 0.024 0.119 0.301 0.017 0.106 0.293 0.01 0.022
0.063 0.007 0.05 0.094 0.055 0.029 0.62 0.059 0.024
0.017 0.092 0.009 0.092 0.016 0.009 0.38 0.34 0.045
0.011 0.011 0.014 0.017 0.056 0.015 0.812 0.049 0.013
0.01 0.17 0.008 0.02 0.071 0.06 0.424 0.207 0.031
0.101 0.012 0.014 0.163 0.019 0.016 0.396 0.014 0.265
0.193 0.017 0.01 0.06 0.01 0.007 0.527 0.007 0.171
0.81 0.07 0.007 0.034 0.013 0.004 0.037 0.008 0.015
0.639 0.016 0.01 0.022 0.011 0.044 0.221 0.009 0.027
0.668 0.006 0.011 0.012 0.006 0.006 0.022 0.007 0.262
0.033 0.014 0.015 0.064 0.013 0.433 0.344 0.018 0.066
0.937 0.013 0.012 0.006 0.005 0.004 0.009 0.006 0.007
0.148 0.771 0.008 0.018 0.008 0.007 0.018 0.011 0.011
0.231 0.265 0.012 0.009 0.006 0.007 0.133 0.049 0.287
0.829 0.061 0.008 0.015 0.007 0.005 0.032 0.018 0.026
0.615 0.008 0.016 0.046 0.009 0.01 0.198 0.007 0.092
0.34 0.207 0.004 0.012 0.012 0.005 0.279 0.051 0.09
0.024 0.743 0.008 0.006 0.005 0.004 0.021 0.007 0.183
0.017 0.005 0.007 0.872 0.045 0.008 0.017 0.009 0.02
