0.013 0.08 0.015 0.358 0.534
0.041 0.011 0.06 0.397 0.491
0.042 0.013 0.017 0.375 0.553
0.078 0.014 0.038 0.723 0.147
0.015 0.058 0.034 0.384 0.51
0.014 0.031 0.046 0.616 0.292
0.069 0.061 0.212 0.24 0.418
0.02 0.014 0.183 0.305 0.478
0.032 0.008 0.323 0.558 0.079
0.021 0.01 0.18 0.661 0.128
0.014 0.078 0.071 0.536 0.301
0.018 0.074 0.012 0.364 0.532
0.01 0.013 0.037 0.738 0.201
0.02 0.042 0.225 0.156 0.557
0.028 0.036 0.33 0.25 0.356
0.015 0.037 0.046 0.504 0.399
0.015 0.053 0.605 0.209 0.118
0.031 0.033 0.253 0.516 0.167
0.088 0.028 0.024 0.729 0.132
0.028 0.096 0.067 0.183 0.626
0.118 0.015 0.212 0.562 0.093
0.024 0.062 0.015 0.526 0.373
0.031 0.303 0.089 0.322 0.255
0.014 0.02 0.043 0.472 0.451
0.041 0.755 0.033 0.034 0.137
0.017 0.874 0.011 0.008 0.089
0.401 0.516 0.011 0.045 0.026
0.05 0.473 0.133 0.15 0.194
0.037 0.826 0.03 0.06 0.048
0.013 0.859 0.012 0.014 0.102
0.007 0.965 0.006 0.01 0.012
0.019 0.877 0.013 0.016 0.076
0.078 0.61 0.067 0.074 0.172
0.013 0.949 0.013 0.014 0.012
0.175 0.64 0.066 0.068 0.05
0.031 0.171 0.013 0.05 0.734
0.009 0.965 0.006 0.009 0.012
0.081 0.829 0.011 0.067 0.012
0.025 0.778 0.082 0.039 0.077
0.01 0.953 0.01 0.013 0.014
0.11 0.371 0.101 0.352 0.067
0.02 0.573 0.009 0.307 0.091
0.259 0.604 0.015 0.02 0.102
0.012 0.823 0.094 0.058 0.012
0.01 0.727 0.064 0.161 0.038
0.012 0.822 0.094 0.059 0.012
0.009 0.966 0.006 0.008 0.011
0.009 0.966 0.006 0.009 0.011
0.814 0.015 0.052 0.11 0.008
0.054 0.008 0.535 0.385 0.019
0.445 0.379 0.071 0.076 0.028
0.887 0.008 0.074 0.019 0.013
0.952 0.009 0.017 0.012 0.009
0.844 0.015 0.114 0.016 0.011
0.467 0.171 0.185 0.128 0.05
0.805 0.01 0.096 0.018 0.071
0.817 0.009 0.091 0.018 0.065
0.702 0.012 0.138 0.128 0.02
0.867 0.026 0.054 0.037 0.016
0.81 0.024 0.016 0.13 0.02
0.574 0.014 0.263 0.015 0.134
0.388 0.276 0.168 0.101 0.068
0.035 0.014 0.891 0.048 0.011
0.853 0.013 0.061 0.023 0.05
0.76 0.016 0.03 0.022 0.171
0.951 0.01 0.014 0.016 0.009
0.956 0.011 0.011 0.013 0.008
0.961 0.011 0.01 0.01 0.008
0.957 0.011 0.012 0.011 0.009
0.819 0.009 0.1 0.056 0.016
0.735 0.029 0.13 0.085 0.021
0.855 0.011 0.014 0.097 0.023
0.045 0.112 0.072 0.146 0.625
0.018 0.047 0.021 0.302 0.613
0.033 0.057 0.305 0.46 0.145
0.036 0.023 0.392 0.489 0.059
0.321 0.01 0.467 0.145 0.057
0.377 0.199 0.033 0.192 0.2
0.589 0.021 0.068 0.238 0.084
0.719 0.022 0.017 0.211 0.031
0.231 0.022 0.02 0.669 0.059
0.022 0.034 0.028 0.817 0.099
0.019 0.027 0.016 0.229 0.708
0.031 0.076 0.024 0.336 0.533
0.051 0.025 0.019 0.775 0.13
0.333 0.389 0.029 0.203 0.045
0.097 0.615 0.039 0.186 0.063
0.051 0.033 0.015 0.817 0.083
0.053 0.045 0.532 0.239 0.131
0.809 0.062 0.013 0.075 0.04
0.022 0.019 0.037 0.8 0.122
0.255 0.015 0.078 0.58 0.072
0.114 0.068 0.116 0.196 0.506
0.068 0.02 0.02 0.839 0.052
0.021 0.012 0.028 0.828 0.11
0.033 0.021 0.022 0.837 0.087
0.427 0.036 0.058 0.218 0.26
0.371 0.044 0.138 0.154 0.293
0.698 0.047 0.074 0.13 0.052
0.772 0.014 0.016 0.182 0.016
0.861 0.031 0.023 0.022 0.063
0.733 0.028 0.015 0.173 0.051
0.599 0.174 0.09 0.11 0.027
0.334 0.1 0.211 0.306 0.049
0.258 0.025 0.014 0.672 0.031
0.738 0.016 0.02 0.207 0.019
0.544 0.126 0.014 0.242 0.074
0.029 0.435 0.356 0.061 0.119
0.111 0.025 0.238 0.602 0.024
0.314 0.025 0.112 0.231 0.317
0.55 0.065 0.023 0.285 0.077
0.827 0.069 0.011 0.045 0.049
0.342 0.017 0.088 0.528 0.025
0.54 0.054 0.066 0.296 0.044
0.099 0.028 0.042 0.192 0.639
0.7 0.08 0.083 0.084 0.054
0.48 0.164 0.091 0.058 0.207
0.695 0.046 0.011 0.222 0.026
0.312 0.066 0.055 0.547 0.021
0.349 0.028 0.061 0.543 0.019
0.123 0.076 0.062 0.127 0.611
0.052 0.291 0.02 0.071 0.565
0.034 0.45 0.139 0.046 0.332
0.033 0.06 0.105 0.221 0.581
0.078 0.019 0.016 0.422 0.464
0.025 0.022 0.014 0.514 0.425
0.058 0.047 0.034 0.133 0.727
0.062 0.112 0.041 0.229 0.556
0.028 0.023 0.032 0.515 0.403
0.348 0.021 0.075 0.266 0.291
0.014 0.019 0.016 0.78 0.171
0.032 0.063 0.007 0.086 0.812
0.009 0.011 0.009 0.399 0.573
0.03 0.135 0.012 0.035 0.788
0.04 0.061 0.031 0.229 0.639
0.012 0.014 0.011 0.352 0.61
0.044 0.255 0.024 0.361 0.315
0.026 0.014 0.018 0.377 0.565
0.101 0.039 0.016 0.413 0.432
0.024 0.023 0.023 0.727 0.204
0.028 0.043 0.014 0.269 0.646
0.014 0.032 0.012 0.157 0.785
0.019 0.01 0.049 0.481 0.441
0.293 0.031 0.057 0.274 0.346
0.045 0.135 0.02 0.032 0.768
0.028 0.253 0.026 0.097 0.595
0.045 0.125 0.045 0.222 0.563
0.081 0.085 0.081 0.284 0.469
0.012 0.078 0.012 0.12 0.778
0.07 0.031 0.033 0.43 0.436
0.009 0.152 0.008 0.012 0.819
0.011 0.139 0.012 0.042 0.796
0.012 0.284 0.01 0.075 0.619
0.015 0.148 0.01 0.023 0.804
0.028 0.15 0.062 0.136 0.625
0.009 0.147 0.02 0.02 0.804
0.009 0.148 0.007 0.009 0.827
0.073 0.237 0.045 0.058 0.586
0.017 0.106 0.011 0.021 0.844
0.038 0.38 0.01 0.024 0.548
0.008 0.159 0.008 0.008 0.817
0.553 0.019 0.048 0.141 0.238
0.009 0.144 0.008 0.016 0.824
0.01 0.139 0.008 0.015 0.829
0.011 0.169 0.014 0.017 0.789
0.009 0.146 0.008 0.012 0.825
0.008 0.146 0.008 0.011 0.827
0.025 0.014 0.056 0.631 0.274
0.601 0.038 0.037 0.199 0.126
0.501 0.013 0.293 0.183 0.01
0.792 0.01 0.016 0.171 0.011
0.075 0.109 0.052 0.579 0.185
0.63 0.023 0.183 0.151 0.013
0.65 0.023 0.106 0.21 0.011
0.739 0.009 0.151 0.091 0.009
0.436 0.02 0.212 0.297 0.035
0.76 0.074 0.021 0.111 0.034
0.65 0.031 0.163 0.141 0.015
0.565 0.097 0.158 0.135 0.045
0.851 0.015 0.03 0.097 0.007
0.567 0.011 0.016 0.374 0.032
0.808 0.01 0.031 0.096 0.056
0.039 0.319 0.6 0.027 0.014
0.244 0.018 0.312 0.239 0.188
0.021 0.436 0.198 0.19 0.155
0.193 0.013 0.742 0.036 0.016
0.108 0.116 0.744 0.022 0.009
0.542 0.234 0.135 0.04 0.048
0.072 0.056 0.668 0.189 0.015
0.027 0.01 0.739 0.207 0.016
0.412 0.043 0.321 0.21 0.014
0.036 0.5 0.43 0.023 0.011
0.08 0.227 0.547 0.13 0.016
0.011 0.236 0.73 0.015 0.009
0.18 0.032 0.361 0.407 0.02
0.017 0.638 0.3 0.03 0.016
0.031 0.346 0.596 0.018 0.009
0.125 0.029 0.494 0.336 0.016
0.055 0.016 0.492 0.406 0.031
0.057 0.07 0.69 0.149 0.034
0.022 0.182 0.75 0.03 0.016
0.057 0.021 0.839 0.061 0.021
0.125 0.269 0.378 0.212 0.017
0.018 0.079 0.832 0.062 0.009
0.099 0.323 0.385 0.18 0.012
0.089 0.372 0.515 0.013 0.01
0.021 0.015 0.926 0.026 0.012
0.063 0.019 0.85 0.032 0.035
0.209 0.063 0.467 0.122 0.14
0.105 0.033 0.616 0.01 0.236
0.674 0.013 0.275 0.025 0.013
0.032 0.009 0.917 0.017 0.025
0.071 0.02 0.826 0.014 0.069
0.375 0.021 0.478 0.097 0.029
0.01 0.012 0.946 0.02 0.012
0.129 0.02 0.691 0.011 0.148
0.023 0.017 0.907 0.037 0.015
0.096 0.018 0.802 0.015 0.07
0.016 0.011 0.945 0.013 0.016
0.189 0.012 0.77 0.02 0.009
0.288 0.01 0.672 0.023 0.008
0.01 0.007 0.954 0.02 0.009
0.009 0.008 0.96 0.016 0.008
0.017 0.011 0.942 0.018 0.013
0.015 0.011 0.94 0.024 0.009
0.022 0.013 0.901 0.045 0.02
0.02 0.008 0.942 0.017 0.012
0.017 0.009 0.93 0.024 0.02
0.086 0.041 0.737 0.055 0.082
0.015 0.078 0.883 0.013 0.011
0.022 0.008 0.902 0.027 0.04
0.178 0.008 0.77 0.021 0.024
0.283 0.013 0.656 0.012 0.036
0.408 0.011 0.512 0.049 0.02
0.073 0.01 0.88 0.027 0.011
0.02 0.014 0.928 0.025 0.013
0.023 0.014 0.748 0.173 0.041
0.045 0.009 0.861 0.076 0.01
0.016 0.009 0.943 0.011 0.022
0.016 0.009 0.943 0.011 0.022
0.016 0.009 0.942 0.01 0.022
0.083 0.01 0.844 0.017 0.045
0.013 0.012 0.942 0.01 0.024
0.84 0.012 0.108 0.024 0.016
0.013 0.009 0.956 0.011 0.011
0.196 0.459 0.156 0.057 0.133
0.02 0.017 0.886 0.058 0.019
0.04 0.01 0.905 0.023 0.022
0.024 0.025 0.851 0.016 0.085
0.08 0.098 0.673 0.085 0.064
0.015 0.009 0.941 0.01 0.025
0.029 0.353 0.547 0.051 0.021
0.015 0.01 0.94 0.01 0.025
0.09 0.013 0.183 0.658 0.056
0.197 0.095 0.282 0.074 0.352
0.106 0.016 0.43 0.373 0.075
0.049 0.157 0.236 0.359 0.199
0.323 0.043 0.117 0.485 0.032
0.115 0.059 0.221 0.578 0.027
0.229 0.192 0.062 0.465 0.052
0.221 0.081 0.057 0.607 0.035
0.335 0.042 0.07 0.353 0.2
0.116 0.029 0.206 0.582 0.067
0.068 0.065 0.377 0.29 0.199
0.403 0.017 0.025 0.526 0.029
0.224 0.015 0.013 0.68 0.068
0.024 0.012 0.012 0.401 0.551
0.032 0.015 0.069 0.665 0.22
0.32 0.035 0.011 0.358 0.276
0.174 0.026 0.349 0.426 0.025
0.014 0.017 0.016 0.408 0.545
0.015 0.069 0.012 0.11 0.793
0.225 0.033 0.016 0.244 0.482
0.041 0.012 0.017 0.399 0.531
0.164 0.019 0.016 0.614 0.186
0.068 0.018 0.017 0.637 0.26
0.11 0.1 0.009 0.074 0.707
0.783 0.019 0.019 0.165 0.014
