0.012 0.013 0.01 0.006 0.008 0.932 0.01 0.008
0.004 0.009 0.011 0.01 0.007 0.937 0.008 0.014
0.005 0.038 0.009 0.037 0.04 0.847 0.006 0.019
0.007 0.006 0.157 0.005 0.063 0.732 0.023 0.008
0.007 0.043 0.009 0.011 0.029 0.857 0.01 0.033
0.01 0.021 0.006 0.01 0.141 0.771 0.015 0.026
0.006 0.222 0.015 0.031 0.014 0.103 0.009 0.6
0.005 0.127 0.01 0.014 0.006 0.749 0.074 0.016
0.005 0.005 0.014 0.019 0.241 0.338 0.362 0.015
0.006 0.008 0.006 0.019 0.225 0.553 0.168 0.016
0.007 0.006 0.006 0.009 0.028 0.901 0.017 0.026
0.008 0.015 0.013 0.009 0.007 0.931 0.006 0.012
0.006 0.005 0.005 0.005 0.063 0.894 0.015 0.007
0.008 0.435 0.009 0.011 0.012 0.232 0.037 0.257
0.014 0.044 0.023 0.008 0.01 0.774 0.101 0.026
0.011 0.005 0.006 0.006 0.008 0.946 0.009 0.01
0.026 0.018 0.007 0.01 0.02 0.486 0.406 0.028
0.009 0.005 0.007 0.027 0.029 0.815 0.064 0.046
0.011 0.005 0.18 0.013 0.021 0.734 0.008 0.029
0.012 0.788 0.015 0.018 0.07 0.047 0.033 0.018
0.005 0.005 0.227 0.016 0.018 0.577 0.063 0.088
0.022 0.009 0.007 0.014 0.018 0.917 0.008 0.006
0.095 0.015 0.014 0.017 0.016 0.795 0.02 0.028
0.006 0.007 0.004 0.006 0.006 0.956 0.008 0.008
0.698 0.074 0.058 0.044 0.069 0.014 0.024 0.02
0.921 0.035 0.011 0.012 0.004 0.005 0.007 0.005
0.482 0.014 0.443 0.007 0.037 0.006 0.007 0.006
0.584 0.098 0.017 0.078 0.084 0.029 0.1 0.009
0.863 0.006 0.01 0.02 0.011 0.06 0.014 0.015
0.913 0.042 0.009 0.007 0.01 0.005 0.008 0.007
0.973 0.004 0.004 0.003 0.004 0.005 0.003 0.004
0.924 0.028 0.009 0.008 0.01 0.007 0.007 0.007
0.594 0.129 0.037 0.058 0.057 0.018 0.088 0.019
0.933 0.007 0.008 0.01 0.009 0.009 0.013 0.011
0.653 0.02 0.062 0.111 0.031 0.02 0.039 0.064
0.067 0.762 0.019 0.022 0.085 0.029 0.009 0.008
0.966 0.007 0.004 0.005 0.005 0.005 0.003 0.005
0.892 0.005 0.022 0.022 0.038 0.008 0.005 0.007
0.785 0.018 0.017 0.014 0.008 0.048 0.093 0.016
0.956 0.005 0.005 0.006 0.006 0.007 0.006 0.009
0.358 0.022 0.105 0.022 0.013 0.212 0.011 0.257
0.595 0.039 0.01 0.007 0.259 0.081 0.005 0.005
0.611 0.055 0.282 0.011 0.014 0.009 0.009 0.008
0.926 0.005 0.005 0.006 0.019 0.008 0.022 0.008
0.807 0.021 0.007 0.006 0.11 0.013 0.028 0.008
0.924 0.005 0.005 0.006 0.02 0.009 0.023 0.008
0.966 0.007 0.004 0.005 0.005 0.004 0.003 0.005
0.966 0.007 0.004 0.005 0.005 0.005 0.003 0.006
0.007 0.004 0.012 0.926 0.01 0.005 0.026 0.011
0.004 0.004 0.02 0.18 0.4 0.036 0.265 0.091
0.088 0.029 0.038 0.312 0.019 0.008 0.011 0.496
0.004 0.005 0.275 0.609 0.007 0.016 0.075 0.009
0.005 0.006 0.905 0.042 0.009 0.006 0.016 0.012
0.01 0.005 0.194 0.67 0.008 0.007 0.095 0.01
0.022 0.008 0.018 0.734 0.017 0.058 0.076 0.067
0.005 0.015 0.27 0.595 0.011 0.007 0.091 0.006
0.005 0.014 0.27 0.6 0.011 0.007 0.087 0.006
0.007 0.007 0.061 0.779 0.049 0.021 0.061 0.015
0.009 0.004 0.469 0.388 0.015 0.032 0.034 0.049
0.014 0.007 0.015 0.906 0.019 0.021 0.007 0.011
0.007 0.034 0.251 0.561 0.006 0.007 0.126 0.009
0.028 0.014 0.106 0.275 0.018 0.082 0.043 0.435
0.008 0.006 0.009 0.108 0.048 0.006 0.789 0.026
0.008 0.018 0.143 0.759 0.009 0.006 0.05 0.008
0.007 0.102 0.171 0.675 0.014 0.005 0.017 0.008
0.006 0.004 0.954 0.01 0.007 0.006 0.007 0.005
0.004 0.004 0.957 0.012 0.007 0.007 0.006 0.004
0.005 0.003 0.97 0.005 0.004 0.004 0.005 0.004
0.005 0.004 0.967 0.006 0.005 0.004 0.005 0.005
0.004 0.005 0.029 0.878 0.005 0.012 0.025 0.042
0.011 0.008 0.032 0.848 0.019 0.01 0.049 0.022
0.006 0.006 0.382 0.479 0.031 0.05 0.008 0.038
0.033 0.449 0.028 0.07 0.226 0.108 0.051 0.035
0.01 0.152 0.006 0.007 0.753 0.011 0.007 0.055
0.031 0.028 0.01 0.02 0.82 0.02 0.045 0.027
0.007 0.021 0.007 0.026 0.768 0.012 0.142 0.016
0.004 0.014 0.017 0.364 0.024 0.04 0.091 0.446
0.049 0.012 0.117 0.213 0.021 0.525 0.011 0.051
0.013 0.01 0.266 0.245 0.249 0.124 0.073 0.019
0.02 0.011 0.401 0.297 0.217 0.032 0.009 0.013
0.008 0.017 0.045 0.124 0.744 0.045 0.007 0.01
0.005 0.005 0.004 0.004 0.969 0.005 0.005 0.004
0.006 0.308 0.008 0.006 0.629 0.01 0.005 0.029
0.043 0.146 0.013 0.028 0.62 0.102 0.018 0.03
0.007 0.02 0.063 0.01 0.857 0.027 0.009 0.006
0.073 0.015 0.04 0.378 0.146 0.082 0.009 0.257
0.177 0.02 0.014 0.35 0.182 0.054 0.017 0.187
0.006 0.006 0.004 0.007 0.962 0.006 0.004 0.005
0.019 0.056 0.011 0.115 0.192 0.029 0.558 0.02
0.03 0.035 0.72 0.08 0.091 0.014 0.007 0.023
0.007 0.008 0.008 0.009 0.92 0.029 0.013 0.006
0.005 0.007 0.008 0.029 0.931 0.005 0.009 0.006
0.01 0.439 0.02 0.1 0.348 0.011 0.062 0.011
0.006 0.01 0.012 0.008 0.945 0.009 0.005 0.005
0.007 0.008 0.02 0.015 0.677 0.241 0.021 0.01
0.013 0.01 0.013 0.01 0.89 0.046 0.009 0.009
0.015 0.11 0.011 0.351 0.454 0.006 0.011 0.042
0.02 0.162 0.04 0.318 0.119 0.021 0.031 0.289
0.012 0.013 0.02 0.521 0.012 0.041 0.009 0.372
0.006 0.009 0.202 0.51 0.239 0.007 0.008 0.019
0.011 0.05 0.883 0.014 0.009 0.008 0.009 0.016
0.015 0.031 0.359 0.409 0.152 0.012 0.008 0.013
0.026 0.011 0.025 0.331 0.018 0.016 0.006 0.567
0.011 0.014 0.011 0.261 0.027 0.022 0.007 0.647
0.009 0.007 0.124 0.056 0.759 0.028 0.009 0.008
0.009 0.011 0.266 0.452 0.233 0.007 0.015 0.008
0.027 0.02 0.058 0.57 0.233 0.034 0.006 0.053
0.187 0.03 0.026 0.038 0.044 0.048 0.124 0.503
0.01 0.006 0.008 0.015 0.899 0.009 0.033 0.02
0.008 0.051 0.05 0.199 0.222 0.042 0.019 0.41
0.053 0.02 0.098 0.352 0.272 0.135 0.011 0.059
0.037 0.023 0.815 0.037 0.04 0.019 0.006 0.022
0.009 0.016 0.061 0.187 0.665 0.01 0.023 0.029
0.021 0.011 0.14 0.488 0.083 0.074 0.023 0.16
0.009 0.454 0.021 0.163 0.268 0.043 0.026 0.014
0.039 0.019 0.348 0.272 0.026 0.1 0.058 0.138
0.058 0.235 0.044 0.484 0.037 0.016 0.051 0.075
0.028 0.01 0.113 0.375 0.445 0.016 0.007 0.008
0.017 0.007 0.015 0.035 0.889 0.006 0.018 0.014
0.015 0.006 0.013 0.125 0.805 0.016 0.01 0.01
0.015 0.545 0.035 0.086 0.23 0.01 0.053 0.027
0.11 0.541 0.039 0.035 0.116 0.019 0.011 0.13
0.209 0.366 0.012 0.037 0.018 0.028 0.127 0.202
0.042 0.153 0.017 0.024 0.234 0.092 0.04 0.398
0.007 0.007 0.01 0.018 0.009 0.935 0.007 0.006
0.009 0.106 0.011 0.024 0.21 0.621 0.007 0.013
0.021 0.536 0.101 0.035 0.023 0.224 0.021 0.038
0.031 0.211 0.012 0.227 0.029 0.44 0.023 0.027
0.015 0.052 0.034 0.015 0.232 0.624 0.015 0.013
0.015 0.071 0.018 0.546 0.103 0.159 0.04 0.049
0.013 0.061 0.006 0.01 0.606 0.288 0.009 0.008
0.013 0.738 0.025 0.029 0.139 0.046 0.005 0.006
0.007 0.019 0.004 0.005 0.007 0.95 0.005 0.004
0.015 0.858 0.014 0.038 0.018 0.031 0.008 0.019
0.055 0.279 0.017 0.039 0.021 0.548 0.029 0.011
0.008 0.064 0.005 0.007 0.008 0.895 0.006 0.007
0.027 0.009 0.012 0.025 0.018 0.877 0.01 0.022
0.011 0.035 0.01 0.015 0.01 0.903 0.005 0.01
0.017 0.006 0.007 0.026 0.011 0.92 0.007 0.007
0.019 0.012 0.011 0.017 0.233 0.683 0.014 0.011
0.02 0.379 0.008 0.041 0.198 0.337 0.009 0.009
0.01 0.814 0.009 0.011 0.024 0.112 0.006 0.014
0.005 0.082 0.016 0.012 0.319 0.475 0.017 0.073
0.017 0.134 0.342 0.019 0.123 0.314 0.031 0.019
0.005 0.907 0.03 0.011 0.023 0.005 0.01 0.01
0.059 0.624 0.012 0.037 0.069 0.042 0.011 0.144
0.016 0.603 0.02 0.03 0.21 0.071 0.041 0.009
0.022 0.398 0.059 0.044 0.142 0.201 0.037 0.097
0.007 0.73 0.008 0.009 0.011 0.219 0.006 0.01
0.013 0.288 0.074 0.045 0.37 0.157 0.022 0.031
0.006 0.965 0.004 0.004 0.005 0.006 0.004 0.004
0.007 0.902 0.005 0.009 0.011 0.047 0.01 0.008
0.232 0.501 0.012 0.01 0.012 0.215 0.008 0.01
0.015 0.92 0.008 0.009 0.018 0.019 0.006 0.005
0.028 0.729 0.009 0.023 0.141 0.021 0.035 0.014
0.009 0.945 0.006 0.005 0.005 0.013 0.009 0.008
0.004 0.973 0.004 0.004 0.005 0.004 0.003 0.003
0.067 0.713 0.046 0.037 0.03 0.04 0.025 0.044
0.006 0.941 0.009 0.008 0.007 0.017 0.006 0.006
0.293 0.613 0.01 0.027 0.029 0.011 0.006 0.01
0.009 0.964 0.004 0.005 0.004 0.005 0.004 0.004
0.01 0.066 0.386 0.157 0.053 0.266 0.04 0.022
0.004 0.962 0.004 0.005 0.01 0.007 0.004 0.004
0.007 0.958 0.005 0.006 0.005 0.01 0.004 0.004
0.024 0.92 0.006 0.007 0.013 0.007 0.008 0.015
0.006 0.956 0.005 0.006 0.007 0.009 0.005 0.005
0.004 0.971 0.003 0.004 0.006 0.004 0.004 0.004
0.006 0.133 0.014 0.022 0.362 0.364 0.044 0.056
0.007 0.056 0.013 0.726 0.098 0.017 0.008 0.075
0.007 0.004 0.017 0.693 0.106 0.009 0.152 0.012
0.006 0.006 0.023 0.841 0.105 0.004 0.008 0.007
0.045 0.038 0.013 0.161 0.407 0.229 0.042 0.065
0.013 0.006 0.299 0.289 0.112 0.011 0.259 0.011
0.006 0.004 0.005 0.842 0.085 0.009 0.019 0.029
0.004 0.004 0.029 0.862 0.014 0.007 0.043 0.036
0.01 0.011 0.022 0.581 0.219 0.027 0.119 0.011
0.053 0.019 0.025 0.837 0.026 0.014 0.009 0.016
0.019 0.006 0.032 0.821 0.047 0.006 0.061 0.008
0.024 0.008 0.007 0.808 0.013 0.042 0.037 0.061
0.006 0.004 0.029 0.93 0.006 0.004 0.01 0.011
0.005 0.008 0.45 0.282 0.037 0.187 0.011 0.02
0.005 0.027 0.095 0.761 0.058 0.011 0.035 0.009
0.035 0.007 0.007 0.035 0.009 0.032 0.07 0.805
0.006 0.008 0.027 0.159 0.006 0.647 0.057 0.089
0.024 0.008 0.008 0.015 0.019 0.147 0.017 0.762
0.008 0.005 0.024 0.288 0.009 0.122 0.375 0.169
0.008 0.004 0.008 0.073 0.007 0.014 0.128 0.758
0.027 0.02 0.387 0.018 0.023 0.009 0.022 0.494
0.008 0.008 0.031 0.013 0.01 0.028 0.041 0.862
0.007 0.009 0.029 0.016 0.048 0.023 0.624 0.245
0.008 0.006 0.395 0.011 0.019 0.006 0.011 0.545
0.014 0.004 0.01 0.009 0.009 0.006 0.015 0.932
0.007 0.006 0.021 0.007 0.007 0.009 0.008 0.935
0.022 0.004 0.004 0.008 0.009 0.011 0.163 0.778
0.005 0.007 0.029 0.015 0.036 0.009 0.011 0.889
0.023 0.005 0.006 0.007 0.006 0.006 0.007 0.941
0.008 0.004 0.01 0.018 0.011 0.008 0.021 0.921
0.017 0.006 0.012 0.125 0.223 0.015 0.231 0.372
0.007 0.012 0.031 0.014 0.095 0.034 0.231 0.577
0.015 0.009 0.018 0.008 0.019 0.007 0.017 0.907
0.015 0.006 0.006 0.029 0.009 0.027 0.095 0.815
0.007 0.006 0.01 0.046 0.049 0.047 0.214 0.621
0.015 0.006 0.006 0.054 0.078 0.008 0.033 0.799
0.046 0.005 0.009 0.015 0.022 0.008 0.416 0.479
0.024 0.007 0.033 0.008 0.009 0.005 0.029 0.885
0.011 0.004 0.012 0.013 0.004 0.006 0.016 0.933
0.005 0.006 0.007 0.015 0.01 0.016 0.903 0.037
0.017 0.015 0.014 0.065 0.01 0.044 0.786 0.049
0.02 0.238 0.154 0.027 0.015 0.014 0.092 0.44
0.009 0.29 0.032 0.014 0.005 0.006 0.634 0.01
0.011 0.006 0.325 0.322 0.018 0.016 0.244 0.058
0.004 0.017 0.006 0.029 0.008 0.006 0.925 0.006
0.011 0.047 0.021 0.009 0.007 0.007 0.891 0.007
0.007 0.009 0.431 0.007 0.04 0.007 0.484 0.015
0.005 0.005 0.005 0.005 0.011 0.005 0.958 0.006
0.01 0.139 0.057 0.061 0.009 0.006 0.702 0.016
0.008 0.004 0.008 0.018 0.013 0.039 0.887 0.022
0.013 0.029 0.076 0.087 0.021 0.012 0.704 0.057
0.006 0.014 0.011 0.014 0.011 0.006 0.608 0.33
0.005 0.004 0.058 0.081 0.01 0.007 0.821 0.014
0.005 0.004 0.115 0.112 0.012 0.005 0.731 0.015
0.004 0.004 0.005 0.007 0.009 0.01 0.956 0.006
0.004 0.004 0.004 0.005 0.008 0.004 0.967 0.004
0.006 0.007 0.005 0.008 0.009 0.008 0.951 0.006
0.007 0.004 0.009 0.007 0.008 0.013 0.939 0.013
0.005 0.011 0.015 0.011 0.025 0.014 0.905 0.013
0.005 0.006 0.008 0.012 0.01 0.008 0.943 0.008
0.004 0.008 0.005 0.01 0.018 0.004 0.943 0.007
0.03 0.03 0.048 0.073 0.021 0.047 0.222 0.529
0.013 0.004 0.01 0.013 0.006 0.008 0.538 0.408
0.004 0.011 0.006 0.022 0.014 0.008 0.106 0.829
0.003 0.007 0.158 0.011 0.007 0.008 0.08 0.725
0.005 0.027 0.253 0.029 0.006 0.005 0.516 0.159
0.006 0.007 0.383 0.023 0.015 0.033 0.315 0.217
0.006 0.006 0.033 0.064 0.029 0.01 0.819 0.034
0.013 0.011 0.013 0.01 0.014 0.015 0.883 0.04
0.008 0.015 0.019 0.011 0.088 0.047 0.78 0.032
0.005 0.005 0.027 0.037 0.051 0.019 0.763 0.092
0.004 0.007 0.007 0.007 0.005 0.006 0.956 0.008
0.004 0.007 0.007 0.007 0.005 0.006 0.956 0.008
0.004 0.007 0.007 0.007 0.005 0.006 0.955 0.008
0.005 0.033 0.024 0.108 0.014 0.008 0.779 0.029
0.006 0.009 0.006 0.006 0.006 0.005 0.955 0.009
0.006 0.009 0.83 0.027 0.01 0.013 0.073 0.031
0.006 0.019 0.008 0.009 0.015 0.006 0.799 0.138
0.094 0.038 0.296 0.057 0.013 0.074 0.053 0.374
0.01 0.01 0.012 0.012 0.022 0.018 0.829 0.087
0.005 0.018 0.019 0.043 0.017 0.011 0.835 0.052
0.015 0.068 0.016 0.015 0.01 0.01 0.813 0.053
0.027 0.034 0.022 0.035 0.008 0.019 0.069 0.786
0.004 0.009 0.006 0.01 0.006 0.006 0.94 0.019
0.018 0.008 0.008 0.017 0.01 0.018 0.033 0.888
0.005 0.009 0.006 0.01 0.005 0.006 0.94 0.019
0.007 0.007 0.03 0.082 0.523 0.17 0.159 0.022
0.019 0.247 0.087 0.26 0.061 0.022 0.29 0.014
0.008 0.043 0.032 0.142 0.267 0.042 0.338 0.128
0.053 0.159 0.031 0.023 0.455 0.019 0.242 0.018
0.024 0.018 0.02 0.246 0.628 0.01 0.035 0.02
0.041 0.006 0.01 0.025 0.858 0.006 0.039 0.015
0.106 0.023 0.025 0.208 0.478 0.095 0.039 0.026
0.059 0.009 0.064 0.138 0.528 0.115 0.035 0.052
0.016 0.238 0.168 0.225 0.24 0.015 0.07 0.027
0.014 0.012 0.026 0.034 0.844 0.011 0.034 0.025
0.011 0.218 0.052 0.027 0.194 0.011 0.446 0.041
0.012 0.011 0.448 0.14 0.284 0.076 0.016 0.014
0.009 0.019 0.357 0.062 0.363 0.174 0.007 0.009
0.007 0.068 0.015 0.024 0.04 0.828 0.006 0.011
0.01 0.016 0.015 0.021 0.303 0.594 0.03 0.01
0.014 0.007 0.279 0.015 0.024 0.649 0.006 0.007
0.015 0.012 0.043 0.076 0.496 0.03 0.317 0.011
0.012 0.012 0.007 0.006 0.009 0.945 0.005 0.005
0.009 0.715 0.01 0.016 0.018 0.213 0.01 0.009
0.016 0.239 0.343 0.013 0.154 0.214 0.015 0.006
0.008 0.062 0.025 0.013 0.05 0.827 0.006 0.009
0.015 0.008 0.068 0.033 0.302 0.556 0.01 0.007
0.006 0.199 0.074 0.022 0.3 0.377 0.011 0.011
0.011 0.71 0.207 0.006 0.023 0.033 0.005 0.006
0.008 0.005 0.05 0.858 0.029 0.015 0.007 0.027
