0.015 0.039 0.946
0.065 0.042 0.893
0.021 0.036 0.942
0.119 0.139 0.742
0.023 0.04 0.937
0.032 0.022 0.945
0.018 0.528 0.454
0.137 0.022 0.841
0.847 0.039 0.114
0.542 0.012 0.446
0.083 0.076 0.841
0.012 0.047 0.941
0.045 0.017 0.938
0.14 0.034 0.827
0.204 0.171 0.625
0.03 0.076 0.894
0.659 0.069 0.272
0.538 0.097 0.365
0.016 0.875 0.109
0.071 0.077 0.852
0.082 0.889 0.029
0.029 0.023 0.948
0.062 0.517 0.42
0.031 0.019 0.949
0.061 0.817 0.122
0.035 0.91 0.055
0.009 0.971 0.02
0.294 0.318 0.388
0.013 0.947 0.04
0.024 0.834 0.142
0.006 0.971 0.022
0.011 0.918 0.071
0.14 0.711 0.149
0.017 0.96 0.023
0.04 0.907 0.053
0.022 0.046 0.932
0.008 0.975 0.017
0.011 0.976 0.013
0.021 0.944 0.036
0.01 0.969 0.02
0.016 0.937 0.047
0.011 0.544 0.445
0.014 0.925 0.061
0.098 0.865 0.037
0.067 0.655 0.278
0.099 0.865 0.036
0.008 0.975 0.017
0.008 0.975 0.017
0.882 0.106 0.013
0.758 0.014 0.228
0.063 0.911 0.026
0.914 0.06 0.026
0.075 0.915 0.011
0.974 0.016 0.01
0.604 0.346 0.05
0.963 0.014 0.023
0.963 0.015 0.022
0.9 0.065 0.035
0.65 0.319 0.031
0.504 0.434 0.062
0.965 0.013 0.022
0.109 0.851 0.039
0.981 0.01 0.009
0.957 0.025 0.018
0.896 0.058 0.046
0.046 0.936 0.018
0.03 0.955 0.016
0.017 0.975 0.008
0.019 0.972 0.009
0.835 0.148 0.017
0.886 0.083 0.031
0.143 0.785 0.073
0.084 0.023 0.893
0.019 0.02 0.961
0.695 0.034 0.271
0.926 0.016 0.058
0.782 0.069 0.149
0.041 0.818 0.14
0.589 0.226 0.185
0.031 0.905 0.064
0.089 0.165 0.746
0.048 0.026 0.926
0.017 0.017 0.966
0.021 0.048 0.931
0.032 0.045 0.923
0.025 0.933 0.042
0.022 0.93 0.048
0.035 0.026 0.939
0.596 0.067 0.337
0.027 0.926 0.047
0.071 0.017 0.911
0.728 0.045 0.227
0.446 0.024 0.53
0.053 0.036 0.911
0.102 0.024 0.875
0.053 0.052 0.896
0.235 0.362 0.404
0.147 0.496 0.358
0.29 0.65 0.06
0.154 0.821 0.026
0.023 0.95 0.027
0.023 0.949 0.028
0.091 0.874 0.035
0.061 0.879 0.06
0.05 0.547 0.403
0.164 0.812 0.024
0.036 0.857 0.107
0.131 0.731 0.137
0.878 0.071 0.051
0.095 0.441 0.463
0.036 0.859 0.105
0.013 0.965 0.022
0.731 0.227 0.042
0.194 0.747 0.059
0.076 0.063 0.862
0.118 0.814 0.068
0.342 0.474 0.184
0.03 0.898 0.072
0.112 0.862 0.026
0.824 0.117 0.058
0.076 0.059 0.865
0.017 0.199 0.784
0.117 0.308 0.575
0.052 0.04 0.908
0.06 0.04 0.9
0.017 0.017 0.966
0.025 0.06 0.916
0.036 0.042 0.922
0.027 0.019 0.954
0.181 0.069 0.75
0.017 0.011 0.972
0.014 0.016 0.97
0.01 0.009 0.981
0.015 0.018 0.967
0.029 0.035 0.935
0.012 0.015 0.973
0.033 0.107 0.86
0.017 0.019 0.964
0.036 0.037 0.928
0.064 0.023 0.913
0.015 0.012 0.973
0.01 0.016 0.974
0.03 0.013 0.957
0.074 0.142 0.784
0.03 0.032 0.938
0.021 0.098 0.88
0.038 0.019 0.943
0.119 0.196 0.685
0.01 0.015 0.975
0.033 0.074 0.893
0.009 0.016 0.975
0.008 0.012 0.98
0.011 0.031 0.958
0.018 0.012 0.97
0.064 0.024 0.913
0.017 0.014 0.97
0.01 0.012 0.978
0.06 0.273 0.667
0.015 0.015 0.97
0.019 0.106 0.876
0.011 0.013 0.976
0.264 0.338 0.398
0.011 0.01 0.979
0.009 0.012 0.979
0.014 0.023 0.963
0.011 0.01 0.979
0.01 0.009 0.981
0.043 0.027 0.93
0.373 0.296 0.331
0.959 0.031 0.01
0.593 0.39 0.018
0.057 0.075 0.869
0.779 0.202 0.02
0.893 0.087 0.02
0.957 0.033 0.01
0.805 0.1 0.096
0.663 0.274 0.063
0.967 0.017 0.016
0.813 0.116 0.071
0.955 0.035 0.01
0.078 0.898 0.025
0.832 0.072 0.096
0.103 0.879 0.018
0.741 0.048 0.21
0.053 0.8 0.147
0.971 0.017 0.012
0.687 0.3 0.012
0.119 0.849 0.032
0.089 0.891 0.019
0.934 0.042 0.024
0.025 0.959 0.015
0.107 0.881 0.013
0.019 0.969 0.011
0.698 0.289 0.013
0.232 0.739 0.029
0.024 0.964 0.012
0.266 0.722 0.012
0.893 0.072 0.035
0.764 0.15 0.086
0.126 0.801 0.073
0.785 0.193 0.022
0.934 0.041 0.024
0.538 0.443 0.019
0.947 0.043 0.011
0.109 0.879 0.012
0.147 0.843 0.011
0.957 0.025 0.018
0.902 0.053 0.045
0.181 0.761 0.058
0.897 0.025 0.078
0.806 0.177 0.017
0.973 0.01 0.016
0.946 0.021 0.033
0.477 0.462 0.062
0.971 0.013 0.016
0.943 0.021 0.036
0.947 0.03 0.023
0.965 0.017 0.018
0.952 0.032 0.016
0.967 0.022 0.011
0.957 0.035 0.009
0.98 0.008 0.012
0.982 0.008 0.01
0.974 0.011 0.014
0.961 0.022 0.017
0.946 0.025 0.029
0.973 0.013 0.014
0.968 0.011 0.02
0.444 0.479 0.076
0.868 0.114 0.019
0.902 0.014 0.084
0.877 0.077 0.046
0.873 0.11 0.017
0.535 0.437 0.028
0.971 0.018 0.011
0.949 0.031 0.021
0.947 0.019 0.034
0.969 0.018 0.013
0.973 0.014 0.014
0.973 0.014 0.013
0.973 0.013 0.014
0.969 0.015 0.016
0.973 0.014 0.013
0.167 0.817 0.016
0.966 0.016 0.017
0.034 0.907 0.059
0.939 0.031 0.03
0.945 0.029 0.025
0.911 0.039 0.05
0.052 0.92 0.028
0.968 0.015 0.017
0.169 0.81 0.021
0.969 0.015 0.017
0.507 0.033 0.461
0.841 0.023 0.136
0.846 0.038 0.116
0.629 0.066 0.304
0.776 0.149 0.076
0.878 0.072 0.049
0.454 0.306 0.239
0.273 0.473 0.254
0.576 0.195 0.228
0.876 0.038 0.085
0.658 0.05 0.291
0.026 0.956 0.018
0.018 0.747 0.235
0.015 0.014 0.971
0.222 0.015 0.763
0.026 0.325 0.649
0.923 0.039 0.037
0.017 0.017 0.966
0.011 0.011 0.977
0.019 0.098 0.883
0.017 0.018 0.965
0.034 0.066 0.9
0.018 0.034 0.948
0.011 0.075 0.915
0.674 0.28 0.046
