0.009 0.013 0.011 0.01 0.013 0.006 0.007 0.009 0.011 0.913
0.006 0.008 0.01 0.017 0.004 0.009 0.014 0.018 0.009 0.903
0.026 0.006 0.028 0.017 0.005 0.049 0.005 0.01 0.007 0.847
0.108 0.005 0.005 0.006 0.008 0.005 0.045 0.024 0.148 0.645
0.032 0.012 0.038 0.036 0.007 0.01 0.008 0.017 0.007 0.833
0.139 0.007 0.023 0.029 0.01 0.014 0.021 0.008 0.005 0.746
0.013 0.008 0.186 0.02 0.006 0.048 0.011 0.637 0.01 0.061
0.007 0.138 0.114 0.017 0.003 0.007 0.044 0.018 0.007 0.644
0.232 0.013 0.006 0.009 0.005 0.024 0.456 0.059 0.008 0.188
0.055 0.005 0.009 0.011 0.005 0.015 0.408 0.008 0.005 0.48
0.024 0.005 0.007 0.06 0.006 0.007 0.03 0.013 0.005 0.843
0.007 0.005 0.017 0.01 0.009 0.012 0.008 0.011 0.017 0.906
0.032 0.005 0.005 0.005 0.007 0.006 0.018 0.007 0.005 0.911
0.008 0.06 0.376 0.363 0.006 0.006 0.009 0.011 0.005 0.155
0.011 0.02 0.078 0.02 0.015 0.011 0.178 0.103 0.019 0.544
0.009 0.006 0.005 0.006 0.013 0.007 0.011 0.028 0.005 0.909
0.015 0.008 0.023 0.017 0.028 0.015 0.591 0.034 0.006 0.265
0.03 0.017 0.005 0.056 0.009 0.038 0.061 0.01 0.005 0.77
0.021 0.004 0.005 0.008 0.026 0.008 0.01 0.58 0.004 0.333
0.07 0.009 0.742 0.015 0.012 0.021 0.042 0.047 0.011 0.032
0.019 0.035 0.006 0.118 0.005 0.013 0.06 0.635 0.007 0.103
0.015 0.006 0.009 0.005 0.02 0.014 0.009 0.006 0.005 0.912
0.016 0.014 0.017 0.053 0.108 0.017 0.036 0.056 0.011 0.673
0.005 0.004 0.007 0.01 0.006 0.007 0.011 0.005 0.004 0.941
0.049 0.179 0.072 0.06 0.559 0.019 0.009 0.004 0.037 0.013
0.004 0.128 0.035 0.005 0.81 0.004 0.003 0.004 0.004 0.004
0.036 0.012 0.019 0.006 0.487 0.007 0.005 0.024 0.396 0.007
0.072 0.158 0.134 0.009 0.473 0.015 0.085 0.015 0.006 0.033
0.007 0.007 0.006 0.007 0.851 0.028 0.01 0.01 0.009 0.066
0.012 0.052 0.097 0.008 0.805 0.005 0.005 0.006 0.007 0.005
0.003 0.003 0.004 0.004 0.968 0.004 0.003 0.003 0.004 0.005
0.006 0.005 0.026 0.005 0.92 0.01 0.006 0.005 0.01 0.007
0.023 0.407 0.044 0.025 0.448 0.019 0.008 0.006 0.006 0.013
0.009 0.019 0.006 0.024 0.898 0.01 0.01 0.006 0.008 0.008
0.02 0.035 0.027 0.097 0.628 0.092 0.037 0.018 0.021 0.024
0.083 0.008 0.762 0.008 0.055 0.021 0.011 0.008 0.02 0.024
0.005 0.003 0.006 0.005 0.96 0.005 0.003 0.004 0.004 0.004
0.022 0.006 0.005 0.005 0.899 0.029 0.006 0.008 0.012 0.008
0.007 0.009 0.016 0.008 0.772 0.02 0.094 0.01 0.027 0.037
0.007 0.006 0.006 0.014 0.935 0.007 0.007 0.005 0.005 0.008
0.01 0.01 0.021 0.012 0.426 0.017 0.015 0.426 0.008 0.056
0.298 0.005 0.034 0.004 0.584 0.006 0.004 0.006 0.007 0.054
0.008 0.006 0.058 0.01 0.607 0.015 0.011 0.005 0.27 0.008
0.017 0.005 0.005 0.006 0.902 0.006 0.03 0.018 0.004 0.008
0.116 0.004 0.018 0.005 0.774 0.006 0.029 0.032 0.006 0.012
0.016 0.005 0.005 0.006 0.903 0.006 0.03 0.019 0.004 0.008
0.005 0.003 0.007 0.005 0.96 0.005 0.003 0.004 0.004 0.004
0.005 0.003 0.006 0.005 0.96 0.005 0.003 0.004 0.004 0.004
0.007 0.011 0.003 0.01 0.006 0.929 0.014 0.006 0.009 0.005
0.409 0.155 0.004 0.245 0.004 0.029 0.115 0.009 0.01 0.021
0.026 0.068 0.037 0.447 0.073 0.252 0.008 0.015 0.067 0.008
0.007 0.863 0.005 0.007 0.006 0.048 0.005 0.011 0.014 0.034
0.008 0.017 0.006 0.01 0.005 0.045 0.022 0.027 0.855 0.005
0.008 0.662 0.004 0.006 0.015 0.251 0.029 0.009 0.008 0.008
0.012 0.433 0.007 0.064 0.026 0.381 0.019 0.009 0.009 0.04
0.015 0.913 0.01 0.005 0.006 0.014 0.011 0.006 0.013 0.008
0.016 0.905 0.01 0.006 0.006 0.018 0.011 0.006 0.014 0.008
0.023 0.006 0.006 0.01 0.006 0.733 0.132 0.012 0.051 0.021
0.015 0.109 0.004 0.287 0.01 0.088 0.027 0.006 0.397 0.056
0.013 0.009 0.006 0.008 0.012 0.909 0.006 0.009 0.009 0.02
0.005 0.924 0.006 0.009 0.005 0.022 0.005 0.008 0.007 0.01
0.015 0.045 0.019 0.625 0.013 0.057 0.02 0.011 0.13 0.065
0.048 0.083 0.005 0.047 0.01 0.155 0.621 0.017 0.007 0.007
0.009 0.42 0.02 0.004 0.01 0.481 0.019 0.021 0.011 0.007
0.038 0.48 0.04 0.007 0.007 0.354 0.005 0.016 0.045 0.007
0.008 0.007 0.004 0.004 0.005 0.006 0.008 0.006 0.946 0.006
0.005 0.006 0.004 0.004 0.003 0.014 0.004 0.004 0.946 0.009
0.003 0.004 0.003 0.003 0.004 0.004 0.004 0.004 0.967 0.003
0.004 0.004 0.003 0.003 0.004 0.005 0.004 0.008 0.961 0.004
0.004 0.011 0.005 0.02 0.003 0.894 0.026 0.004 0.023 0.01
0.013 0.087 0.007 0.042 0.011 0.783 0.033 0.006 0.01 0.007
0.022 0.014 0.006 0.019 0.006 0.377 0.008 0.082 0.387 0.08
0.219 0.455 0.102 0.029 0.022 0.02 0.008 0.006 0.008 0.131
0.874 0.005 0.036 0.044 0.008 0.006 0.008 0.005 0.004 0.01
0.791 0.021 0.022 0.047 0.025 0.024 0.026 0.011 0.01 0.022
0.71 0.015 0.025 0.023 0.007 0.041 0.144 0.015 0.006 0.014
0.017 0.034 0.011 0.02 0.004 0.778 0.026 0.059 0.015 0.036
0.023 0.043 0.011 0.019 0.066 0.203 0.008 0.071 0.102 0.455
0.321 0.011 0.009 0.023 0.014 0.141 0.269 0.013 0.051 0.149
0.082 0.024 0.014 0.01 0.036 0.515 0.008 0.101 0.144 0.065
0.664 0.01 0.016 0.013 0.008 0.22 0.006 0.01 0.016 0.037
0.961 0.003 0.004 0.003 0.004 0.004 0.005 0.008 0.004 0.004
0.781 0.006 0.151 0.022 0.006 0.006 0.004 0.007 0.007 0.01
0.725 0.006 0.048 0.01 0.032 0.045 0.025 0.024 0.01 0.076
0.878 0.005 0.017 0.006 0.006 0.008 0.014 0.007 0.049 0.011
0.053 0.005 0.016 0.198 0.056 0.579 0.013 0.007 0.015 0.056
0.129 0.008 0.019 0.246 0.143 0.382 0.023 0.008 0.006 0.034
0.951 0.005 0.005 0.004 0.007 0.008 0.004 0.007 0.004 0.006
0.139 0.031 0.037 0.015 0.016 0.337 0.368 0.024 0.006 0.027
0.046 0.021 0.045 0.037 0.029 0.154 0.006 0.006 0.632 0.024
0.909 0.005 0.006 0.006 0.006 0.012 0.023 0.004 0.008 0.019
0.875 0.005 0.008 0.005 0.005 0.063 0.02 0.007 0.008 0.005
0.314 0.051 0.441 0.016 0.008 0.095 0.039 0.009 0.017 0.011
0.935 0.005 0.009 0.004 0.007 0.009 0.006 0.008 0.011 0.007
0.765 0.011 0.007 0.006 0.006 0.011 0.04 0.04 0.014 0.1
0.896 0.005 0.009 0.009 0.013 0.014 0.013 0.009 0.011 0.023
0.11 0.006 0.074 0.014 0.013 0.75 0.012 0.009 0.006 0.005
0.025 0.008 0.081 0.021 0.018 0.756 0.019 0.01 0.042 0.019
0.006 0.007 0.008 0.01 0.009 0.922 0.005 0.01 0.01 0.014
0.02 0.008 0.007 0.012 0.005 0.921 0.007 0.005 0.01 0.006
0.008 0.006 0.032 0.008 0.009 0.014 0.01 0.014 0.891 0.007
0.013 0.008 0.025 0.007 0.014 0.859 0.009 0.012 0.044 0.01
0.007 0.005 0.007 0.155 0.043 0.737 0.006 0.006 0.023 0.011
0.014 0.005 0.009 0.023 0.01 0.663 0.008 0.247 0.006 0.014
0.853 0.007 0.007 0.009 0.01 0.035 0.014 0.015 0.033 0.017
0.031 0.018 0.012 0.006 0.009 0.852 0.01 0.038 0.018 0.007
0.039 0.012 0.017 0.033 0.02 0.814 0.005 0.027 0.007 0.025
0.041 0.017 0.028 0.508 0.169 0.03 0.137 0.012 0.026 0.033
0.839 0.014 0.006 0.015 0.008 0.019 0.033 0.045 0.009 0.011
0.225 0.007 0.06 0.061 0.008 0.454 0.034 0.025 0.077 0.049
0.047 0.009 0.016 0.007 0.054 0.685 0.006 0.075 0.03 0.07
0.047 0.007 0.016 0.012 0.046 0.056 0.009 0.006 0.781 0.021
0.573 0.009 0.014 0.018 0.008 0.276 0.033 0.048 0.012 0.01
0.03 0.012 0.009 0.022 0.013 0.807 0.018 0.044 0.011 0.033
0.105 0.032 0.387 0.006 0.007 0.398 0.011 0.009 0.019 0.028
0.017 0.008 0.012 0.025 0.037 0.488 0.048 0.015 0.289 0.061
0.017 0.111 0.254 0.06 0.044 0.436 0.024 0.024 0.016 0.014
0.159 0.005 0.011 0.007 0.03 0.708 0.007 0.008 0.045 0.02
0.876 0.007 0.006 0.006 0.013 0.015 0.016 0.044 0.01 0.006
0.598 0.009 0.006 0.007 0.016 0.299 0.02 0.016 0.012 0.016
0.058 0.08 0.582 0.083 0.013 0.118 0.027 0.006 0.024 0.011
0.048 0.008 0.583 0.132 0.079 0.041 0.011 0.005 0.073 0.02
0.01 0.133 0.373 0.304 0.114 0.015 0.015 0.005 0.008 0.023
0.217 0.01 0.123 0.292 0.044 0.024 0.062 0.021 0.014 0.193
0.01 0.015 0.007 0.005 0.008 0.009 0.007 0.008 0.007 0.924
0.182 0.007 0.109 0.018 0.008 0.013 0.007 0.007 0.008 0.64
0.019 0.038 0.472 0.056 0.02 0.029 0.014 0.007 0.103 0.242
0.017 0.032 0.183 0.023 0.032 0.336 0.012 0.006 0.012 0.347
0.157 0.005 0.041 0.01 0.012 0.014 0.02 0.017 0.036 0.687
0.022 0.01 0.035 0.007 0.01 0.81 0.023 0.01 0.014 0.06
0.671 0.016 0.07 0.013 0.013 0.009 0.007 0.005 0.004 0.191
0.082 0.024 0.795 0.005 0.009 0.014 0.004 0.007 0.012 0.048
0.008 0.004 0.019 0.004 0.006 0.005 0.006 0.004 0.003 0.941
0.008 0.008 0.839 0.022 0.01 0.064 0.007 0.005 0.012 0.026
0.018 0.011 0.259 0.009 0.051 0.046 0.028 0.007 0.015 0.558
0.007 0.007 0.054 0.005 0.008 0.008 0.006 0.007 0.005 0.894
0.013 0.009 0.008 0.048 0.021 0.019 0.007 0.005 0.01 0.859
0.008 0.007 0.03 0.008 0.01 0.016 0.005 0.008 0.009 0.899
0.008 0.008 0.006 0.007 0.014 0.017 0.007 0.005 0.006 0.923
0.132 0.006 0.01 0.005 0.019 0.014 0.017 0.045 0.009 0.743
0.087 0.012 0.388 0.008 0.018 0.046 0.009 0.008 0.006 0.417
0.021 0.006 0.727 0.014 0.01 0.011 0.006 0.008 0.008 0.189
0.238 0.008 0.046 0.034 0.005 0.013 0.016 0.05 0.019 0.571
0.067 0.017 0.127 0.018 0.012 0.021 0.026 0.028 0.31 0.373
0.021 0.02 0.884 0.006 0.004 0.012 0.008 0.017 0.024 0.004
0.056 0.009 0.609 0.064 0.071 0.042 0.011 0.083 0.009 0.046
0.187 0.014 0.604 0.005 0.014 0.017 0.034 0.052 0.02 0.052
0.113 0.032 0.333 0.059 0.02 0.056 0.028 0.153 0.044 0.162
0.008 0.004 0.719 0.011 0.007 0.008 0.006 0.006 0.008 0.223
0.178 0.011 0.333 0.03 0.012 0.103 0.016 0.042 0.024 0.25
0.004 0.005 0.957 0.004 0.006 0.004 0.004 0.005 0.004 0.006
0.011 0.009 0.899 0.004 0.007 0.01 0.006 0.014 0.005 0.034
0.012 0.036 0.474 0.011 0.193 0.007 0.005 0.009 0.01 0.243
0.021 0.009 0.903 0.004 0.016 0.008 0.006 0.005 0.006 0.022
0.09 0.006 0.732 0.005 0.023 0.028 0.049 0.042 0.008 0.018
0.006 0.005 0.931 0.006 0.008 0.005 0.013 0.011 0.004 0.01
0.004 0.004 0.966 0.003 0.004 0.004 0.003 0.004 0.004 0.004
0.027 0.033 0.655 0.029 0.062 0.044 0.02 0.033 0.061 0.036
0.007 0.013 0.916 0.005 0.006 0.009 0.005 0.009 0.009 0.022
0.019 0.008 0.628 0.006 0.27 0.037 0.006 0.007 0.009 0.01
0.005 0.005 0.957 0.004 0.008 0.004 0.004 0.003 0.003 0.005
0.038 0.009 0.092 0.011 0.009 0.093 0.225 0.078 0.212 0.235
0.012 0.006 0.951 0.004 0.004 0.004 0.004 0.005 0.003 0.007
0.004 0.004 0.95 0.003 0.007 0.007 0.004 0.005 0.004 0.01
0.014 0.007 0.907 0.016 0.022 0.007 0.009 0.008 0.004 0.006
0.007 0.008 0.944 0.005 0.006 0.006 0.004 0.006 0.005 0.008
0.006 0.004 0.963 0.004 0.004 0.004 0.003 0.003 0.003 0.004
0.341 0.009 0.096 0.009 0.006 0.02 0.027 0.257 0.007 0.228
0.041 0.013 0.045 0.039 0.007 0.794 0.007 0.03 0.009 0.015
0.029 0.033 0.004 0.014 0.006 0.789 0.101 0.007 0.008 0.009
0.007 0.006 0.005 0.006 0.004 0.952 0.007 0.005 0.004 0.004
0.44 0.047 0.033 0.036 0.041 0.21 0.029 0.014 0.009 0.141
0.104 0.012 0.007 0.008 0.02 0.184 0.622 0.012 0.018 0.012
0.026 0.006 0.004 0.038 0.005 0.879 0.02 0.008 0.004 0.008
0.01 0.049 0.004 0.019 0.004 0.857 0.026 0.015 0.011 0.005
0.078 0.019 0.009 0.008 0.008 0.721 0.11 0.018 0.009 0.02
0.012 0.02 0.011 0.01 0.03 0.883 0.01 0.007 0.005 0.011
0.035 0.022 0.006 0.01 0.028 0.766 0.111 0.009 0.007 0.006
0.008 0.011 0.006 0.027 0.017 0.867 0.024 0.011 0.005 0.023
0.006 0.017 0.004 0.012 0.006 0.927 0.011 0.008 0.006 0.004
0.028 0.026 0.009 0.005 0.006 0.213 0.023 0.544 0.098 0.048
0.112 0.401 0.017 0.009 0.004 0.401 0.009 0.011 0.023 0.014
0.012 0.049 0.008 0.525 0.069 0.105 0.106 0.072 0.009 0.046
0.006 0.221 0.007 0.197 0.006 0.017 0.038 0.011 0.006 0.492
0.018 0.005 0.013 0.828 0.009 0.007 0.011 0.013 0.006 0.09
0.008 0.199 0.005 0.11 0.009 0.189 0.359 0.053 0.005 0.062
0.008 0.053 0.004 0.636 0.009 0.138 0.112 0.017 0.006 0.017
0.022 0.059 0.019 0.475 0.016 0.015 0.009 0.033 0.342 0.008
0.005 0.005 0.005 0.005 0.006 0.005 0.007 0.952 0.005 0.006
0.009 0.006 0.004 0.004 0.004 0.006 0.016 0.94 0.005 0.007
0.008 0.01 0.004 0.005 0.006 0.007 0.005 0.74 0.211 0.004
0.006 0.004 0.004 0.948 0.008 0.006 0.008 0.005 0.006 0.005
0.006 0.008 0.005 0.331 0.009 0.009 0.007 0.602 0.013 0.009
0.01 0.007 0.004 0.845 0.011 0.008 0.085 0.015 0.004 0.011
0.026 0.006 0.006 0.017 0.004 0.008 0.005 0.918 0.005 0.006
0.006 0.007 0.006 0.913 0.025 0.007 0.005 0.017 0.006 0.007
0.009 0.016 0.004 0.911 0.007 0.01 0.017 0.012 0.008 0.006
0.059 0.015 0.005 0.045 0.021 0.108 0.03 0.698 0.005 0.014
0.013 0.004 0.005 0.005 0.004 0.005 0.013 0.939 0.004 0.007
0.031 0.014 0.012 0.141 0.014 0.01 0.009 0.755 0.006 0.009
0.007 0.015 0.005 0.925 0.01 0.01 0.012 0.004 0.004 0.01
0.033 0.006 0.007 0.523 0.009 0.039 0.305 0.045 0.009 0.024
0.086 0.008 0.006 0.709 0.011 0.052 0.022 0.094 0.004 0.008
0.024 0.026 0.005 0.365 0.033 0.01 0.281 0.236 0.01 0.01
0.007 0.009 0.006 0.301 0.095 0.007 0.011 0.543 0.017 0.005
0.004 0.019 0.006 0.888 0.012 0.014 0.01 0.019 0.021 0.007
0.011 0.056 0.006 0.082 0.005 0.021 0.753 0.04 0.008 0.017
0.005 0.014 0.01 0.011 0.012 0.089 0.81 0.012 0.007 0.031
0.01 0.344 0.065 0.007 0.012 0.006 0.013 0.481 0.051 0.01
0.005 0.895 0.037 0.006 0.007 0.006 0.014 0.016 0.009 0.006
0.017 0.27 0.007 0.047 0.013 0.201 0.158 0.033 0.237 0.017
0.007 0.01 0.014 0.004 0.004 0.027 0.912 0.01 0.006 0.006
0.01 0.555 0.024 0.005 0.009 0.006 0.357 0.016 0.011 0.008
0.022 0.012 0.008 0.007 0.005 0.006 0.496 0.016 0.419 0.007
0.007 0.005 0.005 0.005 0.004 0.005 0.955 0.005 0.005 0.004
0.009 0.863 0.016 0.013 0.009 0.014 0.038 0.02 0.012 0.006
0.01 0.11 0.004 0.021 0.007 0.02 0.775 0.009 0.006 0.037
0.023 0.618 0.019 0.066 0.009 0.024 0.142 0.026 0.064 0.012
0.012 0.011 0.011 0.208 0.007 0.008 0.677 0.052 0.01 0.005
0.01 0.014 0.004 0.028 0.004 0.009 0.916 0.005 0.006 0.005
0.01 0.01 0.004 0.012 0.005 0.032 0.907 0.008 0.008 0.005
0.006 0.013 0.004 0.005 0.003 0.005 0.948 0.004 0.003 0.008
0.006 0.007 0.004 0.005 0.003 0.004 0.96 0.003 0.004 0.004
0.007 0.008 0.007 0.007 0.007 0.005 0.941 0.006 0.005 0.007
0.006 0.006 0.004 0.005 0.006 0.008 0.924 0.022 0.008 0.011
0.014 0.007 0.008 0.007 0.004 0.009 0.913 0.013 0.015 0.009
0.007 0.006 0.005 0.005 0.004 0.008 0.943 0.009 0.006 0.006
0.01 0.009 0.007 0.01 0.004 0.01 0.936 0.005 0.005 0.004
0.025 0.022 0.028 0.288 0.029 0.079 0.413 0.055 0.02 0.041
0.006 0.047 0.004 0.395 0.011 0.007 0.503 0.01 0.01 0.007
0.008 0.015 0.009 0.92 0.003 0.02 0.01 0.006 0.004 0.006
0.005 0.012 0.006 0.753 0.003 0.013 0.01 0.009 0.18 0.008
0.007 0.429 0.018 0.285 0.005 0.014 0.022 0.009 0.207 0.005
0.014 0.016 0.008 0.134 0.005 0.026 0.321 0.111 0.339 0.024
0.019 0.028 0.005 0.066 0.005 0.082 0.757 0.007 0.022 0.009
0.009 0.008 0.01 0.027 0.009 0.009 0.897 0.012 0.01 0.01
0.058 0.014 0.015 0.012 0.007 0.008 0.8 0.035 0.019 0.032
0.021 0.01 0.005 0.019 0.004 0.042 0.842 0.031 0.014 0.012
0.004 0.952 0.004 0.006 0.003 0.005 0.007 0.009 0.004 0.006
0.004 0.953 0.004 0.006 0.003 0.005 0.007 0.008 0.004 0.006
0.004 0.953 0.004 0.006 0.003 0.005 0.007 0.008 0.004 0.006
0.01 0.74 0.011 0.052 0.005 0.057 0.098 0.01 0.006 0.011
0.01 0.504 0.011 0.025 0.006 0.007 0.419 0.008 0.005 0.005
0.008 0.325 0.008 0.014 0.005 0.005 0.02 0.025 0.58 0.01
0.013 0.025 0.01 0.142 0.005 0.012 0.751 0.024 0.011 0.007
0.007 0.01 0.033 0.468 0.024 0.02 0.013 0.007 0.395 0.022
0.018 0.02 0.009 0.015 0.01 0.019 0.559 0.318 0.012 0.02
0.015 0.069 0.021 0.032 0.005 0.098 0.675 0.046 0.022 0.017
0.008 0.886 0.017 0.012 0.009 0.01 0.013 0.027 0.008 0.011
0.008 0.069 0.049 0.05 0.048 0.07 0.07 0.568 0.04 0.028
0.004 0.922 0.005 0.019 0.004 0.009 0.019 0.008 0.005 0.006
0.011 0.019 0.008 0.78 0.008 0.012 0.029 0.109 0.012 0.013
0.004 0.922 0.005 0.019 0.004 0.009 0.02 0.008 0.004 0.006
0.51 0.101 0.007 0.017 0.007 0.036 0.136 0.026 0.012 0.147
0.039 0.819 0.031 0.01 0.02 0.017 0.011 0.007 0.005 0.041
0.136 0.015 0.03 0.009 0.006 0.135 0.087 0.543 0.016 0.023
0.514 0.184 0.095 0.008 0.023 0.011 0.026 0.116 0.012 0.011
0.466 0.008 0.017 0.012 0.026 0.34 0.077 0.029 0.016 0.011
0.852 0.009 0.005 0.01 0.031 0.014 0.041 0.028 0.004 0.007
0.263 0.011 0.024 0.022 0.135 0.249 0.131 0.024 0.016 0.126
0.596 0.082 0.007 0.055 0.049 0.091 0.024 0.012 0.015 0.068
0.279 0.327 0.103 0.008 0.009 0.073 0.009 0.163 0.014 0.015
0.759 0.048 0.011 0.01 0.013 0.015 0.015 0.106 0.012 0.012
0.204 0.203 0.171 0.009 0.008 0.013 0.057 0.305 0.02 0.01
0.158 0.01 0.018 0.006 0.036 0.077 0.01 0.63 0.03 0.025
0.471 0.007 0.016 0.005 0.012 0.02 0.006 0.374 0.012 0.078
0.019 0.006 0.032 0.004 0.007 0.021 0.004 0.045 0.009 0.852
0.109 0.005 0.01 0.011 0.008 0.019 0.045 0.006 0.019 0.767
0.019 0.007 0.005 0.007 0.01 0.011 0.006 0.005 0.227 0.704
0.28 0.02 0.014 0.009 0.015 0.05 0.49 0.012 0.072 0.039
0.007 0.006 0.01 0.004 0.011 0.006 0.004 0.005 0.007 0.941
0.014 0.013 0.709 0.004 0.008 0.019 0.007 0.024 0.008 0.193
0.115 0.051 0.249 0.006 0.011 0.008 0.007 0.007 0.243 0.303
0.017 0.008 0.03 0.006 0.007 0.01 0.004 0.005 0.014 0.898
0.088 0.007 0.007 0.006 0.014 0.033 0.01 0.009 0.045 0.781
0.188 0.04 0.209 0.007 0.004 0.01 0.005 0.015 0.085 0.437
0.025 0.007 0.737 0.005 0.008 0.005 0.004 0.007 0.167 0.034
0.015 0.009 0.005 0.018 0.007 0.867 0.008 0.038 0.015 0.018
