0.006 0.013 0.932 0.009 0.008 0.011 0.012 0.008
0.009 0.004 0.935 0.008 0.006 0.013 0.009 0.016
0.022 0.005 0.85 0.006 0.046 0.01 0.041 0.02
0.005 0.007 0.727 0.026 0.052 0.171 0.005 0.007
0.01 0.007 0.854 0.009 0.028 0.008 0.045 0.037
0.008 0.01 0.803 0.014 0.113 0.006 0.02 0.026
0.011 0.006 0.075 0.008 0.013 0.012 0.185 0.69
0.017 0.005 0.753 0.075 0.006 0.007 0.121 0.015
0.018 0.004 0.318 0.379 0.247 0.015 0.006 0.013
0.017 0.006 0.591 0.171 0.186 0.005 0.008 0.016
0.008 0.007 0.906 0.017 0.024 0.006 0.006 0.026
0.006 0.008 0.929 0.006 0.007 0.015 0.015 0.014
0.004 0.006 0.912 0.015 0.046 0.005 0.005 0.007
0.013 0.007 0.251 0.036 0.011 0.007 0.426 0.25
0.007 0.015 0.759 0.11 0.011 0.025 0.046 0.028
0.005 0.011 0.946 0.009 0.008 0.006 0.005 0.01
0.008 0.029 0.466 0.426 0.019 0.007 0.018 0.027
0.017 0.009 0.832 0.058 0.025 0.007 0.005 0.048
0.005 0.011 0.686 0.009 0.046 0.213 0.005 0.026
0.015 0.012 0.047 0.036 0.066 0.017 0.789 0.019
0.009 0.005 0.524 0.07 0.04 0.262 0.005 0.084
0.014 0.02 0.921 0.007 0.017 0.006 0.009 0.006
0.017 0.087 0.803 0.019 0.016 0.016 0.014 0.029
0.005 0.006 0.956 0.008 0.006 0.004 0.007 0.008
0.054 0.708 0.014 0.024 0.072 0.035 0.07 0.021
0.015 0.929 0.004 0.005 0.004 0.005 0.032 0.005
0.005 0.467 0.006 0.007 0.039 0.458 0.013 0.005
0.108 0.59 0.03 0.099 0.07 0.008 0.086 0.008
0.013 0.86 0.065 0.014 0.012 0.012 0.007 0.017
0.009 0.918 0.005 0.007 0.01 0.008 0.037 0.007
0.003 0.974 0.005 0.003 0.004 0.004 0.004 0.004
0.007 0.919 0.007 0.007 0.011 0.012 0.031 0.006
0.063 0.603 0.017 0.084 0.065 0.032 0.118 0.018
0.01 0.933 0.009 0.014 0.009 0.009 0.007 0.012
0.103 0.659 0.02 0.041 0.034 0.074 0.019 0.049
0.021 0.063 0.027 0.009 0.066 0.021 0.785 0.009
0.004 0.966 0.004 0.003 0.005 0.005 0.007 0.005
0.017 0.889 0.007 0.005 0.043 0.025 0.005 0.008
0.009 0.781 0.045 0.096 0.008 0.022 0.02 0.019
0.005 0.956 0.007 0.006 0.006 0.005 0.006 0.008
0.015 0.363 0.19 0.011 0.019 0.124 0.022 0.256
0.006 0.594 0.09 0.005 0.247 0.011 0.042 0.005
0.008 0.597 0.009 0.009 0.014 0.297 0.058 0.009
0.006 0.928 0.008 0.022 0.018 0.005 0.005 0.007
0.005 0.815 0.013 0.032 0.097 0.007 0.022 0.009
0.006 0.928 0.009 0.022 0.018 0.005 0.005 0.007
0.004 0.966 0.004 0.003 0.005 0.004 0.007 0.006
0.004 0.966 0.004 0.003 0.005 0.005 0.007 0.006
0.926 0.007 0.005 0.028 0.009 0.011 0.004 0.011
0.266 0.004 0.039 0.23 0.388 0.01 0.004 0.06
0.264 0.088 0.007 0.011 0.02 0.03 0.029 0.551
0.946 0.004 0.011 0.011 0.006 0.01 0.005 0.007
0.048 0.004 0.005 0.017 0.009 0.898 0.005 0.012
0.922 0.007 0.005 0.037 0.006 0.007 0.005 0.01
0.701 0.026 0.074 0.08 0.017 0.013 0.009 0.081
0.933 0.004 0.007 0.018 0.009 0.01 0.013 0.006
0.94 0.004 0.006 0.015 0.008 0.009 0.012 0.006
0.805 0.007 0.019 0.055 0.045 0.048 0.007 0.013
0.557 0.008 0.021 0.021 0.013 0.348 0.004 0.028
0.904 0.014 0.021 0.006 0.022 0.015 0.007 0.011
0.868 0.007 0.006 0.061 0.006 0.009 0.036 0.007
0.224 0.03 0.089 0.045 0.02 0.1 0.015 0.476
0.123 0.008 0.007 0.775 0.053 0.007 0.006 0.021
0.935 0.006 0.005 0.02 0.007 0.008 0.011 0.007
0.874 0.007 0.005 0.014 0.014 0.017 0.061 0.008
0.01 0.005 0.007 0.007 0.008 0.953 0.004 0.005
0.012 0.003 0.007 0.006 0.007 0.957 0.004 0.004
0.005 0.005 0.004 0.004 0.004 0.971 0.003 0.004
0.006 0.004 0.004 0.005 0.005 0.968 0.004 0.005
0.883 0.004 0.012 0.022 0.005 0.026 0.005 0.044
0.897 0.01 0.011 0.032 0.016 0.009 0.007 0.017
0.515 0.006 0.052 0.008 0.028 0.348 0.006 0.037
0.086 0.033 0.105 0.039 0.216 0.016 0.466 0.04
0.007 0.011 0.012 0.007 0.689 0.006 0.205 0.063
0.016 0.029 0.02 0.043 0.827 0.01 0.028 0.027
0.022 0.007 0.014 0.171 0.742 0.007 0.022 0.016
0.148 0.004 0.05 0.11 0.027 0.028 0.014 0.619
0.123 0.053 0.576 0.012 0.022 0.139 0.013 0.064
0.2 0.013 0.114 0.063 0.223 0.355 0.011 0.02
0.198 0.016 0.028 0.009 0.269 0.459 0.011 0.01
0.082 0.007 0.037 0.006 0.796 0.045 0.015 0.01
0.003 0.005 0.005 0.005 0.969 0.004 0.005 0.004
0.006 0.006 0.011 0.004 0.561 0.008 0.372 0.032
0.017 0.047 0.11 0.018 0.561 0.015 0.197 0.036
0.009 0.007 0.024 0.01 0.85 0.072 0.021 0.007
0.138 0.085 0.105 0.009 0.211 0.058 0.016 0.379
0.148 0.211 0.067 0.019 0.247 0.016 0.023 0.269
0.006 0.006 0.005 0.004 0.963 0.004 0.006 0.005
0.026 0.019 0.032 0.602 0.224 0.013 0.061 0.022
0.053 0.028 0.014 0.007 0.108 0.739 0.028 0.022
0.007 0.008 0.029 0.014 0.919 0.009 0.008 0.006
0.015 0.005 0.005 0.009 0.945 0.009 0.007 0.006
0.117 0.011 0.011 0.067 0.32 0.016 0.447 0.01
0.007 0.006 0.009 0.005 0.948 0.011 0.009 0.005
0.016 0.007 0.293 0.023 0.621 0.022 0.008 0.009
0.008 0.013 0.049 0.009 0.887 0.015 0.01 0.01
0.158 0.016 0.006 0.012 0.585 0.028 0.136 0.06
0.078 0.022 0.024 0.039 0.145 0.076 0.207 0.409
0.337 0.015 0.059 0.01 0.016 0.046 0.015 0.502
0.31 0.006 0.008 0.009 0.345 0.287 0.009 0.025
0.007 0.009 0.007 0.008 0.008 0.918 0.028 0.015
0.161 0.018 0.014 0.009 0.221 0.526 0.036 0.016
0.105 0.018 0.018 0.007 0.023 0.053 0.012 0.764
0.073 0.012 0.024 0.008 0.033 0.017 0.015 0.818
0.02 0.009 0.025 0.008 0.772 0.15 0.007 0.008
0.261 0.008 0.008 0.015 0.337 0.353 0.011 0.007
0.411 0.035 0.045 0.006 0.33 0.079 0.022 0.072
0.019 0.17 0.043 0.08 0.041 0.029 0.027 0.591
0.011 0.009 0.01 0.037 0.903 0.008 0.006 0.016
0.03 0.009 0.035 0.015 0.205 0.086 0.038 0.581
0.143 0.05 0.16 0.013 0.391 0.147 0.019 0.077
0.01 0.029 0.014 0.006 0.041 0.857 0.017 0.025
0.082 0.009 0.01 0.023 0.75 0.079 0.016 0.031
0.306 0.025 0.101 0.029 0.116 0.199 0.011 0.213
0.051 0.009 0.05 0.029 0.308 0.036 0.499 0.017
0.153 0.042 0.115 0.069 0.028 0.396 0.024 0.173
0.498 0.066 0.016 0.046 0.045 0.048 0.203 0.078
0.196 0.028 0.017 0.007 0.588 0.146 0.01 0.009
0.017 0.016 0.006 0.019 0.91 0.014 0.007 0.011
0.067 0.014 0.015 0.009 0.866 0.013 0.006 0.01
0.054 0.016 0.01 0.052 0.262 0.044 0.534 0.029
0.022 0.109 0.019 0.01 0.104 0.043 0.552 0.14
0.041 0.226 0.03 0.142 0.016 0.01 0.343 0.193
0.02 0.041 0.094 0.029 0.165 0.018 0.167 0.465
0.023 0.007 0.933 0.006 0.009 0.007 0.008 0.006
0.031 0.009 0.662 0.006 0.167 0.009 0.105 0.011
0.027 0.021 0.219 0.018 0.024 0.113 0.539 0.039
0.129 0.031 0.507 0.025 0.031 0.014 0.231 0.033
0.014 0.015 0.661 0.015 0.196 0.034 0.053 0.012
0.426 0.016 0.199 0.047 0.114 0.035 0.095 0.066
0.01 0.013 0.341 0.009 0.556 0.005 0.059 0.007
0.036 0.013 0.047 0.004 0.139 0.017 0.739 0.005
0.005 0.007 0.952 0.005 0.007 0.004 0.018 0.004
0.019 0.015 0.031 0.008 0.019 0.018 0.867 0.024
0.038 0.056 0.54 0.028 0.023 0.017 0.286 0.011
0.006 0.008 0.893 0.006 0.008 0.005 0.067 0.007
0.024 0.028 0.878 0.009 0.018 0.011 0.01 0.022
0.013 0.011 0.907 0.005 0.009 0.01 0.035 0.01
0.031 0.015 0.919 0.006 0.01 0.007 0.006 0.006
0.02 0.018 0.761 0.015 0.155 0.01 0.011 0.01
0.04 0.018 0.382 0.009 0.143 0.007 0.391 0.01
0.009 0.01 0.118 0.006 0.022 0.01 0.81 0.015
0.01 0.006 0.553 0.017 0.213 0.018 0.098 0.084
0.019 0.016 0.344 0.035 0.098 0.352 0.12 0.016
0.01 0.004 0.005 0.01 0.025 0.029 0.908 0.009
0.016 0.062 0.045 0.011 0.079 0.014 0.628 0.145
0.036 0.017 0.079 0.046 0.192 0.021 0.601 0.008
0.03 0.023 0.203 0.04 0.147 0.07 0.391 0.097
0.008 0.007 0.218 0.006 0.011 0.009 0.731 0.011
0.017 0.012 0.171 0.024 0.379 0.09 0.281 0.027
0.004 0.006 0.007 0.004 0.005 0.005 0.964 0.005
0.006 0.007 0.046 0.009 0.011 0.006 0.906 0.009
0.009 0.222 0.223 0.008 0.013 0.011 0.504 0.011
0.009 0.014 0.017 0.006 0.016 0.007 0.927 0.005
0.02 0.028 0.021 0.037 0.146 0.009 0.727 0.012
0.005 0.009 0.012 0.009 0.005 0.006 0.946 0.008
0.003 0.004 0.004 0.003 0.005 0.004 0.973 0.003
0.03 0.067 0.039 0.025 0.03 0.055 0.708 0.046
0.008 0.006 0.017 0.006 0.007 0.009 0.94 0.006
0.025 0.301 0.011 0.006 0.028 0.01 0.608 0.011
0.004 0.009 0.005 0.004 0.004 0.004 0.964 0.004
0.107 0.009 0.252 0.04 0.044 0.459 0.066 0.023
0.005 0.004 0.007 0.004 0.01 0.004 0.962 0.004
0.005 0.008 0.011 0.004 0.005 0.005 0.958 0.004
0.006 0.022 0.007 0.008 0.012 0.006 0.925 0.014
0.005 0.006 0.009 0.005 0.008 0.005 0.956 0.005
0.004 0.004 0.004 0.003 0.006 0.003 0.971 0.004
0.014 0.006 0.424 0.044 0.302 0.016 0.137 0.058
0.725 0.007 0.019 0.008 0.082 0.011 0.059 0.089
0.693 0.007 0.009 0.139 0.115 0.019 0.004 0.013
0.818 0.006 0.005 0.008 0.116 0.034 0.006 0.007
0.122 0.051 0.275 0.042 0.379 0.015 0.039 0.075
0.201 0.014 0.01 0.227 0.122 0.409 0.006 0.012
0.855 0.006 0.009 0.019 0.074 0.005 0.004 0.027
0.883 0.005 0.007 0.035 0.014 0.013 0.004 0.04
0.507 0.01 0.031 0.128 0.274 0.026 0.012 0.012
0.826 0.064 0.016 0.01 0.03 0.012 0.025 0.017
0.899 0.013 0.005 0.034 0.031 0.006 0.006 0.006
0.785 0.028 0.055 0.037 0.012 0.007 0.008 0.068
0.959 0.006 0.004 0.008 0.006 0.005 0.004 0.009
0.264 0.005 0.143 0.009 0.066 0.485 0.008 0.02
0.878 0.005 0.01 0.014 0.044 0.024 0.015 0.008
0.011 0.022 0.018 0.04 0.008 0.01 0.007 0.885
0.234 0.006 0.623 0.029 0.006 0.008 0.008 0.087
0.008 0.02 0.114 0.012 0.017 0.008 0.009 0.812
0.373 0.008 0.107 0.311 0.008 0.007 0.005 0.181
0.045 0.008 0.011 0.065 0.007 0.008 0.003 0.853
0.017 0.023 0.008 0.025 0.023 0.358 0.019 0.527
0.009 0.008 0.02 0.036 0.01 0.019 0.007 0.89
0.015 0.007 0.021 0.706 0.052 0.024 0.009 0.166
0.013 0.008 0.006 0.012 0.022 0.392 0.006 0.542
0.009 0.014 0.006 0.011 0.009 0.011 0.004 0.938
0.006 0.006 0.008 0.008 0.006 0.014 0.005 0.946
0.009 0.025 0.012 0.195 0.01 0.004 0.004 0.742
0.019 0.005 0.009 0.012 0.045 0.017 0.007 0.887
0.007 0.026 0.007 0.007 0.006 0.006 0.005 0.938
0.019 0.008 0.007 0.019 0.011 0.009 0.004 0.923
0.142 0.015 0.015 0.282 0.265 0.01 0.006 0.265
0.015 0.007 0.035 0.298 0.104 0.026 0.013 0.501
0.009 0.015 0.007 0.012 0.016 0.01 0.008 0.923
0.032 0.013 0.029 0.062 0.01 0.005 0.005 0.844
0.052 0.008 0.056 0.232 0.056 0.01 0.006 0.581
0.061 0.017 0.009 0.038 0.087 0.005 0.007 0.776
0.019 0.06 0.009 0.522 0.023 0.008 0.005 0.355
0.009 0.025 0.005 0.033 0.011 0.028 0.007 0.882
0.013 0.012 0.006 0.016 0.004 0.011 0.004 0.934
0.013 0.005 0.016 0.913 0.009 0.007 0.006 0.032
0.054 0.018 0.045 0.78 0.011 0.016 0.016 0.062
0.031 0.024 0.014 0.104 0.015 0.083 0.257 0.473
0.017 0.009 0.006 0.678 0.005 0.008 0.268 0.008
0.431 0.01 0.015 0.214 0.018 0.256 0.006 0.05
0.031 0.004 0.006 0.923 0.008 0.006 0.018 0.006
0.009 0.011 0.006 0.912 0.006 0.011 0.039 0.007
0.006 0.006 0.007 0.511 0.025 0.424 0.009 0.011
0.005 0.005 0.005 0.96 0.01 0.005 0.005 0.005
0.072 0.011 0.006 0.743 0.009 0.014 0.13 0.016
0.017 0.008 0.04 0.887 0.013 0.007 0.004 0.023
0.117 0.013 0.013 0.719 0.026 0.024 0.029 0.059
0.017 0.006 0.006 0.59 0.011 0.009 0.015 0.346
0.098 0.005 0.007 0.787 0.011 0.076 0.004 0.013
0.109 0.005 0.005 0.678 0.015 0.168 0.004 0.015
0.007 0.004 0.01 0.956 0.009 0.004 0.004 0.006
0.005 0.004 0.004 0.968 0.008 0.004 0.004 0.004
0.008 0.006 0.008 0.953 0.008 0.005 0.006 0.005
0.007 0.006 0.012 0.944 0.008 0.008 0.004 0.011
0.01 0.005 0.013 0.91 0.022 0.016 0.011 0.013
0.012 0.005 0.007 0.944 0.009 0.008 0.006 0.008
0.009 0.004 0.004 0.943 0.018 0.005 0.009 0.007
0.062 0.028 0.041 0.167 0.022 0.056 0.028 0.595
0.013 0.01 0.008 0.505 0.006 0.009 0.004 0.445
0.017 0.004 0.007 0.026 0.012 0.005 0.011 0.919
0.009 0.003 0.007 0.021 0.006 0.145 0.006 0.801
0.034 0.005 0.005 0.587 0.006 0.216 0.026 0.12
0.017 0.005 0.031 0.338 0.014 0.408 0.007 0.179
0.056 0.006 0.009 0.818 0.031 0.038 0.006 0.036
0.009 0.013 0.013 0.889 0.014 0.015 0.011 0.037
0.012 0.007 0.048 0.807 0.068 0.018 0.015 0.023
0.029 0.005 0.019 0.776 0.046 0.029 0.004 0.091
0.007 0.004 0.006 0.958 0.005 0.006 0.007 0.007
0.007 0.004 0.006 0.958 0.005 0.005 0.007 0.007
0.007 0.004 0.006 0.958 0.004 0.005 0.007 0.008
0.142 0.005 0.008 0.752 0.015 0.016 0.032 0.031
0.007 0.006 0.005 0.956 0.006 0.005 0.008 0.009
0.039 0.007 0.012 0.077 0.011 0.802 0.01 0.041
0.009 0.005 0.006 0.789 0.014 0.008 0.024 0.143
0.017 0.079 0.056 0.045 0.012 0.328 0.029 0.434
0.009 0.009 0.016 0.874 0.02 0.012 0.009 0.05
0.031 0.005 0.011 0.856 0.016 0.016 0.017 0.048
0.015 0.015 0.009 0.821 0.01 0.011 0.061 0.057
0.01 0.021 0.014 0.045 0.008 0.023 0.026 0.852
0.01 0.004 0.006 0.937 0.006 0.006 0.009 0.022
0.017 0.017 0.022 0.038 0.01 0.008 0.008 0.88
0.01 0.004 0.006 0.94 0.006 0.006 0.009 0.02
0.107 0.007 0.195 0.157 0.486 0.02 0.007 0.021
0.381 0.019 0.022 0.271 0.054 0.011 0.229 0.013
0.081 0.008 0.048 0.405 0.248 0.04 0.046 0.126
0.025 0.051 0.021 0.281 0.435 0.024 0.148 0.016
0.213 0.023 0.011 0.035 0.662 0.02 0.019 0.018
0.02 0.039 0.007 0.04 0.867 0.01 0.006 0.012
0.155 0.103 0.098 0.037 0.53 0.024 0.024 0.03
0.136 0.062 0.133 0.031 0.501 0.068 0.009 0.06
0.256 0.015 0.016 0.075 0.226 0.175 0.212 0.026
0.043 0.013 0.012 0.035 0.856 0.012 0.012 0.018
0.029 0.012 0.012 0.517 0.165 0.044 0.192 0.03
0.047 0.009 0.058 0.013 0.308 0.541 0.01 0.013
0.017 0.008 0.149 0.006 0.35 0.441 0.021 0.008
0.013 0.007 0.837 0.006 0.034 0.016 0.076 0.012
0.024 0.01 0.651 0.028 0.247 0.016 0.016 0.009
0.017 0.013 0.655 0.006 0.021 0.275 0.007 0.007
0.086 0.016 0.031 0.344 0.461 0.039 0.012 0.01
0.006 0.012 0.947 0.005 0.008 0.007 0.011 0.005
0.013 0.009 0.211 0.01 0.015 0.011 0.721 0.01
0.016 0.018 0.204 0.015 0.113 0.332 0.296 0.006
0.009 0.008 0.842 0.006 0.037 0.029 0.06 0.01
0.028 0.017 0.589 0.01 0.271 0.071 0.008 0.006
0.024 0.006 0.446 0.012 0.248 0.054 0.198 0.012
0.005 0.01 0.029 0.005 0.017 0.211 0.719 0.005
0.883 0.008 0.017 0.006 0.033 0.029 0.005 0.018
