0.012 0.012 0.013 0.896 0.014 0.008 0.007 0.01 0.005 0.006 0.01 0.006
0.01 0.018 0.004 0.882 0.009 0.006 0.012 0.021 0.012 0.01 0.009 0.008
0.022 0.016 0.005 0.825 0.006 0.028 0.004 0.015 0.041 0.007 0.007 0.025
0.005 0.032 0.007 0.632 0.005 0.099 0.043 0.006 0.004 0.02 0.141 0.005
0.032 0.016 0.007 0.821 0.012 0.031 0.008 0.03 0.014 0.015 0.006 0.008
0.021 0.16 0.011 0.588 0.006 0.051 0.024 0.028 0.093 0.007 0.005 0.007
0.264 0.068 0.006 0.081 0.009 0.011 0.011 0.023 0.172 0.336 0.007 0.014
0.099 0.015 0.003 0.662 0.135 0.005 0.034 0.015 0.007 0.013 0.005 0.007
0.005 0.047 0.004 0.131 0.013 0.307 0.405 0.009 0.008 0.041 0.007 0.023
0.01 0.013 0.004 0.409 0.004 0.095 0.4 0.012 0.02 0.008 0.004 0.019
0.006 0.007 0.007 0.82 0.005 0.038 0.034 0.05 0.005 0.015 0.005 0.009
0.016 0.012 0.008 0.887 0.005 0.006 0.008 0.01 0.023 0.008 0.011 0.007
0.005 0.008 0.006 0.844 0.005 0.059 0.021 0.005 0.029 0.008 0.005 0.005
0.364 0.03 0.006 0.143 0.059 0.009 0.01 0.346 0.008 0.013 0.005 0.006
0.06 0.027 0.015 0.562 0.022 0.009 0.188 0.022 0.014 0.054 0.02 0.007
0.005 0.009 0.014 0.88 0.006 0.012 0.011 0.006 0.021 0.027 0.007 0.004
0.021 0.011 0.027 0.273 0.008 0.02 0.552 0.016 0.035 0.025 0.006 0.009
0.004 0.025 0.008 0.743 0.017 0.022 0.06 0.056 0.038 0.009 0.005 0.013
0.004 0.562 0.016 0.211 0.005 0.018 0.022 0.012 0.009 0.132 0.005 0.005
0.661 0.13 0.011 0.026 0.008 0.04 0.037 0.012 0.026 0.025 0.008 0.015
0.005 0.552 0.004 0.029 0.032 0.009 0.089 0.117 0.012 0.138 0.006 0.007
0.009 0.012 0.022 0.891 0.005 0.012 0.01 0.005 0.012 0.004 0.004 0.015
0.018 0.028 0.101 0.656 0.012 0.01 0.036 0.054 0.006 0.018 0.009 0.05
0.006 0.006 0.006 0.926 0.005 0.005 0.012 0.009 0.011 0.005 0.004 0.005
0.061 0.02 0.545 0.013 0.175 0.035 0.009 0.062 0.01 0.004 0.042 0.024
0.033 0.004 0.804 0.004 0.125 0.004 0.003 0.005 0.005 0.003 0.004 0.006
0.018 0.097 0.458 0.006 0.013 0.013 0.005 0.006 0.005 0.01 0.362 0.007
0.143 0.018 0.42 0.032 0.137 0.073 0.096 0.008 0.006 0.017 0.006 0.044
0.005 0.007 0.8 0.078 0.007 0.007 0.01 0.006 0.047 0.01 0.009 0.012
0.111 0.012 0.787 0.005 0.042 0.008 0.004 0.009 0.004 0.005 0.006 0.007
0.004 0.004 0.961 0.005 0.003 0.003 0.003 0.003 0.004 0.003 0.004 0.003
0.019 0.005 0.857 0.008 0.005 0.006 0.006 0.005 0.066 0.005 0.012 0.005
0.043 0.259 0.292 0.01 0.34 0.007 0.006 0.017 0.009 0.004 0.005 0.008
0.006 0.01 0.864 0.009 0.026 0.01 0.011 0.029 0.009 0.005 0.009 0.014
0.023 0.332 0.453 0.017 0.018 0.008 0.019 0.056 0.012 0.012 0.014 0.036
0.666 0.026 0.059 0.028 0.008 0.13 0.011 0.007 0.017 0.007 0.022 0.021
0.007 0.004 0.951 0.004 0.003 0.005 0.003 0.005 0.006 0.004 0.004 0.005
0.004 0.166 0.744 0.007 0.005 0.014 0.005 0.005 0.026 0.005 0.007 0.012
0.012 0.008 0.705 0.035 0.008 0.006 0.081 0.006 0.099 0.008 0.026 0.007
0.006 0.008 0.916 0.008 0.007 0.007 0.008 0.017 0.006 0.005 0.005 0.006
0.015 0.312 0.345 0.024 0.008 0.006 0.013 0.009 0.021 0.23 0.007 0.01
0.057 0.269 0.52 0.039 0.005 0.078 0.004 0.004 0.007 0.006 0.006 0.005
0.039 0.012 0.525 0.009 0.006 0.008 0.012 0.012 0.139 0.004 0.226 0.008
0.005 0.006 0.858 0.008 0.005 0.033 0.035 0.005 0.005 0.029 0.005 0.007
0.015 0.006 0.716 0.009 0.004 0.161 0.024 0.005 0.005 0.045 0.005 0.005
0.005 0.006 0.857 0.007 0.005 0.033 0.037 0.005 0.004 0.029 0.005 0.007
0.006 0.004 0.951 0.004 0.003 0.005 0.003 0.005 0.006 0.004 0.004 0.004
0.006 0.004 0.951 0.004 0.003 0.005 0.003 0.005 0.006 0.004 0.004 0.004
0.003 0.006 0.005 0.005 0.008 0.006 0.011 0.01 0.021 0.006 0.009 0.91
0.003 0.282 0.004 0.011 0.117 0.106 0.071 0.187 0.005 0.01 0.01 0.195
0.025 0.013 0.109 0.008 0.048 0.025 0.008 0.307 0.155 0.012 0.039 0.253
0.005 0.054 0.004 0.03 0.714 0.005 0.005 0.008 0.008 0.008 0.01 0.149
0.006 0.018 0.005 0.005 0.015 0.008 0.025 0.009 0.022 0.021 0.785 0.081
0.004 0.005 0.007 0.006 0.362 0.006 0.024 0.006 0.009 0.006 0.007 0.558
0.007 0.03 0.027 0.051 0.376 0.011 0.028 0.059 0.108 0.007 0.01 0.286
0.011 0.022 0.006 0.007 0.79 0.013 0.012 0.005 0.01 0.006 0.014 0.104
0.01 0.025 0.006 0.008 0.776 0.013 0.012 0.006 0.01 0.006 0.015 0.114
0.006 0.015 0.006 0.017 0.005 0.03 0.105 0.009 0.066 0.016 0.059 0.666
0.004 0.145 0.007 0.035 0.057 0.008 0.02 0.214 0.01 0.005 0.317 0.179
0.006 0.034 0.012 0.023 0.007 0.013 0.006 0.008 0.04 0.008 0.011 0.833
0.007 0.007 0.005 0.009 0.844 0.005 0.005 0.008 0.013 0.009 0.008 0.079
0.019 0.02 0.016 0.058 0.053 0.009 0.018 0.509 0.024 0.006 0.105 0.163
0.004 0.006 0.007 0.006 0.057 0.054 0.438 0.025 0.013 0.023 0.005 0.362
0.036 0.008 0.006 0.005 0.172 0.006 0.013 0.004 0.021 0.012 0.007 0.709
0.056 0.014 0.006 0.006 0.346 0.014 0.005 0.006 0.017 0.009 0.031 0.491
0.004 0.009 0.005 0.008 0.007 0.008 0.008 0.004 0.011 0.005 0.924 0.007
0.004 0.013 0.003 0.009 0.006 0.004 0.004 0.004 0.004 0.004 0.928 0.016
0.003 0.004 0.004 0.003 0.004 0.003 0.004 0.003 0.004 0.005 0.961 0.004
0.003 0.004 0.004 0.004 0.004 0.004 0.004 0.003 0.004 0.012 0.951 0.004
0.005 0.01 0.004 0.014 0.014 0.004 0.054 0.031 0.336 0.004 0.073 0.452
0.007 0.009 0.008 0.01 0.05 0.015 0.031 0.025 0.048 0.009 0.011 0.778
0.005 0.075 0.005 0.058 0.008 0.011 0.008 0.011 0.012 0.031 0.23 0.546
0.112 0.07 0.02 0.109 0.415 0.178 0.008 0.029 0.031 0.005 0.007 0.016
0.01 0.005 0.007 0.007 0.004 0.925 0.006 0.014 0.006 0.005 0.004 0.005
0.022 0.015 0.024 0.023 0.025 0.713 0.026 0.054 0.046 0.013 0.008 0.031
0.022 0.031 0.006 0.013 0.019 0.591 0.15 0.029 0.049 0.035 0.006 0.049
0.013 0.031 0.004 0.022 0.049 0.019 0.022 0.027 0.747 0.03 0.014 0.024
0.01 0.112 0.058 0.435 0.035 0.017 0.007 0.017 0.089 0.034 0.111 0.076
0.007 0.478 0.01 0.091 0.008 0.123 0.14 0.017 0.04 0.008 0.033 0.045
0.008 0.786 0.01 0.017 0.009 0.015 0.005 0.008 0.019 0.013 0.025 0.085
0.016 0.651 0.009 0.023 0.008 0.16 0.007 0.012 0.03 0.011 0.011 0.063
0.004 0.004 0.004 0.004 0.003 0.956 0.004 0.003 0.003 0.008 0.003 0.003
0.067 0.009 0.007 0.008 0.006 0.861 0.004 0.01 0.013 0.006 0.006 0.005
0.018 0.019 0.026 0.061 0.007 0.755 0.025 0.006 0.04 0.018 0.01 0.018
0.021 0.41 0.007 0.012 0.005 0.407 0.026 0.006 0.023 0.006 0.068 0.01
0.015 0.098 0.082 0.069 0.005 0.046 0.013 0.195 0.32 0.006 0.012 0.139
0.018 0.095 0.163 0.029 0.008 0.1 0.022 0.221 0.174 0.006 0.006 0.158
0.005 0.009 0.007 0.005 0.004 0.936 0.004 0.004 0.005 0.006 0.004 0.011
0.024 0.173 0.012 0.019 0.033 0.08 0.361 0.013 0.232 0.013 0.004 0.035
0.035 0.184 0.028 0.019 0.02 0.028 0.006 0.033 0.071 0.005 0.517 0.053
0.006 0.035 0.006 0.035 0.006 0.784 0.042 0.007 0.053 0.004 0.01 0.012
0.008 0.02 0.004 0.005 0.005 0.789 0.02 0.005 0.087 0.008 0.008 0.042
0.368 0.044 0.007 0.01 0.062 0.275 0.036 0.015 0.022 0.009 0.017 0.135
0.008 0.17 0.007 0.008 0.005 0.753 0.008 0.004 0.005 0.007 0.009 0.016
0.007 0.402 0.007 0.062 0.007 0.381 0.047 0.006 0.006 0.051 0.012 0.012
0.008 0.245 0.012 0.024 0.004 0.617 0.019 0.008 0.034 0.008 0.011 0.01
0.014 0.014 0.008 0.006 0.007 0.105 0.01 0.014 0.774 0.011 0.005 0.033
0.012 0.01 0.014 0.008 0.009 0.014 0.009 0.021 0.874 0.006 0.013 0.01
0.005 0.005 0.004 0.005 0.005 0.004 0.004 0.005 0.946 0.004 0.005 0.008
0.006 0.429 0.005 0.006 0.009 0.01 0.007 0.013 0.414 0.004 0.007 0.09
0.041 0.011 0.009 0.007 0.006 0.007 0.009 0.007 0.214 0.009 0.673 0.007
0.018 0.422 0.011 0.009 0.007 0.007 0.008 0.006 0.434 0.007 0.02 0.052
0.004 0.005 0.036 0.005 0.003 0.004 0.004 0.086 0.835 0.004 0.005 0.008
0.008 0.026 0.008 0.008 0.004 0.012 0.006 0.015 0.713 0.181 0.004 0.014
0.008 0.711 0.006 0.024 0.006 0.148 0.009 0.007 0.029 0.008 0.029 0.017
0.009 0.58 0.007 0.006 0.011 0.013 0.011 0.006 0.05 0.012 0.015 0.282
0.018 0.236 0.03 0.035 0.011 0.066 0.005 0.044 0.112 0.027 0.007 0.408
0.023 0.033 0.153 0.026 0.016 0.049 0.102 0.474 0.08 0.007 0.019 0.02
0.006 0.016 0.007 0.012 0.017 0.737 0.035 0.017 0.016 0.103 0.009 0.025
0.024 0.007 0.005 0.009 0.004 0.128 0.008 0.028 0.764 0.007 0.01 0.006
0.014 0.069 0.047 0.067 0.008 0.045 0.005 0.006 0.589 0.065 0.034 0.051
0.01 0.019 0.026 0.012 0.005 0.021 0.006 0.007 0.377 0.005 0.504 0.007
0.011 0.535 0.006 0.009 0.006 0.178 0.04 0.012 0.079 0.059 0.007 0.056
0.007 0.611 0.011 0.037 0.012 0.007 0.013 0.014 0.228 0.011 0.01 0.041
0.117 0.029 0.006 0.019 0.031 0.1 0.007 0.007 0.615 0.006 0.016 0.046
0.014 0.014 0.025 0.038 0.007 0.014 0.041 0.014 0.502 0.01 0.295 0.026
0.286 0.098 0.043 0.014 0.085 0.021 0.025 0.066 0.131 0.023 0.013 0.195
0.014 0.08 0.029 0.024 0.004 0.174 0.008 0.008 0.065 0.007 0.043 0.545
0.007 0.067 0.017 0.006 0.007 0.727 0.019 0.006 0.013 0.043 0.011 0.077
0.005 0.018 0.012 0.013 0.007 0.599 0.014 0.006 0.065 0.014 0.01 0.237
0.24 0.082 0.009 0.012 0.084 0.046 0.015 0.05 0.424 0.006 0.018 0.014
0.453 0.019 0.074 0.017 0.007 0.056 0.01 0.095 0.189 0.005 0.057 0.018
0.309 0.021 0.124 0.021 0.156 0.009 0.018 0.277 0.039 0.005 0.009 0.012
0.072 0.033 0.036 0.146 0.011 0.326 0.046 0.235 0.053 0.012 0.012 0.019
0.007 0.009 0.007 0.891 0.013 0.01 0.007 0.005 0.03 0.005 0.007 0.008
0.098 0.425 0.008 0.35 0.005 0.057 0.006 0.016 0.009 0.005 0.006 0.014
0.433 0.035 0.022 0.244 0.041 0.026 0.013 0.055 0.035 0.005 0.067 0.023
0.157 0.015 0.033 0.38 0.031 0.014 0.011 0.021 0.204 0.005 0.011 0.117
0.044 0.044 0.012 0.664 0.005 0.103 0.023 0.011 0.01 0.026 0.037 0.019
0.011 0.01 0.007 0.044 0.009 0.021 0.009 0.006 0.818 0.013 0.015 0.036
0.068 0.545 0.013 0.102 0.019 0.209 0.007 0.012 0.008 0.005 0.004 0.009
0.604 0.023 0.009 0.084 0.024 0.101 0.004 0.004 0.113 0.007 0.011 0.016
0.02 0.006 0.005 0.932 0.003 0.007 0.006 0.004 0.004 0.004 0.003 0.005
0.739 0.016 0.009 0.023 0.009 0.007 0.006 0.022 0.14 0.004 0.007 0.017
0.177 0.026 0.044 0.564 0.008 0.018 0.022 0.007 0.097 0.005 0.01 0.022
0.044 0.009 0.007 0.884 0.007 0.008 0.006 0.005 0.015 0.005 0.004 0.006
0.008 0.014 0.021 0.831 0.008 0.01 0.007 0.052 0.011 0.004 0.008 0.027
0.028 0.014 0.01 0.874 0.007 0.007 0.005 0.008 0.016 0.008 0.009 0.013
0.005 0.008 0.015 0.894 0.007 0.009 0.007 0.006 0.012 0.004 0.006 0.028
0.01 0.018 0.02 0.65 0.006 0.16 0.017 0.005 0.007 0.073 0.01 0.024
0.273 0.014 0.015 0.423 0.009 0.127 0.009 0.008 0.073 0.006 0.006 0.038
0.678 0.018 0.01 0.198 0.007 0.028 0.006 0.017 0.012 0.007 0.008 0.01
0.023 0.012 0.005 0.449 0.009 0.37 0.012 0.021 0.021 0.046 0.023 0.01
0.1 0.025 0.01 0.328 0.02 0.105 0.023 0.017 0.014 0.033 0.303 0.022
0.87 0.023 0.004 0.004 0.017 0.015 0.007 0.005 0.013 0.015 0.02 0.008
0.584 0.021 0.079 0.044 0.008 0.046 0.01 0.052 0.046 0.083 0.007 0.019
0.601 0.032 0.012 0.052 0.014 0.13 0.035 0.005 0.007 0.046 0.02 0.046
0.285 0.122 0.019 0.14 0.031 0.085 0.027 0.054 0.082 0.092 0.033 0.03
0.694 0.011 0.007 0.216 0.004 0.008 0.006 0.01 0.025 0.005 0.007 0.007
0.215 0.35 0.009 0.153 0.008 0.074 0.012 0.02 0.111 0.018 0.013 0.017
0.949 0.006 0.006 0.006 0.005 0.004 0.004 0.003 0.005 0.004 0.004 0.004
0.862 0.008 0.006 0.037 0.01 0.007 0.006 0.004 0.04 0.008 0.004 0.005
0.468 0.01 0.196 0.235 0.034 0.011 0.004 0.009 0.006 0.01 0.01 0.008
0.875 0.015 0.016 0.025 0.009 0.025 0.006 0.004 0.007 0.005 0.006 0.008
0.698 0.011 0.016 0.013 0.006 0.123 0.033 0.005 0.023 0.039 0.006 0.026
0.923 0.009 0.008 0.009 0.005 0.006 0.013 0.007 0.005 0.006 0.004 0.004
0.954 0.004 0.004 0.004 0.004 0.004 0.003 0.003 0.009 0.004 0.004 0.003
0.564 0.025 0.061 0.033 0.032 0.027 0.019 0.024 0.129 0.023 0.036 0.027
0.894 0.012 0.006 0.023 0.014 0.007 0.005 0.005 0.008 0.008 0.011 0.008
0.604 0.011 0.261 0.009 0.007 0.026 0.006 0.007 0.029 0.005 0.007 0.03
0.948 0.004 0.008 0.005 0.005 0.004 0.004 0.004 0.004 0.003 0.003 0.004
0.064 0.299 0.008 0.179 0.007 0.036 0.125 0.01 0.035 0.025 0.156 0.057
0.934 0.007 0.004 0.007 0.007 0.016 0.004 0.004 0.004 0.006 0.003 0.005
0.931 0.007 0.007 0.011 0.004 0.004 0.004 0.003 0.014 0.004 0.004 0.006
0.883 0.015 0.019 0.005 0.007 0.02 0.009 0.017 0.007 0.006 0.004 0.006
0.929 0.006 0.006 0.008 0.009 0.009 0.004 0.005 0.008 0.005 0.005 0.006
0.955 0.004 0.004 0.004 0.004 0.008 0.004 0.004 0.004 0.003 0.003 0.004
0.112 0.348 0.005 0.17 0.008 0.111 0.026 0.008 0.053 0.14 0.007 0.012
0.043 0.013 0.005 0.012 0.008 0.028 0.007 0.026 0.054 0.015 0.009 0.782
0.004 0.09 0.005 0.007 0.029 0.019 0.109 0.014 0.14 0.007 0.008 0.568
0.005 0.198 0.004 0.004 0.006 0.006 0.01 0.007 0.119 0.004 0.005 0.631
0.02 0.303 0.03 0.059 0.03 0.164 0.02 0.026 0.306 0.008 0.007 0.028
0.005 0.581 0.006 0.006 0.011 0.01 0.303 0.007 0.035 0.005 0.018 0.015
0.004 0.016 0.005 0.008 0.007 0.027 0.015 0.033 0.07 0.011 0.004 0.8
0.004 0.017 0.004 0.008 0.029 0.008 0.024 0.014 0.09 0.011 0.009 0.782
0.01 0.049 0.008 0.019 0.018 0.093 0.08 0.008 0.056 0.021 0.008 0.63
0.019 0.02 0.052 0.016 0.008 0.018 0.011 0.01 0.057 0.007 0.006 0.775
0.005 0.006 0.011 0.004 0.007 0.014 0.039 0.007 0.006 0.008 0.005 0.89
0.006 0.007 0.021 0.055 0.012 0.009 0.031 0.027 0.085 0.014 0.005 0.729
0.003 0.007 0.005 0.004 0.009 0.004 0.008 0.009 0.006 0.006 0.005 0.934
0.008 0.57 0.005 0.009 0.016 0.008 0.012 0.005 0.011 0.122 0.051 0.183
0.018 0.115 0.004 0.008 0.284 0.032 0.007 0.007 0.009 0.005 0.016 0.496
0.005 0.006 0.031 0.016 0.017 0.006 0.028 0.309 0.551 0.019 0.005 0.006
0.007 0.014 0.006 0.488 0.185 0.006 0.033 0.194 0.016 0.007 0.005 0.038
0.012 0.023 0.01 0.081 0.005 0.022 0.01 0.811 0.007 0.008 0.005 0.007
0.005 0.013 0.009 0.07 0.161 0.006 0.378 0.114 0.074 0.038 0.004 0.129
0.003 0.013 0.007 0.013 0.019 0.006 0.06 0.571 0.249 0.008 0.005 0.045
0.018 0.013 0.017 0.008 0.065 0.026 0.008 0.447 0.024 0.025 0.33 0.018
0.005 0.004 0.006 0.007 0.004 0.005 0.007 0.004 0.012 0.936 0.005 0.004
0.004 0.005 0.004 0.007 0.006 0.008 0.01 0.004 0.009 0.934 0.004 0.005
0.004 0.008 0.006 0.004 0.009 0.011 0.004 0.005 0.005 0.753 0.184 0.008
0.004 0.009 0.011 0.005 0.004 0.005 0.007 0.929 0.007 0.007 0.006 0.005
0.006 0.014 0.009 0.01 0.008 0.006 0.008 0.371 0.045 0.498 0.017 0.007
0.003 0.005 0.011 0.012 0.007 0.013 0.097 0.801 0.009 0.029 0.004 0.011
0.006 0.01 0.004 0.007 0.005 0.018 0.005 0.014 0.005 0.913 0.004 0.009
0.006 0.007 0.031 0.007 0.008 0.006 0.005 0.87 0.007 0.041 0.007 0.007
0.003 0.014 0.007 0.006 0.014 0.007 0.017 0.894 0.007 0.009 0.008 0.012
0.005 0.009 0.016 0.01 0.009 0.039 0.018 0.027 0.01 0.629 0.004 0.225
0.005 0.004 0.003 0.006 0.004 0.011 0.006 0.004 0.004 0.944 0.004 0.004
0.009 0.004 0.011 0.007 0.013 0.065 0.007 0.092 0.009 0.767 0.005 0.012
0.004 0.006 0.011 0.01 0.016 0.006 0.011 0.908 0.006 0.004 0.003 0.015
0.007 0.013 0.008 0.026 0.007 0.037 0.26 0.45 0.022 0.096 0.008 0.066
0.006 0.023 0.012 0.006 0.007 0.083 0.018 0.585 0.012 0.164 0.004 0.081
0.004 0.008 0.016 0.009 0.029 0.021 0.144 0.201 0.005 0.534 0.009 0.022
0.006 0.006 0.089 0.004 0.009 0.006 0.01 0.284 0.005 0.565 0.012 0.006
0.006 0.006 0.015 0.007 0.025 0.004 0.011 0.831 0.028 0.019 0.031 0.016
0.005 0.022 0.004 0.018 0.073 0.01 0.72 0.07 0.015 0.041 0.007 0.015
0.009 0.017 0.011 0.029 0.013 0.005 0.754 0.01 0.108 0.009 0.006 0.03
0.091 0.025 0.014 0.011 0.314 0.009 0.018 0.007 0.014 0.424 0.064 0.009
0.041 0.005 0.007 0.006 0.863 0.005 0.019 0.005 0.006 0.026 0.01 0.008
0.006 0.011 0.008 0.011 0.095 0.011 0.12 0.035 0.01 0.022 0.207 0.465
0.017 0.005 0.004 0.006 0.01 0.009 0.877 0.004 0.015 0.012 0.007 0.034
0.025 0.005 0.008 0.008 0.534 0.01 0.355 0.004 0.005 0.027 0.011 0.008
0.009 0.007 0.005 0.007 0.014 0.047 0.441 0.007 0.007 0.024 0.425 0.007
0.005 0.005 0.004 0.004 0.005 0.008 0.945 0.005 0.005 0.006 0.005 0.004
0.017 0.014 0.008 0.005 0.825 0.01 0.041 0.011 0.022 0.016 0.014 0.017
0.004 0.008 0.006 0.036 0.105 0.01 0.748 0.019 0.04 0.007 0.007 0.01
0.017 0.012 0.009 0.011 0.57 0.017 0.118 0.069 0.019 0.022 0.095 0.041
0.01 0.008 0.006 0.005 0.012 0.022 0.607 0.205 0.005 0.089 0.015 0.017
0.004 0.12 0.003 0.005 0.014 0.005 0.801 0.025 0.005 0.004 0.006 0.008
0.004 0.224 0.004 0.005 0.016 0.007 0.678 0.014 0.019 0.006 0.007 0.016
0.003 0.004 0.003 0.009 0.014 0.007 0.933 0.005 0.009 0.004 0.003 0.006
0.004 0.005 0.003 0.004 0.007 0.006 0.952 0.005 0.003 0.003 0.004 0.004
0.007 0.008 0.007 0.007 0.009 0.006 0.925 0.007 0.004 0.008 0.006 0.006
0.004 0.006 0.006 0.013 0.006 0.006 0.896 0.005 0.014 0.028 0.009 0.006
0.009 0.009 0.004 0.009 0.007 0.017 0.891 0.007 0.008 0.014 0.015 0.008
0.005 0.006 0.004 0.006 0.007 0.007 0.928 0.006 0.006 0.009 0.006 0.01
0.006 0.007 0.003 0.004 0.01 0.009 0.913 0.011 0.018 0.004 0.005 0.009
0.023 0.072 0.028 0.039 0.023 0.037 0.342 0.262 0.043 0.036 0.023 0.071
0.004 0.006 0.011 0.006 0.039 0.006 0.49 0.396 0.006 0.013 0.012 0.011
0.009 0.008 0.003 0.005 0.015 0.012 0.009 0.897 0.018 0.005 0.003 0.015
0.006 0.005 0.003 0.007 0.014 0.007 0.01 0.742 0.012 0.012 0.169 0.013
0.017 0.009 0.005 0.004 0.442 0.007 0.019 0.245 0.012 0.014 0.211 0.014
0.008 0.081 0.005 0.025 0.019 0.011 0.312 0.111 0.023 0.083 0.303 0.018
0.005 0.07 0.004 0.008 0.026 0.012 0.667 0.068 0.08 0.005 0.019 0.036
0.01 0.013 0.009 0.011 0.008 0.01 0.867 0.028 0.011 0.015 0.01 0.008
0.012 0.017 0.006 0.029 0.014 0.096 0.724 0.013 0.016 0.044 0.021 0.008
0.005 0.028 0.004 0.012 0.01 0.025 0.742 0.02 0.055 0.046 0.016 0.037
0.004 0.004 0.003 0.006 0.946 0.003 0.006 0.005 0.005 0.008 0.004 0.004
0.004 0.004 0.003 0.006 0.946 0.003 0.006 0.005 0.005 0.008 0.004 0.004
0.004 0.004 0.003 0.006 0.946 0.003 0.007 0.005 0.006 0.008 0.004 0.004
0.012 0.067 0.004 0.01 0.676 0.006 0.099 0.04 0.039 0.007 0.006 0.035
0.01 0.006 0.006 0.005 0.52 0.015 0.391 0.022 0.006 0.009 0.004 0.007
0.009 0.016 0.005 0.012 0.308 0.009 0.023 0.016 0.007 0.019 0.565 0.011
0.009 0.005 0.005 0.006 0.033 0.035 0.686 0.134 0.009 0.04 0.013 0.024
0.053 0.012 0.036 0.03 0.014 0.007 0.018 0.456 0.067 0.006 0.287 0.015
0.008 0.009 0.009 0.02 0.019 0.02 0.375 0.013 0.031 0.472 0.01 0.015
0.016 0.02 0.005 0.015 0.068 0.012 0.579 0.025 0.118 0.07 0.031 0.04
0.015 0.011 0.01 0.01 0.838 0.006 0.013 0.012 0.037 0.034 0.008 0.007
0.021 0.014 0.024 0.015 0.043 0.007 0.042 0.027 0.452 0.325 0.019 0.012
0.005 0.005 0.003 0.006 0.91 0.004 0.018 0.016 0.017 0.007 0.004 0.005
0.007 0.023 0.011 0.012 0.016 0.009 0.022 0.702 0.008 0.164 0.01 0.016
0.004 0.005 0.003 0.006 0.909 0.004 0.018 0.016 0.017 0.007 0.004 0.006
0.007 0.234 0.009 0.114 0.057 0.217 0.133 0.014 0.011 0.021 0.013 0.17
0.031 0.021 0.017 0.042 0.781 0.044 0.01 0.011 0.01 0.008 0.005 0.021
0.026 0.013 0.005 0.015 0.014 0.124 0.049 0.009 0.142 0.558 0.012 0.032
0.1 0.013 0.018 0.01 0.192 0.502 0.019 0.008 0.01 0.108 0.011 0.01
0.02 0.046 0.026 0.012 0.008 0.228 0.056 0.009 0.018 0.027 0.014 0.535
0.006 0.206 0.042 0.008 0.01 0.503 0.105 0.011 0.01 0.067 0.005 0.026
0.025 0.152 0.107 0.121 0.009 0.153 0.132 0.021 0.043 0.017 0.012 0.207
0.007 0.626 0.027 0.037 0.041 0.111 0.014 0.059 0.019 0.006 0.015 0.039
0.083 0.45 0.005 0.009 0.325 0.023 0.006 0.007 0.008 0.056 0.012 0.015
0.011 0.025 0.012 0.014 0.054 0.591 0.013 0.01 0.007 0.217 0.013 0.035
0.178 0.014 0.007 0.008 0.216 0.162 0.04 0.009 0.01 0.331 0.013 0.013
0.007 0.826 0.006 0.005 0.006 0.008 0.006 0.004 0.01 0.098 0.014 0.008
0.018 0.797 0.006 0.048 0.005 0.029 0.004 0.004 0.008 0.066 0.008 0.006
0.031 0.011 0.006 0.799 0.006 0.014 0.004 0.004 0.046 0.058 0.01 0.01
0.011 0.017 0.008 0.733 0.006 0.064 0.047 0.012 0.005 0.009 0.03 0.061
0.005 0.015 0.009 0.707 0.007 0.012 0.007 0.007 0.006 0.005 0.209 0.013
0.014 0.024 0.013 0.029 0.019 0.182 0.491 0.008 0.011 0.015 0.082 0.113
0.009 0.005 0.009 0.93 0.006 0.007 0.004 0.003 0.009 0.006 0.007 0.005
0.619 0.009 0.008 0.223 0.012 0.015 0.007 0.004 0.065 0.021 0.009 0.009
0.247 0.044 0.011 0.304 0.046 0.086 0.007 0.006 0.005 0.007 0.226 0.012
0.028 0.011 0.008 0.889 0.009 0.008 0.004 0.007 0.012 0.005 0.012 0.007
0.007 0.034 0.013 0.687 0.006 0.09 0.01 0.005 0.009 0.014 0.055 0.069
0.234 0.219 0.004 0.264 0.032 0.063 0.005 0.007 0.011 0.017 0.123 0.02
0.714 0.018 0.009 0.04 0.008 0.021 0.005 0.006 0.005 0.006 0.164 0.006
0.005 0.036 0.007 0.018 0.006 0.007 0.006 0.01 0.008 0.016 0.009 0.871
