0.916 0.02 0.015 0.013 0.027 0.01
0.904 0.014 0.038 0.023 0.008 0.014
0.81 0.091 0.019 0.012 0.009 0.059
0.78 0.008 0.173 0.019 0.009 0.011
0.886 0.045 0.018 0.016 0.016 0.018
0.901 0.027 0.015 0.022 0.018 0.016
0.145 0.187 0.612 0.017 0.012 0.029
0.678 0.163 0.017 0.125 0.006 0.011
0.473 0.011 0.022 0.38 0.007 0.108
0.697 0.011 0.009 0.19 0.008 0.085
0.912 0.01 0.012 0.025 0.019 0.02
0.916 0.018 0.025 0.008 0.02 0.012
0.95 0.008 0.009 0.014 0.009 0.01
0.288 0.454 0.026 0.203 0.015 0.014
0.585 0.093 0.07 0.214 0.022 0.016
0.934 0.009 0.019 0.014 0.015 0.009
0.418 0.029 0.019 0.478 0.035 0.021
0.84 0.008 0.019 0.087 0.019 0.027
0.543 0.009 0.388 0.012 0.02 0.028
0.076 0.792 0.033 0.042 0.018 0.039
0.35 0.012 0.49 0.101 0.008 0.038
0.931 0.011 0.009 0.01 0.017 0.022
0.744 0.018 0.035 0.041 0.127 0.035
0.95 0.011 0.008 0.014 0.009 0.009
0.02 0.198 0.023 0.041 0.663 0.054
0.006 0.131 0.008 0.018 0.828 0.009
0.014 0.027 0.445 0.009 0.476 0.03
0.048 0.239 0.014 0.132 0.383 0.184
0.107 0.012 0.026 0.021 0.813 0.021
0.009 0.153 0.009 0.012 0.806 0.011
0.009 0.008 0.006 0.004 0.968 0.006
0.016 0.059 0.017 0.01 0.886 0.012
0.024 0.221 0.016 0.089 0.522 0.129
0.012 0.01 0.011 0.013 0.941 0.013
0.036 0.049 0.044 0.067 0.628 0.176
0.036 0.856 0.019 0.011 0.041 0.036
0.007 0.01 0.007 0.004 0.965 0.008
0.014 0.008 0.029 0.008 0.847 0.094
0.072 0.026 0.079 0.073 0.736 0.013
0.011 0.011 0.007 0.007 0.955 0.009
0.186 0.026 0.396 0.017 0.345 0.03
0.304 0.053 0.012 0.007 0.567 0.057
0.016 0.086 0.301 0.013 0.569 0.015
0.019 0.009 0.012 0.05 0.888 0.022
0.052 0.06 0.014 0.039 0.797 0.038
0.018 0.01 0.012 0.05 0.889 0.022
0.006 0.01 0.007 0.004 0.966 0.008
0.006 0.01 0.007 0.004 0.965 0.008
0.011 0.005 0.04 0.037 0.01 0.897
0.241 0.006 0.015 0.507 0.007 0.224
0.01 0.025 0.17 0.028 0.321 0.447
0.046 0.011 0.12 0.391 0.007 0.425
0.008 0.008 0.927 0.021 0.007 0.029
0.01 0.007 0.057 0.379 0.013 0.532
0.1 0.018 0.083 0.18 0.077 0.543
0.019 0.081 0.064 0.467 0.01 0.358
0.019 0.077 0.064 0.458 0.01 0.371
0.028 0.01 0.113 0.092 0.01 0.747
0.096 0.007 0.387 0.211 0.028 0.272
0.05 0.009 0.054 0.013 0.02 0.855
0.014 0.14 0.069 0.586 0.009 0.182
0.143 0.019 0.221 0.149 0.158 0.311
0.011 0.009 0.012 0.838 0.012 0.119
0.01 0.056 0.055 0.143 0.009 0.727
0.009 0.274 0.073 0.043 0.008 0.592
0.015 0.008 0.942 0.012 0.009 0.014
0.015 0.007 0.913 0.011 0.007 0.047
0.006 0.005 0.968 0.007 0.007 0.008
0.006 0.006 0.966 0.007 0.007 0.008
0.023 0.009 0.388 0.209 0.009 0.363
0.016 0.014 0.054 0.215 0.024 0.676
0.09 0.009 0.444 0.013 0.01 0.435
0.144 0.642 0.018 0.118 0.025 0.054
0.154 0.722 0.011 0.018 0.026 0.069
0.057 0.137 0.015 0.25 0.035 0.506
0.045 0.056 0.015 0.341 0.015 0.529
0.096 0.021 0.36 0.236 0.007 0.281
0.335 0.021 0.376 0.015 0.098 0.156
0.174 0.023 0.138 0.095 0.016 0.554
0.059 0.02 0.213 0.015 0.022 0.67
0.308 0.03 0.021 0.014 0.015 0.612
0.179 0.076 0.016 0.013 0.017 0.699
0.127 0.805 0.017 0.011 0.007 0.033
0.281 0.504 0.049 0.024 0.047 0.095
0.71 0.073 0.057 0.02 0.02 0.121
0.107 0.019 0.067 0.019 0.221 0.568
0.081 0.041 0.026 0.029 0.408 0.414
0.062 0.032 0.01 0.007 0.009 0.879
0.1 0.12 0.02 0.558 0.03 0.171
0.033 0.055 0.497 0.013 0.065 0.337
0.736 0.041 0.012 0.032 0.016 0.162
0.021 0.035 0.012 0.021 0.008 0.902
0.029 0.596 0.018 0.086 0.013 0.258
0.183 0.029 0.023 0.01 0.009 0.747
0.874 0.013 0.018 0.022 0.009 0.064
0.763 0.017 0.043 0.024 0.018 0.135
0.014 0.192 0.05 0.024 0.017 0.703
0.048 0.178 0.384 0.063 0.027 0.301
0.042 0.013 0.544 0.017 0.017 0.367
0.01 0.011 0.045 0.011 0.009 0.914
0.01 0.036 0.918 0.012 0.011 0.012
0.017 0.047 0.144 0.012 0.021 0.758
0.024 0.01 0.444 0.024 0.153 0.345
0.042 0.02 0.591 0.016 0.032 0.299
0.277 0.013 0.074 0.011 0.018 0.606
0.01 0.014 0.049 0.017 0.011 0.899
0.029 0.023 0.021 0.009 0.044 0.874
0.079 0.082 0.065 0.371 0.372 0.03
0.058 0.012 0.04 0.089 0.015 0.786
0.098 0.137 0.496 0.062 0.011 0.197
0.127 0.024 0.31 0.013 0.053 0.474
0.03 0.029 0.848 0.009 0.049 0.034
0.013 0.014 0.022 0.023 0.01 0.918
0.119 0.014 0.208 0.042 0.031 0.586
0.061 0.535 0.069 0.037 0.011 0.288
0.077 0.03 0.628 0.058 0.065 0.143
0.023 0.366 0.061 0.103 0.096 0.351
0.024 0.015 0.026 0.008 0.02 0.907
0.017 0.016 0.096 0.024 0.027 0.821
0.023 0.01 0.022 0.015 0.014 0.917
0.06 0.651 0.029 0.088 0.044 0.129
0.1 0.556 0.083 0.015 0.206 0.04
0.076 0.347 0.025 0.155 0.373 0.023
0.254 0.483 0.033 0.151 0.047 0.032
0.93 0.01 0.014 0.018 0.011 0.017
0.847 0.094 0.011 0.01 0.011 0.027
0.25 0.598 0.053 0.038 0.021 0.039
0.573 0.199 0.026 0.026 0.046 0.129
0.863 0.045 0.025 0.015 0.017 0.034
0.366 0.084 0.181 0.062 0.016 0.291
0.883 0.039 0.008 0.013 0.01 0.046
0.084 0.853 0.013 0.008 0.011 0.031
0.946 0.026 0.006 0.007 0.007 0.007
0.049 0.857 0.02 0.012 0.023 0.04
0.55 0.311 0.024 0.032 0.045 0.038
0.839 0.118 0.01 0.01 0.011 0.012
0.888 0.01 0.011 0.011 0.056 0.023
0.895 0.054 0.014 0.01 0.013 0.015
0.93 0.009 0.01 0.01 0.017 0.024
0.902 0.015 0.016 0.014 0.015 0.038
0.565 0.346 0.011 0.012 0.019 0.048
0.23 0.722 0.011 0.01 0.014 0.014
0.704 0.188 0.033 0.046 0.007 0.022
0.393 0.158 0.325 0.037 0.019 0.068
0.007 0.921 0.028 0.011 0.006 0.026
0.064 0.672 0.048 0.015 0.125 0.076
0.13 0.628 0.029 0.035 0.015 0.163
0.241 0.433 0.122 0.05 0.04 0.114
0.274 0.674 0.017 0.011 0.012 0.012
0.477 0.299 0.047 0.031 0.021 0.124
0.011 0.96 0.008 0.006 0.008 0.007
0.069 0.884 0.016 0.011 0.009 0.011
0.23 0.591 0.014 0.009 0.143 0.013
0.018 0.947 0.008 0.008 0.011 0.009
0.038 0.737 0.024 0.042 0.025 0.134
0.016 0.937 0.013 0.017 0.011 0.007
0.006 0.971 0.006 0.005 0.006 0.006
0.05 0.702 0.076 0.031 0.096 0.045
0.025 0.935 0.012 0.008 0.008 0.011
0.018 0.655 0.017 0.008 0.236 0.066
0.007 0.966 0.006 0.006 0.01 0.006
0.18 0.082 0.465 0.056 0.014 0.203
0.009 0.967 0.006 0.006 0.006 0.007
0.018 0.951 0.007 0.006 0.009 0.009
0.01 0.943 0.009 0.01 0.019 0.009
0.012 0.958 0.008 0.007 0.008 0.008
0.007 0.97 0.005 0.006 0.006 0.006
0.752 0.11 0.051 0.037 0.009 0.042
0.026 0.056 0.035 0.014 0.011 0.858
0.011 0.007 0.018 0.154 0.009 0.801
0.007 0.008 0.012 0.012 0.007 0.954
0.632 0.056 0.026 0.041 0.112 0.133
0.024 0.01 0.171 0.265 0.021 0.509
0.013 0.006 0.011 0.021 0.01 0.94
0.013 0.006 0.08 0.164 0.007 0.73
0.03 0.016 0.016 0.073 0.01 0.855
0.021 0.03 0.027 0.016 0.041 0.865
0.007 0.009 0.016 0.058 0.014 0.895
0.083 0.013 0.046 0.12 0.05 0.687
0.006 0.006 0.03 0.023 0.01 0.925
0.102 0.01 0.591 0.015 0.007 0.275
0.024 0.059 0.069 0.098 0.007 0.743
0.027 0.009 0.3 0.34 0.297 0.028
0.457 0.019 0.033 0.41 0.014 0.066
0.429 0.025 0.048 0.15 0.315 0.034
0.038 0.007 0.025 0.803 0.01 0.117
0.02 0.006 0.181 0.614 0.085 0.095
0.016 0.04 0.646 0.08 0.174 0.044
0.027 0.01 0.876 0.051 0.019 0.017
0.034 0.012 0.289 0.604 0.009 0.051
0.009 0.009 0.913 0.019 0.014 0.036
0.023 0.007 0.094 0.351 0.501 0.023
0.02 0.008 0.808 0.035 0.117 0.013
0.014 0.006 0.038 0.653 0.275 0.013
0.021 0.012 0.643 0.034 0.015 0.275
0.035 0.015 0.141 0.136 0.652 0.021
0.015 0.006 0.106 0.479 0.363 0.03
0.019 0.008 0.089 0.311 0.013 0.56
0.071 0.016 0.47 0.218 0.011 0.213
0.023 0.046 0.655 0.193 0.049 0.035
0.039 0.007 0.045 0.682 0.203 0.023
0.05 0.011 0.044 0.641 0.019 0.235
0.014 0.01 0.052 0.124 0.254 0.546
0.012 0.007 0.054 0.712 0.151 0.064
0.009 0.012 0.477 0.076 0.319 0.107
0.011 0.007 0.261 0.335 0.364 0.022
0.026 0.009 0.018 0.915 0.011 0.022
0.038 0.018 0.036 0.843 0.016 0.048
0.015 0.196 0.647 0.113 0.011 0.018
0.008 0.383 0.024 0.564 0.011 0.01
0.021 0.009 0.44 0.285 0.016 0.229
0.01 0.023 0.015 0.923 0.006 0.024
0.011 0.089 0.025 0.848 0.014 0.012
0.018 0.014 0.579 0.357 0.012 0.02
0.01 0.011 0.008 0.948 0.009 0.013
0.008 0.219 0.033 0.712 0.012 0.016
0.039 0.008 0.014 0.908 0.012 0.02
0.01 0.044 0.037 0.88 0.012 0.017
0.009 0.018 0.027 0.923 0.009 0.014
0.013 0.006 0.039 0.886 0.01 0.045
0.008 0.006 0.087 0.79 0.008 0.101
0.014 0.006 0.008 0.957 0.005 0.011
0.007 0.007 0.006 0.965 0.006 0.01
0.013 0.012 0.008 0.945 0.01 0.012
0.021 0.007 0.025 0.923 0.01 0.014
0.026 0.018 0.029 0.889 0.008 0.029
0.011 0.01 0.013 0.942 0.006 0.018
0.008 0.016 0.008 0.941 0.006 0.021
0.058 0.062 0.111 0.666 0.03 0.073
0.016 0.007 0.032 0.875 0.056 0.014
0.016 0.033 0.035 0.893 0.006 0.018
0.016 0.016 0.283 0.668 0.005 0.012
0.007 0.03 0.277 0.66 0.009 0.016
0.028 0.01 0.651 0.271 0.008 0.032
0.01 0.008 0.03 0.89 0.008 0.055
0.022 0.012 0.033 0.899 0.015 0.02
0.068 0.022 0.03 0.838 0.011 0.032
0.028 0.006 0.07 0.822 0.007 0.067
0.009 0.012 0.011 0.953 0.006 0.009
0.009 0.012 0.011 0.952 0.006 0.009
0.009 0.012 0.011 0.953 0.006 0.009
0.009 0.033 0.015 0.905 0.006 0.032
0.006 0.014 0.008 0.955 0.008 0.009
0.012 0.013 0.85 0.101 0.008 0.016
0.008 0.011 0.016 0.948 0.007 0.01
0.089 0.046 0.469 0.075 0.288 0.034
0.034 0.018 0.064 0.837 0.016 0.031
0.018 0.02 0.062 0.861 0.008 0.032
0.014 0.099 0.032 0.825 0.016 0.015
0.035 0.037 0.758 0.109 0.036 0.025
0.008 0.014 0.01 0.951 0.006 0.01
0.076 0.012 0.15 0.398 0.304 0.06
0.008 0.014 0.011 0.951 0.006 0.01
0.503 0.01 0.029 0.198 0.01 0.251
0.023 0.418 0.025 0.331 0.018 0.185
0.071 0.055 0.259 0.22 0.01 0.385
0.045 0.322 0.072 0.212 0.066 0.284
0.018 0.019 0.021 0.028 0.022 0.891
0.023 0.016 0.012 0.089 0.03 0.83
0.106 0.028 0.028 0.027 0.094 0.716
0.355 0.012 0.071 0.048 0.067 0.447
0.027 0.31 0.164 0.056 0.014 0.427
0.057 0.034 0.039 0.1 0.024 0.746
0.027 0.361 0.11 0.297 0.016 0.189
0.059 0.017 0.519 0.016 0.014 0.376
0.294 0.037 0.373 0.01 0.017 0.268
0.88 0.06 0.027 0.008 0.008 0.018
0.872 0.014 0.012 0.036 0.01 0.056
0.76 0.009 0.184 0.009 0.014 0.023
0.061 0.022 0.041 0.316 0.023 0.536
0.947 0.017 0.01 0.008 0.01 0.008
0.198 0.745 0.022 0.012 0.009 0.014
0.343 0.387 0.218 0.015 0.014 0.022
0.913 0.042 0.013 0.01 0.01 0.013
0.861 0.012 0.019 0.011 0.016 0.08
0.688 0.202 0.057 0.016 0.007 0.03
0.057 0.738 0.176 0.006 0.012 0.01
0.022 0.008 0.052 0.011 0.011 0.897
