0.029 0.114 0.824 0.017 0.016
0.019 0.011 0.911 0.03 0.029
0.09 0.014 0.824 0.019 0.053
0.013 0.013 0.874 0.037 0.064
0.046 0.069 0.842 0.025 0.017
0.039 0.028 0.884 0.034 0.015
0.358 0.053 0.227 0.233 0.129
0.211 0.01 0.626 0.134 0.019
0.015 0.01 0.491 0.443 0.041
0.015 0.011 0.694 0.253 0.027
0.014 0.074 0.851 0.045 0.016
0.029 0.103 0.832 0.013 0.023
0.011 0.013 0.939 0.027 0.011
0.438 0.023 0.299 0.22 0.02
0.105 0.035 0.554 0.275 0.031
0.012 0.021 0.93 0.024 0.013
0.036 0.048 0.357 0.542 0.018
0.012 0.033 0.783 0.142 0.029
0.011 0.025 0.836 0.022 0.105
0.781 0.028 0.099 0.063 0.03
0.014 0.018 0.645 0.174 0.148
0.017 0.027 0.92 0.015 0.021
0.025 0.253 0.621 0.065 0.035
0.016 0.014 0.937 0.021 0.012
0.253 0.658 0.02 0.032 0.037
0.171 0.793 0.009 0.013 0.014
0.038 0.449 0.02 0.012 0.482
0.32 0.34 0.081 0.195 0.064
0.014 0.811 0.117 0.027 0.031
0.192 0.768 0.014 0.013 0.014
0.011 0.959 0.014 0.006 0.009
0.093 0.852 0.022 0.015 0.018
0.299 0.49 0.03 0.062 0.118
0.013 0.944 0.016 0.014 0.014
0.061 0.575 0.037 0.063 0.264
0.847 0.051 0.053 0.015 0.033
0.014 0.96 0.009 0.006 0.01
0.013 0.827 0.021 0.012 0.127
0.043 0.776 0.071 0.081 0.03
0.015 0.946 0.017 0.01 0.012
0.032 0.356 0.325 0.115 0.173
0.06 0.56 0.334 0.011 0.035
0.141 0.574 0.024 0.017 0.244
0.014 0.804 0.037 0.13 0.015
0.065 0.709 0.094 0.118 0.013
0.015 0.805 0.037 0.128 0.015
0.014 0.96 0.009 0.006 0.01
0.014 0.96 0.009 0.007 0.01
0.008 0.02 0.016 0.072 0.884
0.009 0.009 0.332 0.584 0.065
0.035 0.423 0.015 0.06 0.467
0.015 0.009 0.029 0.142 0.804
0.011 0.011 0.011 0.019 0.948
0.011 0.017 0.015 0.185 0.772
0.029 0.219 0.086 0.183 0.484
0.138 0.011 0.02 0.179 0.652
0.128 0.01 0.019 0.169 0.674
0.016 0.014 0.045 0.169 0.756
0.008 0.029 0.042 0.059 0.861
0.013 0.031 0.053 0.02 0.883
0.251 0.013 0.017 0.396 0.323
0.026 0.31 0.073 0.124 0.467
0.012 0.015 0.014 0.926 0.032
0.097 0.014 0.014 0.1 0.775
0.333 0.012 0.012 0.028 0.615
0.01 0.013 0.019 0.018 0.94
0.009 0.014 0.014 0.014 0.949
0.009 0.014 0.01 0.013 0.954
0.012 0.014 0.012 0.015 0.948
0.012 0.011 0.022 0.092 0.863
0.02 0.033 0.025 0.152 0.77
0.01 0.012 0.051 0.017 0.91
0.605 0.031 0.263 0.069 0.033
0.446 0.028 0.485 0.023 0.019
0.218 0.054 0.194 0.485 0.048
0.11 0.028 0.075 0.732 0.055
0.036 0.012 0.1 0.53 0.323
0.032 0.239 0.302 0.035 0.392
0.026 0.021 0.226 0.038 0.689
0.025 0.026 0.062 0.019 0.867
0.059 0.031 0.584 0.03 0.296
0.213 0.026 0.672 0.054 0.034
0.546 0.012 0.4 0.019 0.023
0.319 0.049 0.567 0.028 0.037
0.112 0.03 0.758 0.025 0.075
0.024 0.431 0.121 0.029 0.395
0.061 0.681 0.079 0.045 0.134
0.21 0.028 0.645 0.024 0.093
0.128 0.052 0.147 0.6 0.073
0.048 0.073 0.026 0.015 0.838
0.069 0.02 0.823 0.056 0.032
0.15 0.017 0.167 0.15 0.517
0.713 0.019 0.048 0.118 0.102
0.111 0.017 0.712 0.04 0.121
0.018 0.013 0.903 0.039 0.027
0.027 0.022 0.866 0.032 0.053
0.368 0.036 0.035 0.074 0.488
0.283 0.051 0.072 0.176 0.418
0.026 0.066 0.085 0.061 0.762
0.018 0.016 0.016 0.018 0.932
0.092 0.028 0.019 0.027 0.834
0.065 0.03 0.023 0.015 0.867
0.019 0.221 0.033 0.065 0.663
0.04 0.135 0.102 0.239 0.485
0.017 0.03 0.394 0.015 0.544
0.026 0.017 0.018 0.022 0.918
0.076 0.159 0.113 0.017 0.634
0.076 0.489 0.105 0.292 0.038
0.038 0.038 0.169 0.513 0.243
0.17 0.031 0.276 0.12 0.404
0.038 0.084 0.236 0.027 0.616
0.046 0.075 0.04 0.012 0.827
0.037 0.022 0.043 0.159 0.739
0.02 0.058 0.126 0.044 0.752
0.729 0.015 0.083 0.071 0.102
0.026 0.094 0.104 0.058 0.717
0.37 0.121 0.032 0.084 0.394
0.029 0.051 0.072 0.014 0.834
0.035 0.108 0.066 0.1 0.691
0.026 0.037 0.145 0.11 0.682
0.737 0.054 0.046 0.069 0.095
0.612 0.23 0.081 0.023 0.055
0.417 0.391 0.065 0.097 0.029
0.309 0.056 0.487 0.11 0.038
0.012 0.015 0.923 0.017 0.033
0.113 0.017 0.827 0.015 0.027
0.52 0.043 0.298 0.041 0.098
0.293 0.134 0.434 0.052 0.086
0.063 0.023 0.855 0.029 0.03
0.145 0.026 0.41 0.103 0.315
0.053 0.015 0.897 0.018 0.017
0.83 0.016 0.115 0.009 0.03
0.036 0.01 0.934 0.01 0.01
0.856 0.041 0.047 0.014 0.042
0.321 0.072 0.518 0.037 0.052
0.142 0.017 0.811 0.015 0.015
0.018 0.188 0.747 0.02 0.027
0.079 0.019 0.862 0.015 0.026
0.013 0.023 0.919 0.014 0.031
0.02 0.018 0.905 0.031 0.025
0.402 0.022 0.53 0.016 0.03
0.578 0.021 0.367 0.015 0.019
0.145 0.01 0.756 0.067 0.022
0.222 0.022 0.401 0.064 0.291
0.925 0.01 0.013 0.018 0.034
0.643 0.206 0.088 0.028 0.035
0.67 0.02 0.175 0.072 0.064
0.492 0.063 0.265 0.086 0.094
0.694 0.016 0.258 0.014 0.017
0.337 0.03 0.484 0.045 0.105
0.952 0.013 0.016 0.009 0.01
0.878 0.014 0.077 0.016 0.015
0.568 0.244 0.161 0.012 0.014
0.919 0.019 0.037 0.011 0.014
0.79 0.023 0.062 0.091 0.034
0.916 0.013 0.035 0.025 0.011
0.966 0.009 0.009 0.007 0.009
0.708 0.127 0.059 0.044 0.061
0.923 0.011 0.035 0.012 0.019
0.681 0.24 0.025 0.011 0.043
0.957 0.016 0.011 0.009 0.008
0.084 0.016 0.225 0.033 0.642
0.956 0.009 0.018 0.008 0.009
0.944 0.013 0.022 0.009 0.012
0.921 0.029 0.021 0.016 0.013
0.956 0.01 0.015 0.009 0.01
0.959 0.008 0.015 0.009 0.008
0.108 0.013 0.773 0.071 0.035
0.157 0.053 0.064 0.049 0.678
0.011 0.014 0.019 0.333 0.622
0.014 0.012 0.011 0.019 0.945
0.074 0.142 0.684 0.04 0.059
0.014 0.022 0.024 0.076 0.865
0.011 0.036 0.038 0.145 0.77
0.009 0.011 0.015 0.135 0.83
0.043 0.023 0.14 0.296 0.499
0.037 0.08 0.031 0.023 0.828
0.021 0.035 0.017 0.217 0.71
0.022 0.134 0.087 0.187 0.571
0.009 0.018 0.009 0.037 0.927
0.015 0.012 0.174 0.016 0.783
0.099 0.009 0.051 0.04 0.801
0.013 0.393 0.035 0.504 0.055
0.022 0.023 0.534 0.249 0.172
0.026 0.468 0.343 0.139 0.024
0.01 0.015 0.045 0.765 0.165
0.008 0.151 0.024 0.655 0.162
0.079 0.239 0.025 0.141 0.516
0.015 0.065 0.028 0.758 0.133
0.017 0.012 0.031 0.906 0.034
0.019 0.051 0.026 0.463 0.442
0.01 0.586 0.03 0.328 0.046
0.015 0.282 0.033 0.532 0.138
0.009 0.292 0.016 0.671 0.013
0.027 0.046 0.052 0.554 0.322
0.018 0.708 0.028 0.227 0.02
0.01 0.418 0.02 0.512 0.039
0.02 0.037 0.066 0.676 0.201
0.039 0.019 0.094 0.76 0.089
0.03 0.08 0.045 0.746 0.099
0.011 0.231 0.056 0.677 0.025
0.013 0.024 0.056 0.831 0.075
0.022 0.317 0.04 0.407 0.214
0.01 0.071 0.013 0.885 0.021
0.017 0.352 0.013 0.491 0.127
0.011 0.453 0.015 0.42 0.101
0.012 0.019 0.028 0.914 0.027
0.023 0.02 0.05 0.828 0.078
0.249 0.054 0.028 0.495 0.173
0.423 0.013 0.01 0.536 0.018
0.013 0.015 0.021 0.314 0.637
0.034 0.008 0.013 0.915 0.029
0.126 0.017 0.013 0.826 0.018
0.036 0.021 0.046 0.559 0.338
0.015 0.013 0.014 0.946 0.012
0.291 0.013 0.01 0.641 0.045
0.01 0.022 0.058 0.883 0.027
0.145 0.014 0.014 0.797 0.03
0.02 0.013 0.013 0.937 0.018
0.01 0.014 0.019 0.694 0.263
0.009 0.011 0.012 0.519 0.449
0.009 0.007 0.017 0.956 0.011
0.01 0.009 0.01 0.961 0.011
0.014 0.013 0.017 0.937 0.018
0.009 0.014 0.025 0.934 0.017
0.022 0.015 0.03 0.907 0.026
0.015 0.009 0.016 0.938 0.022
0.029 0.01 0.013 0.926 0.022
0.057 0.049 0.092 0.672 0.13
0.009 0.104 0.018 0.851 0.018
0.035 0.009 0.044 0.888 0.024
0.02 0.008 0.032 0.796 0.143
0.065 0.013 0.011 0.696 0.215
0.015 0.012 0.043 0.514 0.415
0.014 0.011 0.016 0.846 0.112
0.014 0.016 0.024 0.918 0.029
0.034 0.015 0.086 0.839 0.027
0.009 0.01 0.033 0.885 0.062
0.035 0.01 0.012 0.93 0.014
0.035 0.01 0.012 0.93 0.013
0.035 0.01 0.011 0.93 0.014
0.073 0.01 0.013 0.826 0.078
0.043 0.012 0.01 0.923 0.012
0.018 0.014 0.024 0.144 0.8
0.013 0.01 0.012 0.95 0.015
0.089 0.491 0.086 0.147 0.187
0.02 0.019 0.031 0.907 0.023
0.023 0.011 0.019 0.909 0.038
0.146 0.019 0.015 0.802 0.019
0.074 0.122 0.03 0.64 0.134
0.044 0.01 0.011 0.919 0.015
0.015 0.406 0.034 0.512 0.032
0.045 0.01 0.011 0.919 0.015
0.014 0.015 0.61 0.271 0.09
0.529 0.029 0.033 0.309 0.099
0.099 0.017 0.08 0.668 0.136
0.385 0.073 0.078 0.413 0.052
0.05 0.055 0.064 0.212 0.62
0.051 0.098 0.103 0.491 0.257
0.053 0.219 0.212 0.111 0.404
0.019 0.1 0.448 0.043 0.391
0.378 0.021 0.039 0.087 0.474
0.14 0.038 0.164 0.448 0.21
0.355 0.02 0.029 0.551 0.045
0.025 0.019 0.12 0.03 0.807
0.027 0.019 0.502 0.018 0.434
0.057 0.012 0.895 0.015 0.022
0.018 0.014 0.865 0.063 0.039
0.013 0.021 0.758 0.013 0.196
0.03 0.027 0.092 0.573 0.278
0.026 0.014 0.934 0.013 0.012
0.708 0.013 0.243 0.017 0.019
0.318 0.016 0.488 0.021 0.158
0.058 0.015 0.891 0.015 0.021
0.016 0.021 0.872 0.019 0.072
0.219 0.009 0.701 0.022 0.049
0.72 0.019 0.148 0.011 0.102
0.013 0.022 0.025 0.024 0.916
