0.017 0.031 0.016 0.117 0.819
0.032 0.019 0.028 0.012 0.909
0.019 0.09 0.05 0.015 0.827
0.039 0.013 0.068 0.013 0.867
0.026 0.045 0.017 0.071 0.841
0.035 0.039 0.015 0.03 0.88
0.233 0.365 0.104 0.077 0.221
0.143 0.217 0.019 0.01 0.611
0.453 0.015 0.043 0.01 0.478
0.264 0.015 0.026 0.012 0.683
0.049 0.015 0.016 0.076 0.845
0.013 0.03 0.023 0.105 0.829
0.029 0.011 0.01 0.013 0.936
0.213 0.434 0.019 0.025 0.31
0.283 0.104 0.031 0.036 0.545
0.025 0.012 0.013 0.021 0.929
0.554 0.037 0.017 0.049 0.343
0.151 0.012 0.029 0.033 0.776
0.023 0.011 0.108 0.031 0.826
0.064 0.775 0.031 0.029 0.1
0.184 0.014 0.155 0.023 0.624
0.015 0.018 0.022 0.028 0.917
0.067 0.026 0.037 0.261 0.61
0.022 0.016 0.012 0.014 0.935
0.031 0.26 0.036 0.653 0.021
0.013 0.178 0.014 0.785 0.009
0.012 0.039 0.482 0.447 0.02
0.201 0.326 0.062 0.334 0.077
0.027 0.014 0.031 0.813 0.115
0.013 0.199 0.014 0.76 0.014
0.007 0.012 0.009 0.958 0.015
0.015 0.093 0.018 0.849 0.024
0.062 0.305 0.122 0.481 0.03
0.014 0.013 0.015 0.942 0.016
0.062 0.065 0.255 0.58 0.039
0.015 0.846 0.033 0.051 0.055
0.007 0.014 0.01 0.959 0.01
0.012 0.013 0.129 0.824 0.021
0.076 0.044 0.029 0.781 0.07
0.011 0.015 0.012 0.945 0.018
0.114 0.033 0.162 0.377 0.313
0.011 0.061 0.036 0.561 0.332
0.017 0.14 0.243 0.574 0.027
0.133 0.015 0.015 0.799 0.038
0.121 0.066 0.013 0.703 0.098
0.134 0.015 0.015 0.798 0.038
0.007 0.014 0.01 0.959 0.009
0.007 0.015 0.01 0.959 0.01
0.074 0.008 0.88 0.021 0.017
0.582 0.009 0.07 0.01 0.329
0.06 0.036 0.453 0.435 0.016
0.119 0.014 0.829 0.009 0.028
0.02 0.011 0.947 0.011 0.011
0.167 0.012 0.79 0.017 0.015
0.19 0.029 0.461 0.225 0.095
0.157 0.143 0.67 0.011 0.019
0.149 0.131 0.691 0.01 0.018
0.177 0.016 0.746 0.014 0.047
0.056 0.008 0.865 0.03 0.04
0.02 0.014 0.88 0.033 0.054
0.386 0.26 0.324 0.013 0.017
0.124 0.025 0.454 0.326 0.071
0.924 0.012 0.034 0.016 0.015
0.097 0.103 0.772 0.014 0.014
0.03 0.344 0.601 0.012 0.012
0.018 0.01 0.94 0.013 0.019
0.014 0.009 0.949 0.014 0.014
0.013 0.009 0.953 0.014 0.011
0.016 0.012 0.947 0.014 0.012
0.101 0.012 0.852 0.011 0.024
0.16 0.021 0.761 0.033 0.025
0.017 0.011 0.906 0.012 0.054
0.07 0.596 0.033 0.031 0.27
0.023 0.415 0.019 0.028 0.515
0.484 0.213 0.047 0.056 0.201
0.732 0.107 0.057 0.028 0.075
0.531 0.036 0.313 0.013 0.107
0.037 0.033 0.366 0.257 0.307
0.038 0.026 0.685 0.022 0.229
0.02 0.025 0.868 0.026 0.062
0.031 0.058 0.299 0.032 0.58
0.054 0.188 0.032 0.025 0.702
0.019 0.522 0.023 0.013 0.423
0.028 0.294 0.036 0.047 0.595
0.026 0.108 0.079 0.031 0.756
0.03 0.024 0.378 0.443 0.126
0.045 0.058 0.128 0.689 0.081
0.024 0.185 0.083 0.027 0.68
0.605 0.123 0.071 0.053 0.149
0.015 0.051 0.837 0.072 0.026
0.059 0.061 0.031 0.02 0.828
0.154 0.145 0.508 0.017 0.175
0.122 0.713 0.099 0.019 0.048
0.039 0.104 0.118 0.017 0.723
0.042 0.018 0.028 0.013 0.898
0.032 0.028 0.052 0.022 0.866
0.077 0.358 0.483 0.039 0.044
0.183 0.277 0.4 0.06 0.08
0.066 0.027 0.736 0.073 0.097
0.018 0.019 0.93 0.016 0.017
0.026 0.095 0.828 0.032 0.019
0.016 0.067 0.858 0.034 0.025
0.069 0.02 0.644 0.23 0.037
0.243 0.042 0.441 0.171 0.104
0.016 0.017 0.54 0.032 0.394
0.022 0.026 0.915 0.018 0.019
0.018 0.072 0.619 0.17 0.121
0.289 0.074 0.036 0.493 0.108
0.518 0.039 0.226 0.041 0.176
0.119 0.16 0.385 0.034 0.302
0.027 0.038 0.579 0.089 0.266
0.012 0.046 0.822 0.078 0.043
0.171 0.037 0.722 0.023 0.048
0.049 0.02 0.727 0.067 0.137
0.072 0.725 0.097 0.015 0.09
0.063 0.026 0.701 0.099 0.111
0.08 0.38 0.388 0.12 0.032
0.014 0.03 0.831 0.053 0.072
0.102 0.036 0.675 0.117 0.07
0.115 0.027 0.668 0.037 0.154
0.072 0.721 0.098 0.053 0.057
0.024 0.603 0.055 0.231 0.086
0.097 0.418 0.03 0.39 0.066
0.11 0.287 0.036 0.057 0.51
0.015 0.013 0.036 0.015 0.92
0.016 0.112 0.028 0.018 0.826
0.04 0.502 0.094 0.046 0.318
0.054 0.295 0.081 0.14 0.429
0.03 0.062 0.031 0.024 0.853
0.101 0.141 0.308 0.027 0.423
0.019 0.053 0.018 0.015 0.895
0.009 0.814 0.034 0.016 0.128
0.01 0.036 0.01 0.01 0.933
0.015 0.843 0.043 0.042 0.057
0.036 0.304 0.052 0.076 0.532
0.015 0.139 0.015 0.018 0.813
0.02 0.018 0.029 0.189 0.744
0.016 0.078 0.026 0.019 0.861
0.014 0.013 0.032 0.024 0.917
0.032 0.02 0.026 0.019 0.903
0.017 0.394 0.029 0.023 0.537
0.015 0.551 0.019 0.022 0.393
0.063 0.142 0.021 0.01 0.763
0.066 0.22 0.295 0.022 0.397
0.018 0.923 0.035 0.011 0.014
0.027 0.635 0.033 0.211 0.093
0.078 0.661 0.068 0.02 0.172
0.086 0.494 0.092 0.065 0.262
0.015 0.688 0.018 0.017 0.263
0.045 0.321 0.108 0.031 0.495
0.009 0.951 0.01 0.013 0.017
0.017 0.875 0.015 0.014 0.079
0.012 0.565 0.014 0.248 0.161
0.011 0.915 0.015 0.02 0.039
0.094 0.785 0.034 0.024 0.064
0.025 0.916 0.011 0.014 0.035
0.007 0.965 0.009 0.009 0.01
0.044 0.707 0.06 0.13 0.058
0.012 0.917 0.019 0.012 0.041
0.011 0.68 0.042 0.241 0.026
0.009 0.957 0.009 0.015 0.01
0.033 0.09 0.642 0.017 0.218
0.009 0.954 0.009 0.009 0.019
0.009 0.937 0.012 0.013 0.028
0.016 0.919 0.013 0.03 0.022
0.009 0.955 0.01 0.01 0.016
0.01 0.959 0.008 0.009 0.015
0.072 0.11 0.034 0.013 0.77
0.05 0.169 0.655 0.06 0.065
0.344 0.012 0.61 0.015 0.02
0.019 0.014 0.944 0.012 0.011
0.041 0.075 0.058 0.142 0.684
0.078 0.014 0.862 0.022 0.025
0.151 0.011 0.762 0.037 0.039
0.132 0.009 0.832 0.011 0.016
0.31 0.043 0.476 0.024 0.147
0.026 0.038 0.821 0.083 0.033
0.226 0.021 0.7 0.034 0.017
0.205 0.022 0.541 0.14 0.092
0.039 0.009 0.924 0.018 0.01
0.017 0.016 0.783 0.015 0.17
0.039 0.105 0.799 0.01 0.048
0.493 0.013 0.053 0.405 0.036
0.24 0.022 0.188 0.024 0.525
0.133 0.026 0.024 0.479 0.338
0.758 0.01 0.173 0.015 0.044
0.635 0.008 0.167 0.166 0.023
0.136 0.08 0.517 0.241 0.026
0.754 0.015 0.099 0.1 0.031
0.904 0.018 0.033 0.013 0.032
0.441 0.02 0.434 0.079 0.027
0.317 0.01 0.047 0.596 0.03
0.511 0.016 0.112 0.329 0.033
0.666 0.009 0.013 0.296 0.016
0.542 0.028 0.314 0.063 0.054
0.212 0.018 0.018 0.725 0.027
0.5 0.01 0.039 0.43 0.021
0.673 0.02 0.201 0.04 0.066
0.753 0.04 0.088 0.022 0.098
0.728 0.033 0.075 0.116 0.048
0.672 0.011 0.028 0.231 0.057
0.827 0.014 0.075 0.026 0.058
0.412 0.022 0.2 0.325 0.04
0.879 0.01 0.02 0.078 0.013
0.479 0.017 0.121 0.368 0.014
0.41 0.011 0.099 0.465 0.015
0.912 0.012 0.026 0.02 0.029
0.825 0.023 0.079 0.021 0.051
0.475 0.26 0.154 0.085 0.027
0.52 0.438 0.018 0.013 0.011
0.305 0.013 0.645 0.016 0.02
0.914 0.035 0.029 0.009 0.014
0.816 0.134 0.019 0.018 0.013
0.554 0.035 0.341 0.023 0.047
0.946 0.015 0.012 0.013 0.014
0.624 0.304 0.048 0.013 0.011
0.879 0.01 0.028 0.023 0.059
0.782 0.158 0.031 0.015 0.014
0.936 0.019 0.018 0.013 0.013
0.683 0.01 0.273 0.015 0.02
0.517 0.009 0.45 0.011 0.012
0.955 0.009 0.012 0.008 0.017
0.96 0.01 0.011 0.009 0.01
0.935 0.015 0.019 0.013 0.018
0.933 0.009 0.017 0.015 0.025
0.906 0.023 0.027 0.015 0.03
0.937 0.014 0.023 0.009 0.016
0.924 0.029 0.023 0.01 0.014
0.66 0.057 0.13 0.054 0.099
0.848 0.009 0.019 0.107 0.018
0.878 0.036 0.025 0.009 0.052
0.788 0.019 0.149 0.009 0.034
0.683 0.071 0.222 0.014 0.011
0.507 0.016 0.422 0.013 0.042
0.84 0.014 0.117 0.012 0.017
0.916 0.014 0.029 0.017 0.024
0.836 0.034 0.027 0.015 0.088
0.882 0.01 0.065 0.01 0.033
0.925 0.039 0.014 0.01 0.012
0.926 0.039 0.014 0.01 0.012
0.926 0.038 0.014 0.01 0.011
0.807 0.082 0.088 0.01 0.013
0.918 0.047 0.013 0.012 0.01
0.132 0.018 0.812 0.014 0.024
0.95 0.013 0.015 0.01 0.012
0.143 0.086 0.179 0.509 0.084
0.906 0.02 0.023 0.02 0.032
0.905 0.024 0.04 0.011 0.02
0.789 0.157 0.019 0.02 0.015
0.622 0.075 0.106 0.168 0.03
0.914 0.048 0.016 0.01 0.012
0.499 0.016 0.032 0.421 0.032
0.914 0.049 0.015 0.01 0.012
0.268 0.014 0.098 0.016 0.603
0.303 0.534 0.1 0.03 0.033
0.665 0.101 0.133 0.018 0.082
0.41 0.391 0.05 0.07 0.078
0.223 0.049 0.612 0.054 0.063
0.491 0.051 0.262 0.097 0.1
0.112 0.055 0.406 0.221 0.206
0.042 0.019 0.4 0.1 0.438
0.085 0.392 0.463 0.023 0.037
0.449 0.141 0.201 0.038 0.17
0.54 0.365 0.046 0.02 0.029
0.031 0.026 0.806 0.022 0.116
0.018 0.028 0.44 0.021 0.492
0.015 0.056 0.023 0.012 0.895
0.067 0.018 0.041 0.014 0.86
0.013 0.013 0.208 0.021 0.745
0.566 0.031 0.286 0.027 0.09
0.013 0.027 0.012 0.015 0.934
0.018 0.701 0.018 0.013 0.25
0.02 0.313 0.164 0.016 0.486
0.015 0.059 0.022 0.015 0.889
0.019 0.016 0.074 0.021 0.87
0.021 0.225 0.05 0.009 0.695
0.011 0.716 0.108 0.019 0.147
0.025 0.013 0.914 0.022 0.026
