0.007 0.275 0.009 0.007 0.013 0.637 0.006 0.006 0.014 0.009 0.012 0.006
0.013 0.007 0.011 0.005 0.009 0.87 0.028 0.008 0.012 0.007 0.022 0.008
0.005 0.015 0.008 0.005 0.007 0.808 0.022 0.007 0.027 0.046 0.019 0.032
0.036 0.004 0.144 0.012 0.005 0.673 0.005 0.019 0.005 0.072 0.019 0.005
0.01 0.145 0.007 0.005 0.014 0.675 0.021 0.02 0.044 0.035 0.016 0.009
0.019 0.019 0.005 0.006 0.007 0.74 0.068 0.007 0.02 0.041 0.061 0.008
0.009 0.01 0.008 0.006 0.008 0.058 0.165 0.313 0.343 0.013 0.05 0.016
0.038 0.009 0.006 0.004 0.167 0.623 0.01 0.019 0.097 0.006 0.015 0.007
0.413 0.005 0.007 0.006 0.012 0.171 0.01 0.055 0.005 0.231 0.067 0.019
0.37 0.005 0.004 0.005 0.004 0.503 0.015 0.01 0.008 0.049 0.009 0.018
0.04 0.149 0.005 0.006 0.005 0.718 0.01 0.02 0.006 0.026 0.007 0.008
0.007 0.283 0.012 0.005 0.005 0.635 0.009 0.007 0.015 0.006 0.011 0.006
0.015 0.004 0.005 0.01 0.005 0.905 0.008 0.008 0.005 0.025 0.006 0.005
0.018 0.007 0.006 0.005 0.092 0.25 0.179 0.041 0.358 0.011 0.025 0.008
0.226 0.011 0.021 0.022 0.024 0.473 0.023 0.071 0.078 0.009 0.036 0.007
0.011 0.008 0.006 0.014 0.006 0.891 0.008 0.024 0.005 0.012 0.009 0.005
0.545 0.012 0.006 0.03 0.009 0.263 0.037 0.032 0.023 0.018 0.013 0.01
0.045 0.023 0.005 0.005 0.018 0.764 0.073 0.01 0.005 0.017 0.018 0.016
0.025 0.007 0.005 0.02 0.005 0.176 0.013 0.013 0.004 0.015 0.711 0.005
0.032 0.031 0.009 0.014 0.008 0.023 0.01 0.039 0.678 0.043 0.098 0.015
0.09 0.005 0.005 0.006 0.027 0.02 0.102 0.012 0.005 0.007 0.716 0.006
0.01 0.015 0.005 0.017 0.005 0.884 0.007 0.005 0.01 0.012 0.012 0.018
0.048 0.285 0.01 0.047 0.014 0.456 0.027 0.018 0.024 0.011 0.026 0.034
0.01 0.004 0.004 0.007 0.005 0.931 0.013 0.005 0.006 0.005 0.006 0.005
0.01 0.474 0.032 0.135 0.162 0.014 0.019 0.007 0.084 0.03 0.014 0.019
0.003 0.211 0.004 0.601 0.114 0.004 0.004 0.004 0.041 0.004 0.004 0.005
0.005 0.099 0.373 0.369 0.013 0.007 0.005 0.01 0.027 0.015 0.071 0.006
0.063 0.023 0.006 0.498 0.133 0.031 0.007 0.015 0.134 0.042 0.019 0.031
0.012 0.007 0.008 0.818 0.006 0.08 0.017 0.01 0.007 0.009 0.009 0.018
0.004 0.009 0.006 0.801 0.036 0.006 0.006 0.004 0.095 0.014 0.008 0.011
0.003 0.005 0.003 0.96 0.003 0.005 0.003 0.003 0.004 0.003 0.004 0.003
0.005 0.005 0.009 0.921 0.005 0.007 0.006 0.005 0.018 0.009 0.005 0.005
0.005 0.011 0.005 0.253 0.296 0.01 0.013 0.004 0.048 0.007 0.338 0.008
0.01 0.056 0.009 0.807 0.027 0.01 0.021 0.005 0.006 0.015 0.012 0.022
0.015 0.172 0.015 0.199 0.013 0.025 0.011 0.022 0.034 0.008 0.455 0.03
0.01 0.083 0.027 0.018 0.009 0.03 0.007 0.007 0.609 0.16 0.021 0.02
0.003 0.958 0.003 0.008 0.003 0.003 0.003 0.003 0.004 0.004 0.003 0.004
0.004 0.005 0.007 0.693 0.004 0.006 0.007 0.005 0.004 0.011 0.242 0.011
0.121 0.68 0.031 0.039 0.008 0.041 0.017 0.012 0.02 0.008 0.009 0.013
0.008 0.009 0.006 0.911 0.006 0.009 0.012 0.008 0.008 0.008 0.009 0.007
0.012 0.022 0.007 0.313 0.007 0.034 0.027 0.189 0.018 0.006 0.357 0.009
0.004 0.43 0.006 0.095 0.006 0.062 0.004 0.007 0.058 0.085 0.235 0.007
0.011 0.032 0.252 0.589 0.006 0.007 0.012 0.004 0.056 0.014 0.01 0.007
0.013 0.006 0.004 0.923 0.004 0.006 0.004 0.011 0.005 0.012 0.005 0.005
0.017 0.016 0.007 0.759 0.004 0.011 0.005 0.034 0.054 0.078 0.007 0.006
0.014 0.006 0.004 0.924 0.004 0.005 0.004 0.011 0.005 0.012 0.005 0.005
0.003 0.958 0.003 0.008 0.003 0.004 0.003 0.003 0.004 0.004 0.003 0.004
0.003 0.959 0.003 0.008 0.003 0.003 0.003 0.003 0.004 0.004 0.003 0.004
0.012 0.003 0.01 0.006 0.009 0.005 0.009 0.006 0.003 0.006 0.005 0.925
0.066 0.003 0.01 0.006 0.115 0.04 0.079 0.014 0.004 0.129 0.141 0.393
0.008 0.264 0.028 0.029 0.042 0.006 0.321 0.015 0.013 0.021 0.012 0.24
0.005 0.004 0.01 0.005 0.663 0.03 0.007 0.007 0.005 0.005 0.071 0.187
0.02 0.014 0.827 0.004 0.016 0.005 0.017 0.019 0.006 0.007 0.019 0.047
0.024 0.005 0.008 0.007 0.342 0.006 0.009 0.006 0.004 0.006 0.006 0.577
0.027 0.299 0.007 0.005 0.435 0.014 0.019 0.007 0.006 0.01 0.013 0.158
0.01 0.008 0.015 0.005 0.762 0.008 0.005 0.006 0.011 0.014 0.019 0.136
0.011 0.008 0.014 0.005 0.748 0.009 0.006 0.006 0.011 0.014 0.021 0.147
0.068 0.007 0.053 0.005 0.005 0.021 0.031 0.017 0.007 0.023 0.019 0.745
0.029 0.004 0.322 0.01 0.059 0.053 0.179 0.006 0.004 0.01 0.121 0.203
0.006 0.011 0.011 0.01 0.007 0.027 0.015 0.008 0.006 0.014 0.053 0.832
0.005 0.004 0.008 0.007 0.822 0.011 0.014 0.009 0.007 0.005 0.007 0.102
0.045 0.44 0.088 0.005 0.133 0.023 0.053 0.008 0.009 0.01 0.017 0.169
0.396 0.004 0.006 0.011 0.05 0.006 0.016 0.03 0.004 0.035 0.006 0.436
0.014 0.007 0.009 0.005 0.187 0.005 0.007 0.013 0.036 0.007 0.012 0.698
0.005 0.004 0.033 0.008 0.385 0.006 0.009 0.009 0.044 0.016 0.015 0.466
0.008 0.004 0.925 0.007 0.007 0.008 0.006 0.005 0.004 0.011 0.008 0.008
0.005 0.004 0.927 0.003 0.006 0.01 0.004 0.004 0.004 0.005 0.015 0.013
0.004 0.004 0.96 0.004 0.004 0.003 0.003 0.004 0.003 0.004 0.004 0.004
0.004 0.004 0.952 0.003 0.004 0.004 0.003 0.009 0.003 0.004 0.004 0.005
0.031 0.005 0.05 0.003 0.012 0.008 0.398 0.004 0.005 0.004 0.009 0.471
0.026 0.019 0.011 0.005 0.054 0.009 0.024 0.018 0.008 0.02 0.01 0.797
0.008 0.005 0.277 0.005 0.009 0.073 0.015 0.039 0.005 0.011 0.071 0.482
0.008 0.012 0.008 0.022 0.403 0.136 0.045 0.005 0.116 0.156 0.073 0.017
0.009 0.006 0.004 0.009 0.004 0.008 0.016 0.005 0.013 0.914 0.006 0.006
0.025 0.019 0.009 0.017 0.02 0.026 0.084 0.019 0.024 0.699 0.017 0.041
0.146 0.006 0.006 0.011 0.021 0.02 0.041 0.074 0.027 0.554 0.026 0.068
0.021 0.008 0.019 0.004 0.036 0.037 0.537 0.072 0.017 0.026 0.027 0.196
0.01 0.463 0.056 0.008 0.055 0.136 0.019 0.089 0.01 0.02 0.096 0.037
0.108 0.006 0.029 0.014 0.007 0.091 0.019 0.008 0.007 0.101 0.571 0.039
0.005 0.005 0.024 0.02 0.008 0.02 0.005 0.018 0.009 0.019 0.827 0.038
0.007 0.006 0.011 0.009 0.008 0.041 0.012 0.011 0.015 0.188 0.63 0.062
0.005 0.004 0.004 0.005 0.003 0.004 0.003 0.009 0.004 0.953 0.004 0.004
0.004 0.011 0.006 0.004 0.006 0.008 0.013 0.005 0.067 0.861 0.008 0.005
0.028 0.034 0.009 0.011 0.006 0.056 0.012 0.017 0.021 0.766 0.018 0.022
0.017 0.006 0.051 0.008 0.005 0.019 0.007 0.005 0.016 0.706 0.151 0.009
0.027 0.402 0.02 0.015 0.007 0.063 0.1 0.008 0.014 0.035 0.142 0.167
0.035 0.608 0.007 0.028 0.013 0.016 0.043 0.007 0.022 0.094 0.067 0.06
0.004 0.01 0.004 0.004 0.004 0.005 0.004 0.006 0.005 0.94 0.007 0.007
0.437 0.013 0.006 0.022 0.044 0.027 0.055 0.017 0.041 0.165 0.119 0.053
0.006 0.107 0.526 0.008 0.019 0.021 0.01 0.007 0.024 0.03 0.201 0.042
0.024 0.004 0.009 0.009 0.006 0.039 0.013 0.005 0.006 0.859 0.015 0.012
0.012 0.006 0.008 0.004 0.005 0.005 0.011 0.009 0.007 0.868 0.021 0.044
0.025 0.007 0.013 0.01 0.074 0.01 0.009 0.014 0.334 0.368 0.022 0.115
0.01 0.01 0.01 0.005 0.005 0.009 0.004 0.007 0.008 0.85 0.071 0.012
0.037 0.008 0.013 0.01 0.008 0.198 0.005 0.068 0.007 0.437 0.196 0.013
0.012 0.005 0.009 0.033 0.004 0.028 0.013 0.006 0.008 0.788 0.085 0.009
0.012 0.008 0.007 0.025 0.007 0.006 0.158 0.008 0.066 0.452 0.046 0.204
0.014 0.01 0.035 0.032 0.008 0.016 0.478 0.008 0.127 0.093 0.019 0.161
0.004 0.024 0.011 0.005 0.007 0.014 0.667 0.007 0.011 0.007 0.014 0.229
0.006 0.007 0.012 0.004 0.008 0.006 0.08 0.005 0.007 0.012 0.717 0.136
0.009 0.037 0.801 0.007 0.007 0.007 0.034 0.009 0.058 0.009 0.015 0.009
0.007 0.024 0.031 0.007 0.008 0.009 0.014 0.006 0.025 0.008 0.77 0.091
0.004 0.012 0.015 0.013 0.004 0.01 0.728 0.005 0.01 0.009 0.012 0.176
0.008 0.033 0.007 0.007 0.005 0.017 0.473 0.23 0.012 0.023 0.032 0.154
0.008 0.025 0.027 0.005 0.006 0.028 0.009 0.007 0.007 0.182 0.678 0.017
0.01 0.005 0.015 0.01 0.01 0.006 0.006 0.009 0.008 0.012 0.756 0.154
0.005 0.199 0.007 0.009 0.012 0.015 0.009 0.027 0.015 0.061 0.407 0.233
0.228 0.28 0.019 0.096 0.015 0.019 0.25 0.006 0.016 0.041 0.019 0.012
0.029 0.005 0.009 0.017 0.016 0.014 0.018 0.154 0.007 0.69 0.015 0.025
0.012 0.008 0.039 0.009 0.006 0.02 0.581 0.009 0.02 0.2 0.022 0.076
0.007 0.014 0.035 0.064 0.011 0.164 0.061 0.103 0.016 0.109 0.241 0.175
0.008 0.055 0.659 0.026 0.006 0.02 0.098 0.005 0.018 0.046 0.043 0.018
0.036 0.006 0.008 0.007 0.005 0.01 0.017 0.09 0.011 0.151 0.609 0.051
0.016 0.011 0.01 0.009 0.012 0.044 0.126 0.013 0.008 0.008 0.674 0.069
0.01 0.028 0.02 0.005 0.036 0.037 0.052 0.01 0.417 0.228 0.025 0.132
0.049 0.076 0.334 0.013 0.009 0.079 0.21 0.018 0.017 0.023 0.029 0.144
0.025 0.137 0.014 0.018 0.105 0.015 0.037 0.028 0.245 0.019 0.169 0.189
0.008 0.04 0.05 0.018 0.005 0.025 0.009 0.006 0.013 0.231 0.146 0.449
0.019 0.013 0.013 0.022 0.008 0.006 0.007 0.051 0.007 0.746 0.061 0.046
0.012 0.011 0.011 0.009 0.007 0.013 0.014 0.014 0.006 0.668 0.023 0.212
0.021 0.01 0.017 0.024 0.078 0.011 0.112 0.006 0.347 0.273 0.07 0.03
0.009 0.008 0.049 0.077 0.008 0.016 0.162 0.005 0.453 0.179 0.009 0.026
0.018 0.008 0.008 0.177 0.212 0.022 0.246 0.005 0.263 0.014 0.014 0.013
0.078 0.006 0.011 0.069 0.01 0.153 0.278 0.01 0.08 0.264 0.025 0.016
0.007 0.004 0.006 0.009 0.011 0.91 0.01 0.005 0.007 0.011 0.011 0.01
0.006 0.005 0.006 0.008 0.005 0.621 0.015 0.006 0.078 0.051 0.184 0.016
0.021 0.033 0.082 0.018 0.062 0.162 0.044 0.004 0.467 0.023 0.057 0.025
0.016 0.288 0.01 0.006 0.062 0.208 0.022 0.007 0.158 0.024 0.014 0.184
0.018 0.013 0.034 0.011 0.005 0.724 0.009 0.03 0.036 0.087 0.017 0.016
0.023 0.005 0.017 0.029 0.012 0.111 0.245 0.01 0.043 0.133 0.014 0.359
0.007 0.007 0.004 0.012 0.019 0.331 0.011 0.005 0.048 0.245 0.301 0.011
0.004 0.009 0.01 0.011 0.022 0.063 0.005 0.007 0.609 0.236 0.01 0.015
0.007 0.005 0.003 0.007 0.004 0.927 0.004 0.004 0.021 0.007 0.006 0.005
0.007 0.008 0.009 0.016 0.01 0.025 0.057 0.004 0.798 0.017 0.023 0.026
0.025 0.023 0.013 0.015 0.008 0.616 0.016 0.006 0.203 0.022 0.027 0.027
0.006 0.007 0.005 0.01 0.007 0.866 0.008 0.006 0.061 0.008 0.011 0.006
0.008 0.167 0.01 0.009 0.009 0.706 0.024 0.005 0.009 0.014 0.014 0.027
0.005 0.009 0.008 0.007 0.007 0.885 0.01 0.007 0.027 0.008 0.014 0.013
0.007 0.008 0.006 0.011 0.006 0.892 0.009 0.004 0.005 0.011 0.008 0.033
0.015 0.011 0.009 0.016 0.006 0.685 0.005 0.076 0.01 0.133 0.012 0.024
0.009 0.016 0.006 0.013 0.009 0.337 0.009 0.006 0.279 0.265 0.01 0.041
0.007 0.006 0.008 0.014 0.007 0.194 0.016 0.007 0.686 0.027 0.018 0.01
0.019 0.004 0.02 0.008 0.008 0.46 0.025 0.039 0.027 0.367 0.011 0.01
0.021 0.008 0.295 0.014 0.019 0.35 0.012 0.035 0.102 0.094 0.027 0.022
0.008 0.013 0.022 0.004 0.017 0.004 0.007 0.016 0.861 0.017 0.024 0.008
0.012 0.327 0.009 0.01 0.017 0.015 0.009 0.072 0.454 0.046 0.019 0.009
0.035 0.016 0.019 0.027 0.015 0.037 0.005 0.051 0.622 0.106 0.027 0.04
0.027 0.065 0.036 0.02 0.033 0.138 0.041 0.094 0.307 0.086 0.123 0.03
0.006 0.007 0.007 0.006 0.004 0.223 0.013 0.005 0.7 0.015 0.008 0.006
0.014 0.005 0.016 0.03 0.01 0.227 0.029 0.02 0.227 0.18 0.22 0.021
0.004 0.006 0.004 0.006 0.005 0.006 0.004 0.005 0.947 0.005 0.006 0.004
0.006 0.008 0.004 0.006 0.01 0.03 0.011 0.009 0.893 0.009 0.007 0.007
0.005 0.326 0.01 0.026 0.019 0.078 0.004 0.011 0.49 0.017 0.008 0.006
0.006 0.007 0.006 0.018 0.01 0.026 0.004 0.005 0.877 0.024 0.01 0.007
0.029 0.007 0.006 0.023 0.006 0.016 0.008 0.045 0.727 0.098 0.012 0.023
0.015 0.005 0.004 0.01 0.005 0.009 0.007 0.005 0.922 0.006 0.009 0.004
0.003 0.006 0.004 0.004 0.004 0.004 0.003 0.004 0.956 0.005 0.005 0.004
0.02 0.251 0.035 0.02 0.029 0.031 0.027 0.023 0.486 0.027 0.025 0.027
0.005 0.005 0.01 0.008 0.015 0.019 0.005 0.007 0.9 0.007 0.013 0.007
0.005 0.339 0.007 0.011 0.007 0.007 0.007 0.005 0.566 0.019 0.01 0.018
0.004 0.007 0.003 0.008 0.006 0.005 0.004 0.004 0.945 0.005 0.004 0.004
0.094 0.025 0.17 0.007 0.008 0.124 0.01 0.021 0.068 0.037 0.399 0.037
0.004 0.012 0.004 0.003 0.007 0.007 0.004 0.007 0.926 0.015 0.007 0.004
0.004 0.004 0.004 0.012 0.004 0.01 0.004 0.004 0.936 0.005 0.007 0.005
0.011 0.017 0.004 0.014 0.008 0.006 0.015 0.006 0.879 0.018 0.016 0.006
0.004 0.005 0.005 0.007 0.009 0.008 0.006 0.005 0.93 0.009 0.006 0.006
0.004 0.004 0.003 0.004 0.004 0.004 0.005 0.003 0.954 0.007 0.004 0.004
0.024 0.007 0.008 0.006 0.009 0.295 0.022 0.121 0.146 0.13 0.214 0.018
0.008 0.078 0.009 0.003 0.01 0.009 0.017 0.017 0.047 0.037 0.012 0.753
0.076 0.004 0.008 0.006 0.027 0.008 0.036 0.008 0.004 0.017 0.153 0.651
0.008 0.004 0.005 0.005 0.006 0.004 0.012 0.005 0.006 0.007 0.335 0.605
0.027 0.238 0.006 0.007 0.042 0.187 0.042 0.01 0.016 0.227 0.139 0.057
0.226 0.007 0.02 0.004 0.013 0.006 0.013 0.005 0.005 0.01 0.673 0.018
0.012 0.016 0.004 0.004 0.007 0.007 0.014 0.018 0.004 0.024 0.015 0.874
0.019 0.005 0.01 0.004 0.024 0.007 0.065 0.01 0.004 0.009 0.02 0.823
0.096 0.008 0.009 0.015 0.018 0.025 0.009 0.025 0.011 0.081 0.098 0.605
0.012 0.088 0.007 0.017 0.01 0.017 0.009 0.008 0.019 0.019 0.037 0.757
0.039 0.005 0.005 0.016 0.008 0.004 0.007 0.007 0.005 0.015 0.006 0.882
0.029 0.023 0.005 0.024 0.011 0.046 0.032 0.015 0.006 0.009 0.007 0.792
0.008 0.005 0.005 0.005 0.01 0.004 0.009 0.007 0.004 0.004 0.009 0.93
0.01 0.011 0.065 0.004 0.017 0.006 0.006 0.018 0.008 0.009 0.701 0.145
0.007 0.006 0.016 0.005 0.294 0.008 0.008 0.006 0.018 0.037 0.115 0.48
0.02 0.007 0.006 0.028 0.014 0.017 0.846 0.015 0.007 0.008 0.008 0.023
0.035 0.009 0.006 0.005 0.178 0.517 0.164 0.007 0.008 0.006 0.018 0.047
0.155 0.415 0.007 0.005 0.013 0.131 0.173 0.009 0.012 0.023 0.048 0.009
0.372 0.006 0.005 0.011 0.121 0.054 0.225 0.028 0.005 0.006 0.014 0.151
0.041 0.026 0.005 0.007 0.013 0.009 0.827 0.007 0.003 0.006 0.011 0.042
0.009 0.007 0.33 0.039 0.114 0.008 0.384 0.026 0.021 0.029 0.014 0.02
0.007 0.009 0.005 0.004 0.004 0.006 0.007 0.939 0.006 0.005 0.005 0.005
0.008 0.004 0.004 0.004 0.006 0.006 0.005 0.942 0.004 0.006 0.006 0.005
0.005 0.004 0.2 0.008 0.009 0.004 0.005 0.735 0.004 0.01 0.009 0.007
0.038 0.036 0.007 0.021 0.006 0.006 0.839 0.013 0.004 0.007 0.014 0.009
0.008 0.061 0.021 0.006 0.009 0.008 0.409 0.446 0.006 0.007 0.012 0.007
0.107 0.003 0.004 0.05 0.01 0.01 0.742 0.045 0.003 0.01 0.005 0.011
0.004 0.004 0.004 0.004 0.005 0.006 0.006 0.931 0.005 0.016 0.007 0.007
0.006 0.357 0.006 0.011 0.011 0.007 0.512 0.066 0.005 0.005 0.007 0.007
0.021 0.031 0.009 0.008 0.022 0.006 0.849 0.013 0.004 0.008 0.014 0.015
0.016 0.017 0.005 0.011 0.009 0.009 0.018 0.654 0.005 0.037 0.009 0.21
0.005 0.004 0.004 0.003 0.004 0.007 0.004 0.95 0.005 0.006 0.005 0.004
0.011 0.006 0.005 0.012 0.014 0.007 0.083 0.774 0.01 0.062 0.005 0.012
0.022 0.006 0.004 0.017 0.034 0.018 0.849 0.005 0.005 0.008 0.008 0.026
0.238 0.012 0.008 0.005 0.007 0.038 0.406 0.142 0.007 0.029 0.014 0.093
0.017 0.008 0.004 0.035 0.012 0.007 0.371 0.369 0.006 0.046 0.021 0.104
0.091 0.015 0.008 0.01 0.038 0.009 0.018 0.78 0.004 0.008 0.006 0.013
0.012 0.029 0.011 0.232 0.01 0.004 0.063 0.614 0.006 0.005 0.007 0.006
0.009 0.007 0.018 0.019 0.023 0.007 0.876 0.015 0.006 0.004 0.005 0.011
0.732 0.01 0.008 0.005 0.087 0.018 0.034 0.056 0.006 0.011 0.018 0.017
0.773 0.003 0.007 0.02 0.011 0.027 0.06 0.01 0.009 0.006 0.024 0.049
0.02 0.015 0.072 0.012 0.307 0.012 0.016 0.41 0.094 0.01 0.022 0.01
0.018 0.031 0.009 0.004 0.855 0.006 0.005 0.022 0.034 0.005 0.005 0.007
0.128 0.01 0.224 0.006 0.102 0.011 0.036 0.023 0.007 0.013 0.012 0.428
0.879 0.004 0.007 0.005 0.011 0.006 0.007 0.013 0.016 0.009 0.005 0.038
0.343 0.013 0.012 0.006 0.537 0.008 0.004 0.033 0.023 0.009 0.005 0.008
0.431 0.007 0.433 0.006 0.015 0.006 0.007 0.029 0.009 0.044 0.006 0.007
0.942 0.006 0.005 0.005 0.005 0.004 0.004 0.006 0.005 0.008 0.004 0.005
0.036 0.01 0.016 0.006 0.824 0.006 0.026 0.015 0.017 0.011 0.017 0.017
0.779 0.007 0.006 0.007 0.076 0.033 0.049 0.008 0.004 0.01 0.008 0.012
0.11 0.004 0.076 0.013 0.577 0.01 0.106 0.017 0.015 0.019 0.011 0.04
0.777 0.004 0.011 0.012 0.01 0.005 0.085 0.054 0.009 0.014 0.007 0.012
0.786 0.004 0.006 0.004 0.014 0.005 0.017 0.005 0.004 0.006 0.142 0.007
0.593 0.004 0.008 0.004 0.018 0.004 0.028 0.006 0.004 0.007 0.308 0.015
0.932 0.003 0.004 0.003 0.013 0.01 0.01 0.004 0.004 0.006 0.004 0.007
0.95 0.005 0.004 0.003 0.008 0.004 0.005 0.004 0.004 0.006 0.005 0.005
0.921 0.009 0.006 0.005 0.009 0.008 0.007 0.009 0.007 0.006 0.008 0.006
0.896 0.004 0.01 0.007 0.007 0.013 0.009 0.031 0.004 0.006 0.006 0.007
0.89 0.012 0.015 0.005 0.007 0.008 0.007 0.015 0.008 0.017 0.009 0.008
0.928 0.004 0.006 0.005 0.007 0.006 0.005 0.009 0.005 0.009 0.006 0.01
0.91 0.004 0.005 0.004 0.011 0.004 0.016 0.005 0.007 0.017 0.007 0.01
0.569 0.005 0.017 0.041 0.016 0.03 0.148 0.017 0.019 0.029 0.072 0.037
0.681 0.103 0.008 0.007 0.028 0.006 0.132 0.01 0.004 0.006 0.005 0.01
0.015 0.003 0.003 0.004 0.024 0.005 0.894 0.006 0.012 0.015 0.008 0.01
0.014 0.003 0.167 0.004 0.027 0.006 0.73 0.018 0.006 0.007 0.004 0.014
0.027 0.009 0.225 0.005 0.526 0.006 0.102 0.043 0.016 0.008 0.012 0.021
0.228 0.006 0.316 0.005 0.019 0.028 0.117 0.148 0.008 0.011 0.097 0.017
0.612 0.006 0.021 0.005 0.023 0.008 0.169 0.005 0.005 0.017 0.088 0.041
0.836 0.015 0.011 0.004 0.008 0.012 0.054 0.016 0.01 0.01 0.015 0.009
0.726 0.005 0.019 0.011 0.013 0.033 0.013 0.058 0.012 0.087 0.015 0.008
0.723 0.004 0.019 0.005 0.01 0.014 0.064 0.067 0.005 0.026 0.025 0.038
0.007 0.003 0.004 0.003 0.945 0.006 0.007 0.008 0.004 0.003 0.005 0.005
0.007 0.003 0.004 0.003 0.945 0.006 0.007 0.008 0.004 0.004 0.005 0.005
0.007 0.003 0.004 0.003 0.945 0.006 0.007 0.008 0.004 0.004 0.005 0.005
0.097 0.004 0.006 0.004 0.618 0.01 0.096 0.007 0.015 0.006 0.104 0.032
0.393 0.004 0.005 0.012 0.507 0.006 0.029 0.011 0.01 0.011 0.007 0.006
0.023 0.005 0.586 0.008 0.292 0.011 0.012 0.018 0.01 0.009 0.016 0.011
0.758 0.003 0.013 0.011 0.032 0.007 0.083 0.039 0.007 0.014 0.006 0.026
0.066 0.416 0.25 0.01 0.022 0.014 0.164 0.01 0.014 0.01 0.013 0.011
0.311 0.008 0.01 0.01 0.018 0.021 0.028 0.538 0.009 0.017 0.011 0.017
0.582 0.007 0.027 0.006 0.06 0.016 0.033 0.151 0.018 0.019 0.017 0.063
0.016 0.007 0.009 0.011 0.833 0.012 0.029 0.038 0.018 0.007 0.011 0.009
0.095 0.021 0.035 0.04 0.066 0.025 0.279 0.332 0.05 0.009 0.021 0.027
0.019 0.003 0.005 0.004 0.869 0.006 0.065 0.007 0.006 0.004 0.006 0.007
0.025 0.469 0.005 0.004 0.024 0.008 0.019 0.417 0.005 0.006 0.011 0.007
0.02 0.003 0.005 0.004 0.869 0.006 0.064 0.007 0.005 0.004 0.006 0.007
0.14 0.01 0.014 0.006 0.062 0.215 0.013 0.025 0.008 0.242 0.105 0.16
0.011 0.031 0.005 0.017 0.78 0.037 0.007 0.01 0.029 0.034 0.021 0.019
0.033 0.007 0.016 0.007 0.012 0.018 0.037 0.694 0.037 0.079 0.018 0.042
0.022 0.015 0.014 0.046 0.187 0.01 0.008 0.14 0.115 0.416 0.017 0.01
0.065 0.023 0.015 0.037 0.008 0.012 0.01 0.029 0.024 0.226 0.047 0.506
0.127 0.015 0.005 0.026 0.01 0.009 0.006 0.1 0.007 0.435 0.234 0.026
0.133 0.321 0.012 0.012 0.008 0.041 0.008 0.012 0.016 0.161 0.157 0.119
0.015 0.125 0.014 0.009 0.036 0.061 0.036 0.008 0.007 0.111 0.53 0.049
0.005 0.005 0.014 0.006 0.342 0.01 0.006 0.053 0.076 0.02 0.451 0.012
0.014 0.01 0.014 0.012 0.047 0.02 0.007 0.28 0.011 0.524 0.025 0.038
0.038 0.018 0.015 0.007 0.213 0.008 0.008 0.398 0.177 0.092 0.014 0.012
0.006 0.006 0.011 0.006 0.006 0.005 0.004 0.014 0.007 0.008 0.92 0.006
0.004 0.005 0.009 0.007 0.005 0.077 0.005 0.008 0.024 0.03 0.822 0.006
0.004 0.007 0.009 0.005 0.006 0.847 0.007 0.052 0.03 0.012 0.01 0.012
0.043 0.006 0.017 0.009 0.005 0.795 0.007 0.009 0.009 0.041 0.007 0.052
0.006 0.004 0.204 0.016 0.007 0.717 0.006 0.005 0.005 0.01 0.01 0.011
0.517 0.025 0.077 0.014 0.02 0.037 0.007 0.02 0.015 0.152 0.018 0.1
0.004 0.004 0.007 0.013 0.006 0.929 0.005 0.006 0.01 0.007 0.005 0.005
0.006 0.006 0.009 0.008 0.013 0.237 0.009 0.02 0.655 0.016 0.009 0.012
0.007 0.005 0.227 0.022 0.045 0.34 0.005 0.007 0.243 0.063 0.027 0.01
0.004 0.012 0.009 0.004 0.008 0.904 0.008 0.005 0.024 0.006 0.009 0.006
0.009 0.006 0.026 0.02 0.006 0.812 0.005 0.013 0.007 0.038 0.021 0.037
0.004 0.005 0.086 0.004 0.041 0.506 0.007 0.018 0.192 0.047 0.073 0.015
0.005 0.027 0.172 0.004 0.008 0.045 0.004 0.006 0.691 0.02 0.013 0.006
0.007 0.007 0.012 0.006 0.007 0.023 0.008 0.026 0.005 0.008 0.061 0.831
