0.013 0.006 0.011 0.013 0.012 0.008 0.007 0.011 0.01 0.904 0.006
0.009 0.009 0.022 0.004 0.018 0.006 0.011 0.01 0.009 0.893 0.008
0.006 0.037 0.017 0.005 0.019 0.042 0.005 0.026 0.007 0.83 0.008
0.005 0.004 0.005 0.007 0.025 0.074 0.046 0.005 0.141 0.667 0.019
0.012 0.01 0.035 0.007 0.017 0.031 0.008 0.034 0.006 0.824 0.016
0.006 0.014 0.032 0.011 0.127 0.045 0.024 0.024 0.006 0.703 0.009
0.008 0.036 0.03 0.006 0.08 0.015 0.011 0.315 0.01 0.085 0.404
0.133 0.006 0.017 0.003 0.014 0.006 0.03 0.106 0.006 0.664 0.014
0.012 0.014 0.009 0.005 0.061 0.263 0.448 0.006 0.007 0.136 0.039
0.004 0.016 0.012 0.004 0.01 0.067 0.426 0.009 0.004 0.438 0.009
0.005 0.007 0.052 0.007 0.007 0.032 0.037 0.006 0.005 0.827 0.015
0.005 0.009 0.011 0.008 0.013 0.006 0.008 0.017 0.016 0.899 0.008
0.005 0.006 0.005 0.007 0.008 0.041 0.023 0.005 0.005 0.887 0.009
0.067 0.006 0.336 0.006 0.02 0.009 0.01 0.365 0.005 0.159 0.017
0.021 0.009 0.026 0.015 0.031 0.009 0.173 0.072 0.021 0.565 0.056
0.006 0.007 0.006 0.014 0.009 0.012 0.011 0.005 0.006 0.896 0.028
0.009 0.014 0.019 0.031 0.012 0.019 0.569 0.022 0.006 0.27 0.028
0.017 0.03 0.054 0.008 0.021 0.017 0.058 0.005 0.005 0.776 0.011
0.006 0.006 0.014 0.014 0.717 0.015 0.021 0.005 0.005 0.184 0.014
0.009 0.015 0.012 0.012 0.109 0.046 0.038 0.694 0.009 0.029 0.027
0.028 0.006 0.116 0.005 0.695 0.007 0.089 0.005 0.005 0.032 0.013
0.005 0.015 0.005 0.022 0.013 0.011 0.011 0.009 0.005 0.9 0.005
0.012 0.022 0.063 0.109 0.029 0.011 0.038 0.018 0.01 0.671 0.016
0.005 0.007 0.011 0.006 0.006 0.005 0.011 0.007 0.004 0.934 0.005
0.185 0.017 0.062 0.545 0.017 0.046 0.009 0.062 0.038 0.014 0.004
0.13 0.004 0.005 0.806 0.004 0.004 0.003 0.033 0.004 0.004 0.003
0.013 0.006 0.006 0.469 0.074 0.016 0.005 0.019 0.375 0.007 0.01
0.146 0.017 0.008 0.435 0.021 0.059 0.114 0.14 0.006 0.035 0.02
0.007 0.024 0.007 0.841 0.008 0.008 0.01 0.005 0.008 0.07 0.011
0.047 0.005 0.009 0.793 0.011 0.01 0.004 0.105 0.006 0.005 0.005
0.003 0.003 0.004 0.964 0.004 0.003 0.003 0.004 0.003 0.005 0.003
0.006 0.01 0.006 0.903 0.006 0.014 0.006 0.025 0.012 0.007 0.006
0.343 0.008 0.016 0.298 0.256 0.007 0.006 0.045 0.005 0.011 0.004
0.025 0.012 0.03 0.87 0.011 0.01 0.011 0.007 0.009 0.009 0.005
0.018 0.029 0.053 0.438 0.372 0.008 0.018 0.023 0.012 0.017 0.014
0.009 0.02 0.008 0.059 0.022 0.149 0.01 0.668 0.021 0.027 0.007
0.003 0.005 0.005 0.955 0.004 0.005 0.003 0.007 0.004 0.004 0.004
0.005 0.017 0.005 0.745 0.181 0.015 0.005 0.004 0.009 0.007 0.006
0.008 0.019 0.008 0.756 0.009 0.008 0.096 0.016 0.031 0.037 0.012
0.007 0.007 0.016 0.922 0.008 0.006 0.008 0.006 0.005 0.009 0.006
0.007 0.01 0.007 0.335 0.381 0.006 0.011 0.014 0.006 0.027 0.196
0.005 0.005 0.004 0.521 0.253 0.075 0.004 0.054 0.007 0.065 0.006
0.006 0.014 0.013 0.587 0.013 0.02 0.013 0.056 0.264 0.008 0.006
0.005 0.006 0.006 0.872 0.006 0.025 0.037 0.005 0.004 0.007 0.027
0.004 0.005 0.005 0.746 0.006 0.116 0.03 0.015 0.006 0.01 0.057
0.005 0.006 0.006 0.873 0.006 0.025 0.037 0.005 0.004 0.007 0.026
0.003 0.005 0.005 0.955 0.004 0.005 0.003 0.006 0.004 0.004 0.004
0.003 0.005 0.005 0.955 0.004 0.005 0.003 0.006 0.004 0.004 0.004
0.009 0.921 0.009 0.005 0.007 0.007 0.016 0.003 0.011 0.005 0.006
0.168 0.054 0.19 0.004 0.272 0.147 0.104 0.004 0.01 0.034 0.013
0.049 0.338 0.369 0.092 0.018 0.029 0.007 0.028 0.047 0.007 0.015
0.82 0.033 0.007 0.005 0.069 0.005 0.006 0.005 0.01 0.032 0.008
0.016 0.06 0.01 0.005 0.017 0.008 0.019 0.006 0.832 0.005 0.021
0.484 0.437 0.006 0.011 0.006 0.007 0.024 0.004 0.007 0.007 0.007
0.34 0.416 0.081 0.026 0.032 0.011 0.027 0.008 0.009 0.043 0.008
0.887 0.017 0.005 0.006 0.02 0.014 0.012 0.01 0.014 0.008 0.006
0.875 0.022 0.006 0.006 0.024 0.015 0.012 0.01 0.015 0.008 0.006
0.005 0.771 0.008 0.006 0.014 0.024 0.099 0.006 0.034 0.016 0.019
0.082 0.113 0.219 0.008 0.147 0.009 0.024 0.004 0.34 0.048 0.006
0.008 0.877 0.007 0.012 0.037 0.013 0.006 0.005 0.009 0.018 0.008
0.904 0.032 0.01 0.005 0.007 0.005 0.005 0.006 0.007 0.011 0.009
0.047 0.082 0.598 0.013 0.023 0.011 0.018 0.019 0.12 0.06 0.007
0.068 0.195 0.027 0.009 0.007 0.045 0.601 0.005 0.006 0.006 0.031
0.248 0.652 0.004 0.007 0.01 0.008 0.013 0.032 0.007 0.006 0.015
0.391 0.46 0.006 0.006 0.019 0.017 0.004 0.047 0.032 0.006 0.011
0.007 0.007 0.004 0.006 0.008 0.01 0.007 0.004 0.934 0.007 0.005
0.006 0.011 0.004 0.003 0.015 0.005 0.004 0.004 0.934 0.01 0.004
0.004 0.004 0.003 0.004 0.004 0.004 0.004 0.003 0.963 0.003 0.005
0.004 0.005 0.003 0.004 0.004 0.004 0.004 0.003 0.954 0.004 0.011
0.009 0.898 0.021 0.003 0.007 0.004 0.019 0.004 0.019 0.009 0.008
0.054 0.819 0.035 0.008 0.01 0.017 0.024 0.006 0.009 0.007 0.01
0.01 0.402 0.014 0.005 0.135 0.011 0.008 0.006 0.305 0.061 0.043
0.436 0.016 0.032 0.021 0.073 0.181 0.008 0.105 0.008 0.114 0.005
0.004 0.006 0.021 0.007 0.006 0.919 0.006 0.013 0.004 0.007 0.005
0.025 0.029 0.051 0.025 0.016 0.745 0.037 0.023 0.01 0.024 0.016
0.019 0.051 0.027 0.007 0.026 0.531 0.241 0.031 0.007 0.016 0.045
0.036 0.692 0.035 0.004 0.028 0.023 0.026 0.014 0.019 0.039 0.083
0.04 0.128 0.023 0.061 0.173 0.019 0.007 0.011 0.08 0.422 0.036
0.008 0.042 0.019 0.01 0.608 0.097 0.097 0.007 0.027 0.078 0.008
0.009 0.042 0.007 0.01 0.842 0.017 0.006 0.008 0.026 0.019 0.013
0.009 0.048 0.013 0.009 0.667 0.178 0.007 0.016 0.011 0.032 0.012
0.003 0.003 0.003 0.004 0.005 0.957 0.005 0.004 0.004 0.004 0.009
0.006 0.005 0.012 0.006 0.008 0.871 0.004 0.068 0.007 0.007 0.005
0.006 0.034 0.007 0.03 0.022 0.779 0.02 0.024 0.009 0.05 0.018
0.005 0.01 0.006 0.007 0.284 0.577 0.018 0.02 0.054 0.014 0.006
0.005 0.296 0.323 0.057 0.133 0.052 0.014 0.019 0.017 0.075 0.01
0.007 0.209 0.34 0.136 0.1 0.121 0.022 0.019 0.007 0.032 0.007
0.004 0.007 0.004 0.006 0.01 0.944 0.004 0.005 0.004 0.005 0.006
0.031 0.12 0.019 0.015 0.144 0.136 0.447 0.036 0.005 0.028 0.018
0.02 0.06 0.037 0.025 0.192 0.035 0.006 0.033 0.569 0.019 0.006
0.005 0.015 0.007 0.006 0.022 0.859 0.03 0.007 0.009 0.033 0.006
0.005 0.058 0.005 0.004 0.017 0.863 0.015 0.007 0.008 0.005 0.011
0.066 0.085 0.013 0.007 0.031 0.365 0.033 0.366 0.013 0.01 0.011
0.005 0.009 0.004 0.007 0.133 0.797 0.011 0.009 0.009 0.009 0.007
0.008 0.009 0.006 0.007 0.312 0.398 0.044 0.007 0.011 0.141 0.057
0.004 0.01 0.008 0.013 0.173 0.725 0.015 0.008 0.01 0.025 0.008
0.007 0.444 0.023 0.011 0.03 0.384 0.012 0.055 0.007 0.006 0.022
0.009 0.583 0.042 0.021 0.02 0.11 0.021 0.092 0.055 0.02 0.026
0.008 0.868 0.022 0.011 0.011 0.007 0.005 0.011 0.012 0.018 0.028
0.008 0.35 0.015 0.004 0.562 0.014 0.007 0.007 0.015 0.007 0.011
0.006 0.014 0.009 0.01 0.013 0.009 0.009 0.037 0.873 0.007 0.014
0.007 0.245 0.008 0.013 0.622 0.008 0.007 0.026 0.04 0.009 0.014
0.005 0.681 0.163 0.047 0.012 0.011 0.006 0.008 0.031 0.013 0.023
0.005 0.574 0.044 0.012 0.038 0.024 0.009 0.01 0.007 0.018 0.258
0.006 0.019 0.008 0.006 0.729 0.156 0.008 0.008 0.027 0.026 0.007
0.012 0.232 0.006 0.006 0.678 0.014 0.012 0.009 0.015 0.006 0.011
0.012 0.384 0.055 0.031 0.359 0.068 0.005 0.017 0.007 0.034 0.028
0.014 0.02 0.589 0.136 0.037 0.048 0.08 0.021 0.025 0.022 0.008
0.015 0.02 0.015 0.008 0.015 0.738 0.044 0.007 0.008 0.011 0.12
0.007 0.265 0.069 0.007 0.029 0.439 0.016 0.033 0.069 0.036 0.03
0.009 0.372 0.008 0.059 0.175 0.096 0.006 0.016 0.03 0.108 0.121
0.007 0.032 0.015 0.043 0.04 0.054 0.009 0.016 0.752 0.02 0.013
0.006 0.083 0.013 0.006 0.581 0.158 0.048 0.012 0.008 0.009 0.076
0.013 0.148 0.021 0.01 0.704 0.009 0.014 0.008 0.009 0.045 0.019
0.031 0.29 0.006 0.007 0.021 0.224 0.011 0.342 0.017 0.032 0.019
0.008 0.443 0.031 0.04 0.03 0.02 0.041 0.012 0.286 0.064 0.025
0.091 0.259 0.071 0.046 0.155 0.022 0.023 0.281 0.014 0.014 0.024
0.005 0.463 0.009 0.032 0.141 0.248 0.008 0.012 0.05 0.024 0.007
0.008 0.042 0.007 0.018 0.081 0.746 0.02 0.007 0.012 0.006 0.052
0.007 0.201 0.007 0.01 0.018 0.7 0.014 0.005 0.01 0.013 0.016
0.074 0.059 0.059 0.013 0.066 0.23 0.023 0.434 0.02 0.009 0.012
0.008 0.052 0.098 0.099 0.012 0.175 0.011 0.461 0.059 0.017 0.007
0.174 0.017 0.261 0.142 0.015 0.014 0.02 0.32 0.009 0.023 0.005
0.01 0.021 0.308 0.037 0.032 0.328 0.033 0.07 0.012 0.136 0.013
0.016 0.01 0.005 0.007 0.01 0.01 0.007 0.007 0.007 0.913 0.006
0.006 0.012 0.013 0.008 0.324 0.051 0.007 0.1 0.006 0.468 0.006
0.039 0.021 0.075 0.023 0.043 0.026 0.011 0.465 0.084 0.208 0.005
0.033 0.305 0.023 0.035 0.014 0.025 0.013 0.168 0.012 0.363 0.008
0.005 0.016 0.009 0.012 0.026 0.099 0.026 0.041 0.036 0.699 0.032
0.009 0.724 0.009 0.01 0.01 0.097 0.02 0.032 0.013 0.051 0.023
0.018 0.008 0.012 0.013 0.44 0.22 0.008 0.063 0.004 0.21 0.005
0.024 0.015 0.004 0.009 0.015 0.204 0.004 0.654 0.01 0.052 0.008
0.004 0.005 0.004 0.006 0.006 0.007 0.007 0.019 0.003 0.937 0.004
0.009 0.048 0.025 0.011 0.021 0.02 0.007 0.814 0.012 0.028 0.006
0.009 0.041 0.009 0.046 0.028 0.02 0.026 0.223 0.013 0.577 0.007
0.007 0.007 0.006 0.007 0.01 0.008 0.006 0.058 0.004 0.88 0.006
0.008 0.021 0.051 0.02 0.012 0.012 0.007 0.008 0.009 0.846 0.005
0.008 0.016 0.008 0.01 0.015 0.008 0.005 0.029 0.009 0.884 0.008
0.007 0.028 0.007 0.014 0.008 0.011 0.007 0.005 0.006 0.902 0.004
0.006 0.019 0.005 0.023 0.015 0.149 0.019 0.01 0.009 0.659 0.087
0.01 0.051 0.008 0.017 0.013 0.243 0.009 0.303 0.006 0.333 0.007
0.006 0.01 0.018 0.01 0.017 0.029 0.006 0.737 0.008 0.15 0.007
0.008 0.014 0.024 0.005 0.012 0.425 0.01 0.03 0.023 0.392 0.055
0.018 0.02 0.015 0.011 0.027 0.115 0.027 0.113 0.299 0.318 0.038
0.018 0.009 0.006 0.004 0.023 0.016 0.007 0.874 0.022 0.005 0.016
0.008 0.025 0.066 0.078 0.026 0.05 0.01 0.595 0.009 0.047 0.085
0.014 0.025 0.005 0.014 0.031 0.118 0.042 0.618 0.02 0.056 0.058
0.032 0.04 0.054 0.021 0.122 0.093 0.029 0.314 0.04 0.152 0.103
0.004 0.007 0.011 0.007 0.01 0.012 0.006 0.713 0.007 0.217 0.005
0.008 0.031 0.021 0.01 0.269 0.151 0.015 0.275 0.016 0.185 0.02
0.005 0.004 0.004 0.006 0.006 0.004 0.004 0.953 0.004 0.006 0.005
0.009 0.011 0.004 0.007 0.008 0.008 0.006 0.898 0.004 0.034 0.011
0.033 0.007 0.01 0.175 0.009 0.01 0.005 0.469 0.01 0.263 0.01
0.009 0.008 0.004 0.016 0.013 0.023 0.006 0.884 0.006 0.026 0.005
0.006 0.024 0.005 0.017 0.011 0.115 0.035 0.712 0.007 0.014 0.053
0.005 0.004 0.008 0.008 0.009 0.006 0.012 0.929 0.004 0.008 0.005
0.004 0.004 0.003 0.004 0.004 0.005 0.003 0.961 0.004 0.004 0.004
0.033 0.042 0.027 0.065 0.027 0.03 0.02 0.633 0.059 0.035 0.028
0.014 0.008 0.005 0.006 0.012 0.007 0.005 0.907 0.009 0.021 0.008
0.007 0.04 0.007 0.251 0.011 0.033 0.006 0.621 0.008 0.009 0.006
0.005 0.004 0.004 0.008 0.005 0.005 0.004 0.952 0.003 0.005 0.004
0.007 0.048 0.01 0.008 0.433 0.034 0.081 0.057 0.152 0.151 0.02
0.007 0.004 0.004 0.004 0.007 0.014 0.004 0.94 0.003 0.007 0.006
0.004 0.006 0.004 0.007 0.007 0.005 0.004 0.944 0.004 0.01 0.004
0.007 0.006 0.017 0.017 0.016 0.018 0.009 0.894 0.004 0.006 0.006
0.008 0.006 0.005 0.006 0.006 0.009 0.004 0.936 0.005 0.008 0.005
0.004 0.004 0.005 0.004 0.004 0.007 0.003 0.958 0.003 0.004 0.003
0.008 0.024 0.008 0.005 0.308 0.112 0.024 0.125 0.008 0.219 0.159
0.01 0.777 0.043 0.006 0.016 0.052 0.007 0.047 0.009 0.013 0.019
0.032 0.632 0.016 0.006 0.127 0.021 0.136 0.004 0.008 0.009 0.01
0.006 0.673 0.008 0.004 0.274 0.006 0.009 0.005 0.005 0.004 0.005
0.042 0.158 0.035 0.042 0.285 0.238 0.028 0.027 0.009 0.121 0.015
0.012 0.02 0.008 0.006 0.679 0.011 0.228 0.005 0.019 0.006 0.005
0.007 0.843 0.032 0.005 0.017 0.037 0.023 0.004 0.004 0.009 0.019
0.026 0.856 0.019 0.004 0.034 0.009 0.022 0.004 0.009 0.005 0.011
0.022 0.507 0.01 0.009 0.116 0.112 0.149 0.011 0.009 0.028 0.027
0.012 0.826 0.01 0.04 0.044 0.016 0.01 0.014 0.006 0.014 0.008
0.011 0.807 0.008 0.02 0.008 0.026 0.093 0.005 0.006 0.005 0.011
0.01 0.853 0.027 0.022 0.008 0.008 0.023 0.006 0.005 0.025 0.013
0.016 0.909 0.01 0.006 0.022 0.005 0.01 0.004 0.005 0.004 0.008
0.019 0.095 0.005 0.005 0.765 0.008 0.011 0.007 0.056 0.009 0.02
0.342 0.338 0.008 0.004 0.215 0.039 0.008 0.016 0.015 0.01 0.005
0.037 0.098 0.61 0.051 0.014 0.015 0.064 0.008 0.009 0.042 0.052
0.219 0.019 0.199 0.005 0.017 0.007 0.028 0.007 0.006 0.486 0.006
0.005 0.006 0.831 0.009 0.021 0.021 0.009 0.012 0.005 0.074 0.007
0.188 0.192 0.14 0.009 0.015 0.007 0.346 0.005 0.005 0.063 0.032
0.024 0.147 0.689 0.008 0.017 0.007 0.066 0.003 0.006 0.016 0.017
0.073 0.016 0.453 0.02 0.015 0.032 0.009 0.019 0.331 0.008 0.024
0.004 0.005 0.005 0.006 0.004 0.018 0.007 0.005 0.005 0.006 0.934
0.006 0.005 0.004 0.004 0.005 0.022 0.008 0.004 0.004 0.006 0.932
0.008 0.006 0.005 0.006 0.009 0.023 0.005 0.004 0.191 0.004 0.74
0.004 0.006 0.935 0.012 0.008 0.005 0.007 0.004 0.006 0.005 0.008
0.008 0.009 0.423 0.009 0.012 0.01 0.008 0.006 0.017 0.01 0.488
0.007 0.01 0.789 0.012 0.005 0.012 0.113 0.003 0.004 0.011 0.034
0.005 0.008 0.011 0.004 0.01 0.03 0.005 0.006 0.004 0.006 0.911
0.008 0.008 0.855 0.041 0.007 0.006 0.005 0.006 0.007 0.007 0.051
0.016 0.01 0.904 0.007 0.013 0.008 0.016 0.004 0.008 0.006 0.009
0.009 0.154 0.029 0.02 0.01 0.065 0.02 0.005 0.004 0.011 0.672
0.004 0.004 0.004 0.003 0.004 0.023 0.005 0.005 0.004 0.006 0.937
0.013 0.011 0.1 0.011 0.004 0.083 0.006 0.009 0.005 0.007 0.751
0.019 0.013 0.91 0.011 0.006 0.007 0.013 0.004 0.004 0.01 0.004
0.006 0.054 0.444 0.008 0.013 0.033 0.29 0.006 0.009 0.029 0.107
0.008 0.05 0.565 0.014 0.029 0.073 0.021 0.006 0.004 0.007 0.223
0.029 0.009 0.161 0.014 0.007 0.02 0.142 0.004 0.008 0.009 0.597
0.008 0.005 0.262 0.105 0.006 0.013 0.01 0.005 0.01 0.004 0.572
0.022 0.02 0.859 0.016 0.007 0.004 0.01 0.007 0.024 0.008 0.023
0.061 0.018 0.069 0.005 0.02 0.011 0.739 0.006 0.008 0.018 0.046
0.016 0.095 0.013 0.012 0.026 0.006 0.765 0.012 0.007 0.034 0.013
0.349 0.008 0.008 0.015 0.021 0.011 0.016 0.072 0.069 0.012 0.418
0.877 0.006 0.006 0.007 0.005 0.005 0.014 0.037 0.009 0.006 0.028
0.158 0.318 0.046 0.011 0.016 0.017 0.16 0.007 0.224 0.015 0.027
0.011 0.044 0.004 0.004 0.005 0.009 0.883 0.016 0.006 0.006 0.013
0.543 0.006 0.004 0.008 0.005 0.008 0.354 0.024 0.012 0.007 0.028
0.015 0.006 0.008 0.005 0.006 0.037 0.461 0.008 0.421 0.006 0.027
0.005 0.004 0.005 0.004 0.005 0.007 0.95 0.005 0.005 0.004 0.006
0.853 0.017 0.013 0.009 0.016 0.011 0.031 0.016 0.014 0.006 0.016
0.121 0.02 0.027 0.007 0.009 0.01 0.748 0.004 0.007 0.037 0.009
0.62 0.034 0.072 0.01 0.013 0.025 0.112 0.016 0.068 0.011 0.018
0.015 0.011 0.273 0.007 0.008 0.022 0.566 0.01 0.013 0.005 0.072
0.02 0.007 0.022 0.003 0.156 0.006 0.767 0.004 0.006 0.005 0.005
0.02 0.017 0.02 0.004 0.318 0.008 0.59 0.004 0.008 0.005 0.006
0.011 0.006 0.005 0.003 0.004 0.006 0.946 0.003 0.003 0.008 0.004
0.007 0.004 0.005 0.003 0.005 0.005 0.956 0.004 0.004 0.004 0.004
0.009 0.005 0.007 0.007 0.008 0.006 0.929 0.007 0.006 0.008 0.008
0.007 0.008 0.006 0.006 0.007 0.006 0.905 0.004 0.009 0.013 0.03
0.007 0.008 0.008 0.005 0.009 0.016 0.898 0.009 0.017 0.009 0.014
0.007 0.008 0.006 0.004 0.006 0.008 0.934 0.005 0.006 0.006 0.009
0.01 0.011 0.011 0.004 0.007 0.013 0.925 0.006 0.005 0.004 0.005
0.028 0.056 0.399 0.028 0.108 0.036 0.234 0.023 0.023 0.04 0.024
0.046 0.009 0.455 0.009 0.006 0.006 0.44 0.004 0.011 0.006 0.01
0.016 0.015 0.917 0.003 0.008 0.011 0.008 0.008 0.003 0.005 0.005
0.015 0.015 0.74 0.003 0.005 0.006 0.01 0.006 0.179 0.007 0.013
0.447 0.018 0.245 0.005 0.009 0.007 0.022 0.019 0.205 0.005 0.019
0.021 0.023 0.105 0.005 0.083 0.011 0.279 0.008 0.328 0.027 0.109
0.029 0.076 0.089 0.005 0.087 0.02 0.651 0.005 0.023 0.009 0.006
0.008 0.009 0.025 0.009 0.013 0.01 0.877 0.011 0.011 0.011 0.015
0.016 0.008 0.014 0.007 0.016 0.086 0.741 0.014 0.02 0.029 0.049
0.012 0.055 0.023 0.004 0.033 0.029 0.746 0.005 0.019 0.016 0.058
0.949 0.005 0.006 0.003 0.004 0.004 0.007 0.004 0.004 0.006 0.008
0.949 0.005 0.006 0.003 0.005 0.004 0.007 0.004 0.004 0.006 0.009
0.949 0.005 0.006 0.003 0.005 0.004 0.007 0.004 0.004 0.006 0.009
0.689 0.037 0.062 0.004 0.079 0.007 0.088 0.011 0.006 0.01 0.007
0.501 0.006 0.024 0.006 0.006 0.012 0.416 0.011 0.005 0.005 0.009
0.338 0.005 0.014 0.005 0.013 0.008 0.016 0.008 0.569 0.009 0.014
0.028 0.017 0.173 0.005 0.006 0.031 0.675 0.011 0.012 0.006 0.036
0.011 0.016 0.474 0.024 0.01 0.008 0.013 0.035 0.382 0.02 0.007
0.017 0.02 0.016 0.01 0.01 0.026 0.367 0.009 0.01 0.019 0.497
0.071 0.085 0.028 0.005 0.019 0.017 0.618 0.018 0.023 0.016 0.1
0.867 0.01 0.014 0.01 0.011 0.007 0.013 0.017 0.009 0.011 0.031
0.075 0.067 0.121 0.052 0.026 0.011 0.075 0.053 0.053 0.032 0.434
0.911 0.008 0.023 0.003 0.006 0.004 0.022 0.005 0.005 0.006 0.008
0.017 0.012 0.697 0.011 0.02 0.009 0.021 0.008 0.009 0.012 0.185
0.911 0.008 0.023 0.004 0.006 0.004 0.021 0.005 0.004 0.006 0.008
0.075 0.069 0.014 0.009 0.192 0.255 0.161 0.008 0.012 0.183 0.022
0.803 0.015 0.011 0.018 0.022 0.034 0.011 0.032 0.005 0.041 0.009
0.012 0.091 0.008 0.006 0.016 0.098 0.04 0.034 0.013 0.015 0.667
0.188 0.01 0.009 0.022 0.017 0.437 0.026 0.111 0.013 0.011 0.156
0.008 0.41 0.011 0.033 0.065 0.288 0.098 0.021 0.018 0.012 0.035
0.011 0.019 0.01 0.042 0.224 0.423 0.167 0.007 0.005 0.009 0.084
0.009 0.163 0.024 0.115 0.163 0.154 0.164 0.027 0.014 0.148 0.019
0.044 0.043 0.053 0.025 0.623 0.102 0.015 0.006 0.013 0.067 0.007
0.332 0.012 0.007 0.005 0.458 0.02 0.005 0.077 0.012 0.01 0.061
0.057 0.017 0.008 0.011 0.026 0.557 0.018 0.011 0.013 0.018 0.265
0.197 0.011 0.008 0.007 0.014 0.098 0.045 0.191 0.016 0.009 0.403
0.007 0.007 0.005 0.005 0.922 0.008 0.006 0.007 0.012 0.006 0.015
0.005 0.006 0.004 0.006 0.85 0.028 0.004 0.02 0.008 0.058 0.009
0.006 0.02 0.004 0.006 0.011 0.014 0.004 0.027 0.008 0.833 0.068
0.006 0.026 0.009 0.008 0.011 0.056 0.063 0.01 0.024 0.778 0.01
0.007 0.009 0.006 0.009 0.013 0.011 0.007 0.005 0.208 0.719 0.005
0.02 0.061 0.008 0.015 0.021 0.152 0.564 0.015 0.09 0.038 0.016
0.006 0.006 0.004 0.01 0.005 0.007 0.004 0.009 0.007 0.937 0.006
0.013 0.02 0.004 0.009 0.009 0.018 0.007 0.667 0.009 0.218 0.027
0.051 0.007 0.006 0.012 0.037 0.074 0.007 0.243 0.229 0.328 0.007
0.008 0.007 0.006 0.008 0.01 0.008 0.004 0.027 0.012 0.904 0.006
0.006 0.03 0.005 0.014 0.028 0.069 0.011 0.007 0.04 0.775 0.015
0.037 0.012 0.007 0.004 0.149 0.049 0.005 0.216 0.1 0.402 0.021
0.008 0.005 0.005 0.009 0.014 0.019 0.005 0.719 0.168 0.042 0.006
0.009 0.764 0.013 0.007 0.107 0.012 0.008 0.005 0.013 0.027 0.035
