0.946 0.039 0.015
0.897 0.041 0.062
0.943 0.036 0.021
0.74 0.142 0.118
0.936 0.04 0.024
0.946 0.023 0.032
0.456 0.526 0.017
0.837 0.023 0.14
0.116 0.041 0.843
0.447 0.013 0.541
0.84 0.076 0.083
0.941 0.047 0.012
0.937 0.016 0.046
0.828 0.033 0.139
0.625 0.174 0.201
0.898 0.073 0.029
0.277 0.067 0.656
0.362 0.097 0.541
0.108 0.877 0.016
0.851 0.078 0.071
0.029 0.891 0.081
0.948 0.023 0.029
0.418 0.52 0.062
0.95 0.019 0.031
0.12 0.819 0.061
0.054 0.913 0.034
0.019 0.972 0.009
0.384 0.318 0.298
0.041 0.946 0.013
0.14 0.837 0.023
0.022 0.972 0.007
0.07 0.919 0.011
0.146 0.715 0.138
0.023 0.961 0.016
0.052 0.908 0.04
0.936 0.043 0.022
0.017 0.975 0.008
0.013 0.976 0.011
0.036 0.943 0.021
0.021 0.969 0.011
0.048 0.936 0.016
0.446 0.544 0.01
0.06 0.926 0.014
0.037 0.864 0.099
0.277 0.656 0.066
0.037 0.864 0.099
0.017 0.975 0.008
0.017 0.975 0.008
0.013 0.092 0.895
0.22 0.014 0.765
0.027 0.907 0.066
0.026 0.061 0.912
0.01 0.914 0.075
0.01 0.017 0.974
0.051 0.349 0.6
0.023 0.014 0.964
0.022 0.015 0.963
0.034 0.06 0.906
0.032 0.319 0.649
0.064 0.431 0.505
0.022 0.013 0.965
0.037 0.854 0.109
0.009 0.009 0.982
0.018 0.026 0.957
0.047 0.055 0.898
0.019 0.936 0.046
0.016 0.954 0.031
0.008 0.976 0.016
0.009 0.972 0.019
0.017 0.141 0.841
0.031 0.083 0.886
0.069 0.797 0.134
0.892 0.023 0.084
0.961 0.02 0.019
0.275 0.034 0.691
0.058 0.016 0.926
0.148 0.064 0.788
0.146 0.813 0.041
0.187 0.219 0.594
0.06 0.909 0.031
0.744 0.163 0.093
0.926 0.026 0.048
0.966 0.017 0.017
0.932 0.047 0.021
0.921 0.046 0.033
0.042 0.933 0.025
0.049 0.929 0.022
0.939 0.026 0.035
0.335 0.068 0.597
0.045 0.927 0.028
0.911 0.017 0.072
0.223 0.043 0.734
0.536 0.023 0.441
0.913 0.036 0.051
0.873 0.023 0.104
0.893 0.054 0.053
0.404 0.351 0.244
0.363 0.49 0.147
0.06 0.652 0.287
0.025 0.817 0.158
0.026 0.951 0.023
0.029 0.947 0.024
0.035 0.873 0.092
0.06 0.879 0.061
0.396 0.555 0.049
0.025 0.806 0.169
0.112 0.851 0.037
0.138 0.731 0.131
0.054 0.07 0.876
0.456 0.45 0.094
0.106 0.857 0.037
0.022 0.966 0.012
0.041 0.223 0.736
0.058 0.755 0.187
0.863 0.061 0.076
0.067 0.813 0.12
0.185 0.47 0.345
0.072 0.897 0.032
0.025 0.866 0.109
0.056 0.12 0.823
0.867 0.057 0.077
0.788 0.196 0.016
0.576 0.303 0.121
0.907 0.04 0.052
0.903 0.038 0.059
0.966 0.017 0.017
0.912 0.063 0.025
0.925 0.039 0.036
0.954 0.019 0.027
0.751 0.066 0.183
0.972 0.011 0.016
0.971 0.016 0.014
0.981 0.009 0.01
0.967 0.018 0.015
0.935 0.036 0.029
0.973 0.015 0.012
0.864 0.103 0.033
0.964 0.018 0.018
0.927 0.037 0.037
0.914 0.022 0.064
0.973 0.012 0.015
0.974 0.016 0.01
0.958 0.013 0.029
0.786 0.142 0.072
0.938 0.032 0.03
0.882 0.097 0.021
0.942 0.019 0.039
0.688 0.191 0.12
0.974 0.016 0.01
0.891 0.075 0.034
0.975 0.016 0.009
0.98 0.012 0.008
0.957 0.032 0.011
0.969 0.012 0.018
0.914 0.024 0.062
0.97 0.014 0.017
0.978 0.012 0.01
0.67 0.27 0.06
0.971 0.015 0.014
0.879 0.102 0.019
0.976 0.013 0.011
0.408 0.33 0.262
0.979 0.01 0.011
0.979 0.012 0.008
0.963 0.023 0.013
0.979 0.01 0.012
0.981 0.008 0.01
0.931 0.027 0.042
0.339 0.287 0.375
0.01 0.03 0.96
0.018 0.367 0.615
0.863 0.078 0.059
0.02 0.202 0.779
0.02 0.076 0.904
0.01 0.03 0.96
0.097 0.096 0.808
0.062 0.266 0.672
0.016 0.016 0.968
0.069 0.108 0.823
0.01 0.032 0.959
0.024 0.9 0.076
0.097 0.068 0.835
0.018 0.881 0.101
0.217 0.045 0.738
0.149 0.798 0.053
0.012 0.017 0.971
0.012 0.303 0.685
0.032 0.85 0.118
0.019 0.894 0.087
0.023 0.042 0.935
0.015 0.96 0.026
0.013 0.881 0.106
0.011 0.969 0.019
0.014 0.283 0.704
0.029 0.735 0.236
0.013 0.964 0.024
0.012 0.722 0.266
0.035 0.071 0.894
0.086 0.145 0.769
0.073 0.805 0.122
0.023 0.188 0.788
0.025 0.039 0.936
0.019 0.439 0.542
0.011 0.043 0.946
0.012 0.873 0.115
0.01 0.838 0.151
0.018 0.025 0.956
0.044 0.052 0.905
0.056 0.77 0.174
0.079 0.025 0.895
0.018 0.173 0.809
0.016 0.01 0.973
0.032 0.022 0.946
0.062 0.459 0.479
0.016 0.013 0.971
0.037 0.021 0.942
0.022 0.032 0.946
0.018 0.018 0.964
0.016 0.032 0.952
0.011 0.023 0.966
0.009 0.035 0.957
0.012 0.008 0.98
0.01 0.008 0.982
0.014 0.011 0.974
0.017 0.021 0.962
0.03 0.025 0.946
0.013 0.013 0.974
0.021 0.011 0.968
0.075 0.481 0.443
0.019 0.112 0.87
0.081 0.013 0.906
0.045 0.08 0.875
0.017 0.113 0.871
0.029 0.431 0.54
0.011 0.018 0.971
0.021 0.03 0.949
0.034 0.019 0.947
0.012 0.017 0.97
0.013 0.013 0.973
0.014 0.013 0.973
0.014 0.013 0.973
0.016 0.015 0.969
0.013 0.014 0.973
0.016 0.825 0.159
0.017 0.016 0.968
0.059 0.906 0.035
0.03 0.03 0.941
0.025 0.028 0.946
0.051 0.04 0.909
0.027 0.923 0.05
0.017 0.015 0.969
0.022 0.807 0.171
0.017 0.015 0.968
0.457 0.035 0.508
0.134 0.022 0.844
0.115 0.038 0.847
0.31 0.065 0.625
0.075 0.147 0.778
0.049 0.071 0.88
0.252 0.303 0.445
0.247 0.475 0.278
0.226 0.194 0.58
0.087 0.038 0.875
0.29 0.051 0.659
0.017 0.956 0.027
0.233 0.75 0.018
0.971 0.014 0.015
0.765 0.014 0.221
0.646 0.328 0.026
0.038 0.039 0.922
0.967 0.016 0.017
0.977 0.011 0.011
0.882 0.099 0.019
0.965 0.018 0.017
0.9 0.066 0.034
0.95 0.033 0.017
0.915 0.074 0.01
0.047 0.275 0.678
