0.924 0.014 0.013 0.049
0.948 0.019 0.023 0.009
0.943 0.033 0.012 0.012
0.916 0.034 0.036 0.013
0.945 0.011 0.021 0.023
0.953 0.009 0.022 0.016
0.421 0.044 0.404 0.131
0.802 0.016 0.136 0.047
0.561 0.044 0.387 0.008
0.816 0.029 0.146 0.009
0.937 0.014 0.037 0.012
0.934 0.017 0.011 0.039
0.969 0.008 0.015 0.008
0.562 0.013 0.292 0.132
0.692 0.02 0.226 0.062
0.963 0.008 0.018 0.01
0.429 0.013 0.514 0.044
0.79 0.021 0.179 0.01
0.825 0.139 0.023 0.013
0.275 0.038 0.083 0.604
0.645 0.173 0.172 0.009
0.955 0.015 0.009 0.021
0.721 0.046 0.071 0.162
0.972 0.007 0.013 0.007
0.022 0.05 0.021 0.906
0.008 0.012 0.007 0.972
0.012 0.347 0.011 0.63
0.038 0.07 0.046 0.846
0.099 0.025 0.032 0.845
0.012 0.013 0.01 0.964
0.01 0.007 0.006 0.977
0.029 0.015 0.014 0.942
0.024 0.119 0.036 0.821
0.013 0.015 0.017 0.955
0.024 0.308 0.07 0.598
0.085 0.031 0.009 0.875
0.007 0.01 0.005 0.978
0.016 0.112 0.01 0.862
0.056 0.019 0.088 0.838
0.014 0.009 0.014 0.963
0.222 0.129 0.202 0.448
0.184 0.049 0.007 0.76
0.032 0.144 0.012 0.812
0.014 0.011 0.048 0.926
0.02 0.009 0.028 0.943
0.014 0.011 0.047 0.927
0.007 0.01 0.005 0.978
0.007 0.01 0.005 0.978
0.01 0.95 0.033 0.007
0.259 0.185 0.551 0.006
0.015 0.595 0.141 0.249
0.012 0.942 0.039 0.006
0.007 0.973 0.013 0.007
0.009 0.919 0.064 0.009
0.075 0.753 0.137 0.035
0.011 0.918 0.043 0.027
0.01 0.927 0.039 0.024
0.027 0.899 0.064 0.01
0.025 0.921 0.048 0.007
0.03 0.945 0.012 0.013
0.013 0.566 0.301 0.12
0.087 0.705 0.158 0.05
0.012 0.035 0.943 0.01
0.009 0.916 0.042 0.034
0.009 0.811 0.028 0.152
0.015 0.963 0.015 0.007
0.008 0.975 0.009 0.008
0.007 0.976 0.01 0.007
0.008 0.97 0.013 0.009
0.017 0.885 0.091 0.007
0.016 0.869 0.097 0.018
0.04 0.942 0.012 0.006
0.275 0.036 0.063 0.626
0.791 0.014 0.012 0.183
0.367 0.109 0.327 0.196
0.181 0.088 0.671 0.06
0.11 0.232 0.647 0.01
0.287 0.618 0.028 0.068
0.205 0.754 0.028 0.013
0.041 0.928 0.011 0.019
0.538 0.404 0.018 0.04
0.742 0.045 0.018 0.194
0.797 0.019 0.014 0.17
0.73 0.022 0.014 0.234
0.888 0.062 0.016 0.034
0.21 0.641 0.034 0.116
0.188 0.394 0.024 0.394
0.634 0.18 0.012 0.175
0.292 0.138 0.478 0.091
0.022 0.928 0.014 0.036
0.948 0.019 0.018 0.015
0.167 0.755 0.041 0.037
0.08 0.232 0.111 0.577
0.612 0.251 0.02 0.117
0.938 0.029 0.023 0.01
0.921 0.038 0.017 0.023
0.212 0.593 0.045 0.15
0.255 0.475 0.153 0.117
0.097 0.781 0.105 0.017
0.012 0.968 0.01 0.01
0.018 0.892 0.037 0.053
0.019 0.944 0.01 0.027
0.041 0.676 0.223 0.06
0.095 0.396 0.464 0.045
0.296 0.679 0.011 0.015
0.012 0.958 0.014 0.016
0.088 0.805 0.013 0.094
0.264 0.059 0.361 0.316
0.192 0.378 0.393 0.038
0.596 0.268 0.102 0.034
0.32 0.611 0.024 0.046
0.038 0.883 0.011 0.069
0.028 0.897 0.058 0.017
0.111 0.812 0.059 0.018
0.29 0.285 0.036 0.389
0.083 0.771 0.108 0.038
0.025 0.437 0.097 0.441
0.039 0.91 0.008 0.044
0.039 0.857 0.045 0.059
0.092 0.845 0.033 0.03
0.429 0.135 0.034 0.403
0.267 0.05 0.025 0.658
0.11 0.026 0.197 0.667
0.869 0.017 0.043 0.071
0.958 0.024 0.009 0.009
0.933 0.017 0.009 0.04
0.794 0.044 0.021 0.142
0.644 0.097 0.029 0.23
0.94 0.02 0.016 0.025
0.698 0.233 0.038 0.032
0.96 0.013 0.011 0.017
0.623 0.033 0.006 0.339
0.97 0.007 0.006 0.017
0.249 0.034 0.009 0.708
0.841 0.023 0.017 0.119
0.963 0.009 0.009 0.019
0.947 0.02 0.012 0.021
0.961 0.014 0.01 0.016
0.956 0.025 0.009 0.01
0.945 0.021 0.017 0.018
0.879 0.016 0.009 0.096
0.9 0.011 0.01 0.079
0.954 0.012 0.021 0.013
0.63 0.2 0.036 0.134
0.013 0.043 0.02 0.924
0.054 0.038 0.033 0.875
0.198 0.067 0.019 0.716
0.464 0.132 0.135 0.269
0.618 0.012 0.012 0.357
0.847 0.055 0.03 0.068
0.019 0.008 0.007 0.967
0.126 0.01 0.012 0.852
0.046 0.01 0.008 0.937
0.027 0.015 0.008 0.95
0.05 0.024 0.021 0.905
0.029 0.007 0.012 0.951
0.021 0.008 0.005 0.966
0.096 0.078 0.049 0.777
0.27 0.02 0.013 0.697
0.012 0.015 0.007 0.966
0.006 0.006 0.005 0.982
0.22 0.71 0.029 0.042
0.033 0.01 0.008 0.949
0.179 0.01 0.006 0.805
0.015 0.007 0.011 0.967
0.039 0.008 0.007 0.946
0.026 0.007 0.009 0.958
0.896 0.024 0.054 0.027
0.037 0.864 0.035 0.065
0.014 0.831 0.146 0.008
0.007 0.974 0.01 0.008
0.786 0.084 0.042 0.088
0.016 0.912 0.062 0.011
0.019 0.923 0.05 0.008
0.011 0.89 0.093 0.006
0.101 0.757 0.117 0.025
0.018 0.927 0.015 0.04
0.011 0.913 0.052 0.025
0.073 0.749 0.143 0.035
0.006 0.968 0.018 0.007
0.083 0.896 0.011 0.01
0.023 0.938 0.019 0.02
0.017 0.018 0.948 0.018
0.549 0.178 0.262 0.011
0.49 0.043 0.371 0.096
0.035 0.19 0.766 0.008
0.011 0.063 0.918 0.008
0.023 0.27 0.538 0.17
0.014 0.014 0.961 0.011
0.017 0.017 0.956 0.01
0.015 0.241 0.725 0.018
0.013 0.02 0.944 0.022
0.018 0.022 0.945 0.016
0.01 0.008 0.972 0.01
0.03 0.171 0.782 0.016
0.01 0.012 0.846 0.132
0.01 0.022 0.956 0.012
0.044 0.213 0.707 0.036
0.055 0.04 0.889 0.017
0.021 0.014 0.946 0.019
0.019 0.013 0.957 0.01
0.025 0.032 0.935 0.008
0.022 0.118 0.824 0.036
0.008 0.01 0.973 0.009
0.008 0.036 0.906 0.051
0.009 0.025 0.95 0.017
0.014 0.019 0.959 0.007
0.057 0.043 0.883 0.017
0.018 0.08 0.754 0.149
0.008 0.015 0.766 0.21
0.015 0.59 0.381 0.013
0.01 0.024 0.951 0.015
0.009 0.015 0.931 0.045
0.041 0.215 0.715 0.029
0.011 0.011 0.967 0.011
0.008 0.025 0.867 0.101
0.033 0.023 0.936 0.008
0.008 0.022 0.92 0.05
0.01 0.011 0.968 0.01
0.009 0.124 0.861 0.006
0.008 0.297 0.689 0.006
0.012 0.01 0.972 0.006
0.008 0.009 0.976 0.008
0.01 0.012 0.968 0.01
0.013 0.012 0.969 0.007
0.019 0.02 0.95 0.012
0.012 0.019 0.961 0.008
0.016 0.021 0.95 0.012
0.127 0.063 0.781 0.028
0.012 0.013 0.965 0.01
0.06 0.014 0.916 0.01
0.027 0.051 0.914 0.008
0.008 0.083 0.893 0.017
0.026 0.23 0.734 0.009
0.012 0.079 0.902 0.007
0.015 0.014 0.962 0.008
0.107 0.023 0.855 0.015
0.022 0.036 0.936 0.006
0.008 0.009 0.972 0.011
0.008 0.01 0.972 0.011
0.008 0.009 0.972 0.01
0.009 0.053 0.92 0.018
0.007 0.009 0.969 0.015
0.015 0.827 0.145 0.013
0.009 0.009 0.974 0.007
0.092 0.245 0.247 0.416
0.02 0.014 0.955 0.012
0.015 0.036 0.939 0.009
0.012 0.013 0.936 0.039
0.022 0.023 0.912 0.043
0.008 0.011 0.97 0.011
0.038 0.044 0.86 0.058
0.008 0.01 0.97 0.011
0.546 0.256 0.186 0.012
0.02 0.151 0.193 0.635
0.085 0.136 0.735 0.043
0.032 0.034 0.156 0.778
0.035 0.845 0.069 0.051
0.074 0.441 0.362 0.122
0.146 0.695 0.043 0.116
0.284 0.614 0.058 0.044
0.031 0.599 0.066 0.304
0.118 0.489 0.254 0.139
0.021 0.048 0.608 0.323
0.066 0.901 0.018 0.015
0.431 0.532 0.011 0.025
0.953 0.017 0.009 0.021
0.917 0.042 0.03 0.011
0.824 0.151 0.009 0.016
0.085 0.551 0.334 0.03
0.97 0.008 0.008 0.014
0.497 0.014 0.011 0.478
0.57 0.125 0.02 0.286
0.964 0.013 0.009 0.014
0.917 0.058 0.01 0.014
0.814 0.078 0.024 0.084
0.244 0.046 0.008 0.701
0.013 0.962 0.015 0.009
