0.015 0.006 0.01 0.011 0.901 0.013 0.006 0.013 0.008 0.011 0.007
0.031 0.008 0.009 0.009 0.883 0.004 0.009 0.01 0.007 0.018 0.011
0.016 0.009 0.007 0.024 0.833 0.005 0.043 0.006 0.034 0.019 0.005
0.022 0.022 0.143 0.005 0.658 0.008 0.005 0.005 0.086 0.005 0.042
0.02 0.018 0.007 0.036 0.817 0.007 0.01 0.013 0.027 0.038 0.008
0.07 0.008 0.006 0.023 0.687 0.01 0.015 0.007 0.12 0.03 0.024
0.07 0.391 0.01 0.299 0.086 0.006 0.046 0.009 0.043 0.029 0.011
0.019 0.014 0.006 0.101 0.668 0.003 0.007 0.13 0.006 0.014 0.032
0.066 0.056 0.008 0.006 0.155 0.005 0.021 0.013 0.217 0.008 0.446
0.012 0.01 0.004 0.01 0.428 0.004 0.017 0.004 0.077 0.011 0.422
0.009 0.016 0.005 0.006 0.826 0.007 0.007 0.005 0.027 0.057 0.035
0.012 0.008 0.017 0.015 0.898 0.008 0.011 0.005 0.008 0.011 0.008
0.008 0.009 0.005 0.005 0.879 0.007 0.006 0.005 0.049 0.005 0.022
0.127 0.014 0.005 0.337 0.139 0.006 0.006 0.075 0.01 0.271 0.01
0.038 0.052 0.021 0.06 0.576 0.016 0.01 0.024 0.011 0.021 0.171
0.012 0.026 0.006 0.005 0.894 0.015 0.007 0.006 0.012 0.006 0.011
0.017 0.03 0.006 0.021 0.27 0.03 0.015 0.009 0.018 0.017 0.569
0.016 0.01 0.005 0.005 0.764 0.008 0.031 0.017 0.03 0.053 0.06
0.765 0.012 0.004 0.005 0.155 0.011 0.006 0.005 0.012 0.011 0.014
0.091 0.026 0.01 0.695 0.029 0.011 0.017 0.008 0.064 0.013 0.036
0.741 0.01 0.005 0.005 0.039 0.004 0.006 0.027 0.007 0.09 0.066
0.01 0.005 0.004 0.009 0.9 0.022 0.014 0.006 0.015 0.005 0.01
0.032 0.016 0.011 0.018 0.669 0.111 0.019 0.012 0.015 0.058 0.038
0.007 0.005 0.004 0.006 0.935 0.006 0.006 0.005 0.006 0.01 0.011
0.012 0.004 0.038 0.073 0.013 0.54 0.017 0.174 0.05 0.07 0.009
0.004 0.003 0.004 0.034 0.004 0.803 0.004 0.132 0.004 0.005 0.003
0.048 0.01 0.381 0.019 0.006 0.473 0.006 0.012 0.033 0.007 0.005
0.017 0.022 0.006 0.144 0.034 0.441 0.018 0.141 0.065 0.008 0.103
0.008 0.011 0.009 0.006 0.071 0.836 0.025 0.007 0.01 0.007 0.01
0.009 0.005 0.006 0.105 0.005 0.793 0.005 0.048 0.011 0.009 0.004
0.005 0.003 0.004 0.004 0.005 0.964 0.003 0.003 0.003 0.004 0.003
0.006 0.005 0.011 0.03 0.007 0.902 0.01 0.005 0.011 0.006 0.006
0.128 0.004 0.005 0.044 0.011 0.365 0.013 0.377 0.021 0.024 0.007
0.01 0.005 0.009 0.007 0.009 0.875 0.012 0.022 0.009 0.032 0.011
0.21 0.016 0.016 0.022 0.02 0.512 0.057 0.026 0.019 0.077 0.026
0.03 0.008 0.021 0.692 0.027 0.061 0.022 0.008 0.113 0.008 0.011
0.004 0.004 0.004 0.007 0.004 0.955 0.005 0.003 0.005 0.006 0.003
0.092 0.006 0.01 0.004 0.008 0.817 0.023 0.005 0.024 0.005 0.005
0.008 0.011 0.026 0.016 0.041 0.755 0.02 0.008 0.012 0.008 0.095
0.007 0.006 0.004 0.006 0.009 0.924 0.007 0.006 0.007 0.017 0.008
0.324 0.208 0.007 0.017 0.03 0.355 0.013 0.008 0.013 0.01 0.014
0.13 0.006 0.007 0.045 0.052 0.551 0.005 0.005 0.191 0.004 0.004
0.015 0.004 0.259 0.067 0.008 0.582 0.016 0.006 0.021 0.011 0.012
0.009 0.027 0.004 0.005 0.008 0.88 0.006 0.005 0.018 0.005 0.033
0.006 0.072 0.006 0.016 0.01 0.761 0.005 0.004 0.086 0.005 0.029
0.009 0.026 0.004 0.005 0.008 0.88 0.006 0.005 0.019 0.005 0.033
0.004 0.004 0.004 0.006 0.004 0.955 0.005 0.003 0.005 0.006 0.003
0.004 0.004 0.004 0.007 0.004 0.955 0.005 0.003 0.005 0.006 0.003
0.043 0.007 0.01 0.003 0.005 0.006 0.881 0.01 0.008 0.01 0.016
0.148 0.011 0.01 0.004 0.016 0.004 0.044 0.157 0.298 0.201 0.108
0.033 0.014 0.063 0.03 0.008 0.072 0.28 0.058 0.033 0.401 0.007
0.041 0.008 0.012 0.005 0.033 0.005 0.038 0.838 0.008 0.008 0.005
0.015 0.021 0.839 0.006 0.005 0.005 0.052 0.016 0.01 0.01 0.021
0.01 0.007 0.007 0.004 0.007 0.012 0.345 0.567 0.008 0.006 0.026
0.031 0.008 0.009 0.008 0.041 0.023 0.378 0.378 0.02 0.078 0.026
0.015 0.006 0.014 0.01 0.008 0.006 0.016 0.892 0.017 0.005 0.012
0.017 0.006 0.015 0.01 0.008 0.006 0.02 0.881 0.018 0.006 0.013
0.014 0.019 0.047 0.006 0.018 0.006 0.736 0.005 0.024 0.009 0.115
0.079 0.005 0.355 0.004 0.044 0.009 0.086 0.088 0.014 0.291 0.025
0.061 0.008 0.009 0.006 0.02 0.012 0.846 0.009 0.015 0.008 0.006
0.007 0.009 0.007 0.006 0.009 0.005 0.025 0.913 0.006 0.009 0.005
0.033 0.007 0.132 0.017 0.057 0.013 0.054 0.046 0.015 0.607 0.018
0.007 0.037 0.006 0.005 0.006 0.009 0.19 0.073 0.047 0.032 0.587
0.014 0.016 0.009 0.029 0.006 0.008 0.569 0.321 0.009 0.004 0.015
0.022 0.013 0.038 0.052 0.006 0.006 0.404 0.42 0.028 0.006 0.004
0.009 0.005 0.936 0.004 0.007 0.005 0.007 0.007 0.008 0.004 0.007
0.01 0.004 0.937 0.004 0.01 0.003 0.012 0.006 0.006 0.004 0.004
0.004 0.005 0.963 0.003 0.003 0.004 0.004 0.004 0.004 0.003 0.004
0.004 0.012 0.954 0.003 0.004 0.004 0.005 0.004 0.004 0.003 0.004
0.007 0.003 0.026 0.004 0.01 0.003 0.857 0.011 0.026 0.025 0.028
0.012 0.009 0.01 0.007 0.008 0.009 0.783 0.073 0.019 0.039 0.031
0.11 0.043 0.317 0.005 0.064 0.006 0.393 0.01 0.027 0.017 0.008
0.087 0.007 0.008 0.11 0.12 0.022 0.018 0.437 0.154 0.029 0.008
0.31 0.062 0.005 0.011 0.009 0.01 0.009 0.005 0.561 0.012 0.007
0.022 0.05 0.01 0.025 0.025 0.027 0.037 0.025 0.696 0.047 0.035
0.018 0.056 0.007 0.026 0.013 0.007 0.052 0.017 0.588 0.024 0.19
0.024 0.064 0.016 0.013 0.035 0.004 0.687 0.035 0.07 0.027 0.026
0.151 0.038 0.089 0.011 0.408 0.063 0.144 0.04 0.025 0.023 0.007
0.594 0.011 0.028 0.007 0.074 0.011 0.055 0.008 0.099 0.017 0.098
0.569 0.022 0.057 0.009 0.032 0.017 0.16 0.014 0.105 0.009 0.006
0.354 0.011 0.013 0.015 0.025 0.009 0.094 0.009 0.451 0.013 0.007
0.008 0.074 0.004 0.005 0.004 0.005 0.004 0.003 0.886 0.003 0.005
0.38 0.05 0.008 0.056 0.008 0.006 0.006 0.006 0.468 0.008 0.004
0.244 0.086 0.008 0.028 0.062 0.034 0.036 0.005 0.469 0.005 0.022
0.169 0.006 0.047 0.019 0.011 0.006 0.008 0.005 0.708 0.006 0.016
0.104 0.007 0.016 0.016 0.073 0.055 0.358 0.005 0.108 0.244 0.013
0.108 0.008 0.006 0.02 0.03 0.132 0.232 0.007 0.15 0.284 0.023
0.012 0.063 0.004 0.006 0.006 0.007 0.01 0.004 0.88 0.004 0.004
0.119 0.016 0.006 0.036 0.026 0.014 0.16 0.03 0.146 0.015 0.432
0.105 0.006 0.586 0.035 0.022 0.027 0.092 0.02 0.062 0.04 0.006
0.034 0.019 0.009 0.007 0.041 0.007 0.014 0.005 0.824 0.006 0.034
0.017 0.034 0.008 0.008 0.006 0.005 0.079 0.005 0.811 0.005 0.022
0.023 0.01 0.016 0.405 0.01 0.007 0.094 0.051 0.333 0.015 0.036
0.086 0.034 0.01 0.009 0.008 0.007 0.01 0.005 0.819 0.004 0.008
0.179 0.056 0.012 0.007 0.092 0.007 0.01 0.009 0.582 0.006 0.041
0.121 0.014 0.01 0.008 0.023 0.014 0.013 0.004 0.769 0.008 0.016
0.024 0.01 0.007 0.08 0.005 0.011 0.541 0.007 0.283 0.02 0.012
0.025 0.01 0.049 0.098 0.019 0.02 0.603 0.009 0.114 0.032 0.019
0.013 0.008 0.01 0.01 0.014 0.009 0.834 0.007 0.072 0.017 0.005
0.265 0.005 0.012 0.006 0.007 0.005 0.615 0.008 0.056 0.015 0.007
0.016 0.011 0.86 0.036 0.007 0.01 0.014 0.006 0.023 0.008 0.01
0.369 0.007 0.04 0.024 0.01 0.014 0.454 0.008 0.062 0.007 0.007
0.01 0.006 0.023 0.007 0.01 0.041 0.668 0.005 0.064 0.16 0.006
0.024 0.223 0.007 0.009 0.014 0.011 0.592 0.005 0.077 0.031 0.008
0.395 0.008 0.027 0.007 0.019 0.008 0.024 0.007 0.488 0.009 0.01
0.382 0.015 0.015 0.01 0.007 0.008 0.467 0.015 0.065 0.006 0.011
0.208 0.029 0.007 0.017 0.032 0.026 0.53 0.012 0.087 0.046 0.005
0.292 0.007 0.019 0.016 0.02 0.131 0.017 0.016 0.037 0.386 0.061
0.015 0.133 0.009 0.006 0.011 0.008 0.023 0.014 0.724 0.015 0.041
0.204 0.016 0.069 0.023 0.031 0.007 0.328 0.006 0.265 0.035 0.016
0.09 0.096 0.031 0.015 0.087 0.055 0.482 0.009 0.122 0.007 0.006
0.029 0.006 0.741 0.015 0.02 0.045 0.047 0.007 0.068 0.013 0.008
0.318 0.052 0.01 0.012 0.009 0.007 0.153 0.007 0.379 0.014 0.038
0.43 0.012 0.01 0.008 0.039 0.011 0.403 0.013 0.041 0.019 0.014
0.015 0.01 0.018 0.372 0.03 0.007 0.314 0.03 0.187 0.006 0.011
0.03 0.015 0.283 0.013 0.058 0.035 0.439 0.008 0.055 0.024 0.04
0.089 0.025 0.014 0.264 0.014 0.047 0.328 0.101 0.033 0.062 0.024
0.08 0.008 0.049 0.012 0.023 0.029 0.529 0.005 0.249 0.008 0.008
0.08 0.071 0.011 0.007 0.006 0.017 0.026 0.008 0.75 0.006 0.018
0.016 0.024 0.011 0.006 0.014 0.013 0.278 0.008 0.609 0.007 0.016
0.044 0.006 0.02 0.483 0.009 0.012 0.083 0.074 0.155 0.09 0.024
0.012 0.005 0.067 0.518 0.018 0.074 0.046 0.007 0.109 0.133 0.011
0.012 0.005 0.008 0.356 0.023 0.106 0.015 0.132 0.013 0.314 0.017
0.426 0.018 0.011 0.04 0.076 0.028 0.018 0.009 0.189 0.159 0.026
0.013 0.006 0.007 0.007 0.91 0.008 0.01 0.016 0.012 0.005 0.007
0.172 0.006 0.007 0.092 0.51 0.008 0.013 0.006 0.16 0.02 0.007
0.265 0.005 0.06 0.308 0.219 0.026 0.019 0.028 0.021 0.039 0.01
0.013 0.006 0.011 0.175 0.372 0.033 0.293 0.03 0.03 0.024 0.012
0.021 0.029 0.035 0.038 0.665 0.012 0.015 0.005 0.145 0.011 0.024
0.016 0.009 0.014 0.043 0.051 0.01 0.717 0.01 0.101 0.007 0.021
0.228 0.005 0.004 0.062 0.155 0.013 0.008 0.017 0.488 0.013 0.007
0.015 0.009 0.011 0.711 0.051 0.009 0.016 0.025 0.144 0.005 0.004
0.005 0.004 0.003 0.018 0.937 0.006 0.005 0.004 0.007 0.004 0.007
0.017 0.004 0.013 0.798 0.028 0.01 0.066 0.009 0.02 0.027 0.007
0.028 0.006 0.013 0.186 0.614 0.048 0.038 0.009 0.025 0.009 0.023
0.013 0.006 0.004 0.044 0.892 0.008 0.008 0.007 0.008 0.005 0.006
0.012 0.005 0.009 0.008 0.838 0.021 0.02 0.008 0.013 0.06 0.007
0.014 0.008 0.009 0.026 0.888 0.01 0.016 0.007 0.009 0.008 0.005
0.012 0.004 0.006 0.005 0.904 0.014 0.023 0.008 0.01 0.007 0.007
0.014 0.102 0.009 0.011 0.661 0.021 0.018 0.006 0.135 0.005 0.018
0.023 0.009 0.006 0.351 0.351 0.018 0.05 0.011 0.162 0.008 0.009
0.173 0.007 0.007 0.504 0.245 0.011 0.01 0.006 0.02 0.012 0.005
0.196 0.087 0.019 0.019 0.376 0.005 0.013 0.008 0.251 0.014 0.013
0.031 0.039 0.306 0.116 0.314 0.011 0.024 0.018 0.098 0.016 0.027
0.018 0.016 0.023 0.876 0.004 0.004 0.01 0.017 0.019 0.005 0.007
0.03 0.095 0.009 0.595 0.042 0.073 0.027 0.008 0.049 0.063 0.01
0.025 0.058 0.02 0.602 0.055 0.013 0.023 0.014 0.146 0.005 0.038
0.099 0.101 0.038 0.315 0.156 0.021 0.047 0.032 0.105 0.059 0.027
0.01 0.005 0.007 0.712 0.22 0.007 0.007 0.004 0.01 0.011 0.006
0.191 0.02 0.016 0.275 0.179 0.01 0.047 0.009 0.215 0.024 0.014
0.006 0.005 0.004 0.952 0.007 0.006 0.004 0.005 0.005 0.004 0.004
0.007 0.011 0.005 0.891 0.038 0.007 0.01 0.009 0.012 0.004 0.006
0.009 0.01 0.01 0.474 0.251 0.182 0.007 0.031 0.011 0.01 0.005
0.013 0.006 0.006 0.889 0.023 0.015 0.008 0.009 0.02 0.004 0.006
0.011 0.057 0.007 0.719 0.014 0.02 0.028 0.006 0.092 0.005 0.04
0.092 0.004 0.004 0.856 0.008 0.007 0.004 0.005 0.005 0.005 0.009
0.004 0.004 0.004 0.961 0.004 0.004 0.004 0.004 0.005 0.003 0.003
0.034 0.026 0.056 0.635 0.035 0.061 0.041 0.032 0.033 0.026 0.02
0.016 0.008 0.01 0.897 0.024 0.006 0.009 0.014 0.007 0.005 0.005
0.01 0.006 0.008 0.615 0.01 0.266 0.039 0.007 0.026 0.007 0.006
0.004 0.003 0.003 0.953 0.005 0.008 0.004 0.005 0.004 0.004 0.004
0.445 0.019 0.166 0.05 0.125 0.007 0.053 0.008 0.03 0.009 0.087
0.007 0.006 0.003 0.942 0.007 0.004 0.004 0.006 0.012 0.004 0.004
0.007 0.004 0.004 0.941 0.012 0.008 0.006 0.004 0.005 0.003 0.004
0.09 0.006 0.004 0.834 0.005 0.016 0.006 0.007 0.012 0.013 0.008
0.007 0.005 0.005 0.936 0.009 0.006 0.006 0.008 0.008 0.005 0.004
0.058 0.004 0.003 0.905 0.004 0.004 0.004 0.004 0.006 0.004 0.004
0.179 0.19 0.007 0.114 0.189 0.005 0.024 0.008 0.247 0.009 0.027
0.023 0.02 0.01 0.052 0.014 0.006 0.767 0.011 0.055 0.037 0.007
0.065 0.008 0.008 0.004 0.008 0.006 0.703 0.032 0.035 0.015 0.116
0.127 0.004 0.005 0.005 0.004 0.005 0.816 0.006 0.013 0.007 0.008
0.153 0.011 0.009 0.028 0.11 0.04 0.193 0.041 0.356 0.033 0.027
0.415 0.005 0.019 0.005 0.008 0.011 0.081 0.013 0.06 0.009 0.373
0.01 0.016 0.004 0.004 0.008 0.005 0.851 0.007 0.035 0.039 0.021
0.052 0.01 0.011 0.004 0.006 0.004 0.814 0.037 0.017 0.019 0.026
0.06 0.03 0.009 0.009 0.024 0.008 0.594 0.021 0.111 0.009 0.125
0.05 0.009 0.006 0.012 0.012 0.039 0.82 0.014 0.018 0.01 0.01
0.016 0.011 0.007 0.006 0.005 0.025 0.749 0.016 0.038 0.009 0.118
0.009 0.014 0.005 0.006 0.026 0.019 0.841 0.011 0.012 0.029 0.027
0.053 0.008 0.006 0.004 0.004 0.006 0.876 0.015 0.006 0.011 0.011
0.708 0.024 0.068 0.008 0.008 0.005 0.127 0.023 0.012 0.005 0.012
0.172 0.006 0.02 0.016 0.01 0.004 0.32 0.368 0.069 0.008 0.008
0.056 0.039 0.009 0.008 0.046 0.056 0.11 0.047 0.053 0.502 0.074
0.032 0.006 0.006 0.007 0.48 0.006 0.018 0.239 0.007 0.174 0.028
0.115 0.007 0.005 0.01 0.057 0.009 0.006 0.005 0.015 0.763 0.008
0.033 0.031 0.005 0.005 0.065 0.01 0.162 0.231 0.014 0.105 0.341
0.021 0.011 0.007 0.003 0.017 0.008 0.152 0.037 0.027 0.626 0.09
0.016 0.026 0.341 0.019 0.008 0.016 0.018 0.066 0.026 0.454 0.009
0.005 0.941 0.005 0.005 0.007 0.006 0.005 0.004 0.01 0.004 0.007
0.005 0.946 0.004 0.004 0.006 0.004 0.005 0.006 0.008 0.004 0.009
0.008 0.753 0.192 0.004 0.004 0.006 0.007 0.009 0.009 0.005 0.004
0.011 0.007 0.006 0.004 0.005 0.011 0.006 0.004 0.006 0.935 0.007
0.018 0.487 0.021 0.007 0.01 0.009 0.01 0.009 0.024 0.398 0.008
0.005 0.032 0.004 0.004 0.011 0.012 0.009 0.007 0.01 0.8 0.105
0.008 0.92 0.004 0.006 0.007 0.004 0.007 0.005 0.021 0.013 0.005
0.006 0.041 0.007 0.005 0.007 0.031 0.007 0.008 0.006 0.877 0.005
0.009 0.01 0.009 0.004 0.006 0.007 0.01 0.018 0.009 0.902 0.017
0.01 0.701 0.005 0.006 0.013 0.022 0.132 0.011 0.046 0.035 0.019
0.004 0.954 0.004 0.005 0.006 0.003 0.004 0.004 0.006 0.004 0.005
0.078 0.767 0.005 0.007 0.006 0.012 0.011 0.014 0.036 0.058 0.006
0.006 0.004 0.004 0.004 0.01 0.011 0.011 0.022 0.007 0.909 0.012
0.011 0.102 0.008 0.006 0.023 0.008 0.045 0.006 0.031 0.503 0.257
0.024 0.197 0.004 0.006 0.007 0.01 0.05 0.008 0.064 0.611 0.018
0.007 0.555 0.008 0.004 0.009 0.015 0.009 0.03 0.013 0.208 0.141
0.007 0.584 0.011 0.006 0.004 0.106 0.006 0.009 0.005 0.252 0.01
0.007 0.022 0.026 0.007 0.008 0.014 0.018 0.021 0.007 0.86 0.011
0.016 0.046 0.008 0.005 0.017 0.005 0.018 0.054 0.011 0.087 0.733
0.02 0.011 0.007 0.01 0.036 0.012 0.096 0.016 0.014 0.011 0.767
0.024 0.407 0.067 0.072 0.012 0.015 0.007 0.353 0.019 0.007 0.017
0.006 0.025 0.009 0.044 0.006 0.008 0.006 0.87 0.005 0.006 0.015
0.018 0.029 0.23 0.007 0.016 0.013 0.262 0.206 0.02 0.043 0.158
0.005 0.013 0.006 0.016 0.006 0.004 0.037 0.01 0.008 0.004 0.89
0.005 0.028 0.011 0.027 0.008 0.008 0.006 0.539 0.008 0.004 0.354
0.007 0.027 0.421 0.008 0.006 0.005 0.006 0.013 0.026 0.007 0.473
0.005 0.006 0.005 0.005 0.004 0.004 0.004 0.005 0.007 0.005 0.95
0.012 0.017 0.014 0.018 0.006 0.009 0.015 0.851 0.011 0.013 0.034
0.009 0.009 0.007 0.004 0.039 0.007 0.02 0.115 0.013 0.024 0.752
0.014 0.018 0.07 0.019 0.011 0.01 0.03 0.614 0.024 0.062 0.127
0.191 0.067 0.011 0.009 0.005 0.007 0.01 0.014 0.014 0.134 0.539
0.088 0.005 0.006 0.004 0.005 0.004 0.007 0.019 0.008 0.032 0.823
0.197 0.006 0.008 0.004 0.005 0.004 0.023 0.016 0.01 0.017 0.71
0.004 0.004 0.003 0.004 0.008 0.003 0.006 0.012 0.006 0.005 0.944
0.004 0.004 0.004 0.004 0.004 0.003 0.004 0.007 0.005 0.005 0.957
0.006 0.009 0.006 0.008 0.007 0.007 0.005 0.009 0.006 0.008 0.93
0.007 0.03 0.008 0.004 0.013 0.006 0.008 0.006 0.007 0.005 0.906
0.01 0.015 0.016 0.009 0.009 0.004 0.009 0.007 0.015 0.007 0.899
0.009 0.009 0.006 0.005 0.006 0.004 0.008 0.007 0.007 0.005 0.933
0.006 0.005 0.005 0.007 0.004 0.004 0.01 0.01 0.011 0.011 0.927
0.431 0.018 0.016 0.017 0.028 0.018 0.043 0.035 0.03 0.186 0.178
0.153 0.009 0.01 0.004 0.007 0.013 0.009 0.07 0.006 0.312 0.408
0.146 0.005 0.004 0.007 0.006 0.003 0.02 0.056 0.012 0.732 0.009
0.071 0.014 0.18 0.006 0.009 0.003 0.017 0.038 0.007 0.642 0.012
0.01 0.016 0.208 0.019 0.005 0.005 0.016 0.45 0.007 0.244 0.021
0.051 0.096 0.334 0.008 0.026 0.005 0.023 0.02 0.016 0.137 0.284
0.054 0.005 0.023 0.005 0.009 0.005 0.083 0.032 0.024 0.074 0.685
0.01 0.015 0.01 0.01 0.011 0.009 0.01 0.007 0.01 0.03 0.877
0.041 0.058 0.021 0.014 0.03 0.007 0.008 0.016 0.06 0.012 0.734
0.026 0.053 0.018 0.005 0.014 0.004 0.055 0.012 0.033 0.02 0.759
0.004 0.009 0.004 0.004 0.006 0.003 0.005 0.947 0.004 0.006 0.007
0.004 0.009 0.004 0.004 0.006 0.003 0.005 0.947 0.004 0.006 0.007
0.004 0.009 0.004 0.004 0.006 0.003 0.005 0.948 0.004 0.006 0.007
0.048 0.007 0.006 0.01 0.01 0.005 0.045 0.722 0.012 0.048 0.087
0.009 0.01 0.005 0.01 0.005 0.006 0.006 0.51 0.01 0.021 0.407
0.016 0.013 0.568 0.008 0.009 0.005 0.005 0.339 0.009 0.012 0.016
0.115 0.041 0.011 0.008 0.006 0.005 0.015 0.031 0.016 0.088 0.663
0.01 0.006 0.379 0.038 0.018 0.022 0.016 0.01 0.012 0.477 0.012
0.013 0.506 0.01 0.008 0.019 0.01 0.019 0.017 0.019 0.015 0.364
0.019 0.082 0.024 0.019 0.017 0.006 0.084 0.073 0.023 0.028 0.626
0.01 0.028 0.008 0.017 0.011 0.01 0.01 0.871 0.009 0.012 0.013
0.168 0.393 0.039 0.041 0.027 0.04 0.06 0.064 0.059 0.055 0.053
0.006 0.007 0.005 0.005 0.006 0.003 0.008 0.917 0.005 0.018 0.018
0.017 0.17 0.01 0.008 0.011 0.009 0.012 0.018 0.01 0.713 0.023
0.006 0.008 0.004 0.005 0.006 0.003 0.008 0.918 0.005 0.018 0.018
0.117 0.026 0.012 0.008 0.126 0.008 0.056 0.077 0.415 0.015 0.14
0.017 0.01 0.006 0.035 0.04 0.018 0.016 0.805 0.033 0.01 0.011
0.011 0.689 0.014 0.034 0.015 0.006 0.087 0.012 0.079 0.009 0.045
0.015 0.201 0.012 0.12 0.011 0.027 0.012 0.173 0.39 0.008 0.031
0.072 0.035 0.017 0.02 0.011 0.029 0.324 0.008 0.387 0.01 0.088
0.128 0.09 0.005 0.006 0.008 0.033 0.017 0.009 0.593 0.01 0.103
0.124 0.019 0.015 0.025 0.126 0.117 0.149 0.009 0.259 0.025 0.133
0.34 0.007 0.014 0.007 0.051 0.034 0.047 0.056 0.371 0.053 0.019
0.26 0.071 0.013 0.107 0.013 0.007 0.044 0.312 0.158 0.008 0.008
0.018 0.263 0.012 0.011 0.014 0.011 0.016 0.043 0.589 0.009 0.015
0.011 0.419 0.016 0.19 0.009 0.007 0.011 0.19 0.091 0.009 0.047
0.797 0.03 0.02 0.008 0.006 0.008 0.019 0.009 0.089 0.005 0.009
0.702 0.01 0.01 0.018 0.043 0.008 0.01 0.005 0.184 0.005 0.005
0.01 0.077 0.009 0.034 0.808 0.006 0.021 0.007 0.019 0.004 0.004
0.02 0.009 0.022 0.012 0.721 0.008 0.022 0.006 0.114 0.01 0.055
0.012 0.005 0.215 0.005 0.71 0.009 0.01 0.007 0.013 0.007 0.007
0.031 0.018 0.079 0.014 0.035 0.015 0.049 0.019 0.231 0.008 0.502
0.005 0.006 0.007 0.009 0.937 0.01 0.006 0.006 0.007 0.004 0.004
0.01 0.029 0.009 0.672 0.21 0.008 0.02 0.012 0.019 0.004 0.007
0.037 0.008 0.23 0.253 0.307 0.012 0.008 0.046 0.086 0.005 0.007
0.01 0.006 0.014 0.031 0.892 0.008 0.009 0.009 0.012 0.007 0.004
0.03 0.016 0.044 0.007 0.725 0.014 0.032 0.007 0.11 0.005 0.011
0.093 0.019 0.093 0.219 0.341 0.004 0.011 0.037 0.171 0.007 0.005
0.01 0.007 0.166 0.723 0.04 0.009 0.005 0.007 0.023 0.006 0.005
0.096 0.036 0.014 0.005 0.023 0.008 0.767 0.008 0.021 0.015 0.008
