0.009 0.013 0.007 0.006 0.005 0.006 0.335 0.011 0.512 0.007 0.012 0.077
0.008 0.008 0.006 0.009 0.008 0.011 0.341 0.004 0.499 0.01 0.009 0.088
0.008 0.006 0.034 0.017 0.01 0.063 0.461 0.006 0.205 0.005 0.017 0.169
0.14 0.005 0.087 0.004 0.013 0.004 0.332 0.007 0.31 0.036 0.006 0.055
0.006 0.012 0.034 0.01 0.023 0.017 0.311 0.008 0.408 0.008 0.036 0.127
0.005 0.008 0.062 0.006 0.008 0.055 0.336 0.01 0.307 0.017 0.027 0.159
0.008 0.01 0.012 0.013 0.349 0.143 0.09 0.006 0.116 0.009 0.205 0.039
0.005 0.094 0.005 0.009 0.008 0.007 0.326 0.003 0.425 0.016 0.086 0.016
0.006 0.011 0.228 0.017 0.025 0.011 0.2 0.004 0.201 0.268 0.005 0.025
0.004 0.006 0.114 0.015 0.01 0.017 0.255 0.005 0.255 0.279 0.009 0.032
0.005 0.005 0.044 0.008 0.013 0.007 0.357 0.006 0.494 0.027 0.005 0.03
0.009 0.004 0.005 0.006 0.006 0.016 0.347 0.007 0.519 0.006 0.013 0.06
0.004 0.006 0.066 0.004 0.007 0.02 0.41 0.006 0.419 0.02 0.005 0.033
0.005 0.205 0.009 0.009 0.043 0.009 0.15 0.006 0.26 0.009 0.255 0.039
0.017 0.014 0.01 0.006 0.024 0.014 0.334 0.015 0.383 0.112 0.035 0.037
0.008 0.005 0.009 0.005 0.021 0.017 0.413 0.011 0.474 0.01 0.005 0.021
0.005 0.009 0.024 0.007 0.02 0.021 0.24 0.016 0.319 0.314 0.013 0.012
0.005 0.031 0.029 0.013 0.022 0.05 0.353 0.01 0.347 0.06 0.005 0.076
0.004 0.004 0.009 0.004 0.006 0.011 0.273 0.008 0.473 0.01 0.004 0.193
0.01 0.008 0.043 0.014 0.021 0.028 0.034 0.011 0.041 0.026 0.721 0.043
0.005 0.022 0.005 0.005 0.008 0.013 0.236 0.004 0.469 0.03 0.004 0.198
0.004 0.005 0.021 0.022 0.005 0.012 0.385 0.047 0.452 0.009 0.008 0.031
0.008 0.008 0.011 0.029 0.009 0.007 0.294 0.087 0.498 0.015 0.015 0.02
0.004 0.006 0.005 0.006 0.005 0.011 0.434 0.007 0.461 0.011 0.007 0.044
0.04 0.147 0.044 0.039 0.007 0.016 0.017 0.557 0.046 0.009 0.058 0.021
0.004 0.075 0.004 0.017 0.004 0.005 0.005 0.824 0.005 0.003 0.05 0.004
0.371 0.015 0.027 0.007 0.01 0.015 0.009 0.461 0.008 0.005 0.018 0.057
0.006 0.086 0.113 0.06 0.017 0.008 0.034 0.4 0.015 0.079 0.152 0.031
0.007 0.008 0.006 0.01 0.01 0.039 0.046 0.796 0.012 0.009 0.005 0.051
0.007 0.03 0.008 0.009 0.005 0.004 0.007 0.793 0.006 0.005 0.116 0.009
0.004 0.003 0.003 0.003 0.003 0.004 0.006 0.959 0.004 0.003 0.004 0.005
0.011 0.005 0.005 0.005 0.006 0.049 0.06 0.828 0.006 0.006 0.009 0.011
0.005 0.393 0.013 0.01 0.005 0.043 0.012 0.346 0.014 0.006 0.032 0.123
0.008 0.035 0.011 0.012 0.008 0.009 0.009 0.863 0.019 0.011 0.006 0.008
0.015 0.024 0.013 0.047 0.033 0.068 0.047 0.481 0.037 0.024 0.018 0.193
0.023 0.007 0.141 0.021 0.007 0.018 0.146 0.066 0.019 0.01 0.482 0.058
0.004 0.003 0.005 0.004 0.004 0.006 0.004 0.951 0.005 0.003 0.007 0.004
0.008 0.004 0.018 0.011 0.005 0.052 0.007 0.79 0.006 0.005 0.004 0.09
0.028 0.007 0.006 0.007 0.008 0.068 0.027 0.704 0.021 0.096 0.011 0.016
0.005 0.008 0.007 0.006 0.008 0.007 0.009 0.916 0.012 0.008 0.005 0.008
0.007 0.006 0.009 0.014 0.248 0.027 0.075 0.324 0.073 0.013 0.018 0.185
0.007 0.004 0.108 0.005 0.005 0.02 0.044 0.527 0.018 0.004 0.066 0.192
0.229 0.007 0.007 0.007 0.004 0.104 0.063 0.515 0.016 0.012 0.022 0.013
0.005 0.005 0.039 0.006 0.021 0.005 0.008 0.853 0.007 0.039 0.005 0.007
0.005 0.004 0.172 0.005 0.036 0.005 0.008 0.71 0.005 0.021 0.019 0.009
0.005 0.005 0.039 0.006 0.022 0.005 0.008 0.853 0.008 0.038 0.005 0.007
0.004 0.003 0.005 0.004 0.004 0.006 0.004 0.951 0.005 0.003 0.007 0.004
0.004 0.003 0.005 0.004 0.004 0.006 0.004 0.951 0.005 0.003 0.007 0.004
0.012 0.013 0.007 0.857 0.007 0.055 0.006 0.005 0.007 0.018 0.003 0.008
0.012 0.131 0.129 0.195 0.025 0.007 0.062 0.004 0.078 0.094 0.004 0.259
0.033 0.031 0.02 0.287 0.102 0.171 0.014 0.147 0.157 0.008 0.02 0.011
0.009 0.367 0.005 0.536 0.007 0.013 0.013 0.004 0.009 0.006 0.004 0.026
0.784 0.012 0.01 0.083 0.023 0.023 0.006 0.005 0.009 0.024 0.008 0.014
0.007 0.197 0.006 0.722 0.007 0.009 0.005 0.007 0.006 0.024 0.005 0.005
0.01 0.188 0.011 0.343 0.01 0.214 0.034 0.02 0.104 0.03 0.007 0.03
0.012 0.406 0.01 0.505 0.006 0.009 0.009 0.005 0.005 0.01 0.011 0.012
0.011 0.399 0.011 0.515 0.006 0.009 0.008 0.004 0.005 0.01 0.01 0.012
0.059 0.005 0.049 0.57 0.018 0.101 0.015 0.007 0.011 0.137 0.006 0.022
0.262 0.048 0.008 0.399 0.015 0.02 0.031 0.008 0.11 0.027 0.003 0.07
0.011 0.007 0.016 0.782 0.008 0.091 0.017 0.014 0.015 0.006 0.006 0.026
0.009 0.555 0.005 0.369 0.008 0.009 0.007 0.005 0.006 0.005 0.014 0.007
0.119 0.052 0.01 0.136 0.055 0.104 0.035 0.02 0.4 0.039 0.012 0.019
0.006 0.12 0.087 0.233 0.035 0.018 0.007 0.008 0.014 0.457 0.005 0.01
0.008 0.09 0.008 0.793 0.01 0.022 0.005 0.006 0.005 0.014 0.032 0.008
0.031 0.204 0.018 0.616 0.009 0.019 0.007 0.006 0.006 0.005 0.07 0.01
0.918 0.005 0.008 0.01 0.005 0.01 0.013 0.006 0.006 0.008 0.003 0.009
0.914 0.005 0.005 0.016 0.004 0.008 0.009 0.003 0.004 0.005 0.004 0.024
0.961 0.003 0.004 0.004 0.004 0.004 0.003 0.004 0.003 0.004 0.003 0.004
0.953 0.003 0.004 0.004 0.009 0.004 0.004 0.004 0.003 0.004 0.003 0.004
0.049 0.013 0.004 0.498 0.006 0.329 0.009 0.004 0.017 0.055 0.005 0.012
0.011 0.035 0.019 0.77 0.015 0.067 0.011 0.008 0.017 0.031 0.007 0.009
0.185 0.007 0.015 0.589 0.037 0.019 0.04 0.005 0.016 0.008 0.004 0.075
0.007 0.4 0.143 0.023 0.006 0.034 0.064 0.023 0.029 0.007 0.146 0.116
0.005 0.008 0.76 0.006 0.006 0.009 0.08 0.009 0.015 0.008 0.013 0.082
0.008 0.062 0.714 0.021 0.016 0.035 0.023 0.024 0.025 0.021 0.022 0.028
0.005 0.039 0.648 0.031 0.032 0.05 0.022 0.006 0.015 0.106 0.017 0.029
0.015 0.069 0.017 0.049 0.034 0.714 0.022 0.004 0.019 0.02 0.012 0.024
0.116 0.023 0.018 0.076 0.025 0.115 0.182 0.044 0.297 0.007 0.009 0.09
0.028 0.007 0.108 0.05 0.009 0.1 0.139 0.012 0.05 0.183 0.005 0.308
0.038 0.011 0.039 0.151 0.019 0.217 0.03 0.015 0.013 0.006 0.008 0.453
0.012 0.008 0.226 0.076 0.012 0.091 0.077 0.01 0.014 0.007 0.014 0.454
0.004 0.003 0.949 0.003 0.009 0.004 0.005 0.004 0.004 0.004 0.005 0.007
0.007 0.009 0.661 0.006 0.006 0.015 0.118 0.006 0.01 0.004 0.061 0.096
0.01 0.009 0.624 0.017 0.015 0.034 0.086 0.031 0.027 0.022 0.03 0.096
0.066 0.005 0.391 0.009 0.006 0.024 0.124 0.007 0.008 0.028 0.013 0.319
0.011 0.006 0.036 0.098 0.013 0.43 0.035 0.067 0.178 0.012 0.012 0.103
0.005 0.007 0.072 0.108 0.008 0.318 0.028 0.124 0.206 0.017 0.017 0.088
0.004 0.004 0.939 0.008 0.008 0.005 0.005 0.006 0.005 0.003 0.006 0.007
0.005 0.058 0.089 0.039 0.012 0.287 0.029 0.012 0.016 0.321 0.024 0.108
0.472 0.016 0.029 0.044 0.01 0.128 0.078 0.024 0.023 0.005 0.018 0.153
0.009 0.006 0.699 0.01 0.005 0.043 0.102 0.007 0.009 0.036 0.005 0.07
0.007 0.004 0.821 0.027 0.007 0.065 0.015 0.004 0.005 0.022 0.006 0.017
0.016 0.058 0.326 0.113 0.011 0.029 0.078 0.007 0.012 0.036 0.273 0.04
0.01 0.004 0.785 0.012 0.007 0.006 0.026 0.006 0.005 0.007 0.01 0.121
0.011 0.006 0.337 0.013 0.036 0.009 0.131 0.006 0.018 0.049 0.007 0.376
0.013 0.005 0.606 0.009 0.007 0.035 0.064 0.012 0.014 0.017 0.008 0.213
0.006 0.008 0.117 0.033 0.014 0.632 0.138 0.008 0.01 0.011 0.007 0.017
0.021 0.012 0.012 0.023 0.013 0.762 0.097 0.012 0.014 0.012 0.01 0.013
0.007 0.005 0.005 0.053 0.008 0.884 0.007 0.006 0.008 0.004 0.006 0.007
0.007 0.01 0.017 0.075 0.005 0.579 0.009 0.005 0.01 0.007 0.005 0.273
0.727 0.007 0.008 0.007 0.008 0.137 0.01 0.01 0.008 0.009 0.058 0.01
0.019 0.006 0.009 0.048 0.006 0.571 0.013 0.01 0.007 0.008 0.016 0.288
0.009 0.008 0.005 0.033 0.053 0.786 0.007 0.042 0.042 0.004 0.005 0.006
0.005 0.005 0.014 0.027 0.224 0.667 0.008 0.008 0.014 0.006 0.008 0.013
0.031 0.006 0.247 0.015 0.008 0.162 0.046 0.008 0.01 0.01 0.006 0.45
0.014 0.012 0.024 0.243 0.01 0.294 0.008 0.007 0.006 0.009 0.009 0.363
0.007 0.01 0.059 0.285 0.028 0.301 0.022 0.023 0.058 0.005 0.015 0.189
0.017 0.095 0.043 0.016 0.018 0.087 0.048 0.164 0.341 0.121 0.023 0.028
0.009 0.017 0.791 0.018 0.07 0.017 0.014 0.007 0.012 0.025 0.005 0.014
0.022 0.015 0.144 0.011 0.009 0.662 0.05 0.006 0.031 0.013 0.02 0.016
0.031 0.006 0.061 0.036 0.046 0.589 0.055 0.052 0.014 0.006 0.012 0.093
0.541 0.005 0.023 0.008 0.005 0.327 0.011 0.029 0.012 0.006 0.014 0.02
0.007 0.007 0.269 0.042 0.044 0.276 0.012 0.006 0.01 0.033 0.009 0.283
0.011 0.017 0.022 0.092 0.019 0.415 0.043 0.013 0.042 0.016 0.007 0.304
0.019 0.024 0.128 0.029 0.006 0.488 0.159 0.006 0.011 0.007 0.079 0.043
0.292 0.006 0.015 0.044 0.021 0.443 0.032 0.029 0.031 0.044 0.015 0.03
0.011 0.04 0.02 0.163 0.03 0.226 0.015 0.042 0.041 0.022 0.306 0.085
0.038 0.004 0.244 0.336 0.007 0.169 0.019 0.033 0.012 0.008 0.011 0.117
0.012 0.008 0.789 0.044 0.023 0.023 0.008 0.016 0.006 0.018 0.006 0.047
0.01 0.006 0.723 0.128 0.011 0.057 0.016 0.012 0.009 0.011 0.005 0.012
0.012 0.055 0.018 0.014 0.009 0.337 0.345 0.009 0.021 0.012 0.082 0.085
0.036 0.008 0.031 0.013 0.023 0.174 0.294 0.087 0.04 0.009 0.228 0.057
0.008 0.204 0.008 0.014 0.039 0.051 0.12 0.158 0.126 0.019 0.212 0.04
0.009 0.106 0.139 0.014 0.014 0.038 0.282 0.029 0.085 0.046 0.03 0.209
0.007 0.009 0.012 0.024 0.005 0.035 0.386 0.009 0.369 0.007 0.008 0.13
0.005 0.005 0.073 0.02 0.007 0.01 0.335 0.007 0.045 0.007 0.043 0.442
0.041 0.089 0.016 0.018 0.005 0.03 0.346 0.019 0.082 0.011 0.182 0.161
0.01 0.027 0.013 0.081 0.007 0.212 0.309 0.03 0.159 0.01 0.092 0.05
0.023 0.005 0.095 0.016 0.021 0.011 0.358 0.011 0.046 0.023 0.027 0.365
0.014 0.015 0.012 0.07 0.012 0.615 0.189 0.007 0.012 0.012 0.007 0.035
0.004 0.028 0.246 0.009 0.006 0.009 0.177 0.01 0.019 0.007 0.042 0.444
0.008 0.01 0.046 0.02 0.006 0.107 0.419 0.008 0.011 0.004 0.215 0.147
0.003 0.004 0.009 0.005 0.004 0.004 0.378 0.007 0.388 0.006 0.027 0.164
0.006 0.01 0.006 0.013 0.005 0.139 0.335 0.007 0.017 0.006 0.392 0.064
0.008 0.006 0.011 0.018 0.006 0.06 0.514 0.03 0.057 0.023 0.075 0.19
0.004 0.006 0.007 0.006 0.006 0.017 0.497 0.009 0.234 0.006 0.029 0.179
0.008 0.014 0.014 0.039 0.01 0.015 0.335 0.043 0.344 0.008 0.006 0.164
0.008 0.009 0.007 0.012 0.009 0.013 0.535 0.008 0.121 0.007 0.017 0.253
0.006 0.007 0.01 0.058 0.005 0.013 0.396 0.023 0.281 0.007 0.005 0.188
0.009 0.005 0.158 0.026 0.057 0.007 0.339 0.024 0.054 0.021 0.008 0.292
0.005 0.008 0.059 0.03 0.006 0.053 0.475 0.019 0.044 0.008 0.111 0.18
0.006 0.013 0.016 0.007 0.006 0.01 0.436 0.009 0.019 0.005 0.281 0.191
0.016 0.012 0.2 0.007 0.03 0.016 0.465 0.004 0.036 0.014 0.012 0.187
0.24 0.014 0.071 0.014 0.024 0.012 0.378 0.008 0.02 0.021 0.045 0.153
0.019 0.01 0.016 0.008 0.012 0.013 0.004 0.004 0.005 0.006 0.888 0.014
0.008 0.005 0.037 0.014 0.082 0.055 0.026 0.057 0.085 0.009 0.602 0.021
0.018 0.019 0.161 0.041 0.032 0.011 0.13 0.011 0.021 0.029 0.463 0.064
0.033 0.033 0.088 0.027 0.081 0.084 0.143 0.019 0.109 0.023 0.261 0.098
0.007 0.005 0.009 0.006 0.006 0.037 0.232 0.009 0.116 0.007 0.509 0.057
0.013 0.013 0.068 0.015 0.024 0.107 0.346 0.008 0.038 0.011 0.082 0.273
0.004 0.004 0.005 0.004 0.004 0.007 0.045 0.009 0.007 0.004 0.898 0.008
0.004 0.01 0.009 0.006 0.007 0.031 0.029 0.006 0.027 0.006 0.843 0.021
0.012 0.018 0.013 0.008 0.011 0.009 0.079 0.183 0.124 0.005 0.495 0.043
0.007 0.007 0.022 0.01 0.005 0.009 0.035 0.014 0.011 0.006 0.823 0.052
0.007 0.005 0.159 0.02 0.032 0.022 0.041 0.019 0.01 0.03 0.638 0.016
0.004 0.006 0.006 0.004 0.004 0.004 0.012 0.007 0.011 0.012 0.922 0.007
0.004 0.004 0.004 0.003 0.004 0.016 0.076 0.005 0.003 0.003 0.868 0.009
0.035 0.024 0.025 0.024 0.022 0.092 0.047 0.054 0.027 0.019 0.605 0.027
0.01 0.02 0.007 0.008 0.006 0.009 0.252 0.006 0.01 0.005 0.617 0.05
0.007 0.006 0.037 0.024 0.006 0.028 0.012 0.263 0.009 0.006 0.592 0.01
0.003 0.004 0.004 0.004 0.004 0.004 0.005 0.008 0.005 0.004 0.949 0.005
0.181 0.006 0.033 0.045 0.015 0.055 0.104 0.007 0.165 0.135 0.051 0.203
0.003 0.005 0.018 0.005 0.006 0.005 0.01 0.004 0.006 0.003 0.928 0.008
0.004 0.004 0.005 0.006 0.004 0.022 0.238 0.008 0.008 0.005 0.666 0.03
0.004 0.016 0.02 0.006 0.008 0.009 0.01 0.018 0.012 0.01 0.873 0.014
0.006 0.01 0.012 0.007 0.005 0.008 0.033 0.006 0.013 0.005 0.884 0.01
0.003 0.007 0.008 0.004 0.003 0.005 0.013 0.004 0.004 0.004 0.94 0.006
0.008 0.008 0.13 0.011 0.086 0.04 0.193 0.005 0.016 0.029 0.072 0.402
0.01 0.009 0.067 0.61 0.028 0.135 0.021 0.006 0.044 0.008 0.048 0.015
0.008 0.038 0.035 0.382 0.01 0.28 0.008 0.006 0.01 0.14 0.004 0.079
0.005 0.006 0.007 0.414 0.005 0.356 0.005 0.004 0.005 0.011 0.005 0.175
0.007 0.025 0.166 0.033 0.012 0.28 0.109 0.039 0.034 0.026 0.021 0.248
0.016 0.01 0.031 0.022 0.005 0.172 0.008 0.009 0.008 0.433 0.006 0.28
0.004 0.007 0.044 0.626 0.022 0.22 0.009 0.005 0.022 0.019 0.004 0.018
0.008 0.023 0.009 0.802 0.016 0.079 0.007 0.004 0.01 0.027 0.004 0.011
0.01 0.02 0.152 0.381 0.019 0.162 0.023 0.008 0.012 0.132 0.009 0.072
0.006 0.008 0.02 0.691 0.009 0.102 0.021 0.067 0.012 0.012 0.021 0.031
0.005 0.007 0.03 0.856 0.008 0.007 0.006 0.011 0.006 0.054 0.004 0.005
0.005 0.012 0.01 0.628 0.023 0.168 0.031 0.024 0.04 0.034 0.006 0.018
0.004 0.009 0.004 0.937 0.007 0.007 0.004 0.005 0.006 0.007 0.003 0.006
0.043 0.01 0.011 0.291 0.016 0.033 0.118 0.005 0.195 0.01 0.009 0.26
0.017 0.157 0.035 0.678 0.006 0.012 0.015 0.004 0.008 0.007 0.016 0.046
0.007 0.077 0.008 0.01 0.226 0.391 0.026 0.044 0.163 0.035 0.006 0.007
0.005 0.087 0.006 0.109 0.011 0.018 0.225 0.006 0.463 0.022 0.009 0.039
0.006 0.031 0.012 0.008 0.077 0.026 0.049 0.028 0.683 0.042 0.007 0.032
0.005 0.099 0.007 0.233 0.038 0.043 0.104 0.008 0.188 0.259 0.005 0.011
0.006 0.058 0.007 0.066 0.17 0.187 0.02 0.011 0.306 0.154 0.003 0.01
0.345 0.113 0.034 0.018 0.176 0.033 0.013 0.027 0.203 0.011 0.018 0.009
0.007 0.005 0.006 0.005 0.915 0.013 0.007 0.006 0.013 0.011 0.006 0.006
0.006 0.01 0.021 0.006 0.875 0.012 0.008 0.004 0.013 0.031 0.006 0.009
0.218 0.009 0.016 0.009 0.709 0.006 0.005 0.006 0.005 0.005 0.004 0.008
0.008 0.052 0.006 0.011 0.345 0.023 0.006 0.057 0.414 0.056 0.004 0.018
0.02 0.013 0.007 0.008 0.671 0.034 0.011 0.011 0.201 0.008 0.007 0.009
0.004 0.088 0.01 0.009 0.393 0.017 0.01 0.021 0.353 0.085 0.003 0.007
0.005 0.005 0.022 0.007 0.917 0.005 0.007 0.004 0.008 0.005 0.005 0.01
0.005 0.023 0.005 0.006 0.471 0.01 0.006 0.064 0.392 0.005 0.005 0.007
0.009 0.083 0.009 0.019 0.386 0.02 0.008 0.021 0.408 0.02 0.003 0.015
0.004 0.013 0.078 0.133 0.684 0.011 0.009 0.018 0.018 0.017 0.005 0.009
0.005 0.004 0.019 0.005 0.923 0.004 0.008 0.003 0.006 0.008 0.005 0.009
0.006 0.063 0.038 0.009 0.776 0.008 0.018 0.011 0.041 0.008 0.008 0.014
0.004 0.28 0.006 0.027 0.164 0.019 0.015 0.033 0.414 0.023 0.004 0.011
0.008 0.014 0.033 0.053 0.325 0.03 0.021 0.007 0.233 0.254 0.006 0.017
0.004 0.02 0.052 0.063 0.528 0.013 0.008 0.017 0.262 0.016 0.005 0.012
0.008 0.019 0.017 0.012 0.726 0.005 0.008 0.011 0.088 0.095 0.004 0.007
0.016 0.023 0.007 0.006 0.714 0.007 0.005 0.079 0.119 0.011 0.006 0.006
0.021 0.11 0.004 0.017 0.389 0.035 0.007 0.027 0.365 0.013 0.005 0.007
0.008 0.074 0.011 0.016 0.066 0.025 0.02 0.005 0.05 0.704 0.005 0.017
0.006 0.015 0.005 0.022 0.01 0.086 0.033 0.009 0.014 0.776 0.007 0.018
0.087 0.147 0.009 0.023 0.417 0.012 0.011 0.013 0.015 0.023 0.23 0.014
0.019 0.491 0.005 0.023 0.022 0.006 0.007 0.007 0.007 0.147 0.261 0.006
0.218 0.074 0.014 0.435 0.037 0.013 0.009 0.008 0.021 0.153 0.006 0.01
0.007 0.01 0.009 0.024 0.011 0.014 0.008 0.004 0.005 0.887 0.016 0.006
0.017 0.302 0.009 0.014 0.02 0.006 0.007 0.008 0.006 0.485 0.121 0.006
0.436 0.011 0.05 0.006 0.02 0.007 0.008 0.005 0.007 0.434 0.009 0.007
0.005 0.006 0.009 0.004 0.006 0.005 0.004 0.004 0.005 0.943 0.005 0.005
0.027 0.503 0.011 0.051 0.018 0.019 0.006 0.009 0.008 0.185 0.154 0.009
0.006 0.084 0.01 0.011 0.011 0.034 0.03 0.006 0.027 0.763 0.003 0.014
0.12 0.478 0.015 0.08 0.026 0.013 0.008 0.01 0.034 0.176 0.03 0.009
0.013 0.047 0.019 0.014 0.077 0.005 0.014 0.007 0.079 0.708 0.009 0.007
0.006 0.009 0.006 0.009 0.007 0.014 0.006 0.004 0.014 0.866 0.004 0.055
0.007 0.012 0.007 0.014 0.006 0.041 0.005 0.004 0.009 0.778 0.004 0.112
0.004 0.02 0.011 0.007 0.004 0.008 0.013 0.003 0.013 0.91 0.004 0.005
0.003 0.008 0.007 0.005 0.004 0.004 0.004 0.003 0.005 0.95 0.004 0.004
0.006 0.006 0.006 0.005 0.008 0.005 0.006 0.007 0.006 0.928 0.009 0.007
0.009 0.006 0.007 0.006 0.023 0.012 0.012 0.006 0.01 0.895 0.004 0.008
0.014 0.006 0.018 0.008 0.012 0.008 0.009 0.004 0.011 0.893 0.009 0.008
0.006 0.006 0.007 0.009 0.008 0.006 0.007 0.004 0.006 0.931 0.005 0.006
0.005 0.014 0.01 0.009 0.005 0.016 0.009 0.004 0.007 0.91 0.005 0.006
0.023 0.07 0.027 0.041 0.041 0.039 0.084 0.021 0.119 0.46 0.014 0.061
0.009 0.138 0.006 0.014 0.041 0.011 0.008 0.025 0.18 0.556 0.004 0.006
0.003 0.471 0.014 0.017 0.057 0.028 0.014 0.003 0.358 0.013 0.009 0.011
0.163 0.397 0.007 0.011 0.06 0.019 0.012 0.003 0.299 0.013 0.008 0.009
0.22 0.557 0.008 0.012 0.04 0.012 0.006 0.005 0.102 0.018 0.014 0.007
0.313 0.02 0.013 0.015 0.149 0.033 0.023 0.005 0.082 0.299 0.007 0.042
0.02 0.038 0.015 0.032 0.008 0.076 0.012 0.005 0.037 0.716 0.004 0.038
0.01 0.015 0.011 0.007 0.021 0.014 0.014 0.009 0.023 0.854 0.01 0.011
0.018 0.014 0.084 0.009 0.041 0.013 0.047 0.007 0.023 0.715 0.009 0.02
0.016 0.012 0.027 0.023 0.048 0.048 0.013 0.004 0.015 0.771 0.005 0.018
0.004 0.946 0.004 0.005 0.007 0.005 0.005 0.003 0.005 0.006 0.004 0.005
0.004 0.946 0.004 0.005 0.008 0.005 0.005 0.003 0.005 0.006 0.004 0.005
0.004 0.946 0.004 0.005 0.008 0.005 0.005 0.003 0.005 0.006 0.004 0.005
0.006 0.632 0.008 0.048 0.011 0.063 0.008 0.004 0.023 0.128 0.022 0.046
0.004 0.627 0.025 0.006 0.012 0.006 0.007 0.006 0.012 0.282 0.008 0.005
0.636 0.181 0.01 0.034 0.024 0.009 0.015 0.006 0.023 0.035 0.013 0.014
0.011 0.17 0.016 0.016 0.036 0.008 0.009 0.005 0.052 0.66 0.007 0.009
0.277 0.027 0.008 0.014 0.03 0.093 0.025 0.054 0.385 0.03 0.041 0.016
0.01 0.021 0.029 0.014 0.462 0.027 0.02 0.009 0.02 0.367 0.011 0.012
0.036 0.052 0.014 0.039 0.092 0.095 0.021 0.005 0.019 0.594 0.014 0.019
0.015 0.78 0.008 0.011 0.062 0.032 0.014 0.012 0.011 0.016 0.028 0.012
0.022 0.091 0.007 0.012 0.388 0.316 0.028 0.029 0.023 0.04 0.031 0.013
0.004 0.931 0.004 0.005 0.007 0.011 0.005 0.003 0.009 0.012 0.004 0.005
0.007 0.016 0.008 0.014 0.438 0.028 0.013 0.022 0.42 0.015 0.007 0.013
0.004 0.931 0.004 0.005 0.007 0.011 0.005 0.003 0.009 0.012 0.004 0.005
0.014 0.041 0.262 0.149 0.023 0.013 0.104 0.009 0.022 0.138 0.006 0.218
0.006 0.629 0.07 0.076 0.01 0.014 0.026 0.015 0.026 0.014 0.087 0.027
0.015 0.016 0.206 0.039 0.448 0.132 0.019 0.005 0.012 0.053 0.027 0.025
0.013 0.129 0.52 0.01 0.09 0.01 0.01 0.018 0.01 0.021 0.16 0.009
0.015 0.008 0.358 0.387 0.03 0.024 0.016 0.025 0.01 0.052 0.018 0.058
0.004 0.008 0.617 0.019 0.056 0.042 0.008 0.052 0.007 0.069 0.006 0.111
0.012 0.006 0.227 0.183 0.016 0.082 0.052 0.099 0.089 0.088 0.031 0.115
0.016 0.032 0.188 0.055 0.021 0.081 0.067 0.03 0.053 0.021 0.008 0.428
0.015 0.254 0.099 0.052 0.053 0.093 0.017 0.007 0.016 0.009 0.146 0.24
0.011 0.025 0.661 0.043 0.169 0.008 0.014 0.013 0.007 0.011 0.012 0.026
0.015 0.149 0.205 0.017 0.267 0.012 0.009 0.007 0.01 0.041 0.255 0.013
0.032 0.009 0.08 0.038 0.028 0.216 0.062 0.01 0.062 0.01 0.008 0.443
0.01 0.005 0.133 0.014 0.011 0.14 0.102 0.008 0.06 0.005 0.012 0.5
0.008 0.006 0.013 0.011 0.039 0.075 0.354 0.005 0.02 0.004 0.029 0.437
0.016 0.008 0.071 0.033 0.008 0.004 0.349 0.007 0.01 0.039 0.007 0.448
0.174 0.006 0.011 0.013 0.005 0.007 0.333 0.01 0.024 0.007 0.004 0.406
0.066 0.014 0.265 0.1 0.014 0.013 0.027 0.014 0.01 0.4 0.014 0.062
0.007 0.008 0.006 0.005 0.006 0.013 0.442 0.01 0.057 0.004 0.009 0.432
0.007 0.012 0.011 0.009 0.012 0.035 0.231 0.007 0.011 0.005 0.434 0.226
0.181 0.035 0.048 0.01 0.006 0.005 0.186 0.007 0.008 0.006 0.202 0.305
0.007 0.013 0.007 0.005 0.005 0.013 0.416 0.007 0.01 0.004 0.019 0.495
0.02 0.005 0.054 0.022 0.012 0.008 0.357 0.009 0.017 0.011 0.005 0.479
0.087 0.027 0.091 0.015 0.014 0.01 0.188 0.004 0.014 0.004 0.218 0.328
0.152 0.01 0.022 0.006 0.006 0.006 0.087 0.011 0.007 0.004 0.548 0.142
0.009 0.006 0.01 0.828 0.026 0.018 0.018 0.007 0.01 0.007 0.005 0.055
