0.008 0.009 0.011 0.006 0.012 0.012 0.933 0.01
0.006 0.016 0.014 0.008 0.01 0.004 0.933 0.008
0.045 0.019 0.009 0.023 0.037 0.005 0.856 0.006
0.05 0.006 0.178 0.004 0.005 0.007 0.724 0.026
0.028 0.036 0.008 0.009 0.046 0.007 0.856 0.009
0.105 0.031 0.006 0.007 0.022 0.01 0.804 0.014
0.013 0.701 0.011 0.01 0.184 0.006 0.067 0.008
0.006 0.015 0.007 0.018 0.118 0.005 0.753 0.078
0.251 0.012 0.018 0.017 0.006 0.004 0.313 0.379
0.188 0.016 0.005 0.016 0.008 0.006 0.59 0.171
0.024 0.024 0.006 0.008 0.006 0.007 0.908 0.018
0.007 0.013 0.014 0.006 0.014 0.007 0.931 0.006
0.051 0.007 0.005 0.004 0.005 0.006 0.907 0.015
0.01 0.242 0.007 0.014 0.431 0.007 0.246 0.042
0.011 0.029 0.026 0.007 0.047 0.015 0.756 0.109
0.008 0.011 0.006 0.005 0.005 0.011 0.945 0.009
0.018 0.027 0.007 0.008 0.019 0.028 0.46 0.432
0.027 0.05 0.007 0.016 0.005 0.009 0.829 0.058
0.017 0.018 0.288 0.005 0.005 0.012 0.647 0.009
0.066 0.019 0.019 0.015 0.786 0.012 0.048 0.036
0.014 0.075 0.35 0.008 0.005 0.005 0.471 0.072
0.017 0.006 0.006 0.014 0.008 0.019 0.923 0.007
0.015 0.027 0.016 0.017 0.015 0.083 0.807 0.02
0.006 0.009 0.004 0.005 0.007 0.006 0.956 0.008
0.074 0.021 0.035 0.057 0.066 0.709 0.015 0.023
0.004 0.005 0.005 0.015 0.03 0.931 0.004 0.005
0.028 0.005 0.478 0.005 0.012 0.46 0.006 0.006
0.078 0.008 0.009 0.112 0.078 0.592 0.029 0.094
0.011 0.018 0.012 0.012 0.007 0.866 0.06 0.014
0.01 0.007 0.008 0.009 0.034 0.921 0.004 0.007
0.004 0.004 0.004 0.003 0.004 0.974 0.005 0.003
0.012 0.006 0.01 0.007 0.03 0.921 0.007 0.007
0.065 0.017 0.041 0.056 0.114 0.607 0.017 0.083
0.009 0.012 0.009 0.009 0.006 0.932 0.009 0.014
0.032 0.047 0.091 0.093 0.018 0.655 0.02 0.044
0.072 0.009 0.021 0.02 0.78 0.061 0.027 0.009
0.005 0.006 0.005 0.004 0.007 0.966 0.005 0.003
0.043 0.008 0.031 0.015 0.005 0.886 0.007 0.005
0.008 0.02 0.018 0.009 0.018 0.785 0.046 0.095
0.007 0.009 0.005 0.005 0.005 0.956 0.007 0.006
0.01 0.243 0.16 0.014 0.023 0.362 0.177 0.011
0.238 0.005 0.011 0.006 0.042 0.593 0.101 0.005
0.015 0.009 0.295 0.008 0.056 0.599 0.009 0.009
0.019 0.007 0.005 0.006 0.005 0.927 0.008 0.022
0.099 0.008 0.007 0.005 0.022 0.812 0.013 0.032
0.019 0.007 0.005 0.006 0.005 0.926 0.008 0.022
0.005 0.005 0.005 0.004 0.007 0.966 0.004 0.003
0.005 0.006 0.005 0.004 0.007 0.966 0.004 0.003
0.009 0.011 0.011 0.925 0.004 0.007 0.005 0.029
0.38 0.051 0.009 0.286 0.004 0.004 0.04 0.227
0.02 0.562 0.025 0.264 0.027 0.083 0.008 0.011
0.006 0.007 0.01 0.947 0.005 0.004 0.012 0.01
0.008 0.011 0.907 0.043 0.005 0.004 0.005 0.015
0.007 0.01 0.007 0.922 0.005 0.007 0.005 0.037
0.019 0.078 0.011 0.706 0.009 0.024 0.074 0.079
0.009 0.006 0.01 0.936 0.011 0.004 0.007 0.016
0.008 0.006 0.009 0.943 0.01 0.004 0.006 0.014
0.049 0.013 0.047 0.798 0.007 0.007 0.019 0.06
0.014 0.027 0.379 0.524 0.004 0.008 0.021 0.023
0.023 0.01 0.015 0.901 0.007 0.014 0.022 0.007
0.005 0.007 0.008 0.882 0.031 0.007 0.006 0.053
0.019 0.459 0.099 0.232 0.014 0.028 0.102 0.048
0.051 0.02 0.007 0.126 0.006 0.007 0.006 0.776
0.007 0.007 0.008 0.936 0.011 0.006 0.005 0.02
0.015 0.008 0.015 0.883 0.054 0.007 0.005 0.013
0.008 0.005 0.954 0.011 0.004 0.005 0.006 0.007
0.007 0.004 0.957 0.011 0.004 0.004 0.007 0.006
0.004 0.004 0.971 0.005 0.003 0.005 0.004 0.005
0.005 0.005 0.967 0.006 0.004 0.005 0.004 0.005
0.005 0.049 0.022 0.883 0.005 0.004 0.012 0.022
0.016 0.016 0.009 0.901 0.007 0.009 0.011 0.032
0.029 0.036 0.355 0.511 0.006 0.006 0.049 0.008
0.222 0.039 0.017 0.089 0.458 0.032 0.104 0.04
0.701 0.058 0.006 0.007 0.196 0.011 0.014 0.007
0.83 0.027 0.01 0.016 0.028 0.029 0.019 0.042
0.757 0.015 0.007 0.021 0.022 0.007 0.013 0.158
0.025 0.67 0.018 0.129 0.013 0.004 0.046 0.095
0.022 0.065 0.14 0.115 0.012 0.053 0.582 0.011
0.211 0.019 0.456 0.123 0.011 0.012 0.112 0.057
0.23 0.009 0.542 0.156 0.01 0.017 0.028 0.008
0.803 0.01 0.046 0.076 0.014 0.007 0.037 0.006
0.969 0.004 0.004 0.003 0.005 0.005 0.005 0.004
0.562 0.031 0.008 0.006 0.37 0.006 0.013 0.004
0.568 0.036 0.015 0.017 0.193 0.046 0.108 0.017
0.841 0.007 0.081 0.008 0.022 0.007 0.026 0.009
0.207 0.402 0.057 0.125 0.017 0.08 0.104 0.009
0.247 0.289 0.016 0.138 0.023 0.198 0.07 0.018
0.963 0.005 0.004 0.006 0.006 0.006 0.006 0.004
0.218 0.025 0.014 0.025 0.064 0.02 0.032 0.603
0.106 0.022 0.759 0.042 0.025 0.027 0.013 0.007
0.921 0.006 0.009 0.007 0.008 0.007 0.027 0.014
0.946 0.006 0.008 0.015 0.007 0.005 0.005 0.008
0.337 0.01 0.015 0.122 0.429 0.011 0.012 0.065
0.948 0.005 0.011 0.007 0.01 0.006 0.009 0.005
0.597 0.01 0.025 0.016 0.008 0.007 0.315 0.023
0.887 0.01 0.016 0.007 0.01 0.013 0.048 0.009
0.578 0.07 0.013 0.161 0.145 0.017 0.006 0.011
0.148 0.434 0.051 0.069 0.214 0.022 0.024 0.038
0.014 0.569 0.024 0.307 0.015 0.013 0.048 0.009
0.346 0.027 0.328 0.266 0.009 0.007 0.008 0.008
0.008 0.016 0.917 0.006 0.029 0.009 0.007 0.008
0.198 0.015 0.593 0.121 0.035 0.017 0.013 0.008
0.022 0.798 0.032 0.095 0.012 0.016 0.018 0.007
0.032 0.837 0.012 0.062 0.015 0.012 0.022 0.007
0.738 0.008 0.182 0.018 0.007 0.009 0.03 0.008
0.309 0.007 0.407 0.236 0.011 0.009 0.007 0.015
0.329 0.067 0.086 0.406 0.023 0.036 0.046 0.006
0.041 0.593 0.029 0.018 0.027 0.164 0.042 0.088
0.906 0.016 0.008 0.011 0.006 0.009 0.01 0.035
0.192 0.623 0.068 0.023 0.036 0.009 0.035 0.015
0.393 0.091 0.143 0.128 0.018 0.051 0.163 0.013
0.035 0.026 0.864 0.01 0.017 0.028 0.014 0.006
0.741 0.031 0.096 0.072 0.016 0.01 0.01 0.024
0.117 0.226 0.244 0.245 0.012 0.025 0.103 0.028
0.329 0.017 0.025 0.054 0.49 0.009 0.048 0.028
0.028 0.19 0.399 0.134 0.023 0.042 0.116 0.068
0.044 0.085 0.05 0.491 0.2 0.067 0.017 0.046
0.597 0.009 0.151 0.184 0.01 0.027 0.016 0.007
0.91 0.013 0.016 0.012 0.006 0.016 0.006 0.02
0.868 0.011 0.012 0.066 0.006 0.013 0.015 0.009
0.265 0.031 0.034 0.052 0.539 0.017 0.01 0.053
0.105 0.146 0.036 0.023 0.553 0.106 0.02 0.011
0.016 0.198 0.01 0.041 0.342 0.224 0.03 0.14
0.143 0.486 0.02 0.021 0.163 0.042 0.095 0.03
0.009 0.006 0.007 0.022 0.007 0.007 0.935 0.006
0.148 0.011 0.009 0.031 0.107 0.009 0.679 0.006
0.023 0.041 0.114 0.029 0.537 0.02 0.218 0.018
0.031 0.032 0.012 0.135 0.228 0.03 0.508 0.023
0.194 0.012 0.034 0.014 0.055 0.014 0.662 0.015
0.112 0.076 0.02 0.438 0.098 0.017 0.193 0.046
0.539 0.008 0.006 0.01 0.06 0.012 0.356 0.009
0.139 0.005 0.014 0.036 0.743 0.012 0.048 0.004
0.007 0.004 0.004 0.005 0.018 0.007 0.951 0.005
0.022 0.025 0.016 0.02 0.864 0.014 0.032 0.008
0.023 0.012 0.016 0.035 0.285 0.056 0.541 0.031
0.007 0.007 0.006 0.006 0.073 0.008 0.887 0.006
0.016 0.021 0.011 0.023 0.01 0.025 0.885 0.009
0.009 0.01 0.01 0.013 0.033 0.011 0.908 0.005
0.009 0.006 0.006 0.031 0.006 0.015 0.919 0.006
0.142 0.009 0.01 0.02 0.011 0.018 0.775 0.015
0.13 0.009 0.007 0.044 0.406 0.019 0.376 0.01
0.021 0.015 0.01 0.009 0.806 0.01 0.122 0.006
0.195 0.084 0.017 0.011 0.103 0.006 0.565 0.019
0.098 0.014 0.358 0.017 0.119 0.017 0.343 0.034
0.024 0.01 0.03 0.01 0.907 0.005 0.005 0.01
0.079 0.148 0.014 0.016 0.627 0.061 0.043 0.011
0.195 0.007 0.022 0.034 0.6 0.016 0.079 0.046
0.144 0.097 0.072 0.03 0.389 0.022 0.207 0.04
0.011 0.011 0.009 0.008 0.737 0.007 0.21 0.006
0.366 0.028 0.103 0.016 0.291 0.012 0.159 0.024
0.005 0.004 0.005 0.004 0.965 0.006 0.006 0.004
0.011 0.01 0.006 0.006 0.907 0.007 0.045 0.009
0.013 0.01 0.01 0.009 0.498 0.219 0.232 0.007
0.014 0.005 0.007 0.009 0.928 0.014 0.017 0.006
0.151 0.013 0.009 0.02 0.723 0.028 0.02 0.037
0.005 0.008 0.007 0.005 0.947 0.009 0.011 0.009
0.005 0.003 0.004 0.004 0.973 0.004 0.004 0.003
0.029 0.048 0.05 0.031 0.71 0.067 0.039 0.025
0.007 0.006 0.009 0.008 0.94 0.006 0.017 0.006
0.029 0.011 0.011 0.025 0.607 0.301 0.011 0.006
0.004 0.004 0.004 0.004 0.964 0.009 0.005 0.005
0.044 0.021 0.531 0.069 0.06 0.009 0.23 0.035
0.01 0.004 0.004 0.005 0.962 0.004 0.007 0.004
0.005 0.004 0.005 0.005 0.958 0.007 0.01 0.004
0.012 0.015 0.007 0.006 0.923 0.023 0.007 0.008
0.007 0.006 0.005 0.005 0.956 0.006 0.009 0.005
0.006 0.004 0.004 0.004 0.971 0.004 0.004 0.003
0.273 0.063 0.017 0.015 0.135 0.006 0.45 0.042
0.081 0.072 0.011 0.742 0.061 0.006 0.019 0.007
0.118 0.012 0.022 0.686 0.004 0.007 0.009 0.141
0.114 0.007 0.039 0.814 0.006 0.006 0.004 0.008
0.368 0.083 0.015 0.119 0.039 0.051 0.285 0.041
0.114 0.012 0.533 0.112 0.006 0.013 0.01 0.201
0.07 0.023 0.005 0.863 0.004 0.006 0.01 0.02
0.015 0.04 0.013 0.882 0.004 0.004 0.007 0.034
0.272 0.011 0.028 0.511 0.012 0.01 0.03 0.127
0.033 0.017 0.012 0.819 0.024 0.068 0.017 0.01
0.031 0.006 0.006 0.901 0.006 0.013 0.005 0.033
0.012 0.063 0.006 0.787 0.008 0.029 0.059 0.037
0.006 0.009 0.006 0.958 0.004 0.006 0.004 0.008
0.03 0.012 0.603 0.205 0.007 0.005 0.129 0.009
0.047 0.009 0.027 0.873 0.015 0.005 0.01 0.014
0.008 0.904 0.007 0.01 0.006 0.018 0.015 0.032
0.006 0.097 0.009 0.229 0.008 0.006 0.614 0.032
0.017 0.792 0.009 0.009 0.008 0.023 0.129 0.014
0.008 0.188 0.007 0.374 0.005 0.008 0.103 0.307
0.007 0.865 0.007 0.039 0.003 0.008 0.011 0.06
0.022 0.518 0.366 0.018 0.018 0.024 0.008 0.025
0.01 0.892 0.015 0.009 0.007 0.008 0.019 0.04
0.049 0.157 0.024 0.014 0.009 0.007 0.02 0.72
0.022 0.536 0.398 0.012 0.006 0.009 0.006 0.012
0.009 0.935 0.011 0.009 0.004 0.014 0.006 0.012
0.006 0.949 0.012 0.006 0.005 0.006 0.008 0.008
0.01 0.714 0.004 0.008 0.004 0.028 0.012 0.219
0.047 0.885 0.013 0.018 0.007 0.005 0.009 0.016
0.006 0.936 0.006 0.007 0.005 0.028 0.007 0.007
0.011 0.918 0.01 0.02 0.004 0.008 0.007 0.021
0.257 0.235 0.01 0.16 0.006 0.015 0.015 0.303
0.106 0.469 0.024 0.016 0.014 0.007 0.04 0.323
0.017 0.922 0.008 0.009 0.008 0.016 0.008 0.014
0.009 0.824 0.005 0.035 0.005 0.014 0.029 0.078
0.062 0.546 0.011 0.054 0.006 0.008 0.055 0.259
0.1 0.749 0.006 0.067 0.007 0.019 0.009 0.043
0.024 0.313 0.008 0.02 0.005 0.063 0.008 0.559
0.012 0.876 0.025 0.009 0.007 0.028 0.005 0.038
0.004 0.936 0.01 0.013 0.004 0.011 0.006 0.016
0.009 0.032 0.007 0.012 0.006 0.005 0.015 0.914
0.011 0.058 0.018 0.048 0.016 0.017 0.043 0.791
0.015 0.472 0.082 0.033 0.258 0.024 0.013 0.104
0.005 0.008 0.008 0.016 0.266 0.01 0.006 0.68
0.016 0.042 0.259 0.437 0.006 0.01 0.014 0.215
0.008 0.006 0.005 0.032 0.017 0.004 0.005 0.922
0.007 0.007 0.01 0.01 0.04 0.011 0.006 0.909
0.027 0.011 0.424 0.006 0.009 0.007 0.007 0.509
0.01 0.005 0.005 0.005 0.006 0.005 0.005 0.96
0.009 0.016 0.014 0.066 0.131 0.011 0.006 0.746
0.013 0.022 0.007 0.016 0.004 0.008 0.04 0.889
0.026 0.056 0.023 0.121 0.029 0.013 0.013 0.72
0.011 0.317 0.009 0.015 0.016 0.006 0.006 0.62
0.012 0.012 0.107 0.044 0.004 0.005 0.007 0.809
0.017 0.017 0.24 0.052 0.004 0.005 0.005 0.66
0.009 0.006 0.004 0.008 0.004 0.004 0.011 0.955
0.008 0.004 0.004 0.005 0.004 0.004 0.004 0.968
0.008 0.005 0.006 0.007 0.006 0.006 0.007 0.955
0.008 0.011 0.008 0.007 0.004 0.006 0.012 0.944
0.022 0.012 0.016 0.01 0.012 0.005 0.013 0.91
0.009 0.008 0.008 0.011 0.006 0.005 0.007 0.945
0.019 0.007 0.005 0.009 0.008 0.004 0.004 0.944
0.022 0.574 0.071 0.051 0.029 0.026 0.038 0.188
0.006 0.425 0.008 0.012 0.004 0.012 0.008 0.524
0.012 0.908 0.005 0.015 0.011 0.004 0.007 0.038
0.006 0.794 0.143 0.01 0.007 0.003 0.007 0.03
0.006 0.106 0.218 0.031 0.025 0.005 0.005 0.604
0.013 0.164 0.428 0.014 0.007 0.005 0.03 0.338
0.033 0.035 0.047 0.05 0.006 0.006 0.009 0.815
0.013 0.035 0.014 0.008 0.011 0.013 0.013 0.892
0.066 0.021 0.018 0.012 0.016 0.007 0.046 0.814
0.044 0.081 0.034 0.025 0.005 0.005 0.019 0.787
0.004 0.007 0.005 0.007 0.007 0.004 0.006 0.958
0.004 0.008 0.005 0.007 0.007 0.004 0.006 0.958
0.004 0.007 0.006 0.008 0.007 0.004 0.006 0.958
0.016 0.03 0.018 0.132 0.031 0.005 0.007 0.762
0.006 0.008 0.005 0.007 0.008 0.006 0.005 0.956
0.01 0.033 0.823 0.036 0.01 0.007 0.012 0.07
0.014 0.131 0.008 0.009 0.023 0.005 0.006 0.803
0.013 0.431 0.314 0.017 0.031 0.083 0.064 0.048
0.02 0.051 0.012 0.009 0.01 0.01 0.015 0.874
0.015 0.047 0.016 0.027 0.016 0.005 0.012 0.862
0.01 0.062 0.011 0.015 0.062 0.015 0.01 0.816
0.008 0.87 0.017 0.009 0.025 0.02 0.012 0.04
0.006 0.019 0.006 0.01 0.009 0.004 0.006 0.941
0.01 0.865 0.009 0.018 0.008 0.019 0.027 0.044
0.005 0.02 0.006 0.01 0.009 0.004 0.006 0.94
0.462 0.02 0.022 0.124 0.008 0.007 0.205 0.153
0.059 0.013 0.012 0.399 0.227 0.018 0.022 0.25
0.25 0.132 0.034 0.076 0.045 0.008 0.048 0.407
0.445 0.016 0.024 0.024 0.148 0.053 0.019 0.272
0.691 0.018 0.02 0.188 0.018 0.022 0.01 0.033
0.874 0.012 0.012 0.018 0.005 0.038 0.007 0.033
0.548 0.032 0.025 0.143 0.024 0.102 0.095 0.03
0.489 0.054 0.081 0.124 0.009 0.068 0.146 0.029
0.239 0.026 0.209 0.211 0.211 0.014 0.016 0.075
0.867 0.017 0.011 0.04 0.011 0.012 0.011 0.031
0.171 0.033 0.04 0.028 0.198 0.011 0.012 0.506
0.22 0.009 0.666 0.026 0.01 0.008 0.051 0.012
0.252 0.007 0.554 0.012 0.023 0.008 0.139 0.006
0.03 0.012 0.015 0.013 0.072 0.007 0.844 0.006
0.253 0.009 0.017 0.022 0.017 0.01 0.647 0.027
0.02 0.006 0.277 0.015 0.007 0.012 0.658 0.006
0.498 0.01 0.04 0.078 0.012 0.015 0.032 0.315
0.008 0.005 0.006 0.006 0.011 0.011 0.948 0.005
0.014 0.01 0.01 0.013 0.718 0.009 0.216 0.01
0.115 0.006 0.35 0.015 0.291 0.018 0.19 0.015
0.035 0.01 0.028 0.009 0.056 0.008 0.849 0.006
0.284 0.006 0.083 0.028 0.008 0.016 0.566 0.01
0.241 0.013 0.054 0.026 0.198 0.006 0.452 0.011
0.017 0.006 0.219 0.005 0.712 0.01 0.027 0.005
0.038 0.018 0.029 0.877 0.005 0.009 0.017 0.006
