0.929 0.008 0.008 0.007 0.011 0.009 0.011 0.007 0.01
0.935 0.008 0.008 0.01 0.004 0.007 0.009 0.01 0.01
0.838 0.006 0.007 0.069 0.005 0.023 0.03 0.014 0.007
0.671 0.033 0.005 0.005 0.007 0.109 0.005 0.008 0.156
0.856 0.008 0.01 0.014 0.007 0.031 0.04 0.026 0.007
0.711 0.018 0.006 0.022 0.01 0.19 0.023 0.015 0.005
0.149 0.013 0.009 0.091 0.007 0.015 0.29 0.413 0.013
0.731 0.043 0.081 0.007 0.004 0.007 0.111 0.01 0.007
0.288 0.402 0.011 0.022 0.005 0.243 0.006 0.015 0.009
0.448 0.273 0.01 0.018 0.005 0.22 0.009 0.012 0.005
0.876 0.025 0.005 0.01 0.007 0.035 0.006 0.031 0.006
0.923 0.006 0.004 0.019 0.007 0.006 0.014 0.007 0.014
0.863 0.021 0.004 0.008 0.006 0.082 0.005 0.006 0.005
0.215 0.019 0.073 0.007 0.007 0.014 0.416 0.243 0.006
0.774 0.108 0.009 0.012 0.013 0.01 0.039 0.017 0.018
0.939 0.009 0.005 0.008 0.011 0.008 0.005 0.009 0.006
0.421 0.467 0.007 0.016 0.025 0.019 0.018 0.021 0.006
0.767 0.075 0.016 0.044 0.01 0.04 0.005 0.038 0.006
0.79 0.011 0.007 0.006 0.013 0.059 0.004 0.015 0.094
0.046 0.032 0.009 0.03 0.011 0.09 0.749 0.017 0.014
0.684 0.064 0.024 0.009 0.007 0.049 0.005 0.043 0.115
0.909 0.008 0.013 0.012 0.022 0.017 0.009 0.005 0.005
0.798 0.022 0.012 0.014 0.085 0.015 0.014 0.026 0.014
0.95 0.009 0.004 0.008 0.006 0.006 0.007 0.007 0.004
0.014 0.014 0.147 0.028 0.629 0.048 0.066 0.017 0.037
0.004 0.004 0.085 0.004 0.855 0.004 0.034 0.005 0.004
0.007 0.006 0.007 0.008 0.477 0.039 0.015 0.007 0.435
0.026 0.078 0.163 0.012 0.503 0.096 0.105 0.011 0.007
0.056 0.013 0.008 0.041 0.846 0.009 0.006 0.009 0.011
0.004 0.006 0.038 0.005 0.849 0.01 0.072 0.007 0.008
0.005 0.003 0.003 0.004 0.971 0.003 0.004 0.004 0.004
0.007 0.006 0.006 0.018 0.915 0.006 0.025 0.006 0.01
0.015 0.047 0.257 0.04 0.511 0.031 0.074 0.015 0.011
0.009 0.012 0.015 0.01 0.918 0.009 0.006 0.011 0.009
0.021 0.033 0.051 0.086 0.647 0.022 0.023 0.083 0.034
0.025 0.01 0.012 0.022 0.061 0.085 0.756 0.007 0.022
0.004 0.003 0.003 0.005 0.963 0.005 0.007 0.005 0.004
0.008 0.005 0.009 0.036 0.894 0.023 0.005 0.005 0.014
0.037 0.101 0.007 0.036 0.765 0.007 0.016 0.008 0.022
0.008 0.007 0.005 0.007 0.947 0.006 0.006 0.009 0.005
0.222 0.011 0.016 0.019 0.357 0.025 0.021 0.266 0.062
0.047 0.004 0.005 0.007 0.589 0.299 0.036 0.005 0.007
0.009 0.011 0.006 0.04 0.6 0.008 0.048 0.006 0.271
0.008 0.027 0.005 0.006 0.914 0.02 0.005 0.01 0.005
0.009 0.028 0.004 0.006 0.772 0.147 0.018 0.009 0.006
0.008 0.027 0.005 0.005 0.913 0.02 0.005 0.01 0.005
0.004 0.003 0.003 0.006 0.963 0.005 0.007 0.005 0.004
0.004 0.003 0.003 0.006 0.963 0.005 0.007 0.005 0.004
0.005 0.03 0.279 0.637 0.007 0.013 0.004 0.012 0.013
0.019 0.135 0.234 0.023 0.004 0.403 0.004 0.169 0.01
0.008 0.01 0.101 0.302 0.11 0.016 0.033 0.388 0.032
0.021 0.006 0.904 0.029 0.005 0.006 0.005 0.008 0.016
0.006 0.022 0.041 0.033 0.005 0.009 0.006 0.013 0.865
0.007 0.029 0.775 0.152 0.011 0.007 0.005 0.008 0.007
0.039 0.047 0.203 0.645 0.019 0.011 0.007 0.016 0.011
0.007 0.01 0.93 0.011 0.005 0.012 0.009 0.006 0.011
0.007 0.01 0.928 0.012 0.005 0.013 0.009 0.006 0.012
0.019 0.115 0.201 0.541 0.007 0.039 0.007 0.014 0.058
0.043 0.034 0.392 0.069 0.01 0.015 0.004 0.057 0.377
0.022 0.007 0.237 0.673 0.014 0.017 0.006 0.01 0.014
0.007 0.01 0.937 0.013 0.005 0.005 0.009 0.008 0.007
0.097 0.037 0.061 0.24 0.023 0.015 0.014 0.395 0.117
0.006 0.703 0.074 0.102 0.009 0.044 0.006 0.049 0.007
0.007 0.019 0.649 0.276 0.008 0.009 0.016 0.006 0.01
0.006 0.007 0.664 0.215 0.006 0.022 0.042 0.009 0.028
0.007 0.007 0.011 0.007 0.005 0.008 0.004 0.005 0.946
0.007 0.005 0.009 0.01 0.003 0.005 0.004 0.004 0.954
0.003 0.004 0.004 0.004 0.004 0.004 0.003 0.004 0.969
0.003 0.004 0.005 0.005 0.004 0.004 0.004 0.005 0.966
0.011 0.031 0.184 0.727 0.003 0.004 0.005 0.009 0.026
0.011 0.04 0.328 0.556 0.011 0.012 0.008 0.023 0.011
0.046 0.008 0.248 0.193 0.006 0.033 0.006 0.044 0.415
0.104 0.018 0.355 0.027 0.025 0.23 0.213 0.017 0.011
0.015 0.011 0.005 0.008 0.008 0.833 0.089 0.025 0.005
0.022 0.034 0.027 0.028 0.029 0.796 0.026 0.03 0.01
0.011 0.142 0.014 0.047 0.007 0.736 0.02 0.017 0.007
0.022 0.04 0.023 0.832 0.004 0.02 0.011 0.033 0.015
0.47 0.009 0.042 0.258 0.042 0.021 0.011 0.024 0.122
0.135 0.161 0.11 0.126 0.015 0.29 0.009 0.017 0.136
0.044 0.008 0.058 0.394 0.027 0.139 0.013 0.019 0.298
0.036 0.006 0.055 0.183 0.008 0.662 0.017 0.011 0.022
0.004 0.005 0.003 0.005 0.005 0.967 0.005 0.004 0.004
0.016 0.005 0.006 0.007 0.006 0.709 0.229 0.015 0.007
0.09 0.027 0.008 0.052 0.033 0.679 0.088 0.013 0.011
0.009 0.012 0.007 0.01 0.006 0.876 0.017 0.005 0.058
0.038 0.012 0.006 0.813 0.052 0.025 0.012 0.029 0.012
0.035 0.018 0.008 0.72 0.129 0.046 0.012 0.025 0.007
0.006 0.004 0.005 0.009 0.007 0.955 0.006 0.005 0.004
0.023 0.415 0.02 0.346 0.015 0.124 0.036 0.012 0.01
0.016 0.007 0.025 0.177 0.027 0.039 0.036 0.019 0.654
0.017 0.019 0.006 0.014 0.007 0.917 0.006 0.005 0.009
0.005 0.016 0.01 0.075 0.005 0.867 0.008 0.005 0.008
0.011 0.045 0.08 0.076 0.009 0.331 0.418 0.013 0.017
0.007 0.005 0.006 0.007 0.006 0.942 0.009 0.005 0.012
0.07 0.024 0.012 0.01 0.006 0.843 0.007 0.011 0.016
0.022 0.012 0.006 0.02 0.013 0.901 0.009 0.007 0.012
0.006 0.01 0.008 0.834 0.012 0.06 0.051 0.012 0.007
0.014 0.018 0.007 0.827 0.015 0.017 0.057 0.018 0.028
0.012 0.006 0.008 0.936 0.008 0.005 0.007 0.01 0.008
0.006 0.006 0.012 0.931 0.005 0.015 0.006 0.007 0.012
0.007 0.009 0.007 0.024 0.01 0.008 0.038 0.008 0.888
0.009 0.007 0.013 0.856 0.012 0.011 0.019 0.007 0.065
0.008 0.006 0.005 0.799 0.046 0.006 0.006 0.111 0.013
0.014 0.007 0.006 0.673 0.008 0.013 0.009 0.264 0.007
0.016 0.011 0.012 0.056 0.009 0.815 0.007 0.008 0.066
0.007 0.016 0.03 0.792 0.009 0.055 0.011 0.009 0.072
0.018 0.005 0.016 0.862 0.013 0.032 0.015 0.026 0.012
0.064 0.208 0.018 0.107 0.22 0.045 0.036 0.276 0.026
0.009 0.031 0.012 0.02 0.009 0.881 0.006 0.023 0.009
0.036 0.032 0.007 0.61 0.008 0.155 0.066 0.044 0.042
0.048 0.007 0.008 0.782 0.049 0.041 0.016 0.017 0.032
0.016 0.007 0.007 0.121 0.034 0.027 0.015 0.008 0.765
0.009 0.028 0.023 0.284 0.009 0.584 0.014 0.026 0.023
0.05 0.022 0.046 0.76 0.015 0.034 0.01 0.031 0.033
0.023 0.012 0.021 0.542 0.007 0.068 0.305 0.006 0.016
0.051 0.042 0.015 0.508 0.032 0.016 0.013 0.028 0.295
0.015 0.032 0.161 0.424 0.045 0.02 0.237 0.045 0.02
0.016 0.007 0.028 0.643 0.038 0.18 0.01 0.007 0.07
0.005 0.016 0.009 0.024 0.015 0.897 0.006 0.01 0.017
0.019 0.015 0.035 0.227 0.017 0.659 0.006 0.009 0.012
0.01 0.033 0.07 0.301 0.013 0.063 0.464 0.019 0.026
0.016 0.012 0.012 0.093 0.115 0.066 0.538 0.088 0.06
0.022 0.077 0.151 0.039 0.223 0.017 0.305 0.157 0.01
0.111 0.082 0.019 0.04 0.046 0.31 0.163 0.21 0.017
0.928 0.006 0.02 0.01 0.007 0.01 0.008 0.005 0.007
0.511 0.007 0.03 0.014 0.009 0.282 0.123 0.014 0.01
0.216 0.019 0.035 0.038 0.019 0.02 0.522 0.023 0.108
0.282 0.015 0.028 0.435 0.03 0.017 0.171 0.011 0.011
0.534 0.019 0.009 0.015 0.014 0.29 0.059 0.017 0.042
0.043 0.018 0.013 0.854 0.009 0.018 0.025 0.007 0.013
0.141 0.008 0.013 0.01 0.013 0.741 0.061 0.008 0.005
0.04 0.004 0.033 0.032 0.011 0.084 0.776 0.005 0.015
0.947 0.005 0.004 0.004 0.006 0.008 0.018 0.004 0.003
0.026 0.007 0.01 0.112 0.012 0.008 0.805 0.01 0.011
0.505 0.032 0.018 0.059 0.056 0.019 0.288 0.008 0.015
0.895 0.006 0.006 0.01 0.008 0.007 0.057 0.005 0.005
0.858 0.01 0.017 0.027 0.031 0.017 0.009 0.019 0.012
0.884 0.005 0.01 0.019 0.012 0.011 0.037 0.011 0.01
0.906 0.007 0.021 0.017 0.018 0.011 0.006 0.006 0.007
0.545 0.015 0.012 0.013 0.021 0.356 0.013 0.015 0.011
0.287 0.01 0.023 0.054 0.02 0.185 0.404 0.01 0.007
0.119 0.007 0.007 0.012 0.01 0.025 0.799 0.012 0.008
0.387 0.019 0.009 0.015 0.005 0.424 0.065 0.054 0.022
0.271 0.03 0.015 0.023 0.015 0.143 0.132 0.029 0.342
0.005 0.008 0.015 0.014 0.005 0.021 0.895 0.009 0.028
0.038 0.01 0.008 0.102 0.052 0.045 0.607 0.127 0.01
0.047 0.035 0.02 0.016 0.013 0.241 0.597 0.01 0.021
0.187 0.031 0.029 0.085 0.021 0.132 0.367 0.095 0.053
0.219 0.006 0.005 0.01 0.007 0.009 0.729 0.007 0.008
0.153 0.017 0.01 0.147 0.011 0.28 0.298 0.033 0.052
0.006 0.004 0.004 0.005 0.006 0.004 0.962 0.004 0.004
0.046 0.009 0.006 0.016 0.007 0.011 0.894 0.005 0.006
0.215 0.006 0.019 0.011 0.216 0.013 0.499 0.01 0.011
0.018 0.006 0.009 0.008 0.016 0.021 0.91 0.005 0.007
0.017 0.042 0.011 0.028 0.028 0.117 0.737 0.013 0.008
0.013 0.011 0.005 0.005 0.008 0.006 0.941 0.007 0.005
0.003 0.003 0.004 0.004 0.004 0.004 0.97 0.003 0.004
0.036 0.022 0.029 0.063 0.066 0.028 0.676 0.03 0.051
0.017 0.005 0.011 0.008 0.006 0.007 0.931 0.006 0.009
0.01 0.006 0.014 0.034 0.279 0.018 0.622 0.007 0.009
0.005 0.004 0.005 0.004 0.009 0.004 0.961 0.004 0.004
0.278 0.113 0.071 0.092 0.008 0.056 0.074 0.016 0.291
0.007 0.004 0.006 0.005 0.004 0.01 0.957 0.004 0.004
0.011 0.004 0.005 0.007 0.007 0.005 0.953 0.004 0.004
0.007 0.009 0.007 0.008 0.022 0.014 0.915 0.013 0.005
0.009 0.005 0.007 0.006 0.006 0.008 0.949 0.005 0.005
0.004 0.004 0.004 0.004 0.004 0.006 0.968 0.004 0.003
0.234 0.051 0.01 0.035 0.005 0.488 0.13 0.036 0.01
0.018 0.007 0.069 0.728 0.008 0.05 0.041 0.068 0.01
0.008 0.163 0.061 0.708 0.006 0.03 0.004 0.011 0.008
0.004 0.008 0.027 0.932 0.005 0.007 0.005 0.005 0.006
0.111 0.031 0.034 0.298 0.036 0.43 0.03 0.021 0.009
0.012 0.446 0.11 0.218 0.017 0.086 0.006 0.008 0.098
0.008 0.025 0.027 0.858 0.005 0.039 0.004 0.029 0.005
0.008 0.058 0.375 0.502 0.004 0.011 0.004 0.025 0.013
0.023 0.149 0.064 0.626 0.009 0.095 0.01 0.012 0.011
0.015 0.01 0.336 0.54 0.049 0.015 0.017 0.011 0.007
0.005 0.089 0.436 0.391 0.021 0.035 0.006 0.01 0.007
0.026 0.044 0.1 0.762 0.017 0.009 0.007 0.03 0.006
0.004 0.009 0.494 0.463 0.006 0.006 0.004 0.01 0.006
0.236 0.012 0.212 0.128 0.008 0.075 0.008 0.015 0.306
0.011 0.01 0.617 0.207 0.004 0.09 0.014 0.009 0.037
0.045 0.114 0.024 0.153 0.06 0.009 0.008 0.58 0.007
0.652 0.027 0.224 0.019 0.006 0.006 0.008 0.052 0.007
0.209 0.039 0.007 0.025 0.028 0.022 0.008 0.654 0.008
0.159 0.33 0.292 0.101 0.008 0.008 0.005 0.092 0.006
0.023 0.226 0.059 0.134 0.01 0.007 0.004 0.529 0.007
0.01 0.017 0.053 0.02 0.024 0.018 0.019 0.494 0.346
0.04 0.049 0.008 0.024 0.008 0.01 0.008 0.839 0.014
0.027 0.353 0.025 0.021 0.007 0.05 0.008 0.493 0.018
0.005 0.007 0.011 0.008 0.007 0.015 0.005 0.607 0.335
0.007 0.035 0.008 0.011 0.017 0.01 0.004 0.899 0.01
0.011 0.008 0.007 0.01 0.008 0.007 0.007 0.924 0.019
0.01 0.087 0.008 0.009 0.015 0.007 0.004 0.857 0.004
0.007 0.005 0.008 0.006 0.004 0.034 0.006 0.922 0.007
0.005 0.005 0.006 0.007 0.018 0.005 0.005 0.945 0.005
0.008 0.015 0.027 0.013 0.007 0.008 0.004 0.91 0.008
0.014 0.07 0.042 0.046 0.018 0.126 0.006 0.671 0.007
0.016 0.063 0.008 0.007 0.005 0.075 0.008 0.807 0.011
0.006 0.01 0.012 0.007 0.01 0.017 0.009 0.922 0.007
0.027 0.053 0.079 0.017 0.015 0.008 0.005 0.791 0.005
0.032 0.185 0.013 0.029 0.006 0.022 0.006 0.698 0.008
0.006 0.014 0.017 0.015 0.007 0.04 0.006 0.891 0.004
0.008 0.162 0.011 0.005 0.017 0.021 0.004 0.765 0.007
0.004 0.015 0.007 0.007 0.017 0.009 0.007 0.911 0.023
0.006 0.014 0.017 0.014 0.01 0.004 0.004 0.919 0.012
0.016 0.826 0.031 0.021 0.005 0.011 0.005 0.075 0.009
0.035 0.813 0.018 0.082 0.013 0.006 0.012 0.013 0.008
0.016 0.041 0.174 0.011 0.02 0.016 0.212 0.419 0.091
0.006 0.283 0.484 0.006 0.008 0.005 0.186 0.012 0.01
0.015 0.206 0.307 0.101 0.012 0.017 0.006 0.081 0.256
0.006 0.916 0.017 0.02 0.004 0.007 0.017 0.006 0.006
0.007 0.628 0.274 0.007 0.01 0.009 0.044 0.009 0.013
0.007 0.483 0.009 0.007 0.006 0.03 0.009 0.013 0.436
0.005 0.957 0.005 0.005 0.005 0.009 0.005 0.005 0.005
0.006 0.298 0.55 0.013 0.01 0.008 0.081 0.019 0.014
0.041 0.846 0.051 0.022 0.007 0.011 0.004 0.012 0.006
0.011 0.301 0.516 0.016 0.01 0.017 0.021 0.073 0.036
0.006 0.587 0.018 0.007 0.006 0.011 0.01 0.346 0.009
0.006 0.839 0.091 0.014 0.004 0.009 0.004 0.014 0.018
0.005 0.806 0.094 0.039 0.005 0.009 0.004 0.01 0.028
0.01 0.95 0.011 0.006 0.003 0.008 0.004 0.005 0.004
0.004 0.964 0.006 0.004 0.003 0.007 0.004 0.004 0.004
0.007 0.944 0.009 0.005 0.007 0.009 0.007 0.007 0.005
0.012 0.939 0.006 0.007 0.006 0.007 0.004 0.011 0.008
0.012 0.909 0.008 0.011 0.005 0.02 0.01 0.011 0.016
0.007 0.941 0.009 0.008 0.005 0.008 0.006 0.009 0.007
0.004 0.943 0.01 0.01 0.004 0.011 0.007 0.007 0.005
0.044 0.366 0.035 0.06 0.03 0.019 0.028 0.392 0.026
0.01 0.549 0.028 0.01 0.017 0.006 0.004 0.367 0.009
0.009 0.074 0.126 0.035 0.004 0.015 0.014 0.719 0.004
0.01 0.055 0.091 0.016 0.003 0.008 0.01 0.64 0.167
0.005 0.271 0.29 0.016 0.005 0.007 0.022 0.164 0.219
0.032 0.287 0.018 0.03 0.005 0.016 0.007 0.228 0.376
0.012 0.787 0.047 0.084 0.005 0.016 0.005 0.019 0.024
0.013 0.89 0.008 0.012 0.012 0.012 0.011 0.03 0.012
0.041 0.786 0.013 0.01 0.007 0.083 0.015 0.027 0.019
0.014 0.811 0.018 0.039 0.005 0.039 0.005 0.05 0.019
0.006 0.484 0.478 0.005 0.004 0.004 0.006 0.008 0.005
0.006 0.484 0.478 0.005 0.004 0.004 0.006 0.008 0.005
0.006 0.484 0.478 0.005 0.004 0.004 0.006 0.008 0.005
0.01 0.379 0.484 0.056 0.005 0.011 0.022 0.023 0.01
0.005 0.685 0.263 0.006 0.006 0.008 0.01 0.013 0.005
0.014 0.039 0.187 0.006 0.006 0.009 0.01 0.039 0.69
0.006 0.777 0.019 0.01 0.005 0.014 0.015 0.144 0.008
0.086 0.049 0.015 0.134 0.085 0.01 0.034 0.236 0.35
0.019 0.746 0.015 0.019 0.011 0.024 0.01 0.14 0.015
0.014 0.73 0.039 0.081 0.005 0.016 0.018 0.075 0.022
0.011 0.384 0.46 0.019 0.014 0.009 0.048 0.045 0.01
0.028 0.094 0.028 0.148 0.034 0.008 0.047 0.586 0.028
0.006 0.484 0.467 0.01 0.004 0.004 0.007 0.012 0.005
0.017 0.013 0.007 0.018 0.018 0.008 0.007 0.907 0.006
0.006 0.484 0.467 0.01 0.004 0.005 0.007 0.012 0.005
0.092 0.126 0.093 0.025 0.007 0.606 0.007 0.026 0.018
0.035 0.081 0.685 0.019 0.018 0.044 0.098 0.012 0.008
0.029 0.255 0.023 0.248 0.006 0.286 0.031 0.094 0.028
0.014 0.111 0.115 0.015 0.033 0.562 0.119 0.016 0.015
0.01 0.05 0.109 0.211 0.024 0.541 0.016 0.021 0.02
0.006 0.037 0.013 0.016 0.04 0.857 0.005 0.021 0.005
0.102 0.077 0.048 0.229 0.115 0.371 0.023 0.017 0.019
0.065 0.034 0.074 0.085 0.051 0.61 0.007 0.047 0.027
0.014 0.031 0.33 0.074 0.012 0.325 0.132 0.021 0.061
0.01 0.017 0.065 0.013 0.014 0.816 0.011 0.043 0.012
0.009 0.243 0.125 0.019 0.009 0.329 0.185 0.045 0.034
0.105 0.018 0.029 0.158 0.017 0.324 0.012 0.016 0.321
0.193 0.007 0.014 0.064 0.011 0.472 0.016 0.009 0.213
0.764 0.005 0.008 0.064 0.008 0.047 0.076 0.01 0.018
0.504 0.034 0.014 0.013 0.011 0.364 0.018 0.014 0.028
0.645 0.006 0.013 0.012 0.012 0.027 0.006 0.007 0.271
0.024 0.337 0.044 0.034 0.015 0.472 0.013 0.011 0.051
0.934 0.004 0.006 0.007 0.013 0.011 0.012 0.005 0.008
0.178 0.009 0.011 0.026 0.008 0.02 0.73 0.007 0.01
0.19 0.01 0.039 0.009 0.013 0.179 0.258 0.006 0.296
0.787 0.005 0.014 0.019 0.009 0.053 0.072 0.008 0.035
0.467 0.01 0.018 0.035 0.016 0.333 0.008 0.008 0.106
0.246 0.007 0.036 0.013 0.005 0.382 0.218 0.011 0.083
0.023 0.005 0.006 0.006 0.009 0.026 0.729 0.005 0.19
0.017 0.007 0.454 0.439 0.008 0.017 0.005 0.032 0.021
