0.01 0.008 0.007 0.009 0.011 0.012 0.928 0.007 0.008
0.01 0.008 0.01 0.006 0.009 0.004 0.934 0.011 0.009
0.008 0.007 0.066 0.023 0.035 0.005 0.835 0.014 0.006
0.158 0.005 0.005 0.103 0.005 0.007 0.674 0.009 0.035
0.007 0.01 0.014 0.033 0.041 0.007 0.849 0.03 0.009
0.005 0.007 0.02 0.188 0.024 0.01 0.714 0.014 0.017
0.012 0.008 0.083 0.016 0.296 0.007 0.141 0.425 0.012
0.007 0.084 0.008 0.007 0.115 0.004 0.724 0.011 0.041
0.009 0.012 0.023 0.236 0.006 0.004 0.296 0.016 0.399
0.005 0.009 0.018 0.19 0.01 0.005 0.455 0.011 0.298
0.006 0.005 0.01 0.031 0.006 0.007 0.881 0.029 0.025
0.014 0.004 0.018 0.007 0.014 0.008 0.924 0.007 0.006
0.005 0.004 0.008 0.076 0.005 0.006 0.868 0.006 0.021
0.007 0.098 0.008 0.013 0.415 0.007 0.212 0.219 0.021
0.019 0.01 0.012 0.01 0.041 0.013 0.775 0.018 0.102
0.006 0.005 0.008 0.009 0.005 0.011 0.939 0.009 0.009
0.006 0.008 0.015 0.018 0.018 0.024 0.434 0.026 0.452
0.006 0.017 0.041 0.038 0.005 0.009 0.773 0.038 0.072
0.091 0.005 0.006 0.081 0.004 0.011 0.774 0.016 0.012
0.014 0.009 0.03 0.09 0.75 0.012 0.047 0.018 0.031
0.112 0.023 0.008 0.07 0.005 0.005 0.656 0.046 0.075
0.005 0.012 0.013 0.017 0.009 0.023 0.909 0.005 0.008
0.013 0.011 0.014 0.015 0.014 0.088 0.796 0.025 0.022
0.004 0.005 0.008 0.006 0.007 0.006 0.95 0.007 0.009
0.038 0.159 0.027 0.046 0.06 0.627 0.014 0.015 0.014
0.004 0.09 0.004 0.004 0.035 0.85 0.004 0.004 0.004
0.429 0.007 0.009 0.038 0.015 0.483 0.007 0.007 0.006
0.007 0.159 0.013 0.091 0.107 0.503 0.028 0.011 0.08
0.01 0.007 0.038 0.01 0.006 0.853 0.053 0.01 0.013
0.008 0.04 0.005 0.01 0.075 0.845 0.005 0.007 0.006
0.004 0.003 0.004 0.003 0.004 0.971 0.005 0.004 0.003
0.011 0.005 0.014 0.006 0.026 0.918 0.007 0.006 0.007
0.009 0.285 0.04 0.028 0.065 0.505 0.015 0.013 0.039
0.009 0.015 0.01 0.009 0.006 0.918 0.009 0.011 0.012
0.029 0.051 0.092 0.023 0.024 0.64 0.022 0.087 0.032
0.02 0.012 0.021 0.087 0.757 0.062 0.025 0.007 0.01
0.004 0.003 0.006 0.005 0.007 0.963 0.004 0.005 0.003
0.014 0.008 0.04 0.022 0.005 0.891 0.008 0.005 0.006
0.023 0.007 0.034 0.007 0.016 0.775 0.038 0.009 0.092
0.005 0.005 0.007 0.006 0.006 0.947 0.008 0.009 0.007
0.053 0.013 0.022 0.033 0.02 0.359 0.207 0.285 0.009
0.007 0.005 0.008 0.303 0.037 0.586 0.046 0.005 0.004
0.27 0.006 0.032 0.008 0.049 0.61 0.009 0.006 0.011
0.005 0.005 0.005 0.019 0.005 0.913 0.008 0.011 0.029
0.006 0.004 0.006 0.145 0.019 0.769 0.01 0.01 0.03
0.005 0.005 0.006 0.019 0.005 0.913 0.008 0.011 0.028
0.004 0.003 0.005 0.005 0.007 0.963 0.004 0.005 0.003
0.004 0.003 0.006 0.005 0.007 0.963 0.004 0.005 0.003
0.014 0.251 0.67 0.012 0.004 0.006 0.005 0.011 0.028
0.009 0.259 0.024 0.404 0.004 0.004 0.015 0.136 0.146
0.034 0.093 0.304 0.016 0.032 0.112 0.008 0.391 0.009
0.017 0.899 0.033 0.007 0.005 0.005 0.021 0.008 0.006
0.866 0.037 0.035 0.009 0.006 0.005 0.006 0.014 0.022
0.008 0.748 0.178 0.008 0.005 0.011 0.007 0.008 0.028
0.011 0.213 0.627 0.012 0.007 0.021 0.047 0.018 0.045
0.012 0.927 0.012 0.013 0.01 0.005 0.007 0.006 0.01
0.013 0.922 0.014 0.014 0.009 0.005 0.007 0.006 0.01
0.058 0.185 0.564 0.037 0.007 0.007 0.02 0.014 0.108
0.381 0.373 0.08 0.017 0.004 0.01 0.044 0.052 0.039
0.013 0.217 0.698 0.016 0.006 0.013 0.02 0.009 0.006
0.007 0.938 0.012 0.005 0.009 0.005 0.006 0.008 0.01
0.122 0.065 0.26 0.015 0.014 0.028 0.095 0.364 0.036
0.007 0.084 0.107 0.043 0.006 0.009 0.006 0.047 0.692
0.01 0.607 0.319 0.009 0.018 0.008 0.006 0.007 0.017
0.029 0.634 0.248 0.019 0.041 0.006 0.006 0.009 0.007
0.946 0.01 0.007 0.008 0.004 0.005 0.007 0.005 0.007
0.954 0.009 0.009 0.005 0.004 0.003 0.006 0.004 0.005
0.969 0.004 0.004 0.004 0.003 0.004 0.003 0.004 0.004
0.966 0.004 0.005 0.004 0.004 0.004 0.004 0.005 0.004
0.026 0.178 0.732 0.004 0.005 0.003 0.011 0.009 0.031
0.011 0.315 0.569 0.013 0.008 0.011 0.01 0.024 0.039
0.395 0.22 0.233 0.035 0.006 0.006 0.048 0.049 0.008
0.011 0.376 0.027 0.221 0.197 0.029 0.103 0.016 0.019
0.005 0.006 0.008 0.834 0.094 0.008 0.011 0.021 0.013
0.01 0.031 0.026 0.794 0.027 0.026 0.02 0.027 0.039
0.007 0.015 0.046 0.728 0.022 0.007 0.011 0.018 0.147
0.016 0.028 0.813 0.02 0.012 0.004 0.025 0.04 0.042
0.115 0.035 0.268 0.022 0.011 0.045 0.468 0.027 0.009
0.104 0.125 0.13 0.289 0.009 0.015 0.136 0.017 0.175
0.274 0.052 0.435 0.129 0.012 0.027 0.042 0.021 0.008
0.021 0.044 0.189 0.669 0.017 0.008 0.034 0.011 0.007
0.004 0.003 0.005 0.966 0.005 0.005 0.004 0.004 0.005
0.007 0.006 0.007 0.71 0.234 0.006 0.012 0.013 0.005
0.01 0.008 0.05 0.688 0.087 0.032 0.084 0.012 0.029
0.057 0.006 0.01 0.876 0.017 0.006 0.009 0.005 0.013
0.012 0.007 0.79 0.026 0.012 0.06 0.043 0.037 0.012
0.007 0.009 0.684 0.051 0.013 0.148 0.037 0.031 0.019
0.004 0.005 0.009 0.954 0.006 0.007 0.006 0.006 0.004
0.009 0.022 0.339 0.13 0.037 0.015 0.023 0.012 0.413
0.653 0.024 0.173 0.041 0.038 0.029 0.017 0.019 0.007
0.009 0.006 0.014 0.917 0.007 0.007 0.017 0.005 0.019
0.008 0.01 0.073 0.869 0.008 0.005 0.005 0.006 0.016
0.017 0.076 0.074 0.334 0.424 0.009 0.01 0.013 0.042
0.012 0.006 0.008 0.942 0.009 0.006 0.007 0.005 0.006
0.015 0.011 0.01 0.838 0.007 0.006 0.076 0.012 0.024
0.012 0.006 0.017 0.901 0.009 0.013 0.024 0.007 0.012
0.008 0.009 0.807 0.079 0.058 0.011 0.006 0.012 0.011
0.036 0.008 0.8 0.021 0.066 0.015 0.013 0.022 0.019
0.009 0.009 0.927 0.006 0.008 0.008 0.013 0.014 0.006
0.013 0.011 0.932 0.014 0.006 0.005 0.006 0.007 0.006
0.887 0.007 0.024 0.008 0.039 0.01 0.007 0.008 0.009
0.066 0.008 0.858 0.012 0.02 0.012 0.009 0.007 0.008
0.016 0.005 0.773 0.006 0.007 0.047 0.009 0.131 0.006
0.007 0.006 0.647 0.013 0.009 0.008 0.014 0.287 0.008
0.056 0.01 0.064 0.819 0.007 0.009 0.016 0.008 0.011
0.061 0.03 0.809 0.05 0.011 0.008 0.007 0.009 0.014
0.01 0.016 0.858 0.032 0.015 0.015 0.021 0.029 0.005
0.024 0.023 0.099 0.044 0.036 0.239 0.067 0.212 0.256
0.009 0.012 0.021 0.877 0.006 0.009 0.009 0.023 0.034
0.05 0.008 0.594 0.149 0.069 0.008 0.036 0.042 0.043
0.035 0.009 0.765 0.047 0.017 0.052 0.048 0.02 0.007
0.768 0.007 0.112 0.028 0.016 0.037 0.016 0.008 0.007
0.017 0.019 0.317 0.56 0.014 0.009 0.009 0.027 0.028
0.026 0.04 0.781 0.03 0.01 0.015 0.048 0.032 0.02
0.017 0.025 0.493 0.081 0.332 0.007 0.025 0.007 0.012
0.297 0.015 0.489 0.018 0.014 0.032 0.055 0.036 0.044
0.019 0.157 0.423 0.02 0.243 0.044 0.016 0.047 0.031
0.063 0.029 0.64 0.189 0.011 0.038 0.016 0.007 0.007
0.012 0.008 0.033 0.895 0.006 0.014 0.006 0.011 0.015
0.013 0.033 0.236 0.648 0.006 0.016 0.019 0.01 0.018
0.029 0.074 0.268 0.074 0.476 0.015 0.01 0.02 0.034
0.063 0.011 0.074 0.074 0.538 0.117 0.017 0.092 0.013
0.01 0.173 0.035 0.016 0.288 0.233 0.023 0.149 0.073
0.017 0.022 0.042 0.316 0.174 0.041 0.113 0.168 0.107
0.007 0.019 0.01 0.01 0.008 0.007 0.927 0.005 0.006
0.01 0.024 0.016 0.278 0.119 0.009 0.524 0.014 0.007
0.103 0.04 0.042 0.021 0.519 0.018 0.218 0.018 0.021
0.011 0.029 0.409 0.018 0.176 0.032 0.299 0.01 0.016
0.046 0.009 0.015 0.28 0.062 0.014 0.539 0.017 0.018
0.015 0.015 0.834 0.023 0.029 0.009 0.048 0.008 0.02
0.005 0.015 0.009 0.739 0.06 0.013 0.144 0.008 0.008
0.014 0.032 0.025 0.086 0.784 0.011 0.04 0.006 0.004
0.004 0.004 0.004 0.008 0.02 0.006 0.945 0.004 0.006
0.011 0.01 0.1 0.008 0.814 0.012 0.027 0.01 0.007
0.015 0.019 0.056 0.019 0.293 0.059 0.502 0.008 0.029
0.005 0.006 0.01 0.007 0.061 0.008 0.892 0.005 0.006
0.011 0.016 0.027 0.017 0.01 0.03 0.862 0.019 0.01
0.011 0.011 0.018 0.011 0.037 0.012 0.885 0.01 0.005
0.007 0.02 0.018 0.011 0.006 0.018 0.908 0.006 0.007
0.011 0.011 0.013 0.348 0.013 0.02 0.553 0.015 0.016
0.007 0.022 0.047 0.19 0.394 0.02 0.301 0.009 0.01
0.009 0.007 0.013 0.024 0.801 0.009 0.118 0.012 0.007
0.022 0.009 0.014 0.423 0.065 0.005 0.392 0.046 0.024
0.345 0.015 0.024 0.142 0.132 0.014 0.271 0.028 0.028
0.029 0.016 0.014 0.021 0.894 0.004 0.005 0.009 0.008
0.01 0.008 0.092 0.043 0.607 0.053 0.04 0.137 0.01
0.022 0.018 0.017 0.232 0.604 0.014 0.047 0.011 0.034
0.053 0.03 0.08 0.13 0.371 0.021 0.185 0.099 0.032
0.009 0.006 0.01 0.009 0.73 0.007 0.215 0.008 0.006
0.052 0.011 0.15 0.273 0.296 0.012 0.157 0.033 0.018
0.004 0.004 0.005 0.005 0.961 0.006 0.006 0.004 0.004
0.006 0.006 0.015 0.012 0.898 0.007 0.043 0.005 0.008
0.011 0.021 0.011 0.013 0.499 0.214 0.215 0.01 0.005
0.007 0.009 0.008 0.02 0.912 0.015 0.018 0.005 0.006
0.008 0.01 0.028 0.112 0.742 0.026 0.018 0.014 0.042
0.005 0.005 0.005 0.006 0.939 0.009 0.014 0.006 0.013
0.004 0.004 0.004 0.004 0.969 0.004 0.004 0.003 0.003
0.052 0.029 0.057 0.028 0.677 0.067 0.036 0.031 0.022
0.009 0.011 0.009 0.007 0.93 0.006 0.017 0.006 0.005
0.009 0.013 0.035 0.019 0.624 0.277 0.011 0.007 0.006
0.004 0.005 0.004 0.005 0.959 0.009 0.006 0.004 0.004
0.267 0.082 0.102 0.054 0.084 0.009 0.262 0.016 0.123
0.004 0.006 0.005 0.01 0.957 0.004 0.007 0.004 0.004
0.004 0.005 0.007 0.005 0.954 0.007 0.01 0.004 0.004
0.005 0.008 0.008 0.014 0.916 0.022 0.007 0.012 0.009
0.005 0.008 0.006 0.007 0.949 0.006 0.009 0.005 0.004
0.003 0.004 0.004 0.006 0.968 0.004 0.004 0.004 0.004
0.01 0.01 0.032 0.493 0.133 0.005 0.227 0.046 0.043
0.01 0.075 0.717 0.053 0.045 0.008 0.019 0.066 0.008
0.008 0.064 0.717 0.028 0.004 0.006 0.008 0.011 0.153
0.006 0.027 0.934 0.007 0.005 0.005 0.004 0.005 0.008
0.009 0.033 0.263 0.453 0.032 0.039 0.118 0.023 0.031
0.071 0.132 0.222 0.085 0.006 0.017 0.011 0.008 0.448
0.005 0.036 0.857 0.034 0.004 0.005 0.008 0.029 0.021
0.011 0.337 0.548 0.012 0.004 0.004 0.007 0.026 0.05
0.012 0.064 0.633 0.097 0.01 0.009 0.022 0.012 0.141
0.007 0.292 0.585 0.015 0.018 0.047 0.014 0.012 0.01
0.007 0.379 0.438 0.036 0.006 0.022 0.006 0.009 0.096
0.006 0.102 0.756 0.009 0.007 0.018 0.027 0.03 0.044
0.006 0.43 0.525 0.006 0.004 0.006 0.004 0.011 0.009
0.244 0.186 0.171 0.11 0.008 0.006 0.245 0.017 0.013
0.032 0.592 0.229 0.096 0.016 0.004 0.011 0.009 0.01
0.007 0.027 0.14 0.009 0.008 0.055 0.044 0.607 0.103
0.007 0.237 0.018 0.006 0.008 0.006 0.644 0.046 0.028
0.008 0.008 0.028 0.02 0.008 0.036 0.271 0.564 0.056
0.006 0.297 0.088 0.008 0.005 0.008 0.145 0.078 0.366
0.006 0.066 0.136 0.008 0.004 0.01 0.023 0.529 0.218
0.346 0.062 0.018 0.019 0.019 0.024 0.01 0.486 0.016
0.012 0.008 0.021 0.009 0.008 0.007 0.034 0.863 0.039
0.016 0.021 0.021 0.045 0.008 0.006 0.025 0.573 0.284
0.326 0.011 0.009 0.015 0.005 0.007 0.005 0.615 0.007
0.01 0.01 0.011 0.01 0.004 0.019 0.007 0.88 0.048
0.018 0.007 0.01 0.007 0.007 0.007 0.011 0.924 0.008
0.004 0.009 0.009 0.006 0.004 0.013 0.01 0.874 0.072
0.008 0.007 0.007 0.031 0.006 0.004 0.007 0.924 0.005
0.005 0.006 0.007 0.005 0.004 0.019 0.006 0.944 0.005
0.008 0.035 0.014 0.009 0.004 0.007 0.009 0.898 0.016
0.006 0.037 0.052 0.109 0.006 0.019 0.014 0.691 0.066
0.01 0.007 0.007 0.053 0.008 0.004 0.015 0.84 0.055
0.007 0.016 0.007 0.022 0.014 0.011 0.006 0.902 0.015
0.005 0.124 0.02 0.008 0.006 0.019 0.031 0.711 0.076
0.008 0.013 0.034 0.022 0.006 0.006 0.033 0.689 0.188
0.004 0.016 0.014 0.034 0.006 0.007 0.006 0.901 0.012
0.007 0.011 0.006 0.017 0.004 0.015 0.008 0.797 0.136
0.024 0.008 0.007 0.008 0.007 0.018 0.004 0.907 0.016
0.012 0.017 0.013 0.004 0.004 0.009 0.006 0.922 0.013
0.009 0.033 0.023 0.011 0.006 0.005 0.017 0.095 0.801
0.008 0.025 0.083 0.006 0.012 0.013 0.036 0.015 0.803
0.088 0.19 0.011 0.015 0.197 0.022 0.017 0.422 0.038
0.01 0.534 0.006 0.005 0.176 0.009 0.007 0.013 0.241
0.254 0.309 0.116 0.017 0.007 0.011 0.015 0.081 0.19
0.006 0.017 0.019 0.007 0.015 0.004 0.006 0.006 0.919
0.013 0.299 0.007 0.01 0.048 0.011 0.008 0.01 0.594
0.442 0.01 0.007 0.031 0.009 0.006 0.007 0.014 0.475
0.005 0.005 0.005 0.009 0.005 0.005 0.005 0.005 0.957
0.014 0.614 0.013 0.009 0.075 0.01 0.006 0.021 0.238
0.006 0.071 0.021 0.01 0.004 0.007 0.048 0.015 0.817
0.035 0.547 0.016 0.015 0.019 0.01 0.011 0.057 0.29
0.01 0.026 0.007 0.01 0.01 0.006 0.006 0.257 0.669
0.015 0.128 0.013 0.009 0.004 0.004 0.006 0.013 0.808
0.023 0.128 0.039 0.009 0.004 0.005 0.005 0.01 0.778
0.004 0.012 0.006 0.008 0.004 0.003 0.011 0.005 0.948
0.004 0.006 0.004 0.007 0.004 0.003 0.004 0.004 0.964
0.006 0.011 0.006 0.009 0.008 0.007 0.008 0.008 0.938
0.008 0.006 0.008 0.007 0.004 0.006 0.013 0.014 0.934
0.015 0.007 0.011 0.019 0.01 0.005 0.012 0.011 0.911
0.007 0.01 0.008 0.008 0.006 0.004 0.007 0.008 0.941
0.005 0.01 0.01 0.011 0.007 0.004 0.004 0.007 0.942
0.021 0.046 0.062 0.018 0.029 0.027 0.043 0.285 0.467
0.009 0.039 0.013 0.006 0.004 0.022 0.012 0.278 0.617
0.004 0.212 0.033 0.017 0.022 0.004 0.008 0.556 0.144
0.172 0.157 0.016 0.009 0.015 0.003 0.01 0.507 0.11
0.224 0.328 0.017 0.008 0.023 0.005 0.005 0.163 0.227
0.375 0.021 0.033 0.015 0.007 0.006 0.033 0.255 0.255
0.025 0.065 0.082 0.018 0.005 0.005 0.012 0.02 0.767
0.012 0.009 0.013 0.012 0.011 0.012 0.014 0.031 0.887
0.018 0.014 0.009 0.078 0.016 0.007 0.04 0.032 0.786
0.019 0.017 0.042 0.036 0.005 0.005 0.013 0.048 0.815
0.005 0.54 0.005 0.004 0.006 0.004 0.006 0.008 0.422
0.005 0.54 0.005 0.004 0.006 0.004 0.006 0.008 0.422
0.005 0.54 0.005 0.004 0.006 0.004 0.006 0.008 0.422
0.009 0.557 0.053 0.011 0.02 0.005 0.01 0.022 0.313
0.005 0.297 0.006 0.008 0.009 0.006 0.005 0.013 0.65
0.679 0.206 0.007 0.009 0.01 0.006 0.014 0.035 0.034
0.009 0.028 0.01 0.013 0.012 0.005 0.006 0.102 0.814
0.363 0.018 0.124 0.009 0.036 0.092 0.093 0.217 0.049
0.015 0.015 0.02 0.025 0.011 0.011 0.02 0.209 0.676
0.023 0.044 0.089 0.017 0.018 0.005 0.014 0.093 0.696
0.01 0.517 0.018 0.009 0.045 0.014 0.011 0.043 0.334
0.028 0.031 0.13 0.008 0.049 0.037 0.027 0.6 0.091
0.005 0.527 0.01 0.005 0.007 0.004 0.006 0.014 0.422
0.006 0.007 0.02 0.008 0.007 0.021 0.021 0.899 0.012
0.005 0.527 0.01 0.005 0.007 0.004 0.006 0.013 0.423
0.017 0.091 0.026 0.615 0.007 0.007 0.094 0.025 0.118
0.008 0.68 0.019 0.048 0.099 0.018 0.035 0.011 0.082
0.027 0.022 0.245 0.279 0.034 0.006 0.03 0.135 0.222
0.015 0.12 0.015 0.561 0.125 0.032 0.013 0.018 0.099
0.018 0.088 0.227 0.543 0.016 0.024 0.01 0.022 0.052
0.005 0.012 0.018 0.854 0.005 0.039 0.006 0.023 0.039
0.019 0.04 0.24 0.377 0.023 0.113 0.096 0.017 0.076
0.022 0.076 0.086 0.617 0.008 0.05 0.064 0.047 0.029
0.048 0.337 0.096 0.311 0.133 0.011 0.016 0.022 0.025
0.012 0.055 0.013 0.817 0.011 0.014 0.01 0.051 0.017
0.034 0.131 0.019 0.328 0.193 0.009 0.01 0.06 0.215
0.262 0.022 0.2 0.354 0.012 0.014 0.1 0.019 0.017
0.173 0.01 0.083 0.504 0.016 0.01 0.187 0.01 0.007
0.018 0.008 0.052 0.054 0.087 0.007 0.755 0.012 0.005
0.03 0.016 0.014 0.375 0.019 0.011 0.488 0.013 0.035
0.276 0.012 0.012 0.029 0.006 0.013 0.638 0.007 0.006
0.052 0.039 0.036 0.486 0.012 0.014 0.023 0.011 0.327
0.008 0.006 0.007 0.011 0.013 0.013 0.932 0.005 0.005
0.01 0.011 0.024 0.019 0.742 0.008 0.17 0.007 0.009
0.293 0.04 0.009 0.177 0.266 0.014 0.187 0.006 0.01
0.035 0.017 0.018 0.059 0.084 0.009 0.765 0.008 0.006
0.111 0.015 0.038 0.356 0.008 0.015 0.438 0.008 0.01
0.086 0.039 0.012 0.38 0.221 0.005 0.238 0.011 0.007
0.189 0.006 0.006 0.024 0.734 0.009 0.022 0.005 0.005
0.019 0.393 0.495 0.022 0.005 0.008 0.015 0.035 0.007
