0.011 0.007 0.009 0.006 0.008 0.011 0.009 0.905 0.013 0.013 0.007
0.01 0.013 0.02 0.011 0.017 0.01 0.006 0.891 0.004 0.009 0.009
0.007 0.005 0.014 0.05 0.009 0.023 0.024 0.833 0.005 0.006 0.025
0.145 0.047 0.006 0.005 0.025 0.005 0.135 0.614 0.008 0.005 0.005
0.006 0.008 0.029 0.013 0.016 0.034 0.032 0.832 0.007 0.012 0.01
0.005 0.019 0.026 0.051 0.007 0.021 0.122 0.727 0.01 0.006 0.008
0.007 0.01 0.018 0.15 0.531 0.187 0.011 0.056 0.006 0.008 0.017
0.006 0.049 0.018 0.01 0.018 0.117 0.007 0.618 0.003 0.146 0.009
0.008 0.463 0.009 0.013 0.055 0.006 0.235 0.17 0.005 0.011 0.026
0.004 0.416 0.01 0.016 0.007 0.009 0.052 0.459 0.004 0.004 0.017
0.005 0.031 0.05 0.006 0.014 0.006 0.024 0.842 0.007 0.005 0.011
0.012 0.008 0.01 0.023 0.011 0.017 0.006 0.892 0.009 0.005 0.008
0.004 0.019 0.004 0.017 0.007 0.005 0.029 0.898 0.006 0.005 0.005
0.005 0.009 0.366 0.007 0.01 0.362 0.008 0.161 0.006 0.058 0.007
0.02 0.176 0.021 0.021 0.104 0.072 0.011 0.53 0.016 0.022 0.008
0.006 0.01 0.005 0.013 0.03 0.005 0.009 0.897 0.014 0.005 0.005
0.005 0.585 0.015 0.026 0.029 0.022 0.014 0.255 0.03 0.008 0.009
0.005 0.064 0.053 0.06 0.008 0.005 0.034 0.729 0.008 0.02 0.014
0.004 0.01 0.008 0.01 0.604 0.005 0.019 0.301 0.029 0.004 0.006
0.009 0.043 0.012 0.03 0.037 0.741 0.062 0.026 0.011 0.008 0.021
0.007 0.063 0.139 0.021 0.648 0.006 0.018 0.042 0.005 0.039 0.012
0.004 0.009 0.004 0.014 0.006 0.009 0.014 0.898 0.021 0.005 0.016
0.01 0.039 0.051 0.008 0.054 0.018 0.013 0.619 0.111 0.012 0.065
0.004 0.011 0.009 0.009 0.005 0.006 0.005 0.935 0.006 0.005 0.005
0.041 0.009 0.052 0.013 0.004 0.062 0.049 0.013 0.559 0.174 0.025
0.004 0.003 0.005 0.004 0.004 0.037 0.004 0.004 0.807 0.123 0.005
0.381 0.005 0.007 0.008 0.026 0.019 0.033 0.007 0.491 0.014 0.01
0.006 0.092 0.008 0.007 0.012 0.137 0.067 0.032 0.458 0.139 0.042
0.008 0.01 0.006 0.04 0.009 0.005 0.007 0.071 0.823 0.007 0.014
0.006 0.004 0.008 0.004 0.006 0.102 0.011 0.005 0.8 0.046 0.007
0.004 0.003 0.004 0.004 0.003 0.004 0.003 0.005 0.965 0.003 0.003
0.01 0.005 0.006 0.049 0.005 0.019 0.005 0.007 0.884 0.005 0.005
0.005 0.007 0.022 0.035 0.005 0.034 0.02 0.013 0.429 0.416 0.014
0.008 0.009 0.023 0.008 0.005 0.006 0.009 0.008 0.891 0.02 0.012
0.021 0.033 0.094 0.05 0.016 0.023 0.018 0.025 0.597 0.029 0.094
0.023 0.01 0.008 0.016 0.008 0.722 0.099 0.028 0.055 0.008 0.022
0.004 0.003 0.005 0.006 0.004 0.007 0.005 0.004 0.955 0.003 0.005
0.009 0.005 0.005 0.05 0.007 0.004 0.021 0.008 0.871 0.005 0.016
0.026 0.079 0.006 0.07 0.009 0.012 0.007 0.032 0.742 0.008 0.009
0.004 0.007 0.015 0.007 0.005 0.006 0.006 0.008 0.929 0.006 0.006
0.008 0.017 0.013 0.015 0.422 0.022 0.008 0.032 0.439 0.01 0.014
0.006 0.004 0.004 0.011 0.006 0.036 0.292 0.051 0.579 0.005 0.006
0.232 0.01 0.01 0.109 0.005 0.038 0.007 0.008 0.566 0.006 0.009
0.004 0.029 0.006 0.005 0.021 0.005 0.016 0.007 0.894 0.005 0.007
0.005 0.028 0.005 0.006 0.027 0.018 0.127 0.011 0.763 0.004 0.006
0.004 0.03 0.006 0.005 0.02 0.005 0.017 0.007 0.894 0.005 0.007
0.004 0.003 0.005 0.006 0.004 0.007 0.005 0.004 0.955 0.003 0.005
0.004 0.003 0.005 0.006 0.004 0.007 0.005 0.004 0.955 0.003 0.005
0.008 0.01 0.009 0.009 0.005 0.003 0.005 0.005 0.005 0.009 0.931
0.009 0.085 0.21 0.006 0.007 0.004 0.343 0.018 0.004 0.109 0.206
0.047 0.008 0.372 0.125 0.012 0.032 0.021 0.008 0.091 0.051 0.232
0.011 0.005 0.008 0.014 0.01 0.005 0.006 0.029 0.005 0.732 0.176
0.808 0.026 0.009 0.023 0.03 0.006 0.009 0.005 0.005 0.016 0.063
0.008 0.026 0.006 0.009 0.007 0.004 0.006 0.006 0.009 0.403 0.517
0.009 0.025 0.043 0.17 0.008 0.007 0.01 0.039 0.021 0.322 0.346
0.014 0.011 0.005 0.011 0.006 0.011 0.015 0.007 0.006 0.809 0.104
0.014 0.011 0.006 0.012 0.006 0.01 0.016 0.008 0.005 0.795 0.116
0.074 0.162 0.011 0.102 0.012 0.007 0.024 0.022 0.007 0.005 0.574
0.335 0.021 0.255 0.02 0.005 0.004 0.013 0.045 0.009 0.075 0.217
0.011 0.006 0.008 0.035 0.009 0.006 0.013 0.025 0.012 0.008 0.868
0.008 0.005 0.008 0.012 0.008 0.006 0.005 0.009 0.005 0.864 0.07
0.099 0.018 0.504 0.023 0.009 0.018 0.012 0.051 0.016 0.048 0.202
0.006 0.564 0.035 0.018 0.013 0.005 0.035 0.006 0.009 0.066 0.244
0.008 0.015 0.004 0.026 0.014 0.033 0.007 0.005 0.007 0.21 0.669
0.034 0.005 0.006 0.023 0.011 0.055 0.02 0.006 0.006 0.364 0.469
0.938 0.007 0.004 0.009 0.005 0.004 0.008 0.007 0.005 0.006 0.007
0.935 0.004 0.004 0.007 0.004 0.004 0.005 0.009 0.003 0.006 0.02
0.965 0.004 0.003 0.004 0.004 0.003 0.003 0.003 0.004 0.004 0.004
0.959 0.004 0.003 0.004 0.008 0.003 0.004 0.004 0.004 0.004 0.004
0.067 0.059 0.028 0.365 0.004 0.005 0.004 0.015 0.004 0.015 0.434
0.01 0.032 0.029 0.049 0.006 0.007 0.011 0.01 0.008 0.052 0.785
0.201 0.009 0.012 0.017 0.037 0.005 0.014 0.052 0.005 0.008 0.642
0.007 0.008 0.03 0.037 0.006 0.112 0.209 0.129 0.022 0.424 0.016
0.004 0.007 0.049 0.014 0.005 0.04 0.853 0.01 0.007 0.005 0.006
0.009 0.028 0.048 0.034 0.009 0.022 0.752 0.024 0.026 0.024 0.025
0.006 0.161 0.021 0.057 0.011 0.022 0.654 0.014 0.007 0.015 0.033
0.013 0.017 0.018 0.812 0.027 0.011 0.017 0.021 0.004 0.035 0.024
0.109 0.007 0.015 0.114 0.055 0.01 0.019 0.436 0.057 0.034 0.145
0.045 0.218 0.023 0.133 0.011 0.008 0.262 0.165 0.014 0.009 0.112
0.071 0.007 0.009 0.204 0.059 0.011 0.042 0.048 0.026 0.017 0.506
0.012 0.006 0.013 0.157 0.009 0.015 0.61 0.034 0.008 0.009 0.127
0.003 0.005 0.003 0.004 0.007 0.004 0.96 0.004 0.004 0.003 0.004
0.006 0.004 0.022 0.016 0.006 0.16 0.758 0.01 0.006 0.006 0.005
0.01 0.024 0.011 0.049 0.021 0.055 0.69 0.081 0.032 0.006 0.021
0.054 0.015 0.006 0.016 0.006 0.015 0.858 0.009 0.006 0.005 0.01
0.01 0.012 0.128 0.502 0.006 0.013 0.033 0.049 0.064 0.005 0.179
0.005 0.019 0.151 0.333 0.007 0.016 0.078 0.028 0.13 0.007 0.227
0.004 0.004 0.004 0.006 0.006 0.005 0.947 0.006 0.007 0.004 0.009
0.005 0.303 0.012 0.41 0.02 0.024 0.09 0.021 0.013 0.029 0.076
0.544 0.006 0.036 0.176 0.006 0.035 0.042 0.022 0.027 0.021 0.083
0.008 0.029 0.006 0.032 0.004 0.005 0.873 0.022 0.006 0.005 0.009
0.007 0.019 0.005 0.07 0.006 0.006 0.846 0.005 0.005 0.004 0.027
0.017 0.038 0.015 0.021 0.007 0.389 0.313 0.01 0.008 0.055 0.126
0.01 0.006 0.004 0.005 0.007 0.009 0.926 0.007 0.007 0.005 0.014
0.016 0.041 0.006 0.009 0.043 0.007 0.76 0.087 0.007 0.01 0.014
0.01 0.013 0.008 0.032 0.008 0.008 0.871 0.022 0.014 0.004 0.01
0.005 0.009 0.01 0.859 0.011 0.013 0.049 0.005 0.008 0.007 0.025
0.012 0.009 0.017 0.895 0.006 0.012 0.01 0.008 0.011 0.008 0.01
0.006 0.004 0.005 0.942 0.005 0.005 0.004 0.007 0.005 0.005 0.012
0.006 0.007 0.011 0.796 0.005 0.006 0.02 0.006 0.005 0.008 0.131
0.748 0.01 0.007 0.139 0.012 0.046 0.008 0.007 0.01 0.006 0.008
0.015 0.008 0.005 0.82 0.009 0.015 0.01 0.008 0.01 0.007 0.094
0.006 0.004 0.101 0.821 0.004 0.005 0.004 0.006 0.036 0.004 0.009
0.004 0.006 0.012 0.729 0.196 0.007 0.009 0.008 0.007 0.004 0.015
0.03 0.013 0.009 0.082 0.013 0.007 0.771 0.022 0.01 0.007 0.036
0.014 0.009 0.006 0.294 0.027 0.011 0.022 0.007 0.009 0.014 0.589
0.007 0.005 0.025 0.285 0.025 0.016 0.034 0.022 0.018 0.01 0.554
0.02 0.104 0.474 0.107 0.011 0.026 0.029 0.027 0.162 0.015 0.024
0.008 0.04 0.016 0.018 0.039 0.006 0.815 0.011 0.009 0.015 0.024
0.013 0.009 0.044 0.787 0.01 0.034 0.072 0.013 0.006 0.004 0.007
0.029 0.006 0.006 0.72 0.052 0.013 0.033 0.045 0.045 0.007 0.044
0.545 0.006 0.007 0.352 0.005 0.011 0.023 0.013 0.026 0.005 0.008
0.009 0.032 0.015 0.334 0.033 0.012 0.468 0.009 0.008 0.007 0.073
0.012 0.018 0.019 0.609 0.027 0.009 0.041 0.036 0.017 0.013 0.199
0.018 0.007 0.006 0.62 0.007 0.154 0.096 0.019 0.006 0.03 0.037
0.295 0.045 0.017 0.491 0.01 0.015 0.014 0.045 0.026 0.007 0.034
0.013 0.022 0.062 0.228 0.021 0.282 0.016 0.013 0.039 0.081 0.223
0.038 0.007 0.007 0.145 0.008 0.012 0.148 0.019 0.03 0.004 0.582
0.008 0.017 0.005 0.013 0.055 0.006 0.815 0.006 0.015 0.007 0.052
0.011 0.02 0.007 0.072 0.016 0.005 0.566 0.017 0.016 0.008 0.262
0.019 0.015 0.042 0.56 0.006 0.224 0.032 0.013 0.009 0.065 0.017
0.068 0.011 0.109 0.148 0.005 0.487 0.049 0.019 0.077 0.008 0.02
0.009 0.018 0.277 0.037 0.005 0.301 0.01 0.024 0.139 0.167 0.013
0.013 0.04 0.302 0.069 0.018 0.109 0.165 0.206 0.048 0.01 0.022
0.006 0.007 0.005 0.021 0.006 0.007 0.01 0.907 0.007 0.013 0.01
0.006 0.007 0.017 0.011 0.006 0.092 0.157 0.661 0.008 0.006 0.027
0.072 0.013 0.057 0.051 0.006 0.443 0.017 0.24 0.022 0.046 0.033
0.011 0.012 0.02 0.24 0.005 0.165 0.016 0.343 0.034 0.035 0.117
0.035 0.022 0.01 0.012 0.013 0.038 0.14 0.697 0.012 0.005 0.016
0.015 0.011 0.007 0.811 0.012 0.01 0.013 0.057 0.007 0.009 0.048
0.004 0.007 0.012 0.009 0.005 0.063 0.667 0.185 0.015 0.018 0.014
0.011 0.004 0.004 0.078 0.006 0.663 0.088 0.097 0.01 0.022 0.016
0.003 0.006 0.004 0.004 0.004 0.02 0.008 0.937 0.005 0.003 0.005
0.007 0.007 0.021 0.15 0.004 0.742 0.007 0.025 0.01 0.009 0.018
0.011 0.021 0.007 0.077 0.006 0.184 0.016 0.595 0.049 0.008 0.026
0.004 0.006 0.005 0.015 0.006 0.048 0.007 0.889 0.007 0.006 0.006
0.008 0.007 0.042 0.012 0.005 0.007 0.011 0.856 0.022 0.008 0.024
0.008 0.005 0.008 0.015 0.008 0.027 0.007 0.894 0.01 0.007 0.012
0.006 0.006 0.006 0.011 0.004 0.005 0.007 0.909 0.014 0.007 0.024
0.009 0.018 0.005 0.008 0.039 0.009 0.128 0.739 0.018 0.005 0.021
0.006 0.009 0.008 0.058 0.007 0.302 0.083 0.464 0.015 0.009 0.039
0.008 0.006 0.017 0.016 0.007 0.664 0.02 0.233 0.01 0.006 0.011
0.02 0.013 0.041 0.018 0.042 0.037 0.214 0.59 0.005 0.007 0.011
0.303 0.024 0.018 0.017 0.025 0.089 0.062 0.409 0.011 0.019 0.021
0.021 0.007 0.005 0.015 0.015 0.881 0.018 0.004 0.004 0.017 0.011
0.007 0.01 0.049 0.075 0.069 0.598 0.045 0.042 0.069 0.009 0.026
0.018 0.032 0.005 0.008 0.049 0.586 0.178 0.055 0.013 0.013 0.041
0.036 0.026 0.056 0.093 0.138 0.306 0.103 0.152 0.02 0.033 0.038
0.007 0.006 0.01 0.02 0.006 0.7 0.007 0.224 0.007 0.004 0.008
0.015 0.015 0.033 0.221 0.036 0.211 0.138 0.256 0.012 0.011 0.053
0.004 0.004 0.003 0.005 0.005 0.953 0.004 0.006 0.006 0.005 0.004
0.005 0.006 0.004 0.027 0.013 0.874 0.011 0.037 0.007 0.01 0.006
0.01 0.004 0.008 0.007 0.009 0.469 0.012 0.238 0.198 0.034 0.009
0.006 0.006 0.004 0.008 0.005 0.892 0.022 0.024 0.016 0.009 0.008
0.007 0.05 0.005 0.024 0.033 0.72 0.088 0.016 0.024 0.006 0.026
0.004 0.011 0.007 0.005 0.011 0.931 0.005 0.008 0.008 0.004 0.005
0.004 0.003 0.003 0.007 0.004 0.96 0.004 0.004 0.004 0.004 0.004
0.043 0.019 0.026 0.094 0.027 0.612 0.026 0.032 0.061 0.031 0.028
0.01 0.005 0.005 0.01 0.008 0.903 0.007 0.024 0.006 0.014 0.008
0.007 0.006 0.006 0.025 0.006 0.614 0.019 0.01 0.269 0.007 0.031
0.003 0.004 0.004 0.004 0.003 0.954 0.004 0.005 0.008 0.005 0.004
0.182 0.181 0.011 0.068 0.061 0.085 0.034 0.239 0.008 0.007 0.123
0.003 0.004 0.004 0.005 0.005 0.944 0.014 0.007 0.004 0.007 0.005
0.004 0.004 0.003 0.013 0.005 0.939 0.004 0.011 0.007 0.004 0.006
0.004 0.009 0.018 0.008 0.009 0.893 0.015 0.006 0.025 0.008 0.006
0.005 0.004 0.005 0.007 0.006 0.936 0.008 0.009 0.006 0.008 0.006
0.003 0.003 0.004 0.004 0.003 0.96 0.006 0.004 0.004 0.004 0.004
0.007 0.028 0.009 0.039 0.214 0.103 0.31 0.257 0.005 0.009 0.018
0.009 0.007 0.028 0.08 0.019 0.043 0.025 0.012 0.005 0.008 0.766
0.008 0.136 0.014 0.322 0.006 0.004 0.027 0.008 0.006 0.034 0.434
0.005 0.011 0.006 0.381 0.005 0.005 0.007 0.004 0.005 0.007 0.564
0.007 0.022 0.027 0.313 0.01 0.022 0.394 0.098 0.03 0.032 0.045
0.015 0.53 0.008 0.24 0.009 0.006 0.082 0.01 0.015 0.012 0.072
0.004 0.018 0.034 0.172 0.007 0.004 0.026 0.008 0.005 0.007 0.715
0.01 0.029 0.014 0.082 0.014 0.004 0.008 0.007 0.004 0.039 0.79
0.009 0.121 0.008 0.158 0.017 0.009 0.076 0.022 0.008 0.019 0.553
0.006 0.011 0.011 0.071 0.007 0.018 0.015 0.015 0.044 0.012 0.79
0.006 0.051 0.008 0.01 0.007 0.005 0.015 0.005 0.012 0.008 0.875
0.005 0.033 0.027 0.094 0.011 0.006 0.008 0.05 0.021 0.012 0.733
0.005 0.008 0.01 0.008 0.006 0.003 0.005 0.004 0.005 0.011 0.936
0.07 0.02 0.005 0.024 0.528 0.01 0.023 0.013 0.006 0.016 0.285
0.017 0.007 0.008 0.011 0.006 0.018 0.065 0.01 0.004 0.289 0.565
0.006 0.041 0.375 0.446 0.034 0.006 0.006 0.02 0.035 0.022 0.008
0.005 0.035 0.222 0.015 0.011 0.007 0.006 0.453 0.006 0.194 0.046
0.005 0.009 0.824 0.01 0.013 0.013 0.017 0.089 0.009 0.005 0.007
0.005 0.344 0.117 0.065 0.054 0.005 0.007 0.062 0.009 0.191 0.141
0.005 0.084 0.589 0.192 0.014 0.003 0.007 0.015 0.008 0.028 0.055
0.333 0.009 0.461 0.02 0.032 0.018 0.024 0.008 0.016 0.06 0.018
0.005 0.007 0.005 0.009 0.944 0.005 0.004 0.007 0.006 0.005 0.005
0.004 0.016 0.004 0.008 0.932 0.004 0.009 0.008 0.004 0.006 0.005
0.197 0.005 0.006 0.006 0.748 0.004 0.009 0.004 0.006 0.01 0.008
0.006 0.007 0.941 0.008 0.005 0.004 0.006 0.005 0.009 0.004 0.005
0.014 0.007 0.325 0.025 0.586 0.006 0.006 0.008 0.009 0.007 0.007
0.003 0.082 0.842 0.008 0.013 0.003 0.01 0.012 0.011 0.007 0.009
0.004 0.005 0.019 0.008 0.91 0.006 0.022 0.006 0.004 0.006 0.011
0.006 0.005 0.909 0.007 0.017 0.006 0.006 0.007 0.023 0.007 0.007
0.009 0.016 0.905 0.008 0.011 0.003 0.009 0.006 0.007 0.015 0.011
0.004 0.027 0.033 0.011 0.614 0.005 0.041 0.01 0.017 0.01 0.228
0.004 0.013 0.005 0.004 0.936 0.005 0.013 0.007 0.004 0.004 0.005
0.006 0.007 0.138 0.009 0.752 0.012 0.029 0.008 0.013 0.014 0.011
0.003 0.012 0.914 0.007 0.004 0.004 0.007 0.011 0.01 0.017 0.013
0.009 0.321 0.482 0.026 0.041 0.007 0.03 0.026 0.009 0.006 0.044
0.004 0.022 0.672 0.012 0.085 0.006 0.085 0.008 0.012 0.007 0.087
0.01 0.286 0.345 0.005 0.238 0.004 0.022 0.01 0.029 0.025 0.026
0.015 0.011 0.327 0.006 0.528 0.006 0.006 0.004 0.079 0.009 0.008
0.023 0.01 0.87 0.018 0.017 0.005 0.004 0.007 0.012 0.021 0.012
0.007 0.732 0.074 0.021 0.037 0.005 0.01 0.018 0.005 0.07 0.021
0.006 0.755 0.01 0.125 0.01 0.009 0.005 0.03 0.011 0.011 0.028
0.054 0.012 0.007 0.007 0.481 0.077 0.011 0.009 0.013 0.32 0.009
0.01 0.02 0.006 0.005 0.018 0.043 0.005 0.006 0.007 0.874 0.007
0.206 0.117 0.032 0.01 0.023 0.006 0.01 0.011 0.008 0.108 0.468
0.007 0.892 0.004 0.013 0.01 0.017 0.007 0.006 0.004 0.01 0.03
0.01 0.379 0.005 0.005 0.013 0.027 0.008 0.007 0.009 0.529 0.007
0.423 0.484 0.007 0.007 0.014 0.009 0.025 0.006 0.006 0.013 0.007
0.004 0.952 0.005 0.005 0.005 0.005 0.007 0.004 0.004 0.005 0.004
0.014 0.043 0.012 0.018 0.02 0.017 0.009 0.006 0.009 0.837 0.016
0.006 0.731 0.02 0.038 0.008 0.004 0.009 0.038 0.007 0.128 0.011
0.1 0.123 0.069 0.016 0.028 0.018 0.02 0.011 0.009 0.571 0.035
0.013 0.598 0.256 0.005 0.068 0.011 0.012 0.005 0.006 0.011 0.016
0.006 0.901 0.027 0.015 0.005 0.004 0.009 0.005 0.004 0.012 0.011
0.007 0.859 0.011 0.058 0.008 0.004 0.009 0.005 0.005 0.01 0.026
0.003 0.942 0.005 0.007 0.004 0.003 0.006 0.008 0.003 0.013 0.005
0.003 0.957 0.005 0.004 0.003 0.004 0.006 0.004 0.003 0.007 0.004
0.005 0.939 0.007 0.004 0.006 0.007 0.006 0.007 0.007 0.008 0.005
0.008 0.913 0.005 0.012 0.022 0.004 0.006 0.012 0.006 0.006 0.006
0.015 0.904 0.007 0.008 0.013 0.008 0.014 0.009 0.004 0.007 0.009
0.006 0.935 0.006 0.006 0.01 0.005 0.007 0.006 0.004 0.006 0.01
0.005 0.924 0.011 0.016 0.004 0.006 0.01 0.004 0.004 0.009 0.008
0.021 0.297 0.325 0.07 0.052 0.025 0.023 0.038 0.03 0.024 0.094
0.012 0.455 0.436 0.007 0.012 0.004 0.006 0.006 0.01 0.041 0.012
0.003 0.009 0.899 0.025 0.006 0.009 0.008 0.005 0.003 0.017 0.016
0.168 0.011 0.752 0.014 0.009 0.006 0.005 0.008 0.003 0.014 0.011
0.208 0.019 0.274 0.012 0.009 0.018 0.007 0.005 0.004 0.432 0.013
0.316 0.339 0.131 0.032 0.089 0.008 0.015 0.025 0.005 0.018 0.023
0.021 0.707 0.065 0.109 0.007 0.004 0.015 0.008 0.005 0.025 0.034
0.009 0.889 0.026 0.013 0.011 0.009 0.009 0.01 0.009 0.007 0.007
0.022 0.788 0.012 0.013 0.034 0.013 0.057 0.031 0.007 0.015 0.008
0.014 0.804 0.02 0.058 0.027 0.005 0.021 0.011 0.004 0.01 0.027
0.004 0.006 0.006 0.005 0.007 0.004 0.004 0.006 0.003 0.951 0.004
0.004 0.006 0.006 0.005 0.007 0.004 0.004 0.006 0.003 0.951 0.005
0.004 0.006 0.005 0.005 0.007 0.004 0.004 0.006 0.003 0.951 0.005
0.006 0.098 0.041 0.073 0.009 0.012 0.01 0.01 0.005 0.698 0.038
0.004 0.401 0.022 0.006 0.007 0.01 0.01 0.005 0.006 0.522 0.007
0.568 0.023 0.019 0.007 0.03 0.009 0.009 0.011 0.005 0.309 0.01
0.011 0.701 0.174 0.009 0.024 0.011 0.014 0.006 0.006 0.026 0.019
0.315 0.017 0.44 0.063 0.008 0.047 0.008 0.03 0.035 0.014 0.024
0.011 0.542 0.013 0.025 0.317 0.008 0.018 0.02 0.01 0.021 0.015
0.026 0.643 0.029 0.098 0.037 0.017 0.013 0.017 0.005 0.066 0.05
0.008 0.012 0.012 0.029 0.032 0.015 0.007 0.01 0.009 0.857 0.008
0.02 0.034 0.027 0.353 0.424 0.027 0.006 0.017 0.027 0.05 0.014
0.004 0.016 0.015 0.016 0.007 0.004 0.004 0.005 0.003 0.919 0.006
0.011 0.029 0.758 0.009 0.109 0.008 0.011 0.014 0.01 0.017 0.024
0.004 0.017 0.014 0.016 0.007 0.004 0.004 0.006 0.003 0.92 0.005
0.012 0.134 0.015 0.011 0.026 0.007 0.455 0.132 0.007 0.068 0.135
0.005 0.011 0.01 0.013 0.007 0.031 0.045 0.043 0.019 0.797 0.019
0.016 0.104 0.01 0.128 0.484 0.029 0.141 0.023 0.006 0.016 0.044
0.011 0.027 0.008 0.01 0.096 0.101 0.53 0.01 0.021 0.175 0.012
0.013 0.059 0.01 0.019 0.024 0.018 0.319 0.011 0.024 0.008 0.496
0.004 0.053 0.011 0.017 0.029 0.005 0.808 0.006 0.037 0.01 0.019
0.013 0.128 0.017 0.083 0.023 0.026 0.176 0.108 0.115 0.009 0.301
0.014 0.023 0.056 0.048 0.01 0.007 0.565 0.061 0.052 0.062 0.101
0.013 0.008 0.008 0.063 0.112 0.106 0.278 0.014 0.009 0.327 0.061
0.011 0.014 0.01 0.007 0.099 0.01 0.75 0.011 0.013 0.045 0.03
0.017 0.062 0.009 0.012 0.271 0.175 0.216 0.009 0.007 0.206 0.017
0.023 0.009 0.005 0.126 0.608 0.017 0.118 0.006 0.032 0.009 0.048
0.01 0.006 0.005 0.056 0.372 0.018 0.438 0.063 0.012 0.006 0.014
0.009 0.004 0.004 0.035 0.033 0.033 0.021 0.837 0.006 0.007 0.011
0.02 0.045 0.011 0.005 0.006 0.01 0.072 0.763 0.008 0.005 0.055
0.205 0.006 0.007 0.009 0.004 0.005 0.013 0.723 0.009 0.007 0.014
0.067 0.519 0.008 0.012 0.01 0.014 0.176 0.032 0.014 0.019 0.129
0.007 0.004 0.004 0.008 0.005 0.009 0.007 0.938 0.009 0.006 0.005
0.008 0.007 0.004 0.043 0.021 0.646 0.015 0.226 0.008 0.013 0.009
0.22 0.007 0.005 0.006 0.007 0.248 0.111 0.323 0.011 0.046 0.015
0.01 0.004 0.006 0.013 0.005 0.026 0.012 0.9 0.007 0.008 0.008
0.035 0.01 0.005 0.012 0.009 0.007 0.069 0.764 0.013 0.006 0.069
0.1 0.005 0.007 0.009 0.015 0.219 0.167 0.412 0.004 0.037 0.026
0.161 0.005 0.005 0.006 0.007 0.719 0.032 0.043 0.009 0.008 0.006
0.009 0.007 0.011 0.014 0.016 0.005 0.01 0.014 0.007 0.007 0.901
