0.926 0.007 0.009 0.012 0.011 0.007 0.007 0.01 0.011
0.934 0.009 0.006 0.004 0.007 0.01 0.01 0.01 0.009
0.847 0.052 0.027 0.005 0.007 0.005 0.016 0.008 0.034
0.66 0.005 0.112 0.008 0.005 0.042 0.009 0.155 0.005
0.845 0.011 0.035 0.007 0.011 0.008 0.032 0.007 0.044
0.731 0.014 0.175 0.01 0.007 0.019 0.015 0.006 0.024
0.116 0.055 0.016 0.007 0.007 0.012 0.457 0.013 0.317
0.706 0.007 0.007 0.004 0.127 0.027 0.012 0.006 0.104
0.246 0.025 0.237 0.005 0.013 0.444 0.015 0.009 0.006
0.439 0.018 0.111 0.005 0.005 0.397 0.011 0.005 0.01
0.877 0.009 0.028 0.007 0.005 0.031 0.031 0.005 0.006
0.926 0.012 0.007 0.008 0.004 0.007 0.007 0.015 0.014
0.881 0.007 0.061 0.007 0.005 0.024 0.006 0.005 0.005
0.201 0.008 0.012 0.006 0.124 0.018 0.214 0.007 0.41
0.731 0.01 0.011 0.014 0.016 0.128 0.02 0.019 0.051
0.937 0.007 0.009 0.012 0.005 0.01 0.01 0.006 0.005
0.354 0.014 0.017 0.024 0.008 0.533 0.025 0.006 0.02
0.779 0.039 0.037 0.01 0.019 0.065 0.041 0.006 0.005
0.711 0.008 0.143 0.012 0.005 0.016 0.01 0.092 0.004
0.045 0.022 0.1 0.012 0.009 0.038 0.019 0.014 0.741
0.583 0.012 0.121 0.005 0.029 0.097 0.039 0.11 0.005
0.912 0.014 0.016 0.022 0.006 0.01 0.005 0.005 0.009
0.782 0.017 0.015 0.09 0.011 0.026 0.03 0.013 0.016
0.948 0.007 0.005 0.006 0.005 0.011 0.007 0.004 0.007
0.014 0.023 0.038 0.592 0.206 0.01 0.014 0.038 0.065
0.004 0.004 0.004 0.809 0.132 0.003 0.004 0.004 0.036
0.007 0.007 0.04 0.481 0.01 0.005 0.007 0.427 0.016
0.031 0.015 0.083 0.474 0.165 0.084 0.012 0.007 0.129
0.05 0.03 0.009 0.864 0.008 0.011 0.011 0.011 0.007
0.005 0.005 0.01 0.805 0.057 0.005 0.007 0.009 0.099
0.005 0.004 0.003 0.971 0.003 0.003 0.004 0.004 0.004
0.007 0.01 0.006 0.919 0.005 0.006 0.006 0.01 0.029
0.013 0.02 0.023 0.445 0.437 0.008 0.008 0.008 0.038
0.009 0.011 0.009 0.914 0.018 0.01 0.012 0.009 0.007
0.023 0.101 0.025 0.637 0.04 0.03 0.086 0.031 0.027
0.024 0.022 0.075 0.057 0.008 0.011 0.008 0.02 0.775
0.004 0.005 0.005 0.964 0.003 0.003 0.005 0.004 0.007
0.008 0.034 0.024 0.896 0.006 0.006 0.006 0.015 0.005
0.035 0.019 0.008 0.794 0.008 0.086 0.009 0.024 0.017
0.008 0.007 0.006 0.945 0.006 0.007 0.01 0.005 0.006
0.202 0.022 0.047 0.362 0.007 0.01 0.278 0.053 0.018
0.053 0.006 0.297 0.59 0.005 0.004 0.005 0.007 0.034
0.009 0.016 0.008 0.613 0.006 0.011 0.006 0.276 0.056
0.008 0.006 0.018 0.909 0.005 0.034 0.01 0.005 0.005
0.009 0.006 0.156 0.76 0.004 0.031 0.01 0.006 0.018
0.008 0.006 0.019 0.908 0.005 0.034 0.01 0.005 0.005
0.004 0.005 0.005 0.964 0.003 0.003 0.005 0.004 0.006
0.004 0.005 0.005 0.964 0.003 0.003 0.005 0.004 0.006
0.005 0.932 0.007 0.006 0.012 0.014 0.01 0.009 0.004
0.022 0.033 0.401 0.004 0.252 0.112 0.162 0.01 0.004
0.008 0.329 0.018 0.114 0.042 0.008 0.406 0.04 0.035
0.032 0.049 0.008 0.005 0.865 0.005 0.009 0.02 0.005
0.006 0.049 0.009 0.005 0.015 0.02 0.015 0.875 0.006
0.008 0.295 0.008 0.014 0.624 0.03 0.009 0.008 0.004
0.046 0.549 0.011 0.026 0.306 0.023 0.022 0.01 0.007
0.007 0.015 0.016 0.006 0.912 0.011 0.006 0.015 0.011
0.008 0.02 0.017 0.006 0.905 0.012 0.006 0.016 0.011
0.019 0.728 0.025 0.007 0.006 0.137 0.012 0.06 0.006
0.066 0.135 0.02 0.012 0.18 0.051 0.068 0.464 0.004
0.019 0.915 0.013 0.013 0.009 0.006 0.009 0.011 0.006
0.008 0.019 0.005 0.005 0.935 0.006 0.009 0.007 0.006
0.106 0.195 0.014 0.028 0.072 0.027 0.431 0.113 0.014
0.006 0.151 0.049 0.01 0.097 0.611 0.064 0.007 0.005
0.007 0.534 0.011 0.009 0.381 0.018 0.008 0.011 0.022
0.006 0.412 0.028 0.007 0.453 0.006 0.009 0.038 0.041
0.007 0.007 0.008 0.005 0.007 0.008 0.005 0.949 0.004
0.007 0.011 0.005 0.003 0.006 0.005 0.004 0.955 0.004
0.003 0.004 0.004 0.004 0.004 0.004 0.004 0.969 0.003
0.004 0.005 0.005 0.004 0.004 0.004 0.005 0.966 0.004
0.01 0.901 0.004 0.003 0.013 0.03 0.009 0.026 0.005
0.008 0.8 0.012 0.011 0.093 0.032 0.025 0.011 0.008
0.053 0.369 0.033 0.006 0.013 0.008 0.057 0.455 0.007
0.113 0.02 0.233 0.023 0.491 0.009 0.012 0.01 0.09
0.011 0.007 0.848 0.009 0.005 0.014 0.018 0.005 0.084
0.022 0.028 0.793 0.026 0.036 0.03 0.03 0.01 0.024
0.012 0.046 0.718 0.007 0.016 0.15 0.02 0.007 0.024
0.029 0.796 0.024 0.004 0.037 0.029 0.054 0.016 0.013
0.485 0.232 0.024 0.054 0.037 0.008 0.032 0.117 0.011
0.128 0.127 0.341 0.013 0.01 0.239 0.017 0.113 0.01
0.043 0.436 0.148 0.026 0.019 0.008 0.019 0.29 0.012
0.037 0.227 0.659 0.008 0.011 0.007 0.011 0.023 0.017
0.004 0.004 0.966 0.005 0.003 0.005 0.004 0.004 0.005
0.01 0.006 0.734 0.006 0.006 0.005 0.011 0.008 0.214
0.068 0.04 0.725 0.033 0.006 0.03 0.012 0.011 0.076
0.009 0.009 0.876 0.007 0.005 0.016 0.005 0.055 0.018
0.057 0.722 0.033 0.079 0.005 0.014 0.06 0.014 0.014
0.047 0.565 0.071 0.204 0.008 0.027 0.053 0.008 0.016
0.006 0.009 0.955 0.007 0.005 0.004 0.005 0.004 0.006
0.026 0.322 0.16 0.015 0.027 0.386 0.015 0.01 0.038
0.02 0.14 0.042 0.03 0.021 0.006 0.021 0.676 0.044
0.018 0.013 0.908 0.007 0.005 0.027 0.005 0.009 0.007
0.005 0.08 0.858 0.005 0.005 0.023 0.006 0.009 0.008
0.011 0.106 0.289 0.008 0.055 0.041 0.014 0.019 0.457
0.008 0.008 0.941 0.007 0.005 0.006 0.005 0.012 0.009
0.076 0.01 0.836 0.006 0.009 0.028 0.012 0.015 0.007
0.022 0.014 0.906 0.013 0.005 0.012 0.007 0.012 0.009
0.006 0.759 0.097 0.013 0.007 0.013 0.016 0.007 0.083
0.017 0.74 0.026 0.018 0.008 0.022 0.027 0.044 0.097
0.014 0.921 0.006 0.009 0.007 0.005 0.018 0.009 0.009
0.006 0.93 0.016 0.005 0.008 0.007 0.007 0.013 0.007
0.007 0.015 0.009 0.01 0.006 0.01 0.008 0.9 0.036
0.01 0.842 0.014 0.014 0.008 0.008 0.008 0.071 0.025
0.01 0.755 0.007 0.051 0.005 0.006 0.141 0.018 0.008
0.019 0.594 0.017 0.009 0.005 0.009 0.329 0.008 0.011
0.016 0.051 0.834 0.009 0.006 0.012 0.009 0.056 0.007
0.007 0.836 0.048 0.009 0.017 0.01 0.009 0.053 0.012
0.022 0.842 0.039 0.017 0.011 0.005 0.037 0.01 0.017
0.06 0.045 0.046 0.248 0.022 0.269 0.249 0.027 0.034
0.011 0.022 0.87 0.008 0.015 0.037 0.022 0.009 0.006
0.045 0.476 0.213 0.008 0.008 0.05 0.053 0.067 0.081
0.064 0.73 0.057 0.055 0.009 0.007 0.022 0.037 0.019
0.019 0.055 0.034 0.04 0.007 0.008 0.008 0.812 0.017
0.009 0.305 0.578 0.008 0.008 0.034 0.026 0.018 0.014
0.041 0.797 0.044 0.014 0.012 0.02 0.038 0.025 0.009
0.027 0.384 0.081 0.008 0.032 0.011 0.007 0.018 0.432
0.06 0.469 0.019 0.037 0.008 0.048 0.043 0.302 0.014
0.016 0.451 0.025 0.044 0.112 0.025 0.055 0.021 0.251
0.016 0.734 0.134 0.031 0.005 0.008 0.007 0.054 0.012
0.006 0.025 0.903 0.016 0.008 0.015 0.009 0.011 0.006
0.017 0.335 0.573 0.016 0.01 0.022 0.01 0.012 0.006
0.01 0.13 0.069 0.015 0.106 0.033 0.021 0.029 0.587
0.018 0.05 0.058 0.117 0.009 0.013 0.09 0.067 0.577
0.023 0.021 0.015 0.239 0.268 0.022 0.131 0.01 0.27
0.123 0.03 0.311 0.042 0.016 0.114 0.169 0.018 0.177
0.929 0.01 0.011 0.008 0.016 0.007 0.005 0.007 0.008
0.559 0.015 0.25 0.009 0.008 0.008 0.013 0.011 0.129
0.213 0.033 0.02 0.018 0.044 0.018 0.023 0.106 0.526
0.309 0.383 0.018 0.039 0.032 0.012 0.012 0.012 0.183
0.587 0.016 0.235 0.014 0.005 0.024 0.017 0.045 0.058
0.052 0.815 0.026 0.011 0.011 0.022 0.009 0.015 0.04
0.178 0.009 0.699 0.013 0.018 0.008 0.008 0.005 0.063
0.037 0.014 0.079 0.009 0.023 0.004 0.006 0.012 0.816
0.946 0.004 0.008 0.006 0.004 0.006 0.004 0.004 0.019
0.027 0.064 0.009 0.012 0.009 0.007 0.01 0.013 0.85
0.472 0.045 0.019 0.055 0.012 0.032 0.009 0.017 0.339
0.875 0.009 0.007 0.008 0.006 0.006 0.006 0.005 0.078
0.874 0.025 0.014 0.027 0.011 0.008 0.019 0.012 0.01
0.89 0.017 0.01 0.011 0.009 0.005 0.01 0.01 0.037
0.917 0.02 0.01 0.018 0.008 0.007 0.006 0.007 0.006
0.582 0.014 0.322 0.02 0.006 0.017 0.015 0.01 0.013
0.309 0.048 0.159 0.02 0.013 0.009 0.009 0.007 0.426
0.111 0.011 0.022 0.009 0.006 0.007 0.011 0.009 0.813
0.402 0.013 0.424 0.005 0.009 0.024 0.038 0.02 0.065
0.287 0.022 0.13 0.013 0.017 0.026 0.028 0.342 0.135
0.005 0.013 0.023 0.004 0.02 0.008 0.009 0.028 0.889
0.04 0.049 0.05 0.06 0.008 0.011 0.156 0.01 0.616
0.044 0.02 0.231 0.013 0.013 0.034 0.011 0.021 0.612
0.183 0.062 0.14 0.021 0.036 0.031 0.099 0.053 0.376
0.215 0.008 0.009 0.007 0.004 0.006 0.008 0.009 0.734
0.172 0.078 0.253 0.011 0.011 0.017 0.037 0.053 0.368
0.006 0.004 0.005 0.006 0.005 0.004 0.004 0.004 0.961
0.032 0.01 0.012 0.007 0.008 0.006 0.005 0.005 0.915
0.221 0.008 0.013 0.21 0.035 0.005 0.011 0.01 0.488
0.018 0.008 0.019 0.016 0.009 0.006 0.005 0.007 0.913
0.017 0.029 0.101 0.023 0.007 0.049 0.013 0.008 0.754
0.013 0.005 0.006 0.009 0.005 0.014 0.006 0.005 0.938
0.004 0.004 0.004 0.004 0.004 0.003 0.003 0.004 0.97
0.037 0.045 0.028 0.068 0.033 0.021 0.033 0.054 0.681
0.016 0.008 0.007 0.006 0.013 0.005 0.006 0.008 0.931
0.011 0.036 0.02 0.258 0.008 0.006 0.008 0.009 0.645
0.005 0.004 0.005 0.008 0.006 0.004 0.004 0.004 0.96
0.266 0.096 0.059 0.008 0.008 0.186 0.015 0.268 0.093
0.007 0.004 0.011 0.004 0.007 0.004 0.004 0.004 0.956
0.01 0.006 0.005 0.007 0.004 0.004 0.004 0.004 0.956
0.007 0.007 0.014 0.02 0.008 0.009 0.012 0.005 0.918
0.009 0.006 0.007 0.006 0.009 0.004 0.005 0.005 0.948
0.004 0.004 0.006 0.004 0.004 0.004 0.004 0.003 0.967
0.224 0.026 0.498 0.005 0.011 0.038 0.045 0.01 0.142
0.015 0.803 0.039 0.006 0.012 0.007 0.063 0.009 0.045
0.008 0.802 0.026 0.006 0.035 0.099 0.011 0.009 0.004
0.004 0.956 0.007 0.005 0.006 0.007 0.005 0.005 0.005
0.123 0.204 0.488 0.044 0.041 0.027 0.027 0.01 0.037
0.012 0.188 0.102 0.019 0.013 0.582 0.008 0.07 0.007
0.008 0.902 0.027 0.005 0.007 0.019 0.023 0.005 0.004
0.006 0.871 0.011 0.004 0.036 0.03 0.024 0.014 0.004
0.021 0.735 0.078 0.008 0.019 0.11 0.011 0.01 0.009
0.01 0.893 0.011 0.03 0.018 0.01 0.011 0.006 0.011
0.005 0.768 0.034 0.028 0.023 0.119 0.01 0.008 0.006
0.021 0.879 0.008 0.017 0.011 0.027 0.025 0.006 0.006
0.004 0.935 0.006 0.006 0.016 0.01 0.013 0.007 0.004
0.231 0.281 0.174 0.005 0.019 0.015 0.013 0.252 0.008
0.014 0.406 0.118 0.004 0.381 0.009 0.01 0.039 0.018
0.039 0.075 0.01 0.056 0.036 0.089 0.678 0.008 0.008
0.629 0.02 0.006 0.006 0.245 0.031 0.05 0.007 0.007
0.24 0.018 0.021 0.033 0.008 0.052 0.612 0.008 0.008
0.107 0.156 0.009 0.009 0.239 0.383 0.086 0.006 0.005
0.018 0.131 0.008 0.01 0.043 0.189 0.59 0.007 0.004
0.009 0.018 0.019 0.025 0.083 0.013 0.481 0.333 0.019
0.024 0.014 0.01 0.008 0.009 0.033 0.883 0.012 0.007
0.025 0.022 0.062 0.006 0.039 0.177 0.646 0.015 0.008
0.005 0.009 0.016 0.007 0.012 0.006 0.609 0.331 0.005
0.007 0.01 0.01 0.02 0.007 0.046 0.886 0.01 0.004
0.01 0.008 0.007 0.007 0.008 0.008 0.929 0.017 0.007
0.01 0.009 0.007 0.012 0.01 0.065 0.88 0.004 0.004
0.007 0.007 0.033 0.004 0.006 0.005 0.925 0.007 0.006
0.006 0.006 0.005 0.019 0.007 0.005 0.943 0.005 0.005
0.008 0.014 0.009 0.007 0.036 0.016 0.897 0.008 0.004
0.014 0.078 0.106 0.019 0.022 0.049 0.699 0.006 0.006
0.015 0.008 0.063 0.005 0.007 0.049 0.834 0.01 0.008
0.007 0.008 0.021 0.011 0.018 0.012 0.904 0.006 0.013
0.034 0.021 0.008 0.019 0.141 0.052 0.714 0.005 0.005
0.033 0.037 0.018 0.006 0.008 0.24 0.643 0.008 0.006
0.006 0.024 0.038 0.007 0.007 0.016 0.893 0.004 0.006
0.008 0.007 0.017 0.015 0.013 0.138 0.791 0.007 0.004
0.004 0.007 0.009 0.018 0.009 0.012 0.914 0.021 0.007
0.006 0.013 0.004 0.011 0.021 0.01 0.918 0.012 0.004
0.017 0.023 0.013 0.005 0.051 0.756 0.12 0.009 0.006
0.031 0.079 0.005 0.012 0.018 0.822 0.014 0.007 0.011
0.019 0.01 0.016 0.021 0.304 0.021 0.391 0.087 0.131
0.007 0.006 0.005 0.008 0.882 0.019 0.011 0.01 0.053
0.016 0.181 0.019 0.013 0.237 0.163 0.101 0.262 0.007
0.006 0.026 0.007 0.004 0.01 0.919 0.007 0.006 0.015
0.008 0.006 0.011 0.01 0.534 0.378 0.01 0.011 0.032
0.007 0.006 0.028 0.006 0.012 0.483 0.016 0.433 0.009
0.004 0.005 0.008 0.005 0.005 0.959 0.005 0.005 0.005
0.006 0.013 0.01 0.009 0.863 0.043 0.023 0.014 0.02
0.047 0.02 0.01 0.008 0.112 0.776 0.017 0.007 0.004
0.01 0.025 0.019 0.01 0.654 0.161 0.054 0.05 0.017
0.005 0.008 0.01 0.006 0.013 0.696 0.244 0.009 0.009
0.006 0.008 0.009 0.004 0.022 0.917 0.013 0.017 0.004
0.005 0.029 0.01 0.005 0.013 0.899 0.01 0.026 0.004
0.009 0.006 0.007 0.003 0.014 0.949 0.005 0.004 0.004
0.004 0.004 0.006 0.003 0.007 0.964 0.004 0.004 0.004
0.007 0.005 0.007 0.007 0.009 0.945 0.007 0.006 0.007
0.013 0.008 0.007 0.006 0.006 0.936 0.013 0.008 0.004
0.01 0.009 0.015 0.004 0.007 0.922 0.009 0.015 0.008
0.006 0.008 0.007 0.004 0.007 0.948 0.007 0.007 0.005
0.004 0.01 0.01 0.004 0.01 0.942 0.007 0.005 0.007
0.038 0.052 0.018 0.026 0.019 0.5 0.3 0.019 0.029
0.011 0.011 0.006 0.022 0.049 0.593 0.294 0.009 0.004
0.01 0.027 0.016 0.004 0.237 0.108 0.572 0.004 0.023
0.011 0.017 0.009 0.003 0.176 0.079 0.518 0.172 0.016
0.005 0.02 0.009 0.006 0.535 0.029 0.157 0.225 0.015
0.029 0.026 0.016 0.005 0.021 0.285 0.231 0.379 0.008
0.012 0.086 0.016 0.005 0.036 0.795 0.018 0.027 0.006
0.011 0.01 0.01 0.011 0.008 0.903 0.026 0.01 0.011
0.034 0.008 0.067 0.007 0.015 0.807 0.027 0.019 0.016
0.011 0.041 0.025 0.004 0.01 0.844 0.043 0.016 0.005
0.006 0.005 0.004 0.003 0.958 0.008 0.007 0.004 0.004
0.006 0.005 0.004 0.003 0.957 0.008 0.007 0.005 0.004
0.006 0.005 0.004 0.003 0.958 0.008 0.007 0.005 0.004
0.011 0.055 0.011 0.005 0.769 0.11 0.019 0.008 0.01
0.006 0.006 0.011 0.006 0.527 0.412 0.018 0.005 0.009
0.012 0.005 0.008 0.005 0.298 0.019 0.019 0.625 0.008
0.006 0.013 0.012 0.005 0.032 0.774 0.139 0.009 0.01
0.09 0.063 0.01 0.094 0.022 0.043 0.246 0.398 0.035
0.022 0.024 0.025 0.011 0.022 0.636 0.234 0.017 0.011
0.016 0.1 0.018 0.006 0.063 0.645 0.106 0.026 0.02
0.011 0.011 0.008 0.009 0.894 0.014 0.026 0.009 0.018
0.023 0.06 0.009 0.041 0.046 0.063 0.675 0.031 0.051
0.006 0.008 0.004 0.004 0.935 0.02 0.013 0.005 0.005
0.017 0.013 0.008 0.018 0.008 0.012 0.91 0.006 0.007
0.006 0.008 0.004 0.004 0.936 0.019 0.013 0.005 0.005
0.114 0.035 0.59 0.007 0.089 0.116 0.026 0.016 0.008
0.043 0.018 0.038 0.019 0.823 0.011 0.009 0.006 0.033
0.03 0.277 0.317 0.006 0.022 0.159 0.132 0.025 0.032
0.011 0.011 0.619 0.021 0.187 0.032 0.016 0.012 0.09
0.01 0.396 0.423 0.027 0.007 0.078 0.022 0.019 0.017
0.007 0.021 0.839 0.039 0.01 0.051 0.023 0.006 0.005
0.109 0.297 0.282 0.121 0.01 0.119 0.016 0.022 0.024
0.071 0.1 0.6 0.053 0.066 0.027 0.051 0.025 0.007
0.016 0.096 0.37 0.009 0.342 0.009 0.016 0.045 0.097
0.011 0.017 0.813 0.015 0.053 0.019 0.049 0.013 0.011
0.01 0.018 0.423 0.007 0.217 0.078 0.053 0.031 0.164
0.095 0.159 0.42 0.014 0.015 0.016 0.017 0.252 0.011
0.184 0.058 0.546 0.009 0.007 0.007 0.008 0.165 0.016
0.809 0.033 0.043 0.007 0.008 0.005 0.012 0.014 0.07
0.59 0.022 0.261 0.011 0.009 0.05 0.012 0.029 0.016
0.662 0.012 0.021 0.012 0.007 0.007 0.007 0.267 0.006
0.031 0.057 0.336 0.015 0.019 0.451 0.012 0.065 0.014
0.935 0.006 0.01 0.013 0.006 0.004 0.005 0.007 0.013
0.146 0.018 0.019 0.009 0.012 0.007 0.008 0.01 0.771
0.224 0.009 0.147 0.011 0.051 0.007 0.006 0.283 0.262
0.811 0.015 0.042 0.008 0.019 0.004 0.007 0.027 0.066
0.558 0.043 0.252 0.015 0.007 0.011 0.008 0.099 0.008
0.302 0.012 0.308 0.004 0.046 0.005 0.012 0.091 0.219
0.024 0.005 0.022 0.009 0.007 0.004 0.005 0.181 0.742
0.017 0.868 0.021 0.007 0.009 0.008 0.045 0.02 0.005
