0.007 0.008 0.05 0.875 0.011 0.006 0.013 0.011 0.008 0.012
0.012 0.015 0.027 0.897 0.01 0.009 0.004 0.01 0.006 0.01
0.005 0.017 0.019 0.841 0.026 0.047 0.005 0.007 0.027 0.007
0.042 0.008 0.021 0.657 0.005 0.005 0.008 0.148 0.101 0.005
0.008 0.034 0.048 0.812 0.035 0.01 0.007 0.006 0.028 0.012
0.023 0.023 0.01 0.755 0.023 0.014 0.01 0.006 0.13 0.007
0.011 0.2 0.398 0.066 0.246 0.043 0.006 0.01 0.013 0.007
0.038 0.015 0.034 0.647 0.106 0.007 0.003 0.005 0.007 0.137
0.46 0.012 0.062 0.181 0.006 0.022 0.005 0.008 0.231 0.012
0.394 0.01 0.01 0.487 0.008 0.016 0.005 0.004 0.061 0.005
0.031 0.043 0.038 0.837 0.006 0.007 0.006 0.005 0.022 0.005
0.008 0.009 0.032 0.886 0.016 0.011 0.009 0.018 0.007 0.005
0.018 0.005 0.007 0.909 0.005 0.006 0.007 0.005 0.032 0.005
0.01 0.258 0.086 0.168 0.348 0.006 0.007 0.006 0.007 0.103
0.181 0.024 0.097 0.542 0.076 0.012 0.016 0.02 0.011 0.021
0.011 0.009 0.023 0.91 0.005 0.007 0.014 0.006 0.009 0.005
0.605 0.022 0.03 0.246 0.024 0.014 0.03 0.006 0.015 0.008
0.056 0.048 0.01 0.783 0.005 0.035 0.009 0.005 0.029 0.02
0.009 0.008 0.732 0.195 0.005 0.007 0.02 0.004 0.015 0.004
0.038 0.017 0.056 0.03 0.722 0.019 0.012 0.011 0.087 0.009
0.05 0.079 0.773 0.028 0.005 0.01 0.005 0.006 0.013 0.031
0.01 0.005 0.007 0.909 0.009 0.014 0.021 0.005 0.015 0.006
0.036 0.046 0.111 0.631 0.016 0.016 0.103 0.011 0.016 0.013
0.011 0.009 0.006 0.942 0.006 0.006 0.006 0.004 0.005 0.005
0.009 0.038 0.011 0.013 0.068 0.019 0.563 0.04 0.054 0.186
0.003 0.005 0.005 0.004 0.037 0.004 0.805 0.004 0.004 0.13
0.005 0.008 0.028 0.006 0.019 0.007 0.488 0.391 0.037 0.012
0.086 0.01 0.013 0.035 0.137 0.014 0.461 0.006 0.088 0.15
0.01 0.008 0.01 0.069 0.006 0.026 0.849 0.009 0.007 0.007
0.004 0.008 0.007 0.005 0.105 0.005 0.799 0.008 0.011 0.049
0.003 0.004 0.004 0.005 0.004 0.004 0.968 0.004 0.003 0.003
0.006 0.006 0.005 0.007 0.027 0.01 0.917 0.01 0.007 0.005
0.007 0.017 0.011 0.012 0.036 0.019 0.441 0.006 0.024 0.428
0.011 0.018 0.009 0.008 0.006 0.01 0.9 0.008 0.01 0.02
0.035 0.084 0.052 0.024 0.026 0.091 0.608 0.021 0.02 0.038
0.011 0.007 0.018 0.025 0.735 0.019 0.061 0.021 0.095 0.008
0.003 0.005 0.004 0.004 0.007 0.005 0.96 0.004 0.005 0.003
0.006 0.005 0.011 0.008 0.005 0.03 0.892 0.012 0.026 0.006
0.094 0.008 0.01 0.036 0.015 0.018 0.78 0.025 0.007 0.008
0.007 0.013 0.006 0.008 0.006 0.007 0.935 0.005 0.007 0.006
0.014 0.144 0.337 0.03 0.02 0.014 0.418 0.008 0.008 0.008
0.004 0.004 0.006 0.056 0.035 0.006 0.582 0.007 0.296 0.004
0.011 0.008 0.013 0.007 0.058 0.015 0.601 0.27 0.01 0.006
0.03 0.008 0.014 0.007 0.005 0.006 0.902 0.005 0.018 0.005
0.03 0.008 0.02 0.012 0.017 0.006 0.77 0.006 0.128 0.004
0.03 0.008 0.014 0.007 0.005 0.006 0.903 0.005 0.017 0.005
0.003 0.005 0.004 0.004 0.007 0.005 0.96 0.004 0.005 0.003
0.003 0.005 0.004 0.004 0.007 0.005 0.959 0.004 0.005 0.003
0.015 0.009 0.006 0.005 0.003 0.929 0.006 0.01 0.007 0.011
0.098 0.179 0.008 0.017 0.004 0.027 0.004 0.009 0.417 0.237
0.008 0.384 0.056 0.008 0.032 0.29 0.098 0.05 0.02 0.054
0.005 0.008 0.013 0.034 0.005 0.048 0.005 0.015 0.008 0.858
0.023 0.014 0.022 0.005 0.006 0.051 0.005 0.849 0.009 0.016
0.028 0.007 0.009 0.008 0.004 0.304 0.014 0.008 0.008 0.61
0.024 0.043 0.102 0.037 0.007 0.399 0.023 0.009 0.012 0.343
0.011 0.005 0.008 0.008 0.01 0.016 0.006 0.014 0.017 0.904
0.012 0.006 0.009 0.009 0.011 0.02 0.006 0.015 0.018 0.895
0.126 0.011 0.01 0.02 0.006 0.746 0.006 0.046 0.023 0.006
0.034 0.196 0.012 0.065 0.004 0.117 0.011 0.404 0.018 0.138
0.006 0.008 0.011 0.02 0.005 0.908 0.012 0.009 0.013 0.009
0.005 0.009 0.007 0.009 0.006 0.02 0.005 0.007 0.005 0.929
0.022 0.44 0.175 0.064 0.015 0.092 0.015 0.106 0.013 0.057
0.607 0.049 0.012 0.007 0.005 0.159 0.01 0.007 0.052 0.093
0.016 0.006 0.015 0.006 0.026 0.549 0.009 0.01 0.009 0.354
0.005 0.008 0.015 0.007 0.048 0.401 0.006 0.041 0.032 0.438
0.007 0.004 0.007 0.007 0.004 0.007 0.005 0.944 0.008 0.007
0.004 0.004 0.005 0.009 0.004 0.013 0.003 0.947 0.005 0.006
0.004 0.003 0.004 0.003 0.003 0.004 0.004 0.967 0.004 0.004
0.004 0.004 0.006 0.004 0.003 0.005 0.004 0.963 0.004 0.004
0.025 0.015 0.004 0.01 0.005 0.9 0.003 0.022 0.004 0.011
0.034 0.034 0.008 0.008 0.007 0.791 0.011 0.01 0.014 0.082
0.009 0.04 0.061 0.082 0.006 0.403 0.006 0.358 0.025 0.011
0.008 0.019 0.063 0.11 0.091 0.018 0.023 0.008 0.184 0.475
0.007 0.028 0.322 0.009 0.022 0.007 0.008 0.005 0.586 0.005
0.028 0.036 0.016 0.022 0.023 0.026 0.025 0.01 0.778 0.037
0.136 0.021 0.012 0.013 0.023 0.039 0.007 0.006 0.729 0.015
0.027 0.033 0.039 0.039 0.012 0.774 0.004 0.017 0.019 0.035
0.008 0.023 0.21 0.373 0.011 0.172 0.055 0.092 0.022 0.035
0.204 0.019 0.256 0.118 0.008 0.111 0.013 0.042 0.219 0.009
0.008 0.014 0.234 0.055 0.012 0.405 0.031 0.137 0.085 0.02
0.006 0.011 0.018 0.038 0.015 0.2 0.008 0.016 0.679 0.01
0.005 0.003 0.008 0.004 0.004 0.004 0.004 0.004 0.961 0.003
0.004 0.016 0.345 0.009 0.098 0.006 0.006 0.008 0.503 0.006
0.024 0.009 0.25 0.071 0.045 0.037 0.029 0.009 0.52 0.006
0.014 0.005 0.008 0.01 0.017 0.008 0.006 0.054 0.872 0.005
0.012 0.127 0.188 0.052 0.014 0.491 0.049 0.015 0.047 0.005
0.019 0.148 0.277 0.025 0.018 0.293 0.11 0.007 0.096 0.008
0.004 0.004 0.006 0.005 0.005 0.008 0.007 0.004 0.952 0.004
0.409 0.015 0.075 0.026 0.038 0.258 0.015 0.007 0.129 0.029
0.006 0.029 0.033 0.023 0.039 0.13 0.027 0.637 0.054 0.021
0.025 0.005 0.009 0.025 0.006 0.011 0.007 0.009 0.897 0.005
0.018 0.005 0.007 0.005 0.007 0.053 0.005 0.008 0.887 0.005
0.039 0.013 0.01 0.011 0.417 0.08 0.008 0.015 0.351 0.056
0.006 0.004 0.008 0.007 0.009 0.008 0.007 0.011 0.935 0.005
0.04 0.01 0.038 0.096 0.007 0.01 0.007 0.015 0.767 0.01
0.013 0.008 0.014 0.024 0.009 0.013 0.014 0.011 0.891 0.005
0.013 0.015 0.015 0.006 0.078 0.684 0.012 0.007 0.164 0.007
0.02 0.026 0.019 0.02 0.094 0.718 0.019 0.047 0.03 0.008
0.005 0.014 0.009 0.014 0.009 0.917 0.009 0.01 0.006 0.007
0.007 0.01 0.01 0.007 0.007 0.909 0.005 0.011 0.028 0.008
0.01 0.008 0.014 0.007 0.034 0.015 0.009 0.889 0.009 0.006
0.008 0.007 0.078 0.01 0.026 0.793 0.015 0.04 0.015 0.008
0.006 0.152 0.006 0.011 0.008 0.739 0.046 0.022 0.007 0.005
0.009 0.166 0.148 0.016 0.009 0.615 0.01 0.007 0.016 0.005
0.013 0.009 0.029 0.017 0.007 0.04 0.01 0.033 0.835 0.007
0.011 0.008 0.086 0.007 0.012 0.782 0.009 0.018 0.049 0.018
0.005 0.033 0.124 0.023 0.016 0.711 0.018 0.007 0.051 0.011
0.083 0.315 0.351 0.022 0.019 0.023 0.122 0.02 0.028 0.016
0.035 0.017 0.029 0.011 0.006 0.021 0.008 0.009 0.851 0.013
0.024 0.044 0.174 0.039 0.044 0.424 0.008 0.08 0.156 0.007
0.006 0.017 0.053 0.074 0.017 0.671 0.057 0.033 0.063 0.008
0.008 0.01 0.014 0.02 0.016 0.052 0.044 0.786 0.043 0.006
0.031 0.021 0.052 0.01 0.014 0.272 0.008 0.012 0.571 0.008
0.017 0.029 0.101 0.031 0.009 0.747 0.013 0.01 0.031 0.012
0.012 0.006 0.008 0.028 0.405 0.353 0.007 0.019 0.132 0.03
0.051 0.036 0.022 0.058 0.013 0.462 0.037 0.295 0.018 0.008
0.024 0.055 0.051 0.015 0.259 0.411 0.041 0.017 0.022 0.105
0.008 0.007 0.019 0.021 0.011 0.647 0.03 0.048 0.203 0.005
0.016 0.008 0.05 0.006 0.006 0.019 0.013 0.009 0.865 0.008
0.018 0.008 0.014 0.015 0.006 0.254 0.014 0.011 0.653 0.008
0.028 0.053 0.012 0.011 0.539 0.114 0.014 0.028 0.101 0.099
0.012 0.112 0.006 0.022 0.551 0.047 0.098 0.075 0.067 0.008
0.019 0.224 0.006 0.027 0.309 0.019 0.174 0.009 0.012 0.2
0.035 0.184 0.388 0.12 0.067 0.018 0.034 0.011 0.134 0.009
0.007 0.005 0.011 0.92 0.007 0.01 0.008 0.007 0.01 0.015
0.007 0.014 0.008 0.658 0.111 0.013 0.008 0.008 0.165 0.007
0.01 0.038 0.228 0.218 0.34 0.024 0.026 0.068 0.015 0.032
0.012 0.016 0.018 0.342 0.176 0.338 0.035 0.012 0.019 0.031
0.02 0.013 0.011 0.706 0.036 0.013 0.012 0.036 0.147 0.005
0.022 0.008 0.012 0.062 0.039 0.795 0.011 0.014 0.026 0.011
0.007 0.011 0.008 0.176 0.066 0.008 0.014 0.004 0.689 0.016
0.004 0.005 0.009 0.057 0.773 0.014 0.009 0.012 0.093 0.024
0.006 0.004 0.005 0.94 0.02 0.005 0.006 0.003 0.007 0.004
0.007 0.017 0.01 0.028 0.825 0.072 0.011 0.013 0.008 0.009
0.028 0.008 0.014 0.588 0.228 0.042 0.051 0.014 0.017 0.01
0.006 0.005 0.011 0.891 0.053 0.008 0.008 0.005 0.007 0.007
0.007 0.034 0.016 0.863 0.008 0.019 0.023 0.01 0.011 0.009
0.005 0.008 0.01 0.903 0.028 0.014 0.01 0.008 0.007 0.008
0.006 0.006 0.008 0.922 0.005 0.017 0.014 0.006 0.008 0.008
0.017 0.01 0.028 0.768 0.009 0.014 0.018 0.009 0.12 0.006
0.01 0.008 0.014 0.443 0.365 0.044 0.017 0.006 0.082 0.012
0.006 0.012 0.09 0.219 0.621 0.011 0.01 0.008 0.017 0.006
0.015 0.028 0.149 0.564 0.034 0.013 0.005 0.018 0.167 0.008
0.026 0.021 0.028 0.374 0.113 0.024 0.012 0.313 0.072 0.017
0.008 0.007 0.016 0.004 0.885 0.011 0.004 0.025 0.022 0.018
0.01 0.076 0.12 0.037 0.601 0.032 0.057 0.009 0.049 0.008
0.034 0.008 0.042 0.053 0.597 0.018 0.013 0.017 0.206 0.012
0.028 0.076 0.125 0.158 0.337 0.053 0.02 0.043 0.125 0.034
0.006 0.009 0.008 0.226 0.717 0.008 0.007 0.008 0.008 0.004
0.016 0.036 0.067 0.258 0.316 0.076 0.012 0.03 0.177 0.011
0.004 0.004 0.005 0.007 0.956 0.005 0.006 0.004 0.005 0.005
0.006 0.005 0.011 0.033 0.903 0.01 0.007 0.005 0.011 0.009
0.005 0.009 0.029 0.231 0.48 0.007 0.188 0.01 0.012 0.03
0.006 0.004 0.009 0.022 0.901 0.008 0.017 0.006 0.018 0.008
0.049 0.01 0.028 0.017 0.735 0.026 0.024 0.007 0.099 0.006
0.011 0.006 0.045 0.008 0.904 0.004 0.008 0.004 0.005 0.005
0.003 0.003 0.004 0.004 0.966 0.004 0.004 0.004 0.004 0.004
0.02 0.029 0.035 0.036 0.661 0.041 0.063 0.057 0.026 0.032
0.005 0.005 0.01 0.022 0.914 0.01 0.006 0.009 0.007 0.013
0.006 0.007 0.009 0.01 0.629 0.038 0.265 0.008 0.021 0.008
0.004 0.004 0.004 0.005 0.957 0.004 0.008 0.003 0.004 0.005
0.161 0.011 0.253 0.168 0.076 0.076 0.008 0.202 0.038 0.008
0.004 0.004 0.006 0.007 0.951 0.004 0.004 0.003 0.011 0.006
0.004 0.004 0.006 0.011 0.949 0.007 0.007 0.004 0.005 0.004
0.008 0.013 0.044 0.005 0.88 0.006 0.02 0.004 0.012 0.007
0.004 0.005 0.006 0.008 0.943 0.006 0.006 0.005 0.008 0.008
0.004 0.004 0.022 0.004 0.946 0.004 0.004 0.003 0.006 0.004
0.033 0.034 0.168 0.255 0.126 0.021 0.005 0.008 0.342 0.009
0.007 0.035 0.035 0.013 0.049 0.783 0.006 0.009 0.051 0.012
0.099 0.013 0.007 0.009 0.004 0.79 0.006 0.008 0.031 0.035
0.007 0.005 0.006 0.004 0.005 0.95 0.005 0.005 0.007 0.006
0.03 0.03 0.03 0.136 0.032 0.207 0.039 0.009 0.445 0.044
0.583 0.008 0.078 0.011 0.006 0.165 0.017 0.018 0.101 0.012
0.02 0.031 0.008 0.009 0.004 0.882 0.005 0.004 0.031 0.006
0.031 0.021 0.015 0.005 0.004 0.858 0.004 0.011 0.011 0.041
0.113 0.01 0.022 0.021 0.009 0.697 0.008 0.009 0.092 0.019
0.01 0.01 0.01 0.011 0.011 0.881 0.032 0.006 0.012 0.016
0.11 0.01 0.008 0.005 0.006 0.765 0.026 0.007 0.042 0.02
0.025 0.025 0.013 0.022 0.006 0.869 0.017 0.006 0.008 0.01
0.011 0.012 0.007 0.004 0.004 0.928 0.006 0.006 0.006 0.016
0.02 0.01 0.634 0.011 0.009 0.183 0.006 0.083 0.022 0.024
0.009 0.009 0.051 0.012 0.018 0.389 0.004 0.024 0.105 0.379
0.092 0.582 0.066 0.035 0.008 0.09 0.063 0.008 0.011 0.045
0.032 0.132 0.028 0.499 0.007 0.018 0.006 0.006 0.006 0.266
0.012 0.527 0.334 0.066 0.01 0.009 0.014 0.006 0.014 0.007
0.337 0.094 0.05 0.059 0.005 0.17 0.009 0.005 0.009 0.262
0.154 0.58 0.034 0.014 0.004 0.14 0.01 0.006 0.008 0.049
0.011 0.455 0.026 0.008 0.019 0.016 0.021 0.338 0.027 0.078
0.012 0.382 0.56 0.009 0.006 0.007 0.006 0.006 0.006 0.005
0.043 0.341 0.553 0.011 0.005 0.009 0.004 0.006 0.018 0.011
0.005 0.267 0.437 0.004 0.004 0.008 0.007 0.248 0.011 0.01
0.016 0.904 0.023 0.006 0.004 0.009 0.013 0.009 0.01 0.006
0.007 0.567 0.365 0.008 0.006 0.009 0.008 0.015 0.007 0.007
0.069 0.865 0.011 0.01 0.003 0.009 0.011 0.004 0.008 0.009
0.005 0.396 0.542 0.007 0.006 0.007 0.004 0.005 0.022 0.006
0.005 0.925 0.011 0.006 0.005 0.006 0.023 0.006 0.006 0.007
0.015 0.887 0.01 0.007 0.004 0.012 0.007 0.009 0.01 0.039
0.026 0.341 0.41 0.015 0.005 0.092 0.019 0.005 0.073 0.015
0.015 0.383 0.551 0.01 0.006 0.005 0.004 0.006 0.016 0.005
0.007 0.422 0.487 0.008 0.01 0.009 0.013 0.006 0.021 0.016
0.024 0.745 0.008 0.027 0.005 0.019 0.02 0.004 0.007 0.141
0.277 0.561 0.028 0.03 0.006 0.043 0.008 0.009 0.029 0.008
0.018 0.79 0.054 0.007 0.006 0.043 0.009 0.004 0.062 0.007
0.214 0.567 0.122 0.009 0.004 0.009 0.025 0.008 0.021 0.02
0.011 0.548 0.321 0.004 0.007 0.007 0.063 0.022 0.007 0.01
0.011 0.896 0.013 0.007 0.005 0.015 0.011 0.018 0.004 0.02
0.762 0.085 0.034 0.018 0.006 0.02 0.005 0.008 0.011 0.053
0.798 0.012 0.013 0.034 0.011 0.092 0.013 0.007 0.006 0.015
0.014 0.179 0.291 0.011 0.098 0.007 0.016 0.064 0.013 0.309
0.019 0.009 0.013 0.006 0.058 0.006 0.008 0.01 0.005 0.865
0.173 0.069 0.024 0.017 0.007 0.207 0.014 0.243 0.019 0.227
0.909 0.005 0.008 0.006 0.016 0.029 0.004 0.006 0.007 0.01
0.39 0.007 0.011 0.009 0.034 0.006 0.009 0.012 0.01 0.513
0.491 0.011 0.012 0.007 0.008 0.006 0.005 0.425 0.024 0.012
0.956 0.005 0.005 0.004 0.005 0.004 0.004 0.004 0.008 0.005
0.043 0.021 0.015 0.006 0.022 0.014 0.009 0.015 0.01 0.846
0.776 0.02 0.011 0.037 0.004 0.02 0.008 0.007 0.01 0.107
0.131 0.053 0.021 0.009 0.017 0.026 0.01 0.062 0.024 0.648
0.577 0.153 0.207 0.005 0.009 0.008 0.006 0.01 0.011 0.014
0.916 0.022 0.009 0.006 0.004 0.008 0.004 0.007 0.009 0.014
0.894 0.011 0.024 0.005 0.004 0.029 0.005 0.008 0.01 0.011
0.948 0.005 0.004 0.008 0.003 0.006 0.003 0.003 0.007 0.013
0.961 0.004 0.004 0.004 0.004 0.004 0.003 0.004 0.006 0.007
0.943 0.007 0.005 0.007 0.007 0.005 0.007 0.005 0.007 0.008
0.928 0.009 0.015 0.011 0.004 0.007 0.006 0.008 0.006 0.006
0.912 0.008 0.013 0.009 0.009 0.009 0.004 0.015 0.015 0.006
0.942 0.006 0.009 0.006 0.005 0.008 0.004 0.006 0.007 0.007
0.938 0.009 0.005 0.004 0.007 0.01 0.004 0.005 0.01 0.009
0.232 0.192 0.388 0.029 0.019 0.057 0.022 0.017 0.018 0.027
0.418 0.26 0.199 0.006 0.004 0.008 0.01 0.01 0.006 0.08
0.011 0.593 0.142 0.007 0.008 0.019 0.003 0.004 0.008 0.205
0.015 0.528 0.067 0.01 0.011 0.016 0.003 0.182 0.006 0.163
0.026 0.206 0.012 0.005 0.017 0.018 0.005 0.216 0.008 0.488
0.297 0.191 0.07 0.024 0.008 0.025 0.005 0.346 0.016 0.017
0.753 0.045 0.012 0.009 0.005 0.086 0.005 0.025 0.023 0.038
0.895 0.027 0.01 0.011 0.01 0.009 0.01 0.01 0.01 0.008
0.79 0.018 0.038 0.032 0.015 0.008 0.007 0.022 0.054 0.015
0.817 0.036 0.025 0.013 0.005 0.048 0.004 0.015 0.027 0.01
0.007 0.007 0.007 0.006 0.004 0.005 0.003 0.004 0.004 0.953
0.007 0.007 0.007 0.006 0.004 0.005 0.003 0.004 0.004 0.953
0.007 0.007 0.007 0.006 0.004 0.005 0.003 0.004 0.004 0.952
0.096 0.033 0.015 0.011 0.01 0.053 0.005 0.006 0.012 0.759
0.401 0.022 0.009 0.005 0.01 0.006 0.006 0.005 0.011 0.525
0.018 0.015 0.022 0.009 0.008 0.005 0.005 0.587 0.008 0.321
0.696 0.112 0.098 0.006 0.009 0.013 0.005 0.011 0.011 0.039
0.027 0.321 0.069 0.041 0.033 0.028 0.049 0.409 0.009 0.016
0.561 0.143 0.186 0.02 0.009 0.019 0.01 0.013 0.021 0.019
0.665 0.078 0.031 0.017 0.02 0.083 0.005 0.023 0.017 0.061
0.012 0.018 0.02 0.011 0.018 0.011 0.009 0.009 0.008 0.884
0.048 0.273 0.407 0.023 0.047 0.058 0.042 0.036 0.008 0.058
0.017 0.015 0.007 0.006 0.005 0.008 0.004 0.005 0.004 0.929
0.023 0.774 0.121 0.014 0.007 0.012 0.013 0.01 0.01 0.015
0.018 0.015 0.007 0.006 0.005 0.008 0.004 0.005 0.004 0.929
0.14 0.022 0.019 0.14 0.008 0.033 0.007 0.013 0.53 0.088
0.01 0.01 0.012 0.04 0.034 0.017 0.018 0.006 0.041 0.813
0.109 0.096 0.328 0.028 0.03 0.173 0.006 0.019 0.196 0.015
0.029 0.011 0.085 0.01 0.101 0.01 0.021 0.012 0.555 0.167
0.078 0.018 0.029 0.011 0.017 0.32 0.028 0.015 0.477 0.008
0.043 0.015 0.021 0.006 0.005 0.015 0.032 0.004 0.849 0.008
0.124 0.018 0.074 0.113 0.022 0.204 0.118 0.017 0.299 0.009
0.029 0.055 0.02 0.063 0.007 0.084 0.052 0.014 0.61 0.067
0.009 0.012 0.125 0.015 0.118 0.068 0.008 0.013 0.329 0.303
0.014 0.025 0.059 0.011 0.011 0.013 0.013 0.011 0.802 0.042
0.062 0.034 0.189 0.01 0.178 0.015 0.008 0.023 0.295 0.186
0.01 0.01 0.719 0.007 0.014 0.052 0.024 0.028 0.128 0.009
0.006 0.006 0.515 0.049 0.016 0.018 0.011 0.012 0.359 0.006
0.004 0.008 0.024 0.871 0.035 0.02 0.006 0.009 0.017 0.007
0.045 0.009 0.006 0.782 0.009 0.02 0.008 0.018 0.095 0.007
0.007 0.006 0.007 0.712 0.005 0.011 0.009 0.225 0.013 0.007
0.492 0.01 0.015 0.039 0.014 0.05 0.015 0.072 0.274 0.018
0.004 0.004 0.005 0.943 0.01 0.006 0.01 0.007 0.007 0.006
0.007 0.006 0.018 0.203 0.704 0.018 0.008 0.009 0.014 0.011
0.007 0.006 0.021 0.323 0.252 0.008 0.011 0.238 0.088 0.047
0.004 0.006 0.006 0.91 0.027 0.009 0.007 0.012 0.009 0.01
0.01 0.007 0.01 0.801 0.007 0.031 0.014 0.04 0.073 0.007
0.005 0.009 0.011 0.452 0.202 0.01 0.004 0.085 0.18 0.043
0.004 0.005 0.008 0.035 0.732 0.005 0.009 0.17 0.024 0.007
0.008 0.035 0.03 0.019 0.005 0.857 0.007 0.014 0.017 0.009
