0.009 0.929 0.01 0.007 0.006 0.011 0.011 0.011 0.006
0.006 0.935 0.01 0.009 0.009 0.004 0.009 0.007 0.011
0.024 0.855 0.008 0.005 0.05 0.005 0.031 0.006 0.015
0.115 0.643 0.168 0.043 0.005 0.008 0.005 0.005 0.009
0.033 0.854 0.008 0.008 0.011 0.007 0.041 0.011 0.028
0.212 0.694 0.006 0.018 0.013 0.01 0.024 0.006 0.016
0.015 0.115 0.017 0.011 0.055 0.007 0.332 0.007 0.44
0.007 0.715 0.006 0.024 0.007 0.003 0.103 0.123 0.011
0.233 0.251 0.01 0.433 0.034 0.005 0.006 0.012 0.016
0.15 0.408 0.005 0.386 0.019 0.005 0.01 0.005 0.011
0.03 0.879 0.006 0.031 0.008 0.007 0.006 0.005 0.029
0.007 0.928 0.014 0.006 0.011 0.008 0.014 0.004 0.007
0.079 0.863 0.005 0.022 0.007 0.006 0.005 0.005 0.007
0.014 0.196 0.007 0.019 0.007 0.007 0.414 0.136 0.2
0.011 0.748 0.02 0.119 0.01 0.013 0.047 0.014 0.019
0.009 0.937 0.006 0.01 0.007 0.011 0.005 0.005 0.01
0.017 0.375 0.006 0.51 0.014 0.023 0.02 0.008 0.026
0.042 0.767 0.006 0.066 0.044 0.009 0.005 0.019 0.041
0.021 0.743 0.178 0.013 0.01 0.012 0.004 0.004 0.015
0.099 0.048 0.017 0.035 0.022 0.012 0.739 0.009 0.02
0.018 0.603 0.213 0.071 0.013 0.004 0.005 0.026 0.044
0.017 0.91 0.005 0.009 0.015 0.023 0.009 0.006 0.005
0.014 0.793 0.016 0.025 0.016 0.085 0.015 0.01 0.027
0.006 0.949 0.004 0.01 0.007 0.006 0.007 0.004 0.007
0.044 0.014 0.036 0.009 0.023 0.591 0.065 0.205 0.013
0.004 0.004 0.004 0.003 0.004 0.81 0.036 0.131 0.004
0.03 0.006 0.453 0.004 0.007 0.469 0.015 0.008 0.007
0.096 0.03 0.007 0.074 0.016 0.471 0.129 0.165 0.012
0.01 0.053 0.011 0.011 0.03 0.86 0.006 0.008 0.01
0.01 0.005 0.009 0.005 0.005 0.806 0.097 0.057 0.007
0.003 0.005 0.004 0.003 0.004 0.971 0.004 0.003 0.004
0.006 0.007 0.01 0.006 0.011 0.92 0.029 0.005 0.006
0.021 0.013 0.01 0.008 0.019 0.446 0.035 0.441 0.008
0.009 0.009 0.009 0.01 0.011 0.914 0.007 0.02 0.012
0.023 0.023 0.037 0.033 0.092 0.636 0.028 0.041 0.089
0.085 0.025 0.022 0.011 0.021 0.059 0.761 0.008 0.007
0.005 0.004 0.004 0.003 0.005 0.964 0.006 0.003 0.005
0.022 0.009 0.018 0.006 0.033 0.895 0.005 0.006 0.006
0.007 0.038 0.022 0.085 0.02 0.792 0.017 0.009 0.01
0.006 0.008 0.005 0.008 0.007 0.944 0.006 0.006 0.01
0.014 0.187 0.096 0.009 0.02 0.36 0.02 0.007 0.287
0.315 0.039 0.007 0.004 0.006 0.587 0.032 0.005 0.005
0.008 0.008 0.282 0.012 0.015 0.609 0.053 0.006 0.006
0.018 0.008 0.005 0.033 0.006 0.909 0.005 0.005 0.01
0.16 0.009 0.006 0.029 0.006 0.759 0.017 0.004 0.01
0.019 0.008 0.005 0.034 0.006 0.909 0.005 0.005 0.01
0.005 0.004 0.004 0.003 0.005 0.964 0.006 0.003 0.005
0.005 0.004 0.004 0.003 0.005 0.964 0.006 0.003 0.005
0.008 0.005 0.01 0.015 0.932 0.006 0.004 0.012 0.009
0.42 0.012 0.01 0.125 0.03 0.004 0.004 0.254 0.141
0.017 0.008 0.036 0.009 0.365 0.12 0.031 0.039 0.374
0.008 0.032 0.023 0.005 0.049 0.005 0.005 0.864 0.009
0.008 0.006 0.888 0.018 0.041 0.004 0.005 0.014 0.014
0.008 0.008 0.009 0.031 0.298 0.014 0.004 0.619 0.009
0.011 0.047 0.01 0.022 0.549 0.026 0.007 0.307 0.021
0.016 0.007 0.015 0.011 0.015 0.006 0.011 0.913 0.006
0.018 0.008 0.017 0.011 0.019 0.006 0.011 0.904 0.006
0.025 0.017 0.056 0.131 0.739 0.007 0.006 0.006 0.012
0.019 0.059 0.479 0.056 0.126 0.013 0.004 0.181 0.063
0.014 0.019 0.011 0.006 0.915 0.012 0.006 0.009 0.008
0.005 0.008 0.007 0.006 0.017 0.005 0.006 0.937 0.009
0.014 0.128 0.107 0.032 0.232 0.029 0.013 0.078 0.367
0.057 0.006 0.007 0.601 0.147 0.01 0.005 0.105 0.062
0.01 0.006 0.011 0.018 0.543 0.009 0.022 0.372 0.008
0.027 0.006 0.037 0.005 0.418 0.006 0.044 0.445 0.009
0.007 0.006 0.951 0.008 0.007 0.005 0.004 0.007 0.005
0.005 0.007 0.955 0.005 0.011 0.003 0.004 0.006 0.004
0.004 0.003 0.968 0.004 0.005 0.004 0.003 0.004 0.004
0.005 0.004 0.965 0.005 0.005 0.004 0.004 0.004 0.005
0.004 0.01 0.022 0.03 0.905 0.003 0.005 0.012 0.009
0.011 0.008 0.011 0.031 0.807 0.01 0.008 0.089 0.026
0.032 0.05 0.452 0.008 0.374 0.006 0.007 0.012 0.06
0.242 0.107 0.012 0.009 0.02 0.023 0.085 0.493 0.011
0.876 0.008 0.005 0.013 0.007 0.008 0.063 0.005 0.015
0.795 0.02 0.01 0.03 0.03 0.026 0.023 0.038 0.028
0.763 0.01 0.007 0.12 0.038 0.006 0.021 0.016 0.019
0.024 0.027 0.016 0.03 0.806 0.004 0.012 0.036 0.045
0.022 0.491 0.131 0.008 0.221 0.052 0.011 0.033 0.03
0.298 0.133 0.167 0.235 0.119 0.014 0.01 0.009 0.015
0.109 0.042 0.381 0.007 0.388 0.026 0.012 0.018 0.018
0.669 0.029 0.025 0.007 0.224 0.008 0.016 0.01 0.012
0.966 0.004 0.004 0.005 0.004 0.005 0.005 0.003 0.004
0.755 0.009 0.008 0.005 0.006 0.006 0.194 0.006 0.01
0.742 0.064 0.012 0.031 0.042 0.033 0.061 0.006 0.011
0.875 0.008 0.059 0.014 0.009 0.007 0.018 0.005 0.005
0.033 0.056 0.014 0.014 0.741 0.078 0.013 0.005 0.045
0.065 0.049 0.009 0.026 0.592 0.197 0.015 0.009 0.038
0.956 0.005 0.004 0.004 0.009 0.006 0.006 0.005 0.005
0.154 0.023 0.013 0.378 0.334 0.016 0.039 0.029 0.015
0.039 0.018 0.696 0.006 0.128 0.029 0.044 0.019 0.02
0.917 0.016 0.009 0.022 0.012 0.007 0.007 0.005 0.005
0.862 0.005 0.009 0.021 0.078 0.005 0.008 0.005 0.006
0.31 0.01 0.018 0.038 0.104 0.008 0.44 0.059 0.013
0.941 0.007 0.013 0.006 0.008 0.006 0.009 0.005 0.005
0.854 0.056 0.017 0.029 0.01 0.006 0.007 0.009 0.012
0.903 0.021 0.013 0.013 0.015 0.014 0.009 0.005 0.007
0.091 0.006 0.007 0.013 0.766 0.013 0.081 0.007 0.015
0.024 0.016 0.04 0.024 0.75 0.017 0.095 0.008 0.026
0.006 0.015 0.009 0.005 0.924 0.009 0.009 0.007 0.015
0.017 0.006 0.016 0.007 0.927 0.005 0.007 0.008 0.008
0.008 0.007 0.902 0.009 0.014 0.01 0.034 0.006 0.008
0.011 0.011 0.097 0.008 0.818 0.014 0.026 0.007 0.007
0.006 0.01 0.018 0.006 0.753 0.049 0.008 0.005 0.145
0.018 0.016 0.009 0.009 0.584 0.009 0.01 0.005 0.339
0.815 0.015 0.079 0.012 0.046 0.01 0.007 0.007 0.008
0.036 0.007 0.083 0.01 0.817 0.008 0.012 0.017 0.009
0.032 0.022 0.014 0.005 0.849 0.017 0.016 0.011 0.034
0.044 0.064 0.028 0.311 0.05 0.257 0.033 0.023 0.19
0.871 0.009 0.009 0.037 0.023 0.008 0.006 0.015 0.021
0.203 0.047 0.061 0.058 0.495 0.008 0.076 0.008 0.044
0.054 0.062 0.036 0.007 0.733 0.059 0.019 0.008 0.023
0.03 0.017 0.824 0.008 0.052 0.038 0.016 0.007 0.008
0.564 0.009 0.022 0.035 0.313 0.008 0.014 0.008 0.026
0.029 0.043 0.036 0.02 0.801 0.014 0.009 0.013 0.035
0.082 0.025 0.017 0.01 0.393 0.007 0.427 0.032 0.007
0.018 0.06 0.308 0.046 0.469 0.036 0.014 0.008 0.041
0.024 0.017 0.025 0.025 0.444 0.044 0.259 0.109 0.053
0.125 0.016 0.063 0.008 0.735 0.031 0.011 0.005 0.007
0.896 0.006 0.013 0.015 0.029 0.015 0.006 0.008 0.012
0.573 0.016 0.013 0.021 0.335 0.015 0.006 0.009 0.01
0.075 0.009 0.029 0.03 0.128 0.015 0.58 0.111 0.021
0.068 0.018 0.062 0.013 0.049 0.118 0.57 0.009 0.094
0.015 0.022 0.01 0.021 0.023 0.238 0.274 0.264 0.133
0.339 0.119 0.019 0.137 0.029 0.037 0.172 0.016 0.132
0.01 0.93 0.008 0.007 0.01 0.007 0.008 0.015 0.005
0.299 0.513 0.011 0.008 0.015 0.009 0.124 0.008 0.013
0.02 0.235 0.095 0.02 0.035 0.017 0.516 0.045 0.017
0.018 0.315 0.011 0.012 0.385 0.036 0.183 0.03 0.011
0.282 0.545 0.043 0.023 0.016 0.014 0.054 0.005 0.018
0.025 0.049 0.014 0.022 0.823 0.01 0.04 0.011 0.008
0.768 0.109 0.005 0.007 0.009 0.013 0.064 0.017 0.008
0.092 0.037 0.012 0.004 0.015 0.009 0.803 0.022 0.006
0.008 0.945 0.004 0.006 0.005 0.006 0.02 0.004 0.004
0.009 0.027 0.012 0.007 0.064 0.012 0.85 0.009 0.01
0.018 0.5 0.017 0.029 0.047 0.055 0.316 0.011 0.008
0.007 0.886 0.005 0.006 0.009 0.008 0.068 0.006 0.005
0.015 0.87 0.013 0.008 0.027 0.028 0.01 0.011 0.019
0.011 0.888 0.011 0.005 0.017 0.011 0.039 0.009 0.01
0.011 0.915 0.007 0.007 0.022 0.018 0.006 0.008 0.006
0.37 0.53 0.01 0.016 0.015 0.022 0.013 0.006 0.017
0.18 0.279 0.007 0.009 0.048 0.02 0.434 0.013 0.009
0.024 0.112 0.008 0.007 0.011 0.01 0.811 0.006 0.01
0.445 0.385 0.021 0.024 0.014 0.005 0.062 0.009 0.035
0.134 0.267 0.346 0.026 0.023 0.013 0.145 0.018 0.027
0.022 0.005 0.03 0.008 0.013 0.004 0.889 0.02 0.01
0.049 0.046 0.011 0.011 0.05 0.06 0.614 0.009 0.15
0.222 0.046 0.022 0.034 0.021 0.013 0.617 0.013 0.011
0.136 0.191 0.056 0.029 0.06 0.021 0.368 0.035 0.103
0.008 0.216 0.009 0.007 0.008 0.007 0.734 0.004 0.007
0.268 0.155 0.065 0.016 0.073 0.011 0.367 0.01 0.035
0.005 0.007 0.004 0.004 0.004 0.006 0.961 0.005 0.004
0.012 0.035 0.005 0.006 0.01 0.007 0.911 0.008 0.005
0.013 0.23 0.01 0.005 0.008 0.204 0.487 0.033 0.01
0.021 0.018 0.007 0.006 0.008 0.015 0.911 0.009 0.005
0.099 0.016 0.008 0.048 0.029 0.023 0.757 0.006 0.014
0.006 0.013 0.006 0.015 0.005 0.008 0.938 0.005 0.005
0.004 0.004 0.004 0.003 0.004 0.004 0.969 0.004 0.003
0.028 0.039 0.054 0.021 0.047 0.068 0.68 0.032 0.032
0.007 0.016 0.009 0.005 0.008 0.006 0.932 0.012 0.006
0.019 0.01 0.009 0.006 0.036 0.257 0.647 0.008 0.008
0.005 0.005 0.004 0.004 0.004 0.008 0.96 0.006 0.004
0.05 0.249 0.326 0.165 0.088 0.009 0.091 0.008 0.014
0.011 0.007 0.004 0.004 0.004 0.004 0.956 0.007 0.004
0.005 0.01 0.004 0.004 0.006 0.007 0.956 0.004 0.004
0.014 0.007 0.006 0.01 0.007 0.021 0.917 0.008 0.012
0.007 0.009 0.005 0.004 0.006 0.006 0.95 0.009 0.005
0.006 0.004 0.003 0.004 0.004 0.004 0.967 0.004 0.003
0.526 0.195 0.011 0.035 0.026 0.005 0.145 0.01 0.047
0.037 0.016 0.009 0.008 0.819 0.006 0.043 0.012 0.05
0.026 0.008 0.009 0.095 0.807 0.006 0.004 0.034 0.011
0.007 0.004 0.006 0.007 0.955 0.005 0.005 0.006 0.005
0.512 0.109 0.011 0.029 0.195 0.043 0.036 0.041 0.026
0.082 0.012 0.12 0.57 0.171 0.019 0.007 0.012 0.007
0.029 0.007 0.005 0.019 0.9 0.005 0.004 0.007 0.024
0.01 0.006 0.015 0.03 0.872 0.004 0.004 0.036 0.023
0.082 0.02 0.011 0.104 0.733 0.008 0.009 0.02 0.012
0.011 0.01 0.006 0.01 0.895 0.03 0.011 0.017 0.01
0.031 0.005 0.008 0.124 0.767 0.027 0.006 0.021 0.011
0.008 0.02 0.006 0.026 0.884 0.017 0.006 0.011 0.023
0.006 0.004 0.006 0.011 0.935 0.006 0.004 0.016 0.013
0.042 0.223 0.412 0.014 0.264 0.005 0.008 0.017 0.015
0.117 0.012 0.051 0.009 0.397 0.004 0.018 0.384 0.009
0.01 0.041 0.008 0.097 0.082 0.06 0.009 0.036 0.657
0.006 0.651 0.007 0.03 0.02 0.006 0.007 0.231 0.042
0.021 0.297 0.009 0.078 0.021 0.04 0.008 0.008 0.518
0.009 0.117 0.006 0.398 0.147 0.009 0.005 0.23 0.078
0.008 0.019 0.008 0.219 0.152 0.011 0.004 0.044 0.538
0.018 0.01 0.343 0.012 0.017 0.027 0.02 0.091 0.462
0.009 0.023 0.016 0.033 0.015 0.008 0.007 0.008 0.881
0.047 0.024 0.018 0.163 0.019 0.006 0.007 0.032 0.684
0.014 0.005 0.339 0.006 0.009 0.007 0.005 0.011 0.604
0.01 0.007 0.011 0.066 0.01 0.024 0.004 0.007 0.86
0.007 0.01 0.022 0.008 0.008 0.007 0.007 0.007 0.923
0.006 0.009 0.004 0.06 0.009 0.012 0.004 0.01 0.885
0.033 0.007 0.007 0.009 0.007 0.004 0.007 0.006 0.92
0.005 0.005 0.005 0.005 0.006 0.021 0.004 0.007 0.942
0.009 0.009 0.009 0.017 0.014 0.007 0.004 0.038 0.893
0.087 0.014 0.007 0.045 0.071 0.019 0.006 0.019 0.731
0.048 0.014 0.01 0.041 0.007 0.004 0.008 0.007 0.861
0.025 0.006 0.008 0.012 0.008 0.011 0.013 0.019 0.897
0.008 0.036 0.005 0.068 0.021 0.023 0.006 0.158 0.675
0.019 0.032 0.009 0.238 0.036 0.006 0.006 0.009 0.647
0.032 0.006 0.004 0.015 0.021 0.007 0.006 0.007 0.903
0.017 0.008 0.006 0.115 0.006 0.014 0.004 0.012 0.818
0.009 0.004 0.022 0.016 0.007 0.02 0.007 0.009 0.906
0.004 0.006 0.011 0.011 0.013 0.01 0.004 0.021 0.92
0.013 0.019 0.01 0.753 0.024 0.005 0.006 0.056 0.115
0.005 0.028 0.007 0.833 0.073 0.011 0.01 0.02 0.013
0.015 0.018 0.095 0.02 0.01 0.021 0.134 0.295 0.392
0.005 0.007 0.009 0.016 0.006 0.008 0.051 0.886 0.011
0.02 0.016 0.273 0.169 0.181 0.014 0.007 0.23 0.09
0.007 0.006 0.006 0.92 0.025 0.004 0.015 0.01 0.007
0.011 0.009 0.011 0.372 0.006 0.01 0.031 0.539 0.01
0.031 0.007 0.432 0.481 0.006 0.006 0.009 0.012 0.016
0.008 0.004 0.005 0.959 0.005 0.005 0.005 0.005 0.005
0.009 0.006 0.014 0.043 0.014 0.009 0.02 0.864 0.022
0.01 0.047 0.006 0.773 0.019 0.007 0.004 0.118 0.015
0.018 0.01 0.045 0.176 0.023 0.01 0.015 0.651 0.051
0.01 0.005 0.009 0.76 0.008 0.006 0.009 0.011 0.182
0.008 0.006 0.021 0.914 0.008 0.004 0.004 0.023 0.012
0.008 0.005 0.034 0.897 0.025 0.005 0.004 0.013 0.01
0.007 0.01 0.004 0.946 0.006 0.003 0.004 0.016 0.005
0.007 0.004 0.004 0.963 0.004 0.003 0.004 0.007 0.004
0.008 0.007 0.006 0.942 0.005 0.007 0.007 0.01 0.007
0.007 0.012 0.008 0.936 0.008 0.006 0.004 0.006 0.014
0.015 0.01 0.014 0.924 0.009 0.004 0.008 0.007 0.009
0.007 0.006 0.006 0.948 0.008 0.004 0.005 0.007 0.007
0.01 0.004 0.005 0.941 0.011 0.004 0.008 0.011 0.007
0.017 0.034 0.021 0.594 0.048 0.022 0.028 0.016 0.22
0.006 0.013 0.008 0.66 0.012 0.025 0.004 0.043 0.23
0.018 0.009 0.004 0.142 0.026 0.004 0.021 0.267 0.509
0.009 0.01 0.17 0.106 0.016 0.003 0.015 0.199 0.472
0.008 0.005 0.225 0.029 0.02 0.005 0.015 0.539 0.153
0.015 0.03 0.394 0.255 0.024 0.005 0.008 0.02 0.249
0.016 0.012 0.029 0.793 0.085 0.005 0.005 0.037 0.018
0.01 0.011 0.01 0.901 0.01 0.01 0.011 0.008 0.028
0.067 0.035 0.018 0.804 0.008 0.007 0.017 0.014 0.029
0.024 0.01 0.016 0.849 0.038 0.004 0.005 0.01 0.043
0.004 0.006 0.004 0.007 0.005 0.003 0.004 0.958 0.007
0.004 0.006 0.005 0.007 0.005 0.003 0.004 0.958 0.007
0.004 0.006 0.005 0.007 0.005 0.003 0.004 0.958 0.007
0.01 0.011 0.01 0.114 0.054 0.005 0.009 0.768 0.018
0.011 0.006 0.005 0.415 0.006 0.006 0.01 0.524 0.017
0.008 0.012 0.644 0.019 0.005 0.005 0.008 0.282 0.018
0.011 0.006 0.009 0.809 0.012 0.005 0.009 0.032 0.107
0.011 0.11 0.386 0.046 0.071 0.104 0.037 0.024 0.211
0.025 0.021 0.016 0.607 0.023 0.01 0.011 0.021 0.265
0.019 0.016 0.026 0.636 0.1 0.006 0.021 0.062 0.115
0.008 0.011 0.009 0.014 0.011 0.009 0.019 0.894 0.026
0.008 0.028 0.038 0.07 0.068 0.042 0.054 0.046 0.646
0.005 0.006 0.005 0.021 0.008 0.004 0.005 0.934 0.013
0.007 0.023 0.006 0.015 0.015 0.024 0.006 0.008 0.895
0.004 0.006 0.005 0.021 0.009 0.004 0.005 0.935 0.013
0.619 0.089 0.017 0.114 0.031 0.007 0.008 0.088 0.026
0.039 0.042 0.007 0.01 0.018 0.019 0.031 0.824 0.009
0.31 0.028 0.023 0.138 0.278 0.006 0.033 0.022 0.162
0.603 0.011 0.013 0.037 0.012 0.022 0.095 0.187 0.018
0.445 0.01 0.02 0.07 0.381 0.026 0.017 0.007 0.023
0.844 0.006 0.006 0.046 0.02 0.042 0.005 0.009 0.022
0.319 0.11 0.023 0.106 0.275 0.117 0.022 0.01 0.016
0.624 0.054 0.031 0.027 0.093 0.053 0.007 0.064 0.047
0.342 0.016 0.075 0.009 0.092 0.01 0.1 0.338 0.017
0.815 0.01 0.013 0.018 0.017 0.014 0.011 0.05 0.053
0.406 0.01 0.03 0.072 0.02 0.008 0.172 0.211 0.07
0.273 0.086 0.423 0.015 0.146 0.014 0.012 0.013 0.018
0.428 0.168 0.301 0.006 0.051 0.011 0.019 0.006 0.009
0.054 0.78 0.016 0.005 0.038 0.007 0.08 0.008 0.012
0.328 0.535 0.025 0.045 0.02 0.01 0.017 0.008 0.012
0.025 0.648 0.276 0.007 0.012 0.012 0.006 0.007 0.006
0.422 0.027 0.055 0.385 0.053 0.015 0.013 0.019 0.012
0.011 0.933 0.007 0.004 0.007 0.013 0.013 0.006 0.005
0.019 0.151 0.01 0.007 0.019 0.008 0.766 0.012 0.008
0.16 0.195 0.302 0.007 0.009 0.012 0.26 0.049 0.006
0.054 0.786 0.03 0.005 0.017 0.008 0.073 0.02 0.007
0.3 0.503 0.1 0.011 0.047 0.016 0.008 0.007 0.008
0.381 0.243 0.077 0.005 0.012 0.005 0.217 0.048 0.012
0.021 0.02 0.193 0.004 0.005 0.008 0.735 0.007 0.005
0.019 0.017 0.023 0.007 0.867 0.007 0.005 0.009 0.045
