0.013 0.006 0.005 0.01 0.008 0.903 0.011 0.012 0.005 0.01 0.011 0.007
0.009 0.008 0.008 0.02 0.006 0.888 0.004 0.016 0.012 0.009 0.01 0.012
0.006 0.026 0.007 0.014 0.028 0.8 0.005 0.04 0.041 0.007 0.02 0.004
0.005 0.005 0.019 0.005 0.087 0.626 0.007 0.047 0.005 0.142 0.005 0.046
0.012 0.009 0.013 0.031 0.031 0.8 0.007 0.033 0.013 0.006 0.036 0.008
0.006 0.008 0.007 0.027 0.034 0.567 0.011 0.211 0.082 0.005 0.022 0.022
0.008 0.017 0.329 0.024 0.011 0.103 0.006 0.065 0.153 0.008 0.267 0.01
0.124 0.006 0.011 0.015 0.005 0.68 0.003 0.016 0.007 0.005 0.098 0.029
0.012 0.026 0.038 0.009 0.303 0.16 0.004 0.037 0.011 0.007 0.005 0.389
0.004 0.017 0.008 0.013 0.11 0.407 0.005 0.017 0.02 0.004 0.009 0.386
0.005 0.009 0.014 0.043 0.039 0.824 0.006 0.01 0.005 0.005 0.006 0.033
0.004 0.007 0.007 0.009 0.005 0.893 0.008 0.012 0.02 0.011 0.016 0.008
0.005 0.005 0.007 0.005 0.064 0.836 0.006 0.012 0.029 0.004 0.005 0.022
0.06 0.007 0.014 0.331 0.009 0.151 0.006 0.033 0.009 0.005 0.365 0.01
0.021 0.007 0.041 0.022 0.009 0.606 0.014 0.03 0.015 0.019 0.052 0.166
0.006 0.005 0.026 0.005 0.012 0.881 0.014 0.01 0.019 0.007 0.005 0.012
0.008 0.009 0.026 0.015 0.021 0.321 0.026 0.012 0.03 0.006 0.019 0.507
0.017 0.015 0.009 0.053 0.02 0.741 0.008 0.029 0.037 0.005 0.005 0.061
0.005 0.005 0.012 0.013 0.015 0.272 0.015 0.604 0.026 0.005 0.004 0.024
0.008 0.015 0.022 0.011 0.035 0.029 0.011 0.152 0.025 0.009 0.65 0.032
0.031 0.006 0.011 0.102 0.007 0.114 0.005 0.584 0.027 0.005 0.005 0.103
0.005 0.015 0.004 0.005 0.012 0.885 0.025 0.013 0.012 0.004 0.008 0.01
0.01 0.047 0.013 0.048 0.01 0.688 0.092 0.026 0.007 0.009 0.017 0.031
0.005 0.006 0.005 0.01 0.005 0.922 0.006 0.009 0.01 0.004 0.007 0.011
0.175 0.024 0.004 0.066 0.035 0.013 0.545 0.017 0.011 0.041 0.059 0.009
0.125 0.005 0.003 0.005 0.004 0.004 0.806 0.004 0.005 0.004 0.033 0.003
0.013 0.007 0.009 0.006 0.013 0.006 0.455 0.093 0.012 0.363 0.018 0.004
0.126 0.036 0.019 0.008 0.081 0.031 0.414 0.021 0.007 0.006 0.153 0.098
0.007 0.014 0.01 0.006 0.008 0.074 0.803 0.011 0.041 0.009 0.005 0.01
0.043 0.007 0.005 0.008 0.008 0.005 0.789 0.012 0.004 0.006 0.109 0.004
0.003 0.003 0.003 0.004 0.003 0.005 0.961 0.004 0.004 0.004 0.004 0.003
0.005 0.006 0.005 0.006 0.007 0.008 0.858 0.011 0.059 0.012 0.018 0.006
0.348 0.009 0.004 0.019 0.007 0.01 0.306 0.209 0.036 0.005 0.042 0.006
0.027 0.014 0.004 0.03 0.01 0.009 0.861 0.011 0.009 0.009 0.006 0.011
0.019 0.048 0.015 0.059 0.008 0.017 0.464 0.255 0.054 0.015 0.024 0.022
0.009 0.02 0.006 0.008 0.125 0.029 0.06 0.036 0.017 0.024 0.658 0.01
0.003 0.005 0.004 0.005 0.005 0.004 0.951 0.004 0.006 0.004 0.006 0.003
0.005 0.014 0.005 0.005 0.014 0.007 0.762 0.121 0.049 0.008 0.004 0.005
0.008 0.009 0.008 0.006 0.005 0.035 0.704 0.011 0.085 0.029 0.013 0.085
0.007 0.006 0.005 0.017 0.007 0.008 0.916 0.008 0.007 0.005 0.006 0.008
0.007 0.01 0.194 0.007 0.005 0.027 0.31 0.379 0.03 0.007 0.014 0.011
0.005 0.004 0.006 0.004 0.046 0.034 0.518 0.297 0.021 0.006 0.055 0.004
0.006 0.009 0.004 0.012 0.009 0.009 0.53 0.017 0.117 0.235 0.04 0.012
0.005 0.007 0.027 0.005 0.033 0.008 0.858 0.006 0.005 0.005 0.005 0.036
0.004 0.005 0.044 0.005 0.159 0.008 0.721 0.007 0.005 0.005 0.015 0.022
0.005 0.007 0.028 0.005 0.035 0.008 0.858 0.006 0.005 0.005 0.005 0.034
0.003 0.005 0.004 0.005 0.005 0.004 0.951 0.004 0.006 0.004 0.006 0.003
0.003 0.005 0.004 0.005 0.005 0.004 0.951 0.004 0.005 0.004 0.006 0.003
0.008 0.922 0.006 0.009 0.006 0.004 0.005 0.006 0.011 0.009 0.003 0.011
0.127 0.149 0.011 0.179 0.067 0.008 0.004 0.352 0.007 0.011 0.003 0.081
0.05 0.262 0.012 0.31 0.028 0.007 0.108 0.011 0.138 0.041 0.025 0.008
0.729 0.139 0.008 0.007 0.005 0.029 0.005 0.042 0.016 0.01 0.005 0.005
0.014 0.077 0.021 0.01 0.008 0.005 0.005 0.016 0.021 0.793 0.006 0.024
0.385 0.532 0.006 0.005 0.006 0.006 0.008 0.005 0.01 0.007 0.004 0.024
0.358 0.337 0.007 0.061 0.01 0.056 0.025 0.019 0.083 0.009 0.007 0.028
0.804 0.093 0.006 0.005 0.013 0.007 0.006 0.019 0.011 0.015 0.01 0.011
0.791 0.102 0.006 0.006 0.014 0.007 0.006 0.021 0.011 0.015 0.01 0.012
0.005 0.661 0.017 0.008 0.03 0.017 0.006 0.015 0.063 0.057 0.006 0.114
0.065 0.185 0.006 0.226 0.007 0.033 0.007 0.106 0.019 0.322 0.004 0.021
0.007 0.851 0.008 0.007 0.014 0.023 0.012 0.026 0.03 0.011 0.006 0.006
0.856 0.069 0.009 0.009 0.005 0.009 0.005 0.007 0.012 0.008 0.006 0.005
0.051 0.158 0.006 0.518 0.01 0.063 0.015 0.02 0.017 0.106 0.019 0.018
0.061 0.318 0.026 0.026 0.06 0.006 0.007 0.006 0.012 0.005 0.004 0.467
0.187 0.697 0.012 0.004 0.006 0.005 0.006 0.007 0.022 0.007 0.032 0.013
0.359 0.477 0.01 0.006 0.015 0.005 0.006 0.014 0.019 0.032 0.053 0.004
0.006 0.007 0.005 0.004 0.008 0.007 0.005 0.009 0.01 0.926 0.004 0.008
0.006 0.014 0.004 0.004 0.004 0.009 0.003 0.013 0.007 0.928 0.004 0.004
0.004 0.004 0.005 0.003 0.003 0.003 0.004 0.003 0.004 0.961 0.003 0.004
0.004 0.004 0.012 0.003 0.004 0.003 0.004 0.004 0.005 0.951 0.003 0.004
0.014 0.506 0.004 0.029 0.004 0.013 0.004 0.008 0.298 0.063 0.005 0.052
0.052 0.784 0.01 0.024 0.015 0.01 0.008 0.008 0.039 0.011 0.007 0.032
0.008 0.525 0.032 0.012 0.012 0.049 0.005 0.086 0.021 0.238 0.005 0.008
0.416 0.015 0.005 0.031 0.176 0.098 0.02 0.08 0.033 0.007 0.111 0.008
0.004 0.005 0.005 0.012 0.923 0.007 0.007 0.009 0.007 0.004 0.01 0.006
0.024 0.025 0.01 0.051 0.733 0.022 0.023 0.015 0.044 0.009 0.022 0.022
0.019 0.044 0.032 0.029 0.603 0.012 0.006 0.029 0.051 0.006 0.022 0.146
0.046 0.09 0.033 0.027 0.017 0.02 0.004 0.03 0.684 0.014 0.013 0.022
0.036 0.092 0.027 0.017 0.017 0.475 0.054 0.088 0.07 0.106 0.01 0.007
0.008 0.053 0.007 0.017 0.143 0.092 0.011 0.366 0.099 0.035 0.007 0.16
0.01 0.109 0.014 0.008 0.014 0.018 0.011 0.672 0.105 0.026 0.008 0.005
0.008 0.058 0.011 0.013 0.104 0.016 0.009 0.66 0.086 0.012 0.017 0.007
0.003 0.003 0.007 0.002 0.956 0.004 0.004 0.005 0.004 0.003 0.004 0.004
0.006 0.005 0.005 0.009 0.856 0.008 0.006 0.015 0.013 0.006 0.066 0.004
0.006 0.02 0.018 0.005 0.753 0.065 0.027 0.02 0.036 0.01 0.017 0.023
0.005 0.009 0.006 0.006 0.277 0.01 0.007 0.541 0.025 0.065 0.021 0.029
0.005 0.168 0.006 0.227 0.048 0.064 0.073 0.054 0.315 0.013 0.015 0.013
0.007 0.19 0.006 0.254 0.109 0.031 0.148 0.059 0.148 0.006 0.02 0.021
0.004 0.01 0.006 0.004 0.935 0.006 0.007 0.011 0.005 0.004 0.005 0.003
0.033 0.049 0.013 0.015 0.073 0.02 0.012 0.164 0.226 0.005 0.026 0.364
0.022 0.06 0.005 0.036 0.027 0.019 0.027 0.123 0.111 0.528 0.036 0.006
0.006 0.012 0.004 0.007 0.754 0.032 0.006 0.061 0.057 0.01 0.007 0.044
0.005 0.043 0.008 0.005 0.789 0.005 0.004 0.017 0.089 0.007 0.008 0.018
0.061 0.127 0.01 0.015 0.267 0.011 0.007 0.056 0.023 0.018 0.369 0.037
0.005 0.014 0.007 0.004 0.698 0.007 0.007 0.225 0.008 0.009 0.008 0.008
0.007 0.012 0.059 0.006 0.281 0.043 0.007 0.513 0.011 0.01 0.006 0.045
0.004 0.01 0.008 0.007 0.52 0.021 0.013 0.346 0.031 0.011 0.008 0.021
0.007 0.065 0.01 0.015 0.131 0.005 0.008 0.024 0.707 0.005 0.014 0.009
0.009 0.062 0.007 0.022 0.019 0.009 0.014 0.024 0.791 0.017 0.016 0.01
0.005 0.092 0.005 0.006 0.004 0.007 0.005 0.005 0.857 0.006 0.005 0.004
0.009 0.123 0.004 0.013 0.01 0.006 0.005 0.271 0.537 0.008 0.006 0.007
0.006 0.008 0.009 0.007 0.007 0.007 0.009 0.01 0.195 0.691 0.041 0.009
0.007 0.071 0.006 0.006 0.007 0.01 0.011 0.265 0.568 0.022 0.019 0.008
0.004 0.073 0.005 0.092 0.005 0.006 0.037 0.005 0.758 0.008 0.005 0.004
0.005 0.071 0.198 0.019 0.013 0.008 0.008 0.018 0.639 0.005 0.008 0.006
0.006 0.018 0.007 0.007 0.098 0.021 0.006 0.692 0.1 0.029 0.008 0.009
0.012 0.375 0.011 0.006 0.013 0.006 0.007 0.404 0.132 0.013 0.01 0.01
0.011 0.486 0.026 0.046 0.072 0.039 0.027 0.118 0.143 0.007 0.019 0.005
0.015 0.019 0.006 0.5 0.051 0.03 0.151 0.028 0.059 0.021 0.023 0.097
0.016 0.019 0.069 0.017 0.788 0.011 0.007 0.015 0.015 0.008 0.006 0.028
0.004 0.028 0.007 0.03 0.165 0.015 0.006 0.012 0.686 0.016 0.022 0.008
0.008 0.071 0.068 0.005 0.051 0.056 0.049 0.052 0.587 0.034 0.013 0.005
0.005 0.01 0.004 0.008 0.023 0.012 0.027 0.016 0.35 0.528 0.011 0.006
0.006 0.059 0.053 0.012 0.202 0.009 0.006 0.412 0.183 0.007 0.011 0.039
0.012 0.052 0.01 0.015 0.007 0.038 0.011 0.529 0.296 0.01 0.007 0.013
0.032 0.062 0.007 0.007 0.113 0.019 0.006 0.045 0.558 0.017 0.127 0.007
0.007 0.068 0.011 0.016 0.014 0.043 0.027 0.015 0.443 0.297 0.015 0.042
0.083 0.208 0.022 0.063 0.021 0.015 0.047 0.06 0.155 0.013 0.288 0.025
0.004 0.539 0.006 0.009 0.182 0.022 0.03 0.054 0.088 0.045 0.013 0.008
0.007 0.063 0.03 0.005 0.775 0.006 0.014 0.048 0.016 0.011 0.007 0.017
0.007 0.179 0.012 0.006 0.665 0.013 0.012 0.014 0.065 0.01 0.005 0.013
0.076 0.017 0.006 0.049 0.047 0.011 0.009 0.121 0.407 0.018 0.222 0.016
0.008 0.02 0.005 0.092 0.051 0.015 0.076 0.07 0.17 0.056 0.429 0.01
0.16 0.012 0.005 0.27 0.008 0.019 0.122 0.042 0.038 0.009 0.296 0.018
0.01 0.019 0.011 0.243 0.329 0.124 0.034 0.068 0.045 0.012 0.063 0.042
0.013 0.009 0.005 0.005 0.011 0.887 0.007 0.015 0.027 0.007 0.007 0.006
0.005 0.016 0.005 0.017 0.036 0.249 0.008 0.553 0.01 0.006 0.088 0.007
0.039 0.023 0.004 0.059 0.028 0.225 0.022 0.046 0.042 0.072 0.427 0.013
0.029 0.136 0.005 0.021 0.015 0.383 0.03 0.036 0.174 0.012 0.148 0.011
0.005 0.019 0.031 0.011 0.094 0.595 0.012 0.114 0.012 0.036 0.046 0.024
0.009 0.096 0.012 0.007 0.027 0.04 0.007 0.036 0.729 0.016 0.011 0.011
0.02 0.008 0.005 0.012 0.13 0.056 0.013 0.674 0.011 0.004 0.061 0.007
0.025 0.014 0.007 0.004 0.095 0.066 0.009 0.096 0.09 0.01 0.579 0.004
0.004 0.005 0.004 0.004 0.007 0.921 0.006 0.015 0.004 0.003 0.021 0.006
0.009 0.021 0.004 0.022 0.008 0.022 0.009 0.051 0.133 0.007 0.706 0.007
0.009 0.025 0.005 0.008 0.02 0.496 0.045 0.079 0.096 0.011 0.183 0.022
0.006 0.006 0.006 0.005 0.008 0.86 0.008 0.033 0.014 0.004 0.045 0.006
0.009 0.03 0.004 0.06 0.011 0.776 0.025 0.052 0.011 0.008 0.008 0.007
0.008 0.013 0.008 0.008 0.007 0.804 0.01 0.079 0.018 0.01 0.029 0.005
0.007 0.031 0.004 0.007 0.01 0.86 0.015 0.035 0.012 0.006 0.005 0.006
0.006 0.024 0.083 0.005 0.145 0.575 0.021 0.097 0.007 0.009 0.01 0.018
0.009 0.043 0.006 0.008 0.116 0.362 0.016 0.098 0.06 0.006 0.267 0.009
0.007 0.011 0.008 0.017 0.029 0.172 0.01 0.054 0.014 0.008 0.666 0.006
0.008 0.01 0.044 0.02 0.374 0.384 0.005 0.078 0.019 0.023 0.023 0.012
0.018 0.021 0.033 0.016 0.11 0.284 0.01 0.079 0.014 0.302 0.093 0.022
0.017 0.009 0.015 0.005 0.014 0.004 0.004 0.023 0.013 0.019 0.87 0.007
0.008 0.022 0.086 0.054 0.045 0.051 0.078 0.016 0.036 0.008 0.586 0.01
0.014 0.038 0.044 0.005 0.136 0.051 0.012 0.044 0.009 0.02 0.592 0.034
0.03 0.031 0.082 0.052 0.085 0.144 0.02 0.125 0.086 0.034 0.287 0.025
0.004 0.006 0.005 0.01 0.008 0.218 0.007 0.024 0.026 0.007 0.678 0.006
0.008 0.018 0.017 0.019 0.059 0.122 0.009 0.407 0.111 0.012 0.207 0.012
0.005 0.004 0.005 0.004 0.004 0.006 0.006 0.009 0.005 0.004 0.946 0.004
0.01 0.006 0.009 0.004 0.007 0.038 0.006 0.011 0.035 0.004 0.864 0.006
0.034 0.008 0.01 0.009 0.011 0.255 0.171 0.011 0.006 0.01 0.469 0.004
0.009 0.008 0.005 0.004 0.021 0.024 0.015 0.021 0.008 0.006 0.873 0.006
0.006 0.022 0.04 0.005 0.132 0.013 0.017 0.012 0.021 0.006 0.694 0.032
0.005 0.004 0.005 0.007 0.006 0.01 0.008 0.009 0.005 0.004 0.923 0.014
0.004 0.003 0.004 0.003 0.004 0.004 0.005 0.009 0.009 0.004 0.948 0.003
0.031 0.028 0.023 0.024 0.026 0.033 0.06 0.027 0.123 0.036 0.57 0.019
0.016 0.008 0.008 0.005 0.007 0.027 0.006 0.028 0.009 0.011 0.872 0.005
0.007 0.03 0.005 0.006 0.027 0.009 0.261 0.01 0.026 0.007 0.605 0.006
0.005 0.004 0.003 0.004 0.005 0.006 0.008 0.005 0.004 0.003 0.948 0.004
0.007 0.058 0.019 0.01 0.038 0.209 0.008 0.221 0.064 0.163 0.067 0.136
0.006 0.005 0.006 0.004 0.016 0.007 0.004 0.007 0.005 0.003 0.934 0.004
0.004 0.006 0.004 0.003 0.004 0.012 0.007 0.024 0.015 0.004 0.911 0.004
0.008 0.006 0.006 0.017 0.021 0.006 0.018 0.017 0.007 0.004 0.881 0.009
0.009 0.006 0.005 0.005 0.009 0.009 0.006 0.008 0.008 0.005 0.926 0.004
0.004 0.004 0.003 0.004 0.007 0.004 0.004 0.005 0.004 0.003 0.954 0.003
0.008 0.012 0.131 0.008 0.072 0.126 0.005 0.453 0.054 0.007 0.101 0.023
0.008 0.789 0.015 0.029 0.031 0.013 0.005 0.013 0.037 0.009 0.044 0.007
0.03 0.554 0.007 0.013 0.02 0.008 0.005 0.056 0.175 0.008 0.004 0.119
0.006 0.661 0.004 0.007 0.006 0.004 0.005 0.108 0.178 0.005 0.005 0.01
0.029 0.039 0.007 0.028 0.105 0.043 0.032 0.372 0.296 0.007 0.02 0.022
0.011 0.017 0.004 0.007 0.01 0.007 0.007 0.443 0.119 0.016 0.005 0.353
0.007 0.807 0.014 0.029 0.029 0.008 0.005 0.012 0.066 0.004 0.004 0.016
0.03 0.778 0.011 0.014 0.008 0.007 0.004 0.015 0.097 0.009 0.004 0.023
0.018 0.611 0.022 0.008 0.104 0.018 0.008 0.034 0.074 0.008 0.009 0.087
0.009 0.767 0.008 0.01 0.018 0.015 0.054 0.015 0.069 0.006 0.018 0.011
0.007 0.866 0.009 0.007 0.017 0.004 0.013 0.006 0.012 0.005 0.005 0.049
0.011 0.748 0.014 0.026 0.009 0.054 0.022 0.008 0.068 0.005 0.006 0.029
0.009 0.919 0.006 0.009 0.004 0.004 0.005 0.007 0.021 0.005 0.003 0.008
0.015 0.175 0.018 0.004 0.007 0.032 0.005 0.622 0.059 0.045 0.007 0.01
0.292 0.468 0.005 0.007 0.026 0.008 0.004 0.122 0.024 0.017 0.019 0.007
0.018 0.015 0.019 0.336 0.008 0.029 0.032 0.006 0.496 0.006 0.005 0.03
0.185 0.034 0.006 0.166 0.006 0.529 0.005 0.011 0.016 0.005 0.008 0.028
0.005 0.007 0.007 0.812 0.022 0.082 0.009 0.024 0.007 0.005 0.011 0.01
0.166 0.128 0.033 0.111 0.007 0.1 0.009 0.011 0.068 0.005 0.005 0.358
0.02 0.049 0.009 0.593 0.006 0.017 0.007 0.011 0.22 0.005 0.003 0.058
0.066 0.018 0.022 0.445 0.026 0.009 0.017 0.015 0.024 0.333 0.017 0.008
0.004 0.004 0.939 0.004 0.005 0.007 0.006 0.004 0.01 0.004 0.005 0.007
0.005 0.004 0.94 0.004 0.007 0.007 0.004 0.005 0.008 0.004 0.004 0.008
0.008 0.009 0.754 0.005 0.012 0.004 0.005 0.007 0.005 0.183 0.004 0.004
0.004 0.005 0.007 0.93 0.005 0.005 0.012 0.008 0.007 0.005 0.004 0.007
0.008 0.007 0.488 0.389 0.007 0.011 0.009 0.011 0.039 0.017 0.006 0.008
0.008 0.01 0.032 0.791 0.014 0.012 0.012 0.005 0.009 0.004 0.003 0.099
0.005 0.009 0.915 0.011 0.02 0.006 0.004 0.01 0.006 0.004 0.006 0.005
0.008 0.007 0.048 0.86 0.006 0.008 0.032 0.007 0.007 0.007 0.006 0.005
0.016 0.011 0.009 0.893 0.008 0.006 0.007 0.013 0.008 0.009 0.003 0.017
0.009 0.215 0.64 0.024 0.04 0.01 0.017 0.008 0.01 0.004 0.005 0.017
0.004 0.004 0.95 0.004 0.007 0.006 0.003 0.005 0.004 0.004 0.005 0.005
0.012 0.011 0.768 0.086 0.071 0.007 0.011 0.006 0.008 0.005 0.009 0.006
0.016 0.014 0.004 0.908 0.006 0.01 0.011 0.006 0.006 0.003 0.004 0.011
0.007 0.056 0.11 0.441 0.042 0.029 0.008 0.011 0.024 0.008 0.007 0.258
0.007 0.065 0.195 0.57 0.089 0.007 0.012 0.017 0.013 0.004 0.006 0.018
0.029 0.013 0.606 0.169 0.015 0.009 0.012 0.007 0.005 0.008 0.004 0.123
0.008 0.006 0.573 0.277 0.005 0.004 0.092 0.005 0.005 0.01 0.005 0.009
0.024 0.018 0.021 0.832 0.004 0.008 0.016 0.006 0.025 0.03 0.006 0.011
0.071 0.016 0.047 0.075 0.01 0.019 0.005 0.02 0.015 0.007 0.005 0.71
0.013 0.034 0.009 0.01 0.005 0.028 0.01 0.014 0.109 0.005 0.009 0.753
0.32 0.009 0.416 0.007 0.008 0.013 0.014 0.023 0.012 0.065 0.094 0.019
0.862 0.007 0.027 0.005 0.005 0.006 0.007 0.005 0.006 0.01 0.043 0.017
0.103 0.451 0.023 0.033 0.011 0.011 0.008 0.011 0.01 0.209 0.006 0.126
0.01 0.037 0.015 0.004 0.009 0.007 0.004 0.005 0.013 0.008 0.017 0.872
0.536 0.007 0.031 0.004 0.01 0.007 0.008 0.005 0.005 0.012 0.026 0.348
0.015 0.007 0.027 0.008 0.052 0.006 0.005 0.007 0.007 0.424 0.009 0.433
0.005 0.004 0.006 0.005 0.008 0.004 0.004 0.005 0.005 0.005 0.005 0.945
0.832 0.015 0.014 0.011 0.01 0.006 0.009 0.014 0.021 0.014 0.017 0.037
0.123 0.011 0.007 0.02 0.009 0.04 0.007 0.009 0.037 0.007 0.003 0.727
0.58 0.033 0.019 0.067 0.017 0.011 0.01 0.015 0.018 0.095 0.017 0.12
0.012 0.015 0.089 0.208 0.027 0.005 0.006 0.007 0.005 0.015 0.01 0.6
0.014 0.008 0.004 0.023 0.005 0.005 0.003 0.091 0.018 0.005 0.004 0.82
0.015 0.017 0.006 0.014 0.007 0.005 0.004 0.16 0.052 0.007 0.003 0.709
0.014 0.006 0.004 0.005 0.007 0.01 0.003 0.004 0.008 0.003 0.003 0.932
0.007 0.004 0.003 0.005 0.006 0.004 0.003 0.005 0.003 0.004 0.004 0.952
0.009 0.006 0.009 0.007 0.006 0.007 0.007 0.007 0.004 0.006 0.007 0.925
0.007 0.006 0.033 0.005 0.006 0.013 0.006 0.007 0.013 0.009 0.004 0.891
0.007 0.008 0.015 0.007 0.019 0.01 0.004 0.01 0.008 0.014 0.008 0.89
0.007 0.01 0.009 0.006 0.008 0.006 0.004 0.006 0.006 0.006 0.005 0.928
0.01 0.009 0.004 0.011 0.01 0.004 0.003 0.007 0.016 0.005 0.006 0.915
0.026 0.067 0.032 0.278 0.042 0.045 0.028 0.056 0.049 0.022 0.022 0.332
0.04 0.01 0.012 0.402 0.006 0.007 0.011 0.005 0.005 0.012 0.004 0.485
0.015 0.015 0.005 0.896 0.013 0.005 0.003 0.007 0.019 0.003 0.008 0.009
0.014 0.013 0.013 0.737 0.007 0.007 0.003 0.005 0.011 0.173 0.006 0.011
0.442 0.014 0.017 0.245 0.007 0.004 0.004 0.008 0.012 0.21 0.018 0.019
0.02 0.02 0.093 0.108 0.011 0.031 0.005 0.064 0.028 0.311 0.008 0.302
0.026 0.035 0.005 0.074 0.012 0.01 0.004 0.052 0.084 0.02 0.005 0.674
0.008 0.008 0.016 0.027 0.009 0.011 0.009 0.011 0.012 0.01 0.01 0.868
0.014 0.008 0.053 0.013 0.11 0.031 0.007 0.018 0.015 0.019 0.012 0.701
0.011 0.035 0.051 0.019 0.025 0.014 0.004 0.025 0.051 0.016 0.005 0.745
0.946 0.004 0.008 0.005 0.003 0.006 0.003 0.004 0.005 0.004 0.004 0.006
0.946 0.004 0.008 0.005 0.003 0.006 0.003 0.004 0.005 0.004 0.004 0.006
0.946 0.004 0.008 0.005 0.003 0.006 0.003 0.004 0.005 0.004 0.004 0.006
0.68 0.037 0.007 0.039 0.006 0.011 0.004 0.052 0.049 0.006 0.012 0.097
0.523 0.007 0.01 0.024 0.017 0.005 0.006 0.006 0.006 0.004 0.009 0.383
0.319 0.009 0.015 0.014 0.008 0.012 0.005 0.015 0.007 0.565 0.009 0.021
0.035 0.024 0.042 0.133 0.04 0.007 0.006 0.005 0.008 0.012 0.01 0.678
0.014 0.016 0.006 0.457 0.007 0.035 0.036 0.01 0.054 0.296 0.052 0.017
0.018 0.015 0.512 0.013 0.02 0.02 0.009 0.009 0.031 0.009 0.008 0.335
0.069 0.046 0.084 0.023 0.012 0.015 0.005 0.02 0.102 0.031 0.016 0.577
0.842 0.008 0.032 0.012 0.006 0.01 0.01 0.01 0.034 0.008 0.016 0.012
0.048 0.019 0.34 0.036 0.007 0.02 0.026 0.013 0.4 0.022 0.026 0.042
0.911 0.006 0.007 0.016 0.004 0.006 0.003 0.005 0.016 0.004 0.004 0.017
0.016 0.016 0.185 0.687 0.008 0.013 0.01 0.02 0.008 0.009 0.008 0.02
0.909 0.006 0.007 0.017 0.004 0.006 0.003 0.005 0.016 0.004 0.004 0.017
0.057 0.161 0.02 0.013 0.16 0.087 0.009 0.326 0.012 0.012 0.007 0.136
0.78 0.019 0.008 0.01 0.045 0.044 0.017 0.018 0.011 0.005 0.032 0.011
0.013 0.035 0.604 0.008 0.103 0.014 0.006 0.014 0.121 0.012 0.029 0.04
0.187 0.009 0.092 0.008 0.52 0.01 0.018 0.013 0.01 0.012 0.103 0.018
0.008 0.491 0.029 0.009 0.255 0.012 0.025 0.044 0.033 0.014 0.02 0.06
0.011 0.026 0.07 0.011 0.498 0.008 0.047 0.169 0.035 0.005 0.006 0.115
0.009 0.215 0.016 0.023 0.152 0.126 0.108 0.126 0.057 0.013 0.027 0.128
0.039 0.032 0.006 0.058 0.066 0.03 0.022 0.648 0.063 0.015 0.006 0.013
0.317 0.016 0.052 0.007 0.021 0.01 0.006 0.415 0.053 0.012 0.085 0.006
0.052 0.03 0.227 0.008 0.586 0.013 0.011 0.028 0.008 0.012 0.011 0.012
0.207 0.012 0.352 0.009 0.137 0.008 0.007 0.015 0.011 0.013 0.188 0.041
0.007 0.01 0.018 0.004 0.008 0.011 0.006 0.804 0.103 0.015 0.007 0.007
0.005 0.006 0.01 0.004 0.022 0.042 0.006 0.79 0.084 0.009 0.018 0.004
0.006 0.017 0.065 0.004 0.014 0.713 0.006 0.079 0.044 0.012 0.036 0.004
0.005 0.051 0.01 0.01 0.064 0.652 0.008 0.105 0.005 0.031 0.011 0.048
0.007 0.013 0.005 0.007 0.011 0.632 0.01 0.085 0.007 0.211 0.005 0.007
0.019 0.102 0.016 0.008 0.193 0.027 0.014 0.029 0.013 0.081 0.014 0.484
0.006 0.005 0.006 0.004 0.007 0.861 0.01 0.073 0.009 0.007 0.009 0.004
0.012 0.01 0.02 0.004 0.013 0.203 0.007 0.051 0.057 0.009 0.608 0.006
0.046 0.012 0.007 0.005 0.077 0.266 0.011 0.09 0.006 0.227 0.246 0.007
0.009 0.007 0.005 0.006 0.007 0.795 0.008 0.103 0.013 0.013 0.03 0.004
0.007 0.063 0.015 0.005 0.086 0.604 0.013 0.116 0.011 0.063 0.007 0.01
0.03 0.018 0.018 0.007 0.044 0.192 0.004 0.31 0.012 0.122 0.238 0.005
0.008 0.006 0.006 0.006 0.018 0.04 0.009 0.035 0.006 0.165 0.698 0.005
0.006 0.847 0.018 0.01 0.008 0.018 0.006 0.032 0.032 0.01 0.005 0.007
