0.928 0.008 0.011 0.011 0.008 0.011 0.013 0.01
0.917 0.016 0.008 0.01 0.012 0.02 0.011 0.005
0.84 0.008 0.027 0.012 0.059 0.009 0.038 0.006
0.484 0.043 0.22 0.006 0.006 0.224 0.007 0.01
0.852 0.01 0.039 0.014 0.015 0.015 0.047 0.009
0.741 0.028 0.155 0.009 0.017 0.009 0.026 0.014
0.176 0.015 0.016 0.016 0.07 0.454 0.242 0.01
0.703 0.033 0.01 0.134 0.01 0.009 0.096 0.004
0.158 0.459 0.308 0.015 0.027 0.02 0.008 0.005
0.401 0.413 0.137 0.007 0.018 0.007 0.012 0.006
0.867 0.048 0.044 0.007 0.011 0.008 0.008 0.007
0.923 0.008 0.008 0.005 0.014 0.015 0.018 0.009
0.837 0.03 0.096 0.006 0.009 0.007 0.007 0.008
0.267 0.056 0.015 0.257 0.011 0.018 0.365 0.011
0.661 0.168 0.013 0.019 0.014 0.047 0.066 0.014
0.927 0.013 0.012 0.007 0.009 0.013 0.007 0.013
0.268 0.622 0.021 0.01 0.016 0.012 0.027 0.025
0.727 0.11 0.057 0.028 0.047 0.009 0.006 0.015
0.522 0.016 0.048 0.005 0.009 0.375 0.006 0.018
0.053 0.047 0.109 0.011 0.028 0.03 0.708 0.014
0.311 0.09 0.041 0.041 0.013 0.491 0.008 0.006
0.91 0.01 0.02 0.007 0.018 0.007 0.011 0.017
0.812 0.031 0.019 0.014 0.022 0.033 0.018 0.051
0.94 0.015 0.007 0.006 0.009 0.006 0.009 0.007
0.021 0.012 0.044 0.205 0.025 0.018 0.081 0.595
0.006 0.004 0.005 0.143 0.005 0.005 0.049 0.782
0.01 0.005 0.045 0.009 0.008 0.456 0.03 0.437
0.042 0.109 0.171 0.115 0.018 0.009 0.205 0.33
0.096 0.015 0.011 0.01 0.043 0.012 0.009 0.804
0.007 0.007 0.013 0.047 0.007 0.009 0.163 0.748
0.008 0.004 0.005 0.004 0.006 0.005 0.006 0.963
0.009 0.008 0.008 0.006 0.015 0.011 0.057 0.884
0.019 0.01 0.037 0.427 0.032 0.008 0.044 0.423
0.012 0.011 0.012 0.017 0.011 0.009 0.008 0.919
0.04 0.059 0.035 0.04 0.167 0.029 0.05 0.578
0.029 0.013 0.08 0.01 0.024 0.017 0.787 0.041
0.006 0.004 0.006 0.004 0.007 0.005 0.008 0.96
0.013 0.008 0.061 0.008 0.07 0.016 0.007 0.817
0.068 0.082 0.009 0.012 0.028 0.033 0.027 0.742
0.011 0.008 0.008 0.006 0.009 0.006 0.01 0.942
0.099 0.015 0.021 0.011 0.03 0.397 0.023 0.405
0.062 0.005 0.325 0.006 0.009 0.008 0.043 0.541
0.011 0.013 0.01 0.008 0.025 0.282 0.092 0.558
0.012 0.099 0.05 0.006 0.008 0.011 0.008 0.807
0.011 0.029 0.283 0.005 0.007 0.009 0.019 0.638
0.011 0.1 0.05 0.006 0.008 0.011 0.008 0.806
0.006 0.004 0.006 0.004 0.007 0.005 0.008 0.96
0.006 0.004 0.006 0.004 0.007 0.005 0.008 0.96
0.007 0.018 0.01 0.017 0.925 0.01 0.005 0.009
0.023 0.21 0.364 0.363 0.019 0.01 0.005 0.005
0.011 0.014 0.024 0.073 0.528 0.03 0.02 0.301
0.04 0.007 0.01 0.85 0.059 0.023 0.006 0.006
0.007 0.019 0.011 0.016 0.047 0.887 0.007 0.007
0.01 0.042 0.011 0.551 0.356 0.013 0.006 0.012
0.08 0.028 0.014 0.208 0.628 0.01 0.009 0.024
0.011 0.013 0.026 0.886 0.025 0.014 0.017 0.008
0.012 0.014 0.029 0.876 0.03 0.014 0.016 0.008
0.021 0.237 0.039 0.008 0.642 0.035 0.009 0.009
0.093 0.142 0.023 0.218 0.203 0.291 0.006 0.024
0.027 0.009 0.016 0.012 0.9 0.014 0.007 0.016
0.009 0.009 0.007 0.931 0.018 0.011 0.008 0.006
0.295 0.073 0.015 0.189 0.313 0.057 0.015 0.044
0.008 0.683 0.068 0.142 0.069 0.01 0.007 0.013
0.008 0.02 0.012 0.302 0.601 0.018 0.031 0.008
0.008 0.008 0.031 0.401 0.451 0.034 0.059 0.008
0.01 0.013 0.013 0.013 0.014 0.921 0.007 0.009
0.015 0.008 0.008 0.012 0.04 0.905 0.005 0.005
0.005 0.007 0.005 0.005 0.008 0.961 0.004 0.006
0.005 0.006 0.006 0.005 0.008 0.96 0.005 0.005
0.013 0.047 0.005 0.022 0.891 0.011 0.006 0.005
0.01 0.045 0.015 0.1 0.796 0.01 0.01 0.014
0.097 0.012 0.034 0.014 0.42 0.407 0.008 0.008
0.113 0.014 0.21 0.499 0.023 0.009 0.103 0.028
0.015 0.021 0.798 0.008 0.009 0.006 0.133 0.01
0.026 0.058 0.748 0.073 0.026 0.011 0.032 0.026
0.014 0.132 0.755 0.021 0.038 0.008 0.024 0.009
0.037 0.035 0.031 0.044 0.801 0.032 0.014 0.005
0.489 0.009 0.024 0.027 0.262 0.135 0.013 0.041
0.135 0.296 0.298 0.012 0.196 0.035 0.013 0.014
0.074 0.011 0.104 0.023 0.546 0.208 0.016 0.02
0.054 0.01 0.641 0.013 0.237 0.016 0.019 0.01
0.005 0.006 0.964 0.003 0.005 0.006 0.006 0.005
0.014 0.007 0.654 0.009 0.008 0.009 0.292 0.007
0.096 0.036 0.651 0.007 0.05 0.019 0.116 0.025
0.027 0.016 0.87 0.006 0.012 0.033 0.026 0.01
0.125 0.02 0.03 0.007 0.698 0.014 0.016 0.091
0.117 0.031 0.06 0.009 0.575 0.009 0.018 0.181
0.007 0.005 0.951 0.006 0.011 0.006 0.007 0.007
0.034 0.344 0.141 0.033 0.366 0.014 0.052 0.016
0.034 0.008 0.056 0.032 0.283 0.479 0.052 0.055
0.032 0.025 0.894 0.006 0.016 0.007 0.01 0.009
0.006 0.021 0.866 0.006 0.075 0.009 0.011 0.006
0.014 0.048 0.316 0.065 0.089 0.014 0.444 0.009
0.015 0.007 0.929 0.006 0.011 0.014 0.012 0.007
0.073 0.033 0.831 0.01 0.013 0.023 0.009 0.008
0.043 0.016 0.874 0.006 0.018 0.014 0.012 0.017
0.007 0.019 0.089 0.012 0.726 0.01 0.124 0.012
0.022 0.039 0.023 0.012 0.73 0.03 0.126 0.018
0.019 0.007 0.007 0.009 0.92 0.012 0.012 0.014
0.008 0.009 0.023 0.011 0.926 0.008 0.009 0.007
0.009 0.013 0.011 0.009 0.02 0.88 0.047 0.011
0.013 0.011 0.015 0.009 0.882 0.025 0.032 0.013
0.012 0.01 0.008 0.007 0.791 0.014 0.008 0.151
0.017 0.01 0.016 0.007 0.751 0.168 0.012 0.018
0.031 0.017 0.836 0.008 0.06 0.029 0.009 0.011
0.009 0.011 0.045 0.02 0.853 0.039 0.014 0.009
0.04 0.006 0.042 0.014 0.839 0.017 0.021 0.02
0.104 0.417 0.037 0.036 0.063 0.026 0.05 0.268
0.012 0.038 0.88 0.019 0.02 0.014 0.008 0.01
0.054 0.072 0.185 0.012 0.496 0.071 0.1 0.01
0.074 0.009 0.063 0.01 0.697 0.058 0.022 0.067
0.03 0.011 0.041 0.008 0.096 0.744 0.024 0.046
0.012 0.051 0.616 0.011 0.261 0.021 0.018 0.01
0.046 0.025 0.032 0.015 0.831 0.021 0.011 0.019
0.031 0.013 0.099 0.04 0.332 0.016 0.46 0.008
0.064 0.052 0.021 0.01 0.439 0.34 0.017 0.057
0.02 0.029 0.031 0.136 0.467 0.024 0.231 0.063
0.023 0.01 0.142 0.006 0.757 0.027 0.014 0.021
0.008 0.017 0.884 0.009 0.032 0.027 0.008 0.015
0.017 0.025 0.665 0.011 0.248 0.015 0.008 0.012
0.013 0.035 0.061 0.131 0.139 0.012 0.582 0.027
0.027 0.016 0.073 0.012 0.051 0.035 0.566 0.221
0.028 0.025 0.016 0.312 0.023 0.01 0.214 0.373
0.189 0.2 0.236 0.033 0.039 0.019 0.247 0.038
0.918 0.009 0.014 0.019 0.013 0.008 0.01 0.009
0.617 0.011 0.206 0.01 0.019 0.01 0.115 0.011
0.316 0.026 0.019 0.056 0.042 0.03 0.499 0.013
0.371 0.014 0.021 0.034 0.32 0.01 0.198 0.032
0.586 0.03 0.266 0.006 0.016 0.029 0.051 0.016
0.066 0.029 0.025 0.014 0.778 0.015 0.061 0.011
0.171 0.009 0.698 0.022 0.011 0.006 0.067 0.016
0.047 0.005 0.079 0.024 0.018 0.011 0.807 0.009
0.935 0.007 0.01 0.005 0.006 0.005 0.027 0.006
0.038 0.01 0.009 0.011 0.074 0.009 0.832 0.017
0.546 0.027 0.02 0.012 0.057 0.012 0.284 0.043
0.876 0.007 0.009 0.008 0.011 0.007 0.073 0.008
0.895 0.01 0.014 0.012 0.025 0.008 0.01 0.025
0.885 0.007 0.011 0.012 0.02 0.012 0.042 0.012
0.914 0.009 0.013 0.01 0.025 0.007 0.008 0.015
0.528 0.02 0.379 0.007 0.016 0.018 0.017 0.016
0.315 0.011 0.134 0.014 0.052 0.008 0.449 0.016
0.152 0.009 0.023 0.008 0.013 0.01 0.773 0.011
0.396 0.036 0.406 0.013 0.016 0.032 0.097 0.006
0.247 0.041 0.151 0.023 0.028 0.329 0.167 0.014
0.006 0.01 0.027 0.02 0.016 0.033 0.882 0.005
0.093 0.018 0.071 0.011 0.075 0.043 0.605 0.085
0.047 0.032 0.275 0.014 0.019 0.019 0.586 0.009
0.191 0.036 0.15 0.041 0.069 0.094 0.389 0.03
0.235 0.01 0.009 0.006 0.009 0.01 0.711 0.009
0.248 0.026 0.205 0.014 0.095 0.046 0.35 0.016
0.008 0.005 0.006 0.006 0.006 0.006 0.956 0.007
0.047 0.007 0.015 0.01 0.012 0.009 0.894 0.006
0.326 0.006 0.015 0.025 0.011 0.012 0.506 0.1
0.021 0.007 0.021 0.01 0.009 0.007 0.91 0.014
0.017 0.058 0.145 0.008 0.028 0.013 0.716 0.016
0.014 0.018 0.007 0.006 0.006 0.011 0.93 0.008
0.005 0.004 0.006 0.005 0.005 0.005 0.966 0.005
0.046 0.024 0.032 0.035 0.051 0.052 0.684 0.075
0.023 0.006 0.009 0.014 0.011 0.01 0.92 0.006
0.015 0.008 0.028 0.009 0.061 0.01 0.666 0.203
0.007 0.005 0.006 0.007 0.006 0.004 0.956 0.01
0.206 0.168 0.047 0.008 0.136 0.348 0.077 0.01
0.009 0.005 0.014 0.008 0.006 0.005 0.948 0.005
0.013 0.005 0.006 0.005 0.008 0.006 0.95 0.007
0.008 0.012 0.016 0.011 0.009 0.008 0.915 0.022
0.011 0.006 0.009 0.01 0.007 0.007 0.943 0.007
0.005 0.005 0.008 0.005 0.005 0.004 0.963 0.005
0.254 0.04 0.469 0.014 0.031 0.041 0.142 0.007
0.024 0.012 0.04 0.016 0.822 0.02 0.058 0.007
0.01 0.174 0.049 0.054 0.692 0.008 0.005 0.007
0.005 0.009 0.009 0.008 0.952 0.006 0.006 0.005
0.155 0.029 0.428 0.043 0.232 0.011 0.042 0.06
0.015 0.542 0.11 0.015 0.267 0.024 0.008 0.019
0.011 0.044 0.051 0.01 0.866 0.006 0.005 0.006
0.007 0.051 0.013 0.047 0.854 0.018 0.005 0.005
0.029 0.159 0.129 0.025 0.624 0.013 0.013 0.009
0.013 0.012 0.014 0.014 0.888 0.008 0.015 0.036
0.007 0.188 0.049 0.024 0.694 0.008 0.008 0.022
0.031 0.037 0.011 0.014 0.864 0.009 0.008 0.026
0.005 0.014 0.008 0.018 0.93 0.01 0.005 0.009
0.097 0.016 0.052 0.015 0.18 0.625 0.01 0.006
0.016 0.01 0.093 0.352 0.474 0.028 0.022 0.005
0.049 0.332 0.011 0.115 0.102 0.04 0.008 0.343
0.556 0.074 0.007 0.316 0.019 0.011 0.009 0.009
0.575 0.188 0.015 0.017 0.042 0.013 0.011 0.139
0.064 0.534 0.01 0.231 0.132 0.014 0.006 0.009
0.035 0.506 0.009 0.124 0.237 0.025 0.005 0.06
0.011 0.027 0.027 0.209 0.022 0.487 0.028 0.19
0.03 0.041 0.016 0.011 0.019 0.859 0.009 0.014
0.029 0.296 0.103 0.036 0.022 0.499 0.009 0.006
0.005 0.007 0.026 0.014 0.01 0.924 0.005 0.008
0.017 0.436 0.011 0.034 0.024 0.011 0.006 0.46
0.024 0.023 0.009 0.017 0.023 0.773 0.007 0.124
0.011 0.639 0.008 0.045 0.015 0.008 0.006 0.268
0.012 0.012 0.108 0.013 0.016 0.82 0.01 0.009
0.042 0.088 0.016 0.086 0.024 0.086 0.015 0.642
0.019 0.213 0.009 0.357 0.029 0.017 0.005 0.351
0.018 0.229 0.239 0.11 0.187 0.197 0.008 0.013
0.022 0.117 0.186 0.011 0.01 0.637 0.01 0.007
0.013 0.054 0.079 0.074 0.018 0.699 0.032 0.032
0.061 0.286 0.008 0.399 0.025 0.005 0.006 0.21
0.043 0.771 0.035 0.024 0.09 0.017 0.008 0.011
0.012 0.18 0.206 0.051 0.221 0.027 0.011 0.292
0.011 0.582 0.065 0.062 0.019 0.117 0.006 0.139
0.007 0.03 0.042 0.022 0.014 0.581 0.008 0.295
0.012 0.122 0.006 0.355 0.046 0.067 0.006 0.386
0.028 0.801 0.018 0.088 0.034 0.017 0.007 0.006
0.031 0.825 0.007 0.02 0.084 0.012 0.012 0.009
0.011 0.015 0.011 0.271 0.009 0.602 0.072 0.01
0.009 0.025 0.007 0.834 0.008 0.02 0.087 0.01
0.016 0.158 0.02 0.186 0.201 0.399 0.008 0.012
0.008 0.896 0.011 0.014 0.035 0.01 0.02 0.005
0.011 0.382 0.019 0.497 0.008 0.024 0.049 0.01
0.008 0.402 0.048 0.015 0.008 0.501 0.011 0.007
0.006 0.95 0.013 0.007 0.006 0.006 0.007 0.006
0.008 0.042 0.011 0.854 0.017 0.026 0.029 0.013
0.051 0.757 0.012 0.134 0.024 0.009 0.005 0.009
0.009 0.198 0.016 0.664 0.022 0.06 0.018 0.013
0.007 0.905 0.013 0.023 0.009 0.022 0.014 0.007
0.008 0.925 0.01 0.021 0.015 0.008 0.005 0.007
0.006 0.907 0.01 0.014 0.042 0.011 0.005 0.006
0.012 0.938 0.011 0.019 0.007 0.005 0.005 0.004
0.005 0.956 0.011 0.009 0.005 0.005 0.005 0.004
0.009 0.938 0.011 0.011 0.007 0.007 0.01 0.008
0.014 0.931 0.009 0.008 0.01 0.015 0.005 0.007
0.014 0.9 0.024 0.009 0.013 0.023 0.012 0.006
0.008 0.938 0.011 0.009 0.012 0.011 0.008 0.005
0.006 0.932 0.014 0.013 0.013 0.006 0.011 0.005
0.041 0.761 0.021 0.027 0.058 0.035 0.04 0.017
0.03 0.822 0.007 0.061 0.021 0.014 0.006 0.039
0.011 0.349 0.018 0.537 0.023 0.007 0.052 0.005
0.015 0.283 0.01 0.389 0.018 0.252 0.028 0.004
0.007 0.062 0.011 0.584 0.024 0.288 0.015 0.01
0.03 0.287 0.019 0.032 0.036 0.581 0.009 0.007
0.011 0.813 0.018 0.049 0.079 0.017 0.007 0.007
0.012 0.928 0.011 0.01 0.01 0.012 0.009 0.009
0.034 0.805 0.088 0.015 0.01 0.024 0.018 0.007
0.01 0.89 0.026 0.011 0.029 0.025 0.005 0.005
0.008 0.009 0.005 0.954 0.007 0.008 0.005 0.004
0.008 0.009 0.005 0.954 0.007 0.008 0.005 0.004
0.008 0.009 0.005 0.954 0.007 0.008 0.005 0.004
0.012 0.155 0.013 0.74 0.051 0.01 0.013 0.006
0.007 0.432 0.014 0.514 0.008 0.007 0.011 0.007
0.01 0.017 0.009 0.222 0.006 0.723 0.007 0.006
0.007 0.894 0.011 0.045 0.012 0.016 0.009 0.006
0.178 0.065 0.014 0.029 0.121 0.343 0.047 0.203
0.025 0.79 0.038 0.025 0.024 0.071 0.013 0.013
0.019 0.726 0.018 0.07 0.085 0.054 0.021 0.007
0.014 0.022 0.01 0.88 0.014 0.022 0.026 0.012
0.056 0.123 0.01 0.046 0.082 0.605 0.045 0.034
0.008 0.027 0.005 0.931 0.01 0.008 0.006 0.005
0.209 0.216 0.018 0.111 0.13 0.119 0.009 0.187
0.008 0.027 0.006 0.931 0.01 0.007 0.006 0.005
0.123 0.125 0.578 0.094 0.037 0.026 0.01 0.008
0.051 0.013 0.056 0.785 0.022 0.009 0.043 0.022
0.032 0.167 0.399 0.025 0.218 0.124 0.029 0.007
0.011 0.024 0.658 0.174 0.011 0.018 0.089 0.015
0.014 0.083 0.523 0.009 0.297 0.028 0.022 0.024
0.007 0.04 0.871 0.01 0.019 0.012 0.006 0.035
0.16 0.076 0.324 0.01 0.294 0.023 0.026 0.087
0.084 0.035 0.584 0.069 0.125 0.032 0.009 0.062
0.016 0.011 0.42 0.29 0.077 0.064 0.115 0.008
0.011 0.02 0.844 0.044 0.016 0.035 0.014 0.016
0.011 0.055 0.487 0.192 0.018 0.064 0.165 0.008
0.045 0.014 0.233 0.011 0.123 0.544 0.016 0.015
0.12 0.008 0.485 0.008 0.042 0.308 0.02 0.011
0.805 0.006 0.04 0.009 0.037 0.022 0.072 0.008
0.645 0.057 0.224 0.013 0.021 0.012 0.017 0.01
0.725 0.008 0.023 0.009 0.018 0.197 0.007 0.014
0.046 0.366 0.425 0.021 0.065 0.045 0.017 0.016
0.932 0.005 0.011 0.008 0.008 0.008 0.017 0.011
0.179 0.009 0.022 0.014 0.021 0.014 0.734 0.009
0.304 0.009 0.13 0.049 0.011 0.236 0.251 0.01
0.845 0.006 0.029 0.024 0.015 0.012 0.061 0.009
0.664 0.015 0.217 0.008 0.05 0.022 0.01 0.014
0.388 0.007 0.273 0.055 0.014 0.068 0.191 0.005
0.043 0.006 0.03 0.01 0.007 0.189 0.707 0.009
0.02 0.013 0.039 0.012 0.858 0.041 0.007 0.012
