0.154 0.018 0.811 0.017
0.027 0.077 0.797 0.1
0.019 0.05 0.913 0.018
0.037 0.173 0.581 0.209
0.135 0.018 0.808 0.039
0.045 0.018 0.863 0.073
0.155 0.11 0.567 0.168
0.017 0.024 0.704 0.256
0.015 0.121 0.127 0.736
0.014 0.048 0.438 0.5
0.163 0.028 0.66 0.149
0.162 0.023 0.8 0.015
0.027 0.018 0.842 0.114
0.041 0.017 0.71 0.232
0.069 0.036 0.445 0.45
0.169 0.022 0.743 0.066
0.104 0.019 0.147 0.73
0.095 0.066 0.355 0.484
0.295 0.513 0.143 0.05
0.054 0.049 0.785 0.112
0.234 0.472 0.03 0.263
0.125 0.042 0.808 0.025
0.516 0.067 0.325 0.091
0.045 0.017 0.873 0.064
0.84 0.05 0.069 0.042
0.928 0.019 0.034 0.019
0.515 0.448 0.025 0.012
0.517 0.104 0.176 0.203
0.872 0.031 0.068 0.028
0.902 0.019 0.063 0.016
0.969 0.009 0.016 0.006
0.883 0.018 0.085 0.013
0.726 0.1 0.096 0.079
0.96 0.014 0.013 0.013
0.735 0.169 0.047 0.049
0.075 0.046 0.862 0.017
0.97 0.011 0.013 0.007
0.889 0.083 0.016 0.012
0.82 0.025 0.087 0.068
0.958 0.012 0.02 0.01
0.561 0.275 0.069 0.095
0.544 0.042 0.403 0.011
0.651 0.233 0.099 0.018
0.849 0.019 0.021 0.111
0.729 0.019 0.123 0.13
0.849 0.019 0.021 0.111
0.97 0.011 0.012 0.007
0.97 0.011 0.013 0.007
0.02 0.882 0.011 0.086
0.011 0.294 0.188 0.508
0.482 0.43 0.023 0.065
0.011 0.817 0.016 0.156
0.012 0.957 0.01 0.021
0.019 0.753 0.012 0.216
0.313 0.421 0.045 0.221
0.013 0.743 0.034 0.211
0.013 0.758 0.03 0.2
0.016 0.781 0.034 0.169
0.026 0.902 0.018 0.054
0.032 0.914 0.03 0.024
0.017 0.456 0.054 0.474
0.384 0.438 0.047 0.131
0.015 0.041 0.013 0.931
0.017 0.819 0.022 0.142
0.018 0.809 0.081 0.092
0.014 0.953 0.014 0.02
0.014 0.961 0.01 0.014
0.014 0.963 0.009 0.013
0.014 0.958 0.011 0.017
0.021 0.783 0.024 0.171
0.046 0.722 0.029 0.203
0.014 0.943 0.027 0.017
0.043 0.037 0.845 0.076
0.028 0.029 0.919 0.024
0.058 0.112 0.325 0.505
0.03 0.078 0.111 0.781
0.02 0.216 0.102 0.662
0.392 0.405 0.159 0.044
0.025 0.858 0.081 0.036
0.028 0.912 0.043 0.017
0.029 0.517 0.427 0.027
0.032 0.222 0.679 0.066
0.012 0.027 0.942 0.019
0.051 0.046 0.882 0.021
0.025 0.185 0.767 0.023
0.511 0.395 0.062 0.032
0.78 0.13 0.056 0.034
0.029 0.382 0.561 0.028
0.059 0.083 0.298 0.561
0.065 0.882 0.038 0.015
0.021 0.096 0.81 0.074
0.018 0.646 0.203 0.133
0.024 0.191 0.611 0.175
0.02 0.396 0.55 0.034
0.018 0.177 0.698 0.107
0.032 0.164 0.758 0.046
0.063 0.516 0.356 0.065
0.085 0.287 0.459 0.169
0.156 0.626 0.081 0.137
0.019 0.945 0.018 0.018
0.038 0.869 0.051 0.042
0.042 0.902 0.039 0.016
0.281 0.555 0.051 0.113
0.272 0.412 0.087 0.23
0.037 0.731 0.218 0.014
0.018 0.943 0.018 0.021
0.175 0.726 0.082 0.017
0.546 0.037 0.13 0.287
0.04 0.369 0.063 0.529
0.063 0.267 0.546 0.124
0.137 0.642 0.185 0.035
0.074 0.848 0.064 0.014
0.024 0.811 0.036 0.129
0.118 0.751 0.065 0.066
0.024 0.134 0.808 0.034
0.122 0.698 0.08 0.099
0.148 0.54 0.14 0.173
0.051 0.89 0.046 0.013
0.138 0.764 0.028 0.07
0.046 0.772 0.045 0.136
0.056 0.096 0.792 0.056
0.219 0.027 0.739 0.015
0.437 0.03 0.409 0.124
0.046 0.032 0.849 0.074
0.048 0.09 0.832 0.03
0.02 0.035 0.929 0.017
0.043 0.047 0.875 0.035
0.133 0.04 0.793 0.034
0.02 0.042 0.9 0.038
0.034 0.198 0.667 0.101
0.015 0.03 0.938 0.017
0.016 0.029 0.945 0.009
0.013 0.012 0.964 0.011
0.019 0.026 0.942 0.013
0.046 0.033 0.891 0.03
0.018 0.014 0.955 0.014
0.38 0.055 0.534 0.031
0.015 0.025 0.94 0.02
0.069 0.128 0.782 0.021
0.036 0.081 0.807 0.075
0.02 0.025 0.94 0.015
0.017 0.014 0.957 0.012
0.01 0.027 0.906 0.057
0.027 0.282 0.626 0.065
0.021 0.057 0.879 0.042
0.185 0.047 0.732 0.036
0.021 0.063 0.875 0.04
0.105 0.153 0.601 0.141
0.016 0.012 0.96 0.012
0.029 0.094 0.84 0.037
0.022 0.012 0.955 0.012
0.019 0.009 0.961 0.01
0.21 0.014 0.762 0.014
0.016 0.018 0.949 0.017
0.027 0.039 0.882 0.052
0.015 0.014 0.945 0.026
0.013 0.013 0.964 0.01
0.253 0.101 0.577 0.069
0.013 0.019 0.954 0.015
0.328 0.043 0.613 0.016
0.069 0.011 0.909 0.012
0.022 0.756 0.185 0.038
0.013 0.011 0.962 0.013
0.019 0.011 0.961 0.009
0.078 0.014 0.89 0.017
0.011 0.011 0.966 0.012
0.01 0.01 0.969 0.011
0.015 0.039 0.884 0.062
0.081 0.731 0.135 0.053
0.018 0.628 0.014 0.34
0.013 0.955 0.013 0.019
0.111 0.104 0.731 0.054
0.024 0.879 0.016 0.081
0.044 0.791 0.018 0.147
0.016 0.8 0.013 0.171
0.026 0.611 0.078 0.285
0.056 0.88 0.037 0.026
0.03 0.766 0.019 0.185
0.147 0.538 0.073 0.243
0.016 0.937 0.009 0.037
0.054 0.915 0.016 0.015
0.012 0.894 0.049 0.045
0.49 0.046 0.018 0.446
0.041 0.32 0.206 0.433
0.643 0.045 0.179 0.133
0.019 0.155 0.014 0.811
0.245 0.144 0.011 0.6
0.284 0.485 0.037 0.195
0.213 0.109 0.019 0.659
0.016 0.036 0.021 0.927
0.13 0.485 0.017 0.368
0.668 0.047 0.017 0.267
0.451 0.118 0.017 0.414
0.315 0.013 0.012 0.66
0.083 0.462 0.034 0.421
0.816 0.019 0.018 0.147
0.507 0.041 0.011 0.441
0.044 0.301 0.036 0.619
0.032 0.166 0.074 0.729
0.205 0.088 0.054 0.653
0.251 0.029 0.029 0.691
0.037 0.099 0.033 0.83
0.356 0.257 0.026 0.361
0.085 0.025 0.01 0.88
0.397 0.159 0.014 0.43
0.527 0.082 0.012 0.379
0.021 0.023 0.017 0.939
0.03 0.06 0.049 0.861
0.191 0.201 0.064 0.544
0.028 0.021 0.074 0.877
0.019 0.665 0.015 0.3
0.009 0.027 0.021 0.943
0.019 0.019 0.029 0.933
0.026 0.333 0.048 0.593
0.013 0.014 0.014 0.959
0.02 0.041 0.042 0.897
0.032 0.027 0.023 0.918
0.018 0.038 0.023 0.921
0.016 0.018 0.016 0.95
0.015 0.258 0.012 0.714
0.013 0.455 0.009 0.523
0.008 0.011 0.011 0.97
0.009 0.012 0.009 0.97
0.012 0.017 0.014 0.956
0.017 0.018 0.014 0.951
0.017 0.029 0.026 0.929
0.01 0.025 0.015 0.95
0.011 0.023 0.021 0.945
0.091 0.112 0.093 0.704
0.118 0.018 0.013 0.851
0.01 0.019 0.045 0.926
0.01 0.106 0.03 0.854
0.017 0.185 0.017 0.78
0.017 0.39 0.023 0.57
0.015 0.106 0.013 0.866
0.02 0.026 0.019 0.935
0.016 0.03 0.059 0.896
0.012 0.048 0.014 0.926
0.011 0.013 0.013 0.963
0.011 0.013 0.013 0.963
0.011 0.013 0.013 0.963
0.012 0.069 0.022 0.897
0.014 0.012 0.012 0.961
0.017 0.81 0.015 0.157
0.01 0.014 0.013 0.963
0.545 0.193 0.125 0.137
0.02 0.021 0.022 0.937
0.014 0.039 0.025 0.922
0.026 0.019 0.04 0.915
0.274 0.105 0.041 0.58
0.012 0.015 0.015 0.958
0.483 0.043 0.018 0.456
0.012 0.014 0.015 0.959
0.02 0.427 0.303 0.249
0.056 0.178 0.224 0.542
0.022 0.123 0.122 0.733
0.082 0.111 0.255 0.552
0.057 0.704 0.062 0.176
0.088 0.415 0.061 0.436
0.259 0.524 0.109 0.108
0.16 0.618 0.171 0.05
0.027 0.686 0.146 0.141
0.038 0.411 0.127 0.424
0.031 0.077 0.155 0.738
0.079 0.875 0.02 0.026
0.067 0.699 0.221 0.013
0.013 0.02 0.95 0.016
0.016 0.104 0.729 0.152
0.048 0.388 0.548 0.016
0.026 0.362 0.045 0.567
0.025 0.016 0.936 0.022
0.013 0.013 0.963 0.012
0.018 0.199 0.765 0.019
0.011 0.045 0.923 0.021
0.021 0.308 0.643 0.028
0.012 0.123 0.847 0.019
0.024 0.086 0.878 0.012
0.019 0.944 0.015 0.022
