0.016 0.016 0.874 0.095
0.063 0.047 0.873 0.017
0.015 0.041 0.928 0.015
0.129 0.1 0.746 0.025
0.03 0.014 0.878 0.078
0.048 0.014 0.908 0.03
0.276 0.066 0.507 0.151
0.192 0.02 0.758 0.029
0.574 0.08 0.334 0.012
0.343 0.037 0.609 0.011
0.096 0.021 0.795 0.087
0.013 0.02 0.875 0.093
0.067 0.013 0.903 0.017
0.262 0.015 0.637 0.086
0.346 0.028 0.559 0.067
0.044 0.014 0.851 0.091
0.63 0.016 0.277 0.076
0.34 0.047 0.56 0.053
0.037 0.315 0.462 0.186
0.098 0.043 0.551 0.308
0.225 0.316 0.307 0.152
0.017 0.028 0.888 0.067
0.079 0.053 0.511 0.357
0.04 0.012 0.923 0.025
0.03 0.047 0.046 0.876
0.012 0.016 0.021 0.951
0.012 0.387 0.02 0.582
0.129 0.091 0.114 0.667
0.028 0.028 0.082 0.862
0.013 0.016 0.037 0.934
0.006 0.008 0.013 0.973
0.014 0.016 0.058 0.912
0.057 0.107 0.061 0.775
0.014 0.014 0.013 0.959
0.058 0.228 0.035 0.679
0.013 0.041 0.502 0.445
0.006 0.01 0.01 0.974
0.011 0.093 0.016 0.88
0.072 0.021 0.073 0.834
0.012 0.01 0.017 0.962
0.146 0.192 0.137 0.525
0.009 0.043 0.306 0.643
0.015 0.19 0.064 0.731
0.082 0.015 0.018 0.885
0.086 0.014 0.073 0.827
0.082 0.015 0.018 0.884
0.006 0.01 0.01 0.973
0.006 0.01 0.01 0.974
0.054 0.922 0.01 0.013
0.526 0.249 0.217 0.009
0.097 0.5 0.018 0.384
0.076 0.902 0.013 0.008
0.016 0.965 0.008 0.01
0.118 0.857 0.011 0.014
0.17 0.594 0.058 0.178
0.099 0.861 0.022 0.018
0.091 0.873 0.02 0.016
0.112 0.844 0.031 0.013
0.046 0.916 0.021 0.017
0.017 0.934 0.028 0.021
0.364 0.54 0.035 0.06
0.137 0.568 0.065 0.229
0.937 0.037 0.012 0.013
0.077 0.885 0.015 0.022
0.052 0.832 0.043 0.073
0.016 0.959 0.014 0.01
0.011 0.969 0.009 0.011
0.012 0.969 0.008 0.011
0.015 0.963 0.01 0.012
0.124 0.841 0.021 0.015
0.135 0.811 0.022 0.031
0.014 0.944 0.032 0.011
0.067 0.038 0.584 0.311
0.018 0.021 0.851 0.11
0.429 0.102 0.342 0.127
0.731 0.076 0.148 0.045
0.659 0.218 0.107 0.015
0.033 0.499 0.224 0.244
0.033 0.808 0.139 0.02
0.014 0.921 0.04 0.025
0.023 0.457 0.486 0.033
0.045 0.133 0.709 0.113
0.017 0.023 0.865 0.096
0.018 0.034 0.809 0.139
0.02 0.133 0.819 0.028
0.033 0.492 0.136 0.339
0.029 0.238 0.119 0.615
0.02 0.286 0.588 0.107
0.523 0.106 0.296 0.076
0.014 0.906 0.029 0.05
0.049 0.059 0.873 0.019
0.09 0.695 0.184 0.031
0.147 0.213 0.355 0.286
0.026 0.328 0.577 0.068
0.067 0.113 0.806 0.014
0.033 0.108 0.832 0.027
0.058 0.544 0.285 0.114
0.161 0.369 0.366 0.105
0.111 0.707 0.091 0.09
0.015 0.954 0.015 0.016
0.04 0.88 0.035 0.045
0.014 0.919 0.029 0.037
0.163 0.606 0.046 0.185
0.338 0.385 0.095 0.182
0.013 0.705 0.253 0.03
0.018 0.949 0.016 0.018
0.015 0.76 0.092 0.133
0.313 0.047 0.195 0.445
0.479 0.356 0.121 0.044
0.114 0.263 0.571 0.052
0.029 0.623 0.248 0.1
0.012 0.862 0.052 0.074
0.1 0.845 0.032 0.023
0.06 0.777 0.084 0.079
0.036 0.2 0.567 0.198
0.096 0.74 0.082 0.083
0.129 0.515 0.083 0.272
0.01 0.903 0.04 0.047
0.058 0.791 0.03 0.121
0.082 0.812 0.069 0.037
0.046 0.112 0.621 0.221
0.019 0.038 0.512 0.431
0.155 0.028 0.265 0.552
0.062 0.025 0.847 0.067
0.017 0.058 0.896 0.029
0.013 0.027 0.931 0.029
0.028 0.043 0.834 0.095
0.029 0.065 0.734 0.172
0.027 0.03 0.922 0.021
0.072 0.212 0.682 0.035
0.014 0.022 0.949 0.016
0.007 0.031 0.786 0.176
0.009 0.01 0.967 0.014
0.011 0.029 0.608 0.351
0.024 0.028 0.867 0.081
0.011 0.011 0.96 0.018
0.021 0.039 0.736 0.204
0.014 0.02 0.951 0.015
0.015 0.082 0.865 0.039
0.046 0.052 0.875 0.027
0.012 0.02 0.912 0.056
0.011 0.012 0.925 0.052
0.04 0.019 0.928 0.013
0.05 0.237 0.635 0.078
0.032 0.051 0.479 0.438
0.034 0.041 0.429 0.497
0.029 0.064 0.563 0.345
0.138 0.142 0.537 0.183
0.012 0.012 0.801 0.175
0.035 0.076 0.839 0.05
0.009 0.01 0.524 0.457
0.011 0.01 0.574 0.406
0.011 0.012 0.445 0.532
0.012 0.017 0.524 0.447
0.036 0.031 0.498 0.435
0.019 0.01 0.523 0.447
0.008 0.011 0.528 0.454
0.059 0.09 0.36 0.491
0.013 0.018 0.634 0.334
0.011 0.031 0.343 0.615
0.009 0.009 0.504 0.479
0.034 0.722 0.214 0.029
0.011 0.01 0.532 0.447
0.008 0.01 0.595 0.387
0.014 0.011 0.497 0.479
0.009 0.009 0.536 0.445
0.01 0.009 0.533 0.449
0.058 0.031 0.891 0.02
0.036 0.809 0.083 0.072
0.243 0.73 0.014 0.013
0.014 0.965 0.01 0.01
0.048 0.102 0.755 0.095
0.076 0.89 0.015 0.018
0.095 0.861 0.02 0.025
0.117 0.859 0.012 0.011
0.208 0.678 0.089 0.025
0.02 0.905 0.027 0.048
0.11 0.847 0.015 0.028
0.18 0.657 0.074 0.089
0.025 0.956 0.008 0.012
0.013 0.902 0.043 0.042
0.027 0.922 0.035 0.015
0.666 0.032 0.017 0.285
0.335 0.267 0.371 0.027
0.238 0.036 0.326 0.399
0.783 0.179 0.024 0.014
0.736 0.112 0.011 0.14
0.346 0.385 0.03 0.239
0.793 0.049 0.017 0.141
0.942 0.027 0.019 0.013
0.531 0.356 0.017 0.096
0.571 0.033 0.015 0.381
0.648 0.06 0.017 0.275
0.799 0.01 0.011 0.179
0.593 0.306 0.032 0.069
0.466 0.015 0.014 0.505
0.667 0.032 0.01 0.291
0.656 0.259 0.042 0.044
0.808 0.1 0.065 0.027
0.781 0.041 0.04 0.138
0.811 0.022 0.024 0.143
0.881 0.066 0.029 0.024
0.577 0.178 0.023 0.221
0.92 0.018 0.009 0.053
0.649 0.092 0.011 0.249
0.626 0.059 0.01 0.305
0.949 0.021 0.016 0.014
0.875 0.051 0.051 0.023
0.632 0.138 0.04 0.19
0.83 0.019 0.042 0.109
0.323 0.646 0.015 0.016
0.947 0.026 0.016 0.012
0.933 0.017 0.019 0.031
0.652 0.276 0.043 0.029
0.964 0.012 0.012 0.012
0.883 0.035 0.025 0.056
0.925 0.026 0.029 0.02
0.92 0.031 0.016 0.033
0.959 0.015 0.013 0.013
0.79 0.188 0.01 0.011
0.611 0.371 0.008 0.01
0.97 0.011 0.012 0.007
0.973 0.01 0.009 0.008
0.963 0.014 0.012 0.011
0.96 0.015 0.013 0.012
0.94 0.024 0.022 0.014
0.956 0.022 0.013 0.009
0.947 0.023 0.018 0.012
0.744 0.089 0.105 0.062
0.905 0.016 0.013 0.067
0.923 0.015 0.051 0.01
0.883 0.079 0.028 0.009
0.827 0.143 0.013 0.018
0.654 0.307 0.025 0.013
0.886 0.09 0.013 0.011
0.95 0.02 0.017 0.014
0.875 0.028 0.081 0.015
0.933 0.04 0.018 0.009
0.968 0.011 0.01 0.011
0.968 0.011 0.01 0.011
0.968 0.011 0.01 0.011
0.908 0.062 0.016 0.015
0.965 0.011 0.01 0.014
0.141 0.829 0.015 0.015
0.968 0.011 0.011 0.009
0.187 0.218 0.113 0.483
0.946 0.017 0.021 0.016
0.928 0.039 0.021 0.012
0.926 0.016 0.026 0.032
0.727 0.054 0.03 0.189
0.964 0.013 0.012 0.012
0.633 0.042 0.027 0.299
0.964 0.013 0.012 0.011
0.213 0.357 0.414 0.016
0.375 0.174 0.131 0.321
0.743 0.124 0.103 0.031
0.378 0.073 0.148 0.4
0.125 0.769 0.049 0.058
0.409 0.416 0.066 0.109
0.073 0.606 0.129 0.192
0.05 0.626 0.219 0.105
0.102 0.66 0.091 0.146
0.346 0.442 0.129 0.083
0.692 0.06 0.089 0.159
0.022 0.873 0.035 0.07
0.012 0.613 0.314 0.061
0.013 0.018 0.953 0.016
0.095 0.075 0.817 0.013
0.012 0.278 0.678 0.032
0.457 0.447 0.067 0.029
0.015 0.013 0.954 0.018
0.011 0.013 0.751 0.224
0.019 0.165 0.678 0.138
0.015 0.027 0.946 0.012
0.019 0.187 0.777 0.018
0.021 0.103 0.833 0.043
0.01 0.064 0.588 0.338
0.018 0.953 0.014 0.015
