0.01 0.011 0.012 0.012 0.007 0.904 0.013 0.005 0.006 0.008 0.012
0.009 0.022 0.019 0.01 0.011 0.892 0.009 0.01 0.008 0.006 0.004
0.007 0.017 0.02 0.027 0.005 0.827 0.006 0.042 0.009 0.036 0.005
0.141 0.006 0.022 0.005 0.045 0.662 0.005 0.005 0.02 0.082 0.007
0.006 0.033 0.017 0.036 0.008 0.824 0.012 0.01 0.016 0.032 0.007
0.006 0.031 0.106 0.024 0.023 0.686 0.006 0.021 0.007 0.078 0.011
0.01 0.031 0.084 0.293 0.011 0.088 0.008 0.055 0.399 0.013 0.006
0.006 0.016 0.012 0.1 0.03 0.67 0.136 0.007 0.013 0.006 0.003
0.007 0.008 0.059 0.006 0.442 0.155 0.012 0.014 0.04 0.25 0.004
0.004 0.012 0.012 0.009 0.419 0.432 0.004 0.017 0.009 0.076 0.004
0.005 0.049 0.009 0.006 0.034 0.831 0.005 0.007 0.016 0.032 0.007
0.015 0.011 0.013 0.016 0.008 0.9 0.005 0.01 0.008 0.006 0.008
0.005 0.005 0.007 0.005 0.023 0.877 0.005 0.008 0.008 0.05 0.006
0.005 0.342 0.018 0.371 0.01 0.151 0.067 0.006 0.015 0.011 0.005
0.02 0.022 0.027 0.065 0.169 0.587 0.021 0.01 0.054 0.009 0.016
0.006 0.006 0.009 0.005 0.011 0.899 0.006 0.008 0.025 0.011 0.014
0.006 0.018 0.012 0.022 0.556 0.285 0.008 0.016 0.029 0.019 0.029
0.005 0.055 0.02 0.005 0.058 0.767 0.016 0.034 0.01 0.021 0.009
0.005 0.013 0.636 0.004 0.019 0.26 0.005 0.006 0.024 0.015 0.013
0.01 0.013 0.097 0.697 0.038 0.032 0.008 0.017 0.028 0.05 0.011
0.005 0.106 0.618 0.005 0.086 0.109 0.029 0.007 0.023 0.007 0.004
0.004 0.005 0.012 0.009 0.011 0.9 0.006 0.014 0.005 0.012 0.023
0.01 0.06 0.035 0.018 0.036 0.682 0.011 0.018 0.015 0.011 0.104
0.004 0.011 0.006 0.006 0.011 0.934 0.005 0.007 0.005 0.006 0.006
0.038 0.063 0.019 0.068 0.009 0.013 0.18 0.017 0.004 0.046 0.544
0.004 0.005 0.004 0.032 0.003 0.004 0.135 0.004 0.003 0.004 0.802
0.379 0.006 0.067 0.019 0.005 0.006 0.013 0.006 0.011 0.018 0.47
0.006 0.008 0.025 0.144 0.111 0.032 0.144 0.015 0.019 0.056 0.44
0.009 0.007 0.009 0.006 0.01 0.068 0.007 0.028 0.011 0.009 0.837
0.006 0.009 0.011 0.105 0.004 0.005 0.05 0.005 0.005 0.01 0.79
0.003 0.004 0.004 0.004 0.003 0.005 0.003 0.003 0.003 0.003 0.965
0.011 0.006 0.006 0.023 0.006 0.008 0.005 0.015 0.005 0.011 0.904
0.005 0.019 0.219 0.047 0.007 0.011 0.35 0.012 0.004 0.008 0.319
0.009 0.03 0.012 0.007 0.011 0.009 0.024 0.011 0.005 0.01 0.872
0.013 0.06 0.33 0.023 0.02 0.016 0.019 0.03 0.014 0.009 0.465
0.021 0.008 0.023 0.678 0.01 0.026 0.009 0.02 0.007 0.139 0.06
0.004 0.005 0.004 0.006 0.003 0.004 0.003 0.005 0.004 0.005 0.956
0.009 0.005 0.156 0.004 0.005 0.007 0.005 0.021 0.006 0.015 0.766
0.029 0.008 0.009 0.015 0.089 0.041 0.008 0.028 0.01 0.007 0.754
0.005 0.016 0.008 0.006 0.008 0.008 0.007 0.007 0.006 0.006 0.924
0.007 0.007 0.344 0.016 0.011 0.047 0.007 0.011 0.204 0.006 0.338
0.007 0.004 0.213 0.048 0.004 0.06 0.005 0.006 0.006 0.115 0.532
0.259 0.013 0.014 0.053 0.012 0.009 0.006 0.026 0.004 0.016 0.588
0.004 0.005 0.006 0.005 0.034 0.007 0.005 0.006 0.025 0.022 0.88
0.006 0.005 0.006 0.015 0.03 0.01 0.004 0.005 0.055 0.111 0.754
0.004 0.005 0.006 0.005 0.034 0.007 0.005 0.005 0.025 0.022 0.88
0.004 0.005 0.004 0.007 0.003 0.004 0.003 0.005 0.004 0.005 0.955
0.004 0.005 0.004 0.007 0.003 0.004 0.003 0.005 0.004 0.005 0.955
0.01 0.009 0.137 0.003 0.015 0.005 0.009 0.792 0.007 0.007 0.005
0.01 0.197 0.244 0.004 0.104 0.027 0.16 0.043 0.012 0.195 0.004
0.049 0.364 0.039 0.029 0.007 0.007 0.05 0.322 0.013 0.027 0.091
0.011 0.008 0.069 0.005 0.005 0.031 0.824 0.029 0.008 0.006 0.005
0.833 0.009 0.022 0.006 0.021 0.005 0.016 0.053 0.022 0.008 0.005
0.008 0.006 0.055 0.004 0.026 0.007 0.505 0.364 0.007 0.008 0.011
0.009 0.077 0.091 0.007 0.023 0.044 0.348 0.358 0.008 0.011 0.024
0.014 0.005 0.018 0.01 0.012 0.008 0.891 0.016 0.006 0.015 0.006
0.015 0.006 0.023 0.01 0.012 0.008 0.879 0.02 0.006 0.016 0.006
0.044 0.008 0.07 0.006 0.108 0.017 0.005 0.693 0.018 0.025 0.006
0.343 0.235 0.147 0.004 0.025 0.044 0.086 0.091 0.006 0.011 0.008
0.009 0.007 0.16 0.005 0.006 0.019 0.008 0.752 0.008 0.013 0.011
0.007 0.009 0.008 0.006 0.005 0.01 0.908 0.027 0.009 0.005 0.005
0.122 0.578 0.052 0.019 0.02 0.06 0.048 0.07 0.008 0.012 0.013
0.006 0.028 0.031 0.005 0.592 0.006 0.069 0.181 0.032 0.042 0.009
0.008 0.004 0.084 0.029 0.014 0.006 0.275 0.551 0.015 0.008 0.007
0.033 0.006 0.072 0.049 0.005 0.006 0.401 0.392 0.012 0.018 0.006
0.934 0.004 0.008 0.004 0.007 0.007 0.007 0.007 0.005 0.01 0.005
0.936 0.004 0.015 0.004 0.004 0.01 0.006 0.01 0.004 0.005 0.003
0.963 0.003 0.004 0.003 0.004 0.003 0.004 0.004 0.005 0.004 0.004
0.954 0.003 0.004 0.003 0.004 0.004 0.004 0.005 0.012 0.004 0.004
0.03 0.028 0.047 0.004 0.029 0.01 0.011 0.831 0.003 0.004 0.003
0.01 0.036 0.106 0.006 0.027 0.008 0.057 0.714 0.008 0.018 0.008
0.309 0.014 0.202 0.006 0.008 0.062 0.01 0.33 0.039 0.015 0.005
0.008 0.031 0.061 0.106 0.008 0.116 0.438 0.019 0.005 0.188 0.021
0.004 0.023 0.006 0.014 0.007 0.007 0.004 0.006 0.005 0.917 0.007
0.01 0.05 0.016 0.023 0.035 0.023 0.025 0.035 0.013 0.744 0.026
0.007 0.026 0.027 0.03 0.226 0.015 0.019 0.056 0.041 0.546 0.007
0.017 0.043 0.029 0.014 0.025 0.035 0.036 0.712 0.062 0.022 0.004
0.082 0.022 0.186 0.011 0.007 0.419 0.037 0.126 0.034 0.019 0.057
0.031 0.017 0.546 0.007 0.112 0.082 0.008 0.052 0.008 0.126 0.01
0.028 0.007 0.829 0.009 0.006 0.019 0.009 0.048 0.015 0.019 0.012
0.012 0.013 0.575 0.017 0.007 0.03 0.009 0.062 0.011 0.255 0.009
0.004 0.003 0.005 0.004 0.005 0.004 0.003 0.004 0.01 0.956 0.004
0.007 0.014 0.007 0.072 0.004 0.008 0.006 0.007 0.006 0.864 0.006
0.009 0.007 0.022 0.027 0.021 0.055 0.006 0.034 0.018 0.77 0.03
0.052 0.007 0.242 0.019 0.018 0.013 0.005 0.01 0.006 0.623 0.006
0.016 0.293 0.162 0.017 0.013 0.07 0.005 0.303 0.007 0.056 0.057
0.007 0.306 0.157 0.019 0.021 0.033 0.008 0.194 0.007 0.119 0.132
0.004 0.004 0.009 0.005 0.004 0.006 0.004 0.007 0.007 0.945 0.006
0.005 0.021 0.156 0.034 0.424 0.026 0.03 0.148 0.014 0.127 0.015
0.57 0.035 0.18 0.034 0.006 0.02 0.02 0.068 0.006 0.037 0.025
0.009 0.007 0.018 0.006 0.029 0.028 0.005 0.016 0.005 0.87 0.006
0.008 0.006 0.021 0.008 0.016 0.005 0.005 0.064 0.008 0.855 0.005
0.015 0.014 0.042 0.376 0.035 0.01 0.063 0.081 0.01 0.346 0.007
0.009 0.004 0.108 0.009 0.011 0.008 0.005 0.008 0.007 0.825 0.007
0.011 0.006 0.262 0.007 0.042 0.114 0.008 0.009 0.057 0.476 0.007
0.01 0.008 0.145 0.008 0.013 0.024 0.004 0.013 0.007 0.755 0.013
0.006 0.027 0.035 0.051 0.012 0.006 0.006 0.528 0.009 0.308 0.011
0.048 0.045 0.018 0.083 0.019 0.019 0.009 0.652 0.01 0.078 0.019
0.01 0.033 0.012 0.01 0.005 0.015 0.007 0.883 0.009 0.007 0.009
0.012 0.019 0.499 0.007 0.007 0.007 0.009 0.417 0.005 0.015 0.004
0.853 0.01 0.012 0.038 0.009 0.007 0.006 0.036 0.01 0.008 0.01
0.034 0.012 0.546 0.024 0.007 0.009 0.007 0.332 0.007 0.008 0.012
0.024 0.161 0.01 0.007 0.005 0.011 0.004 0.715 0.007 0.009 0.046
0.007 0.046 0.034 0.009 0.008 0.015 0.005 0.608 0.237 0.02 0.011
0.028 0.008 0.623 0.008 0.009 0.024 0.006 0.031 0.008 0.25 0.007
0.014 0.006 0.7 0.009 0.011 0.006 0.012 0.21 0.012 0.013 0.007
0.007 0.047 0.418 0.017 0.005 0.033 0.011 0.344 0.029 0.061 0.028
0.022 0.556 0.041 0.023 0.095 0.024 0.015 0.024 0.007 0.051 0.141
0.009 0.015 0.018 0.007 0.04 0.011 0.015 0.021 0.123 0.734 0.008
0.054 0.07 0.03 0.032 0.016 0.035 0.006 0.349 0.014 0.385 0.007
0.029 0.013 0.154 0.015 0.006 0.095 0.009 0.429 0.104 0.089 0.057
0.722 0.017 0.037 0.015 0.008 0.019 0.006 0.08 0.005 0.049 0.041
0.008 0.013 0.51 0.011 0.044 0.009 0.006 0.133 0.069 0.19 0.006
0.01 0.023 0.649 0.008 0.015 0.043 0.012 0.204 0.014 0.011 0.011
0.017 0.009 0.025 0.327 0.01 0.029 0.03 0.353 0.009 0.185 0.007
0.285 0.034 0.032 0.013 0.04 0.059 0.008 0.456 0.016 0.019 0.039
0.013 0.075 0.17 0.279 0.023 0.014 0.096 0.241 0.023 0.022 0.043
0.049 0.009 0.204 0.012 0.008 0.023 0.005 0.416 0.007 0.237 0.03
0.011 0.006 0.081 0.007 0.024 0.007 0.008 0.029 0.048 0.762 0.017
0.01 0.007 0.051 0.005 0.015 0.013 0.007 0.2 0.015 0.664 0.011
0.02 0.067 0.066 0.43 0.022 0.01 0.075 0.113 0.006 0.178 0.012
0.062 0.108 0.013 0.482 0.012 0.018 0.008 0.058 0.005 0.141 0.093
0.009 0.274 0.016 0.328 0.018 0.023 0.165 0.017 0.005 0.012 0.134
0.012 0.282 0.033 0.072 0.037 0.13 0.011 0.024 0.012 0.352 0.037
0.007 0.005 0.01 0.007 0.007 0.915 0.014 0.012 0.005 0.011 0.007
0.006 0.016 0.279 0.1 0.007 0.463 0.006 0.013 0.006 0.096 0.008
0.086 0.066 0.044 0.466 0.013 0.209 0.039 0.024 0.005 0.027 0.022
0.012 0.024 0.03 0.163 0.013 0.363 0.033 0.3 0.005 0.022 0.034
0.036 0.009 0.027 0.044 0.026 0.672 0.005 0.015 0.032 0.121 0.012
0.013 0.014 0.016 0.031 0.02 0.051 0.01 0.752 0.009 0.073 0.01
0.004 0.012 0.367 0.065 0.007 0.178 0.018 0.008 0.005 0.324 0.012
0.01 0.005 0.015 0.68 0.004 0.05 0.028 0.019 0.007 0.173 0.009
0.003 0.004 0.005 0.019 0.006 0.937 0.004 0.005 0.004 0.008 0.006
0.011 0.026 0.021 0.809 0.007 0.027 0.009 0.06 0.004 0.016 0.011
0.013 0.009 0.028 0.221 0.025 0.572 0.009 0.048 0.006 0.021 0.047
0.005 0.006 0.009 0.049 0.006 0.89 0.007 0.008 0.006 0.008 0.007
0.009 0.055 0.015 0.008 0.007 0.839 0.008 0.019 0.005 0.014 0.021
0.009 0.008 0.014 0.029 0.005 0.884 0.008 0.016 0.008 0.009 0.01
0.006 0.007 0.011 0.005 0.006 0.901 0.007 0.025 0.004 0.011 0.015
0.009 0.005 0.016 0.01 0.018 0.651 0.006 0.017 0.081 0.165 0.023
0.006 0.008 0.015 0.306 0.009 0.349 0.01 0.049 0.006 0.225 0.017
0.008 0.017 0.016 0.74 0.006 0.151 0.006 0.01 0.007 0.029 0.01
0.022 0.026 0.013 0.03 0.012 0.41 0.008 0.013 0.052 0.409 0.005
0.301 0.015 0.026 0.119 0.026 0.308 0.018 0.02 0.036 0.12 0.011
0.021 0.005 0.021 0.875 0.007 0.004 0.017 0.01 0.016 0.016 0.004
0.008 0.063 0.031 0.591 0.011 0.047 0.008 0.026 0.092 0.049 0.073
0.02 0.005 0.034 0.619 0.042 0.056 0.014 0.021 0.054 0.121 0.014
0.039 0.055 0.11 0.322 0.028 0.152 0.031 0.047 0.103 0.092 0.02
0.007 0.011 0.01 0.716 0.006 0.215 0.004 0.009 0.005 0.011 0.007
0.016 0.023 0.244 0.282 0.014 0.176 0.009 0.042 0.02 0.163 0.01
0.004 0.004 0.006 0.953 0.004 0.006 0.005 0.004 0.004 0.005 0.006
0.005 0.004 0.008 0.893 0.006 0.035 0.009 0.014 0.01 0.009 0.007
0.009 0.01 0.01 0.47 0.005 0.255 0.036 0.007 0.01 0.011 0.177
0.006 0.005 0.012 0.887 0.006 0.024 0.009 0.007 0.005 0.023 0.016
0.007 0.005 0.013 0.716 0.038 0.013 0.006 0.024 0.052 0.108 0.018
0.004 0.007 0.009 0.928 0.012 0.009 0.005 0.004 0.005 0.006 0.008
0.004 0.003 0.004 0.962 0.003 0.004 0.004 0.004 0.004 0.005 0.004
0.058 0.027 0.028 0.627 0.02 0.035 0.033 0.052 0.026 0.03 0.064
0.009 0.005 0.011 0.908 0.005 0.021 0.014 0.008 0.008 0.007 0.006
0.008 0.007 0.014 0.621 0.006 0.009 0.007 0.041 0.006 0.032 0.249
0.003 0.004 0.005 0.952 0.004 0.005 0.005 0.004 0.004 0.004 0.008
0.152 0.01 0.412 0.057 0.087 0.165 0.007 0.046 0.02 0.035 0.008
0.004 0.004 0.007 0.942 0.004 0.007 0.007 0.004 0.006 0.013 0.004
0.004 0.004 0.006 0.945 0.004 0.01 0.004 0.006 0.004 0.005 0.007
0.004 0.016 0.016 0.891 0.009 0.005 0.007 0.007 0.006 0.018 0.019
0.005 0.005 0.006 0.936 0.004 0.009 0.009 0.006 0.005 0.009 0.006
0.003 0.005 0.004 0.958 0.004 0.004 0.004 0.004 0.003 0.007 0.004
0.007 0.009 0.27 0.118 0.024 0.206 0.008 0.027 0.16 0.166 0.005
0.009 0.036 0.116 0.047 0.007 0.012 0.01 0.689 0.019 0.048 0.006
0.008 0.016 0.151 0.004 0.132 0.008 0.032 0.613 0.008 0.021 0.006
0.005 0.007 0.306 0.005 0.009 0.004 0.006 0.642 0.005 0.006 0.004
0.008 0.038 0.244 0.025 0.027 0.11 0.039 0.186 0.01 0.276 0.038
0.019 0.008 0.608 0.005 0.26 0.006 0.012 0.051 0.005 0.017 0.007
0.004 0.033 0.11 0.004 0.021 0.008 0.007 0.757 0.016 0.035 0.005
0.01 0.018 0.137 0.004 0.023 0.006 0.029 0.751 0.01 0.009 0.004
0.009 0.009 0.166 0.011 0.145 0.028 0.022 0.469 0.027 0.106 0.009
0.006 0.01 0.141 0.014 0.01 0.013 0.012 0.73 0.008 0.016 0.041
0.006 0.009 0.116 0.005 0.094 0.005 0.012 0.697 0.011 0.025 0.021
0.005 0.03 0.103 0.006 0.024 0.027 0.01 0.751 0.014 0.009 0.022
0.006 0.01 0.149 0.004 0.011 0.004 0.013 0.785 0.008 0.005 0.006
0.059 0.005 0.745 0.007 0.011 0.032 0.018 0.078 0.032 0.009 0.005
0.014 0.008 0.262 0.017 0.007 0.009 0.34 0.29 0.005 0.045 0.004
0.008 0.564 0.015 0.008 0.066 0.04 0.038 0.155 0.042 0.014 0.051
0.005 0.196 0.017 0.007 0.028 0.491 0.218 0.019 0.006 0.006 0.006
0.005 0.822 0.021 0.012 0.01 0.078 0.005 0.006 0.008 0.023 0.01
0.005 0.132 0.031 0.005 0.352 0.068 0.194 0.166 0.032 0.006 0.009
0.006 0.663 0.022 0.003 0.073 0.017 0.027 0.162 0.012 0.007 0.008
0.33 0.455 0.016 0.019 0.008 0.008 0.073 0.016 0.026 0.03 0.019
0.004 0.004 0.004 0.005 0.006 0.006 0.004 0.006 0.949 0.004 0.006
0.004 0.004 0.005 0.004 0.008 0.006 0.005 0.005 0.949 0.006 0.004
0.192 0.005 0.01 0.004 0.005 0.004 0.008 0.006 0.753 0.009 0.006
0.006 0.931 0.008 0.004 0.007 0.005 0.004 0.006 0.012 0.005 0.012
0.017 0.411 0.014 0.006 0.008 0.01 0.008 0.011 0.5 0.007 0.008
0.004 0.787 0.005 0.004 0.11 0.011 0.008 0.01 0.039 0.012 0.012
0.004 0.009 0.009 0.006 0.005 0.006 0.005 0.007 0.927 0.017 0.004
0.007 0.856 0.007 0.006 0.005 0.007 0.008 0.007 0.054 0.006 0.037
0.008 0.895 0.013 0.003 0.016 0.006 0.018 0.01 0.014 0.008 0.007
0.004 0.028 0.034 0.005 0.019 0.012 0.01 0.136 0.685 0.044 0.022
0.004 0.004 0.004 0.005 0.005 0.006 0.004 0.004 0.955 0.006 0.003
0.005 0.101 0.005 0.01 0.007 0.007 0.013 0.011 0.769 0.061 0.011
0.004 0.905 0.007 0.004 0.012 0.011 0.022 0.011 0.005 0.007 0.011
0.009 0.44 0.016 0.007 0.289 0.028 0.007 0.053 0.113 0.031 0.008
0.004 0.576 0.035 0.006 0.022 0.007 0.008 0.045 0.212 0.072 0.013
0.008 0.169 0.008 0.004 0.148 0.009 0.03 0.009 0.587 0.013 0.014
0.01 0.252 0.006 0.006 0.01 0.004 0.008 0.006 0.586 0.005 0.108
0.024 0.853 0.008 0.006 0.01 0.008 0.024 0.019 0.028 0.004 0.016
0.008 0.072 0.022 0.006 0.735 0.017 0.059 0.018 0.049 0.01 0.005
0.007 0.013 0.025 0.011 0.77 0.033 0.017 0.096 0.012 0.006 0.011
0.067 0.008 0.021 0.071 0.017 0.012 0.351 0.008 0.421 0.01 0.015
0.009 0.005 0.005 0.037 0.015 0.006 0.878 0.006 0.027 0.005 0.007
0.225 0.04 0.069 0.007 0.153 0.015 0.173 0.264 0.025 0.016 0.012
0.006 0.004 0.008 0.016 0.885 0.006 0.01 0.039 0.013 0.008 0.004
0.012 0.004 0.005 0.023 0.347 0.008 0.549 0.006 0.029 0.009 0.008
0.42 0.007 0.006 0.009 0.462 0.006 0.015 0.006 0.027 0.037 0.005
0.005 0.005 0.005 0.005 0.95 0.004 0.005 0.004 0.006 0.007 0.004
0.014 0.013 0.015 0.015 0.031 0.006 0.856 0.017 0.016 0.01 0.008
0.007 0.023 0.01 0.004 0.757 0.038 0.114 0.022 0.008 0.01 0.007
0.069 0.072 0.015 0.016 0.114 0.011 0.619 0.032 0.018 0.024 0.009
0.012 0.234 0.009 0.01 0.604 0.005 0.015 0.01 0.071 0.021 0.007
0.006 0.024 0.137 0.004 0.782 0.005 0.021 0.007 0.004 0.006 0.003
0.007 0.019 0.29 0.004 0.616 0.005 0.021 0.021 0.006 0.008 0.004
0.003 0.005 0.004 0.003 0.945 0.008 0.012 0.006 0.004 0.006 0.003
0.004 0.005 0.005 0.004 0.956 0.004 0.007 0.004 0.004 0.005 0.003
0.006 0.007 0.007 0.007 0.928 0.008 0.01 0.005 0.009 0.006 0.007
0.009 0.006 0.007 0.004 0.903 0.012 0.007 0.008 0.032 0.006 0.006
0.017 0.007 0.01 0.009 0.898 0.01 0.007 0.008 0.015 0.016 0.004
0.006 0.006 0.007 0.005 0.933 0.006 0.007 0.008 0.009 0.008 0.004
0.005 0.011 0.007 0.006 0.925 0.004 0.01 0.011 0.005 0.013 0.004
0.023 0.336 0.099 0.023 0.303 0.04 0.028 0.059 0.024 0.038 0.028
0.01 0.421 0.007 0.004 0.467 0.006 0.052 0.007 0.009 0.006 0.01
0.003 0.904 0.009 0.008 0.009 0.005 0.025 0.015 0.005 0.013 0.003
0.178 0.731 0.005 0.006 0.011 0.008 0.022 0.014 0.014 0.007 0.003
0.207 0.249 0.01 0.018 0.022 0.005 0.445 0.017 0.017 0.007 0.005
0.329 0.106 0.075 0.008 0.288 0.027 0.02 0.022 0.108 0.012 0.005
0.022 0.086 0.081 0.005 0.656 0.009 0.029 0.084 0.005 0.018 0.005
0.011 0.027 0.013 0.01 0.876 0.011 0.008 0.01 0.016 0.009 0.009
0.02 0.013 0.016 0.014 0.746 0.03 0.016 0.009 0.048 0.082 0.007
0.018 0.02 0.03 0.005 0.76 0.014 0.011 0.058 0.052 0.028 0.004
0.004 0.006 0.005 0.004 0.007 0.006 0.949 0.005 0.009 0.004 0.003
0.004 0.006 0.005 0.004 0.007 0.006 0.948 0.005 0.009 0.004 0.003
0.004 0.006 0.005 0.004 0.007 0.006 0.948 0.005 0.009 0.004 0.003
0.006 0.052 0.071 0.011 0.091 0.01 0.699 0.043 0.007 0.007 0.004
0.004 0.023 0.006 0.01 0.413 0.005 0.504 0.006 0.01 0.012 0.006
0.565 0.013 0.012 0.008 0.016 0.01 0.343 0.005 0.014 0.008 0.005
0.012 0.153 0.007 0.01 0.697 0.006 0.029 0.016 0.038 0.025 0.006
0.374 0.47 0.013 0.035 0.013 0.023 0.011 0.02 0.007 0.008 0.025
0.009 0.015 0.011 0.008 0.365 0.019 0.017 0.022 0.507 0.019 0.009
0.023 0.028 0.023 0.018 0.626 0.016 0.069 0.085 0.091 0.016 0.005
0.008 0.013 0.01 0.018 0.014 0.01 0.867 0.013 0.03 0.007 0.01
0.047 0.091 0.026 0.047 0.076 0.031 0.075 0.124 0.424 0.01 0.049
0.005 0.021 0.006 0.005 0.022 0.006 0.912 0.009 0.008 0.004 0.003
0.01 0.699 0.021 0.008 0.021 0.013 0.018 0.011 0.18 0.009 0.011
0.005 0.022 0.006 0.005 0.023 0.006 0.909 0.009 0.008 0.004 0.004
0.012 0.014 0.17 0.007 0.165 0.168 0.075 0.052 0.022 0.307 0.009
0.005 0.01 0.021 0.032 0.011 0.04 0.805 0.014 0.008 0.035 0.018
0.014 0.009 0.016 0.032 0.042 0.016 0.012 0.097 0.674 0.082 0.006
0.013 0.009 0.016 0.11 0.026 0.011 0.188 0.01 0.155 0.438 0.024
0.019 0.011 0.135 0.02 0.096 0.012 0.008 0.349 0.035 0.284 0.032
0.005 0.01 0.194 0.007 0.155 0.009 0.011 0.02 0.081 0.463 0.044
0.014 0.024 0.218 0.025 0.156 0.139 0.009 0.14 0.018 0.149 0.106
0.014 0.047 0.553 0.007 0.017 0.059 0.049 0.041 0.007 0.177 0.031
0.013 0.007 0.412 0.083 0.006 0.011 0.333 0.023 0.064 0.041 0.006
0.012 0.008 0.027 0.011 0.018 0.017 0.054 0.015 0.265 0.561 0.012
0.016 0.008 0.014 0.185 0.044 0.009 0.202 0.011 0.403 0.1 0.007
0.016 0.005 0.849 0.008 0.007 0.019 0.008 0.026 0.034 0.022 0.007
0.009 0.004 0.76 0.019 0.005 0.082 0.005 0.017 0.018 0.073 0.007
0.01 0.004 0.011 0.035 0.004 0.805 0.006 0.028 0.069 0.02 0.006
0.025 0.009 0.017 0.012 0.059 0.736 0.006 0.023 0.009 0.095 0.008
0.215 0.007 0.013 0.005 0.007 0.705 0.007 0.009 0.005 0.017 0.01
0.085 0.008 0.04 0.014 0.543 0.035 0.02 0.051 0.017 0.173 0.014
0.007 0.004 0.005 0.009 0.004 0.935 0.006 0.006 0.006 0.008 0.01
0.009 0.004 0.009 0.675 0.007 0.208 0.012 0.025 0.025 0.018 0.008
0.232 0.005 0.03 0.248 0.007 0.307 0.049 0.007 0.007 0.095 0.012
0.013 0.007 0.009 0.031 0.004 0.886 0.009 0.009 0.006 0.019 0.007
0.047 0.005 0.034 0.007 0.011 0.723 0.007 0.026 0.015 0.111 0.014
0.105 0.007 0.126 0.223 0.005 0.359 0.037 0.011 0.019 0.104 0.004
0.166 0.005 0.013 0.72 0.005 0.042 0.008 0.005 0.006 0.021 0.009
0.014 0.013 0.21 0.005 0.008 0.024 0.008 0.669 0.032 0.011 0.007
