0.017 0.859 0.107 0.017
0.093 0.827 0.022 0.057
0.017 0.913 0.019 0.052
0.18 0.587 0.082 0.151
0.037 0.846 0.099 0.018
0.066 0.859 0.041 0.034
0.168 0.552 0.21 0.07
0.241 0.714 0.022 0.023
0.652 0.188 0.014 0.146
0.431 0.479 0.013 0.076
0.14 0.714 0.111 0.035
0.014 0.855 0.111 0.021
0.109 0.838 0.023 0.029
0.243 0.687 0.054 0.017
0.398 0.501 0.07 0.031
0.058 0.791 0.132 0.019
0.688 0.207 0.084 0.021
0.434 0.416 0.076 0.075
0.045 0.261 0.217 0.477
0.099 0.695 0.145 0.061
0.262 0.142 0.169 0.426
0.022 0.848 0.086 0.044
0.087 0.431 0.415 0.067
0.06 0.888 0.035 0.017
0.046 0.091 0.81 0.053
0.025 0.044 0.913 0.018
0.013 0.024 0.624 0.339
0.166 0.183 0.517 0.134
0.025 0.069 0.878 0.027
0.016 0.08 0.883 0.021
0.007 0.02 0.964 0.01
0.013 0.071 0.899 0.017
0.082 0.112 0.659 0.147
0.014 0.016 0.954 0.016
0.053 0.054 0.659 0.235
0.016 0.715 0.214 0.055
0.006 0.013 0.969 0.012
0.011 0.016 0.86 0.113
0.062 0.069 0.849 0.021
0.012 0.023 0.952 0.013
0.095 0.098 0.574 0.233
0.01 0.344 0.562 0.084
0.016 0.081 0.733 0.17
0.098 0.02 0.858 0.024
0.105 0.102 0.766 0.027
0.097 0.02 0.859 0.024
0.007 0.013 0.969 0.012
0.006 0.013 0.969 0.012
0.076 0.011 0.019 0.895
0.505 0.169 0.01 0.316
0.071 0.024 0.505 0.399
0.203 0.017 0.012 0.768
0.034 0.01 0.181 0.775
0.242 0.012 0.02 0.726
0.213 0.061 0.234 0.492
0.242 0.031 0.017 0.71
0.23 0.029 0.015 0.726
0.165 0.034 0.023 0.777
0.103 0.023 0.084 0.79
0.022 0.031 0.029 0.917
0.496 0.047 0.033 0.424
0.141 0.065 0.354 0.439
0.924 0.013 0.015 0.048
0.143 0.022 0.022 0.813
0.092 0.075 0.041 0.793
0.022 0.015 0.204 0.759
0.016 0.011 0.161 0.811
0.014 0.009 0.216 0.761
0.016 0.01 0.216 0.758
0.217 0.025 0.063 0.696
0.215 0.027 0.049 0.709
0.016 0.028 0.02 0.936
0.08 0.737 0.139 0.045
0.023 0.878 0.056 0.044
0.437 0.301 0.08 0.182
0.705 0.114 0.034 0.147
0.653 0.12 0.03 0.197
0.037 0.195 0.385 0.383
0.049 0.103 0.025 0.823
0.015 0.041 0.029 0.915
0.024 0.375 0.029 0.572
0.049 0.569 0.064 0.318
0.018 0.907 0.043 0.032
0.019 0.841 0.084 0.056
0.022 0.67 0.034 0.274
0.032 0.095 0.451 0.422
0.032 0.084 0.664 0.219
0.021 0.483 0.054 0.441
0.537 0.274 0.062 0.128
0.016 0.039 0.169 0.777
0.06 0.718 0.021 0.201
0.095 0.158 0.021 0.726
0.156 0.462 0.115 0.266
0.026 0.479 0.039 0.457
0.082 0.62 0.017 0.281
0.037 0.669 0.032 0.261
0.058 0.285 0.082 0.575
0.151 0.393 0.17 0.286
0.123 0.087 0.233 0.557
0.017 0.018 0.02 0.946
0.037 0.04 0.231 0.691
0.017 0.041 0.06 0.882
0.123 0.048 0.351 0.478
0.223 0.093 0.343 0.341
0.014 0.207 0.035 0.744
0.021 0.017 0.018 0.945
0.016 0.084 0.141 0.759
0.299 0.165 0.497 0.038
0.438 0.076 0.042 0.445
0.116 0.543 0.109 0.232
0.032 0.2 0.18 0.588
0.014 0.053 0.259 0.674
0.103 0.032 0.025 0.84
0.065 0.071 0.109 0.754
0.034 0.695 0.091 0.181
0.097 0.081 0.24 0.582
0.161 0.145 0.2 0.493
0.012 0.039 0.049 0.9
0.059 0.029 0.134 0.779
0.094 0.05 0.042 0.815
0.06 0.691 0.116 0.133
0.017 0.637 0.312 0.033
0.147 0.368 0.454 0.031
0.073 0.846 0.051 0.03
0.033 0.854 0.039 0.074
0.016 0.893 0.024 0.067
0.033 0.868 0.057 0.042
0.034 0.782 0.133 0.05
0.036 0.878 0.026 0.06
0.104 0.646 0.044 0.207
0.016 0.864 0.015 0.105
0.01 0.882 0.077 0.032
0.01 0.965 0.013 0.012
0.013 0.82 0.14 0.028
0.028 0.882 0.058 0.031
0.013 0.956 0.018 0.013
0.029 0.647 0.264 0.061
0.018 0.942 0.017 0.023
0.021 0.815 0.05 0.114
0.063 0.79 0.034 0.113
0.014 0.928 0.031 0.027
0.012 0.947 0.027 0.014
0.055 0.9 0.012 0.033
0.064 0.616 0.091 0.229
0.036 0.727 0.182 0.054
0.032 0.632 0.289 0.047
0.037 0.739 0.143 0.081
0.129 0.575 0.139 0.157
0.012 0.9 0.076 0.013
0.036 0.802 0.037 0.125
0.011 0.793 0.185 0.011
0.01 0.816 0.164 0.01
0.012 0.677 0.297 0.014
0.015 0.79 0.178 0.017
0.049 0.72 0.182 0.05
0.024 0.785 0.178 0.013
0.009 0.8 0.179 0.012
0.062 0.505 0.345 0.088
0.014 0.834 0.134 0.018
0.014 0.555 0.391 0.041
0.011 0.771 0.208 0.01
0.049 0.234 0.047 0.67
0.012 0.8 0.177 0.011
0.009 0.827 0.153 0.011
0.015 0.754 0.216 0.014
0.011 0.804 0.174 0.011
0.011 0.804 0.176 0.01
0.06 0.859 0.019 0.062
0.04 0.101 0.066 0.792
0.302 0.014 0.017 0.668
0.019 0.011 0.013 0.957
0.055 0.686 0.098 0.161
0.108 0.016 0.023 0.853
0.106 0.017 0.032 0.846
0.187 0.013 0.018 0.782
0.228 0.071 0.026 0.676
0.025 0.037 0.053 0.885
0.151 0.017 0.027 0.804
0.222 0.078 0.12 0.58
0.034 0.008 0.016 0.942
0.015 0.028 0.058 0.899
0.062 0.041 0.014 0.884
0.477 0.018 0.47 0.034
0.426 0.272 0.032 0.27
0.185 0.258 0.502 0.055
0.798 0.019 0.018 0.165
0.657 0.012 0.222 0.109
0.27 0.038 0.331 0.36
0.6 0.019 0.32 0.061
0.919 0.021 0.019 0.041
0.35 0.017 0.293 0.34
0.39 0.016 0.555 0.039
0.409 0.016 0.51 0.065
0.711 0.011 0.264 0.013
0.419 0.034 0.136 0.411
0.253 0.016 0.714 0.018
0.522 0.012 0.431 0.036
0.59 0.034 0.048 0.328
0.69 0.068 0.043 0.198
0.593 0.06 0.296 0.051
0.75 0.026 0.196 0.027
0.826 0.031 0.038 0.105
0.413 0.023 0.299 0.265
0.863 0.01 0.095 0.032
0.452 0.013 0.419 0.115
0.445 0.011 0.485 0.059
0.94 0.017 0.019 0.024
0.863 0.053 0.03 0.054
0.517 0.054 0.292 0.136
0.843 0.078 0.06 0.019
0.358 0.017 0.076 0.549
0.944 0.02 0.011 0.025
0.927 0.03 0.026 0.018
0.578 0.041 0.129 0.252
0.958 0.014 0.013 0.015
0.885 0.042 0.037 0.036
0.92 0.026 0.028 0.026
0.921 0.019 0.026 0.034
0.951 0.015 0.016 0.017
0.778 0.011 0.014 0.197
0.613 0.009 0.012 0.365
0.969 0.011 0.008 0.012
0.97 0.009 0.009 0.012
0.958 0.014 0.012 0.016
0.951 0.015 0.017 0.017
0.926 0.025 0.018 0.031
0.95 0.014 0.01 0.025
0.941 0.02 0.012 0.028
0.711 0.105 0.085 0.099
0.873 0.015 0.094 0.017
0.926 0.047 0.01 0.017
0.855 0.032 0.035 0.077
0.791 0.016 0.054 0.139
0.608 0.025 0.077 0.29
0.881 0.013 0.014 0.092
0.936 0.018 0.021 0.025
0.887 0.062 0.017 0.033
0.925 0.015 0.012 0.047
0.964 0.012 0.011 0.012
0.964 0.013 0.011 0.012
0.963 0.012 0.011 0.013
0.909 0.02 0.013 0.059
0.963 0.012 0.014 0.012
0.192 0.017 0.138 0.654
0.963 0.013 0.011 0.013
0.143 0.111 0.582 0.164
0.931 0.023 0.023 0.023
0.917 0.025 0.016 0.041
0.908 0.041 0.033 0.018
0.518 0.035 0.386 0.061
0.96 0.014 0.012 0.014
0.497 0.023 0.431 0.049
0.96 0.014 0.012 0.014
0.222 0.306 0.019 0.453
0.475 0.193 0.15 0.182
0.695 0.117 0.034 0.154
0.452 0.205 0.2 0.143
0.133 0.05 0.055 0.762
0.357 0.055 0.088 0.5
0.078 0.111 0.203 0.607
0.056 0.171 0.135 0.638
0.125 0.125 0.072 0.678
0.336 0.111 0.053 0.499
0.675 0.147 0.085 0.094
0.025 0.028 0.088 0.858
0.013 0.238 0.072 0.677
0.016 0.948 0.016 0.021
0.127 0.713 0.016 0.144
0.015 0.573 0.107 0.305
0.474 0.052 0.033 0.441
0.022 0.939 0.024 0.015
0.011 0.88 0.095 0.013
0.02 0.717 0.103 0.16
0.019 0.927 0.013 0.041
0.023 0.617 0.021 0.339
0.02 0.784 0.029 0.167
0.011 0.751 0.174 0.064
0.019 0.015 0.019 0.948
