0.01 0.048 0.006 0.005 0.007 0.008 0.012 0.009 0.013 0.013 0.865 0.006
0.02 0.035 0.008 0.012 0.013 0.006 0.01 0.008 0.009 0.004 0.866 0.008
0.014 0.018 0.027 0.041 0.004 0.027 0.023 0.007 0.006 0.005 0.821 0.007
0.005 0.043 0.005 0.004 0.045 0.091 0.005 0.142 0.005 0.007 0.626 0.02
0.029 0.035 0.009 0.013 0.008 0.031 0.032 0.006 0.012 0.007 0.805 0.014
0.026 0.168 0.007 0.091 0.022 0.033 0.022 0.005 0.006 0.011 0.603 0.007
0.023 0.065 0.014 0.173 0.011 0.011 0.268 0.007 0.008 0.006 0.093 0.32
0.014 0.024 0.007 0.008 0.036 0.005 0.105 0.006 0.132 0.003 0.646 0.013
0.009 0.052 0.024 0.007 0.409 0.303 0.005 0.007 0.012 0.004 0.131 0.036
0.011 0.013 0.016 0.019 0.4 0.089 0.009 0.004 0.004 0.004 0.42 0.008
0.046 0.034 0.01 0.005 0.033 0.039 0.006 0.005 0.005 0.007 0.795 0.015
0.01 0.045 0.007 0.019 0.008 0.005 0.016 0.01 0.004 0.008 0.86 0.008
0.004 0.01 0.005 0.028 0.02 0.06 0.005 0.005 0.005 0.006 0.845 0.008
0.345 0.026 0.006 0.008 0.01 0.01 0.362 0.005 0.057 0.005 0.155 0.012
0.021 0.04 0.008 0.015 0.187 0.009 0.064 0.02 0.023 0.015 0.554 0.044
0.006 0.01 0.005 0.021 0.011 0.012 0.005 0.007 0.006 0.014 0.879 0.025
0.016 0.014 0.009 0.036 0.54 0.019 0.02 0.006 0.008 0.026 0.28 0.026
0.057 0.027 0.012 0.042 0.062 0.021 0.005 0.005 0.018 0.008 0.734 0.01
0.013 0.688 0.005 0.01 0.024 0.016 0.004 0.005 0.005 0.015 0.201 0.013
0.011 0.155 0.016 0.025 0.035 0.037 0.642 0.008 0.008 0.011 0.028 0.021
0.103 0.675 0.006 0.009 0.099 0.007 0.005 0.005 0.031 0.005 0.044 0.011
0.005 0.013 0.015 0.012 0.01 0.012 0.009 0.004 0.005 0.022 0.888 0.004
0.051 0.062 0.055 0.006 0.036 0.011 0.017 0.009 0.011 0.096 0.633 0.014
0.01 0.007 0.005 0.01 0.012 0.006 0.006 0.004 0.005 0.006 0.926 0.005
0.062 0.019 0.025 0.009 0.009 0.035 0.062 0.041 0.171 0.548 0.012 0.004
0.005 0.004 0.004 0.005 0.003 0.004 0.032 0.004 0.126 0.806 0.004 0.003
0.006 0.094 0.007 0.005 0.005 0.014 0.017 0.364 0.013 0.461 0.006 0.009
0.008 0.018 0.04 0.007 0.099 0.074 0.149 0.006 0.126 0.422 0.033 0.018
0.006 0.008 0.013 0.048 0.01 0.007 0.005 0.009 0.007 0.796 0.08 0.011
0.009 0.013 0.007 0.004 0.004 0.008 0.107 0.006 0.042 0.791 0.005 0.005
0.004 0.004 0.003 0.004 0.003 0.003 0.004 0.003 0.003 0.961 0.005 0.003
0.006 0.005 0.005 0.065 0.006 0.007 0.019 0.012 0.006 0.856 0.008 0.006
0.019 0.237 0.008 0.01 0.006 0.007 0.043 0.005 0.343 0.306 0.01 0.004
0.03 0.011 0.014 0.008 0.011 0.01 0.006 0.009 0.026 0.864 0.009 0.005
0.062 0.299 0.047 0.013 0.021 0.009 0.024 0.015 0.018 0.462 0.018 0.013
0.008 0.025 0.021 0.016 0.01 0.127 0.667 0.022 0.009 0.059 0.029 0.007
0.005 0.004 0.004 0.006 0.003 0.005 0.006 0.004 0.003 0.951 0.004 0.004
0.005 0.145 0.014 0.029 0.005 0.014 0.004 0.007 0.005 0.757 0.007 0.005
0.006 0.009 0.007 0.099 0.084 0.006 0.012 0.028 0.008 0.697 0.036 0.008
0.017 0.008 0.006 0.007 0.008 0.007 0.006 0.004 0.007 0.916 0.008 0.006
0.008 0.396 0.009 0.015 0.011 0.005 0.014 0.007 0.007 0.314 0.026 0.189
0.004 0.287 0.005 0.007 0.004 0.055 0.054 0.006 0.005 0.52 0.047 0.006
0.012 0.013 0.009 0.131 0.012 0.009 0.04 0.225 0.006 0.53 0.009 0.004
0.005 0.006 0.007 0.004 0.035 0.032 0.005 0.005 0.005 0.859 0.007 0.028
0.005 0.006 0.005 0.005 0.023 0.147 0.015 0.005 0.004 0.725 0.009 0.053
0.005 0.006 0.007 0.004 0.036 0.031 0.005 0.004 0.005 0.859 0.008 0.029
0.005 0.004 0.005 0.006 0.003 0.005 0.006 0.004 0.003 0.951 0.004 0.004
0.005 0.004 0.004 0.006 0.003 0.005 0.006 0.004 0.003 0.951 0.004 0.004
0.009 0.006 0.928 0.006 0.01 0.006 0.003 0.008 0.008 0.005 0.005 0.006
0.187 0.299 0.199 0.004 0.075 0.073 0.003 0.011 0.116 0.004 0.018 0.011
0.295 0.014 0.265 0.148 0.008 0.026 0.025 0.04 0.049 0.11 0.007 0.012
0.008 0.051 0.116 0.009 0.005 0.005 0.005 0.01 0.749 0.005 0.03 0.008
0.009 0.018 0.077 0.023 0.025 0.008 0.006 0.787 0.016 0.005 0.005 0.022
0.005 0.005 0.529 0.009 0.024 0.006 0.004 0.007 0.389 0.008 0.006 0.006
0.055 0.036 0.313 0.078 0.027 0.013 0.007 0.009 0.378 0.026 0.051 0.007
0.005 0.019 0.067 0.01 0.012 0.013 0.01 0.014 0.83 0.006 0.008 0.006
0.005 0.021 0.077 0.01 0.012 0.014 0.01 0.015 0.816 0.006 0.008 0.006
0.009 0.016 0.669 0.056 0.112 0.028 0.006 0.06 0.005 0.006 0.017 0.017
0.232 0.126 0.159 0.01 0.023 0.008 0.004 0.328 0.063 0.007 0.035 0.005
0.008 0.034 0.854 0.018 0.006 0.013 0.006 0.011 0.007 0.012 0.023 0.008
0.009 0.007 0.051 0.013 0.005 0.005 0.006 0.009 0.872 0.005 0.009 0.009
0.483 0.041 0.177 0.017 0.019 0.012 0.019 0.104 0.052 0.016 0.054 0.006
0.023 0.006 0.354 0.011 0.456 0.048 0.004 0.005 0.055 0.007 0.006 0.025
0.004 0.008 0.703 0.02 0.013 0.006 0.034 0.007 0.182 0.006 0.005 0.012
0.006 0.014 0.483 0.016 0.004 0.014 0.054 0.029 0.36 0.006 0.006 0.009
0.004 0.009 0.007 0.011 0.008 0.008 0.004 0.925 0.007 0.005 0.008 0.005
0.004 0.012 0.017 0.005 0.004 0.005 0.004 0.927 0.006 0.003 0.01 0.004
0.003 0.003 0.004 0.004 0.004 0.003 0.003 0.961 0.004 0.004 0.003 0.005
0.003 0.004 0.004 0.004 0.004 0.004 0.003 0.95 0.004 0.004 0.004 0.013
0.031 0.009 0.449 0.333 0.061 0.004 0.005 0.071 0.015 0.004 0.014 0.004
0.025 0.008 0.784 0.038 0.032 0.016 0.007 0.012 0.052 0.008 0.01 0.009
0.012 0.064 0.563 0.013 0.008 0.01 0.005 0.234 0.008 0.005 0.048 0.031
0.029 0.075 0.014 0.033 0.008 0.167 0.111 0.007 0.418 0.02 0.113 0.005
0.011 0.014 0.006 0.006 0.006 0.919 0.009 0.004 0.004 0.007 0.007 0.005
0.055 0.014 0.031 0.048 0.024 0.713 0.022 0.008 0.024 0.025 0.024 0.012
0.031 0.026 0.051 0.05 0.146 0.59 0.025 0.006 0.02 0.006 0.014 0.036
0.029 0.028 0.024 0.745 0.023 0.019 0.013 0.014 0.047 0.004 0.021 0.032
0.017 0.139 0.084 0.074 0.007 0.019 0.01 0.101 0.038 0.059 0.421 0.031
0.017 0.464 0.05 0.038 0.144 0.132 0.007 0.034 0.008 0.011 0.086 0.008
0.007 0.725 0.134 0.021 0.005 0.015 0.008 0.029 0.01 0.012 0.02 0.014
0.013 0.673 0.064 0.039 0.007 0.12 0.016 0.012 0.008 0.009 0.028 0.011
0.003 0.005 0.004 0.003 0.005 0.954 0.004 0.004 0.003 0.004 0.004 0.009
0.008 0.018 0.005 0.013 0.004 0.858 0.064 0.006 0.006 0.007 0.008 0.005
0.005 0.026 0.018 0.038 0.024 0.745 0.018 0.01 0.007 0.028 0.064 0.018
0.006 0.436 0.01 0.022 0.028 0.382 0.022 0.063 0.005 0.007 0.015 0.006
0.195 0.091 0.166 0.292 0.013 0.052 0.015 0.012 0.005 0.083 0.069 0.006
0.219 0.105 0.195 0.11 0.023 0.116 0.019 0.006 0.008 0.163 0.03 0.006
0.004 0.009 0.01 0.005 0.003 0.937 0.005 0.003 0.004 0.007 0.006 0.006
0.014 0.165 0.044 0.224 0.37 0.077 0.025 0.004 0.032 0.012 0.02 0.012
0.037 0.143 0.064 0.076 0.006 0.029 0.039 0.529 0.021 0.03 0.021 0.005
0.007 0.032 0.013 0.056 0.045 0.775 0.007 0.01 0.006 0.006 0.038 0.005
0.005 0.017 0.047 0.083 0.019 0.79 0.008 0.007 0.005 0.005 0.006 0.008
0.016 0.04 0.136 0.019 0.035 0.276 0.376 0.017 0.057 0.007 0.011 0.01
0.004 0.179 0.016 0.005 0.008 0.743 0.008 0.009 0.004 0.007 0.009 0.007
0.006 0.43 0.012 0.006 0.045 0.335 0.006 0.011 0.007 0.007 0.072 0.061
0.007 0.277 0.01 0.03 0.02 0.586 0.008 0.011 0.004 0.012 0.025 0.009
0.014 0.013 0.034 0.75 0.009 0.13 0.013 0.005 0.007 0.008 0.005 0.011
0.02 0.009 0.01 0.872 0.01 0.017 0.012 0.012 0.009 0.013 0.008 0.007
0.005 0.005 0.008 0.946 0.004 0.004 0.004 0.005 0.005 0.004 0.005 0.004
0.014 0.363 0.115 0.452 0.008 0.01 0.006 0.008 0.009 0.005 0.006 0.004
0.007 0.011 0.007 0.222 0.009 0.008 0.041 0.664 0.007 0.01 0.007 0.009
0.006 0.365 0.068 0.474 0.008 0.007 0.018 0.021 0.007 0.011 0.009 0.007
0.088 0.005 0.008 0.835 0.004 0.004 0.004 0.005 0.003 0.035 0.005 0.004
0.018 0.019 0.016 0.704 0.006 0.014 0.008 0.005 0.005 0.008 0.008 0.19
0.007 0.731 0.018 0.034 0.008 0.122 0.008 0.027 0.006 0.006 0.026 0.007
0.006 0.49 0.387 0.035 0.01 0.013 0.009 0.013 0.012 0.007 0.006 0.012
0.043 0.203 0.492 0.059 0.005 0.076 0.018 0.007 0.011 0.027 0.034 0.026
0.461 0.051 0.021 0.062 0.106 0.06 0.023 0.017 0.016 0.151 0.025 0.006
0.016 0.015 0.025 0.016 0.031 0.75 0.006 0.009 0.016 0.007 0.011 0.097
0.028 0.008 0.005 0.758 0.008 0.139 0.022 0.008 0.004 0.005 0.009 0.007
0.006 0.057 0.051 0.597 0.005 0.047 0.015 0.035 0.008 0.047 0.067 0.065
0.007 0.017 0.007 0.389 0.006 0.021 0.01 0.497 0.005 0.024 0.011 0.004
0.013 0.494 0.064 0.1 0.04 0.188 0.011 0.007 0.006 0.006 0.009 0.062
0.014 0.588 0.05 0.24 0.014 0.009 0.007 0.01 0.012 0.01 0.035 0.01
0.007 0.025 0.041 0.609 0.007 0.108 0.122 0.016 0.033 0.005 0.019 0.007
0.016 0.014 0.027 0.49 0.043 0.015 0.015 0.296 0.007 0.025 0.041 0.011
0.07 0.079 0.218 0.115 0.025 0.021 0.284 0.013 0.089 0.048 0.013 0.024
0.008 0.073 0.585 0.042 0.008 0.168 0.013 0.043 0.004 0.029 0.021 0.006
0.006 0.062 0.083 0.012 0.019 0.73 0.007 0.012 0.007 0.017 0.007 0.039
0.006 0.016 0.205 0.061 0.013 0.639 0.005 0.01 0.007 0.012 0.013 0.013
0.052 0.057 0.014 0.43 0.016 0.058 0.247 0.019 0.078 0.01 0.013 0.006
0.096 0.015 0.018 0.189 0.01 0.061 0.453 0.056 0.007 0.072 0.017 0.005
0.288 0.021 0.012 0.041 0.018 0.009 0.325 0.009 0.141 0.11 0.022 0.005
0.225 0.044 0.02 0.045 0.045 0.338 0.069 0.013 0.011 0.035 0.146 0.01
0.005 0.01 0.009 0.034 0.007 0.011 0.007 0.007 0.013 0.007 0.886 0.005
0.017 0.439 0.014 0.008 0.007 0.032 0.122 0.006 0.005 0.007 0.336 0.005
0.056 0.039 0.025 0.038 0.014 0.031 0.445 0.071 0.041 0.022 0.214 0.005
0.022 0.021 0.12 0.185 0.012 0.015 0.165 0.012 0.031 0.03 0.382 0.005
0.011 0.041 0.021 0.01 0.023 0.098 0.047 0.037 0.005 0.012 0.662 0.031
0.006 0.01 0.042 0.804 0.01 0.028 0.01 0.016 0.009 0.007 0.045 0.013
0.011 0.586 0.009 0.008 0.007 0.147 0.062 0.004 0.019 0.013 0.129 0.005
0.004 0.018 0.013 0.108 0.004 0.104 0.613 0.011 0.025 0.009 0.084 0.007
0.004 0.014 0.005 0.004 0.006 0.007 0.021 0.003 0.004 0.005 0.923 0.004
0.022 0.013 0.018 0.141 0.006 0.008 0.74 0.007 0.009 0.009 0.024 0.004
0.007 0.021 0.022 0.106 0.023 0.019 0.186 0.011 0.008 0.042 0.548 0.005
0.005 0.01 0.006 0.016 0.006 0.008 0.045 0.004 0.007 0.007 0.882 0.005
0.054 0.022 0.03 0.01 0.007 0.013 0.008 0.008 0.008 0.022 0.814 0.004
0.008 0.016 0.013 0.017 0.005 0.007 0.031 0.009 0.008 0.01 0.867 0.008
0.006 0.008 0.031 0.012 0.007 0.009 0.005 0.006 0.007 0.014 0.89 0.004
0.005 0.022 0.024 0.007 0.017 0.153 0.01 0.009 0.006 0.021 0.638 0.087
0.008 0.015 0.041 0.063 0.009 0.14 0.279 0.006 0.009 0.016 0.406 0.006
0.016 0.018 0.011 0.012 0.006 0.029 0.686 0.008 0.006 0.01 0.19 0.007
0.019 0.018 0.01 0.02 0.012 0.384 0.025 0.023 0.008 0.005 0.426 0.049
0.016 0.026 0.022 0.014 0.023 0.105 0.104 0.306 0.018 0.01 0.321 0.035
0.005 0.021 0.009 0.013 0.007 0.015 0.87 0.02 0.017 0.004 0.004 0.015
0.049 0.031 0.022 0.031 0.01 0.052 0.58 0.008 0.008 0.077 0.046 0.086
0.005 0.033 0.046 0.007 0.033 0.127 0.605 0.02 0.014 0.013 0.05 0.048
0.054 0.128 0.033 0.082 0.026 0.085 0.284 0.032 0.03 0.02 0.141 0.085
0.011 0.014 0.007 0.024 0.006 0.009 0.697 0.006 0.004 0.007 0.21 0.005
0.021 0.319 0.019 0.111 0.013 0.068 0.224 0.013 0.008 0.009 0.178 0.017
0.003 0.006 0.004 0.005 0.004 0.004 0.949 0.004 0.004 0.006 0.006 0.004
0.004 0.009 0.005 0.041 0.006 0.007 0.861 0.004 0.01 0.006 0.037 0.009
0.009 0.021 0.008 0.005 0.004 0.011 0.47 0.01 0.034 0.18 0.238 0.01
0.004 0.015 0.008 0.007 0.006 0.022 0.877 0.006 0.009 0.015 0.026 0.005
0.005 0.01 0.024 0.024 0.033 0.121 0.7 0.006 0.006 0.017 0.014 0.041
0.007 0.01 0.004 0.004 0.013 0.007 0.924 0.004 0.005 0.008 0.009 0.005
0.003 0.004 0.003 0.009 0.003 0.004 0.953 0.004 0.004 0.004 0.004 0.004
0.023 0.025 0.027 0.131 0.02 0.027 0.564 0.037 0.029 0.061 0.033 0.022
0.005 0.011 0.008 0.008 0.005 0.007 0.894 0.011 0.014 0.006 0.024 0.008
0.007 0.01 0.031 0.028 0.006 0.025 0.602 0.007 0.007 0.264 0.009 0.005
0.005 0.005 0.004 0.004 0.004 0.005 0.948 0.003 0.005 0.008 0.006 0.003
0.01 0.325 0.061 0.03 0.121 0.038 0.064 0.152 0.007 0.008 0.166 0.018
0.004 0.007 0.005 0.004 0.004 0.015 0.935 0.003 0.007 0.004 0.007 0.006
0.003 0.007 0.006 0.014 0.004 0.004 0.931 0.004 0.004 0.007 0.011 0.004
0.017 0.017 0.006 0.007 0.009 0.02 0.882 0.004 0.007 0.018 0.005 0.006
0.005 0.006 0.006 0.008 0.004 0.009 0.929 0.005 0.008 0.006 0.009 0.005
0.004 0.004 0.004 0.004 0.003 0.008 0.953 0.003 0.004 0.004 0.004 0.003
0.008 0.384 0.013 0.054 0.022 0.08 0.108 0.007 0.008 0.005 0.174 0.139
0.025 0.015 0.814 0.02 0.006 0.03 0.044 0.009 0.008 0.005 0.011 0.014
0.013 0.075 0.579 0.137 0.113 0.02 0.004 0.008 0.03 0.005 0.008 0.007
0.007 0.157 0.697 0.095 0.01 0.006 0.005 0.005 0.006 0.005 0.004 0.004
0.027 0.323 0.031 0.303 0.021 0.134 0.019 0.007 0.03 0.033 0.064 0.007
0.008 0.541 0.018 0.044 0.326 0.013 0.005 0.017 0.011 0.007 0.006 0.004
0.031 0.013 0.837 0.038 0.014 0.027 0.004 0.004 0.007 0.005 0.008 0.012
0.013 0.017 0.777 0.096 0.024 0.008 0.004 0.009 0.03 0.004 0.008 0.011
0.008 0.042 0.649 0.038 0.083 0.096 0.009 0.008 0.017 0.008 0.019 0.022
0.01 0.018 0.79 0.044 0.012 0.018 0.019 0.006 0.008 0.052 0.015 0.008
0.007 0.006 0.887 0.006 0.042 0.013 0.004 0.005 0.007 0.011 0.004 0.008
0.025 0.008 0.75 0.063 0.032 0.009 0.006 0.005 0.012 0.021 0.056 0.014
0.009 0.007 0.933 0.006 0.008 0.004 0.003 0.005 0.01 0.005 0.004 0.006
0.005 0.685 0.185 0.009 0.01 0.007 0.007 0.04 0.015 0.005 0.014 0.018
0.007 0.126 0.482 0.009 0.007 0.026 0.018 0.015 0.293 0.004 0.008 0.005
0.302 0.006 0.006 0.567 0.024 0.006 0.005 0.005 0.016 0.031 0.014 0.016
0.195 0.025 0.031 0.016 0.031 0.007 0.007 0.005 0.201 0.006 0.47 0.006
0.789 0.046 0.007 0.007 0.011 0.026 0.012 0.005 0.005 0.01 0.077 0.007
0.122 0.014 0.115 0.077 0.368 0.006 0.005 0.005 0.18 0.009 0.069 0.031
0.579 0.013 0.035 0.255 0.054 0.006 0.003 0.005 0.02 0.007 0.013 0.008
0.443 0.016 0.02 0.026 0.009 0.027 0.019 0.327 0.065 0.016 0.008 0.023
0.004 0.004 0.004 0.011 0.007 0.005 0.005 0.005 0.005 0.007 0.007 0.937
0.004 0.005 0.005 0.009 0.008 0.006 0.004 0.004 0.006 0.004 0.007 0.939
0.005 0.008 0.008 0.005 0.005 0.011 0.004 0.181 0.008 0.005 0.004 0.757
0.93 0.009 0.005 0.007 0.007 0.006 0.004 0.005 0.004 0.011 0.005 0.007
0.38 0.017 0.007 0.047 0.008 0.007 0.007 0.016 0.008 0.009 0.011 0.482
0.798 0.005 0.01 0.009 0.094 0.014 0.003 0.004 0.007 0.011 0.012 0.032
0.012 0.01 0.009 0.005 0.005 0.02 0.006 0.004 0.005 0.004 0.007 0.913
0.864 0.007 0.007 0.007 0.005 0.006 0.006 0.007 0.008 0.033 0.007 0.044
0.893 0.014 0.012 0.008 0.017 0.007 0.003 0.009 0.016 0.007 0.006 0.009
0.025 0.008 0.232 0.009 0.015 0.036 0.005 0.004 0.007 0.017 0.01 0.631
0.004 0.004 0.004 0.004 0.005 0.007 0.005 0.004 0.004 0.003 0.006 0.951
0.089 0.005 0.011 0.008 0.007 0.071 0.009 0.005 0.012 0.011 0.007 0.765
0.91 0.006 0.014 0.006 0.011 0.007 0.004 0.003 0.016 0.011 0.01 0.004
0.454 0.011 0.056 0.022 0.263 0.037 0.007 0.008 0.007 0.008 0.025 0.103
0.587 0.018 0.074 0.01 0.017 0.082 0.005 0.004 0.007 0.011 0.006 0.177
0.189 0.007 0.016 0.004 0.115 0.014 0.004 0.009 0.029 0.013 0.009 0.591
0.271 0.006 0.006 0.005 0.01 0.005 0.005 0.01 0.008 0.095 0.004 0.575
0.833 0.006 0.015 0.03 0.01 0.004 0.006 0.03 0.023 0.014 0.008 0.021
0.074 0.021 0.017 0.016 0.715 0.01 0.005 0.007 0.07 0.004 0.019 0.042
0.01 0.014 0.029 0.115 0.751 0.005 0.009 0.006 0.013 0.01 0.029 0.009
0.007 0.024 0.009 0.013 0.019 0.009 0.092 0.063 0.325 0.015 0.012 0.411
0.005 0.006 0.007 0.005 0.017 0.005 0.041 0.01 0.864 0.007 0.006 0.028
0.034 0.01 0.466 0.009 0.121 0.012 0.006 0.208 0.093 0.008 0.011 0.021
0.004 0.005 0.034 0.015 0.873 0.009 0.018 0.008 0.011 0.004 0.006 0.014
0.004 0.005 0.007 0.005 0.347 0.01 0.026 0.011 0.537 0.008 0.008 0.031
0.008 0.007 0.007 0.007 0.438 0.049 0.009 0.423 0.014 0.006 0.006 0.027
0.005 0.005 0.005 0.005 0.944 0.008 0.005 0.005 0.005 0.004 0.004 0.006
0.011 0.014 0.014 0.021 0.037 0.009 0.018 0.014 0.834 0.008 0.006 0.014
0.018 0.008 0.01 0.041 0.735 0.01 0.004 0.007 0.118 0.006 0.037 0.007
0.07 0.014 0.029 0.018 0.117 0.017 0.018 0.097 0.58 0.009 0.011 0.019
0.202 0.012 0.015 0.005 0.61 0.029 0.011 0.015 0.013 0.006 0.005 0.077
0.024 0.119 0.007 0.004 0.804 0.005 0.004 0.006 0.014 0.003 0.005 0.004
0.014 0.222 0.016 0.019 0.68 0.008 0.004 0.007 0.016 0.004 0.004 0.006
0.005 0.004 0.006 0.009 0.933 0.007 0.003 0.003 0.013 0.003 0.009 0.004
0.005 0.005 0.004 0.003 0.952 0.006 0.004 0.004 0.007 0.003 0.003 0.004
0.007 0.007 0.006 0.004 0.924 0.006 0.007 0.006 0.01 0.007 0.007 0.009
0.005 0.006 0.006 0.014 0.892 0.006 0.004 0.009 0.007 0.006 0.013 0.032
0.007 0.01 0.009 0.008 0.89 0.018 0.009 0.014 0.007 0.004 0.009 0.015
0.006 0.006 0.01 0.006 0.928 0.008 0.005 0.006 0.007 0.004 0.006 0.009
0.012 0.007 0.009 0.018 0.912 0.01 0.006 0.005 0.01 0.004 0.004 0.004
0.256 0.074 0.07 0.042 0.341 0.052 0.024 0.023 0.028 0.029 0.039 0.024
0.388 0.012 0.011 0.005 0.487 0.011 0.004 0.011 0.043 0.012 0.006 0.011
0.892 0.008 0.016 0.018 0.01 0.015 0.008 0.003 0.015 0.003 0.005 0.005
0.736 0.005 0.013 0.012 0.012 0.008 0.006 0.171 0.014 0.003 0.008 0.013
0.255 0.008 0.014 0.011 0.019 0.007 0.018 0.211 0.434 0.004 0.004 0.015
0.123 0.079 0.02 0.024 0.293 0.01 0.008 0.307 0.021 0.005 0.028 0.082
0.072 0.063 0.035 0.081 0.668 0.012 0.005 0.019 0.028 0.005 0.008 0.005
0.028 0.012 0.008 0.012 0.868 0.009 0.01 0.01 0.008 0.009 0.01 0.015
0.012 0.017 0.008 0.015 0.717 0.101 0.012 0.02 0.015 0.007 0.03 0.047
0.02 0.026 0.035 0.055 0.739 0.027 0.005 0.015 0.011 0.004 0.013 0.049
0.005 0.004 0.004 0.005 0.006 0.003 0.004 0.004 0.946 0.003 0.006 0.008
0.005 0.005 0.004 0.005 0.006 0.003 0.004 0.004 0.946 0.003 0.006 0.008
0.006 0.004 0.004 0.005 0.006 0.003 0.004 0.004 0.946 0.003 0.006 0.008
0.039 0.063 0.034 0.038 0.098 0.006 0.012 0.006 0.683 0.004 0.01 0.007
0.023 0.006 0.007 0.006 0.389 0.015 0.009 0.004 0.52 0.006 0.005 0.01
0.015 0.016 0.007 0.008 0.021 0.009 0.009 0.557 0.327 0.005 0.012 0.015
0.128 0.007 0.026 0.009 0.683 0.038 0.01 0.013 0.033 0.006 0.007 0.042
0.442 0.036 0.017 0.056 0.018 0.008 0.055 0.278 0.014 0.039 0.032 0.006
0.012 0.01 0.015 0.035 0.343 0.019 0.008 0.009 0.018 0.009 0.019 0.502
0.025 0.019 0.044 0.114 0.572 0.013 0.016 0.032 0.069 0.005 0.015 0.076
0.012 0.01 0.007 0.038 0.013 0.006 0.016 0.007 0.842 0.009 0.01 0.03
0.025 0.013 0.012 0.465 0.039 0.008 0.021 0.017 0.04 0.024 0.016 0.318
0.017 0.005 0.005 0.018 0.017 0.004 0.004 0.004 0.908 0.003 0.006 0.007
0.682 0.041 0.018 0.007 0.019 0.009 0.007 0.01 0.017 0.011 0.012 0.168
0.016 0.005 0.005 0.018 0.017 0.004 0.004 0.004 0.909 0.003 0.006 0.007
0.014 0.248 0.175 0.01 0.133 0.189 0.007 0.012 0.057 0.009 0.125 0.021
0.01 0.021 0.018 0.009 0.011 0.044 0.031 0.005 0.786 0.017 0.04 0.009
0.008 0.013 0.027 0.14 0.04 0.088 0.028 0.012 0.013 0.006 0.015 0.611
0.008 0.014 0.01 0.009 0.021 0.485 0.107 0.012 0.185 0.021 0.01 0.118
0.009 0.049 0.538 0.017 0.059 0.221 0.02 0.015 0.008 0.026 0.012 0.028
0.011 0.199 0.03 0.011 0.113 0.488 0.006 0.005 0.011 0.042 0.008 0.075
0.02 0.158 0.234 0.033 0.125 0.143 0.025 0.013 0.009 0.102 0.121 0.017
0.06 0.659 0.035 0.019 0.013 0.082 0.007 0.015 0.039 0.025 0.04 0.006
0.007 0.443 0.018 0.012 0.006 0.03 0.086 0.012 0.314 0.005 0.01 0.058
0.009 0.028 0.034 0.008 0.013 0.562 0.011 0.012 0.052 0.012 0.015 0.245
0.009 0.015 0.014 0.01 0.037 0.115 0.188 0.013 0.205 0.007 0.008 0.38
0.004 0.891 0.009 0.017 0.007 0.01 0.008 0.015 0.007 0.006 0.007 0.018
0.004 0.845 0.006 0.014 0.004 0.033 0.017 0.008 0.005 0.006 0.048 0.01
0.004 0.017 0.011 0.057 0.004 0.014 0.035 0.011 0.006 0.006 0.767 0.067
0.011 0.024 0.055 0.004 0.047 0.055 0.011 0.035 0.005 0.008 0.736 0.01
0.007 0.019 0.013 0.006 0.007 0.012 0.005 0.212 0.007 0.009 0.698 0.005
0.008 0.023 0.111 0.01 0.497 0.169 0.015 0.086 0.02 0.014 0.031 0.016
0.003 0.006 0.005 0.01 0.004 0.007 0.009 0.007 0.006 0.01 0.927 0.006
0.004 0.01 0.008 0.071 0.006 0.014 0.617 0.009 0.012 0.008 0.221 0.02
0.005 0.05 0.013 0.005 0.007 0.08 0.25 0.231 0.045 0.011 0.296 0.007
0.006 0.018 0.007 0.013 0.004 0.007 0.029 0.015 0.009 0.008 0.877 0.005
0.005 0.037 0.066 0.009 0.01 0.078 0.007 0.069 0.006 0.013 0.684 0.016
0.007 0.215 0.018 0.011 0.005 0.041 0.234 0.13 0.031 0.004 0.285 0.019
0.006 0.019 0.006 0.005 0.005 0.019 0.712 0.167 0.008 0.008 0.041 0.006
0.01 0.037 0.866 0.008 0.007 0.007 0.005 0.011 0.006 0.006 0.02 0.017
