0.006 0.012 0.932 0.012 0.011 0.009 0.01 0.008
0.008 0.004 0.936 0.009 0.013 0.015 0.008 0.006
0.024 0.005 0.857 0.035 0.01 0.02 0.006 0.044
0.004 0.007 0.722 0.005 0.174 0.007 0.026 0.054
0.009 0.007 0.856 0.044 0.009 0.036 0.01 0.03
0.007 0.01 0.807 0.02 0.006 0.028 0.014 0.107
0.012 0.006 0.07 0.189 0.011 0.69 0.008 0.014
0.017 0.005 0.754 0.121 0.007 0.016 0.075 0.006
0.018 0.005 0.298 0.006 0.017 0.012 0.392 0.252
0.016 0.006 0.57 0.008 0.006 0.017 0.18 0.198
0.008 0.007 0.903 0.006 0.006 0.026 0.019 0.027
0.006 0.008 0.929 0.015 0.015 0.014 0.006 0.007
0.004 0.006 0.908 0.005 0.005 0.007 0.015 0.05
0.013 0.008 0.249 0.42 0.007 0.254 0.038 0.011
0.007 0.015 0.755 0.045 0.026 0.027 0.114 0.01
0.005 0.011 0.945 0.005 0.006 0.01 0.009 0.008
0.008 0.028 0.452 0.018 0.007 0.025 0.442 0.019
0.016 0.009 0.827 0.005 0.007 0.051 0.058 0.026
0.005 0.011 0.663 0.005 0.244 0.021 0.009 0.041
0.014 0.012 0.045 0.801 0.017 0.017 0.035 0.059
0.008 0.005 0.489 0.006 0.299 0.079 0.078 0.036
0.014 0.021 0.921 0.009 0.006 0.006 0.007 0.016
0.017 0.085 0.801 0.015 0.016 0.03 0.021 0.015
0.005 0.006 0.956 0.007 0.004 0.008 0.008 0.006
0.057 0.703 0.014 0.069 0.036 0.022 0.025 0.073
0.015 0.927 0.004 0.033 0.005 0.005 0.006 0.004
0.005 0.46 0.006 0.013 0.474 0.005 0.006 0.032
0.112 0.586 0.031 0.085 0.008 0.008 0.102 0.069
0.013 0.863 0.062 0.006 0.012 0.019 0.014 0.011
0.008 0.918 0.005 0.037 0.009 0.007 0.007 0.01
0.003 0.973 0.005 0.004 0.004 0.004 0.003 0.004
0.007 0.919 0.007 0.031 0.01 0.006 0.007 0.013
0.061 0.598 0.017 0.122 0.04 0.018 0.088 0.055
0.01 0.931 0.009 0.007 0.009 0.012 0.014 0.009
0.097 0.655 0.02 0.018 0.089 0.05 0.041 0.031
0.021 0.062 0.029 0.766 0.022 0.009 0.009 0.083
0.004 0.966 0.004 0.007 0.004 0.006 0.003 0.005
0.017 0.889 0.007 0.005 0.028 0.008 0.005 0.041
0.009 0.785 0.047 0.018 0.018 0.019 0.096 0.008
0.005 0.955 0.007 0.005 0.005 0.009 0.006 0.007
0.016 0.366 0.179 0.023 0.137 0.252 0.011 0.017
0.006 0.596 0.103 0.043 0.013 0.005 0.005 0.229
0.008 0.594 0.008 0.059 0.295 0.009 0.009 0.017
0.006 0.925 0.009 0.005 0.005 0.007 0.023 0.02
0.005 0.81 0.013 0.022 0.007 0.009 0.032 0.102
0.006 0.926 0.008 0.005 0.005 0.007 0.023 0.02
0.004 0.966 0.005 0.007 0.005 0.006 0.003 0.005
0.004 0.966 0.004 0.007 0.004 0.006 0.003 0.005
0.927 0.007 0.005 0.003 0.011 0.011 0.028 0.008
0.291 0.004 0.05 0.004 0.009 0.056 0.23 0.356
0.272 0.09 0.008 0.026 0.028 0.546 0.011 0.02
0.926 0.004 0.012 0.004 0.012 0.007 0.028 0.006
0.043 0.004 0.005 0.005 0.906 0.012 0.017 0.008
0.907 0.007 0.005 0.005 0.008 0.01 0.05 0.007
0.705 0.023 0.074 0.009 0.013 0.083 0.076 0.018
0.913 0.005 0.007 0.012 0.011 0.006 0.037 0.009
0.92 0.004 0.007 0.011 0.01 0.006 0.034 0.009
0.796 0.007 0.019 0.007 0.047 0.013 0.062 0.048
0.524 0.009 0.022 0.004 0.375 0.029 0.024 0.014
0.904 0.014 0.021 0.007 0.016 0.01 0.007 0.02
0.857 0.007 0.006 0.035 0.009 0.007 0.074 0.006
0.234 0.026 0.096 0.014 0.106 0.461 0.045 0.018
0.125 0.008 0.007 0.006 0.007 0.021 0.781 0.046
0.927 0.006 0.005 0.013 0.008 0.007 0.026 0.007
0.867 0.007 0.005 0.066 0.016 0.009 0.015 0.014
0.01 0.005 0.007 0.004 0.953 0.005 0.008 0.008
0.011 0.004 0.007 0.004 0.958 0.004 0.006 0.006
0.005 0.005 0.004 0.003 0.97 0.004 0.005 0.004
0.006 0.005 0.004 0.004 0.967 0.005 0.005 0.005
0.88 0.004 0.012 0.005 0.025 0.046 0.024 0.005
0.895 0.01 0.011 0.007 0.01 0.019 0.033 0.016
0.485 0.006 0.05 0.006 0.382 0.036 0.009 0.027
0.087 0.031 0.107 0.455 0.016 0.04 0.04 0.224
0.007 0.01 0.011 0.155 0.006 0.056 0.007 0.748
0.017 0.028 0.021 0.028 0.01 0.028 0.042 0.827
0.024 0.007 0.013 0.023 0.008 0.015 0.175 0.737
0.141 0.004 0.044 0.013 0.019 0.653 0.098 0.027
0.117 0.05 0.576 0.012 0.142 0.068 0.011 0.023
0.166 0.013 0.11 0.01 0.403 0.018 0.055 0.226
0.184 0.015 0.028 0.011 0.523 0.01 0.009 0.22
0.096 0.008 0.054 0.015 0.059 0.011 0.006 0.751
0.003 0.005 0.005 0.005 0.005 0.004 0.005 0.969
0.006 0.006 0.011 0.31 0.008 0.031 0.004 0.624
0.018 0.043 0.1 0.152 0.015 0.034 0.018 0.621
0.008 0.007 0.022 0.019 0.078 0.007 0.009 0.851
0.141 0.084 0.109 0.017 0.064 0.391 0.009 0.187
0.153 0.207 0.072 0.023 0.019 0.283 0.02 0.222
0.007 0.006 0.006 0.006 0.004 0.005 0.004 0.963
0.032 0.019 0.031 0.057 0.014 0.025 0.596 0.225
0.049 0.028 0.013 0.025 0.755 0.023 0.007 0.1
0.007 0.007 0.026 0.008 0.009 0.006 0.014 0.923
0.016 0.005 0.005 0.007 0.008 0.006 0.008 0.944
0.121 0.01 0.012 0.429 0.015 0.01 0.068 0.336
0.008 0.006 0.01 0.01 0.011 0.005 0.006 0.945
0.016 0.007 0.323 0.008 0.023 0.009 0.023 0.591
0.008 0.013 0.043 0.01 0.015 0.01 0.009 0.892
0.174 0.015 0.006 0.132 0.013 0.057 0.011 0.592
0.088 0.021 0.024 0.196 0.054 0.413 0.038 0.165
0.314 0.013 0.051 0.015 0.028 0.556 0.009 0.015
0.303 0.007 0.008 0.009 0.333 0.027 0.009 0.305
0.007 0.009 0.007 0.029 0.916 0.016 0.008 0.008
0.159 0.017 0.014 0.035 0.558 0.015 0.008 0.194
0.109 0.017 0.018 0.012 0.037 0.781 0.007 0.02
0.079 0.012 0.023 0.015 0.012 0.823 0.007 0.03
0.02 0.009 0.034 0.007 0.194 0.008 0.008 0.72
0.27 0.009 0.008 0.011 0.394 0.008 0.015 0.286
0.442 0.035 0.044 0.023 0.086 0.07 0.006 0.293
0.018 0.169 0.041 0.025 0.03 0.583 0.088 0.047
0.012 0.009 0.01 0.006 0.008 0.017 0.039 0.899
0.036 0.009 0.034 0.03 0.064 0.584 0.014 0.23
0.153 0.051 0.162 0.019 0.153 0.084 0.013 0.366
0.011 0.028 0.014 0.016 0.86 0.026 0.006 0.039
0.087 0.01 0.011 0.017 0.106 0.033 0.025 0.712
0.268 0.024 0.092 0.012 0.236 0.234 0.027 0.108
0.065 0.009 0.051 0.471 0.024 0.017 0.029 0.335
0.152 0.045 0.114 0.022 0.396 0.172 0.071 0.028
0.494 0.065 0.016 0.206 0.048 0.088 0.045 0.038
0.222 0.031 0.017 0.01 0.166 0.009 0.007 0.539
0.015 0.015 0.006 0.006 0.016 0.011 0.02 0.91
0.076 0.014 0.015 0.006 0.013 0.011 0.01 0.857
0.056 0.015 0.01 0.511 0.032 0.029 0.05 0.299
0.023 0.11 0.02 0.526 0.034 0.14 0.01 0.137
0.043 0.223 0.031 0.338 0.01 0.201 0.137 0.017
0.02 0.041 0.096 0.133 0.019 0.473 0.027 0.192
0.022 0.007 0.934 0.008 0.008 0.006 0.006 0.009
0.029 0.009 0.679 0.103 0.009 0.011 0.006 0.153
0.027 0.02 0.219 0.53 0.114 0.041 0.019 0.028
0.144 0.031 0.5 0.224 0.012 0.033 0.024 0.031
0.014 0.014 0.656 0.051 0.033 0.012 0.015 0.205
0.449 0.016 0.185 0.09 0.019 0.064 0.045 0.133
0.011 0.012 0.373 0.055 0.006 0.008 0.009 0.528
0.036 0.013 0.052 0.706 0.014 0.005 0.004 0.17
0.005 0.007 0.95 0.019 0.004 0.004 0.005 0.007
0.021 0.015 0.033 0.858 0.017 0.025 0.008 0.024
0.036 0.056 0.568 0.26 0.018 0.011 0.028 0.023
0.006 0.008 0.897 0.063 0.005 0.007 0.006 0.008
0.024 0.025 0.882 0.009 0.011 0.022 0.009 0.018
0.014 0.011 0.909 0.033 0.01 0.01 0.005 0.009
0.03 0.015 0.92 0.006 0.007 0.006 0.006 0.01
0.019 0.018 0.749 0.01 0.01 0.009 0.015 0.169
0.038 0.019 0.365 0.365 0.007 0.008 0.009 0.188
0.009 0.01 0.127 0.799 0.01 0.015 0.007 0.023
0.01 0.006 0.526 0.083 0.017 0.075 0.017 0.265
0.018 0.017 0.331 0.12 0.351 0.015 0.034 0.114
0.01 0.005 0.005 0.907 0.03 0.01 0.01 0.024
0.016 0.063 0.044 0.621 0.014 0.149 0.011 0.082
0.034 0.016 0.078 0.601 0.021 0.008 0.047 0.196
0.031 0.022 0.201 0.394 0.072 0.096 0.039 0.145
0.008 0.007 0.217 0.73 0.009 0.01 0.006 0.013
0.019 0.011 0.161 0.274 0.097 0.027 0.022 0.388
0.004 0.006 0.006 0.965 0.005 0.004 0.004 0.005
0.006 0.007 0.05 0.9 0.006 0.01 0.01 0.011
0.009 0.231 0.222 0.497 0.011 0.01 0.007 0.013
0.009 0.015 0.019 0.921 0.008 0.005 0.006 0.017
0.021 0.029 0.021 0.724 0.009 0.012 0.036 0.148
0.005 0.009 0.012 0.948 0.006 0.007 0.009 0.005
0.004 0.004 0.004 0.972 0.004 0.003 0.003 0.005
0.031 0.067 0.04 0.71 0.051 0.047 0.024 0.03
0.008 0.006 0.018 0.939 0.009 0.006 0.006 0.007
0.025 0.307 0.011 0.604 0.01 0.011 0.006 0.027
0.005 0.009 0.005 0.964 0.004 0.004 0.005 0.004
0.091 0.009 0.248 0.058 0.494 0.02 0.032 0.047
0.005 0.004 0.007 0.961 0.004 0.004 0.004 0.011
0.005 0.008 0.01 0.957 0.005 0.004 0.004 0.006
0.007 0.022 0.006 0.923 0.006 0.014 0.008 0.013
0.006 0.007 0.008 0.956 0.005 0.005 0.005 0.008
0.004 0.004 0.004 0.971 0.003 0.004 0.004 0.005
0.015 0.006 0.443 0.129 0.017 0.057 0.043 0.291
0.75 0.006 0.018 0.062 0.011 0.075 0.007 0.07
0.706 0.007 0.009 0.004 0.022 0.013 0.141 0.098
0.833 0.007 0.004 0.006 0.042 0.008 0.008 0.093
0.123 0.051 0.285 0.036 0.014 0.085 0.04 0.367
0.165 0.013 0.01 0.006 0.487 0.011 0.196 0.112
0.874 0.006 0.01 0.004 0.005 0.024 0.02 0.057
0.88 0.005 0.007 0.004 0.014 0.04 0.036 0.014
0.53 0.011 0.032 0.012 0.029 0.011 0.134 0.242
0.828 0.065 0.016 0.023 0.012 0.016 0.01 0.03
0.898 0.012 0.005 0.005 0.006 0.006 0.036 0.031
0.789 0.027 0.056 0.008 0.007 0.063 0.039 0.011
0.958 0.006 0.004 0.004 0.006 0.009 0.008 0.006
0.223 0.005 0.115 0.007 0.568 0.015 0.009 0.058
0.866 0.005 0.011 0.016 0.03 0.009 0.018 0.045
0.011 0.019 0.017 0.007 0.007 0.894 0.036 0.008
0.228 0.006 0.616 0.008 0.009 0.092 0.036 0.006
0.009 0.023 0.122 0.008 0.008 0.798 0.014 0.019
0.361 0.008 0.106 0.005 0.007 0.187 0.319 0.008
0.042 0.008 0.01 0.003 0.008 0.859 0.062 0.007
0.018 0.023 0.008 0.019 0.364 0.52 0.026 0.022
0.01 0.008 0.02 0.007 0.017 0.888 0.04 0.01
0.015 0.007 0.02 0.009 0.025 0.164 0.712 0.048
0.012 0.009 0.006 0.006 0.391 0.542 0.013 0.022
0.009 0.015 0.006 0.004 0.011 0.934 0.012 0.009
0.006 0.007 0.008 0.005 0.013 0.948 0.008 0.006
0.009 0.028 0.012 0.004 0.004 0.718 0.216 0.01
0.017 0.005 0.009 0.007 0.013 0.885 0.023 0.041
0.007 0.029 0.007 0.005 0.006 0.935 0.007 0.005
0.02 0.008 0.007 0.004 0.01 0.919 0.021 0.011
0.16 0.015 0.015 0.006 0.01 0.248 0.297 0.248
0.016 0.007 0.038 0.014 0.026 0.48 0.317 0.103
0.008 0.016 0.007 0.008 0.009 0.921 0.013 0.018
0.035 0.014 0.029 0.005 0.005 0.832 0.069 0.009
0.052 0.008 0.051 0.006 0.01 0.567 0.249 0.057
0.063 0.017 0.009 0.006 0.006 0.765 0.04 0.094
0.02 0.064 0.009 0.005 0.008 0.331 0.541 0.023
0.008 0.028 0.005 0.007 0.024 0.876 0.042 0.009
0.012 0.012 0.005 0.004 0.011 0.935 0.017 0.004
0.012 0.005 0.016 0.005 0.008 0.032 0.913 0.009
0.052 0.018 0.045 0.015 0.017 0.059 0.784 0.01
0.031 0.023 0.013 0.261 0.08 0.47 0.106 0.015
0.017 0.01 0.006 0.287 0.008 0.008 0.659 0.005
0.431 0.01 0.014 0.006 0.259 0.049 0.214 0.017
0.03 0.004 0.006 0.017 0.006 0.006 0.924 0.008
0.01 0.011 0.007 0.044 0.01 0.007 0.905 0.007
0.006 0.006 0.007 0.009 0.428 0.012 0.501 0.029
0.005 0.005 0.005 0.006 0.005 0.005 0.959 0.011
0.075 0.011 0.006 0.143 0.015 0.016 0.725 0.009
0.016 0.008 0.04 0.004 0.007 0.026 0.887 0.013
0.122 0.013 0.013 0.029 0.023 0.057 0.718 0.025
0.017 0.006 0.006 0.016 0.009 0.312 0.623 0.012
0.076 0.005 0.007 0.004 0.102 0.012 0.785 0.01
0.085 0.005 0.005 0.004 0.217 0.018 0.653 0.013
0.007 0.004 0.01 0.004 0.004 0.006 0.956 0.009
0.005 0.004 0.004 0.004 0.004 0.004 0.968 0.008
0.009 0.006 0.008 0.007 0.006 0.005 0.952 0.008
0.007 0.006 0.012 0.004 0.008 0.011 0.944 0.007
0.01 0.005 0.014 0.012 0.016 0.013 0.907 0.023
0.012 0.005 0.007 0.006 0.008 0.008 0.944 0.01
0.009 0.004 0.004 0.008 0.005 0.007 0.942 0.02
0.056 0.028 0.042 0.029 0.065 0.568 0.19 0.022
0.013 0.011 0.008 0.004 0.009 0.427 0.521 0.006
0.016 0.004 0.007 0.01 0.005 0.903 0.042 0.014
0.009 0.003 0.008 0.007 0.142 0.791 0.033 0.006
0.034 0.005 0.005 0.027 0.217 0.119 0.585 0.006
0.016 0.005 0.031 0.007 0.422 0.168 0.338 0.012
0.055 0.006 0.009 0.005 0.045 0.039 0.809 0.031
0.009 0.013 0.014 0.011 0.015 0.037 0.887 0.014
0.012 0.007 0.046 0.015 0.018 0.023 0.805 0.075
0.025 0.005 0.019 0.005 0.033 0.086 0.781 0.047
0.007 0.004 0.006 0.007 0.006 0.008 0.958 0.005
0.007 0.004 0.006 0.007 0.005 0.007 0.958 0.005
0.007 0.004 0.006 0.007 0.006 0.007 0.958 0.005
0.141 0.005 0.008 0.033 0.018 0.03 0.75 0.014
0.007 0.006 0.005 0.009 0.005 0.009 0.955 0.006
0.037 0.007 0.012 0.01 0.818 0.034 0.073 0.01
0.009 0.005 0.006 0.022 0.008 0.13 0.805 0.015
0.018 0.076 0.06 0.032 0.329 0.429 0.044 0.012
0.009 0.009 0.016 0.009 0.012 0.052 0.871 0.021
0.03 0.005 0.012 0.017 0.016 0.048 0.856 0.015
0.016 0.015 0.01 0.066 0.011 0.059 0.813 0.01
0.01 0.022 0.012 0.027 0.018 0.86 0.043 0.008
0.01 0.005 0.006 0.009 0.006 0.021 0.938 0.006
0.017 0.019 0.021 0.008 0.009 0.877 0.04 0.01
0.01 0.004 0.006 0.01 0.006 0.022 0.937 0.006
0.121 0.007 0.218 0.007 0.021 0.02 0.157 0.449
0.377 0.019 0.022 0.236 0.012 0.013 0.267 0.054
0.086 0.008 0.046 0.045 0.033 0.129 0.404 0.249
0.024 0.053 0.02 0.157 0.025 0.015 0.275 0.432
0.206 0.023 0.011 0.019 0.021 0.02 0.036 0.663
0.024 0.043 0.007 0.006 0.014 0.013 0.047 0.847
0.161 0.106 0.103 0.025 0.026 0.033 0.038 0.509
0.132 0.066 0.141 0.009 0.086 0.061 0.03 0.474
0.236 0.014 0.015 0.223 0.216 0.025 0.074 0.196
0.05 0.013 0.012 0.012 0.013 0.018 0.038 0.844
0.029 0.011 0.012 0.207 0.04 0.033 0.5 0.167
0.036 0.009 0.043 0.01 0.624 0.01 0.013 0.256
0.014 0.008 0.127 0.022 0.511 0.007 0.006 0.306
0.013 0.007 0.85 0.065 0.015 0.012 0.006 0.031
0.025 0.01 0.656 0.015 0.014 0.009 0.029 0.244
0.016 0.012 0.658 0.006 0.275 0.007 0.006 0.02
0.087 0.016 0.034 0.012 0.041 0.01 0.333 0.467
0.006 0.011 0.947 0.012 0.006 0.005 0.005 0.008
0.013 0.009 0.233 0.698 0.01 0.01 0.01 0.016
0.016 0.017 0.212 0.284 0.343 0.006 0.016 0.106
0.009 0.008 0.852 0.056 0.026 0.01 0.006 0.032
0.032 0.016 0.604 0.008 0.075 0.006 0.01 0.249
0.025 0.006 0.46 0.201 0.051 0.012 0.011 0.234
0.005 0.01 0.032 0.706 0.219 0.005 0.005 0.018
0.877 0.008 0.018 0.005 0.035 0.019 0.006 0.031
