0.01 0.019 0.011 0.024 0.922 0.014
0.012 0.012 0.017 0.006 0.927 0.027
0.053 0.107 0.011 0.008 0.801 0.021
0.009 0.008 0.016 0.009 0.833 0.126
0.018 0.045 0.014 0.013 0.892 0.018
0.011 0.026 0.019 0.016 0.911 0.017
0.021 0.206 0.013 0.01 0.13 0.62
0.011 0.156 0.109 0.006 0.703 0.015
0.098 0.009 0.341 0.006 0.529 0.016
0.069 0.01 0.177 0.008 0.727 0.009
0.018 0.01 0.021 0.016 0.923 0.012
0.011 0.017 0.008 0.016 0.922 0.027
0.009 0.007 0.013 0.008 0.955 0.009
0.013 0.476 0.187 0.013 0.279 0.032
0.014 0.079 0.173 0.02 0.662 0.052
0.008 0.008 0.012 0.013 0.942 0.017
0.018 0.025 0.424 0.032 0.482 0.018
0.022 0.007 0.072 0.018 0.859 0.022
0.036 0.008 0.011 0.018 0.758 0.171
0.042 0.79 0.041 0.017 0.081 0.029
0.052 0.009 0.088 0.009 0.618 0.225
0.02 0.01 0.009 0.017 0.936 0.008
0.033 0.016 0.031 0.119 0.775 0.025
0.008 0.011 0.012 0.009 0.954 0.007
0.058 0.167 0.039 0.69 0.02 0.026
0.009 0.103 0.015 0.86 0.006 0.007
0.039 0.027 0.01 0.515 0.016 0.392
0.19 0.192 0.124 0.439 0.044 0.01
0.016 0.011 0.019 0.825 0.097 0.031
0.011 0.118 0.011 0.844 0.008 0.008
0.005 0.007 0.004 0.971 0.008 0.005
0.01 0.058 0.009 0.891 0.014 0.018
0.142 0.183 0.091 0.55 0.022 0.012
0.012 0.009 0.013 0.943 0.012 0.011
0.185 0.04 0.064 0.645 0.029 0.036
0.033 0.875 0.01 0.039 0.027 0.017
0.007 0.009 0.004 0.968 0.006 0.007
0.088 0.008 0.007 0.862 0.012 0.023
0.011 0.024 0.067 0.739 0.062 0.097
0.008 0.009 0.007 0.959 0.01 0.007
0.04 0.024 0.014 0.324 0.283 0.315
0.061 0.051 0.007 0.584 0.287 0.01
0.013 0.082 0.012 0.587 0.014 0.292
0.019 0.009 0.041 0.906 0.017 0.009
0.032 0.052 0.037 0.826 0.041 0.012
0.018 0.008 0.041 0.906 0.017 0.009
0.007 0.009 0.004 0.968 0.006 0.006
0.007 0.009 0.004 0.968 0.006 0.007
0.891 0.005 0.038 0.009 0.011 0.046
0.276 0.005 0.479 0.006 0.216 0.017
0.344 0.026 0.023 0.254 0.009 0.343
0.495 0.009 0.381 0.006 0.041 0.067
0.026 0.008 0.022 0.007 0.008 0.929
0.576 0.007 0.37 0.013 0.009 0.025
0.512 0.018 0.171 0.066 0.097 0.136
0.428 0.065 0.451 0.009 0.017 0.03
0.442 0.06 0.442 0.009 0.016 0.03
0.717 0.009 0.091 0.009 0.029 0.144
0.274 0.007 0.176 0.022 0.088 0.433
0.849 0.008 0.012 0.019 0.05 0.061
0.21 0.119 0.61 0.009 0.013 0.038
0.269 0.018 0.12 0.129 0.112 0.352
0.104 0.008 0.853 0.011 0.01 0.013
0.764 0.045 0.15 0.01 0.009 0.023
0.629 0.258 0.049 0.008 0.008 0.047
0.015 0.008 0.012 0.008 0.017 0.94
0.06 0.006 0.01 0.007 0.015 0.902
0.007 0.005 0.007 0.006 0.005 0.97
0.008 0.005 0.007 0.006 0.005 0.969
0.193 0.008 0.169 0.007 0.019 0.603
0.642 0.014 0.232 0.027 0.015 0.069
0.491 0.008 0.012 0.009 0.083 0.397
0.052 0.668 0.111 0.025 0.124 0.019
0.057 0.816 0.016 0.026 0.075 0.01
0.499 0.145 0.259 0.037 0.046 0.014
0.494 0.06 0.374 0.015 0.041 0.016
0.15 0.018 0.203 0.006 0.074 0.549
0.131 0.019 0.014 0.086 0.339 0.411
0.646 0.023 0.083 0.016 0.154 0.079
0.794 0.017 0.013 0.021 0.047 0.108
0.672 0.03 0.012 0.014 0.256 0.017
0.751 0.084 0.014 0.017 0.123 0.012
0.026 0.886 0.009 0.006 0.057 0.015
0.084 0.585 0.022 0.053 0.206 0.051
0.153 0.078 0.02 0.02 0.675 0.053
0.568 0.019 0.017 0.213 0.083 0.1
0.436 0.04 0.029 0.393 0.064 0.04
0.917 0.034 0.007 0.008 0.025 0.009
0.153 0.136 0.575 0.029 0.088 0.019
0.356 0.056 0.012 0.055 0.031 0.489
0.164 0.048 0.034 0.016 0.726 0.013
0.909 0.035 0.021 0.008 0.015 0.011
0.254 0.602 0.09 0.013 0.026 0.015
0.821 0.026 0.009 0.008 0.121 0.016
0.057 0.012 0.02 0.009 0.889 0.014
0.148 0.018 0.023 0.018 0.756 0.038
0.643 0.228 0.024 0.019 0.012 0.074
0.151 0.193 0.043 0.023 0.031 0.559
0.17 0.011 0.013 0.013 0.022 0.772
0.92 0.011 0.01 0.008 0.01 0.041
0.01 0.027 0.01 0.01 0.009 0.934
0.797 0.048 0.012 0.02 0.016 0.107
0.165 0.009 0.015 0.104 0.016 0.691
0.159 0.018 0.012 0.028 0.026 0.756
0.694 0.013 0.01 0.015 0.219 0.049
0.927 0.012 0.015 0.01 0.009 0.028
0.888 0.021 0.008 0.04 0.024 0.019
0.029 0.088 0.359 0.361 0.057 0.106
0.797 0.011 0.089 0.015 0.05 0.037
0.096 0.131 0.044 0.01 0.052 0.667
0.406 0.025 0.012 0.05 0.129 0.377
0.023 0.025 0.008 0.046 0.024 0.874
0.929 0.013 0.02 0.009 0.012 0.017
0.621 0.013 0.042 0.03 0.122 0.174
0.207 0.599 0.038 0.011 0.057 0.089
0.082 0.03 0.048 0.051 0.055 0.734
0.355 0.351 0.1 0.088 0.023 0.083
0.92 0.014 0.007 0.019 0.019 0.02
0.855 0.015 0.024 0.028 0.013 0.065
0.923 0.009 0.014 0.014 0.021 0.019
0.097 0.705 0.087 0.034 0.04 0.038
0.027 0.58 0.014 0.159 0.067 0.154
0.022 0.342 0.166 0.347 0.071 0.052
0.03 0.561 0.144 0.043 0.179 0.043
0.015 0.01 0.016 0.009 0.938 0.013
0.018 0.095 0.009 0.01 0.857 0.01
0.041 0.657 0.035 0.019 0.196 0.053
0.097 0.217 0.026 0.044 0.578 0.038
0.033 0.044 0.014 0.017 0.866 0.027
0.196 0.098 0.061 0.017 0.351 0.277
0.031 0.034 0.012 0.009 0.907 0.007
0.025 0.894 0.007 0.011 0.053 0.011
0.007 0.024 0.006 0.007 0.951 0.005
0.027 0.881 0.01 0.018 0.039 0.025
0.032 0.361 0.032 0.047 0.501 0.027
0.01 0.131 0.009 0.011 0.829 0.01
0.023 0.01 0.011 0.047 0.897 0.011
0.014 0.053 0.009 0.013 0.898 0.014
0.021 0.008 0.009 0.016 0.935 0.01
0.035 0.014 0.013 0.015 0.909 0.014
0.045 0.394 0.012 0.019 0.519 0.011
0.013 0.806 0.009 0.012 0.149 0.01
0.02 0.211 0.046 0.007 0.683 0.033
0.059 0.154 0.035 0.021 0.45 0.28
0.026 0.927 0.01 0.006 0.007 0.024
0.076 0.687 0.015 0.117 0.052 0.053
0.179 0.63 0.035 0.015 0.122 0.02
0.115 0.444 0.049 0.036 0.239 0.118
0.01 0.692 0.01 0.011 0.258 0.019
0.126 0.361 0.033 0.02 0.419 0.041
0.006 0.964 0.006 0.008 0.009 0.007
0.009 0.899 0.01 0.009 0.057 0.016
0.013 0.592 0.008 0.162 0.21 0.014
0.009 0.955 0.007 0.009 0.014 0.007
0.119 0.75 0.043 0.029 0.038 0.021
0.006 0.942 0.015 0.01 0.016 0.01
0.006 0.973 0.004 0.006 0.006 0.005
0.04 0.708 0.03 0.091 0.046 0.084
0.011 0.945 0.008 0.007 0.019 0.01
0.058 0.648 0.007 0.255 0.015 0.017
0.006 0.967 0.005 0.01 0.006 0.005
0.248 0.086 0.055 0.013 0.251 0.348
0.007 0.97 0.005 0.005 0.008 0.005
0.008 0.958 0.006 0.009 0.013 0.007
0.008 0.947 0.008 0.02 0.009 0.008
0.007 0.962 0.006 0.007 0.01 0.007
0.006 0.973 0.005 0.005 0.006 0.005
0.036 0.12 0.034 0.008 0.759 0.044
0.866 0.053 0.013 0.01 0.024 0.035
0.813 0.006 0.144 0.008 0.011 0.018
0.958 0.008 0.011 0.007 0.006 0.011
0.124 0.056 0.037 0.103 0.645 0.035
0.607 0.009 0.253 0.018 0.021 0.092
0.942 0.006 0.019 0.009 0.012 0.011
0.736 0.006 0.142 0.006 0.012 0.097
0.866 0.015 0.067 0.009 0.029 0.014
0.885 0.028 0.016 0.039 0.018 0.014
0.908 0.008 0.056 0.013 0.007 0.008
0.643 0.014 0.135 0.049 0.086 0.073
0.946 0.005 0.023 0.009 0.006 0.012
0.509 0.009 0.014 0.007 0.152 0.308
0.8 0.048 0.089 0.007 0.02 0.036
0.019 0.009 0.223 0.207 0.019 0.523
0.062 0.017 0.341 0.012 0.533 0.035
0.03 0.021 0.125 0.265 0.459 0.098
0.119 0.007 0.799 0.01 0.042 0.023
0.061 0.005 0.496 0.062 0.018 0.357
0.043 0.036 0.074 0.12 0.016 0.711
0.016 0.009 0.044 0.018 0.019 0.894
0.053 0.012 0.69 0.008 0.032 0.204
0.042 0.009 0.017 0.013 0.008 0.911
0.019 0.006 0.29 0.395 0.02 0.269
0.011 0.007 0.025 0.079 0.013 0.866
0.012 0.006 0.618 0.229 0.016 0.12
0.329 0.012 0.031 0.014 0.022 0.592
0.017 0.012 0.111 0.517 0.03 0.313
0.025 0.006 0.394 0.28 0.016 0.279
0.6 0.007 0.303 0.012 0.016 0.062
0.267 0.017 0.261 0.011 0.088 0.355
0.031 0.044 0.161 0.045 0.014 0.706
0.023 0.007 0.628 0.167 0.037 0.137
0.221 0.01 0.609 0.017 0.056 0.086
0.533 0.009 0.114 0.212 0.012 0.12
0.068 0.007 0.713 0.138 0.011 0.062
0.113 0.01 0.077 0.251 0.009 0.54
0.015 0.006 0.229 0.261 0.01 0.479
0.018 0.008 0.921 0.009 0.024 0.02
0.04 0.018 0.846 0.015 0.039 0.041
0.019 0.184 0.141 0.013 0.014 0.628
0.009 0.343 0.612 0.011 0.008 0.017
0.23 0.009 0.262 0.017 0.021 0.461
0.018 0.02 0.933 0.005 0.009 0.014
0.011 0.073 0.872 0.014 0.01 0.02
0.02 0.013 0.353 0.011 0.018 0.585
0.011 0.01 0.954 0.009 0.009 0.008
0.014 0.183 0.756 0.012 0.008 0.027
0.018 0.007 0.912 0.011 0.037 0.015
0.016 0.034 0.897 0.012 0.009 0.032
0.013 0.017 0.92 0.008 0.008 0.034
0.048 0.006 0.901 0.009 0.012 0.025
0.111 0.006 0.822 0.007 0.007 0.046
0.01 0.006 0.959 0.005 0.013 0.007
0.009 0.006 0.968 0.005 0.006 0.005
0.011 0.01 0.951 0.008 0.011 0.007
0.012 0.006 0.93 0.009 0.019 0.023
0.027 0.017 0.9 0.008 0.024 0.024
0.016 0.009 0.947 0.006 0.011 0.011
0.018 0.015 0.945 0.006 0.008 0.008
0.08 0.062 0.66 0.03 0.052 0.116
0.013 0.006 0.857 0.052 0.014 0.058
0.017 0.037 0.842 0.005 0.013 0.086
0.01 0.016 0.581 0.005 0.013 0.375
0.015 0.029 0.628 0.008 0.007 0.314
0.032 0.009 0.256 0.008 0.028 0.668
0.048 0.007 0.898 0.007 0.01 0.03
0.018 0.011 0.899 0.013 0.022 0.037
0.03 0.021 0.847 0.01 0.066 0.026
0.063 0.006 0.826 0.007 0.029 0.07
0.008 0.01 0.958 0.006 0.008 0.01
0.008 0.01 0.958 0.006 0.008 0.01
0.008 0.01 0.958 0.006 0.008 0.01
0.029 0.027 0.916 0.006 0.009 0.014
0.008 0.012 0.959 0.007 0.006 0.007
0.018 0.013 0.11 0.009 0.013 0.836
0.009 0.012 0.945 0.007 0.007 0.02
0.023 0.031 0.052 0.211 0.062 0.622
0.026 0.015 0.858 0.015 0.03 0.056
0.028 0.02 0.843 0.007 0.017 0.085
0.013 0.086 0.839 0.015 0.013 0.034
0.018 0.028 0.076 0.029 0.021 0.828
0.009 0.013 0.954 0.006 0.008 0.011
0.061 0.011 0.355 0.252 0.066 0.255
0.009 0.012 0.954 0.006 0.008 0.011
0.283 0.009 0.19 0.009 0.486 0.023
0.204 0.383 0.358 0.019 0.021 0.015
0.305 0.054 0.256 0.009 0.068 0.307
0.309 0.289 0.238 0.068 0.042 0.054
0.906 0.018 0.025 0.021 0.015 0.016
0.854 0.015 0.079 0.025 0.017 0.01
0.749 0.024 0.027 0.092 0.085 0.023
0.518 0.011 0.038 0.064 0.311 0.057
0.547 0.268 0.067 0.014 0.025 0.08
0.792 0.03 0.089 0.022 0.042 0.025
0.208 0.329 0.339 0.015 0.024 0.085
0.632 0.014 0.017 0.013 0.081 0.243
0.426 0.032 0.01 0.015 0.349 0.167
0.015 0.061 0.008 0.008 0.878 0.031
0.052 0.012 0.033 0.009 0.883 0.01
0.022 0.008 0.008 0.013 0.799 0.15
0.559 0.02 0.312 0.022 0.052 0.034
0.007 0.016 0.007 0.01 0.95 0.01
0.011 0.78 0.011 0.009 0.167 0.022
0.023 0.405 0.015 0.017 0.365 0.175
0.011 0.038 0.009 0.01 0.92 0.012
0.066 0.012 0.011 0.017 0.879 0.016
0.023 0.192 0.016 0.007 0.708 0.055
0.01 0.765 0.006 0.013 0.06 0.146
0.926 0.007 0.01 0.01 0.02 0.027
