0.011 0.01 0.01 0.024 0.928 0.008 0.009
0.008 0.012 0.023 0.006 0.93 0.009 0.011
0.029 0.006 0.015 0.008 0.88 0.006 0.055
0.188 0.041 0.012 0.009 0.626 0.119 0.006
0.027 0.012 0.032 0.02 0.887 0.008 0.015
0.113 0.02 0.017 0.015 0.815 0.005 0.015
0.024 0.014 0.523 0.04 0.307 0.011 0.08
0.008 0.113 0.014 0.028 0.803 0.025 0.009
0.295 0.462 0.016 0.005 0.185 0.01 0.026
0.133 0.283 0.015 0.007 0.537 0.007 0.019
0.026 0.025 0.051 0.007 0.874 0.005 0.012
0.008 0.008 0.01 0.023 0.923 0.007 0.02
0.048 0.026 0.007 0.006 0.9 0.004 0.008
0.016 0.04 0.276 0.157 0.472 0.031 0.009
0.011 0.179 0.034 0.036 0.711 0.016 0.013
0.011 0.013 0.013 0.009 0.938 0.006 0.009
0.02 0.559 0.033 0.045 0.32 0.006 0.016
0.036 0.127 0.049 0.008 0.718 0.007 0.055
0.381 0.016 0.112 0.009 0.456 0.006 0.019
0.331 0.06 0.027 0.372 0.147 0.012 0.05
0.294 0.144 0.226 0.006 0.301 0.009 0.02
0.02 0.01 0.006 0.018 0.924 0.01 0.013
0.021 0.041 0.079 0.155 0.671 0.011 0.022
0.006 0.011 0.009 0.006 0.956 0.004 0.007
0.069 0.014 0.027 0.777 0.016 0.051 0.046
0.006 0.004 0.008 0.95 0.007 0.018 0.006
0.049 0.009 0.009 0.565 0.008 0.35 0.011
0.114 0.08 0.014 0.706 0.033 0.032 0.021
0.011 0.018 0.022 0.758 0.13 0.009 0.051
0.022 0.006 0.011 0.938 0.007 0.01 0.007
0.005 0.003 0.007 0.965 0.009 0.005 0.005
0.009 0.008 0.016 0.921 0.017 0.017 0.013
0.104 0.046 0.02 0.655 0.02 0.018 0.137
0.015 0.014 0.018 0.918 0.011 0.01 0.014
0.051 0.03 0.068 0.519 0.022 0.023 0.287
0.132 0.008 0.007 0.733 0.075 0.021 0.023
0.006 0.003 0.009 0.962 0.005 0.005 0.009
0.154 0.006 0.01 0.689 0.011 0.012 0.118
0.008 0.096 0.014 0.781 0.047 0.008 0.046
0.009 0.009 0.021 0.933 0.012 0.005 0.01
0.1 0.012 0.292 0.448 0.115 0.011 0.023
0.258 0.005 0.006 0.667 0.031 0.006 0.027
0.011 0.009 0.008 0.691 0.013 0.248 0.02
0.035 0.031 0.031 0.879 0.01 0.007 0.008
0.066 0.023 0.015 0.872 0.011 0.006 0.007
0.033 0.031 0.031 0.88 0.009 0.007 0.008
0.006 0.003 0.009 0.963 0.005 0.005 0.009
0.006 0.003 0.009 0.964 0.005 0.005 0.009
0.014 0.026 0.011 0.005 0.006 0.039 0.899
0.408 0.249 0.203 0.004 0.023 0.066 0.048
0.02 0.01 0.428 0.08 0.01 0.083 0.369
0.008 0.009 0.01 0.005 0.014 0.935 0.02
0.009 0.012 0.008 0.006 0.005 0.936 0.024
0.011 0.059 0.01 0.012 0.01 0.82 0.078
0.014 0.067 0.022 0.014 0.029 0.041 0.813
0.011 0.013 0.006 0.007 0.007 0.946 0.01
0.01 0.012 0.006 0.007 0.007 0.947 0.011
0.033 0.082 0.018 0.007 0.027 0.097 0.736
0.019 0.035 0.091 0.006 0.063 0.655 0.131
0.019 0.007 0.01 0.01 0.02 0.032 0.902
0.005 0.019 0.011 0.013 0.007 0.93 0.014
0.016 0.037 0.399 0.023 0.08 0.104 0.341
0.027 0.825 0.036 0.008 0.008 0.013 0.083
0.014 0.042 0.008 0.017 0.008 0.739 0.171
0.012 0.01 0.009 0.03 0.008 0.826 0.104
0.008 0.007 0.005 0.005 0.005 0.963 0.007
0.007 0.005 0.004 0.005 0.008 0.957 0.013
0.004 0.005 0.004 0.004 0.004 0.973 0.005
0.005 0.005 0.005 0.005 0.004 0.97 0.006
0.005 0.033 0.015 0.005 0.012 0.062 0.868
0.021 0.06 0.027 0.013 0.012 0.115 0.753
0.03 0.009 0.037 0.006 0.076 0.528 0.315
0.173 0.041 0.038 0.466 0.14 0.113 0.029
0.872 0.008 0.029 0.016 0.061 0.005 0.009
0.804 0.05 0.04 0.037 0.028 0.01 0.031
0.621 0.246 0.02 0.017 0.022 0.009 0.065
0.027 0.092 0.071 0.007 0.037 0.014 0.753
0.031 0.012 0.027 0.031 0.344 0.092 0.462
0.352 0.119 0.023 0.008 0.172 0.045 0.282
0.285 0.01 0.018 0.014 0.046 0.07 0.557
0.66 0.007 0.013 0.013 0.062 0.033 0.212
0.972 0.005 0.004 0.005 0.005 0.004 0.005
0.848 0.005 0.028 0.026 0.076 0.008 0.009
0.66 0.025 0.012 0.073 0.175 0.008 0.047
0.922 0.01 0.006 0.012 0.015 0.022 0.013
0.031 0.011 0.053 0.037 0.035 0.007 0.827
0.055 0.013 0.041 0.127 0.025 0.007 0.732
0.963 0.004 0.006 0.007 0.006 0.005 0.009
0.144 0.512 0.01 0.049 0.032 0.006 0.247
0.058 0.008 0.028 0.05 0.035 0.593 0.228
0.907 0.019 0.006 0.007 0.038 0.007 0.016
0.898 0.012 0.006 0.006 0.006 0.009 0.064
0.458 0.084 0.013 0.243 0.019 0.066 0.117
0.953 0.006 0.005 0.009 0.008 0.009 0.009
0.833 0.021 0.013 0.007 0.097 0.016 0.014
0.923 0.01 0.008 0.014 0.023 0.008 0.014
0.235 0.009 0.013 0.015 0.011 0.007 0.709
0.104 0.021 0.038 0.03 0.033 0.012 0.762
0.007 0.008 0.035 0.008 0.019 0.008 0.915
0.02 0.007 0.008 0.005 0.007 0.008 0.946
0.018 0.014 0.016 0.059 0.016 0.84 0.037
0.016 0.008 0.008 0.014 0.011 0.013 0.928
0.014 0.007 0.188 0.028 0.012 0.009 0.741
0.022 0.008 0.331 0.01 0.019 0.007 0.603
0.79 0.011 0.009 0.009 0.021 0.014 0.147
0.092 0.019 0.008 0.01 0.008 0.014 0.848
0.044 0.006 0.024 0.019 0.016 0.01 0.881
0.053 0.161 0.34 0.268 0.089 0.019 0.071
0.87 0.042 0.026 0.009 0.012 0.01 0.031
0.259 0.021 0.064 0.019 0.093 0.015 0.53
0.079 0.009 0.019 0.034 0.089 0.027 0.744
0.057 0.007 0.01 0.081 0.036 0.685 0.124
0.575 0.025 0.028 0.01 0.013 0.011 0.338
0.055 0.022 0.036 0.01 0.036 0.011 0.831
0.219 0.014 0.007 0.058 0.052 0.013 0.636
0.021 0.047 0.044 0.034 0.084 0.289 0.481
0.018 0.036 0.041 0.408 0.019 0.092 0.386
0.227 0.007 0.008 0.029 0.027 0.043 0.659
0.886 0.019 0.01 0.01 0.007 0.007 0.061
0.744 0.013 0.01 0.01 0.015 0.021 0.187
0.248 0.028 0.016 0.137 0.099 0.03 0.441
0.152 0.014 0.017 0.561 0.097 0.034 0.125
0.025 0.126 0.071 0.643 0.049 0.018 0.068
0.232 0.039 0.216 0.065 0.41 0.012 0.026
0.01 0.007 0.006 0.007 0.94 0.019 0.011
0.182 0.007 0.012 0.037 0.736 0.009 0.018
0.034 0.018 0.035 0.165 0.673 0.029 0.047
0.025 0.024 0.01 0.116 0.366 0.012 0.447
0.157 0.014 0.012 0.029 0.753 0.021 0.015
0.101 0.024 0.011 0.011 0.101 0.014 0.737
0.667 0.01 0.008 0.036 0.26 0.006 0.012
0.216 0.004 0.006 0.277 0.41 0.023 0.064
0.007 0.005 0.004 0.011 0.964 0.004 0.005
0.031 0.008 0.008 0.566 0.149 0.008 0.229
0.021 0.018 0.007 0.073 0.836 0.011 0.034
0.008 0.006 0.006 0.012 0.955 0.005 0.009
0.013 0.01 0.019 0.014 0.911 0.009 0.023
0.01 0.006 0.01 0.011 0.941 0.008 0.014
0.012 0.007 0.007 0.009 0.939 0.009 0.016
0.19 0.016 0.014 0.017 0.738 0.013 0.012
0.191 0.01 0.008 0.096 0.644 0.008 0.043
0.038 0.007 0.025 0.147 0.763 0.007 0.013
0.219 0.012 0.031 0.008 0.711 0.01 0.01
0.088 0.022 0.021 0.047 0.529 0.274 0.019
0.044 0.015 0.013 0.835 0.007 0.063 0.023
0.092 0.013 0.049 0.78 0.014 0.014 0.039
0.143 0.019 0.01 0.581 0.195 0.023 0.029
0.209 0.05 0.139 0.135 0.313 0.038 0.116
0.036 0.008 0.01 0.433 0.488 0.006 0.019
0.269 0.022 0.027 0.056 0.486 0.009 0.131
0.008 0.006 0.005 0.952 0.017 0.005 0.007
0.012 0.013 0.007 0.801 0.147 0.005 0.016
0.01 0.006 0.008 0.908 0.049 0.011 0.008
0.021 0.007 0.005 0.909 0.027 0.02 0.01
0.077 0.019 0.012 0.817 0.037 0.01 0.028
0.011 0.008 0.011 0.944 0.015 0.005 0.006
0.009 0.004 0.004 0.957 0.012 0.006 0.008
0.046 0.03 0.05 0.635 0.08 0.063 0.096
0.014 0.011 0.008 0.492 0.426 0.035 0.015
0.014 0.006 0.006 0.937 0.009 0.011 0.017
0.005 0.004 0.004 0.972 0.005 0.005 0.005
0.105 0.064 0.027 0.031 0.33 0.22 0.224
0.031 0.006 0.008 0.912 0.028 0.008 0.008
0.009 0.005 0.005 0.787 0.173 0.005 0.015
0.012 0.007 0.016 0.946 0.008 0.005 0.006
0.009 0.006 0.006 0.922 0.042 0.008 0.007
0.019 0.006 0.009 0.941 0.013 0.005 0.007
0.317 0.041 0.039 0.022 0.545 0.009 0.027
0.095 0.008 0.076 0.028 0.018 0.023 0.752
0.03 0.18 0.012 0.005 0.008 0.013 0.752
0.008 0.007 0.006 0.005 0.005 0.006 0.963
0.427 0.046 0.029 0.053 0.167 0.012 0.266
0.175 0.354 0.009 0.009 0.009 0.028 0.416
0.037 0.021 0.024 0.005 0.008 0.005 0.899
0.022 0.096 0.032 0.004 0.007 0.115 0.723
0.098 0.124 0.013 0.012 0.025 0.02 0.707
0.02 0.01 0.016 0.032 0.015 0.102 0.807
0.071 0.099 0.014 0.026 0.008 0.139 0.643
0.01 0.038 0.029 0.012 0.02 0.013 0.878
0.014 0.016 0.016 0.005 0.005 0.158 0.786
0.356 0.014 0.061 0.008 0.096 0.235 0.23
0.117 0.033 0.011 0.015 0.016 0.434 0.373
0.011 0.148 0.685 0.022 0.033 0.008 0.093
0.009 0.054 0.228 0.007 0.567 0.111 0.024
0.02 0.018 0.801 0.014 0.119 0.005 0.022
0.011 0.45 0.209 0.007 0.08 0.08 0.164
0.009 0.257 0.597 0.006 0.014 0.014 0.103
0.026 0.015 0.346 0.091 0.009 0.495 0.019
0.012 0.057 0.856 0.008 0.033 0.013 0.022
0.057 0.524 0.34 0.011 0.02 0.029 0.019
0.019 0.008 0.551 0.007 0.006 0.4 0.009
0.01 0.018 0.939 0.008 0.006 0.007 0.012
0.009 0.009 0.945 0.007 0.009 0.013 0.008
0.007 0.105 0.856 0.008 0.01 0.005 0.009
0.028 0.006 0.933 0.005 0.009 0.011 0.008
0.005 0.006 0.961 0.009 0.006 0.006 0.007
0.01 0.018 0.935 0.005 0.007 0.012 0.014
0.169 0.112 0.612 0.017 0.016 0.017 0.058
0.074 0.095 0.781 0.008 0.021 0.012 0.01
0.018 0.013 0.934 0.01 0.009 0.008 0.008
0.008 0.096 0.839 0.009 0.021 0.006 0.021
0.022 0.156 0.749 0.006 0.029 0.008 0.031
0.043 0.016 0.897 0.007 0.008 0.007 0.022
0.018 0.202 0.746 0.008 0.008 0.01 0.008
0.008 0.017 0.928 0.014 0.006 0.019 0.008
0.004 0.017 0.936 0.006 0.007 0.016 0.013
0.01 0.91 0.033 0.006 0.013 0.007 0.019
0.007 0.826 0.015 0.015 0.048 0.009 0.079
0.014 0.046 0.364 0.136 0.014 0.418 0.009
0.006 0.402 0.016 0.098 0.008 0.462 0.007
0.018 0.236 0.069 0.01 0.015 0.584 0.068
0.009 0.929 0.007 0.012 0.006 0.01 0.028
0.008 0.798 0.009 0.039 0.008 0.132 0.007
0.065 0.422 0.015 0.012 0.01 0.467 0.009
0.01 0.963 0.006 0.006 0.005 0.005 0.006
0.008 0.397 0.014 0.042 0.006 0.522 0.011
0.013 0.916 0.011 0.005 0.026 0.009 0.02
0.013 0.411 0.081 0.026 0.01 0.45 0.009
0.013 0.529 0.413 0.009 0.007 0.016 0.012
0.019 0.898 0.017 0.005 0.007 0.016 0.039
0.026 0.839 0.013 0.005 0.005 0.014 0.098
0.008 0.964 0.005 0.004 0.008 0.006 0.006
0.007 0.971 0.004 0.004 0.004 0.004 0.004
0.009 0.954 0.007 0.008 0.008 0.007 0.007
0.008 0.949 0.012 0.006 0.01 0.008 0.008
0.024 0.914 0.014 0.009 0.013 0.012 0.014
0.01 0.946 0.01 0.006 0.008 0.009 0.011
0.016 0.948 0.007 0.006 0.005 0.006 0.013
0.032 0.244 0.492 0.027 0.085 0.033 0.086
0.006 0.543 0.409 0.008 0.008 0.015 0.011
0.016 0.124 0.793 0.006 0.014 0.008 0.038
0.008 0.091 0.656 0.005 0.017 0.21 0.013
0.007 0.277 0.255 0.011 0.006 0.424 0.02
0.025 0.308 0.249 0.006 0.036 0.328 0.047
0.026 0.822 0.026 0.005 0.009 0.023 0.09
0.013 0.899 0.039 0.014 0.014 0.008 0.013
0.1 0.772 0.037 0.009 0.051 0.02 0.011
0.05 0.792 0.073 0.006 0.015 0.021 0.044
0.005 0.948 0.009 0.007 0.007 0.017 0.006
0.005 0.949 0.009 0.007 0.007 0.016 0.006
0.005 0.949 0.009 0.007 0.007 0.016 0.006
0.015 0.769 0.034 0.02 0.009 0.101 0.053
0.006 0.954 0.01 0.009 0.005 0.009 0.006
0.012 0.02 0.021 0.009 0.015 0.916 0.007
0.015 0.807 0.137 0.009 0.012 0.01 0.01
0.013 0.08 0.223 0.283 0.074 0.167 0.16
0.021 0.832 0.089 0.012 0.017 0.015 0.015
0.021 0.805 0.06 0.008 0.015 0.024 0.067
0.011 0.777 0.054 0.063 0.015 0.06 0.02
0.01 0.142 0.659 0.044 0.039 0.014 0.093
0.006 0.944 0.014 0.008 0.006 0.012 0.01
0.009 0.015 0.927 0.011 0.011 0.006 0.021
0.006 0.945 0.013 0.008 0.006 0.012 0.01
0.574 0.171 0.026 0.007 0.124 0.063 0.034
0.064 0.164 0.019 0.264 0.027 0.423 0.038
0.204 0.311 0.087 0.022 0.068 0.045 0.262
0.337 0.102 0.017 0.44 0.014 0.076 0.015
0.531 0.045 0.022 0.031 0.011 0.023 0.336
0.82 0.058 0.022 0.017 0.007 0.007 0.069
0.378 0.048 0.02 0.087 0.066 0.026 0.375
0.614 0.049 0.047 0.023 0.048 0.042 0.177
0.35 0.043 0.019 0.122 0.017 0.317 0.132
0.804 0.031 0.038 0.018 0.011 0.078 0.019
0.175 0.371 0.041 0.212 0.017 0.16 0.023
0.621 0.02 0.044 0.012 0.044 0.023 0.236
0.686 0.007 0.024 0.009 0.14 0.008 0.125
0.029 0.005 0.009 0.019 0.895 0.012 0.032
0.159 0.044 0.013 0.009 0.734 0.016 0.025
0.018 0.006 0.007 0.01 0.711 0.234 0.013
0.362 0.418 0.012 0.016 0.031 0.077 0.084
0.008 0.005 0.005 0.009 0.96 0.006 0.007
0.02 0.008 0.005 0.296 0.641 0.018 0.011
0.123 0.01 0.006 0.07 0.442 0.34 0.009
0.024 0.006 0.007 0.011 0.929 0.01 0.012
0.133 0.01 0.007 0.009 0.782 0.026 0.032
0.198 0.009 0.01 0.046 0.536 0.188 0.013
0.057 0.006 0.007 0.463 0.288 0.172 0.007
0.049 0.009 0.053 0.008 0.018 0.175 0.689
