0.008 0.006 0.013 0.933 0.011 0.009 0.012 0.008
0.015 0.008 0.004 0.935 0.014 0.008 0.009 0.006
0.019 0.022 0.005 0.863 0.01 0.006 0.034 0.04
0.007 0.004 0.007 0.717 0.172 0.025 0.005 0.062
0.034 0.01 0.007 0.857 0.009 0.01 0.044 0.03
0.031 0.007 0.01 0.789 0.006 0.013 0.02 0.123
0.7 0.011 0.006 0.066 0.012 0.008 0.186 0.012
0.015 0.017 0.005 0.758 0.008 0.074 0.117 0.006
0.013 0.018 0.004 0.313 0.019 0.38 0.005 0.247
0.018 0.016 0.006 0.558 0.006 0.171 0.008 0.217
0.023 0.008 0.007 0.906 0.005 0.018 0.006 0.027
0.012 0.006 0.008 0.931 0.015 0.006 0.015 0.007
0.007 0.004 0.006 0.9 0.005 0.015 0.005 0.057
0.241 0.013 0.007 0.256 0.007 0.039 0.425 0.012
0.024 0.007 0.014 0.761 0.027 0.111 0.044 0.01
0.01 0.005 0.011 0.946 0.006 0.009 0.005 0.008
0.028 0.008 0.028 0.474 0.007 0.416 0.019 0.02
0.053 0.016 0.01 0.819 0.008 0.06 0.005 0.03
0.011 0.005 0.011 0.662 0.279 0.009 0.005 0.018
0.018 0.015 0.012 0.047 0.019 0.034 0.791 0.065
0.063 0.008 0.005 0.474 0.348 0.079 0.006 0.017
0.006 0.014 0.02 0.921 0.006 0.007 0.009 0.017
0.026 0.017 0.081 0.811 0.016 0.019 0.015 0.015
0.009 0.005 0.006 0.956 0.004 0.008 0.007 0.006
0.021 0.058 0.706 0.016 0.034 0.024 0.064 0.077
0.005 0.015 0.93 0.004 0.005 0.005 0.03 0.004
0.005 0.005 0.453 0.005 0.49 0.006 0.012 0.024
0.008 0.111 0.587 0.031 0.009 0.097 0.081 0.076
0.019 0.012 0.867 0.059 0.012 0.014 0.007 0.011
0.007 0.008 0.92 0.005 0.009 0.007 0.035 0.01
0.004 0.003 0.974 0.005 0.004 0.003 0.004 0.004
0.007 0.006 0.919 0.007 0.009 0.007 0.033 0.011
0.018 0.062 0.598 0.017 0.045 0.086 0.119 0.056
0.012 0.01 0.932 0.009 0.009 0.013 0.007 0.009
0.05 0.09 0.652 0.019 0.101 0.04 0.018 0.03
0.008 0.021 0.066 0.027 0.021 0.009 0.768 0.078
0.006 0.004 0.966 0.005 0.004 0.003 0.007 0.005
0.008 0.017 0.887 0.007 0.033 0.005 0.005 0.038
0.022 0.009 0.782 0.047 0.018 0.093 0.02 0.009
0.009 0.005 0.955 0.008 0.005 0.006 0.005 0.006
0.259 0.014 0.364 0.163 0.155 0.011 0.024 0.01
0.005 0.006 0.594 0.089 0.012 0.005 0.042 0.248
0.009 0.008 0.592 0.008 0.298 0.009 0.062 0.014
0.008 0.006 0.924 0.008 0.005 0.023 0.005 0.02
0.009 0.005 0.804 0.012 0.007 0.028 0.021 0.114
0.007 0.006 0.926 0.009 0.005 0.022 0.005 0.02
0.005 0.004 0.966 0.004 0.004 0.003 0.007 0.005
0.006 0.004 0.966 0.004 0.004 0.003 0.007 0.005
0.011 0.926 0.006 0.005 0.011 0.029 0.003 0.008
0.048 0.266 0.004 0.036 0.009 0.245 0.004 0.389
0.543 0.279 0.088 0.008 0.027 0.01 0.026 0.019
0.007 0.934 0.004 0.012 0.011 0.022 0.005 0.005
0.01 0.039 0.004 0.005 0.914 0.015 0.005 0.008
0.01 0.913 0.007 0.005 0.007 0.045 0.005 0.007
0.075 0.711 0.025 0.073 0.012 0.078 0.009 0.017
0.006 0.921 0.004 0.007 0.01 0.03 0.012 0.009
0.005 0.928 0.004 0.006 0.01 0.028 0.01 0.008
0.014 0.797 0.007 0.02 0.054 0.056 0.007 0.046
0.027 0.508 0.008 0.021 0.394 0.026 0.004 0.013
0.01 0.905 0.015 0.022 0.016 0.006 0.007 0.019
0.007 0.865 0.006 0.006 0.009 0.069 0.032 0.006
0.427 0.259 0.03 0.108 0.093 0.051 0.014 0.017
0.02 0.126 0.008 0.007 0.007 0.779 0.006 0.048
0.007 0.933 0.006 0.005 0.008 0.023 0.011 0.007
0.008 0.878 0.007 0.006 0.015 0.013 0.059 0.013
0.005 0.01 0.005 0.006 0.954 0.007 0.004 0.008
0.004 0.011 0.004 0.007 0.96 0.006 0.004 0.006
0.004 0.005 0.005 0.004 0.97 0.005 0.003 0.004
0.005 0.006 0.005 0.004 0.967 0.005 0.004 0.005
0.047 0.877 0.004 0.012 0.027 0.024 0.005 0.005
0.017 0.899 0.01 0.011 0.01 0.032 0.007 0.015
0.038 0.488 0.006 0.049 0.378 0.008 0.006 0.028
0.033 0.092 0.032 0.103 0.018 0.046 0.443 0.233
0.049 0.007 0.01 0.013 0.006 0.007 0.149 0.759
0.025 0.017 0.028 0.019 0.01 0.042 0.026 0.834
0.016 0.021 0.007 0.012 0.008 0.145 0.021 0.77
0.663 0.124 0.004 0.046 0.019 0.104 0.013 0.027
0.062 0.116 0.054 0.582 0.143 0.011 0.011 0.021
0.017 0.129 0.013 0.117 0.492 0.048 0.01 0.175
0.01 0.173 0.016 0.029 0.621 0.009 0.011 0.132
0.01 0.096 0.008 0.039 0.06 0.007 0.015 0.765
0.004 0.004 0.005 0.005 0.004 0.004 0.005 0.97
0.028 0.006 0.006 0.013 0.008 0.005 0.305 0.63
0.032 0.018 0.045 0.106 0.016 0.019 0.143 0.621
0.007 0.008 0.007 0.019 0.078 0.009 0.02 0.852
0.375 0.141 0.093 0.119 0.069 0.009 0.016 0.177
0.269 0.155 0.225 0.074 0.018 0.02 0.022 0.217
0.005 0.007 0.006 0.006 0.004 0.004 0.006 0.963
0.024 0.028 0.019 0.031 0.016 0.617 0.06 0.205
0.022 0.045 0.026 0.013 0.788 0.007 0.022 0.077
0.006 0.007 0.007 0.021 0.009 0.013 0.008 0.928
0.006 0.017 0.005 0.005 0.009 0.008 0.007 0.943
0.01 0.121 0.01 0.011 0.015 0.065 0.426 0.342
0.005 0.008 0.006 0.009 0.012 0.005 0.01 0.945
0.01 0.016 0.007 0.25 0.026 0.024 0.008 0.66
0.011 0.008 0.013 0.037 0.015 0.009 0.01 0.897
0.063 0.191 0.017 0.006 0.018 0.013 0.153 0.538
0.425 0.079 0.021 0.026 0.057 0.04 0.213 0.14
0.572 0.293 0.014 0.054 0.028 0.009 0.015 0.015
0.026 0.291 0.007 0.008 0.405 0.009 0.01 0.244
0.015 0.006 0.008 0.007 0.919 0.008 0.029 0.008
0.014 0.136 0.016 0.013 0.663 0.008 0.033 0.117
0.8 0.088 0.016 0.019 0.037 0.007 0.012 0.021
0.84 0.063 0.012 0.022 0.012 0.007 0.015 0.029
0.008 0.023 0.009 0.026 0.2 0.009 0.007 0.718
0.007 0.26 0.009 0.007 0.493 0.015 0.012 0.197
0.073 0.47 0.037 0.048 0.106 0.006 0.023 0.236
0.544 0.018 0.181 0.046 0.029 0.113 0.026 0.045
0.017 0.012 0.009 0.01 0.008 0.033 0.006 0.905
0.591 0.027 0.009 0.04 0.072 0.017 0.035 0.209
0.094 0.144 0.05 0.169 0.176 0.013 0.018 0.335
0.024 0.009 0.026 0.013 0.875 0.006 0.016 0.031
0.036 0.092 0.01 0.011 0.116 0.025 0.017 0.693
0.231 0.243 0.021 0.1 0.29 0.027 0.012 0.077
0.018 0.058 0.009 0.048 0.026 0.03 0.494 0.317
0.189 0.135 0.043 0.117 0.402 0.064 0.022 0.028
0.079 0.509 0.066 0.016 0.055 0.046 0.192 0.036
0.01 0.228 0.03 0.018 0.183 0.007 0.011 0.514
0.011 0.017 0.014 0.006 0.014 0.019 0.006 0.913
0.011 0.077 0.014 0.016 0.014 0.009 0.006 0.853
0.029 0.052 0.016 0.01 0.04 0.051 0.543 0.26
0.152 0.021 0.099 0.019 0.033 0.011 0.548 0.117
0.211 0.038 0.209 0.028 0.01 0.132 0.355 0.016
0.45 0.019 0.04 0.1 0.02 0.036 0.146 0.189
0.007 0.022 0.007 0.935 0.007 0.006 0.008 0.01
0.011 0.033 0.009 0.646 0.01 0.007 0.107 0.177
0.039 0.029 0.021 0.232 0.11 0.02 0.526 0.024
0.031 0.137 0.03 0.508 0.012 0.024 0.227 0.03
0.012 0.014 0.014 0.644 0.031 0.015 0.054 0.216
0.073 0.436 0.016 0.183 0.021 0.047 0.102 0.121
0.007 0.01 0.013 0.295 0.006 0.009 0.063 0.597
0.005 0.036 0.013 0.051 0.014 0.004 0.719 0.157
0.004 0.005 0.006 0.95 0.004 0.005 0.019 0.007
0.024 0.02 0.014 0.033 0.017 0.008 0.863 0.021
0.012 0.034 0.055 0.562 0.017 0.028 0.27 0.022
0.007 0.006 0.008 0.895 0.006 0.006 0.064 0.007
0.021 0.022 0.025 0.884 0.011 0.01 0.009 0.017
0.01 0.014 0.011 0.909 0.01 0.005 0.033 0.009
0.007 0.03 0.016 0.919 0.007 0.006 0.006 0.01
0.01 0.019 0.018 0.728 0.01 0.015 0.012 0.187
0.009 0.037 0.017 0.374 0.007 0.009 0.372 0.175
0.015 0.009 0.01 0.126 0.01 0.007 0.8 0.023
0.071 0.011 0.005 0.523 0.017 0.019 0.084 0.27
0.016 0.019 0.016 0.327 0.352 0.034 0.122 0.113
0.01 0.01 0.005 0.005 0.03 0.01 0.907 0.024
0.148 0.017 0.067 0.046 0.015 0.011 0.618 0.079
0.008 0.038 0.016 0.076 0.022 0.044 0.599 0.198
0.099 0.032 0.022 0.202 0.074 0.039 0.386 0.146
0.01 0.008 0.007 0.218 0.009 0.006 0.73 0.012
0.03 0.02 0.011 0.166 0.118 0.025 0.297 0.332
0.004 0.004 0.006 0.006 0.005 0.004 0.966 0.005
0.01 0.006 0.006 0.047 0.006 0.009 0.905 0.011
0.01 0.009 0.232 0.222 0.01 0.007 0.496 0.013
0.005 0.009 0.014 0.018 0.008 0.006 0.924 0.016
0.013 0.019 0.028 0.021 0.009 0.035 0.726 0.15
0.007 0.004 0.008 0.012 0.007 0.009 0.947 0.005
0.003 0.004 0.004 0.004 0.004 0.003 0.973 0.005
0.049 0.031 0.068 0.04 0.049 0.025 0.709 0.029
0.006 0.008 0.006 0.018 0.009 0.006 0.939 0.007
0.011 0.024 0.309 0.011 0.011 0.006 0.602 0.027
0.004 0.004 0.009 0.005 0.004 0.005 0.963 0.005
0.02 0.066 0.009 0.241 0.543 0.028 0.056 0.037
0.004 0.005 0.004 0.007 0.004 0.004 0.961 0.011
0.004 0.005 0.007 0.01 0.005 0.004 0.958 0.005
0.014 0.006 0.022 0.006 0.007 0.008 0.923 0.013
0.005 0.006 0.007 0.009 0.005 0.005 0.956 0.008
0.004 0.004 0.004 0.004 0.004 0.004 0.971 0.006
0.067 0.014 0.006 0.4 0.017 0.042 0.132 0.321
0.069 0.758 0.006 0.018 0.011 0.008 0.063 0.068
0.013 0.71 0.007 0.009 0.027 0.141 0.004 0.088
0.008 0.853 0.006 0.005 0.047 0.008 0.007 0.066
0.081 0.122 0.048 0.249 0.015 0.043 0.038 0.404
0.011 0.121 0.012 0.009 0.595 0.169 0.006 0.078
0.027 0.879 0.006 0.009 0.005 0.019 0.004 0.05
0.04 0.882 0.004 0.008 0.013 0.035 0.004 0.014
0.012 0.559 0.011 0.029 0.03 0.125 0.012 0.222
0.015 0.833 0.062 0.016 0.013 0.01 0.023 0.028
0.006 0.901 0.012 0.005 0.006 0.035 0.006 0.029
0.067 0.788 0.028 0.055 0.007 0.036 0.008 0.011
0.009 0.958 0.006 0.004 0.006 0.008 0.004 0.006
0.01 0.176 0.005 0.098 0.669 0.008 0.007 0.027
0.008 0.869 0.005 0.01 0.028 0.016 0.016 0.047
0.9 0.01 0.019 0.017 0.007 0.033 0.007 0.008
0.077 0.223 0.006 0.637 0.008 0.035 0.008 0.006
0.75 0.009 0.027 0.161 0.009 0.019 0.008 0.018
0.175 0.357 0.008 0.108 0.007 0.333 0.005 0.008
0.87 0.04 0.008 0.011 0.007 0.053 0.003 0.007
0.525 0.018 0.024 0.008 0.359 0.026 0.019 0.022
0.9 0.009 0.008 0.018 0.015 0.034 0.007 0.01
0.199 0.014 0.007 0.02 0.024 0.681 0.009 0.046
0.55 0.012 0.009 0.006 0.385 0.012 0.006 0.021
0.93 0.009 0.015 0.007 0.012 0.015 0.004 0.009
0.948 0.006 0.007 0.008 0.012 0.008 0.005 0.006
0.741 0.008 0.024 0.011 0.004 0.198 0.004 0.009
0.908 0.014 0.005 0.008 0.009 0.009 0.006 0.04
0.938 0.006 0.027 0.007 0.006 0.007 0.005 0.006
0.918 0.02 0.008 0.008 0.009 0.021 0.004 0.012
0.264 0.165 0.015 0.014 0.011 0.299 0.006 0.226
0.503 0.015 0.007 0.037 0.023 0.304 0.014 0.097
0.915 0.009 0.016 0.008 0.008 0.017 0.009 0.02
0.804 0.036 0.015 0.03 0.006 0.094 0.006 0.01
0.564 0.053 0.008 0.053 0.011 0.253 0.006 0.053
0.77 0.063 0.016 0.008 0.006 0.039 0.006 0.091
0.35 0.019 0.062 0.008 0.008 0.525 0.005 0.023
0.897 0.008 0.024 0.005 0.02 0.029 0.007 0.011
0.939 0.012 0.01 0.006 0.01 0.015 0.004 0.004
0.032 0.012 0.005 0.016 0.007 0.912 0.006 0.009
0.058 0.049 0.017 0.044 0.019 0.79 0.015 0.009
0.483 0.031 0.023 0.013 0.072 0.102 0.261 0.015
0.008 0.016 0.01 0.006 0.008 0.668 0.279 0.005
0.052 0.436 0.01 0.014 0.255 0.211 0.006 0.016
0.006 0.03 0.004 0.006 0.005 0.925 0.017 0.008
0.007 0.01 0.011 0.007 0.01 0.907 0.041 0.007
0.012 0.006 0.007 0.008 0.424 0.501 0.009 0.032
0.005 0.005 0.005 0.005 0.005 0.959 0.006 0.011
0.017 0.065 0.011 0.006 0.013 0.745 0.135 0.009
0.023 0.016 0.008 0.041 0.007 0.887 0.004 0.014
0.052 0.109 0.013 0.012 0.022 0.738 0.028 0.025
0.287 0.015 0.006 0.006 0.009 0.651 0.015 0.012
0.012 0.053 0.005 0.007 0.122 0.787 0.004 0.01
0.018 0.061 0.005 0.005 0.268 0.627 0.004 0.013
0.006 0.007 0.004 0.011 0.004 0.954 0.004 0.01
0.004 0.005 0.004 0.004 0.004 0.967 0.004 0.008
0.005 0.007 0.006 0.008 0.006 0.953 0.007 0.008
0.013 0.007 0.006 0.013 0.008 0.942 0.004 0.008
0.013 0.01 0.005 0.013 0.016 0.908 0.011 0.024
0.007 0.011 0.005 0.007 0.008 0.947 0.006 0.009
0.007 0.009 0.004 0.004 0.005 0.943 0.009 0.018
0.528 0.054 0.027 0.043 0.07 0.231 0.029 0.02
0.391 0.013 0.015 0.01 0.008 0.554 0.004 0.006
0.857 0.016 0.004 0.007 0.005 0.086 0.011 0.013
0.762 0.01 0.003 0.008 0.134 0.07 0.007 0.006
0.124 0.033 0.005 0.005 0.215 0.584 0.027 0.006
0.197 0.014 0.005 0.033 0.424 0.309 0.007 0.012
0.032 0.05 0.006 0.009 0.047 0.822 0.005 0.029
0.037 0.009 0.013 0.014 0.015 0.888 0.011 0.014
0.025 0.012 0.007 0.047 0.018 0.798 0.016 0.077
0.1 0.024 0.005 0.017 0.036 0.767 0.004 0.047
0.008 0.007 0.004 0.006 0.006 0.957 0.007 0.005
0.007 0.007 0.004 0.006 0.005 0.958 0.007 0.005
0.008 0.008 0.004 0.006 0.006 0.957 0.007 0.005
0.03 0.129 0.005 0.008 0.019 0.765 0.03 0.014
0.008 0.007 0.006 0.004 0.005 0.956 0.008 0.006
0.031 0.036 0.007 0.012 0.823 0.073 0.009 0.01
0.12 0.009 0.005 0.006 0.007 0.817 0.02 0.015
0.412 0.017 0.089 0.077 0.314 0.048 0.032 0.012
0.073 0.009 0.01 0.017 0.012 0.848 0.01 0.023
0.052 0.028 0.005 0.011 0.016 0.855 0.017 0.015
0.06 0.014 0.015 0.01 0.011 0.818 0.063 0.01
0.862 0.009 0.022 0.013 0.017 0.044 0.026 0.007
0.02 0.01 0.004 0.006 0.006 0.94 0.009 0.006
0.859 0.018 0.024 0.032 0.008 0.042 0.008 0.01
0.02 0.01 0.004 0.006 0.006 0.94 0.009 0.005
0.021 0.12 0.007 0.183 0.022 0.154 0.008 0.485
0.011 0.415 0.019 0.021 0.012 0.249 0.217 0.056
0.162 0.076 0.008 0.044 0.03 0.37 0.044 0.266
0.017 0.025 0.052 0.019 0.025 0.249 0.149 0.464
0.019 0.227 0.023 0.011 0.022 0.036 0.018 0.644
0.012 0.023 0.043 0.007 0.013 0.037 0.006 0.859
0.031 0.162 0.109 0.114 0.027 0.036 0.024 0.497
0.058 0.134 0.068 0.128 0.085 0.027 0.009 0.49
0.027 0.206 0.014 0.014 0.252 0.068 0.22 0.199
0.018 0.045 0.013 0.011 0.012 0.031 0.012 0.858
0.035 0.033 0.011 0.012 0.04 0.47 0.201 0.198
0.008 0.039 0.007 0.041 0.743 0.011 0.01 0.141
0.007 0.019 0.008 0.129 0.615 0.006 0.023 0.193
0.014 0.013 0.007 0.834 0.016 0.006 0.072 0.038
0.008 0.024 0.01 0.622 0.014 0.028 0.017 0.277
0.006 0.016 0.012 0.657 0.275 0.006 0.007 0.021
0.01 0.09 0.016 0.031 0.037 0.307 0.012 0.497
0.005 0.006 0.011 0.947 0.006 0.005 0.011 0.009
0.01 0.013 0.009 0.226 0.01 0.01 0.704 0.018
0.006 0.017 0.018 0.204 0.347 0.016 0.268 0.125
0.01 0.009 0.008 0.843 0.027 0.006 0.057 0.039
0.006 0.031 0.016 0.568 0.076 0.01 0.008 0.285
0.013 0.025 0.006 0.417 0.047 0.012 0.196 0.284
0.006 0.005 0.01 0.032 0.222 0.005 0.702 0.018
0.02 0.88 0.008 0.016 0.034 0.006 0.005 0.03
