0.011 0.009 0.011 0.012 0.006 0.007 0.927 0.011 0.007
0.008 0.006 0.011 0.004 0.009 0.011 0.932 0.009 0.01
0.007 0.026 0.008 0.005 0.053 0.015 0.85 0.032 0.005
0.005 0.119 0.169 0.008 0.005 0.01 0.635 0.005 0.044
0.011 0.034 0.008 0.008 0.011 0.028 0.852 0.041 0.008
0.007 0.175 0.006 0.011 0.014 0.016 0.729 0.024 0.019
0.007 0.016 0.018 0.007 0.055 0.448 0.119 0.317 0.011
0.124 0.007 0.006 0.003 0.008 0.011 0.702 0.108 0.03
0.012 0.248 0.011 0.005 0.021 0.016 0.235 0.006 0.446
0.005 0.111 0.005 0.005 0.018 0.011 0.43 0.01 0.404
0.005 0.028 0.006 0.007 0.009 0.031 0.877 0.006 0.031
0.004 0.007 0.015 0.008 0.011 0.007 0.926 0.014 0.007
0.005 0.063 0.005 0.007 0.007 0.006 0.882 0.005 0.021
0.127 0.014 0.007 0.006 0.007 0.208 0.198 0.413 0.019
0.014 0.011 0.021 0.014 0.01 0.019 0.731 0.047 0.133
0.005 0.009 0.006 0.012 0.007 0.01 0.935 0.005 0.01
0.008 0.018 0.006 0.024 0.013 0.028 0.362 0.02 0.521
0.018 0.038 0.006 0.009 0.043 0.041 0.774 0.005 0.066
0.005 0.094 0.174 0.013 0.006 0.021 0.667 0.004 0.016
0.009 0.108 0.016 0.012 0.022 0.02 0.043 0.732 0.036
0.029 0.08 0.206 0.005 0.008 0.055 0.514 0.005 0.097
0.006 0.017 0.005 0.023 0.015 0.005 0.911 0.009 0.01
0.011 0.015 0.016 0.087 0.018 0.029 0.782 0.015 0.026
0.005 0.006 0.004 0.006 0.007 0.007 0.948 0.007 0.011
0.202 0.043 0.036 0.588 0.024 0.014 0.014 0.069 0.01
0.134 0.004 0.004 0.805 0.004 0.004 0.004 0.038 0.003
0.009 0.035 0.449 0.468 0.007 0.007 0.007 0.014 0.004
0.163 0.089 0.007 0.467 0.015 0.012 0.031 0.134 0.081
0.008 0.008 0.01 0.859 0.032 0.01 0.055 0.006 0.011
0.056 0.011 0.009 0.801 0.005 0.007 0.005 0.101 0.005
0.003 0.004 0.004 0.97 0.004 0.004 0.005 0.004 0.003
0.005 0.006 0.01 0.919 0.011 0.006 0.007 0.029 0.006
0.441 0.023 0.009 0.443 0.019 0.008 0.013 0.037 0.008
0.019 0.009 0.009 0.912 0.011 0.012 0.009 0.007 0.01
0.041 0.023 0.035 0.635 0.092 0.093 0.024 0.028 0.029
0.008 0.086 0.022 0.06 0.021 0.008 0.024 0.761 0.011
0.003 0.005 0.004 0.964 0.005 0.005 0.004 0.006 0.003
0.006 0.025 0.017 0.894 0.032 0.006 0.008 0.005 0.006
0.009 0.008 0.024 0.786 0.02 0.009 0.037 0.017 0.091
0.006 0.007 0.005 0.944 0.007 0.01 0.008 0.006 0.007
0.007 0.036 0.097 0.368 0.017 0.283 0.163 0.02 0.01
0.005 0.299 0.007 0.589 0.006 0.005 0.051 0.035 0.004
0.006 0.008 0.283 0.607 0.016 0.006 0.008 0.054 0.011
0.005 0.018 0.005 0.908 0.006 0.011 0.008 0.005 0.034
0.004 0.163 0.006 0.758 0.006 0.011 0.009 0.017 0.027
0.005 0.019 0.005 0.908 0.006 0.01 0.008 0.005 0.034
0.003 0.005 0.004 0.964 0.005 0.005 0.004 0.007 0.003
0.003 0.005 0.004 0.964 0.005 0.005 0.004 0.007 0.003
0.012 0.007 0.009 0.006 0.932 0.01 0.005 0.004 0.015
0.246 0.405 0.01 0.004 0.033 0.15 0.018 0.004 0.13
0.046 0.018 0.036 0.12 0.356 0.375 0.008 0.032 0.009
0.865 0.008 0.023 0.005 0.048 0.009 0.031 0.005 0.005
0.015 0.008 0.888 0.005 0.041 0.014 0.006 0.005 0.018
0.637 0.008 0.009 0.015 0.279 0.009 0.008 0.004 0.031
0.294 0.012 0.01 0.025 0.565 0.019 0.045 0.007 0.022
0.913 0.016 0.015 0.006 0.015 0.006 0.007 0.011 0.011
0.904 0.018 0.016 0.006 0.019 0.006 0.008 0.012 0.011
0.006 0.026 0.056 0.006 0.74 0.013 0.018 0.006 0.129
0.17 0.021 0.477 0.012 0.125 0.071 0.061 0.004 0.059
0.009 0.012 0.012 0.012 0.915 0.009 0.02 0.006 0.006
0.935 0.005 0.007 0.005 0.019 0.009 0.008 0.006 0.006
0.081 0.013 0.105 0.027 0.241 0.36 0.128 0.014 0.032
0.099 0.057 0.007 0.01 0.15 0.061 0.006 0.005 0.605
0.391 0.01 0.012 0.009 0.523 0.008 0.007 0.022 0.018
0.45 0.026 0.039 0.007 0.41 0.01 0.007 0.045 0.005
0.007 0.007 0.95 0.005 0.007 0.005 0.006 0.004 0.008
0.006 0.005 0.954 0.003 0.011 0.004 0.007 0.004 0.005
0.004 0.004 0.969 0.004 0.005 0.004 0.003 0.003 0.004
0.004 0.005 0.965 0.004 0.005 0.005 0.004 0.004 0.004
0.012 0.004 0.023 0.003 0.903 0.009 0.011 0.005 0.03
0.091 0.012 0.01 0.01 0.803 0.027 0.008 0.008 0.031
0.013 0.033 0.457 0.006 0.363 0.063 0.051 0.006 0.008
0.491 0.232 0.012 0.023 0.021 0.011 0.116 0.085 0.009
0.005 0.876 0.005 0.008 0.007 0.014 0.008 0.062 0.016
0.036 0.793 0.011 0.026 0.03 0.029 0.021 0.023 0.03
0.017 0.744 0.007 0.007 0.044 0.02 0.012 0.023 0.127
0.034 0.023 0.016 0.004 0.799 0.051 0.03 0.012 0.03
0.035 0.026 0.129 0.052 0.229 0.028 0.481 0.011 0.008
0.01 0.321 0.142 0.014 0.107 0.015 0.134 0.01 0.249
0.018 0.126 0.37 0.023 0.384 0.018 0.042 0.012 0.007
0.01 0.665 0.026 0.009 0.221 0.012 0.034 0.016 0.007
0.003 0.967 0.004 0.005 0.004 0.004 0.004 0.004 0.005
0.006 0.763 0.007 0.006 0.006 0.01 0.008 0.187 0.005
0.006 0.742 0.012 0.032 0.043 0.01 0.065 0.06 0.03
0.005 0.872 0.059 0.006 0.009 0.005 0.009 0.019 0.015
0.005 0.033 0.015 0.073 0.741 0.045 0.06 0.014 0.014
0.008 0.065 0.009 0.186 0.606 0.035 0.05 0.015 0.025
0.005 0.955 0.004 0.007 0.009 0.005 0.006 0.006 0.004
0.029 0.15 0.012 0.015 0.343 0.015 0.026 0.038 0.372
0.02 0.039 0.69 0.028 0.135 0.019 0.019 0.044 0.006
0.005 0.913 0.009 0.007 0.013 0.005 0.017 0.007 0.024
0.005 0.861 0.009 0.005 0.079 0.006 0.005 0.008 0.022
0.055 0.311 0.017 0.008 0.101 0.013 0.011 0.447 0.037
0.005 0.94 0.012 0.006 0.008 0.005 0.007 0.009 0.006
0.009 0.834 0.017 0.006 0.01 0.012 0.075 0.007 0.03
0.005 0.904 0.013 0.013 0.014 0.007 0.022 0.009 0.013
0.007 0.091 0.008 0.013 0.766 0.016 0.006 0.08 0.013
0.008 0.022 0.043 0.018 0.75 0.025 0.017 0.093 0.023
0.007 0.006 0.009 0.009 0.925 0.015 0.014 0.009 0.006
0.008 0.019 0.016 0.005 0.925 0.007 0.006 0.007 0.007
0.007 0.009 0.903 0.009 0.014 0.008 0.007 0.034 0.009
0.007 0.013 0.111 0.014 0.802 0.007 0.011 0.025 0.009
0.005 0.007 0.018 0.051 0.757 0.138 0.01 0.008 0.006
0.005 0.017 0.01 0.009 0.604 0.319 0.017 0.011 0.009
0.007 0.821 0.076 0.009 0.043 0.009 0.016 0.007 0.012
0.018 0.044 0.086 0.009 0.805 0.009 0.007 0.012 0.01
0.011 0.036 0.015 0.017 0.842 0.034 0.023 0.016 0.005
0.022 0.047 0.029 0.265 0.046 0.183 0.059 0.033 0.316
0.015 0.868 0.009 0.009 0.025 0.024 0.01 0.006 0.034
0.008 0.222 0.063 0.008 0.481 0.04 0.042 0.074 0.062
0.009 0.056 0.039 0.059 0.724 0.024 0.065 0.019 0.007
0.006 0.03 0.826 0.038 0.05 0.008 0.017 0.016 0.008
0.008 0.582 0.023 0.008 0.296 0.027 0.009 0.014 0.033
0.013 0.037 0.034 0.014 0.795 0.035 0.041 0.009 0.021
0.031 0.08 0.018 0.007 0.405 0.007 0.025 0.416 0.01
0.009 0.019 0.306 0.036 0.464 0.042 0.063 0.014 0.048
0.111 0.025 0.023 0.043 0.451 0.051 0.016 0.255 0.025
0.005 0.13 0.061 0.029 0.733 0.007 0.015 0.011 0.008
0.008 0.888 0.013 0.013 0.043 0.01 0.006 0.006 0.014
0.009 0.579 0.013 0.015 0.329 0.01 0.017 0.006 0.021
0.107 0.075 0.03 0.014 0.124 0.022 0.009 0.588 0.031
0.009 0.067 0.061 0.116 0.049 0.093 0.018 0.573 0.014
0.257 0.014 0.01 0.228 0.021 0.142 0.024 0.282 0.022
0.016 0.338 0.018 0.038 0.03 0.134 0.124 0.162 0.14
0.016 0.011 0.008 0.007 0.009 0.005 0.93 0.008 0.007
0.008 0.248 0.011 0.009 0.015 0.013 0.565 0.124 0.008
0.044 0.021 0.101 0.017 0.034 0.018 0.221 0.523 0.021
0.031 0.017 0.011 0.035 0.395 0.011 0.306 0.181 0.012
0.005 0.252 0.042 0.014 0.016 0.017 0.573 0.059 0.022
0.01 0.023 0.015 0.01 0.828 0.008 0.046 0.038 0.022
0.017 0.718 0.005 0.013 0.009 0.008 0.16 0.063 0.007
0.025 0.082 0.012 0.009 0.015 0.006 0.037 0.811 0.004
0.004 0.008 0.004 0.006 0.004 0.004 0.946 0.019 0.006
0.009 0.009 0.012 0.012 0.065 0.01 0.028 0.848 0.007
0.012 0.018 0.017 0.054 0.047 0.009 0.493 0.319 0.031
0.006 0.007 0.005 0.008 0.008 0.006 0.882 0.071 0.006
0.011 0.016 0.012 0.027 0.024 0.019 0.874 0.01 0.008
0.009 0.011 0.011 0.011 0.016 0.009 0.891 0.036 0.005
0.008 0.01 0.007 0.018 0.022 0.006 0.916 0.006 0.007
0.006 0.338 0.01 0.021 0.014 0.016 0.565 0.012 0.017
0.013 0.185 0.007 0.019 0.045 0.01 0.289 0.423 0.009
0.006 0.025 0.008 0.01 0.011 0.011 0.114 0.809 0.007
0.009 0.448 0.021 0.005 0.013 0.034 0.387 0.059 0.025
0.017 0.13 0.346 0.013 0.023 0.029 0.276 0.14 0.026
0.02 0.022 0.029 0.004 0.012 0.009 0.005 0.89 0.008
0.009 0.051 0.011 0.061 0.053 0.148 0.045 0.612 0.011
0.013 0.226 0.022 0.013 0.021 0.011 0.047 0.614 0.034
0.035 0.134 0.058 0.021 0.061 0.1 0.183 0.378 0.03
0.004 0.008 0.009 0.007 0.008 0.008 0.219 0.731 0.006
0.01 0.244 0.063 0.011 0.076 0.041 0.178 0.36 0.017
0.005 0.005 0.004 0.006 0.005 0.004 0.006 0.961 0.004
0.009 0.012 0.006 0.007 0.01 0.006 0.036 0.91 0.006
0.034 0.013 0.01 0.207 0.008 0.01 0.227 0.486 0.005
0.009 0.019 0.007 0.016 0.008 0.005 0.018 0.912 0.006
0.006 0.1 0.008 0.023 0.029 0.014 0.016 0.754 0.049
0.005 0.006 0.006 0.009 0.005 0.005 0.013 0.938 0.015
0.004 0.004 0.004 0.004 0.004 0.003 0.004 0.97 0.003
0.033 0.029 0.054 0.067 0.045 0.031 0.037 0.683 0.02
0.013 0.007 0.008 0.006 0.008 0.006 0.016 0.931 0.005
0.008 0.019 0.009 0.261 0.036 0.007 0.01 0.643 0.006
0.006 0.005 0.004 0.008 0.004 0.004 0.005 0.96 0.004
0.008 0.056 0.306 0.008 0.086 0.016 0.249 0.09 0.181
0.007 0.01 0.004 0.004 0.004 0.004 0.007 0.956 0.004
0.004 0.005 0.004 0.007 0.007 0.004 0.01 0.956 0.004
0.008 0.015 0.006 0.021 0.007 0.012 0.007 0.915 0.01
0.009 0.008 0.005 0.006 0.006 0.005 0.009 0.949 0.004
0.004 0.006 0.003 0.004 0.004 0.004 0.004 0.967 0.004
0.011 0.49 0.011 0.005 0.026 0.048 0.236 0.136 0.037
0.012 0.033 0.009 0.006 0.826 0.048 0.014 0.044 0.008
0.036 0.028 0.009 0.006 0.804 0.011 0.008 0.004 0.094
0.006 0.007 0.006 0.005 0.955 0.005 0.004 0.005 0.007
0.041 0.487 0.011 0.041 0.202 0.025 0.131 0.035 0.028
0.012 0.093 0.098 0.02 0.164 0.008 0.012 0.007 0.587
0.007 0.028 0.005 0.005 0.902 0.023 0.007 0.004 0.019
0.042 0.011 0.015 0.004 0.867 0.023 0.006 0.004 0.029
0.019 0.08 0.011 0.008 0.736 0.011 0.021 0.009 0.105
0.017 0.011 0.006 0.032 0.892 0.01 0.01 0.011 0.01
0.023 0.03 0.008 0.028 0.767 0.01 0.005 0.006 0.123
0.011 0.008 0.006 0.017 0.884 0.022 0.021 0.006 0.025
0.018 0.006 0.007 0.006 0.931 0.013 0.004 0.004 0.011
0.019 0.118 0.407 0.005 0.224 0.022 0.183 0.008 0.014
0.393 0.115 0.048 0.004 0.39 0.009 0.014 0.018 0.009
0.039 0.01 0.008 0.059 0.081 0.662 0.036 0.008 0.096
0.242 0.006 0.007 0.006 0.02 0.045 0.633 0.007 0.034
0.008 0.021 0.008 0.041 0.021 0.534 0.285 0.009 0.072
0.22 0.009 0.006 0.009 0.153 0.076 0.107 0.005 0.414
0.052 0.008 0.007 0.01 0.149 0.557 0.019 0.004 0.194
0.082 0.019 0.338 0.024 0.017 0.477 0.009 0.02 0.013
0.009 0.01 0.018 0.007 0.014 0.879 0.024 0.007 0.032
0.036 0.052 0.018 0.006 0.019 0.674 0.024 0.007 0.164
0.011 0.016 0.341 0.007 0.009 0.6 0.005 0.005 0.006
0.007 0.01 0.011 0.024 0.01 0.86 0.007 0.004 0.067
0.008 0.007 0.024 0.008 0.008 0.921 0.01 0.007 0.008
0.01 0.006 0.004 0.012 0.009 0.886 0.009 0.004 0.059
0.006 0.033 0.007 0.004 0.007 0.924 0.007 0.006 0.005
0.007 0.005 0.005 0.021 0.006 0.942 0.006 0.004 0.004
0.035 0.009 0.009 0.008 0.015 0.891 0.009 0.004 0.02
0.021 0.103 0.007 0.019 0.073 0.719 0.014 0.006 0.039
0.007 0.055 0.01 0.004 0.007 0.859 0.014 0.008 0.035
0.017 0.026 0.009 0.011 0.008 0.895 0.007 0.013 0.014
0.132 0.008 0.005 0.023 0.021 0.686 0.034 0.005 0.086
0.008 0.018 0.009 0.006 0.037 0.648 0.03 0.006 0.237
0.007 0.033 0.004 0.006 0.022 0.902 0.006 0.006 0.013
0.012 0.017 0.006 0.013 0.006 0.821 0.008 0.004 0.113
0.009 0.009 0.021 0.019 0.007 0.912 0.004 0.007 0.012
0.022 0.004 0.012 0.01 0.013 0.919 0.006 0.004 0.01
0.054 0.013 0.01 0.005 0.025 0.122 0.018 0.006 0.747
0.012 0.005 0.007 0.011 0.073 0.013 0.028 0.01 0.841
0.298 0.016 0.097 0.021 0.009 0.384 0.019 0.136 0.021
0.886 0.005 0.009 0.008 0.006 0.01 0.007 0.051 0.017
0.246 0.018 0.265 0.014 0.186 0.096 0.016 0.007 0.154
0.01 0.007 0.006 0.004 0.026 0.006 0.006 0.015 0.918
0.543 0.012 0.011 0.01 0.006 0.011 0.009 0.03 0.368
0.013 0.03 0.43 0.006 0.006 0.018 0.007 0.009 0.481
0.005 0.008 0.005 0.004 0.005 0.005 0.004 0.005 0.958
0.863 0.009 0.014 0.009 0.014 0.023 0.006 0.019 0.043
0.105 0.01 0.007 0.007 0.021 0.016 0.046 0.004 0.784
0.641 0.018 0.049 0.01 0.023 0.052 0.011 0.017 0.18
0.012 0.01 0.009 0.006 0.008 0.177 0.005 0.009 0.764
0.014 0.009 0.015 0.004 0.007 0.013 0.006 0.004 0.927
0.01 0.008 0.023 0.005 0.023 0.009 0.005 0.004 0.913
0.014 0.007 0.004 0.003 0.006 0.005 0.01 0.004 0.948
0.007 0.007 0.004 0.003 0.004 0.004 0.004 0.004 0.963
0.009 0.008 0.005 0.007 0.005 0.008 0.007 0.007 0.945
0.006 0.007 0.008 0.006 0.008 0.014 0.013 0.004 0.934
0.007 0.015 0.014 0.005 0.009 0.009 0.01 0.008 0.923
0.006 0.007 0.006 0.004 0.008 0.007 0.006 0.005 0.95
0.01 0.01 0.005 0.004 0.01 0.007 0.004 0.008 0.942
0.016 0.018 0.021 0.024 0.052 0.21 0.033 0.027 0.601
0.041 0.006 0.009 0.027 0.013 0.221 0.013 0.004 0.666
0.217 0.019 0.004 0.004 0.03 0.524 0.009 0.02 0.174
0.161 0.009 0.169 0.003 0.018 0.484 0.011 0.014 0.132
0.531 0.008 0.219 0.005 0.021 0.164 0.006 0.015 0.03
0.02 0.015 0.389 0.005 0.024 0.254 0.028 0.008 0.256
0.035 0.015 0.026 0.005 0.088 0.017 0.011 0.006 0.797
0.008 0.01 0.01 0.011 0.01 0.027 0.012 0.011 0.901
0.015 0.071 0.019 0.007 0.009 0.027 0.034 0.016 0.802
0.01 0.024 0.016 0.004 0.039 0.044 0.011 0.005 0.847
0.958 0.004 0.005 0.003 0.005 0.007 0.006 0.004 0.007
0.957 0.004 0.005 0.003 0.005 0.007 0.006 0.004 0.008
0.958 0.004 0.005 0.003 0.005 0.007 0.006 0.004 0.007
0.771 0.011 0.01 0.005 0.057 0.018 0.011 0.01 0.108
0.521 0.011 0.005 0.006 0.006 0.017 0.005 0.01 0.419
0.293 0.008 0.634 0.005 0.006 0.017 0.012 0.008 0.018
0.03 0.011 0.009 0.005 0.012 0.107 0.006 0.009 0.811
0.024 0.01 0.386 0.109 0.073 0.211 0.101 0.038 0.049
0.022 0.026 0.016 0.011 0.023 0.261 0.021 0.011 0.61
0.067 0.018 0.025 0.006 0.109 0.111 0.017 0.02 0.628
0.893 0.008 0.009 0.009 0.011 0.026 0.011 0.018 0.014
0.051 0.008 0.037 0.043 0.069 0.639 0.026 0.053 0.074
0.935 0.004 0.005 0.004 0.009 0.013 0.006 0.005 0.02
0.008 0.008 0.006 0.023 0.016 0.895 0.023 0.007 0.013
0.936 0.004 0.005 0.004 0.008 0.013 0.006 0.005 0.02
0.093 0.584 0.017 0.007 0.032 0.025 0.117 0.008 0.118
0.821 0.04 0.007 0.019 0.019 0.009 0.042 0.033 0.01
0.021 0.307 0.023 0.006 0.288 0.16 0.03 0.031 0.133
0.187 0.618 0.013 0.022 0.012 0.017 0.011 0.092 0.03
0.007 0.422 0.021 0.027 0.401 0.023 0.01 0.018 0.072
0.009 0.841 0.006 0.042 0.018 0.023 0.006 0.005 0.048
0.01 0.282 0.025 0.116 0.297 0.016 0.114 0.024 0.116
0.067 0.604 0.029 0.055 0.098 0.048 0.065 0.007 0.026
0.341 0.356 0.065 0.009 0.085 0.018 0.015 0.102 0.009
0.051 0.812 0.013 0.014 0.017 0.056 0.011 0.012 0.016
0.216 0.415 0.031 0.008 0.019 0.065 0.011 0.168 0.069
0.012 0.336 0.408 0.013 0.113 0.022 0.07 0.012 0.014
0.007 0.47 0.29 0.01 0.039 0.011 0.15 0.017 0.006
0.008 0.045 0.014 0.007 0.036 0.012 0.805 0.068 0.005
0.008 0.257 0.028 0.01 0.021 0.011 0.602 0.015 0.046
0.007 0.022 0.266 0.011 0.012 0.006 0.662 0.006 0.007
0.018 0.35 0.062 0.015 0.059 0.013 0.033 0.014 0.436
0.006 0.01 0.007 0.012 0.006 0.005 0.937 0.012 0.004
0.013 0.019 0.01 0.008 0.019 0.008 0.161 0.754 0.007
0.052 0.153 0.3 0.011 0.009 0.006 0.21 0.252 0.007
0.017 0.039 0.027 0.008 0.015 0.007 0.819 0.063 0.005
0.007 0.244 0.097 0.015 0.043 0.009 0.567 0.008 0.01
0.048 0.301 0.083 0.004 0.012 0.011 0.321 0.213 0.005
0.007 0.021 0.192 0.008 0.006 0.005 0.026 0.73 0.004
0.009 0.022 0.024 0.007 0.856 0.051 0.017 0.005 0.008
