0.011 0.008 0.01 0.006 0.934 0.012 0.008 0.012
0.013 0.006 0.008 0.009 0.936 0.004 0.015 0.009
0.011 0.042 0.006 0.023 0.863 0.005 0.019 0.032
0.171 0.062 0.029 0.005 0.713 0.007 0.007 0.006
0.009 0.03 0.009 0.01 0.854 0.007 0.035 0.045
0.006 0.151 0.014 0.007 0.763 0.01 0.027 0.021
0.012 0.014 0.008 0.011 0.083 0.006 0.671 0.195
0.007 0.006 0.075 0.017 0.759 0.005 0.014 0.117
0.016 0.244 0.372 0.02 0.323 0.005 0.014 0.006
0.006 0.242 0.165 0.016 0.54 0.006 0.017 0.008
0.006 0.028 0.018 0.008 0.902 0.007 0.026 0.006
0.016 0.007 0.006 0.006 0.931 0.008 0.012 0.015
0.005 0.063 0.016 0.004 0.892 0.007 0.007 0.005
0.007 0.012 0.038 0.013 0.245 0.007 0.25 0.427
0.024 0.01 0.102 0.007 0.776 0.015 0.024 0.042
0.006 0.008 0.009 0.005 0.946 0.011 0.01 0.005
0.007 0.02 0.417 0.008 0.476 0.027 0.026 0.018
0.008 0.03 0.064 0.017 0.819 0.01 0.047 0.005
0.226 0.034 0.009 0.005 0.684 0.011 0.027 0.005
0.018 0.059 0.033 0.015 0.052 0.012 0.018 0.793
0.281 0.03 0.074 0.008 0.507 0.005 0.089 0.005
0.006 0.017 0.007 0.014 0.92 0.022 0.006 0.009
0.015 0.015 0.02 0.017 0.804 0.087 0.028 0.015
0.005 0.006 0.008 0.005 0.955 0.006 0.009 0.007
0.035 0.075 0.023 0.06 0.015 0.703 0.02 0.068
0.005 0.004 0.005 0.016 0.005 0.926 0.005 0.033
0.477 0.028 0.006 0.005 0.006 0.46 0.005 0.013
0.009 0.079 0.093 0.117 0.029 0.582 0.008 0.083
0.014 0.011 0.015 0.013 0.062 0.86 0.019 0.007
0.009 0.01 0.008 0.008 0.005 0.916 0.007 0.038
0.004 0.004 0.003 0.003 0.005 0.973 0.004 0.004
0.012 0.012 0.007 0.007 0.008 0.919 0.006 0.03
0.046 0.05 0.082 0.069 0.018 0.592 0.019 0.124
0.009 0.009 0.014 0.01 0.009 0.931 0.011 0.007
0.091 0.025 0.039 0.108 0.02 0.647 0.052 0.018
0.021 0.074 0.009 0.022 0.028 0.065 0.009 0.772
0.005 0.005 0.003 0.004 0.005 0.966 0.005 0.007
0.033 0.034 0.005 0.019 0.008 0.888 0.008 0.005
0.022 0.008 0.095 0.009 0.05 0.779 0.019 0.019
0.005 0.006 0.006 0.005 0.007 0.955 0.009 0.006
0.127 0.015 0.011 0.016 0.161 0.374 0.272 0.024
0.012 0.254 0.005 0.006 0.087 0.59 0.005 0.041
0.301 0.015 0.009 0.008 0.009 0.595 0.009 0.055
0.005 0.019 0.023 0.006 0.008 0.925 0.008 0.005
0.007 0.109 0.031 0.006 0.012 0.805 0.009 0.021
0.005 0.02 0.023 0.006 0.008 0.925 0.008 0.005
0.005 0.005 0.003 0.005 0.005 0.966 0.006 0.007
0.005 0.005 0.003 0.004 0.005 0.965 0.006 0.007
0.012 0.009 0.027 0.926 0.005 0.007 0.011 0.004
0.009 0.392 0.249 0.25 0.037 0.004 0.055 0.004
0.032 0.02 0.011 0.282 0.008 0.096 0.525 0.027
0.011 0.006 0.012 0.944 0.012 0.004 0.008 0.005
0.905 0.008 0.016 0.044 0.005 0.004 0.012 0.005
0.007 0.007 0.039 0.919 0.006 0.007 0.01 0.005
0.014 0.017 0.082 0.7 0.08 0.027 0.072 0.009
0.01 0.009 0.018 0.932 0.007 0.005 0.006 0.013
0.009 0.009 0.014 0.94 0.007 0.004 0.006 0.011
0.075 0.047 0.059 0.771 0.019 0.007 0.015 0.007
0.385 0.014 0.025 0.512 0.022 0.009 0.029 0.004
0.021 0.02 0.007 0.897 0.024 0.015 0.01 0.007
0.009 0.006 0.062 0.868 0.006 0.007 0.008 0.035
0.102 0.017 0.049 0.257 0.109 0.03 0.423 0.014
0.008 0.05 0.774 0.127 0.007 0.008 0.022 0.006
0.008 0.007 0.019 0.935 0.005 0.006 0.007 0.011
0.017 0.015 0.014 0.871 0.005 0.007 0.009 0.062
0.954 0.008 0.007 0.01 0.006 0.005 0.005 0.004
0.959 0.006 0.006 0.011 0.007 0.004 0.004 0.004
0.969 0.004 0.005 0.005 0.004 0.005 0.004 0.003
0.966 0.005 0.005 0.006 0.004 0.005 0.005 0.004
0.063 0.005 0.027 0.837 0.013 0.004 0.047 0.005
0.011 0.016 0.035 0.889 0.012 0.01 0.019 0.007
0.366 0.037 0.008 0.492 0.049 0.006 0.036 0.006
0.017 0.238 0.043 0.086 0.1 0.031 0.035 0.449
0.005 0.76 0.007 0.007 0.011 0.01 0.055 0.145
0.011 0.831 0.04 0.017 0.02 0.029 0.026 0.027
0.008 0.768 0.145 0.021 0.012 0.007 0.017 0.022
0.046 0.029 0.11 0.148 0.047 0.004 0.603 0.014
0.141 0.02 0.011 0.12 0.593 0.049 0.056 0.012
0.414 0.191 0.051 0.181 0.122 0.013 0.018 0.009
0.571 0.143 0.009 0.212 0.028 0.017 0.01 0.01
0.059 0.76 0.007 0.101 0.039 0.008 0.011 0.016
0.005 0.969 0.005 0.004 0.005 0.005 0.004 0.005
0.008 0.625 0.005 0.006 0.01 0.006 0.028 0.312
0.016 0.623 0.019 0.018 0.102 0.042 0.034 0.147
0.074 0.859 0.009 0.008 0.018 0.007 0.006 0.019
0.075 0.158 0.01 0.161 0.137 0.095 0.347 0.016
0.021 0.201 0.021 0.169 0.091 0.221 0.252 0.023
0.005 0.961 0.004 0.007 0.006 0.006 0.005 0.006
0.016 0.209 0.614 0.028 0.03 0.019 0.023 0.06
0.778 0.075 0.007 0.055 0.013 0.027 0.022 0.023
0.009 0.928 0.013 0.007 0.021 0.007 0.006 0.008
0.01 0.941 0.008 0.016 0.005 0.005 0.006 0.008
0.015 0.339 0.061 0.118 0.011 0.01 0.011 0.435
0.012 0.945 0.005 0.008 0.008 0.006 0.005 0.01
0.023 0.671 0.022 0.017 0.242 0.007 0.01 0.008
0.015 0.9 0.009 0.008 0.035 0.013 0.01 0.01
0.036 0.533 0.013 0.192 0.007 0.016 0.063 0.141
0.104 0.141 0.04 0.087 0.026 0.021 0.382 0.199
0.078 0.013 0.009 0.312 0.058 0.014 0.501 0.015
0.378 0.217 0.009 0.345 0.008 0.007 0.025 0.01
0.92 0.008 0.008 0.007 0.007 0.009 0.014 0.027
0.627 0.112 0.008 0.175 0.014 0.017 0.013 0.033
0.077 0.019 0.007 0.112 0.02 0.02 0.734 0.012
0.029 0.031 0.008 0.077 0.026 0.012 0.801 0.016
0.202 0.719 0.009 0.021 0.026 0.009 0.008 0.007
0.446 0.187 0.015 0.316 0.007 0.009 0.008 0.012
0.102 0.209 0.006 0.497 0.05 0.035 0.076 0.024
0.029 0.045 0.119 0.019 0.055 0.188 0.514 0.03
0.009 0.901 0.034 0.013 0.009 0.009 0.018 0.006
0.113 0.204 0.02 0.034 0.041 0.009 0.533 0.046
0.203 0.3 0.013 0.157 0.17 0.05 0.088 0.02
0.879 0.031 0.006 0.011 0.013 0.025 0.021 0.015
0.112 0.694 0.025 0.095 0.011 0.01 0.036 0.017
0.251 0.077 0.029 0.296 0.1 0.022 0.213 0.011
0.04 0.306 0.03 0.056 0.052 0.009 0.018 0.488
0.412 0.027 0.064 0.14 0.117 0.043 0.174 0.022
0.051 0.032 0.043 0.521 0.017 0.064 0.08 0.193
0.187 0.488 0.007 0.251 0.016 0.031 0.01 0.011
0.016 0.913 0.018 0.016 0.006 0.015 0.01 0.006
0.015 0.842 0.01 0.085 0.016 0.014 0.011 0.006
0.044 0.272 0.052 0.055 0.009 0.015 0.029 0.524
0.04 0.125 0.011 0.021 0.02 0.108 0.139 0.535
0.01 0.018 0.143 0.038 0.027 0.219 0.199 0.345
0.02 0.223 0.037 0.021 0.09 0.041 0.419 0.149
0.008 0.01 0.006 0.022 0.933 0.007 0.006 0.008
0.011 0.216 0.007 0.031 0.604 0.009 0.012 0.11
0.114 0.024 0.021 0.029 0.221 0.021 0.038 0.531
0.015 0.031 0.023 0.127 0.521 0.029 0.03 0.224
0.035 0.251 0.015 0.014 0.603 0.014 0.013 0.055
0.055 0.128 0.047 0.411 0.186 0.016 0.066 0.091
0.006 0.612 0.009 0.01 0.287 0.013 0.007 0.057
0.016 0.166 0.004 0.036 0.049 0.013 0.005 0.711
0.004 0.007 0.005 0.005 0.949 0.007 0.004 0.019
0.019 0.02 0.008 0.021 0.035 0.014 0.023 0.861
0.019 0.023 0.028 0.034 0.563 0.058 0.012 0.264
0.006 0.007 0.006 0.007 0.9 0.008 0.007 0.059
0.011 0.018 0.01 0.023 0.879 0.026 0.022 0.01
0.011 0.011 0.005 0.015 0.903 0.011 0.011 0.034
0.007 0.011 0.006 0.031 0.916 0.016 0.007 0.006
0.01 0.233 0.015 0.019 0.681 0.02 0.011 0.012
0.007 0.205 0.01 0.039 0.346 0.018 0.009 0.366
0.01 0.025 0.007 0.009 0.116 0.01 0.015 0.808
0.019 0.308 0.019 0.011 0.481 0.005 0.073 0.084
0.357 0.124 0.035 0.018 0.305 0.017 0.017 0.126
0.031 0.022 0.01 0.01 0.005 0.005 0.01 0.907
0.015 0.073 0.012 0.018 0.05 0.064 0.146 0.622
0.022 0.204 0.045 0.033 0.076 0.016 0.008 0.595
0.076 0.144 0.038 0.032 0.202 0.022 0.098 0.388
0.009 0.011 0.006 0.008 0.222 0.007 0.01 0.727
0.104 0.381 0.024 0.018 0.149 0.012 0.029 0.283
0.005 0.005 0.005 0.004 0.006 0.006 0.005 0.964
0.007 0.011 0.01 0.006 0.05 0.007 0.01 0.9
0.01 0.013 0.008 0.01 0.238 0.213 0.01 0.499
0.008 0.017 0.006 0.009 0.018 0.015 0.005 0.921
0.01 0.15 0.036 0.021 0.02 0.029 0.014 0.72
0.006 0.005 0.009 0.005 0.012 0.009 0.007 0.946
0.004 0.005 0.003 0.004 0.004 0.004 0.003 0.972
0.051 0.03 0.024 0.031 0.041 0.069 0.046 0.707
0.009 0.007 0.006 0.009 0.018 0.006 0.006 0.939
0.012 0.026 0.006 0.025 0.012 0.303 0.011 0.606
0.004 0.005 0.005 0.005 0.006 0.009 0.004 0.963
0.487 0.039 0.03 0.101 0.257 0.009 0.021 0.056
0.004 0.011 0.004 0.005 0.007 0.004 0.004 0.96
0.005 0.006 0.004 0.006 0.011 0.008 0.004 0.956
0.006 0.013 0.008 0.006 0.007 0.025 0.015 0.92
0.006 0.008 0.005 0.006 0.009 0.006 0.005 0.956
0.004 0.006 0.004 0.004 0.004 0.004 0.004 0.971
0.016 0.36 0.044 0.015 0.366 0.006 0.067 0.127
0.012 0.07 0.008 0.749 0.019 0.007 0.072 0.064
0.026 0.084 0.145 0.712 0.009 0.007 0.012 0.005
0.043 0.066 0.008 0.859 0.004 0.006 0.007 0.006
0.017 0.422 0.045 0.117 0.239 0.047 0.075 0.037
0.504 0.083 0.191 0.182 0.01 0.013 0.011 0.006
0.006 0.059 0.02 0.871 0.009 0.006 0.025 0.004
0.015 0.015 0.042 0.872 0.008 0.005 0.041 0.004
0.03 0.217 0.127 0.561 0.031 0.011 0.012 0.012
0.013 0.024 0.01 0.837 0.016 0.063 0.016 0.021
0.006 0.033 0.038 0.892 0.005 0.013 0.006 0.006
0.007 0.013 0.038 0.781 0.06 0.028 0.065 0.008
0.006 0.006 0.008 0.958 0.004 0.006 0.008 0.004
0.585 0.045 0.009 0.226 0.104 0.005 0.018 0.007
0.031 0.049 0.016 0.865 0.011 0.005 0.009 0.016
0.011 0.008 0.047 0.012 0.022 0.024 0.869 0.007
0.008 0.006 0.026 0.222 0.644 0.006 0.079 0.008
0.009 0.018 0.021 0.01 0.176 0.028 0.73 0.008
0.007 0.009 0.32 0.366 0.117 0.008 0.168 0.005
0.008 0.007 0.083 0.045 0.014 0.008 0.832 0.004
0.365 0.021 0.025 0.018 0.009 0.023 0.52 0.019
0.015 0.01 0.039 0.009 0.021 0.007 0.891 0.007
0.024 0.044 0.665 0.014 0.021 0.007 0.216 0.01
0.376 0.02 0.011 0.012 0.005 0.008 0.561 0.006
0.012 0.009 0.018 0.009 0.007 0.016 0.926 0.004
0.013 0.006 0.008 0.006 0.009 0.007 0.946 0.005
0.004 0.01 0.192 0.009 0.011 0.024 0.746 0.004
0.013 0.042 0.014 0.014 0.008 0.005 0.897 0.007
0.006 0.006 0.007 0.007 0.007 0.027 0.937 0.005
0.01 0.012 0.021 0.021 0.008 0.008 0.917 0.004
0.01 0.217 0.281 0.161 0.014 0.016 0.295 0.006
0.023 0.096 0.274 0.014 0.033 0.007 0.541 0.013
0.008 0.019 0.016 0.008 0.007 0.015 0.917 0.009
0.006 0.01 0.093 0.034 0.031 0.015 0.805 0.006
0.011 0.059 0.239 0.049 0.052 0.008 0.577 0.006
0.006 0.091 0.035 0.057 0.008 0.015 0.782 0.006
0.008 0.024 0.485 0.018 0.008 0.057 0.394 0.005
0.024 0.01 0.034 0.009 0.005 0.026 0.887 0.007
0.011 0.004 0.016 0.012 0.006 0.011 0.935 0.004
0.008 0.009 0.912 0.013 0.016 0.005 0.031 0.006
0.018 0.009 0.793 0.052 0.045 0.017 0.052 0.015
0.071 0.016 0.098 0.031 0.014 0.025 0.481 0.264
0.008 0.005 0.653 0.015 0.006 0.009 0.009 0.295
0.249 0.017 0.222 0.425 0.014 0.011 0.057 0.006
0.006 0.008 0.925 0.028 0.006 0.004 0.006 0.017
0.011 0.007 0.902 0.01 0.007 0.011 0.007 0.045
0.425 0.032 0.5 0.006 0.008 0.007 0.013 0.009
0.005 0.011 0.958 0.005 0.005 0.005 0.005 0.005
0.014 0.009 0.728 0.069 0.006 0.011 0.017 0.146
0.007 0.013 0.885 0.017 0.044 0.008 0.022 0.004
0.022 0.025 0.734 0.104 0.012 0.013 0.059 0.031
0.009 0.012 0.647 0.015 0.006 0.006 0.29 0.015
0.094 0.011 0.791 0.076 0.007 0.005 0.012 0.004
0.211 0.013 0.655 0.09 0.005 0.005 0.016 0.004
0.004 0.01 0.953 0.007 0.011 0.004 0.006 0.004
0.004 0.008 0.967 0.005 0.004 0.004 0.004 0.004
0.006 0.008 0.952 0.008 0.008 0.006 0.006 0.007
0.008 0.008 0.941 0.007 0.013 0.007 0.012 0.004
0.016 0.024 0.907 0.01 0.014 0.005 0.013 0.011
0.008 0.009 0.945 0.012 0.007 0.005 0.008 0.006
0.005 0.019 0.944 0.009 0.004 0.004 0.007 0.008
0.063 0.021 0.245 0.058 0.044 0.027 0.513 0.03
0.008 0.006 0.557 0.014 0.01 0.014 0.387 0.004
0.006 0.014 0.087 0.018 0.007 0.004 0.853 0.011
0.143 0.007 0.069 0.01 0.008 0.003 0.753 0.007
0.215 0.006 0.574 0.035 0.005 0.005 0.131 0.028
0.414 0.013 0.307 0.016 0.033 0.005 0.204 0.007
0.044 0.03 0.817 0.055 0.009 0.006 0.033 0.006
0.016 0.014 0.886 0.009 0.014 0.014 0.036 0.011
0.018 0.078 0.796 0.012 0.048 0.007 0.025 0.015
0.034 0.048 0.768 0.026 0.017 0.005 0.096 0.005
0.006 0.004 0.956 0.007 0.006 0.004 0.008 0.007
0.006 0.005 0.956 0.008 0.006 0.004 0.008 0.007
0.006 0.005 0.956 0.007 0.006 0.004 0.008 0.007
0.018 0.014 0.752 0.137 0.008 0.005 0.032 0.034
0.005 0.006 0.955 0.007 0.005 0.006 0.009 0.008
0.81 0.01 0.075 0.037 0.012 0.007 0.039 0.01
0.008 0.015 0.816 0.009 0.006 0.005 0.121 0.02
0.337 0.011 0.048 0.017 0.084 0.085 0.387 0.03
0.012 0.022 0.837 0.009 0.017 0.01 0.083 0.01
0.018 0.016 0.848 0.031 0.011 0.005 0.053 0.017
0.011 0.01 0.811 0.015 0.01 0.015 0.059 0.069
0.023 0.008 0.052 0.01 0.015 0.024 0.838 0.031
0.006 0.005 0.937 0.01 0.006 0.004 0.021 0.01
0.008 0.009 0.04 0.017 0.036 0.022 0.858 0.008
0.006 0.005 0.937 0.01 0.006 0.004 0.022 0.01
0.021 0.519 0.151 0.108 0.165 0.007 0.021 0.008
0.012 0.055 0.247 0.405 0.022 0.019 0.013 0.228
0.041 0.26 0.36 0.082 0.045 0.008 0.159 0.044
0.025 0.443 0.258 0.027 0.019 0.053 0.019 0.156
0.022 0.658 0.036 0.212 0.011 0.023 0.02 0.019
0.013 0.859 0.036 0.024 0.007 0.043 0.013 0.005
0.028 0.503 0.033 0.162 0.106 0.114 0.031 0.023
0.08 0.499 0.029 0.13 0.13 0.066 0.056 0.009
0.225 0.182 0.064 0.257 0.015 0.014 0.025 0.219
0.013 0.853 0.032 0.045 0.011 0.013 0.021 0.012
0.04 0.183 0.466 0.036 0.012 0.011 0.041 0.21
0.665 0.193 0.012 0.058 0.04 0.009 0.013 0.01
0.55 0.267 0.006 0.023 0.116 0.008 0.009 0.022
0.023 0.041 0.006 0.014 0.806 0.008 0.015 0.088
0.013 0.349 0.026 0.023 0.551 0.011 0.009 0.018
0.283 0.025 0.006 0.017 0.64 0.013 0.007 0.008
0.034 0.533 0.287 0.08 0.028 0.015 0.01 0.012
0.007 0.009 0.005 0.006 0.944 0.012 0.005 0.012
0.012 0.016 0.01 0.013 0.225 0.009 0.01 0.705
0.34 0.147 0.016 0.016 0.184 0.017 0.006 0.272
0.032 0.053 0.007 0.01 0.807 0.008 0.01 0.072
0.079 0.341 0.01 0.033 0.508 0.015 0.007 0.008
0.046 0.333 0.011 0.025 0.366 0.006 0.013 0.2
0.22 0.02 0.005 0.006 0.03 0.011 0.006 0.703
0.034 0.032 0.006 0.879 0.016 0.008 0.02 0.005
