0.014 0.91 0.01 0.019 0.009 0.019 0.018
0.047 0.863 0.016 0.007 0.012 0.041 0.015
0.014 0.787 0.077 0.008 0.009 0.012 0.093
0.008 0.647 0.007 0.009 0.085 0.234 0.009
0.024 0.87 0.018 0.013 0.015 0.014 0.046
0.016 0.878 0.02 0.019 0.027 0.01 0.029
0.059 0.18 0.085 0.012 0.018 0.377 0.269
0.193 0.602 0.013 0.005 0.039 0.016 0.132
0.032 0.213 0.039 0.006 0.664 0.032 0.014
0.018 0.461 0.03 0.007 0.467 0.008 0.01
0.015 0.855 0.016 0.013 0.08 0.011 0.011
0.008 0.905 0.018 0.016 0.01 0.024 0.018
0.007 0.897 0.009 0.009 0.061 0.008 0.008
0.402 0.209 0.012 0.013 0.033 0.015 0.315
0.182 0.507 0.02 0.02 0.097 0.061 0.113
0.011 0.916 0.013 0.018 0.019 0.015 0.009
0.02 0.193 0.021 0.038 0.688 0.013 0.026
0.043 0.806 0.047 0.016 0.069 0.012 0.007
0.012 0.261 0.013 0.026 0.018 0.66 0.011
0.018 0.083 0.03 0.017 0.079 0.052 0.721
0.148 0.048 0.013 0.008 0.039 0.733 0.012
0.009 0.922 0.019 0.017 0.013 0.008 0.012
0.04 0.714 0.033 0.092 0.053 0.048 0.02
0.012 0.934 0.011 0.01 0.015 0.007 0.012
0.188 0.022 0.039 0.583 0.012 0.028 0.127
0.096 0.006 0.006 0.785 0.005 0.006 0.096
0.008 0.011 0.01 0.423 0.008 0.518 0.022
0.033 0.03 0.018 0.265 0.339 0.013 0.302
0.015 0.096 0.043 0.808 0.013 0.013 0.011
0.034 0.01 0.008 0.739 0.007 0.011 0.191
0.005 0.009 0.006 0.963 0.004 0.006 0.008
0.008 0.014 0.024 0.885 0.011 0.014 0.044
0.36 0.023 0.038 0.444 0.012 0.029 0.094
0.017 0.014 0.015 0.919 0.014 0.013 0.01
0.048 0.04 0.179 0.535 0.05 0.087 0.061
0.009 0.037 0.036 0.039 0.015 0.029 0.836
0.004 0.006 0.008 0.961 0.005 0.006 0.009
0.009 0.014 0.074 0.835 0.009 0.05 0.007
0.03 0.072 0.035 0.747 0.04 0.052 0.025
0.008 0.012 0.01 0.941 0.01 0.007 0.012
0.049 0.045 0.021 0.375 0.007 0.477 0.026
0.006 0.366 0.016 0.539 0.008 0.018 0.046
0.011 0.013 0.032 0.541 0.01 0.332 0.061
0.011 0.014 0.009 0.766 0.181 0.011 0.009
0.005 0.017 0.007 0.633 0.308 0.007 0.022
0.011 0.015 0.01 0.767 0.179 0.011 0.009
0.004 0.006 0.008 0.961 0.005 0.006 0.009
0.004 0.006 0.008 0.962 0.005 0.006 0.009
0.021 0.009 0.908 0.011 0.034 0.012 0.005
0.481 0.357 0.051 0.007 0.078 0.02 0.006
0.078 0.011 0.488 0.317 0.036 0.042 0.028
0.823 0.042 0.061 0.006 0.01 0.048 0.009
0.017 0.007 0.034 0.007 0.014 0.915 0.007
0.626 0.012 0.31 0.015 0.015 0.014 0.007
0.215 0.042 0.653 0.033 0.028 0.016 0.013
0.832 0.023 0.036 0.012 0.024 0.034 0.039
0.825 0.023 0.045 0.012 0.025 0.035 0.036
0.015 0.027 0.553 0.01 0.323 0.063 0.009
0.444 0.047 0.077 0.02 0.015 0.391 0.006
0.016 0.035 0.886 0.022 0.012 0.021 0.009
0.916 0.012 0.018 0.007 0.01 0.015 0.022
0.278 0.165 0.309 0.092 0.035 0.103 0.018
0.048 0.007 0.033 0.01 0.889 0.007 0.006
0.296 0.01 0.61 0.009 0.018 0.017 0.04
0.25 0.009 0.509 0.008 0.012 0.035 0.176
0.01 0.01 0.011 0.008 0.011 0.945 0.006
0.01 0.015 0.027 0.006 0.007 0.929 0.006
0.006 0.005 0.008 0.007 0.007 0.962 0.005
0.006 0.006 0.008 0.007 0.01 0.957 0.006
0.096 0.013 0.841 0.006 0.011 0.026 0.007
0.108 0.01 0.804 0.013 0.04 0.015 0.011
0.014 0.09 0.378 0.009 0.036 0.464 0.009
0.309 0.126 0.032 0.027 0.016 0.017 0.474
0.017 0.175 0.034 0.027 0.034 0.011 0.702
0.059 0.089 0.099 0.051 0.536 0.018 0.149
0.014 0.016 0.035 0.011 0.891 0.01 0.023
0.08 0.053 0.775 0.006 0.035 0.034 0.017
0.027 0.347 0.318 0.066 0.015 0.207 0.018
0.048 0.169 0.292 0.017 0.03 0.413 0.03
0.018 0.088 0.343 0.022 0.015 0.493 0.02
0.025 0.546 0.302 0.021 0.026 0.04 0.039
0.005 0.216 0.065 0.015 0.437 0.028 0.235
0.015 0.139 0.017 0.007 0.011 0.019 0.792
0.011 0.274 0.076 0.042 0.037 0.033 0.527
0.008 0.654 0.051 0.018 0.044 0.172 0.053
0.012 0.067 0.73 0.131 0.019 0.02 0.021
0.018 0.055 0.576 0.269 0.034 0.016 0.033
0.008 0.297 0.368 0.015 0.163 0.021 0.127
0.046 0.074 0.416 0.021 0.35 0.021 0.072
0.024 0.031 0.257 0.059 0.01 0.579 0.041
0.006 0.609 0.049 0.017 0.266 0.016 0.036
0.008 0.038 0.607 0.008 0.271 0.02 0.048
0.034 0.028 0.221 0.011 0.146 0.025 0.535
0.01 0.576 0.201 0.009 0.085 0.055 0.063
0.009 0.806 0.015 0.008 0.128 0.021 0.012
0.012 0.758 0.064 0.016 0.072 0.062 0.015
0.011 0.01 0.863 0.012 0.018 0.013 0.073
0.02 0.03 0.761 0.026 0.022 0.045 0.095
0.014 0.017 0.913 0.018 0.008 0.018 0.013
0.012 0.01 0.926 0.008 0.01 0.025 0.01
0.01 0.009 0.016 0.012 0.01 0.911 0.032
0.011 0.013 0.779 0.018 0.01 0.133 0.035
0.012 0.013 0.786 0.152 0.009 0.019 0.009
0.021 0.019 0.763 0.02 0.016 0.149 0.014
0.011 0.405 0.259 0.015 0.017 0.278 0.015
0.015 0.011 0.802 0.011 0.028 0.118 0.016
0.013 0.03 0.864 0.027 0.012 0.025 0.03
0.311 0.069 0.064 0.353 0.048 0.06 0.095
0.01 0.022 0.037 0.015 0.882 0.019 0.014
0.054 0.076 0.542 0.012 0.019 0.134 0.163
0.011 0.08 0.722 0.076 0.02 0.064 0.027
0.009 0.025 0.055 0.043 0.01 0.833 0.025
0.013 0.018 0.508 0.014 0.353 0.072 0.021
0.028 0.054 0.728 0.022 0.011 0.145 0.012
0.022 0.034 0.567 0.01 0.021 0.017 0.33
0.019 0.064 0.437 0.057 0.041 0.362 0.021
0.136 0.019 0.412 0.066 0.044 0.034 0.29
0.006 0.03 0.866 0.023 0.014 0.042 0.019
0.01 0.026 0.271 0.034 0.503 0.123 0.033
0.01 0.037 0.707 0.017 0.197 0.023 0.01
0.085 0.035 0.331 0.034 0.036 0.034 0.444
0.015 0.085 0.095 0.22 0.022 0.054 0.509
0.343 0.055 0.031 0.356 0.015 0.015 0.185
0.155 0.258 0.051 0.049 0.039 0.029 0.42
0.031 0.907 0.017 0.012 0.01 0.013 0.01
0.012 0.851 0.016 0.011 0.009 0.011 0.09
0.111 0.216 0.045 0.02 0.012 0.07 0.526
0.028 0.372 0.371 0.048 0.018 0.013 0.15
0.007 0.815 0.015 0.015 0.084 0.029 0.035
0.017 0.096 0.802 0.012 0.023 0.019 0.031
0.022 0.901 0.016 0.009 0.012 0.009 0.031
0.016 0.091 0.029 0.011 0.009 0.012 0.832
0.006 0.939 0.007 0.006 0.009 0.006 0.027
0.014 0.039 0.126 0.02 0.009 0.015 0.777
0.024 0.536 0.063 0.057 0.021 0.02 0.279
0.01 0.832 0.015 0.011 0.01 0.009 0.113
0.014 0.891 0.025 0.04 0.009 0.011 0.009
0.015 0.88 0.021 0.013 0.008 0.013 0.051
0.013 0.916 0.028 0.015 0.009 0.01 0.009
0.007 0.856 0.016 0.012 0.084 0.012 0.012
0.012 0.587 0.067 0.015 0.011 0.01 0.298
0.012 0.233 0.016 0.015 0.009 0.012 0.703
0.044 0.69 0.016 0.007 0.061 0.022 0.16
0.017 0.314 0.027 0.014 0.149 0.337 0.142
0.013 0.008 0.017 0.006 0.013 0.035 0.908
0.013 0.067 0.064 0.113 0.032 0.033 0.678
0.009 0.098 0.028 0.009 0.2 0.028 0.627
0.044 0.215 0.088 0.035 0.111 0.11 0.397
0.011 0.242 0.014 0.012 0.009 0.017 0.695
0.019 0.441 0.114 0.017 0.036 0.086 0.285
0.007 0.011 0.007 0.008 0.006 0.008 0.953
0.01 0.054 0.014 0.007 0.009 0.01 0.895
0.013 0.28 0.013 0.102 0.009 0.014 0.57
0.007 0.019 0.009 0.01 0.009 0.008 0.938
0.007 0.023 0.042 0.016 0.2 0.016 0.697
0.021 0.013 0.007 0.01 0.008 0.015 0.926
0.005 0.006 0.006 0.007 0.005 0.006 0.965
0.035 0.048 0.058 0.096 0.033 0.062 0.668
0.012 0.026 0.013 0.008 0.007 0.012 0.922
0.008 0.018 0.085 0.215 0.009 0.015 0.651
0.006 0.007 0.006 0.01 0.006 0.006 0.959
0.024 0.147 0.195 0.011 0.023 0.527 0.074
0.006 0.009 0.006 0.006 0.007 0.006 0.96
0.006 0.014 0.011 0.009 0.006 0.007 0.947
0.012 0.01 0.01 0.02 0.01 0.012 0.927
0.008 0.011 0.009 0.008 0.007 0.008 0.949
0.006 0.007 0.006 0.006 0.006 0.005 0.964
0.027 0.752 0.025 0.007 0.042 0.043 0.103
0.018 0.02 0.868 0.008 0.013 0.02 0.054
0.055 0.012 0.72 0.007 0.184 0.016 0.006
0.01 0.006 0.95 0.007 0.01 0.01 0.007
0.035 0.593 0.191 0.101 0.022 0.017 0.041
0.072 0.016 0.396 0.014 0.023 0.472 0.008
0.012 0.015 0.859 0.008 0.094 0.007 0.006
0.083 0.008 0.836 0.006 0.034 0.027 0.006
0.02 0.036 0.588 0.01 0.314 0.016 0.016
0.014 0.015 0.886 0.041 0.015 0.009 0.018
0.024 0.009 0.705 0.018 0.226 0.009 0.008
0.023 0.03 0.831 0.034 0.062 0.01 0.01
0.023 0.006 0.909 0.011 0.034 0.011 0.006
0.013 0.012 0.077 0.006 0.011 0.871 0.01
0.303 0.059 0.491 0.006 0.011 0.082 0.047
0.422 0.023 0.098 0.345 0.059 0.042 0.01
0.616 0.313 0.016 0.01 0.015 0.013 0.017
0.216 0.421 0.046 0.248 0.025 0.021 0.024
0.736 0.028 0.104 0.012 0.099 0.012 0.009
0.586 0.018 0.247 0.069 0.043 0.03 0.006
0.136 0.013 0.032 0.176 0.083 0.53 0.031
0.063 0.022 0.024 0.018 0.44 0.423 0.01
0.024 0.016 0.016 0.007 0.892 0.035 0.009
0.078 0.009 0.016 0.015 0.111 0.761 0.01
0.401 0.021 0.027 0.484 0.034 0.025 0.008
0.198 0.018 0.024 0.132 0.021 0.598 0.009
0.228 0.017 0.021 0.27 0.449 0.009 0.006
0.011 0.02 0.014 0.011 0.882 0.049 0.013
0.178 0.027 0.022 0.614 0.122 0.021 0.016
0.65 0.01 0.026 0.289 0.01 0.01 0.005
0.035 0.027 0.2 0.02 0.685 0.024 0.011
0.009 0.026 0.01 0.007 0.892 0.038 0.019
0.4 0.021 0.028 0.058 0.105 0.351 0.038
0.694 0.038 0.027 0.203 0.022 0.008 0.008
0.067 0.046 0.085 0.01 0.768 0.018 0.008
0.03 0.013 0.137 0.234 0.555 0.02 0.011
0.034 0.01 0.011 0.034 0.891 0.014 0.006
0.017 0.006 0.01 0.283 0.642 0.034 0.009
0.516 0.01 0.037 0.358 0.017 0.055 0.007
0.209 0.033 0.033 0.01 0.693 0.013 0.008
0.682 0.037 0.171 0.015 0.042 0.037 0.017
0.371 0.011 0.012 0.012 0.012 0.486 0.095
0.733 0.009 0.009 0.013 0.026 0.016 0.194
0.312 0.023 0.229 0.013 0.055 0.36 0.009
0.055 0.009 0.059 0.005 0.835 0.012 0.024
0.541 0.013 0.01 0.011 0.346 0.021 0.057
0.014 0.01 0.008 0.008 0.511 0.437 0.011
0.009 0.007 0.008 0.006 0.956 0.007 0.007
0.86 0.009 0.014 0.014 0.011 0.021 0.072
0.886 0.041 0.024 0.013 0.018 0.011 0.007
0.819 0.011 0.029 0.014 0.043 0.06 0.025
0.508 0.009 0.011 0.008 0.427 0.017 0.02
0.691 0.012 0.054 0.007 0.029 0.201 0.006
0.401 0.008 0.172 0.009 0.039 0.363 0.007
0.042 0.011 0.011 0.005 0.919 0.007 0.005
0.021 0.006 0.008 0.005 0.947 0.007 0.006
0.131 0.02 0.014 0.01 0.8 0.017 0.009
0.037 0.021 0.015 0.01 0.892 0.017 0.006
0.016 0.019 0.017 0.007 0.896 0.029 0.016
0.162 0.012 0.021 0.007 0.747 0.042 0.01
0.046 0.008 0.059 0.006 0.856 0.011 0.012
0.669 0.042 0.102 0.027 0.017 0.095 0.048
0.882 0.015 0.018 0.033 0.033 0.013 0.006
0.946 0.008 0.012 0.005 0.007 0.006 0.015
0.726 0.016 0.021 0.005 0.029 0.185 0.018
0.656 0.008 0.022 0.009 0.046 0.238 0.021
0.169 0.03 0.033 0.007 0.099 0.653 0.01
0.504 0.013 0.297 0.008 0.114 0.057 0.009
0.068 0.022 0.027 0.01 0.831 0.034 0.009
0.023 0.026 0.013 0.011 0.88 0.029 0.019
0.035 0.022 0.08 0.006 0.797 0.055 0.006
0.943 0.009 0.009 0.006 0.017 0.01 0.007
0.943 0.009 0.008 0.005 0.017 0.01 0.007
0.943 0.009 0.009 0.005 0.017 0.01 0.007
0.92 0.008 0.025 0.006 0.014 0.015 0.013
0.63 0.008 0.009 0.008 0.324 0.008 0.013
0.192 0.009 0.007 0.006 0.015 0.761 0.009
0.304 0.009 0.012 0.007 0.623 0.013 0.031
0.091 0.096 0.087 0.245 0.029 0.412 0.041
0.017 0.015 0.016 0.009 0.92 0.013 0.009
0.094 0.019 0.093 0.007 0.739 0.034 0.015
0.877 0.015 0.014 0.011 0.024 0.019 0.04
0.29 0.032 0.074 0.042 0.033 0.49 0.039
0.953 0.007 0.009 0.005 0.01 0.007 0.008
0.163 0.066 0.08 0.251 0.394 0.036 0.01
0.953 0.007 0.009 0.005 0.01 0.007 0.008
0.049 0.566 0.038 0.009 0.311 0.018 0.008
0.62 0.044 0.035 0.02 0.068 0.014 0.201
0.012 0.022 0.091 0.008 0.816 0.026 0.025
0.038 0.018 0.018 0.022 0.569 0.024 0.312
0.01 0.024 0.381 0.022 0.483 0.051 0.029
0.011 0.019 0.089 0.048 0.786 0.031 0.018
0.014 0.139 0.304 0.139 0.334 0.044 0.026
0.102 0.47 0.265 0.042 0.012 0.098 0.01
0.131 0.035 0.152 0.011 0.063 0.3 0.308
0.024 0.054 0.07 0.026 0.723 0.048 0.055
0.037 0.011 0.012 0.008 0.619 0.016 0.297
0.01 0.011 0.05 0.011 0.016 0.887 0.015
0.008 0.196 0.042 0.014 0.012 0.678 0.05
0.008 0.88 0.028 0.008 0.01 0.013 0.052
0.011 0.821 0.02 0.009 0.116 0.012 0.011
0.01 0.738 0.015 0.012 0.011 0.206 0.008
0.013 0.033 0.049 0.013 0.832 0.048 0.013
0.009 0.939 0.009 0.01 0.006 0.008 0.018
0.012 0.197 0.022 0.009 0.013 0.013 0.734
0.021 0.305 0.013 0.011 0.013 0.27 0.365
0.014 0.91 0.013 0.011 0.006 0.011 0.035
0.008 0.866 0.037 0.015 0.037 0.025 0.012
0.029 0.697 0.011 0.006 0.012 0.041 0.204
0.008 0.054 0.008 0.01 0.009 0.195 0.717
0.01 0.03 0.804 0.015 0.078 0.055 0.008
