0.007 0.012 0.006 0.281 0.005 0.634 0.014 0.009 0.011 0.009 0.006 0.007
0.013 0.01 0.008 0.007 0.008 0.868 0.013 0.011 0.023 0.007 0.027 0.005
0.005 0.007 0.008 0.015 0.031 0.808 0.028 0.008 0.02 0.044 0.022 0.005
0.036 0.005 0.018 0.004 0.005 0.681 0.005 0.143 0.016 0.069 0.005 0.012
0.01 0.014 0.02 0.148 0.009 0.665 0.046 0.007 0.016 0.038 0.021 0.005
0.018 0.006 0.007 0.018 0.008 0.728 0.021 0.005 0.05 0.065 0.068 0.006
0.008 0.008 0.318 0.011 0.015 0.056 0.348 0.008 0.057 0.011 0.153 0.006
0.036 0.169 0.017 0.01 0.007 0.626 0.094 0.006 0.014 0.006 0.009 0.004
0.431 0.012 0.05 0.005 0.017 0.172 0.006 0.007 0.071 0.214 0.009 0.006
0.373 0.004 0.01 0.005 0.021 0.501 0.009 0.004 0.009 0.046 0.015 0.006
0.041 0.006 0.019 0.151 0.008 0.718 0.006 0.005 0.007 0.025 0.01 0.006
0.007 0.004 0.007 0.288 0.006 0.629 0.015 0.011 0.011 0.006 0.011 0.005
0.016 0.005 0.008 0.004 0.005 0.904 0.005 0.005 0.006 0.025 0.008 0.009
0.019 0.097 0.043 0.007 0.008 0.267 0.356 0.006 0.023 0.012 0.157 0.005
0.227 0.023 0.066 0.011 0.007 0.48 0.078 0.02 0.034 0.01 0.023 0.022
0.011 0.006 0.024 0.008 0.005 0.892 0.005 0.006 0.009 0.011 0.009 0.014
0.538 0.01 0.032 0.013 0.01 0.269 0.022 0.006 0.013 0.018 0.038 0.031
0.044 0.019 0.01 0.023 0.015 0.765 0.005 0.005 0.017 0.017 0.075 0.004
0.024 0.005 0.013 0.007 0.005 0.195 0.004 0.005 0.695 0.015 0.012 0.019
0.035 0.009 0.038 0.034 0.015 0.024 0.679 0.009 0.08 0.053 0.01 0.014
0.094 0.027 0.012 0.005 0.006 0.028 0.005 0.005 0.714 0.007 0.091 0.006
0.01 0.005 0.005 0.015 0.019 0.88 0.01 0.005 0.013 0.014 0.007 0.018
0.05 0.014 0.019 0.291 0.037 0.447 0.024 0.01 0.025 0.011 0.025 0.047
0.01 0.004 0.005 0.004 0.005 0.931 0.006 0.004 0.006 0.005 0.012 0.007
0.01 0.16 0.007 0.477 0.02 0.014 0.084 0.03 0.013 0.033 0.017 0.136
0.003 0.111 0.004 0.211 0.005 0.004 0.04 0.004 0.004 0.004 0.004 0.605
0.005 0.013 0.011 0.102 0.006 0.007 0.026 0.374 0.067 0.016 0.005 0.368
0.064 0.129 0.014 0.024 0.034 0.029 0.128 0.006 0.018 0.04 0.007 0.507
0.012 0.007 0.01 0.007 0.016 0.076 0.007 0.007 0.009 0.009 0.019 0.821
0.004 0.035 0.004 0.008 0.012 0.006 0.093 0.006 0.007 0.014 0.006 0.805
0.003 0.003 0.003 0.004 0.003 0.005 0.004 0.003 0.004 0.003 0.003 0.96
0.005 0.005 0.005 0.005 0.005 0.007 0.016 0.009 0.005 0.008 0.006 0.924
0.006 0.293 0.004 0.012 0.007 0.011 0.048 0.005 0.34 0.007 0.012 0.255
0.01 0.025 0.005 0.055 0.022 0.01 0.007 0.009 0.012 0.014 0.02 0.813
0.016 0.013 0.023 0.168 0.027 0.024 0.032 0.015 0.459 0.009 0.01 0.204
0.01 0.009 0.007 0.08 0.02 0.028 0.607 0.029 0.019 0.165 0.008 0.019
0.003 0.003 0.003 0.958 0.004 0.003 0.004 0.003 0.003 0.004 0.003 0.008
0.004 0.004 0.005 0.005 0.009 0.007 0.004 0.007 0.249 0.01 0.008 0.688
0.113 0.008 0.012 0.685 0.014 0.04 0.021 0.03 0.008 0.008 0.019 0.043
0.008 0.006 0.008 0.008 0.006 0.009 0.008 0.006 0.01 0.008 0.012 0.911
0.013 0.007 0.2 0.02 0.009 0.034 0.018 0.008 0.335 0.006 0.024 0.325
0.004 0.006 0.007 0.426 0.007 0.053 0.059 0.006 0.202 0.125 0.004 0.101
0.01 0.007 0.004 0.031 0.007 0.007 0.053 0.251 0.01 0.013 0.014 0.595
0.014 0.004 0.011 0.006 0.005 0.006 0.005 0.004 0.006 0.011 0.004 0.924
0.017 0.004 0.034 0.015 0.006 0.011 0.055 0.007 0.007 0.078 0.005 0.76
0.014 0.004 0.011 0.006 0.005 0.006 0.005 0.004 0.006 0.011 0.004 0.924
0.003 0.003 0.003 0.958 0.004 0.003 0.004 0.003 0.003 0.004 0.003 0.008
0.003 0.003 0.003 0.958 0.004 0.003 0.004 0.003 0.003 0.004 0.003 0.008
0.012 0.008 0.006 0.003 0.926 0.005 0.003 0.01 0.006 0.006 0.009 0.006
0.065 0.119 0.013 0.003 0.405 0.031 0.004 0.009 0.097 0.179 0.069 0.006
0.009 0.038 0.014 0.264 0.235 0.006 0.013 0.026 0.014 0.021 0.331 0.029
0.005 0.661 0.008 0.004 0.185 0.029 0.005 0.01 0.077 0.005 0.006 0.005
0.02 0.015 0.019 0.013 0.043 0.005 0.006 0.829 0.019 0.008 0.018 0.004
0.025 0.336 0.006 0.005 0.581 0.006 0.004 0.008 0.006 0.006 0.009 0.007
0.028 0.419 0.007 0.307 0.163 0.012 0.006 0.007 0.015 0.01 0.021 0.005
0.011 0.756 0.006 0.008 0.142 0.008 0.011 0.014 0.019 0.014 0.006 0.005
0.011 0.743 0.006 0.008 0.152 0.008 0.011 0.015 0.02 0.015 0.006 0.005
0.069 0.005 0.018 0.007 0.742 0.021 0.006 0.054 0.021 0.02 0.032 0.005
0.027 0.061 0.006 0.004 0.219 0.056 0.004 0.319 0.111 0.01 0.173 0.01
0.006 0.007 0.008 0.011 0.825 0.028 0.006 0.01 0.059 0.014 0.015 0.01
0.005 0.819 0.009 0.004 0.104 0.011 0.007 0.008 0.007 0.005 0.014 0.007
0.046 0.135 0.007 0.44 0.176 0.023 0.01 0.087 0.015 0.01 0.047 0.005
0.401 0.046 0.026 0.004 0.448 0.007 0.004 0.006 0.006 0.028 0.014 0.011
0.014 0.174 0.012 0.007 0.71 0.005 0.037 0.009 0.013 0.006 0.008 0.006
0.004 0.366 0.009 0.004 0.479 0.006 0.05 0.033 0.015 0.015 0.01 0.008
0.008 0.006 0.005 0.004 0.008 0.008 0.004 0.926 0.008 0.01 0.006 0.007
0.005 0.006 0.004 0.004 0.013 0.01 0.004 0.927 0.015 0.005 0.004 0.003
0.004 0.004 0.004 0.004 0.004 0.003 0.003 0.96 0.004 0.004 0.003 0.004
0.004 0.004 0.009 0.004 0.005 0.004 0.003 0.952 0.004 0.004 0.003 0.003
0.032 0.013 0.003 0.005 0.435 0.008 0.005 0.05 0.009 0.004 0.43 0.003
0.026 0.053 0.018 0.019 0.799 0.009 0.008 0.011 0.01 0.018 0.023 0.005
0.007 0.009 0.037 0.005 0.512 0.067 0.005 0.266 0.062 0.011 0.014 0.005
0.008 0.395 0.005 0.012 0.016 0.131 0.125 0.008 0.071 0.161 0.047 0.022
0.009 0.005 0.005 0.006 0.005 0.009 0.016 0.004 0.006 0.901 0.025 0.009
0.029 0.021 0.017 0.018 0.044 0.027 0.024 0.009 0.018 0.692 0.083 0.018
0.162 0.019 0.065 0.006 0.069 0.02 0.028 0.006 0.026 0.547 0.04 0.011
0.02 0.035 0.073 0.009 0.162 0.035 0.019 0.018 0.025 0.026 0.574 0.004
0.009 0.051 0.086 0.474 0.036 0.141 0.01 0.062 0.084 0.02 0.019 0.008
0.109 0.007 0.008 0.006 0.032 0.092 0.007 0.028 0.582 0.097 0.019 0.013
0.005 0.008 0.018 0.005 0.038 0.019 0.009 0.022 0.83 0.02 0.005 0.02
0.007 0.008 0.011 0.006 0.06 0.039 0.015 0.011 0.56 0.262 0.013 0.008
0.005 0.003 0.008 0.004 0.004 0.004 0.004 0.004 0.004 0.953 0.003 0.005
0.004 0.006 0.006 0.012 0.005 0.008 0.08 0.006 0.008 0.842 0.02 0.004
0.027 0.006 0.017 0.035 0.019 0.059 0.028 0.01 0.019 0.753 0.015 0.011
0.015 0.005 0.005 0.006 0.008 0.015 0.015 0.048 0.105 0.761 0.007 0.008
0.027 0.007 0.008 0.407 0.146 0.066 0.015 0.021 0.144 0.038 0.107 0.015
0.031 0.013 0.007 0.612 0.052 0.016 0.022 0.007 0.072 0.098 0.044 0.027
0.004 0.004 0.006 0.01 0.007 0.005 0.005 0.004 0.006 0.941 0.004 0.004
0.428 0.044 0.017 0.014 0.049 0.029 0.041 0.005 0.118 0.17 0.064 0.021
0.006 0.018 0.007 0.109 0.039 0.021 0.025 0.53 0.198 0.03 0.01 0.008
0.024 0.006 0.005 0.004 0.012 0.037 0.006 0.009 0.013 0.863 0.014 0.009
0.013 0.005 0.009 0.006 0.045 0.005 0.007 0.009 0.02 0.866 0.011 0.004
0.025 0.073 0.013 0.007 0.117 0.011 0.332 0.014 0.018 0.372 0.008 0.01
0.01 0.005 0.007 0.009 0.011 0.008 0.009 0.01 0.046 0.878 0.004 0.005
0.038 0.008 0.062 0.008 0.013 0.164 0.007 0.013 0.15 0.522 0.005 0.009
0.012 0.004 0.006 0.005 0.01 0.025 0.008 0.008 0.06 0.813 0.015 0.034
0.011 0.007 0.009 0.008 0.196 0.006 0.066 0.008 0.042 0.417 0.203 0.027
0.014 0.007 0.007 0.009 0.137 0.016 0.126 0.034 0.017 0.08 0.521 0.031
0.004 0.007 0.007 0.023 0.186 0.013 0.01 0.011 0.011 0.006 0.716 0.005
0.006 0.008 0.005 0.008 0.1 0.006 0.007 0.011 0.743 0.011 0.091 0.004
0.01 0.007 0.009 0.039 0.009 0.007 0.056 0.797 0.016 0.008 0.036 0.007
0.007 0.007 0.006 0.025 0.054 0.008 0.026 0.029 0.809 0.007 0.015 0.006
0.004 0.004 0.005 0.013 0.142 0.01 0.01 0.014 0.011 0.008 0.766 0.012
0.008 0.005 0.241 0.031 0.125 0.016 0.012 0.006 0.034 0.022 0.491 0.007
0.008 0.006 0.007 0.024 0.016 0.025 0.007 0.027 0.618 0.247 0.01 0.005
0.01 0.01 0.009 0.005 0.128 0.006 0.008 0.014 0.786 0.011 0.005 0.009
0.005 0.011 0.027 0.205 0.193 0.013 0.015 0.007 0.451 0.056 0.009 0.008
0.212 0.015 0.006 0.285 0.012 0.019 0.016 0.019 0.018 0.038 0.266 0.094
0.036 0.016 0.153 0.006 0.033 0.014 0.007 0.01 0.015 0.675 0.018 0.017
0.01 0.006 0.009 0.008 0.063 0.019 0.02 0.038 0.021 0.153 0.644 0.009
0.007 0.011 0.113 0.014 0.151 0.164 0.016 0.037 0.261 0.096 0.067 0.063
0.007 0.006 0.005 0.055 0.014 0.02 0.019 0.652 0.043 0.044 0.11 0.026
0.038 0.005 0.084 0.006 0.046 0.01 0.011 0.007 0.624 0.145 0.017 0.007
0.015 0.012 0.015 0.011 0.047 0.046 0.008 0.01 0.68 0.009 0.138 0.009
0.01 0.038 0.01 0.029 0.117 0.038 0.426 0.019 0.027 0.221 0.059 0.005
0.046 0.009 0.018 0.073 0.124 0.074 0.017 0.337 0.028 0.023 0.236 0.014
0.024 0.101 0.027 0.139 0.169 0.016 0.249 0.015 0.181 0.02 0.041 0.018
0.008 0.004 0.006 0.04 0.438 0.023 0.014 0.05 0.156 0.233 0.009 0.019
0.019 0.008 0.051 0.012 0.06 0.007 0.007 0.013 0.059 0.733 0.006 0.025
0.013 0.007 0.016 0.011 0.234 0.013 0.006 0.011 0.027 0.638 0.016 0.009
0.021 0.076 0.006 0.01 0.03 0.011 0.346 0.019 0.063 0.255 0.137 0.027
0.01 0.008 0.005 0.008 0.026 0.016 0.453 0.046 0.008 0.171 0.172 0.076
0.018 0.217 0.005 0.008 0.013 0.023 0.25 0.008 0.012 0.015 0.246 0.183
0.078 0.009 0.01 0.007 0.016 0.159 0.084 0.011 0.025 0.233 0.297 0.071
0.007 0.012 0.005 0.004 0.01 0.909 0.008 0.007 0.01 0.011 0.01 0.009
0.006 0.006 0.007 0.005 0.016 0.613 0.089 0.006 0.147 0.083 0.014 0.009
0.021 0.062 0.005 0.033 0.024 0.164 0.47 0.082 0.056 0.02 0.045 0.018
0.016 0.062 0.007 0.293 0.178 0.21 0.157 0.01 0.014 0.023 0.024 0.006
0.018 0.005 0.029 0.013 0.017 0.715 0.037 0.034 0.016 0.097 0.009 0.011
0.022 0.011 0.011 0.005 0.33 0.107 0.042 0.018 0.012 0.117 0.296 0.029
0.007 0.018 0.005 0.007 0.011 0.286 0.054 0.004 0.229 0.355 0.011 0.013
0.004 0.02 0.007 0.01 0.015 0.064 0.613 0.01 0.01 0.232 0.006 0.011
0.006 0.004 0.004 0.005 0.005 0.927 0.022 0.003 0.005 0.007 0.004 0.007
0.007 0.01 0.004 0.008 0.023 0.024 0.798 0.008 0.022 0.016 0.064 0.015
0.023 0.008 0.006 0.022 0.026 0.623 0.201 0.012 0.025 0.021 0.017 0.016
0.006 0.007 0.006 0.007 0.006 0.865 0.062 0.005 0.011 0.008 0.007 0.009
0.008 0.009 0.005 0.167 0.027 0.708 0.009 0.009 0.013 0.014 0.022 0.009
0.005 0.007 0.007 0.009 0.012 0.884 0.029 0.008 0.013 0.008 0.01 0.007
0.007 0.007 0.004 0.008 0.034 0.891 0.005 0.006 0.008 0.01 0.009 0.011
0.015 0.006 0.072 0.011 0.025 0.679 0.01 0.01 0.011 0.141 0.005 0.016
0.009 0.009 0.007 0.017 0.04 0.339 0.279 0.005 0.009 0.262 0.011 0.013
0.008 0.007 0.007 0.006 0.01 0.199 0.68 0.008 0.018 0.027 0.018 0.014
0.02 0.008 0.043 0.004 0.01 0.487 0.031 0.021 0.01 0.329 0.03 0.008
0.022 0.018 0.034 0.008 0.023 0.354 0.1 0.302 0.025 0.087 0.012 0.015
0.008 0.019 0.016 0.012 0.008 0.004 0.861 0.021 0.024 0.017 0.007 0.004
0.012 0.016 0.073 0.327 0.009 0.015 0.455 0.009 0.019 0.044 0.01 0.011
0.037 0.014 0.052 0.016 0.043 0.035 0.623 0.019 0.025 0.102 0.005 0.028
0.027 0.032 0.092 0.067 0.03 0.142 0.295 0.036 0.128 0.088 0.044 0.021
0.006 0.004 0.005 0.007 0.006 0.222 0.701 0.007 0.008 0.014 0.012 0.007
0.015 0.01 0.021 0.005 0.02 0.24 0.232 0.017 0.189 0.187 0.032 0.032
0.004 0.005 0.004 0.006 0.004 0.006 0.947 0.004 0.006 0.005 0.004 0.006
0.006 0.01 0.009 0.008 0.006 0.029 0.894 0.004 0.007 0.009 0.011 0.006
0.005 0.02 0.011 0.33 0.006 0.072 0.491 0.01 0.008 0.017 0.004 0.027
0.006 0.009 0.005 0.007 0.007 0.026 0.877 0.006 0.01 0.023 0.004 0.018
0.03 0.006 0.045 0.007 0.025 0.016 0.732 0.007 0.013 0.089 0.009 0.023
0.015 0.005 0.004 0.005 0.004 0.008 0.92 0.004 0.009 0.006 0.008 0.011
0.003 0.004 0.004 0.005 0.003 0.004 0.956 0.004 0.005 0.005 0.003 0.004
0.02 0.028 0.023 0.254 0.026 0.031 0.483 0.035 0.026 0.027 0.028 0.02
0.005 0.015 0.007 0.005 0.007 0.02 0.899 0.01 0.013 0.007 0.005 0.008
0.005 0.007 0.005 0.34 0.018 0.007 0.564 0.007 0.01 0.018 0.007 0.011
0.004 0.005 0.004 0.007 0.004 0.006 0.945 0.003 0.004 0.004 0.004 0.008
0.091 0.007 0.021 0.026 0.036 0.128 0.072 0.173 0.396 0.032 0.011 0.007
0.004 0.007 0.007 0.013 0.004 0.007 0.926 0.003 0.007 0.015 0.004 0.003
0.004 0.004 0.004 0.004 0.005 0.009 0.936 0.004 0.007 0.005 0.004 0.012
0.01 0.008 0.007 0.017 0.006 0.006 0.877 0.004 0.018 0.017 0.016 0.014
0.004 0.009 0.005 0.004 0.006 0.008 0.931 0.005 0.006 0.009 0.006 0.007
0.004 0.004 0.003 0.004 0.004 0.004 0.953 0.003 0.004 0.007 0.006 0.004
0.025 0.009 0.126 0.007 0.019 0.277 0.152 0.009 0.17 0.174 0.025 0.007
0.009 0.009 0.016 0.075 0.75 0.009 0.052 0.01 0.014 0.036 0.017 0.003
0.083 0.028 0.007 0.004 0.624 0.008 0.004 0.008 0.172 0.016 0.04 0.006
0.008 0.006 0.005 0.004 0.557 0.004 0.006 0.005 0.381 0.007 0.013 0.005
0.026 0.042 0.01 0.238 0.051 0.166 0.016 0.006 0.11 0.283 0.045 0.006
0.214 0.014 0.005 0.007 0.013 0.006 0.004 0.019 0.691 0.01 0.013 0.004
0.013 0.007 0.016 0.015 0.873 0.007 0.004 0.004 0.017 0.024 0.015 0.004
0.02 0.027 0.01 0.005 0.823 0.007 0.004 0.01 0.019 0.008 0.062 0.004
0.106 0.021 0.025 0.008 0.569 0.027 0.011 0.009 0.122 0.079 0.01 0.014
0.012 0.01 0.008 0.087 0.743 0.019 0.02 0.007 0.045 0.02 0.01 0.018
0.037 0.007 0.007 0.004 0.892 0.004 0.005 0.005 0.006 0.012 0.007 0.014
0.029 0.011 0.015 0.024 0.785 0.049 0.006 0.005 0.008 0.009 0.034 0.025
0.008 0.01 0.007 0.005 0.93 0.004 0.004 0.005 0.011 0.004 0.008 0.005
0.01 0.017 0.019 0.012 0.14 0.007 0.008 0.067 0.7 0.01 0.006 0.004
0.007 0.288 0.006 0.006 0.499 0.008 0.018 0.017 0.094 0.044 0.007 0.005
0.016 0.013 0.013 0.006 0.019 0.014 0.006 0.006 0.008 0.007 0.866 0.025
0.036 0.183 0.007 0.009 0.046 0.513 0.008 0.006 0.02 0.007 0.162 0.005
0.163 0.014 0.008 0.417 0.009 0.13 0.012 0.007 0.046 0.024 0.164 0.005
0.359 0.136 0.026 0.007 0.146 0.058 0.005 0.005 0.014 0.006 0.228 0.01
0.036 0.013 0.007 0.029 0.037 0.009 0.003 0.005 0.011 0.006 0.836 0.007
0.009 0.116 0.027 0.007 0.022 0.007 0.02 0.326 0.014 0.028 0.381 0.043
0.006 0.004 0.939 0.01 0.004 0.006 0.006 0.005 0.004 0.005 0.006 0.004
0.008 0.006 0.942 0.004 0.005 0.006 0.004 0.005 0.005 0.006 0.005 0.004
0.005 0.009 0.736 0.004 0.007 0.004 0.004 0.198 0.01 0.01 0.005 0.008
0.041 0.006 0.012 0.035 0.01 0.006 0.004 0.007 0.013 0.008 0.838 0.021
0.009 0.008 0.455 0.065 0.007 0.008 0.006 0.018 0.013 0.006 0.397 0.006
0.113 0.01 0.045 0.003 0.011 0.011 0.003 0.004 0.005 0.009 0.732 0.054
0.005 0.005 0.934 0.004 0.007 0.006 0.005 0.004 0.007 0.014 0.005 0.004
0.006 0.01 0.064 0.364 0.007 0.008 0.005 0.006 0.006 0.005 0.507 0.01
0.021 0.024 0.014 0.033 0.016 0.006 0.004 0.009 0.013 0.008 0.842 0.009
0.016 0.008 0.649 0.016 0.222 0.009 0.005 0.005 0.009 0.033 0.016 0.01
0.005 0.004 0.951 0.004 0.004 0.006 0.005 0.004 0.005 0.006 0.004 0.003
0.011 0.014 0.775 0.006 0.013 0.008 0.01 0.005 0.005 0.057 0.083 0.012
0.022 0.037 0.005 0.006 0.028 0.019 0.005 0.004 0.007 0.008 0.841 0.018
0.256 0.007 0.133 0.012 0.103 0.041 0.007 0.008 0.014 0.026 0.386 0.005
0.018 0.012 0.358 0.008 0.128 0.007 0.006 0.004 0.021 0.045 0.354 0.039
0.104 0.038 0.764 0.016 0.015 0.009 0.004 0.009 0.006 0.008 0.016 0.01
0.012 0.01 0.612 0.029 0.006 0.004 0.006 0.012 0.007 0.005 0.057 0.24
0.009 0.024 0.015 0.007 0.009 0.007 0.006 0.017 0.005 0.004 0.876 0.02
0.72 0.103 0.052 0.01 0.017 0.019 0.006 0.007 0.017 0.011 0.032 0.005
0.769 0.013 0.01 0.003 0.047 0.028 0.01 0.007 0.026 0.006 0.06 0.02
0.021 0.308 0.413 0.016 0.01 0.012 0.093 0.07 0.023 0.011 0.013 0.011
0.016 0.859 0.022 0.032 0.006 0.006 0.031 0.009 0.005 0.005 0.005 0.004
0.121 0.103 0.023 0.012 0.441 0.011 0.006 0.221 0.012 0.013 0.032 0.006
0.878 0.012 0.013 0.004 0.038 0.006 0.016 0.007 0.005 0.009 0.007 0.005
0.336 0.544 0.033 0.014 0.008 0.008 0.021 0.011 0.005 0.009 0.004 0.006
0.429 0.015 0.03 0.007 0.007 0.006 0.009 0.434 0.006 0.043 0.007 0.007
0.941 0.005 0.006 0.006 0.005 0.004 0.005 0.005 0.004 0.008 0.004 0.005
0.036 0.823 0.015 0.009 0.018 0.006 0.017 0.015 0.018 0.011 0.026 0.006
0.752 0.096 0.008 0.008 0.012 0.036 0.004 0.006 0.008 0.01 0.053 0.007
0.104 0.58 0.017 0.004 0.044 0.01 0.015 0.075 0.01 0.019 0.109 0.013
0.77 0.011 0.055 0.004 0.012 0.005 0.009 0.011 0.008 0.012 0.091 0.011
0.78 0.017 0.005 0.004 0.008 0.006 0.004 0.007 0.143 0.006 0.017 0.004
0.581 0.018 0.006 0.004 0.014 0.004 0.003 0.007 0.319 0.007 0.031 0.004
0.932 0.013 0.004 0.003 0.007 0.009 0.003 0.004 0.004 0.006 0.01 0.003
0.95 0.008 0.004 0.005 0.005 0.004 0.004 0.004 0.005 0.006 0.005 0.003
0.92 0.009 0.009 0.009 0.006 0.008 0.007 0.006 0.008 0.006 0.006 0.005
0.894 0.007 0.03 0.005 0.007 0.014 0.004 0.01 0.006 0.006 0.01 0.007
0.889 0.007 0.015 0.012 0.008 0.008 0.009 0.016 0.009 0.016 0.007 0.005
0.928 0.007 0.009 0.004 0.009 0.006 0.005 0.006 0.007 0.008 0.006 0.005
0.911 0.011 0.005 0.004 0.011 0.004 0.007 0.005 0.007 0.016 0.017 0.004
0.554 0.017 0.019 0.005 0.037 0.03 0.02 0.017 0.08 0.025 0.158 0.04
0.67 0.031 0.011 0.104 0.01 0.005 0.004 0.008 0.006 0.006 0.137 0.007
0.014 0.03 0.006 0.003 0.01 0.006 0.013 0.004 0.009 0.016 0.887 0.004
0.013 0.033 0.018 0.003 0.013 0.006 0.006 0.164 0.005 0.007 0.728 0.004
0.028 0.532 0.044 0.009 0.022 0.006 0.016 0.225 0.012 0.008 0.093 0.005
0.239 0.021 0.15 0.006 0.017 0.027 0.008 0.317 0.092 0.01 0.108 0.005
0.606 0.024 0.005 0.006 0.041 0.008 0.005 0.021 0.085 0.018 0.176 0.005
0.841 0.008 0.016 0.015 0.009 0.012 0.01 0.01 0.015 0.01 0.049 0.004
0.745 0.013 0.054 0.005 0.009 0.033 0.013 0.018 0.015 0.071 0.013 0.012
0.724 0.01 0.063 0.004 0.04 0.014 0.005 0.018 0.029 0.026 0.062 0.005
0.007 0.945 0.009 0.003 0.005 0.006 0.004 0.004 0.005 0.004 0.007 0.003
0.006 0.945 0.009 0.003 0.005 0.006 0.004 0.004 0.004 0.003 0.007 0.003
0.007 0.945 0.009 0.003 0.005 0.006 0.004 0.004 0.004 0.004 0.007 0.003
0.094 0.623 0.007 0.004 0.032 0.01 0.013 0.006 0.104 0.007 0.095 0.005
0.393 0.51 0.011 0.004 0.007 0.006 0.01 0.005 0.007 0.011 0.026 0.011
0.024 0.29 0.018 0.004 0.012 0.011 0.009 0.586 0.016 0.009 0.013 0.008
0.76 0.033 0.038 0.003 0.024 0.007 0.007 0.013 0.006 0.012 0.087 0.011
0.067 0.022 0.01 0.418 0.01 0.015 0.013 0.247 0.013 0.01 0.163 0.01
0.325 0.018 0.523 0.008 0.018 0.023 0.009 0.01 0.011 0.017 0.028 0.01
0.575 0.065 0.147 0.007 0.062 0.017 0.018 0.028 0.016 0.02 0.04 0.006
0.016 0.832 0.037 0.008 0.009 0.011 0.019 0.009 0.012 0.007 0.029 0.012
0.09 0.069 0.341 0.022 0.025 0.025 0.053 0.036 0.021 0.008 0.272 0.038
0.019 0.873 0.007 0.003 0.006 0.006 0.005 0.005 0.006 0.004 0.061 0.004
0.029 0.027 0.408 0.472 0.008 0.007 0.005 0.005 0.011 0.006 0.017 0.004
0.017 0.874 0.007 0.003 0.006 0.006 0.006 0.005 0.006 0.004 0.062 0.004
0.137 0.058 0.026 0.009 0.168 0.179 0.008 0.014 0.08 0.302 0.013 0.006
0.011 0.776 0.01 0.032 0.018 0.037 0.028 0.005 0.023 0.036 0.007 0.017
0.037 0.013 0.695 0.008 0.039 0.017 0.04 0.016 0.019 0.072 0.039 0.007
0.025 0.182 0.146 0.015 0.01 0.01 0.118 0.014 0.017 0.408 0.008 0.045
0.065 0.008 0.027 0.023 0.518 0.012 0.023 0.017 0.043 0.217 0.01 0.038
0.126 0.01 0.092 0.016 0.025 0.009 0.006 0.005 0.214 0.464 0.007 0.026
0.13 0.008 0.013 0.322 0.123 0.042 0.016 0.012 0.154 0.161 0.008 0.012
0.016 0.039 0.008 0.136 0.049 0.055 0.007 0.015 0.46 0.175 0.033 0.009
0.005 0.34 0.056 0.005 0.012 0.011 0.076 0.014 0.446 0.022 0.006 0.007
0.014 0.043 0.277 0.01 0.039 0.019 0.011 0.012 0.023 0.535 0.007 0.012
0.039 0.207 0.393 0.018 0.013 0.009 0.184 0.015 0.014 0.095 0.008 0.007
0.006 0.006 0.014 0.006 0.006 0.005 0.007 0.011 0.92 0.008 0.004 0.006
0.004 0.005 0.009 0.006 0.006 0.077 0.026 0.009 0.814 0.034 0.005 0.007
0.004 0.006 0.059 0.006 0.012 0.833 0.033 0.009 0.009 0.015 0.008 0.005
0.042 0.006 0.009 0.006 0.057 0.783 0.009 0.021 0.006 0.046 0.007 0.009
0.007 0.007 0.005 0.004 0.011 0.71 0.005 0.207 0.011 0.012 0.006 0.017
0.514 0.02 0.02 0.024 0.105 0.034 0.015 0.079 0.016 0.153 0.007 0.014
0.004 0.006 0.006 0.004 0.005 0.928 0.01 0.007 0.005 0.007 0.005 0.013
0.006 0.013 0.021 0.006 0.011 0.227 0.663 0.009 0.008 0.017 0.009 0.009
0.007 0.042 0.007 0.005 0.01 0.317 0.255 0.232 0.025 0.071 0.005 0.023
0.004 0.009 0.005 0.012 0.006 0.898 0.025 0.01 0.009 0.009 0.008 0.004
0.009 0.006 0.013 0.006 0.039 0.79 0.007 0.033 0.023 0.046 0.005 0.022
0.004 0.041 0.019 0.005 0.019 0.472 0.196 0.095 0.059 0.078 0.007 0.005
0.005 0.008 0.006 0.027 0.005 0.039 0.695 0.175 0.012 0.021 0.004 0.004
0.007 0.006 0.026 0.007 0.821 0.022 0.005 0.012 0.07 0.009 0.008 0.006
