0.013 0.006 0.016 0.014 0.01 0.899 0.012 0.006 0.008 0.007 0.011
0.009 0.009 0.022 0.004 0.009 0.891 0.01 0.008 0.007 0.011 0.021
0.006 0.04 0.096 0.005 0.007 0.755 0.023 0.009 0.036 0.005 0.017
0.005 0.004 0.02 0.007 0.143 0.661 0.005 0.02 0.086 0.042 0.005
0.012 0.01 0.042 0.008 0.006 0.785 0.037 0.016 0.036 0.008 0.039
0.007 0.014 0.09 0.01 0.005 0.698 0.025 0.007 0.091 0.021 0.032
0.008 0.038 0.101 0.006 0.011 0.109 0.284 0.383 0.014 0.01 0.035
0.124 0.006 0.014 0.003 0.006 0.679 0.104 0.013 0.006 0.03 0.015
0.012 0.016 0.056 0.004 0.007 0.219 0.005 0.038 0.218 0.415 0.008
0.005 0.015 0.013 0.004 0.004 0.464 0.009 0.009 0.058 0.407 0.011
0.005 0.007 0.014 0.007 0.005 0.825 0.006 0.015 0.031 0.033 0.053
0.004 0.009 0.016 0.009 0.015 0.9 0.015 0.007 0.006 0.007 0.011
0.005 0.006 0.009 0.006 0.005 0.889 0.005 0.008 0.038 0.024 0.005
0.065 0.006 0.035 0.005 0.005 0.171 0.353 0.016 0.01 0.011 0.322
0.021 0.009 0.036 0.015 0.019 0.604 0.062 0.048 0.01 0.155 0.022
0.006 0.007 0.011 0.014 0.006 0.897 0.005 0.026 0.011 0.01 0.006
0.008 0.014 0.013 0.026 0.006 0.356 0.02 0.028 0.018 0.494 0.018
0.017 0.029 0.024 0.009 0.005 0.767 0.005 0.01 0.022 0.059 0.054
0.005 0.006 0.567 0.011 0.004 0.349 0.004 0.012 0.013 0.017 0.012
0.009 0.016 0.077 0.012 0.01 0.04 0.699 0.027 0.059 0.038 0.014
0.024 0.006 0.558 0.004 0.005 0.222 0.005 0.01 0.007 0.068 0.091
0.006 0.015 0.014 0.029 0.004 0.889 0.009 0.005 0.013 0.01 0.005
0.011 0.019 0.026 0.109 0.009 0.694 0.018 0.014 0.012 0.034 0.054
0.005 0.007 0.016 0.006 0.004 0.924 0.007 0.005 0.005 0.011 0.01
0.188 0.018 0.016 0.545 0.038 0.013 0.06 0.004 0.049 0.009 0.059
0.134 0.004 0.004 0.802 0.004 0.004 0.033 0.003 0.004 0.003 0.005
0.013 0.006 0.054 0.471 0.382 0.007 0.02 0.01 0.025 0.005 0.006
0.15 0.017 0.023 0.431 0.006 0.032 0.142 0.021 0.058 0.111 0.008
0.007 0.024 0.02 0.837 0.009 0.063 0.005 0.011 0.008 0.01 0.007
0.048 0.005 0.01 0.789 0.007 0.005 0.109 0.005 0.011 0.004 0.009
0.003 0.003 0.005 0.964 0.003 0.005 0.004 0.003 0.003 0.003 0.004
0.005 0.009 0.021 0.898 0.01 0.007 0.021 0.005 0.011 0.006 0.006
0.357 0.011 0.203 0.327 0.005 0.011 0.047 0.004 0.011 0.007 0.017
0.024 0.012 0.011 0.873 0.008 0.009 0.007 0.005 0.01 0.011 0.03
0.023 0.047 0.303 0.467 0.014 0.016 0.022 0.015 0.012 0.022 0.059
0.009 0.02 0.047 0.059 0.022 0.027 0.637 0.007 0.155 0.01 0.008
0.003 0.005 0.004 0.955 0.004 0.004 0.007 0.004 0.005 0.003 0.005
0.005 0.019 0.145 0.777 0.009 0.007 0.004 0.006 0.017 0.005 0.005
0.009 0.02 0.015 0.754 0.029 0.038 0.015 0.01 0.008 0.092 0.009
0.006 0.007 0.008 0.923 0.004 0.008 0.006 0.006 0.007 0.008 0.016
0.008 0.015 0.298 0.345 0.007 0.075 0.017 0.203 0.007 0.013 0.01
0.005 0.005 0.176 0.539 0.007 0.056 0.049 0.006 0.147 0.004 0.004
0.006 0.014 0.027 0.582 0.265 0.01 0.049 0.004 0.018 0.013 0.013
0.005 0.006 0.006 0.874 0.005 0.008 0.005 0.027 0.021 0.037 0.005
0.004 0.005 0.007 0.753 0.006 0.009 0.017 0.061 0.103 0.031 0.005
0.005 0.006 0.006 0.875 0.005 0.008 0.005 0.027 0.021 0.037 0.005
0.003 0.005 0.004 0.955 0.004 0.004 0.007 0.004 0.005 0.003 0.005
0.003 0.005 0.004 0.955 0.004 0.004 0.006 0.004 0.005 0.003 0.005
0.01 0.898 0.03 0.005 0.01 0.005 0.003 0.007 0.007 0.016 0.009
0.164 0.051 0.186 0.004 0.01 0.028 0.004 0.012 0.238 0.114 0.189
0.049 0.335 0.023 0.088 0.053 0.007 0.027 0.012 0.026 0.007 0.374
0.823 0.039 0.062 0.005 0.011 0.029 0.005 0.008 0.006 0.005 0.007
0.016 0.057 0.016 0.005 0.836 0.006 0.006 0.02 0.008 0.019 0.01
0.51 0.407 0.006 0.012 0.007 0.007 0.004 0.007 0.007 0.026 0.006
0.363 0.388 0.034 0.026 0.009 0.045 0.007 0.008 0.012 0.026 0.081
0.892 0.016 0.018 0.006 0.013 0.008 0.01 0.006 0.015 0.011 0.005
0.88 0.022 0.021 0.006 0.014 0.008 0.01 0.006 0.016 0.013 0.006
0.005 0.757 0.018 0.006 0.038 0.016 0.006 0.019 0.022 0.104 0.009
0.09 0.115 0.137 0.008 0.338 0.041 0.004 0.006 0.011 0.026 0.225
0.008 0.856 0.056 0.012 0.009 0.019 0.006 0.008 0.013 0.006 0.008
0.907 0.028 0.007 0.005 0.007 0.01 0.006 0.009 0.005 0.005 0.01
0.048 0.085 0.025 0.013 0.126 0.067 0.017 0.007 0.013 0.021 0.578
0.071 0.198 0.008 0.009 0.006 0.006 0.005 0.036 0.041 0.591 0.03
0.269 0.626 0.01 0.007 0.008 0.006 0.032 0.015 0.008 0.015 0.004
0.404 0.443 0.018 0.006 0.032 0.006 0.049 0.011 0.02 0.005 0.007
0.007 0.007 0.009 0.005 0.934 0.007 0.004 0.005 0.01 0.007 0.004
0.006 0.012 0.015 0.003 0.933 0.009 0.004 0.004 0.005 0.004 0.004
0.004 0.004 0.004 0.004 0.963 0.003 0.003 0.005 0.004 0.004 0.003
0.004 0.005 0.004 0.004 0.953 0.004 0.003 0.012 0.004 0.004 0.003
0.01 0.87 0.013 0.003 0.022 0.009 0.004 0.003 0.004 0.022 0.039
0.063 0.801 0.011 0.009 0.01 0.007 0.007 0.009 0.019 0.027 0.037
0.01 0.405 0.124 0.006 0.311 0.056 0.005 0.043 0.017 0.008 0.015
0.425 0.016 0.082 0.022 0.008 0.104 0.117 0.005 0.182 0.008 0.032
0.005 0.006 0.055 0.008 0.004 0.007 0.013 0.005 0.868 0.007 0.022
0.022 0.032 0.022 0.025 0.01 0.022 0.022 0.016 0.739 0.038 0.051
0.018 0.051 0.03 0.007 0.007 0.014 0.027 0.045 0.548 0.227 0.025
0.034 0.668 0.058 0.004 0.017 0.036 0.013 0.065 0.021 0.026 0.058
0.039 0.137 0.155 0.063 0.088 0.425 0.011 0.035 0.02 0.007 0.022
0.008 0.054 0.536 0.011 0.026 0.076 0.007 0.008 0.128 0.13 0.017
0.011 0.117 0.704 0.013 0.041 0.021 0.008 0.017 0.054 0.006 0.008
0.009 0.077 0.496 0.009 0.012 0.033 0.016 0.01 0.317 0.007 0.014
0.003 0.004 0.005 0.004 0.004 0.004 0.004 0.011 0.953 0.005 0.003
0.006 0.006 0.072 0.006 0.007 0.007 0.065 0.006 0.808 0.004 0.013
0.006 0.035 0.045 0.031 0.009 0.059 0.033 0.02 0.734 0.022 0.007
0.005 0.008 0.202 0.007 0.048 0.013 0.015 0.006 0.674 0.016 0.007
0.005 0.288 0.156 0.062 0.017 0.072 0.016 0.007 0.059 0.014 0.303
0.007 0.19 0.129 0.145 0.007 0.037 0.02 0.006 0.123 0.022 0.313
0.004 0.007 0.007 0.007 0.004 0.006 0.005 0.007 0.945 0.004 0.004
0.032 0.125 0.145 0.015 0.005 0.028 0.035 0.015 0.153 0.427 0.02
0.019 0.064 0.2 0.025 0.562 0.018 0.029 0.006 0.038 0.006 0.036
0.005 0.013 0.048 0.006 0.009 0.024 0.006 0.005 0.848 0.029 0.007
0.005 0.062 0.018 0.004 0.007 0.005 0.007 0.009 0.862 0.016 0.005
0.071 0.085 0.034 0.007 0.013 0.01 0.339 0.01 0.384 0.034 0.014
0.005 0.008 0.087 0.007 0.01 0.009 0.009 0.007 0.844 0.01 0.004
0.008 0.01 0.22 0.007 0.011 0.112 0.007 0.053 0.525 0.042 0.006
0.004 0.011 0.115 0.013 0.01 0.026 0.008 0.007 0.784 0.013 0.009
0.007 0.457 0.088 0.011 0.007 0.006 0.049 0.009 0.323 0.012 0.031
0.009 0.564 0.091 0.021 0.053 0.019 0.08 0.011 0.074 0.02 0.058
0.008 0.826 0.045 0.01 0.011 0.016 0.01 0.009 0.006 0.005 0.055
0.009 0.416 0.499 0.005 0.013 0.006 0.007 0.005 0.016 0.007 0.017
0.006 0.014 0.018 0.01 0.87 0.007 0.037 0.01 0.008 0.01 0.009
0.007 0.313 0.558 0.013 0.04 0.01 0.025 0.007 0.011 0.007 0.008
0.005 0.659 0.038 0.045 0.027 0.011 0.008 0.006 0.009 0.005 0.187
0.005 0.555 0.067 0.012 0.007 0.018 0.01 0.235 0.02 0.009 0.063
0.006 0.032 0.543 0.007 0.03 0.024 0.007 0.007 0.325 0.009 0.009
0.013 0.318 0.575 0.007 0.015 0.006 0.009 0.013 0.026 0.011 0.006
0.012 0.406 0.339 0.03 0.007 0.034 0.017 0.03 0.069 0.005 0.052
0.015 0.02 0.048 0.142 0.023 0.034 0.023 0.007 0.041 0.09 0.557
0.015 0.027 0.017 0.008 0.01 0.013 0.006 0.136 0.707 0.047 0.015
0.006 0.297 0.084 0.008 0.067 0.043 0.033 0.013 0.337 0.018 0.093
0.009 0.405 0.182 0.058 0.031 0.094 0.016 0.108 0.081 0.006 0.01
0.007 0.036 0.048 0.045 0.745 0.021 0.016 0.005 0.051 0.008 0.018
0.006 0.131 0.47 0.007 0.008 0.009 0.011 0.068 0.229 0.046 0.014
0.012 0.264 0.574 0.012 0.009 0.051 0.008 0.013 0.015 0.016 0.027
0.031 0.297 0.086 0.007 0.021 0.028 0.309 0.009 0.194 0.01 0.007
0.008 0.423 0.043 0.039 0.293 0.062 0.013 0.016 0.02 0.041 0.041
0.087 0.262 0.148 0.044 0.014 0.015 0.29 0.024 0.021 0.022 0.074
0.005 0.475 0.141 0.032 0.052 0.023 0.012 0.007 0.237 0.008 0.009
0.008 0.041 0.061 0.019 0.015 0.007 0.007 0.05 0.768 0.019 0.006
0.007 0.246 0.017 0.011 0.01 0.015 0.005 0.016 0.651 0.015 0.007
0.066 0.058 0.202 0.012 0.017 0.009 0.366 0.006 0.184 0.021 0.059
0.007 0.044 0.121 0.095 0.054 0.016 0.407 0.005 0.141 0.011 0.096
0.159 0.016 0.043 0.127 0.008 0.02 0.316 0.005 0.014 0.017 0.275
0.01 0.019 0.155 0.036 0.011 0.113 0.063 0.011 0.267 0.038 0.277
0.015 0.011 0.03 0.008 0.007 0.894 0.008 0.006 0.011 0.006 0.005
0.006 0.012 0.316 0.007 0.006 0.431 0.084 0.006 0.11 0.007 0.014
0.036 0.021 0.155 0.021 0.081 0.185 0.395 0.004 0.025 0.012 0.065
0.031 0.297 0.086 0.038 0.012 0.319 0.15 0.006 0.022 0.012 0.026
0.005 0.015 0.148 0.012 0.032 0.57 0.037 0.029 0.116 0.027 0.01
0.011 0.667 0.111 0.01 0.013 0.044 0.029 0.009 0.069 0.02 0.018
0.018 0.008 0.311 0.012 0.004 0.17 0.06 0.005 0.393 0.008 0.012
0.024 0.012 0.167 0.009 0.009 0.047 0.549 0.007 0.168 0.004 0.005
0.004 0.005 0.029 0.006 0.003 0.909 0.021 0.004 0.008 0.006 0.004
0.009 0.047 0.133 0.01 0.011 0.025 0.713 0.004 0.017 0.007 0.024
0.009 0.037 0.172 0.041 0.013 0.481 0.189 0.006 0.021 0.024 0.008
0.007 0.008 0.105 0.008 0.004 0.796 0.048 0.006 0.007 0.006 0.006
0.008 0.022 0.098 0.029 0.009 0.736 0.008 0.005 0.014 0.007 0.064
0.007 0.015 0.153 0.009 0.009 0.748 0.027 0.008 0.008 0.006 0.009
0.007 0.03 0.096 0.017 0.006 0.809 0.005 0.004 0.011 0.007 0.007
0.006 0.018 0.123 0.024 0.009 0.543 0.01 0.091 0.153 0.019 0.005
0.009 0.042 0.168 0.016 0.006 0.282 0.249 0.007 0.205 0.009 0.008
0.006 0.01 0.152 0.01 0.008 0.125 0.635 0.007 0.025 0.006 0.016
0.007 0.012 0.159 0.005 0.02 0.332 0.025 0.057 0.347 0.012 0.023
0.017 0.02 0.131 0.01 0.286 0.249 0.107 0.036 0.103 0.026 0.014
0.016 0.009 0.019 0.004 0.022 0.004 0.88 0.015 0.017 0.007 0.006
0.008 0.024 0.027 0.077 0.008 0.045 0.598 0.087 0.049 0.01 0.066
0.015 0.026 0.049 0.013 0.02 0.051 0.591 0.059 0.13 0.041 0.005
0.03 0.042 0.118 0.021 0.039 0.16 0.314 0.1 0.094 0.028 0.055
0.004 0.007 0.06 0.008 0.007 0.207 0.673 0.005 0.013 0.006 0.01
0.009 0.027 0.339 0.01 0.016 0.163 0.226 0.021 0.156 0.013 0.021
0.005 0.004 0.013 0.007 0.004 0.007 0.943 0.005 0.005 0.004 0.004
0.009 0.011 0.011 0.007 0.005 0.036 0.89 0.011 0.009 0.006 0.005
0.035 0.007 0.013 0.205 0.01 0.216 0.477 0.011 0.012 0.005 0.01
0.01 0.007 0.022 0.016 0.006 0.025 0.873 0.005 0.026 0.006 0.004
0.006 0.027 0.017 0.019 0.007 0.014 0.708 0.056 0.104 0.037 0.005
0.005 0.004 0.01 0.008 0.004 0.011 0.928 0.005 0.006 0.012 0.007
0.004 0.004 0.02 0.005 0.004 0.004 0.945 0.004 0.005 0.003 0.003
0.033 0.04 0.033 0.061 0.057 0.034 0.637 0.026 0.03 0.02 0.028
0.016 0.009 0.071 0.006 0.009 0.019 0.846 0.008 0.007 0.005 0.005
0.007 0.039 0.013 0.26 0.008 0.009 0.616 0.006 0.03 0.006 0.007
0.005 0.004 0.005 0.008 0.004 0.005 0.952 0.004 0.004 0.004 0.004
0.007 0.051 0.374 0.008 0.164 0.171 0.06 0.018 0.035 0.101 0.011
0.006 0.004 0.008 0.004 0.004 0.007 0.939 0.006 0.015 0.004 0.004
0.004 0.006 0.068 0.008 0.004 0.011 0.881 0.004 0.005 0.005 0.004
0.007 0.007 0.016 0.019 0.004 0.006 0.891 0.006 0.017 0.009 0.017
0.009 0.007 0.01 0.006 0.005 0.01 0.929 0.005 0.009 0.004 0.005
0.004 0.004 0.006 0.004 0.003 0.004 0.957 0.003 0.007 0.004 0.005
0.009 0.023 0.251 0.005 0.008 0.2 0.111 0.162 0.196 0.026 0.009
0.011 0.771 0.017 0.006 0.009 0.014 0.047 0.019 0.055 0.008 0.044
0.033 0.645 0.12 0.006 0.008 0.008 0.004 0.008 0.022 0.13 0.017
0.006 0.69 0.258 0.005 0.005 0.004 0.005 0.005 0.006 0.009 0.007
0.038 0.159 0.219 0.043 0.008 0.111 0.025 0.01 0.319 0.028 0.039
0.012 0.05 0.555 0.009 0.018 0.008 0.006 0.005 0.028 0.301 0.009
0.007 0.843 0.017 0.005 0.004 0.008 0.004 0.017 0.037 0.022 0.036
0.03 0.845 0.043 0.004 0.01 0.006 0.004 0.01 0.009 0.021 0.019
0.022 0.539 0.107 0.009 0.009 0.026 0.01 0.029 0.102 0.137 0.009
0.013 0.818 0.051 0.042 0.006 0.013 0.014 0.008 0.015 0.01 0.01
0.014 0.786 0.015 0.021 0.006 0.005 0.005 0.011 0.027 0.101 0.009
0.01 0.841 0.012 0.023 0.005 0.026 0.006 0.014 0.009 0.024 0.031
0.014 0.888 0.046 0.006 0.006 0.004 0.004 0.008 0.005 0.01 0.01
0.02 0.136 0.614 0.005 0.064 0.105 0.008 0.022 0.011 0.011 0.005
0.344 0.372 0.157 0.004 0.016 0.01 0.016 0.005 0.059 0.008 0.008
0.036 0.097 0.035 0.054 0.009 0.061 0.008 0.039 0.013 0.064 0.585
0.203 0.019 0.017 0.006 0.006 0.513 0.007 0.006 0.007 0.025 0.191
0.005 0.007 0.032 0.012 0.005 0.087 0.011 0.007 0.02 0.011 0.803
0.178 0.17 0.018 0.009 0.005 0.111 0.005 0.029 0.007 0.332 0.137
0.03 0.147 0.023 0.008 0.006 0.021 0.003 0.011 0.007 0.072 0.672
0.072 0.016 0.013 0.019 0.338 0.009 0.018 0.024 0.029 0.009 0.453
0.004 0.005 0.005 0.006 0.005 0.007 0.005 0.948 0.005 0.006 0.004
0.005 0.005 0.005 0.004 0.004 0.006 0.004 0.948 0.006 0.008 0.004
0.008 0.006 0.008 0.006 0.191 0.004 0.004 0.755 0.009 0.005 0.005
0.004 0.006 0.008 0.012 0.006 0.005 0.004 0.008 0.005 0.008 0.934
0.008 0.01 0.019 0.009 0.018 0.012 0.006 0.488 0.007 0.008 0.417
0.008 0.01 0.006 0.013 0.004 0.011 0.004 0.036 0.011 0.106 0.794
0.005 0.007 0.009 0.004 0.004 0.006 0.005 0.927 0.016 0.005 0.01
0.008 0.008 0.007 0.043 0.007 0.008 0.006 0.048 0.006 0.005 0.856
0.019 0.011 0.011 0.007 0.009 0.006 0.003 0.009 0.009 0.017 0.898
0.01 0.15 0.011 0.022 0.005 0.012 0.005 0.689 0.047 0.019 0.029
0.004 0.004 0.005 0.003 0.004 0.006 0.005 0.955 0.006 0.005 0.004
0.013 0.011 0.012 0.011 0.005 0.006 0.009 0.772 0.054 0.007 0.1
0.017 0.012 0.007 0.011 0.004 0.011 0.004 0.004 0.007 0.012 0.912
0.007 0.059 0.016 0.008 0.008 0.029 0.006 0.109 0.03 0.286 0.442
0.008 0.06 0.026 0.014 0.004 0.007 0.006 0.217 0.069 0.021 0.569
0.031 0.009 0.007 0.014 0.008 0.009 0.004 0.592 0.012 0.147 0.166
0.008 0.005 0.006 0.113 0.01 0.004 0.005 0.585 0.005 0.01 0.249
0.022 0.019 0.008 0.015 0.024 0.008 0.007 0.021 0.004 0.01 0.863
0.066 0.02 0.018 0.005 0.008 0.019 0.006 0.049 0.012 0.717 0.08
0.026 0.089 0.034 0.011 0.007 0.033 0.01 0.012 0.006 0.758 0.013
0.34 0.007 0.019 0.015 0.068 0.014 0.085 0.417 0.01 0.018 0.008
0.863 0.006 0.006 0.008 0.009 0.006 0.049 0.026 0.005 0.016 0.006
0.179 0.292 0.017 0.013 0.228 0.015 0.007 0.028 0.02 0.163 0.039
0.011 0.041 0.006 0.004 0.006 0.006 0.016 0.014 0.008 0.885 0.005
0.536 0.006 0.005 0.008 0.012 0.008 0.029 0.031 0.009 0.352 0.004
0.014 0.006 0.006 0.005 0.42 0.006 0.008 0.026 0.033 0.467 0.007
0.005 0.004 0.004 0.004 0.005 0.004 0.005 0.006 0.007 0.95 0.005
0.844 0.017 0.014 0.009 0.014 0.006 0.021 0.016 0.01 0.036 0.014
0.138 0.019 0.011 0.007 0.007 0.042 0.004 0.008 0.01 0.726 0.027
0.617 0.034 0.012 0.01 0.068 0.012 0.019 0.018 0.025 0.114 0.071
0.013 0.01 0.014 0.007 0.012 0.006 0.01 0.07 0.017 0.61 0.231
0.03 0.007 0.13 0.003 0.006 0.006 0.004 0.004 0.006 0.779 0.024
0.021 0.02 0.277 0.004 0.008 0.005 0.004 0.006 0.008 0.628 0.02
0.012 0.006 0.004 0.003 0.003 0.009 0.003 0.004 0.006 0.942 0.006
0.007 0.004 0.004 0.003 0.004 0.004 0.004 0.004 0.005 0.956 0.005
0.011 0.005 0.009 0.007 0.006 0.007 0.008 0.009 0.006 0.926 0.007
0.007 0.008 0.007 0.006 0.008 0.014 0.004 0.032 0.006 0.901 0.006
0.007 0.009 0.009 0.004 0.017 0.01 0.009 0.014 0.016 0.898 0.007
0.008 0.009 0.007 0.004 0.006 0.006 0.005 0.009 0.008 0.932 0.006
0.01 0.01 0.007 0.004 0.005 0.004 0.006 0.005 0.012 0.926 0.011
0.027 0.052 0.127 0.026 0.021 0.04 0.021 0.022 0.032 0.302 0.329
0.049 0.008 0.01 0.011 0.011 0.007 0.004 0.009 0.006 0.471 0.414
0.015 0.015 0.01 0.003 0.004 0.005 0.009 0.005 0.011 0.008 0.914
0.015 0.015 0.006 0.003 0.18 0.007 0.006 0.013 0.007 0.011 0.738
0.451 0.018 0.009 0.004 0.209 0.005 0.019 0.017 0.007 0.021 0.24
0.022 0.024 0.07 0.005 0.33 0.031 0.008 0.105 0.012 0.286 0.108
0.029 0.076 0.084 0.005 0.022 0.01 0.005 0.005 0.021 0.659 0.085
0.008 0.01 0.015 0.009 0.011 0.012 0.01 0.016 0.01 0.872 0.028
0.015 0.008 0.022 0.007 0.019 0.032 0.012 0.048 0.073 0.75 0.013
0.011 0.054 0.033 0.004 0.018 0.015 0.005 0.053 0.028 0.759 0.02
0.948 0.005 0.005 0.003 0.004 0.006 0.004 0.009 0.004 0.007 0.006
0.948 0.005 0.005 0.003 0.004 0.006 0.004 0.009 0.004 0.007 0.006
0.948 0.005 0.005 0.003 0.004 0.006 0.004 0.009 0.004 0.007 0.006
0.687 0.042 0.073 0.004 0.006 0.01 0.013 0.007 0.008 0.092 0.057
0.507 0.006 0.006 0.006 0.004 0.006 0.01 0.01 0.011 0.409 0.024
0.337 0.005 0.012 0.005 0.569 0.012 0.008 0.014 0.008 0.017 0.013
0.029 0.017 0.01 0.006 0.012 0.006 0.01 0.039 0.023 0.698 0.151
0.011 0.016 0.013 0.027 0.379 0.026 0.033 0.007 0.008 0.014 0.468
0.017 0.02 0.011 0.009 0.01 0.02 0.009 0.516 0.018 0.355 0.016
0.071 0.085 0.021 0.005 0.022 0.016 0.016 0.088 0.019 0.629 0.028
0.868 0.01 0.011 0.01 0.008 0.011 0.019 0.029 0.007 0.014 0.014
0.078 0.069 0.062 0.05 0.049 0.034 0.048 0.414 0.009 0.079 0.108
0.911 0.008 0.006 0.004 0.005 0.006 0.005 0.008 0.004 0.021 0.023
0.018 0.012 0.019 0.013 0.01 0.018 0.008 0.187 0.01 0.021 0.685
0.911 0.008 0.006 0.003 0.005 0.006 0.005 0.007 0.004 0.021 0.023
0.077 0.054 0.143 0.008 0.012 0.152 0.007 0.024 0.353 0.155 0.014
0.797 0.015 0.02 0.018 0.005 0.04 0.037 0.008 0.036 0.011 0.011
0.012 0.09 0.018 0.006 0.014 0.014 0.034 0.683 0.076 0.042 0.009
0.173 0.011 0.016 0.026 0.013 0.013 0.131 0.168 0.413 0.029 0.009
0.008 0.382 0.074 0.031 0.019 0.012 0.019 0.034 0.315 0.097 0.011
0.011 0.02 0.174 0.043 0.005 0.008 0.007 0.075 0.503 0.145 0.01
0.009 0.158 0.169 0.119 0.015 0.127 0.026 0.017 0.181 0.153 0.024
0.058 0.055 0.444 0.033 0.014 0.067 0.007 0.007 0.249 0.018 0.048
0.334 0.038 0.354 0.006 0.014 0.015 0.09 0.065 0.069 0.007 0.007
0.053 0.016 0.024 0.011 0.012 0.015 0.011 0.258 0.573 0.018 0.008
0.188 0.012 0.013 0.007 0.016 0.009 0.201 0.412 0.087 0.046 0.009
0.009 0.046 0.748 0.009 0.025 0.045 0.008 0.026 0.071 0.009 0.005
0.006 0.022 0.693 0.007 0.01 0.101 0.02 0.011 0.121 0.005 0.004
0.006 0.026 0.116 0.007 0.009 0.692 0.036 0.081 0.018 0.004 0.005
0.005 0.022 0.155 0.008 0.022 0.605 0.011 0.009 0.087 0.065 0.01
0.007 0.01 0.126 0.01 0.214 0.596 0.005 0.005 0.014 0.007 0.007
0.019 0.052 0.041 0.014 0.081 0.03 0.015 0.016 0.181 0.544 0.008
0.006 0.006 0.137 0.011 0.007 0.801 0.01 0.007 0.008 0.004 0.004
0.013 0.02 0.093 0.008 0.008 0.182 0.624 0.025 0.016 0.007 0.004
0.047 0.008 0.094 0.011 0.23 0.257 0.247 0.007 0.086 0.007 0.005
0.009 0.008 0.18 0.007 0.012 0.729 0.027 0.006 0.012 0.004 0.006
0.007 0.028 0.177 0.013 0.042 0.602 0.007 0.015 0.093 0.012 0.005
0.036 0.012 0.14 0.004 0.102 0.328 0.22 0.019 0.126 0.005 0.007
0.008 0.005 0.041 0.009 0.168 0.039 0.693 0.006 0.022 0.005 0.005
0.008 0.766 0.112 0.007 0.013 0.021 0.005 0.034 0.013 0.008 0.013
