0.013 0.012 0.016 0.008 0.011 0.011 0.929
0.021 0.006 0.012 0.014 0.009 0.013 0.926
0.011 0.007 0.031 0.039 0.031 0.012 0.869
0.219 0.01 0.008 0.006 0.212 0.027 0.517
0.016 0.01 0.041 0.015 0.037 0.012 0.869
0.01 0.014 0.025 0.013 0.171 0.021 0.746
0.526 0.011 0.174 0.033 0.018 0.019 0.218
0.01 0.005 0.13 0.015 0.009 0.068 0.762
0.019 0.006 0.007 0.027 0.371 0.37 0.2
0.008 0.007 0.011 0.022 0.339 0.196 0.418
0.009 0.009 0.008 0.01 0.056 0.033 0.875
0.017 0.01 0.017 0.01 0.009 0.007 0.929
0.008 0.009 0.007 0.007 0.147 0.024 0.798
0.018 0.011 0.399 0.018 0.021 0.17 0.364
0.047 0.015 0.044 0.012 0.014 0.109 0.76
0.015 0.013 0.007 0.008 0.012 0.011 0.934
0.013 0.028 0.025 0.013 0.033 0.469 0.419
0.011 0.017 0.007 0.035 0.054 0.15 0.726
0.348 0.018 0.007 0.009 0.041 0.01 0.567
0.026 0.015 0.768 0.021 0.074 0.035 0.061
0.49 0.007 0.009 0.015 0.036 0.083 0.36
0.007 0.02 0.011 0.019 0.025 0.009 0.909
0.034 0.063 0.019 0.018 0.02 0.024 0.822
0.006 0.008 0.008 0.008 0.009 0.012 0.949
0.019 0.626 0.202 0.041 0.055 0.033 0.025
0.007 0.822 0.134 0.016 0.006 0.009 0.007
0.445 0.446 0.03 0.009 0.051 0.008 0.011
0.011 0.348 0.257 0.065 0.178 0.096 0.044
0.016 0.796 0.009 0.029 0.017 0.02 0.113
0.009 0.791 0.161 0.009 0.012 0.01 0.007
0.005 0.964 0.007 0.005 0.005 0.004 0.009
0.013 0.882 0.058 0.012 0.013 0.01 0.012
0.01 0.45 0.24 0.129 0.066 0.081 0.024
0.01 0.926 0.01 0.011 0.013 0.015 0.015
0.024 0.531 0.044 0.265 0.048 0.049 0.041
0.019 0.044 0.799 0.024 0.07 0.011 0.034
0.006 0.961 0.009 0.007 0.007 0.004 0.006
0.016 0.797 0.007 0.081 0.081 0.007 0.012
0.052 0.723 0.027 0.018 0.011 0.074 0.094
0.006 0.948 0.01 0.008 0.008 0.007 0.013
0.397 0.384 0.029 0.032 0.02 0.019 0.119
0.01 0.534 0.048 0.011 0.319 0.006 0.073
0.288 0.556 0.096 0.016 0.017 0.013 0.014
0.012 0.836 0.008 0.009 0.061 0.06 0.014
0.011 0.671 0.026 0.007 0.25 0.021 0.015
0.012 0.837 0.008 0.009 0.059 0.061 0.014
0.006 0.961 0.009 0.007 0.007 0.004 0.007
0.006 0.961 0.009 0.007 0.007 0.004 0.006
0.013 0.011 0.005 0.917 0.013 0.033 0.007
0.01 0.005 0.005 0.037 0.362 0.555 0.025
0.041 0.311 0.02 0.579 0.018 0.019 0.012
0.034 0.005 0.008 0.878 0.008 0.047 0.019
0.892 0.008 0.008 0.051 0.014 0.02 0.008
0.017 0.009 0.007 0.87 0.01 0.079 0.008
0.013 0.031 0.013 0.728 0.018 0.068 0.129
0.017 0.006 0.06 0.83 0.016 0.06 0.011
0.016 0.006 0.054 0.842 0.015 0.056 0.011
0.031 0.008 0.009 0.787 0.058 0.085 0.021
0.215 0.019 0.005 0.626 0.019 0.074 0.041
0.014 0.019 0.009 0.906 0.019 0.01 0.023
0.042 0.009 0.159 0.557 0.009 0.214 0.01
0.106 0.065 0.015 0.315 0.019 0.172 0.307
0.01 0.012 0.009 0.042 0.042 0.878 0.008
0.015 0.007 0.042 0.882 0.01 0.036 0.008
0.032 0.008 0.209 0.706 0.019 0.018 0.008
0.915 0.009 0.008 0.027 0.017 0.012 0.012
0.895 0.006 0.006 0.056 0.012 0.011 0.014
0.962 0.006 0.005 0.01 0.006 0.007 0.005
0.961 0.006 0.005 0.009 0.006 0.006 0.005
0.036 0.005 0.007 0.885 0.006 0.048 0.013
0.012 0.013 0.01 0.884 0.017 0.051 0.013
0.313 0.009 0.008 0.54 0.045 0.011 0.075
0.012 0.023 0.486 0.052 0.202 0.083 0.142
0.007 0.011 0.084 0.01 0.804 0.016 0.069
0.012 0.033 0.046 0.023 0.741 0.117 0.027
0.009 0.01 0.025 0.028 0.794 0.12 0.014
0.113 0.006 0.022 0.53 0.05 0.198 0.081
0.143 0.048 0.016 0.198 0.023 0.011 0.561
0.031 0.015 0.01 0.476 0.231 0.104 0.132
0.14 0.018 0.015 0.616 0.15 0.015 0.046
0.015 0.011 0.021 0.206 0.681 0.011 0.055
0.006 0.006 0.006 0.005 0.965 0.005 0.006
0.011 0.008 0.201 0.009 0.691 0.008 0.07
0.022 0.024 0.073 0.028 0.669 0.027 0.157
0.032 0.011 0.028 0.011 0.891 0.01 0.018
0.029 0.154 0.017 0.4 0.101 0.018 0.281
0.013 0.289 0.027 0.288 0.124 0.029 0.23
0.007 0.008 0.008 0.01 0.954 0.005 0.008
0.013 0.022 0.061 0.088 0.214 0.554 0.048
0.439 0.058 0.045 0.303 0.106 0.011 0.037
0.007 0.009 0.01 0.012 0.921 0.016 0.025
0.009 0.006 0.011 0.038 0.916 0.012 0.007
0.015 0.011 0.54 0.075 0.281 0.064 0.014
0.013 0.007 0.013 0.011 0.938 0.006 0.011
0.024 0.008 0.011 0.019 0.814 0.021 0.103
0.015 0.016 0.012 0.012 0.899 0.012 0.035
0.021 0.017 0.17 0.463 0.288 0.03 0.01
0.133 0.025 0.187 0.415 0.09 0.102 0.047
0.111 0.022 0.016 0.761 0.011 0.013 0.065
0.015 0.008 0.012 0.819 0.124 0.01 0.011
0.89 0.012 0.048 0.014 0.011 0.013 0.011
0.05 0.02 0.053 0.749 0.095 0.011 0.023
0.107 0.168 0.011 0.649 0.018 0.02 0.026
0.327 0.032 0.017 0.53 0.031 0.014 0.048
0.027 0.012 0.01 0.065 0.845 0.012 0.029
0.051 0.011 0.017 0.728 0.163 0.02 0.011
0.026 0.037 0.026 0.698 0.134 0.008 0.07
0.029 0.289 0.035 0.028 0.054 0.386 0.179
0.016 0.012 0.009 0.015 0.905 0.032 0.011
0.178 0.011 0.062 0.191 0.354 0.065 0.139
0.121 0.071 0.026 0.428 0.199 0.012 0.143
0.778 0.055 0.026 0.041 0.057 0.009 0.034
0.024 0.011 0.021 0.238 0.657 0.036 0.013
0.044 0.027 0.015 0.718 0.073 0.033 0.09
0.028 0.01 0.555 0.133 0.178 0.036 0.059
0.402 0.07 0.023 0.318 0.033 0.055 0.1
0.026 0.076 0.254 0.54 0.038 0.042 0.024
0.035 0.027 0.016 0.516 0.363 0.011 0.032
0.031 0.018 0.009 0.022 0.892 0.019 0.009
0.018 0.013 0.009 0.128 0.8 0.015 0.017
0.013 0.033 0.593 0.132 0.153 0.061 0.016
0.039 0.218 0.55 0.04 0.11 0.015 0.028
0.011 0.362 0.412 0.04 0.021 0.122 0.032
0.018 0.034 0.133 0.028 0.337 0.159 0.29
0.009 0.01 0.01 0.029 0.014 0.008 0.92
0.01 0.013 0.115 0.044 0.226 0.011 0.581
0.027 0.017 0.412 0.039 0.031 0.039 0.434
0.014 0.031 0.23 0.154 0.029 0.025 0.517
0.028 0.018 0.053 0.017 0.307 0.018 0.559
0.061 0.015 0.089 0.572 0.077 0.053 0.133
0.007 0.015 0.082 0.012 0.683 0.012 0.188
0.012 0.011 0.765 0.04 0.109 0.005 0.057
0.005 0.007 0.029 0.006 0.011 0.006 0.936
0.012 0.022 0.835 0.05 0.018 0.011 0.052
0.014 0.044 0.208 0.063 0.023 0.021 0.628
0.007 0.009 0.046 0.01 0.01 0.008 0.91
0.009 0.035 0.01 0.027 0.019 0.013 0.887
0.013 0.012 0.04 0.021 0.013 0.009 0.893
0.008 0.017 0.008 0.037 0.014 0.009 0.906
0.02 0.018 0.018 0.021 0.389 0.015 0.519
0.009 0.018 0.401 0.045 0.196 0.013 0.318
0.01 0.014 0.618 0.013 0.033 0.011 0.3
0.032 0.006 0.064 0.015 0.431 0.034 0.417
0.325 0.017 0.184 0.03 0.171 0.043 0.229
0.033 0.006 0.9 0.017 0.027 0.011 0.007
0.05 0.103 0.596 0.035 0.09 0.014 0.111
0.022 0.01 0.587 0.024 0.277 0.026 0.054
0.107 0.033 0.405 0.05 0.159 0.042 0.204
0.011 0.01 0.698 0.011 0.013 0.01 0.247
0.041 0.021 0.271 0.063 0.353 0.03 0.221
0.007 0.008 0.956 0.006 0.007 0.006 0.011
0.011 0.007 0.864 0.011 0.017 0.011 0.078
0.014 0.113 0.54 0.01 0.015 0.007 0.302
0.008 0.015 0.91 0.011 0.024 0.007 0.025
0.017 0.019 0.701 0.023 0.185 0.035 0.02
0.012 0.009 0.926 0.006 0.008 0.017 0.021
0.006 0.006 0.967 0.005 0.006 0.004 0.005
0.06 0.082 0.701 0.044 0.034 0.027 0.052
0.011 0.007 0.916 0.013 0.01 0.008 0.035
0.012 0.23 0.652 0.048 0.034 0.007 0.017
0.005 0.01 0.96 0.006 0.006 0.006 0.007
0.344 0.012 0.057 0.235 0.061 0.046 0.246
0.005 0.005 0.953 0.007 0.014 0.005 0.01
0.006 0.008 0.942 0.009 0.007 0.006 0.021
0.01 0.025 0.916 0.009 0.017 0.013 0.011
0.007 0.008 0.951 0.007 0.01 0.006 0.012
0.005 0.005 0.962 0.005 0.009 0.006 0.007
0.054 0.007 0.107 0.024 0.472 0.052 0.285
0.031 0.009 0.089 0.766 0.052 0.014 0.038
0.009 0.008 0.006 0.663 0.063 0.24 0.01
0.007 0.006 0.007 0.919 0.046 0.009 0.006
0.016 0.07 0.049 0.188 0.417 0.046 0.214
0.032 0.016 0.009 0.541 0.128 0.259 0.015
0.007 0.008 0.006 0.872 0.051 0.043 0.013
0.02 0.006 0.005 0.871 0.015 0.074 0.009
0.016 0.011 0.017 0.574 0.209 0.138 0.035
0.01 0.053 0.022 0.864 0.021 0.012 0.017
0.008 0.018 0.009 0.803 0.054 0.1 0.007
0.013 0.04 0.01 0.819 0.014 0.042 0.062
0.009 0.01 0.005 0.95 0.009 0.012 0.005
0.563 0.006 0.01 0.25 0.047 0.013 0.111
0.017 0.006 0.042 0.847 0.049 0.027 0.013
0.088 0.332 0.009 0.043 0.012 0.456 0.06
0.016 0.01 0.01 0.204 0.008 0.102 0.649
0.015 0.175 0.011 0.025 0.017 0.131 0.626
0.016 0.01 0.006 0.307 0.01 0.569 0.081
0.053 0.072 0.005 0.189 0.011 0.629 0.041
0.615 0.193 0.051 0.031 0.033 0.062 0.014
0.875 0.014 0.009 0.015 0.011 0.04 0.036
0.391 0.007 0.01 0.016 0.072 0.478 0.026
0.931 0.01 0.006 0.012 0.024 0.011 0.006
0.022 0.502 0.007 0.037 0.013 0.397 0.023
0.787 0.12 0.007 0.016 0.009 0.029 0.031
0.01 0.263 0.006 0.011 0.008 0.69 0.012
0.826 0.011 0.01 0.02 0.106 0.015 0.013
0.101 0.641 0.015 0.019 0.016 0.156 0.052
0.031 0.37 0.006 0.039 0.012 0.519 0.023
0.17 0.016 0.008 0.146 0.25 0.39 0.019
0.629 0.008 0.01 0.012 0.192 0.123 0.025
0.683 0.034 0.02 0.015 0.076 0.149 0.023
0.007 0.199 0.007 0.024 0.009 0.716 0.039
0.025 0.017 0.01 0.09 0.045 0.757 0.055
0.035 0.288 0.01 0.323 0.171 0.161 0.012
0.098 0.145 0.007 0.021 0.04 0.678 0.011
0.591 0.3 0.009 0.014 0.037 0.041 0.007
0.135 0.39 0.007 0.065 0.007 0.383 0.013
0.013 0.008 0.009 0.021 0.015 0.909 0.026
0.018 0.013 0.014 0.089 0.01 0.808 0.048
0.683 0.009 0.223 0.02 0.01 0.044 0.011
0.023 0.009 0.465 0.015 0.007 0.473 0.008
0.447 0.013 0.008 0.307 0.021 0.188 0.016
0.012 0.005 0.023 0.033 0.015 0.903 0.009
0.032 0.014 0.119 0.013 0.012 0.799 0.011
0.568 0.01 0.012 0.009 0.079 0.312 0.01
0.008 0.007 0.009 0.008 0.025 0.936 0.008
0.025 0.01 0.289 0.033 0.01 0.626 0.007
0.009 0.01 0.006 0.023 0.016 0.881 0.055
0.036 0.012 0.065 0.022 0.014 0.843 0.009
0.021 0.007 0.013 0.012 0.014 0.921 0.01
0.012 0.009 0.006 0.106 0.014 0.843 0.009
0.017 0.007 0.006 0.17 0.015 0.778 0.008
0.006 0.005 0.006 0.009 0.017 0.945 0.013
0.005 0.005 0.006 0.006 0.017 0.955 0.006
0.008 0.009 0.014 0.01 0.017 0.93 0.011
0.021 0.009 0.006 0.011 0.015 0.921 0.017
0.029 0.007 0.015 0.016 0.046 0.866 0.02
0.014 0.006 0.009 0.015 0.015 0.931 0.009
0.007 0.006 0.014 0.013 0.024 0.93 0.006
0.06 0.023 0.029 0.088 0.033 0.665 0.101
0.012 0.044 0.005 0.017 0.007 0.876 0.039
0.008 0.005 0.018 0.033 0.019 0.892 0.024
0.238 0.005 0.011 0.019 0.011 0.696 0.02
0.261 0.008 0.034 0.026 0.008 0.657 0.007
0.601 0.007 0.009 0.032 0.02 0.297 0.033
0.017 0.007 0.008 0.05 0.021 0.888 0.01
0.022 0.012 0.011 0.012 0.019 0.91 0.015
0.03 0.009 0.018 0.015 0.158 0.721 0.048
0.046 0.006 0.006 0.036 0.069 0.822 0.016
0.012 0.006 0.013 0.01 0.007 0.943 0.009
0.012 0.006 0.013 0.01 0.007 0.943 0.009
0.012 0.006 0.013 0.01 0.007 0.944 0.009
0.013 0.006 0.048 0.063 0.013 0.85 0.008
0.007 0.007 0.015 0.008 0.008 0.949 0.006
0.897 0.008 0.013 0.021 0.011 0.039 0.011
0.013 0.006 0.007 0.01 0.009 0.946 0.008
0.382 0.238 0.048 0.047 0.018 0.07 0.197
0.062 0.015 0.017 0.016 0.048 0.815 0.027
0.051 0.007 0.018 0.041 0.019 0.847 0.016
0.029 0.015 0.126 0.019 0.012 0.784 0.014
0.652 0.036 0.039 0.037 0.012 0.147 0.077
0.008 0.005 0.016 0.012 0.007 0.945 0.008
0.113 0.191 0.011 0.081 0.016 0.313 0.275
0.008 0.006 0.016 0.012 0.007 0.943 0.008
0.041 0.009 0.01 0.081 0.61 0.145 0.104
0.019 0.015 0.425 0.226 0.098 0.192 0.025
0.191 0.008 0.041 0.13 0.4 0.185 0.044
0.041 0.029 0.229 0.02 0.575 0.092 0.014
0.028 0.025 0.02 0.178 0.697 0.039 0.013
0.012 0.037 0.007 0.026 0.884 0.027 0.008
0.021 0.105 0.028 0.192 0.489 0.024 0.142
0.047 0.06 0.012 0.184 0.555 0.043 0.098
0.098 0.011 0.314 0.221 0.305 0.037 0.014
0.034 0.017 0.018 0.03 0.866 0.025 0.011
0.106 0.01 0.317 0.031 0.351 0.172 0.012
0.5 0.014 0.017 0.139 0.264 0.016 0.05
0.288 0.012 0.019 0.051 0.504 0.008 0.117
0.034 0.009 0.08 0.025 0.065 0.007 0.779
0.012 0.012 0.023 0.018 0.37 0.055 0.51
0.201 0.016 0.008 0.03 0.042 0.008 0.694
0.034 0.018 0.017 0.065 0.647 0.183 0.036
0.009 0.011 0.018 0.008 0.013 0.007 0.934
0.016 0.009 0.688 0.021 0.024 0.011 0.231
0.235 0.012 0.269 0.016 0.172 0.014 0.282
0.014 0.01 0.076 0.016 0.057 0.012 0.814
0.022 0.015 0.01 0.054 0.368 0.012 0.519
0.069 0.006 0.226 0.021 0.363 0.011 0.304
0.199 0.011 0.693 0.007 0.035 0.006 0.049
0.029 0.013 0.008 0.884 0.039 0.01 0.018
