0.006 0.009 0.013 0.01 0.605 0.007 0.007 0.006 0.32 0.009 0.009
0.01 0.02 0.013 0.009 0.875 0.005 0.015 0.026 0.008 0.008 0.012
0.045 0.011 0.03 0.008 0.82 0.005 0.005 0.017 0.018 0.032 0.008
0.005 0.022 0.006 0.005 0.682 0.011 0.036 0.005 0.005 0.08 0.144
0.01 0.025 0.053 0.015 0.641 0.005 0.011 0.019 0.174 0.039 0.007
0.011 0.008 0.022 0.007 0.747 0.006 0.019 0.042 0.018 0.114 0.005
0.037 0.525 0.26 0.008 0.053 0.006 0.011 0.065 0.013 0.013 0.01
0.008 0.022 0.102 0.178 0.604 0.004 0.046 0.011 0.011 0.007 0.008
0.028 0.059 0.006 0.013 0.224 0.006 0.43 0.011 0.005 0.209 0.008
0.018 0.009 0.008 0.005 0.522 0.006 0.364 0.013 0.005 0.046 0.004
0.006 0.018 0.007 0.006 0.705 0.005 0.04 0.014 0.172 0.021 0.005
0.008 0.008 0.014 0.005 0.594 0.005 0.007 0.007 0.334 0.006 0.012
0.006 0.007 0.005 0.005 0.917 0.009 0.014 0.006 0.004 0.022 0.005
0.007 0.027 0.365 0.078 0.198 0.007 0.015 0.281 0.007 0.009 0.006
0.011 0.12 0.08 0.021 0.484 0.024 0.195 0.023 0.012 0.011 0.02
0.006 0.028 0.005 0.006 0.9 0.014 0.011 0.007 0.008 0.01 0.006
0.013 0.035 0.022 0.009 0.27 0.031 0.56 0.026 0.013 0.015 0.006
0.027 0.01 0.005 0.019 0.772 0.005 0.049 0.059 0.023 0.027 0.005
0.014 0.47 0.005 0.004 0.329 0.049 0.013 0.01 0.011 0.091 0.005
0.02 0.057 0.686 0.01 0.027 0.015 0.048 0.01 0.044 0.073 0.011
0.02 0.502 0.006 0.03 0.09 0.016 0.075 0.171 0.007 0.076 0.007
0.015 0.006 0.01 0.006 0.896 0.016 0.01 0.006 0.015 0.016 0.005
0.018 0.055 0.023 0.014 0.408 0.046 0.045 0.032 0.332 0.015 0.01
0.006 0.005 0.006 0.004 0.936 0.007 0.01 0.012 0.004 0.005 0.004
0.014 0.006 0.09 0.157 0.013 0.171 0.01 0.026 0.453 0.034 0.027
0.004 0.004 0.042 0.113 0.004 0.604 0.003 0.005 0.213 0.004 0.004
0.008 0.017 0.024 0.011 0.006 0.407 0.005 0.005 0.097 0.035 0.384
0.015 0.011 0.101 0.15 0.024 0.569 0.054 0.008 0.014 0.047 0.006
0.027 0.01 0.007 0.007 0.075 0.827 0.012 0.012 0.007 0.008 0.008
0.007 0.005 0.074 0.045 0.006 0.826 0.004 0.007 0.008 0.013 0.006
0.004 0.003 0.004 0.003 0.005 0.963 0.003 0.004 0.004 0.003 0.004
0.006 0.005 0.022 0.005 0.007 0.925 0.005 0.007 0.005 0.005 0.009
0.027 0.006 0.06 0.322 0.015 0.475 0.008 0.036 0.01 0.034 0.007
0.013 0.005 0.006 0.02 0.009 0.842 0.009 0.019 0.054 0.012 0.009
0.162 0.026 0.023 0.027 0.025 0.474 0.035 0.034 0.128 0.03 0.036
0.021 0.008 0.698 0.009 0.026 0.021 0.011 0.008 0.08 0.093 0.025
0.004 0.003 0.004 0.003 0.004 0.009 0.003 0.003 0.96 0.004 0.004
0.034 0.007 0.005 0.005 0.007 0.885 0.006 0.008 0.006 0.026 0.011
0.018 0.013 0.024 0.008 0.039 0.048 0.113 0.012 0.693 0.008 0.025
0.007 0.006 0.007 0.005 0.008 0.929 0.007 0.011 0.007 0.008 0.005
0.02 0.4 0.021 0.009 0.055 0.406 0.015 0.015 0.018 0.031 0.009
0.008 0.006 0.046 0.005 0.037 0.169 0.004 0.004 0.396 0.32 0.006
0.01 0.005 0.065 0.006 0.007 0.594 0.01 0.012 0.032 0.007 0.253
0.005 0.01 0.005 0.005 0.006 0.933 0.012 0.005 0.006 0.01 0.004
0.007 0.025 0.055 0.004 0.013 0.771 0.019 0.005 0.015 0.078 0.007
0.005 0.011 0.005 0.005 0.006 0.932 0.012 0.005 0.006 0.01 0.004
0.004 0.003 0.004 0.003 0.004 0.009 0.003 0.003 0.96 0.004 0.004
0.004 0.003 0.004 0.003 0.004 0.008 0.003 0.003 0.96 0.004 0.003
0.922 0.006 0.003 0.01 0.005 0.008 0.013 0.011 0.003 0.007 0.01
0.082 0.011 0.004 0.179 0.03 0.006 0.119 0.167 0.004 0.387 0.011
0.187 0.016 0.015 0.066 0.006 0.028 0.01 0.304 0.306 0.024 0.038
0.068 0.01 0.005 0.83 0.04 0.009 0.006 0.008 0.004 0.007 0.015
0.037 0.024 0.006 0.018 0.005 0.005 0.022 0.012 0.016 0.009 0.848
0.285 0.009 0.004 0.623 0.008 0.009 0.028 0.008 0.009 0.008 0.009
0.112 0.007 0.006 0.503 0.011 0.005 0.023 0.013 0.303 0.01 0.007
0.016 0.006 0.01 0.9 0.008 0.005 0.011 0.005 0.008 0.015 0.014
0.02 0.006 0.01 0.892 0.009 0.005 0.011 0.006 0.008 0.017 0.015
0.745 0.012 0.006 0.006 0.024 0.006 0.101 0.019 0.007 0.02 0.054
0.115 0.006 0.004 0.084 0.059 0.018 0.028 0.285 0.004 0.014 0.384
0.892 0.008 0.006 0.009 0.024 0.011 0.006 0.011 0.009 0.015 0.01
0.027 0.008 0.006 0.908 0.01 0.007 0.005 0.013 0.003 0.005 0.007
0.063 0.01 0.01 0.144 0.022 0.006 0.059 0.09 0.48 0.012 0.104
0.213 0.021 0.005 0.086 0.007 0.014 0.559 0.039 0.005 0.044 0.007
0.507 0.019 0.021 0.385 0.006 0.007 0.018 0.006 0.011 0.008 0.011
0.339 0.014 0.04 0.488 0.007 0.01 0.005 0.009 0.005 0.032 0.051
0.007 0.006 0.004 0.007 0.007 0.007 0.008 0.005 0.004 0.008 0.937
0.017 0.004 0.004 0.006 0.009 0.003 0.005 0.004 0.004 0.005 0.937
0.004 0.004 0.003 0.004 0.003 0.004 0.004 0.003 0.004 0.004 0.963
0.005 0.008 0.004 0.004 0.004 0.004 0.004 0.003 0.004 0.004 0.956
0.691 0.004 0.005 0.014 0.01 0.003 0.031 0.195 0.004 0.004 0.038
0.72 0.012 0.009 0.115 0.009 0.006 0.042 0.028 0.031 0.017 0.012
0.391 0.059 0.006 0.014 0.08 0.006 0.009 0.019 0.006 0.019 0.392
0.017 0.006 0.122 0.419 0.133 0.024 0.008 0.047 0.012 0.204 0.008
0.006 0.005 0.03 0.005 0.011 0.01 0.01 0.085 0.007 0.826 0.005
0.032 0.012 0.025 0.019 0.026 0.016 0.026 0.066 0.019 0.751 0.009
0.059 0.029 0.026 0.017 0.019 0.011 0.144 0.034 0.006 0.648 0.007
0.539 0.062 0.015 0.032 0.039 0.004 0.026 0.239 0.008 0.019 0.017
0.065 0.132 0.011 0.059 0.12 0.009 0.011 0.011 0.503 0.021 0.059
0.149 0.01 0.009 0.01 0.149 0.023 0.252 0.034 0.007 0.306 0.051
0.451 0.08 0.013 0.022 0.054 0.157 0.009 0.007 0.006 0.087 0.114
0.25 0.009 0.015 0.01 0.048 0.009 0.006 0.015 0.006 0.616 0.016
0.004 0.008 0.004 0.003 0.004 0.005 0.005 0.003 0.005 0.955 0.004
0.006 0.007 0.168 0.006 0.011 0.005 0.004 0.046 0.013 0.727 0.007
0.035 0.022 0.053 0.006 0.085 0.012 0.027 0.024 0.037 0.687 0.01
0.009 0.006 0.018 0.005 0.012 0.008 0.016 0.006 0.006 0.866 0.048
0.394 0.007 0.013 0.007 0.039 0.014 0.023 0.042 0.401 0.042 0.018
0.097 0.008 0.022 0.013 0.015 0.031 0.032 0.034 0.622 0.118 0.008
0.009 0.008 0.006 0.005 0.006 0.005 0.004 0.004 0.014 0.936 0.004
0.184 0.023 0.046 0.035 0.028 0.03 0.437 0.039 0.015 0.158 0.006
0.138 0.007 0.039 0.022 0.024 0.01 0.007 0.013 0.104 0.039 0.597
0.012 0.005 0.007 0.005 0.028 0.01 0.028 0.011 0.004 0.881 0.009
0.062 0.007 0.008 0.005 0.006 0.005 0.02 0.008 0.006 0.866 0.008
0.105 0.011 0.419 0.06 0.012 0.012 0.042 0.011 0.008 0.302 0.016
0.01 0.008 0.009 0.005 0.007 0.006 0.006 0.004 0.012 0.921 0.012
0.012 0.051 0.008 0.011 0.129 0.009 0.044 0.006 0.009 0.706 0.016
0.013 0.007 0.009 0.005 0.023 0.029 0.013 0.014 0.005 0.871 0.01
0.552 0.011 0.094 0.007 0.006 0.028 0.013 0.123 0.009 0.152 0.007
0.491 0.009 0.126 0.008 0.021 0.024 0.018 0.227 0.011 0.025 0.041
0.621 0.009 0.01 0.008 0.014 0.005 0.005 0.283 0.03 0.006 0.01
0.872 0.005 0.007 0.007 0.007 0.005 0.007 0.044 0.008 0.027 0.011
0.015 0.012 0.051 0.007 0.007 0.006 0.01 0.016 0.044 0.009 0.824
0.79 0.012 0.033 0.009 0.011 0.012 0.01 0.013 0.034 0.023 0.053
0.495 0.006 0.009 0.005 0.012 0.023 0.005 0.41 0.011 0.007 0.017
0.445 0.255 0.01 0.005 0.016 0.007 0.008 0.2 0.03 0.017 0.007
0.049 0.011 0.007 0.008 0.014 0.009 0.013 0.011 0.019 0.828 0.033
0.835 0.032 0.012 0.017 0.007 0.025 0.009 0.006 0.005 0.038 0.015
0.66 0.028 0.016 0.012 0.012 0.009 0.005 0.009 0.195 0.047 0.007
0.014 0.008 0.017 0.015 0.018 0.107 0.157 0.305 0.314 0.027 0.019
0.03 0.073 0.007 0.015 0.014 0.018 0.04 0.019 0.006 0.769 0.01
0.31 0.017 0.045 0.006 0.035 0.01 0.022 0.35 0.009 0.132 0.064
0.59 0.078 0.017 0.01 0.108 0.053 0.006 0.031 0.015 0.056 0.036
0.051 0.006 0.02 0.007 0.019 0.03 0.008 0.047 0.065 0.045 0.702
0.309 0.032 0.015 0.008 0.01 0.011 0.03 0.023 0.006 0.545 0.012
0.71 0.028 0.01 0.013 0.039 0.02 0.021 0.071 0.01 0.065 0.012
0.266 0.009 0.453 0.035 0.034 0.005 0.011 0.032 0.026 0.11 0.019
0.318 0.017 0.015 0.011 0.076 0.014 0.049 0.101 0.072 0.018 0.308
0.374 0.026 0.215 0.134 0.015 0.017 0.025 0.031 0.135 0.014 0.015
0.668 0.008 0.012 0.005 0.019 0.019 0.008 0.007 0.04 0.17 0.044
0.02 0.028 0.006 0.007 0.006 0.019 0.016 0.006 0.008 0.874 0.009
0.335 0.017 0.006 0.009 0.018 0.012 0.02 0.011 0.013 0.546 0.012
0.088 0.006 0.524 0.076 0.012 0.027 0.026 0.148 0.008 0.064 0.021
0.03 0.006 0.57 0.008 0.019 0.069 0.011 0.173 0.009 0.046 0.062
0.013 0.005 0.346 0.131 0.023 0.134 0.016 0.306 0.008 0.01 0.008
0.017 0.016 0.099 0.009 0.186 0.101 0.064 0.376 0.007 0.113 0.013
0.009 0.006 0.008 0.016 0.917 0.01 0.007 0.007 0.004 0.01 0.007
0.014 0.007 0.099 0.006 0.676 0.011 0.007 0.019 0.005 0.15 0.007
0.031 0.006 0.471 0.061 0.164 0.021 0.017 0.065 0.042 0.017 0.105
0.208 0.007 0.171 0.056 0.194 0.007 0.016 0.018 0.296 0.018 0.01
0.015 0.018 0.04 0.005 0.727 0.011 0.018 0.01 0.013 0.11 0.033
0.574 0.01 0.05 0.011 0.1 0.023 0.023 0.163 0.005 0.024 0.017
0.009 0.006 0.067 0.018 0.237 0.015 0.008 0.014 0.007 0.615 0.004
0.013 0.007 0.772 0.023 0.05 0.011 0.004 0.005 0.01 0.095 0.011
0.005 0.004 0.021 0.004 0.931 0.008 0.006 0.004 0.005 0.008 0.003
0.059 0.005 0.814 0.009 0.023 0.017 0.007 0.041 0.009 0.007 0.01
0.036 0.006 0.25 0.01 0.583 0.021 0.026 0.013 0.022 0.018 0.013
0.009 0.007 0.067 0.007 0.867 0.011 0.006 0.006 0.007 0.007 0.005
0.022 0.005 0.01 0.011 0.689 0.012 0.008 0.026 0.191 0.013 0.012
0.015 0.007 0.03 0.007 0.894 0.008 0.005 0.009 0.009 0.007 0.008
0.017 0.005 0.005 0.007 0.917 0.012 0.007 0.009 0.008 0.008 0.006
0.016 0.044 0.009 0.006 0.791 0.013 0.016 0.005 0.011 0.078 0.01
0.038 0.008 0.379 0.012 0.444 0.012 0.01 0.011 0.021 0.061 0.006
0.012 0.007 0.68 0.006 0.217 0.014 0.007 0.026 0.006 0.018 0.008
0.011 0.036 0.042 0.007 0.666 0.008 0.019 0.062 0.004 0.127 0.019
0.023 0.026 0.101 0.017 0.418 0.018 0.022 0.017 0.008 0.045 0.304
0.012 0.018 0.863 0.02 0.005 0.004 0.008 0.006 0.015 0.023 0.025
0.015 0.073 0.436 0.021 0.015 0.01 0.012 0.009 0.352 0.048 0.009
0.027 0.044 0.612 0.015 0.033 0.027 0.034 0.005 0.016 0.168 0.019
0.049 0.134 0.318 0.031 0.147 0.021 0.028 0.043 0.081 0.109 0.039
0.007 0.006 0.711 0.004 0.224 0.006 0.006 0.013 0.007 0.008 0.007
0.07 0.035 0.309 0.012 0.276 0.049 0.017 0.038 0.006 0.164 0.025
0.004 0.005 0.95 0.005 0.006 0.006 0.004 0.004 0.006 0.005 0.004
0.009 0.012 0.894 0.01 0.03 0.007 0.006 0.006 0.011 0.012 0.004
0.006 0.01 0.501 0.018 0.05 0.029 0.005 0.004 0.352 0.018 0.009
0.007 0.005 0.898 0.01 0.02 0.018 0.006 0.004 0.007 0.018 0.006
0.028 0.04 0.737 0.006 0.019 0.027 0.04 0.007 0.007 0.08 0.007
0.005 0.01 0.92 0.005 0.009 0.011 0.014 0.011 0.005 0.006 0.004
0.004 0.004 0.96 0.004 0.004 0.004 0.003 0.003 0.006 0.005 0.004
0.032 0.028 0.474 0.029 0.032 0.02 0.021 0.023 0.281 0.026 0.036
0.009 0.008 0.908 0.014 0.021 0.008 0.005 0.005 0.005 0.007 0.01
0.021 0.006 0.56 0.008 0.008 0.013 0.006 0.005 0.354 0.012 0.008
0.004 0.004 0.948 0.006 0.006 0.008 0.004 0.004 0.008 0.005 0.003
0.088 0.08 0.103 0.011 0.186 0.009 0.214 0.013 0.037 0.048 0.211
0.005 0.006 0.934 0.007 0.006 0.003 0.004 0.004 0.013 0.013 0.004
0.007 0.005 0.941 0.004 0.01 0.011 0.004 0.004 0.004 0.005 0.004
0.007 0.008 0.888 0.007 0.006 0.018 0.01 0.021 0.016 0.015 0.004
0.006 0.006 0.936 0.009 0.009 0.007 0.004 0.006 0.005 0.008 0.005
0.004 0.004 0.956 0.004 0.004 0.004 0.004 0.007 0.004 0.006 0.003
0.018 0.206 0.123 0.009 0.278 0.007 0.025 0.015 0.007 0.303 0.008
0.699 0.025 0.049 0.014 0.01 0.004 0.008 0.023 0.125 0.033 0.01
0.807 0.007 0.004 0.032 0.009 0.008 0.074 0.021 0.004 0.025 0.008
0.946 0.004 0.005 0.006 0.004 0.006 0.007 0.007 0.004 0.008 0.004
0.094 0.012 0.017 0.045 0.177 0.007 0.027 0.031 0.239 0.344 0.007
0.19 0.009 0.007 0.012 0.011 0.018 0.585 0.017 0.013 0.118 0.02
0.884 0.011 0.004 0.007 0.008 0.005 0.019 0.017 0.02 0.022 0.004
0.824 0.013 0.004 0.047 0.006 0.004 0.027 0.045 0.005 0.012 0.012
0.744 0.02 0.009 0.018 0.02 0.014 0.092 0.009 0.008 0.058 0.009
0.829 0.008 0.013 0.024 0.013 0.015 0.011 0.009 0.059 0.013 0.006
0.8 0.009 0.006 0.022 0.005 0.024 0.08 0.011 0.007 0.029 0.007
0.82 0.014 0.007 0.013 0.03 0.019 0.031 0.025 0.027 0.008 0.006
0.921 0.008 0.004 0.019 0.004 0.006 0.01 0.011 0.005 0.006 0.006
0.262 0.423 0.01 0.026 0.024 0.011 0.021 0.006 0.019 0.103 0.093
0.427 0.011 0.018 0.376 0.011 0.006 0.009 0.009 0.007 0.105 0.022
0.061 0.048 0.007 0.028 0.032 0.037 0.046 0.713 0.011 0.009 0.008
0.018 0.01 0.008 0.229 0.488 0.006 0.036 0.184 0.01 0.006 0.006
0.009 0.015 0.012 0.01 0.114 0.005 0.101 0.301 0.407 0.018 0.007
0.15 0.049 0.005 0.183 0.065 0.011 0.32 0.197 0.007 0.008 0.005
0.082 0.014 0.003 0.038 0.013 0.008 0.103 0.685 0.039 0.008 0.006
0.018 0.037 0.024 0.078 0.008 0.029 0.01 0.418 0.008 0.025 0.345
0.005 0.943 0.005 0.005 0.007 0.004 0.006 0.005 0.009 0.005 0.005
0.006 0.939 0.004 0.006 0.007 0.004 0.012 0.005 0.004 0.008 0.005
0.008 0.736 0.004 0.01 0.004 0.009 0.005 0.006 0.004 0.009 0.204
0.008 0.009 0.004 0.005 0.006 0.015 0.027 0.875 0.033 0.01 0.008
0.009 0.578 0.006 0.008 0.008 0.006 0.009 0.262 0.092 0.006 0.016
0.009 0.023 0.004 0.007 0.011 0.033 0.078 0.818 0.003 0.01 0.004
0.008 0.921 0.006 0.006 0.006 0.005 0.005 0.012 0.004 0.022 0.005
0.007 0.035 0.005 0.009 0.007 0.009 0.006 0.561 0.347 0.006 0.006
0.012 0.014 0.004 0.023 0.006 0.007 0.021 0.844 0.05 0.009 0.009
0.132 0.689 0.005 0.015 0.013 0.012 0.026 0.033 0.024 0.045 0.005
0.005 0.94 0.005 0.004 0.008 0.004 0.01 0.005 0.004 0.01 0.005
0.01 0.745 0.011 0.013 0.008 0.012 0.01 0.153 0.006 0.025 0.006
0.016 0.004 0.005 0.021 0.016 0.014 0.021 0.884 0.006 0.008 0.004
0.058 0.07 0.007 0.007 0.035 0.006 0.282 0.477 0.013 0.035 0.009
0.092 0.231 0.007 0.012 0.008 0.034 0.025 0.496 0.01 0.082 0.005
0.011 0.469 0.004 0.035 0.011 0.021 0.255 0.133 0.034 0.017 0.01
0.009 0.58 0.007 0.01 0.005 0.165 0.013 0.157 0.028 0.007 0.021
0.011 0.017 0.006 0.018 0.007 0.015 0.009 0.887 0.007 0.004 0.02
0.018 0.043 0.006 0.075 0.02 0.006 0.764 0.038 0.011 0.011 0.008
0.089 0.012 0.01 0.013 0.033 0.023 0.766 0.038 0.003 0.005 0.007
0.007 0.478 0.074 0.325 0.01 0.009 0.015 0.008 0.017 0.011 0.046
0.005 0.017 0.029 0.874 0.006 0.004 0.013 0.005 0.033 0.005 0.008
0.231 0.029 0.007 0.232 0.015 0.008 0.159 0.047 0.018 0.017 0.239
0.028 0.011 0.016 0.012 0.006 0.005 0.898 0.006 0.004 0.007 0.006
0.006 0.022 0.025 0.544 0.009 0.006 0.35 0.005 0.015 0.009 0.01
0.006 0.02 0.009 0.014 0.007 0.006 0.476 0.007 0.008 0.025 0.422
0.004 0.005 0.005 0.005 0.004 0.005 0.947 0.005 0.006 0.008 0.005
0.016 0.018 0.016 0.852 0.006 0.007 0.035 0.019 0.01 0.009 0.013
0.016 0.009 0.004 0.098 0.041 0.008 0.751 0.048 0.008 0.011 0.007
0.021 0.022 0.017 0.607 0.01 0.013 0.114 0.109 0.005 0.019 0.062
0.009 0.044 0.009 0.011 0.005 0.01 0.705 0.181 0.004 0.01 0.011
0.01 0.005 0.004 0.013 0.006 0.004 0.902 0.034 0.004 0.01 0.007
0.039 0.008 0.004 0.01 0.005 0.005 0.87 0.034 0.004 0.012 0.009
0.006 0.004 0.004 0.014 0.01 0.003 0.937 0.008 0.003 0.006 0.004
0.004 0.004 0.004 0.007 0.004 0.004 0.954 0.005 0.005 0.006 0.004
0.005 0.007 0.007 0.008 0.008 0.005 0.93 0.009 0.008 0.007 0.005
0.007 0.026 0.004 0.007 0.013 0.007 0.909 0.008 0.005 0.007 0.008
0.009 0.013 0.008 0.007 0.008 0.005 0.901 0.006 0.014 0.014 0.014
0.009 0.01 0.005 0.007 0.006 0.006 0.932 0.008 0.004 0.007 0.006
0.011 0.005 0.008 0.009 0.004 0.004 0.923 0.016 0.004 0.011 0.005
0.084 0.031 0.022 0.022 0.039 0.058 0.426 0.272 0.006 0.021 0.02
0.008 0.01 0.004 0.039 0.005 0.006 0.554 0.254 0.106 0.006 0.009
0.015 0.006 0.009 0.016 0.006 0.004 0.01 0.92 0.003 0.007 0.004
0.013 0.012 0.006 0.016 0.007 0.004 0.011 0.747 0.003 0.005 0.176
0.018 0.022 0.019 0.463 0.006 0.005 0.03 0.199 0.008 0.008 0.221
0.027 0.142 0.008 0.019 0.027 0.007 0.31 0.098 0.007 0.017 0.338
0.079 0.007 0.006 0.025 0.008 0.006 0.685 0.136 0.007 0.02 0.022
0.01 0.013 0.009 0.007 0.012 0.004 0.858 0.053 0.013 0.01 0.01
0.009 0.041 0.015 0.014 0.037 0.011 0.774 0.015 0.006 0.057 0.021
0.05 0.035 0.005 0.01 0.013 0.005 0.802 0.038 0.004 0.022 0.016
0.005 0.009 0.004 0.945 0.006 0.004 0.007 0.008 0.004 0.004 0.004
0.005 0.009 0.004 0.945 0.006 0.004 0.007 0.007 0.004 0.004 0.004
0.005 0.009 0.004 0.945 0.006 0.004 0.008 0.007 0.004 0.004 0.004
0.057 0.009 0.014 0.66 0.01 0.007 0.1 0.119 0.005 0.012 0.007
0.007 0.01 0.012 0.475 0.006 0.012 0.397 0.063 0.004 0.01 0.005
0.006 0.027 0.009 0.309 0.01 0.008 0.021 0.015 0.005 0.009 0.581
0.017 0.026 0.008 0.027 0.007 0.01 0.718 0.161 0.004 0.01 0.013
0.015 0.011 0.013 0.017 0.013 0.01 0.072 0.147 0.447 0.009 0.244
0.018 0.395 0.009 0.019 0.023 0.011 0.466 0.021 0.008 0.018 0.013
0.072 0.08 0.02 0.075 0.018 0.007 0.652 0.029 0.008 0.016 0.024
0.01 0.028 0.02 0.855 0.012 0.011 0.014 0.026 0.008 0.008 0.008
0.053 0.484 0.055 0.062 0.025 0.034 0.071 0.147 0.025 0.008 0.036
0.008 0.008 0.006 0.845 0.006 0.005 0.022 0.088 0.003 0.004 0.005
0.009 0.279 0.006 0.038 0.008 0.004 0.076 0.083 0.483 0.008 0.007
0.009 0.008 0.006 0.847 0.006 0.004 0.02 0.088 0.003 0.005 0.005
0.05 0.027 0.007 0.093 0.178 0.006 0.148 0.018 0.01 0.448 0.014
0.016 0.008 0.029 0.803 0.034 0.018 0.01 0.009 0.032 0.036 0.005
0.097 0.589 0.036 0.015 0.025 0.008 0.078 0.021 0.008 0.104 0.019
0.012 0.118 0.107 0.178 0.011 0.049 0.027 0.009 0.013 0.463 0.014
0.373 0.024 0.018 0.008 0.011 0.032 0.077 0.01 0.021 0.41 0.014
0.02 0.033 0.005 0.01 0.007 0.029 0.045 0.008 0.013 0.826 0.004
0.138 0.017 0.016 0.009 0.042 0.023 0.122 0.007 0.345 0.266 0.015
0.077 0.01 0.007 0.063 0.044 0.018 0.024 0.032 0.132 0.579 0.014
0.1 0.107 0.107 0.337 0.017 0.018 0.009 0.007 0.005 0.274 0.018
0.022 0.147 0.011 0.048 0.015 0.013 0.014 0.01 0.009 0.696 0.013
0.014 0.326 0.175 0.205 0.009 0.009 0.058 0.009 0.019 0.156 0.02
0.109 0.487 0.017 0.011 0.013 0.069 0.011 0.006 0.012 0.238 0.028
0.041 0.284 0.018 0.006 0.081 0.021 0.006 0.005 0.006 0.519 0.012
0.018 0.044 0.033 0.007 0.85 0.006 0.004 0.006 0.006 0.016 0.01
0.026 0.007 0.009 0.006 0.806 0.008 0.043 0.009 0.006 0.059 0.021
0.011 0.005 0.005 0.007 0.709 0.018 0.007 0.007 0.004 0.011 0.216
0.056 0.013 0.014 0.021 0.039 0.015 0.494 0.007 0.023 0.241 0.076
0.005 0.006 0.01 0.006 0.932 0.015 0.004 0.004 0.004 0.007 0.007
0.015 0.021 0.691 0.013 0.21 0.009 0.007 0.007 0.006 0.013 0.009
0.009 0.007 0.251 0.048 0.315 0.023 0.007 0.005 0.005 0.091 0.238
0.009 0.005 0.026 0.008 0.906 0.005 0.004 0.008 0.011 0.007 0.012
0.039 0.009 0.007 0.007 0.818 0.021 0.009 0.006 0.006 0.041 0.038
0.01 0.016 0.201 0.043 0.469 0.005 0.005 0.007 0.005 0.143 0.096
0.006 0.007 0.709 0.007 0.039 0.004 0.005 0.005 0.024 0.027 0.168
0.867 0.038 0.005 0.01 0.018 0.007 0.007 0.013 0.007 0.014 0.015
