0.024 0.012 0.014 0.019 0.01 0.921
0.007 0.019 0.031 0.013 0.012 0.918
0.008 0.011 0.019 0.101 0.059 0.803
0.009 0.016 0.141 0.008 0.01 0.817
0.013 0.014 0.018 0.041 0.017 0.897
0.016 0.019 0.016 0.026 0.012 0.912
0.01 0.014 0.615 0.202 0.025 0.135
0.006 0.123 0.016 0.161 0.01 0.686
0.006 0.369 0.019 0.01 0.102 0.493
0.008 0.18 0.009 0.01 0.075 0.718
0.015 0.022 0.013 0.01 0.019 0.921
0.016 0.008 0.025 0.018 0.012 0.923
0.008 0.013 0.009 0.007 0.009 0.954
0.014 0.184 0.038 0.466 0.013 0.285
0.021 0.183 0.062 0.085 0.014 0.636
0.014 0.012 0.016 0.008 0.009 0.941
0.032 0.45 0.017 0.026 0.019 0.456
0.017 0.076 0.021 0.007 0.025 0.854
0.019 0.011 0.254 0.008 0.052 0.656
0.016 0.038 0.031 0.796 0.043 0.075
0.008 0.098 0.325 0.01 0.067 0.492
0.017 0.009 0.008 0.01 0.02 0.936
0.121 0.035 0.033 0.017 0.033 0.762
0.008 0.012 0.007 0.01 0.008 0.954
0.684 0.041 0.026 0.173 0.056 0.02
0.853 0.018 0.007 0.109 0.008 0.006
0.506 0.009 0.41 0.025 0.035 0.014
0.439 0.14 0.012 0.205 0.158 0.047
0.831 0.019 0.026 0.011 0.019 0.094
0.835 0.011 0.009 0.127 0.01 0.008
0.971 0.004 0.005 0.007 0.005 0.008
0.898 0.009 0.017 0.05 0.011 0.015
0.557 0.097 0.013 0.188 0.122 0.022
0.944 0.012 0.011 0.009 0.013 0.011
0.652 0.068 0.042 0.042 0.164 0.032
0.04 0.01 0.017 0.87 0.034 0.029
0.967 0.004 0.006 0.009 0.007 0.006
0.866 0.007 0.024 0.008 0.083 0.012
0.749 0.067 0.081 0.024 0.012 0.066
0.958 0.007 0.007 0.01 0.008 0.01
0.343 0.015 0.346 0.023 0.044 0.229
0.586 0.006 0.01 0.051 0.058 0.289
0.598 0.012 0.287 0.073 0.014 0.016
0.906 0.041 0.01 0.008 0.018 0.017
0.819 0.037 0.013 0.057 0.033 0.041
0.906 0.04 0.01 0.009 0.018 0.017
0.967 0.004 0.006 0.009 0.007 0.006
0.967 0.004 0.007 0.009 0.007 0.006
0.01 0.039 0.031 0.005 0.904 0.011
0.006 0.481 0.02 0.005 0.274 0.213
0.249 0.024 0.344 0.024 0.351 0.009
0.007 0.468 0.089 0.01 0.376 0.05
0.007 0.021 0.928 0.008 0.028 0.007
0.014 0.447 0.032 0.007 0.49 0.011
0.066 0.169 0.142 0.016 0.516 0.091
0.01 0.557 0.037 0.071 0.306 0.018
0.01 0.549 0.038 0.066 0.319 0.019
0.009 0.084 0.112 0.009 0.758 0.027
0.023 0.187 0.45 0.007 0.241 0.092
0.017 0.012 0.045 0.008 0.871 0.046
0.009 0.671 0.043 0.117 0.146 0.013
0.119 0.121 0.372 0.018 0.246 0.123
0.01 0.844 0.013 0.008 0.115 0.01
0.01 0.182 0.025 0.05 0.724 0.009
0.008 0.058 0.048 0.273 0.604 0.009
0.008 0.013 0.94 0.008 0.015 0.017
0.007 0.011 0.907 0.006 0.054 0.016
0.007 0.007 0.969 0.005 0.008 0.005
0.006 0.007 0.968 0.006 0.008 0.005
0.007 0.171 0.514 0.008 0.282 0.018
0.026 0.231 0.065 0.013 0.65 0.015
0.009 0.013 0.436 0.009 0.444 0.089
0.026 0.114 0.019 0.657 0.052 0.131
0.025 0.016 0.011 0.787 0.063 0.098
0.035 0.237 0.014 0.136 0.529 0.048
0.014 0.349 0.014 0.053 0.527 0.043
0.006 0.199 0.452 0.019 0.244 0.08
0.086 0.015 0.388 0.02 0.146 0.345
0.016 0.092 0.109 0.022 0.606 0.155
0.021 0.013 0.164 0.017 0.735 0.049
0.013 0.012 0.018 0.028 0.681 0.248
0.015 0.013 0.013 0.071 0.765 0.123
0.007 0.009 0.016 0.864 0.029 0.076
0.054 0.022 0.046 0.562 0.1 0.217
0.019 0.019 0.055 0.067 0.15 0.69
0.188 0.016 0.086 0.019 0.608 0.083
0.363 0.026 0.04 0.039 0.465 0.068
0.009 0.007 0.01 0.033 0.915 0.027
0.027 0.548 0.019 0.126 0.188 0.091
0.057 0.012 0.494 0.055 0.35 0.031
0.015 0.031 0.012 0.037 0.169 0.735
0.008 0.02 0.011 0.031 0.913 0.017
0.013 0.085 0.016 0.595 0.264 0.026
0.008 0.009 0.017 0.029 0.814 0.124
0.008 0.02 0.016 0.012 0.055 0.888
0.018 0.023 0.036 0.017 0.149 0.758
0.018 0.02 0.056 0.19 0.702 0.013
0.024 0.041 0.47 0.179 0.248 0.038
0.015 0.014 0.64 0.012 0.294 0.026
0.008 0.01 0.031 0.01 0.931 0.01
0.01 0.011 0.927 0.032 0.011 0.009
0.02 0.011 0.098 0.046 0.809 0.015
0.107 0.013 0.588 0.01 0.265 0.016
0.025 0.012 0.672 0.018 0.242 0.03
0.015 0.01 0.054 0.012 0.695 0.213
0.01 0.016 0.036 0.013 0.917 0.009
0.038 0.008 0.02 0.02 0.889 0.024
0.349 0.34 0.13 0.087 0.03 0.064
0.015 0.085 0.032 0.011 0.807 0.051
0.01 0.05 0.586 0.129 0.159 0.067
0.051 0.012 0.277 0.025 0.506 0.129
0.048 0.008 0.863 0.028 0.028 0.026
0.009 0.02 0.018 0.013 0.928 0.012
0.03 0.039 0.168 0.013 0.642 0.108
0.011 0.034 0.069 0.548 0.28 0.057
0.053 0.052 0.683 0.03 0.12 0.061
0.089 0.111 0.078 0.363 0.333 0.025
0.019 0.007 0.02 0.013 0.921 0.019
0.026 0.023 0.074 0.015 0.849 0.014
0.014 0.014 0.017 0.009 0.923 0.023
0.039 0.088 0.036 0.657 0.117 0.063
0.169 0.014 0.141 0.557 0.034 0.085
0.351 0.162 0.048 0.335 0.022 0.081
0.044 0.139 0.048 0.53 0.031 0.209
0.01 0.02 0.012 0.01 0.015 0.933
0.01 0.009 0.01 0.092 0.017 0.862
0.019 0.034 0.053 0.634 0.04 0.22
0.042 0.024 0.035 0.201 0.116 0.582
0.016 0.014 0.025 0.042 0.03 0.873
0.017 0.062 0.199 0.082 0.264 0.375
0.009 0.012 0.007 0.036 0.029 0.906
0.011 0.008 0.011 0.867 0.024 0.079
0.007 0.007 0.005 0.024 0.007 0.95
0.02 0.011 0.021 0.861 0.034 0.052
0.049 0.03 0.023 0.323 0.033 0.542
0.011 0.009 0.01 0.125 0.011 0.834
0.045 0.011 0.011 0.01 0.021 0.903
0.012 0.009 0.013 0.05 0.014 0.902
0.016 0.01 0.009 0.008 0.021 0.935
0.016 0.014 0.013 0.013 0.031 0.913
0.019 0.012 0.01 0.347 0.045 0.568
0.012 0.009 0.01 0.774 0.014 0.181
0.007 0.044 0.032 0.194 0.019 0.704
0.021 0.033 0.286 0.143 0.059 0.457
0.006 0.011 0.025 0.927 0.025 0.007
0.115 0.014 0.052 0.687 0.079 0.053
0.015 0.036 0.022 0.631 0.17 0.126
0.035 0.049 0.115 0.444 0.119 0.238
0.011 0.01 0.018 0.679 0.011 0.271
0.02 0.03 0.046 0.317 0.13 0.458
0.008 0.006 0.007 0.962 0.007 0.01
0.008 0.01 0.015 0.897 0.011 0.06
0.154 0.008 0.015 0.588 0.014 0.221
0.01 0.007 0.007 0.953 0.009 0.015
0.029 0.043 0.02 0.744 0.129 0.036
0.01 0.015 0.01 0.943 0.007 0.015
0.006 0.005 0.006 0.972 0.006 0.006
0.091 0.029 0.08 0.71 0.042 0.047
0.007 0.008 0.01 0.939 0.011 0.024
0.253 0.007 0.016 0.648 0.059 0.016
0.01 0.006 0.005 0.967 0.006 0.006
0.012 0.054 0.388 0.085 0.227 0.233
0.005 0.005 0.005 0.97 0.007 0.008
0.009 0.006 0.006 0.951 0.008 0.019
0.019 0.009 0.009 0.946 0.009 0.009
0.007 0.006 0.007 0.961 0.008 0.011
0.005 0.005 0.005 0.973 0.006 0.006
0.008 0.034 0.045 0.116 0.037 0.759
0.01 0.012 0.036 0.054 0.865 0.023
0.008 0.142 0.016 0.006 0.817 0.011
0.007 0.011 0.01 0.007 0.96 0.006
0.104 0.037 0.033 0.054 0.132 0.64
0.02 0.266 0.128 0.009 0.555 0.022
0.009 0.019 0.01 0.006 0.944 0.012
0.006 0.142 0.082 0.006 0.752 0.011
0.009 0.068 0.014 0.014 0.867 0.027
0.037 0.016 0.013 0.027 0.888 0.018
0.014 0.055 0.008 0.008 0.908 0.007
0.046 0.121 0.063 0.013 0.678 0.079
0.009 0.024 0.011 0.005 0.945 0.006
0.007 0.015 0.394 0.01 0.465 0.111
0.007 0.107 0.041 0.055 0.769 0.022
0.221 0.253 0.47 0.009 0.026 0.021
0.012 0.397 0.036 0.017 0.048 0.49
0.259 0.116 0.128 0.021 0.031 0.445
0.01 0.825 0.023 0.007 0.1 0.037
0.062 0.496 0.355 0.005 0.063 0.018
0.126 0.07 0.717 0.034 0.038 0.016
0.017 0.043 0.895 0.009 0.016 0.02
0.008 0.672 0.226 0.012 0.05 0.032
0.013 0.016 0.919 0.009 0.036 0.007
0.389 0.276 0.289 0.006 0.02 0.019
0.084 0.024 0.861 0.007 0.011 0.013
0.233 0.613 0.12 0.006 0.013 0.015
0.013 0.028 0.684 0.012 0.243 0.02
0.509 0.105 0.329 0.013 0.017 0.028
0.274 0.382 0.299 0.006 0.025 0.015
0.012 0.314 0.073 0.008 0.577 0.016
0.011 0.254 0.424 0.017 0.213 0.081
0.044 0.157 0.711 0.043 0.03 0.015
0.167 0.616 0.148 0.007 0.024 0.039
0.017 0.587 0.09 0.01 0.24 0.056
0.213 0.119 0.132 0.01 0.514 0.013
0.138 0.702 0.075 0.007 0.067 0.011
0.243 0.064 0.589 0.01 0.084 0.009
0.272 0.246 0.448 0.006 0.017 0.01
0.009 0.917 0.021 0.009 0.018 0.025
0.016 0.839 0.041 0.019 0.045 0.039
0.013 0.13 0.638 0.189 0.018 0.013
0.011 0.611 0.018 0.343 0.009 0.008
0.017 0.273 0.47 0.009 0.209 0.022
0.005 0.928 0.014 0.021 0.022 0.01
0.014 0.869 0.021 0.075 0.011 0.01
0.012 0.349 0.588 0.013 0.02 0.018
0.008 0.953 0.008 0.01 0.012 0.009
0.011 0.75 0.028 0.189 0.014 0.007
0.011 0.914 0.014 0.007 0.018 0.036
0.012 0.892 0.035 0.036 0.016 0.01
0.008 0.9 0.05 0.02 0.013 0.008
0.009 0.899 0.035 0.006 0.039 0.012
0.007 0.815 0.069 0.006 0.095 0.008
0.005 0.96 0.007 0.006 0.01 0.013
0.005 0.968 0.005 0.006 0.009 0.006
0.009 0.95 0.008 0.011 0.011 0.012
0.009 0.93 0.022 0.007 0.013 0.019
0.008 0.896 0.027 0.017 0.028 0.024
0.006 0.946 0.012 0.009 0.016 0.01
0.006 0.943 0.008 0.015 0.021 0.008
0.029 0.611 0.171 0.064 0.072 0.053
0.05 0.826 0.088 0.007 0.014 0.015
0.005 0.819 0.107 0.038 0.015 0.015
0.005 0.571 0.382 0.017 0.011 0.014
0.008 0.624 0.318 0.029 0.014 0.007
0.008 0.238 0.687 0.009 0.032 0.027
0.007 0.89 0.031 0.007 0.055 0.01
0.014 0.898 0.036 0.011 0.019 0.022
0.01 0.854 0.025 0.019 0.029 0.063
0.007 0.818 0.072 0.006 0.069 0.029
0.006 0.957 0.01 0.011 0.008 0.008
0.006 0.957 0.01 0.01 0.008 0.008
0.006 0.957 0.01 0.01 0.008 0.008
0.006 0.919 0.015 0.026 0.026 0.008
0.008 0.958 0.007 0.013 0.008 0.006
0.008 0.098 0.853 0.013 0.015 0.013
0.007 0.938 0.024 0.015 0.009 0.007
0.214 0.054 0.599 0.035 0.027 0.072
0.015 0.857 0.052 0.017 0.028 0.031
0.007 0.842 0.083 0.02 0.032 0.017
0.015 0.84 0.032 0.086 0.013 0.013
0.031 0.081 0.808 0.032 0.023 0.025
0.006 0.954 0.011 0.013 0.009 0.008
0.244 0.331 0.294 0.011 0.057 0.063
0.006 0.954 0.011 0.013 0.009 0.008
0.009 0.204 0.025 0.009 0.255 0.498
0.019 0.395 0.017 0.388 0.157 0.023
0.01 0.253 0.254 0.056 0.362 0.066
0.069 0.251 0.056 0.304 0.276 0.044
0.021 0.024 0.017 0.017 0.906 0.014
0.027 0.082 0.011 0.014 0.846 0.02
0.084 0.027 0.024 0.025 0.743 0.096
0.066 0.041 0.066 0.012 0.509 0.306
0.014 0.075 0.122 0.291 0.471 0.027
0.023 0.106 0.03 0.032 0.759 0.049
0.015 0.349 0.09 0.339 0.181 0.025
0.013 0.016 0.343 0.015 0.556 0.057
0.015 0.01 0.255 0.033 0.395 0.293
0.008 0.008 0.026 0.058 0.017 0.883
0.009 0.031 0.01 0.012 0.052 0.886
0.013 0.008 0.154 0.008 0.021 0.795
0.021 0.335 0.035 0.02 0.533 0.056
0.01 0.007 0.009 0.016 0.007 0.951
0.009 0.011 0.02 0.768 0.013 0.179
0.016 0.015 0.188 0.404 0.022 0.355
0.01 0.009 0.012 0.039 0.011 0.92
0.016 0.011 0.016 0.012 0.072 0.873
0.006 0.016 0.05 0.199 0.023 0.706
0.013 0.006 0.154 0.758 0.009 0.059
0.01 0.011 0.033 0.007 0.92 0.02
