0.715 0.01 0.012 0.007 0.013 0.008 0.013 0.008 0.007 0.203 0.006
0.82 0.009 0.005 0.012 0.009 0.017 0.011 0.006 0.009 0.092 0.01
0.807 0.007 0.005 0.005 0.007 0.038 0.025 0.034 0.028 0.035 0.01
0.614 0.149 0.008 0.049 0.005 0.005 0.005 0.117 0.005 0.027 0.016
0.735 0.006 0.008 0.009 0.012 0.024 0.034 0.028 0.01 0.114 0.021
0.75 0.005 0.01 0.023 0.008 0.038 0.02 0.091 0.009 0.035 0.01
0.077 0.009 0.006 0.01 0.008 0.095 0.315 0.013 0.021 0.059 0.387
0.611 0.005 0.003 0.036 0.12 0.014 0.109 0.007 0.012 0.068 0.014
0.135 0.007 0.005 0.453 0.012 0.013 0.006 0.251 0.016 0.075 0.027
0.466 0.004 0.004 0.405 0.005 0.013 0.008 0.06 0.016 0.01 0.008
0.71 0.005 0.007 0.04 0.005 0.029 0.006 0.031 0.009 0.139 0.019
0.743 0.013 0.009 0.008 0.004 0.016 0.017 0.006 0.008 0.169 0.007
0.892 0.005 0.007 0.021 0.005 0.01 0.005 0.035 0.005 0.008 0.007
0.211 0.005 0.007 0.01 0.166 0.154 0.285 0.009 0.008 0.098 0.047
0.502 0.019 0.015 0.182 0.021 0.025 0.066 0.011 0.008 0.11 0.04
0.895 0.006 0.014 0.012 0.006 0.01 0.005 0.011 0.006 0.015 0.02
0.234 0.006 0.029 0.597 0.009 0.022 0.023 0.017 0.011 0.025 0.029
0.739 0.005 0.008 0.064 0.026 0.057 0.005 0.031 0.022 0.018 0.026
0.126 0.005 0.013 0.013 0.005 0.01 0.005 0.011 0.006 0.798 0.01
0.025 0.009 0.012 0.035 0.008 0.02 0.704 0.065 0.015 0.084 0.023
0.017 0.005 0.004 0.05 0.024 0.053 0.004 0.006 0.006 0.82 0.011
0.888 0.004 0.024 0.01 0.005 0.009 0.009 0.014 0.017 0.014 0.005
0.494 0.009 0.095 0.032 0.011 0.035 0.016 0.012 0.038 0.24 0.017
0.933 0.004 0.006 0.012 0.005 0.01 0.006 0.005 0.006 0.008 0.006
0.012 0.042 0.561 0.009 0.168 0.035 0.06 0.052 0.028 0.026 0.007
0.004 0.004 0.816 0.003 0.101 0.005 0.042 0.004 0.011 0.005 0.004
0.006 0.377 0.474 0.005 0.014 0.008 0.02 0.03 0.007 0.049 0.01
0.032 0.006 0.427 0.106 0.106 0.008 0.157 0.087 0.043 0.013 0.015
0.079 0.008 0.824 0.01 0.008 0.023 0.006 0.007 0.016 0.008 0.01
0.005 0.007 0.795 0.004 0.039 0.006 0.111 0.01 0.008 0.008 0.006
0.005 0.003 0.964 0.003 0.003 0.004 0.004 0.003 0.003 0.004 0.003
0.008 0.011 0.893 0.006 0.005 0.03 0.02 0.009 0.007 0.005 0.006
0.011 0.005 0.361 0.006 0.391 0.029 0.034 0.015 0.009 0.135 0.005
0.008 0.009 0.878 0.011 0.026 0.018 0.006 0.01 0.012 0.013 0.008
0.025 0.016 0.505 0.022 0.027 0.062 0.025 0.015 0.048 0.209 0.045
0.03 0.022 0.062 0.01 0.008 0.013 0.657 0.145 0.02 0.026 0.007
0.004 0.004 0.955 0.003 0.003 0.005 0.006 0.005 0.005 0.005 0.005
0.007 0.008 0.8 0.005 0.005 0.033 0.004 0.02 0.012 0.1 0.005
0.033 0.026 0.754 0.093 0.007 0.033 0.012 0.007 0.014 0.012 0.009
0.009 0.004 0.926 0.008 0.007 0.012 0.006 0.007 0.006 0.007 0.008
0.03 0.007 0.373 0.012 0.007 0.014 0.017 0.006 0.011 0.257 0.266
0.072 0.007 0.55 0.004 0.004 0.008 0.045 0.205 0.005 0.095 0.005
0.008 0.246 0.578 0.012 0.006 0.057 0.044 0.014 0.01 0.02 0.004
0.007 0.005 0.881 0.036 0.005 0.005 0.005 0.023 0.006 0.008 0.02
0.011 0.006 0.743 0.03 0.004 0.005 0.017 0.138 0.005 0.006 0.035
0.007 0.005 0.882 0.034 0.005 0.005 0.005 0.023 0.006 0.008 0.02
0.004 0.004 0.955 0.003 0.003 0.005 0.006 0.005 0.005 0.005 0.005
0.004 0.004 0.955 0.003 0.003 0.005 0.007 0.005 0.005 0.005 0.005
0.006 0.011 0.005 0.016 0.012 0.038 0.003 0.007 0.89 0.006 0.007
0.034 0.009 0.004 0.081 0.238 0.092 0.004 0.286 0.14 0.077 0.036
0.007 0.036 0.126 0.008 0.029 0.242 0.024 0.019 0.322 0.054 0.133
0.026 0.01 0.004 0.005 0.584 0.009 0.005 0.006 0.302 0.041 0.008
0.005 0.811 0.005 0.024 0.014 0.015 0.006 0.01 0.071 0.018 0.021
0.006 0.007 0.008 0.024 0.321 0.007 0.004 0.006 0.602 0.007 0.007
0.032 0.009 0.017 0.03 0.217 0.126 0.007 0.012 0.39 0.15 0.009
0.008 0.014 0.006 0.011 0.635 0.008 0.012 0.014 0.274 0.013 0.006
0.009 0.013 0.005 0.012 0.625 0.008 0.011 0.016 0.281 0.015 0.006
0.021 0.056 0.007 0.141 0.005 0.073 0.007 0.028 0.635 0.011 0.017
0.048 0.304 0.008 0.027 0.078 0.12 0.004 0.012 0.306 0.07 0.022
0.023 0.01 0.012 0.006 0.008 0.058 0.006 0.013 0.826 0.028 0.008
0.009 0.009 0.005 0.005 0.744 0.009 0.009 0.005 0.192 0.006 0.008
0.051 0.09 0.015 0.023 0.054 0.289 0.014 0.009 0.175 0.235 0.044
0.007 0.006 0.009 0.565 0.105 0.026 0.005 0.046 0.189 0.006 0.037
0.005 0.008 0.006 0.015 0.156 0.015 0.033 0.007 0.736 0.009 0.01
0.006 0.032 0.006 0.005 0.28 0.012 0.068 0.018 0.554 0.012 0.009
0.008 0.932 0.005 0.007 0.006 0.007 0.004 0.009 0.009 0.008 0.005
0.011 0.931 0.003 0.005 0.006 0.006 0.004 0.005 0.015 0.01 0.004
0.003 0.964 0.004 0.004 0.003 0.003 0.003 0.003 0.004 0.004 0.004
0.004 0.958 0.004 0.004 0.004 0.004 0.003 0.004 0.005 0.004 0.008
0.011 0.036 0.004 0.045 0.013 0.216 0.005 0.004 0.654 0.006 0.006
0.009 0.01 0.008 0.028 0.046 0.05 0.007 0.015 0.803 0.01 0.014
0.071 0.228 0.005 0.008 0.008 0.014 0.005 0.014 0.558 0.051 0.038
0.102 0.008 0.025 0.007 0.452 0.033 0.1 0.176 0.017 0.075 0.006
0.009 0.005 0.008 0.006 0.016 0.013 0.01 0.704 0.007 0.217 0.005
0.026 0.009 0.026 0.033 0.055 0.043 0.022 0.724 0.028 0.018 0.018
0.017 0.006 0.007 0.18 0.024 0.043 0.024 0.605 0.037 0.016 0.04
0.031 0.017 0.004 0.021 0.041 0.471 0.013 0.022 0.32 0.018 0.042
0.294 0.084 0.044 0.007 0.027 0.065 0.01 0.018 0.123 0.294 0.031
0.091 0.032 0.011 0.117 0.007 0.066 0.007 0.129 0.064 0.465 0.01
0.034 0.054 0.016 0.006 0.011 0.157 0.009 0.042 0.155 0.498 0.018
0.055 0.011 0.008 0.006 0.008 0.09 0.015 0.445 0.076 0.274 0.012
0.004 0.004 0.004 0.005 0.003 0.003 0.004 0.956 0.003 0.006 0.008
0.009 0.007 0.006 0.004 0.016 0.011 0.059 0.626 0.006 0.249 0.005
0.067 0.009 0.027 0.024 0.012 0.021 0.027 0.605 0.024 0.172 0.012
0.014 0.052 0.006 0.015 0.005 0.012 0.015 0.798 0.008 0.07 0.005
0.054 0.014 0.051 0.012 0.005 0.383 0.013 0.037 0.167 0.248 0.014
0.024 0.006 0.095 0.017 0.008 0.272 0.017 0.078 0.147 0.328 0.009
0.005 0.004 0.006 0.004 0.004 0.005 0.005 0.948 0.007 0.006 0.006
0.024 0.005 0.013 0.363 0.038 0.22 0.03 0.122 0.068 0.103 0.013
0.022 0.542 0.026 0.006 0.018 0.13 0.028 0.037 0.055 0.126 0.011
0.033 0.008 0.007 0.027 0.005 0.019 0.006 0.867 0.011 0.012 0.005
0.005 0.007 0.005 0.015 0.005 0.034 0.007 0.87 0.033 0.012 0.007
0.01 0.014 0.007 0.031 0.06 0.019 0.348 0.394 0.091 0.016 0.01
0.008 0.01 0.006 0.008 0.004 0.005 0.009 0.904 0.009 0.03 0.006
0.144 0.014 0.007 0.039 0.007 0.008 0.007 0.634 0.012 0.092 0.036
0.023 0.009 0.014 0.013 0.004 0.018 0.008 0.85 0.009 0.044 0.007
0.005 0.006 0.01 0.01 0.007 0.484 0.033 0.209 0.199 0.027 0.009
0.014 0.033 0.017 0.014 0.01 0.514 0.055 0.054 0.261 0.017 0.011
0.012 0.009 0.008 0.005 0.006 0.539 0.009 0.006 0.388 0.009 0.01
0.006 0.01 0.004 0.007 0.009 0.47 0.006 0.014 0.143 0.327 0.005
0.007 0.812 0.01 0.01 0.007 0.058 0.051 0.009 0.01 0.017 0.009
0.008 0.025 0.01 0.008 0.006 0.443 0.02 0.008 0.094 0.371 0.006
0.009 0.016 0.044 0.005 0.004 0.545 0.007 0.006 0.305 0.009 0.049
0.014 0.006 0.01 0.008 0.005 0.406 0.009 0.015 0.251 0.023 0.254
0.026 0.027 0.008 0.01 0.006 0.046 0.007 0.514 0.021 0.326 0.009
0.006 0.016 0.007 0.011 0.013 0.254 0.009 0.029 0.238 0.405 0.01
0.024 0.007 0.02 0.005 0.011 0.222 0.015 0.045 0.29 0.339 0.023
0.018 0.018 0.123 0.07 0.045 0.28 0.015 0.026 0.017 0.379 0.011
0.012 0.009 0.008 0.036 0.015 0.016 0.006 0.781 0.018 0.012 0.088
0.024 0.038 0.006 0.012 0.016 0.431 0.025 0.214 0.12 0.104 0.011
0.085 0.032 0.056 0.006 0.007 0.394 0.014 0.063 0.156 0.116 0.071
0.017 0.641 0.036 0.007 0.006 0.189 0.014 0.037 0.017 0.031 0.006
0.01 0.009 0.007 0.037 0.007 0.189 0.012 0.319 0.063 0.292 0.055
0.04 0.011 0.014 0.015 0.014 0.348 0.009 0.026 0.125 0.376 0.022
0.026 0.018 0.007 0.009 0.03 0.345 0.257 0.157 0.129 0.014 0.008
0.061 0.299 0.036 0.05 0.007 0.251 0.015 0.018 0.209 0.025 0.028
0.013 0.013 0.041 0.025 0.071 0.171 0.286 0.021 0.2 0.127 0.033
0.026 0.049 0.036 0.008 0.004 0.133 0.012 0.232 0.373 0.119 0.007
0.006 0.015 0.018 0.018 0.008 0.009 0.007 0.776 0.059 0.045 0.04
0.014 0.011 0.013 0.015 0.007 0.041 0.006 0.693 0.172 0.016 0.013
0.014 0.019 0.011 0.017 0.063 0.386 0.275 0.135 0.034 0.036 0.009
0.022 0.057 0.1 0.011 0.008 0.171 0.429 0.117 0.036 0.008 0.041
0.03 0.009 0.215 0.023 0.239 0.154 0.232 0.014 0.019 0.01 0.055
0.151 0.01 0.032 0.029 0.054 0.156 0.042 0.17 0.017 0.327 0.011
0.904 0.007 0.008 0.007 0.012 0.011 0.007 0.01 0.016 0.012 0.005
0.653 0.006 0.008 0.007 0.006 0.013 0.077 0.113 0.018 0.091 0.008
0.224 0.051 0.029 0.01 0.061 0.049 0.301 0.016 0.02 0.233 0.005
0.306 0.012 0.039 0.013 0.032 0.17 0.15 0.02 0.201 0.051 0.007
0.725 0.032 0.012 0.024 0.005 0.011 0.033 0.112 0.013 0.013 0.021
0.058 0.014 0.009 0.016 0.01 0.451 0.021 0.052 0.346 0.012 0.009
0.272 0.004 0.013 0.007 0.019 0.011 0.051 0.483 0.009 0.125 0.006
0.098 0.013 0.01 0.004 0.017 0.059 0.602 0.154 0.025 0.011 0.007
0.903 0.003 0.006 0.007 0.004 0.004 0.022 0.008 0.005 0.035 0.004
0.03 0.009 0.01 0.007 0.01 0.143 0.726 0.013 0.027 0.018 0.006
0.644 0.012 0.047 0.021 0.007 0.043 0.152 0.018 0.03 0.019 0.006
0.884 0.005 0.007 0.006 0.006 0.01 0.049 0.007 0.006 0.014 0.006
0.805 0.009 0.028 0.007 0.009 0.031 0.008 0.012 0.025 0.06 0.008
0.894 0.008 0.009 0.005 0.008 0.013 0.023 0.007 0.012 0.015 0.007
0.901 0.006 0.014 0.007 0.007 0.009 0.005 0.008 0.028 0.01 0.005
0.716 0.009 0.019 0.018 0.005 0.006 0.009 0.142 0.018 0.01 0.048
0.416 0.006 0.017 0.009 0.009 0.045 0.279 0.155 0.04 0.017 0.007
0.282 0.008 0.011 0.006 0.013 0.016 0.521 0.019 0.009 0.109 0.007
0.489 0.019 0.005 0.012 0.02 0.019 0.02 0.255 0.01 0.118 0.033
0.378 0.305 0.01 0.026 0.018 0.017 0.092 0.081 0.018 0.028 0.029
0.004 0.022 0.004 0.007 0.014 0.01 0.884 0.018 0.009 0.016 0.012
0.03 0.008 0.055 0.01 0.007 0.051 0.587 0.04 0.02 0.109 0.083
0.05 0.018 0.013 0.038 0.011 0.007 0.594 0.177 0.031 0.027 0.035
0.145 0.04 0.02 0.027 0.034 0.076 0.309 0.104 0.033 0.117 0.095
0.217 0.007 0.007 0.006 0.004 0.016 0.696 0.01 0.007 0.024 0.006
0.248 0.017 0.011 0.013 0.01 0.167 0.189 0.15 0.026 0.141 0.027
0.006 0.004 0.006 0.004 0.005 0.005 0.952 0.005 0.004 0.005 0.004
0.038 0.005 0.007 0.007 0.009 0.015 0.885 0.01 0.008 0.009 0.008
0.198 0.01 0.161 0.004 0.026 0.008 0.484 0.013 0.008 0.08 0.009
0.029 0.006 0.016 0.006 0.008 0.007 0.879 0.023 0.008 0.013 0.005
0.015 0.007 0.019 0.041 0.005 0.014 0.72 0.112 0.022 0.011 0.034
0.007 0.004 0.007 0.01 0.007 0.006 0.891 0.005 0.004 0.055 0.004
0.004 0.004 0.005 0.003 0.004 0.006 0.958 0.005 0.003 0.004 0.004
0.036 0.049 0.065 0.02 0.029 0.058 0.625 0.028 0.032 0.033 0.026
0.027 0.011 0.006 0.005 0.014 0.009 0.892 0.007 0.008 0.014 0.007
0.01 0.008 0.256 0.006 0.006 0.018 0.62 0.027 0.031 0.012 0.006
0.006 0.003 0.008 0.004 0.005 0.004 0.953 0.004 0.004 0.005 0.004
0.117 0.168 0.007 0.083 0.006 0.034 0.056 0.025 0.057 0.431 0.016
0.007 0.003 0.004 0.004 0.006 0.004 0.941 0.014 0.004 0.007 0.005
0.012 0.004 0.008 0.005 0.004 0.011 0.935 0.005 0.006 0.007 0.004
0.006 0.004 0.018 0.008 0.012 0.012 0.852 0.014 0.006 0.06 0.008
0.008 0.005 0.006 0.004 0.009 0.007 0.934 0.009 0.006 0.008 0.005
0.004 0.003 0.004 0.003 0.006 0.004 0.931 0.006 0.004 0.03 0.003
0.327 0.008 0.005 0.033 0.008 0.024 0.128 0.244 0.018 0.106 0.097
0.012 0.01 0.006 0.007 0.011 0.106 0.049 0.059 0.654 0.061 0.025
0.009 0.008 0.006 0.148 0.033 0.254 0.004 0.027 0.423 0.078 0.009
0.004 0.005 0.005 0.011 0.007 0.338 0.005 0.007 0.441 0.171 0.005
0.141 0.008 0.036 0.026 0.03 0.19 0.024 0.346 0.084 0.103 0.013
0.008 0.02 0.01 0.352 0.012 0.139 0.005 0.051 0.032 0.368 0.006
0.009 0.004 0.005 0.023 0.007 0.218 0.004 0.04 0.655 0.015 0.02
0.007 0.009 0.004 0.027 0.023 0.045 0.004 0.008 0.841 0.015 0.017
0.028 0.01 0.009 0.165 0.021 0.151 0.011 0.11 0.392 0.082 0.021
0.018 0.006 0.053 0.011 0.008 0.074 0.018 0.016 0.754 0.033 0.009
0.005 0.006 0.015 0.072 0.009 0.008 0.005 0.024 0.841 0.006 0.009
0.04 0.005 0.023 0.032 0.011 0.111 0.006 0.009 0.725 0.019 0.02
0.004 0.005 0.005 0.009 0.01 0.009 0.004 0.005 0.933 0.009 0.008
0.008 0.048 0.005 0.01 0.013 0.009 0.008 0.012 0.222 0.648 0.016
0.009 0.015 0.004 0.006 0.233 0.01 0.018 0.049 0.565 0.085 0.006
0.027 0.007 0.042 0.047 0.039 0.459 0.008 0.01 0.049 0.026 0.286
0.442 0.006 0.006 0.036 0.179 0.117 0.008 0.006 0.089 0.092 0.019
0.06 0.005 0.023 0.02 0.015 0.378 0.008 0.013 0.015 0.407 0.055
0.05 0.005 0.009 0.349 0.168 0.101 0.005 0.007 0.219 0.043 0.045
0.013 0.006 0.01 0.134 0.034 0.407 0.004 0.008 0.116 0.04 0.229
0.007 0.336 0.023 0.011 0.089 0.233 0.019 0.029 0.017 0.019 0.215
0.01 0.007 0.006 0.014 0.005 0.014 0.006 0.006 0.006 0.007 0.919
0.012 0.007 0.004 0.044 0.011 0.01 0.005 0.018 0.008 0.008 0.874
0.004 0.236 0.006 0.005 0.009 0.006 0.004 0.011 0.009 0.01 0.699
0.007 0.007 0.02 0.024 0.012 0.455 0.004 0.009 0.01 0.026 0.427
0.008 0.017 0.008 0.007 0.008 0.214 0.007 0.007 0.008 0.026 0.689
0.011 0.004 0.013 0.086 0.016 0.379 0.004 0.008 0.009 0.006 0.465
0.007 0.005 0.004 0.005 0.005 0.006 0.006 0.019 0.007 0.008 0.928
0.006 0.005 0.039 0.005 0.008 0.398 0.005 0.005 0.006 0.007 0.516
0.008 0.009 0.008 0.014 0.047 0.435 0.003 0.01 0.016 0.014 0.436
0.012 0.005 0.019 0.02 0.01 0.017 0.006 0.057 0.134 0.011 0.709
0.009 0.005 0.003 0.01 0.004 0.004 0.006 0.013 0.005 0.006 0.934
0.007 0.006 0.011 0.006 0.042 0.05 0.008 0.036 0.009 0.049 0.777
0.032 0.004 0.027 0.027 0.223 0.439 0.005 0.007 0.024 0.013 0.199
0.032 0.008 0.007 0.277 0.01 0.223 0.006 0.023 0.051 0.015 0.346
0.007 0.004 0.011 0.015 0.008 0.264 0.005 0.044 0.044 0.016 0.582
0.008 0.007 0.012 0.116 0.022 0.066 0.004 0.012 0.008 0.006 0.739
0.004 0.019 0.077 0.011 0.014 0.108 0.006 0.006 0.006 0.008 0.741
0.007 0.017 0.015 0.012 0.032 0.42 0.005 0.004 0.018 0.007 0.462
0.016 0.007 0.005 0.747 0.061 0.044 0.005 0.011 0.017 0.023 0.063
0.033 0.007 0.012 0.758 0.015 0.079 0.01 0.005 0.051 0.02 0.011
0.011 0.075 0.018 0.017 0.238 0.013 0.152 0.013 0.015 0.022 0.424
0.006 0.014 0.008 0.078 0.693 0.006 0.146 0.005 0.015 0.007 0.021
0.013 0.225 0.011 0.148 0.121 0.024 0.007 0.016 0.379 0.014 0.043
0.006 0.007 0.004 0.89 0.009 0.008 0.017 0.008 0.037 0.005 0.009
0.008 0.014 0.009 0.432 0.425 0.005 0.064 0.008 0.01 0.005 0.02
0.006 0.434 0.006 0.457 0.012 0.007 0.009 0.034 0.006 0.007 0.021
0.004 0.004 0.004 0.95 0.005 0.005 0.005 0.008 0.004 0.005 0.005
0.006 0.021 0.01 0.092 0.704 0.017 0.067 0.011 0.038 0.012 0.022
0.035 0.008 0.007 0.775 0.095 0.029 0.004 0.01 0.015 0.011 0.012
0.009 0.09 0.01 0.133 0.577 0.042 0.017 0.02 0.066 0.013 0.023
0.005 0.012 0.007 0.563 0.036 0.119 0.01 0.014 0.015 0.162 0.06
0.005 0.007 0.004 0.833 0.016 0.018 0.004 0.007 0.009 0.088 0.008
0.004 0.008 0.004 0.706 0.016 0.034 0.004 0.008 0.017 0.192 0.007
0.008 0.003 0.003 0.943 0.013 0.006 0.003 0.006 0.006 0.004 0.004
0.003 0.004 0.003 0.956 0.007 0.004 0.004 0.006 0.004 0.005 0.004
0.007 0.005 0.007 0.935 0.008 0.006 0.007 0.006 0.005 0.006 0.008
0.012 0.009 0.006 0.914 0.006 0.007 0.004 0.006 0.007 0.007 0.022
0.009 0.016 0.004 0.899 0.006 0.008 0.009 0.017 0.008 0.013 0.012
0.006 0.006 0.004 0.932 0.007 0.006 0.005 0.008 0.009 0.009 0.008
0.004 0.005 0.004 0.922 0.011 0.014 0.006 0.012 0.01 0.006 0.005
0.032 0.019 0.02 0.214 0.059 0.186 0.018 0.023 0.048 0.361 0.02
0.006 0.009 0.013 0.418 0.11 0.201 0.004 0.006 0.016 0.198 0.02
0.006 0.003 0.003 0.009 0.352 0.446 0.007 0.008 0.014 0.105 0.046
0.01 0.174 0.003 0.013 0.297 0.359 0.008 0.006 0.014 0.055 0.061
0.005 0.224 0.005 0.022 0.537 0.106 0.014 0.008 0.015 0.011 0.053
0.025 0.327 0.005 0.282 0.021 0.075 0.007 0.014 0.019 0.057 0.168
0.008 0.022 0.005 0.67 0.038 0.111 0.005 0.02 0.054 0.059 0.008
0.011 0.01 0.01 0.878 0.011 0.021 0.011 0.01 0.008 0.011 0.019
0.03 0.022 0.007 0.749 0.014 0.015 0.013 0.07 0.009 0.032 0.039
0.013 0.018 0.004 0.757 0.012 0.044 0.005 0.032 0.038 0.023 0.054
0.006 0.004 0.003 0.006 0.951 0.005 0.004 0.004 0.005 0.004 0.008
0.006 0.004 0.003 0.007 0.95 0.005 0.004 0.004 0.005 0.005 0.008
0.006 0.004 0.003 0.006 0.95 0.005 0.004 0.004 0.005 0.005 0.008
0.01 0.006 0.004 0.099 0.686 0.068 0.013 0.009 0.039 0.054 0.011
0.005 0.004 0.006 0.351 0.571 0.014 0.008 0.013 0.006 0.009 0.012
0.01 0.608 0.005 0.023 0.261 0.011 0.01 0.01 0.021 0.021 0.02
0.006 0.011 0.005 0.648 0.106 0.078 0.008 0.014 0.017 0.072 0.035
0.039 0.308 0.051 0.032 0.022 0.262 0.037 0.01 0.035 0.168 0.037
0.019 0.011 0.009 0.457 0.018 0.018 0.009 0.02 0.017 0.011 0.411
0.017 0.029 0.005 0.605 0.064 0.065 0.017 0.017 0.062 0.016 0.105
0.012 0.012 0.01 0.014 0.835 0.023 0.021 0.007 0.011 0.011 0.044
0.024 0.035 0.039 0.05 0.079 0.184 0.044 0.008 0.035 0.065 0.437
0.005 0.004 0.003 0.015 0.927 0.016 0.004 0.004 0.006 0.006 0.007
0.014 0.007 0.017 0.017 0.015 0.31 0.006 0.008 0.017 0.141 0.447
0.006 0.005 0.003 0.015 0.927 0.016 0.004 0.004 0.006 0.006 0.008
0.181 0.014 0.007 0.15 0.058 0.014 0.008 0.409 0.085 0.049 0.025
0.047 0.005 0.017 0.013 0.73 0.012 0.049 0.054 0.043 0.022 0.009
0.026 0.019 0.006 0.085 0.016 0.082 0.032 0.193 0.065 0.013 0.464
0.009 0.012 0.02 0.025 0.157 0.008 0.117 0.532 0.01 0.015 0.094
0.012 0.017 0.027 0.072 0.008 0.014 0.02 0.34 0.424 0.036 0.03
0.008 0.005 0.041 0.1 0.009 0.014 0.006 0.633 0.017 0.105 0.062
0.099 0.014 0.098 0.136 0.007 0.042 0.027 0.203 0.174 0.184 0.015
0.073 0.014 0.044 0.025 0.042 0.048 0.007 0.385 0.063 0.262 0.037
0.012 0.013 0.007 0.008 0.273 0.033 0.124 0.231 0.04 0.214 0.044
0.015 0.011 0.012 0.015 0.037 0.007 0.011 0.683 0.023 0.013 0.173
0.009 0.018 0.007 0.052 0.173 0.01 0.199 0.252 0.016 0.013 0.252
0.007 0.026 0.009 0.009 0.008 0.076 0.008 0.063 0.02 0.758 0.016
0.064 0.011 0.009 0.005 0.006 0.052 0.02 0.166 0.01 0.649 0.009
0.854 0.009 0.006 0.004 0.006 0.016 0.03 0.015 0.014 0.008 0.038
0.795 0.019 0.007 0.053 0.009 0.007 0.009 0.055 0.033 0.006 0.008
0.724 0.206 0.009 0.007 0.006 0.007 0.004 0.011 0.011 0.01 0.005
0.039 0.077 0.015 0.531 0.015 0.01 0.015 0.179 0.087 0.017 0.015
0.937 0.007 0.009 0.004 0.006 0.005 0.01 0.006 0.005 0.005 0.005
0.261 0.009 0.008 0.007 0.01 0.021 0.628 0.016 0.015 0.008 0.015
0.351 0.224 0.011 0.007 0.042 0.006 0.241 0.074 0.011 0.027 0.006
0.909 0.01 0.007 0.004 0.012 0.009 0.024 0.007 0.006 0.007 0.005
0.806 0.035 0.013 0.011 0.006 0.01 0.006 0.055 0.027 0.019 0.011
0.476 0.092 0.004 0.005 0.036 0.008 0.202 0.114 0.013 0.035 0.015
0.05 0.172 0.009 0.005 0.009 0.006 0.703 0.025 0.005 0.011 0.006
0.023 0.011 0.007 0.007 0.007 0.015 0.005 0.011 0.835 0.05 0.029
