0.015 0.019 0.919 0.024 0.012 0.01
0.039 0.013 0.905 0.007 0.023 0.013
0.019 0.093 0.814 0.008 0.011 0.056
0.163 0.008 0.792 0.009 0.019 0.01
0.018 0.041 0.894 0.014 0.015 0.017
0.016 0.026 0.909 0.016 0.022 0.012
0.634 0.192 0.125 0.011 0.015 0.023
0.018 0.164 0.673 0.006 0.128 0.011
0.021 0.01 0.493 0.006 0.371 0.098
0.009 0.011 0.714 0.008 0.19 0.069
0.013 0.01 0.916 0.017 0.024 0.019
0.025 0.018 0.919 0.018 0.008 0.012
0.009 0.007 0.953 0.008 0.014 0.009
0.032 0.455 0.286 0.014 0.199 0.014
0.067 0.092 0.588 0.02 0.218 0.015
0.018 0.008 0.936 0.014 0.014 0.009
0.019 0.029 0.414 0.036 0.484 0.019
0.021 0.007 0.839 0.018 0.088 0.027
0.379 0.009 0.552 0.019 0.012 0.03
0.033 0.801 0.071 0.017 0.04 0.038
0.478 0.011 0.367 0.008 0.098 0.038
0.008 0.01 0.934 0.017 0.009 0.021
0.036 0.018 0.748 0.123 0.04 0.035
0.008 0.01 0.953 0.009 0.013 0.008
0.023 0.174 0.021 0.681 0.04 0.06
0.007 0.116 0.006 0.848 0.014 0.01
0.438 0.025 0.014 0.486 0.009 0.028
0.012 0.209 0.045 0.412 0.114 0.209
0.029 0.011 0.106 0.815 0.021 0.019
0.008 0.134 0.009 0.828 0.01 0.011
0.005 0.007 0.008 0.97 0.004 0.005
0.015 0.056 0.016 0.892 0.01 0.011
0.015 0.199 0.023 0.545 0.088 0.131
0.011 0.01 0.012 0.942 0.013 0.013
0.047 0.043 0.032 0.634 0.07 0.173
0.019 0.856 0.036 0.041 0.011 0.038
0.007 0.009 0.006 0.967 0.004 0.007
0.028 0.008 0.013 0.861 0.007 0.083
0.081 0.025 0.071 0.737 0.073 0.012
0.007 0.01 0.011 0.958 0.007 0.008
0.406 0.026 0.173 0.349 0.016 0.029
0.012 0.053 0.3 0.578 0.007 0.05
0.294 0.082 0.016 0.582 0.012 0.014
0.011 0.009 0.018 0.895 0.049 0.019
0.013 0.056 0.049 0.809 0.039 0.034
0.011 0.009 0.017 0.895 0.05 0.018
0.007 0.009 0.006 0.967 0.004 0.007
0.007 0.009 0.006 0.967 0.004 0.007
0.031 0.005 0.01 0.01 0.039 0.904
0.015 0.005 0.233 0.006 0.491 0.25
0.246 0.024 0.009 0.282 0.024 0.415
0.082 0.01 0.038 0.006 0.321 0.543
0.929 0.008 0.007 0.007 0.021 0.028
0.029 0.007 0.01 0.013 0.322 0.62
0.1 0.017 0.097 0.063 0.169 0.554
0.034 0.073 0.017 0.009 0.381 0.486
0.034 0.066 0.016 0.009 0.373 0.502
0.119 0.01 0.029 0.009 0.083 0.751
0.415 0.007 0.087 0.023 0.175 0.292
0.049 0.008 0.047 0.019 0.012 0.864
0.044 0.142 0.013 0.009 0.542 0.25
0.291 0.019 0.127 0.13 0.134 0.299
0.012 0.009 0.011 0.011 0.834 0.123
0.025 0.05 0.009 0.009 0.127 0.78
0.043 0.251 0.009 0.008 0.04 0.648
0.942 0.008 0.015 0.008 0.012 0.015
0.912 0.006 0.014 0.007 0.011 0.05
0.968 0.005 0.006 0.007 0.007 0.008
0.967 0.006 0.006 0.006 0.007 0.008
0.465 0.008 0.02 0.008 0.186 0.313
0.058 0.013 0.016 0.024 0.211 0.679
0.436 0.009 0.088 0.01 0.012 0.444
0.017 0.646 0.149 0.025 0.108 0.055
0.011 0.733 0.154 0.026 0.016 0.06
0.015 0.141 0.058 0.038 0.259 0.49
0.015 0.055 0.048 0.015 0.354 0.514
0.416 0.02 0.086 0.006 0.237 0.234
0.417 0.02 0.324 0.089 0.015 0.136
0.142 0.023 0.177 0.016 0.095 0.546
0.206 0.018 0.053 0.022 0.014 0.686
0.021 0.029 0.303 0.014 0.013 0.62
0.016 0.084 0.183 0.016 0.015 0.686
0.016 0.814 0.125 0.007 0.01 0.028
0.051 0.523 0.27 0.049 0.023 0.084
0.055 0.07 0.721 0.019 0.019 0.116
0.087 0.019 0.105 0.207 0.017 0.565
0.035 0.04 0.078 0.385 0.029 0.434
0.011 0.034 0.053 0.009 0.007 0.887
0.02 0.126 0.1 0.028 0.571 0.155
0.513 0.052 0.033 0.059 0.012 0.331
0.012 0.039 0.759 0.015 0.033 0.141
0.012 0.033 0.021 0.008 0.021 0.905
0.017 0.578 0.028 0.013 0.087 0.277
0.02 0.028 0.169 0.008 0.01 0.766
0.017 0.012 0.89 0.009 0.021 0.05
0.042 0.017 0.777 0.017 0.023 0.125
0.053 0.202 0.017 0.019 0.024 0.685
0.434 0.184 0.051 0.025 0.056 0.249
0.622 0.012 0.03 0.015 0.017 0.304
0.056 0.011 0.01 0.008 0.011 0.904
0.926 0.032 0.009 0.01 0.011 0.011
0.166 0.048 0.016 0.02 0.012 0.737
0.534 0.01 0.019 0.129 0.022 0.286
0.664 0.019 0.03 0.026 0.015 0.246
0.09 0.013 0.264 0.017 0.011 0.605
0.052 0.014 0.01 0.01 0.016 0.898
0.021 0.022 0.026 0.038 0.008 0.885
0.076 0.083 0.068 0.366 0.377 0.03
0.037 0.012 0.056 0.016 0.086 0.793
0.546 0.132 0.091 0.011 0.058 0.162
0.34 0.025 0.125 0.051 0.013 0.447
0.864 0.026 0.027 0.046 0.008 0.029
0.024 0.014 0.013 0.01 0.023 0.916
0.242 0.013 0.107 0.03 0.043 0.565
0.072 0.554 0.063 0.011 0.038 0.262
0.677 0.029 0.063 0.057 0.053 0.122
0.074 0.355 0.023 0.091 0.094 0.364
0.026 0.015 0.024 0.021 0.008 0.907
0.102 0.015 0.015 0.029 0.025 0.815
0.02 0.009 0.022 0.015 0.014 0.92
0.029 0.655 0.069 0.041 0.088 0.118
0.107 0.552 0.104 0.189 0.015 0.034
0.034 0.339 0.08 0.363 0.162 0.023
0.034 0.487 0.254 0.045 0.15 0.03
0.013 0.01 0.932 0.01 0.017 0.017
0.011 0.091 0.861 0.011 0.009 0.018
0.051 0.609 0.245 0.019 0.037 0.039
0.03 0.2 0.581 0.045 0.026 0.118
0.024 0.04 0.878 0.016 0.014 0.029
0.172 0.089 0.392 0.016 0.064 0.266
0.008 0.035 0.907 0.01 0.012 0.029
0.011 0.849 0.093 0.011 0.007 0.029
0.006 0.024 0.949 0.007 0.007 0.007
0.021 0.855 0.055 0.021 0.011 0.036
0.024 0.31 0.555 0.046 0.031 0.034
0.01 0.127 0.833 0.011 0.009 0.011
0.011 0.01 0.898 0.049 0.011 0.022
0.013 0.049 0.903 0.012 0.009 0.014
0.009 0.008 0.933 0.016 0.01 0.023
0.014 0.013 0.91 0.016 0.013 0.033
0.01 0.338 0.576 0.019 0.012 0.045
0.011 0.73 0.224 0.013 0.009 0.014
0.029 0.184 0.715 0.007 0.046 0.019
0.311 0.152 0.417 0.021 0.036 0.064
0.026 0.926 0.007 0.006 0.011 0.025
0.05 0.681 0.059 0.12 0.014 0.075
0.028 0.622 0.132 0.014 0.034 0.17
0.123 0.444 0.236 0.037 0.051 0.11
0.017 0.669 0.281 0.012 0.01 0.011
0.049 0.313 0.474 0.019 0.032 0.114
0.007 0.961 0.01 0.008 0.006 0.007
0.016 0.89 0.063 0.008 0.011 0.01
0.014 0.587 0.227 0.15 0.008 0.014
0.007 0.948 0.018 0.01 0.007 0.009
0.023 0.741 0.038 0.027 0.043 0.127
0.012 0.94 0.016 0.01 0.016 0.007
0.006 0.971 0.007 0.006 0.005 0.006
0.077 0.709 0.048 0.092 0.03 0.044
0.011 0.935 0.027 0.007 0.008 0.011
0.016 0.649 0.017 0.248 0.007 0.063
0.005 0.966 0.007 0.01 0.006 0.006
0.456 0.084 0.199 0.013 0.056 0.191
0.005 0.968 0.009 0.005 0.005 0.007
0.007 0.949 0.021 0.009 0.006 0.009
0.009 0.943 0.009 0.02 0.01 0.009
0.007 0.96 0.011 0.008 0.006 0.008
0.005 0.971 0.007 0.006 0.006 0.006
0.051 0.109 0.763 0.009 0.035 0.034
0.033 0.055 0.022 0.01 0.013 0.867
0.017 0.006 0.011 0.008 0.141 0.817
0.012 0.008 0.006 0.007 0.011 0.957
0.03 0.057 0.645 0.105 0.039 0.124
0.18 0.01 0.023 0.021 0.274 0.492
0.01 0.006 0.012 0.009 0.02 0.943
0.082 0.006 0.012 0.006 0.154 0.741
0.015 0.015 0.028 0.01 0.065 0.867
0.013 0.028 0.018 0.04 0.015 0.885
0.008 0.008 0.007 0.013 0.049 0.914
0.057 0.014 0.083 0.048 0.121 0.678
0.012 0.005 0.006 0.009 0.021 0.947
0.566 0.01 0.083 0.007 0.014 0.321
0.05 0.052 0.024 0.007 0.082 0.785
0.379 0.009 0.023 0.258 0.307 0.025
0.036 0.017 0.498 0.013 0.357 0.08
0.079 0.022 0.441 0.279 0.148 0.031
0.023 0.007 0.037 0.009 0.784 0.139
0.259 0.005 0.018 0.065 0.577 0.075
0.687 0.038 0.015 0.147 0.07 0.042
0.893 0.009 0.019 0.018 0.045 0.016
0.255 0.012 0.031 0.008 0.647 0.047
0.917 0.009 0.008 0.013 0.017 0.036
0.183 0.007 0.021 0.44 0.329 0.021
0.848 0.007 0.013 0.09 0.029 0.013
0.079 0.006 0.014 0.247 0.642 0.012
0.65 0.011 0.02 0.014 0.027 0.277
0.237 0.014 0.031 0.568 0.131 0.019
0.198 0.006 0.015 0.314 0.438 0.029
0.078 0.008 0.017 0.013 0.315 0.57
0.439 0.017 0.077 0.011 0.234 0.221
0.671 0.044 0.019 0.046 0.186 0.034
0.09 0.007 0.036 0.182 0.662 0.023
0.072 0.01 0.051 0.017 0.626 0.223
0.104 0.009 0.013 0.225 0.119 0.531
0.071 0.007 0.011 0.14 0.701 0.07
0.525 0.011 0.009 0.281 0.07 0.103
0.354 0.006 0.01 0.314 0.296 0.019
0.019 0.009 0.023 0.01 0.919 0.02
0.035 0.018 0.037 0.015 0.851 0.045
0.651 0.197 0.013 0.012 0.108 0.019
0.018 0.377 0.008 0.011 0.577 0.01
0.451 0.009 0.021 0.017 0.262 0.239
0.013 0.022 0.01 0.006 0.927 0.023
0.021 0.086 0.011 0.014 0.857 0.012
0.582 0.014 0.019 0.012 0.354 0.019
0.008 0.01 0.009 0.008 0.952 0.012
0.026 0.213 0.008 0.011 0.726 0.017
0.013 0.007 0.037 0.011 0.912 0.019
0.03 0.042 0.009 0.012 0.89 0.017
0.026 0.018 0.008 0.008 0.927 0.014
0.038 0.006 0.012 0.009 0.895 0.04
0.081 0.006 0.008 0.008 0.811 0.086
0.007 0.006 0.013 0.005 0.958 0.011
0.005 0.006 0.007 0.006 0.967 0.01
0.008 0.012 0.012 0.009 0.948 0.012
0.022 0.007 0.019 0.009 0.93 0.013
0.028 0.018 0.024 0.008 0.896 0.027
0.012 0.01 0.01 0.006 0.944 0.017
0.008 0.015 0.008 0.006 0.945 0.018
0.115 0.06 0.053 0.028 0.672 0.073
0.035 0.007 0.015 0.052 0.877 0.014
0.047 0.034 0.015 0.006 0.881 0.018
0.316 0.016 0.015 0.005 0.637 0.011
0.294 0.031 0.007 0.008 0.644 0.016
0.681 0.01 0.025 0.008 0.249 0.027
0.03 0.007 0.009 0.007 0.897 0.049
0.033 0.011 0.021 0.014 0.904 0.017
0.03 0.021 0.071 0.01 0.837 0.032
0.071 0.006 0.027 0.007 0.83 0.06
0.01 0.012 0.008 0.006 0.955 0.008
0.011 0.012 0.008 0.006 0.955 0.008
0.011 0.012 0.009 0.006 0.954 0.009
0.015 0.033 0.009 0.006 0.906 0.032
0.007 0.014 0.006 0.007 0.956 0.009
0.869 0.013 0.012 0.009 0.079 0.018
0.014 0.011 0.008 0.007 0.951 0.009
0.541 0.038 0.083 0.242 0.066 0.031
0.056 0.017 0.033 0.015 0.854 0.026
0.073 0.02 0.016 0.007 0.852 0.032
0.03 0.095 0.013 0.015 0.831 0.014
0.787 0.034 0.025 0.032 0.098 0.023
0.01 0.014 0.008 0.006 0.953 0.009
0.223 0.012 0.07 0.265 0.371 0.06
0.01 0.014 0.008 0.006 0.953 0.009
0.026 0.009 0.499 0.009 0.192 0.264
0.017 0.398 0.022 0.018 0.314 0.231
0.265 0.056 0.072 0.01 0.237 0.36
0.066 0.305 0.044 0.066 0.217 0.301
0.02 0.018 0.016 0.022 0.026 0.897
0.012 0.015 0.021 0.029 0.08 0.843
0.028 0.027 0.096 0.09 0.027 0.732
0.079 0.012 0.334 0.065 0.043 0.467
0.144 0.279 0.026 0.014 0.059 0.477
0.034 0.032 0.051 0.023 0.086 0.775
0.102 0.344 0.027 0.015 0.306 0.206
0.509 0.016 0.046 0.013 0.015 0.401
0.373 0.036 0.274 0.016 0.01 0.291
0.028 0.057 0.882 0.008 0.008 0.017
0.01 0.012 0.885 0.01 0.033 0.05
0.17 0.008 0.779 0.013 0.008 0.022
0.034 0.021 0.058 0.022 0.305 0.56
0.009 0.016 0.95 0.01 0.007 0.007
0.022 0.75 0.194 0.009 0.012 0.014
0.202 0.385 0.362 0.015 0.015 0.021
0.012 0.037 0.921 0.01 0.009 0.011
0.017 0.012 0.883 0.016 0.011 0.062
0.049 0.195 0.712 0.007 0.015 0.023
0.17 0.743 0.059 0.012 0.006 0.01
0.034 0.007 0.021 0.01 0.011 0.917
