0.006 0.011 0.012 0.008 0.013 0.006 0.013 0.909 0.011 0.01
0.009 0.01 0.009 0.006 0.004 0.014 0.02 0.9 0.01 0.018
0.047 0.028 0.006 0.027 0.005 0.005 0.011 0.847 0.007 0.018
0.005 0.005 0.005 0.107 0.008 0.046 0.024 0.647 0.146 0.006
0.01 0.037 0.012 0.031 0.007 0.008 0.022 0.831 0.006 0.035
0.013 0.022 0.007 0.124 0.01 0.021 0.008 0.763 0.005 0.026
0.046 0.173 0.008 0.013 0.006 0.011 0.637 0.059 0.011 0.037
0.008 0.118 0.138 0.007 0.004 0.045 0.021 0.635 0.007 0.017
0.023 0.006 0.013 0.238 0.005 0.457 0.058 0.183 0.008 0.009
0.016 0.009 0.005 0.056 0.005 0.398 0.008 0.49 0.004 0.011
0.007 0.006 0.005 0.023 0.006 0.029 0.016 0.84 0.005 0.063
0.012 0.016 0.005 0.007 0.008 0.008 0.013 0.905 0.017 0.01
0.006 0.005 0.005 0.03 0.007 0.018 0.007 0.912 0.005 0.005
0.006 0.374 0.063 0.008 0.006 0.01 0.024 0.154 0.005 0.349
0.011 0.078 0.019 0.011 0.015 0.177 0.106 0.543 0.019 0.021
0.007 0.005 0.005 0.009 0.013 0.011 0.028 0.91 0.005 0.006
0.015 0.023 0.008 0.015 0.029 0.595 0.033 0.259 0.006 0.018
0.037 0.005 0.018 0.03 0.008 0.059 0.01 0.775 0.005 0.053
0.008 0.005 0.004 0.018 0.025 0.01 0.637 0.28 0.004 0.007
0.02 0.742 0.008 0.07 0.012 0.042 0.05 0.031 0.01 0.014
0.013 0.006 0.035 0.017 0.005 0.056 0.708 0.039 0.007 0.114
0.015 0.009 0.006 0.015 0.019 0.009 0.007 0.912 0.005 0.005
0.017 0.016 0.013 0.015 0.109 0.036 0.066 0.66 0.01 0.056
0.006 0.006 0.004 0.005 0.006 0.011 0.005 0.942 0.004 0.009
0.019 0.073 0.181 0.049 0.562 0.009 0.005 0.013 0.036 0.053
0.004 0.036 0.129 0.004 0.807 0.003 0.004 0.004 0.004 0.005
0.007 0.018 0.012 0.034 0.491 0.005 0.025 0.007 0.395 0.007
0.014 0.132 0.162 0.068 0.474 0.087 0.014 0.034 0.006 0.009
0.027 0.006 0.007 0.007 0.852 0.01 0.01 0.067 0.009 0.007
0.005 0.102 0.051 0.012 0.8 0.005 0.006 0.005 0.007 0.009
0.004 0.004 0.003 0.003 0.968 0.003 0.003 0.005 0.003 0.004
0.01 0.026 0.005 0.006 0.921 0.006 0.005 0.007 0.01 0.005
0.02 0.045 0.406 0.023 0.449 0.008 0.007 0.013 0.006 0.024
0.01 0.006 0.018 0.009 0.901 0.01 0.006 0.009 0.008 0.022
0.093 0.025 0.033 0.019 0.629 0.037 0.023 0.026 0.021 0.094
0.019 0.748 0.008 0.093 0.058 0.011 0.009 0.025 0.02 0.008
0.005 0.007 0.003 0.005 0.96 0.003 0.004 0.004 0.004 0.005
0.029 0.005 0.006 0.024 0.897 0.006 0.009 0.008 0.011 0.005
0.019 0.017 0.008 0.008 0.778 0.087 0.011 0.039 0.027 0.007
0.007 0.006 0.006 0.007 0.936 0.007 0.005 0.008 0.005 0.014
0.015 0.02 0.01 0.008 0.433 0.015 0.433 0.033 0.008 0.026
0.006 0.033 0.005 0.285 0.587 0.004 0.006 0.063 0.007 0.004
0.017 0.056 0.006 0.009 0.611 0.011 0.006 0.007 0.268 0.01
0.006 0.005 0.005 0.017 0.904 0.029 0.017 0.007 0.004 0.006
0.006 0.018 0.004 0.112 0.782 0.029 0.026 0.012 0.006 0.005
0.005 0.005 0.005 0.016 0.905 0.029 0.017 0.007 0.004 0.006
0.005 0.006 0.003 0.005 0.96 0.003 0.004 0.004 0.004 0.005
0.005 0.007 0.003 0.005 0.96 0.003 0.004 0.004 0.004 0.005
0.929 0.003 0.01 0.007 0.006 0.013 0.007 0.005 0.009 0.01
0.027 0.004 0.162 0.406 0.004 0.113 0.008 0.022 0.009 0.243
0.237 0.037 0.064 0.026 0.067 0.008 0.018 0.008 0.07 0.465
0.047 0.005 0.862 0.007 0.006 0.005 0.011 0.035 0.014 0.008
0.046 0.006 0.017 0.009 0.005 0.021 0.026 0.005 0.854 0.011
0.246 0.004 0.667 0.008 0.014 0.028 0.009 0.009 0.008 0.006
0.434 0.007 0.378 0.012 0.025 0.022 0.017 0.038 0.009 0.06
0.014 0.01 0.912 0.015 0.006 0.011 0.006 0.007 0.013 0.005
0.018 0.01 0.903 0.017 0.006 0.012 0.007 0.008 0.014 0.006
0.741 0.006 0.006 0.022 0.006 0.129 0.011 0.02 0.047 0.01
0.093 0.004 0.1 0.015 0.01 0.026 0.008 0.053 0.398 0.292
0.91 0.005 0.009 0.012 0.012 0.006 0.011 0.019 0.009 0.007
0.022 0.005 0.925 0.005 0.005 0.005 0.007 0.009 0.006 0.009
0.05 0.019 0.046 0.013 0.014 0.019 0.022 0.061 0.13 0.625
0.159 0.005 0.082 0.05 0.01 0.618 0.015 0.007 0.007 0.049
0.481 0.019 0.421 0.009 0.009 0.017 0.021 0.007 0.01 0.005
0.36 0.043 0.473 0.035 0.007 0.005 0.018 0.007 0.046 0.007
0.007 0.004 0.006 0.007 0.005 0.007 0.006 0.006 0.947 0.004
0.014 0.004 0.006 0.005 0.003 0.004 0.004 0.009 0.946 0.004
0.004 0.003 0.004 0.004 0.004 0.004 0.004 0.003 0.967 0.003
0.005 0.003 0.004 0.004 0.004 0.004 0.007 0.004 0.962 0.003
0.898 0.004 0.011 0.004 0.003 0.024 0.004 0.01 0.022 0.019
0.786 0.007 0.087 0.014 0.011 0.032 0.006 0.008 0.01 0.041
0.375 0.006 0.013 0.019 0.006 0.009 0.09 0.082 0.378 0.022
0.019 0.103 0.453 0.22 0.021 0.007 0.013 0.128 0.008 0.028
0.006 0.027 0.005 0.857 0.008 0.009 0.036 0.01 0.004 0.039
0.027 0.022 0.023 0.789 0.024 0.025 0.01 0.022 0.01 0.047
0.046 0.024 0.015 0.714 0.007 0.14 0.012 0.014 0.006 0.023
0.787 0.011 0.033 0.017 0.004 0.025 0.056 0.034 0.015 0.019
0.201 0.011 0.043 0.022 0.069 0.008 0.093 0.434 0.1 0.019
0.131 0.008 0.01 0.307 0.014 0.265 0.043 0.149 0.05 0.023
0.517 0.013 0.022 0.077 0.034 0.008 0.114 0.063 0.141 0.011
0.223 0.016 0.01 0.654 0.008 0.006 0.012 0.044 0.016 0.012
0.004 0.004 0.003 0.963 0.004 0.005 0.007 0.004 0.004 0.003
0.006 0.134 0.006 0.765 0.006 0.004 0.042 0.01 0.007 0.02
0.043 0.042 0.006 0.71 0.033 0.025 0.048 0.075 0.01 0.009
0.009 0.017 0.005 0.878 0.006 0.014 0.007 0.011 0.048 0.006
0.586 0.015 0.005 0.05 0.057 0.013 0.022 0.06 0.014 0.177
0.398 0.018 0.008 0.118 0.146 0.021 0.032 0.036 0.006 0.216
0.008 0.005 0.004 0.953 0.006 0.004 0.006 0.006 0.004 0.004
0.345 0.038 0.03 0.127 0.016 0.364 0.031 0.027 0.006 0.014
0.154 0.041 0.021 0.047 0.029 0.006 0.009 0.023 0.633 0.037
0.012 0.006 0.005 0.909 0.006 0.024 0.005 0.02 0.008 0.006
0.056 0.007 0.005 0.885 0.005 0.019 0.006 0.005 0.007 0.005
0.091 0.434 0.052 0.327 0.008 0.039 0.008 0.011 0.016 0.015
0.008 0.009 0.005 0.936 0.007 0.006 0.007 0.007 0.011 0.004
0.011 0.007 0.01 0.751 0.006 0.04 0.04 0.113 0.015 0.007
0.013 0.009 0.005 0.895 0.014 0.013 0.01 0.023 0.01 0.008
0.718 0.076 0.007 0.137 0.013 0.012 0.011 0.005 0.007 0.015
0.746 0.085 0.008 0.029 0.017 0.02 0.013 0.019 0.042 0.021
0.921 0.009 0.007 0.006 0.009 0.005 0.01 0.014 0.009 0.01
0.918 0.006 0.007 0.021 0.005 0.007 0.008 0.006 0.01 0.011
0.015 0.031 0.006 0.008 0.009 0.009 0.014 0.007 0.893 0.007
0.848 0.027 0.008 0.012 0.014 0.008 0.023 0.01 0.043 0.007
0.736 0.008 0.005 0.007 0.043 0.006 0.007 0.011 0.023 0.155
0.656 0.009 0.005 0.014 0.01 0.008 0.241 0.014 0.006 0.036
0.04 0.007 0.007 0.845 0.01 0.013 0.02 0.017 0.031 0.009
0.843 0.012 0.016 0.035 0.009 0.01 0.047 0.007 0.016 0.006
0.795 0.017 0.011 0.046 0.02 0.005 0.041 0.025 0.007 0.033
0.029 0.026 0.016 0.038 0.182 0.139 0.048 0.03 0.024 0.468
0.021 0.006 0.014 0.854 0.008 0.034 0.028 0.01 0.008 0.016
0.44 0.052 0.006 0.241 0.008 0.032 0.049 0.046 0.071 0.054
0.681 0.017 0.009 0.052 0.054 0.006 0.072 0.071 0.031 0.008
0.054 0.016 0.006 0.048 0.044 0.008 0.007 0.021 0.782 0.012
0.291 0.015 0.008 0.549 0.008 0.034 0.055 0.01 0.012 0.018
0.795 0.009 0.012 0.026 0.014 0.018 0.067 0.028 0.01 0.021
0.382 0.391 0.029 0.119 0.007 0.01 0.008 0.029 0.019 0.006
0.487 0.013 0.008 0.017 0.036 0.049 0.017 0.061 0.288 0.024
0.438 0.257 0.109 0.017 0.045 0.023 0.025 0.014 0.015 0.056
0.696 0.011 0.005 0.174 0.028 0.007 0.01 0.019 0.043 0.007
0.021 0.006 0.008 0.863 0.014 0.017 0.051 0.006 0.009 0.006
0.273 0.006 0.009 0.628 0.015 0.019 0.016 0.017 0.011 0.007
0.117 0.579 0.079 0.069 0.012 0.027 0.007 0.01 0.023 0.077
0.041 0.578 0.008 0.053 0.08 0.012 0.006 0.02 0.071 0.131
0.016 0.365 0.141 0.01 0.124 0.016 0.005 0.023 0.008 0.293
0.024 0.111 0.01 0.2 0.044 0.061 0.064 0.206 0.013 0.268
0.01 0.007 0.015 0.01 0.008 0.007 0.007 0.925 0.007 0.005
0.013 0.107 0.007 0.157 0.008 0.007 0.007 0.669 0.008 0.018
0.028 0.46 0.039 0.018 0.019 0.014 0.03 0.241 0.098 0.051
0.34 0.187 0.031 0.017 0.034 0.012 0.007 0.339 0.011 0.021
0.014 0.039 0.005 0.143 0.012 0.02 0.014 0.708 0.034 0.011
0.801 0.036 0.01 0.022 0.01 0.022 0.01 0.067 0.013 0.007
0.009 0.071 0.016 0.664 0.014 0.007 0.006 0.197 0.004 0.012
0.015 0.784 0.023 0.088 0.009 0.004 0.007 0.053 0.012 0.005
0.004 0.019 0.004 0.008 0.006 0.006 0.004 0.943 0.003 0.004
0.065 0.836 0.008 0.008 0.011 0.006 0.005 0.027 0.012 0.022
0.044 0.247 0.01 0.018 0.048 0.025 0.008 0.578 0.014 0.009
0.009 0.055 0.007 0.007 0.008 0.006 0.007 0.892 0.005 0.005
0.019 0.008 0.008 0.011 0.021 0.007 0.006 0.865 0.009 0.046
0.015 0.029 0.007 0.007 0.009 0.005 0.008 0.903 0.008 0.008
0.016 0.005 0.008 0.008 0.013 0.007 0.005 0.926 0.006 0.006
0.014 0.009 0.006 0.105 0.018 0.017 0.036 0.78 0.009 0.006
0.041 0.38 0.012 0.072 0.017 0.009 0.008 0.446 0.006 0.008
0.011 0.696 0.006 0.021 0.01 0.006 0.02 0.208 0.008 0.014
0.012 0.042 0.007 0.202 0.005 0.017 0.056 0.607 0.019 0.033
0.022 0.112 0.017 0.064 0.012 0.024 0.024 0.398 0.308 0.018
0.012 0.882 0.02 0.022 0.004 0.007 0.016 0.005 0.026 0.006
0.041 0.609 0.009 0.053 0.072 0.011 0.087 0.046 0.009 0.065
0.019 0.598 0.014 0.189 0.013 0.033 0.051 0.059 0.018 0.006
0.054 0.335 0.031 0.115 0.021 0.028 0.151 0.159 0.042 0.063
0.008 0.72 0.004 0.008 0.007 0.006 0.007 0.222 0.007 0.011
0.093 0.334 0.011 0.169 0.012 0.017 0.047 0.257 0.025 0.034
0.004 0.958 0.005 0.004 0.006 0.004 0.005 0.006 0.004 0.004
0.01 0.899 0.009 0.011 0.007 0.006 0.014 0.035 0.005 0.004
0.007 0.471 0.036 0.012 0.195 0.004 0.011 0.246 0.01 0.009
0.008 0.903 0.009 0.02 0.016 0.006 0.006 0.022 0.006 0.004
0.027 0.732 0.006 0.094 0.023 0.049 0.037 0.018 0.007 0.006
0.005 0.926 0.005 0.006 0.008 0.013 0.019 0.009 0.004 0.006
0.004 0.967 0.004 0.004 0.004 0.003 0.004 0.004 0.004 0.003
0.042 0.66 0.034 0.027 0.061 0.02 0.033 0.036 0.058 0.029
0.009 0.916 0.013 0.007 0.006 0.005 0.009 0.022 0.009 0.005
0.039 0.628 0.009 0.02 0.265 0.006 0.008 0.01 0.008 0.006
0.004 0.957 0.005 0.004 0.008 0.004 0.004 0.005 0.003 0.004
0.089 0.085 0.009 0.044 0.008 0.216 0.106 0.228 0.206 0.01
0.004 0.951 0.006 0.012 0.004 0.004 0.005 0.007 0.003 0.004
0.007 0.95 0.004 0.004 0.007 0.004 0.005 0.01 0.004 0.003
0.007 0.902 0.007 0.014 0.022 0.009 0.016 0.006 0.004 0.015
0.006 0.944 0.008 0.008 0.006 0.004 0.006 0.008 0.005 0.005
0.004 0.959 0.004 0.006 0.004 0.004 0.008 0.004 0.003 0.004
0.019 0.098 0.009 0.316 0.006 0.025 0.25 0.26 0.007 0.011
0.795 0.044 0.013 0.042 0.007 0.007 0.029 0.016 0.009 0.039
0.793 0.004 0.032 0.029 0.006 0.098 0.007 0.008 0.008 0.014
0.951 0.005 0.005 0.007 0.005 0.007 0.006 0.004 0.004 0.006
0.212 0.032 0.044 0.433 0.04 0.03 0.015 0.15 0.009 0.036
0.175 0.007 0.012 0.102 0.019 0.619 0.027 0.012 0.019 0.008
0.884 0.004 0.006 0.025 0.005 0.019 0.007 0.008 0.004 0.036
0.851 0.004 0.051 0.011 0.004 0.027 0.018 0.005 0.011 0.019
0.727 0.009 0.018 0.076 0.008 0.107 0.018 0.02 0.008 0.009
0.876 0.011 0.023 0.012 0.031 0.01 0.009 0.011 0.006 0.011
0.773 0.006 0.021 0.035 0.026 0.107 0.009 0.005 0.007 0.01
0.871 0.006 0.01 0.007 0.017 0.024 0.011 0.022 0.005 0.025
0.921 0.004 0.019 0.006 0.006 0.01 0.012 0.004 0.006 0.012
0.196 0.009 0.026 0.024 0.006 0.024 0.597 0.013 0.099 0.006
0.394 0.017 0.399 0.109 0.004 0.009 0.02 0.014 0.025 0.009
0.103 0.008 0.05 0.012 0.067 0.103 0.089 0.042 0.009 0.519
0.018 0.007 0.236 0.006 0.006 0.035 0.014 0.48 0.006 0.191
0.007 0.013 0.005 0.016 0.009 0.011 0.043 0.089 0.006 0.799
0.183 0.005 0.214 0.008 0.009 0.355 0.055 0.061 0.005 0.105
0.135 0.004 0.057 0.008 0.009 0.121 0.021 0.017 0.006 0.622
0.015 0.019 0.061 0.023 0.017 0.01 0.032 0.008 0.341 0.475
0.006 0.005 0.005 0.005 0.006 0.007 0.908 0.007 0.005 0.047
0.007 0.004 0.007 0.011 0.004 0.026 0.889 0.008 0.005 0.039
0.007 0.004 0.01 0.009 0.006 0.005 0.702 0.004 0.218 0.034
0.006 0.004 0.005 0.007 0.008 0.009 0.006 0.005 0.006 0.945
0.01 0.005 0.007 0.006 0.01 0.007 0.596 0.009 0.014 0.337
0.008 0.003 0.007 0.009 0.011 0.08 0.013 0.011 0.004 0.854
0.008 0.006 0.006 0.022 0.004 0.005 0.874 0.006 0.005 0.064
0.007 0.005 0.007 0.006 0.024 0.005 0.014 0.007 0.006 0.919
0.009 0.004 0.017 0.009 0.007 0.016 0.011 0.006 0.008 0.913
0.107 0.005 0.017 0.068 0.02 0.032 0.648 0.014 0.005 0.083
0.005 0.005 0.004 0.015 0.004 0.018 0.889 0.008 0.005 0.048
0.011 0.011 0.015 0.03 0.014 0.01 0.723 0.009 0.006 0.172
0.011 0.004 0.029 0.006 0.011 0.012 0.004 0.011 0.004 0.907
0.038 0.006 0.006 0.033 0.009 0.291 0.038 0.025 0.009 0.545
0.042 0.006 0.007 0.086 0.011 0.022 0.078 0.007 0.004 0.737
0.01 0.004 0.024 0.024 0.033 0.288 0.192 0.01 0.01 0.405
0.007 0.006 0.009 0.007 0.091 0.012 0.511 0.005 0.018 0.334
0.014 0.005 0.019 0.004 0.012 0.01 0.017 0.007 0.02 0.892
0.022 0.006 0.057 0.011 0.005 0.747 0.037 0.018 0.008 0.089
0.087 0.01 0.016 0.005 0.012 0.809 0.012 0.03 0.007 0.011
0.007 0.064 0.345 0.01 0.013 0.013 0.462 0.009 0.052 0.025
0.006 0.038 0.894 0.005 0.007 0.015 0.015 0.006 0.009 0.006
0.195 0.007 0.271 0.019 0.014 0.16 0.032 0.017 0.239 0.046
0.027 0.015 0.01 0.007 0.004 0.911 0.01 0.006 0.006 0.004
0.005 0.026 0.553 0.01 0.009 0.359 0.014 0.008 0.011 0.005
0.006 0.008 0.013 0.025 0.006 0.495 0.014 0.007 0.42 0.007
0.005 0.005 0.005 0.008 0.004 0.955 0.005 0.004 0.005 0.005
0.013 0.016 0.866 0.009 0.009 0.036 0.018 0.006 0.013 0.013
0.021 0.004 0.115 0.01 0.007 0.769 0.008 0.038 0.007 0.02
0.025 0.018 0.62 0.023 0.01 0.142 0.025 0.011 0.062 0.065
0.008 0.01 0.01 0.012 0.006 0.682 0.067 0.005 0.01 0.19
0.006 0.004 0.014 0.01 0.004 0.913 0.008 0.005 0.006 0.028
0.026 0.004 0.01 0.01 0.005 0.904 0.017 0.005 0.008 0.012
0.006 0.004 0.013 0.006 0.003 0.948 0.004 0.008 0.003 0.005
0.004 0.004 0.007 0.006 0.003 0.961 0.004 0.004 0.004 0.005
0.005 0.007 0.008 0.006 0.007 0.942 0.006 0.007 0.005 0.007
0.008 0.004 0.006 0.006 0.006 0.924 0.022 0.011 0.008 0.006
0.009 0.008 0.007 0.014 0.004 0.912 0.013 0.009 0.016 0.007
0.008 0.005 0.007 0.007 0.004 0.942 0.009 0.006 0.006 0.006
0.01 0.007 0.009 0.01 0.004 0.935 0.005 0.004 0.005 0.01
0.073 0.025 0.021 0.024 0.027 0.419 0.09 0.037 0.018 0.265
0.007 0.004 0.049 0.006 0.012 0.503 0.029 0.007 0.01 0.374
0.019 0.009 0.036 0.008 0.003 0.016 0.023 0.006 0.004 0.875
0.013 0.007 0.029 0.005 0.003 0.015 0.017 0.008 0.178 0.725
0.015 0.018 0.439 0.007 0.005 0.022 0.009 0.005 0.206 0.275
0.026 0.008 0.018 0.014 0.006 0.324 0.104 0.024 0.337 0.139
0.081 0.005 0.029 0.019 0.005 0.761 0.008 0.008 0.021 0.061
0.009 0.009 0.007 0.01 0.009 0.897 0.011 0.011 0.009 0.027
0.008 0.015 0.014 0.054 0.007 0.807 0.034 0.03 0.019 0.012
0.042 0.005 0.01 0.021 0.004 0.845 0.028 0.011 0.014 0.02
0.005 0.004 0.953 0.004 0.003 0.007 0.008 0.006 0.004 0.006
0.005 0.004 0.953 0.004 0.003 0.007 0.008 0.006 0.004 0.006
0.005 0.004 0.953 0.004 0.003 0.007 0.008 0.006 0.004 0.006
0.054 0.012 0.741 0.01 0.005 0.105 0.011 0.011 0.006 0.045
0.006 0.011 0.508 0.01 0.006 0.416 0.008 0.005 0.005 0.025
0.006 0.008 0.323 0.008 0.005 0.02 0.026 0.01 0.579 0.014
0.014 0.01 0.025 0.013 0.006 0.756 0.032 0.006 0.01 0.128
0.019 0.031 0.011 0.007 0.026 0.013 0.012 0.022 0.401 0.457
0.019 0.009 0.019 0.018 0.01 0.567 0.298 0.02 0.012 0.027
0.102 0.02 0.066 0.014 0.005 0.678 0.04 0.017 0.022 0.034
0.01 0.017 0.884 0.008 0.009 0.013 0.027 0.01 0.008 0.013
0.061 0.048 0.063 0.008 0.046 0.066 0.572 0.026 0.039 0.07
0.008 0.005 0.922 0.004 0.003 0.02 0.008 0.006 0.005 0.018
0.012 0.008 0.017 0.011 0.009 0.03 0.1 0.013 0.012 0.788
0.009 0.005 0.923 0.004 0.004 0.02 0.007 0.006 0.005 0.018
0.034 0.007 0.097 0.498 0.007 0.148 0.025 0.155 0.012 0.017
0.017 0.033 0.817 0.04 0.019 0.011 0.007 0.041 0.005 0.01
0.144 0.029 0.015 0.144 0.007 0.096 0.505 0.026 0.016 0.019
0.011 0.098 0.18 0.529 0.023 0.029 0.099 0.011 0.012 0.008
0.343 0.017 0.008 0.455 0.027 0.083 0.031 0.011 0.016 0.012
0.014 0.005 0.01 0.845 0.032 0.046 0.027 0.006 0.004 0.011
0.248 0.023 0.01 0.26 0.13 0.136 0.031 0.126 0.014 0.021
0.093 0.007 0.082 0.585 0.052 0.027 0.015 0.072 0.015 0.051
0.075 0.107 0.33 0.272 0.009 0.01 0.162 0.015 0.013 0.008
0.014 0.011 0.049 0.773 0.013 0.016 0.088 0.012 0.012 0.013
0.015 0.174 0.202 0.219 0.008 0.061 0.277 0.01 0.022 0.013
0.069 0.016 0.009 0.138 0.034 0.01 0.687 0.007 0.024 0.006
0.019 0.017 0.006 0.442 0.013 0.006 0.419 0.062 0.011 0.005
0.022 0.033 0.007 0.018 0.006 0.004 0.036 0.862 0.008 0.005
0.02 0.01 0.005 0.091 0.008 0.046 0.006 0.785 0.019 0.011
0.01 0.005 0.007 0.012 0.009 0.006 0.005 0.719 0.221 0.007
0.051 0.014 0.02 0.255 0.015 0.512 0.011 0.04 0.073 0.009
0.006 0.009 0.006 0.007 0.01 0.004 0.005 0.943 0.007 0.004
0.018 0.706 0.012 0.014 0.008 0.007 0.023 0.198 0.009 0.004
0.008 0.251 0.049 0.109 0.011 0.007 0.008 0.312 0.238 0.005
0.01 0.027 0.008 0.01 0.007 0.004 0.005 0.91 0.013 0.006
0.031 0.007 0.007 0.076 0.013 0.01 0.009 0.802 0.041 0.006
0.01 0.209 0.041 0.166 0.004 0.005 0.014 0.458 0.087 0.007
0.006 0.737 0.007 0.025 0.008 0.004 0.007 0.034 0.166 0.005
0.864 0.005 0.009 0.015 0.007 0.008 0.044 0.017 0.013 0.019
