0.007 0.006 0.013 0.008 0.01 0.006 0.014 0.901 0.013 0.011 0.011
0.011 0.009 0.021 0.006 0.019 0.009 0.009 0.891 0.004 0.01 0.009
0.005 0.033 0.019 0.032 0.016 0.025 0.006 0.828 0.005 0.026 0.007
0.048 0.004 0.025 0.09 0.007 0.014 0.005 0.647 0.008 0.005 0.147
0.008 0.01 0.015 0.031 0.032 0.015 0.012 0.831 0.007 0.032 0.006
0.023 0.011 0.109 0.075 0.025 0.029 0.007 0.683 0.01 0.023 0.005
0.01 0.027 0.091 0.013 0.13 0.317 0.009 0.088 0.006 0.3 0.009
0.034 0.009 0.015 0.006 0.015 0.012 0.125 0.669 0.003 0.107 0.006
0.449 0.015 0.049 0.268 0.01 0.033 0.013 0.144 0.004 0.006 0.008
0.412 0.016 0.012 0.08 0.011 0.013 0.005 0.433 0.004 0.009 0.004
0.037 0.008 0.008 0.033 0.045 0.013 0.005 0.833 0.007 0.006 0.005
0.008 0.008 0.013 0.006 0.01 0.014 0.005 0.897 0.009 0.016 0.014
0.026 0.006 0.008 0.046 0.005 0.013 0.005 0.874 0.006 0.005 0.005
0.011 0.007 0.023 0.01 0.285 0.012 0.114 0.182 0.006 0.344 0.005
0.19 0.008 0.03 0.01 0.023 0.04 0.025 0.569 0.015 0.069 0.021
0.011 0.006 0.01 0.012 0.008 0.025 0.006 0.896 0.014 0.005 0.006
0.581 0.011 0.013 0.018 0.018 0.03 0.009 0.263 0.029 0.022 0.006
0.06 0.022 0.025 0.019 0.047 0.021 0.019 0.768 0.008 0.005 0.005
0.023 0.006 0.704 0.015 0.013 0.012 0.005 0.2 0.013 0.004 0.005
0.036 0.015 0.102 0.052 0.014 0.029 0.008 0.028 0.011 0.695 0.01
0.096 0.006 0.7 0.007 0.082 0.012 0.037 0.045 0.005 0.005 0.005
0.01 0.017 0.013 0.012 0.005 0.007 0.005 0.898 0.022 0.009 0.004
0.039 0.032 0.031 0.011 0.049 0.013 0.013 0.676 0.11 0.018 0.01
0.011 0.006 0.006 0.006 0.009 0.007 0.005 0.934 0.006 0.007 0.004
0.009 0.028 0.016 0.043 0.045 0.011 0.173 0.013 0.557 0.063 0.041
0.003 0.01 0.004 0.004 0.005 0.004 0.114 0.004 0.812 0.037 0.004
0.005 0.007 0.073 0.016 0.007 0.009 0.013 0.006 0.472 0.018 0.374
0.119 0.038 0.021 0.064 0.008 0.016 0.124 0.034 0.425 0.143 0.006
0.01 0.019 0.009 0.008 0.008 0.022 0.008 0.071 0.832 0.005 0.008
0.004 0.007 0.011 0.01 0.008 0.005 0.042 0.005 0.795 0.106 0.007
0.003 0.003 0.004 0.003 0.003 0.003 0.003 0.005 0.964 0.004 0.004
0.006 0.008 0.006 0.01 0.006 0.017 0.005 0.007 0.898 0.024 0.012
0.006 0.008 0.238 0.007 0.013 0.006 0.349 0.011 0.311 0.045 0.005
0.01 0.013 0.011 0.01 0.023 0.007 0.027 0.009 0.874 0.007 0.009
0.019 0.032 0.343 0.008 0.055 0.016 0.019 0.017 0.455 0.024 0.013
0.01 0.021 0.021 0.136 0.007 0.011 0.008 0.025 0.057 0.682 0.021
0.003 0.005 0.004 0.005 0.005 0.005 0.003 0.004 0.955 0.007 0.004
0.005 0.014 0.162 0.014 0.005 0.016 0.005 0.007 0.759 0.004 0.008
0.091 0.016 0.01 0.007 0.007 0.036 0.008 0.037 0.745 0.014 0.028
0.008 0.006 0.008 0.007 0.015 0.007 0.007 0.009 0.923 0.006 0.005
0.011 0.01 0.371 0.006 0.066 0.14 0.008 0.029 0.336 0.016 0.007
0.004 0.005 0.214 0.112 0.004 0.006 0.005 0.06 0.531 0.052 0.007
0.013 0.011 0.012 0.015 0.01 0.036 0.006 0.008 0.586 0.051 0.252
0.039 0.006 0.006 0.03 0.007 0.02 0.005 0.008 0.869 0.005 0.005
0.034 0.005 0.006 0.148 0.006 0.042 0.004 0.009 0.727 0.014 0.005
0.04 0.006 0.006 0.029 0.007 0.02 0.005 0.007 0.869 0.005 0.004
0.003 0.005 0.004 0.005 0.005 0.005 0.003 0.004 0.955 0.006 0.004
0.003 0.005 0.004 0.005 0.005 0.005 0.003 0.004 0.955 0.007 0.004
0.017 0.867 0.008 0.007 0.009 0.057 0.011 0.005 0.005 0.003 0.011
0.09 0.1 0.208 0.185 0.18 0.011 0.177 0.029 0.004 0.004 0.01
0.008 0.309 0.02 0.022 0.331 0.095 0.037 0.007 0.103 0.026 0.041
0.006 0.195 0.057 0.005 0.007 0.008 0.675 0.028 0.004 0.005 0.01
0.022 0.066 0.019 0.008 0.011 0.023 0.015 0.005 0.005 0.006 0.82
0.025 0.53 0.007 0.007 0.006 0.007 0.391 0.006 0.01 0.004 0.007
0.026 0.364 0.03 0.011 0.056 0.133 0.301 0.041 0.023 0.007 0.009
0.011 0.175 0.017 0.014 0.005 0.007 0.735 0.007 0.006 0.01 0.013
0.012 0.182 0.02 0.014 0.006 0.007 0.724 0.008 0.006 0.01 0.013
0.121 0.67 0.021 0.031 0.01 0.065 0.005 0.017 0.006 0.006 0.048
0.022 0.195 0.133 0.009 0.177 0.009 0.078 0.043 0.008 0.004 0.321
0.006 0.812 0.036 0.013 0.007 0.069 0.008 0.02 0.013 0.006 0.01
0.005 0.138 0.006 0.005 0.01 0.009 0.797 0.009 0.005 0.007 0.008
0.021 0.148 0.025 0.01 0.469 0.066 0.05 0.069 0.018 0.019 0.104
0.57 0.199 0.007 0.052 0.031 0.034 0.082 0.006 0.009 0.005 0.006
0.014 0.692 0.012 0.007 0.005 0.018 0.205 0.005 0.006 0.027 0.008
0.005 0.51 0.022 0.015 0.007 0.015 0.33 0.006 0.006 0.055 0.031
0.007 0.008 0.008 0.009 0.004 0.006 0.007 0.008 0.005 0.004 0.932
0.004 0.013 0.014 0.005 0.004 0.005 0.006 0.009 0.003 0.004 0.933
0.004 0.004 0.004 0.004 0.003 0.005 0.004 0.003 0.004 0.003 0.963
0.004 0.005 0.004 0.004 0.003 0.009 0.004 0.004 0.004 0.003 0.957
0.029 0.715 0.021 0.004 0.023 0.144 0.012 0.01 0.003 0.005 0.033
0.025 0.782 0.01 0.017 0.03 0.051 0.052 0.009 0.009 0.007 0.01
0.008 0.449 0.122 0.013 0.021 0.036 0.009 0.061 0.005 0.005 0.27
0.008 0.018 0.073 0.184 0.025 0.013 0.44 0.109 0.022 0.1 0.008
0.006 0.006 0.006 0.925 0.016 0.007 0.005 0.007 0.007 0.011 0.004
0.043 0.031 0.017 0.71 0.046 0.027 0.041 0.025 0.027 0.023 0.01
0.221 0.042 0.026 0.558 0.024 0.053 0.024 0.013 0.007 0.026 0.007
0.024 0.429 0.056 0.023 0.039 0.318 0.044 0.032 0.004 0.013 0.017
0.007 0.11 0.153 0.019 0.022 0.086 0.034 0.413 0.056 0.01 0.09
0.105 0.043 0.579 0.105 0.016 0.016 0.007 0.083 0.011 0.008 0.027
0.006 0.075 0.784 0.018 0.009 0.027 0.009 0.021 0.011 0.008 0.03
0.007 0.06 0.579 0.238 0.013 0.021 0.008 0.037 0.009 0.017 0.012
0.006 0.003 0.004 0.956 0.003 0.009 0.003 0.004 0.004 0.004 0.004
0.004 0.006 0.008 0.867 0.012 0.009 0.007 0.007 0.006 0.068 0.007
0.022 0.027 0.022 0.777 0.007 0.027 0.007 0.054 0.03 0.019 0.009
0.019 0.008 0.268 0.58 0.006 0.012 0.005 0.015 0.007 0.02 0.061
0.014 0.21 0.137 0.046 0.22 0.2 0.005 0.073 0.066 0.016 0.014
0.021 0.183 0.108 0.097 0.223 0.163 0.007 0.032 0.142 0.018 0.006
0.004 0.008 0.007 0.947 0.004 0.007 0.004 0.005 0.006 0.005 0.004
0.398 0.081 0.148 0.129 0.016 0.111 0.041 0.024 0.014 0.033 0.005
0.006 0.054 0.172 0.034 0.03 0.049 0.02 0.021 0.027 0.032 0.555
0.033 0.013 0.024 0.844 0.006 0.021 0.006 0.032 0.006 0.006 0.009
0.017 0.053 0.019 0.838 0.005 0.038 0.005 0.005 0.005 0.007 0.008
0.035 0.096 0.031 0.337 0.014 0.022 0.058 0.011 0.007 0.374 0.014
0.01 0.012 0.11 0.818 0.004 0.007 0.005 0.01 0.006 0.009 0.01
0.045 0.01 0.269 0.495 0.009 0.04 0.008 0.099 0.007 0.007 0.011
0.015 0.01 0.167 0.723 0.008 0.015 0.004 0.026 0.014 0.008 0.01
0.012 0.314 0.043 0.253 0.02 0.28 0.007 0.006 0.011 0.049 0.006
0.016 0.377 0.044 0.059 0.035 0.317 0.009 0.016 0.019 0.071 0.037
0.005 0.526 0.045 0.006 0.027 0.345 0.007 0.013 0.008 0.009 0.009
0.007 0.202 0.531 0.012 0.014 0.197 0.009 0.007 0.005 0.006 0.012
0.01 0.011 0.017 0.009 0.009 0.054 0.007 0.007 0.01 0.04 0.827
0.007 0.121 0.583 0.007 0.007 0.197 0.007 0.008 0.011 0.022 0.029
0.005 0.425 0.038 0.007 0.13 0.31 0.004 0.01 0.045 0.007 0.019
0.008 0.355 0.061 0.017 0.097 0.417 0.005 0.014 0.01 0.009 0.006
0.008 0.017 0.667 0.21 0.008 0.014 0.006 0.029 0.006 0.007 0.027
0.011 0.221 0.624 0.012 0.007 0.076 0.013 0.006 0.007 0.009 0.014
0.005 0.34 0.307 0.058 0.046 0.151 0.011 0.031 0.026 0.017 0.007
0.115 0.02 0.041 0.049 0.432 0.057 0.037 0.03 0.174 0.023 0.021
0.063 0.021 0.015 0.714 0.016 0.118 0.017 0.012 0.008 0.007 0.01
0.015 0.185 0.054 0.292 0.057 0.274 0.009 0.03 0.007 0.03 0.047
0.006 0.224 0.168 0.067 0.011 0.32 0.008 0.091 0.056 0.016 0.032
0.008 0.022 0.044 0.044 0.012 0.109 0.006 0.017 0.041 0.014 0.682
0.054 0.053 0.586 0.163 0.02 0.084 0.006 0.009 0.006 0.012 0.008
0.014 0.093 0.694 0.008 0.021 0.088 0.014 0.042 0.01 0.008 0.009
0.01 0.207 0.025 0.155 0.007 0.217 0.03 0.028 0.007 0.298 0.016
0.041 0.28 0.04 0.017 0.031 0.193 0.007 0.054 0.035 0.013 0.288
0.024 0.214 0.147 0.021 0.068 0.101 0.079 0.014 0.042 0.275 0.014
0.008 0.42 0.141 0.212 0.009 0.086 0.004 0.025 0.035 0.012 0.047
0.022 0.062 0.098 0.713 0.008 0.04 0.008 0.006 0.02 0.007 0.015
0.015 0.213 0.02 0.655 0.007 0.043 0.007 0.013 0.011 0.005 0.01
0.021 0.046 0.066 0.162 0.046 0.139 0.079 0.011 0.012 0.398 0.02
0.011 0.042 0.014 0.13 0.09 0.065 0.008 0.018 0.093 0.469 0.059
0.019 0.016 0.02 0.012 0.218 0.024 0.199 0.023 0.166 0.293 0.009
0.042 0.021 0.04 0.33 0.239 0.031 0.034 0.143 0.039 0.07 0.012
0.007 0.012 0.012 0.011 0.005 0.011 0.012 0.909 0.007 0.007 0.007
0.007 0.015 0.282 0.094 0.013 0.007 0.006 0.462 0.007 0.101 0.006
0.013 0.023 0.046 0.025 0.053 0.017 0.055 0.229 0.022 0.442 0.076
0.012 0.231 0.016 0.019 0.018 0.106 0.03 0.351 0.033 0.17 0.012
0.028 0.015 0.03 0.115 0.012 0.025 0.005 0.675 0.012 0.044 0.038
0.018 0.482 0.018 0.065 0.01 0.3 0.009 0.046 0.009 0.028 0.014
0.007 0.008 0.367 0.323 0.011 0.007 0.02 0.177 0.013 0.064 0.004
0.004 0.019 0.014 0.168 0.005 0.026 0.021 0.054 0.01 0.667 0.011
0.006 0.005 0.005 0.007 0.004 0.004 0.004 0.936 0.006 0.019 0.003
0.007 0.035 0.021 0.014 0.02 0.046 0.009 0.028 0.011 0.798 0.011
0.026 0.037 0.027 0.02 0.008 0.028 0.008 0.575 0.045 0.214 0.012
0.006 0.007 0.009 0.008 0.005 0.009 0.006 0.883 0.007 0.055 0.004
0.007 0.023 0.013 0.013 0.041 0.008 0.009 0.85 0.02 0.008 0.009
0.005 0.014 0.015 0.009 0.008 0.011 0.007 0.883 0.01 0.03 0.009
0.007 0.029 0.009 0.011 0.007 0.007 0.007 0.897 0.015 0.005 0.006
0.02 0.019 0.019 0.201 0.009 0.052 0.006 0.634 0.02 0.01 0.01
0.009 0.045 0.013 0.223 0.008 0.023 0.009 0.343 0.016 0.304 0.006
0.006 0.01 0.017 0.027 0.016 0.009 0.008 0.172 0.01 0.716 0.008
0.012 0.012 0.014 0.422 0.025 0.042 0.012 0.405 0.005 0.028 0.024
0.029 0.019 0.025 0.118 0.018 0.032 0.017 0.308 0.011 0.115 0.308
0.007 0.009 0.023 0.016 0.006 0.015 0.016 0.004 0.004 0.877 0.021
0.01 0.023 0.026 0.049 0.08 0.092 0.008 0.042 0.072 0.589 0.008
0.045 0.029 0.032 0.132 0.007 0.044 0.013 0.055 0.013 0.611 0.02
0.03 0.035 0.114 0.094 0.066 0.097 0.033 0.153 0.02 0.317 0.039
0.006 0.007 0.01 0.011 0.01 0.009 0.004 0.213 0.007 0.715 0.007
0.014 0.027 0.261 0.143 0.023 0.05 0.009 0.178 0.011 0.266 0.017
0.004 0.004 0.006 0.004 0.004 0.005 0.005 0.006 0.006 0.952 0.004
0.006 0.009 0.009 0.008 0.004 0.018 0.01 0.036 0.006 0.889 0.004
0.005 0.008 0.009 0.012 0.01 0.01 0.033 0.251 0.182 0.471 0.01
0.006 0.008 0.012 0.024 0.004 0.006 0.008 0.025 0.016 0.883 0.006
0.04 0.022 0.012 0.118 0.007 0.044 0.006 0.013 0.016 0.715 0.007
0.013 0.004 0.01 0.006 0.007 0.005 0.005 0.009 0.008 0.928 0.005
0.003 0.004 0.004 0.005 0.003 0.005 0.004 0.004 0.004 0.961 0.004
0.02 0.037 0.026 0.029 0.026 0.053 0.032 0.036 0.063 0.624 0.054
0.005 0.008 0.011 0.007 0.005 0.008 0.013 0.021 0.006 0.907 0.01
0.006 0.036 0.012 0.029 0.007 0.015 0.007 0.009 0.252 0.619 0.008
0.004 0.004 0.004 0.005 0.004 0.004 0.005 0.006 0.008 0.952 0.003
0.087 0.047 0.407 0.03 0.011 0.026 0.007 0.162 0.008 0.057 0.159
0.004 0.004 0.006 0.014 0.004 0.005 0.006 0.007 0.004 0.941 0.003
0.004 0.006 0.007 0.005 0.004 0.006 0.004 0.01 0.007 0.942 0.004
0.009 0.006 0.017 0.018 0.016 0.007 0.009 0.006 0.018 0.891 0.004
0.004 0.006 0.006 0.009 0.005 0.006 0.008 0.009 0.006 0.936 0.005
0.004 0.004 0.004 0.007 0.004 0.004 0.004 0.004 0.004 0.958 0.003
0.03 0.021 0.28 0.171 0.017 0.111 0.009 0.22 0.005 0.127 0.008
0.007 0.699 0.016 0.046 0.032 0.116 0.01 0.013 0.006 0.047 0.009
0.139 0.519 0.131 0.022 0.015 0.116 0.033 0.008 0.006 0.004 0.008
0.01 0.539 0.267 0.006 0.008 0.144 0.006 0.004 0.005 0.006 0.005
0.025 0.105 0.227 0.27 0.03 0.124 0.037 0.11 0.039 0.025 0.008
0.229 0.018 0.67 0.011 0.008 0.016 0.012 0.006 0.006 0.005 0.019
0.022 0.72 0.018 0.04 0.033 0.139 0.007 0.008 0.005 0.004 0.004
0.024 0.808 0.043 0.008 0.019 0.05 0.025 0.006 0.004 0.004 0.009
0.147 0.443 0.109 0.12 0.01 0.093 0.022 0.028 0.009 0.01 0.009
0.01 0.766 0.055 0.018 0.011 0.045 0.01 0.016 0.048 0.017 0.006
0.076 0.83 0.009 0.023 0.008 0.011 0.01 0.005 0.017 0.005 0.006
0.03 0.727 0.008 0.009 0.028 0.119 0.011 0.034 0.021 0.006 0.006
0.009 0.904 0.034 0.005 0.01 0.008 0.012 0.004 0.005 0.004 0.005
0.01 0.113 0.741 0.008 0.006 0.018 0.017 0.014 0.005 0.007 0.059
0.007 0.448 0.156 0.046 0.008 0.008 0.282 0.01 0.004 0.016 0.016
0.054 0.066 0.034 0.011 0.511 0.191 0.038 0.033 0.047 0.007 0.008
0.031 0.057 0.018 0.007 0.164 0.011 0.19 0.505 0.006 0.008 0.006
0.023 0.009 0.028 0.022 0.732 0.021 0.008 0.124 0.018 0.01 0.006
0.357 0.195 0.018 0.007 0.119 0.041 0.178 0.066 0.009 0.005 0.005
0.093 0.126 0.033 0.007 0.589 0.089 0.031 0.016 0.008 0.003 0.006
0.01 0.017 0.015 0.028 0.438 0.028 0.079 0.008 0.021 0.019 0.337
0.031 0.007 0.007 0.006 0.263 0.647 0.006 0.012 0.007 0.006 0.008
0.094 0.008 0.011 0.022 0.198 0.62 0.018 0.012 0.004 0.005 0.007
0.008 0.008 0.01 0.015 0.2 0.498 0.011 0.004 0.006 0.004 0.235
0.019 0.007 0.016 0.006 0.905 0.011 0.006 0.005 0.016 0.004 0.007
0.008 0.008 0.018 0.007 0.559 0.348 0.008 0.009 0.008 0.007 0.02
0.105 0.01 0.005 0.01 0.798 0.03 0.012 0.01 0.013 0.004 0.004
0.032 0.009 0.01 0.02 0.302 0.6 0.006 0.007 0.004 0.006 0.005
0.005 0.006 0.006 0.005 0.883 0.034 0.008 0.007 0.033 0.005 0.006
0.015 0.014 0.013 0.008 0.886 0.012 0.027 0.007 0.007 0.003 0.008
0.044 0.16 0.011 0.066 0.223 0.441 0.013 0.012 0.019 0.006 0.004
0.047 0.006 0.007 0.026 0.269 0.617 0.005 0.009 0.004 0.006 0.005
0.008 0.01 0.005 0.052 0.345 0.516 0.028 0.007 0.012 0.009 0.008
0.017 0.017 0.008 0.007 0.803 0.009 0.096 0.019 0.016 0.005 0.004
0.29 0.047 0.015 0.024 0.488 0.077 0.008 0.029 0.007 0.006 0.008
0.026 0.051 0.023 0.059 0.661 0.146 0.007 0.007 0.011 0.006 0.004
0.158 0.009 0.006 0.017 0.367 0.385 0.024 0.009 0.013 0.004 0.008
0.03 0.006 0.006 0.007 0.461 0.376 0.009 0.004 0.079 0.006 0.016
0.011 0.018 0.007 0.004 0.854 0.029 0.027 0.007 0.015 0.006 0.021
0.739 0.017 0.021 0.01 0.075 0.039 0.065 0.017 0.005 0.006 0.007
0.743 0.067 0.031 0.005 0.014 0.046 0.031 0.033 0.012 0.011 0.007
0.019 0.014 0.028 0.01 0.118 0.291 0.306 0.012 0.015 0.107 0.081
0.04 0.019 0.006 0.005 0.008 0.019 0.799 0.006 0.008 0.078 0.012
0.148 0.373 0.015 0.015 0.042 0.022 0.131 0.013 0.01 0.007 0.224
0.884 0.04 0.005 0.009 0.005 0.014 0.01 0.006 0.004 0.016 0.006
0.382 0.014 0.005 0.009 0.006 0.021 0.497 0.008 0.008 0.037 0.013
0.454 0.006 0.006 0.042 0.009 0.02 0.014 0.006 0.006 0.009 0.428
0.95 0.004 0.005 0.008 0.005 0.006 0.005 0.004 0.004 0.005 0.005
0.053 0.041 0.017 0.01 0.016 0.017 0.782 0.006 0.009 0.033 0.017
0.732 0.015 0.009 0.01 0.022 0.018 0.139 0.037 0.007 0.004 0.007
0.117 0.066 0.013 0.021 0.066 0.019 0.585 0.011 0.01 0.017 0.076
0.603 0.013 0.01 0.019 0.249 0.051 0.021 0.005 0.007 0.011 0.012
0.738 0.008 0.167 0.006 0.023 0.004 0.035 0.005 0.003 0.004 0.006
0.561 0.015 0.345 0.007 0.019 0.009 0.025 0.004 0.004 0.004 0.008
0.942 0.006 0.004 0.007 0.005 0.006 0.013 0.008 0.003 0.003 0.003
0.954 0.004 0.005 0.006 0.005 0.004 0.007 0.004 0.003 0.004 0.004
0.926 0.006 0.009 0.006 0.008 0.007 0.011 0.008 0.007 0.007 0.005
0.911 0.007 0.007 0.006 0.007 0.024 0.007 0.012 0.006 0.004 0.009
0.897 0.008 0.01 0.018 0.008 0.013 0.007 0.009 0.004 0.009 0.016
0.927 0.01 0.008 0.008 0.007 0.008 0.01 0.006 0.004 0.005 0.006
0.916 0.011 0.008 0.014 0.011 0.009 0.012 0.004 0.004 0.007 0.005
0.307 0.05 0.118 0.033 0.318 0.029 0.036 0.037 0.026 0.023 0.02
0.464 0.01 0.01 0.006 0.383 0.011 0.078 0.008 0.015 0.004 0.011
0.01 0.015 0.009 0.011 0.752 0.016 0.166 0.006 0.003 0.008 0.004
0.012 0.012 0.005 0.007 0.62 0.016 0.136 0.008 0.003 0.007 0.176
0.022 0.017 0.01 0.008 0.197 0.016 0.49 0.005 0.005 0.016 0.215
0.277 0.018 0.084 0.011 0.148 0.075 0.023 0.026 0.005 0.008 0.326
0.635 0.064 0.106 0.016 0.074 0.032 0.034 0.009 0.005 0.005 0.022
0.871 0.009 0.016 0.01 0.029 0.014 0.009 0.011 0.009 0.01 0.011
0.748 0.008 0.016 0.091 0.018 0.035 0.015 0.029 0.007 0.013 0.02
0.753 0.043 0.036 0.03 0.03 0.055 0.012 0.013 0.004 0.005 0.018
0.007 0.005 0.005 0.004 0.006 0.007 0.95 0.006 0.003 0.004 0.004
0.007 0.005 0.005 0.004 0.006 0.007 0.95 0.006 0.003 0.004 0.004
0.007 0.005 0.005 0.004 0.006 0.007 0.95 0.006 0.003 0.004 0.004
0.085 0.038 0.086 0.006 0.042 0.02 0.691 0.01 0.004 0.011 0.006
0.381 0.006 0.006 0.016 0.021 0.008 0.536 0.005 0.006 0.01 0.005
0.021 0.017 0.015 0.008 0.018 0.012 0.291 0.01 0.005 0.009 0.592
0.687 0.016 0.006 0.023 0.146 0.028 0.063 0.006 0.005 0.01 0.01
0.025 0.023 0.016 0.008 0.371 0.065 0.019 0.041 0.05 0.034 0.348
0.471 0.018 0.011 0.023 0.075 0.333 0.02 0.019 0.009 0.009 0.011
0.608 0.073 0.02 0.016 0.051 0.099 0.066 0.016 0.005 0.017 0.028
0.014 0.011 0.012 0.007 0.027 0.031 0.847 0.011 0.01 0.019 0.011
0.067 0.052 0.049 0.008 0.192 0.405 0.076 0.026 0.043 0.045 0.037
0.018 0.007 0.006 0.004 0.018 0.009 0.92 0.006 0.003 0.005 0.004
0.022 0.013 0.016 0.008 0.758 0.123 0.015 0.014 0.015 0.007 0.008
0.017 0.007 0.006 0.004 0.018 0.009 0.921 0.006 0.003 0.005 0.005
0.152 0.104 0.166 0.293 0.016 0.02 0.063 0.156 0.008 0.008 0.013
0.012 0.042 0.021 0.047 0.01 0.011 0.754 0.043 0.018 0.037 0.005
0.087 0.074 0.017 0.173 0.042 0.521 0.017 0.018 0.006 0.028 0.016
0.036 0.011 0.016 0.466 0.01 0.127 0.179 0.011 0.022 0.111 0.012
0.093 0.431 0.07 0.271 0.015 0.032 0.008 0.012 0.031 0.021 0.016
0.154 0.022 0.199 0.466 0.019 0.063 0.01 0.009 0.047 0.007 0.005
0.153 0.173 0.157 0.16 0.021 0.048 0.009 0.132 0.107 0.026 0.015
0.016 0.047 0.558 0.159 0.047 0.014 0.045 0.065 0.028 0.007 0.014
0.007 0.02 0.461 0.026 0.01 0.045 0.315 0.01 0.006 0.086 0.013
0.03 0.032 0.02 0.593 0.027 0.191 0.052 0.016 0.013 0.012 0.013
0.066 0.013 0.013 0.196 0.021 0.273 0.209 0.009 0.007 0.177 0.017
0.007 0.008 0.916 0.008 0.006 0.015 0.007 0.007 0.005 0.008 0.013
0.004 0.006 0.838 0.035 0.005 0.009 0.005 0.063 0.006 0.021 0.009
0.004 0.016 0.014 0.015 0.006 0.065 0.006 0.825 0.006 0.033 0.009
0.059 0.033 0.019 0.072 0.01 0.008 0.007 0.751 0.008 0.011 0.022
0.007 0.011 0.017 0.013 0.007 0.006 0.007 0.705 0.009 0.005 0.214
0.542 0.077 0.024 0.173 0.009 0.016 0.018 0.033 0.014 0.014 0.079
0.004 0.005 0.006 0.007 0.004 0.008 0.006 0.934 0.01 0.009 0.007
0.007 0.017 0.01 0.017 0.005 0.034 0.011 0.213 0.008 0.668 0.009
0.007 0.01 0.038 0.09 0.005 0.007 0.047 0.312 0.011 0.244 0.229
0.004 0.007 0.015 0.01 0.006 0.008 0.01 0.891 0.008 0.028 0.012
0.012 0.036 0.037 0.089 0.006 0.014 0.006 0.735 0.014 0.007 0.043
0.005 0.014 0.143 0.093 0.008 0.017 0.038 0.36 0.004 0.214 0.103
0.005 0.005 0.014 0.02 0.006 0.006 0.008 0.042 0.009 0.718 0.17
0.007 0.778 0.105 0.01 0.016 0.027 0.007 0.024 0.007 0.005 0.012
