0.019 0.915 0.029 0.01 0.012 0.015
0.013 0.906 0.007 0.013 0.023 0.037
0.097 0.806 0.009 0.058 0.011 0.02
0.008 0.8 0.009 0.01 0.018 0.155
0.04 0.893 0.016 0.017 0.015 0.018
0.026 0.908 0.016 0.012 0.022 0.016
0.196 0.131 0.011 0.026 0.015 0.622
0.165 0.671 0.006 0.011 0.131 0.017
0.01 0.47 0.006 0.102 0.389 0.023
0.01 0.707 0.008 0.071 0.194 0.009
0.01 0.913 0.019 0.019 0.026 0.014
0.019 0.915 0.021 0.012 0.008 0.026
0.007 0.952 0.008 0.01 0.014 0.009
0.442 0.304 0.015 0.014 0.194 0.032
0.093 0.589 0.021 0.015 0.216 0.066
0.008 0.937 0.014 0.009 0.013 0.018
0.028 0.418 0.036 0.02 0.478 0.019
0.008 0.834 0.019 0.028 0.091 0.021
0.009 0.571 0.019 0.046 0.012 0.343
0.804 0.071 0.017 0.039 0.038 0.031
0.011 0.395 0.008 0.056 0.101 0.429
0.011 0.932 0.018 0.021 0.01 0.008
0.018 0.729 0.133 0.038 0.042 0.04
0.01 0.952 0.009 0.008 0.013 0.008
0.184 0.021 0.676 0.056 0.04 0.024
0.122 0.006 0.84 0.008 0.016 0.008
0.027 0.014 0.491 0.031 0.009 0.428
0.226 0.047 0.42 0.166 0.129 0.013
0.011 0.103 0.821 0.02 0.02 0.025
0.14 0.009 0.82 0.011 0.011 0.009
0.007 0.008 0.97 0.006 0.004 0.005
0.051 0.016 0.896 0.011 0.01 0.016
0.209 0.022 0.533 0.133 0.088 0.014
0.009 0.012 0.942 0.013 0.013 0.011
0.045 0.035 0.63 0.18 0.066 0.044
0.858 0.036 0.042 0.036 0.01 0.018
0.009 0.006 0.966 0.007 0.004 0.007
0.008 0.013 0.854 0.092 0.008 0.026
0.025 0.07 0.749 0.012 0.069 0.074
0.01 0.011 0.957 0.008 0.007 0.007
0.026 0.186 0.349 0.036 0.016 0.387
0.052 0.295 0.578 0.058 0.007 0.011
0.078 0.016 0.594 0.015 0.012 0.286
0.009 0.017 0.899 0.019 0.046 0.011
0.057 0.05 0.811 0.032 0.036 0.013
0.009 0.017 0.899 0.019 0.045 0.011
0.009 0.006 0.967 0.007 0.004 0.007
0.009 0.006 0.966 0.007 0.004 0.007
0.005 0.01 0.01 0.904 0.038 0.033
0.006 0.228 0.007 0.253 0.49 0.016
0.024 0.009 0.273 0.393 0.024 0.276
0.011 0.043 0.007 0.43 0.413 0.096
0.008 0.007 0.007 0.028 0.022 0.927
0.007 0.01 0.013 0.528 0.4 0.041
0.018 0.101 0.07 0.527 0.173 0.111
0.082 0.019 0.01 0.352 0.492 0.046
0.075 0.019 0.009 0.366 0.485 0.046
0.009 0.027 0.009 0.759 0.086 0.109
0.007 0.092 0.024 0.267 0.197 0.413
0.009 0.048 0.019 0.864 0.013 0.048
0.135 0.013 0.009 0.178 0.608 0.057
0.019 0.117 0.143 0.278 0.128 0.315
0.008 0.011 0.011 0.115 0.842 0.013
0.058 0.009 0.01 0.725 0.157 0.041
0.279 0.009 0.008 0.595 0.048 0.06
0.008 0.016 0.009 0.015 0.013 0.94
0.007 0.015 0.007 0.056 0.012 0.904
0.005 0.006 0.007 0.008 0.007 0.968
0.006 0.006 0.007 0.008 0.007 0.966
0.008 0.02 0.008 0.316 0.202 0.446
0.013 0.015 0.026 0.66 0.226 0.06
0.009 0.095 0.01 0.424 0.013 0.449
0.627 0.166 0.027 0.052 0.111 0.018
0.65 0.232 0.025 0.065 0.018 0.01
0.128 0.066 0.036 0.51 0.245 0.014
0.057 0.047 0.015 0.513 0.354 0.015
0.021 0.09 0.006 0.245 0.228 0.41
0.02 0.345 0.095 0.148 0.015 0.377
0.02 0.181 0.016 0.576 0.093 0.114
0.018 0.059 0.022 0.704 0.014 0.183
0.029 0.285 0.014 0.64 0.013 0.019
0.063 0.209 0.017 0.682 0.013 0.016
0.736 0.197 0.007 0.031 0.011 0.018
0.464 0.334 0.05 0.088 0.021 0.044
0.063 0.711 0.019 0.138 0.018 0.05
0.018 0.091 0.214 0.584 0.018 0.076
0.037 0.074 0.395 0.429 0.029 0.035
0.029 0.077 0.009 0.867 0.007 0.01
0.116 0.105 0.029 0.172 0.558 0.02
0.053 0.034 0.056 0.351 0.013 0.494
0.033 0.753 0.015 0.156 0.031 0.012
0.031 0.023 0.008 0.905 0.021 0.012
0.602 0.027 0.013 0.259 0.082 0.017
0.028 0.175 0.008 0.759 0.01 0.02
0.013 0.881 0.009 0.058 0.022 0.017
0.016 0.762 0.018 0.143 0.023 0.037
0.185 0.016 0.018 0.71 0.023 0.047
0.174 0.052 0.027 0.259 0.054 0.435
0.012 0.031 0.017 0.323 0.02 0.596
0.011 0.01 0.009 0.921 0.011 0.039
0.035 0.01 0.011 0.012 0.012 0.921
0.049 0.016 0.021 0.782 0.012 0.12
0.01 0.019 0.122 0.3 0.022 0.527
0.018 0.031 0.028 0.258 0.014 0.65
0.012 0.255 0.017 0.637 0.012 0.067
0.014 0.01 0.01 0.905 0.017 0.044
0.021 0.029 0.042 0.878 0.009 0.021
0.074 0.083 0.362 0.03 0.367 0.085
0.012 0.052 0.015 0.789 0.09 0.042
0.122 0.12 0.011 0.16 0.057 0.529
0.025 0.137 0.051 0.484 0.013 0.291
0.027 0.029 0.05 0.031 0.009 0.853
0.014 0.013 0.01 0.918 0.022 0.024
0.013 0.112 0.029 0.608 0.042 0.196
0.555 0.061 0.011 0.274 0.036 0.063
0.029 0.066 0.059 0.123 0.059 0.664
0.371 0.023 0.089 0.349 0.098 0.071
0.015 0.023 0.02 0.912 0.008 0.023
0.016 0.016 0.027 0.819 0.025 0.098
0.009 0.021 0.014 0.923 0.014 0.018
0.641 0.066 0.04 0.131 0.09 0.033
0.549 0.097 0.181 0.038 0.015 0.121
0.342 0.075 0.356 0.023 0.163 0.04
0.435 0.327 0.04 0.028 0.134 0.035
0.01 0.931 0.01 0.017 0.019 0.013
0.103 0.85 0.01 0.018 0.009 0.011
0.567 0.287 0.022 0.04 0.038 0.047
0.205 0.565 0.048 0.126 0.026 0.029
0.04 0.874 0.017 0.03 0.014 0.024
0.079 0.393 0.016 0.275 0.064 0.172
0.035 0.905 0.009 0.031 0.012 0.008
0.838 0.102 0.012 0.029 0.008 0.012
0.025 0.948 0.007 0.007 0.007 0.006
0.857 0.051 0.022 0.037 0.012 0.021
0.304 0.565 0.045 0.034 0.029 0.023
0.118 0.84 0.011 0.011 0.009 0.01
0.01 0.892 0.054 0.023 0.012 0.011
0.05 0.899 0.013 0.015 0.009 0.013
0.008 0.931 0.017 0.024 0.01 0.01
0.014 0.91 0.016 0.033 0.014 0.015
0.327 0.588 0.019 0.044 0.012 0.01
0.667 0.285 0.013 0.014 0.009 0.011
0.166 0.739 0.007 0.018 0.041 0.028
0.154 0.428 0.02 0.064 0.035 0.299
0.926 0.007 0.006 0.025 0.011 0.025
0.669 0.065 0.123 0.078 0.015 0.051
0.628 0.129 0.015 0.164 0.035 0.028
0.442 0.235 0.037 0.114 0.049 0.123
0.675 0.273 0.012 0.011 0.011 0.017
0.287 0.492 0.019 0.125 0.029 0.047
0.961 0.011 0.008 0.007 0.006 0.007
0.89 0.063 0.009 0.011 0.011 0.016
0.585 0.217 0.164 0.013 0.008 0.014
0.944 0.02 0.012 0.009 0.007 0.007
0.744 0.039 0.027 0.125 0.043 0.023
0.939 0.016 0.01 0.007 0.017 0.012
0.971 0.006 0.006 0.006 0.005 0.006
0.711 0.048 0.092 0.042 0.03 0.076
0.936 0.025 0.008 0.012 0.008 0.012
0.648 0.017 0.248 0.063 0.007 0.016
0.966 0.007 0.01 0.006 0.006 0.005
0.08 0.218 0.013 0.216 0.054 0.42
0.967 0.009 0.006 0.007 0.005 0.005
0.952 0.018 0.009 0.009 0.006 0.007
0.94 0.01 0.021 0.009 0.01 0.01
0.96 0.011 0.007 0.008 0.006 0.007
0.971 0.007 0.006 0.006 0.006 0.005
0.111 0.764 0.009 0.032 0.035 0.049
0.061 0.023 0.01 0.86 0.013 0.033
0.006 0.011 0.008 0.813 0.144 0.018
0.008 0.006 0.007 0.956 0.011 0.012
0.055 0.642 0.1 0.135 0.038 0.03
0.01 0.023 0.021 0.542 0.267 0.137
0.006 0.012 0.009 0.944 0.019 0.01
0.006 0.012 0.006 0.737 0.148 0.09
0.015 0.027 0.01 0.866 0.067 0.015
0.029 0.019 0.039 0.881 0.017 0.016
0.009 0.007 0.013 0.906 0.057 0.008
0.013 0.081 0.049 0.675 0.125 0.057
0.005 0.006 0.009 0.945 0.023 0.012
0.01 0.091 0.007 0.366 0.014 0.512
0.059 0.024 0.007 0.763 0.1 0.046
0.009 0.022 0.246 0.027 0.3 0.396
0.018 0.462 0.013 0.065 0.407 0.035
0.019 0.445 0.284 0.032 0.139 0.081
0.007 0.032 0.01 0.113 0.816 0.022
0.006 0.018 0.065 0.087 0.542 0.282
0.041 0.015 0.138 0.04 0.072 0.693
0.009 0.02 0.017 0.015 0.042 0.897
0.012 0.032 0.009 0.046 0.617 0.285
0.009 0.008 0.012 0.031 0.015 0.925
0.007 0.02 0.42 0.022 0.316 0.215
0.007 0.014 0.09 0.012 0.028 0.849
0.006 0.015 0.239 0.013 0.633 0.095
0.012 0.019 0.014 0.209 0.024 0.722
0.014 0.03 0.552 0.018 0.12 0.266
0.006 0.015 0.301 0.027 0.423 0.228
0.008 0.019 0.013 0.555 0.31 0.095
0.017 0.072 0.011 0.185 0.23 0.485
0.041 0.023 0.044 0.03 0.164 0.698
0.007 0.037 0.175 0.024 0.659 0.098
0.01 0.052 0.017 0.217 0.627 0.076
0.01 0.014 0.224 0.515 0.122 0.115
0.007 0.011 0.144 0.064 0.697 0.077
0.011 0.009 0.264 0.072 0.059 0.586
0.006 0.01 0.297 0.021 0.29 0.376
0.009 0.024 0.01 0.02 0.918 0.02
0.017 0.04 0.016 0.046 0.846 0.035
0.202 0.013 0.012 0.017 0.11 0.646
0.379 0.008 0.011 0.009 0.565 0.029
0.009 0.021 0.017 0.228 0.262 0.464
0.022 0.01 0.006 0.022 0.926 0.014
0.089 0.011 0.014 0.012 0.847 0.028
0.014 0.02 0.012 0.019 0.342 0.593
0.01 0.01 0.009 0.013 0.95 0.008
0.219 0.008 0.011 0.015 0.711 0.036
0.007 0.037 0.011 0.019 0.912 0.014
0.048 0.009 0.012 0.016 0.873 0.041
0.018 0.009 0.008 0.014 0.926 0.026
0.006 0.013 0.009 0.042 0.899 0.031
0.006 0.008 0.008 0.102 0.812 0.065
0.006 0.013 0.005 0.01 0.959 0.007
0.007 0.006 0.006 0.01 0.966 0.005
0.012 0.012 0.01 0.012 0.946 0.008
0.007 0.02 0.01 0.013 0.927 0.023
0.017 0.025 0.008 0.028 0.894 0.028
0.01 0.011 0.006 0.018 0.943 0.013
0.015 0.008 0.006 0.02 0.942 0.008
0.058 0.061 0.029 0.079 0.659 0.114
0.007 0.016 0.055 0.015 0.871 0.038
0.031 0.019 0.006 0.017 0.879 0.048
0.016 0.017 0.005 0.011 0.624 0.327
0.032 0.007 0.009 0.016 0.632 0.304
0.01 0.026 0.008 0.031 0.237 0.688
0.008 0.01 0.008 0.056 0.892 0.027
0.011 0.022 0.014 0.018 0.9 0.034
0.02 0.064 0.01 0.03 0.847 0.029
0.006 0.027 0.007 0.064 0.825 0.071
0.012 0.009 0.006 0.008 0.953 0.012
0.012 0.008 0.006 0.008 0.953 0.012
0.012 0.009 0.006 0.008 0.953 0.011
0.034 0.008 0.006 0.029 0.908 0.015
0.014 0.006 0.008 0.009 0.955 0.008
0.013 0.012 0.009 0.015 0.094 0.857
0.011 0.008 0.007 0.01 0.949 0.016
0.043 0.077 0.251 0.03 0.067 0.533
0.017 0.033 0.016 0.028 0.843 0.063
0.021 0.017 0.007 0.034 0.841 0.08
0.101 0.013 0.015 0.014 0.824 0.032
0.035 0.027 0.033 0.024 0.098 0.784
0.015 0.008 0.006 0.01 0.951 0.01
0.012 0.065 0.272 0.057 0.355 0.241
0.015 0.008 0.006 0.01 0.951 0.01
0.009 0.494 0.01 0.259 0.2 0.028
0.411 0.023 0.019 0.175 0.35 0.022
0.058 0.073 0.01 0.346 0.235 0.279
0.324 0.043 0.07 0.27 0.224 0.069
0.019 0.018 0.022 0.896 0.026 0.019
0.015 0.024 0.029 0.833 0.087 0.012
0.028 0.092 0.093 0.732 0.028 0.026
0.012 0.317 0.065 0.486 0.046 0.074
0.316 0.026 0.015 0.441 0.061 0.141
0.036 0.051 0.023 0.753 0.099 0.038
0.359 0.026 0.015 0.17 0.321 0.109
0.016 0.051 0.014 0.454 0.016 0.449
0.033 0.289 0.016 0.327 0.01 0.325
0.055 0.886 0.008 0.016 0.008 0.027
0.012 0.881 0.01 0.052 0.034 0.011
0.008 0.787 0.013 0.022 0.009 0.16
0.021 0.061 0.023 0.542 0.316 0.037
0.016 0.949 0.011 0.007 0.008 0.009
0.748 0.196 0.009 0.014 0.012 0.022
0.368 0.387 0.016 0.021 0.015 0.193
0.038 0.919 0.01 0.012 0.009 0.011
0.012 0.878 0.016 0.067 0.011 0.016
0.203 0.699 0.006 0.022 0.015 0.055
0.741 0.067 0.012 0.01 0.006 0.163
0.007 0.021 0.01 0.916 0.01 0.035
