0.087 0.016 0.881 0.016
0.018 0.042 0.884 0.056
0.016 0.042 0.927 0.015
0.023 0.092 0.771 0.114
0.071 0.014 0.886 0.029
0.031 0.013 0.911 0.044
0.153 0.054 0.494 0.3
0.033 0.018 0.766 0.183
0.012 0.075 0.363 0.55
0.012 0.035 0.64 0.313
0.072 0.019 0.821 0.088
0.085 0.019 0.884 0.012
0.016 0.011 0.913 0.06
0.1 0.016 0.615 0.269
0.068 0.026 0.582 0.324
0.088 0.013 0.861 0.038
0.072 0.015 0.294 0.619
0.048 0.039 0.605 0.308
0.125 0.302 0.536 0.037
0.358 0.043 0.5 0.098
0.099 0.302 0.378 0.222
0.065 0.026 0.893 0.015
0.31 0.054 0.556 0.08
0.026 0.012 0.927 0.035
0.874 0.052 0.044 0.03
0.952 0.016 0.02 0.012
0.569 0.402 0.018 0.011
0.703 0.081 0.098 0.118
0.861 0.026 0.083 0.03
0.937 0.016 0.034 0.012
0.973 0.008 0.013 0.006
0.912 0.016 0.058 0.014
0.762 0.126 0.057 0.055
0.956 0.015 0.014 0.015
0.649 0.258 0.034 0.06
0.524 0.039 0.424 0.013
0.974 0.01 0.01 0.006
0.865 0.108 0.016 0.011
0.834 0.02 0.069 0.078
0.96 0.01 0.017 0.013
0.504 0.181 0.161 0.154
0.665 0.047 0.279 0.009
0.736 0.187 0.063 0.015
0.889 0.014 0.017 0.079
0.85 0.012 0.064 0.074
0.89 0.014 0.017 0.078
0.974 0.01 0.01 0.006
0.974 0.01 0.01 0.006
0.013 0.924 0.01 0.053
0.008 0.224 0.234 0.534
0.369 0.503 0.018 0.11
0.008 0.901 0.014 0.077
0.009 0.966 0.008 0.016
0.013 0.863 0.01 0.113
0.153 0.621 0.063 0.163
0.019 0.862 0.02 0.099
0.018 0.873 0.018 0.091
0.013 0.846 0.031 0.11
0.015 0.914 0.023 0.048
0.021 0.933 0.03 0.016
0.067 0.554 0.03 0.349
0.198 0.58 0.074 0.149
0.013 0.036 0.013 0.939
0.024 0.889 0.015 0.071
0.082 0.83 0.038 0.05
0.01 0.959 0.015 0.016
0.01 0.97 0.009 0.01
0.011 0.969 0.008 0.012
0.012 0.964 0.01 0.015
0.014 0.852 0.021 0.113
0.031 0.818 0.022 0.13
0.01 0.942 0.034 0.014
0.386 0.035 0.512 0.067
0.194 0.018 0.771 0.016
0.167 0.095 0.324 0.414
0.048 0.08 0.142 0.73
0.016 0.219 0.108 0.657
0.219 0.511 0.236 0.034
0.019 0.8 0.15 0.031
0.023 0.925 0.039 0.013
0.035 0.447 0.495 0.022
0.195 0.103 0.66 0.042
0.176 0.022 0.786 0.016
0.219 0.031 0.732 0.018
0.029 0.109 0.843 0.019
0.303 0.516 0.147 0.034
0.592 0.251 0.128 0.028
0.175 0.236 0.569 0.02
0.083 0.108 0.286 0.523
0.047 0.91 0.029 0.014
0.019 0.047 0.89 0.044
0.035 0.702 0.176 0.087
0.313 0.228 0.319 0.14
0.113 0.29 0.572 0.025
0.014 0.09 0.835 0.061
0.027 0.089 0.852 0.031
0.126 0.544 0.273 0.057
0.115 0.378 0.346 0.161
0.089 0.712 0.09 0.109
0.013 0.958 0.015 0.014
0.046 0.883 0.033 0.039
0.033 0.926 0.028 0.013
0.168 0.609 0.044 0.178
0.17 0.366 0.095 0.368
0.024 0.692 0.271 0.012
0.016 0.952 0.015 0.017
0.136 0.76 0.089 0.015
0.445 0.047 0.191 0.316
0.042 0.35 0.13 0.479
0.058 0.268 0.554 0.12
0.093 0.626 0.252 0.029
0.074 0.861 0.052 0.013
0.021 0.854 0.031 0.093
0.069 0.781 0.091 0.059
0.225 0.214 0.526 0.035
0.08 0.738 0.08 0.102
0.311 0.493 0.073 0.123
0.048 0.903 0.039 0.01
0.1 0.809 0.032 0.059
0.037 0.816 0.069 0.078
0.241 0.11 0.604 0.045
0.452 0.038 0.488 0.022
0.547 0.028 0.253 0.172
0.093 0.025 0.818 0.064
0.028 0.052 0.903 0.017
0.033 0.023 0.932 0.012
0.123 0.048 0.801 0.028
0.177 0.066 0.728 0.029
0.022 0.027 0.926 0.025
0.037 0.209 0.69 0.063
0.016 0.02 0.951 0.013
0.209 0.03 0.754 0.007
0.016 0.009 0.967 0.008
0.374 0.029 0.586 0.011
0.096 0.028 0.854 0.023
0.019 0.011 0.959 0.011
0.169 0.036 0.774 0.02
0.016 0.018 0.952 0.014
0.035 0.069 0.881 0.014
0.026 0.043 0.888 0.043
0.062 0.02 0.907 0.012
0.065 0.012 0.911 0.012
0.014 0.018 0.929 0.04
0.083 0.229 0.637 0.051
0.54 0.046 0.384 0.03
0.583 0.035 0.349 0.032
0.382 0.067 0.523 0.028
0.197 0.141 0.525 0.138
0.206 0.012 0.769 0.012
0.053 0.071 0.842 0.034
0.56 0.01 0.421 0.009
0.489 0.01 0.49 0.011
0.619 0.012 0.359 0.01
0.549 0.016 0.423 0.012
0.521 0.03 0.413 0.036
0.551 0.01 0.421 0.018
0.552 0.01 0.43 0.007
0.551 0.088 0.302 0.059
0.373 0.02 0.594 0.014
0.691 0.027 0.271 0.011
0.586 0.008 0.398 0.008
0.032 0.721 0.215 0.032
0.551 0.01 0.429 0.01
0.433 0.011 0.549 0.008
0.584 0.01 0.393 0.013
0.539 0.009 0.442 0.01
0.553 0.009 0.429 0.01
0.02 0.029 0.893 0.057
0.072 0.81 0.079 0.04
0.012 0.743 0.014 0.231
0.01 0.967 0.01 0.014
0.099 0.093 0.759 0.049
0.017 0.895 0.016 0.072
0.025 0.863 0.02 0.093
0.01 0.855 0.012 0.123
0.026 0.693 0.087 0.194
0.047 0.907 0.027 0.019
0.027 0.852 0.015 0.107
0.085 0.662 0.075 0.178
0.011 0.955 0.007 0.026
0.024 0.905 0.059 0.012
0.016 0.921 0.035 0.028
0.234 0.027 0.017 0.722
0.025 0.247 0.404 0.323
0.338 0.04 0.357 0.265
0.013 0.186 0.026 0.774
0.119 0.092 0.011 0.778
0.209 0.367 0.029 0.395
0.127 0.032 0.016 0.825
0.013 0.024 0.019 0.944
0.084 0.336 0.016 0.564
0.302 0.031 0.015 0.652
0.228 0.042 0.017 0.713
0.141 0.01 0.011 0.838
0.061 0.267 0.033 0.64
0.423 0.015 0.013 0.549
0.226 0.03 0.01 0.734
0.048 0.241 0.041 0.67
0.027 0.079 0.063 0.831
0.128 0.028 0.037 0.807
0.111 0.02 0.024 0.846
0.023 0.055 0.028 0.894
0.185 0.154 0.023 0.638
0.045 0.015 0.009 0.931
0.207 0.078 0.01 0.705
0.246 0.047 0.01 0.697
0.013 0.021 0.016 0.95
0.023 0.05 0.053 0.873
0.191 0.116 0.036 0.656
0.128 0.018 0.037 0.817
0.016 0.634 0.015 0.334
0.013 0.026 0.016 0.945
0.034 0.017 0.018 0.932
0.029 0.268 0.044 0.66
0.012 0.011 0.013 0.964
0.067 0.034 0.023 0.877
0.019 0.024 0.03 0.927
0.036 0.032 0.014 0.918
0.014 0.014 0.012 0.959
0.01 0.186 0.01 0.794
0.009 0.369 0.008 0.613
0.007 0.011 0.012 0.97
0.008 0.01 0.008 0.973
0.011 0.014 0.012 0.963
0.011 0.014 0.013 0.961
0.014 0.023 0.022 0.941
0.009 0.021 0.013 0.956
0.011 0.022 0.018 0.948
0.063 0.084 0.106 0.747
0.057 0.015 0.013 0.915
0.011 0.016 0.05 0.923
0.009 0.078 0.029 0.884
0.017 0.137 0.012 0.833
0.013 0.3 0.026 0.661
0.01 0.091 0.013 0.885
0.013 0.019 0.016 0.951
0.015 0.026 0.083 0.876
0.009 0.04 0.018 0.932
0.011 0.011 0.01 0.968
0.011 0.011 0.01 0.968
0.011 0.012 0.01 0.967
0.015 0.065 0.015 0.905
0.014 0.011 0.009 0.966
0.015 0.825 0.016 0.144
0.009 0.011 0.011 0.969
0.467 0.222 0.111 0.199
0.016 0.016 0.021 0.947
0.012 0.037 0.021 0.93
0.034 0.016 0.024 0.926
0.177 0.039 0.028 0.756
0.012 0.012 0.011 0.965
0.25 0.043 0.029 0.678
0.012 0.012 0.011 0.965
0.015 0.316 0.452 0.217
0.38 0.171 0.11 0.339
0.034 0.125 0.1 0.741
0.477 0.062 0.128 0.333
0.056 0.776 0.047 0.122
0.124 0.408 0.062 0.406
0.178 0.62 0.132 0.07
0.096 0.601 0.251 0.052
0.158 0.667 0.08 0.094
0.094 0.443 0.123 0.34
0.191 0.056 0.077 0.675
0.039 0.891 0.049 0.021
0.04 0.608 0.34 0.012
0.018 0.018 0.951 0.013
0.013 0.065 0.837 0.085
0.03 0.254 0.705 0.012
0.03 0.461 0.066 0.443
0.019 0.011 0.955 0.014
0.263 0.014 0.711 0.012
0.173 0.16 0.647 0.02
0.012 0.025 0.948 0.014
0.018 0.154 0.809 0.019
0.049 0.094 0.835 0.021
0.402 0.066 0.523 0.01
0.014 0.953 0.015 0.018
