0.039 0.015 0.946
0.041 0.063 0.896
0.036 0.021 0.944
0.141 0.113 0.746
0.039 0.023 0.938
0.023 0.031 0.946
0.525 0.017 0.458
0.022 0.141 0.837
0.04 0.848 0.112
0.013 0.539 0.448
0.076 0.082 0.843
0.046 0.012 0.942
0.017 0.044 0.939
0.035 0.136 0.829
0.175 0.199 0.626
0.072 0.029 0.899
0.066 0.657 0.277
0.097 0.541 0.363
0.878 0.015 0.107
0.077 0.073 0.85
0.893 0.079 0.029
0.023 0.028 0.948
0.519 0.062 0.419
0.019 0.03 0.951
0.824 0.058 0.118
0.913 0.034 0.054
0.972 0.009 0.019
0.321 0.299 0.38
0.946 0.013 0.04
0.837 0.023 0.14
0.972 0.007 0.021
0.919 0.011 0.07
0.719 0.137 0.144
0.96 0.016 0.024
0.91 0.039 0.051
0.043 0.022 0.935
0.975 0.008 0.017
0.976 0.011 0.013
0.943 0.021 0.036
0.969 0.011 0.021
0.936 0.016 0.049
0.547 0.011 0.443
0.925 0.013 0.062
0.867 0.097 0.036
0.66 0.066 0.274
0.868 0.096 0.036
0.975 0.008 0.017
0.975 0.008 0.017
0.093 0.894 0.013
0.015 0.77 0.215
0.907 0.066 0.027
0.061 0.914 0.025
0.913 0.077 0.01
0.016 0.974 0.01
0.344 0.606 0.051
0.014 0.964 0.022
0.015 0.964 0.022
0.059 0.907 0.034
0.319 0.65 0.031
0.419 0.519 0.062
0.013 0.965 0.022
0.849 0.112 0.039
0.01 0.981 0.009
0.024 0.958 0.017
0.056 0.899 0.044
0.936 0.046 0.018
0.953 0.031 0.016
0.976 0.016 0.008
0.971 0.019 0.009
0.14 0.843 0.017
0.085 0.884 0.031
0.792 0.138 0.07
0.023 0.081 0.897
0.02 0.019 0.961
0.034 0.69 0.276
0.016 0.929 0.056
0.062 0.79 0.148
0.81 0.041 0.148
0.222 0.592 0.185
0.907 0.031 0.062
0.165 0.094 0.742
0.025 0.048 0.926
0.017 0.017 0.966
0.047 0.021 0.932
0.047 0.032 0.922
0.935 0.025 0.04
0.932 0.022 0.046
0.025 0.035 0.94
0.067 0.595 0.337
0.926 0.027 0.047
0.017 0.071 0.911
0.043 0.731 0.225
0.023 0.445 0.532
0.036 0.052 0.912
0.024 0.105 0.871
0.052 0.053 0.895
0.351 0.24 0.408
0.486 0.149 0.365
0.638 0.301 0.061
0.819 0.156 0.026
0.951 0.024 0.025
0.948 0.024 0.028
0.869 0.097 0.034
0.875 0.064 0.062
0.555 0.05 0.395
0.812 0.165 0.024
0.852 0.037 0.111
0.731 0.131 0.138
0.068 0.879 0.052
0.443 0.096 0.461
0.858 0.037 0.105
0.965 0.012 0.023
0.23 0.728 0.042
0.751 0.19 0.058
0.06 0.075 0.864
0.814 0.119 0.067
0.472 0.344 0.184
0.901 0.03 0.069
0.849 0.125 0.026
0.116 0.827 0.057
0.058 0.075 0.868
0.197 0.016 0.786
0.305 0.114 0.581
0.039 0.052 0.909
0.037 0.059 0.903
0.017 0.017 0.966
0.063 0.024 0.913
0.039 0.036 0.925
0.019 0.028 0.954
0.063 0.185 0.753
0.011 0.016 0.972
0.015 0.014 0.971
0.009 0.01 0.981
0.018 0.015 0.967
0.036 0.029 0.935
0.015 0.012 0.973
0.102 0.033 0.865
0.018 0.018 0.964
0.036 0.036 0.928
0.023 0.064 0.913
0.011 0.015 0.973
0.016 0.01 0.974
0.013 0.03 0.958
0.145 0.072 0.783
0.032 0.031 0.937
0.098 0.02 0.881
0.019 0.04 0.941
0.194 0.118 0.688
0.015 0.01 0.975
0.076 0.034 0.89
0.016 0.009 0.975
0.011 0.008 0.981
0.031 0.011 0.958
0.013 0.018 0.969
0.023 0.063 0.913
0.013 0.016 0.971
0.012 0.01 0.978
0.275 0.06 0.666
0.015 0.014 0.971
0.102 0.019 0.88
0.013 0.011 0.976
0.334 0.257 0.408
0.01 0.011 0.979
0.013 0.008 0.979
0.023 0.013 0.964
0.01 0.011 0.979
0.008 0.01 0.982
0.028 0.042 0.93
0.272 0.39 0.337
0.03 0.96 0.01
0.376 0.606 0.018
0.072 0.059 0.869
0.209 0.772 0.019
0.077 0.903 0.02
0.032 0.958 0.01
0.098 0.805 0.097
0.268 0.669 0.062
0.017 0.968 0.015
0.105 0.825 0.07
0.033 0.957 0.01
0.899 0.078 0.024
0.068 0.839 0.094
0.881 0.101 0.019
0.048 0.742 0.21
0.8 0.053 0.147
0.016 0.972 0.012
0.307 0.68 0.012
0.851 0.117 0.032
0.893 0.088 0.019
0.04 0.936 0.023
0.961 0.024 0.015
0.88 0.107 0.013
0.97 0.019 0.011
0.283 0.703 0.014
0.738 0.233 0.029
0.964 0.024 0.013
0.72 0.268 0.012
0.072 0.893 0.035
0.15 0.763 0.087
0.805 0.124 0.072
0.189 0.789 0.022
0.041 0.935 0.024
0.445 0.536 0.019
0.046 0.944 0.011
0.874 0.114 0.012
0.837 0.152 0.01
0.024 0.958 0.018
0.052 0.903 0.045
0.769 0.176 0.055
0.026 0.897 0.077
0.173 0.81 0.017
0.01 0.973 0.016
0.022 0.945 0.033
0.464 0.475 0.061
0.013 0.972 0.016
0.021 0.943 0.036
0.031 0.946 0.023
0.018 0.964 0.018
0.032 0.952 0.016
0.024 0.965 0.011
0.039 0.953 0.009
0.008 0.98 0.012
0.008 0.982 0.01
0.011 0.975 0.014
0.021 0.962 0.017
0.024 0.946 0.03
0.013 0.973 0.014
0.011 0.969 0.02
0.491 0.435 0.074
0.115 0.866 0.019
0.014 0.907 0.079
0.078 0.877 0.045
0.113 0.87 0.017
0.428 0.544 0.028
0.018 0.971 0.011
0.031 0.948 0.021
0.019 0.946 0.034
0.018 0.97 0.013
0.013 0.974 0.013
0.013 0.974 0.013
0.013 0.973 0.013
0.015 0.969 0.016
0.013 0.974 0.013
0.825 0.159 0.016
0.016 0.967 0.017
0.906 0.035 0.059
0.031 0.939 0.03
0.029 0.946 0.025
0.038 0.91 0.052
0.922 0.05 0.028
0.015 0.969 0.016
0.813 0.166 0.021
0.015 0.968 0.017
0.032 0.517 0.451
0.023 0.843 0.134
0.037 0.847 0.116
0.065 0.628 0.307
0.151 0.776 0.072
0.071 0.88 0.049
0.307 0.445 0.248
0.477 0.28 0.243
0.202 0.575 0.224
0.038 0.877 0.085
0.051 0.659 0.29
0.957 0.026 0.017
0.752 0.018 0.229
0.014 0.015 0.971
0.014 0.215 0.771
0.327 0.028 0.645
0.039 0.923 0.038
0.017 0.017 0.966
0.011 0.011 0.978
0.101 0.019 0.88
0.018 0.016 0.965
0.071 0.033 0.896
0.032 0.017 0.95
0.077 0.01 0.913
0.284 0.67 0.046
