0.007 0.007 0.01 0.011 0.006 0.01 0.009 0.012 0.928
0.01 0.01 0.009 0.008 0.009 0.009 0.006 0.004 0.934
0.005 0.015 0.008 0.007 0.054 0.03 0.025 0.005 0.852
0.039 0.009 0.158 0.005 0.005 0.005 0.112 0.007 0.659
0.008 0.029 0.007 0.011 0.012 0.041 0.034 0.007 0.85
0.019 0.015 0.006 0.007 0.014 0.024 0.192 0.01 0.712
0.011 0.468 0.014 0.007 0.052 0.309 0.016 0.007 0.116
0.025 0.012 0.006 0.122 0.007 0.105 0.007 0.003 0.712
0.423 0.02 0.008 0.012 0.023 0.006 0.241 0.004 0.263
0.374 0.011 0.005 0.005 0.019 0.01 0.143 0.005 0.429
0.03 0.029 0.005 0.005 0.009 0.006 0.029 0.007 0.88
0.006 0.007 0.014 0.004 0.012 0.014 0.007 0.008 0.928
0.02 0.007 0.005 0.005 0.007 0.005 0.074 0.006 0.871
0.018 0.189 0.006 0.155 0.008 0.401 0.014 0.006 0.204
0.118 0.022 0.019 0.014 0.01 0.046 0.01 0.013 0.747
0.01 0.011 0.006 0.005 0.007 0.005 0.008 0.011 0.937
0.507 0.029 0.006 0.008 0.014 0.02 0.017 0.023 0.376
0.064 0.039 0.006 0.019 0.041 0.005 0.043 0.009 0.774
0.015 0.053 0.071 0.004 0.007 0.004 0.098 0.012 0.736
0.034 0.023 0.015 0.008 0.023 0.732 0.105 0.012 0.049
0.081 0.092 0.088 0.028 0.01 0.005 0.084 0.005 0.608
0.01 0.005 0.005 0.006 0.015 0.009 0.017 0.022 0.91
0.024 0.028 0.013 0.01 0.017 0.014 0.015 0.085 0.793
0.01 0.007 0.004 0.005 0.007 0.007 0.006 0.006 0.949
0.01 0.013 0.038 0.205 0.024 0.067 0.041 0.588 0.015
0.003 0.004 0.004 0.13 0.004 0.036 0.004 0.81 0.004
0.004 0.009 0.431 0.009 0.007 0.017 0.038 0.477 0.006
0.076 0.012 0.007 0.164 0.015 0.132 0.091 0.471 0.032
0.011 0.011 0.011 0.008 0.03 0.006 0.01 0.863 0.051
0.005 0.007 0.008 0.054 0.005 0.099 0.01 0.806 0.005
0.003 0.004 0.004 0.003 0.004 0.004 0.003 0.971 0.005
0.006 0.006 0.01 0.005 0.011 0.029 0.006 0.919 0.007
0.008 0.008 0.009 0.444 0.017 0.035 0.022 0.444 0.013
0.01 0.011 0.009 0.019 0.011 0.007 0.009 0.915 0.009
0.031 0.092 0.031 0.042 0.094 0.028 0.024 0.635 0.023
0.011 0.007 0.02 0.008 0.021 0.777 0.077 0.055 0.024
0.003 0.005 0.004 0.003 0.005 0.006 0.005 0.964 0.004
0.006 0.006 0.016 0.006 0.032 0.005 0.025 0.895 0.009
0.083 0.01 0.024 0.008 0.02 0.018 0.008 0.793 0.036
0.007 0.01 0.005 0.006 0.007 0.006 0.007 0.945 0.008
0.01 0.307 0.046 0.007 0.019 0.019 0.038 0.367 0.186
0.004 0.005 0.007 0.005 0.006 0.033 0.311 0.586 0.044
0.011 0.006 0.278 0.006 0.015 0.054 0.008 0.613 0.008
0.033 0.011 0.005 0.005 0.006 0.005 0.018 0.908 0.008
0.026 0.011 0.006 0.004 0.006 0.017 0.155 0.765 0.009
0.032 0.011 0.005 0.005 0.006 0.005 0.019 0.909 0.008
0.003 0.005 0.004 0.003 0.005 0.006 0.005 0.964 0.004
0.003 0.005 0.004 0.003 0.005 0.007 0.005 0.964 0.004
0.015 0.009 0.011 0.012 0.932 0.004 0.007 0.006 0.005
0.12 0.128 0.01 0.284 0.031 0.004 0.406 0.004 0.013
0.008 0.356 0.038 0.04 0.381 0.03 0.017 0.12 0.009
0.005 0.009 0.021 0.865 0.05 0.005 0.008 0.005 0.03
0.02 0.015 0.879 0.015 0.045 0.006 0.009 0.005 0.006
0.032 0.009 0.009 0.61 0.304 0.004 0.009 0.014 0.008
0.025 0.02 0.01 0.264 0.591 0.007 0.014 0.024 0.046
0.011 0.006 0.016 0.91 0.015 0.011 0.017 0.006 0.007
0.011 0.006 0.017 0.902 0.02 0.011 0.019 0.006 0.008
0.132 0.014 0.06 0.006 0.732 0.006 0.026 0.007 0.018
0.062 0.066 0.476 0.172 0.125 0.004 0.02 0.013 0.064
0.006 0.009 0.012 0.009 0.914 0.006 0.013 0.013 0.019
0.006 0.008 0.007 0.939 0.016 0.006 0.005 0.005 0.008
0.033 0.343 0.113 0.077 0.256 0.013 0.013 0.029 0.123
0.603 0.06 0.007 0.108 0.146 0.005 0.055 0.01 0.007
0.017 0.009 0.011 0.363 0.552 0.023 0.01 0.009 0.007
0.006 0.01 0.041 0.44 0.414 0.047 0.03 0.006 0.007
0.008 0.005 0.95 0.007 0.007 0.004 0.008 0.005 0.006
0.005 0.004 0.955 0.006 0.011 0.004 0.005 0.003 0.007
0.004 0.004 0.969 0.004 0.005 0.003 0.004 0.004 0.003
0.004 0.005 0.966 0.004 0.005 0.004 0.004 0.004 0.004
0.031 0.009 0.024 0.012 0.902 0.005 0.004 0.003 0.01
0.029 0.027 0.011 0.087 0.81 0.008 0.011 0.01 0.007
0.009 0.061 0.454 0.013 0.372 0.006 0.033 0.006 0.048
0.008 0.01 0.011 0.502 0.02 0.082 0.237 0.023 0.109
0.016 0.014 0.005 0.005 0.007 0.073 0.862 0.008 0.009
0.029 0.026 0.01 0.042 0.028 0.023 0.794 0.026 0.022
0.107 0.019 0.007 0.017 0.039 0.02 0.774 0.006 0.011
0.031 0.047 0.016 0.037 0.8 0.013 0.024 0.004 0.028
0.007 0.031 0.111 0.03 0.239 0.011 0.026 0.046 0.498
0.26 0.015 0.103 0.009 0.117 0.01 0.332 0.014 0.14
0.008 0.024 0.316 0.018 0.425 0.012 0.125 0.026 0.046
0.007 0.012 0.025 0.01 0.21 0.016 0.684 0.009 0.028
0.005 0.004 0.004 0.003 0.004 0.005 0.966 0.005 0.004
0.005 0.01 0.007 0.006 0.006 0.205 0.744 0.006 0.009
0.032 0.011 0.01 0.006 0.041 0.07 0.726 0.033 0.071
0.015 0.005 0.059 0.005 0.009 0.018 0.875 0.006 0.009
0.015 0.042 0.015 0.006 0.745 0.013 0.033 0.07 0.062
0.024 0.035 0.008 0.008 0.612 0.015 0.07 0.179 0.05
0.004 0.005 0.004 0.005 0.009 0.006 0.955 0.007 0.006
0.366 0.016 0.011 0.029 0.342 0.038 0.16 0.015 0.024
0.006 0.02 0.69 0.019 0.13 0.044 0.04 0.029 0.021
0.023 0.005 0.009 0.005 0.012 0.007 0.915 0.007 0.017
0.021 0.006 0.009 0.005 0.074 0.009 0.866 0.005 0.005
0.038 0.013 0.017 0.057 0.102 0.451 0.304 0.008 0.011
0.006 0.005 0.012 0.005 0.009 0.009 0.941 0.007 0.007
0.028 0.013 0.015 0.009 0.01 0.007 0.849 0.006 0.064
0.013 0.007 0.012 0.005 0.014 0.009 0.905 0.013 0.021
0.013 0.016 0.007 0.007 0.768 0.083 0.087 0.012 0.006
0.023 0.024 0.046 0.008 0.748 0.094 0.022 0.018 0.018
0.005 0.016 0.009 0.007 0.924 0.009 0.006 0.009 0.014
0.007 0.007 0.014 0.008 0.925 0.007 0.021 0.005 0.006
0.01 0.008 0.902 0.006 0.014 0.034 0.009 0.01 0.007
0.009 0.008 0.087 0.007 0.825 0.026 0.014 0.014 0.011
0.006 0.135 0.019 0.005 0.76 0.008 0.007 0.051 0.011
0.009 0.33 0.008 0.005 0.595 0.01 0.017 0.009 0.017
0.012 0.008 0.058 0.006 0.039 0.007 0.846 0.009 0.015
0.009 0.011 0.071 0.017 0.822 0.012 0.042 0.009 0.007
0.005 0.034 0.012 0.011 0.851 0.016 0.033 0.016 0.023
0.338 0.16 0.026 0.025 0.046 0.033 0.042 0.261 0.069
0.031 0.025 0.01 0.015 0.023 0.006 0.872 0.009 0.01
0.059 0.039 0.067 0.008 0.486 0.075 0.209 0.009 0.047
0.007 0.026 0.04 0.009 0.724 0.018 0.056 0.058 0.064
0.008 0.008 0.82 0.006 0.053 0.017 0.032 0.039 0.018
0.034 0.027 0.019 0.009 0.258 0.014 0.623 0.008 0.009
0.024 0.035 0.024 0.012 0.8 0.009 0.04 0.014 0.042
0.011 0.007 0.018 0.034 0.384 0.435 0.078 0.007 0.026
0.046 0.042 0.302 0.008 0.472 0.013 0.019 0.036 0.062
0.024 0.05 0.021 0.111 0.46 0.25 0.023 0.045 0.017
0.008 0.007 0.061 0.005 0.736 0.011 0.128 0.029 0.015
0.014 0.012 0.012 0.008 0.039 0.006 0.89 0.014 0.006
0.021 0.01 0.013 0.009 0.328 0.006 0.579 0.015 0.018
0.033 0.019 0.031 0.108 0.126 0.586 0.074 0.014 0.01
0.013 0.091 0.07 0.009 0.052 0.575 0.059 0.114 0.018
0.022 0.134 0.01 0.259 0.022 0.279 0.014 0.235 0.024
0.153 0.117 0.018 0.018 0.028 0.17 0.325 0.037 0.134
0.007 0.005 0.007 0.015 0.01 0.008 0.011 0.007 0.931
0.008 0.013 0.011 0.008 0.016 0.12 0.273 0.009 0.543
0.021 0.015 0.103 0.046 0.033 0.51 0.021 0.018 0.233
0.011 0.011 0.012 0.03 0.397 0.18 0.017 0.036 0.307
0.021 0.018 0.046 0.006 0.015 0.056 0.258 0.014 0.566
0.022 0.008 0.014 0.011 0.825 0.038 0.023 0.011 0.049
0.007 0.007 0.005 0.017 0.009 0.062 0.744 0.013 0.135
0.004 0.006 0.012 0.024 0.014 0.81 0.084 0.009 0.037
0.006 0.004 0.003 0.004 0.004 0.018 0.008 0.006 0.947
0.007 0.01 0.013 0.009 0.066 0.847 0.008 0.012 0.028
0.028 0.008 0.018 0.011 0.047 0.314 0.019 0.056 0.5
0.006 0.006 0.005 0.006 0.009 0.067 0.007 0.008 0.887
0.008 0.018 0.012 0.011 0.026 0.01 0.015 0.026 0.874
0.005 0.009 0.01 0.009 0.016 0.036 0.01 0.011 0.892
0.007 0.006 0.007 0.008 0.021 0.006 0.01 0.017 0.919
0.016 0.017 0.01 0.006 0.014 0.012 0.336 0.02 0.566
0.009 0.009 0.007 0.012 0.05 0.43 0.163 0.019 0.299
0.007 0.01 0.009 0.007 0.011 0.799 0.022 0.009 0.126
0.026 0.031 0.021 0.01 0.013 0.066 0.42 0.005 0.407
0.026 0.027 0.346 0.017 0.023 0.139 0.126 0.013 0.282
0.008 0.01 0.029 0.018 0.013 0.891 0.022 0.004 0.005
0.011 0.151 0.011 0.009 0.053 0.613 0.05 0.059 0.044
0.033 0.013 0.019 0.013 0.02 0.615 0.233 0.012 0.042
0.028 0.107 0.052 0.036 0.06 0.372 0.139 0.021 0.185
0.007 0.008 0.009 0.004 0.008 0.733 0.008 0.007 0.216
0.017 0.038 0.052 0.01 0.074 0.362 0.263 0.012 0.172
0.004 0.004 0.004 0.005 0.005 0.961 0.005 0.006 0.006
0.006 0.006 0.005 0.008 0.01 0.912 0.012 0.007 0.034
0.005 0.01 0.011 0.031 0.009 0.492 0.013 0.199 0.231
0.006 0.005 0.007 0.009 0.007 0.914 0.019 0.015 0.018
0.047 0.016 0.008 0.006 0.028 0.757 0.099 0.023 0.016
0.016 0.005 0.005 0.005 0.004 0.937 0.006 0.009 0.013
0.003 0.003 0.004 0.004 0.004 0.97 0.004 0.004 0.004
0.02 0.032 0.056 0.032 0.047 0.683 0.029 0.066 0.036
0.005 0.006 0.009 0.012 0.009 0.931 0.007 0.006 0.016
0.006 0.008 0.008 0.008 0.037 0.644 0.017 0.261 0.011
0.004 0.004 0.004 0.006 0.004 0.96 0.005 0.008 0.005
0.193 0.017 0.269 0.008 0.087 0.095 0.054 0.008 0.267
0.004 0.004 0.004 0.006 0.005 0.956 0.011 0.004 0.007
0.004 0.004 0.004 0.004 0.006 0.956 0.004 0.007 0.01
0.009 0.012 0.005 0.008 0.007 0.917 0.014 0.021 0.007
0.004 0.005 0.005 0.009 0.006 0.949 0.007 0.006 0.009
0.004 0.004 0.003 0.004 0.004 0.968 0.006 0.004 0.004
0.035 0.06 0.01 0.011 0.027 0.135 0.515 0.006 0.203
0.008 0.047 0.009 0.011 0.829 0.045 0.031 0.006 0.014
0.096 0.011 0.008 0.036 0.802 0.004 0.029 0.006 0.008
0.008 0.005 0.006 0.006 0.955 0.005 0.007 0.005 0.004
0.028 0.025 0.011 0.039 0.204 0.034 0.493 0.044 0.122
0.614 0.007 0.062 0.012 0.169 0.007 0.098 0.02 0.012
0.018 0.024 0.005 0.007 0.903 0.004 0.026 0.005 0.007
0.03 0.026 0.013 0.035 0.871 0.004 0.011 0.004 0.006
0.106 0.012 0.01 0.019 0.74 0.009 0.077 0.008 0.02
0.01 0.01 0.006 0.014 0.897 0.011 0.011 0.031 0.01
0.12 0.01 0.007 0.019 0.776 0.006 0.029 0.027 0.005
0.025 0.021 0.006 0.01 0.887 0.006 0.008 0.016 0.02
0.011 0.013 0.007 0.017 0.932 0.004 0.006 0.006 0.004
0.015 0.054 0.265 0.019 0.278 0.008 0.135 0.006 0.22
0.009 0.01 0.033 0.374 0.423 0.018 0.116 0.004 0.013
0.098 0.648 0.008 0.042 0.08 0.008 0.01 0.066 0.039
0.029 0.04 0.006 0.248 0.02 0.007 0.006 0.006 0.639
0.084 0.482 0.008 0.008 0.022 0.008 0.019 0.043 0.324
0.404 0.067 0.006 0.242 0.153 0.005 0.009 0.009 0.105
0.216 0.527 0.007 0.057 0.15 0.004 0.008 0.011 0.021
0.013 0.451 0.337 0.102 0.018 0.02 0.019 0.031 0.01
0.027 0.897 0.011 0.008 0.013 0.007 0.009 0.007 0.021
0.142 0.713 0.014 0.029 0.019 0.007 0.047 0.006 0.023
0.006 0.623 0.321 0.011 0.009 0.005 0.014 0.007 0.005
0.086 0.823 0.011 0.008 0.011 0.004 0.01 0.038 0.008
0.008 0.926 0.016 0.008 0.009 0.007 0.007 0.008 0.011
0.081 0.854 0.004 0.013 0.009 0.004 0.006 0.02 0.009
0.005 0.927 0.006 0.006 0.007 0.006 0.032 0.004 0.007
0.005 0.925 0.005 0.008 0.006 0.004 0.005 0.035 0.006
0.023 0.858 0.008 0.056 0.016 0.004 0.009 0.016 0.01
0.039 0.737 0.006 0.019 0.074 0.006 0.085 0.019 0.014
0.033 0.874 0.009 0.007 0.007 0.007 0.046 0.004 0.014
0.015 0.887 0.006 0.023 0.008 0.015 0.027 0.011 0.007
0.082 0.613 0.005 0.195 0.022 0.006 0.008 0.03 0.039
0.242 0.641 0.009 0.009 0.037 0.006 0.018 0.006 0.032
0.015 0.891 0.004 0.008 0.022 0.006 0.034 0.012 0.006
0.11 0.822 0.006 0.013 0.006 0.004 0.016 0.014 0.008
0.013 0.901 0.022 0.009 0.007 0.007 0.008 0.029 0.004
0.014 0.89 0.012 0.036 0.013 0.004 0.004 0.021 0.006
0.748 0.117 0.01 0.055 0.027 0.006 0.014 0.005 0.018
0.849 0.012 0.007 0.012 0.067 0.01 0.005 0.011 0.027
0.021 0.405 0.085 0.288 0.009 0.137 0.016 0.02 0.019
0.018 0.012 0.01 0.875 0.006 0.058 0.005 0.008 0.007
0.165 0.102 0.264 0.228 0.187 0.007 0.018 0.013 0.015
0.919 0.007 0.006 0.01 0.025 0.015 0.008 0.004 0.006
0.38 0.011 0.012 0.523 0.006 0.036 0.011 0.01 0.009
0.478 0.016 0.436 0.012 0.006 0.009 0.029 0.006 0.007
0.958 0.005 0.005 0.005 0.005 0.005 0.009 0.005 0.004
0.043 0.023 0.014 0.86 0.014 0.021 0.009 0.009 0.006
0.788 0.016 0.006 0.102 0.021 0.004 0.01 0.007 0.046
0.172 0.045 0.049 0.659 0.024 0.015 0.017 0.01 0.01
0.795 0.146 0.009 0.012 0.008 0.009 0.01 0.006 0.005
0.935 0.012 0.011 0.013 0.007 0.004 0.009 0.004 0.006
0.922 0.008 0.014 0.01 0.024 0.004 0.008 0.005 0.005
0.947 0.005 0.004 0.015 0.006 0.004 0.007 0.003 0.01
0.963 0.004 0.004 0.006 0.004 0.004 0.007 0.003 0.004
0.943 0.008 0.006 0.009 0.005 0.008 0.008 0.007 0.007
0.934 0.015 0.008 0.006 0.008 0.004 0.007 0.006 0.013
0.924 0.009 0.013 0.006 0.009 0.008 0.015 0.004 0.01
0.949 0.007 0.006 0.007 0.008 0.005 0.007 0.004 0.006
0.942 0.007 0.005 0.01 0.01 0.008 0.01 0.004 0.004
0.644 0.178 0.016 0.016 0.047 0.025 0.017 0.021 0.035
0.696 0.192 0.008 0.039 0.014 0.004 0.006 0.027 0.014
0.162 0.416 0.004 0.338 0.025 0.023 0.02 0.004 0.009
0.124 0.387 0.176 0.256 0.016 0.017 0.01 0.003 0.01
0.03 0.147 0.225 0.543 0.02 0.015 0.009 0.006 0.005
0.271 0.245 0.379 0.02 0.024 0.008 0.016 0.005 0.031
0.806 0.015 0.024 0.038 0.078 0.005 0.017 0.005 0.011
0.903 0.026 0.01 0.008 0.01 0.011 0.01 0.01 0.011
0.807 0.027 0.018 0.015 0.008 0.016 0.066 0.006 0.036
0.861 0.038 0.015 0.01 0.034 0.005 0.023 0.004 0.011
0.007 0.008 0.005 0.958 0.005 0.004 0.004 0.003 0.006
0.007 0.007 0.004 0.958 0.005 0.004 0.004 0.003 0.006
0.007 0.007 0.005 0.958 0.005 0.004 0.004 0.003 0.006
0.12 0.017 0.008 0.764 0.053 0.01 0.011 0.005 0.011
0.414 0.016 0.005 0.527 0.006 0.009 0.011 0.006 0.006
0.02 0.019 0.625 0.296 0.006 0.008 0.008 0.006 0.013
0.825 0.088 0.009 0.035 0.012 0.008 0.011 0.005 0.006
0.049 0.199 0.398 0.024 0.072 0.033 0.01 0.102 0.112
0.581 0.292 0.016 0.02 0.023 0.01 0.025 0.011 0.022
0.636 0.113 0.025 0.064 0.103 0.02 0.018 0.006 0.016
0.015 0.026 0.009 0.892 0.011 0.019 0.008 0.009 0.011
0.076 0.65 0.032 0.046 0.065 0.054 0.008 0.044 0.025
0.02 0.012 0.005 0.936 0.008 0.005 0.004 0.004 0.006
0.014 0.886 0.006 0.01 0.016 0.007 0.008 0.026 0.028
0.019 0.012 0.005 0.936 0.008 0.005 0.004 0.004 0.006
0.114 0.027 0.016 0.09 0.033 0.008 0.603 0.007 0.103
0.01 0.009 0.007 0.824 0.018 0.032 0.039 0.019 0.041
0.126 0.189 0.024 0.021 0.256 0.032 0.316 0.006 0.03
0.03 0.02 0.012 0.183 0.013 0.094 0.614 0.023 0.011
0.064 0.024 0.017 0.007 0.388 0.017 0.447 0.026 0.01
0.042 0.025 0.005 0.009 0.017 0.005 0.853 0.039 0.006
0.106 0.018 0.021 0.01 0.287 0.024 0.307 0.115 0.113
0.026 0.053 0.023 0.065 0.092 0.007 0.629 0.05 0.055
0.009 0.022 0.05 0.337 0.085 0.099 0.374 0.008 0.015
0.016 0.056 0.013 0.05 0.016 0.011 0.814 0.014 0.01
0.062 0.077 0.032 0.206 0.019 0.171 0.415 0.008 0.01
0.017 0.058 0.267 0.014 0.147 0.012 0.382 0.015 0.088
0.007 0.032 0.169 0.007 0.045 0.016 0.546 0.01 0.168
0.005 0.014 0.016 0.008 0.041 0.073 0.051 0.008 0.785
0.046 0.011 0.029 0.009 0.02 0.017 0.291 0.01 0.566
0.006 0.006 0.275 0.007 0.012 0.007 0.025 0.012 0.649
0.404 0.012 0.061 0.018 0.057 0.014 0.391 0.015 0.028
0.004 0.005 0.007 0.007 0.007 0.012 0.01 0.013 0.935
0.008 0.009 0.01 0.012 0.019 0.768 0.02 0.008 0.147
0.007 0.006 0.29 0.05 0.009 0.259 0.161 0.011 0.207
0.005 0.007 0.034 0.019 0.016 0.067 0.045 0.008 0.8
0.01 0.009 0.11 0.007 0.044 0.008 0.269 0.015 0.528
0.005 0.011 0.089 0.05 0.012 0.214 0.345 0.005 0.27
0.004 0.005 0.184 0.007 0.005 0.741 0.023 0.008 0.023
0.008 0.05 0.022 0.009 0.857 0.005 0.023 0.007 0.018
