0.93 0.011 0.029 0.019 0.011
0.822 0.018 0.008 0.102 0.05
0.908 0.049 0.009 0.024 0.01
0.467 0.073 0.019 0.304 0.137
0.917 0.013 0.02 0.026 0.024
0.904 0.022 0.013 0.021 0.04
0.289 0.016 0.01 0.674 0.011
0.757 0.014 0.006 0.027 0.196
0.062 0.279 0.007 0.032 0.621
0.413 0.182 0.008 0.011 0.387
0.767 0.046 0.036 0.039 0.111
0.936 0.01 0.021 0.024 0.009
0.864 0.035 0.011 0.021 0.069
0.791 0.011 0.016 0.032 0.15
0.517 0.015 0.025 0.093 0.35
0.832 0.011 0.026 0.095 0.036
0.153 0.017 0.068 0.024 0.738
0.345 0.116 0.035 0.073 0.431
0.1 0.271 0.043 0.563 0.022
0.74 0.112 0.023 0.063 0.062
0.016 0.232 0.019 0.572 0.16
0.882 0.048 0.044 0.012 0.014
0.528 0.081 0.214 0.079 0.097
0.928 0.011 0.011 0.015 0.036
0.054 0.068 0.821 0.026 0.031
0.016 0.01 0.954 0.007 0.013
0.017 0.025 0.538 0.412 0.008
0.073 0.243 0.563 0.009 0.112
0.069 0.016 0.855 0.035 0.026
0.022 0.012 0.948 0.008 0.009
0.008 0.005 0.978 0.005 0.004
0.043 0.011 0.923 0.015 0.009
0.063 0.102 0.745 0.016 0.074
0.009 0.01 0.96 0.01 0.01
0.03 0.092 0.774 0.053 0.051
0.799 0.073 0.094 0.023 0.012
0.007 0.007 0.975 0.007 0.004
0.009 0.045 0.907 0.033 0.007
0.084 0.009 0.749 0.085 0.072
0.01 0.007 0.969 0.007 0.007
0.05 0.079 0.397 0.459 0.015
0.364 0.064 0.554 0.012 0.006
0.043 0.014 0.614 0.317 0.012
0.01 0.023 0.913 0.01 0.045
0.054 0.056 0.833 0.011 0.046
0.01 0.022 0.913 0.01 0.046
0.007 0.007 0.975 0.007 0.004
0.007 0.007 0.975 0.007 0.004
0.007 0.891 0.009 0.049 0.044
0.022 0.69 0.006 0.018 0.264
0.017 0.283 0.254 0.418 0.028
0.017 0.563 0.007 0.034 0.378
0.007 0.021 0.007 0.947 0.018
0.008 0.559 0.015 0.016 0.402
0.05 0.409 0.09 0.225 0.226
0.02 0.516 0.01 0.015 0.439
0.019 0.526 0.009 0.015 0.43
0.022 0.654 0.011 0.195 0.118
0.025 0.252 0.025 0.568 0.131
0.025 0.859 0.019 0.084 0.013
0.031 0.348 0.01 0.021 0.59
0.066 0.233 0.154 0.434 0.113
0.009 0.172 0.011 0.013 0.796
0.013 0.739 0.013 0.023 0.212
0.05 0.76 0.012 0.034 0.144
0.011 0.015 0.008 0.953 0.012
0.009 0.052 0.007 0.922 0.01
0.005 0.007 0.007 0.974 0.007
0.006 0.008 0.006 0.973 0.007
0.016 0.085 0.008 0.71 0.18
0.022 0.555 0.044 0.102 0.278
0.028 0.532 0.009 0.42 0.011
0.8 0.074 0.037 0.015 0.073
0.864 0.083 0.022 0.014 0.018
0.107 0.657 0.038 0.017 0.182
0.046 0.568 0.015 0.015 0.357
0.064 0.074 0.006 0.538 0.318
0.133 0.095 0.098 0.657 0.017
0.073 0.571 0.016 0.267 0.074
0.026 0.742 0.018 0.203 0.011
0.066 0.899 0.01 0.016 0.009
0.082 0.883 0.012 0.013 0.01
0.921 0.039 0.007 0.021 0.012
0.839 0.064 0.042 0.04 0.014
0.45 0.455 0.017 0.062 0.017
0.052 0.507 0.233 0.189 0.018
0.061 0.411 0.415 0.086 0.027
0.018 0.959 0.008 0.009 0.006
0.194 0.205 0.031 0.028 0.543
0.047 0.307 0.064 0.571 0.011
0.47 0.46 0.017 0.014 0.039
0.017 0.947 0.008 0.012 0.016
0.243 0.615 0.016 0.014 0.113
0.027 0.946 0.008 0.011 0.007
0.264 0.662 0.011 0.023 0.04
0.382 0.523 0.021 0.051 0.023
0.113 0.753 0.029 0.083 0.022
0.28 0.104 0.029 0.526 0.06
0.021 0.052 0.011 0.894 0.021
0.011 0.816 0.01 0.151 0.011
0.015 0.009 0.009 0.957 0.011
0.029 0.608 0.022 0.329 0.012
0.022 0.078 0.115 0.754 0.03
0.029 0.063 0.02 0.872 0.016
0.079 0.81 0.016 0.087 0.009
0.01 0.889 0.01 0.076 0.015
0.029 0.88 0.042 0.04 0.008
0.131 0.028 0.309 0.214 0.319
0.015 0.869 0.014 0.022 0.08
0.214 0.037 0.01 0.691 0.048
0.084 0.36 0.039 0.503 0.015
0.024 0.018 0.035 0.915 0.007
0.013 0.917 0.011 0.035 0.024
0.04 0.422 0.028 0.468 0.043
0.654 0.228 0.017 0.082 0.019
0.05 0.034 0.032 0.837 0.046
0.145 0.413 0.113 0.116 0.212
0.016 0.932 0.02 0.025 0.008
0.011 0.902 0.029 0.041 0.016
0.01 0.936 0.015 0.021 0.017
0.644 0.205 0.05 0.045 0.056
0.703 0.034 0.201 0.053 0.009
0.389 0.029 0.394 0.031 0.157
0.859 0.019 0.026 0.035 0.06
0.863 0.032 0.015 0.053 0.037
0.924 0.04 0.012 0.013 0.011
0.918 0.016 0.017 0.025 0.023
0.893 0.035 0.03 0.021 0.02
0.883 0.059 0.015 0.02 0.022
0.563 0.169 0.014 0.175 0.079
0.82 0.15 0.012 0.008 0.011
0.944 0.026 0.013 0.009 0.007
0.973 0.008 0.007 0.006 0.007
0.952 0.018 0.01 0.012 0.008
0.918 0.016 0.026 0.017 0.023
0.965 0.008 0.009 0.009 0.008
0.71 0.069 0.176 0.023 0.021
0.95 0.014 0.008 0.016 0.011
0.843 0.086 0.036 0.021 0.014
0.719 0.191 0.034 0.018 0.037
0.937 0.03 0.016 0.008 0.01
0.964 0.009 0.011 0.009 0.007
0.905 0.036 0.007 0.022 0.03
0.592 0.071 0.025 0.272 0.04
0.86 0.058 0.012 0.04 0.03
0.797 0.08 0.051 0.051 0.02
0.823 0.128 0.013 0.014 0.022
0.515 0.175 0.044 0.192 0.074
0.961 0.008 0.011 0.013 0.007
0.783 0.129 0.02 0.042 0.027
0.963 0.008 0.014 0.008 0.007
0.97 0.006 0.011 0.007 0.006
0.906 0.01 0.066 0.01 0.008
0.958 0.012 0.011 0.008 0.011
0.816 0.098 0.03 0.022 0.034
0.956 0.007 0.009 0.011 0.016
0.968 0.008 0.009 0.008 0.007
0.557 0.061 0.178 0.16 0.045
0.961 0.011 0.008 0.01 0.01
0.554 0.043 0.368 0.025 0.011
0.924 0.008 0.055 0.006 0.008
0.201 0.165 0.013 0.573 0.048
0.968 0.009 0.008 0.007 0.008
0.967 0.008 0.013 0.007 0.006
0.911 0.01 0.057 0.011 0.01
0.97 0.008 0.008 0.007 0.008
0.973 0.008 0.007 0.005 0.007
0.868 0.046 0.008 0.045 0.032
0.036 0.897 0.011 0.043 0.013
0.008 0.783 0.009 0.029 0.171
0.007 0.944 0.007 0.03 0.012
0.569 0.27 0.066 0.045 0.05
0.01 0.438 0.021 0.309 0.221
0.008 0.952 0.009 0.015 0.017
0.009 0.651 0.007 0.134 0.199
0.018 0.887 0.01 0.018 0.069
0.024 0.901 0.035 0.016 0.025
0.008 0.895 0.015 0.009 0.074
0.068 0.57 0.05 0.117 0.195
0.006 0.941 0.009 0.012 0.032
0.01 0.364 0.01 0.604 0.011
0.018 0.83 0.008 0.054 0.091
0.012 0.012 0.214 0.509 0.253
0.223 0.141 0.012 0.087 0.537
0.197 0.046 0.304 0.317 0.135
0.01 0.116 0.009 0.027 0.838
0.008 0.035 0.057 0.415 0.485
0.018 0.045 0.139 0.731 0.067
0.011 0.016 0.018 0.903 0.052
0.015 0.053 0.008 0.151 0.772
0.008 0.039 0.013 0.921 0.019
0.01 0.017 0.381 0.368 0.224
0.008 0.01 0.07 0.885 0.026
0.009 0.012 0.23 0.132 0.617
0.014 0.377 0.015 0.56 0.035
0.015 0.016 0.492 0.384 0.093
0.007 0.027 0.281 0.373 0.311
0.01 0.609 0.013 0.052 0.316
0.037 0.315 0.011 0.327 0.31
0.033 0.038 0.042 0.695 0.193
0.018 0.029 0.171 0.249 0.532
0.023 0.245 0.017 0.133 0.582
0.01 0.512 0.209 0.18 0.089
0.007 0.095 0.122 0.07 0.706
0.009 0.149 0.252 0.512 0.078
0.008 0.013 0.269 0.479 0.231
0.012 0.016 0.009 0.021 0.943
0.037 0.026 0.018 0.048 0.87
0.063 0.032 0.023 0.677 0.205
0.061 0.013 0.02 0.017 0.888
0.015 0.244 0.018 0.447 0.276
0.014 0.017 0.005 0.012 0.951
0.021 0.012 0.012 0.015 0.94
0.017 0.024 0.012 0.562 0.385
0.009 0.014 0.008 0.007 0.962
0.028 0.018 0.014 0.023 0.918
0.016 0.016 0.012 0.018 0.938
0.013 0.024 0.014 0.032 0.918
0.012 0.012 0.007 0.079 0.889
0.007 0.031 0.008 0.067 0.886
0.006 0.072 0.007 0.157 0.758
0.007 0.011 0.005 0.007 0.97
0.006 0.011 0.005 0.005 0.973
0.009 0.011 0.007 0.007 0.965
0.01 0.012 0.008 0.02 0.95
0.018 0.031 0.008 0.026 0.916
0.009 0.018 0.006 0.011 0.957
0.01 0.024 0.006 0.008 0.951
0.07 0.049 0.031 0.254 0.596
0.011 0.012 0.043 0.141 0.793
0.037 0.017 0.006 0.194 0.748
0.02 0.011 0.005 0.439 0.525
0.014 0.016 0.01 0.336 0.623
0.013 0.025 0.008 0.741 0.212
0.007 0.045 0.008 0.042 0.897
0.015 0.018 0.015 0.032 0.92
0.035 0.036 0.01 0.023 0.896
0.01 0.052 0.006 0.059 0.873
0.008 0.008 0.006 0.009 0.968
0.008 0.008 0.006 0.01 0.968
0.008 0.008 0.006 0.009 0.968
0.015 0.031 0.006 0.017 0.931
0.008 0.009 0.008 0.007 0.968
0.01 0.02 0.009 0.878 0.083
0.014 0.009 0.007 0.035 0.936
0.08 0.021 0.203 0.635 0.06
0.017 0.023 0.012 0.036 0.913
0.02 0.035 0.007 0.088 0.851
0.032 0.014 0.016 0.028 0.91
0.028 0.011 0.023 0.865 0.074
0.009 0.009 0.006 0.011 0.965
0.017 0.061 0.237 0.398 0.288
0.009 0.009 0.006 0.011 0.965
0.073 0.799 0.008 0.023 0.097
0.126 0.371 0.029 0.013 0.461
0.082 0.306 0.01 0.212 0.39
0.123 0.46 0.059 0.041 0.317
0.017 0.92 0.02 0.016 0.026
0.012 0.904 0.021 0.01 0.053
0.046 0.801 0.097 0.032 0.024
0.048 0.73 0.077 0.097 0.048
0.085 0.687 0.017 0.086 0.125
0.022 0.864 0.018 0.015 0.081
0.126 0.34 0.019 0.062 0.453
0.011 0.422 0.019 0.532 0.015
0.14 0.435 0.018 0.398 0.008
0.945 0.013 0.007 0.026 0.009
0.666 0.219 0.012 0.013 0.089
0.617 0.077 0.033 0.261 0.011
0.026 0.617 0.019 0.027 0.311
0.951 0.008 0.012 0.015 0.013
0.966 0.009 0.009 0.009 0.007
0.782 0.038 0.016 0.153 0.011
0.938 0.027 0.007 0.017 0.012
0.524 0.421 0.016 0.025 0.014
0.787 0.134 0.007 0.062 0.01
0.846 0.011 0.019 0.118 0.006
0.01 0.941 0.009 0.028 0.011
