0.011 0.061 0.008 0.008 0.013 0.007 0.006 0.012 0.011 0.862
0.009 0.022 0.014 0.007 0.004 0.012 0.009 0.009 0.01 0.903
0.007 0.022 0.015 0.027 0.005 0.005 0.049 0.007 0.029 0.834
0.148 0.019 0.008 0.108 0.008 0.045 0.005 0.005 0.006 0.648
0.006 0.046 0.03 0.03 0.007 0.008 0.012 0.012 0.037 0.811
0.005 0.021 0.02 0.14 0.01 0.022 0.023 0.007 0.022 0.729
0.012 0.312 0.223 0.013 0.006 0.01 0.086 0.007 0.254 0.076
0.006 0.03 0.014 0.007 0.003 0.037 0.008 0.133 0.107 0.655
0.008 0.05 0.012 0.241 0.005 0.466 0.019 0.013 0.006 0.182
0.004 0.011 0.01 0.076 0.005 0.415 0.017 0.005 0.009 0.448
0.005 0.046 0.038 0.028 0.007 0.035 0.008 0.005 0.006 0.823
0.015 0.045 0.008 0.007 0.009 0.008 0.014 0.005 0.016 0.874
0.005 0.007 0.006 0.044 0.006 0.022 0.009 0.005 0.005 0.891
0.006 0.05 0.272 0.009 0.006 0.011 0.007 0.097 0.36 0.181
0.019 0.071 0.02 0.011 0.015 0.179 0.012 0.019 0.067 0.587
0.006 0.019 0.009 0.009 0.014 0.011 0.008 0.005 0.005 0.913
0.006 0.021 0.02 0.016 0.029 0.598 0.016 0.008 0.021 0.264
0.005 0.015 0.045 0.033 0.009 0.063 0.041 0.019 0.005 0.765
0.013 0.587 0.008 0.028 0.018 0.012 0.007 0.005 0.005 0.318
0.01 0.054 0.017 0.083 0.012 0.043 0.021 0.009 0.718 0.032
0.016 0.617 0.068 0.023 0.005 0.064 0.01 0.033 0.005 0.158
0.005 0.011 0.005 0.015 0.023 0.01 0.014 0.006 0.009 0.903
0.01 0.108 0.039 0.015 0.104 0.037 0.016 0.013 0.017 0.642
0.004 0.006 0.008 0.005 0.006 0.011 0.007 0.005 0.006 0.941
0.041 0.018 0.033 0.047 0.569 0.009 0.019 0.188 0.064 0.013
0.004 0.005 0.005 0.004 0.809 0.003 0.004 0.123 0.039 0.004
0.391 0.031 0.008 0.033 0.488 0.005 0.007 0.012 0.018 0.006
0.006 0.021 0.01 0.08 0.457 0.098 0.013 0.143 0.14 0.031
0.009 0.011 0.008 0.007 0.841 0.01 0.031 0.008 0.006 0.068
0.008 0.008 0.007 0.01 0.801 0.004 0.005 0.048 0.104 0.005
0.004 0.004 0.004 0.003 0.968 0.003 0.004 0.003 0.004 0.005
0.011 0.005 0.006 0.006 0.909 0.006 0.016 0.005 0.027 0.007
0.006 0.046 0.015 0.02 0.423 0.008 0.019 0.408 0.042 0.012
0.009 0.009 0.017 0.01 0.898 0.01 0.011 0.02 0.006 0.009
0.019 0.109 0.088 0.019 0.586 0.029 0.068 0.033 0.026 0.023
0.02 0.018 0.008 0.099 0.058 0.011 0.019 0.008 0.735 0.024
0.004 0.004 0.005 0.005 0.959 0.003 0.005 0.003 0.006 0.004
0.011 0.036 0.005 0.022 0.871 0.005 0.031 0.006 0.005 0.008
0.025 0.011 0.008 0.007 0.77 0.089 0.031 0.009 0.014 0.036
0.005 0.006 0.012 0.007 0.935 0.008 0.007 0.006 0.006 0.008
0.013 0.315 0.141 0.012 0.393 0.012 0.02 0.008 0.018 0.07
0.007 0.034 0.005 0.266 0.579 0.004 0.007 0.005 0.04 0.055
0.261 0.014 0.008 0.009 0.596 0.011 0.034 0.006 0.053 0.008
0.005 0.011 0.009 0.021 0.896 0.035 0.005 0.005 0.005 0.008
0.006 0.016 0.008 0.145 0.757 0.031 0.005 0.004 0.018 0.011
0.005 0.011 0.008 0.02 0.897 0.035 0.006 0.005 0.005 0.008
0.004 0.004 0.005 0.005 0.959 0.003 0.005 0.003 0.007 0.004
0.004 0.004 0.005 0.005 0.959 0.003 0.005 0.003 0.007 0.004
0.01 0.177 0.009 0.007 0.006 0.015 0.757 0.011 0.003 0.005
0.01 0.068 0.187 0.367 0.004 0.096 0.029 0.215 0.004 0.021
0.046 0.074 0.365 0.021 0.099 0.008 0.298 0.05 0.032 0.008
0.013 0.063 0.008 0.007 0.005 0.005 0.039 0.822 0.005 0.033
0.842 0.029 0.014 0.009 0.005 0.024 0.048 0.018 0.006 0.005
0.008 0.079 0.007 0.008 0.013 0.027 0.245 0.6 0.004 0.008
0.009 0.12 0.039 0.011 0.024 0.026 0.391 0.335 0.007 0.038
0.014 0.041 0.006 0.016 0.006 0.012 0.015 0.871 0.011 0.008
0.015 0.044 0.006 0.017 0.006 0.012 0.019 0.862 0.011 0.008
0.055 0.098 0.011 0.024 0.006 0.141 0.633 0.006 0.006 0.019
0.378 0.104 0.157 0.015 0.01 0.029 0.102 0.137 0.004 0.062
0.01 0.176 0.008 0.012 0.012 0.006 0.742 0.008 0.006 0.02
0.007 0.025 0.008 0.005 0.005 0.005 0.018 0.91 0.006 0.009
0.108 0.18 0.404 0.012 0.019 0.022 0.122 0.059 0.014 0.061
0.007 0.04 0.05 0.047 0.01 0.612 0.136 0.087 0.005 0.007
0.01 0.109 0.006 0.009 0.009 0.018 0.441 0.367 0.024 0.006
0.042 0.089 0.009 0.028 0.007 0.005 0.332 0.431 0.05 0.007
0.942 0.007 0.004 0.008 0.005 0.007 0.007 0.007 0.004 0.007
0.944 0.01 0.004 0.005 0.003 0.004 0.011 0.006 0.004 0.009
0.967 0.004 0.003 0.004 0.004 0.004 0.004 0.004 0.003 0.003
0.963 0.006 0.004 0.004 0.004 0.004 0.005 0.004 0.003 0.004
0.031 0.071 0.014 0.004 0.004 0.033 0.815 0.013 0.005 0.011
0.011 0.124 0.033 0.016 0.011 0.034 0.663 0.093 0.008 0.009
0.326 0.194 0.033 0.025 0.006 0.009 0.328 0.012 0.006 0.061
0.008 0.047 0.019 0.197 0.023 0.008 0.022 0.463 0.098 0.115
0.005 0.161 0.025 0.743 0.008 0.009 0.008 0.005 0.027 0.01
0.01 0.016 0.039 0.769 0.026 0.029 0.03 0.036 0.022 0.024
0.006 0.015 0.021 0.687 0.007 0.162 0.049 0.016 0.023 0.014
0.017 0.044 0.031 0.021 0.004 0.029 0.773 0.036 0.012 0.034
0.093 0.203 0.022 0.02 0.054 0.007 0.167 0.036 0.011 0.388
0.046 0.291 0.018 0.221 0.012 0.186 0.098 0.009 0.008 0.112
0.104 0.395 0.015 0.075 0.027 0.007 0.304 0.017 0.011 0.045
0.016 0.132 0.012 0.593 0.008 0.007 0.166 0.01 0.016 0.04
0.004 0.007 0.003 0.961 0.004 0.005 0.004 0.003 0.004 0.004
0.007 0.167 0.015 0.659 0.006 0.004 0.008 0.006 0.117 0.01
0.009 0.133 0.009 0.628 0.03 0.025 0.043 0.006 0.043 0.073
0.054 0.047 0.006 0.829 0.006 0.015 0.009 0.005 0.018 0.012
0.014 0.211 0.107 0.035 0.059 0.013 0.488 0.005 0.014 0.053
0.006 0.262 0.123 0.077 0.128 0.021 0.334 0.007 0.016 0.027
0.004 0.007 0.005 0.952 0.007 0.004 0.007 0.004 0.006 0.005
0.006 0.087 0.014 0.123 0.015 0.398 0.266 0.03 0.035 0.026
0.611 0.072 0.028 0.045 0.028 0.006 0.126 0.022 0.04 0.021
0.009 0.011 0.006 0.886 0.007 0.027 0.016 0.005 0.006 0.028
0.008 0.014 0.005 0.867 0.005 0.02 0.064 0.005 0.007 0.005
0.016 0.03 0.014 0.335 0.008 0.038 0.078 0.055 0.414 0.011
0.01 0.02 0.004 0.923 0.007 0.007 0.008 0.005 0.009 0.008
0.014 0.06 0.01 0.746 0.007 0.039 0.01 0.009 0.007 0.097
0.011 0.029 0.008 0.871 0.014 0.013 0.017 0.005 0.008 0.023
0.007 0.027 0.015 0.131 0.012 0.011 0.717 0.007 0.068 0.005
0.039 0.021 0.021 0.027 0.017 0.017 0.756 0.008 0.077 0.017
0.009 0.019 0.014 0.005 0.009 0.005 0.911 0.007 0.008 0.013
0.011 0.136 0.009 0.019 0.005 0.007 0.792 0.008 0.007 0.006
0.865 0.013 0.008 0.009 0.01 0.01 0.036 0.006 0.038 0.007
0.04 0.189 0.007 0.013 0.013 0.008 0.689 0.007 0.024 0.01
0.017 0.012 0.124 0.006 0.045 0.005 0.768 0.004 0.007 0.01
0.007 0.125 0.172 0.015 0.009 0.008 0.635 0.005 0.009 0.014
0.034 0.152 0.009 0.704 0.01 0.012 0.045 0.007 0.007 0.019
0.017 0.298 0.008 0.038 0.009 0.01 0.586 0.016 0.012 0.007
0.008 0.257 0.036 0.04 0.019 0.005 0.585 0.011 0.017 0.023
0.022 0.219 0.314 0.035 0.156 0.115 0.066 0.02 0.023 0.03
0.008 0.022 0.02 0.845 0.008 0.04 0.025 0.014 0.006 0.011
0.057 0.106 0.042 0.179 0.008 0.024 0.496 0.007 0.046 0.035
0.033 0.076 0.016 0.058 0.055 0.006 0.655 0.008 0.017 0.076
0.735 0.02 0.009 0.04 0.041 0.008 0.106 0.006 0.016 0.019
0.011 0.152 0.024 0.487 0.008 0.035 0.252 0.008 0.014 0.009
0.011 0.237 0.025 0.028 0.013 0.017 0.612 0.012 0.009 0.036
0.019 0.016 0.006 0.112 0.007 0.011 0.411 0.03 0.362 0.027
0.29 0.029 0.034 0.016 0.034 0.045 0.474 0.008 0.013 0.056
0.015 0.109 0.054 0.022 0.043 0.024 0.35 0.108 0.259 0.015
0.05 0.152 0.007 0.182 0.032 0.008 0.531 0.005 0.012 0.02
0.008 0.078 0.008 0.833 0.016 0.016 0.02 0.008 0.006 0.006
0.011 0.052 0.008 0.62 0.014 0.019 0.246 0.008 0.006 0.015
0.024 0.028 0.047 0.084 0.013 0.026 0.191 0.088 0.488 0.011
0.07 0.01 0.1 0.069 0.099 0.012 0.079 0.009 0.533 0.02
0.009 0.01 0.198 0.013 0.191 0.02 0.028 0.22 0.284 0.026
0.013 0.213 0.214 0.197 0.039 0.049 0.04 0.013 0.092 0.13
0.007 0.009 0.005 0.01 0.008 0.007 0.012 0.014 0.007 0.921
0.007 0.05 0.014 0.187 0.008 0.007 0.013 0.007 0.1 0.606
0.081 0.138 0.035 0.017 0.022 0.013 0.03 0.04 0.417 0.208
0.012 0.035 0.015 0.018 0.036 0.012 0.349 0.031 0.175 0.318
0.038 0.016 0.013 0.168 0.012 0.024 0.014 0.005 0.042 0.667
0.014 0.018 0.008 0.027 0.01 0.02 0.801 0.01 0.034 0.057
0.004 0.053 0.01 0.63 0.014 0.008 0.009 0.017 0.064 0.193
0.012 0.012 0.005 0.1 0.009 0.004 0.021 0.022 0.76 0.054
0.003 0.005 0.004 0.008 0.006 0.006 0.005 0.004 0.019 0.94
0.012 0.013 0.016 0.009 0.011 0.007 0.088 0.009 0.807 0.029
0.014 0.019 0.008 0.018 0.051 0.027 0.048 0.01 0.234 0.571
0.005 0.009 0.006 0.007 0.008 0.006 0.009 0.007 0.056 0.888
0.01 0.024 0.029 0.012 0.026 0.007 0.02 0.009 0.008 0.854
0.009 0.011 0.008 0.008 0.01 0.005 0.016 0.008 0.029 0.895
0.006 0.012 0.006 0.009 0.015 0.007 0.019 0.008 0.005 0.912
0.01 0.025 0.01 0.204 0.018 0.018 0.013 0.006 0.01 0.686
0.006 0.018 0.008 0.129 0.018 0.009 0.044 0.012 0.367 0.389
0.008 0.056 0.013 0.021 0.01 0.006 0.011 0.006 0.679 0.19
0.02 0.078 0.035 0.293 0.005 0.015 0.014 0.008 0.036 0.495
0.316 0.023 0.024 0.094 0.011 0.028 0.023 0.016 0.12 0.343
0.024 0.017 0.008 0.021 0.004 0.008 0.012 0.018 0.885 0.004
0.009 0.102 0.084 0.044 0.058 0.011 0.048 0.009 0.597 0.037
0.019 0.04 0.008 0.196 0.014 0.038 0.02 0.013 0.6 0.052
0.042 0.113 0.08 0.117 0.02 0.03 0.059 0.032 0.343 0.163
0.007 0.008 0.008 0.008 0.007 0.006 0.009 0.004 0.717 0.225
0.026 0.099 0.034 0.173 0.012 0.017 0.089 0.01 0.309 0.231
0.004 0.006 0.004 0.004 0.006 0.004 0.005 0.005 0.956 0.006
0.005 0.01 0.005 0.011 0.007 0.007 0.014 0.009 0.897 0.035
0.01 0.03 0.01 0.012 0.19 0.005 0.008 0.031 0.48 0.225
0.006 0.009 0.005 0.02 0.016 0.006 0.008 0.009 0.9 0.022
0.007 0.025 0.01 0.103 0.022 0.052 0.028 0.006 0.731 0.017
0.004 0.028 0.006 0.005 0.008 0.012 0.005 0.005 0.918 0.01
0.004 0.004 0.003 0.004 0.004 0.003 0.004 0.004 0.966 0.004
0.053 0.034 0.028 0.028 0.064 0.021 0.055 0.033 0.647 0.037
0.009 0.01 0.005 0.007 0.006 0.005 0.009 0.013 0.915 0.021
0.008 0.013 0.007 0.022 0.261 0.006 0.037 0.008 0.628 0.01
0.004 0.004 0.004 0.004 0.008 0.004 0.004 0.005 0.957 0.005
0.192 0.281 0.011 0.04 0.008 0.149 0.063 0.008 0.074 0.173
0.003 0.006 0.004 0.012 0.004 0.004 0.004 0.006 0.949 0.007
0.004 0.006 0.004 0.005 0.008 0.004 0.007 0.004 0.948 0.01
0.004 0.03 0.013 0.014 0.02 0.009 0.007 0.008 0.889 0.006
0.005 0.006 0.005 0.008 0.006 0.004 0.007 0.008 0.942 0.009
0.003 0.015 0.004 0.006 0.004 0.004 0.004 0.004 0.953 0.004
0.008 0.163 0.03 0.351 0.006 0.031 0.03 0.01 0.126 0.245
0.009 0.146 0.04 0.049 0.006 0.007 0.666 0.012 0.049 0.015
0.008 0.103 0.012 0.029 0.006 0.108 0.688 0.034 0.004 0.008
0.005 0.141 0.006 0.007 0.005 0.008 0.814 0.006 0.005 0.004
0.009 0.061 0.027 0.416 0.038 0.028 0.23 0.039 0.03 0.122
0.021 0.218 0.008 0.077 0.016 0.489 0.143 0.012 0.006 0.01
0.004 0.115 0.031 0.032 0.005 0.022 0.771 0.007 0.004 0.008
0.01 0.153 0.021 0.011 0.004 0.036 0.709 0.046 0.004 0.006
0.009 0.117 0.011 0.096 0.008 0.124 0.579 0.021 0.01 0.024
0.006 0.16 0.011 0.013 0.037 0.011 0.719 0.019 0.013 0.012
0.007 0.147 0.01 0.041 0.026 0.115 0.619 0.024 0.006 0.005
0.006 0.115 0.025 0.008 0.018 0.03 0.753 0.011 0.006 0.027
0.006 0.191 0.013 0.006 0.006 0.01 0.742 0.018 0.004 0.004
0.083 0.625 0.009 0.036 0.006 0.016 0.132 0.022 0.009 0.062
0.02 0.181 0.008 0.091 0.004 0.008 0.295 0.364 0.017 0.011
0.008 0.055 0.547 0.01 0.059 0.082 0.16 0.039 0.008 0.033
0.006 0.028 0.103 0.006 0.006 0.033 0.019 0.248 0.007 0.543
0.006 0.211 0.593 0.016 0.017 0.021 0.015 0.007 0.009 0.104
0.005 0.061 0.084 0.008 0.009 0.379 0.144 0.228 0.005 0.077
0.006 0.042 0.558 0.008 0.01 0.145 0.16 0.052 0.004 0.016
0.331 0.023 0.465 0.026 0.021 0.011 0.02 0.076 0.02 0.008
0.013 0.409 0.484 0.008 0.007 0.03 0.02 0.007 0.006 0.016
0.011 0.4 0.355 0.032 0.005 0.134 0.014 0.027 0.006 0.017
0.27 0.318 0.357 0.014 0.007 0.006 0.008 0.012 0.005 0.004
0.009 0.019 0.903 0.009 0.013 0.021 0.01 0.006 0.004 0.006
0.021 0.267 0.651 0.007 0.009 0.008 0.015 0.008 0.006 0.01
0.004 0.01 0.853 0.008 0.012 0.08 0.01 0.01 0.004 0.01
0.007 0.388 0.543 0.026 0.004 0.005 0.008 0.006 0.006 0.007
0.006 0.009 0.929 0.006 0.021 0.005 0.007 0.007 0.005 0.006
0.009 0.012 0.888 0.01 0.007 0.015 0.013 0.035 0.004 0.007
0.005 0.321 0.394 0.083 0.02 0.052 0.085 0.021 0.006 0.014
0.009 0.393 0.48 0.036 0.004 0.046 0.006 0.006 0.007 0.013
0.01 0.34 0.563 0.023 0.013 0.008 0.01 0.018 0.009 0.007
0.004 0.011 0.764 0.007 0.018 0.027 0.018 0.117 0.005 0.027
0.009 0.027 0.554 0.025 0.007 0.289 0.043 0.008 0.006 0.031
0.004 0.045 0.807 0.062 0.008 0.021 0.032 0.007 0.006 0.007
0.008 0.088 0.606 0.021 0.022 0.217 0.008 0.017 0.004 0.009
0.023 0.232 0.647 0.008 0.05 0.013 0.007 0.009 0.007 0.004
0.016 0.013 0.891 0.004 0.012 0.011 0.019 0.023 0.005 0.007
0.008 0.029 0.079 0.011 0.005 0.771 0.022 0.053 0.006 0.017
0.007 0.02 0.013 0.005 0.012 0.778 0.098 0.024 0.011 0.033
0.074 0.225 0.21 0.013 0.017 0.016 0.013 0.313 0.106 0.013
0.01 0.01 0.009 0.005 0.008 0.023 0.006 0.865 0.058 0.006
0.237 0.083 0.068 0.018 0.013 0.157 0.17 0.232 0.007 0.015
0.006 0.01 0.005 0.007 0.004 0.907 0.028 0.01 0.016 0.006
0.012 0.009 0.008 0.01 0.009 0.382 0.006 0.525 0.032 0.008
0.426 0.01 0.011 0.029 0.005 0.483 0.006 0.013 0.009 0.007
0.004 0.005 0.005 0.008 0.004 0.955 0.004 0.005 0.005 0.004
0.014 0.016 0.018 0.009 0.009 0.041 0.015 0.851 0.021 0.006
0.007 0.011 0.016 0.01 0.007 0.765 0.022 0.119 0.004 0.039
0.071 0.022 0.058 0.021 0.01 0.126 0.025 0.639 0.016 0.01
0.01 0.108 0.214 0.011 0.006 0.612 0.008 0.016 0.01 0.005
0.008 0.058 0.018 0.009 0.004 0.862 0.009 0.023 0.004 0.006
0.01 0.117 0.011 0.009 0.005 0.796 0.029 0.015 0.004 0.005
0.003 0.004 0.005 0.006 0.003 0.947 0.006 0.013 0.003 0.008
0.004 0.004 0.005 0.006 0.003 0.96 0.004 0.007 0.004 0.004
0.005 0.007 0.007 0.007 0.007 0.94 0.005 0.009 0.007 0.007
0.008 0.013 0.009 0.006 0.006 0.928 0.008 0.007 0.004 0.012
0.015 0.012 0.008 0.015 0.004 0.912 0.009 0.006 0.008 0.01
0.006 0.009 0.007 0.007 0.004 0.94 0.008 0.007 0.005 0.006
0.005 0.006 0.008 0.011 0.004 0.934 0.011 0.01 0.007 0.004
0.019 0.235 0.26 0.019 0.024 0.301 0.057 0.028 0.022 0.034
0.01 0.108 0.31 0.006 0.012 0.457 0.01 0.077 0.004 0.007
0.004 0.074 0.671 0.01 0.003 0.02 0.025 0.175 0.011 0.007
0.176 0.037 0.586 0.006 0.003 0.02 0.016 0.136 0.01 0.01
0.216 0.012 0.21 0.008 0.005 0.023 0.017 0.489 0.016 0.005
0.338 0.076 0.187 0.014 0.006 0.299 0.027 0.02 0.008 0.025
0.024 0.043 0.037 0.019 0.005 0.726 0.095 0.036 0.005 0.01
0.01 0.011 0.024 0.01 0.01 0.894 0.011 0.008 0.01 0.011
0.02 0.027 0.02 0.063 0.007 0.792 0.009 0.015 0.015 0.032
0.016 0.027 0.036 0.027 0.004 0.809 0.053 0.011 0.005 0.013
0.004 0.006 0.007 0.004 0.003 0.007 0.005 0.953 0.004 0.006
0.004 0.006 0.007 0.004 0.003 0.007 0.005 0.953 0.004 0.006
0.004 0.006 0.007 0.004 0.003 0.007 0.005 0.953 0.004 0.006
0.006 0.031 0.028 0.01 0.005 0.091 0.053 0.754 0.01 0.011
0.005 0.008 0.02 0.011 0.006 0.404 0.006 0.525 0.01 0.005
0.589 0.02 0.018 0.009 0.005 0.02 0.006 0.313 0.009 0.01
0.011 0.055 0.133 0.013 0.005 0.717 0.013 0.036 0.01 0.006
0.368 0.085 0.296 0.009 0.056 0.029 0.058 0.018 0.034 0.048
0.015 0.131 0.127 0.021 0.01 0.623 0.022 0.022 0.01 0.02
0.024 0.034 0.079 0.016 0.005 0.654 0.087 0.063 0.02 0.017
0.009 0.017 0.021 0.008 0.009 0.013 0.014 0.88 0.019 0.011
0.035 0.296 0.32 0.008 0.038 0.049 0.131 0.056 0.043 0.024
0.005 0.007 0.014 0.004 0.004 0.019 0.009 0.928 0.005 0.006
0.008 0.096 0.804 0.009 0.014 0.021 0.014 0.013 0.007 0.014
0.005 0.007 0.014 0.004 0.004 0.018 0.009 0.929 0.005 0.006
0.013 0.052 0.022 0.497 0.007 0.139 0.032 0.088 0.007 0.142
0.006 0.016 0.01 0.042 0.018 0.011 0.016 0.804 0.034 0.043
0.021 0.234 0.089 0.235 0.006 0.139 0.203 0.018 0.028 0.028
0.012 0.063 0.012 0.562 0.022 0.032 0.011 0.171 0.105 0.01
0.016 0.12 0.018 0.417 0.028 0.083 0.282 0.008 0.018 0.01
0.005 0.05 0.019 0.775 0.043 0.07 0.017 0.01 0.005 0.007
0.015 0.148 0.018 0.248 0.114 0.13 0.189 0.009 0.023 0.105
0.015 0.146 0.048 0.509 0.05 0.026 0.072 0.063 0.007 0.063
0.016 0.191 0.014 0.266 0.009 0.008 0.057 0.315 0.111 0.014
0.012 0.05 0.035 0.778 0.013 0.021 0.015 0.053 0.011 0.012
0.025 0.136 0.036 0.318 0.008 0.077 0.015 0.204 0.172 0.01
0.042 0.659 0.009 0.14 0.02 0.011 0.063 0.01 0.012 0.034
0.022 0.487 0.006 0.328 0.011 0.006 0.026 0.006 0.018 0.091
0.011 0.021 0.008 0.022 0.007 0.004 0.033 0.007 0.046 0.841
0.024 0.016 0.011 0.125 0.009 0.051 0.019 0.007 0.011 0.726
0.227 0.009 0.006 0.014 0.01 0.007 0.01 0.007 0.005 0.705
0.072 0.038 0.011 0.258 0.014 0.498 0.046 0.018 0.013 0.033
0.007 0.005 0.004 0.008 0.01 0.004 0.007 0.006 0.01 0.94
0.009 0.015 0.006 0.015 0.008 0.008 0.025 0.012 0.702 0.201
0.242 0.019 0.005 0.108 0.012 0.007 0.008 0.047 0.252 0.299
0.016 0.007 0.006 0.014 0.008 0.004 0.012 0.012 0.037 0.883
0.054 0.028 0.007 0.114 0.015 0.011 0.026 0.007 0.007 0.733
0.094 0.028 0.009 0.202 0.004 0.005 0.01 0.04 0.21 0.396
0.171 0.009 0.005 0.023 0.009 0.005 0.005 0.007 0.732 0.034
0.015 0.211 0.033 0.017 0.007 0.008 0.675 0.009 0.005 0.019
