0.007 0.009 0.007 0.012 0.01 0.006 0.93 0.01 0.01
0.01 0.007 0.01 0.004 0.011 0.009 0.933 0.008 0.009
0.016 0.025 0.005 0.005 0.008 0.051 0.851 0.007 0.032
0.009 0.106 0.04 0.008 0.168 0.005 0.654 0.005 0.005
0.032 0.032 0.008 0.007 0.007 0.011 0.851 0.011 0.04
0.016 0.187 0.02 0.01 0.006 0.014 0.717 0.007 0.023
0.46 0.015 0.011 0.007 0.015 0.053 0.112 0.007 0.321
0.014 0.007 0.029 0.003 0.007 0.007 0.703 0.125 0.104
0.016 0.239 0.439 0.005 0.011 0.023 0.25 0.012 0.006
0.011 0.136 0.38 0.005 0.005 0.019 0.429 0.005 0.01
0.032 0.028 0.029 0.007 0.006 0.009 0.879 0.005 0.006
0.007 0.007 0.006 0.008 0.014 0.011 0.929 0.004 0.014
0.007 0.077 0.02 0.007 0.005 0.007 0.868 0.005 0.005
0.186 0.015 0.02 0.007 0.007 0.007 0.204 0.153 0.401
0.021 0.011 0.136 0.014 0.02 0.01 0.728 0.014 0.047
0.01 0.009 0.01 0.012 0.006 0.007 0.936 0.005 0.005
0.028 0.018 0.519 0.023 0.006 0.014 0.364 0.008 0.02
0.042 0.038 0.063 0.009 0.006 0.042 0.775 0.02 0.005
0.013 0.068 0.016 0.012 0.166 0.006 0.711 0.004 0.004
0.021 0.113 0.034 0.012 0.016 0.021 0.045 0.008 0.73
0.036 0.06 0.095 0.004 0.2 0.009 0.56 0.03 0.005
0.005 0.017 0.009 0.022 0.005 0.015 0.911 0.006 0.009
0.028 0.015 0.026 0.084 0.016 0.017 0.789 0.01 0.015
0.007 0.006 0.011 0.006 0.004 0.007 0.948 0.005 0.007
0.013 0.045 0.01 0.587 0.037 0.022 0.015 0.205 0.067
0.004 0.004 0.003 0.807 0.004 0.004 0.004 0.133 0.037
0.007 0.033 0.004 0.467 0.451 0.007 0.007 0.009 0.015
0.012 0.096 0.075 0.467 0.007 0.017 0.031 0.165 0.13
0.011 0.008 0.011 0.86 0.011 0.03 0.055 0.008 0.006
0.007 0.01 0.005 0.803 0.009 0.005 0.005 0.056 0.101
0.004 0.003 0.003 0.971 0.004 0.004 0.005 0.003 0.004
0.006 0.006 0.006 0.919 0.01 0.011 0.007 0.005 0.03
0.008 0.021 0.008 0.444 0.01 0.019 0.012 0.444 0.035
0.012 0.01 0.01 0.914 0.009 0.011 0.009 0.019 0.007
0.088 0.022 0.031 0.636 0.033 0.094 0.024 0.042 0.028
0.008 0.083 0.011 0.057 0.021 0.021 0.024 0.008 0.768
0.005 0.005 0.003 0.964 0.004 0.005 0.004 0.003 0.006
0.006 0.023 0.006 0.897 0.016 0.032 0.009 0.006 0.005
0.01 0.008 0.087 0.791 0.022 0.02 0.036 0.008 0.018
0.01 0.007 0.007 0.945 0.005 0.007 0.008 0.006 0.006
0.288 0.028 0.009 0.36 0.083 0.017 0.185 0.007 0.023
0.005 0.306 0.004 0.588 0.007 0.006 0.045 0.005 0.033
0.005 0.008 0.012 0.61 0.282 0.015 0.008 0.006 0.055
0.01 0.018 0.033 0.909 0.005 0.006 0.008 0.005 0.005
0.011 0.162 0.026 0.757 0.006 0.006 0.01 0.004 0.017
0.01 0.018 0.032 0.91 0.005 0.006 0.008 0.005 0.005
0.005 0.005 0.003 0.964 0.004 0.005 0.004 0.003 0.007
0.005 0.005 0.003 0.964 0.004 0.005 0.004 0.003 0.006
0.009 0.007 0.014 0.006 0.009 0.933 0.005 0.013 0.004
0.129 0.407 0.105 0.004 0.01 0.031 0.015 0.295 0.004
0.382 0.017 0.009 0.115 0.037 0.361 0.009 0.038 0.032
0.009 0.007 0.005 0.005 0.023 0.049 0.031 0.864 0.005
0.014 0.008 0.018 0.005 0.889 0.042 0.006 0.014 0.005
0.009 0.009 0.032 0.014 0.009 0.32 0.008 0.596 0.004
0.02 0.011 0.023 0.025 0.01 0.561 0.048 0.294 0.007
0.006 0.017 0.011 0.006 0.016 0.015 0.008 0.91 0.012
0.006 0.019 0.012 0.006 0.017 0.02 0.008 0.901 0.011
0.013 0.025 0.123 0.007 0.054 0.748 0.018 0.006 0.006
0.063 0.019 0.056 0.012 0.473 0.127 0.059 0.187 0.004
0.008 0.013 0.006 0.012 0.012 0.914 0.02 0.009 0.006
0.008 0.005 0.006 0.005 0.007 0.016 0.008 0.94 0.006
0.385 0.013 0.03 0.028 0.113 0.219 0.124 0.075 0.014
0.06 0.058 0.587 0.01 0.007 0.15 0.007 0.116 0.005
0.008 0.01 0.018 0.009 0.01 0.561 0.007 0.353 0.024
0.01 0.026 0.005 0.006 0.037 0.425 0.007 0.433 0.05
0.005 0.008 0.008 0.005 0.95 0.007 0.006 0.007 0.004
0.004 0.005 0.005 0.003 0.955 0.011 0.007 0.006 0.004
0.004 0.004 0.004 0.004 0.969 0.005 0.003 0.004 0.003
0.005 0.005 0.005 0.004 0.965 0.005 0.004 0.004 0.004
0.008 0.004 0.028 0.003 0.021 0.908 0.01 0.012 0.005
0.027 0.012 0.031 0.01 0.011 0.811 0.008 0.084 0.008
0.066 0.025 0.008 0.006 0.449 0.372 0.056 0.013 0.006
0.01 0.235 0.009 0.024 0.013 0.02 0.102 0.504 0.084
0.013 0.855 0.017 0.008 0.005 0.007 0.012 0.005 0.078
0.026 0.794 0.027 0.025 0.01 0.028 0.022 0.046 0.023
0.02 0.776 0.103 0.006 0.007 0.04 0.011 0.017 0.02
0.047 0.022 0.029 0.004 0.016 0.811 0.027 0.032 0.012
0.03 0.023 0.008 0.051 0.12 0.222 0.504 0.031 0.011
0.016 0.306 0.242 0.014 0.141 0.121 0.142 0.009 0.01
0.018 0.109 0.007 0.025 0.382 0.385 0.045 0.017 0.012
0.012 0.665 0.007 0.008 0.027 0.222 0.032 0.011 0.016
0.004 0.967 0.005 0.005 0.004 0.004 0.004 0.003 0.005
0.009 0.733 0.006 0.006 0.008 0.006 0.013 0.006 0.213
0.01 0.717 0.035 0.035 0.012 0.042 0.072 0.006 0.072
0.005 0.871 0.015 0.007 0.06 0.009 0.009 0.005 0.019
0.045 0.034 0.015 0.078 0.015 0.734 0.06 0.005 0.014
0.039 0.075 0.025 0.192 0.009 0.588 0.05 0.008 0.015
0.006 0.955 0.004 0.007 0.004 0.008 0.006 0.005 0.006
0.017 0.154 0.363 0.015 0.013 0.344 0.025 0.03 0.04
0.019 0.039 0.006 0.029 0.696 0.131 0.018 0.02 0.041
0.005 0.915 0.023 0.007 0.009 0.012 0.016 0.005 0.007
0.006 0.87 0.02 0.005 0.009 0.071 0.005 0.005 0.009
0.013 0.321 0.033 0.008 0.018 0.096 0.011 0.055 0.446
0.005 0.942 0.006 0.007 0.012 0.008 0.007 0.005 0.009
0.013 0.845 0.028 0.006 0.017 0.01 0.065 0.008 0.007
0.007 0.903 0.013 0.013 0.013 0.014 0.022 0.005 0.009
0.014 0.091 0.013 0.013 0.007 0.766 0.006 0.007 0.082
0.026 0.023 0.022 0.017 0.041 0.75 0.017 0.008 0.096
0.015 0.006 0.005 0.01 0.009 0.924 0.014 0.007 0.009
0.007 0.019 0.007 0.005 0.017 0.925 0.006 0.008 0.007
0.008 0.009 0.009 0.01 0.904 0.014 0.007 0.007 0.033
0.007 0.014 0.009 0.014 0.106 0.807 0.011 0.007 0.025
0.142 0.007 0.006 0.049 0.017 0.758 0.01 0.005 0.008
0.327 0.017 0.009 0.009 0.008 0.597 0.016 0.005 0.01
0.009 0.822 0.012 0.01 0.075 0.042 0.017 0.006 0.007
0.01 0.038 0.01 0.009 0.091 0.807 0.007 0.017 0.012
0.035 0.038 0.005 0.017 0.016 0.838 0.023 0.011 0.017
0.164 0.047 0.332 0.261 0.028 0.045 0.066 0.024 0.033
0.022 0.878 0.03 0.009 0.009 0.021 0.01 0.015 0.006
0.037 0.204 0.063 0.008 0.064 0.488 0.047 0.008 0.082
0.024 0.054 0.007 0.059 0.041 0.723 0.065 0.008 0.019
0.008 0.03 0.008 0.039 0.825 0.05 0.017 0.006 0.017
0.029 0.581 0.032 0.009 0.023 0.295 0.009 0.008 0.014
0.039 0.03 0.022 0.015 0.032 0.802 0.04 0.012 0.009
0.007 0.089 0.011 0.008 0.018 0.373 0.026 0.033 0.436
0.044 0.018 0.048 0.037 0.309 0.463 0.06 0.008 0.013
0.052 0.025 0.025 0.044 0.024 0.452 0.017 0.112 0.248
0.007 0.126 0.008 0.03 0.066 0.731 0.017 0.005 0.011
0.01 0.906 0.014 0.015 0.011 0.025 0.006 0.008 0.006
0.01 0.606 0.019 0.015 0.012 0.307 0.016 0.009 0.006
0.019 0.071 0.031 0.014 0.029 0.117 0.009 0.115 0.595
0.094 0.06 0.013 0.114 0.063 0.05 0.018 0.009 0.58
0.132 0.014 0.021 0.237 0.01 0.022 0.023 0.263 0.278
0.116 0.307 0.155 0.037 0.02 0.029 0.141 0.019 0.177
0.005 0.011 0.007 0.007 0.007 0.01 0.932 0.014 0.008
0.012 0.26 0.008 0.009 0.012 0.015 0.549 0.008 0.127
0.016 0.019 0.021 0.017 0.1 0.033 0.244 0.044 0.506
0.012 0.017 0.011 0.036 0.011 0.389 0.309 0.029 0.186
0.018 0.244 0.02 0.014 0.045 0.016 0.582 0.006 0.056
0.008 0.02 0.023 0.01 0.014 0.827 0.049 0.01 0.039
0.008 0.739 0.007 0.013 0.005 0.009 0.137 0.017 0.065
0.006 0.081 0.004 0.009 0.012 0.014 0.037 0.023 0.814
0.004 0.008 0.006 0.006 0.004 0.005 0.945 0.004 0.02
0.01 0.008 0.007 0.012 0.012 0.064 0.029 0.009 0.848
0.009 0.018 0.031 0.051 0.017 0.045 0.493 0.011 0.326
0.006 0.007 0.006 0.008 0.005 0.009 0.881 0.006 0.072
0.018 0.014 0.008 0.025 0.012 0.026 0.877 0.011 0.01
0.009 0.009 0.005 0.011 0.01 0.017 0.892 0.009 0.038
0.006 0.01 0.007 0.017 0.007 0.022 0.917 0.008 0.006
0.018 0.321 0.016 0.02 0.011 0.015 0.58 0.006 0.012
0.009 0.149 0.01 0.019 0.007 0.05 0.312 0.013 0.431
0.01 0.023 0.007 0.01 0.009 0.01 0.131 0.007 0.794
0.031 0.398 0.03 0.005 0.021 0.013 0.427 0.009 0.065
0.028 0.117 0.026 0.013 0.352 0.022 0.289 0.017 0.136
0.01 0.023 0.008 0.004 0.03 0.013 0.005 0.019 0.889
0.155 0.048 0.011 0.06 0.011 0.05 0.045 0.009 0.611
0.011 0.227 0.032 0.013 0.021 0.021 0.048 0.013 0.614
0.105 0.135 0.029 0.021 0.058 0.06 0.187 0.035 0.37
0.007 0.008 0.007 0.007 0.009 0.008 0.218 0.004 0.732
0.039 0.235 0.016 0.011 0.067 0.073 0.18 0.01 0.369
0.004 0.005 0.004 0.006 0.004 0.005 0.006 0.005 0.961
0.006 0.012 0.006 0.007 0.006 0.01 0.034 0.008 0.912
0.01 0.013 0.005 0.2 0.01 0.008 0.235 0.032 0.488
0.005 0.019 0.006 0.015 0.007 0.008 0.018 0.009 0.913
0.015 0.102 0.047 0.023 0.008 0.028 0.016 0.006 0.754
0.005 0.006 0.015 0.009 0.006 0.005 0.013 0.005 0.937
0.003 0.004 0.003 0.004 0.004 0.004 0.004 0.004 0.97
0.032 0.028 0.02 0.069 0.053 0.046 0.037 0.033 0.682
0.006 0.007 0.005 0.006 0.008 0.009 0.017 0.012 0.931
0.008 0.019 0.006 0.261 0.009 0.034 0.011 0.008 0.645
0.004 0.005 0.004 0.008 0.004 0.004 0.005 0.006 0.96
0.014 0.046 0.178 0.008 0.307 0.082 0.273 0.007 0.085
0.005 0.011 0.004 0.004 0.004 0.004 0.006 0.007 0.956
0.004 0.004 0.004 0.007 0.004 0.006 0.01 0.004 0.956
0.013 0.014 0.01 0.025 0.006 0.007 0.007 0.008 0.91
0.005 0.008 0.004 0.006 0.005 0.006 0.009 0.009 0.949
0.004 0.006 0.004 0.004 0.003 0.004 0.004 0.004 0.967
0.049 0.495 0.036 0.005 0.012 0.027 0.224 0.01 0.142
0.048 0.036 0.008 0.006 0.009 0.822 0.014 0.012 0.044
0.011 0.028 0.091 0.006 0.009 0.805 0.008 0.038 0.004
0.005 0.007 0.007 0.005 0.006 0.956 0.004 0.006 0.005
0.026 0.498 0.029 0.041 0.011 0.205 0.114 0.041 0.036
0.008 0.087 0.582 0.019 0.094 0.18 0.012 0.012 0.007
0.024 0.027 0.017 0.005 0.005 0.903 0.007 0.007 0.004
0.025 0.011 0.03 0.004 0.016 0.871 0.005 0.034 0.004
0.012 0.083 0.101 0.008 0.011 0.736 0.02 0.02 0.009
0.01 0.011 0.01 0.032 0.006 0.895 0.01 0.014 0.011
0.011 0.032 0.121 0.026 0.007 0.768 0.005 0.023 0.006
0.023 0.008 0.024 0.017 0.006 0.883 0.021 0.011 0.006
0.014 0.006 0.01 0.006 0.006 0.933 0.004 0.017 0.004
0.015 0.092 0.013 0.005 0.394 0.248 0.207 0.017 0.008
0.009 0.119 0.009 0.004 0.046 0.404 0.013 0.377 0.019
0.671 0.01 0.095 0.056 0.008 0.081 0.036 0.035 0.009
0.039 0.006 0.032 0.006 0.007 0.019 0.63 0.254 0.007
0.506 0.02 0.081 0.041 0.009 0.021 0.305 0.009 0.008
0.066 0.009 0.416 0.009 0.006 0.144 0.099 0.246 0.005
0.542 0.008 0.22 0.01 0.007 0.149 0.018 0.042 0.004
0.452 0.021 0.013 0.026 0.348 0.018 0.009 0.093 0.019
0.897 0.009 0.025 0.007 0.011 0.013 0.022 0.008 0.007
0.723 0.045 0.131 0.006 0.015 0.019 0.024 0.03 0.007
0.607 0.015 0.006 0.007 0.336 0.009 0.005 0.011 0.005
0.856 0.01 0.069 0.024 0.011 0.011 0.008 0.008 0.004
0.927 0.007 0.008 0.007 0.017 0.009 0.011 0.007 0.007
0.892 0.006 0.054 0.011 0.004 0.009 0.009 0.01 0.004
0.928 0.03 0.005 0.004 0.007 0.007 0.007 0.006 0.006
0.944 0.005 0.004 0.02 0.005 0.006 0.005 0.007 0.004
0.881 0.01 0.016 0.007 0.009 0.014 0.009 0.049 0.004
0.745 0.088 0.032 0.02 0.007 0.069 0.014 0.019 0.006
0.881 0.044 0.027 0.004 0.009 0.007 0.014 0.007 0.008
0.886 0.027 0.015 0.011 0.006 0.008 0.007 0.023 0.017
0.625 0.008 0.065 0.025 0.005 0.022 0.039 0.205 0.005
0.659 0.019 0.22 0.006 0.009 0.038 0.034 0.009 0.006
0.91 0.03 0.012 0.006 0.004 0.019 0.006 0.007 0.006
0.841 0.016 0.095 0.013 0.007 0.006 0.008 0.011 0.004
0.912 0.009 0.012 0.019 0.021 0.007 0.004 0.009 0.006
0.921 0.004 0.011 0.01 0.011 0.013 0.006 0.021 0.004
0.136 0.013 0.735 0.005 0.011 0.026 0.018 0.051 0.006
0.012 0.005 0.847 0.01 0.007 0.07 0.026 0.012 0.01
0.398 0.017 0.022 0.021 0.088 0.01 0.02 0.287 0.137
0.012 0.006 0.018 0.008 0.009 0.007 0.007 0.878 0.055
0.096 0.019 0.168 0.013 0.273 0.189 0.015 0.218 0.007
0.007 0.008 0.921 0.004 0.006 0.025 0.006 0.01 0.015
0.012 0.012 0.375 0.01 0.011 0.006 0.009 0.533 0.031
0.019 0.033 0.472 0.006 0.436 0.007 0.007 0.013 0.009
0.005 0.009 0.957 0.005 0.005 0.005 0.005 0.005 0.005
0.024 0.009 0.043 0.009 0.014 0.014 0.007 0.86 0.02
0.016 0.01 0.802 0.007 0.006 0.02 0.044 0.09 0.004
0.045 0.018 0.172 0.01 0.047 0.024 0.009 0.66 0.015
0.155 0.01 0.787 0.006 0.009 0.008 0.005 0.012 0.009
0.013 0.009 0.929 0.004 0.013 0.008 0.006 0.015 0.004
0.009 0.009 0.915 0.005 0.019 0.025 0.005 0.01 0.004
0.005 0.007 0.946 0.003 0.004 0.006 0.01 0.015 0.004
0.004 0.007 0.963 0.003 0.004 0.004 0.004 0.007 0.004
0.008 0.008 0.943 0.007 0.006 0.005 0.007 0.009 0.007
0.014 0.007 0.934 0.006 0.008 0.008 0.013 0.006 0.004
0.009 0.015 0.923 0.004 0.014 0.009 0.01 0.007 0.008
0.007 0.007 0.95 0.004 0.006 0.008 0.006 0.006 0.005
0.007 0.01 0.942 0.004 0.005 0.01 0.004 0.01 0.008
0.182 0.017 0.635 0.023 0.019 0.049 0.034 0.016 0.026
0.197 0.006 0.695 0.026 0.008 0.013 0.013 0.038 0.004
0.415 0.019 0.152 0.004 0.004 0.026 0.009 0.345 0.027
0.385 0.009 0.116 0.003 0.177 0.017 0.011 0.262 0.019
0.146 0.009 0.029 0.005 0.228 0.02 0.006 0.544 0.014
0.239 0.015 0.263 0.005 0.397 0.023 0.029 0.021 0.007
0.016 0.017 0.799 0.005 0.027 0.082 0.01 0.038 0.006
0.026 0.01 0.902 0.01 0.01 0.01 0.012 0.008 0.011
0.027 0.068 0.807 0.006 0.019 0.008 0.036 0.014 0.016
0.045 0.024 0.848 0.004 0.015 0.038 0.01 0.01 0.005
0.007 0.004 0.007 0.003 0.004 0.005 0.006 0.958 0.004
0.008 0.004 0.007 0.003 0.005 0.005 0.006 0.958 0.004
0.007 0.004 0.007 0.003 0.005 0.005 0.006 0.958 0.004
0.017 0.01 0.115 0.005 0.01 0.053 0.011 0.769 0.01
0.016 0.011 0.412 0.006 0.005 0.007 0.006 0.528 0.01
0.016 0.008 0.019 0.005 0.64 0.005 0.011 0.288 0.008
0.095 0.01 0.816 0.005 0.009 0.012 0.006 0.037 0.008
0.202 0.011 0.051 0.107 0.387 0.072 0.107 0.025 0.038
0.295 0.026 0.578 0.011 0.015 0.023 0.022 0.02 0.011
0.118 0.018 0.621 0.006 0.025 0.111 0.017 0.064 0.021
0.026 0.008 0.013 0.009 0.009 0.011 0.011 0.895 0.018
0.652 0.008 0.074 0.041 0.03 0.066 0.025 0.047 0.055
0.012 0.004 0.02 0.004 0.005 0.009 0.006 0.936 0.005
0.897 0.008 0.013 0.024 0.006 0.015 0.023 0.008 0.006
0.013 0.004 0.019 0.004 0.005 0.008 0.006 0.936 0.005
0.027 0.6 0.114 0.007 0.018 0.033 0.104 0.088 0.008
0.009 0.042 0.011 0.019 0.007 0.018 0.041 0.821 0.032
0.171 0.326 0.125 0.006 0.022 0.27 0.028 0.02 0.031
0.016 0.628 0.027 0.02 0.012 0.011 0.011 0.185 0.089
0.025 0.457 0.065 0.026 0.021 0.372 0.01 0.007 0.016
0.023 0.853 0.04 0.041 0.006 0.017 0.006 0.009 0.005
0.016 0.32 0.102 0.117 0.025 0.276 0.113 0.01 0.022
0.051 0.612 0.027 0.053 0.03 0.097 0.065 0.058 0.007
0.017 0.347 0.009 0.009 0.072 0.093 0.015 0.34 0.097
0.052 0.822 0.014 0.013 0.012 0.016 0.01 0.05 0.011
0.066 0.432 0.059 0.008 0.029 0.019 0.01 0.217 0.161
0.018 0.304 0.015 0.014 0.407 0.13 0.088 0.013 0.012
0.009 0.438 0.007 0.01 0.292 0.045 0.175 0.006 0.018
0.013 0.036 0.004 0.007 0.016 0.035 0.806 0.008 0.074
0.011 0.254 0.043 0.01 0.03 0.021 0.606 0.009 0.016
0.007 0.021 0.007 0.011 0.273 0.012 0.656 0.007 0.007
0.013 0.398 0.396 0.015 0.063 0.054 0.03 0.018 0.013
0.005 0.009 0.004 0.012 0.007 0.006 0.936 0.007 0.013
0.008 0.018 0.007 0.008 0.011 0.019 0.157 0.012 0.761
0.006 0.131 0.007 0.012 0.307 0.009 0.217 0.047 0.263
0.007 0.031 0.005 0.008 0.032 0.015 0.818 0.02 0.065
0.008 0.224 0.01 0.016 0.109 0.045 0.573 0.007 0.008
0.012 0.32 0.005 0.004 0.086 0.012 0.299 0.049 0.213
0.005 0.021 0.004 0.008 0.195 0.005 0.022 0.007 0.733
0.046 0.019 0.008 0.007 0.023 0.865 0.017 0.009 0.005
