0.031 0.017 0.117 0.017 0.818
0.019 0.03 0.012 0.033 0.906
0.094 0.051 0.015 0.018 0.822
0.012 0.069 0.013 0.039 0.866
0.044 0.017 0.072 0.026 0.841
0.041 0.016 0.029 0.035 0.879
0.358 0.122 0.079 0.217 0.224
0.226 0.02 0.01 0.146 0.598
0.015 0.044 0.01 0.457 0.474
0.014 0.026 0.012 0.264 0.685
0.014 0.016 0.077 0.048 0.844
0.03 0.024 0.105 0.014 0.827
0.011 0.011 0.013 0.029 0.937
0.437 0.02 0.025 0.215 0.302
0.111 0.034 0.038 0.288 0.53
0.012 0.013 0.021 0.024 0.928
0.036 0.018 0.051 0.548 0.346
0.013 0.03 0.034 0.149 0.774
0.011 0.138 0.026 0.024 0.801
0.783 0.032 0.029 0.065 0.092
0.015 0.192 0.018 0.186 0.59
0.018 0.021 0.029 0.015 0.917
0.027 0.037 0.26 0.069 0.606
0.016 0.012 0.015 0.022 0.935
0.258 0.037 0.652 0.032 0.021
0.179 0.014 0.785 0.014 0.009
0.039 0.48 0.447 0.012 0.021
0.316 0.057 0.336 0.211 0.081
0.014 0.031 0.818 0.026 0.111
0.199 0.014 0.76 0.013 0.014
0.012 0.009 0.958 0.007 0.015
0.088 0.019 0.854 0.015 0.024
0.31 0.121 0.477 0.062 0.03
0.013 0.014 0.943 0.014 0.016
0.065 0.264 0.575 0.06 0.037
0.838 0.034 0.053 0.016 0.059
0.015 0.01 0.959 0.007 0.01
0.013 0.135 0.818 0.012 0.022
0.043 0.029 0.786 0.074 0.068
0.015 0.012 0.944 0.01 0.018
0.033 0.18 0.374 0.109 0.304
0.062 0.039 0.555 0.011 0.333
0.134 0.247 0.577 0.017 0.026
0.015 0.015 0.8 0.134 0.037
0.06 0.014 0.703 0.123 0.101
0.015 0.015 0.799 0.132 0.039
0.015 0.01 0.959 0.007 0.01
0.015 0.01 0.959 0.007 0.01
0.008 0.878 0.02 0.075 0.019
0.009 0.066 0.01 0.583 0.332
0.036 0.454 0.434 0.06 0.016
0.015 0.774 0.01 0.168 0.033
0.011 0.947 0.011 0.02 0.011
0.012 0.744 0.017 0.212 0.015
0.029 0.468 0.226 0.191 0.086
0.141 0.614 0.011 0.213 0.02
0.132 0.633 0.011 0.204 0.02
0.016 0.734 0.014 0.188 0.047
0.008 0.856 0.03 0.063 0.043
0.014 0.874 0.032 0.02 0.059
0.251 0.309 0.013 0.41 0.017
0.027 0.458 0.319 0.125 0.071
0.012 0.032 0.015 0.926 0.014
0.102 0.75 0.014 0.119 0.014
0.341 0.6 0.012 0.033 0.013
0.01 0.94 0.013 0.018 0.019
0.009 0.949 0.014 0.014 0.014
0.01 0.953 0.014 0.013 0.011
0.012 0.947 0.014 0.016 0.012
0.012 0.858 0.011 0.096 0.022
0.021 0.752 0.035 0.167 0.025
0.01 0.904 0.012 0.017 0.056
0.591 0.033 0.031 0.072 0.273
0.406 0.02 0.029 0.024 0.521
0.206 0.047 0.055 0.492 0.2
0.104 0.055 0.028 0.737 0.076
0.035 0.337 0.013 0.508 0.107
0.032 0.382 0.251 0.034 0.301
0.026 0.697 0.022 0.035 0.221
0.025 0.863 0.026 0.021 0.065
0.06 0.302 0.032 0.032 0.574
0.159 0.034 0.027 0.052 0.727
0.52 0.024 0.014 0.019 0.423
0.281 0.037 0.048 0.028 0.605
0.1 0.081 0.03 0.025 0.764
0.024 0.385 0.428 0.029 0.134
0.056 0.132 0.675 0.044 0.093
0.158 0.092 0.03 0.025 0.696
0.119 0.075 0.052 0.598 0.155
0.05 0.836 0.074 0.015 0.026
0.058 0.03 0.019 0.057 0.835
0.13 0.501 0.017 0.165 0.186
0.703 0.105 0.019 0.123 0.05
0.086 0.119 0.017 0.042 0.736
0.019 0.028 0.013 0.042 0.898
0.025 0.053 0.022 0.032 0.869
0.341 0.499 0.04 0.074 0.046
0.266 0.432 0.059 0.163 0.081
0.026 0.759 0.072 0.056 0.087
0.019 0.931 0.016 0.018 0.016
0.094 0.832 0.029 0.026 0.019
0.067 0.863 0.032 0.015 0.024
0.019 0.659 0.229 0.06 0.034
0.039 0.471 0.163 0.225 0.102
0.017 0.537 0.031 0.016 0.398
0.026 0.916 0.017 0.023 0.019
0.068 0.625 0.163 0.018 0.127
0.074 0.038 0.493 0.286 0.109
0.038 0.215 0.04 0.523 0.183
0.159 0.408 0.034 0.11 0.288
0.038 0.607 0.087 0.026 0.242
0.044 0.828 0.074 0.012 0.041
0.037 0.716 0.023 0.175 0.05
0.02 0.744 0.065 0.044 0.127
0.718 0.107 0.015 0.072 0.088
0.025 0.713 0.099 0.056 0.107
0.375 0.39 0.122 0.081 0.033
0.029 0.832 0.053 0.014 0.072
0.033 0.671 0.114 0.102 0.081
0.026 0.652 0.036 0.127 0.16
0.715 0.1 0.054 0.072 0.058
0.601 0.055 0.232 0.023 0.088
0.421 0.031 0.393 0.092 0.065
0.289 0.038 0.057 0.109 0.507
0.013 0.034 0.015 0.017 0.921
0.115 0.027 0.018 0.016 0.824
0.518 0.096 0.044 0.041 0.301
0.299 0.084 0.139 0.056 0.422
0.06 0.03 0.023 0.03 0.857
0.133 0.319 0.027 0.096 0.425
0.055 0.018 0.015 0.019 0.894
0.801 0.032 0.017 0.01 0.14
0.036 0.01 0.011 0.011 0.933
0.846 0.045 0.043 0.015 0.051
0.32 0.052 0.075 0.037 0.517
0.147 0.016 0.018 0.014 0.804
0.018 0.028 0.186 0.019 0.748
0.082 0.026 0.019 0.016 0.857
0.013 0.032 0.024 0.015 0.916
0.02 0.025 0.019 0.031 0.905
0.385 0.03 0.022 0.017 0.546
0.565 0.02 0.022 0.015 0.379
0.133 0.022 0.011 0.063 0.771
0.226 0.29 0.022 0.067 0.395
0.923 0.035 0.011 0.018 0.014
0.632 0.035 0.209 0.028 0.096
0.657 0.065 0.02 0.081 0.176
0.503 0.095 0.064 0.086 0.252
0.687 0.018 0.017 0.015 0.264
0.317 0.111 0.03 0.043 0.499
0.951 0.01 0.013 0.009 0.016
0.877 0.015 0.015 0.016 0.077
0.563 0.014 0.245 0.012 0.165
0.914 0.014 0.02 0.011 0.041
0.778 0.034 0.023 0.099 0.066
0.916 0.011 0.014 0.025 0.034
0.965 0.009 0.009 0.007 0.01
0.715 0.059 0.124 0.043 0.059
0.921 0.019 0.012 0.012 0.036
0.676 0.044 0.242 0.011 0.026
0.957 0.009 0.015 0.009 0.011
0.085 0.651 0.016 0.032 0.216
0.954 0.009 0.009 0.008 0.019
0.94 0.012 0.014 0.009 0.025
0.917 0.013 0.031 0.017 0.022
0.955 0.01 0.01 0.009 0.016
0.959 0.008 0.009 0.009 0.015
0.106 0.036 0.013 0.073 0.771
0.161 0.655 0.062 0.056 0.065
0.012 0.603 0.015 0.352 0.019
0.014 0.943 0.012 0.02 0.011
0.074 0.058 0.139 0.04 0.689
0.014 0.87 0.021 0.071 0.024
0.011 0.748 0.038 0.163 0.039
0.009 0.83 0.011 0.133 0.016
0.042 0.47 0.024 0.318 0.145
0.037 0.823 0.08 0.027 0.033
0.022 0.667 0.036 0.257 0.018
0.022 0.548 0.139 0.202 0.09
0.009 0.921 0.018 0.042 0.01
0.015 0.791 0.013 0.017 0.164
0.106 0.79 0.01 0.045 0.05
0.013 0.061 0.412 0.478 0.035
0.023 0.171 0.024 0.273 0.51
0.027 0.024 0.47 0.136 0.343
0.01 0.161 0.015 0.77 0.044
0.008 0.177 0.165 0.626 0.024
0.079 0.514 0.242 0.139 0.026
0.015 0.129 0.104 0.72 0.033
0.018 0.035 0.013 0.903 0.032
0.019 0.445 0.084 0.425 0.027
0.01 0.048 0.596 0.316 0.031
0.015 0.135 0.325 0.491 0.033
0.009 0.013 0.302 0.659 0.017
0.028 0.304 0.068 0.544 0.056
0.018 0.02 0.725 0.212 0.026
0.011 0.04 0.433 0.497 0.02
0.019 0.192 0.04 0.68 0.069
0.039 0.087 0.024 0.752 0.098
0.032 0.096 0.123 0.7 0.049
0.011 0.027 0.232 0.672 0.058
0.014 0.075 0.026 0.827 0.058
0.022 0.202 0.329 0.407 0.041
0.01 0.02 0.08 0.877 0.013
0.017 0.127 0.371 0.472 0.014
0.011 0.101 0.472 0.4 0.015
0.012 0.026 0.02 0.911 0.03
0.024 0.081 0.021 0.823 0.051
0.259 0.167 0.083 0.463 0.028
0.434 0.018 0.014 0.524 0.011
0.013 0.63 0.016 0.32 0.021
0.035 0.03 0.009 0.913 0.014
0.134 0.019 0.018 0.816 0.014
0.034 0.338 0.023 0.557 0.049
0.015 0.013 0.013 0.945 0.014
0.302 0.046 0.013 0.628 0.01
0.01 0.027 0.024 0.879 0.06
0.155 0.03 0.014 0.786 0.014
0.02 0.018 0.014 0.935 0.013
0.01 0.264 0.015 0.692 0.019
0.009 0.459 0.012 0.508 0.012
0.009 0.011 0.007 0.956 0.017
0.01 0.011 0.009 0.96 0.01
0.015 0.019 0.013 0.935 0.018
0.009 0.018 0.016 0.932 0.026
0.023 0.026 0.015 0.905 0.03
0.014 0.022 0.009 0.938 0.016
0.028 0.023 0.01 0.926 0.013
0.056 0.132 0.058 0.659 0.094
0.009 0.019 0.105 0.848 0.019
0.036 0.025 0.01 0.879 0.05
0.02 0.15 0.009 0.788 0.034
0.072 0.223 0.014 0.681 0.011
0.016 0.43 0.013 0.499 0.042
0.014 0.12 0.011 0.838 0.016
0.014 0.03 0.017 0.915 0.024
0.032 0.027 0.015 0.841 0.085
0.01 0.065 0.01 0.88 0.034
0.04 0.014 0.01 0.924 0.012
0.041 0.014 0.01 0.923 0.012
0.041 0.014 0.01 0.924 0.012
0.082 0.085 0.01 0.81 0.013
0.049 0.013 0.012 0.916 0.01
0.019 0.793 0.014 0.15 0.024
0.013 0.015 0.01 0.949 0.013
0.088 0.197 0.493 0.136 0.085
0.02 0.023 0.021 0.906 0.031
0.024 0.043 0.012 0.901 0.02
0.155 0.019 0.02 0.79 0.015
0.073 0.133 0.171 0.592 0.031
0.051 0.016 0.01 0.911 0.012
0.016 0.034 0.418 0.497 0.035
0.051 0.016 0.01 0.911 0.012
0.014 0.091 0.015 0.269 0.611
0.519 0.093 0.029 0.325 0.033
0.096 0.141 0.019 0.663 0.082
0.372 0.051 0.071 0.424 0.082
0.049 0.593 0.057 0.234 0.067
0.049 0.249 0.099 0.497 0.106
0.055 0.389 0.216 0.12 0.22
0.02 0.394 0.099 0.042 0.445
0.387 0.47 0.021 0.083 0.039
0.137 0.183 0.038 0.47 0.172
0.352 0.049 0.021 0.548 0.029
0.025 0.806 0.019 0.03 0.119
0.028 0.451 0.019 0.018 0.485
0.056 0.022 0.012 0.014 0.896
0.018 0.038 0.014 0.066 0.864
0.012 0.198 0.021 0.013 0.755
0.029 0.262 0.027 0.586 0.095
0.028 0.013 0.015 0.013 0.932
0.701 0.019 0.013 0.017 0.25
0.317 0.164 0.016 0.021 0.482
0.061 0.022 0.015 0.015 0.887
0.016 0.072 0.021 0.019 0.872
0.224 0.048 0.009 0.021 0.697
0.714 0.107 0.019 0.011 0.149
0.013 0.913 0.022 0.026 0.026
