0.011 0.013 0.01 0.012 0.006 0.008 0.008 0.934
0.013 0.004 0.008 0.009 0.008 0.006 0.015 0.936
0.01 0.005 0.006 0.035 0.021 0.045 0.02 0.858
0.172 0.008 0.027 0.006 0.004 0.057 0.007 0.72
0.009 0.007 0.009 0.047 0.01 0.03 0.036 0.851
0.006 0.01 0.014 0.022 0.008 0.134 0.031 0.776
0.012 0.006 0.008 0.189 0.01 0.013 0.687 0.076
0.007 0.005 0.076 0.119 0.018 0.006 0.014 0.755
0.016 0.005 0.375 0.006 0.017 0.242 0.013 0.326
0.006 0.006 0.169 0.008 0.015 0.211 0.017 0.568
0.006 0.007 0.018 0.006 0.008 0.025 0.022 0.909
0.016 0.008 0.006 0.015 0.006 0.007 0.013 0.93
0.005 0.006 0.015 0.005 0.004 0.05 0.007 0.907
0.007 0.007 0.041 0.428 0.014 0.011 0.238 0.253
0.023 0.015 0.102 0.041 0.007 0.011 0.027 0.774
0.006 0.011 0.009 0.005 0.005 0.008 0.011 0.946
0.007 0.027 0.406 0.017 0.008 0.019 0.027 0.488
0.007 0.009 0.062 0.005 0.016 0.027 0.051 0.822
0.222 0.011 0.009 0.005 0.005 0.027 0.022 0.699
0.017 0.012 0.036 0.776 0.015 0.073 0.019 0.052
0.278 0.005 0.067 0.005 0.009 0.022 0.076 0.537
0.006 0.021 0.007 0.009 0.014 0.017 0.006 0.921
0.015 0.088 0.02 0.015 0.017 0.016 0.027 0.802
0.004 0.006 0.008 0.007 0.005 0.006 0.009 0.955
0.036 0.709 0.023 0.068 0.054 0.075 0.02 0.015
0.005 0.93 0.005 0.031 0.015 0.004 0.005 0.005
0.463 0.464 0.007 0.013 0.005 0.037 0.005 0.006
0.008 0.588 0.094 0.082 0.11 0.079 0.008 0.031
0.013 0.864 0.014 0.007 0.012 0.012 0.019 0.06
0.008 0.922 0.007 0.034 0.008 0.01 0.006 0.005
0.004 0.973 0.003 0.004 0.003 0.004 0.004 0.005
0.012 0.919 0.007 0.031 0.007 0.011 0.006 0.007
0.038 0.596 0.082 0.118 0.068 0.065 0.017 0.017
0.008 0.932 0.014 0.006 0.01 0.008 0.012 0.009
0.082 0.653 0.042 0.018 0.101 0.033 0.051 0.02
0.021 0.063 0.009 0.778 0.021 0.07 0.009 0.028
0.005 0.966 0.003 0.007 0.004 0.005 0.005 0.005
0.028 0.884 0.005 0.005 0.018 0.045 0.008 0.007
0.022 0.782 0.096 0.019 0.009 0.008 0.02 0.044
0.005 0.955 0.007 0.005 0.005 0.006 0.009 0.007
0.125 0.366 0.011 0.024 0.016 0.015 0.258 0.185
0.012 0.59 0.005 0.043 0.006 0.265 0.005 0.075
0.297 0.598 0.009 0.057 0.008 0.014 0.009 0.009
0.005 0.925 0.023 0.005 0.006 0.019 0.008 0.008
0.007 0.812 0.031 0.022 0.005 0.101 0.009 0.013
0.005 0.926 0.022 0.005 0.006 0.02 0.008 0.008
0.005 0.966 0.003 0.007 0.004 0.005 0.006 0.005
0.005 0.966 0.003 0.007 0.004 0.005 0.006 0.005
0.011 0.007 0.028 0.004 0.925 0.01 0.011 0.005
0.009 0.004 0.232 0.004 0.267 0.402 0.051 0.031
0.033 0.087 0.01 0.028 0.264 0.019 0.551 0.008
0.01 0.004 0.011 0.005 0.947 0.006 0.007 0.011
0.899 0.005 0.018 0.005 0.048 0.008 0.012 0.005
0.007 0.007 0.036 0.005 0.922 0.007 0.01 0.006
0.013 0.024 0.079 0.009 0.7 0.02 0.078 0.076
0.01 0.004 0.016 0.012 0.935 0.009 0.006 0.007
0.009 0.004 0.015 0.01 0.941 0.008 0.006 0.007
0.056 0.007 0.061 0.007 0.788 0.048 0.014 0.019
0.349 0.008 0.022 0.004 0.557 0.013 0.025 0.021
0.016 0.015 0.007 0.007 0.901 0.023 0.01 0.022
0.009 0.007 0.055 0.032 0.879 0.006 0.007 0.006
0.107 0.03 0.047 0.014 0.243 0.02 0.436 0.103
0.007 0.007 0.782 0.006 0.12 0.05 0.02 0.006
0.008 0.006 0.019 0.011 0.936 0.007 0.007 0.005
0.017 0.007 0.013 0.056 0.879 0.014 0.008 0.005
0.953 0.005 0.007 0.004 0.011 0.007 0.005 0.007
0.957 0.004 0.006 0.004 0.011 0.007 0.004 0.007
0.97 0.005 0.005 0.003 0.005 0.004 0.004 0.004
0.967 0.004 0.005 0.004 0.006 0.005 0.005 0.004
0.04 0.004 0.024 0.005 0.865 0.005 0.046 0.012
0.01 0.01 0.032 0.008 0.895 0.016 0.019 0.012
0.348 0.006 0.008 0.006 0.518 0.032 0.035 0.048
0.017 0.034 0.042 0.451 0.094 0.226 0.036 0.101
0.006 0.011 0.007 0.185 0.007 0.701 0.063 0.019
0.01 0.029 0.045 0.029 0.016 0.827 0.026 0.02
0.008 0.007 0.16 0.022 0.021 0.754 0.015 0.013
0.036 0.004 0.103 0.014 0.118 0.024 0.651 0.05
0.137 0.051 0.011 0.012 0.112 0.021 0.06 0.596
0.374 0.013 0.056 0.01 0.184 0.222 0.02 0.121
0.48 0.016 0.009 0.01 0.196 0.251 0.01 0.028
0.051 0.007 0.006 0.014 0.076 0.803 0.01 0.032
0.004 0.005 0.005 0.005 0.003 0.969 0.004 0.005
0.008 0.006 0.005 0.363 0.006 0.562 0.033 0.018
0.015 0.045 0.019 0.182 0.017 0.568 0.037 0.117
0.07 0.007 0.009 0.021 0.008 0.857 0.006 0.021
0.071 0.092 0.009 0.016 0.119 0.215 0.363 0.116
0.021 0.222 0.02 0.022 0.133 0.252 0.256 0.075
0.005 0.006 0.004 0.006 0.007 0.962 0.005 0.006
0.014 0.019 0.599 0.061 0.026 0.225 0.025 0.031
0.75 0.027 0.007 0.028 0.046 0.105 0.023 0.014
0.009 0.007 0.014 0.008 0.007 0.92 0.006 0.028
0.009 0.005 0.009 0.007 0.015 0.944 0.006 0.005
0.015 0.011 0.065 0.439 0.121 0.327 0.01 0.012
0.011 0.006 0.005 0.01 0.007 0.948 0.005 0.008
0.023 0.007 0.023 0.008 0.016 0.662 0.01 0.251
0.016 0.013 0.009 0.01 0.008 0.893 0.01 0.041
0.031 0.017 0.013 0.146 0.173 0.549 0.065 0.007
0.095 0.022 0.038 0.21 0.064 0.129 0.417 0.025
0.064 0.014 0.01 0.016 0.29 0.013 0.538 0.056
0.317 0.007 0.009 0.01 0.299 0.323 0.027 0.008
0.918 0.009 0.008 0.028 0.007 0.008 0.016 0.007
0.565 0.018 0.009 0.037 0.143 0.199 0.015 0.014
0.067 0.016 0.007 0.012 0.081 0.02 0.78 0.018
0.022 0.012 0.008 0.016 0.058 0.031 0.83 0.024
0.155 0.008 0.008 0.007 0.018 0.774 0.008 0.022
0.372 0.009 0.015 0.011 0.267 0.311 0.007 0.008
0.082 0.035 0.006 0.022 0.431 0.308 0.069 0.046
0.03 0.176 0.102 0.027 0.018 0.039 0.555 0.053
0.009 0.01 0.037 0.006 0.011 0.901 0.017 0.01
0.108 0.009 0.017 0.041 0.024 0.169 0.592 0.04
0.175 0.051 0.013 0.019 0.134 0.356 0.09 0.161
0.861 0.029 0.006 0.017 0.01 0.037 0.026 0.014
0.086 0.01 0.022 0.016 0.073 0.753 0.031 0.01
0.22 0.024 0.029 0.012 0.284 0.109 0.221 0.102
0.038 0.009 0.028 0.507 0.051 0.3 0.017 0.05
0.41 0.043 0.067 0.023 0.132 0.029 0.182 0.115
0.052 0.066 0.044 0.199 0.497 0.04 0.086 0.016
0.16 0.028 0.007 0.01 0.19 0.58 0.009 0.016
0.015 0.015 0.018 0.006 0.013 0.917 0.01 0.006
0.015 0.014 0.01 0.006 0.072 0.856 0.011 0.017
0.045 0.016 0.051 0.544 0.054 0.252 0.028 0.011
0.042 0.106 0.011 0.554 0.021 0.101 0.144 0.021
0.01 0.219 0.136 0.348 0.041 0.016 0.2 0.029
0.019 0.041 0.035 0.162 0.02 0.158 0.457 0.108
0.008 0.007 0.006 0.008 0.023 0.01 0.006 0.932
0.01 0.009 0.007 0.116 0.032 0.201 0.011 0.613
0.116 0.019 0.019 0.534 0.027 0.023 0.039 0.224
0.015 0.03 0.024 0.232 0.127 0.028 0.031 0.513
0.035 0.014 0.016 0.058 0.015 0.229 0.012 0.621
0.045 0.017 0.047 0.097 0.422 0.104 0.071 0.196
0.005 0.012 0.009 0.061 0.01 0.6 0.007 0.295
0.016 0.013 0.004 0.74 0.034 0.141 0.005 0.046
0.004 0.007 0.005 0.02 0.005 0.007 0.004 0.949
0.018 0.015 0.008 0.865 0.02 0.018 0.024 0.032
0.018 0.056 0.029 0.29 0.038 0.022 0.012 0.536
0.005 0.008 0.006 0.069 0.006 0.008 0.007 0.89
0.011 0.027 0.01 0.01 0.023 0.017 0.022 0.881
0.01 0.011 0.005 0.035 0.014 0.01 0.01 0.904
0.007 0.016 0.006 0.006 0.031 0.01 0.007 0.917
0.011 0.019 0.015 0.012 0.02 0.18 0.01 0.735
0.008 0.019 0.009 0.391 0.04 0.142 0.009 0.381
0.01 0.01 0.006 0.798 0.009 0.021 0.015 0.131
0.017 0.005 0.02 0.095 0.01 0.219 0.078 0.555
0.354 0.017 0.036 0.127 0.018 0.105 0.016 0.327
0.029 0.005 0.01 0.908 0.01 0.024 0.01 0.005
0.015 0.066 0.011 0.618 0.016 0.087 0.14 0.046
0.022 0.017 0.046 0.604 0.037 0.193 0.008 0.073
0.07 0.023 0.04 0.399 0.03 0.145 0.099 0.195
0.009 0.007 0.006 0.734 0.008 0.011 0.01 0.216
0.089 0.012 0.023 0.285 0.017 0.397 0.025 0.153
0.005 0.006 0.004 0.965 0.004 0.005 0.005 0.006
0.006 0.007 0.009 0.908 0.006 0.01 0.009 0.045
0.011 0.23 0.008 0.5 0.01 0.013 0.01 0.218
0.008 0.015 0.006 0.925 0.009 0.016 0.005 0.017
0.01 0.029 0.036 0.732 0.019 0.14 0.013 0.021
0.006 0.009 0.009 0.946 0.005 0.005 0.008 0.012
0.004 0.004 0.003 0.973 0.004 0.005 0.003 0.004
0.054 0.069 0.025 0.707 0.031 0.029 0.046 0.039
0.01 0.006 0.006 0.938 0.008 0.007 0.006 0.019
0.011 0.304 0.006 0.606 0.024 0.028 0.011 0.01
0.004 0.009 0.005 0.964 0.005 0.005 0.004 0.005
0.458 0.01 0.033 0.061 0.105 0.041 0.021 0.272
0.004 0.004 0.004 0.961 0.005 0.01 0.004 0.007
0.005 0.008 0.004 0.957 0.005 0.006 0.004 0.011
0.006 0.024 0.008 0.923 0.006 0.012 0.014 0.007
0.005 0.007 0.005 0.956 0.005 0.008 0.005 0.009
0.004 0.004 0.004 0.971 0.004 0.006 0.004 0.004
0.016 0.006 0.043 0.149 0.015 0.326 0.067 0.378
0.012 0.006 0.008 0.061 0.735 0.085 0.075 0.02
0.022 0.007 0.142 0.004 0.699 0.104 0.013 0.009
0.043 0.006 0.008 0.006 0.82 0.104 0.008 0.005
0.017 0.049 0.046 0.04 0.114 0.399 0.083 0.252
0.442 0.014 0.222 0.006 0.187 0.107 0.011 0.01
0.005 0.006 0.02 0.004 0.858 0.071 0.026 0.01
0.013 0.004 0.034 0.004 0.883 0.014 0.04 0.007
0.027 0.011 0.132 0.012 0.517 0.259 0.012 0.031
0.013 0.065 0.01 0.023 0.825 0.031 0.017 0.017
0.006 0.013 0.035 0.006 0.896 0.034 0.006 0.006
0.007 0.029 0.039 0.008 0.78 0.012 0.066 0.059
0.006 0.006 0.008 0.004 0.958 0.006 0.008 0.004
0.522 0.005 0.009 0.008 0.246 0.043 0.017 0.15
0.025 0.005 0.014 0.015 0.875 0.047 0.008 0.01
0.011 0.02 0.036 0.007 0.009 0.008 0.89 0.019
0.008 0.006 0.028 0.008 0.236 0.006 0.088 0.62
0.009 0.027 0.019 0.008 0.009 0.017 0.755 0.157
0.007 0.008 0.302 0.005 0.371 0.008 0.182 0.117
0.008 0.008 0.06 0.003 0.04 0.007 0.862 0.012
0.359 0.022 0.026 0.019 0.018 0.021 0.526 0.009
0.016 0.008 0.037 0.007 0.009 0.01 0.893 0.02
0.023 0.007 0.694 0.009 0.014 0.05 0.181 0.02
0.381 0.008 0.012 0.006 0.013 0.021 0.553 0.006
0.01 0.014 0.015 0.004 0.009 0.009 0.932 0.006
0.013 0.007 0.008 0.005 0.006 0.006 0.947 0.008
0.004 0.025 0.2 0.004 0.009 0.01 0.737 0.012
0.013 0.005 0.01 0.007 0.016 0.041 0.899 0.009
0.006 0.027 0.007 0.005 0.007 0.006 0.936 0.007
0.01 0.008 0.021 0.004 0.022 0.011 0.917 0.007
0.01 0.015 0.283 0.006 0.153 0.258 0.26 0.015
0.024 0.007 0.3 0.014 0.015 0.104 0.499 0.037
0.008 0.016 0.015 0.009 0.008 0.018 0.919 0.008
0.005 0.015 0.084 0.005 0.036 0.01 0.815 0.03
0.011 0.008 0.244 0.006 0.052 0.057 0.569 0.053
0.006 0.015 0.039 0.007 0.063 0.091 0.771 0.008
0.008 0.059 0.523 0.005 0.019 0.023 0.355 0.009
0.026 0.027 0.032 0.007 0.008 0.011 0.884 0.005
0.011 0.011 0.016 0.004 0.013 0.004 0.935 0.006
0.007 0.005 0.914 0.006 0.012 0.009 0.03 0.016
0.017 0.017 0.78 0.015 0.053 0.01 0.062 0.046
0.08 0.024 0.104 0.253 0.031 0.016 0.477 0.013
0.008 0.01 0.667 0.279 0.016 0.005 0.009 0.006
0.251 0.01 0.214 0.006 0.436 0.018 0.05 0.014
0.005 0.004 0.925 0.017 0.029 0.007 0.006 0.006
0.011 0.011 0.908 0.041 0.01 0.007 0.007 0.007
0.425 0.006 0.505 0.009 0.006 0.029 0.012 0.007
0.005 0.005 0.959 0.006 0.005 0.01 0.005 0.005
0.014 0.011 0.74 0.131 0.072 0.009 0.016 0.006
0.007 0.008 0.884 0.004 0.016 0.013 0.024 0.043
0.025 0.013 0.728 0.029 0.112 0.025 0.056 0.012
0.009 0.006 0.631 0.015 0.016 0.01 0.306 0.007
0.083 0.005 0.784 0.004 0.095 0.01 0.012 0.007
0.189 0.005 0.66 0.004 0.106 0.012 0.018 0.006
0.004 0.004 0.954 0.004 0.007 0.009 0.006 0.011
0.004 0.004 0.968 0.004 0.005 0.008 0.004 0.004
0.005 0.006 0.953 0.007 0.008 0.008 0.005 0.008
0.008 0.006 0.942 0.004 0.007 0.008 0.012 0.013
0.016 0.005 0.907 0.011 0.01 0.023 0.013 0.014
0.008 0.005 0.945 0.006 0.012 0.009 0.008 0.007
0.005 0.004 0.945 0.008 0.009 0.017 0.007 0.004
0.058 0.027 0.213 0.028 0.057 0.021 0.55 0.046
0.009 0.013 0.534 0.004 0.013 0.006 0.411 0.01
0.005 0.004 0.07 0.011 0.016 0.012 0.875 0.007
0.142 0.003 0.054 0.007 0.01 0.006 0.77 0.008
0.215 0.005 0.594 0.026 0.033 0.006 0.116 0.005
0.403 0.005 0.327 0.007 0.016 0.013 0.197 0.032
0.04 0.006 0.808 0.006 0.061 0.032 0.039 0.01
0.015 0.013 0.888 0.011 0.009 0.014 0.037 0.014
0.018 0.007 0.804 0.016 0.012 0.07 0.023 0.05
0.033 0.005 0.782 0.004 0.026 0.043 0.088 0.018
0.005 0.004 0.957 0.007 0.007 0.005 0.008 0.006
0.006 0.004 0.957 0.007 0.007 0.005 0.008 0.006
0.006 0.004 0.958 0.007 0.007 0.005 0.008 0.006
0.017 0.005 0.753 0.031 0.141 0.014 0.031 0.008
0.005 0.006 0.955 0.008 0.007 0.006 0.009 0.005
0.803 0.007 0.077 0.01 0.039 0.01 0.041 0.013
0.008 0.005 0.807 0.023 0.009 0.013 0.129 0.007
0.326 0.08 0.046 0.028 0.017 0.012 0.427 0.064
0.012 0.01 0.857 0.01 0.009 0.021 0.065 0.016
0.016 0.005 0.854 0.017 0.027 0.016 0.052 0.012
0.011 0.015 0.816 0.063 0.016 0.01 0.059 0.01
0.026 0.021 0.045 0.027 0.009 0.007 0.851 0.013
0.006 0.004 0.94 0.009 0.01 0.006 0.019 0.006
0.008 0.021 0.042 0.008 0.018 0.01 0.865 0.027
0.006 0.004 0.942 0.009 0.01 0.005 0.018 0.006
0.021 0.007 0.151 0.007 0.115 0.51 0.02 0.169
0.011 0.02 0.261 0.222 0.399 0.052 0.013 0.022
0.038 0.008 0.399 0.046 0.072 0.241 0.151 0.045
0.025 0.055 0.275 0.151 0.024 0.434 0.017 0.019
0.02 0.023 0.037 0.019 0.195 0.676 0.019 0.01
0.011 0.037 0.037 0.006 0.019 0.872 0.012 0.006
0.026 0.107 0.034 0.023 0.152 0.531 0.031 0.096
0.068 0.067 0.028 0.009 0.123 0.533 0.058 0.114
0.187 0.014 0.077 0.213 0.236 0.229 0.027 0.016
0.012 0.013 0.034 0.012 0.046 0.853 0.019 0.011
0.042 0.012 0.5 0.198 0.032 0.17 0.035 0.012
0.579 0.008 0.013 0.01 0.041 0.283 0.01 0.055
0.47 0.008 0.006 0.022 0.015 0.334 0.007 0.138
0.018 0.007 0.006 0.088 0.014 0.04 0.014 0.813
0.018 0.01 0.029 0.018 0.024 0.295 0.009 0.596
0.281 0.013 0.006 0.007 0.017 0.024 0.007 0.645
0.038 0.016 0.309 0.012 0.082 0.503 0.01 0.029
0.007 0.012 0.005 0.013 0.006 0.008 0.005 0.944
0.011 0.009 0.01 0.727 0.013 0.016 0.01 0.204
0.331 0.018 0.015 0.29 0.016 0.139 0.006 0.185
0.031 0.008 0.006 0.07 0.01 0.045 0.01 0.819
0.081 0.016 0.01 0.008 0.029 0.327 0.007 0.522
0.057 0.006 0.011 0.204 0.027 0.298 0.013 0.385
0.212 0.01 0.005 0.72 0.005 0.018 0.006 0.025
0.031 0.008 0.006 0.005 0.881 0.035 0.018 0.015
