0.006 0.007 0.013 0.902 0.013 0.01 0.013 0.006 0.01 0.008 0.012
0.009 0.011 0.019 0.892 0.004 0.009 0.009 0.009 0.02 0.006 0.01
0.038 0.005 0.02 0.83 0.005 0.007 0.006 0.009 0.021 0.035 0.025
0.004 0.047 0.02 0.653 0.008 0.144 0.005 0.018 0.005 0.09 0.005
0.01 0.008 0.017 0.824 0.007 0.006 0.012 0.017 0.033 0.032 0.034
0.014 0.023 0.097 0.697 0.011 0.005 0.006 0.008 0.041 0.074 0.023
0.036 0.01 0.088 0.092 0.006 0.009 0.008 0.373 0.061 0.014 0.302
0.007 0.036 0.014 0.662 0.003 0.006 0.131 0.013 0.015 0.006 0.108
0.015 0.451 0.058 0.148 0.004 0.007 0.012 0.039 0.009 0.25 0.006
0.018 0.425 0.011 0.438 0.005 0.004 0.004 0.009 0.013 0.064 0.01
0.008 0.037 0.007 0.829 0.007 0.005 0.005 0.017 0.048 0.032 0.006
0.01 0.008 0.014 0.895 0.008 0.016 0.005 0.008 0.013 0.006 0.016
0.006 0.024 0.007 0.878 0.007 0.005 0.005 0.008 0.008 0.047 0.005
0.006 0.011 0.021 0.169 0.006 0.005 0.075 0.041 0.291 0.01 0.364
0.009 0.18 0.03 0.578 0.016 0.02 0.022 0.048 0.022 0.009 0.067
0.007 0.011 0.009 0.897 0.014 0.006 0.006 0.025 0.008 0.012 0.005
0.014 0.573 0.013 0.271 0.03 0.006 0.008 0.026 0.02 0.018 0.022
0.026 0.061 0.023 0.766 0.008 0.005 0.017 0.014 0.054 0.02 0.005
0.006 0.02 0.689 0.217 0.012 0.005 0.006 0.013 0.013 0.015 0.005
0.016 0.038 0.092 0.031 0.012 0.01 0.008 0.026 0.014 0.049 0.703
0.006 0.09 0.687 0.061 0.005 0.005 0.028 0.015 0.091 0.007 0.005
0.015 0.01 0.012 0.896 0.025 0.005 0.006 0.005 0.006 0.012 0.009
0.033 0.039 0.032 0.667 0.106 0.01 0.012 0.017 0.055 0.012 0.017
0.006 0.011 0.006 0.934 0.006 0.004 0.005 0.005 0.011 0.005 0.007
0.02 0.009 0.016 0.013 0.547 0.04 0.192 0.005 0.054 0.046 0.057
0.004 0.003 0.004 0.004 0.805 0.004 0.13 0.004 0.005 0.004 0.034
0.006 0.005 0.072 0.007 0.468 0.377 0.013 0.01 0.006 0.017 0.019
0.021 0.123 0.02 0.034 0.425 0.006 0.145 0.019 0.008 0.056 0.143
0.025 0.01 0.009 0.072 0.832 0.009 0.007 0.01 0.011 0.008 0.005
0.005 0.004 0.011 0.005 0.788 0.007 0.048 0.005 0.009 0.011 0.108
0.003 0.003 0.005 0.005 0.964 0.004 0.003 0.003 0.004 0.004 0.004
0.01 0.006 0.006 0.007 0.904 0.011 0.005 0.005 0.012 0.011 0.022
0.008 0.006 0.24 0.01 0.307 0.005 0.352 0.005 0.016 0.008 0.044
0.013 0.011 0.012 0.009 0.872 0.009 0.024 0.006 0.028 0.01 0.007
0.031 0.017 0.37 0.017 0.44 0.012 0.018 0.019 0.045 0.008 0.023
0.022 0.01 0.022 0.026 0.058 0.022 0.009 0.007 0.01 0.145 0.67
0.005 0.003 0.004 0.004 0.955 0.004 0.003 0.004 0.005 0.005 0.006
0.016 0.005 0.174 0.007 0.751 0.008 0.005 0.006 0.009 0.014 0.004
0.021 0.09 0.009 0.038 0.752 0.029 0.009 0.01 0.018 0.008 0.015
0.007 0.008 0.008 0.009 0.923 0.005 0.007 0.007 0.015 0.007 0.006
0.011 0.011 0.364 0.035 0.344 0.007 0.007 0.188 0.01 0.006 0.016
0.005 0.004 0.206 0.059 0.533 0.007 0.005 0.006 0.005 0.12 0.05
0.015 0.012 0.014 0.008 0.589 0.258 0.006 0.004 0.024 0.017 0.051
0.006 0.039 0.006 0.007 0.871 0.005 0.005 0.026 0.005 0.025 0.005
0.005 0.031 0.006 0.01 0.742 0.006 0.004 0.055 0.005 0.121 0.016
0.006 0.039 0.006 0.007 0.871 0.005 0.005 0.026 0.005 0.025 0.005
0.005 0.003 0.004 0.004 0.955 0.004 0.003 0.004 0.005 0.005 0.006
0.005 0.003 0.004 0.004 0.955 0.004 0.003 0.004 0.005 0.005 0.007
0.899 0.017 0.027 0.005 0.005 0.011 0.009 0.007 0.009 0.007 0.003
0.065 0.102 0.204 0.026 0.004 0.01 0.173 0.029 0.171 0.211 0.004
0.327 0.007 0.024 0.007 0.093 0.045 0.045 0.036 0.363 0.025 0.028
0.044 0.005 0.066 0.031 0.004 0.01 0.812 0.008 0.008 0.006 0.005
0.059 0.021 0.019 0.005 0.005 0.829 0.016 0.02 0.012 0.008 0.006
0.425 0.026 0.011 0.007 0.011 0.007 0.488 0.007 0.007 0.007 0.004
0.402 0.025 0.038 0.044 0.025 0.009 0.341 0.008 0.09 0.01 0.007
0.025 0.012 0.019 0.008 0.006 0.014 0.878 0.006 0.006 0.015 0.01
0.03 0.012 0.023 0.008 0.006 0.015 0.867 0.006 0.007 0.017 0.01
0.734 0.11 0.02 0.017 0.006 0.042 0.005 0.018 0.019 0.023 0.006
0.121 0.025 0.143 0.048 0.008 0.336 0.086 0.014 0.207 0.01 0.004
0.856 0.006 0.054 0.019 0.011 0.01 0.008 0.008 0.009 0.013 0.006
0.03 0.005 0.007 0.01 0.005 0.008 0.905 0.009 0.01 0.005 0.006
0.124 0.021 0.022 0.061 0.014 0.112 0.048 0.028 0.54 0.011 0.019
0.205 0.587 0.008 0.006 0.009 0.006 0.07 0.035 0.026 0.044 0.005
0.616 0.014 0.02 0.006 0.007 0.008 0.268 0.014 0.008 0.008 0.031
0.441 0.005 0.03 0.006 0.006 0.032 0.394 0.011 0.008 0.018 0.05
0.007 0.007 0.008 0.007 0.005 0.933 0.007 0.005 0.005 0.01 0.004
0.011 0.004 0.014 0.01 0.003 0.934 0.006 0.004 0.004 0.005 0.004
0.004 0.004 0.004 0.003 0.004 0.963 0.004 0.005 0.003 0.004 0.003
0.005 0.004 0.004 0.004 0.004 0.954 0.004 0.011 0.003 0.004 0.003
0.817 0.027 0.013 0.01 0.003 0.03 0.011 0.004 0.077 0.004 0.005
0.808 0.026 0.013 0.008 0.008 0.01 0.058 0.01 0.035 0.018 0.007
0.415 0.008 0.156 0.061 0.005 0.274 0.01 0.041 0.013 0.011 0.005
0.016 0.008 0.067 0.116 0.02 0.008 0.442 0.006 0.03 0.186 0.102
0.006 0.007 0.006 0.007 0.007 0.004 0.004 0.005 0.021 0.92 0.012
0.035 0.04 0.018 0.026 0.026 0.01 0.028 0.02 0.051 0.723 0.023
0.057 0.233 0.028 0.014 0.007 0.007 0.019 0.049 0.028 0.529 0.03
0.602 0.023 0.045 0.036 0.004 0.016 0.039 0.057 0.141 0.023 0.014
0.136 0.007 0.181 0.411 0.057 0.079 0.036 0.033 0.031 0.018 0.011
0.038 0.087 0.615 0.077 0.01 0.027 0.007 0.008 0.022 0.101 0.007
0.058 0.006 0.819 0.02 0.011 0.028 0.009 0.014 0.008 0.018 0.009
0.054 0.007 0.578 0.031 0.009 0.012 0.009 0.011 0.015 0.257 0.016
0.004 0.005 0.005 0.004 0.004 0.004 0.003 0.01 0.003 0.956 0.004
0.006 0.004 0.008 0.007 0.006 0.007 0.006 0.006 0.014 0.865 0.071
0.034 0.022 0.021 0.053 0.029 0.009 0.006 0.017 0.011 0.775 0.022
0.009 0.018 0.219 0.015 0.006 0.052 0.005 0.005 0.01 0.643 0.017
0.281 0.014 0.158 0.071 0.059 0.018 0.005 0.01 0.318 0.049 0.017
0.217 0.021 0.132 0.031 0.139 0.007 0.007 0.008 0.311 0.107 0.019
0.008 0.004 0.008 0.005 0.006 0.004 0.004 0.007 0.004 0.945 0.005
0.115 0.418 0.157 0.027 0.015 0.005 0.032 0.015 0.047 0.134 0.035
0.061 0.006 0.184 0.02 0.027 0.561 0.019 0.007 0.045 0.037 0.033
0.014 0.03 0.017 0.029 0.006 0.009 0.005 0.005 0.015 0.862 0.006
0.062 0.015 0.021 0.005 0.005 0.008 0.005 0.009 0.017 0.845 0.008
0.102 0.034 0.028 0.011 0.007 0.014 0.066 0.01 0.015 0.351 0.361
0.01 0.011 0.098 0.009 0.007 0.01 0.005 0.007 0.004 0.83 0.009
0.01 0.043 0.243 0.101 0.007 0.012 0.008 0.049 0.006 0.514 0.007
0.011 0.013 0.131 0.027 0.014 0.01 0.004 0.007 0.012 0.763 0.008
0.451 0.011 0.05 0.006 0.011 0.006 0.007 0.01 0.117 0.282 0.049
0.54 0.017 0.039 0.018 0.02 0.046 0.009 0.011 0.152 0.07 0.077
0.74 0.005 0.034 0.015 0.009 0.011 0.007 0.008 0.156 0.006 0.01
0.288 0.007 0.575 0.006 0.005 0.013 0.009 0.005 0.072 0.013 0.007
0.014 0.01 0.015 0.007 0.01 0.849 0.006 0.01 0.03 0.008 0.04
0.183 0.007 0.646 0.009 0.012 0.034 0.007 0.007 0.063 0.008 0.024
0.601 0.005 0.029 0.01 0.045 0.022 0.004 0.012 0.257 0.009 0.008
0.505 0.008 0.054 0.015 0.011 0.006 0.005 0.229 0.138 0.019 0.009
0.018 0.008 0.646 0.025 0.007 0.027 0.006 0.007 0.011 0.237 0.008
0.215 0.011 0.692 0.006 0.007 0.015 0.012 0.011 0.011 0.012 0.009
0.357 0.005 0.387 0.033 0.029 0.007 0.012 0.03 0.062 0.06 0.018
0.027 0.102 0.043 0.025 0.153 0.023 0.016 0.025 0.516 0.046 0.023
0.026 0.045 0.016 0.012 0.008 0.009 0.015 0.14 0.015 0.707 0.007
0.282 0.014 0.052 0.033 0.007 0.054 0.006 0.015 0.165 0.336 0.035
0.339 0.006 0.18 0.102 0.057 0.031 0.009 0.103 0.081 0.075 0.015
0.036 0.008 0.046 0.019 0.042 0.713 0.007 0.005 0.059 0.049 0.015
0.076 0.044 0.576 0.009 0.006 0.008 0.006 0.074 0.025 0.164 0.012
0.122 0.014 0.705 0.047 0.01 0.009 0.012 0.014 0.05 0.009 0.008
0.292 0.01 0.029 0.03 0.007 0.017 0.03 0.009 0.077 0.175 0.323
0.387 0.041 0.037 0.059 0.038 0.29 0.008 0.016 0.093 0.019 0.013
0.234 0.022 0.162 0.015 0.045 0.014 0.094 0.027 0.088 0.021 0.279
0.477 0.008 0.139 0.027 0.034 0.054 0.005 0.007 0.016 0.222 0.012
0.061 0.02 0.076 0.006 0.02 0.014 0.008 0.06 0.007 0.72 0.008
0.257 0.015 0.02 0.013 0.011 0.01 0.007 0.016 0.014 0.63 0.005
0.071 0.022 0.071 0.01 0.012 0.019 0.075 0.007 0.114 0.183 0.416
0.056 0.011 0.012 0.017 0.096 0.061 0.008 0.012 0.117 0.146 0.464
0.017 0.019 0.016 0.024 0.149 0.009 0.186 0.017 0.243 0.013 0.307
0.023 0.041 0.043 0.132 0.037 0.012 0.01 0.031 0.279 0.318 0.074
0.011 0.007 0.011 0.912 0.007 0.007 0.014 0.005 0.008 0.011 0.007
0.013 0.007 0.264 0.48 0.008 0.006 0.006 0.007 0.014 0.089 0.105
0.023 0.013 0.049 0.211 0.021 0.082 0.038 0.006 0.068 0.025 0.464
0.3 0.013 0.017 0.353 0.036 0.011 0.031 0.006 0.049 0.021 0.162
0.017 0.026 0.024 0.676 0.013 0.037 0.005 0.028 0.01 0.121 0.043
0.659 0.02 0.024 0.046 0.01 0.014 0.011 0.009 0.109 0.071 0.027
0.008 0.008 0.339 0.174 0.013 0.004 0.018 0.005 0.012 0.353 0.067
0.018 0.004 0.014 0.057 0.009 0.01 0.022 0.007 0.016 0.178 0.664
0.005 0.007 0.005 0.935 0.005 0.003 0.004 0.004 0.004 0.008 0.02
0.052 0.007 0.022 0.027 0.011 0.011 0.009 0.005 0.042 0.016 0.799
0.041 0.026 0.029 0.569 0.046 0.013 0.009 0.006 0.018 0.022 0.221
0.007 0.006 0.01 0.885 0.007 0.004 0.007 0.006 0.007 0.008 0.053
0.023 0.007 0.013 0.842 0.021 0.009 0.008 0.006 0.049 0.015 0.008
0.015 0.005 0.014 0.883 0.01 0.009 0.008 0.008 0.009 0.009 0.03
0.029 0.006 0.008 0.899 0.015 0.006 0.007 0.004 0.008 0.011 0.005
0.018 0.019 0.013 0.645 0.021 0.009 0.006 0.075 0.005 0.178 0.01
0.048 0.009 0.011 0.355 0.017 0.006 0.009 0.007 0.016 0.229 0.294
0.01 0.006 0.018 0.157 0.01 0.008 0.007 0.008 0.017 0.03 0.73
0.013 0.012 0.012 0.412 0.005 0.021 0.008 0.052 0.027 0.408 0.03
0.024 0.028 0.025 0.31 0.011 0.303 0.017 0.04 0.015 0.109 0.118
0.009 0.007 0.023 0.004 0.004 0.022 0.017 0.015 0.007 0.017 0.875
0.027 0.011 0.03 0.044 0.075 0.009 0.008 0.094 0.064 0.046 0.593
0.03 0.043 0.031 0.051 0.012 0.019 0.013 0.053 0.005 0.122 0.621
0.042 0.028 0.116 0.156 0.02 0.04 0.03 0.1 0.06 0.09 0.317
0.007 0.006 0.009 0.218 0.007 0.007 0.004 0.005 0.013 0.012 0.712
0.037 0.014 0.247 0.186 0.01 0.016 0.009 0.022 0.034 0.157 0.267
0.004 0.004 0.006 0.006 0.006 0.004 0.005 0.004 0.004 0.005 0.952
0.011 0.006 0.008 0.036 0.007 0.004 0.009 0.009 0.008 0.009 0.893
0.008 0.005 0.009 0.25 0.178 0.01 0.031 0.01 0.01 0.011 0.478
0.008 0.006 0.012 0.025 0.017 0.006 0.01 0.005 0.005 0.025 0.882
0.026 0.037 0.012 0.014 0.017 0.007 0.006 0.05 0.007 0.108 0.716
0.004 0.012 0.01 0.009 0.008 0.004 0.005 0.005 0.007 0.006 0.929
0.004 0.003 0.004 0.004 0.004 0.004 0.004 0.004 0.004 0.005 0.961
0.042 0.02 0.028 0.036 0.065 0.055 0.033 0.027 0.04 0.028 0.626
0.008 0.005 0.012 0.02 0.006 0.01 0.014 0.007 0.005 0.007 0.906
0.039 0.006 0.013 0.009 0.257 0.008 0.007 0.006 0.01 0.028 0.618
0.004 0.004 0.005 0.006 0.008 0.004 0.005 0.004 0.005 0.005 0.951
0.051 0.074 0.46 0.135 0.007 0.15 0.007 0.018 0.013 0.03 0.054
0.004 0.004 0.007 0.007 0.004 0.004 0.007 0.005 0.004 0.014 0.94
0.006 0.004 0.007 0.011 0.008 0.004 0.004 0.004 0.005 0.005 0.942
0.007 0.009 0.018 0.005 0.02 0.004 0.008 0.007 0.016 0.018 0.889
0.006 0.004 0.006 0.009 0.006 0.005 0.009 0.005 0.005 0.009 0.936
0.004 0.004 0.004 0.004 0.004 0.003 0.004 0.003 0.004 0.007 0.958
0.023 0.026 0.25 0.214 0.006 0.008 0.009 0.146 0.016 0.171 0.132
0.788 0.007 0.018 0.013 0.006 0.009 0.01 0.019 0.036 0.047 0.046
0.6 0.137 0.135 0.008 0.006 0.008 0.032 0.008 0.041 0.02 0.004
0.625 0.009 0.296 0.004 0.005 0.005 0.007 0.005 0.033 0.007 0.006
0.152 0.026 0.218 0.111 0.041 0.008 0.038 0.011 0.075 0.295 0.026
0.019 0.198 0.706 0.006 0.006 0.02 0.012 0.005 0.013 0.011 0.005
0.837 0.022 0.018 0.009 0.005 0.004 0.007 0.019 0.041 0.034 0.004
0.804 0.023 0.074 0.006 0.004 0.01 0.029 0.011 0.027 0.009 0.004
0.514 0.144 0.113 0.026 0.009 0.009 0.023 0.027 0.017 0.107 0.01
0.782 0.01 0.08 0.014 0.043 0.006 0.012 0.008 0.014 0.015 0.015
0.783 0.103 0.019 0.005 0.022 0.006 0.012 0.011 0.009 0.025 0.005
0.829 0.027 0.01 0.031 0.022 0.005 0.01 0.015 0.036 0.009 0.006
0.854 0.011 0.079 0.004 0.006 0.006 0.014 0.008 0.01 0.005 0.004
0.1 0.01 0.75 0.021 0.005 0.056 0.017 0.019 0.005 0.009 0.008
0.348 0.007 0.207 0.009 0.004 0.015 0.334 0.005 0.008 0.046 0.016
0.095 0.058 0.026 0.04 0.05 0.008 0.036 0.068 0.6 0.012 0.007
0.022 0.028 0.017 0.492 0.006 0.006 0.214 0.011 0.191 0.006 0.007
0.01 0.015 0.021 0.093 0.013 0.005 0.005 0.073 0.731 0.022 0.011
0.158 0.373 0.021 0.067 0.009 0.005 0.19 0.034 0.13 0.007 0.005
0.14 0.077 0.024 0.016 0.008 0.006 0.027 0.056 0.635 0.007 0.003
0.018 0.009 0.015 0.008 0.019 0.33 0.076 0.071 0.407 0.028 0.019
0.006 0.012 0.005 0.009 0.006 0.006 0.005 0.928 0.011 0.005 0.006
0.007 0.033 0.008 0.009 0.004 0.005 0.011 0.899 0.006 0.014 0.004
0.007 0.005 0.009 0.004 0.006 0.202 0.008 0.739 0.005 0.011 0.004
0.007 0.012 0.011 0.005 0.013 0.006 0.005 0.105 0.827 0.006 0.004
0.009 0.008 0.015 0.01 0.008 0.019 0.008 0.534 0.374 0.007 0.007
0.01 0.111 0.005 0.011 0.012 0.004 0.008 0.125 0.7 0.011 0.004
0.008 0.005 0.009 0.007 0.004 0.004 0.006 0.926 0.009 0.018 0.005
0.007 0.005 0.007 0.007 0.04 0.006 0.008 0.154 0.754 0.006 0.006
0.011 0.015 0.013 0.006 0.007 0.008 0.021 0.11 0.796 0.008 0.004
0.158 0.023 0.012 0.012 0.022 0.004 0.01 0.676 0.025 0.052 0.005
0.005 0.011 0.005 0.007 0.003 0.005 0.004 0.935 0.004 0.016 0.005
0.011 0.007 0.005 0.007 0.011 0.005 0.013 0.784 0.09 0.057 0.01
0.015 0.015 0.007 0.013 0.012 0.004 0.035 0.086 0.802 0.007 0.005
0.054 0.291 0.015 0.029 0.008 0.009 0.007 0.159 0.396 0.027 0.006
0.05 0.022 0.037 0.007 0.012 0.004 0.008 0.285 0.505 0.064 0.006
0.01 0.148 0.007 0.009 0.014 0.008 0.028 0.616 0.142 0.014 0.004
0.006 0.01 0.006 0.004 0.099 0.011 0.008 0.619 0.226 0.006 0.005
0.018 0.011 0.007 0.008 0.016 0.023 0.024 0.116 0.766 0.004 0.007
0.018 0.724 0.02 0.017 0.005 0.008 0.065 0.05 0.077 0.01 0.006
0.088 0.757 0.03 0.033 0.011 0.007 0.021 0.011 0.025 0.006 0.011
0.008 0.018 0.021 0.013 0.016 0.073 0.341 0.406 0.012 0.01 0.082
0.006 0.017 0.005 0.006 0.008 0.009 0.868 0.025 0.006 0.005 0.045
0.316 0.152 0.021 0.014 0.012 0.224 0.173 0.029 0.036 0.017 0.007
0.041 0.884 0.005 0.006 0.004 0.006 0.01 0.012 0.006 0.008 0.016
0.007 0.356 0.005 0.007 0.008 0.011 0.538 0.028 0.004 0.009 0.026
0.006 0.46 0.006 0.006 0.005 0.424 0.014 0.025 0.008 0.037 0.009
0.004 0.95 0.004 0.004 0.004 0.005 0.005 0.006 0.005 0.007 0.005
0.017 0.03 0.016 0.006 0.009 0.014 0.849 0.016 0.015 0.01 0.018
0.018 0.739 0.01 0.04 0.007 0.007 0.128 0.008 0.028 0.01 0.004
0.034 0.111 0.013 0.011 0.01 0.069 0.621 0.023 0.065 0.025 0.017
0.011 0.596 0.009 0.005 0.007 0.013 0.013 0.093 0.225 0.018 0.011
0.007 0.743 0.17 0.005 0.003 0.006 0.027 0.005 0.024 0.006 0.004
0.016 0.55 0.358 0.005 0.004 0.008 0.021 0.006 0.022 0.008 0.004
0.006 0.945 0.004 0.008 0.003 0.003 0.012 0.004 0.006 0.006 0.003
0.004 0.956 0.005 0.004 0.003 0.004 0.007 0.004 0.005 0.006 0.004
0.005 0.928 0.008 0.008 0.007 0.006 0.01 0.009 0.007 0.006 0.007
0.008 0.903 0.007 0.013 0.006 0.009 0.007 0.03 0.007 0.006 0.004
0.009 0.897 0.01 0.009 0.004 0.016 0.007 0.014 0.008 0.017 0.009
0.009 0.933 0.007 0.006 0.004 0.006 0.008 0.009 0.006 0.008 0.005
0.011 0.922 0.007 0.004 0.004 0.005 0.01 0.005 0.012 0.013 0.006
0.051 0.278 0.122 0.037 0.027 0.022 0.027 0.051 0.329 0.034 0.023
0.009 0.465 0.006 0.006 0.012 0.011 0.049 0.044 0.386 0.006 0.004
0.015 0.012 0.009 0.006 0.003 0.003 0.048 0.076 0.803 0.016 0.009
0.015 0.015 0.005 0.008 0.003 0.176 0.041 0.076 0.648 0.008 0.007
0.018 0.022 0.01 0.005 0.005 0.209 0.462 0.034 0.212 0.007 0.018
0.022 0.273 0.085 0.026 0.005 0.326 0.023 0.12 0.103 0.011 0.008
0.079 0.634 0.1 0.008 0.005 0.022 0.029 0.007 0.093 0.018 0.005
0.01 0.873 0.014 0.012 0.009 0.011 0.008 0.016 0.028 0.01 0.01
0.008 0.747 0.017 0.03 0.007 0.021 0.016 0.048 0.013 0.079 0.014
0.055 0.746 0.036 0.014 0.005 0.019 0.011 0.054 0.027 0.029 0.005
0.005 0.007 0.005 0.006 0.003 0.004 0.949 0.008 0.006 0.004 0.004
0.005 0.007 0.005 0.006 0.003 0.004 0.948 0.009 0.006 0.004 0.004
0.005 0.007 0.005 0.006 0.003 0.004 0.949 0.009 0.005 0.004 0.004
0.035 0.086 0.082 0.01 0.004 0.006 0.695 0.008 0.057 0.006 0.011
0.006 0.413 0.006 0.005 0.006 0.005 0.505 0.01 0.023 0.012 0.011
0.006 0.018 0.014 0.01 0.005 0.572 0.332 0.015 0.012 0.008 0.008
0.017 0.697 0.006 0.006 0.006 0.011 0.03 0.049 0.144 0.024 0.01
0.028 0.017 0.012 0.029 0.036 0.363 0.013 0.027 0.435 0.008 0.033
0.02 0.408 0.011 0.018 0.009 0.01 0.017 0.461 0.017 0.02 0.009
0.092 0.614 0.02 0.016 0.006 0.024 0.07 0.089 0.037 0.016 0.016
0.01 0.013 0.011 0.011 0.01 0.008 0.866 0.029 0.018 0.007 0.018
0.068 0.068 0.039 0.029 0.049 0.047 0.075 0.412 0.156 0.009 0.047
0.008 0.021 0.006 0.006 0.003 0.005 0.912 0.008 0.022 0.004 0.005
0.013 0.021 0.019 0.013 0.012 0.009 0.016 0.26 0.62 0.009 0.008
0.008 0.022 0.006 0.006 0.003 0.004 0.913 0.008 0.021 0.004 0.005
0.081 0.158 0.145 0.16 0.008 0.012 0.072 0.023 0.013 0.32 0.008
0.015 0.011 0.022 0.04 0.018 0.005 0.8 0.009 0.01 0.038 0.032
0.092 0.05 0.016 0.016 0.006 0.014 0.013 0.613 0.033 0.115 0.032
0.011 0.027 0.016 0.011 0.022 0.012 0.183 0.16 0.008 0.433 0.115
0.419 0.097 0.082 0.012 0.032 0.019 0.008 0.035 0.012 0.265 0.02
0.02 0.157 0.207 0.009 0.045 0.005 0.011 0.078 0.01 0.452 0.008
0.173 0.161 0.181 0.132 0.111 0.015 0.009 0.018 0.03 0.146 0.026
0.043 0.017 0.544 0.062 0.032 0.015 0.051 0.01 0.046 0.173 0.007
0.012 0.006 0.451 0.011 0.005 0.013 0.329 0.057 0.008 0.026 0.083
0.02 0.018 0.025 0.017 0.012 0.012 0.056 0.254 0.008 0.566 0.011
0.011 0.048 0.014 0.009 0.007 0.016 0.197 0.371 0.009 0.129 0.189
0.008 0.006 0.915 0.009 0.006 0.013 0.007 0.016 0.005 0.008 0.007
0.006 0.004 0.828 0.07 0.006 0.009 0.005 0.009 0.005 0.036 0.021
0.021 0.004 0.011 0.813 0.006 0.009 0.007 0.069 0.011 0.016 0.033
0.033 0.064 0.012 0.744 0.008 0.027 0.006 0.01 0.009 0.076 0.011
0.01 0.007 0.013 0.707 0.009 0.216 0.007 0.005 0.007 0.013 0.005
0.071 0.561 0.026 0.034 0.014 0.084 0.02 0.016 0.009 0.151 0.014
0.006 0.004 0.005 0.935 0.01 0.007 0.006 0.006 0.004 0.008 0.01
0.021 0.007 0.009 0.212 0.008 0.009 0.013 0.024 0.011 0.018 0.668
0.009 0.008 0.029 0.309 0.011 0.233 0.05 0.007 0.005 0.095 0.245
0.008 0.004 0.01 0.894 0.008 0.015 0.009 0.006 0.007 0.011 0.029
0.034 0.011 0.029 0.729 0.014 0.053 0.006 0.015 0.006 0.095 0.007
0.015 0.005 0.114 0.373 0.004 0.109 0.038 0.02 0.008 0.095 0.22
0.005 0.005 0.013 0.04 0.008 0.17 0.008 0.006 0.005 0.022 0.717
0.721 0.008 0.157 0.023 0.007 0.014 0.008 0.033 0.012 0.012 0.005
