0.01 0.008 0.017 0.933 0.011 0.007 0.013
0.008 0.007 0.005 0.936 0.025 0.01 0.01
0.007 0.07 0.006 0.813 0.024 0.008 0.072
0.017 0.013 0.009 0.869 0.008 0.079 0.006
0.01 0.022 0.009 0.847 0.047 0.008 0.057
0.015 0.049 0.011 0.863 0.034 0.006 0.023
0.008 0.012 0.006 0.071 0.714 0.008 0.182
0.075 0.006 0.006 0.747 0.021 0.017 0.129
0.357 0.177 0.005 0.43 0.013 0.011 0.007
0.197 0.076 0.006 0.686 0.017 0.009 0.009
0.018 0.017 0.009 0.917 0.026 0.006 0.008
0.006 0.009 0.011 0.932 0.019 0.007 0.016
0.016 0.01 0.006 0.95 0.007 0.004 0.006
0.049 0.009 0.008 0.275 0.183 0.013 0.462
0.095 0.012 0.016 0.747 0.06 0.012 0.057
0.01 0.007 0.011 0.95 0.012 0.005 0.006
0.436 0.015 0.028 0.471 0.025 0.006 0.02
0.052 0.016 0.01 0.851 0.056 0.008 0.005
0.008 0.047 0.012 0.865 0.053 0.01 0.005
0.047 0.1 0.014 0.063 0.024 0.01 0.743
0.039 0.045 0.006 0.763 0.124 0.017 0.006
0.008 0.017 0.021 0.927 0.007 0.011 0.009
0.023 0.024 0.119 0.78 0.031 0.011 0.013
0.008 0.006 0.007 0.956 0.01 0.005 0.008
0.023 0.076 0.712 0.015 0.024 0.082 0.068
0.005 0.004 0.926 0.005 0.005 0.021 0.033
0.01 0.088 0.549 0.009 0.007 0.319 0.017
0.144 0.066 0.614 0.032 0.008 0.042 0.094
0.015 0.011 0.862 0.073 0.022 0.009 0.008
0.007 0.01 0.92 0.005 0.007 0.011 0.039
0.003 0.004 0.975 0.005 0.004 0.003 0.005
0.007 0.01 0.93 0.008 0.007 0.008 0.029
0.076 0.186 0.573 0.017 0.02 0.024 0.105
0.013 0.009 0.94 0.009 0.013 0.009 0.007
0.059 0.137 0.665 0.021 0.048 0.048 0.022
0.009 0.056 0.057 0.026 0.009 0.014 0.829
0.003 0.005 0.969 0.005 0.006 0.004 0.007
0.005 0.116 0.843 0.008 0.011 0.011 0.006
0.086 0.008 0.795 0.044 0.037 0.011 0.02
0.007 0.007 0.958 0.008 0.009 0.005 0.006
0.01 0.023 0.329 0.31 0.281 0.025 0.022
0.005 0.221 0.593 0.121 0.006 0.005 0.048
0.009 0.015 0.68 0.012 0.019 0.204 0.061
0.027 0.014 0.93 0.01 0.007 0.006 0.006
0.059 0.03 0.849 0.017 0.009 0.006 0.029
0.026 0.015 0.931 0.01 0.007 0.006 0.006
0.003 0.006 0.969 0.005 0.006 0.004 0.007
0.003 0.006 0.969 0.005 0.006 0.004 0.007
0.035 0.24 0.008 0.01 0.044 0.66 0.004
0.265 0.555 0.005 0.052 0.051 0.068 0.004
0.014 0.062 0.073 0.007 0.715 0.098 0.031
0.01 0.012 0.005 0.011 0.007 0.95 0.005
0.012 0.011 0.005 0.006 0.011 0.949 0.006
0.036 0.017 0.013 0.008 0.013 0.907 0.007
0.149 0.099 0.047 0.105 0.379 0.21 0.012
0.016 0.011 0.005 0.007 0.006 0.942 0.013
0.014 0.01 0.005 0.007 0.006 0.946 0.012
0.106 0.235 0.008 0.035 0.029 0.577 0.009
0.016 0.03 0.009 0.025 0.056 0.861 0.004
0.008 0.267 0.017 0.05 0.035 0.616 0.008
0.039 0.008 0.007 0.006 0.01 0.9 0.03
0.05 0.075 0.049 0.088 0.605 0.116 0.016
0.83 0.106 0.008 0.007 0.023 0.019 0.007
0.029 0.035 0.009 0.008 0.011 0.893 0.015
0.012 0.022 0.007 0.006 0.012 0.868 0.074
0.007 0.007 0.006 0.006 0.007 0.962 0.004
0.006 0.011 0.005 0.006 0.005 0.962 0.005
0.005 0.005 0.006 0.004 0.005 0.969 0.004
0.006 0.006 0.006 0.005 0.007 0.965 0.005
0.052 0.016 0.005 0.019 0.268 0.632 0.007
0.135 0.142 0.022 0.022 0.068 0.595 0.015
0.009 0.062 0.006 0.044 0.024 0.85 0.006
0.043 0.141 0.032 0.107 0.053 0.044 0.58
0.01 0.262 0.021 0.034 0.057 0.009 0.607
0.094 0.757 0.032 0.029 0.024 0.009 0.054
0.3 0.62 0.009 0.017 0.015 0.01 0.029
0.078 0.019 0.004 0.032 0.831 0.022 0.013
0.014 0.043 0.074 0.583 0.135 0.135 0.015
0.102 0.495 0.016 0.14 0.064 0.166 0.016
0.01 0.858 0.014 0.031 0.011 0.065 0.01
0.007 0.909 0.007 0.04 0.009 0.015 0.014
0.009 0.951 0.007 0.013 0.004 0.004 0.011
0.005 0.144 0.005 0.027 0.027 0.009 0.782
0.019 0.185 0.076 0.187 0.047 0.015 0.471
0.014 0.758 0.01 0.133 0.009 0.037 0.04
0.009 0.456 0.076 0.05 0.376 0.016 0.016
0.019 0.444 0.185 0.037 0.278 0.012 0.025
0.005 0.963 0.006 0.007 0.005 0.005 0.009
0.55 0.275 0.019 0.037 0.032 0.008 0.079
0.008 0.245 0.046 0.016 0.032 0.599 0.054
0.028 0.76 0.011 0.167 0.008 0.008 0.018
0.013 0.948 0.006 0.008 0.006 0.009 0.012
0.078 0.393 0.011 0.014 0.011 0.036 0.457
0.007 0.945 0.006 0.017 0.005 0.007 0.012
0.027 0.44 0.008 0.493 0.009 0.014 0.009
0.013 0.74 0.016 0.193 0.013 0.01 0.014
0.01 0.824 0.014 0.007 0.033 0.011 0.103
0.031 0.145 0.022 0.022 0.541 0.019 0.22
0.009 0.018 0.012 0.034 0.846 0.068 0.014
0.007 0.93 0.005 0.007 0.027 0.016 0.008
0.013 0.015 0.018 0.012 0.124 0.719 0.099
0.012 0.835 0.02 0.014 0.032 0.044 0.042
0.006 0.023 0.012 0.013 0.919 0.014 0.012
0.008 0.031 0.011 0.018 0.906 0.011 0.016
0.01 0.906 0.01 0.039 0.01 0.017 0.009
0.013 0.942 0.007 0.007 0.006 0.017 0.008
0.007 0.848 0.034 0.029 0.051 0.017 0.015
0.084 0.022 0.187 0.035 0.62 0.016 0.038
0.103 0.831 0.011 0.018 0.018 0.01 0.007
0.014 0.06 0.01 0.026 0.833 0.017 0.041
0.016 0.626 0.045 0.161 0.101 0.033 0.019
0.006 0.057 0.068 0.034 0.135 0.642 0.057
0.017 0.93 0.006 0.008 0.017 0.012 0.011
0.029 0.396 0.035 0.099 0.362 0.067 0.012
0.035 0.354 0.011 0.053 0.027 0.019 0.501
0.051 0.029 0.053 0.119 0.279 0.446 0.024
0.071 0.17 0.074 0.022 0.138 0.193 0.333
0.006 0.933 0.016 0.012 0.006 0.019 0.008
0.031 0.897 0.024 0.008 0.017 0.013 0.009
0.011 0.929 0.013 0.016 0.01 0.015 0.006
0.051 0.324 0.019 0.016 0.037 0.035 0.518
0.011 0.07 0.103 0.029 0.179 0.04 0.567
0.124 0.019 0.215 0.039 0.246 0.025 0.332
0.044 0.029 0.037 0.113 0.4 0.022 0.355
0.006 0.008 0.008 0.944 0.008 0.019 0.008
0.007 0.095 0.009 0.754 0.012 0.016 0.108
0.02 0.027 0.023 0.223 0.043 0.065 0.6
0.027 0.062 0.035 0.561 0.064 0.026 0.225
0.019 0.097 0.016 0.781 0.012 0.027 0.048
0.057 0.203 0.02 0.301 0.169 0.152 0.098
0.009 0.37 0.012 0.542 0.009 0.007 0.051
0.004 0.052 0.013 0.039 0.005 0.039 0.847
0.005 0.006 0.007 0.954 0.004 0.004 0.019
0.008 0.027 0.016 0.032 0.033 0.011 0.873
0.03 0.026 0.059 0.491 0.019 0.024 0.352
0.007 0.008 0.009 0.854 0.008 0.006 0.108
0.01 0.024 0.029 0.886 0.027 0.015 0.01
0.005 0.012 0.012 0.91 0.012 0.01 0.04
0.007 0.012 0.016 0.935 0.008 0.015 0.007
0.018 0.039 0.018 0.89 0.009 0.014 0.012
0.01 0.074 0.022 0.438 0.01 0.017 0.428
0.007 0.018 0.01 0.107 0.012 0.008 0.839
0.024 0.027 0.006 0.679 0.07 0.012 0.183
0.035 0.058 0.024 0.473 0.019 0.266 0.125
0.01 0.028 0.005 0.005 0.01 0.018 0.924
0.012 0.085 0.073 0.039 0.129 0.008 0.654
0.063 0.152 0.023 0.103 0.008 0.025 0.626
0.049 0.155 0.025 0.227 0.104 0.03 0.411
0.007 0.01 0.008 0.222 0.014 0.009 0.731
0.022 0.508 0.012 0.175 0.024 0.013 0.246
0.005 0.006 0.007 0.007 0.005 0.004 0.966
0.009 0.009 0.008 0.041 0.012 0.004 0.916
0.008 0.012 0.243 0.181 0.013 0.01 0.531
0.006 0.009 0.01 0.012 0.005 0.007 0.951
0.052 0.122 0.034 0.029 0.014 0.011 0.738
0.008 0.005 0.009 0.013 0.009 0.006 0.949
0.004 0.005 0.005 0.004 0.003 0.004 0.975
0.026 0.032 0.077 0.041 0.062 0.034 0.728
0.006 0.008 0.006 0.016 0.006 0.009 0.947
0.006 0.034 0.293 0.012 0.013 0.018 0.623
0.005 0.004 0.01 0.005 0.004 0.004 0.967
0.059 0.093 0.012 0.332 0.073 0.327 0.104
0.005 0.007 0.004 0.006 0.004 0.004 0.969
0.005 0.007 0.008 0.011 0.005 0.005 0.96
0.008 0.009 0.02 0.008 0.013 0.006 0.938
0.005 0.008 0.007 0.01 0.006 0.006 0.958
0.004 0.005 0.005 0.005 0.004 0.004 0.974
0.039 0.138 0.007 0.586 0.057 0.011 0.162
0.009 0.671 0.01 0.028 0.184 0.05 0.048
0.18 0.717 0.006 0.009 0.028 0.054 0.005
0.016 0.92 0.005 0.005 0.015 0.032 0.006
0.036 0.345 0.061 0.384 0.103 0.02 0.051
0.346 0.412 0.017 0.012 0.097 0.109 0.007
0.013 0.801 0.007 0.013 0.141 0.021 0.005
0.089 0.162 0.005 0.011 0.176 0.551 0.005
0.111 0.807 0.007 0.021 0.012 0.032 0.01
0.013 0.278 0.111 0.029 0.033 0.496 0.041
0.1 0.325 0.027 0.008 0.009 0.523 0.009
0.134 0.174 0.035 0.088 0.397 0.156 0.017
0.015 0.202 0.008 0.005 0.018 0.748 0.004
0.01 0.173 0.006 0.261 0.029 0.511 0.009
0.017 0.16 0.005 0.015 0.011 0.772 0.02
0.02 0.007 0.015 0.012 0.932 0.007 0.007
0.029 0.009 0.007 0.646 0.165 0.135 0.009
0.015 0.018 0.047 0.137 0.763 0.006 0.013
0.315 0.023 0.01 0.111 0.353 0.182 0.006
0.048 0.009 0.008 0.009 0.906 0.017 0.004
0.024 0.025 0.042 0.011 0.518 0.358 0.022
0.093 0.011 0.009 0.017 0.844 0.018 0.008
0.811 0.044 0.008 0.021 0.087 0.02 0.01
0.025 0.025 0.011 0.008 0.531 0.391 0.008
0.014 0.01 0.022 0.007 0.934 0.009 0.004
0.011 0.008 0.009 0.009 0.946 0.012 0.005
0.256 0.011 0.034 0.014 0.675 0.006 0.004
0.125 0.045 0.007 0.014 0.771 0.03 0.009
0.014 0.007 0.082 0.009 0.876 0.007 0.006
0.021 0.014 0.01 0.008 0.93 0.012 0.004
0.335 0.462 0.015 0.015 0.143 0.025 0.006
0.468 0.098 0.009 0.055 0.326 0.023 0.02
0.029 0.019 0.023 0.009 0.894 0.013 0.013
0.087 0.014 0.017 0.03 0.835 0.012 0.006
0.321 0.103 0.008 0.06 0.485 0.016 0.007
0.087 0.137 0.031 0.011 0.702 0.024 0.008
0.676 0.022 0.074 0.009 0.197 0.016 0.005
0.131 0.01 0.06 0.005 0.762 0.023 0.009
0.016 0.005 0.015 0.006 0.934 0.019 0.005
0.913 0.01 0.006 0.016 0.041 0.008 0.006
0.694 0.022 0.018 0.042 0.189 0.018 0.016
0.097 0.012 0.023 0.016 0.461 0.205 0.186
0.623 0.006 0.011 0.006 0.011 0.094 0.249
0.178 0.035 0.009 0.015 0.06 0.697 0.007
0.935 0.009 0.004 0.006 0.008 0.019 0.018
0.882 0.007 0.012 0.008 0.009 0.037 0.046
0.53 0.023 0.009 0.012 0.031 0.382 0.015
0.965 0.008 0.005 0.005 0.005 0.005 0.006
0.631 0.009 0.011 0.006 0.043 0.179 0.122
0.781 0.013 0.008 0.034 0.147 0.012 0.005
0.601 0.018 0.012 0.012 0.075 0.252 0.029
0.624 0.009 0.006 0.007 0.317 0.014 0.022
0.762 0.02 0.005 0.008 0.129 0.072 0.005
0.732 0.041 0.006 0.006 0.135 0.076 0.004
0.958 0.007 0.004 0.01 0.01 0.006 0.004
0.971 0.007 0.004 0.004 0.005 0.005 0.004
0.938 0.01 0.006 0.01 0.021 0.008 0.007
0.946 0.007 0.007 0.013 0.014 0.008 0.005
0.924 0.019 0.006 0.014 0.014 0.011 0.012
0.931 0.01 0.005 0.009 0.023 0.014 0.007
0.941 0.018 0.005 0.005 0.014 0.008 0.009
0.18 0.035 0.027 0.038 0.639 0.039 0.042
0.449 0.008 0.016 0.008 0.496 0.017 0.005
0.056 0.011 0.004 0.007 0.897 0.008 0.017
0.044 0.006 0.004 0.009 0.786 0.143 0.009
0.476 0.009 0.006 0.006 0.129 0.355 0.019
0.32 0.031 0.006 0.039 0.337 0.257 0.009
0.74 0.059 0.006 0.01 0.142 0.037 0.006
0.861 0.015 0.012 0.015 0.078 0.01 0.01
0.849 0.034 0.008 0.054 0.016 0.018 0.02
0.807 0.048 0.005 0.021 0.089 0.025 0.005
0.956 0.005 0.005 0.006 0.009 0.011 0.008
0.955 0.005 0.005 0.006 0.009 0.011 0.008
0.956 0.005 0.005 0.007 0.009 0.011 0.008
0.739 0.027 0.005 0.008 0.116 0.069 0.037
0.949 0.007 0.006 0.005 0.014 0.009 0.011
0.032 0.012 0.008 0.024 0.041 0.872 0.011
0.815 0.007 0.006 0.007 0.114 0.01 0.042
0.056 0.024 0.119 0.049 0.585 0.129 0.038
0.908 0.014 0.009 0.016 0.034 0.01 0.01
0.875 0.022 0.005 0.012 0.049 0.019 0.016
0.801 0.011 0.015 0.01 0.072 0.019 0.071
0.027 0.009 0.019 0.01 0.905 0.008 0.022
0.875 0.007 0.005 0.006 0.082 0.011 0.014
0.103 0.016 0.047 0.019 0.797 0.009 0.008
0.875 0.007 0.005 0.006 0.082 0.01 0.014
0.152 0.518 0.007 0.238 0.019 0.058 0.007
0.38 0.062 0.025 0.023 0.017 0.195 0.299
0.553 0.132 0.009 0.053 0.15 0.041 0.061
0.418 0.234 0.077 0.03 0.019 0.037 0.185
0.054 0.778 0.029 0.012 0.017 0.092 0.018
0.071 0.874 0.022 0.008 0.01 0.007 0.007
0.036 0.702 0.081 0.078 0.033 0.051 0.018
0.033 0.601 0.062 0.152 0.08 0.063 0.01
0.125 0.378 0.02 0.022 0.033 0.216 0.206
0.086 0.8 0.015 0.021 0.014 0.049 0.015
0.632 0.06 0.014 0.013 0.03 0.043 0.209
0.019 0.786 0.011 0.108 0.017 0.049 0.011
0.007 0.657 0.008 0.279 0.009 0.02 0.02
0.006 0.014 0.007 0.883 0.013 0.011 0.065
0.039 0.081 0.008 0.807 0.008 0.041 0.015
0.006 0.015 0.014 0.713 0.008 0.235 0.009
0.503 0.269 0.016 0.03 0.011 0.156 0.014
0.005 0.006 0.011 0.952 0.006 0.006 0.013
0.011 0.01 0.009 0.183 0.012 0.01 0.766
0.013 0.049 0.021 0.35 0.007 0.275 0.285
0.006 0.017 0.009 0.902 0.009 0.01 0.046
0.011 0.16 0.017 0.761 0.006 0.034 0.01
0.013 0.104 0.007 0.572 0.011 0.125 0.169
0.005 0.014 0.017 0.065 0.009 0.125 0.765
0.01 0.255 0.012 0.019 0.026 0.671 0.007
