0.007 0.937 0.007 0.007 0.011 0.012 0.009 0.009
0.009 0.946 0.01 0.008 0.004 0.008 0.007 0.007
0.015 0.843 0.065 0.007 0.005 0.035 0.025 0.006
0.01 0.735 0.005 0.125 0.007 0.006 0.09 0.022
0.027 0.862 0.013 0.008 0.007 0.041 0.032 0.009
0.016 0.7 0.018 0.005 0.009 0.024 0.214 0.014
0.436 0.186 0.071 0.009 0.007 0.261 0.016 0.013
0.01 0.773 0.007 0.016 0.005 0.13 0.007 0.052
0.017 0.371 0.023 0.008 0.004 0.005 0.228 0.344
0.015 0.47 0.021 0.007 0.005 0.009 0.297 0.176
0.029 0.89 0.011 0.005 0.007 0.006 0.034 0.018
0.007 0.938 0.015 0.007 0.008 0.013 0.006 0.005
0.006 0.871 0.007 0.004 0.006 0.005 0.081 0.019
0.261 0.219 0.008 0.012 0.007 0.451 0.015 0.027
0.015 0.85 0.01 0.013 0.013 0.029 0.01 0.06
0.008 0.949 0.007 0.005 0.009 0.005 0.008 0.008
0.024 0.567 0.015 0.006 0.021 0.014 0.02 0.334
0.039 0.777 0.043 0.007 0.01 0.005 0.038 0.081
0.007 0.92 0.005 0.004 0.011 0.004 0.042 0.007
0.018 0.057 0.027 0.009 0.011 0.768 0.082 0.028
0.024 0.876 0.008 0.007 0.007 0.005 0.036 0.038
0.005 0.91 0.013 0.01 0.024 0.009 0.021 0.008
0.02 0.816 0.014 0.009 0.098 0.013 0.015 0.015
0.007 0.955 0.007 0.004 0.006 0.007 0.006 0.008
0.017 0.013 0.028 0.107 0.699 0.062 0.053 0.022
0.005 0.004 0.004 0.026 0.917 0.034 0.004 0.005
0.008 0.007 0.009 0.379 0.519 0.016 0.055 0.007
0.011 0.026 0.018 0.039 0.598 0.105 0.121 0.083
0.01 0.056 0.041 0.007 0.853 0.006 0.011 0.015
0.007 0.005 0.005 0.011 0.914 0.042 0.009 0.008
0.004 0.006 0.004 0.003 0.973 0.004 0.004 0.003
0.006 0.007 0.012 0.009 0.928 0.024 0.007 0.006
0.02 0.017 0.053 0.031 0.618 0.131 0.047 0.083
0.01 0.009 0.01 0.008 0.937 0.007 0.008 0.012
0.089 0.019 0.113 0.031 0.669 0.02 0.027 0.032
0.007 0.025 0.022 0.015 0.063 0.781 0.077 0.009
0.005 0.004 0.006 0.004 0.966 0.007 0.005 0.003
0.006 0.008 0.036 0.011 0.906 0.005 0.024 0.005
0.009 0.042 0.028 0.01 0.78 0.019 0.008 0.104
0.009 0.007 0.007 0.004 0.955 0.006 0.006 0.006
0.28 0.29 0.022 0.012 0.34 0.019 0.028 0.01
0.005 0.035 0.008 0.005 0.593 0.036 0.313 0.004
0.007 0.011 0.022 0.249 0.637 0.055 0.009 0.01
0.01 0.008 0.006 0.005 0.928 0.005 0.018 0.019
0.011 0.011 0.006 0.005 0.801 0.021 0.124 0.02
0.01 0.009 0.006 0.005 0.928 0.005 0.018 0.019
0.005 0.004 0.006 0.004 0.966 0.007 0.005 0.003
0.005 0.004 0.006 0.004 0.966 0.007 0.005 0.003
0.011 0.005 0.892 0.046 0.007 0.004 0.011 0.025
0.162 0.009 0.029 0.051 0.004 0.004 0.448 0.292
0.384 0.008 0.379 0.072 0.097 0.034 0.015 0.01
0.01 0.014 0.015 0.937 0.005 0.005 0.006 0.009
0.008 0.006 0.027 0.926 0.005 0.006 0.008 0.014
0.01 0.01 0.156 0.727 0.016 0.006 0.01 0.065
0.017 0.042 0.792 0.041 0.019 0.008 0.011 0.07
0.005 0.006 0.009 0.935 0.005 0.014 0.009 0.016
0.006 0.006 0.009 0.937 0.005 0.014 0.009 0.015
0.016 0.02 0.755 0.097 0.006 0.006 0.034 0.065
0.084 0.048 0.07 0.73 0.01 0.004 0.017 0.036
0.01 0.02 0.891 0.04 0.013 0.006 0.014 0.007
0.012 0.006 0.016 0.88 0.007 0.03 0.006 0.042
0.365 0.083 0.333 0.111 0.03 0.015 0.018 0.045
0.038 0.006 0.092 0.013 0.008 0.007 0.035 0.801
0.008 0.008 0.325 0.557 0.01 0.025 0.011 0.056
0.009 0.006 0.211 0.613 0.007 0.129 0.012 0.014
0.005 0.005 0.007 0.961 0.006 0.004 0.007 0.007
0.004 0.006 0.01 0.959 0.004 0.005 0.007 0.006
0.004 0.003 0.005 0.97 0.005 0.004 0.004 0.004
0.006 0.004 0.006 0.966 0.005 0.004 0.005 0.005
0.01 0.011 0.879 0.055 0.004 0.005 0.004 0.032
0.028 0.009 0.764 0.098 0.014 0.008 0.014 0.066
0.034 0.036 0.249 0.611 0.006 0.007 0.049 0.008
0.023 0.107 0.033 0.059 0.034 0.431 0.266 0.047
0.026 0.013 0.008 0.005 0.009 0.108 0.823 0.008
0.025 0.018 0.03 0.009 0.032 0.028 0.812 0.045
0.017 0.01 0.037 0.008 0.007 0.022 0.779 0.12
0.043 0.023 0.807 0.012 0.004 0.012 0.022 0.077
0.023 0.479 0.314 0.099 0.041 0.011 0.022 0.011
0.02 0.155 0.231 0.077 0.014 0.01 0.367 0.126
0.021 0.038 0.521 0.146 0.03 0.015 0.219 0.01
0.011 0.025 0.17 0.039 0.008 0.018 0.721 0.007
0.004 0.005 0.005 0.004 0.005 0.005 0.968 0.005
0.015 0.014 0.007 0.007 0.006 0.252 0.694 0.005
0.013 0.101 0.058 0.008 0.032 0.093 0.675 0.021
0.005 0.008 0.01 0.021 0.007 0.017 0.923 0.009
0.041 0.037 0.812 0.008 0.052 0.012 0.027 0.01
0.03 0.034 0.717 0.007 0.137 0.014 0.045 0.015
0.006 0.006 0.01 0.005 0.007 0.006 0.956 0.004
0.009 0.025 0.284 0.006 0.017 0.041 0.134 0.484
0.021 0.014 0.158 0.669 0.039 0.051 0.041 0.007
0.005 0.014 0.012 0.007 0.007 0.007 0.934 0.013
0.006 0.005 0.073 0.01 0.005 0.008 0.88 0.012
0.014 0.01 0.087 0.032 0.011 0.461 0.334 0.052
0.005 0.007 0.008 0.009 0.006 0.009 0.95 0.005
0.011 0.045 0.011 0.013 0.006 0.007 0.89 0.016
0.007 0.022 0.017 0.007 0.013 0.009 0.915 0.01
0.014 0.006 0.793 0.007 0.013 0.062 0.095 0.01
0.022 0.015 0.824 0.011 0.015 0.064 0.032 0.018
0.016 0.014 0.934 0.007 0.008 0.008 0.006 0.006
0.008 0.006 0.942 0.008 0.005 0.007 0.017 0.007
0.013 0.011 0.036 0.802 0.015 0.096 0.013 0.013
0.007 0.01 0.914 0.014 0.012 0.022 0.013 0.008
0.142 0.01 0.776 0.008 0.043 0.007 0.008 0.006
0.303 0.017 0.633 0.007 0.008 0.01 0.015 0.007
0.008 0.013 0.075 0.015 0.01 0.007 0.862 0.01
0.009 0.007 0.861 0.02 0.009 0.011 0.066 0.017
0.026 0.016 0.88 0.01 0.014 0.016 0.032 0.005
0.268 0.081 0.074 0.017 0.256 0.036 0.051 0.217
0.024 0.009 0.022 0.009 0.01 0.006 0.893 0.027
0.054 0.05 0.604 0.014 0.008 0.075 0.165 0.029
0.019 0.055 0.771 0.02 0.051 0.02 0.057 0.007
0.009 0.029 0.112 0.715 0.052 0.039 0.038 0.006
0.027 0.008 0.298 0.012 0.008 0.014 0.611 0.022
0.032 0.047 0.832 0.014 0.013 0.009 0.031 0.022
0.006 0.029 0.458 0.014 0.008 0.373 0.091 0.021
0.039 0.074 0.503 0.284 0.031 0.013 0.018 0.037
0.049 0.016 0.484 0.062 0.052 0.269 0.021 0.047
0.007 0.015 0.696 0.049 0.032 0.01 0.184 0.007
0.01 0.006 0.047 0.008 0.017 0.006 0.89 0.016
0.011 0.019 0.27 0.022 0.018 0.006 0.642 0.013
0.023 0.009 0.198 0.04 0.016 0.551 0.114 0.049
0.096 0.015 0.074 0.042 0.12 0.543 0.098 0.011
0.194 0.02 0.035 0.017 0.202 0.389 0.02 0.124
0.198 0.093 0.032 0.016 0.042 0.161 0.392 0.066
0.004 0.941 0.009 0.017 0.007 0.007 0.009 0.005
0.016 0.447 0.017 0.016 0.01 0.129 0.357 0.007
0.024 0.25 0.045 0.069 0.023 0.536 0.029 0.025
0.011 0.293 0.439 0.011 0.031 0.176 0.02 0.02
0.017 0.468 0.017 0.026 0.015 0.059 0.386 0.013
0.008 0.045 0.836 0.014 0.009 0.03 0.037 0.021
0.008 0.085 0.009 0.006 0.012 0.058 0.812 0.009
0.005 0.03 0.019 0.051 0.013 0.777 0.101 0.004
0.004 0.952 0.004 0.004 0.007 0.018 0.008 0.005
0.01 0.026 0.088 0.009 0.014 0.835 0.011 0.007
0.009 0.496 0.052 0.016 0.06 0.314 0.02 0.034
0.005 0.9 0.009 0.005 0.008 0.059 0.007 0.006
0.026 0.851 0.031 0.015 0.035 0.011 0.02 0.011
0.012 0.882 0.021 0.011 0.012 0.041 0.016 0.006
0.006 0.917 0.022 0.011 0.019 0.006 0.013 0.007
0.016 0.461 0.014 0.013 0.021 0.015 0.449 0.013
0.01 0.226 0.044 0.01 0.021 0.401 0.279 0.01
0.012 0.105 0.013 0.007 0.01 0.818 0.029 0.007
0.049 0.31 0.015 0.013 0.005 0.074 0.516 0.017
0.032 0.226 0.021 0.337 0.018 0.153 0.188 0.024
0.01 0.005 0.015 0.024 0.005 0.911 0.022 0.01
0.137 0.044 0.079 0.008 0.055 0.615 0.052 0.01
0.01 0.039 0.02 0.016 0.018 0.604 0.263 0.029
0.102 0.204 0.073 0.031 0.022 0.401 0.134 0.034
0.009 0.219 0.01 0.006 0.007 0.733 0.011 0.006
0.033 0.114 0.112 0.013 0.015 0.29 0.406 0.017
0.004 0.007 0.005 0.004 0.006 0.965 0.005 0.004
0.005 0.052 0.014 0.004 0.008 0.894 0.012 0.01
0.011 0.196 0.011 0.012 0.241 0.508 0.014 0.006
0.005 0.017 0.008 0.008 0.016 0.918 0.022 0.006
0.014 0.018 0.033 0.009 0.03 0.744 0.12 0.033
0.007 0.015 0.005 0.005 0.009 0.944 0.006 0.01
0.003 0.004 0.004 0.004 0.004 0.973 0.005 0.003
0.032 0.038 0.057 0.034 0.067 0.721 0.027 0.023
0.006 0.015 0.009 0.009 0.006 0.942 0.008 0.006
0.008 0.011 0.036 0.013 0.288 0.619 0.02 0.006
0.004 0.005 0.004 0.004 0.009 0.964 0.005 0.004
0.017 0.323 0.161 0.274 0.01 0.068 0.08 0.068
0.004 0.007 0.005 0.004 0.004 0.963 0.009 0.004
0.004 0.011 0.007 0.004 0.008 0.957 0.005 0.004
0.013 0.007 0.007 0.005 0.022 0.923 0.013 0.008
0.004 0.009 0.006 0.006 0.006 0.957 0.007 0.005
0.004 0.004 0.004 0.003 0.004 0.971 0.006 0.004
0.04 0.181 0.034 0.007 0.006 0.118 0.564 0.051
0.056 0.017 0.801 0.018 0.007 0.045 0.048 0.007
0.01 0.008 0.761 0.013 0.006 0.004 0.03 0.167
0.005 0.004 0.961 0.006 0.005 0.005 0.007 0.007
0.024 0.103 0.277 0.011 0.035 0.038 0.469 0.043
0.008 0.013 0.372 0.038 0.018 0.007 0.112 0.433
0.026 0.007 0.904 0.005 0.005 0.005 0.03 0.019
0.026 0.007 0.741 0.129 0.004 0.004 0.014 0.075
0.012 0.021 0.728 0.018 0.01 0.01 0.091 0.11
0.014 0.013 0.794 0.101 0.04 0.014 0.015 0.009
0.012 0.006 0.635 0.148 0.035 0.008 0.051 0.105
0.025 0.019 0.882 0.013 0.014 0.007 0.009 0.032
0.016 0.004 0.757 0.19 0.007 0.004 0.009 0.013
0.011 0.367 0.263 0.255 0.008 0.008 0.075 0.013
0.009 0.01 0.397 0.399 0.005 0.035 0.104 0.041
0.578 0.063 0.096 0.007 0.066 0.008 0.009 0.173
0.061 0.778 0.028 0.085 0.006 0.008 0.006 0.028
0.658 0.222 0.023 0.006 0.032 0.008 0.023 0.029
0.118 0.245 0.138 0.087 0.01 0.005 0.011 0.385
0.515 0.025 0.135 0.013 0.01 0.004 0.008 0.291
0.409 0.011 0.019 0.46 0.043 0.021 0.019 0.017
0.841 0.051 0.023 0.01 0.007 0.008 0.009 0.051
0.415 0.027 0.019 0.019 0.007 0.009 0.048 0.456
0.594 0.006 0.009 0.357 0.007 0.006 0.014 0.007
0.918 0.007 0.011 0.008 0.017 0.004 0.01 0.026
0.936 0.012 0.009 0.012 0.008 0.007 0.008 0.009
0.885 0.009 0.009 0.004 0.013 0.004 0.007 0.069
0.927 0.007 0.007 0.008 0.004 0.006 0.036 0.005
0.951 0.006 0.007 0.005 0.016 0.005 0.005 0.005
0.923 0.009 0.015 0.011 0.007 0.004 0.009 0.023
0.675 0.014 0.065 0.013 0.02 0.006 0.137 0.07
0.811 0.015 0.008 0.009 0.005 0.008 0.091 0.053
0.918 0.006 0.008 0.006 0.011 0.011 0.02 0.021
0.784 0.023 0.019 0.006 0.015 0.006 0.009 0.138
0.771 0.033 0.029 0.008 0.006 0.006 0.024 0.123
0.912 0.006 0.017 0.006 0.007 0.006 0.034 0.012
0.793 0.008 0.006 0.008 0.016 0.004 0.021 0.143
0.926 0.004 0.007 0.014 0.017 0.007 0.009 0.015
0.934 0.006 0.012 0.014 0.01 0.004 0.004 0.016
0.046 0.016 0.02 0.007 0.005 0.006 0.011 0.889
0.014 0.04 0.072 0.009 0.014 0.014 0.006 0.831
0.403 0.016 0.009 0.287 0.019 0.192 0.013 0.06
0.013 0.006 0.006 0.121 0.009 0.317 0.005 0.523
0.071 0.016 0.094 0.53 0.01 0.006 0.016 0.256
0.006 0.006 0.022 0.007 0.004 0.016 0.008 0.931
0.009 0.007 0.007 0.048 0.012 0.058 0.007 0.851
0.02 0.008 0.008 0.443 0.008 0.011 0.06 0.442
0.005 0.005 0.006 0.004 0.005 0.005 0.011 0.957
0.013 0.005 0.013 0.183 0.01 0.15 0.007 0.62
0.011 0.04 0.018 0.01 0.007 0.004 0.012 0.898
0.062 0.011 0.01 0.212 0.012 0.03 0.015 0.648
0.31 0.007 0.009 0.013 0.006 0.011 0.011 0.634
0.016 0.007 0.018 0.018 0.005 0.004 0.011 0.92
0.009 0.006 0.052 0.017 0.005 0.004 0.01 0.898
0.005 0.011 0.006 0.006 0.004 0.004 0.009 0.956
0.004 0.004 0.004 0.004 0.004 0.004 0.009 0.967
0.007 0.008 0.006 0.006 0.007 0.008 0.01 0.949
0.013 0.013 0.008 0.008 0.006 0.004 0.009 0.938
0.013 0.014 0.013 0.011 0.005 0.011 0.023 0.91
0.009 0.008 0.01 0.008 0.005 0.006 0.009 0.945
0.007 0.004 0.01 0.006 0.004 0.008 0.012 0.949
0.363 0.063 0.085 0.028 0.03 0.031 0.021 0.377
0.324 0.011 0.011 0.012 0.017 0.004 0.006 0.615
0.673 0.01 0.039 0.007 0.004 0.013 0.016 0.238
0.587 0.01 0.013 0.195 0.003 0.009 0.009 0.173
0.246 0.005 0.016 0.365 0.005 0.022 0.007 0.334
0.278 0.037 0.039 0.311 0.006 0.009 0.019 0.301
0.015 0.011 0.061 0.019 0.005 0.005 0.015 0.868
0.036 0.014 0.012 0.009 0.013 0.012 0.013 0.89
0.044 0.052 0.01 0.018 0.007 0.016 0.107 0.744
0.073 0.016 0.047 0.018 0.005 0.005 0.054 0.781
0.009 0.006 0.006 0.01 0.004 0.008 0.005 0.95
0.01 0.006 0.006 0.01 0.004 0.008 0.005 0.95
0.01 0.006 0.006 0.01 0.004 0.008 0.005 0.95
0.028 0.008 0.038 0.044 0.005 0.04 0.011 0.826
0.009 0.005 0.006 0.007 0.005 0.009 0.005 0.953
0.018 0.018 0.006 0.915 0.006 0.009 0.01 0.019
0.114 0.006 0.009 0.008 0.005 0.014 0.013 0.831
0.23 0.125 0.178 0.19 0.132 0.056 0.013 0.076
0.141 0.019 0.015 0.012 0.011 0.011 0.024 0.768
0.064 0.012 0.068 0.021 0.005 0.02 0.018 0.792
0.047 0.011 0.016 0.028 0.017 0.082 0.01 0.789
0.608 0.034 0.103 0.012 0.037 0.051 0.008 0.147
0.013 0.006 0.01 0.008 0.004 0.01 0.005 0.944
0.914 0.018 0.018 0.006 0.017 0.007 0.008 0.012
0.013 0.006 0.009 0.008 0.004 0.01 0.005 0.945
0.026 0.053 0.03 0.052 0.007 0.007 0.69 0.136
0.019 0.024 0.039 0.311 0.022 0.284 0.084 0.217
0.11 0.031 0.294 0.025 0.007 0.04 0.264 0.229
0.022 0.017 0.021 0.052 0.055 0.168 0.496 0.17
0.022 0.008 0.235 0.023 0.023 0.015 0.642 0.031
0.019 0.006 0.023 0.006 0.035 0.005 0.882 0.025
0.016 0.073 0.282 0.023 0.108 0.021 0.445 0.033
0.041 0.045 0.105 0.044 0.047 0.008 0.67 0.04
0.027 0.014 0.137 0.16 0.018 0.236 0.351 0.058
0.037 0.009 0.015 0.053 0.013 0.011 0.845 0.019
0.058 0.01 0.023 0.079 0.011 0.24 0.265 0.313
0.018 0.134 0.245 0.046 0.019 0.012 0.501 0.024
0.007 0.207 0.086 0.015 0.011 0.01 0.655 0.008
0.011 0.73 0.058 0.014 0.008 0.093 0.08 0.006
0.014 0.329 0.013 0.012 0.012 0.019 0.579 0.023
0.007 0.594 0.014 0.32 0.016 0.008 0.036 0.005
0.011 0.016 0.041 0.049 0.014 0.011 0.657 0.203
0.005 0.936 0.007 0.007 0.013 0.013 0.013 0.005
0.007 0.172 0.024 0.009 0.009 0.744 0.023 0.011
0.006 0.166 0.008 0.359 0.014 0.131 0.306 0.01
0.01 0.712 0.024 0.021 0.009 0.103 0.112 0.008
0.008 0.311 0.041 0.054 0.014 0.008 0.556 0.008
0.012 0.145 0.014 0.105 0.006 0.187 0.522 0.008
0.006 0.031 0.006 0.173 0.011 0.73 0.039 0.004
0.045 0.014 0.673 0.199 0.009 0.006 0.047 0.007
