0.013 0.01 0.898 0.01 0.005 0.011 0.007 0.013 0.012 0.008 0.005 0.006
0.009 0.009 0.885 0.02 0.012 0.01 0.013 0.004 0.017 0.006 0.007 0.008
0.006 0.007 0.807 0.015 0.056 0.02 0.004 0.005 0.015 0.03 0.007 0.026
0.005 0.137 0.638 0.005 0.004 0.005 0.044 0.007 0.035 0.095 0.02 0.005
0.012 0.006 0.822 0.03 0.014 0.031 0.008 0.007 0.017 0.031 0.014 0.009
0.006 0.005 0.591 0.028 0.093 0.022 0.024 0.011 0.157 0.049 0.007 0.008
0.008 0.007 0.093 0.022 0.185 0.259 0.011 0.006 0.071 0.011 0.312 0.015
0.128 0.006 0.671 0.014 0.009 0.1 0.03 0.003 0.015 0.005 0.012 0.006
0.012 0.007 0.139 0.009 0.008 0.005 0.415 0.004 0.05 0.283 0.044 0.022
0.004 0.004 0.404 0.012 0.02 0.01 0.414 0.004 0.014 0.087 0.009 0.018
0.005 0.005 0.815 0.051 0.007 0.006 0.034 0.006 0.007 0.039 0.016 0.009
0.005 0.01 0.892 0.01 0.019 0.016 0.008 0.008 0.013 0.006 0.007 0.007
0.005 0.005 0.838 0.005 0.031 0.005 0.023 0.006 0.009 0.06 0.008 0.005
0.058 0.005 0.146 0.336 0.017 0.364 0.01 0.005 0.028 0.01 0.014 0.006
0.023 0.02 0.559 0.021 0.023 0.06 0.189 0.016 0.028 0.009 0.044 0.008
0.006 0.007 0.88 0.005 0.022 0.005 0.011 0.014 0.009 0.012 0.025 0.005
0.008 0.006 0.284 0.016 0.036 0.02 0.54 0.026 0.012 0.019 0.025 0.009
0.017 0.005 0.747 0.054 0.037 0.005 0.062 0.008 0.023 0.021 0.01 0.013
0.005 0.005 0.209 0.013 0.01 0.004 0.026 0.015 0.678 0.016 0.013 0.005
0.008 0.009 0.028 0.012 0.025 0.655 0.033 0.011 0.14 0.042 0.022 0.015
0.029 0.005 0.041 0.099 0.009 0.005 0.112 0.005 0.672 0.007 0.011 0.006
0.005 0.004 0.89 0.005 0.012 0.009 0.01 0.023 0.012 0.011 0.004 0.015
0.011 0.009 0.661 0.054 0.006 0.017 0.036 0.099 0.028 0.01 0.014 0.054
0.005 0.004 0.92 0.01 0.015 0.007 0.012 0.006 0.006 0.006 0.005 0.006
0.17 0.042 0.012 0.069 0.009 0.062 0.009 0.541 0.017 0.04 0.004 0.024
0.122 0.004 0.004 0.005 0.005 0.035 0.003 0.807 0.004 0.004 0.003 0.004
0.014 0.363 0.006 0.006 0.005 0.017 0.005 0.457 0.097 0.014 0.009 0.007
0.137 0.006 0.033 0.007 0.007 0.142 0.098 0.421 0.019 0.074 0.02 0.036
0.007 0.009 0.077 0.006 0.045 0.005 0.01 0.803 0.007 0.007 0.01 0.014
0.042 0.006 0.005 0.009 0.004 0.107 0.004 0.791 0.012 0.009 0.005 0.007
0.003 0.003 0.005 0.004 0.004 0.004 0.003 0.961 0.004 0.003 0.003 0.003
0.005 0.011 0.008 0.006 0.064 0.017 0.006 0.858 0.005 0.008 0.006 0.006
0.339 0.005 0.01 0.018 0.01 0.044 0.006 0.293 0.258 0.007 0.004 0.008
0.025 0.009 0.009 0.03 0.009 0.006 0.01 0.862 0.011 0.01 0.005 0.014
0.018 0.014 0.016 0.056 0.014 0.023 0.019 0.452 0.325 0.009 0.014 0.041
0.008 0.022 0.03 0.007 0.029 0.633 0.01 0.062 0.024 0.147 0.007 0.022
0.003 0.004 0.004 0.005 0.006 0.006 0.003 0.951 0.004 0.005 0.004 0.005
0.005 0.007 0.007 0.005 0.029 0.004 0.005 0.746 0.16 0.013 0.005 0.013
0.008 0.027 0.036 0.006 0.092 0.012 0.082 0.707 0.009 0.006 0.008 0.007
0.007 0.004 0.009 0.018 0.006 0.006 0.008 0.916 0.008 0.007 0.006 0.006
0.007 0.007 0.025 0.007 0.017 0.015 0.011 0.324 0.391 0.006 0.183 0.009
0.005 0.006 0.042 0.004 0.007 0.055 0.004 0.518 0.273 0.076 0.006 0.005
0.006 0.226 0.009 0.011 0.126 0.038 0.012 0.534 0.013 0.011 0.004 0.009
0.005 0.005 0.007 0.005 0.005 0.005 0.034 0.861 0.006 0.03 0.03 0.007
0.004 0.005 0.008 0.005 0.005 0.015 0.024 0.722 0.007 0.146 0.054 0.005
0.005 0.004 0.007 0.005 0.005 0.005 0.035 0.861 0.006 0.03 0.029 0.007
0.003 0.004 0.004 0.005 0.006 0.007 0.003 0.951 0.004 0.005 0.004 0.005
0.003 0.004 0.004 0.005 0.006 0.007 0.003 0.951 0.004 0.005 0.004 0.005
0.008 0.009 0.005 0.009 0.006 0.003 0.01 0.005 0.005 0.006 0.006 0.928
0.125 0.01 0.012 0.191 0.005 0.004 0.075 0.004 0.279 0.108 0.01 0.177
0.049 0.041 0.007 0.315 0.153 0.023 0.007 0.102 0.012 0.025 0.012 0.253
0.735 0.01 0.03 0.007 0.008 0.005 0.005 0.004 0.055 0.005 0.008 0.128
0.015 0.787 0.005 0.009 0.022 0.007 0.026 0.005 0.019 0.008 0.021 0.078
0.382 0.007 0.006 0.006 0.01 0.004 0.026 0.008 0.006 0.006 0.006 0.533
0.388 0.008 0.055 0.062 0.064 0.007 0.027 0.027 0.026 0.01 0.007 0.319
0.816 0.015 0.007 0.005 0.011 0.01 0.012 0.006 0.019 0.014 0.006 0.079
0.802 0.014 0.008 0.006 0.01 0.011 0.012 0.006 0.022 0.015 0.006 0.088
0.005 0.058 0.017 0.008 0.063 0.006 0.112 0.006 0.018 0.026 0.018 0.662
0.063 0.324 0.036 0.231 0.012 0.004 0.023 0.007 0.125 0.008 0.006 0.162
0.007 0.011 0.022 0.008 0.019 0.006 0.006 0.012 0.034 0.013 0.008 0.853
0.866 0.009 0.009 0.009 0.013 0.007 0.005 0.005 0.007 0.005 0.01 0.056
0.051 0.111 0.057 0.521 0.015 0.019 0.016 0.015 0.02 0.01 0.006 0.16
0.059 0.005 0.006 0.024 0.011 0.004 0.455 0.007 0.006 0.055 0.028 0.339
0.188 0.007 0.005 0.004 0.021 0.035 0.014 0.006 0.009 0.006 0.012 0.692
0.365 0.034 0.006 0.006 0.018 0.055 0.004 0.006 0.015 0.014 0.01 0.468
0.007 0.925 0.007 0.004 0.011 0.004 0.008 0.005 0.008 0.009 0.005 0.007
0.006 0.929 0.009 0.004 0.005 0.004 0.004 0.003 0.013 0.005 0.004 0.015
0.004 0.961 0.003 0.003 0.004 0.003 0.004 0.004 0.004 0.003 0.005 0.004
0.004 0.95 0.004 0.003 0.005 0.003 0.004 0.004 0.004 0.004 0.012 0.004
0.015 0.072 0.014 0.031 0.33 0.005 0.058 0.004 0.01 0.004 0.003 0.455
0.056 0.011 0.01 0.026 0.037 0.007 0.031 0.008 0.008 0.014 0.009 0.781
0.008 0.247 0.054 0.011 0.013 0.005 0.008 0.005 0.078 0.011 0.031 0.529
0.415 0.007 0.104 0.031 0.032 0.115 0.008 0.02 0.074 0.176 0.005 0.014
0.004 0.004 0.007 0.015 0.029 0.011 0.006 0.007 0.006 0.901 0.005 0.006
0.025 0.008 0.023 0.052 0.049 0.022 0.027 0.025 0.014 0.709 0.014 0.031
0.019 0.006 0.013 0.028 0.051 0.023 0.16 0.006 0.025 0.578 0.042 0.049
0.051 0.014 0.02 0.029 0.697 0.013 0.025 0.004 0.032 0.02 0.035 0.061
0.039 0.106 0.459 0.018 0.058 0.01 0.007 0.057 0.116 0.017 0.029 0.084
0.008 0.032 0.086 0.017 0.051 0.007 0.148 0.01 0.458 0.128 0.008 0.047
0.009 0.026 0.018 0.008 0.014 0.008 0.005 0.01 0.783 0.016 0.014 0.088
0.008 0.011 0.019 0.013 0.033 0.016 0.007 0.009 0.664 0.156 0.011 0.054
0.003 0.004 0.004 0.003 0.003 0.004 0.005 0.004 0.004 0.955 0.008 0.004
0.006 0.006 0.007 0.01 0.047 0.06 0.004 0.006 0.008 0.834 0.005 0.005
0.006 0.01 0.061 0.006 0.046 0.02 0.024 0.027 0.019 0.742 0.018 0.02
0.005 0.06 0.011 0.006 0.022 0.02 0.025 0.006 0.392 0.437 0.006 0.009
0.005 0.013 0.075 0.222 0.245 0.016 0.013 0.072 0.098 0.053 0.006 0.182
0.007 0.006 0.031 0.246 0.093 0.018 0.022 0.151 0.097 0.112 0.006 0.209
0.004 0.004 0.006 0.004 0.005 0.005 0.003 0.007 0.008 0.937 0.006 0.01
0.035 0.005 0.021 0.014 0.199 0.027 0.371 0.013 0.169 0.089 0.013 0.046
0.02 0.521 0.019 0.035 0.071 0.036 0.006 0.029 0.169 0.029 0.005 0.06
0.005 0.01 0.033 0.007 0.053 0.006 0.039 0.006 0.026 0.797 0.005 0.012
0.005 0.007 0.005 0.005 0.085 0.007 0.018 0.004 0.019 0.79 0.008 0.045
0.062 0.017 0.011 0.016 0.023 0.354 0.034 0.007 0.037 0.305 0.01 0.126
0.005 0.009 0.008 0.004 0.005 0.009 0.009 0.007 0.165 0.755 0.007 0.017
0.008 0.011 0.064 0.006 0.007 0.006 0.043 0.007 0.394 0.378 0.065 0.011
0.004 0.01 0.024 0.008 0.031 0.007 0.018 0.012 0.246 0.622 0.008 0.01
0.007 0.005 0.006 0.016 0.716 0.012 0.01 0.007 0.018 0.143 0.011 0.048
0.009 0.014 0.008 0.024 0.837 0.014 0.01 0.014 0.01 0.021 0.007 0.033
0.005 0.006 0.007 0.006 0.896 0.005 0.004 0.005 0.005 0.004 0.004 0.054
0.009 0.008 0.006 0.013 0.39 0.006 0.007 0.005 0.437 0.01 0.004 0.104
0.006 0.67 0.007 0.007 0.218 0.039 0.009 0.009 0.011 0.007 0.009 0.007
0.007 0.02 0.009 0.006 0.408 0.02 0.008 0.011 0.441 0.007 0.006 0.058
0.004 0.007 0.006 0.093 0.789 0.005 0.004 0.036 0.006 0.004 0.004 0.044
0.005 0.005 0.008 0.018 0.674 0.009 0.007 0.008 0.024 0.014 0.184 0.045
0.006 0.027 0.022 0.007 0.028 0.008 0.008 0.006 0.717 0.146 0.008 0.017
0.012 0.014 0.006 0.006 0.03 0.009 0.01 0.006 0.574 0.013 0.011 0.31
0.011 0.006 0.039 0.048 0.06 0.019 0.005 0.028 0.231 0.069 0.028 0.455
0.016 0.02 0.026 0.482 0.061 0.023 0.104 0.155 0.035 0.051 0.006 0.021
0.016 0.008 0.011 0.017 0.017 0.006 0.035 0.008 0.016 0.724 0.115 0.027
0.004 0.013 0.01 0.029 0.735 0.023 0.008 0.005 0.011 0.136 0.007 0.019
0.008 0.035 0.068 0.006 0.559 0.014 0.005 0.049 0.086 0.043 0.071 0.059
0.005 0.514 0.013 0.008 0.359 0.011 0.006 0.026 0.021 0.023 0.005 0.008
0.006 0.007 0.009 0.012 0.088 0.011 0.04 0.006 0.523 0.174 0.069 0.054
0.012 0.01 0.037 0.015 0.219 0.007 0.013 0.01 0.622 0.008 0.009 0.041
0.032 0.016 0.019 0.007 0.584 0.118 0.008 0.006 0.026 0.123 0.007 0.053
0.007 0.294 0.042 0.016 0.467 0.016 0.042 0.026 0.015 0.015 0.011 0.048
0.081 0.013 0.014 0.068 0.108 0.294 0.025 0.046 0.105 0.021 0.024 0.201
0.004 0.044 0.02 0.008 0.044 0.014 0.008 0.027 0.087 0.167 0.006 0.57
0.008 0.013 0.006 0.006 0.013 0.007 0.018 0.017 0.069 0.707 0.048 0.089
0.007 0.01 0.013 0.006 0.065 0.005 0.014 0.012 0.018 0.593 0.015 0.241
0.08 0.018 0.011 0.048 0.438 0.217 0.016 0.009 0.061 0.08 0.006 0.015
0.007 0.055 0.015 0.091 0.208 0.412 0.01 0.078 0.016 0.085 0.005 0.018
0.17 0.009 0.021 0.263 0.045 0.292 0.019 0.133 0.021 0.011 0.004 0.012
0.011 0.011 0.125 0.214 0.084 0.065 0.043 0.033 0.032 0.351 0.01 0.02
0.012 0.006 0.891 0.005 0.031 0.007 0.007 0.007 0.009 0.011 0.005 0.009
0.006 0.006 0.345 0.017 0.02 0.093 0.007 0.008 0.421 0.057 0.006 0.015
0.04 0.07 0.218 0.054 0.073 0.425 0.013 0.02 0.034 0.027 0.004 0.023
0.031 0.011 0.396 0.022 0.186 0.145 0.012 0.032 0.015 0.017 0.005 0.127
0.005 0.037 0.651 0.011 0.013 0.045 0.024 0.012 0.032 0.118 0.032 0.02
0.009 0.016 0.038 0.007 0.774 0.011 0.01 0.007 0.011 0.038 0.013 0.067
0.018 0.004 0.099 0.011 0.01 0.062 0.007 0.013 0.554 0.207 0.005 0.009
0.021 0.011 0.077 0.004 0.143 0.564 0.004 0.009 0.019 0.126 0.007 0.014
0.004 0.003 0.931 0.004 0.004 0.02 0.006 0.006 0.006 0.008 0.004 0.005
0.009 0.007 0.022 0.023 0.177 0.702 0.007 0.009 0.013 0.01 0.004 0.018
0.008 0.011 0.528 0.007 0.137 0.173 0.022 0.045 0.023 0.019 0.005 0.022
0.007 0.004 0.861 0.005 0.04 0.042 0.006 0.007 0.009 0.008 0.005 0.006
0.008 0.008 0.819 0.054 0.015 0.007 0.007 0.022 0.014 0.013 0.004 0.029
0.007 0.009 0.849 0.008 0.039 0.027 0.005 0.01 0.015 0.008 0.008 0.013
0.007 0.006 0.884 0.006 0.018 0.005 0.006 0.015 0.008 0.01 0.004 0.03
0.006 0.01 0.607 0.005 0.012 0.01 0.017 0.024 0.021 0.174 0.092 0.023
0.009 0.006 0.357 0.008 0.1 0.259 0.009 0.017 0.014 0.174 0.006 0.041
0.007 0.008 0.167 0.016 0.06 0.661 0.006 0.01 0.017 0.029 0.007 0.011
0.009 0.023 0.368 0.019 0.064 0.023 0.012 0.005 0.013 0.401 0.054 0.01
0.018 0.301 0.287 0.016 0.042 0.098 0.024 0.011 0.025 0.118 0.038 0.023
0.016 0.019 0.004 0.005 0.012 0.872 0.007 0.004 0.023 0.015 0.015 0.008
0.008 0.008 0.047 0.056 0.026 0.591 0.01 0.077 0.022 0.047 0.086 0.022
0.015 0.02 0.052 0.005 0.02 0.588 0.034 0.013 0.031 0.128 0.052 0.042
0.029 0.032 0.139 0.052 0.086 0.291 0.025 0.019 0.122 0.085 0.085 0.033
0.004 0.007 0.22 0.01 0.046 0.669 0.006 0.007 0.011 0.01 0.005 0.006
0.008 0.012 0.148 0.02 0.138 0.21 0.013 0.009 0.324 0.08 0.018 0.02
0.005 0.004 0.007 0.003 0.011 0.941 0.004 0.006 0.006 0.004 0.004 0.004
0.01 0.004 0.04 0.004 0.04 0.859 0.006 0.006 0.008 0.008 0.008 0.006
0.033 0.01 0.247 0.009 0.005 0.468 0.004 0.184 0.01 0.011 0.01 0.009
0.009 0.006 0.027 0.004 0.008 0.87 0.006 0.016 0.015 0.025 0.005 0.008
0.006 0.006 0.014 0.005 0.027 0.693 0.035 0.018 0.011 0.115 0.044 0.026
0.005 0.004 0.009 0.007 0.007 0.923 0.013 0.008 0.009 0.007 0.005 0.004
0.004 0.004 0.004 0.003 0.018 0.944 0.003 0.005 0.004 0.005 0.004 0.003
0.03 0.035 0.032 0.024 0.129 0.57 0.019 0.059 0.025 0.026 0.023 0.027
0.015 0.01 0.022 0.005 0.041 0.863 0.005 0.006 0.011 0.007 0.008 0.008
0.007 0.007 0.009 0.007 0.028 0.6 0.006 0.264 0.011 0.025 0.005 0.031
0.005 0.003 0.005 0.004 0.004 0.948 0.004 0.008 0.004 0.004 0.003 0.004
0.007 0.151 0.178 0.01 0.035 0.064 0.133 0.007 0.299 0.036 0.019 0.061
0.006 0.003 0.007 0.004 0.005 0.935 0.004 0.004 0.006 0.015 0.006 0.005
0.004 0.004 0.011 0.003 0.049 0.896 0.004 0.007 0.007 0.005 0.004 0.006
0.007 0.004 0.005 0.017 0.009 0.88 0.009 0.019 0.017 0.019 0.006 0.006
0.009 0.005 0.009 0.005 0.011 0.925 0.004 0.006 0.006 0.009 0.005 0.006
0.004 0.003 0.004 0.005 0.007 0.951 0.004 0.004 0.004 0.007 0.003 0.004
0.008 0.007 0.161 0.007 0.056 0.109 0.022 0.005 0.36 0.106 0.145 0.013
0.008 0.009 0.011 0.027 0.022 0.049 0.007 0.005 0.013 0.029 0.014 0.807
0.031 0.008 0.008 0.014 0.138 0.004 0.111 0.005 0.087 0.019 0.007 0.569
0.006 0.005 0.004 0.007 0.101 0.005 0.01 0.005 0.185 0.006 0.005 0.663
0.031 0.007 0.057 0.028 0.288 0.02 0.022 0.033 0.304 0.167 0.008 0.035
0.011 0.017 0.006 0.007 0.037 0.005 0.316 0.006 0.566 0.01 0.005 0.014
0.007 0.004 0.008 0.03 0.046 0.004 0.014 0.005 0.013 0.027 0.013 0.828
0.031 0.009 0.007 0.013 0.091 0.004 0.024 0.004 0.02 0.008 0.011 0.778
0.017 0.008 0.02 0.008 0.04 0.01 0.088 0.008 0.059 0.087 0.023 0.631
0.008 0.006 0.015 0.01 0.043 0.019 0.012 0.053 0.026 0.019 0.008 0.78
0.007 0.005 0.004 0.007 0.006 0.004 0.042 0.011 0.006 0.013 0.008 0.885
0.012 0.005 0.057 0.028 0.057 0.006 0.028 0.022 0.007 0.009 0.014 0.756
0.01 0.005 0.004 0.008 0.006 0.003 0.008 0.005 0.009 0.004 0.006 0.931
0.016 0.046 0.012 0.005 0.009 0.007 0.01 0.005 0.692 0.008 0.019 0.171
0.3 0.016 0.008 0.007 0.009 0.017 0.007 0.004 0.119 0.031 0.005 0.476
0.018 0.006 0.016 0.311 0.538 0.005 0.029 0.033 0.007 0.006 0.018 0.011
0.188 0.005 0.49 0.189 0.017 0.007 0.034 0.006 0.014 0.006 0.006 0.038
0.005 0.005 0.073 0.814 0.012 0.011 0.01 0.01 0.023 0.024 0.006 0.007
0.161 0.005 0.068 0.118 0.072 0.005 0.381 0.009 0.012 0.007 0.031 0.133
0.021 0.005 0.013 0.577 0.245 0.003 0.055 0.007 0.016 0.006 0.008 0.044
0.067 0.325 0.008 0.449 0.026 0.018 0.008 0.017 0.016 0.026 0.022 0.017
0.004 0.005 0.007 0.004 0.012 0.005 0.007 0.006 0.004 0.005 0.936 0.004
0.006 0.004 0.007 0.004 0.009 0.004 0.008 0.004 0.005 0.006 0.939 0.005
0.008 0.18 0.004 0.005 0.005 0.004 0.004 0.006 0.008 0.011 0.758 0.008
0.004 0.006 0.005 0.93 0.007 0.004 0.007 0.012 0.008 0.005 0.007 0.005
0.008 0.017 0.01 0.386 0.049 0.006 0.008 0.009 0.013 0.007 0.479 0.007
0.007 0.004 0.011 0.788 0.01 0.003 0.103 0.013 0.004 0.013 0.033 0.011
0.005 0.004 0.006 0.011 0.005 0.006 0.005 0.004 0.009 0.018 0.916 0.009
0.008 0.007 0.008 0.862 0.007 0.006 0.005 0.033 0.006 0.006 0.045 0.007
0.015 0.008 0.006 0.894 0.008 0.003 0.017 0.007 0.014 0.007 0.009 0.011
0.008 0.004 0.009 0.024 0.009 0.005 0.015 0.018 0.008 0.032 0.641 0.226
0.004 0.004 0.006 0.004 0.004 0.005 0.005 0.003 0.004 0.007 0.951 0.004
0.013 0.005 0.007 0.086 0.014 0.009 0.007 0.011 0.004 0.07 0.764 0.011
0.017 0.003 0.01 0.908 0.005 0.004 0.011 0.011 0.006 0.006 0.004 0.014
0.007 0.008 0.026 0.439 0.023 0.006 0.266 0.008 0.012 0.037 0.11 0.059
0.007 0.004 0.007 0.576 0.01 0.005 0.017 0.011 0.021 0.08 0.195 0.066
0.029 0.008 0.009 0.18 0.004 0.004 0.112 0.012 0.007 0.014 0.606 0.014
0.008 0.01 0.004 0.279 0.005 0.006 0.01 0.09 0.006 0.005 0.573 0.006
0.024 0.03 0.008 0.831 0.029 0.006 0.011 0.015 0.006 0.004 0.02 0.016
0.074 0.008 0.019 0.07 0.015 0.005 0.712 0.005 0.021 0.01 0.046 0.016
0.013 0.006 0.028 0.009 0.111 0.01 0.749 0.011 0.018 0.005 0.009 0.031
0.322 0.067 0.012 0.007 0.014 0.094 0.02 0.016 0.024 0.009 0.406 0.009
0.858 0.01 0.006 0.005 0.006 0.046 0.017 0.008 0.005 0.005 0.027 0.007
0.105 0.206 0.011 0.032 0.009 0.006 0.125 0.008 0.011 0.011 0.022 0.454
0.01 0.008 0.007 0.004 0.014 0.017 0.873 0.004 0.005 0.009 0.014 0.036
0.532 0.012 0.008 0.004 0.005 0.029 0.348 0.008 0.005 0.01 0.031 0.007
0.015 0.423 0.006 0.007 0.007 0.009 0.441 0.005 0.006 0.047 0.026 0.007
0.005 0.005 0.004 0.005 0.004 0.005 0.945 0.004 0.005 0.008 0.006 0.005
0.828 0.014 0.006 0.011 0.021 0.019 0.038 0.009 0.016 0.009 0.015 0.015
0.113 0.007 0.038 0.02 0.039 0.004 0.739 0.007 0.009 0.01 0.007 0.01
0.579 0.096 0.011 0.069 0.019 0.019 0.118 0.009 0.013 0.018 0.019 0.03
0.013 0.015 0.005 0.21 0.01 0.011 0.6 0.007 0.009 0.023 0.082 0.016
0.015 0.005 0.005 0.025 0.005 0.004 0.799 0.004 0.121 0.005 0.004 0.007
0.017 0.007 0.005 0.014 0.021 0.004 0.667 0.004 0.233 0.007 0.006 0.015
0.014 0.003 0.009 0.005 0.009 0.003 0.933 0.003 0.004 0.007 0.004 0.006
0.007 0.004 0.004 0.005 0.003 0.004 0.952 0.003 0.005 0.006 0.004 0.004
0.01 0.006 0.007 0.007 0.004 0.008 0.923 0.007 0.007 0.006 0.009 0.006
0.007 0.009 0.013 0.005 0.015 0.004 0.892 0.006 0.006 0.006 0.03 0.006
0.007 0.015 0.009 0.007 0.008 0.009 0.889 0.004 0.01 0.018 0.015 0.009
0.007 0.006 0.006 0.006 0.006 0.005 0.927 0.004 0.006 0.008 0.009 0.01
0.01 0.005 0.004 0.011 0.017 0.006 0.913 0.004 0.007 0.011 0.005 0.009
0.027 0.023 0.038 0.262 0.056 0.024 0.333 0.028 0.08 0.042 0.021 0.066
0.039 0.011 0.006 0.398 0.008 0.004 0.489 0.011 0.007 0.006 0.01 0.011
0.017 0.003 0.005 0.887 0.022 0.009 0.011 0.003 0.008 0.013 0.005 0.016
0.015 0.169 0.008 0.735 0.014 0.006 0.013 0.003 0.005 0.007 0.012 0.013
0.442 0.21 0.004 0.244 0.012 0.019 0.02 0.004 0.009 0.007 0.016 0.014
0.019 0.304 0.027 0.115 0.025 0.008 0.302 0.005 0.078 0.011 0.087 0.019
0.027 0.019 0.008 0.071 0.08 0.004 0.663 0.005 0.066 0.013 0.005 0.039
0.008 0.01 0.011 0.028 0.012 0.011 0.868 0.009 0.012 0.009 0.016 0.008
0.014 0.02 0.028 0.012 0.019 0.012 0.719 0.007 0.016 0.093 0.052 0.008
0.011 0.016 0.013 0.018 0.054 0.005 0.736 0.004 0.03 0.025 0.052 0.036
0.946 0.004 0.006 0.005 0.005 0.004 0.006 0.003 0.004 0.003 0.008 0.004
0.946 0.004 0.006 0.005 0.006 0.004 0.006 0.003 0.004 0.003 0.008 0.004
0.946 0.004 0.006 0.005 0.005 0.004 0.006 0.003 0.005 0.003 0.008 0.004
0.681 0.006 0.01 0.037 0.037 0.012 0.097 0.004 0.071 0.006 0.007 0.032
0.514 0.004 0.005 0.021 0.006 0.009 0.399 0.006 0.006 0.014 0.01 0.006
0.322 0.561 0.011 0.015 0.007 0.009 0.022 0.005 0.016 0.009 0.016 0.007
0.032 0.013 0.006 0.137 0.012 0.01 0.681 0.005 0.005 0.035 0.04 0.023
0.013 0.29 0.032 0.463 0.053 0.055 0.017 0.036 0.011 0.007 0.006 0.015
0.017 0.009 0.019 0.012 0.033 0.008 0.344 0.009 0.009 0.019 0.505 0.014
0.071 0.032 0.016 0.025 0.113 0.015 0.565 0.005 0.019 0.014 0.08 0.045
0.839 0.008 0.01 0.012 0.038 0.016 0.013 0.01 0.01 0.006 0.031 0.007
0.042 0.021 0.016 0.027 0.456 0.022 0.042 0.026 0.015 0.007 0.312 0.015
0.909 0.004 0.006 0.016 0.017 0.004 0.019 0.003 0.005 0.004 0.007 0.006
0.016 0.01 0.012 0.695 0.008 0.007 0.019 0.011 0.021 0.008 0.174 0.018
0.909 0.004 0.006 0.016 0.017 0.004 0.018 0.003 0.005 0.004 0.007 0.006
0.061 0.013 0.123 0.013 0.01 0.007 0.138 0.009 0.232 0.208 0.022 0.163
0.78 0.005 0.04 0.011 0.009 0.034 0.01 0.018 0.021 0.044 0.008 0.019
0.013 0.012 0.014 0.008 0.136 0.028 0.043 0.006 0.013 0.088 0.611 0.028
0.182 0.012 0.01 0.008 0.01 0.117 0.023 0.021 0.015 0.454 0.138 0.01
0.008 0.014 0.012 0.009 0.017 0.02 0.054 0.024 0.043 0.233 0.03 0.535
0.011 0.005 0.008 0.01 0.011 0.007 0.123 0.043 0.196 0.479 0.078 0.03
0.009 0.013 0.122 0.021 0.03 0.027 0.129 0.104 0.143 0.151 0.017 0.234
0.043 0.015 0.035 0.057 0.016 0.007 0.014 0.025 0.638 0.111 0.006 0.035
0.325 0.012 0.01 0.007 0.008 0.082 0.005 0.005 0.454 0.022 0.058 0.012
0.051 0.013 0.016 0.009 0.008 0.01 0.013 0.011 0.027 0.55 0.26 0.031
0.199 0.013 0.008 0.009 0.01 0.193 0.04 0.007 0.015 0.118 0.377 0.012
0.007 0.013 0.007 0.004 0.009 0.007 0.007 0.006 0.908 0.008 0.017 0.007
0.005 0.008 0.051 0.004 0.008 0.018 0.004 0.006 0.851 0.028 0.01 0.006
0.006 0.011 0.787 0.004 0.044 0.034 0.004 0.006 0.011 0.014 0.067 0.011
0.006 0.032 0.725 0.011 0.005 0.012 0.047 0.008 0.011 0.074 0.01 0.06
0.007 0.206 0.709 0.007 0.006 0.004 0.007 0.009 0.013 0.013 0.005 0.013
0.019 0.086 0.029 0.008 0.01 0.015 0.487 0.014 0.018 0.181 0.016 0.117
0.006 0.007 0.928 0.003 0.011 0.008 0.003 0.01 0.005 0.007 0.006 0.005
0.012 0.009 0.221 0.004 0.079 0.607 0.006 0.008 0.009 0.015 0.02 0.009
0.043 0.225 0.305 0.005 0.006 0.255 0.007 0.012 0.041 0.082 0.007 0.012
0.009 0.013 0.884 0.007 0.014 0.03 0.004 0.008 0.01 0.009 0.006 0.007
0.006 0.056 0.685 0.005 0.009 0.007 0.01 0.014 0.031 0.091 0.016 0.069
0.03 0.129 0.27 0.007 0.01 0.239 0.005 0.004 0.204 0.064 0.019 0.019
0.008 0.164 0.046 0.006 0.007 0.705 0.005 0.009 0.018 0.021 0.006 0.006
0.006 0.01 0.019 0.01 0.008 0.005 0.007 0.007 0.048 0.009 0.018 0.854
