0.875 0.015 0.095 0.015
0.889 0.037 0.018 0.056
0.929 0.04 0.015 0.015
0.774 0.095 0.025 0.106
0.885 0.014 0.073 0.028
0.911 0.014 0.033 0.042
0.479 0.046 0.154 0.321
0.763 0.018 0.037 0.182
0.403 0.078 0.012 0.507
0.667 0.039 0.012 0.282
0.826 0.02 0.075 0.079
0.874 0.019 0.095 0.012
0.908 0.013 0.02 0.06
0.614 0.015 0.106 0.266
0.601 0.024 0.07 0.305
0.858 0.013 0.092 0.037
0.319 0.015 0.072 0.594
0.623 0.036 0.047 0.294
0.577 0.226 0.164 0.033
0.466 0.043 0.4 0.091
0.427 0.235 0.134 0.204
0.885 0.026 0.075 0.015
0.564 0.05 0.309 0.076
0.924 0.011 0.03 0.035
0.042 0.051 0.878 0.03
0.02 0.015 0.952 0.012
0.017 0.393 0.579 0.011
0.097 0.084 0.72 0.1
0.086 0.028 0.855 0.031
0.036 0.015 0.937 0.012
0.013 0.008 0.973 0.006
0.053 0.016 0.917 0.014
0.054 0.117 0.776 0.052
0.014 0.014 0.957 0.015
0.035 0.259 0.645 0.061
0.372 0.038 0.577 0.012
0.01 0.01 0.974 0.006
0.016 0.103 0.869 0.011
0.066 0.02 0.835 0.08
0.017 0.01 0.96 0.012
0.166 0.149 0.512 0.173
0.256 0.05 0.685 0.009
0.058 0.182 0.746 0.014
0.017 0.014 0.897 0.071
0.058 0.013 0.863 0.066
0.017 0.015 0.898 0.071
0.01 0.01 0.974 0.006
0.009 0.01 0.974 0.006
0.01 0.926 0.012 0.052
0.225 0.229 0.008 0.538
0.018 0.52 0.346 0.116
0.014 0.896 0.008 0.082
0.008 0.966 0.009 0.017
0.01 0.859 0.013 0.118
0.063 0.621 0.146 0.17
0.021 0.861 0.021 0.098
0.018 0.871 0.02 0.091
0.03 0.86 0.012 0.098
0.024 0.914 0.014 0.049
0.031 0.932 0.021 0.016
0.031 0.541 0.077 0.351
0.076 0.595 0.178 0.15
0.013 0.039 0.012 0.936
0.015 0.887 0.026 0.071
0.038 0.816 0.099 0.047
0.014 0.959 0.01 0.017
0.009 0.969 0.011 0.011
0.008 0.971 0.01 0.011
0.009 0.965 0.011 0.015
0.021 0.832 0.014 0.133
0.021 0.812 0.031 0.136
0.032 0.944 0.01 0.014
0.479 0.038 0.416 0.068
0.824 0.021 0.139 0.017
0.34 0.118 0.152 0.391
0.154 0.089 0.05 0.707
0.11 0.219 0.016 0.656
0.247 0.515 0.204 0.034
0.158 0.79 0.018 0.033
0.041 0.922 0.024 0.013
0.484 0.461 0.034 0.021
0.685 0.13 0.148 0.037
0.836 0.023 0.125 0.016
0.774 0.033 0.175 0.017
0.827 0.122 0.033 0.019
0.163 0.535 0.267 0.035
0.14 0.279 0.552 0.029
0.571 0.278 0.135 0.017
0.29 0.116 0.082 0.511
0.029 0.91 0.047 0.015
0.884 0.056 0.019 0.041
0.172 0.728 0.031 0.069
0.279 0.224 0.372 0.125
0.561 0.325 0.091 0.024
0.83 0.101 0.014 0.056
0.842 0.102 0.027 0.029
0.261 0.552 0.132 0.054
0.332 0.392 0.113 0.163
0.096 0.7 0.079 0.124
0.014 0.959 0.014 0.013
0.032 0.883 0.048 0.037
0.027 0.925 0.034 0.014
0.048 0.609 0.149 0.194
0.1 0.354 0.153 0.392
0.261 0.703 0.024 0.012
0.015 0.952 0.017 0.017
0.09 0.763 0.132 0.015
0.213 0.049 0.419 0.319
0.139 0.381 0.042 0.439
0.573 0.262 0.051 0.114
0.269 0.616 0.086 0.028
0.048 0.87 0.069 0.013
0.03 0.867 0.02 0.082
0.095 0.772 0.065 0.067
0.478 0.227 0.259 0.036
0.083 0.73 0.075 0.112
0.069 0.485 0.325 0.121
0.038 0.909 0.043 0.01
0.034 0.81 0.102 0.053
0.075 0.825 0.036 0.063
0.556 0.113 0.287 0.045
0.438 0.04 0.501 0.021
0.222 0.029 0.58 0.169
0.847 0.023 0.071 0.059
0.903 0.05 0.031 0.016
0.927 0.026 0.034 0.013
0.809 0.047 0.117 0.027
0.69 0.076 0.203 0.031
0.923 0.03 0.023 0.025
0.678 0.22 0.038 0.064
0.946 0.024 0.017 0.013
0.725 0.03 0.238 0.007
0.966 0.009 0.016 0.008
0.501 0.03 0.458 0.011
0.849 0.028 0.1 0.024
0.959 0.011 0.019 0.01
0.782 0.036 0.162 0.02
0.951 0.019 0.016 0.014
0.884 0.067 0.035 0.014
0.885 0.049 0.026 0.04
0.891 0.021 0.076 0.012
0.914 0.012 0.062 0.011
0.93 0.019 0.013 0.037
0.62 0.238 0.095 0.047
0.329 0.051 0.591 0.029
0.297 0.041 0.628 0.034
0.453 0.069 0.451 0.027
0.509 0.143 0.213 0.135
0.738 0.012 0.238 0.013
0.836 0.07 0.061 0.033
0.366 0.01 0.616 0.009
0.437 0.01 0.542 0.012
0.308 0.012 0.67 0.01
0.368 0.016 0.605 0.011
0.358 0.03 0.578 0.034
0.369 0.009 0.604 0.018
0.372 0.01 0.611 0.007
0.273 0.084 0.587 0.056
0.531 0.019 0.436 0.013
0.235 0.027 0.728 0.01
0.342 0.008 0.642 0.008
0.214 0.715 0.035 0.035
0.377 0.01 0.603 0.01
0.476 0.011 0.506 0.008
0.338 0.01 0.639 0.014
0.384 0.009 0.598 0.009
0.375 0.008 0.607 0.01
0.887 0.03 0.023 0.06
0.076 0.809 0.076 0.04
0.014 0.763 0.012 0.21
0.01 0.966 0.01 0.014
0.759 0.095 0.099 0.047
0.016 0.889 0.017 0.078
0.019 0.876 0.023 0.081
0.012 0.855 0.01 0.122
0.087 0.713 0.026 0.174
0.027 0.909 0.046 0.019
0.014 0.872 0.026 0.089
0.076 0.663 0.082 0.179
0.007 0.958 0.011 0.024
0.058 0.894 0.035 0.013
0.033 0.921 0.017 0.029
0.017 0.025 0.203 0.755
0.422 0.23 0.026 0.322
0.376 0.038 0.31 0.276
0.027 0.185 0.013 0.774
0.011 0.09 0.102 0.797
0.028 0.347 0.21 0.415
0.016 0.025 0.114 0.845
0.019 0.025 0.013 0.943
0.016 0.322 0.076 0.586
0.015 0.031 0.264 0.69
0.018 0.032 0.204 0.747
0.011 0.01 0.123 0.856
0.031 0.272 0.056 0.641
0.013 0.014 0.388 0.585
0.01 0.029 0.197 0.764
0.042 0.251 0.043 0.664
0.062 0.091 0.026 0.822
0.034 0.024 0.113 0.828
0.023 0.02 0.098 0.859
0.029 0.058 0.02 0.893
0.023 0.16 0.162 0.654
0.009 0.017 0.042 0.932
0.01 0.081 0.185 0.723
0.01 0.042 0.21 0.738
0.016 0.02 0.013 0.951
0.055 0.048 0.022 0.875
0.036 0.104 0.185 0.676
0.038 0.018 0.139 0.805
0.015 0.626 0.016 0.343
0.015 0.025 0.013 0.947
0.018 0.016 0.036 0.93
0.042 0.261 0.028 0.669
0.012 0.012 0.012 0.964
0.024 0.031 0.072 0.874
0.03 0.024 0.018 0.928
0.014 0.028 0.038 0.92
0.012 0.014 0.013 0.96
0.01 0.169 0.009 0.812
0.008 0.341 0.009 0.641
0.012 0.011 0.007 0.97
0.008 0.01 0.008 0.973
0.012 0.014 0.011 0.963
0.013 0.015 0.011 0.961
0.021 0.024 0.014 0.942
0.013 0.02 0.009 0.958
0.018 0.023 0.012 0.946
0.117 0.074 0.056 0.753
0.012 0.015 0.054 0.919
0.054 0.016 0.01 0.921
0.028 0.073 0.009 0.89
0.011 0.126 0.017 0.845
0.027 0.28 0.013 0.68
0.013 0.087 0.01 0.889
0.016 0.019 0.013 0.952
0.088 0.027 0.015 0.87
0.019 0.042 0.009 0.931
0.01 0.011 0.011 0.968
0.01 0.011 0.011 0.968
0.01 0.011 0.011 0.968
0.014 0.06 0.015 0.911
0.009 0.011 0.014 0.966
0.016 0.814 0.016 0.155
0.011 0.011 0.009 0.969
0.107 0.217 0.471 0.205
0.021 0.017 0.016 0.946
0.02 0.036 0.012 0.932
0.024 0.015 0.035 0.926
0.028 0.032 0.157 0.783
0.011 0.012 0.011 0.965
0.031 0.042 0.228 0.699
0.011 0.012 0.012 0.965
0.445 0.331 0.016 0.208
0.097 0.177 0.412 0.313
0.101 0.136 0.035 0.729
0.114 0.067 0.522 0.297
0.044 0.799 0.054 0.104
0.064 0.449 0.11 0.377
0.131 0.631 0.176 0.062
0.236 0.62 0.09 0.053
0.078 0.635 0.196 0.091
0.124 0.473 0.099 0.303
0.072 0.063 0.214 0.651
0.045 0.879 0.054 0.022
0.347 0.59 0.05 0.012
0.95 0.018 0.019 0.013
0.839 0.072 0.013 0.075
0.707 0.252 0.03 0.012
0.073 0.499 0.029 0.399
0.953 0.011 0.021 0.014
0.671 0.013 0.305 0.011
0.626 0.171 0.184 0.02
0.946 0.027 0.013 0.014
0.792 0.175 0.017 0.017
0.816 0.106 0.056 0.023
0.477 0.068 0.446 0.01
0.014 0.954 0.014 0.017
