0.907 0.02 0.01 0.02 0.01 0.019 0.014
0.864 0.039 0.016 0.007 0.012 0.015 0.047
0.784 0.012 0.079 0.008 0.01 0.094 0.014
0.645 0.234 0.007 0.009 0.087 0.009 0.008
0.867 0.015 0.018 0.014 0.016 0.048 0.023
0.878 0.011 0.021 0.019 0.027 0.029 0.016
0.183 0.376 0.078 0.014 0.018 0.271 0.06
0.614 0.016 0.013 0.005 0.038 0.127 0.188
0.213 0.031 0.035 0.006 0.668 0.014 0.032
0.454 0.008 0.029 0.007 0.474 0.01 0.018
0.849 0.011 0.015 0.015 0.085 0.011 0.014
0.902 0.025 0.018 0.017 0.01 0.019 0.008
0.895 0.008 0.009 0.009 0.062 0.008 0.007
0.216 0.015 0.012 0.013 0.031 0.311 0.401
0.507 0.064 0.02 0.021 0.1 0.112 0.176
0.915 0.015 0.013 0.018 0.018 0.009 0.011
0.197 0.013 0.021 0.038 0.685 0.026 0.02
0.806 0.012 0.045 0.016 0.071 0.007 0.042
0.267 0.654 0.012 0.025 0.018 0.01 0.013
0.084 0.052 0.03 0.018 0.082 0.717 0.018
0.041 0.729 0.013 0.008 0.039 0.012 0.159
0.921 0.009 0.019 0.018 0.013 0.012 0.009
0.711 0.046 0.033 0.097 0.055 0.019 0.039
0.933 0.007 0.011 0.01 0.015 0.012 0.012
0.021 0.03 0.039 0.582 0.014 0.127 0.188
0.006 0.006 0.006 0.785 0.005 0.091 0.101
0.011 0.514 0.01 0.425 0.008 0.023 0.008
0.026 0.013 0.018 0.267 0.341 0.302 0.033
0.094 0.014 0.045 0.807 0.014 0.011 0.015
0.01 0.011 0.008 0.739 0.007 0.189 0.035
0.009 0.006 0.006 0.963 0.004 0.008 0.005
0.015 0.014 0.024 0.884 0.01 0.045 0.008
0.022 0.036 0.038 0.441 0.012 0.088 0.364
0.014 0.013 0.015 0.918 0.014 0.01 0.017
0.04 0.097 0.172 0.533 0.049 0.063 0.046
0.036 0.028 0.034 0.039 0.015 0.838 0.01
0.006 0.006 0.008 0.961 0.005 0.009 0.004
0.014 0.052 0.074 0.834 0.009 0.008 0.009
0.072 0.054 0.035 0.746 0.038 0.025 0.03
0.013 0.007 0.01 0.939 0.01 0.013 0.008
0.042 0.477 0.02 0.376 0.007 0.025 0.053
0.363 0.021 0.017 0.537 0.009 0.047 0.006
0.013 0.332 0.031 0.539 0.011 0.063 0.011
0.014 0.01 0.009 0.767 0.179 0.009 0.011
0.018 0.007 0.007 0.634 0.307 0.022 0.005
0.014 0.011 0.009 0.768 0.178 0.009 0.011
0.006 0.006 0.008 0.961 0.005 0.009 0.004
0.007 0.006 0.008 0.961 0.005 0.009 0.004
0.009 0.012 0.912 0.011 0.031 0.005 0.021
0.359 0.02 0.054 0.007 0.085 0.007 0.469
0.01 0.044 0.495 0.315 0.034 0.028 0.073
0.044 0.05 0.065 0.006 0.01 0.009 0.817
0.007 0.915 0.033 0.007 0.015 0.007 0.016
0.012 0.014 0.321 0.015 0.016 0.007 0.614
0.046 0.017 0.665 0.035 0.031 0.012 0.195
0.022 0.036 0.037 0.013 0.025 0.039 0.828
0.023 0.037 0.046 0.012 0.026 0.036 0.819
0.026 0.062 0.554 0.01 0.325 0.009 0.014
0.046 0.398 0.085 0.02 0.016 0.006 0.429
0.033 0.022 0.887 0.021 0.012 0.009 0.016
0.012 0.015 0.018 0.008 0.01 0.023 0.914
0.167 0.1 0.315 0.099 0.038 0.018 0.264
0.007 0.007 0.033 0.01 0.889 0.006 0.048
0.01 0.018 0.618 0.009 0.018 0.04 0.287
0.009 0.033 0.52 0.008 0.011 0.175 0.242
0.01 0.945 0.011 0.008 0.01 0.006 0.009
0.015 0.929 0.027 0.006 0.007 0.006 0.01
0.005 0.961 0.008 0.007 0.007 0.005 0.007
0.006 0.957 0.009 0.007 0.009 0.006 0.006
0.013 0.032 0.835 0.006 0.011 0.007 0.096
0.011 0.014 0.81 0.013 0.039 0.011 0.103
0.096 0.468 0.369 0.009 0.035 0.009 0.014
0.127 0.017 0.032 0.027 0.016 0.466 0.314
0.163 0.011 0.035 0.028 0.036 0.709 0.017
0.081 0.018 0.093 0.051 0.544 0.152 0.061
0.016 0.01 0.034 0.012 0.891 0.024 0.014
0.056 0.039 0.77 0.006 0.035 0.017 0.077
0.339 0.216 0.313 0.071 0.016 0.018 0.027
0.168 0.416 0.292 0.017 0.03 0.029 0.048
0.085 0.5 0.34 0.022 0.015 0.019 0.018
0.552 0.043 0.292 0.021 0.027 0.04 0.025
0.202 0.029 0.06 0.016 0.453 0.235 0.005
0.13 0.019 0.016 0.007 0.012 0.8 0.015
0.262 0.033 0.078 0.043 0.042 0.531 0.011
0.645 0.174 0.054 0.018 0.044 0.056 0.008
0.063 0.021 0.719 0.143 0.02 0.022 0.013
0.051 0.016 0.557 0.287 0.038 0.034 0.017
0.282 0.019 0.363 0.016 0.18 0.131 0.008
0.071 0.021 0.408 0.021 0.355 0.074 0.05
0.031 0.58 0.254 0.06 0.01 0.042 0.024
0.603 0.016 0.045 0.018 0.275 0.036 0.006
0.038 0.021 0.587 0.008 0.286 0.05 0.009
0.029 0.025 0.211 0.011 0.151 0.539 0.034
0.571 0.054 0.199 0.009 0.093 0.064 0.01
0.799 0.022 0.016 0.009 0.134 0.012 0.009
0.753 0.061 0.065 0.017 0.077 0.016 0.012
0.01 0.013 0.851 0.012 0.021 0.081 0.011
0.03 0.054 0.744 0.027 0.022 0.101 0.021
0.017 0.031 0.901 0.017 0.007 0.013 0.014
0.01 0.041 0.91 0.008 0.011 0.01 0.012
0.009 0.911 0.015 0.012 0.01 0.033 0.01
0.013 0.156 0.754 0.019 0.01 0.036 0.012
0.013 0.028 0.778 0.149 0.009 0.009 0.012
0.02 0.164 0.744 0.021 0.016 0.014 0.021
0.401 0.28 0.261 0.016 0.017 0.014 0.01
0.011 0.135 0.785 0.011 0.026 0.017 0.015
0.03 0.023 0.861 0.028 0.012 0.032 0.013
0.07 0.057 0.063 0.36 0.046 0.096 0.309
0.022 0.019 0.035 0.016 0.885 0.014 0.01
0.073 0.137 0.538 0.012 0.019 0.168 0.052
0.079 0.073 0.714 0.075 0.02 0.027 0.011
0.025 0.837 0.051 0.043 0.011 0.024 0.009
0.019 0.083 0.482 0.014 0.365 0.023 0.013
0.056 0.157 0.71 0.023 0.011 0.013 0.03
0.034 0.018 0.546 0.01 0.022 0.348 0.022
0.062 0.371 0.426 0.056 0.043 0.022 0.019
0.019 0.035 0.415 0.067 0.043 0.28 0.141
0.031 0.044 0.862 0.023 0.014 0.019 0.007
0.027 0.104 0.274 0.038 0.514 0.032 0.01
0.034 0.024 0.701 0.018 0.202 0.01 0.01
0.037 0.037 0.313 0.034 0.034 0.454 0.092
0.087 0.057 0.096 0.215 0.021 0.508 0.015
0.056 0.015 0.032 0.351 0.015 0.178 0.353
0.246 0.031 0.05 0.052 0.039 0.427 0.154
0.907 0.013 0.017 0.012 0.01 0.01 0.029
0.848 0.012 0.016 0.011 0.009 0.093 0.012
0.219 0.07 0.043 0.021 0.013 0.527 0.107
0.373 0.014 0.364 0.05 0.018 0.154 0.027
0.81 0.029 0.015 0.016 0.087 0.035 0.007
0.103 0.021 0.789 0.012 0.023 0.034 0.018
0.897 0.009 0.017 0.009 0.012 0.033 0.023
0.087 0.012 0.027 0.011 0.01 0.837 0.017
0.938 0.006 0.007 0.007 0.009 0.027 0.006
0.039 0.015 0.12 0.02 0.009 0.783 0.014
0.531 0.021 0.062 0.055 0.02 0.286 0.024
0.829 0.009 0.014 0.011 0.01 0.116 0.01
0.891 0.011 0.025 0.04 0.009 0.01 0.014
0.877 0.013 0.021 0.014 0.008 0.052 0.015
0.915 0.01 0.027 0.016 0.009 0.009 0.013
0.852 0.012 0.017 0.012 0.087 0.012 0.007
0.585 0.01 0.065 0.015 0.012 0.303 0.012
0.23 0.012 0.016 0.015 0.009 0.707 0.013
0.686 0.021 0.016 0.007 0.063 0.163 0.045
0.314 0.335 0.026 0.014 0.152 0.143 0.016
0.008 0.034 0.017 0.006 0.014 0.906 0.013
0.066 0.032 0.061 0.117 0.035 0.676 0.013
0.097 0.027 0.027 0.01 0.201 0.628 0.009
0.216 0.112 0.088 0.035 0.111 0.394 0.045
0.244 0.017 0.013 0.012 0.009 0.693 0.011
0.439 0.085 0.109 0.017 0.037 0.293 0.021
0.011 0.008 0.007 0.008 0.006 0.952 0.007
0.055 0.01 0.014 0.008 0.009 0.894 0.011
0.278 0.014 0.013 0.107 0.009 0.566 0.013
0.018 0.008 0.009 0.01 0.009 0.938 0.007
0.022 0.015 0.04 0.016 0.202 0.697 0.007
0.014 0.014 0.007 0.011 0.007 0.926 0.021
0.006 0.006 0.006 0.007 0.005 0.965 0.005
0.047 0.062 0.058 0.095 0.033 0.671 0.035
0.026 0.012 0.013 0.008 0.007 0.922 0.012
0.018 0.015 0.084 0.218 0.009 0.649 0.008
0.007 0.006 0.006 0.01 0.006 0.959 0.006
0.142 0.521 0.198 0.011 0.023 0.081 0.023
0.009 0.006 0.006 0.006 0.007 0.96 0.006
0.015 0.008 0.011 0.009 0.006 0.945 0.006
0.009 0.011 0.01 0.021 0.01 0.926 0.013
0.011 0.008 0.008 0.008 0.007 0.949 0.008
0.007 0.005 0.006 0.006 0.006 0.964 0.006
0.751 0.045 0.026 0.007 0.042 0.101 0.028
0.021 0.019 0.864 0.009 0.014 0.057 0.018
0.012 0.019 0.711 0.008 0.19 0.006 0.054
0.007 0.014 0.945 0.007 0.01 0.008 0.01
0.581 0.018 0.202 0.102 0.022 0.04 0.035
0.016 0.484 0.381 0.014 0.023 0.008 0.075
0.015 0.007 0.852 0.008 0.1 0.006 0.011
0.008 0.028 0.849 0.006 0.029 0.006 0.075
0.035 0.016 0.586 0.01 0.317 0.015 0.02
0.015 0.009 0.888 0.041 0.015 0.018 0.014
0.009 0.009 0.709 0.018 0.224 0.008 0.023
0.031 0.01 0.831 0.035 0.061 0.01 0.022
0.006 0.011 0.915 0.012 0.029 0.006 0.021
0.011 0.875 0.075 0.006 0.011 0.01 0.013
0.057 0.083 0.496 0.006 0.011 0.047 0.3
0.024 0.048 0.098 0.343 0.06 0.01 0.417
0.315 0.013 0.016 0.01 0.014 0.017 0.615
0.417 0.022 0.048 0.257 0.025 0.023 0.208
0.028 0.013 0.108 0.012 0.096 0.009 0.735
0.019 0.032 0.256 0.07 0.046 0.006 0.572
0.013 0.527 0.031 0.172 0.082 0.03 0.144
0.021 0.427 0.023 0.019 0.437 0.009 0.064
0.017 0.037 0.016 0.007 0.889 0.009 0.024
0.009 0.755 0.016 0.015 0.115 0.01 0.079
0.02 0.025 0.028 0.483 0.035 0.008 0.401
0.02 0.6 0.022 0.133 0.02 0.009 0.196
0.019 0.009 0.021 0.265 0.439 0.006 0.242
0.02 0.049 0.016 0.011 0.879 0.014 0.011
0.027 0.021 0.022 0.61 0.124 0.016 0.18
0.01 0.01 0.028 0.287 0.01 0.005 0.649
0.026 0.023 0.203 0.02 0.686 0.011 0.031
0.026 0.037 0.011 0.007 0.891 0.019 0.009
0.02 0.352 0.029 0.057 0.103 0.037 0.401
0.04 0.007 0.03 0.199 0.021 0.008 0.695
0.044 0.018 0.083 0.01 0.769 0.008 0.067
0.012 0.02 0.134 0.232 0.559 0.012 0.031
0.01 0.015 0.011 0.035 0.889 0.007 0.034
0.006 0.034 0.01 0.284 0.64 0.009 0.016
0.01 0.058 0.035 0.353 0.018 0.007 0.519
0.034 0.013 0.033 0.01 0.686 0.008 0.215
0.038 0.04 0.17 0.015 0.039 0.017 0.681
0.011 0.489 0.012 0.013 0.012 0.093 0.369
0.009 0.016 0.009 0.014 0.025 0.189 0.738
0.023 0.358 0.244 0.013 0.055 0.009 0.298
0.009 0.012 0.061 0.006 0.828 0.025 0.058
0.013 0.022 0.01 0.012 0.345 0.055 0.544
0.01 0.435 0.009 0.008 0.512 0.012 0.015
0.007 0.007 0.009 0.006 0.954 0.007 0.01
0.009 0.021 0.014 0.015 0.011 0.07 0.86
0.042 0.011 0.025 0.014 0.017 0.007 0.885
0.01 0.063 0.03 0.013 0.043 0.024 0.816
0.009 0.016 0.012 0.008 0.427 0.021 0.508
0.012 0.202 0.06 0.007 0.028 0.006 0.685
0.008 0.363 0.174 0.009 0.036 0.007 0.402
0.012 0.007 0.012 0.005 0.916 0.005 0.044
0.006 0.007 0.008 0.005 0.945 0.006 0.022
0.02 0.019 0.014 0.01 0.797 0.009 0.132
0.023 0.018 0.016 0.01 0.888 0.006 0.039
0.019 0.031 0.017 0.007 0.893 0.016 0.017
0.012 0.041 0.023 0.007 0.739 0.01 0.169
0.008 0.012 0.066 0.006 0.844 0.013 0.05
0.044 0.093 0.102 0.028 0.017 0.048 0.667
0.016 0.012 0.019 0.036 0.035 0.006 0.876
0.008 0.006 0.012 0.005 0.007 0.014 0.946
0.016 0.188 0.021 0.005 0.029 0.019 0.723
0.008 0.241 0.022 0.009 0.046 0.021 0.653
0.032 0.645 0.035 0.008 0.101 0.01 0.17
0.013 0.061 0.294 0.008 0.111 0.009 0.505
0.022 0.035 0.026 0.01 0.825 0.009 0.073
0.026 0.029 0.013 0.011 0.879 0.019 0.023
0.022 0.058 0.079 0.006 0.794 0.006 0.035
0.009 0.01 0.008 0.006 0.018 0.007 0.942
0.009 0.01 0.009 0.006 0.017 0.007 0.942
0.009 0.01 0.009 0.006 0.018 0.007 0.942
0.008 0.016 0.025 0.006 0.014 0.013 0.916
0.008 0.008 0.009 0.008 0.323 0.013 0.631
0.01 0.752 0.008 0.006 0.014 0.01 0.2
0.009 0.013 0.012 0.007 0.617 0.031 0.31
0.095 0.407 0.084 0.252 0.029 0.041 0.091
0.016 0.013 0.016 0.009 0.918 0.009 0.018
0.019 0.038 0.103 0.007 0.719 0.015 0.097
0.015 0.019 0.015 0.011 0.024 0.039 0.877
0.033 0.493 0.072 0.044 0.033 0.039 0.286
0.007 0.007 0.009 0.005 0.01 0.008 0.953
0.069 0.04 0.075 0.256 0.391 0.01 0.158
0.007 0.007 0.009 0.005 0.01 0.008 0.952
0.561 0.017 0.042 0.01 0.314 0.008 0.048
0.045 0.014 0.034 0.02 0.068 0.194 0.626
0.023 0.027 0.092 0.008 0.813 0.024 0.013
0.019 0.023 0.018 0.023 0.572 0.304 0.041
0.025 0.053 0.369 0.023 0.491 0.029 0.01
0.018 0.034 0.087 0.046 0.786 0.018 0.011
0.14 0.046 0.296 0.143 0.336 0.026 0.014
0.47 0.111 0.259 0.042 0.012 0.01 0.095
0.035 0.3 0.152 0.011 0.064 0.305 0.133
0.054 0.048 0.067 0.026 0.727 0.054 0.025
0.01 0.017 0.012 0.009 0.619 0.292 0.04
0.011 0.882 0.054 0.011 0.017 0.015 0.01
0.191 0.678 0.047 0.015 0.012 0.049 0.008
0.876 0.013 0.029 0.008 0.011 0.055 0.008
0.821 0.011 0.02 0.009 0.116 0.012 0.01
0.736 0.206 0.015 0.013 0.011 0.008 0.01
0.033 0.048 0.049 0.013 0.83 0.013 0.014
0.938 0.008 0.009 0.011 0.007 0.019 0.009
0.191 0.013 0.022 0.009 0.012 0.739 0.013
0.305 0.267 0.014 0.011 0.014 0.366 0.022
0.908 0.011 0.013 0.011 0.006 0.037 0.014
0.865 0.023 0.038 0.016 0.038 0.012 0.008
0.7 0.039 0.011 0.006 0.013 0.201 0.031
0.049 0.195 0.008 0.01 0.009 0.722 0.008
0.032 0.054 0.805 0.015 0.076 0.008 0.01
