0.957 0.022 0.022
0.65 0.255 0.095
0.896 0.035 0.069
0.203 0.299 0.497
0.846 0.128 0.027
0.688 0.237 0.074
0.562 0.393 0.045
0.491 0.469 0.041
0.044 0.673 0.283
0.195 0.649 0.156
0.613 0.34 0.047
0.955 0.023 0.022
0.514 0.416 0.071
0.596 0.383 0.021
0.455 0.52 0.025
0.793 0.183 0.025
0.196 0.778 0.025
0.234 0.67 0.096
0.2 0.146 0.654
0.732 0.155 0.113
0.032 0.47 0.498
0.908 0.039 0.053
0.701 0.242 0.058
0.771 0.204 0.026
0.883 0.039 0.078
0.955 0.021 0.024
0.449 0.015 0.536
0.683 0.081 0.236
0.916 0.039 0.045
0.922 0.024 0.054
0.965 0.018 0.017
0.943 0.031 0.026
0.709 0.08 0.211
0.905 0.061 0.034
0.593 0.09 0.317
0.913 0.02 0.068
0.967 0.013 0.02
0.679 0.035 0.286
0.94 0.042 0.017
0.924 0.054 0.022
0.544 0.217 0.238
0.827 0.016 0.158
0.671 0.022 0.307
0.686 0.259 0.055
0.816 0.137 0.047
0.691 0.255 0.055
0.966 0.014 0.02
0.967 0.013 0.02
0.016 0.114 0.87
0.018 0.29 0.692
0.356 0.405 0.239
0.018 0.095 0.887
0.013 0.04 0.947
0.019 0.203 0.778
0.231 0.491 0.277
0.033 0.09 0.877
0.029 0.082 0.889
0.037 0.154 0.809
0.024 0.087 0.889
0.064 0.038 0.898
0.085 0.397 0.518
0.307 0.42 0.273
0.017 0.896 0.087
0.034 0.126 0.84
0.083 0.087 0.83
0.016 0.025 0.959
0.016 0.019 0.966
0.013 0.018 0.969
0.015 0.022 0.963
0.047 0.599 0.354
0.097 0.386 0.516
0.024 0.026 0.95
0.819 0.082 0.099
0.906 0.027 0.067
0.226 0.378 0.397
0.07 0.678 0.253
0.048 0.894 0.057
0.709 0.07 0.222
0.055 0.059 0.885
0.035 0.019 0.946
0.067 0.022 0.911
0.098 0.028 0.874
0.893 0.032 0.075
0.924 0.026 0.05
0.163 0.026 0.811
0.464 0.129 0.407
0.766 0.066 0.169
0.059 0.018 0.923
0.257 0.601 0.142
0.083 0.028 0.889
0.306 0.077 0.617
0.041 0.04 0.919
0.345 0.124 0.53
0.054 0.017 0.928
0.068 0.06 0.872
0.224 0.035 0.742
0.328 0.089 0.583
0.5 0.369 0.131
0.149 0.677 0.174
0.024 0.026 0.95
0.085 0.071 0.844
0.085 0.032 0.883
0.188 0.612 0.2
0.13 0.725 0.144
0.059 0.019 0.923
0.023 0.023 0.954
0.214 0.029 0.757
0.558 0.396 0.047
0.03 0.24 0.729
0.437 0.383 0.18
0.323 0.098 0.579
0.079 0.025 0.896
0.027 0.068 0.905
0.123 0.276 0.601
0.764 0.051 0.185
0.166 0.364 0.47
0.296 0.313 0.391
0.039 0.015 0.946
0.042 0.042 0.916
0.03 0.049 0.921
0.781 0.07 0.15
0.916 0.033 0.051
0.795 0.17 0.036
0.86 0.1 0.041
0.856 0.046 0.099
0.782 0.028 0.189
0.904 0.048 0.048
0.905 0.053 0.042
0.727 0.07 0.203
0.596 0.219 0.185
0.602 0.026 0.373
0.946 0.011 0.043
0.962 0.016 0.022
0.951 0.019 0.03
0.936 0.032 0.032
0.962 0.02 0.018
0.861 0.059 0.08
0.909 0.037 0.054
0.829 0.035 0.136
0.623 0.106 0.27
0.939 0.022 0.039
0.965 0.016 0.019
0.717 0.146 0.137
0.374 0.052 0.574
0.82 0.056 0.124
0.863 0.053 0.085
0.719 0.05 0.231
0.536 0.211 0.253
0.964 0.017 0.019
0.678 0.085 0.236
0.968 0.015 0.017
0.971 0.015 0.014
0.966 0.015 0.019
0.95 0.022 0.028
0.818 0.08 0.102
0.947 0.035 0.018
0.968 0.014 0.018
0.811 0.096 0.093
0.952 0.02 0.028
0.946 0.019 0.035
0.971 0.015 0.015
0.165 0.067 0.768
0.962 0.018 0.02
0.972 0.012 0.015
0.964 0.019 0.016
0.967 0.016 0.017
0.969 0.015 0.016
0.719 0.116 0.164
0.196 0.092 0.712
0.017 0.282 0.701
0.017 0.032 0.951
0.694 0.101 0.205
0.019 0.121 0.86
0.028 0.17 0.802
0.018 0.425 0.557
0.042 0.123 0.836
0.085 0.039 0.876
0.028 0.07 0.901
0.22 0.472 0.308
0.013 0.049 0.937
0.019 0.022 0.959
0.027 0.048 0.925
0.03 0.95 0.02
0.118 0.607 0.275
0.523 0.442 0.036
0.018 0.843 0.138
0.017 0.949 0.034
0.078 0.458 0.464
0.026 0.942 0.032
0.023 0.92 0.057
0.019 0.431 0.551
0.033 0.931 0.036
0.037 0.928 0.035
0.019 0.967 0.014
0.034 0.543 0.424
0.11 0.867 0.023
0.02 0.946 0.034
0.034 0.523 0.443
0.052 0.739 0.21
0.052 0.893 0.056
0.032 0.943 0.025
0.027 0.915 0.058
0.041 0.756 0.203
0.016 0.955 0.029
0.039 0.851 0.11
0.025 0.949 0.026
0.017 0.958 0.024
0.075 0.886 0.039
0.107 0.73 0.163
0.123 0.848 0.029
0.022 0.353 0.625
0.025 0.939 0.036
0.045 0.924 0.031
0.038 0.421 0.542
0.02 0.95 0.029
0.06 0.905 0.035
0.03 0.937 0.033
0.035 0.908 0.057
0.021 0.956 0.023
0.013 0.865 0.121
0.012 0.721 0.267
0.014 0.964 0.022
0.014 0.96 0.026
0.021 0.95 0.029
0.016 0.96 0.025
0.025 0.923 0.052
0.018 0.938 0.045
0.027 0.917 0.056
0.132 0.802 0.066
0.031 0.951 0.018
0.037 0.941 0.022
0.022 0.863 0.115
0.021 0.799 0.181
0.021 0.644 0.335
0.016 0.902 0.082
0.021 0.947 0.032
0.055 0.876 0.068
0.013 0.94 0.047
0.02 0.962 0.018
0.019 0.962 0.018
0.02 0.962 0.019
0.029 0.908 0.064
0.019 0.96 0.02
0.019 0.155 0.826
0.017 0.964 0.018
0.628 0.284 0.088
0.026 0.944 0.03
0.027 0.93 0.043
0.052 0.925 0.023
0.075 0.902 0.023
0.021 0.96 0.019
0.127 0.841 0.031
0.021 0.96 0.019
0.04 0.091 0.869
0.326 0.313 0.361
0.074 0.782 0.145
0.277 0.385 0.337
0.044 0.073 0.883
0.038 0.152 0.81
0.221 0.064 0.715
0.093 0.124 0.783
0.089 0.116 0.796
0.038 0.1 0.863
0.12 0.677 0.202
0.025 0.031 0.944
0.081 0.016 0.903
0.907 0.041 0.052
0.364 0.148 0.488
0.426 0.017 0.558
0.036 0.254 0.71
0.94 0.037 0.023
0.961 0.017 0.022
0.394 0.024 0.583
0.816 0.042 0.142
0.08 0.022 0.898
0.316 0.035 0.649
0.786 0.015 0.199
0.018 0.029 0.952
