0.012 0.008 0.012 0.929 0.012 0.011 0.017
0.019 0.014 0.006 0.928 0.009 0.013 0.011
0.012 0.042 0.007 0.861 0.033 0.013 0.032
0.206 0.006 0.01 0.518 0.223 0.029 0.008
0.015 0.015 0.009 0.867 0.038 0.012 0.042
0.012 0.013 0.015 0.719 0.194 0.022 0.026
0.519 0.03 0.011 0.222 0.02 0.019 0.18
0.009 0.015 0.005 0.765 0.01 0.061 0.134
0.019 0.029 0.006 0.208 0.374 0.357 0.007
0.008 0.022 0.007 0.382 0.39 0.18 0.01
0.009 0.01 0.009 0.863 0.065 0.036 0.008
0.016 0.01 0.009 0.931 0.009 0.007 0.016
0.008 0.007 0.009 0.77 0.174 0.025 0.007
0.019 0.018 0.011 0.351 0.023 0.172 0.406
0.041 0.011 0.016 0.783 0.014 0.096 0.039
0.015 0.008 0.013 0.935 0.011 0.011 0.007
0.013 0.013 0.028 0.428 0.035 0.46 0.024
0.012 0.032 0.018 0.718 0.058 0.155 0.007
0.209 0.01 0.015 0.695 0.055 0.01 0.007
0.025 0.021 0.015 0.068 0.081 0.037 0.752
0.297 0.015 0.007 0.542 0.049 0.082 0.008
0.007 0.02 0.02 0.907 0.025 0.009 0.012
0.025 0.018 0.064 0.833 0.02 0.022 0.018
0.007 0.008 0.008 0.948 0.009 0.012 0.008
0.02 0.041 0.626 0.024 0.053 0.035 0.201
0.007 0.017 0.821 0.007 0.006 0.009 0.133
0.427 0.009 0.45 0.011 0.062 0.009 0.032
0.01 0.072 0.337 0.035 0.188 0.095 0.264
0.019 0.03 0.796 0.107 0.017 0.022 0.009
0.009 0.01 0.788 0.007 0.012 0.01 0.164
0.005 0.006 0.963 0.01 0.005 0.004 0.007
0.015 0.012 0.877 0.012 0.014 0.009 0.06
0.01 0.15 0.441 0.023 0.054 0.076 0.246
0.011 0.012 0.924 0.015 0.013 0.015 0.01
0.024 0.299 0.508 0.04 0.036 0.047 0.046
0.018 0.025 0.045 0.034 0.068 0.011 0.799
0.006 0.007 0.961 0.007 0.007 0.004 0.009
0.015 0.093 0.791 0.013 0.072 0.007 0.007
0.058 0.017 0.715 0.092 0.011 0.077 0.029
0.007 0.008 0.947 0.013 0.008 0.007 0.01
0.351 0.038 0.359 0.18 0.027 0.018 0.028
0.01 0.012 0.53 0.066 0.327 0.006 0.05
0.29 0.016 0.553 0.015 0.017 0.013 0.098
0.011 0.009 0.829 0.014 0.063 0.066 0.008
0.011 0.007 0.663 0.014 0.259 0.021 0.026
0.011 0.009 0.83 0.014 0.062 0.065 0.008
0.006 0.007 0.961 0.006 0.007 0.004 0.009
0.006 0.006 0.961 0.006 0.007 0.004 0.009
0.014 0.915 0.011 0.007 0.014 0.033 0.005
0.011 0.033 0.005 0.02 0.368 0.557 0.005
0.045 0.565 0.32 0.012 0.018 0.02 0.02
0.032 0.895 0.005 0.018 0.008 0.033 0.008
0.885 0.055 0.008 0.008 0.014 0.022 0.008
0.016 0.883 0.009 0.008 0.01 0.067 0.007
0.017 0.7 0.034 0.145 0.02 0.072 0.013
0.016 0.857 0.006 0.01 0.015 0.041 0.054
0.015 0.869 0.006 0.01 0.015 0.038 0.049
0.036 0.77 0.009 0.02 0.062 0.094 0.009
0.216 0.636 0.02 0.038 0.018 0.067 0.005
0.015 0.903 0.02 0.023 0.019 0.01 0.009
0.042 0.579 0.009 0.01 0.01 0.197 0.154
0.112 0.28 0.078 0.308 0.02 0.185 0.016
0.011 0.04 0.012 0.008 0.041 0.881 0.009
0.014 0.89 0.007 0.008 0.01 0.032 0.04
0.034 0.709 0.008 0.008 0.019 0.019 0.204
0.912 0.028 0.009 0.013 0.018 0.011 0.008
0.898 0.056 0.006 0.013 0.011 0.01 0.006
0.961 0.01 0.007 0.005 0.006 0.007 0.005
0.961 0.01 0.006 0.005 0.006 0.006 0.005
0.054 0.859 0.005 0.014 0.006 0.055 0.007
0.015 0.878 0.013 0.014 0.016 0.054 0.01
0.328 0.534 0.009 0.064 0.046 0.011 0.008
0.012 0.053 0.024 0.139 0.201 0.081 0.49
0.007 0.01 0.011 0.058 0.812 0.016 0.086
0.013 0.022 0.033 0.026 0.74 0.119 0.047
0.009 0.028 0.01 0.014 0.788 0.126 0.025
0.158 0.475 0.006 0.082 0.053 0.205 0.021
0.146 0.179 0.047 0.578 0.024 0.011 0.016
0.032 0.507 0.014 0.127 0.219 0.09 0.01
0.117 0.653 0.018 0.043 0.137 0.015 0.016
0.016 0.212 0.012 0.05 0.678 0.011 0.021
0.007 0.005 0.006 0.006 0.964 0.005 0.006
0.011 0.009 0.008 0.06 0.693 0.009 0.21
0.022 0.028 0.023 0.152 0.673 0.029 0.073
0.03 0.01 0.011 0.016 0.894 0.01 0.029
0.039 0.376 0.169 0.285 0.094 0.019 0.018
0.016 0.263 0.306 0.233 0.122 0.031 0.028
0.007 0.011 0.008 0.008 0.952 0.006 0.009
0.013 0.086 0.023 0.048 0.212 0.557 0.062
0.448 0.306 0.06 0.033 0.096 0.011 0.046
0.008 0.012 0.01 0.022 0.923 0.015 0.01
0.01 0.041 0.007 0.007 0.911 0.013 0.012
0.015 0.078 0.011 0.014 0.272 0.071 0.539
0.013 0.012 0.007 0.011 0.938 0.006 0.013
0.021 0.019 0.008 0.089 0.831 0.021 0.011
0.016 0.012 0.016 0.033 0.899 0.012 0.012
0.034 0.452 0.018 0.01 0.268 0.033 0.186
0.177 0.374 0.026 0.043 0.083 0.106 0.192
0.175 0.693 0.022 0.069 0.012 0.014 0.016
0.019 0.841 0.009 0.011 0.096 0.011 0.013
0.892 0.014 0.012 0.012 0.012 0.014 0.046
0.056 0.754 0.02 0.024 0.078 0.011 0.056
0.159 0.595 0.168 0.026 0.019 0.022 0.011
0.38 0.474 0.034 0.048 0.033 0.014 0.017
0.028 0.062 0.012 0.026 0.851 0.012 0.009
0.041 0.76 0.011 0.011 0.14 0.02 0.017
0.025 0.705 0.039 0.078 0.118 0.008 0.026
0.029 0.027 0.299 0.177 0.052 0.38 0.037
0.017 0.015 0.011 0.011 0.904 0.033 0.009
0.228 0.179 0.012 0.131 0.317 0.069 0.064
0.162 0.412 0.071 0.14 0.176 0.012 0.026
0.79 0.04 0.053 0.031 0.051 0.009 0.026
0.024 0.239 0.011 0.013 0.653 0.038 0.021
0.041 0.723 0.026 0.1 0.063 0.032 0.015
0.039 0.117 0.01 0.061 0.166 0.039 0.568
0.43 0.291 0.07 0.1 0.033 0.054 0.022
0.027 0.547 0.076 0.023 0.037 0.04 0.25
0.039 0.546 0.027 0.028 0.332 0.011 0.017
0.029 0.021 0.019 0.009 0.895 0.019 0.009
0.019 0.128 0.014 0.017 0.798 0.015 0.01
0.015 0.118 0.031 0.014 0.146 0.063 0.612
0.048 0.035 0.211 0.025 0.109 0.015 0.557
0.012 0.04 0.351 0.03 0.022 0.121 0.424
0.02 0.03 0.036 0.255 0.355 0.162 0.143
0.009 0.029 0.01 0.921 0.014 0.007 0.01
0.011 0.046 0.014 0.538 0.254 0.011 0.126
0.031 0.041 0.017 0.401 0.029 0.039 0.441
0.017 0.132 0.032 0.52 0.027 0.025 0.247
0.031 0.018 0.018 0.514 0.346 0.019 0.054
0.094 0.535 0.015 0.131 0.076 0.053 0.097
0.007 0.013 0.015 0.164 0.707 0.013 0.083
0.013 0.04 0.011 0.049 0.114 0.005 0.768
0.005 0.006 0.006 0.935 0.01 0.007 0.03
0.014 0.045 0.022 0.05 0.017 0.011 0.842
0.015 0.065 0.046 0.608 0.022 0.022 0.222
0.007 0.01 0.009 0.909 0.01 0.008 0.047
0.009 0.029 0.037 0.881 0.019 0.014 0.011
0.014 0.023 0.012 0.885 0.014 0.009 0.043
0.008 0.041 0.018 0.899 0.016 0.009 0.009
0.02 0.021 0.018 0.458 0.448 0.015 0.019
0.01 0.049 0.019 0.278 0.214 0.013 0.417
0.011 0.014 0.014 0.255 0.036 0.012 0.659
0.037 0.016 0.007 0.36 0.479 0.034 0.067
0.324 0.03 0.016 0.194 0.197 0.044 0.195
0.032 0.017 0.006 0.007 0.029 0.011 0.898
0.051 0.033 0.105 0.114 0.092 0.014 0.59
0.021 0.024 0.01 0.048 0.29 0.027 0.579
0.101 0.05 0.033 0.21 0.165 0.042 0.399
0.012 0.011 0.011 0.246 0.013 0.01 0.698
0.037 0.058 0.02 0.195 0.382 0.027 0.281
0.007 0.006 0.007 0.01 0.007 0.006 0.956
0.012 0.01 0.008 0.081 0.017 0.012 0.86
0.014 0.01 0.112 0.303 0.016 0.007 0.539
0.008 0.011 0.015 0.022 0.024 0.008 0.911
0.017 0.023 0.019 0.019 0.19 0.036 0.696
0.011 0.006 0.009 0.022 0.008 0.017 0.926
0.006 0.005 0.006 0.005 0.007 0.004 0.967
0.061 0.043 0.082 0.051 0.035 0.026 0.701
0.012 0.013 0.007 0.034 0.01 0.008 0.917
0.013 0.05 0.227 0.016 0.034 0.007 0.653
0.005 0.006 0.01 0.007 0.006 0.006 0.959
0.324 0.245 0.011 0.25 0.067 0.045 0.058
0.006 0.007 0.006 0.01 0.015 0.005 0.952
0.006 0.009 0.008 0.02 0.007 0.006 0.943
0.009 0.009 0.023 0.011 0.018 0.013 0.916
0.007 0.007 0.008 0.012 0.01 0.006 0.951
0.005 0.005 0.005 0.007 0.009 0.006 0.963
0.052 0.023 0.007 0.251 0.513 0.055 0.099
0.031 0.759 0.01 0.043 0.047 0.014 0.096
0.009 0.668 0.008 0.01 0.052 0.246 0.006
0.007 0.937 0.006 0.006 0.028 0.009 0.008
0.019 0.182 0.072 0.196 0.432 0.049 0.05
0.034 0.584 0.016 0.014 0.112 0.231 0.01
0.007 0.866 0.008 0.013 0.052 0.047 0.006
0.022 0.861 0.006 0.009 0.016 0.08 0.005
0.017 0.579 0.011 0.033 0.199 0.143 0.017
0.011 0.863 0.054 0.018 0.021 0.012 0.022
0.008 0.796 0.018 0.007 0.056 0.105 0.01
0.015 0.801 0.041 0.069 0.015 0.048 0.01
0.009 0.95 0.01 0.005 0.009 0.012 0.005
0.403 0.321 0.006 0.182 0.065 0.013 0.01
0.017 0.853 0.006 0.012 0.049 0.026 0.037
0.111 0.041 0.326 0.065 0.012 0.437 0.009
0.014 0.207 0.01 0.669 0.008 0.082 0.01
0.014 0.025 0.181 0.615 0.019 0.135 0.011
0.016 0.307 0.01 0.098 0.011 0.552 0.006
0.063 0.169 0.072 0.049 0.011 0.63 0.005
0.598 0.034 0.192 0.016 0.032 0.07 0.058
0.865 0.016 0.014 0.039 0.012 0.044 0.009
0.349 0.017 0.007 0.027 0.081 0.508 0.011
0.927 0.013 0.01 0.006 0.026 0.011 0.007
0.022 0.033 0.504 0.022 0.012 0.399 0.007
0.788 0.015 0.12 0.032 0.009 0.029 0.007
0.011 0.011 0.262 0.012 0.008 0.691 0.006
0.795 0.025 0.012 0.013 0.131 0.015 0.01
0.11 0.018 0.637 0.052 0.017 0.151 0.015
0.03 0.041 0.369 0.025 0.012 0.517 0.006
0.141 0.16 0.015 0.019 0.248 0.409 0.009
0.587 0.013 0.008 0.026 0.225 0.131 0.01
0.687 0.014 0.035 0.021 0.075 0.148 0.019
0.007 0.024 0.197 0.037 0.009 0.72 0.007
0.025 0.086 0.018 0.05 0.045 0.766 0.01
0.039 0.328 0.281 0.012 0.165 0.164 0.01
0.11 0.02 0.137 0.011 0.042 0.673 0.007
0.577 0.017 0.298 0.007 0.047 0.044 0.009
0.148 0.06 0.386 0.013 0.007 0.378 0.007
0.012 0.02 0.009 0.026 0.015 0.908 0.009
0.021 0.092 0.013 0.052 0.01 0.799 0.014
0.677 0.022 0.009 0.012 0.011 0.05 0.219
0.022 0.014 0.009 0.008 0.007 0.472 0.467
0.443 0.3 0.013 0.017 0.021 0.198 0.008
0.012 0.031 0.005 0.009 0.014 0.904 0.024
0.033 0.013 0.013 0.011 0.012 0.798 0.12
0.568 0.009 0.01 0.01 0.081 0.311 0.012
0.008 0.008 0.007 0.008 0.025 0.936 0.009
0.024 0.033 0.01 0.007 0.01 0.626 0.289
0.01 0.023 0.01 0.059 0.016 0.876 0.006
0.037 0.021 0.012 0.009 0.014 0.84 0.067
0.021 0.013 0.008 0.01 0.014 0.92 0.014
0.014 0.122 0.009 0.009 0.016 0.823 0.006
0.022 0.192 0.007 0.008 0.017 0.748 0.006
0.006 0.009 0.005 0.014 0.018 0.942 0.006
0.005 0.006 0.005 0.006 0.017 0.955 0.006
0.009 0.01 0.01 0.012 0.018 0.927 0.015
0.022 0.011 0.009 0.018 0.014 0.919 0.006
0.029 0.016 0.007 0.021 0.047 0.864 0.016
0.014 0.015 0.006 0.01 0.016 0.93 0.009
0.007 0.013 0.005 0.006 0.024 0.929 0.015
0.057 0.092 0.023 0.107 0.032 0.659 0.03
0.013 0.017 0.045 0.039 0.007 0.874 0.005
0.01 0.032 0.006 0.022 0.021 0.891 0.018
0.249 0.018 0.005 0.018 0.011 0.688 0.012
0.268 0.026 0.007 0.007 0.008 0.648 0.035
0.591 0.034 0.007 0.032 0.021 0.306 0.01
0.018 0.053 0.007 0.011 0.02 0.884 0.008
0.023 0.012 0.012 0.015 0.02 0.907 0.011
0.029 0.016 0.009 0.048 0.157 0.723 0.019
0.049 0.036 0.006 0.016 0.071 0.815 0.006
0.011 0.01 0.006 0.01 0.007 0.943 0.014
0.012 0.01 0.006 0.009 0.007 0.942 0.014
0.012 0.01 0.006 0.01 0.007 0.942 0.014
0.013 0.065 0.006 0.009 0.013 0.849 0.047
0.007 0.009 0.007 0.006 0.008 0.949 0.015
0.89 0.022 0.008 0.013 0.012 0.042 0.014
0.013 0.01 0.007 0.008 0.01 0.946 0.007
0.402 0.041 0.24 0.19 0.017 0.067 0.045
0.062 0.015 0.015 0.028 0.049 0.814 0.017
0.062 0.039 0.007 0.016 0.019 0.838 0.018
0.031 0.019 0.015 0.014 0.012 0.782 0.127
0.659 0.032 0.035 0.08 0.011 0.145 0.038
0.008 0.012 0.006 0.008 0.007 0.943 0.016
0.119 0.07 0.196 0.269 0.017 0.318 0.011
0.008 0.012 0.006 0.008 0.007 0.943 0.016
0.038 0.076 0.009 0.096 0.628 0.143 0.01
0.02 0.232 0.016 0.026 0.096 0.189 0.42
0.203 0.119 0.008 0.042 0.406 0.185 0.037
0.04 0.021 0.028 0.014 0.582 0.097 0.218
0.028 0.162 0.025 0.013 0.712 0.04 0.021
0.012 0.025 0.037 0.008 0.884 0.027 0.007
0.021 0.182 0.107 0.148 0.491 0.024 0.028
0.047 0.174 0.061 0.093 0.57 0.042 0.012
0.079 0.255 0.011 0.014 0.303 0.036 0.302
0.035 0.03 0.017 0.011 0.864 0.025 0.018
0.105 0.033 0.01 0.013 0.363 0.168 0.308
0.364 0.183 0.014 0.088 0.314 0.019 0.018
0.195 0.064 0.011 0.164 0.539 0.009 0.018
0.038 0.024 0.009 0.765 0.072 0.008 0.083
0.013 0.016 0.014 0.46 0.419 0.053 0.025
0.209 0.034 0.017 0.681 0.042 0.008 0.008
0.035 0.058 0.018 0.033 0.683 0.157 0.016
0.01 0.008 0.012 0.93 0.014 0.007 0.02
0.019 0.02 0.009 0.225 0.025 0.012 0.691
0.234 0.019 0.012 0.255 0.198 0.014 0.269
0.017 0.017 0.011 0.788 0.064 0.014 0.089
0.026 0.062 0.016 0.464 0.409 0.012 0.011
0.076 0.021 0.006 0.254 0.408 0.012 0.222
0.192 0.007 0.011 0.046 0.038 0.006 0.699
0.027 0.892 0.013 0.016 0.034 0.009 0.007
