0.007 0.011 0.01 0.008 0.936 0.015 0.013
0.011 0.018 0.008 0.007 0.942 0.004 0.009
0.008 0.026 0.006 0.07 0.81 0.006 0.074
0.073 0.007 0.016 0.015 0.875 0.008 0.006
0.008 0.052 0.01 0.022 0.842 0.008 0.058
0.006 0.033 0.015 0.047 0.867 0.011 0.022
0.008 0.745 0.007 0.012 0.062 0.006 0.159
0.015 0.022 0.085 0.006 0.739 0.005 0.129
0.011 0.011 0.371 0.195 0.401 0.005 0.007
0.008 0.016 0.199 0.082 0.681 0.006 0.008
0.006 0.032 0.017 0.017 0.913 0.008 0.007
0.007 0.02 0.006 0.009 0.933 0.009 0.015
0.004 0.007 0.015 0.011 0.951 0.006 0.006
0.013 0.199 0.05 0.008 0.262 0.008 0.459
0.013 0.048 0.112 0.012 0.739 0.017 0.058
0.005 0.012 0.01 0.007 0.951 0.011 0.006
0.007 0.026 0.452 0.015 0.45 0.029 0.021
0.008 0.053 0.052 0.017 0.854 0.01 0.005
0.053 0.04 0.008 0.042 0.839 0.013 0.005
0.01 0.024 0.046 0.091 0.06 0.013 0.757
0.076 0.096 0.05 0.043 0.721 0.007 0.006
0.011 0.007 0.008 0.016 0.93 0.021 0.009
0.011 0.036 0.022 0.021 0.787 0.11 0.013
0.005 0.009 0.008 0.006 0.958 0.006 0.008
0.07 0.025 0.023 0.075 0.015 0.724 0.068
0.017 0.005 0.005 0.004 0.004 0.935 0.029
0.328 0.007 0.01 0.08 0.009 0.55 0.016
0.044 0.008 0.127 0.069 0.035 0.633 0.083
0.008 0.022 0.014 0.01 0.069 0.868 0.008
0.011 0.007 0.007 0.009 0.005 0.931 0.031
0.003 0.004 0.003 0.004 0.005 0.976 0.004
0.008 0.007 0.007 0.01 0.008 0.928 0.032
0.024 0.016 0.079 0.164 0.017 0.604 0.096
0.009 0.012 0.013 0.009 0.008 0.942 0.006
0.054 0.051 0.058 0.114 0.022 0.683 0.019
0.014 0.01 0.008 0.05 0.026 0.056 0.837
0.004 0.006 0.003 0.005 0.005 0.969 0.007
0.011 0.009 0.005 0.1 0.007 0.862 0.005
0.011 0.031 0.087 0.007 0.045 0.799 0.02
0.005 0.009 0.007 0.007 0.007 0.96 0.006
0.058 0.258 0.01 0.021 0.295 0.337 0.02
0.006 0.006 0.005 0.21 0.129 0.597 0.048
0.209 0.019 0.009 0.015 0.013 0.671 0.065
0.005 0.006 0.02 0.014 0.009 0.94 0.005
0.006 0.009 0.045 0.034 0.017 0.861 0.029
0.005 0.007 0.02 0.014 0.009 0.939 0.006
0.004 0.006 0.003 0.005 0.005 0.969 0.007
0.004 0.006 0.003 0.005 0.005 0.969 0.007
0.663 0.041 0.032 0.243 0.009 0.008 0.004
0.074 0.04 0.26 0.569 0.049 0.004 0.004
0.078 0.788 0.011 0.045 0.007 0.04 0.031
0.952 0.007 0.01 0.011 0.011 0.004 0.005
0.955 0.008 0.011 0.009 0.006 0.005 0.005
0.907 0.011 0.038 0.019 0.007 0.012 0.006
0.225 0.409 0.137 0.084 0.096 0.037 0.012
0.94 0.006 0.018 0.011 0.007 0.005 0.014
0.944 0.006 0.016 0.01 0.006 0.005 0.013
0.59 0.02 0.103 0.238 0.032 0.008 0.009
0.899 0.028 0.015 0.025 0.02 0.009 0.004
0.63 0.032 0.008 0.262 0.044 0.016 0.007
0.889 0.009 0.048 0.008 0.006 0.007 0.032
0.097 0.682 0.043 0.061 0.079 0.024 0.015
0.017 0.024 0.812 0.125 0.007 0.008 0.007
0.89 0.009 0.033 0.037 0.008 0.009 0.015
0.862 0.011 0.013 0.026 0.006 0.007 0.075
0.964 0.006 0.007 0.007 0.006 0.006 0.004
0.963 0.004 0.006 0.01 0.006 0.005 0.005
0.97 0.005 0.005 0.005 0.004 0.006 0.004
0.966 0.007 0.006 0.006 0.005 0.006 0.005
0.683 0.211 0.058 0.016 0.02 0.005 0.007
0.605 0.062 0.138 0.137 0.02 0.024 0.014
0.879 0.022 0.008 0.043 0.037 0.006 0.006
0.043 0.048 0.046 0.145 0.106 0.031 0.582
0.008 0.071 0.01 0.26 0.026 0.019 0.606
0.009 0.023 0.078 0.786 0.026 0.033 0.045
0.009 0.014 0.251 0.673 0.017 0.008 0.027
0.022 0.822 0.088 0.019 0.032 0.004 0.013
0.142 0.148 0.013 0.038 0.576 0.068 0.015
0.232 0.026 0.096 0.49 0.126 0.015 0.015
0.094 0.011 0.009 0.83 0.032 0.015 0.01
0.015 0.008 0.007 0.915 0.036 0.007 0.013
0.004 0.004 0.007 0.954 0.013 0.007 0.012
0.009 0.036 0.005 0.146 0.022 0.005 0.777
0.015 0.053 0.017 0.187 0.182 0.077 0.469
0.041 0.009 0.014 0.737 0.151 0.009 0.038
0.015 0.428 0.009 0.425 0.05 0.057 0.016
0.011 0.34 0.016 0.421 0.035 0.151 0.027
0.005 0.005 0.005 0.965 0.006 0.006 0.009
0.009 0.031 0.57 0.253 0.037 0.019 0.081
0.616 0.034 0.007 0.232 0.015 0.041 0.054
0.008 0.007 0.025 0.756 0.174 0.011 0.018
0.009 0.006 0.011 0.95 0.007 0.006 0.012
0.035 0.011 0.08 0.383 0.013 0.011 0.466
0.007 0.005 0.006 0.949 0.015 0.006 0.011
0.013 0.009 0.022 0.445 0.495 0.008 0.009
0.01 0.012 0.012 0.728 0.208 0.016 0.014
0.01 0.032 0.009 0.813 0.006 0.014 0.115
0.02 0.544 0.031 0.136 0.022 0.021 0.225
0.078 0.839 0.009 0.018 0.032 0.01 0.013
0.018 0.025 0.007 0.931 0.007 0.005 0.007
0.751 0.099 0.013 0.014 0.011 0.018 0.093
0.058 0.03 0.012 0.819 0.013 0.021 0.046
0.016 0.923 0.006 0.021 0.013 0.011 0.01
0.01 0.916 0.007 0.025 0.016 0.011 0.015
0.023 0.01 0.009 0.899 0.042 0.009 0.008
0.021 0.006 0.012 0.94 0.006 0.007 0.008
0.016 0.058 0.006 0.848 0.027 0.03 0.015
0.015 0.674 0.085 0.021 0.031 0.14 0.034
0.009 0.019 0.063 0.876 0.017 0.01 0.006
0.019 0.831 0.015 0.061 0.028 0.01 0.037
0.034 0.106 0.016 0.621 0.159 0.046 0.019
0.673 0.117 0.007 0.055 0.033 0.062 0.054
0.011 0.015 0.014 0.935 0.008 0.006 0.011
0.093 0.329 0.033 0.389 0.107 0.038 0.011
0.019 0.025 0.034 0.338 0.052 0.01 0.523
0.459 0.28 0.048 0.026 0.117 0.048 0.023
0.204 0.143 0.068 0.161 0.022 0.068 0.334
0.019 0.007 0.006 0.935 0.011 0.016 0.007
0.013 0.014 0.024 0.907 0.008 0.025 0.008
0.014 0.009 0.01 0.932 0.016 0.013 0.006
0.034 0.032 0.056 0.308 0.017 0.016 0.536
0.038 0.176 0.012 0.067 0.03 0.106 0.572
0.025 0.223 0.138 0.019 0.043 0.229 0.323
0.022 0.443 0.041 0.03 0.099 0.036 0.329
0.018 0.008 0.006 0.008 0.946 0.008 0.008
0.016 0.011 0.007 0.095 0.756 0.008 0.107
0.064 0.048 0.02 0.024 0.217 0.021 0.607
0.025 0.07 0.026 0.061 0.561 0.032 0.225
0.026 0.012 0.016 0.099 0.785 0.016 0.047
0.145 0.141 0.061 0.197 0.334 0.02 0.102
0.007 0.008 0.009 0.354 0.562 0.012 0.049
0.037 0.006 0.004 0.047 0.038 0.013 0.856
0.004 0.004 0.005 0.006 0.956 0.007 0.018
0.011 0.031 0.009 0.026 0.032 0.015 0.876
0.023 0.017 0.032 0.025 0.484 0.054 0.365
0.005 0.009 0.007 0.008 0.852 0.009 0.11
0.014 0.026 0.01 0.022 0.891 0.028 0.01
0.009 0.011 0.005 0.012 0.914 0.011 0.038
0.014 0.007 0.007 0.01 0.94 0.015 0.007
0.014 0.009 0.015 0.039 0.894 0.018 0.011
0.016 0.01 0.01 0.065 0.455 0.022 0.422
0.008 0.013 0.006 0.016 0.106 0.01 0.841
0.011 0.08 0.021 0.027 0.68 0.006 0.174
0.257 0.02 0.031 0.059 0.491 0.023 0.119
0.017 0.01 0.01 0.029 0.005 0.005 0.924
0.008 0.149 0.011 0.082 0.036 0.058 0.657
0.023 0.008 0.056 0.159 0.103 0.024 0.626
0.031 0.109 0.045 0.157 0.223 0.024 0.409
0.009 0.013 0.006 0.009 0.226 0.008 0.728
0.017 0.023 0.023 0.481 0.179 0.013 0.264
0.004 0.005 0.005 0.005 0.007 0.007 0.967
0.004 0.011 0.009 0.008 0.041 0.008 0.918
0.01 0.014 0.008 0.013 0.192 0.231 0.533
0.007 0.005 0.006 0.008 0.011 0.01 0.953
0.011 0.014 0.049 0.131 0.027 0.036 0.733
0.006 0.008 0.009 0.005 0.013 0.009 0.951
0.004 0.003 0.004 0.005 0.004 0.005 0.976
0.032 0.063 0.026 0.03 0.04 0.072 0.736
0.009 0.006 0.006 0.008 0.016 0.006 0.948
0.018 0.013 0.006 0.035 0.011 0.295 0.622
0.004 0.004 0.004 0.004 0.005 0.009 0.969
0.377 0.039 0.056 0.087 0.336 0.011 0.095
0.004 0.004 0.004 0.006 0.006 0.004 0.971
0.005 0.005 0.004 0.006 0.01 0.008 0.961
0.006 0.011 0.007 0.008 0.007 0.02 0.941
0.006 0.006 0.005 0.007 0.009 0.007 0.96
0.004 0.004 0.004 0.005 0.004 0.004 0.975
0.012 0.051 0.038 0.142 0.593 0.007 0.157
0.045 0.221 0.009 0.639 0.029 0.009 0.048
0.053 0.022 0.183 0.722 0.009 0.007 0.005
0.031 0.014 0.016 0.924 0.005 0.005 0.006
0.02 0.105 0.037 0.326 0.405 0.057 0.049
0.186 0.016 0.35 0.411 0.012 0.018 0.007
0.019 0.164 0.012 0.782 0.013 0.006 0.004
0.559 0.163 0.089 0.168 0.011 0.005 0.005
0.031 0.011 0.11 0.811 0.02 0.007 0.01
0.496 0.036 0.013 0.286 0.028 0.104 0.037
0.518 0.008 0.093 0.339 0.007 0.027 0.008
0.154 0.433 0.114 0.173 0.078 0.032 0.017
0.751 0.014 0.013 0.206 0.004 0.008 0.004
0.584 0.027 0.009 0.138 0.226 0.007 0.009
0.788 0.011 0.018 0.144 0.014 0.005 0.02
0.007 0.931 0.022 0.007 0.012 0.015 0.006
0.148 0.147 0.032 0.009 0.648 0.006 0.009
0.006 0.838 0.013 0.016 0.097 0.019 0.011
0.184 0.329 0.335 0.023 0.115 0.009 0.005
0.016 0.912 0.045 0.008 0.009 0.007 0.004
0.36 0.525 0.022 0.024 0.011 0.038 0.02
0.015 0.903 0.041 0.01 0.016 0.008 0.007
0.02 0.101 0.792 0.049 0.02 0.008 0.01
0.394 0.54 0.015 0.025 0.008 0.011 0.008
0.009 0.94 0.014 0.01 0.007 0.017 0.004
0.01 0.954 0.008 0.007 0.008 0.007 0.005
0.005 0.67 0.259 0.011 0.013 0.037 0.004
0.038 0.869 0.025 0.043 0.011 0.006 0.008
0.006 0.931 0.008 0.007 0.007 0.036 0.005
0.014 0.93 0.021 0.014 0.008 0.009 0.004
0.025 0.163 0.302 0.476 0.014 0.015 0.006
0.025 0.373 0.405 0.116 0.054 0.009 0.018
0.011 0.917 0.017 0.015 0.009 0.019 0.012
0.012 0.828 0.094 0.014 0.031 0.016 0.006
0.016 0.5 0.299 0.114 0.056 0.008 0.007
0.022 0.729 0.06 0.145 0.011 0.026 0.007
0.017 0.219 0.644 0.025 0.009 0.081 0.005
0.026 0.862 0.055 0.009 0.005 0.034 0.008
0.019 0.936 0.017 0.005 0.006 0.013 0.004
0.007 0.038 0.919 0.009 0.015 0.005 0.006
0.023 0.099 0.777 0.023 0.042 0.019 0.017
0.221 0.45 0.091 0.011 0.015 0.023 0.188
0.066 0.01 0.66 0.005 0.006 0.01 0.243
0.719 0.046 0.176 0.031 0.013 0.008 0.006
0.018 0.007 0.937 0.009 0.006 0.004 0.019
0.023 0.007 0.904 0.006 0.007 0.011 0.041
0.393 0.028 0.519 0.024 0.012 0.009 0.014
0.005 0.005 0.967 0.007 0.005 0.005 0.006
0.165 0.016 0.683 0.009 0.006 0.011 0.111
0.012 0.043 0.885 0.012 0.035 0.008 0.005
0.245 0.048 0.64 0.018 0.012 0.013 0.024
0.014 0.326 0.618 0.009 0.007 0.006 0.02
0.133 0.015 0.814 0.021 0.007 0.005 0.004
0.146 0.016 0.781 0.042 0.006 0.005 0.004
0.006 0.007 0.964 0.006 0.01 0.004 0.004
0.004 0.004 0.973 0.006 0.004 0.004 0.004
0.008 0.005 0.959 0.007 0.008 0.006 0.006
0.008 0.012 0.95 0.007 0.012 0.007 0.004
0.011 0.013 0.926 0.019 0.013 0.005 0.012
0.013 0.009 0.947 0.01 0.008 0.005 0.007
0.007 0.008 0.952 0.015 0.005 0.004 0.009
0.048 0.643 0.168 0.034 0.041 0.027 0.039
0.018 0.481 0.472 0.007 0.007 0.01 0.005
0.008 0.89 0.062 0.011 0.008 0.004 0.017
0.139 0.783 0.051 0.006 0.01 0.004 0.008
0.362 0.123 0.475 0.009 0.006 0.006 0.019
0.3 0.26 0.356 0.029 0.041 0.006 0.008
0.052 0.052 0.816 0.058 0.01 0.006 0.006
0.011 0.035 0.903 0.014 0.014 0.012 0.01
0.018 0.016 0.849 0.033 0.056 0.008 0.02
0.029 0.067 0.822 0.051 0.022 0.005 0.005
0.008 0.007 0.962 0.005 0.006 0.005 0.007
0.008 0.008 0.962 0.005 0.006 0.005 0.007
0.008 0.008 0.961 0.005 0.006 0.005 0.007
0.094 0.034 0.804 0.027 0.009 0.005 0.028
0.006 0.008 0.959 0.006 0.005 0.006 0.009
0.886 0.033 0.03 0.012 0.022 0.008 0.01
0.01 0.12 0.811 0.007 0.006 0.006 0.041
0.136 0.619 0.054 0.021 0.042 0.092 0.036
0.01 0.037 0.904 0.014 0.016 0.009 0.01
0.019 0.052 0.876 0.021 0.012 0.005 0.015
0.016 0.061 0.823 0.011 0.009 0.015 0.064
0.008 0.915 0.025 0.008 0.01 0.016 0.019
0.008 0.025 0.939 0.007 0.006 0.005 0.01
0.008 0.896 0.047 0.015 0.013 0.014 0.008
0.008 0.025 0.939 0.007 0.006 0.005 0.01
0.054 0.017 0.153 0.506 0.254 0.007 0.007
0.168 0.017 0.401 0.062 0.023 0.025 0.303
0.04 0.159 0.536 0.143 0.05 0.009 0.062
0.031 0.018 0.409 0.247 0.03 0.08 0.186
0.086 0.017 0.042 0.797 0.011 0.029 0.017
0.007 0.011 0.043 0.903 0.008 0.021 0.007
0.05 0.035 0.03 0.718 0.074 0.076 0.017
0.075 0.074 0.031 0.591 0.161 0.06 0.009
0.265 0.03 0.116 0.35 0.021 0.022 0.197
0.039 0.014 0.061 0.837 0.019 0.015 0.014
0.039 0.032 0.63 0.065 0.013 0.014 0.207
0.113 0.017 0.017 0.743 0.089 0.011 0.011
0.069 0.009 0.006 0.633 0.253 0.009 0.022
0.011 0.013 0.006 0.014 0.879 0.007 0.071
0.037 0.008 0.034 0.096 0.802 0.009 0.013
0.221 0.007 0.006 0.015 0.731 0.013 0.007
0.146 0.011 0.474 0.306 0.034 0.016 0.013
0.006 0.006 0.005 0.006 0.954 0.011 0.013
0.009 0.012 0.01 0.009 0.176 0.009 0.775
0.27 0.007 0.012 0.053 0.347 0.02 0.29
0.01 0.01 0.006 0.019 0.902 0.008 0.045
0.029 0.006 0.01 0.173 0.756 0.016 0.009
0.109 0.011 0.012 0.112 0.578 0.007 0.171
0.122 0.008 0.005 0.013 0.067 0.017 0.768
0.665 0.026 0.009 0.261 0.021 0.011 0.006
