0.899 0.072 0.014 0.015
0.919 0.013 0.039 0.029
0.934 0.014 0.013 0.039
0.845 0.019 0.074 0.062
0.917 0.046 0.025 0.012
0.931 0.024 0.033 0.011
0.463 0.14 0.352 0.045
0.775 0.043 0.164 0.018
0.476 0.01 0.456 0.058
0.737 0.011 0.22 0.033
0.88 0.042 0.062 0.016
0.908 0.062 0.012 0.018
0.942 0.013 0.036 0.01
0.584 0.121 0.281 0.014
0.635 0.069 0.274 0.022
0.915 0.047 0.027 0.011
0.366 0.058 0.562 0.014
0.701 0.028 0.241 0.03
0.698 0.096 0.029 0.177
0.38 0.492 0.089 0.039
0.528 0.077 0.192 0.203
0.927 0.04 0.012 0.02
0.635 0.24 0.078 0.047
0.95 0.017 0.024 0.009
0.032 0.893 0.026 0.049
0.013 0.963 0.01 0.014
0.014 0.606 0.011 0.368
0.068 0.779 0.078 0.075
0.094 0.849 0.031 0.026
0.022 0.951 0.011 0.015
0.012 0.975 0.006 0.007
0.042 0.929 0.014 0.016
0.04 0.789 0.046 0.126
0.014 0.954 0.017 0.015
0.027 0.617 0.062 0.294
0.238 0.715 0.011 0.036
0.008 0.976 0.006 0.01
0.017 0.857 0.01 0.116
0.062 0.834 0.085 0.019
0.016 0.96 0.014 0.01
0.204 0.477 0.184 0.136
0.227 0.715 0.008 0.05
0.046 0.779 0.013 0.162
0.016 0.907 0.064 0.013
0.04 0.901 0.049 0.011
0.016 0.91 0.061 0.013
0.009 0.976 0.006 0.01
0.008 0.976 0.006 0.01
0.01 0.01 0.041 0.938
0.243 0.007 0.539 0.21
0.017 0.314 0.134 0.535
0.013 0.007 0.045 0.935
0.007 0.008 0.015 0.97
0.01 0.011 0.081 0.899
0.074 0.088 0.149 0.689
0.016 0.023 0.054 0.906
0.014 0.022 0.05 0.914
0.03 0.011 0.083 0.877
0.024 0.01 0.045 0.922
0.029 0.017 0.014 0.941
0.021 0.096 0.308 0.575
0.082 0.117 0.156 0.646
0.013 0.012 0.94 0.036
0.012 0.03 0.054 0.904
0.022 0.12 0.036 0.822
0.015 0.009 0.015 0.962
0.008 0.009 0.01 0.972
0.008 0.009 0.011 0.973
0.009 0.011 0.014 0.967
0.019 0.01 0.099 0.871
0.019 0.022 0.106 0.853
0.036 0.008 0.013 0.943
0.382 0.516 0.066 0.036
0.793 0.176 0.014 0.016
0.353 0.187 0.366 0.093
0.17 0.054 0.695 0.081
0.114 0.014 0.653 0.22
0.262 0.141 0.03 0.567
0.183 0.017 0.031 0.769
0.044 0.024 0.012 0.92
0.52 0.038 0.021 0.422
0.716 0.193 0.028 0.063
0.801 0.163 0.015 0.021
0.739 0.22 0.016 0.026
0.867 0.034 0.017 0.082
0.201 0.21 0.036 0.553
0.172 0.504 0.027 0.297
0.622 0.178 0.015 0.185
0.301 0.089 0.494 0.116
0.027 0.042 0.015 0.917
0.918 0.018 0.029 0.034
0.177 0.04 0.058 0.725
0.185 0.461 0.12 0.233
0.611 0.118 0.022 0.249
0.89 0.012 0.039 0.059
0.888 0.026 0.023 0.063
0.25 0.152 0.05 0.548
0.304 0.122 0.154 0.419
0.098 0.05 0.106 0.746
0.014 0.012 0.012 0.962
0.025 0.053 0.038 0.884
0.024 0.032 0.012 0.932
0.045 0.109 0.206 0.641
0.102 0.11 0.422 0.366
0.287 0.02 0.012 0.681
0.014 0.017 0.015 0.954
0.096 0.119 0.014 0.77
0.235 0.375 0.339 0.051
0.174 0.042 0.436 0.348
0.58 0.044 0.111 0.265
0.298 0.069 0.026 0.608
0.044 0.074 0.011 0.87
0.031 0.02 0.076 0.872
0.101 0.045 0.057 0.797
0.398 0.322 0.035 0.245
0.081 0.059 0.106 0.754
0.047 0.38 0.108 0.465
0.042 0.046 0.009 0.903
0.042 0.103 0.057 0.799
0.085 0.034 0.05 0.831
0.515 0.329 0.04 0.117
0.367 0.565 0.024 0.044
0.173 0.609 0.19 0.027
0.844 0.081 0.055 0.021
0.931 0.018 0.012 0.039
0.929 0.038 0.011 0.021
0.788 0.139 0.025 0.048
0.682 0.206 0.03 0.082
0.932 0.024 0.02 0.024
0.697 0.038 0.051 0.214
0.954 0.017 0.012 0.017
0.673 0.291 0.006 0.029
0.969 0.016 0.007 0.008
0.389 0.568 0.011 0.032
0.843 0.11 0.021 0.026
0.961 0.019 0.009 0.01
0.869 0.087 0.016 0.027
0.956 0.016 0.012 0.016
0.92 0.022 0.012 0.047
0.915 0.022 0.03 0.033
0.885 0.087 0.01 0.018
0.899 0.078 0.011 0.012
0.94 0.014 0.032 0.015
0.638 0.108 0.041 0.213
0.18 0.751 0.024 0.045
0.187 0.745 0.032 0.036
0.342 0.567 0.024 0.067
0.493 0.24 0.134 0.133
0.682 0.293 0.013 0.012
0.839 0.067 0.033 0.061
0.199 0.785 0.008 0.009
0.288 0.69 0.012 0.01
0.189 0.791 0.009 0.011
0.204 0.769 0.01 0.016
0.214 0.731 0.027 0.027
0.206 0.77 0.016 0.009
0.205 0.78 0.007 0.009
0.187 0.679 0.053 0.081
0.41 0.556 0.013 0.02
0.13 0.84 0.009 0.021
0.184 0.802 0.007 0.007
0.222 0.038 0.03 0.71
0.211 0.77 0.009 0.01
0.338 0.645 0.007 0.01
0.186 0.793 0.013 0.008
0.22 0.763 0.008 0.009
0.207 0.775 0.009 0.008
0.89 0.026 0.057 0.027
0.057 0.071 0.037 0.835
0.015 0.01 0.181 0.793
0.008 0.009 0.012 0.97
0.773 0.096 0.047 0.084
0.016 0.014 0.069 0.902
0.02 0.014 0.065 0.901
0.012 0.008 0.096 0.884
0.097 0.026 0.15 0.726
0.023 0.045 0.018 0.914
0.012 0.027 0.071 0.89
0.075 0.059 0.162 0.703
0.007 0.009 0.022 0.963
0.076 0.027 0.012 0.886
0.029 0.019 0.024 0.929
0.017 0.117 0.844 0.023
0.482 0.018 0.286 0.214
0.424 0.21 0.328 0.038
0.034 0.011 0.766 0.19
0.012 0.059 0.851 0.078
0.026 0.19 0.475 0.309
0.015 0.074 0.891 0.019
0.018 0.012 0.95 0.02
0.016 0.057 0.655 0.272
0.014 0.143 0.817 0.026
0.018 0.122 0.835 0.025
0.011 0.067 0.914 0.008
0.032 0.047 0.727 0.194
0.011 0.26 0.716 0.013
0.01 0.108 0.856 0.026
0.044 0.042 0.684 0.229
0.06 0.024 0.861 0.055
0.03 0.079 0.874 0.018
0.021 0.054 0.908 0.018
0.027 0.015 0.911 0.047
0.023 0.101 0.74 0.135
0.009 0.028 0.95 0.014
0.009 0.123 0.819 0.049
0.01 0.117 0.839 0.034
0.015 0.01 0.955 0.02
0.055 0.02 0.878 0.048
0.026 0.181 0.704 0.089
0.022 0.175 0.786 0.017
0.015 0.014 0.344 0.626
0.013 0.014 0.947 0.026
0.013 0.042 0.928 0.016
0.042 0.029 0.692 0.237
0.012 0.011 0.966 0.011
0.015 0.09 0.864 0.031
0.032 0.014 0.931 0.023
0.011 0.045 0.916 0.027
0.011 0.012 0.964 0.013
0.01 0.008 0.826 0.157
0.008 0.008 0.647 0.337
0.013 0.007 0.97 0.01
0.008 0.008 0.974 0.01
0.011 0.01 0.965 0.013
0.013 0.009 0.964 0.014
0.02 0.013 0.945 0.021
0.013 0.009 0.957 0.021
0.017 0.013 0.947 0.023
0.117 0.043 0.766 0.073
0.012 0.031 0.942 0.015
0.054 0.01 0.92 0.015
0.028 0.009 0.9 0.063
0.009 0.017 0.864 0.11
0.027 0.011 0.698 0.264
0.013 0.009 0.892 0.086
0.015 0.011 0.957 0.017
0.099 0.016 0.86 0.025
0.02 0.007 0.934 0.038
0.009 0.011 0.969 0.01
0.009 0.011 0.97 0.01
0.009 0.011 0.97 0.01
0.012 0.017 0.911 0.06
0.008 0.016 0.966 0.01
0.016 0.014 0.136 0.834
0.01 0.008 0.971 0.01
0.1 0.439 0.229 0.232
0.02 0.014 0.951 0.015
0.019 0.011 0.931 0.039
0.018 0.038 0.929 0.015
0.024 0.116 0.834 0.026
0.01 0.012 0.967 0.012
0.034 0.154 0.769 0.044
0.01 0.012 0.967 0.012
0.498 0.014 0.201 0.288
0.062 0.515 0.261 0.162
0.093 0.04 0.741 0.127
0.076 0.641 0.238 0.046
0.041 0.059 0.093 0.806
0.073 0.129 0.385 0.412
0.152 0.15 0.055 0.642
0.268 0.067 0.053 0.613
0.053 0.235 0.079 0.632
0.13 0.117 0.291 0.462
0.05 0.264 0.637 0.049
0.062 0.046 0.02 0.871
0.397 0.048 0.012 0.544
0.952 0.02 0.011 0.018
0.878 0.012 0.054 0.056
0.767 0.021 0.01 0.201
0.087 0.031 0.383 0.499
0.963 0.016 0.011 0.01
0.598 0.377 0.012 0.014
0.601 0.232 0.02 0.146
0.956 0.013 0.012 0.019
0.857 0.017 0.014 0.113
0.815 0.071 0.023 0.091
0.371 0.565 0.009 0.055
0.014 0.012 0.017 0.957
