0.009 0.032 0.015 0.923 0.01 0.011
0.012 0.007 0.034 0.926 0.009 0.013
0.007 0.009 0.034 0.884 0.057 0.008
0.089 0.01 0.009 0.783 0.073 0.036
0.008 0.02 0.047 0.891 0.022 0.013
0.006 0.016 0.03 0.85 0.079 0.02
0.013 0.039 0.66 0.197 0.057 0.034
0.022 0.032 0.02 0.793 0.008 0.124
0.013 0.006 0.016 0.203 0.302 0.46
0.01 0.007 0.02 0.559 0.131 0.273
0.006 0.008 0.054 0.874 0.028 0.03
0.008 0.026 0.027 0.921 0.01 0.008
0.005 0.007 0.009 0.909 0.046 0.024
0.024 0.149 0.155 0.534 0.015 0.121
0.013 0.046 0.058 0.699 0.017 0.167
0.006 0.01 0.017 0.943 0.011 0.014
0.007 0.045 0.032 0.349 0.022 0.545
0.01 0.009 0.076 0.739 0.028 0.138
0.007 0.009 0.135 0.633 0.203 0.013
0.012 0.442 0.048 0.175 0.248 0.074
0.012 0.006 0.231 0.492 0.173 0.086
0.013 0.021 0.009 0.928 0.019 0.009
0.013 0.163 0.099 0.655 0.029 0.04
0.005 0.007 0.011 0.959 0.007 0.012
0.041 0.784 0.042 0.02 0.095 0.018
0.017 0.955 0.009 0.007 0.006 0.005
0.336 0.575 0.01 0.009 0.06 0.011
0.037 0.737 0.014 0.035 0.089 0.088
0.011 0.783 0.051 0.119 0.016 0.021
0.013 0.942 0.01 0.008 0.019 0.007
0.005 0.969 0.007 0.009 0.006 0.004
0.018 0.928 0.014 0.02 0.011 0.01
0.015 0.599 0.041 0.019 0.289 0.037
0.012 0.925 0.021 0.012 0.014 0.015
0.045 0.529 0.102 0.027 0.233 0.063
0.019 0.777 0.014 0.087 0.094 0.009
0.006 0.966 0.012 0.006 0.007 0.004
0.012 0.621 0.043 0.011 0.307 0.007
0.011 0.791 0.058 0.056 0.009 0.076
0.006 0.94 0.02 0.013 0.01 0.011
0.022 0.424 0.258 0.211 0.063 0.022
0.006 0.665 0.009 0.04 0.273 0.006
0.234 0.704 0.022 0.018 0.013 0.008
0.008 0.895 0.014 0.011 0.032 0.04
0.006 0.898 0.01 0.012 0.046 0.028
0.008 0.894 0.014 0.011 0.033 0.04
0.006 0.966 0.011 0.006 0.007 0.004
0.006 0.966 0.012 0.006 0.007 0.004
0.629 0.006 0.245 0.009 0.081 0.03
0.063 0.005 0.044 0.035 0.494 0.358
0.073 0.064 0.798 0.01 0.033 0.022
0.95 0.005 0.011 0.012 0.011 0.011
0.951 0.006 0.013 0.006 0.011 0.013
0.902 0.01 0.025 0.009 0.012 0.043
0.178 0.023 0.551 0.074 0.063 0.112
0.947 0.009 0.008 0.008 0.012 0.016
0.95 0.009 0.008 0.008 0.011 0.014
0.544 0.01 0.186 0.034 0.116 0.11
0.827 0.006 0.055 0.035 0.028 0.049
0.591 0.012 0.237 0.035 0.115 0.009
0.923 0.023 0.01 0.007 0.007 0.031
0.098 0.021 0.69 0.092 0.036 0.062
0.021 0.009 0.029 0.008 0.077 0.855
0.883 0.016 0.043 0.008 0.021 0.03
0.893 0.037 0.037 0.007 0.013 0.012
0.964 0.005 0.007 0.007 0.009 0.008
0.963 0.006 0.008 0.007 0.01 0.006
0.973 0.005 0.006 0.005 0.006 0.006
0.969 0.006 0.007 0.006 0.006 0.006
0.566 0.006 0.33 0.021 0.013 0.064
0.522 0.02 0.225 0.025 0.083 0.124
0.766 0.006 0.131 0.045 0.044 0.009
0.069 0.522 0.046 0.168 0.143 0.052
0.008 0.053 0.112 0.316 0.5 0.011
0.011 0.048 0.03 0.037 0.783 0.091
0.012 0.019 0.024 0.026 0.661 0.258
0.025 0.007 0.785 0.047 0.026 0.111
0.131 0.052 0.275 0.486 0.044 0.013
0.112 0.009 0.122 0.196 0.45 0.111
0.043 0.011 0.174 0.034 0.727 0.01
0.018 0.012 0.06 0.051 0.85 0.008
0.004 0.014 0.005 0.012 0.958 0.007
0.011 0.05 0.119 0.342 0.471 0.007
0.011 0.211 0.043 0.393 0.326 0.016
0.029 0.016 0.012 0.156 0.776 0.012
0.014 0.04 0.569 0.063 0.302 0.013
0.01 0.15 0.479 0.041 0.306 0.014
0.005 0.013 0.007 0.008 0.961 0.005
0.008 0.053 0.132 0.052 0.294 0.462
0.551 0.054 0.093 0.032 0.259 0.01
0.008 0.008 0.012 0.236 0.715 0.02
0.009 0.007 0.044 0.009 0.918 0.013
0.056 0.285 0.044 0.027 0.468 0.119
0.009 0.014 0.007 0.016 0.947 0.007
0.015 0.009 0.012 0.302 0.633 0.029
0.009 0.022 0.014 0.14 0.802 0.013
0.009 0.021 0.18 0.027 0.753 0.01
0.022 0.063 0.539 0.106 0.232 0.037
0.067 0.011 0.856 0.038 0.018 0.011
0.013 0.006 0.227 0.008 0.737 0.008
0.778 0.078 0.092 0.019 0.018 0.015
0.03 0.023 0.229 0.018 0.687 0.013
0.018 0.02 0.903 0.018 0.024 0.017
0.013 0.014 0.896 0.022 0.038 0.016
0.019 0.01 0.053 0.047 0.859 0.012
0.018 0.009 0.207 0.008 0.745 0.013
0.017 0.039 0.259 0.03 0.648 0.007
0.018 0.163 0.519 0.102 0.03 0.168
0.011 0.01 0.023 0.016 0.87 0.069
0.021 0.018 0.644 0.123 0.169 0.025
0.032 0.033 0.236 0.163 0.52 0.017
0.663 0.1 0.11 0.046 0.074 0.008
0.013 0.008 0.103 0.011 0.844 0.021
0.05 0.017 0.443 0.091 0.367 0.032
0.017 0.119 0.164 0.146 0.53 0.024
0.408 0.051 0.332 0.118 0.028 0.062
0.143 0.497 0.165 0.022 0.124 0.05
0.024 0.018 0.17 0.017 0.763 0.007
0.014 0.017 0.04 0.009 0.896 0.024
0.02 0.01 0.058 0.015 0.885 0.012
0.023 0.131 0.1 0.183 0.537 0.027
0.048 0.596 0.046 0.161 0.135 0.014
0.026 0.645 0.087 0.078 0.031 0.133
0.014 0.049 0.251 0.524 0.12 0.042
0.022 0.008 0.01 0.943 0.009 0.007
0.013 0.041 0.014 0.782 0.142 0.008
0.026 0.153 0.056 0.713 0.033 0.019
0.024 0.167 0.139 0.595 0.045 0.031
0.022 0.029 0.013 0.786 0.134 0.017
0.096 0.027 0.232 0.419 0.181 0.045
0.007 0.029 0.009 0.462 0.483 0.009
0.022 0.301 0.017 0.426 0.229 0.004
0.005 0.013 0.005 0.965 0.007 0.005
0.012 0.662 0.051 0.209 0.056 0.01
0.015 0.084 0.02 0.839 0.025 0.017
0.005 0.014 0.009 0.957 0.008 0.007
0.013 0.016 0.026 0.914 0.021 0.01
0.01 0.012 0.012 0.948 0.012 0.007
0.015 0.009 0.011 0.945 0.012 0.008
0.015 0.017 0.011 0.803 0.135 0.019
0.01 0.116 0.017 0.689 0.159 0.01
0.008 0.144 0.024 0.787 0.028 0.009
0.01 0.011 0.03 0.805 0.128 0.015
0.224 0.054 0.017 0.592 0.087 0.025
0.043 0.854 0.02 0.008 0.057 0.018
0.014 0.792 0.059 0.016 0.102 0.017
0.028 0.645 0.015 0.181 0.107 0.024
0.039 0.164 0.156 0.34 0.238 0.063
0.008 0.454 0.017 0.486 0.026 0.009
0.009 0.044 0.048 0.408 0.472 0.02
0.005 0.958 0.008 0.015 0.009 0.006
0.005 0.834 0.018 0.12 0.01 0.013
0.009 0.916 0.009 0.048 0.01 0.007
0.019 0.92 0.007 0.029 0.016 0.008
0.012 0.83 0.016 0.04 0.079 0.024
0.005 0.948 0.011 0.02 0.008 0.008
0.006 0.96 0.005 0.014 0.01 0.005
0.052 0.673 0.104 0.086 0.05 0.034
0.026 0.588 0.012 0.346 0.017 0.012
0.012 0.943 0.012 0.01 0.018 0.006
0.005 0.974 0.005 0.006 0.005 0.005
0.282 0.039 0.119 0.388 0.107 0.063
0.007 0.921 0.009 0.029 0.026 0.007
0.006 0.823 0.008 0.145 0.012 0.005
0.006 0.95 0.017 0.011 0.009 0.008
0.007 0.931 0.008 0.038 0.01 0.007
0.006 0.949 0.009 0.018 0.011 0.007
0.011 0.028 0.054 0.636 0.233 0.038
0.049 0.041 0.408 0.027 0.464 0.012
0.051 0.006 0.188 0.009 0.525 0.22
0.034 0.006 0.228 0.006 0.709 0.017
0.018 0.065 0.144 0.304 0.426 0.043
0.077 0.009 0.168 0.011 0.407 0.327
0.02 0.006 0.386 0.013 0.554 0.02
0.498 0.005 0.32 0.011 0.072 0.095
0.036 0.011 0.169 0.023 0.635 0.126
0.438 0.112 0.224 0.037 0.175 0.014
0.512 0.026 0.174 0.009 0.175 0.104
0.131 0.03 0.591 0.081 0.077 0.09
0.695 0.006 0.214 0.005 0.066 0.014
0.45 0.01 0.139 0.172 0.219 0.011
0.718 0.012 0.131 0.018 0.105 0.015
0.008 0.013 0.738 0.015 0.01 0.217
0.149 0.008 0.205 0.554 0.009 0.075
0.006 0.02 0.694 0.178 0.017 0.086
0.175 0.007 0.296 0.059 0.014 0.448
0.018 0.006 0.724 0.009 0.008 0.234
0.414 0.124 0.375 0.012 0.029 0.045
0.025 0.009 0.721 0.017 0.066 0.162
0.022 0.011 0.096 0.017 0.1 0.754
0.428 0.01 0.451 0.009 0.065 0.036
0.01 0.011 0.746 0.007 0.011 0.215
0.024 0.009 0.756 0.015 0.043 0.152
0.006 0.013 0.546 0.011 0.009 0.414
0.038 0.007 0.723 0.012 0.123 0.096
0.007 0.048 0.756 0.008 0.009 0.172
0.013 0.007 0.736 0.009 0.014 0.221
0.033 0.015 0.176 0.014 0.405 0.357
0.027 0.016 0.324 0.044 0.157 0.432
0.023 0.015 0.719 0.016 0.075 0.152
0.012 0.01 0.637 0.024 0.013 0.303
0.015 0.008 0.423 0.039 0.056 0.46
0.02 0.015 0.656 0.012 0.095 0.202
0.021 0.02 0.219 0.009 0.028 0.704
0.036 0.038 0.707 0.007 0.045 0.167
0.023 0.011 0.739 0.007 0.006 0.214
0.009 0.006 0.042 0.014 0.01 0.919
0.018 0.019 0.06 0.061 0.023 0.819
0.296 0.19 0.367 0.016 0.03 0.101
0.247 0.139 0.01 0.008 0.007 0.588
0.713 0.009 0.059 0.013 0.023 0.183
0.023 0.013 0.018 0.008 0.01 0.927
0.136 0.037 0.008 0.009 0.011 0.798
0.433 0.016 0.023 0.014 0.061 0.452
0.006 0.007 0.007 0.006 0.011 0.963
0.293 0.072 0.016 0.007 0.01 0.603
0.013 0.006 0.031 0.037 0.014 0.899
0.312 0.035 0.039 0.01 0.017 0.587
0.015 0.011 0.236 0.011 0.011 0.716
0.057 0.005 0.023 0.008 0.022 0.885
0.058 0.005 0.044 0.006 0.045 0.842
0.007 0.004 0.007 0.01 0.009 0.963
0.005 0.005 0.005 0.005 0.009 0.971
0.01 0.008 0.007 0.008 0.01 0.958
0.009 0.006 0.012 0.011 0.009 0.952
0.014 0.011 0.016 0.015 0.027 0.918
0.014 0.007 0.011 0.009 0.012 0.948
0.009 0.007 0.014 0.006 0.024 0.941
0.036 0.026 0.463 0.105 0.039 0.331
0.014 0.008 0.331 0.011 0.006 0.629
0.009 0.007 0.66 0.02 0.016 0.287
0.172 0.006 0.571 0.018 0.008 0.226
0.39 0.013 0.084 0.007 0.009 0.497
0.296 0.007 0.211 0.041 0.035 0.41
0.032 0.006 0.053 0.009 0.062 0.837
0.01 0.013 0.029 0.013 0.015 0.92
0.019 0.011 0.016 0.057 0.082 0.815
0.028 0.006 0.049 0.015 0.053 0.85
0.025 0.008 0.008 0.007 0.006 0.944
0.025 0.008 0.009 0.007 0.006 0.945
0.026 0.008 0.009 0.007 0.006 0.944
0.077 0.018 0.029 0.009 0.029 0.839
0.012 0.012 0.009 0.006 0.007 0.954
0.888 0.011 0.03 0.02 0.015 0.036
0.012 0.011 0.088 0.017 0.008 0.863
0.133 0.239 0.464 0.062 0.018 0.084
0.013 0.011 0.036 0.016 0.029 0.896
0.023 0.009 0.057 0.015 0.025 0.872
0.041 0.054 0.05 0.015 0.013 0.828
0.021 0.029 0.742 0.026 0.031 0.152
0.018 0.009 0.018 0.007 0.008 0.939
0.009 0.014 0.736 0.023 0.017 0.201
0.017 0.009 0.018 0.008 0.008 0.941
0.079 0.008 0.022 0.166 0.581 0.145
0.263 0.362 0.026 0.026 0.063 0.259
0.054 0.031 0.205 0.069 0.205 0.435
0.046 0.56 0.017 0.018 0.193 0.166
0.115 0.048 0.102 0.015 0.659 0.061
0.009 0.017 0.023 0.008 0.88 0.064
0.065 0.08 0.139 0.07 0.61 0.035
0.067 0.038 0.141 0.089 0.615 0.049
0.258 0.181 0.055 0.023 0.39 0.093
0.052 0.02 0.018 0.015 0.829 0.065
0.094 0.265 0.037 0.017 0.124 0.464
0.025 0.011 0.102 0.085 0.761 0.017
0.009 0.011 0.049 0.211 0.713 0.007
0.012 0.019 0.019 0.906 0.038 0.007
0.044 0.009 0.012 0.753 0.133 0.049
0.222 0.011 0.01 0.723 0.027 0.006
0.164 0.017 0.033 0.028 0.278 0.479
0.007 0.011 0.007 0.961 0.008 0.006
0.014 0.341 0.01 0.604 0.022 0.009
0.271 0.128 0.008 0.495 0.084 0.014
0.01 0.012 0.01 0.924 0.036 0.007
0.029 0.011 0.015 0.771 0.163 0.012
0.171 0.06 0.014 0.59 0.151 0.014
0.123 0.517 0.008 0.298 0.047 0.006
0.635 0.01 0.206 0.018 0.121 0.011
