0.148 0.018 0.019 0.816
0.029 0.104 0.072 0.795
0.022 0.019 0.053 0.906
0.04 0.199 0.221 0.54
0.142 0.04 0.019 0.8
0.058 0.071 0.021 0.85
0.211 0.144 0.102 0.543
0.021 0.263 0.024 0.692
0.016 0.706 0.127 0.15
0.016 0.493 0.05 0.441
0.166 0.15 0.031 0.654
0.158 0.016 0.023 0.803
0.035 0.119 0.022 0.824
0.054 0.239 0.017 0.69
0.078 0.419 0.036 0.467
0.207 0.061 0.021 0.711
0.115 0.7 0.02 0.166
0.107 0.47 0.07 0.353
0.294 0.046 0.474 0.186
0.095 0.102 0.053 0.749
0.24 0.253 0.428 0.078
0.141 0.026 0.042 0.791
0.52 0.085 0.064 0.331
0.057 0.064 0.018 0.862
0.826 0.045 0.049 0.081
0.918 0.024 0.017 0.04
0.502 0.012 0.46 0.027
0.503 0.217 0.102 0.178
0.876 0.025 0.034 0.064
0.89 0.017 0.02 0.072
0.967 0.007 0.01 0.017
0.881 0.014 0.019 0.086
0.698 0.086 0.104 0.111
0.958 0.014 0.014 0.014
0.72 0.05 0.18 0.05
0.128 0.017 0.051 0.803
0.968 0.007 0.012 0.013
0.879 0.012 0.093 0.016
0.833 0.061 0.024 0.082
0.955 0.011 0.013 0.021
0.584 0.085 0.247 0.084
0.544 0.011 0.056 0.39
0.65 0.018 0.237 0.096
0.845 0.11 0.023 0.021
0.729 0.124 0.025 0.122
0.846 0.111 0.022 0.021
0.968 0.007 0.012 0.013
0.968 0.007 0.012 0.013
0.021 0.089 0.878 0.011
0.011 0.522 0.288 0.179
0.505 0.074 0.397 0.024
0.013 0.264 0.703 0.02
0.013 0.024 0.953 0.01
0.022 0.316 0.649 0.013
0.326 0.226 0.399 0.049
0.015 0.334 0.613 0.037
0.015 0.322 0.63 0.033
0.017 0.184 0.763 0.036
0.025 0.073 0.883 0.02
0.035 0.025 0.905 0.034
0.022 0.56 0.365 0.053
0.393 0.143 0.411 0.053
0.015 0.932 0.039 0.013
0.021 0.201 0.753 0.025
0.029 0.127 0.753 0.091
0.014 0.02 0.952 0.014
0.015 0.015 0.959 0.011
0.015 0.014 0.962 0.009
0.014 0.017 0.958 0.011
0.034 0.228 0.711 0.027
0.06 0.257 0.653 0.03
0.015 0.017 0.94 0.028
0.081 0.084 0.038 0.797
0.045 0.025 0.037 0.893
0.067 0.495 0.125 0.313
0.033 0.769 0.087 0.111
0.027 0.639 0.216 0.119
0.434 0.04 0.368 0.158
0.027 0.045 0.838 0.091
0.027 0.016 0.917 0.04
0.03 0.028 0.532 0.411
0.043 0.056 0.312 0.588
0.03 0.019 0.031 0.92
0.071 0.021 0.055 0.853
0.026 0.022 0.275 0.677
0.525 0.032 0.375 0.069
0.775 0.033 0.133 0.059
0.041 0.025 0.429 0.505
0.064 0.56 0.091 0.285
0.066 0.016 0.88 0.038
0.023 0.07 0.172 0.735
0.021 0.128 0.666 0.185
0.065 0.182 0.196 0.556
0.026 0.031 0.44 0.503
0.018 0.101 0.257 0.625
0.032 0.042 0.253 0.672
0.083 0.069 0.513 0.336
0.117 0.162 0.285 0.436
0.22 0.136 0.561 0.084
0.021 0.019 0.941 0.019
0.041 0.035 0.871 0.053
0.054 0.018 0.885 0.043
0.331 0.109 0.506 0.054
0.348 0.197 0.359 0.096
0.036 0.014 0.745 0.206
0.018 0.022 0.94 0.019
0.182 0.017 0.719 0.082
0.55 0.275 0.04 0.135
0.038 0.49 0.404 0.067
0.09 0.117 0.264 0.53
0.175 0.034 0.608 0.183
0.074 0.014 0.853 0.059
0.025 0.116 0.822 0.037
0.157 0.067 0.71 0.066
0.056 0.036 0.139 0.769
0.145 0.1 0.67 0.085
0.171 0.189 0.485 0.155
0.049 0.013 0.895 0.043
0.128 0.059 0.786 0.027
0.046 0.133 0.771 0.05
0.088 0.064 0.101 0.747
0.259 0.016 0.031 0.695
0.455 0.126 0.03 0.39
0.058 0.08 0.033 0.829
0.057 0.04 0.076 0.827
0.024 0.018 0.043 0.915
0.054 0.036 0.047 0.863
0.152 0.036 0.044 0.768
0.022 0.04 0.06 0.879
0.046 0.112 0.196 0.645
0.016 0.018 0.046 0.92
0.045 0.011 0.028 0.917
0.014 0.011 0.013 0.962
0.076 0.014 0.027 0.884
0.054 0.032 0.033 0.881
0.019 0.014 0.014 0.953
0.377 0.032 0.057 0.533
0.017 0.02 0.026 0.936
0.074 0.023 0.127 0.776
0.04 0.076 0.111 0.774
0.028 0.016 0.027 0.929
0.027 0.013 0.015 0.946
0.012 0.059 0.035 0.893
0.036 0.061 0.319 0.584
0.083 0.04 0.058 0.819
0.242 0.033 0.048 0.677
0.073 0.042 0.075 0.81
0.122 0.129 0.158 0.591
0.044 0.012 0.013 0.931
0.035 0.037 0.114 0.813
0.086 0.011 0.012 0.891
0.077 0.01 0.01 0.903
0.248 0.014 0.015 0.723
0.079 0.016 0.018 0.887
0.089 0.057 0.042 0.812
0.079 0.026 0.014 0.881
0.078 0.01 0.013 0.898
0.287 0.065 0.095 0.553
0.063 0.015 0.019 0.903
0.343 0.015 0.041 0.601
0.11 0.012 0.011 0.866
0.024 0.042 0.739 0.194
0.078 0.014 0.012 0.897
0.077 0.009 0.012 0.902
0.123 0.016 0.015 0.845
0.076 0.012 0.011 0.9
0.075 0.011 0.01 0.903
0.018 0.063 0.044 0.875
0.093 0.055 0.722 0.13
0.02 0.373 0.593 0.015
0.014 0.023 0.95 0.013
0.116 0.058 0.109 0.717
0.026 0.098 0.861 0.016
0.049 0.149 0.782 0.02
0.019 0.206 0.761 0.014
0.028 0.283 0.612 0.077
0.059 0.033 0.868 0.04
0.032 0.209 0.738 0.02
0.165 0.259 0.502 0.074
0.017 0.045 0.929 0.009
0.053 0.015 0.909 0.022
0.013 0.067 0.871 0.049
0.531 0.404 0.045 0.019
0.039 0.466 0.257 0.237
0.627 0.128 0.05 0.195
0.021 0.824 0.138 0.016
0.282 0.582 0.125 0.012
0.292 0.195 0.478 0.036
0.303 0.564 0.113 0.02
0.019 0.915 0.044 0.022
0.166 0.302 0.515 0.017
0.666 0.272 0.045 0.017
0.528 0.336 0.119 0.017
0.325 0.649 0.014 0.012
0.106 0.358 0.503 0.034
0.803 0.158 0.022 0.017
0.511 0.437 0.04 0.012
0.046 0.604 0.315 0.034
0.037 0.674 0.218 0.071
0.289 0.555 0.093 0.063
0.244 0.698 0.028 0.03
0.044 0.82 0.101 0.034
0.367 0.361 0.247 0.025
0.101 0.856 0.032 0.011
0.415 0.387 0.184 0.014
0.544 0.368 0.076 0.012
0.022 0.935 0.024 0.018
0.033 0.853 0.059 0.055
0.262 0.487 0.186 0.065
0.039 0.859 0.02 0.082
0.021 0.334 0.63 0.015
0.01 0.943 0.025 0.021
0.023 0.927 0.019 0.031
0.028 0.551 0.375 0.046
0.013 0.957 0.015 0.015
0.027 0.893 0.035 0.045
0.035 0.913 0.028 0.025
0.022 0.919 0.037 0.022
0.019 0.946 0.018 0.017
0.016 0.752 0.22 0.012
0.014 0.569 0.407 0.009
0.009 0.969 0.011 0.011
0.009 0.969 0.012 0.01
0.012 0.957 0.016 0.015
0.019 0.947 0.019 0.015
0.018 0.921 0.034 0.027
0.01 0.95 0.025 0.015
0.012 0.942 0.025 0.022
0.112 0.667 0.12 0.1
0.125 0.842 0.019 0.014
0.011 0.921 0.018 0.05
0.011 0.844 0.112 0.033
0.02 0.777 0.186 0.017
0.02 0.548 0.407 0.024
0.015 0.873 0.098 0.014
0.022 0.93 0.028 0.02
0.017 0.894 0.033 0.056
0.013 0.921 0.051 0.016
0.012 0.962 0.013 0.013
0.012 0.962 0.013 0.013
0.012 0.962 0.013 0.013
0.013 0.905 0.06 0.022
0.015 0.96 0.013 0.013
0.018 0.193 0.773 0.016
0.011 0.961 0.014 0.014
0.56 0.131 0.191 0.119
0.024 0.929 0.024 0.023
0.016 0.913 0.043 0.028
0.031 0.905 0.019 0.044
0.375 0.478 0.108 0.038
0.013 0.957 0.015 0.015
0.502 0.423 0.055 0.02
0.013 0.958 0.014 0.015
0.021 0.255 0.422 0.302
0.09 0.552 0.146 0.213
0.026 0.717 0.13 0.127
0.121 0.521 0.117 0.241
0.056 0.158 0.729 0.057
0.09 0.407 0.444 0.059
0.256 0.098 0.539 0.106
0.162 0.055 0.611 0.172
0.046 0.152 0.651 0.151
0.042 0.405 0.436 0.117
0.048 0.707 0.083 0.163
0.082 0.025 0.869 0.024
0.065 0.014 0.706 0.216
0.016 0.017 0.022 0.945
0.017 0.145 0.149 0.688
0.05 0.016 0.41 0.525
0.027 0.54 0.386 0.046
0.028 0.024 0.017 0.932
0.046 0.012 0.014 0.928
0.036 0.021 0.237 0.706
0.012 0.021 0.052 0.915
0.021 0.025 0.385 0.569
0.017 0.02 0.168 0.794
0.071 0.012 0.1 0.817
0.02 0.023 0.942 0.016
