0.008 0.011 0.006 0.008 0.007 0.013 0.012 0.009 0.011 0.905 0.012
0.006 0.009 0.01 0.011 0.012 0.009 0.01 0.015 0.02 0.895 0.004
0.034 0.007 0.008 0.031 0.005 0.006 0.025 0.031 0.016 0.832 0.005
0.103 0.142 0.021 0.008 0.046 0.005 0.005 0.013 0.006 0.643 0.008
0.033 0.006 0.015 0.011 0.008 0.012 0.034 0.014 0.032 0.826 0.007
0.095 0.005 0.007 0.032 0.023 0.007 0.023 0.081 0.03 0.686 0.011
0.014 0.01 0.419 0.042 0.011 0.008 0.273 0.102 0.031 0.085 0.006
0.006 0.006 0.014 0.008 0.031 0.13 0.104 0.012 0.017 0.668 0.003
0.248 0.008 0.044 0.03 0.442 0.013 0.006 0.037 0.009 0.159 0.005
0.071 0.004 0.009 0.015 0.418 0.004 0.009 0.015 0.012 0.437 0.004
0.033 0.005 0.015 0.008 0.036 0.005 0.006 0.007 0.052 0.828 0.006
0.006 0.015 0.008 0.009 0.008 0.005 0.016 0.016 0.011 0.898 0.008
0.05 0.005 0.008 0.006 0.024 0.005 0.005 0.011 0.005 0.874 0.007
0.011 0.005 0.015 0.009 0.01 0.065 0.359 0.014 0.329 0.178 0.005
0.01 0.019 0.057 0.012 0.16 0.022 0.063 0.024 0.025 0.594 0.015
0.011 0.006 0.026 0.007 0.011 0.006 0.005 0.01 0.006 0.898 0.014
0.018 0.006 0.027 0.012 0.556 0.008 0.021 0.017 0.018 0.287 0.03
0.024 0.005 0.01 0.022 0.065 0.017 0.005 0.036 0.054 0.754 0.008
0.016 0.005 0.109 0.161 0.019 0.005 0.005 0.38 0.013 0.272 0.016
0.05 0.01 0.027 0.033 0.039 0.008 0.711 0.071 0.013 0.028 0.011
0.01 0.006 0.115 0.161 0.083 0.029 0.005 0.38 0.118 0.09 0.004
0.012 0.004 0.005 0.015 0.01 0.006 0.009 0.013 0.005 0.898 0.023
0.012 0.01 0.02 0.033 0.036 0.012 0.018 0.02 0.057 0.679 0.105
0.006 0.004 0.005 0.006 0.011 0.005 0.006 0.007 0.01 0.935 0.006
0.047 0.039 0.004 0.019 0.009 0.183 0.064 0.016 0.061 0.013 0.545
0.004 0.004 0.003 0.004 0.003 0.129 0.036 0.004 0.005 0.004 0.803
0.02 0.379 0.013 0.022 0.005 0.013 0.019 0.044 0.007 0.007 0.473
0.054 0.006 0.02 0.025 0.113 0.144 0.146 0.016 0.008 0.033 0.435
0.009 0.01 0.01 0.018 0.009 0.007 0.005 0.02 0.007 0.074 0.83
0.011 0.006 0.005 0.007 0.004 0.048 0.109 0.008 0.009 0.005 0.789
0.003 0.004 0.003 0.004 0.003 0.003 0.004 0.004 0.004 0.005 0.964
0.01 0.011 0.005 0.008 0.006 0.005 0.022 0.017 0.006 0.007 0.902
0.01 0.005 0.004 0.06 0.007 0.355 0.047 0.147 0.019 0.012 0.333
0.01 0.009 0.005 0.012 0.011 0.023 0.007 0.011 0.029 0.009 0.874
0.011 0.015 0.015 0.117 0.022 0.021 0.024 0.215 0.059 0.019 0.481
0.133 0.023 0.007 0.02 0.01 0.009 0.679 0.021 0.008 0.028 0.061
0.005 0.004 0.004 0.005 0.003 0.003 0.006 0.005 0.005 0.004 0.955
0.015 0.009 0.006 0.05 0.005 0.005 0.004 0.113 0.005 0.007 0.78
0.008 0.03 0.01 0.014 0.088 0.008 0.014 0.029 0.008 0.041 0.75
0.007 0.005 0.006 0.007 0.008 0.006 0.006 0.007 0.016 0.009 0.923
0.007 0.007 0.24 0.094 0.013 0.008 0.015 0.212 0.008 0.038 0.358
0.149 0.007 0.006 0.044 0.004 0.005 0.049 0.136 0.004 0.051 0.544
0.016 0.255 0.004 0.013 0.012 0.006 0.049 0.037 0.013 0.009 0.587
0.022 0.004 0.027 0.006 0.036 0.005 0.005 0.006 0.006 0.008 0.876
0.113 0.006 0.056 0.006 0.03 0.004 0.016 0.006 0.005 0.01 0.75
0.023 0.004 0.027 0.006 0.035 0.005 0.005 0.006 0.006 0.007 0.876
0.005 0.004 0.004 0.005 0.003 0.003 0.007 0.005 0.005 0.004 0.955
0.005 0.004 0.004 0.005 0.003 0.003 0.006 0.005 0.005 0.004 0.955
0.007 0.01 0.006 0.751 0.016 0.01 0.003 0.178 0.009 0.005 0.005
0.228 0.01 0.011 0.107 0.099 0.154 0.004 0.158 0.207 0.018 0.004
0.026 0.052 0.013 0.221 0.007 0.053 0.029 0.121 0.386 0.007 0.086
0.006 0.011 0.008 0.055 0.005 0.819 0.005 0.046 0.007 0.032 0.005
0.008 0.826 0.022 0.053 0.02 0.016 0.006 0.028 0.01 0.005 0.005
0.007 0.008 0.007 0.33 0.028 0.511 0.004 0.081 0.007 0.007 0.012
0.011 0.01 0.007 0.295 0.024 0.359 0.007 0.145 0.073 0.044 0.025
0.015 0.014 0.006 0.018 0.012 0.889 0.01 0.017 0.005 0.007 0.006
0.016 0.015 0.006 0.023 0.012 0.878 0.01 0.02 0.006 0.008 0.006
0.022 0.047 0.018 0.549 0.12 0.005 0.006 0.2 0.008 0.018 0.006
0.011 0.339 0.006 0.138 0.024 0.087 0.004 0.104 0.233 0.047 0.008
0.013 0.009 0.008 0.715 0.006 0.008 0.006 0.195 0.007 0.02 0.012
0.005 0.007 0.009 0.024 0.005 0.906 0.006 0.012 0.01 0.01 0.005
0.011 0.115 0.007 0.086 0.019 0.046 0.018 0.036 0.589 0.06 0.013
0.039 0.006 0.032 0.173 0.588 0.069 0.005 0.044 0.03 0.006 0.009
0.007 0.008 0.015 0.484 0.015 0.285 0.029 0.139 0.004 0.006 0.008
0.019 0.037 0.012 0.352 0.005 0.402 0.054 0.1 0.007 0.006 0.006
0.009 0.935 0.005 0.007 0.007 0.007 0.004 0.008 0.004 0.007 0.005
0.005 0.934 0.004 0.015 0.004 0.006 0.004 0.011 0.004 0.009 0.003
0.003 0.963 0.005 0.004 0.004 0.004 0.003 0.004 0.003 0.003 0.004
0.004 0.954 0.011 0.005 0.004 0.004 0.003 0.004 0.003 0.004 0.004
0.004 0.034 0.003 0.579 0.032 0.011 0.005 0.292 0.025 0.011 0.003
0.018 0.011 0.009 0.607 0.028 0.066 0.007 0.207 0.031 0.008 0.009
0.013 0.288 0.039 0.432 0.008 0.01 0.006 0.131 0.014 0.053 0.005
0.193 0.008 0.005 0.026 0.008 0.429 0.112 0.049 0.031 0.12 0.02
0.918 0.004 0.005 0.006 0.007 0.005 0.013 0.006 0.022 0.008 0.007
0.727 0.01 0.017 0.03 0.037 0.024 0.023 0.028 0.054 0.025 0.025
0.552 0.007 0.047 0.044 0.219 0.017 0.028 0.04 0.025 0.014 0.007
0.021 0.017 0.06 0.364 0.024 0.036 0.013 0.386 0.04 0.034 0.004
0.019 0.092 0.036 0.138 0.007 0.038 0.011 0.14 0.02 0.44 0.06
0.147 0.031 0.008 0.181 0.138 0.008 0.007 0.354 0.018 0.096 0.011
0.023 0.036 0.02 0.367 0.006 0.011 0.009 0.481 0.008 0.025 0.014
0.315 0.012 0.011 0.181 0.007 0.009 0.017 0.4 0.014 0.028 0.009
0.954 0.004 0.01 0.004 0.005 0.003 0.004 0.004 0.003 0.004 0.004
0.862 0.007 0.006 0.006 0.004 0.006 0.072 0.009 0.015 0.008 0.006
0.771 0.01 0.018 0.028 0.022 0.006 0.022 0.031 0.007 0.056 0.029
0.672 0.048 0.006 0.055 0.016 0.005 0.017 0.158 0.006 0.011 0.006
0.049 0.015 0.007 0.224 0.014 0.005 0.016 0.262 0.274 0.072 0.061
0.11 0.006 0.007 0.187 0.022 0.008 0.019 0.178 0.291 0.03 0.142
0.941 0.004 0.007 0.009 0.004 0.004 0.006 0.009 0.004 0.006 0.007
0.131 0.005 0.016 0.127 0.394 0.034 0.034 0.202 0.018 0.025 0.014
0.038 0.563 0.006 0.098 0.006 0.02 0.033 0.154 0.037 0.02 0.027
0.871 0.009 0.005 0.014 0.03 0.005 0.006 0.021 0.007 0.026 0.006
0.839 0.008 0.009 0.048 0.018 0.005 0.007 0.051 0.005 0.005 0.005
0.335 0.015 0.01 0.089 0.036 0.06 0.379 0.044 0.015 0.011 0.007
0.829 0.01 0.007 0.032 0.01 0.005 0.009 0.079 0.004 0.008 0.007
0.551 0.012 0.053 0.06 0.041 0.009 0.007 0.169 0.006 0.085 0.007
0.771 0.01 0.008 0.038 0.014 0.004 0.008 0.102 0.008 0.023 0.014
0.259 0.006 0.009 0.262 0.011 0.007 0.046 0.361 0.022 0.005 0.01
0.064 0.04 0.009 0.313 0.017 0.009 0.071 0.398 0.044 0.017 0.019
0.006 0.01 0.009 0.446 0.005 0.007 0.009 0.458 0.028 0.014 0.009
0.015 0.011 0.005 0.339 0.007 0.009 0.007 0.583 0.014 0.007 0.005
0.008 0.833 0.011 0.012 0.01 0.006 0.041 0.052 0.01 0.007 0.01
0.008 0.032 0.007 0.3 0.007 0.007 0.023 0.587 0.008 0.009 0.012
0.008 0.02 0.006 0.347 0.005 0.004 0.007 0.385 0.162 0.01 0.044
0.019 0.007 0.238 0.297 0.008 0.005 0.009 0.348 0.045 0.014 0.011
0.33 0.028 0.008 0.165 0.01 0.006 0.007 0.409 0.008 0.022 0.007
0.015 0.015 0.014 0.471 0.01 0.012 0.009 0.433 0.006 0.006 0.007
0.061 0.008 0.028 0.462 0.005 0.012 0.017 0.293 0.05 0.036 0.029
0.044 0.023 0.007 0.022 0.087 0.015 0.023 0.051 0.549 0.026 0.152
0.721 0.009 0.127 0.025 0.043 0.015 0.006 0.019 0.015 0.012 0.008
0.312 0.046 0.013 0.154 0.015 0.006 0.03 0.319 0.067 0.031 0.007
0.075 0.03 0.096 0.251 0.006 0.009 0.015 0.367 0.009 0.089 0.055
0.043 0.69 0.005 0.03 0.008 0.006 0.015 0.126 0.015 0.019 0.042
0.209 0.008 0.067 0.212 0.047 0.006 0.011 0.411 0.013 0.009 0.007
0.015 0.01 0.016 0.298 0.014 0.012 0.008 0.549 0.022 0.044 0.012
0.16 0.017 0.009 0.176 0.01 0.029 0.3 0.258 0.006 0.027 0.007
0.019 0.288 0.015 0.237 0.042 0.008 0.013 0.253 0.031 0.058 0.035
0.021 0.014 0.024 0.228 0.022 0.088 0.286 0.188 0.07 0.014 0.043
0.218 0.053 0.007 0.427 0.008 0.005 0.012 0.204 0.009 0.027 0.031
0.755 0.014 0.047 0.069 0.018 0.007 0.007 0.053 0.006 0.007 0.016
0.615 0.011 0.017 0.189 0.016 0.008 0.005 0.108 0.007 0.012 0.012
0.169 0.019 0.006 0.056 0.021 0.072 0.391 0.182 0.062 0.01 0.012
0.137 0.062 0.005 0.035 0.011 0.008 0.471 0.052 0.112 0.017 0.09
0.013 0.009 0.005 0.016 0.018 0.174 0.313 0.02 0.272 0.023 0.138
0.328 0.012 0.012 0.022 0.036 0.01 0.07 0.039 0.288 0.144 0.038
0.011 0.007 0.006 0.01 0.007 0.013 0.007 0.012 0.005 0.915 0.007
0.125 0.006 0.006 0.071 0.007 0.006 0.096 0.179 0.015 0.481 0.008
0.025 0.08 0.005 0.033 0.012 0.037 0.443 0.042 0.069 0.232 0.022
0.021 0.012 0.006 0.188 0.013 0.031 0.162 0.149 0.023 0.359 0.037
0.133 0.035 0.03 0.019 0.027 0.005 0.045 0.022 0.01 0.663 0.011
0.069 0.013 0.01 0.401 0.019 0.01 0.025 0.381 0.011 0.052 0.009
0.413 0.004 0.005 0.075 0.008 0.018 0.066 0.238 0.013 0.149 0.013
0.176 0.01 0.007 0.015 0.004 0.023 0.663 0.029 0.005 0.058 0.009
0.008 0.003 0.004 0.005 0.007 0.004 0.02 0.005 0.004 0.936 0.005
0.016 0.011 0.004 0.036 0.007 0.009 0.787 0.067 0.026 0.027 0.01
0.022 0.014 0.006 0.034 0.024 0.009 0.2 0.044 0.008 0.591 0.047
0.008 0.004 0.006 0.008 0.006 0.007 0.048 0.01 0.005 0.891 0.008
0.014 0.009 0.005 0.021 0.007 0.008 0.008 0.015 0.051 0.84 0.022
0.009 0.009 0.008 0.015 0.005 0.008 0.028 0.015 0.009 0.884 0.01
0.011 0.006 0.004 0.023 0.006 0.007 0.005 0.014 0.007 0.9 0.015
0.192 0.009 0.077 0.018 0.018 0.006 0.01 0.014 0.005 0.628 0.022
0.226 0.006 0.007 0.037 0.009 0.009 0.293 0.034 0.008 0.354 0.016
0.031 0.008 0.008 0.012 0.006 0.006 0.703 0.015 0.018 0.183 0.01
0.403 0.022 0.051 0.013 0.012 0.008 0.027 0.013 0.025 0.42 0.005
0.115 0.303 0.035 0.024 0.026 0.017 0.112 0.022 0.016 0.32 0.011
0.016 0.022 0.016 0.013 0.007 0.017 0.876 0.019 0.005 0.004 0.004
0.048 0.009 0.083 0.027 0.01 0.008 0.592 0.036 0.064 0.048 0.076
0.126 0.02 0.058 0.033 0.041 0.013 0.612 0.023 0.005 0.056 0.013
0.092 0.039 0.107 0.057 0.027 0.031 0.317 0.097 0.056 0.158 0.02
0.011 0.007 0.005 0.007 0.006 0.004 0.706 0.011 0.009 0.226 0.007
0.17 0.016 0.022 0.09 0.014 0.009 0.253 0.195 0.023 0.197 0.011
0.005 0.004 0.005 0.005 0.004 0.005 0.953 0.005 0.004 0.006 0.006
0.009 0.005 0.011 0.009 0.006 0.01 0.889 0.015 0.004 0.037 0.007
0.012 0.01 0.01 0.008 0.004 0.034 0.47 0.008 0.01 0.254 0.181
0.024 0.006 0.005 0.009 0.006 0.01 0.883 0.011 0.004 0.026 0.016
0.102 0.007 0.051 0.022 0.04 0.006 0.714 0.02 0.005 0.014 0.019
0.006 0.004 0.006 0.005 0.013 0.005 0.927 0.007 0.008 0.009 0.008
0.005 0.004 0.004 0.004 0.003 0.004 0.961 0.005 0.003 0.004 0.004
0.029 0.054 0.027 0.036 0.02 0.032 0.628 0.049 0.028 0.035 0.062
0.007 0.01 0.008 0.009 0.005 0.014 0.905 0.01 0.005 0.022 0.006
0.028 0.008 0.006 0.031 0.006 0.007 0.621 0.027 0.007 0.01 0.25
0.005 0.003 0.004 0.004 0.004 0.005 0.952 0.004 0.004 0.006 0.008
0.037 0.167 0.027 0.137 0.112 0.007 0.063 0.252 0.011 0.179 0.008
0.014 0.003 0.006 0.005 0.004 0.006 0.941 0.006 0.004 0.007 0.004
0.005 0.004 0.004 0.006 0.004 0.004 0.942 0.008 0.004 0.011 0.007
0.019 0.004 0.006 0.008 0.009 0.007 0.891 0.013 0.018 0.006 0.018
0.009 0.005 0.005 0.006 0.004 0.008 0.936 0.007 0.005 0.009 0.006
0.007 0.003 0.004 0.004 0.004 0.004 0.958 0.004 0.005 0.004 0.004
0.206 0.007 0.177 0.066 0.027 0.008 0.117 0.181 0.009 0.196 0.006
0.046 0.01 0.019 0.595 0.007 0.011 0.045 0.212 0.037 0.013 0.006
0.02 0.008 0.008 0.472 0.138 0.032 0.004 0.289 0.016 0.008 0.006
0.006 0.005 0.005 0.576 0.01 0.006 0.006 0.369 0.008 0.004 0.005
0.318 0.008 0.01 0.142 0.026 0.038 0.026 0.265 0.036 0.093 0.039
0.025 0.017 0.005 0.178 0.306 0.012 0.005 0.427 0.008 0.007 0.008
0.033 0.004 0.016 0.634 0.022 0.007 0.004 0.234 0.033 0.008 0.005
0.008 0.01 0.011 0.686 0.024 0.034 0.004 0.196 0.018 0.006 0.004
0.103 0.009 0.028 0.453 0.134 0.021 0.01 0.197 0.01 0.026 0.009
0.015 0.006 0.008 0.681 0.01 0.014 0.015 0.183 0.01 0.014 0.043
0.024 0.006 0.01 0.632 0.097 0.012 0.005 0.178 0.009 0.005 0.021
0.009 0.005 0.014 0.623 0.027 0.011 0.006 0.22 0.03 0.033 0.022
0.005 0.006 0.008 0.778 0.01 0.014 0.004 0.157 0.01 0.004 0.006
0.011 0.06 0.105 0.317 0.012 0.018 0.008 0.439 0.005 0.02 0.005
0.053 0.017 0.005 0.369 0.007 0.337 0.017 0.172 0.008 0.009 0.004
0.011 0.008 0.036 0.053 0.058 0.033 0.007 0.166 0.54 0.039 0.049
0.006 0.005 0.006 0.018 0.03 0.206 0.007 0.017 0.193 0.504 0.005
0.023 0.005 0.008 0.009 0.01 0.005 0.011 0.014 0.824 0.08 0.009
0.007 0.005 0.036 0.136 0.346 0.18 0.005 0.061 0.142 0.074 0.009
0.007 0.006 0.01 0.091 0.067 0.029 0.003 0.103 0.661 0.016 0.008
0.029 0.33 0.026 0.016 0.009 0.069 0.018 0.016 0.459 0.008 0.019
0.005 0.005 0.947 0.005 0.007 0.004 0.005 0.006 0.004 0.006 0.006
0.007 0.004 0.946 0.005 0.009 0.005 0.004 0.006 0.004 0.006 0.004
0.009 0.19 0.755 0.008 0.005 0.009 0.004 0.007 0.005 0.004 0.006
0.006 0.006 0.007 0.006 0.007 0.004 0.004 0.008 0.935 0.005 0.013
0.007 0.017 0.506 0.009 0.008 0.008 0.006 0.018 0.402 0.01 0.009
0.012 0.004 0.031 0.009 0.108 0.008 0.003 0.007 0.796 0.012 0.012
0.017 0.004 0.924 0.009 0.005 0.006 0.006 0.008 0.011 0.006 0.004
0.006 0.007 0.047 0.007 0.005 0.008 0.006 0.007 0.861 0.008 0.039
0.008 0.009 0.01 0.01 0.017 0.016 0.004 0.011 0.901 0.006 0.007
0.045 0.005 0.671 0.141 0.02 0.011 0.005 0.042 0.03 0.011 0.02
0.007 0.004 0.952 0.004 0.007 0.004 0.004 0.004 0.004 0.006 0.003
0.059 0.005 0.765 0.01 0.007 0.013 0.009 0.007 0.106 0.007 0.011
0.007 0.004 0.004 0.011 0.013 0.019 0.004 0.008 0.909 0.011 0.011
0.031 0.009 0.091 0.047 0.304 0.006 0.007 0.028 0.441 0.028 0.008
0.068 0.004 0.196 0.061 0.022 0.008 0.006 0.03 0.586 0.007 0.013
0.014 0.009 0.531 0.012 0.179 0.03 0.004 0.007 0.189 0.009 0.018
0.005 0.011 0.573 0.006 0.01 0.008 0.006 0.006 0.271 0.004 0.1
0.004 0.027 0.02 0.015 0.011 0.022 0.006 0.013 0.858 0.008 0.015
0.01 0.008 0.048 0.02 0.718 0.064 0.006 0.021 0.082 0.018 0.005
0.005 0.007 0.011 0.064 0.759 0.017 0.011 0.065 0.014 0.036 0.012
0.01 0.066 0.428 0.01 0.017 0.342 0.076 0.016 0.008 0.012 0.015
0.005 0.009 0.026 0.006 0.015 0.872 0.042 0.006 0.006 0.006 0.007
0.017 0.223 0.027 0.263 0.152 0.172 0.007 0.071 0.043 0.015 0.011
0.008 0.006 0.013 0.033 0.883 0.011 0.016 0.016 0.005 0.006 0.004
0.009 0.011 0.028 0.006 0.355 0.539 0.026 0.005 0.004 0.008 0.008
0.035 0.421 0.027 0.006 0.462 0.014 0.009 0.006 0.008 0.006 0.005
0.008 0.005 0.006 0.005 0.949 0.005 0.005 0.005 0.005 0.004 0.004
0.01 0.014 0.016 0.015 0.035 0.847 0.017 0.018 0.014 0.006 0.009
0.01 0.007 0.008 0.014 0.731 0.132 0.004 0.02 0.025 0.041 0.007
0.023 0.071 0.02 0.028 0.113 0.61 0.019 0.02 0.076 0.011 0.01
0.019 0.013 0.068 0.011 0.59 0.015 0.01 0.008 0.253 0.005 0.007
0.007 0.006 0.004 0.028 0.798 0.022 0.004 0.096 0.026 0.005 0.004
0.008 0.007 0.007 0.067 0.665 0.018 0.004 0.197 0.018 0.005 0.004
0.006 0.003 0.004 0.005 0.944 0.012 0.003 0.005 0.006 0.008 0.003
0.006 0.004 0.004 0.004 0.956 0.007 0.004 0.004 0.005 0.004 0.003
0.006 0.006 0.008 0.006 0.929 0.01 0.007 0.007 0.007 0.007 0.007
0.006 0.009 0.031 0.007 0.903 0.007 0.004 0.009 0.006 0.013 0.006
0.016 0.016 0.014 0.009 0.899 0.007 0.009 0.009 0.007 0.01 0.004
0.008 0.006 0.01 0.008 0.933 0.007 0.005 0.007 0.006 0.006 0.004
0.012 0.005 0.005 0.009 0.925 0.01 0.007 0.01 0.011 0.004 0.004
0.035 0.023 0.026 0.072 0.272 0.029 0.024 0.086 0.36 0.045 0.028
0.006 0.011 0.009 0.008 0.449 0.053 0.004 0.006 0.438 0.006 0.01
0.011 0.003 0.005 0.014 0.008 0.022 0.008 0.013 0.907 0.005 0.003
0.006 0.175 0.013 0.012 0.01 0.018 0.006 0.008 0.74 0.008 0.003
0.007 0.207 0.017 0.015 0.023 0.449 0.019 0.011 0.242 0.005 0.005
0.011 0.322 0.103 0.032 0.305 0.02 0.008 0.059 0.109 0.027 0.005
0.017 0.022 0.005 0.066 0.667 0.027 0.005 0.094 0.083 0.009 0.005
0.01 0.01 0.015 0.009 0.878 0.007 0.01 0.013 0.027 0.011 0.009
0.079 0.021 0.045 0.01 0.751 0.015 0.014 0.014 0.014 0.03 0.007
0.028 0.017 0.051 0.044 0.759 0.011 0.005 0.045 0.022 0.013 0.004
0.004 0.004 0.009 0.005 0.007 0.949 0.004 0.005 0.006 0.006 0.003
0.004 0.004 0.008 0.005 0.007 0.949 0.004 0.005 0.006 0.006 0.003
0.004 0.004 0.009 0.005 0.007 0.948 0.004 0.005 0.006 0.006 0.003
0.007 0.006 0.007 0.042 0.092 0.695 0.011 0.074 0.051 0.011 0.004
0.011 0.004 0.009 0.006 0.412 0.505 0.011 0.006 0.024 0.005 0.006
0.008 0.567 0.017 0.007 0.018 0.335 0.009 0.01 0.014 0.01 0.005
0.024 0.012 0.035 0.016 0.691 0.029 0.01 0.009 0.161 0.006 0.006
0.008 0.357 0.007 0.016 0.014 0.011 0.038 0.026 0.469 0.025 0.027
0.018 0.01 0.463 0.017 0.407 0.017 0.009 0.017 0.015 0.019 0.009
0.015 0.024 0.08 0.061 0.627 0.072 0.018 0.054 0.027 0.016 0.005
0.007 0.008 0.029 0.009 0.013 0.866 0.017 0.015 0.014 0.011 0.01
0.009 0.044 0.41 0.043 0.066 0.069 0.044 0.141 0.1 0.03 0.045
0.004 0.005 0.007 0.007 0.02 0.913 0.005 0.009 0.02 0.006 0.004
0.009 0.01 0.168 0.016 0.023 0.017 0.008 0.015 0.71 0.012 0.011
0.004 0.005 0.007 0.007 0.02 0.913 0.005 0.009 0.021 0.006 0.003
0.356 0.013 0.023 0.094 0.148 0.078 0.008 0.118 0.015 0.14 0.008
0.038 0.005 0.008 0.018 0.011 0.8 0.033 0.017 0.011 0.041 0.018
0.09 0.014 0.646 0.056 0.053 0.013 0.032 0.065 0.009 0.016 0.006
0.432 0.013 0.161 0.011 0.028 0.181 0.117 0.014 0.009 0.012 0.023
0.261 0.018 0.034 0.397 0.096 0.008 0.02 0.113 0.011 0.012 0.031
0.497 0.005 0.08 0.066 0.145 0.01 0.007 0.129 0.01 0.008 0.042
0.144 0.014 0.019 0.242 0.149 0.009 0.025 0.132 0.022 0.135 0.109
0.253 0.015 0.007 0.164 0.017 0.056 0.007 0.345 0.049 0.051 0.035
0.066 0.013 0.075 0.134 0.006 0.323 0.096 0.264 0.007 0.011 0.006
0.579 0.012 0.248 0.021 0.017 0.055 0.011 0.021 0.009 0.016 0.012
0.114 0.015 0.392 0.013 0.046 0.199 0.186 0.012 0.008 0.008 0.007
0.028 0.016 0.117 0.251 0.007 0.008 0.009 0.54 0.005 0.009 0.011
0.115 0.009 0.069 0.214 0.005 0.005 0.02 0.483 0.004 0.068 0.007
0.025 0.009 0.069 0.018 0.004 0.007 0.034 0.021 0.004 0.804 0.006
0.091 0.027 0.009 0.038 0.061 0.006 0.011 0.013 0.01 0.726 0.008
0.017 0.214 0.005 0.013 0.007 0.007 0.005 0.011 0.007 0.705 0.01
0.153 0.082 0.016 0.087 0.549 0.019 0.014 0.025 0.008 0.032 0.014
0.01 0.007 0.006 0.006 0.004 0.006 0.01 0.006 0.004 0.933 0.01
0.02 0.009 0.026 0.015 0.007 0.013 0.659 0.021 0.004 0.219 0.008
0.108 0.23 0.007 0.015 0.008 0.049 0.244 0.021 0.005 0.302 0.011
0.021 0.014 0.006 0.009 0.004 0.009 0.03 0.012 0.007 0.882 0.007
0.11 0.052 0.015 0.046 0.011 0.007 0.007 0.024 0.005 0.709 0.014
0.124 0.108 0.019 0.043 0.005 0.036 0.223 0.083 0.007 0.348 0.004
0.025 0.168 0.006 0.007 0.005 0.008 0.713 0.01 0.005 0.044 0.009
0.01 0.013 0.031 0.712 0.008 0.008 0.005 0.171 0.013 0.022 0.007
