0.011 0.011 0.008 0.534 0.007 0.01 0.394 0.006 0.011 0.007
0.01 0.01 0.006 0.553 0.012 0.01 0.371 0.009 0.004 0.014
0.028 0.007 0.027 0.513 0.005 0.007 0.346 0.047 0.005 0.014
0.005 0.005 0.088 0.418 0.043 0.145 0.275 0.005 0.007 0.008
0.037 0.012 0.029 0.501 0.009 0.006 0.359 0.01 0.008 0.03
0.024 0.007 0.072 0.419 0.024 0.006 0.403 0.015 0.011 0.02
0.274 0.007 0.044 0.205 0.011 0.016 0.073 0.044 0.006 0.32
0.102 0.133 0.006 0.418 0.034 0.005 0.278 0.007 0.003 0.014
0.006 0.013 0.282 0.124 0.44 0.007 0.091 0.019 0.004 0.014
0.009 0.005 0.086 0.276 0.39 0.005 0.198 0.017 0.005 0.01
0.006 0.005 0.032 0.511 0.035 0.005 0.357 0.008 0.007 0.034
0.016 0.005 0.006 0.541 0.008 0.016 0.38 0.012 0.009 0.007
0.005 0.005 0.052 0.533 0.02 0.005 0.361 0.006 0.006 0.006
0.368 0.122 0.009 0.113 0.016 0.006 0.114 0.007 0.006 0.24
0.068 0.02 0.012 0.387 0.197 0.02 0.245 0.011 0.015 0.024
0.005 0.006 0.012 0.555 0.012 0.006 0.371 0.008 0.014 0.011
0.022 0.008 0.02 0.17 0.592 0.006 0.113 0.014 0.029 0.025
0.005 0.018 0.023 0.482 0.059 0.005 0.325 0.032 0.008 0.043
0.005 0.005 0.014 0.379 0.017 0.005 0.544 0.006 0.015 0.01
0.692 0.008 0.058 0.055 0.038 0.01 0.093 0.018 0.012 0.017
0.005 0.035 0.009 0.315 0.093 0.006 0.463 0.008 0.005 0.061
0.009 0.006 0.013 0.547 0.01 0.005 0.371 0.013 0.021 0.005
0.016 0.012 0.012 0.435 0.034 0.009 0.331 0.019 0.097 0.035
0.007 0.005 0.005 0.567 0.011 0.004 0.381 0.007 0.006 0.008
0.071 0.192 0.039 0.014 0.009 0.039 0.02 0.022 0.569 0.025
0.036 0.13 0.004 0.004 0.003 0.004 0.004 0.004 0.806 0.004
0.018 0.012 0.025 0.024 0.005 0.378 0.043 0.006 0.48 0.008
0.142 0.147 0.087 0.028 0.098 0.006 0.026 0.016 0.439 0.01
0.006 0.007 0.007 0.051 0.011 0.01 0.034 0.029 0.836 0.009
0.107 0.049 0.009 0.007 0.004 0.008 0.009 0.005 0.795 0.008
0.004 0.003 0.003 0.005 0.003 0.004 0.004 0.004 0.967 0.004
0.026 0.005 0.007 0.007 0.006 0.012 0.007 0.012 0.912 0.006
0.039 0.403 0.014 0.038 0.007 0.006 0.083 0.014 0.384 0.012
0.007 0.021 0.01 0.009 0.011 0.009 0.01 0.011 0.895 0.017
0.026 0.031 0.013 0.064 0.027 0.017 0.14 0.057 0.549 0.076
0.737 0.008 0.091 0.021 0.011 0.019 0.027 0.022 0.057 0.008
0.006 0.003 0.005 0.004 0.003 0.004 0.004 0.005 0.96 0.005
0.005 0.006 0.021 0.026 0.006 0.011 0.055 0.028 0.838 0.006
0.015 0.009 0.007 0.03 0.092 0.026 0.023 0.02 0.77 0.009
0.006 0.006 0.007 0.007 0.008 0.005 0.008 0.007 0.934 0.012
0.016 0.007 0.016 0.168 0.01 0.01 0.233 0.011 0.357 0.172
0.047 0.005 0.146 0.065 0.004 0.007 0.16 0.006 0.556 0.005
0.055 0.006 0.01 0.009 0.012 0.263 0.014 0.018 0.605 0.007
0.005 0.005 0.032 0.01 0.039 0.005 0.007 0.006 0.883 0.009
0.015 0.004 0.189 0.012 0.025 0.006 0.008 0.005 0.728 0.008
0.005 0.005 0.032 0.01 0.038 0.005 0.007 0.006 0.883 0.009
0.007 0.003 0.005 0.004 0.003 0.004 0.004 0.005 0.959 0.005
0.006 0.003 0.005 0.004 0.003 0.004 0.005 0.005 0.959 0.005
0.003 0.011 0.007 0.022 0.016 0.01 0.008 0.906 0.006 0.009
0.004 0.252 0.198 0.066 0.089 0.009 0.2 0.03 0.004 0.148
0.029 0.043 0.024 0.019 0.008 0.04 0.033 0.354 0.115 0.335
0.005 0.843 0.006 0.033 0.005 0.013 0.036 0.044 0.005 0.009
0.006 0.017 0.01 0.013 0.022 0.843 0.011 0.057 0.005 0.016
0.004 0.577 0.009 0.011 0.028 0.008 0.008 0.334 0.013 0.008
0.007 0.276 0.011 0.052 0.025 0.009 0.093 0.478 0.021 0.029
0.011 0.895 0.015 0.01 0.012 0.015 0.014 0.017 0.006 0.006
0.011 0.883 0.016 0.012 0.012 0.016 0.016 0.022 0.006 0.006
0.006 0.006 0.031 0.019 0.12 0.047 0.015 0.739 0.006 0.011
0.004 0.14 0.012 0.081 0.038 0.373 0.11 0.117 0.011 0.114
0.006 0.009 0.013 0.035 0.006 0.01 0.026 0.875 0.013 0.008
0.006 0.928 0.005 0.008 0.005 0.007 0.008 0.02 0.005 0.009
0.014 0.072 0.01 0.109 0.028 0.093 0.142 0.158 0.022 0.352
0.005 0.097 0.072 0.009 0.588 0.006 0.007 0.16 0.009 0.045
0.027 0.334 0.01 0.015 0.017 0.009 0.008 0.565 0.008 0.007
0.053 0.413 0.024 0.021 0.005 0.039 0.016 0.414 0.006 0.009
0.004 0.007 0.008 0.007 0.007 0.941 0.008 0.007 0.005 0.004
0.004 0.006 0.005 0.01 0.004 0.941 0.011 0.012 0.003 0.004
0.003 0.004 0.004 0.004 0.004 0.967 0.003 0.004 0.004 0.004
0.003 0.004 0.005 0.004 0.004 0.963 0.004 0.005 0.004 0.004
0.005 0.012 0.004 0.009 0.025 0.023 0.009 0.898 0.003 0.012
0.007 0.08 0.017 0.012 0.031 0.011 0.01 0.792 0.01 0.031
0.006 0.011 0.019 0.118 0.008 0.324 0.121 0.339 0.006 0.049
0.089 0.485 0.162 0.079 0.008 0.008 0.108 0.019 0.025 0.016
0.029 0.005 0.796 0.01 0.008 0.005 0.111 0.006 0.009 0.021
0.024 0.044 0.759 0.022 0.027 0.011 0.019 0.032 0.025 0.037
0.024 0.019 0.692 0.015 0.143 0.006 0.019 0.051 0.007 0.024
0.013 0.038 0.023 0.041 0.027 0.018 0.03 0.765 0.004 0.042
0.011 0.031 0.022 0.301 0.007 0.079 0.32 0.155 0.049 0.026
0.008 0.009 0.136 0.169 0.152 0.038 0.384 0.078 0.012 0.016
0.01 0.014 0.036 0.207 0.006 0.074 0.437 0.188 0.017 0.012
0.018 0.009 0.327 0.134 0.007 0.015 0.344 0.125 0.009 0.012
0.005 0.003 0.961 0.005 0.005 0.004 0.006 0.004 0.005 0.003
0.12 0.006 0.704 0.011 0.004 0.008 0.122 0.006 0.007 0.012
0.039 0.006 0.671 0.05 0.026 0.009 0.122 0.037 0.031 0.009
0.023 0.005 0.496 0.081 0.02 0.064 0.287 0.011 0.007 0.005
0.014 0.006 0.032 0.092 0.014 0.015 0.152 0.523 0.062 0.09
0.016 0.008 0.067 0.081 0.021 0.007 0.187 0.375 0.147 0.091
0.006 0.004 0.949 0.006 0.004 0.004 0.009 0.008 0.006 0.004
0.038 0.029 0.097 0.054 0.404 0.006 0.131 0.211 0.015 0.016
0.04 0.019 0.033 0.045 0.006 0.603 0.084 0.119 0.027 0.024
0.008 0.005 0.781 0.053 0.044 0.01 0.064 0.02 0.008 0.006
0.009 0.005 0.82 0.009 0.02 0.008 0.016 0.103 0.005 0.005
0.427 0.054 0.282 0.018 0.04 0.016 0.033 0.11 0.008 0.013
0.008 0.005 0.794 0.032 0.007 0.009 0.125 0.008 0.007 0.005
0.007 0.008 0.465 0.127 0.047 0.012 0.303 0.01 0.007 0.012
0.009 0.005 0.651 0.06 0.018 0.012 0.212 0.013 0.014 0.007
0.069 0.007 0.172 0.011 0.012 0.006 0.015 0.681 0.013 0.015
0.089 0.009 0.033 0.021 0.019 0.048 0.021 0.714 0.018 0.026
0.009 0.007 0.006 0.022 0.005 0.01 0.012 0.903 0.009 0.017
0.007 0.008 0.018 0.065 0.007 0.011 0.1 0.77 0.005 0.009
0.038 0.006 0.009 0.01 0.01 0.883 0.01 0.015 0.01 0.008
0.027 0.008 0.01 0.098 0.009 0.049 0.148 0.63 0.015 0.007
0.007 0.004 0.007 0.012 0.006 0.019 0.009 0.753 0.049 0.132
0.01 0.005 0.042 0.065 0.009 0.009 0.023 0.581 0.009 0.246
0.007 0.006 0.384 0.144 0.01 0.032 0.366 0.035 0.008 0.008
0.011 0.016 0.024 0.135 0.011 0.018 0.23 0.538 0.009 0.008
0.016 0.011 0.051 0.095 0.005 0.007 0.14 0.62 0.019 0.035
0.023 0.02 0.048 0.051 0.183 0.023 0.168 0.033 0.187 0.263
0.006 0.014 0.864 0.017 0.031 0.008 0.012 0.022 0.008 0.018
0.045 0.007 0.269 0.041 0.03 0.066 0.078 0.412 0.008 0.045
0.017 0.009 0.082 0.091 0.007 0.034 0.069 0.611 0.059 0.021
0.016 0.007 0.042 0.022 0.009 0.765 0.029 0.058 0.044 0.009
0.013 0.007 0.366 0.105 0.038 0.011 0.205 0.22 0.008 0.028
0.008 0.013 0.017 0.16 0.016 0.01 0.314 0.422 0.012 0.027
0.377 0.028 0.119 0.022 0.01 0.017 0.022 0.391 0.008 0.006
0.012 0.008 0.016 0.049 0.044 0.288 0.041 0.47 0.036 0.037
0.261 0.105 0.023 0.042 0.024 0.015 0.059 0.374 0.044 0.053
0.012 0.005 0.173 0.053 0.008 0.051 0.058 0.601 0.032 0.008
0.007 0.007 0.808 0.035 0.017 0.012 0.058 0.028 0.017 0.01
0.005 0.008 0.655 0.015 0.016 0.01 0.013 0.258 0.012 0.008
0.506 0.089 0.091 0.023 0.028 0.024 0.058 0.13 0.014 0.035
0.539 0.008 0.059 0.02 0.012 0.068 0.024 0.069 0.103 0.097
0.275 0.235 0.01 0.023 0.02 0.009 0.028 0.022 0.204 0.173
0.095 0.015 0.233 0.099 0.08 0.012 0.227 0.023 0.036 0.18
0.007 0.015 0.011 0.555 0.007 0.007 0.375 0.01 0.008 0.005
0.102 0.006 0.087 0.288 0.007 0.007 0.471 0.012 0.008 0.011
0.422 0.037 0.021 0.163 0.016 0.077 0.188 0.026 0.021 0.029
0.167 0.028 0.016 0.205 0.012 0.012 0.146 0.364 0.038 0.013
0.046 0.005 0.123 0.419 0.024 0.037 0.303 0.016 0.012 0.014
0.036 0.01 0.025 0.038 0.021 0.013 0.036 0.802 0.01 0.008
0.066 0.018 0.328 0.161 0.008 0.004 0.385 0.008 0.014 0.009
0.769 0.024 0.092 0.03 0.004 0.011 0.036 0.018 0.009 0.006
0.02 0.004 0.008 0.569 0.006 0.003 0.376 0.005 0.006 0.004
0.816 0.009 0.01 0.023 0.007 0.012 0.021 0.077 0.011 0.014
0.24 0.01 0.017 0.351 0.028 0.014 0.238 0.043 0.051 0.008
0.058 0.006 0.007 0.535 0.006 0.005 0.361 0.008 0.008 0.006
0.008 0.009 0.011 0.52 0.007 0.01 0.363 0.021 0.026 0.024
0.03 0.008 0.007 0.539 0.005 0.009 0.366 0.017 0.01 0.009
0.005 0.008 0.008 0.551 0.007 0.006 0.374 0.02 0.015 0.006
0.01 0.006 0.168 0.436 0.018 0.01 0.307 0.015 0.017 0.013
0.369 0.011 0.089 0.261 0.009 0.006 0.179 0.05 0.018 0.008
0.681 0.006 0.02 0.133 0.007 0.008 0.113 0.01 0.01 0.012
0.035 0.009 0.3 0.313 0.016 0.02 0.261 0.013 0.005 0.027
0.115 0.017 0.101 0.217 0.026 0.31 0.16 0.022 0.011 0.021
0.884 0.018 0.019 0.011 0.008 0.023 0.015 0.011 0.004 0.008
0.594 0.009 0.062 0.059 0.011 0.009 0.066 0.036 0.059 0.094
0.609 0.012 0.186 0.05 0.039 0.018 0.043 0.021 0.013 0.01
0.333 0.034 0.118 0.154 0.029 0.043 0.135 0.051 0.021 0.083
0.723 0.004 0.007 0.137 0.006 0.007 0.092 0.008 0.007 0.008
0.303 0.009 0.099 0.17 0.014 0.022 0.287 0.055 0.011 0.029
0.956 0.005 0.004 0.006 0.004 0.004 0.006 0.004 0.006 0.004
0.902 0.009 0.009 0.026 0.006 0.005 0.02 0.011 0.007 0.005
0.488 0.029 0.012 0.149 0.005 0.01 0.119 0.008 0.172 0.009
0.9 0.009 0.017 0.017 0.006 0.006 0.018 0.007 0.016 0.005
0.719 0.006 0.141 0.018 0.041 0.007 0.012 0.027 0.019 0.01
0.921 0.005 0.006 0.01 0.013 0.004 0.023 0.004 0.008 0.006
0.966 0.004 0.004 0.004 0.003 0.004 0.004 0.004 0.004 0.003
0.65 0.033 0.029 0.036 0.021 0.056 0.035 0.046 0.066 0.028
0.913 0.014 0.007 0.018 0.005 0.009 0.015 0.008 0.006 0.006
0.626 0.007 0.024 0.01 0.006 0.009 0.011 0.037 0.264 0.007
0.956 0.005 0.004 0.005 0.004 0.003 0.005 0.004 0.008 0.004
0.065 0.007 0.029 0.201 0.122 0.176 0.325 0.055 0.007 0.011
0.949 0.006 0.012 0.006 0.004 0.003 0.007 0.004 0.004 0.004
0.948 0.004 0.004 0.009 0.004 0.004 0.008 0.007 0.007 0.004
0.894 0.008 0.016 0.008 0.009 0.004 0.025 0.007 0.018 0.012
0.942 0.009 0.008 0.008 0.004 0.005 0.007 0.006 0.006 0.005
0.955 0.004 0.006 0.004 0.004 0.003 0.012 0.004 0.004 0.004
0.137 0.009 0.187 0.236 0.028 0.008 0.332 0.024 0.005 0.034
0.049 0.012 0.046 0.027 0.007 0.009 0.029 0.776 0.006 0.04
0.004 0.033 0.029 0.024 0.107 0.008 0.024 0.754 0.006 0.011
0.005 0.006 0.006 0.037 0.008 0.005 0.042 0.881 0.005 0.006
0.031 0.042 0.222 0.12 0.028 0.009 0.272 0.209 0.041 0.026
0.006 0.012 0.046 0.123 0.398 0.02 0.289 0.088 0.012 0.007
0.004 0.006 0.035 0.011 0.021 0.004 0.01 0.876 0.005 0.026
0.004 0.034 0.01 0.042 0.03 0.01 0.022 0.822 0.004 0.024
0.009 0.021 0.116 0.037 0.114 0.009 0.033 0.641 0.008 0.011
0.011 0.015 0.011 0.044 0.01 0.006 0.016 0.84 0.035 0.01
0.006 0.019 0.042 0.021 0.118 0.007 0.008 0.744 0.025 0.01
0.006 0.01 0.009 0.021 0.026 0.006 0.017 0.863 0.019 0.023
0.004 0.016 0.006 0.049 0.011 0.006 0.012 0.878 0.006 0.013
0.007 0.02 0.013 0.291 0.014 0.06 0.456 0.123 0.005 0.01
0.018 0.361 0.052 0.068 0.008 0.016 0.143 0.321 0.004 0.008
0.008 0.038 0.012 0.043 0.085 0.008 0.027 0.093 0.057 0.63
0.007 0.27 0.006 0.341 0.035 0.006 0.219 0.02 0.006 0.091
0.009 0.008 0.015 0.133 0.047 0.006 0.219 0.013 0.025 0.524
0.005 0.247 0.008 0.053 0.388 0.005 0.04 0.166 0.009 0.079
0.004 0.04 0.008 0.025 0.166 0.006 0.021 0.142 0.01 0.578
0.02 0.086 0.028 0.014 0.011 0.33 0.013 0.018 0.023 0.457
0.007 0.007 0.101 0.188 0.026 0.019 0.01 0.012 0.007 0.622
0.006 0.03 0.133 0.183 0.118 0.01 0.016 0.012 0.005 0.487
0.005 0.011 0.095 0.138 0.006 0.288 0.009 0.007 0.007 0.435
0.004 0.007 0.008 0.01 0.039 0.009 0.019 0.01 0.017 0.878
0.006 0.008 0.045 0.125 0.008 0.03 0.015 0.008 0.008 0.747
0.004 0.01 0.01 0.01 0.078 0.004 0.007 0.01 0.011 0.857
0.006 0.006 0.124 0.17 0.005 0.006 0.009 0.007 0.004 0.662
0.005 0.007 0.006 0.008 0.005 0.006 0.006 0.007 0.024 0.927
0.004 0.044 0.009 0.011 0.017 0.008 0.011 0.014 0.007 0.875
0.006 0.022 0.189 0.133 0.039 0.005 0.013 0.075 0.017 0.502
0.007 0.007 0.148 0.176 0.03 0.008 0.01 0.006 0.004 0.604
0.009 0.019 0.127 0.137 0.009 0.013 0.021 0.009 0.012 0.644
0.005 0.165 0.007 0.026 0.045 0.004 0.017 0.022 0.023 0.685
0.006 0.009 0.032 0.032 0.274 0.008 0.019 0.049 0.006 0.564
0.006 0.007 0.081 0.025 0.017 0.004 0.012 0.025 0.008 0.816
0.004 0.017 0.062 0.045 0.168 0.008 0.007 0.008 0.018 0.663
0.007 0.01 0.064 0.099 0.013 0.025 0.006 0.007 0.04 0.729
0.004 0.021 0.004 0.009 0.011 0.015 0.006 0.016 0.01 0.904
0.006 0.056 0.012 0.023 0.767 0.008 0.021 0.019 0.005 0.083
0.01 0.02 0.006 0.026 0.798 0.007 0.02 0.089 0.011 0.013
0.123 0.3 0.039 0.106 0.018 0.091 0.026 0.009 0.017 0.272
0.059 0.866 0.006 0.008 0.02 0.01 0.006 0.007 0.008 0.01
0.007 0.21 0.021 0.024 0.173 0.244 0.018 0.206 0.013 0.082
0.016 0.01 0.009 0.007 0.906 0.006 0.006 0.032 0.004 0.006
0.035 0.516 0.013 0.009 0.383 0.012 0.007 0.006 0.009 0.009
0.009 0.013 0.043 0.008 0.463 0.432 0.007 0.006 0.006 0.013
0.005 0.005 0.008 0.005 0.954 0.005 0.005 0.005 0.004 0.005
0.023 0.848 0.01 0.01 0.042 0.015 0.009 0.014 0.009 0.02
0.004 0.102 0.01 0.024 0.787 0.007 0.02 0.02 0.007 0.018
0.017 0.648 0.019 0.013 0.134 0.064 0.014 0.027 0.01 0.053
0.009 0.015 0.023 0.013 0.668 0.01 0.06 0.009 0.006 0.186
0.004 0.023 0.006 0.032 0.833 0.007 0.069 0.007 0.004 0.015
0.004 0.016 0.008 0.056 0.756 0.008 0.116 0.021 0.004 0.011
0.004 0.013 0.007 0.007 0.946 0.004 0.006 0.006 0.003 0.005
0.004 0.007 0.007 0.004 0.959 0.004 0.004 0.004 0.003 0.005
0.007 0.009 0.007 0.007 0.939 0.006 0.007 0.005 0.007 0.007
0.004 0.006 0.007 0.012 0.929 0.008 0.009 0.007 0.006 0.011
0.009 0.007 0.018 0.01 0.907 0.017 0.011 0.009 0.004 0.009
0.005 0.007 0.008 0.007 0.941 0.006 0.007 0.008 0.004 0.007
0.007 0.01 0.011 0.005 0.934 0.005 0.006 0.011 0.004 0.008
0.023 0.025 0.022 0.047 0.397 0.017 0.155 0.051 0.024 0.239
0.004 0.063 0.006 0.014 0.535 0.01 0.077 0.011 0.018 0.263
0.013 0.256 0.024 0.008 0.071 0.004 0.044 0.022 0.003 0.556
0.012 0.197 0.01 0.01 0.057 0.176 0.023 0.016 0.003 0.495
0.016 0.507 0.008 0.006 0.026 0.218 0.009 0.02 0.005 0.186
0.007 0.022 0.014 0.051 0.281 0.345 0.043 0.025 0.005 0.207
0.005 0.038 0.017 0.024 0.727 0.024 0.034 0.093 0.005 0.033
0.01 0.008 0.01 0.012 0.893 0.011 0.011 0.01 0.01 0.025
0.014 0.015 0.092 0.029 0.764 0.019 0.027 0.008 0.007 0.025
0.005 0.011 0.033 0.018 0.798 0.017 0.018 0.049 0.004 0.046
0.004 0.954 0.004 0.006 0.007 0.004 0.005 0.005 0.003 0.007
0.004 0.954 0.004 0.006 0.007 0.004 0.005 0.005 0.003 0.007
0.004 0.954 0.004 0.006 0.007 0.004 0.005 0.005 0.003 0.007
0.01 0.756 0.008 0.018 0.098 0.006 0.027 0.048 0.005 0.024
0.009 0.523 0.015 0.006 0.406 0.005 0.006 0.006 0.006 0.017
0.008 0.321 0.008 0.014 0.019 0.588 0.013 0.006 0.005 0.017
0.009 0.039 0.026 0.009 0.74 0.01 0.03 0.013 0.005 0.119
0.032 0.02 0.009 0.073 0.033 0.374 0.088 0.049 0.071 0.251
0.01 0.021 0.059 0.071 0.575 0.015 0.014 0.022 0.01 0.204
0.02 0.064 0.017 0.023 0.626 0.025 0.02 0.1 0.005 0.099
0.018 0.884 0.008 0.014 0.014 0.009 0.01 0.011 0.009 0.022
0.049 0.058 0.036 0.134 0.063 0.05 0.04 0.068 0.044 0.459
0.005 0.929 0.004 0.006 0.019 0.005 0.006 0.008 0.003 0.014
0.007 0.012 0.013 0.053 0.02 0.007 0.062 0.013 0.018 0.795
0.005 0.929 0.004 0.006 0.02 0.005 0.006 0.008 0.004 0.014
0.007 0.086 0.3 0.127 0.147 0.013 0.233 0.055 0.009 0.022
0.033 0.808 0.041 0.031 0.011 0.006 0.029 0.016 0.017 0.009
0.026 0.018 0.349 0.114 0.104 0.021 0.02 0.234 0.006 0.109
0.09 0.181 0.624 0.026 0.022 0.011 0.011 0.009 0.015 0.012
0.019 0.007 0.354 0.047 0.089 0.017 0.04 0.374 0.03 0.021
0.006 0.01 0.679 0.039 0.085 0.005 0.087 0.022 0.045 0.023
0.024 0.009 0.221 0.127 0.133 0.015 0.154 0.194 0.105 0.017
0.007 0.05 0.268 0.143 0.021 0.015 0.357 0.055 0.039 0.047
0.097 0.323 0.158 0.121 0.008 0.015 0.212 0.044 0.007 0.015
0.012 0.063 0.782 0.026 0.016 0.013 0.017 0.015 0.014 0.043
0.165 0.216 0.392 0.059 0.059 0.026 0.014 0.017 0.007 0.045
0.01 0.008 0.051 0.324 0.009 0.022 0.529 0.027 0.012 0.009
0.018 0.006 0.139 0.278 0.005 0.01 0.519 0.012 0.008 0.006
0.04 0.007 0.02 0.524 0.004 0.01 0.356 0.023 0.006 0.009
0.011 0.007 0.076 0.47 0.053 0.023 0.323 0.021 0.008 0.009
0.005 0.007 0.012 0.426 0.007 0.221 0.297 0.01 0.009 0.006
0.014 0.018 0.249 0.037 0.492 0.076 0.036 0.051 0.014 0.012
0.01 0.006 0.007 0.563 0.004 0.007 0.384 0.006 0.01 0.004
0.706 0.012 0.015 0.125 0.007 0.009 0.09 0.021 0.008 0.007
0.251 0.048 0.071 0.206 0.007 0.236 0.158 0.008 0.011 0.006
0.031 0.011 0.01 0.539 0.004 0.014 0.369 0.009 0.007 0.006
0.007 0.007 0.074 0.47 0.011 0.056 0.327 0.029 0.014 0.007
0.217 0.041 0.094 0.22 0.005 0.094 0.305 0.011 0.004 0.009
0.735 0.007 0.018 0.025 0.004 0.169 0.024 0.005 0.008 0.005
0.005 0.009 0.016 0.08 0.008 0.015 0.043 0.776 0.008 0.04
