0.011 0.938 0.01 0.032 0.009
0.023 0.928 0.031 0.008 0.01
0.011 0.908 0.008 0.01 0.064
0.022 0.832 0.126 0.009 0.011
0.018 0.938 0.009 0.017 0.017
0.02 0.917 0.006 0.015 0.041
0.357 0.424 0.045 0.103 0.072
0.093 0.824 0.037 0.037 0.008
0.415 0.438 0.023 0.006 0.117
0.192 0.696 0.01 0.008 0.095
0.041 0.925 0.006 0.008 0.019
0.009 0.937 0.01 0.03 0.015
0.016 0.958 0.005 0.007 0.015
0.229 0.601 0.033 0.127 0.01
0.243 0.648 0.027 0.068 0.014
0.015 0.962 0.007 0.008 0.008
0.575 0.354 0.008 0.046 0.018
0.217 0.73 0.01 0.008 0.036
0.011 0.572 0.391 0.012 0.014
0.06 0.212 0.026 0.527 0.174
0.075 0.37 0.533 0.007 0.015
0.008 0.944 0.01 0.02 0.019
0.083 0.686 0.023 0.175 0.034
0.012 0.969 0.005 0.006 0.007
0.019 0.022 0.036 0.826 0.097
0.006 0.007 0.014 0.966 0.007
0.008 0.009 0.384 0.57 0.029
0.044 0.034 0.039 0.822 0.062
0.037 0.117 0.009 0.811 0.026
0.008 0.008 0.013 0.959 0.011
0.005 0.008 0.005 0.976 0.006
0.013 0.017 0.013 0.946 0.011
0.028 0.02 0.052 0.736 0.163
0.014 0.011 0.01 0.95 0.014
0.091 0.029 0.084 0.616 0.18
0.008 0.09 0.02 0.826 0.056
0.005 0.006 0.005 0.975 0.009
0.008 0.012 0.028 0.772 0.179
0.078 0.059 0.015 0.827 0.021
0.013 0.012 0.006 0.96 0.009
0.07 0.156 0.316 0.435 0.022
0.006 0.117 0.01 0.731 0.136
0.009 0.014 0.233 0.73 0.014
0.041 0.011 0.008 0.925 0.016
0.023 0.014 0.006 0.944 0.014
0.04 0.01 0.008 0.925 0.016
0.005 0.006 0.005 0.975 0.009
0.005 0.006 0.005 0.975 0.008
0.028 0.007 0.251 0.006 0.708
0.447 0.119 0.058 0.005 0.372
0.149 0.013 0.117 0.197 0.525
0.009 0.01 0.963 0.005 0.014
0.01 0.006 0.965 0.006 0.013
0.024 0.009 0.927 0.011 0.028
0.156 0.076 0.127 0.023 0.619
0.01 0.008 0.959 0.009 0.013
0.01 0.008 0.961 0.009 0.013
0.059 0.025 0.286 0.009 0.621
0.043 0.034 0.871 0.006 0.047
0.01 0.031 0.243 0.011 0.705
0.024 0.007 0.936 0.02 0.012
0.244 0.148 0.112 0.04 0.457
0.887 0.009 0.014 0.009 0.082
0.013 0.008 0.909 0.015 0.054
0.011 0.008 0.869 0.045 0.067
0.007 0.007 0.973 0.005 0.008
0.006 0.008 0.963 0.006 0.017
0.006 0.005 0.979 0.005 0.006
0.006 0.005 0.977 0.005 0.006
0.126 0.023 0.384 0.007 0.46
0.115 0.016 0.275 0.018 0.575
0.015 0.07 0.666 0.006 0.243
0.05 0.23 0.097 0.555 0.068
0.015 0.722 0.008 0.047 0.208
0.124 0.068 0.009 0.053 0.746
0.223 0.034 0.008 0.02 0.714
0.512 0.069 0.04 0.008 0.37
0.026 0.512 0.15 0.058 0.254
0.034 0.206 0.499 0.01 0.251
0.015 0.055 0.21 0.018 0.703
0.011 0.167 0.022 0.014 0.786
0.01 0.218 0.006 0.025 0.741
0.014 0.748 0.016 0.042 0.181
0.017 0.654 0.011 0.153 0.166
0.011 0.573 0.041 0.022 0.353
0.033 0.056 0.011 0.037 0.863
0.018 0.044 0.009 0.122 0.807
0.006 0.056 0.006 0.01 0.921
0.322 0.089 0.01 0.043 0.536
0.016 0.04 0.563 0.053 0.328
0.014 0.594 0.007 0.009 0.376
0.009 0.021 0.011 0.008 0.951
0.06 0.034 0.049 0.401 0.456
0.008 0.101 0.012 0.015 0.865
0.022 0.75 0.017 0.008 0.203
0.014 0.58 0.018 0.024 0.364
0.01 0.018 0.008 0.02 0.944
0.076 0.086 0.025 0.044 0.768
0.086 0.075 0.111 0.013 0.714
0.008 0.007 0.013 0.006 0.966
0.015 0.015 0.895 0.055 0.02
0.01 0.015 0.037 0.019 0.919
0.172 0.023 0.045 0.049 0.711
0.239 0.044 0.04 0.021 0.656
0.01 0.16 0.056 0.012 0.763
0.014 0.008 0.038 0.011 0.93
0.009 0.021 0.014 0.026 0.93
0.474 0.213 0.027 0.226 0.06
0.076 0.027 0.012 0.012 0.873
0.066 0.399 0.046 0.021 0.468
0.016 0.124 0.025 0.032 0.803
0.008 0.046 0.761 0.092 0.092
0.018 0.01 0.012 0.008 0.952
0.055 0.11 0.078 0.016 0.741
0.013 0.055 0.011 0.076 0.845
0.173 0.141 0.424 0.047 0.216
0.076 0.022 0.192 0.501 0.208
0.006 0.018 0.018 0.019 0.938
0.022 0.01 0.013 0.02 0.935
0.011 0.018 0.019 0.012 0.941
0.026 0.258 0.027 0.189 0.5
0.017 0.187 0.033 0.631 0.131
0.165 0.087 0.029 0.68 0.039
0.05 0.867 0.012 0.036 0.036
0.008 0.952 0.022 0.008 0.01
0.008 0.873 0.012 0.037 0.07
0.019 0.829 0.02 0.102 0.03
0.025 0.536 0.018 0.156 0.265
0.014 0.894 0.019 0.026 0.048
0.033 0.392 0.042 0.016 0.517
0.009 0.793 0.008 0.019 0.171
0.005 0.538 0.018 0.285 0.154
0.005 0.97 0.005 0.014 0.006
0.009 0.127 0.011 0.767 0.086
0.012 0.86 0.017 0.084 0.027
0.007 0.965 0.006 0.013 0.009
0.013 0.939 0.01 0.015 0.023
0.008 0.96 0.009 0.012 0.011
0.008 0.957 0.012 0.008 0.015
0.016 0.928 0.014 0.015 0.027
0.009 0.811 0.009 0.094 0.078
0.009 0.904 0.007 0.066 0.014
0.017 0.947 0.009 0.009 0.017
0.023 0.62 0.244 0.072 0.041
0.016 0.008 0.056 0.871 0.049
0.028 0.023 0.02 0.826 0.103
0.015 0.16 0.022 0.735 0.068
0.104 0.402 0.062 0.206 0.226
0.011 0.554 0.009 0.404 0.022
0.023 0.615 0.013 0.036 0.313
0.006 0.014 0.006 0.966 0.008
0.012 0.122 0.006 0.847 0.014
0.007 0.046 0.009 0.93 0.009
0.007 0.029 0.017 0.936 0.012
0.016 0.031 0.011 0.891 0.051
0.01 0.024 0.006 0.953 0.007
0.004 0.011 0.006 0.971 0.008
0.035 0.088 0.066 0.729 0.081
0.009 0.291 0.024 0.661 0.014
0.006 0.009 0.011 0.955 0.018
0.004 0.005 0.005 0.98 0.005
0.023 0.281 0.59 0.039 0.067
0.006 0.029 0.009 0.938 0.018
0.005 0.103 0.006 0.873 0.013
0.01 0.013 0.006 0.963 0.008
0.006 0.027 0.007 0.952 0.007
0.008 0.02 0.005 0.959 0.008
0.034 0.827 0.025 0.025 0.089
0.02 0.019 0.03 0.027 0.905
0.074 0.008 0.034 0.006 0.878
0.01 0.005 0.017 0.006 0.962
0.049 0.481 0.021 0.069 0.38
0.072 0.013 0.614 0.011 0.29
0.014 0.009 0.011 0.005 0.961
0.153 0.009 0.247 0.005 0.586
0.04 0.018 0.023 0.01 0.909
0.016 0.022 0.21 0.058 0.693
0.04 0.007 0.217 0.019 0.718
0.16 0.061 0.088 0.027 0.664
0.024 0.005 0.292 0.006 0.673
0.008 0.111 0.822 0.009 0.051
0.012 0.023 0.702 0.012 0.252
0.938 0.014 0.011 0.016 0.02
0.204 0.482 0.292 0.009 0.013
0.502 0.402 0.008 0.049 0.038
0.798 0.032 0.106 0.006 0.057
0.913 0.01 0.032 0.006 0.04
0.17 0.012 0.585 0.205 0.028
0.936 0.014 0.029 0.009 0.012
0.935 0.015 0.019 0.009 0.022
0.244 0.01 0.712 0.012 0.022
0.93 0.011 0.016 0.024 0.019
0.916 0.017 0.039 0.013 0.015
0.971 0.008 0.006 0.008 0.007
0.798 0.028 0.075 0.015 0.083
0.889 0.008 0.007 0.084 0.012
0.94 0.008 0.018 0.01 0.024
0.597 0.019 0.037 0.02 0.328
0.884 0.047 0.027 0.015 0.027
0.918 0.019 0.024 0.014 0.025
0.954 0.017 0.007 0.008 0.014
0.918 0.02 0.01 0.007 0.045
0.694 0.013 0.027 0.023 0.242
0.966 0.007 0.009 0.008 0.01
0.905 0.006 0.039 0.038 0.012
0.939 0.008 0.027 0.015 0.011
0.957 0.011 0.009 0.006 0.016
0.861 0.053 0.033 0.016 0.037
0.226 0.011 0.685 0.067 0.011
0.257 0.007 0.604 0.125 0.007
0.132 0.013 0.797 0.01 0.049
0.903 0.009 0.037 0.015 0.037
0.586 0.011 0.34 0.051 0.012
0.304 0.029 0.606 0.024 0.037
0.962 0.007 0.007 0.009 0.015
0.217 0.006 0.72 0.051 0.007
0.915 0.035 0.021 0.006 0.023
0.479 0.008 0.467 0.038 0.009
0.962 0.009 0.012 0.009 0.009
0.324 0.008 0.652 0.005 0.011
0.303 0.006 0.654 0.005 0.032
0.963 0.011 0.008 0.005 0.012
0.97 0.006 0.006 0.006 0.011
0.914 0.012 0.047 0.011 0.017
0.966 0.009 0.01 0.006 0.01
0.941 0.015 0.014 0.01 0.02
0.945 0.009 0.021 0.007 0.018
0.903 0.009 0.011 0.009 0.068
0.792 0.117 0.032 0.024 0.035
0.964 0.01 0.012 0.007 0.007
0.912 0.046 0.01 0.008 0.024
0.751 0.033 0.199 0.006 0.011
0.507 0.007 0.46 0.012 0.014
0.311 0.028 0.627 0.007 0.027
0.812 0.009 0.076 0.006 0.097
0.945 0.013 0.016 0.007 0.018
0.852 0.08 0.024 0.012 0.032
0.908 0.016 0.027 0.005 0.044
0.952 0.007 0.022 0.012 0.006
0.952 0.007 0.023 0.011 0.007
0.952 0.007 0.023 0.012 0.006
0.614 0.009 0.332 0.018 0.027
0.955 0.006 0.013 0.017 0.008
0.023 0.014 0.946 0.008 0.009
0.97 0.008 0.009 0.006 0.007
0.178 0.083 0.224 0.443 0.072
0.947 0.015 0.012 0.011 0.015
0.93 0.013 0.018 0.008 0.032
0.883 0.012 0.035 0.057 0.013
0.869 0.023 0.026 0.052 0.029
0.957 0.007 0.015 0.012 0.009
0.891 0.036 0.009 0.027 0.038
0.957 0.007 0.014 0.012 0.009
0.145 0.369 0.091 0.009 0.386
0.1 0.021 0.32 0.499 0.06
0.473 0.056 0.047 0.028 0.395
0.08 0.021 0.041 0.787 0.071
0.037 0.013 0.042 0.028 0.88
0.082 0.013 0.011 0.021 0.873
0.023 0.051 0.034 0.055 0.838
0.066 0.165 0.134 0.03 0.605
0.032 0.018 0.683 0.133 0.133
0.083 0.039 0.07 0.039 0.769
0.436 0.019 0.105 0.377 0.063
0.015 0.067 0.544 0.015 0.359
0.008 0.324 0.359 0.023 0.285
0.008 0.942 0.011 0.017 0.022
0.037 0.865 0.023 0.009 0.066
0.007 0.768 0.198 0.01 0.017
0.255 0.039 0.085 0.021 0.6
0.007 0.969 0.006 0.011 0.006
0.008 0.593 0.013 0.374 0.012
0.009 0.547 0.306 0.117 0.021
0.008 0.959 0.009 0.011 0.013
0.009 0.875 0.022 0.01 0.083
0.014 0.716 0.133 0.064 0.072
0.006 0.304 0.137 0.54 0.013
0.022 0.02 0.304 0.009 0.646
