0.006 0.012 0.01 0.01 0.008 0.901 0.012 0.013 0.007 0.005 0.006 0.012
0.009 0.004 0.018 0.008 0.006 0.892 0.01 0.009 0.01 0.01 0.01 0.014
0.008 0.005 0.014 0.007 0.027 0.808 0.022 0.006 0.004 0.033 0.03 0.036
0.021 0.007 0.005 0.137 0.09 0.619 0.005 0.005 0.046 0.004 0.005 0.055
0.015 0.008 0.03 0.006 0.033 0.793 0.034 0.012 0.008 0.011 0.012 0.038
0.007 0.011 0.026 0.005 0.027 0.558 0.021 0.006 0.023 0.057 0.038 0.223
0.353 0.006 0.023 0.008 0.011 0.101 0.259 0.008 0.01 0.1 0.078 0.043
0.011 0.003 0.014 0.005 0.005 0.674 0.1 0.129 0.029 0.007 0.008 0.015
0.037 0.004 0.009 0.006 0.305 0.164 0.005 0.012 0.39 0.014 0.018 0.035
0.008 0.004 0.012 0.004 0.105 0.389 0.009 0.004 0.395 0.019 0.019 0.03
0.014 0.007 0.045 0.005 0.046 0.812 0.006 0.005 0.034 0.006 0.008 0.012
0.008 0.008 0.01 0.01 0.005 0.896 0.016 0.005 0.007 0.013 0.011 0.011
0.008 0.006 0.005 0.004 0.072 0.809 0.005 0.005 0.025 0.02 0.014 0.027
0.013 0.006 0.336 0.005 0.009 0.156 0.359 0.058 0.01 0.007 0.007 0.035
0.043 0.013 0.02 0.018 0.009 0.633 0.053 0.02 0.148 0.011 0.01 0.022
0.027 0.013 0.005 0.007 0.011 0.882 0.005 0.006 0.01 0.015 0.01 0.01
0.024 0.024 0.014 0.005 0.021 0.334 0.019 0.008 0.497 0.024 0.018 0.011
0.009 0.008 0.052 0.005 0.023 0.7 0.005 0.018 0.07 0.034 0.03 0.046
0.152 0.015 0.01 0.004 0.017 0.385 0.004 0.005 0.017 0.007 0.023 0.362
0.024 0.011 0.011 0.009 0.039 0.04 0.684 0.008 0.036 0.021 0.021 0.096
0.161 0.004 0.093 0.006 0.01 0.224 0.005 0.029 0.078 0.01 0.028 0.352
0.005 0.029 0.005 0.004 0.013 0.871 0.009 0.006 0.01 0.015 0.015 0.019
0.018 0.097 0.046 0.009 0.01 0.685 0.017 0.01 0.03 0.02 0.039 0.02
0.005 0.006 0.01 0.004 0.005 0.925 0.006 0.005 0.011 0.008 0.008 0.008
0.004 0.548 0.059 0.04 0.032 0.013 0.056 0.181 0.009 0.014 0.02 0.024
0.003 0.803 0.005 0.004 0.004 0.004 0.033 0.128 0.003 0.004 0.005 0.004
0.011 0.464 0.006 0.364 0.014 0.007 0.018 0.013 0.005 0.006 0.013 0.079
0.017 0.42 0.008 0.006 0.081 0.028 0.143 0.135 0.096 0.016 0.027 0.023
0.01 0.806 0.006 0.008 0.007 0.065 0.005 0.007 0.01 0.033 0.024 0.019
0.005 0.788 0.009 0.006 0.008 0.005 0.109 0.043 0.004 0.005 0.006 0.013
0.003 0.961 0.004 0.003 0.003 0.005 0.004 0.003 0.003 0.003 0.004 0.004
0.005 0.866 0.006 0.012 0.006 0.007 0.019 0.005 0.006 0.038 0.021 0.01
0.004 0.31 0.021 0.005 0.007 0.01 0.043 0.344 0.006 0.011 0.037 0.201
0.005 0.866 0.029 0.008 0.01 0.009 0.006 0.024 0.01 0.01 0.011 0.009
0.013 0.474 0.063 0.015 0.008 0.017 0.022 0.018 0.021 0.028 0.071 0.249
0.007 0.058 0.008 0.022 0.122 0.029 0.664 0.009 0.01 0.019 0.021 0.033
0.004 0.951 0.005 0.004 0.005 0.004 0.007 0.003 0.003 0.005 0.005 0.004
0.005 0.764 0.005 0.008 0.014 0.007 0.004 0.005 0.005 0.023 0.038 0.121
0.008 0.71 0.006 0.027 0.005 0.035 0.013 0.008 0.083 0.059 0.034 0.011
0.005 0.916 0.018 0.004 0.007 0.008 0.006 0.007 0.008 0.006 0.007 0.008
0.25 0.344 0.009 0.007 0.005 0.055 0.015 0.008 0.013 0.014 0.028 0.251
0.006 0.527 0.004 0.007 0.047 0.036 0.058 0.005 0.004 0.007 0.021 0.278
0.004 0.542 0.012 0.232 0.009 0.01 0.042 0.006 0.012 0.072 0.044 0.016
0.027 0.854 0.005 0.005 0.037 0.008 0.005 0.005 0.037 0.005 0.006 0.006
0.038 0.711 0.005 0.005 0.175 0.008 0.014 0.004 0.023 0.005 0.005 0.008
0.028 0.853 0.005 0.004 0.037 0.008 0.005 0.005 0.037 0.005 0.006 0.006
0.004 0.951 0.005 0.004 0.005 0.004 0.006 0.003 0.003 0.005 0.005 0.004
0.004 0.951 0.005 0.004 0.005 0.004 0.007 0.003 0.003 0.005 0.005 0.004
0.005 0.005 0.009 0.008 0.006 0.004 0.003 0.008 0.011 0.398 0.535 0.006
0.01 0.004 0.165 0.01 0.052 0.011 0.003 0.119 0.088 0.062 0.095 0.381
0.013 0.102 0.324 0.045 0.028 0.007 0.026 0.051 0.008 0.194 0.192 0.011
0.008 0.005 0.007 0.009 0.005 0.029 0.005 0.75 0.005 0.047 0.084 0.046
0.023 0.005 0.009 0.791 0.008 0.006 0.007 0.015 0.024 0.045 0.053 0.015
0.007 0.009 0.005 0.007 0.007 0.006 0.004 0.403 0.025 0.218 0.303 0.005
0.007 0.024 0.059 0.009 0.01 0.058 0.007 0.352 0.027 0.176 0.246 0.025
0.006 0.006 0.005 0.015 0.013 0.007 0.01 0.827 0.011 0.03 0.05 0.02
0.006 0.006 0.006 0.015 0.013 0.007 0.01 0.815 0.012 0.033 0.055 0.024
0.015 0.006 0.009 0.067 0.033 0.017 0.006 0.005 0.129 0.326 0.369 0.018
0.006 0.007 0.215 0.321 0.007 0.034 0.004 0.065 0.023 0.074 0.1 0.143
0.008 0.012 0.008 0.011 0.013 0.024 0.006 0.007 0.006 0.382 0.496 0.027
0.009 0.005 0.009 0.008 0.005 0.008 0.007 0.873 0.005 0.028 0.036 0.008
0.006 0.015 0.524 0.105 0.009 0.06 0.019 0.05 0.017 0.063 0.113 0.019
0.022 0.008 0.028 0.005 0.055 0.005 0.005 0.061 0.503 0.134 0.168 0.008
0.012 0.006 0.004 0.007 0.007 0.005 0.033 0.195 0.013 0.303 0.406 0.008
0.01 0.006 0.006 0.032 0.014 0.006 0.052 0.365 0.004 0.206 0.287 0.013
0.005 0.005 0.004 0.925 0.008 0.007 0.004 0.006 0.007 0.01 0.008 0.009
0.004 0.003 0.004 0.922 0.004 0.008 0.004 0.006 0.004 0.009 0.014 0.019
0.004 0.004 0.003 0.961 0.004 0.003 0.003 0.004 0.004 0.004 0.004 0.003
0.011 0.004 0.003 0.952 0.004 0.003 0.003 0.004 0.004 0.004 0.004 0.004
0.003 0.004 0.028 0.07 0.004 0.014 0.005 0.014 0.057 0.434 0.357 0.011
0.008 0.007 0.026 0.011 0.017 0.01 0.007 0.054 0.033 0.358 0.461 0.008
0.036 0.005 0.012 0.214 0.01 0.048 0.005 0.008 0.008 0.231 0.339 0.086
0.005 0.02 0.03 0.007 0.168 0.088 0.114 0.415 0.008 0.023 0.023 0.099
0.005 0.007 0.014 0.004 0.922 0.008 0.011 0.004 0.006 0.005 0.006 0.007
0.011 0.022 0.053 0.009 0.73 0.019 0.023 0.024 0.022 0.036 0.033 0.017
0.025 0.006 0.03 0.006 0.592 0.012 0.022 0.019 0.151 0.048 0.047 0.043
0.032 0.004 0.027 0.015 0.018 0.02 0.014 0.045 0.022 0.492 0.276 0.035
0.032 0.056 0.018 0.105 0.017 0.471 0.01 0.037 0.007 0.073 0.096 0.08
0.008 0.011 0.017 0.034 0.134 0.103 0.007 0.008 0.144 0.053 0.109 0.373
0.018 0.013 0.007 0.03 0.014 0.019 0.009 0.011 0.006 0.083 0.167 0.624
0.011 0.009 0.013 0.011 0.097 0.018 0.019 0.008 0.007 0.047 0.095 0.666
0.007 0.004 0.003 0.003 0.957 0.004 0.004 0.003 0.004 0.003 0.004 0.004
0.005 0.007 0.009 0.006 0.863 0.009 0.065 0.006 0.004 0.009 0.007 0.01
0.016 0.027 0.005 0.009 0.75 0.064 0.019 0.006 0.024 0.032 0.025 0.022
0.007 0.007 0.006 0.065 0.276 0.011 0.022 0.005 0.024 0.018 0.016 0.543
0.006 0.076 0.217 0.012 0.047 0.067 0.015 0.005 0.013 0.208 0.245 0.089
0.006 0.156 0.248 0.006 0.106 0.037 0.019 0.007 0.023 0.118 0.19 0.084
0.006 0.007 0.004 0.003 0.935 0.006 0.005 0.004 0.003 0.008 0.008 0.011
0.014 0.013 0.014 0.005 0.072 0.019 0.026 0.032 0.369 0.15 0.121 0.166
0.005 0.027 0.036 0.505 0.023 0.016 0.032 0.02 0.005 0.057 0.095 0.178
0.004 0.007 0.007 0.01 0.717 0.03 0.006 0.005 0.044 0.041 0.024 0.104
0.007 0.005 0.005 0.007 0.775 0.005 0.008 0.005 0.02 0.076 0.059 0.026
0.009 0.007 0.015 0.017 0.242 0.01 0.378 0.056 0.036 0.069 0.094 0.067
0.007 0.007 0.004 0.009 0.702 0.008 0.009 0.005 0.008 0.011 0.015 0.216
0.051 0.007 0.006 0.011 0.258 0.056 0.006 0.007 0.049 0.008 0.012 0.53
0.009 0.012 0.007 0.012 0.537 0.022 0.008 0.004 0.018 0.026 0.019 0.327
0.011 0.008 0.015 0.005 0.13 0.006 0.017 0.007 0.01 0.49 0.28 0.021
0.007 0.014 0.022 0.016 0.018 0.008 0.018 0.009 0.01 0.556 0.305 0.017
0.004 0.005 0.006 0.006 0.004 0.007 0.005 0.005 0.004 0.619 0.331 0.005
0.004 0.005 0.013 0.007 0.01 0.006 0.006 0.009 0.007 0.293 0.319 0.321
0.009 0.009 0.007 0.698 0.008 0.007 0.041 0.006 0.009 0.121 0.076 0.009
0.007 0.011 0.006 0.02 0.007 0.01 0.019 0.007 0.008 0.287 0.319 0.299
0.004 0.036 0.094 0.007 0.005 0.006 0.005 0.004 0.004 0.541 0.29 0.005
0.189 0.008 0.017 0.005 0.013 0.009 0.008 0.005 0.006 0.463 0.261 0.016
0.008 0.007 0.007 0.03 0.102 0.022 0.008 0.006 0.009 0.039 0.105 0.656
0.014 0.007 0.006 0.014 0.013 0.006 0.01 0.012 0.01 0.183 0.302 0.424
0.026 0.027 0.047 0.007 0.069 0.036 0.018 0.011 0.005 0.219 0.355 0.181
0.007 0.154 0.48 0.02 0.056 0.038 0.023 0.015 0.101 0.037 0.042 0.026
0.071 0.007 0.017 0.009 0.779 0.011 0.006 0.016 0.029 0.016 0.022 0.017
0.007 0.005 0.028 0.014 0.17 0.015 0.024 0.004 0.008 0.457 0.259 0.007
0.067 0.051 0.006 0.033 0.051 0.06 0.015 0.008 0.005 0.364 0.272 0.069
0.004 0.028 0.008 0.525 0.025 0.012 0.01 0.005 0.006 0.214 0.142 0.019
0.048 0.006 0.012 0.007 0.198 0.008 0.01 0.006 0.036 0.103 0.17 0.395
0.013 0.012 0.016 0.011 0.008 0.041 0.007 0.011 0.014 0.205 0.221 0.44
0.007 0.006 0.007 0.017 0.102 0.018 0.142 0.032 0.008 0.382 0.227 0.054
0.011 0.026 0.015 0.292 0.016 0.042 0.015 0.007 0.042 0.326 0.192 0.017
0.022 0.045 0.066 0.013 0.022 0.015 0.297 0.078 0.025 0.145 0.192 0.08
0.007 0.03 0.008 0.039 0.172 0.021 0.013 0.004 0.008 0.247 0.37 0.081
0.031 0.017 0.005 0.011 0.749 0.006 0.007 0.007 0.017 0.032 0.062 0.056
0.011 0.012 0.006 0.01 0.648 0.013 0.005 0.007 0.012 0.113 0.148 0.014
0.006 0.01 0.051 0.016 0.038 0.011 0.242 0.072 0.016 0.242 0.136 0.159
0.005 0.074 0.096 0.056 0.045 0.015 0.435 0.007 0.01 0.111 0.061 0.085
0.005 0.12 0.27 0.008 0.008 0.019 0.299 0.154 0.018 0.026 0.02 0.053
0.012 0.033 0.245 0.012 0.326 0.112 0.062 0.011 0.04 0.032 0.028 0.087
0.005 0.007 0.005 0.007 0.01 0.879 0.008 0.012 0.006 0.024 0.017 0.02
0.005 0.008 0.015 0.006 0.027 0.262 0.082 0.005 0.007 0.01 0.012 0.562
0.005 0.021 0.057 0.066 0.027 0.223 0.438 0.042 0.012 0.029 0.036 0.045
0.005 0.033 0.023 0.011 0.015 0.359 0.161 0.033 0.012 0.169 0.138 0.04
0.024 0.012 0.011 0.031 0.085 0.505 0.038 0.005 0.025 0.013 0.014 0.237
0.013 0.007 0.007 0.016 0.024 0.039 0.012 0.009 0.012 0.544 0.278 0.04
0.005 0.012 0.011 0.004 0.112 0.082 0.055 0.02 0.008 0.008 0.01 0.674
0.007 0.009 0.004 0.01 0.087 0.064 0.567 0.025 0.004 0.059 0.037 0.127
0.004 0.006 0.004 0.003 0.008 0.909 0.022 0.004 0.006 0.004 0.005 0.025
0.004 0.009 0.023 0.007 0.007 0.025 0.731 0.009 0.006 0.079 0.057 0.042
0.005 0.05 0.008 0.011 0.019 0.489 0.18 0.008 0.024 0.066 0.051 0.089
0.005 0.007 0.005 0.004 0.007 0.878 0.039 0.007 0.005 0.011 0.009 0.022
0.004 0.028 0.061 0.008 0.012 0.744 0.008 0.009 0.007 0.02 0.022 0.076
0.009 0.01 0.009 0.01 0.007 0.777 0.031 0.008 0.005 0.016 0.015 0.103
0.004 0.017 0.007 0.006 0.01 0.844 0.006 0.007 0.007 0.022 0.021 0.049
0.069 0.022 0.005 0.009 0.151 0.515 0.01 0.006 0.018 0.015 0.017 0.162
0.006 0.015 0.008 0.006 0.102 0.341 0.271 0.009 0.009 0.049 0.045 0.138
0.008 0.01 0.016 0.008 0.027 0.151 0.688 0.007 0.006 0.011 0.012 0.056
0.041 0.005 0.021 0.023 0.379 0.358 0.023 0.009 0.011 0.016 0.013 0.102
0.031 0.01 0.017 0.293 0.112 0.251 0.1 0.018 0.024 0.017 0.019 0.11
0.015 0.004 0.005 0.02 0.015 0.004 0.87 0.016 0.007 0.011 0.012 0.02
0.085 0.077 0.053 0.008 0.05 0.048 0.59 0.008 0.01 0.023 0.031 0.018
0.042 0.012 0.005 0.02 0.138 0.043 0.598 0.014 0.035 0.018 0.031 0.043
0.091 0.02 0.053 0.032 0.087 0.152 0.283 0.03 0.026 0.059 0.055 0.112
0.005 0.007 0.009 0.007 0.008 0.224 0.685 0.004 0.006 0.015 0.012 0.019
0.017 0.009 0.017 0.011 0.045 0.123 0.202 0.007 0.012 0.064 0.052 0.44
0.004 0.006 0.004 0.004 0.004 0.006 0.948 0.005 0.004 0.005 0.005 0.006
0.008 0.006 0.004 0.004 0.007 0.036 0.863 0.01 0.006 0.027 0.017 0.011
0.01 0.194 0.009 0.01 0.011 0.222 0.48 0.031 0.005 0.006 0.008 0.013
0.005 0.015 0.004 0.006 0.022 0.022 0.871 0.009 0.006 0.007 0.008 0.025
0.034 0.017 0.004 0.006 0.137 0.012 0.695 0.006 0.032 0.022 0.022 0.012
0.007 0.008 0.006 0.004 0.007 0.011 0.925 0.005 0.012 0.004 0.005 0.007
0.004 0.004 0.003 0.004 0.004 0.004 0.954 0.004 0.003 0.006 0.005 0.005
0.023 0.059 0.025 0.038 0.026 0.032 0.581 0.029 0.019 0.084 0.058 0.025
0.007 0.006 0.005 0.011 0.007 0.024 0.89 0.015 0.005 0.008 0.009 0.015
0.005 0.26 0.007 0.007 0.026 0.01 0.605 0.007 0.006 0.029 0.028 0.01
0.003 0.008 0.004 0.003 0.004 0.005 0.949 0.005 0.004 0.004 0.004 0.005
0.024 0.008 0.01 0.155 0.039 0.204 0.066 0.007 0.119 0.05 0.091 0.227
0.006 0.004 0.004 0.003 0.017 0.007 0.934 0.006 0.004 0.004 0.005 0.007
0.004 0.007 0.003 0.004 0.004 0.011 0.929 0.004 0.004 0.009 0.009 0.01
0.006 0.019 0.018 0.004 0.021 0.006 0.881 0.008 0.009 0.007 0.007 0.014
0.005 0.006 0.005 0.005 0.009 0.009 0.928 0.009 0.004 0.007 0.007 0.006
0.003 0.004 0.004 0.003 0.007 0.004 0.955 0.004 0.003 0.004 0.004 0.004
0.116 0.005 0.008 0.007 0.067 0.132 0.106 0.008 0.026 0.035 0.03 0.46
0.017 0.005 0.03 0.009 0.031 0.014 0.046 0.008 0.007 0.348 0.472 0.013
0.007 0.005 0.014 0.008 0.022 0.007 0.004 0.033 0.137 0.323 0.364 0.075
0.005 0.004 0.007 0.005 0.006 0.004 0.005 0.006 0.01 0.331 0.449 0.168
0.008 0.036 0.029 0.007 0.098 0.058 0.021 0.029 0.023 0.187 0.127 0.378
0.006 0.007 0.008 0.018 0.011 0.007 0.005 0.011 0.326 0.049 0.124 0.429
0.011 0.005 0.032 0.004 0.029 0.007 0.004 0.007 0.017 0.379 0.486 0.018
0.011 0.004 0.014 0.009 0.007 0.007 0.004 0.032 0.023 0.388 0.486 0.014
0.02 0.008 0.009 0.008 0.11 0.02 0.01 0.019 0.104 0.258 0.378 0.057
0.007 0.052 0.01 0.006 0.018 0.016 0.018 0.009 0.011 0.348 0.483 0.021
0.008 0.013 0.007 0.005 0.017 0.004 0.005 0.008 0.056 0.367 0.504 0.006
0.013 0.022 0.028 0.005 0.009 0.05 0.006 0.011 0.03 0.363 0.453 0.01
0.006 0.005 0.009 0.005 0.004 0.004 0.004 0.01 0.009 0.39 0.548 0.007
0.145 0.005 0.005 0.049 0.008 0.084 0.008 0.015 0.012 0.118 0.168 0.383
0.005 0.004 0.007 0.016 0.024 0.008 0.018 0.297 0.007 0.213 0.292 0.109
0.02 0.032 0.321 0.006 0.008 0.034 0.005 0.017 0.028 0.336 0.188 0.005
0.007 0.005 0.152 0.005 0.006 0.551 0.007 0.178 0.029 0.021 0.027 0.01
0.008 0.01 0.806 0.005 0.022 0.086 0.011 0.005 0.01 0.006 0.007 0.024
0.037 0.009 0.103 0.005 0.007 0.116 0.005 0.179 0.344 0.09 0.095 0.011
0.008 0.007 0.577 0.005 0.006 0.019 0.003 0.022 0.057 0.174 0.112 0.009
0.024 0.015 0.453 0.329 0.027 0.01 0.018 0.063 0.008 0.021 0.019 0.012
0.936 0.006 0.004 0.005 0.005 0.008 0.005 0.004 0.007 0.009 0.006 0.004
0.932 0.004 0.004 0.004 0.01 0.008 0.004 0.006 0.011 0.007 0.006 0.005
0.753 0.006 0.005 0.183 0.013 0.004 0.004 0.009 0.004 0.006 0.007 0.006
0.007 0.011 0.93 0.005 0.005 0.005 0.004 0.004 0.007 0.006 0.006 0.009
0.505 0.009 0.37 0.016 0.007 0.012 0.006 0.008 0.008 0.027 0.022 0.009
0.029 0.011 0.796 0.004 0.014 0.01 0.003 0.007 0.1 0.009 0.01 0.006
0.908 0.004 0.013 0.004 0.021 0.006 0.006 0.006 0.005 0.007 0.009 0.011
0.039 0.031 0.873 0.007 0.006 0.007 0.006 0.007 0.005 0.006 0.007 0.007
0.01 0.007 0.895 0.009 0.007 0.006 0.004 0.015 0.016 0.009 0.011 0.013
0.625 0.017 0.026 0.004 0.049 0.009 0.005 0.009 0.02 0.093 0.134 0.008
0.94 0.003 0.004 0.004 0.014 0.006 0.005 0.004 0.008 0.004 0.004 0.005
0.761 0.011 0.091 0.005 0.075 0.007 0.009 0.012 0.006 0.009 0.009 0.005
0.004 0.011 0.907 0.003 0.007 0.01 0.004 0.016 0.011 0.009 0.01 0.007
0.087 0.008 0.441 0.009 0.042 0.026 0.006 0.006 0.287 0.032 0.042 0.013
0.162 0.011 0.596 0.004 0.093 0.006 0.005 0.007 0.018 0.035 0.047 0.016
0.51 0.016 0.205 0.009 0.023 0.009 0.004 0.028 0.165 0.009 0.013 0.008
0.555 0.084 0.297 0.012 0.006 0.004 0.006 0.008 0.01 0.005 0.006 0.006
0.02 0.014 0.839 0.029 0.004 0.007 0.006 0.023 0.011 0.021 0.019 0.006
0.041 0.005 0.076 0.008 0.01 0.019 0.005 0.069 0.712 0.017 0.017 0.021
0.01 0.011 0.01 0.006 0.005 0.033 0.01 0.012 0.745 0.087 0.057 0.015
0.436 0.014 0.007 0.061 0.008 0.013 0.084 0.323 0.017 0.009 0.009 0.018
0.026 0.008 0.005 0.009 0.005 0.006 0.041 0.865 0.017 0.006 0.006 0.005
0.023 0.008 0.036 0.205 0.011 0.011 0.006 0.101 0.133 0.19 0.266 0.011
0.013 0.004 0.004 0.007 0.009 0.006 0.016 0.01 0.875 0.025 0.024 0.005
0.027 0.008 0.004 0.012 0.01 0.007 0.027 0.532 0.355 0.006 0.006 0.005
0.021 0.005 0.008 0.421 0.047 0.006 0.009 0.014 0.449 0.007 0.007 0.007
0.005 0.004 0.005 0.004 0.008 0.004 0.005 0.005 0.945 0.005 0.005 0.005
0.016 0.009 0.011 0.014 0.01 0.006 0.018 0.833 0.036 0.02 0.018 0.011
0.007 0.007 0.021 0.006 0.009 0.04 0.004 0.126 0.721 0.028 0.02 0.011
0.023 0.009 0.062 0.1 0.016 0.011 0.017 0.584 0.114 0.024 0.026 0.015
0.086 0.007 0.22 0.014 0.027 0.006 0.011 0.013 0.59 0.009 0.012 0.006
0.004 0.003 0.023 0.006 0.005 0.005 0.004 0.014 0.81 0.007 0.023 0.096
0.007 0.004 0.014 0.008 0.007 0.005 0.004 0.015 0.69 0.023 0.058 0.166
0.004 0.003 0.005 0.003 0.007 0.01 0.003 0.013 0.933 0.008 0.006 0.004
0.003 0.003 0.005 0.004 0.006 0.004 0.004 0.007 0.953 0.004 0.004 0.004
0.008 0.007 0.007 0.006 0.006 0.007 0.007 0.009 0.926 0.005 0.006 0.008
0.03 0.006 0.005 0.009 0.006 0.013 0.004 0.007 0.892 0.012 0.009 0.007
0.014 0.004 0.007 0.015 0.019 0.01 0.009 0.007 0.89 0.008 0.008 0.009
0.01 0.004 0.006 0.006 0.008 0.006 0.005 0.007 0.927 0.007 0.009 0.006
0.005 0.003 0.011 0.005 0.009 0.004 0.006 0.01 0.915 0.015 0.011 0.007
0.039 0.029 0.285 0.023 0.044 0.057 0.023 0.026 0.305 0.052 0.067 0.051
0.013 0.011 0.409 0.012 0.007 0.007 0.004 0.039 0.478 0.007 0.009 0.005
0.005 0.003 0.892 0.003 0.015 0.005 0.009 0.017 0.01 0.017 0.016 0.008
0.012 0.003 0.741 0.169 0.008 0.008 0.006 0.014 0.012 0.012 0.011 0.006
0.014 0.005 0.261 0.209 0.007 0.005 0.019 0.429 0.019 0.013 0.013 0.008
0.082 0.005 0.118 0.308 0.01 0.032 0.008 0.02 0.307 0.023 0.028 0.059
0.005 0.004 0.063 0.02 0.011 0.01 0.005 0.027 0.672 0.07 0.063 0.051
0.014 0.008 0.028 0.01 0.009 0.011 0.01 0.008 0.868 0.011 0.011 0.011
0.042 0.007 0.013 0.021 0.104 0.031 0.012 0.014 0.717 0.012 0.01 0.018
0.041 0.004 0.019 0.016 0.025 0.013 0.005 0.01 0.747 0.053 0.043 0.023
0.008 0.003 0.005 0.004 0.003 0.006 0.004 0.946 0.006 0.005 0.005 0.004
0.008 0.003 0.005 0.004 0.003 0.006 0.004 0.946 0.006 0.005 0.005 0.005
0.008 0.003 0.005 0.004 0.003 0.006 0.004 0.946 0.007 0.005 0.005 0.004
0.007 0.004 0.038 0.006 0.006 0.01 0.011 0.679 0.097 0.042 0.047 0.053
0.009 0.006 0.023 0.004 0.017 0.005 0.01 0.515 0.393 0.006 0.006 0.005
0.02 0.005 0.014 0.553 0.009 0.014 0.009 0.327 0.021 0.007 0.008 0.012
0.037 0.005 0.14 0.012 0.042 0.006 0.01 0.03 0.683 0.015 0.015 0.005
0.007 0.034 0.458 0.296 0.007 0.042 0.052 0.012 0.017 0.032 0.032 0.011
0.461 0.009 0.013 0.01 0.022 0.02 0.008 0.018 0.384 0.023 0.021 0.01
0.068 0.005 0.024 0.031 0.012 0.016 0.016 0.066 0.589 0.093 0.06 0.021
0.03 0.009 0.012 0.008 0.006 0.01 0.016 0.844 0.013 0.025 0.017 0.01
0.347 0.026 0.033 0.022 0.007 0.021 0.026 0.039 0.038 0.264 0.167 0.01
0.007 0.003 0.017 0.004 0.004 0.006 0.004 0.908 0.018 0.013 0.01 0.005
0.159 0.011 0.706 0.01 0.008 0.015 0.008 0.016 0.021 0.01 0.016 0.02
0.007 0.003 0.016 0.004 0.004 0.006 0.004 0.91 0.018 0.013 0.009 0.005
0.023 0.009 0.013 0.012 0.148 0.092 0.006 0.056 0.143 0.066 0.105 0.327
0.008 0.018 0.011 0.005 0.045 0.041 0.03 0.782 0.01 0.013 0.017 0.022
0.529 0.006 0.009 0.013 0.143 0.015 0.027 0.015 0.053 0.112 0.064 0.016
0.088 0.017 0.008 0.011 0.531 0.01 0.104 0.184 0.018 0.009 0.01 0.011
0.027 0.025 0.009 0.014 0.232 0.011 0.02 0.008 0.06 0.214 0.323 0.058
0.065 0.046 0.011 0.005 0.483 0.007 0.006 0.011 0.113 0.018 0.049 0.185
0.018 0.105 0.021 0.012 0.132 0.109 0.027 0.009 0.126 0.104 0.182 0.155
0.007 0.03 0.055 0.015 0.062 0.035 0.006 0.046 0.014 0.03 0.083 0.617
0.064 0.006 0.008 0.013 0.03 0.012 0.09 0.327 0.007 0.024 0.074 0.345
0.208 0.012 0.009 0.013 0.583 0.013 0.011 0.056 0.013 0.015 0.025 0.042
0.32 0.007 0.009 0.014 0.168 0.008 0.184 0.208 0.043 0.011 0.013 0.015
0.135 0.01 0.005 0.018 0.014 0.031 0.009 0.008 0.007 0.031 0.124 0.608
0.082 0.007 0.004 0.009 0.032 0.061 0.015 0.005 0.005 0.016 0.087 0.677
0.057 0.006 0.004 0.01 0.013 0.6 0.033 0.006 0.004 0.042 0.032 0.194
0.009 0.008 0.01 0.024 0.044 0.527 0.01 0.005 0.05 0.019 0.031 0.265
0.005 0.01 0.007 0.194 0.01 0.536 0.005 0.007 0.007 0.009 0.011 0.2
0.014 0.014 0.008 0.075 0.161 0.023 0.014 0.019 0.499 0.04 0.073 0.06
0.006 0.011 0.004 0.007 0.007 0.79 0.01 0.006 0.004 0.009 0.007 0.14
0.018 0.007 0.004 0.009 0.014 0.168 0.607 0.013 0.006 0.043 0.026 0.085
0.006 0.01 0.005 0.204 0.06 0.235 0.231 0.045 0.007 0.007 0.009 0.181
0.005 0.007 0.006 0.011 0.006 0.654 0.029 0.009 0.004 0.011 0.01 0.248
0.013 0.012 0.005 0.044 0.061 0.507 0.006 0.006 0.011 0.023 0.034 0.277
0.017 0.004 0.007 0.101 0.031 0.189 0.223 0.032 0.004 0.012 0.014 0.365
0.006 0.009 0.005 0.156 0.018 0.032 0.68 0.008 0.005 0.005 0.006 0.071
0.019 0.007 0.011 0.009 0.008 0.015 0.005 0.007 0.007 0.355 0.522 0.036
