0.039 0.014 0.947
0.039 0.061 0.9
0.036 0.02 0.944
0.126 0.111 0.762
0.037 0.022 0.941
0.022 0.03 0.949
0.536 0.017 0.447
0.022 0.133 0.845
0.038 0.849 0.113
0.012 0.539 0.449
0.078 0.079 0.844
0.044 0.011 0.944
0.016 0.042 0.942
0.032 0.132 0.836
0.178 0.194 0.628
0.07 0.028 0.902
0.065 0.659 0.276
0.094 0.54 0.366
0.881 0.014 0.105
0.079 0.067 0.854
0.901 0.074 0.026
0.022 0.028 0.951
0.538 0.056 0.405
0.018 0.028 0.954
0.832 0.056 0.112
0.919 0.031 0.05
0.973 0.009 0.018
0.317 0.298 0.385
0.948 0.013 0.039
0.845 0.022 0.133
0.973 0.006 0.021
0.924 0.01 0.066
0.728 0.13 0.141
0.962 0.015 0.022
0.914 0.036 0.049
0.041 0.021 0.938
0.976 0.007 0.016
0.977 0.011 0.012
0.946 0.02 0.035
0.97 0.01 0.019
0.939 0.015 0.046
0.551 0.01 0.439
0.931 0.013 0.056
0.87 0.095 0.035
0.661 0.065 0.274
0.871 0.093 0.036
0.976 0.007 0.016
0.976 0.007 0.016
0.091 0.897 0.012
0.014 0.771 0.215
0.913 0.062 0.025
0.057 0.919 0.025
0.918 0.072 0.01
0.015 0.975 0.01
0.358 0.596 0.046
0.013 0.965 0.022
0.014 0.966 0.02
0.056 0.912 0.032
0.307 0.662 0.031
0.412 0.529 0.059
0.012 0.967 0.02
0.87 0.096 0.034
0.009 0.982 0.008
0.024 0.959 0.017
0.055 0.901 0.044
0.938 0.044 0.018
0.956 0.029 0.015
0.977 0.015 0.007
0.973 0.018 0.009
0.135 0.849 0.016
0.077 0.894 0.029
0.79 0.143 0.067
0.023 0.083 0.894
0.019 0.019 0.962
0.032 0.701 0.267
0.015 0.93 0.055
0.064 0.796 0.141
0.816 0.041 0.143
0.211 0.609 0.18
0.909 0.029 0.062
0.156 0.093 0.751
0.025 0.046 0.93
0.016 0.016 0.967
0.046 0.02 0.934
0.044 0.029 0.927
0.937 0.024 0.039
0.934 0.021 0.045
0.026 0.034 0.94
0.069 0.593 0.337
0.929 0.026 0.045
0.016 0.065 0.919
0.042 0.741 0.217
0.022 0.449 0.529
0.036 0.051 0.913
0.022 0.098 0.88
0.052 0.052 0.897
0.369 0.23 0.401
0.51 0.141 0.349
0.646 0.294 0.06
0.823 0.153 0.024
0.952 0.023 0.025
0.95 0.023 0.027
0.879 0.089 0.032
0.884 0.059 0.057
0.559 0.051 0.391
0.809 0.168 0.022
0.862 0.036 0.102
0.749 0.121 0.13
0.068 0.882 0.05
0.454 0.092 0.454
0.861 0.035 0.104
0.968 0.012 0.021
0.221 0.74 0.039
0.76 0.183 0.057
0.061 0.073 0.866
0.816 0.115 0.068
0.478 0.338 0.184
0.903 0.03 0.067
0.854 0.123 0.023
0.121 0.822 0.057
0.058 0.071 0.87
0.192 0.016 0.792
0.299 0.114 0.586
0.037 0.049 0.914
0.036 0.058 0.907
0.016 0.016 0.967
0.062 0.023 0.915
0.039 0.035 0.926
0.018 0.026 0.956
0.061 0.182 0.757
0.011 0.016 0.973
0.015 0.013 0.972
0.008 0.01 0.982
0.018 0.015 0.968
0.034 0.028 0.938
0.014 0.011 0.975
0.096 0.032 0.872
0.017 0.017 0.966
0.035 0.035 0.931
0.022 0.063 0.915
0.011 0.015 0.974
0.015 0.01 0.975
0.012 0.029 0.959
0.133 0.07 0.797
0.031 0.03 0.939
0.097 0.02 0.884
0.019 0.038 0.943
0.196 0.121 0.683
0.014 0.009 0.976
0.073 0.033 0.894
0.015 0.009 0.976
0.011 0.008 0.981
0.03 0.011 0.959
0.012 0.017 0.971
0.023 0.062 0.916
0.013 0.015 0.972
0.011 0.009 0.979
0.277 0.059 0.664
0.014 0.014 0.972
0.105 0.018 0.878
0.012 0.01 0.977
0.321 0.268 0.412
0.009 0.011 0.98
0.012 0.008 0.98
0.022 0.013 0.965
0.009 0.011 0.98
0.008 0.01 0.982
0.027 0.042 0.931
0.299 0.379 0.322
0.028 0.962 0.01
0.367 0.615 0.017
0.073 0.055 0.872
0.192 0.79 0.019
0.077 0.904 0.019
0.032 0.959 0.01
0.094 0.814 0.092
0.256 0.683 0.06
0.016 0.969 0.015
0.106 0.827 0.067
0.033 0.958 0.009
0.905 0.073 0.022
0.069 0.838 0.093
0.885 0.097 0.018
0.047 0.74 0.214
0.813 0.047 0.139
0.016 0.972 0.012
0.321 0.667 0.012
0.859 0.11 0.03
0.899 0.083 0.018
0.04 0.938 0.022
0.963 0.023 0.014
0.888 0.1 0.012
0.971 0.018 0.011
0.278 0.708 0.013
0.734 0.237 0.029
0.966 0.022 0.012
0.731 0.257 0.012
0.07 0.898 0.033
0.14 0.775 0.085
0.816 0.117 0.067
0.185 0.793 0.022
0.038 0.939 0.023
0.434 0.548 0.018
0.042 0.948 0.01
0.877 0.111 0.012
0.845 0.145 0.01
0.024 0.959 0.017
0.051 0.907 0.043
0.78 0.166 0.054
0.025 0.899 0.076
0.173 0.81 0.017
0.01 0.975 0.015
0.02 0.95 0.03
0.457 0.481 0.063
0.012 0.973 0.015
0.02 0.945 0.035
0.029 0.95 0.021
0.017 0.966 0.017
0.031 0.953 0.015
0.022 0.967 0.01
0.039 0.953 0.008
0.008 0.981 0.011
0.008 0.983 0.009
0.011 0.976 0.014
0.021 0.963 0.016
0.023 0.949 0.028
0.013 0.975 0.013
0.011 0.97 0.019
0.504 0.426 0.069
0.114 0.868 0.018
0.014 0.908 0.079
0.072 0.884 0.044
0.11 0.873 0.017
0.428 0.545 0.027
0.017 0.973 0.011
0.029 0.951 0.02
0.018 0.949 0.033
0.017 0.971 0.012
0.013 0.975 0.013
0.012 0.974 0.013
0.013 0.975 0.013
0.014 0.97 0.016
0.013 0.975 0.012
0.831 0.154 0.015
0.015 0.969 0.016
0.912 0.033 0.054
0.029 0.942 0.028
0.029 0.947 0.024
0.038 0.913 0.05
0.928 0.047 0.026
0.014 0.97 0.016
0.822 0.158 0.02
0.014 0.97 0.016
0.032 0.516 0.453
0.022 0.852 0.126
0.037 0.852 0.111
0.061 0.643 0.295
0.14 0.79 0.07
0.067 0.887 0.046
0.303 0.453 0.244
0.486 0.275 0.238
0.193 0.591 0.216
0.036 0.885 0.079
0.048 0.669 0.284
0.959 0.025 0.017
0.753 0.017 0.229
0.013 0.014 0.972
0.014 0.215 0.771
0.307 0.026 0.668
0.039 0.924 0.037
0.016 0.016 0.968
0.011 0.011 0.978
0.089 0.018 0.893
0.016 0.016 0.968
0.06 0.033 0.907
0.032 0.017 0.952
0.067 0.01 0.923
0.262 0.694 0.044
