0.957 0.021 0.022
0.658 0.097 0.245
0.894 0.071 0.035
0.206 0.502 0.292
0.849 0.027 0.124
0.69 0.078 0.232
0.568 0.046 0.386
0.497 0.04 0.462
0.042 0.286 0.672
0.189 0.162 0.649
0.617 0.048 0.334
0.955 0.022 0.023
0.515 0.072 0.412
0.596 0.021 0.383
0.46 0.026 0.515
0.798 0.025 0.177
0.198 0.026 0.776
0.237 0.097 0.666
0.2 0.66 0.139
0.728 0.114 0.158
0.033 0.502 0.465
0.907 0.053 0.04
0.706 0.057 0.237
0.772 0.026 0.202
0.885 0.076 0.039
0.954 0.025 0.021
0.451 0.534 0.015
0.686 0.232 0.082
0.916 0.046 0.038
0.922 0.053 0.025
0.965 0.017 0.018
0.944 0.026 0.029
0.714 0.208 0.078
0.907 0.033 0.059
0.597 0.312 0.091
0.912 0.068 0.02
0.967 0.02 0.014
0.684 0.281 0.035
0.939 0.017 0.043
0.925 0.022 0.052
0.548 0.238 0.214
0.83 0.154 0.016
0.672 0.306 0.023
0.689 0.054 0.257
0.818 0.048 0.134
0.691 0.054 0.256
0.967 0.02 0.014
0.966 0.02 0.013
0.016 0.871 0.113
0.018 0.684 0.298
0.354 0.239 0.407
0.018 0.88 0.102
0.013 0.948 0.039
0.02 0.769 0.211
0.234 0.29 0.476
0.034 0.868 0.098
0.03 0.88 0.089
0.038 0.802 0.16
0.024 0.885 0.091
0.064 0.899 0.037
0.086 0.504 0.41
0.308 0.273 0.419
0.017 0.085 0.898
0.035 0.831 0.134
0.086 0.822 0.091
0.016 0.96 0.025
0.016 0.965 0.019
0.013 0.969 0.018
0.015 0.963 0.022
0.047 0.355 0.598
0.092 0.524 0.384
0.023 0.951 0.026
0.818 0.099 0.083
0.906 0.067 0.026
0.228 0.398 0.375
0.069 0.252 0.679
0.047 0.058 0.895
0.704 0.228 0.067
0.057 0.88 0.063
0.034 0.947 0.019
0.067 0.911 0.022
0.093 0.879 0.028
0.894 0.074 0.032
0.925 0.049 0.026
0.161 0.814 0.025
0.465 0.408 0.126
0.773 0.164 0.063
0.053 0.929 0.018
0.257 0.145 0.599
0.08 0.892 0.028
0.297 0.628 0.075
0.04 0.92 0.04
0.344 0.533 0.123
0.052 0.931 0.017
0.068 0.872 0.06
0.221 0.745 0.034
0.315 0.596 0.088
0.495 0.141 0.364
0.151 0.185 0.663
0.024 0.95 0.027
0.086 0.839 0.075
0.085 0.884 0.032
0.186 0.201 0.613
0.131 0.148 0.72
0.056 0.925 0.019
0.023 0.954 0.023
0.21 0.762 0.028
0.559 0.048 0.393
0.029 0.731 0.24
0.43 0.188 0.382
0.316 0.59 0.094
0.079 0.896 0.025
0.028 0.906 0.067
0.119 0.613 0.268
0.765 0.185 0.05
0.169 0.472 0.359
0.296 0.388 0.316
0.038 0.947 0.015
0.042 0.915 0.043
0.03 0.919 0.051
0.77 0.16 0.07
0.915 0.051 0.034
0.793 0.037 0.17
0.856 0.041 0.102
0.854 0.1 0.046
0.781 0.19 0.028
0.907 0.047 0.046
0.906 0.042 0.052
0.726 0.204 0.069
0.582 0.198 0.22
0.599 0.376 0.025
0.945 0.044 0.011
0.963 0.021 0.016
0.951 0.03 0.018
0.936 0.031 0.032
0.962 0.018 0.02
0.859 0.083 0.058
0.91 0.053 0.038
0.823 0.142 0.035
0.625 0.271 0.104
0.937 0.041 0.022
0.965 0.019 0.016
0.72 0.14 0.14
0.377 0.57 0.053
0.823 0.121 0.056
0.862 0.086 0.052
0.72 0.231 0.049
0.533 0.256 0.211
0.964 0.019 0.017
0.668 0.248 0.084
0.968 0.017 0.015
0.971 0.014 0.015
0.966 0.018 0.015
0.951 0.027 0.022
0.817 0.102 0.082
0.949 0.018 0.034
0.968 0.019 0.013
0.809 0.094 0.097
0.953 0.027 0.019
0.946 0.035 0.019
0.971 0.014 0.015
0.169 0.763 0.068
0.962 0.019 0.018
0.973 0.015 0.012
0.965 0.016 0.019
0.967 0.017 0.016
0.969 0.017 0.015
0.715 0.17 0.115
0.192 0.715 0.093
0.017 0.695 0.288
0.018 0.951 0.032
0.686 0.213 0.101
0.019 0.853 0.128
0.028 0.804 0.168
0.018 0.566 0.416
0.04 0.835 0.124
0.084 0.878 0.038
0.028 0.9 0.072
0.219 0.323 0.459
0.013 0.936 0.05
0.019 0.96 0.021
0.027 0.925 0.049
0.031 0.02 0.949
0.122 0.273 0.605
0.526 0.036 0.438
0.019 0.136 0.845
0.017 0.034 0.949
0.078 0.462 0.459
0.026 0.033 0.941
0.022 0.056 0.921
0.018 0.552 0.43
0.033 0.038 0.93
0.038 0.036 0.926
0.018 0.014 0.967
0.033 0.433 0.535
0.108 0.023 0.868
0.02 0.033 0.947
0.034 0.443 0.523
0.05 0.213 0.737
0.053 0.056 0.891
0.032 0.024 0.944
0.027 0.06 0.913
0.04 0.203 0.757
0.016 0.028 0.955
0.037 0.113 0.85
0.026 0.026 0.948
0.018 0.025 0.957
0.074 0.039 0.888
0.107 0.161 0.732
0.121 0.027 0.852
0.022 0.624 0.354
0.025 0.035 0.94
0.045 0.03 0.926
0.036 0.541 0.422
0.021 0.028 0.951
0.06 0.035 0.906
0.03 0.034 0.937
0.034 0.055 0.911
0.021 0.023 0.957
0.013 0.116 0.871
0.012 0.258 0.73
0.014 0.021 0.964
0.014 0.025 0.961
0.021 0.029 0.951
0.016 0.025 0.959
0.025 0.051 0.924
0.017 0.044 0.938
0.027 0.056 0.917
0.13 0.064 0.807
0.032 0.018 0.95
0.037 0.022 0.941
0.022 0.115 0.864
0.02 0.176 0.804
0.021 0.335 0.644
0.016 0.081 0.903
0.021 0.032 0.947
0.055 0.068 0.877
0.013 0.048 0.939
0.019 0.019 0.962
0.019 0.018 0.962
0.019 0.018 0.963
0.028 0.06 0.912
0.019 0.02 0.961
0.019 0.825 0.156
0.017 0.018 0.965
0.631 0.089 0.28
0.027 0.03 0.943
0.027 0.042 0.931
0.051 0.023 0.927
0.075 0.024 0.901
0.02 0.018 0.961
0.131 0.031 0.838
0.02 0.018 0.961
0.04 0.868 0.092
0.324 0.356 0.32
0.073 0.144 0.782
0.279 0.339 0.382
0.044 0.885 0.071
0.038 0.806 0.155
0.219 0.718 0.063
0.093 0.786 0.121
0.094 0.793 0.114
0.038 0.862 0.1
0.121 0.203 0.676
0.024 0.944 0.031
0.079 0.906 0.016
0.907 0.053 0.04
0.356 0.497 0.147
0.425 0.557 0.017
0.036 0.711 0.254
0.941 0.023 0.036
0.961 0.022 0.017
0.398 0.578 0.024
0.816 0.142 0.042
0.078 0.901 0.022
0.307 0.659 0.034
0.788 0.196 0.015
0.018 0.952 0.029
