0.013 0.012 0.08 0.877 0.017
0.11 0.058 0.012 0.788 0.032
0.017 0.048 0.012 0.882 0.041
0.044 0.08 0.017 0.038 0.821
0.049 0.015 0.071 0.802 0.062
0.071 0.016 0.047 0.317 0.548
0.162 0.042 0.038 0.505 0.254
0.268 0.018 0.009 0.609 0.096
0.196 0.025 0.008 0.014 0.757
0.092 0.018 0.01 0.039 0.841
0.11 0.017 0.108 0.369 0.396
0.012 0.016 0.081 0.868 0.022
0.055 0.013 0.017 0.109 0.806
0.23 0.017 0.029 0.66 0.064
0.443 0.027 0.033 0.466 0.031
0.081 0.019 0.079 0.588 0.233
0.692 0.015 0.067 0.1 0.126
0.382 0.041 0.049 0.124 0.404
0.033 0.017 0.039 0.056 0.856
0.07 0.028 0.028 0.628 0.245
0.293 0.019 0.018 0.013 0.657
0.018 0.032 0.121 0.529 0.3
0.118 0.03 0.403 0.331 0.118
0.078 0.021 0.037 0.69 0.173
0.04 0.047 0.816 0.067 0.03
0.012 0.022 0.919 0.039 0.008
0.011 0.348 0.547 0.02 0.075
0.113 0.04 0.469 0.132 0.246
0.029 0.053 0.842 0.058 0.018
0.013 0.012 0.906 0.054 0.014
0.005 0.007 0.967 0.013 0.007
0.012 0.022 0.875 0.079 0.012
0.089 0.06 0.682 0.104 0.065
0.012 0.012 0.953 0.011 0.012
0.06 0.142 0.708 0.048 0.042
0.014 0.035 0.062 0.836 0.053
0.005 0.008 0.967 0.011 0.008
0.01 0.061 0.856 0.013 0.06
0.088 0.024 0.758 0.115 0.016
0.008 0.01 0.957 0.015 0.01
0.095 0.037 0.369 0.043 0.457
0.008 0.011 0.531 0.12 0.33
0.016 0.294 0.577 0.095 0.018
0.086 0.011 0.795 0.012 0.096
0.029 0.009 0.659 0.025 0.279
0.089 0.011 0.796 0.012 0.093
0.005 0.008 0.968 0.011 0.008
0.005 0.008 0.967 0.011 0.008
0.038 0.92 0.015 0.008 0.019
0.526 0.038 0.007 0.008 0.422
0.038 0.54 0.373 0.026 0.024
0.042 0.926 0.008 0.012 0.012
0.016 0.953 0.009 0.009 0.014
0.085 0.875 0.015 0.01 0.014
0.165 0.583 0.168 0.054 0.029
0.06 0.885 0.009 0.026 0.02
0.055 0.895 0.009 0.023 0.019
0.113 0.781 0.011 0.021 0.074
0.044 0.893 0.031 0.013 0.019
0.015 0.917 0.021 0.022 0.025
0.23 0.682 0.013 0.06 0.015
0.165 0.428 0.303 0.068 0.037
0.858 0.045 0.015 0.011 0.071
0.049 0.899 0.011 0.02 0.021
0.04 0.851 0.012 0.075 0.023
0.013 0.953 0.01 0.009 0.015
0.011 0.959 0.011 0.008 0.011
0.01 0.962 0.011 0.007 0.01
0.01 0.958 0.01 0.008 0.013
0.055 0.914 0.007 0.016 0.007
0.086 0.85 0.025 0.02 0.019
0.012 0.859 0.011 0.02 0.099
0.078 0.045 0.039 0.776 0.062
0.025 0.02 0.028 0.751 0.176
0.182 0.026 0.041 0.1 0.651
0.107 0.024 0.015 0.024 0.83
0.393 0.406 0.009 0.064 0.128
0.031 0.458 0.21 0.235 0.066
0.112 0.573 0.021 0.106 0.188
0.018 0.785 0.023 0.038 0.136
0.013 0.219 0.016 0.042 0.71
0.007 0.008 0.009 0.012 0.963
0.015 0.017 0.008 0.864 0.096
0.021 0.032 0.045 0.736 0.166
0.017 0.026 0.018 0.053 0.886
0.026 0.404 0.446 0.055 0.069
0.04 0.112 0.693 0.07 0.085
0.008 0.015 0.013 0.016 0.949
0.554 0.045 0.044 0.145 0.211
0.012 0.866 0.057 0.033 0.032
0.023 0.018 0.018 0.058 0.883
0.026 0.083 0.012 0.024 0.856
0.129 0.15 0.018 0.451 0.253
0.009 0.019 0.011 0.018 0.943
0.018 0.017 0.011 0.018 0.935
0.014 0.019 0.016 0.025 0.926
0.059 0.509 0.035 0.234 0.163
0.118 0.446 0.028 0.364 0.043
0.045 0.836 0.039 0.056 0.025
0.016 0.885 0.014 0.015 0.071
0.021 0.883 0.021 0.051 0.024
0.016 0.852 0.026 0.052 0.054
0.04 0.73 0.178 0.031 0.021
0.15 0.338 0.085 0.052 0.375
0.014 0.051 0.023 0.025 0.887
0.021 0.806 0.016 0.018 0.139
0.012 0.668 0.116 0.089 0.116
0.378 0.028 0.447 0.127 0.02
0.033 0.018 0.016 0.011 0.922
0.113 0.327 0.018 0.427 0.114
0.021 0.662 0.059 0.096 0.162
0.01 0.866 0.049 0.046 0.028
0.035 0.076 0.016 0.018 0.855
0.083 0.506 0.06 0.039 0.312
0.024 0.124 0.016 0.735 0.102
0.05 0.777 0.078 0.053 0.041
0.106 0.651 0.094 0.114 0.035
0.011 0.779 0.049 0.027 0.135
0.025 0.033 0.042 0.013 0.887
0.022 0.145 0.021 0.013 0.799
0.069 0.196 0.068 0.586 0.08
0.016 0.057 0.237 0.645 0.046
0.165 0.037 0.446 0.323 0.029
0.118 0.035 0.051 0.753 0.043
0.02 0.13 0.032 0.737 0.081
0.015 0.03 0.02 0.573 0.361
0.033 0.036 0.022 0.896 0.013
0.036 0.059 0.083 0.787 0.036
0.039 0.027 0.019 0.566 0.349
0.063 0.485 0.016 0.393 0.042
0.015 0.013 0.023 0.09 0.859
0.006 0.037 0.015 0.919 0.023
0.009 0.01 0.01 0.96 0.011
0.011 0.025 0.015 0.938 0.011
0.034 0.037 0.033 0.879 0.016
0.011 0.011 0.012 0.954 0.013
0.031 0.073 0.416 0.383 0.098
0.024 0.032 0.011 0.907 0.026
0.019 0.197 0.068 0.657 0.06
0.02 0.024 0.029 0.131 0.796
0.014 0.033 0.028 0.845 0.079
0.01 0.012 0.014 0.953 0.01
0.041 0.021 0.008 0.55 0.38
0.055 0.313 0.027 0.351 0.254
0.026 0.042 0.011 0.878 0.042
0.024 0.025 0.099 0.751 0.101
0.028 0.024 0.017 0.605 0.326
0.074 0.079 0.061 0.465 0.321
0.01 0.009 0.013 0.956 0.012
0.024 0.051 0.029 0.504 0.392
0.008 0.008 0.012 0.961 0.01
0.008 0.008 0.017 0.951 0.017
0.009 0.011 0.107 0.861 0.013
0.01 0.013 0.011 0.953 0.013
0.048 0.026 0.023 0.664 0.238
0.019 0.009 0.009 0.952 0.011
0.007 0.01 0.009 0.964 0.01
0.051 0.087 0.166 0.645 0.052
0.01 0.014 0.009 0.956 0.011
0.011 0.044 0.303 0.616 0.026
0.008 0.008 0.018 0.957 0.008
0.073 0.516 0.014 0.322 0.074
0.009 0.008 0.009 0.962 0.012
0.007 0.009 0.011 0.965 0.009
0.014 0.01 0.037 0.922 0.017
0.009 0.009 0.009 0.962 0.011
0.008 0.007 0.008 0.967 0.01
0.054 0.018 0.01 0.258 0.661
0.03 0.745 0.03 0.114 0.081
0.314 0.551 0.013 0.01 0.113
0.015 0.918 0.01 0.01 0.047
0.071 0.107 0.095 0.208 0.519
0.315 0.484 0.03 0.013 0.158
0.091 0.761 0.02 0.01 0.117
0.155 0.796 0.009 0.009 0.03
0.181 0.524 0.018 0.034 0.243
0.017 0.849 0.07 0.036 0.028
0.146 0.726 0.029 0.012 0.086
0.091 0.733 0.089 0.053 0.034
0.022 0.933 0.017 0.007 0.02
0.02 0.342 0.012 0.012 0.614
0.029 0.861 0.009 0.026 0.075
0.555 0.037 0.37 0.015 0.023
0.41 0.325 0.017 0.224 0.025
0.181 0.023 0.535 0.175 0.086
0.721 0.232 0.013 0.012 0.022
0.772 0.084 0.117 0.01 0.017
0.089 0.574 0.251 0.03 0.055
0.555 0.046 0.052 0.016 0.331
0.571 0.021 0.01 0.016 0.382
0.22 0.33 0.032 0.011 0.407
0.337 0.035 0.599 0.013 0.016
0.482 0.054 0.242 0.016 0.206
0.68 0.012 0.284 0.009 0.016
0.087 0.057 0.024 0.011 0.821
0.178 0.018 0.753 0.017 0.035
0.539 0.031 0.407 0.008 0.015
0.325 0.085 0.022 0.013 0.556
0.156 0.021 0.011 0.017 0.794
0.62 0.035 0.061 0.04 0.243
0.723 0.023 0.22 0.022 0.011
0.821 0.059 0.023 0.028 0.068
0.211 0.092 0.311 0.013 0.373
0.759 0.019 0.101 0.008 0.113
0.155 0.067 0.388 0.011 0.379
0.436 0.103 0.439 0.01 0.013
0.924 0.022 0.014 0.013 0.027
0.861 0.067 0.017 0.041 0.015
0.539 0.127 0.048 0.085 0.202
0.805 0.027 0.02 0.137 0.011
0.278 0.674 0.013 0.012 0.023
0.926 0.029 0.007 0.021 0.018
0.915 0.02 0.015 0.036 0.015
0.453 0.356 0.018 0.023 0.151
0.939 0.01 0.011 0.011 0.029
0.869 0.044 0.015 0.059 0.012
0.921 0.023 0.018 0.015 0.024
0.911 0.037 0.015 0.019 0.019
0.947 0.014 0.009 0.015 0.015
0.877 0.08 0.013 0.009 0.021
0.823 0.141 0.01 0.007 0.019
0.95 0.01 0.006 0.009 0.024
0.955 0.008 0.007 0.008 0.023
0.948 0.01 0.009 0.013 0.02
0.936 0.015 0.011 0.01 0.028
0.881 0.023 0.012 0.019 0.066
0.944 0.018 0.007 0.012 0.019
0.941 0.015 0.008 0.015 0.021
0.794 0.058 0.033 0.089 0.027
0.886 0.015 0.077 0.013 0.008
0.911 0.024 0.008 0.042 0.014
0.744 0.209 0.007 0.024 0.016
0.649 0.31 0.014 0.016 0.012
0.526 0.392 0.01 0.019 0.052
0.908 0.051 0.009 0.01 0.021
0.927 0.017 0.014 0.014 0.028
0.649 0.02 0.014 0.034 0.283
0.83 0.032 0.008 0.008 0.122
0.956 0.012 0.008 0.012 0.011
0.956 0.013 0.008 0.012 0.011
0.956 0.012 0.008 0.012 0.011
0.895 0.05 0.008 0.029 0.018
0.959 0.01 0.01 0.01 0.01
0.107 0.838 0.012 0.014 0.028
0.955 0.014 0.009 0.011 0.011
0.144 0.225 0.424 0.187 0.02
0.855 0.02 0.016 0.019 0.09
0.897 0.046 0.009 0.024 0.024
0.896 0.02 0.019 0.047 0.018
0.674 0.059 0.073 0.067 0.128
0.957 0.013 0.008 0.013 0.009
0.477 0.036 0.411 0.019 0.057
0.957 0.013 0.008 0.012 0.009
0.129 0.071 0.013 0.019 0.769
0.329 0.214 0.036 0.3 0.12
0.203 0.095 0.012 0.057 0.632
0.124 0.029 0.036 0.089 0.722
0.056 0.12 0.032 0.026 0.766
0.023 0.013 0.022 0.01 0.932
0.033 0.137 0.207 0.058 0.565
0.063 0.093 0.079 0.017 0.747
0.071 0.137 0.015 0.092 0.685
0.024 0.025 0.018 0.014 0.919
0.21 0.049 0.022 0.12 0.599
0.024 0.052 0.019 0.016 0.89
0.009 0.017 0.011 0.025 0.937
0.012 0.029 0.009 0.894 0.055
0.085 0.025 0.018 0.199 0.673
0.011 0.469 0.063 0.357 0.1
0.184 0.073 0.021 0.018 0.704
0.024 0.019 0.024 0.899 0.035
0.009 0.011 0.01 0.956 0.014
0.014 0.257 0.017 0.615 0.096
0.023 0.069 0.009 0.846 0.053
0.017 0.299 0.021 0.116 0.548
0.017 0.053 0.011 0.161 0.758
0.009 0.108 0.02 0.826 0.036
0.016 0.774 0.02 0.012 0.178
