0.919 0.053 0.014 0.014
0.947 0.009 0.02 0.024
0.941 0.012 0.034 0.013
0.914 0.013 0.034 0.038
0.943 0.024 0.012 0.021
0.952 0.016 0.009 0.023
0.409 0.133 0.04 0.418
0.8 0.048 0.017 0.135
0.559 0.008 0.043 0.39
0.806 0.009 0.028 0.156
0.937 0.012 0.014 0.037
0.932 0.04 0.018 0.011
0.968 0.008 0.008 0.016
0.552 0.138 0.014 0.296
0.695 0.063 0.02 0.223
0.963 0.011 0.009 0.018
0.424 0.045 0.013 0.518
0.787 0.01 0.022 0.18
0.823 0.012 0.141 0.023
0.277 0.603 0.037 0.082
0.64 0.009 0.18 0.172
0.957 0.02 0.015 0.009
0.72 0.164 0.045 0.071
0.971 0.008 0.008 0.014
0.023 0.906 0.051 0.021
0.008 0.972 0.012 0.007
0.012 0.623 0.354 0.011
0.038 0.848 0.067 0.048
0.096 0.848 0.025 0.031
0.012 0.965 0.013 0.01
0.01 0.977 0.007 0.006
0.026 0.945 0.015 0.013
0.024 0.816 0.124 0.036
0.013 0.954 0.015 0.017
0.024 0.591 0.317 0.068
0.081 0.879 0.03 0.01
0.007 0.977 0.01 0.006
0.017 0.854 0.118 0.01
0.052 0.844 0.018 0.087
0.014 0.963 0.009 0.014
0.221 0.446 0.124 0.209
0.187 0.76 0.046 0.007
0.029 0.807 0.153 0.012
0.014 0.922 0.011 0.053
0.021 0.94 0.009 0.03
0.015 0.922 0.011 0.052
0.007 0.978 0.01 0.005
0.007 0.978 0.009 0.005
0.01 0.007 0.95 0.033
0.273 0.007 0.157 0.564
0.015 0.259 0.587 0.14
0.012 0.006 0.954 0.028
0.007 0.007 0.973 0.013
0.009 0.008 0.927 0.055
0.075 0.036 0.755 0.133
0.011 0.026 0.935 0.028
0.011 0.024 0.942 0.024
0.029 0.01 0.896 0.065
0.025 0.007 0.924 0.044
0.03 0.013 0.944 0.012
0.013 0.115 0.588 0.283
0.091 0.053 0.702 0.154
0.012 0.01 0.034 0.943
0.009 0.032 0.92 0.038
0.008 0.15 0.815 0.027
0.014 0.007 0.965 0.014
0.008 0.008 0.975 0.009
0.007 0.008 0.975 0.01
0.008 0.009 0.969 0.014
0.017 0.007 0.899 0.078
0.016 0.018 0.877 0.089
0.038 0.007 0.943 0.012
0.279 0.623 0.036 0.062
0.802 0.173 0.013 0.012
0.38 0.193 0.092 0.335
0.178 0.059 0.079 0.684
0.111 0.011 0.233 0.645
0.286 0.065 0.623 0.026
0.205 0.013 0.755 0.027
0.046 0.021 0.922 0.011
0.564 0.039 0.378 0.019
0.774 0.18 0.028 0.018
0.803 0.164 0.019 0.015
0.747 0.218 0.021 0.014
0.899 0.035 0.051 0.016
0.234 0.117 0.614 0.035
0.203 0.404 0.368 0.025
0.697 0.171 0.12 0.012
0.304 0.092 0.129 0.476
0.022 0.036 0.928 0.014
0.948 0.015 0.018 0.019
0.181 0.038 0.738 0.043
0.077 0.584 0.228 0.111
0.676 0.122 0.181 0.022
0.942 0.01 0.025 0.023
0.925 0.022 0.035 0.018
0.214 0.167 0.572 0.047
0.246 0.13 0.471 0.153
0.092 0.017 0.799 0.092
0.012 0.01 0.967 0.011
0.019 0.052 0.892 0.037
0.018 0.027 0.944 0.011
0.039 0.063 0.672 0.226
0.093 0.046 0.375 0.486
0.321 0.015 0.652 0.011
0.013 0.015 0.958 0.013
0.1 0.093 0.794 0.013
0.277 0.319 0.059 0.346
0.194 0.041 0.345 0.42
0.588 0.035 0.273 0.105
0.307 0.044 0.626 0.023
0.039 0.072 0.878 0.01
0.028 0.018 0.889 0.065
0.104 0.018 0.818 0.059
0.272 0.406 0.284 0.038
0.08 0.038 0.78 0.103
0.026 0.43 0.446 0.097
0.042 0.044 0.906 0.008
0.042 0.063 0.842 0.052
0.095 0.03 0.84 0.035
0.411 0.417 0.136 0.037
0.25 0.676 0.05 0.024
0.102 0.682 0.026 0.19
0.863 0.075 0.018 0.044
0.957 0.009 0.025 0.009
0.931 0.043 0.016 0.01
0.778 0.153 0.047 0.021
0.632 0.246 0.093 0.03
0.94 0.025 0.019 0.016
0.691 0.036 0.233 0.04
0.96 0.017 0.013 0.01
0.605 0.357 0.032 0.006
0.97 0.017 0.007 0.006
0.212 0.743 0.035 0.01
0.835 0.122 0.025 0.018
0.962 0.02 0.009 0.009
0.944 0.021 0.021 0.013
0.959 0.017 0.014 0.01
0.958 0.01 0.023 0.009
0.946 0.018 0.019 0.018
0.87 0.104 0.016 0.009
0.893 0.085 0.011 0.011
0.953 0.014 0.012 0.022
0.623 0.139 0.2 0.038
0.013 0.924 0.042 0.021
0.059 0.87 0.037 0.034
0.189 0.728 0.064 0.019
0.463 0.276 0.129 0.133
0.603 0.372 0.012 0.013
0.842 0.073 0.054 0.031
0.018 0.967 0.008 0.007
0.117 0.86 0.01 0.013
0.044 0.938 0.01 0.008
0.026 0.95 0.015 0.008
0.045 0.911 0.023 0.022
0.029 0.95 0.007 0.013
0.018 0.969 0.008 0.006
0.094 0.778 0.079 0.049
0.25 0.717 0.02 0.013
0.012 0.966 0.015 0.007
0.006 0.982 0.006 0.005
0.22 0.041 0.711 0.028
0.031 0.951 0.01 0.008
0.153 0.831 0.01 0.006
0.015 0.967 0.007 0.011
0.035 0.95 0.008 0.007
0.024 0.96 0.007 0.009
0.893 0.027 0.023 0.057
0.038 0.074 0.853 0.035
0.015 0.008 0.824 0.153
0.007 0.008 0.974 0.01
0.796 0.086 0.074 0.044
0.016 0.01 0.915 0.059
0.02 0.008 0.919 0.052
0.011 0.006 0.903 0.08
0.105 0.025 0.746 0.123
0.019 0.041 0.925 0.016
0.011 0.027 0.908 0.054
0.072 0.035 0.756 0.137
0.006 0.007 0.968 0.019
0.094 0.01 0.885 0.012
0.024 0.02 0.937 0.019
0.016 0.018 0.019 0.948
0.562 0.011 0.183 0.245
0.495 0.096 0.041 0.368
0.036 0.008 0.201 0.755
0.011 0.008 0.067 0.914
0.022 0.169 0.273 0.536
0.014 0.011 0.014 0.961
0.017 0.01 0.018 0.956
0.016 0.017 0.233 0.733
0.014 0.023 0.02 0.943
0.018 0.016 0.02 0.947
0.01 0.01 0.008 0.972
0.029 0.016 0.144 0.811
0.01 0.12 0.012 0.858
0.009 0.012 0.022 0.956
0.048 0.038 0.199 0.716
0.053 0.017 0.031 0.899
0.021 0.018 0.013 0.948
0.019 0.01 0.014 0.956
0.025 0.008 0.031 0.936
0.022 0.035 0.108 0.836
0.008 0.009 0.01 0.972
0.007 0.043 0.03 0.919
0.009 0.017 0.026 0.948
0.014 0.007 0.019 0.96
0.055 0.017 0.045 0.883
0.017 0.149 0.081 0.752
0.008 0.214 0.015 0.762
0.016 0.013 0.596 0.375
0.01 0.015 0.025 0.949
0.009 0.046 0.015 0.93
0.041 0.029 0.209 0.72
0.011 0.011 0.011 0.967
0.008 0.106 0.029 0.858
0.035 0.008 0.023 0.934
0.008 0.052 0.024 0.916
0.01 0.01 0.012 0.968
0.009 0.006 0.135 0.85
0.008 0.006 0.313 0.673
0.013 0.006 0.01 0.971
0.008 0.008 0.009 0.975
0.011 0.01 0.012 0.967
0.013 0.007 0.012 0.968
0.019 0.012 0.019 0.95
0.013 0.008 0.019 0.96
0.016 0.013 0.022 0.95
0.127 0.028 0.064 0.782
0.012 0.01 0.013 0.965
0.059 0.01 0.014 0.917
0.028 0.008 0.051 0.914
0.007 0.017 0.089 0.887
0.026 0.01 0.228 0.737
0.012 0.008 0.078 0.902
0.015 0.008 0.015 0.962
0.107 0.015 0.023 0.855
0.022 0.006 0.037 0.934
0.008 0.011 0.01 0.972
0.008 0.011 0.01 0.971
0.008 0.011 0.01 0.972
0.009 0.018 0.056 0.918
0.007 0.015 0.009 0.968
0.016 0.013 0.835 0.135
0.009 0.008 0.01 0.973
0.094 0.421 0.245 0.241
0.019 0.012 0.014 0.955
0.016 0.01 0.037 0.937
0.012 0.04 0.013 0.936
0.021 0.046 0.022 0.911
0.008 0.012 0.011 0.969
0.038 0.06 0.044 0.857
0.008 0.011 0.011 0.969
0.572 0.012 0.221 0.195
0.021 0.634 0.157 0.187
0.083 0.042 0.128 0.747
0.034 0.77 0.033 0.163
0.035 0.054 0.835 0.076
0.075 0.125 0.412 0.388
0.16 0.12 0.675 0.045
0.302 0.042 0.602 0.054
0.031 0.298 0.604 0.066
0.129 0.135 0.466 0.271
0.021 0.309 0.042 0.627
0.072 0.015 0.896 0.018
0.443 0.025 0.521 0.011
0.953 0.021 0.017 0.01
0.919 0.011 0.041 0.029
0.824 0.015 0.151 0.009
0.088 0.031 0.531 0.351
0.969 0.014 0.008 0.008
0.495 0.48 0.014 0.011
0.568 0.282 0.13 0.02
0.964 0.014 0.013 0.009
0.921 0.015 0.054 0.011
0.817 0.085 0.074 0.024
0.248 0.697 0.046 0.009
0.013 0.01 0.96 0.016
