0.022 0.012 0.913 0.011 0.041
0.033 0.014 0.922 0.022 0.009
0.02 0.038 0.926 0.007 0.009
0.054 0.013 0.896 0.025 0.012
0.026 0.011 0.93 0.014 0.019
0.018 0.014 0.935 0.018 0.015
0.73 0.018 0.2 0.009 0.044
0.013 0.009 0.72 0.226 0.031
0.012 0.16 0.225 0.596 0.007
0.01 0.066 0.637 0.28 0.008
0.035 0.014 0.912 0.03 0.009
0.032 0.011 0.919 0.009 0.029
0.008 0.009 0.959 0.017 0.007
0.055 0.011 0.611 0.199 0.124
0.056 0.015 0.59 0.274 0.066
0.016 0.008 0.951 0.015 0.01
0.02 0.016 0.319 0.587 0.058
0.045 0.027 0.8 0.117 0.011
0.038 0.491 0.432 0.025 0.014
0.036 0.122 0.17 0.048 0.624
0.078 0.499 0.208 0.207 0.008
0.007 0.019 0.943 0.01 0.02
0.077 0.073 0.566 0.069 0.215
0.008 0.006 0.967 0.011 0.007
0.054 0.073 0.029 0.018 0.825
0.01 0.008 0.008 0.011 0.963
0.329 0.038 0.013 0.01 0.61
0.009 0.111 0.032 0.101 0.747
0.05 0.013 0.105 0.02 0.813
0.013 0.015 0.01 0.007 0.955
0.008 0.006 0.009 0.004 0.973
0.025 0.01 0.031 0.01 0.923
0.013 0.283 0.021 0.039 0.645
0.019 0.018 0.012 0.013 0.937
0.047 0.339 0.027 0.05 0.537
0.012 0.057 0.108 0.011 0.812
0.011 0.008 0.006 0.004 0.971
0.017 0.247 0.012 0.007 0.717
0.095 0.008 0.058 0.055 0.784
0.013 0.009 0.013 0.009 0.956
0.29 0.137 0.084 0.013 0.475
0.007 0.193 0.078 0.006 0.716
0.23 0.012 0.032 0.009 0.718
0.01 0.018 0.01 0.028 0.933
0.008 0.013 0.012 0.019 0.948
0.01 0.018 0.01 0.029 0.932
0.011 0.008 0.006 0.004 0.971
0.011 0.008 0.006 0.004 0.971
0.087 0.854 0.011 0.042 0.006
0.035 0.584 0.068 0.308 0.005
0.882 0.061 0.013 0.009 0.035
0.021 0.347 0.034 0.592 0.007
0.937 0.025 0.007 0.022 0.008
0.015 0.371 0.009 0.593 0.011
0.406 0.312 0.073 0.178 0.031
0.012 0.219 0.02 0.73 0.019
0.012 0.23 0.02 0.719 0.018
0.189 0.684 0.029 0.089 0.01
0.674 0.165 0.079 0.076 0.006
0.088 0.856 0.035 0.01 0.01
0.016 0.121 0.014 0.814 0.034
0.851 0.06 0.046 0.025 0.017
0.02 0.126 0.009 0.836 0.008
0.019 0.603 0.008 0.333 0.036
0.06 0.57 0.01 0.155 0.206
0.931 0.018 0.028 0.016 0.007
0.899 0.072 0.012 0.01 0.007
0.975 0.007 0.005 0.007 0.005
0.974 0.007 0.006 0.007 0.006
0.851 0.046 0.014 0.083 0.007
0.14 0.532 0.019 0.279 0.029
0.557 0.347 0.079 0.01 0.007
0.024 0.086 0.209 0.106 0.574
0.012 0.068 0.781 0.014 0.125
0.017 0.674 0.079 0.149 0.081
0.018 0.47 0.061 0.422 0.029
0.719 0.044 0.079 0.15 0.008
0.569 0.137 0.237 0.013 0.044
0.03 0.716 0.167 0.078 0.009
0.016 0.93 0.031 0.009 0.013
0.01 0.889 0.079 0.009 0.013
0.007 0.81 0.109 0.01 0.064
0.027 0.059 0.793 0.013 0.107
0.018 0.088 0.563 0.015 0.315
0.02 0.189 0.76 0.012 0.019
0.221 0.566 0.111 0.013 0.089
0.12 0.449 0.086 0.016 0.329
0.007 0.952 0.02 0.006 0.015
0.019 0.197 0.184 0.516 0.085
0.532 0.36 0.072 0.01 0.026
0.008 0.116 0.846 0.021 0.01
0.008 0.941 0.023 0.019 0.009
0.014 0.442 0.053 0.148 0.343
0.008 0.941 0.028 0.007 0.016
0.01 0.173 0.775 0.033 0.009
0.017 0.268 0.671 0.018 0.026
0.033 0.789 0.11 0.015 0.053
0.629 0.064 0.215 0.021 0.072
0.935 0.021 0.024 0.011 0.008
0.027 0.948 0.01 0.008 0.007
0.954 0.009 0.009 0.01 0.018
0.035 0.909 0.017 0.011 0.029
0.948 0.02 0.015 0.007 0.011
0.91 0.041 0.023 0.009 0.016
0.02 0.877 0.085 0.008 0.01
0.008 0.963 0.008 0.012 0.009
0.026 0.91 0.021 0.007 0.035
0.285 0.031 0.173 0.211 0.3
0.032 0.794 0.043 0.118 0.013
0.697 0.04 0.22 0.024 0.019
0.214 0.491 0.237 0.017 0.041
0.893 0.018 0.028 0.006 0.055
0.014 0.952 0.01 0.016 0.008
0.196 0.664 0.093 0.033 0.014
0.057 0.351 0.333 0.029 0.231
0.854 0.029 0.044 0.036 0.037
0.092 0.227 0.023 0.08 0.578
0.011 0.946 0.017 0.006 0.02
0.04 0.903 0.013 0.022 0.022
0.012 0.948 0.015 0.014 0.011
0.027 0.13 0.653 0.042 0.148
0.072 0.028 0.417 0.012 0.472
0.065 0.024 0.182 0.118 0.611
0.031 0.015 0.859 0.036 0.059
0.01 0.013 0.944 0.024 0.009
0.009 0.023 0.939 0.007 0.022
0.029 0.022 0.832 0.021 0.096
0.03 0.049 0.782 0.022 0.117
0.017 0.024 0.928 0.012 0.019
0.051 0.093 0.793 0.044 0.019
0.007 0.072 0.898 0.009 0.014
0.008 0.028 0.815 0.007 0.142
0.005 0.006 0.969 0.006 0.015
0.017 0.037 0.477 0.01 0.46
0.014 0.013 0.912 0.015 0.046
0.007 0.008 0.964 0.007 0.013
0.015 0.02 0.941 0.009 0.015
0.01 0.01 0.962 0.007 0.011
0.009 0.02 0.953 0.009 0.009
0.011 0.027 0.926 0.017 0.019
0.007 0.023 0.911 0.009 0.05
0.009 0.009 0.921 0.007 0.054
0.012 0.009 0.955 0.014 0.01
0.142 0.031 0.756 0.02 0.051
0.026 0.046 0.008 0.018 0.902
0.037 0.069 0.017 0.016 0.862
0.012 0.115 0.217 0.023 0.632
0.156 0.192 0.392 0.067 0.194
0.019 0.011 0.708 0.008 0.254
0.019 0.11 0.824 0.018 0.029
0.007 0.007 0.016 0.006 0.964
0.015 0.007 0.119 0.011 0.848
0.009 0.009 0.04 0.007 0.934
0.008 0.013 0.032 0.011 0.937
0.012 0.05 0.05 0.021 0.867
0.006 0.006 0.023 0.01 0.954
0.005 0.007 0.023 0.005 0.96
0.123 0.043 0.099 0.035 0.699
0.012 0.018 0.37 0.016 0.584
0.012 0.017 0.01 0.006 0.955
0.005 0.005 0.005 0.005 0.98
0.246 0.346 0.305 0.059 0.044
0.007 0.016 0.037 0.007 0.933
0.006 0.011 0.255 0.005 0.722
0.008 0.007 0.012 0.008 0.965
0.007 0.008 0.049 0.008 0.928
0.006 0.008 0.026 0.008 0.952
0.046 0.047 0.842 0.03 0.035
0.063 0.875 0.02 0.012 0.031
0.017 0.844 0.009 0.124 0.006
0.01 0.968 0.006 0.01 0.006
0.057 0.177 0.639 0.039 0.088
0.029 0.711 0.015 0.235 0.01
0.023 0.947 0.011 0.014 0.005
0.157 0.698 0.012 0.128 0.005
0.011 0.892 0.021 0.064 0.011
0.017 0.9 0.019 0.026 0.038
0.008 0.886 0.007 0.088 0.012
0.212 0.484 0.102 0.171 0.031
0.018 0.933 0.006 0.037 0.005
0.062 0.883 0.033 0.013 0.009
0.023 0.781 0.013 0.156 0.027
0.905 0.01 0.016 0.052 0.017
0.077 0.049 0.406 0.459 0.01
0.573 0.032 0.319 0.043 0.033
0.028 0.079 0.02 0.866 0.007
0.819 0.021 0.009 0.144 0.007
0.89 0.029 0.015 0.034 0.032
0.936 0.01 0.012 0.033 0.009
0.073 0.037 0.018 0.861 0.011
0.936 0.032 0.008 0.014 0.011
0.944 0.01 0.008 0.028 0.009
0.967 0.008 0.008 0.01 0.007
0.497 0.012 0.016 0.44 0.035
0.878 0.085 0.015 0.014 0.009
0.96 0.008 0.007 0.008 0.017
0.913 0.013 0.009 0.057 0.007
0.066 0.573 0.011 0.34 0.011
0.39 0.158 0.061 0.373 0.018
0.863 0.021 0.026 0.064 0.027
0.604 0.029 0.032 0.313 0.022
0.335 0.208 0.045 0.403 0.009
0.54 0.354 0.013 0.069 0.025
0.218 0.078 0.009 0.667 0.028
0.944 0.01 0.007 0.022 0.018
0.954 0.006 0.007 0.024 0.008
0.035 0.012 0.016 0.93 0.007
0.036 0.033 0.057 0.855 0.018
0.578 0.02 0.011 0.183 0.209
0.015 0.007 0.008 0.811 0.159
0.543 0.179 0.019 0.238 0.02
0.01 0.011 0.009 0.96 0.01
0.012 0.008 0.008 0.937 0.035
0.591 0.017 0.026 0.352 0.014
0.006 0.01 0.008 0.967 0.009
0.023 0.011 0.008 0.881 0.077
0.017 0.013 0.032 0.931 0.007
0.039 0.02 0.009 0.9 0.032
0.081 0.011 0.014 0.884 0.01
0.021 0.057 0.01 0.907 0.005
0.02 0.149 0.006 0.819 0.006
0.006 0.007 0.009 0.973 0.005
0.005 0.008 0.005 0.977 0.006
0.006 0.01 0.008 0.968 0.008
0.015 0.01 0.012 0.956 0.007
0.02 0.025 0.018 0.925 0.013
0.009 0.013 0.009 0.962 0.006
0.007 0.02 0.01 0.956 0.007
0.255 0.069 0.153 0.498 0.026
0.191 0.012 0.02 0.761 0.016
0.285 0.021 0.104 0.581 0.009
0.714 0.009 0.034 0.236 0.007
0.45 0.012 0.007 0.508 0.023
0.83 0.036 0.017 0.11 0.007
0.034 0.073 0.009 0.878 0.006
0.046 0.018 0.021 0.902 0.013
0.015 0.019 0.04 0.916 0.009
0.058 0.065 0.021 0.849 0.006
0.009 0.007 0.007 0.97 0.007
0.009 0.007 0.007 0.971 0.007
0.009 0.007 0.007 0.97 0.007
0.014 0.028 0.008 0.938 0.012
0.007 0.008 0.006 0.97 0.009
0.853 0.013 0.012 0.109 0.013
0.033 0.008 0.015 0.936 0.009
0.93 0.009 0.014 0.013 0.034
0.035 0.017 0.02 0.914 0.014
0.131 0.031 0.02 0.808 0.01
0.033 0.011 0.014 0.905 0.038
0.901 0.011 0.019 0.047 0.023
0.012 0.008 0.008 0.965 0.007
0.853 0.03 0.02 0.077 0.02
0.011 0.008 0.008 0.966 0.007
0.02 0.48 0.293 0.199 0.008
0.015 0.127 0.021 0.484 0.353
0.333 0.17 0.085 0.366 0.046
0.019 0.081 0.018 0.134 0.748
0.012 0.925 0.013 0.028 0.022
0.009 0.891 0.012 0.071 0.017
0.027 0.832 0.044 0.026 0.07
0.061 0.778 0.086 0.034 0.041
0.032 0.556 0.029 0.108 0.276
0.014 0.792 0.029 0.129 0.036
0.068 0.078 0.02 0.415 0.418
0.025 0.931 0.018 0.016 0.01
0.014 0.777 0.186 0.007 0.016
0.012 0.012 0.951 0.007 0.017
0.011 0.063 0.884 0.033 0.01
0.072 0.023 0.887 0.008 0.01
0.033 0.467 0.04 0.44 0.02
0.008 0.006 0.97 0.007 0.01
0.01 0.01 0.595 0.012 0.374
0.063 0.022 0.619 0.023 0.273
0.008 0.011 0.964 0.007 0.01
0.008 0.075 0.894 0.01 0.012
0.047 0.046 0.78 0.027 0.101
0.061 0.013 0.346 0.006 0.574
0.035 0.931 0.015 0.011 0.007
