0.007 0.012 0.937 0.008 0.012 0.007 0.01 0.007
0.01 0.004 0.947 0.006 0.008 0.01 0.007 0.008
0.06 0.005 0.849 0.024 0.034 0.015 0.006 0.007
0.005 0.007 0.735 0.089 0.006 0.009 0.023 0.125
0.013 0.007 0.86 0.033 0.042 0.027 0.009 0.008
0.017 0.01 0.689 0.227 0.023 0.015 0.014 0.005
0.067 0.007 0.173 0.016 0.28 0.435 0.014 0.008
0.007 0.005 0.774 0.006 0.132 0.009 0.049 0.017
0.022 0.005 0.376 0.226 0.005 0.017 0.341 0.008
0.021 0.006 0.452 0.329 0.008 0.015 0.163 0.006
0.01 0.007 0.892 0.037 0.006 0.026 0.018 0.005
0.014 0.008 0.938 0.006 0.014 0.007 0.005 0.007
0.007 0.006 0.851 0.101 0.005 0.006 0.019 0.004
0.008 0.007 0.216 0.015 0.447 0.269 0.026 0.013
0.01 0.013 0.852 0.009 0.028 0.015 0.06 0.014
0.007 0.009 0.949 0.007 0.005 0.009 0.008 0.006
0.014 0.022 0.562 0.019 0.016 0.025 0.337 0.006
0.046 0.01 0.773 0.04 0.005 0.039 0.081 0.007
0.006 0.008 0.94 0.025 0.004 0.007 0.006 0.004
0.026 0.012 0.062 0.069 0.777 0.017 0.028 0.009
0.009 0.005 0.902 0.021 0.005 0.019 0.032 0.007
0.014 0.024 0.911 0.021 0.009 0.005 0.008 0.009
0.015 0.098 0.818 0.014 0.013 0.02 0.015 0.008
0.007 0.006 0.955 0.007 0.007 0.007 0.008 0.004
0.027 0.698 0.014 0.05 0.065 0.017 0.022 0.109
0.004 0.914 0.004 0.004 0.036 0.005 0.005 0.028
0.008 0.518 0.008 0.053 0.016 0.007 0.007 0.382
0.017 0.597 0.029 0.109 0.105 0.012 0.09 0.042
0.038 0.858 0.052 0.013 0.006 0.011 0.015 0.008
0.005 0.914 0.005 0.01 0.042 0.006 0.008 0.011
0.004 0.974 0.005 0.003 0.004 0.004 0.003 0.003
0.012 0.929 0.007 0.007 0.023 0.007 0.006 0.009
0.054 0.615 0.017 0.042 0.131 0.02 0.09 0.031
0.01 0.937 0.009 0.008 0.006 0.01 0.012 0.008
0.115 0.669 0.018 0.024 0.019 0.089 0.032 0.033
0.021 0.063 0.027 0.073 0.781 0.008 0.009 0.017
0.006 0.966 0.004 0.005 0.007 0.005 0.003 0.004
0.034 0.909 0.007 0.023 0.005 0.006 0.005 0.011
0.028 0.786 0.043 0.008 0.018 0.009 0.098 0.01
0.007 0.955 0.008 0.006 0.006 0.009 0.006 0.004
0.025 0.34 0.297 0.021 0.019 0.276 0.01 0.012
0.008 0.596 0.035 0.31 0.037 0.005 0.004 0.005
0.022 0.64 0.011 0.01 0.05 0.007 0.01 0.251
0.006 0.927 0.008 0.019 0.005 0.011 0.019 0.005
0.006 0.8 0.011 0.124 0.021 0.011 0.022 0.005
0.006 0.927 0.008 0.018 0.005 0.011 0.02 0.005
0.006 0.966 0.004 0.005 0.007 0.005 0.003 0.004
0.006 0.966 0.004 0.005 0.007 0.005 0.003 0.004
0.911 0.007 0.005 0.012 0.004 0.01 0.025 0.027
0.028 0.004 0.008 0.452 0.004 0.166 0.291 0.047
0.4 0.101 0.008 0.015 0.032 0.369 0.01 0.066
0.016 0.005 0.013 0.006 0.005 0.01 0.009 0.936
0.027 0.005 0.006 0.008 0.006 0.008 0.015 0.924
0.181 0.016 0.01 0.011 0.006 0.011 0.064 0.701
0.807 0.016 0.039 0.012 0.009 0.016 0.064 0.036
0.009 0.005 0.006 0.009 0.015 0.005 0.016 0.935
0.01 0.005 0.005 0.009 0.014 0.005 0.015 0.936
0.767 0.007 0.02 0.036 0.006 0.016 0.065 0.083
0.075 0.01 0.047 0.017 0.004 0.083 0.036 0.729
0.905 0.014 0.02 0.014 0.006 0.009 0.007 0.026
0.016 0.007 0.006 0.006 0.033 0.012 0.045 0.874
0.355 0.03 0.084 0.018 0.014 0.347 0.043 0.107
0.09 0.008 0.006 0.036 0.007 0.037 0.804 0.013
0.358 0.01 0.008 0.011 0.027 0.008 0.055 0.522
0.231 0.006 0.006 0.012 0.137 0.008 0.014 0.586
0.007 0.006 0.005 0.007 0.004 0.005 0.007 0.961
0.01 0.004 0.006 0.007 0.005 0.004 0.006 0.96
0.005 0.005 0.004 0.004 0.004 0.004 0.004 0.97
0.006 0.005 0.004 0.005 0.004 0.005 0.005 0.966
0.889 0.004 0.011 0.004 0.005 0.01 0.03 0.047
0.776 0.013 0.009 0.014 0.008 0.027 0.061 0.093
0.277 0.006 0.034 0.04 0.006 0.033 0.008 0.596
0.034 0.031 0.103 0.274 0.434 0.023 0.045 0.057
0.008 0.008 0.009 0.846 0.085 0.031 0.008 0.005
0.026 0.033 0.018 0.817 0.028 0.026 0.044 0.009
0.036 0.007 0.01 0.791 0.02 0.017 0.113 0.007
0.802 0.004 0.022 0.021 0.013 0.048 0.079 0.011
0.345 0.042 0.458 0.021 0.012 0.022 0.011 0.089
0.25 0.014 0.151 0.362 0.009 0.019 0.119 0.075
0.551 0.028 0.037 0.184 0.013 0.02 0.01 0.156
0.173 0.008 0.026 0.719 0.018 0.012 0.007 0.037
0.005 0.005 0.005 0.969 0.005 0.004 0.005 0.004
0.007 0.006 0.009 0.716 0.232 0.018 0.005 0.007
0.052 0.033 0.088 0.702 0.082 0.015 0.02 0.008
0.009 0.007 0.008 0.924 0.017 0.005 0.009 0.021
0.812 0.049 0.04 0.028 0.012 0.039 0.01 0.009
0.717 0.135 0.037 0.048 0.013 0.03 0.014 0.007
0.01 0.006 0.006 0.957 0.007 0.006 0.004 0.005
0.268 0.017 0.025 0.141 0.041 0.01 0.492 0.006
0.151 0.04 0.014 0.038 0.05 0.022 0.008 0.676
0.011 0.007 0.014 0.937 0.007 0.005 0.013 0.006
0.063 0.005 0.005 0.892 0.008 0.006 0.011 0.01
0.087 0.011 0.01 0.335 0.459 0.013 0.054 0.031
0.008 0.006 0.007 0.95 0.01 0.005 0.005 0.01
0.011 0.006 0.051 0.883 0.007 0.011 0.017 0.014
0.016 0.013 0.021 0.916 0.009 0.007 0.01 0.007
0.772 0.013 0.006 0.117 0.059 0.015 0.01 0.007
0.817 0.015 0.015 0.031 0.066 0.025 0.019 0.012
0.937 0.008 0.014 0.005 0.008 0.014 0.006 0.007
0.941 0.005 0.006 0.018 0.007 0.008 0.007 0.009
0.034 0.016 0.011 0.013 0.098 0.014 0.013 0.801
0.916 0.011 0.01 0.011 0.023 0.007 0.008 0.015
0.769 0.043 0.011 0.007 0.007 0.149 0.006 0.008
0.621 0.008 0.017 0.016 0.011 0.313 0.007 0.007
0.074 0.01 0.013 0.861 0.007 0.008 0.01 0.016
0.868 0.009 0.007 0.055 0.011 0.009 0.017 0.023
0.884 0.013 0.016 0.03 0.015 0.026 0.005 0.01
0.074 0.245 0.074 0.049 0.034 0.296 0.209 0.018
0.02 0.01 0.009 0.894 0.006 0.024 0.028 0.009
0.579 0.008 0.053 0.18 0.071 0.065 0.028 0.015
0.766 0.052 0.056 0.06 0.02 0.018 0.008 0.02
0.108 0.053 0.029 0.039 0.038 0.01 0.006 0.719
0.314 0.008 0.009 0.597 0.013 0.026 0.021 0.012
0.849 0.013 0.041 0.027 0.009 0.03 0.02 0.012
0.426 0.008 0.03 0.105 0.388 0.006 0.022 0.014
0.509 0.032 0.074 0.019 0.013 0.037 0.036 0.28
0.486 0.053 0.016 0.02 0.268 0.049 0.048 0.06
0.679 0.032 0.014 0.198 0.01 0.007 0.007 0.053
0.032 0.016 0.006 0.907 0.006 0.01 0.016 0.007
0.246 0.018 0.019 0.667 0.006 0.01 0.013 0.021
0.198 0.016 0.009 0.128 0.536 0.023 0.051 0.039
0.074 0.126 0.015 0.107 0.528 0.095 0.012 0.043
0.036 0.212 0.02 0.022 0.373 0.192 0.128 0.017
0.03 0.043 0.089 0.403 0.137 0.221 0.061 0.015
0.009 0.007 0.942 0.01 0.008 0.004 0.005 0.015
0.019 0.01 0.446 0.362 0.124 0.016 0.008 0.015
0.049 0.024 0.244 0.029 0.532 0.025 0.024 0.073
0.448 0.03 0.293 0.02 0.168 0.01 0.02 0.011
0.016 0.014 0.46 0.393 0.059 0.018 0.013 0.027
0.836 0.009 0.046 0.039 0.026 0.008 0.021 0.014
0.009 0.013 0.083 0.813 0.06 0.008 0.009 0.006
0.019 0.013 0.03 0.111 0.763 0.005 0.004 0.054
0.004 0.006 0.951 0.008 0.018 0.004 0.005 0.004
0.091 0.014 0.028 0.011 0.828 0.011 0.007 0.009
0.055 0.062 0.499 0.021 0.305 0.008 0.032 0.017
0.009 0.008 0.898 0.007 0.061 0.005 0.006 0.005
0.03 0.035 0.854 0.021 0.01 0.024 0.012 0.015
0.021 0.012 0.883 0.014 0.041 0.012 0.006 0.011
0.022 0.019 0.916 0.013 0.006 0.006 0.007 0.011
0.014 0.021 0.446 0.463 0.014 0.016 0.013 0.013
0.044 0.02 0.231 0.298 0.375 0.011 0.01 0.011
0.013 0.01 0.101 0.032 0.817 0.013 0.007 0.007
0.014 0.005 0.307 0.525 0.06 0.059 0.016 0.013
0.021 0.018 0.226 0.188 0.151 0.031 0.026 0.339
0.015 0.005 0.005 0.021 0.911 0.009 0.01 0.024
0.077 0.053 0.044 0.047 0.618 0.143 0.01 0.008
0.024 0.018 0.041 0.253 0.606 0.01 0.031 0.017
0.074 0.022 0.203 0.138 0.398 0.102 0.035 0.029
0.01 0.007 0.22 0.011 0.733 0.008 0.006 0.006
0.099 0.014 0.117 0.426 0.283 0.03 0.018 0.014
0.005 0.006 0.007 0.005 0.965 0.004 0.004 0.004
0.013 0.008 0.05 0.012 0.897 0.005 0.01 0.004
0.011 0.247 0.189 0.013 0.511 0.011 0.006 0.012
0.008 0.016 0.017 0.023 0.916 0.005 0.006 0.008
0.031 0.03 0.018 0.122 0.742 0.014 0.034 0.009
0.005 0.009 0.015 0.005 0.945 0.007 0.01 0.005
0.004 0.004 0.003 0.005 0.973 0.003 0.003 0.004
0.056 0.068 0.039 0.027 0.721 0.032 0.024 0.034
0.008 0.006 0.016 0.007 0.942 0.006 0.006 0.009
0.034 0.292 0.011 0.02 0.617 0.008 0.006 0.012
0.005 0.009 0.005 0.005 0.964 0.004 0.004 0.004
0.183 0.01 0.317 0.082 0.069 0.016 0.059 0.264
0.005 0.004 0.007 0.009 0.963 0.004 0.004 0.004
0.007 0.007 0.011 0.005 0.958 0.004 0.004 0.004
0.008 0.024 0.007 0.014 0.921 0.013 0.009 0.005
0.006 0.006 0.009 0.007 0.957 0.004 0.005 0.005
0.004 0.004 0.004 0.006 0.971 0.004 0.004 0.003
0.033 0.006 0.179 0.566 0.119 0.04 0.05 0.007
0.788 0.007 0.016 0.051 0.046 0.065 0.008 0.02
0.766 0.006 0.008 0.027 0.004 0.01 0.166 0.012
0.961 0.005 0.004 0.007 0.005 0.005 0.007 0.006
0.264 0.037 0.102 0.479 0.039 0.024 0.045 0.011
0.398 0.018 0.013 0.098 0.006 0.008 0.422 0.036
0.905 0.005 0.007 0.03 0.004 0.024 0.019 0.005
0.779 0.004 0.006 0.015 0.004 0.026 0.073 0.093
0.727 0.009 0.022 0.09 0.01 0.012 0.113 0.018
0.826 0.036 0.012 0.015 0.013 0.013 0.009 0.077
0.665 0.033 0.006 0.054 0.007 0.013 0.101 0.121
0.89 0.014 0.018 0.008 0.007 0.023 0.029 0.011
0.806 0.007 0.004 0.011 0.004 0.015 0.014 0.139
0.302 0.006 0.375 0.054 0.008 0.012 0.014 0.23
0.451 0.005 0.01 0.095 0.036 0.009 0.042 0.351
0.093 0.059 0.065 0.009 0.008 0.607 0.152 0.007
0.03 0.006 0.793 0.006 0.008 0.06 0.027 0.069
0.023 0.031 0.237 0.022 0.008 0.645 0.028 0.006
0.155 0.01 0.248 0.012 0.005 0.123 0.373 0.074
0.133 0.01 0.026 0.007 0.004 0.535 0.274 0.011
0.019 0.043 0.011 0.019 0.023 0.406 0.017 0.461
0.02 0.007 0.047 0.01 0.007 0.851 0.048 0.01
0.019 0.007 0.026 0.044 0.009 0.421 0.455 0.02
0.008 0.007 0.006 0.014 0.006 0.596 0.007 0.356
0.01 0.017 0.007 0.01 0.004 0.918 0.026 0.008
0.009 0.008 0.012 0.007 0.007 0.938 0.008 0.011
0.008 0.014 0.009 0.007 0.004 0.879 0.075 0.004
0.008 0.004 0.007 0.034 0.006 0.927 0.005 0.008
0.006 0.017 0.006 0.005 0.005 0.95 0.005 0.005
0.014 0.008 0.008 0.01 0.004 0.923 0.024 0.01
0.064 0.02 0.015 0.14 0.006 0.664 0.079 0.013
0.008 0.005 0.016 0.081 0.009 0.812 0.06 0.009
0.008 0.01 0.006 0.019 0.01 0.921 0.019 0.006
0.018 0.015 0.023 0.009 0.006 0.78 0.142 0.006
0.03 0.007 0.035 0.026 0.006 0.758 0.129 0.009
0.019 0.007 0.006 0.036 0.006 0.908 0.011 0.006
0.007 0.017 0.008 0.02 0.004 0.789 0.147 0.008
0.007 0.018 0.004 0.009 0.007 0.924 0.016 0.015
0.012 0.009 0.006 0.004 0.004 0.933 0.015 0.015
0.02 0.005 0.016 0.011 0.006 0.044 0.892 0.007
0.071 0.015 0.04 0.006 0.014 0.014 0.83 0.009
0.01 0.019 0.017 0.014 0.201 0.409 0.054 0.278
0.007 0.009 0.007 0.005 0.319 0.013 0.532 0.109
0.099 0.011 0.017 0.017 0.006 0.083 0.251 0.517
0.023 0.004 0.006 0.008 0.016 0.006 0.93 0.008
0.007 0.012 0.007 0.008 0.059 0.009 0.851 0.048
0.008 0.008 0.008 0.063 0.011 0.019 0.438 0.445
0.006 0.005 0.005 0.012 0.006 0.006 0.957 0.004
0.013 0.009 0.005 0.007 0.153 0.012 0.626 0.173
0.018 0.007 0.04 0.011 0.004 0.011 0.9 0.01
0.01 0.012 0.011 0.016 0.03 0.064 0.653 0.204
0.01 0.005 0.007 0.011 0.011 0.336 0.608 0.013
0.02 0.005 0.007 0.011 0.004 0.015 0.924 0.014
0.055 0.006 0.006 0.01 0.004 0.009 0.897 0.013
0.006 0.003 0.011 0.009 0.004 0.005 0.956 0.006
0.004 0.004 0.004 0.009 0.004 0.004 0.967 0.004
0.006 0.007 0.008 0.01 0.008 0.007 0.949 0.006
0.008 0.006 0.013 0.008 0.004 0.014 0.938 0.008
0.013 0.005 0.015 0.024 0.011 0.013 0.908 0.011
0.011 0.005 0.008 0.009 0.006 0.009 0.944 0.008
0.01 0.004 0.004 0.013 0.008 0.006 0.949 0.005
0.082 0.03 0.064 0.021 0.029 0.399 0.348 0.027
0.011 0.016 0.01 0.006 0.004 0.344 0.597 0.013
0.037 0.004 0.009 0.016 0.011 0.688 0.228 0.007
0.013 0.003 0.009 0.008 0.008 0.594 0.171 0.193
0.016 0.005 0.005 0.007 0.023 0.242 0.341 0.362
0.039 0.006 0.039 0.02 0.008 0.261 0.313 0.313
0.058 0.006 0.011 0.017 0.005 0.016 0.868 0.019
0.012 0.014 0.015 0.013 0.012 0.037 0.89 0.008
0.01 0.007 0.053 0.111 0.015 0.05 0.736 0.018
0.045 0.005 0.017 0.052 0.005 0.086 0.773 0.017
0.006 0.004 0.006 0.005 0.008 0.009 0.951 0.01
0.006 0.004 0.006 0.005 0.008 0.009 0.95 0.01
0.006 0.004 0.006 0.005 0.008 0.01 0.951 0.01
0.04 0.005 0.008 0.011 0.04 0.029 0.818 0.049
0.006 0.006 0.005 0.005 0.009 0.009 0.954 0.007
0.006 0.006 0.017 0.01 0.009 0.018 0.017 0.917
0.009 0.005 0.006 0.014 0.014 0.124 0.819 0.008
0.17 0.136 0.134 0.013 0.057 0.22 0.077 0.193
0.015 0.011 0.02 0.025 0.011 0.145 0.763 0.011
0.066 0.005 0.012 0.018 0.019 0.062 0.796 0.023
0.016 0.017 0.011 0.01 0.083 0.049 0.788 0.027
0.094 0.038 0.035 0.008 0.051 0.63 0.132 0.012
0.009 0.004 0.006 0.005 0.01 0.012 0.944 0.008
0.017 0.016 0.02 0.008 0.007 0.914 0.013 0.006
0.009 0.004 0.006 0.005 0.01 0.013 0.944 0.008
0.028 0.007 0.049 0.694 0.007 0.026 0.138 0.051
0.041 0.02 0.023 0.075 0.29 0.018 0.227 0.306
0.276 0.007 0.031 0.267 0.042 0.114 0.236 0.026
0.022 0.055 0.017 0.471 0.17 0.022 0.189 0.053
0.239 0.022 0.008 0.645 0.015 0.022 0.03 0.02
0.022 0.035 0.006 0.88 0.005 0.02 0.027 0.006
0.291 0.103 0.076 0.438 0.021 0.017 0.033 0.021
0.111 0.048 0.045 0.661 0.008 0.044 0.041 0.042
0.163 0.017 0.015 0.307 0.241 0.028 0.06 0.169
0.014 0.012 0.008 0.844 0.011 0.04 0.019 0.051
0.025 0.011 0.01 0.23 0.245 0.06 0.339 0.081
0.279 0.019 0.149 0.448 0.013 0.019 0.025 0.049
0.092 0.011 0.229 0.625 0.011 0.008 0.008 0.016
0.057 0.008 0.717 0.093 0.093 0.012 0.006 0.015
0.012 0.013 0.309 0.598 0.02 0.014 0.022 0.012
0.014 0.016 0.592 0.038 0.008 0.007 0.005 0.32
0.039 0.014 0.016 0.676 0.01 0.011 0.191 0.043
0.007 0.013 0.934 0.014 0.014 0.005 0.005 0.007
0.024 0.009 0.167 0.025 0.748 0.007 0.011 0.01
0.008 0.014 0.161 0.305 0.13 0.006 0.01 0.366
0.024 0.009 0.702 0.115 0.111 0.01 0.008 0.021
0.047 0.014 0.287 0.573 0.008 0.008 0.008 0.056
0.013 0.006 0.127 0.533 0.194 0.012 0.008 0.107
0.006 0.011 0.027 0.037 0.73 0.006 0.004 0.178
0.72 0.009 0.013 0.047 0.005 0.045 0.007 0.153
