0.011 0.912 0.012 0.042 0.023
0.026 0.915 0.014 0.009 0.036
0.007 0.924 0.037 0.01 0.021
0.024 0.889 0.014 0.012 0.06
0.015 0.927 0.011 0.019 0.028
0.018 0.937 0.011 0.014 0.02
0.009 0.208 0.018 0.044 0.721
0.248 0.697 0.009 0.032 0.015
0.602 0.214 0.165 0.007 0.012
0.276 0.635 0.07 0.009 0.01
0.032 0.906 0.015 0.01 0.036
0.009 0.913 0.012 0.03 0.035
0.017 0.957 0.01 0.008 0.008
0.214 0.596 0.012 0.122 0.057
0.296 0.562 0.015 0.072 0.055
0.015 0.949 0.008 0.011 0.017
0.605 0.296 0.017 0.061 0.02
0.126 0.789 0.03 0.011 0.045
0.027 0.379 0.524 0.016 0.055
0.047 0.16 0.125 0.633 0.036
0.218 0.147 0.527 0.008 0.101
0.011 0.938 0.021 0.023 0.007
0.08 0.525 0.077 0.232 0.085
0.012 0.966 0.007 0.007 0.009
0.02 0.032 0.079 0.812 0.057
0.012 0.008 0.007 0.963 0.01
0.01 0.012 0.037 0.604 0.337
0.099 0.032 0.107 0.752 0.009
0.02 0.109 0.013 0.806 0.052
0.007 0.01 0.014 0.955 0.013
0.004 0.009 0.006 0.972 0.008
0.011 0.034 0.01 0.917 0.027
0.043 0.021 0.277 0.645 0.013
0.013 0.012 0.019 0.936 0.02
0.051 0.028 0.337 0.532 0.052
0.011 0.116 0.058 0.802 0.013
0.004 0.006 0.008 0.971 0.011
0.007 0.012 0.243 0.719 0.018
0.056 0.061 0.009 0.777 0.097
0.009 0.014 0.01 0.953 0.014
0.014 0.066 0.149 0.477 0.293
0.006 0.082 0.19 0.714 0.007
0.009 0.033 0.012 0.708 0.238
0.028 0.01 0.019 0.932 0.011
0.017 0.012 0.012 0.95 0.008
0.029 0.01 0.019 0.93 0.011
0.004 0.006 0.008 0.97 0.012
0.004 0.006 0.008 0.97 0.012
0.047 0.012 0.855 0.006 0.08
0.32 0.069 0.569 0.005 0.037
0.01 0.013 0.062 0.037 0.877
0.668 0.037 0.266 0.007 0.022
0.024 0.007 0.026 0.008 0.935
0.655 0.011 0.307 0.012 0.016
0.188 0.07 0.311 0.032 0.399
0.819 0.023 0.125 0.02 0.013
0.809 0.023 0.136 0.019 0.014
0.091 0.028 0.69 0.01 0.182
0.09 0.083 0.157 0.006 0.664
0.01 0.039 0.857 0.011 0.082
0.87 0.014 0.068 0.032 0.016
0.026 0.043 0.063 0.018 0.85
0.832 0.01 0.129 0.008 0.02
0.368 0.009 0.561 0.042 0.021
0.162 0.01 0.53 0.229 0.068
0.018 0.029 0.018 0.007 0.928
0.01 0.013 0.07 0.007 0.9
0.007 0.006 0.008 0.005 0.974
0.007 0.006 0.007 0.006 0.974
0.096 0.014 0.045 0.007 0.838
0.29 0.02 0.516 0.029 0.145
0.011 0.089 0.346 0.007 0.548
0.11 0.215 0.081 0.572 0.023
0.014 0.817 0.069 0.086 0.013
0.132 0.074 0.704 0.073 0.018
0.391 0.063 0.5 0.028 0.018
0.146 0.086 0.041 0.009 0.718
0.014 0.226 0.131 0.045 0.584
0.089 0.172 0.698 0.009 0.032
0.009 0.032 0.927 0.013 0.018
0.009 0.082 0.885 0.013 0.01
0.01 0.104 0.839 0.041 0.007
0.013 0.825 0.06 0.072 0.029
0.016 0.585 0.097 0.283 0.019
0.012 0.787 0.162 0.018 0.021
0.014 0.107 0.58 0.085 0.215
0.018 0.085 0.459 0.324 0.115
0.006 0.02 0.952 0.014 0.007
0.508 0.195 0.195 0.083 0.019
0.01 0.075 0.36 0.025 0.53
0.021 0.86 0.101 0.01 0.008
0.018 0.024 0.941 0.01 0.008
0.154 0.051 0.431 0.349 0.015
0.008 0.029 0.94 0.016 0.008
0.035 0.773 0.171 0.009 0.011
0.018 0.68 0.258 0.027 0.018
0.015 0.116 0.791 0.047 0.031
0.02 0.237 0.06 0.061 0.623
0.012 0.027 0.025 0.009 0.927
0.008 0.011 0.948 0.007 0.026
0.01 0.01 0.009 0.019 0.952
0.012 0.018 0.905 0.028 0.037
0.008 0.016 0.021 0.011 0.945
0.01 0.025 0.044 0.018 0.904
0.008 0.087 0.873 0.01 0.021
0.012 0.008 0.962 0.009 0.009
0.008 0.021 0.909 0.035 0.028
0.221 0.165 0.035 0.297 0.282
0.105 0.042 0.807 0.013 0.033
0.024 0.244 0.04 0.017 0.675
0.017 0.241 0.5 0.041 0.202
0.006 0.029 0.019 0.054 0.892
0.015 0.011 0.951 0.009 0.014
0.035 0.1 0.66 0.015 0.19
0.028 0.345 0.355 0.212 0.06
0.039 0.047 0.03 0.037 0.847
0.081 0.022 0.218 0.593 0.086
0.007 0.016 0.947 0.019 0.011
0.022 0.012 0.91 0.025 0.031
0.014 0.015 0.948 0.011 0.012
0.045 0.689 0.113 0.125 0.029
0.011 0.448 0.025 0.44 0.076
0.123 0.181 0.025 0.604 0.067
0.034 0.882 0.015 0.04 0.029
0.029 0.939 0.013 0.01 0.01
0.007 0.947 0.015 0.021 0.009
0.021 0.849 0.023 0.079 0.028
0.022 0.794 0.05 0.106 0.029
0.012 0.93 0.022 0.019 0.017
0.045 0.806 0.076 0.017 0.055
0.01 0.908 0.061 0.014 0.007
0.008 0.856 0.021 0.107 0.008
0.006 0.968 0.007 0.015 0.005
0.01 0.52 0.038 0.417 0.016
0.016 0.915 0.013 0.042 0.014
0.007 0.964 0.008 0.013 0.007
0.009 0.938 0.021 0.015 0.016
0.007 0.961 0.011 0.011 0.011
0.009 0.952 0.021 0.009 0.009
0.017 0.924 0.029 0.02 0.011
0.009 0.923 0.02 0.041 0.007
0.007 0.936 0.009 0.039 0.009
0.012 0.957 0.01 0.008 0.013
0.02 0.755 0.033 0.046 0.146
0.018 0.008 0.045 0.901 0.027
0.015 0.017 0.071 0.857 0.041
0.023 0.21 0.122 0.632 0.012
0.065 0.384 0.198 0.191 0.162
0.008 0.734 0.01 0.229 0.02
0.019 0.848 0.088 0.025 0.021
0.006 0.018 0.008 0.962 0.007
0.011 0.123 0.007 0.843 0.015
0.007 0.041 0.009 0.933 0.01
0.011 0.034 0.013 0.934 0.008
0.021 0.049 0.053 0.864 0.013
0.011 0.025 0.007 0.951 0.007
0.005 0.023 0.007 0.959 0.006
0.036 0.1 0.046 0.692 0.126
0.017 0.381 0.017 0.574 0.012
0.007 0.01 0.017 0.954 0.012
0.005 0.006 0.005 0.979 0.005
0.072 0.282 0.336 0.044 0.267
0.007 0.037 0.017 0.932 0.007
0.006 0.274 0.011 0.703 0.006
0.009 0.013 0.007 0.963 0.009
0.008 0.051 0.008 0.925 0.008
0.009 0.028 0.008 0.949 0.006
0.031 0.843 0.045 0.035 0.046
0.012 0.02 0.877 0.029 0.063
0.126 0.009 0.842 0.006 0.017
0.01 0.006 0.968 0.006 0.01
0.04 0.648 0.164 0.09 0.058
0.257 0.015 0.684 0.012 0.032
0.015 0.011 0.948 0.006 0.021
0.134 0.012 0.695 0.005 0.154
0.066 0.021 0.891 0.012 0.011
0.023 0.02 0.903 0.038 0.016
0.085 0.007 0.887 0.013 0.008
0.177 0.106 0.484 0.03 0.203
0.03 0.006 0.942 0.005 0.017
0.013 0.021 0.879 0.01 0.077
0.172 0.013 0.758 0.031 0.027
0.051 0.016 0.01 0.018 0.905
0.512 0.381 0.033 0.01 0.064
0.049 0.315 0.036 0.035 0.565
0.888 0.018 0.062 0.007 0.026
0.151 0.01 0.023 0.007 0.81
0.035 0.015 0.03 0.033 0.886
0.031 0.012 0.01 0.01 0.937
0.844 0.018 0.04 0.012 0.086
0.013 0.008 0.033 0.011 0.935
0.03 0.009 0.011 0.01 0.94
0.01 0.008 0.008 0.008 0.966
0.439 0.016 0.013 0.034 0.497
0.015 0.014 0.087 0.009 0.876
0.009 0.007 0.008 0.017 0.959
0.061 0.009 0.014 0.008 0.909
0.335 0.011 0.573 0.012 0.07
0.346 0.058 0.174 0.018 0.404
0.067 0.027 0.022 0.026 0.859
0.324 0.033 0.032 0.022 0.589
0.391 0.048 0.227 0.009 0.324
0.067 0.012 0.368 0.025 0.528
0.649 0.009 0.081 0.029 0.231
0.023 0.007 0.01 0.019 0.942
0.024 0.007 0.007 0.009 0.953
0.929 0.017 0.013 0.007 0.034
0.85 0.061 0.034 0.018 0.037
0.184 0.01 0.018 0.212 0.576
0.797 0.009 0.007 0.172 0.015
0.248 0.018 0.166 0.02 0.547
0.958 0.01 0.011 0.011 0.01
0.931 0.009 0.008 0.04 0.013
0.342 0.027 0.017 0.015 0.599
0.965 0.008 0.011 0.009 0.007
0.875 0.008 0.011 0.083 0.023
0.931 0.032 0.013 0.007 0.016
0.897 0.009 0.019 0.034 0.04
0.885 0.014 0.011 0.01 0.08
0.91 0.01 0.051 0.005 0.023
0.825 0.006 0.139 0.006 0.023
0.972 0.009 0.007 0.005 0.007
0.976 0.005 0.008 0.006 0.005
0.966 0.008 0.01 0.009 0.007
0.954 0.013 0.01 0.007 0.016
0.922 0.018 0.026 0.013 0.021
0.962 0.009 0.014 0.006 0.009
0.954 0.011 0.021 0.007 0.008
0.49 0.154 0.072 0.027 0.256
0.764 0.018 0.012 0.016 0.189
0.596 0.096 0.021 0.009 0.278
0.247 0.036 0.009 0.007 0.702
0.507 0.007 0.011 0.024 0.451
0.107 0.016 0.037 0.007 0.832
0.875 0.01 0.075 0.006 0.034
0.9 0.021 0.019 0.014 0.047
0.915 0.04 0.019 0.009 0.016
0.84 0.022 0.068 0.007 0.064
0.969 0.007 0.007 0.007 0.009
0.969 0.007 0.007 0.008 0.01
0.969 0.007 0.007 0.008 0.009
0.941 0.008 0.025 0.012 0.014
0.969 0.006 0.008 0.01 0.008
0.116 0.012 0.012 0.013 0.847
0.934 0.014 0.008 0.009 0.034
0.013 0.014 0.009 0.036 0.928
0.909 0.02 0.018 0.015 0.038
0.798 0.022 0.033 0.011 0.137
0.897 0.015 0.011 0.04 0.037
0.045 0.019 0.011 0.023 0.902
0.965 0.008 0.008 0.008 0.012
0.084 0.021 0.032 0.022 0.84
0.965 0.008 0.008 0.007 0.012
0.207 0.31 0.453 0.009 0.021
0.508 0.023 0.098 0.356 0.015
0.343 0.091 0.173 0.047 0.345
0.113 0.018 0.075 0.774 0.02
0.026 0.013 0.927 0.022 0.012
0.066 0.013 0.894 0.017 0.009
0.026 0.042 0.832 0.073 0.027
0.035 0.085 0.776 0.041 0.063
0.112 0.032 0.514 0.309 0.034
0.13 0.028 0.789 0.038 0.015
0.38 0.021 0.083 0.449 0.068
0.016 0.015 0.923 0.01 0.036
0.007 0.179 0.778 0.017 0.019
0.007 0.95 0.013 0.018 0.012
0.033 0.884 0.062 0.009 0.011
0.008 0.885 0.022 0.009 0.076
0.428 0.044 0.474 0.021 0.034
0.007 0.969 0.006 0.01 0.008
0.012 0.598 0.01 0.37 0.01
0.024 0.614 0.02 0.274 0.068
0.007 0.964 0.011 0.01 0.008
0.011 0.903 0.066 0.011 0.009
0.029 0.786 0.03 0.108 0.047
0.006 0.359 0.014 0.556 0.065
0.011 0.016 0.937 0.007 0.028
