0.014 0.911 0.017 0.009 0.01 0.02 0.018
0.048 0.862 0.015 0.012 0.016 0.007 0.04
0.013 0.787 0.092 0.009 0.078 0.008 0.012
0.008 0.639 0.009 0.09 0.007 0.009 0.237
0.024 0.868 0.047 0.015 0.018 0.013 0.014
0.016 0.878 0.029 0.027 0.02 0.019 0.011
0.057 0.175 0.274 0.018 0.085 0.012 0.378
0.19 0.614 0.125 0.036 0.013 0.005 0.016
0.032 0.215 0.013 0.668 0.035 0.006 0.032
0.018 0.46 0.01 0.468 0.029 0.006 0.008
0.014 0.856 0.011 0.081 0.014 0.013 0.011
0.008 0.904 0.019 0.01 0.019 0.016 0.025
0.007 0.895 0.008 0.062 0.009 0.009 0.009
0.409 0.215 0.305 0.032 0.012 0.013 0.015
0.188 0.502 0.115 0.094 0.019 0.021 0.062
0.011 0.916 0.009 0.019 0.013 0.018 0.015
0.019 0.196 0.026 0.687 0.021 0.037 0.013
0.042 0.806 0.007 0.07 0.046 0.016 0.012
0.013 0.265 0.01 0.018 0.021 0.025 0.648
0.018 0.089 0.715 0.079 0.03 0.018 0.051
0.154 0.048 0.011 0.039 0.021 0.008 0.72
0.009 0.922 0.012 0.013 0.018 0.017 0.009
0.039 0.717 0.019 0.052 0.035 0.094 0.045
0.012 0.934 0.012 0.015 0.011 0.01 0.008
0.185 0.022 0.129 0.013 0.04 0.583 0.028
0.098 0.006 0.091 0.005 0.006 0.787 0.006
0.009 0.011 0.023 0.008 0.011 0.426 0.513
0.033 0.03 0.3 0.338 0.018 0.269 0.013
0.015 0.094 0.011 0.013 0.045 0.808 0.014
0.034 0.01 0.189 0.006 0.008 0.741 0.011
0.005 0.008 0.008 0.004 0.006 0.963 0.006
0.008 0.014 0.043 0.01 0.024 0.886 0.014
0.361 0.022 0.09 0.013 0.04 0.444 0.029
0.017 0.013 0.01 0.014 0.015 0.918 0.013
0.05 0.04 0.06 0.051 0.172 0.535 0.092
0.01 0.037 0.838 0.015 0.034 0.038 0.028
0.004 0.006 0.009 0.005 0.008 0.961 0.006
0.009 0.014 0.008 0.009 0.076 0.833 0.052
0.031 0.07 0.026 0.038 0.033 0.746 0.057
0.008 0.013 0.012 0.01 0.01 0.94 0.007
0.05 0.046 0.026 0.007 0.026 0.374 0.472
0.006 0.36 0.049 0.009 0.018 0.539 0.019
0.011 0.013 0.062 0.01 0.032 0.537 0.335
0.011 0.014 0.009 0.18 0.009 0.767 0.01
0.005 0.017 0.023 0.309 0.007 0.631 0.007
0.011 0.014 0.009 0.181 0.009 0.766 0.01
0.004 0.006 0.009 0.005 0.008 0.961 0.006
0.004 0.006 0.009 0.005 0.008 0.961 0.006
0.021 0.009 0.005 0.034 0.908 0.011 0.012
0.473 0.354 0.006 0.085 0.055 0.007 0.02
0.074 0.011 0.027 0.035 0.487 0.32 0.046
0.818 0.042 0.009 0.01 0.065 0.006 0.05
0.017 0.007 0.007 0.015 0.032 0.007 0.915
0.614 0.012 0.007 0.016 0.322 0.015 0.014
0.218 0.05 0.012 0.029 0.64 0.034 0.017
0.833 0.023 0.038 0.024 0.037 0.012 0.033
0.823 0.023 0.037 0.026 0.046 0.012 0.034
0.015 0.027 0.009 0.335 0.535 0.01 0.069
0.438 0.045 0.006 0.015 0.079 0.02 0.397
0.016 0.035 0.009 0.012 0.883 0.022 0.024
0.915 0.012 0.022 0.01 0.018 0.008 0.015
0.282 0.171 0.018 0.035 0.299 0.092 0.103
0.049 0.007 0.006 0.888 0.034 0.01 0.007
0.286 0.009 0.041 0.018 0.619 0.009 0.018
0.24 0.009 0.181 0.011 0.515 0.008 0.035
0.01 0.01 0.006 0.01 0.011 0.008 0.945
0.01 0.014 0.006 0.007 0.028 0.006 0.928
0.006 0.006 0.005 0.007 0.008 0.007 0.961
0.006 0.006 0.006 0.01 0.008 0.007 0.957
0.104 0.013 0.007 0.011 0.809 0.006 0.05
0.12 0.011 0.011 0.04 0.79 0.013 0.015
0.014 0.094 0.009 0.037 0.38 0.009 0.458
0.308 0.129 0.472 0.016 0.031 0.027 0.017
0.017 0.186 0.69 0.034 0.035 0.027 0.011
0.06 0.09 0.147 0.537 0.097 0.051 0.018
0.014 0.016 0.024 0.89 0.035 0.011 0.01
0.078 0.055 0.017 0.035 0.758 0.006 0.052
0.028 0.352 0.018 0.015 0.297 0.068 0.221
0.049 0.166 0.029 0.029 0.274 0.017 0.435
0.018 0.081 0.02 0.015 0.35 0.022 0.494
0.024 0.54 0.04 0.027 0.306 0.021 0.042
0.004 0.212 0.229 0.443 0.066 0.016 0.03
0.016 0.153 0.777 0.011 0.017 0.007 0.019
0.011 0.28 0.527 0.038 0.07 0.041 0.033
0.008 0.642 0.052 0.043 0.058 0.017 0.179
0.013 0.074 0.022 0.02 0.713 0.137 0.022
0.018 0.064 0.034 0.036 0.562 0.271 0.016
0.008 0.298 0.129 0.173 0.356 0.016 0.021
0.048 0.076 0.073 0.358 0.404 0.021 0.02
0.024 0.031 0.041 0.01 0.256 0.056 0.583
0.007 0.609 0.036 0.27 0.045 0.017 0.015
0.008 0.039 0.048 0.281 0.595 0.008 0.021
0.033 0.028 0.545 0.147 0.21 0.011 0.025
0.01 0.571 0.063 0.091 0.199 0.009 0.056
0.009 0.803 0.012 0.131 0.016 0.008 0.021
0.013 0.755 0.015 0.073 0.068 0.016 0.06
0.011 0.009 0.077 0.019 0.858 0.012 0.014
0.02 0.03 0.097 0.023 0.733 0.027 0.07
0.013 0.016 0.013 0.007 0.88 0.017 0.054
0.012 0.01 0.01 0.01 0.921 0.008 0.03
0.01 0.009 0.033 0.01 0.015 0.012 0.911
0.011 0.014 0.035 0.01 0.764 0.018 0.148
0.011 0.013 0.009 0.009 0.759 0.152 0.047
0.02 0.02 0.014 0.017 0.732 0.021 0.176
0.01 0.395 0.014 0.017 0.266 0.015 0.283
0.015 0.011 0.016 0.027 0.801 0.011 0.12
0.013 0.032 0.03 0.012 0.857 0.029 0.027
0.31 0.076 0.094 0.046 0.065 0.346 0.062
0.01 0.021 0.014 0.883 0.037 0.016 0.02
0.049 0.076 0.163 0.018 0.532 0.012 0.149
0.011 0.083 0.026 0.02 0.708 0.072 0.079
0.009 0.025 0.025 0.01 0.053 0.042 0.836
0.013 0.018 0.023 0.358 0.498 0.015 0.076
0.031 0.054 0.012 0.011 0.717 0.023 0.153
0.022 0.035 0.35 0.021 0.541 0.01 0.021
0.018 0.063 0.022 0.042 0.419 0.055 0.381
0.142 0.02 0.283 0.044 0.412 0.063 0.036
0.007 0.029 0.019 0.014 0.867 0.022 0.042
0.011 0.026 0.033 0.492 0.282 0.038 0.119
0.01 0.034 0.009 0.202 0.705 0.017 0.023
0.087 0.038 0.447 0.036 0.324 0.033 0.035
0.014 0.083 0.509 0.021 0.098 0.218 0.058
0.344 0.055 0.184 0.015 0.032 0.356 0.016
0.153 0.262 0.416 0.038 0.05 0.05 0.031
0.029 0.908 0.01 0.01 0.017 0.012 0.013
0.012 0.851 0.089 0.009 0.016 0.011 0.012
0.109 0.227 0.517 0.012 0.043 0.02 0.072
0.028 0.383 0.155 0.017 0.357 0.046 0.014
0.007 0.813 0.035 0.085 0.015 0.016 0.028
0.017 0.097 0.031 0.022 0.787 0.012 0.033
0.022 0.9 0.032 0.012 0.017 0.009 0.008
0.015 0.091 0.833 0.009 0.028 0.011 0.012
0.006 0.939 0.027 0.009 0.007 0.006 0.006
0.014 0.039 0.775 0.009 0.128 0.019 0.016
0.024 0.539 0.28 0.02 0.06 0.055 0.022
0.01 0.833 0.113 0.01 0.014 0.011 0.009
0.014 0.893 0.009 0.009 0.026 0.037 0.011
0.015 0.877 0.052 0.008 0.021 0.014 0.013
0.013 0.915 0.009 0.009 0.029 0.016 0.01
0.007 0.856 0.012 0.083 0.017 0.012 0.012
0.012 0.581 0.3 0.012 0.071 0.014 0.01
0.012 0.245 0.691 0.008 0.016 0.015 0.012
0.044 0.696 0.155 0.06 0.015 0.007 0.022
0.016 0.327 0.134 0.147 0.027 0.014 0.335
0.013 0.008 0.907 0.014 0.017 0.006 0.035
0.014 0.072 0.677 0.033 0.063 0.109 0.031
0.009 0.101 0.626 0.197 0.03 0.009 0.027
0.045 0.217 0.395 0.11 0.09 0.035 0.109
0.011 0.243 0.694 0.009 0.013 0.012 0.017
0.02 0.434 0.284 0.036 0.12 0.016 0.09
0.007 0.011 0.952 0.006 0.007 0.008 0.008
0.01 0.052 0.897 0.009 0.013 0.007 0.01
0.014 0.278 0.568 0.009 0.013 0.104 0.013
0.007 0.02 0.936 0.009 0.009 0.011 0.008
0.007 0.022 0.698 0.201 0.041 0.015 0.016
0.022 0.013 0.925 0.008 0.007 0.011 0.015
0.005 0.006 0.965 0.005 0.006 0.007 0.006
0.036 0.048 0.668 0.033 0.057 0.097 0.061
0.013 0.025 0.922 0.007 0.013 0.008 0.012
0.008 0.018 0.653 0.008 0.088 0.209 0.015
0.006 0.007 0.958 0.006 0.006 0.01 0.006
0.025 0.145 0.079 0.023 0.179 0.011 0.538
0.007 0.009 0.959 0.007 0.006 0.006 0.006
0.006 0.015 0.946 0.006 0.011 0.009 0.007
0.012 0.01 0.927 0.01 0.01 0.02 0.011
0.009 0.011 0.949 0.007 0.008 0.008 0.008
0.006 0.007 0.964 0.006 0.006 0.006 0.005
0.027 0.753 0.103 0.04 0.026 0.007 0.044
0.017 0.021 0.059 0.013 0.862 0.008 0.019
0.055 0.012 0.006 0.195 0.708 0.008 0.017
0.01 0.006 0.008 0.01 0.948 0.007 0.011
0.034 0.59 0.043 0.022 0.196 0.097 0.019
0.076 0.016 0.008 0.024 0.366 0.014 0.496
0.012 0.015 0.006 0.099 0.853 0.008 0.007
0.082 0.008 0.006 0.034 0.837 0.006 0.027
0.02 0.035 0.015 0.32 0.584 0.01 0.016
0.013 0.015 0.018 0.016 0.887 0.041 0.01
0.024 0.009 0.008 0.234 0.697 0.018 0.009
0.023 0.032 0.01 0.065 0.824 0.034 0.011
0.022 0.006 0.006 0.033 0.911 0.012 0.011
0.013 0.011 0.01 0.011 0.096 0.006 0.852
0.307 0.056 0.046 0.012 0.49 0.006 0.084
0.404 0.023 0.01 0.061 0.102 0.347 0.053
0.615 0.314 0.017 0.015 0.016 0.01 0.013
0.215 0.426 0.023 0.023 0.052 0.24 0.02
0.743 0.029 0.009 0.091 0.105 0.012 0.012
0.586 0.018 0.006 0.045 0.243 0.069 0.032
0.134 0.013 0.03 0.084 0.032 0.177 0.53
0.064 0.02 0.009 0.442 0.023 0.018 0.423
0.024 0.016 0.01 0.89 0.016 0.007 0.037
0.079 0.009 0.01 0.12 0.017 0.015 0.752
0.402 0.021 0.008 0.034 0.025 0.484 0.026
0.197 0.019 0.009 0.023 0.025 0.132 0.597
0.224 0.018 0.006 0.452 0.022 0.269 0.009
0.011 0.02 0.014 0.889 0.015 0.011 0.041
0.178 0.027 0.015 0.127 0.022 0.609 0.02
0.649 0.01 0.005 0.01 0.027 0.289 0.01
0.033 0.027 0.011 0.681 0.206 0.02 0.023
0.009 0.025 0.019 0.893 0.011 0.007 0.036
0.398 0.02 0.038 0.108 0.028 0.057 0.351
0.694 0.038 0.008 0.021 0.027 0.204 0.008
0.069 0.045 0.008 0.765 0.084 0.01 0.019
0.031 0.013 0.012 0.556 0.134 0.235 0.021
0.035 0.009 0.006 0.889 0.011 0.035 0.014
0.017 0.006 0.009 0.649 0.01 0.282 0.028
0.511 0.01 0.007 0.017 0.036 0.358 0.062
0.216 0.033 0.008 0.687 0.032 0.009 0.014
0.679 0.037 0.017 0.04 0.17 0.014 0.043
0.368 0.011 0.095 0.012 0.012 0.012 0.489
0.739 0.009 0.188 0.025 0.009 0.013 0.016
0.305 0.023 0.009 0.053 0.234 0.013 0.363
0.06 0.01 0.024 0.829 0.059 0.006 0.013
0.545 0.013 0.054 0.345 0.009 0.011 0.022
0.014 0.01 0.012 0.509 0.008 0.008 0.438
0.01 0.007 0.007 0.955 0.008 0.006 0.007
0.861 0.009 0.07 0.011 0.014 0.014 0.022
0.885 0.043 0.007 0.017 0.024 0.013 0.011
0.819 0.01 0.023 0.044 0.028 0.014 0.061
0.51 0.008 0.021 0.427 0.011 0.008 0.016
0.69 0.012 0.006 0.025 0.052 0.007 0.207
0.4 0.008 0.007 0.037 0.161 0.009 0.379
0.044 0.011 0.005 0.916 0.011 0.005 0.007
0.022 0.006 0.006 0.945 0.008 0.005 0.007
0.13 0.019 0.009 0.8 0.013 0.011 0.018
0.038 0.022 0.006 0.891 0.016 0.01 0.018
0.017 0.019 0.016 0.896 0.016 0.007 0.03
0.172 0.012 0.01 0.738 0.022 0.007 0.041
0.048 0.009 0.013 0.85 0.062 0.006 0.012
0.666 0.045 0.048 0.018 0.1 0.027 0.096
0.88 0.016 0.006 0.036 0.018 0.033 0.012
0.947 0.008 0.014 0.007 0.012 0.005 0.006
0.72 0.016 0.018 0.029 0.021 0.005 0.192
0.653 0.008 0.021 0.046 0.022 0.009 0.242
0.168 0.031 0.01 0.102 0.033 0.008 0.65
0.507 0.013 0.009 0.112 0.292 0.008 0.06
0.069 0.022 0.009 0.829 0.026 0.01 0.035
0.024 0.026 0.018 0.88 0.013 0.011 0.029
0.034 0.021 0.006 0.797 0.078 0.006 0.058
0.943 0.009 0.008 0.017 0.008 0.006 0.009
0.943 0.009 0.007 0.017 0.008 0.006 0.01
0.943 0.009 0.007 0.017 0.008 0.006 0.01
0.919 0.008 0.013 0.014 0.025 0.006 0.015
0.628 0.008 0.013 0.325 0.009 0.008 0.008
0.195 0.01 0.01 0.015 0.008 0.006 0.757
0.306 0.009 0.031 0.622 0.012 0.007 0.013
0.097 0.093 0.042 0.028 0.086 0.242 0.412
0.018 0.016 0.009 0.918 0.016 0.009 0.013
0.094 0.018 0.015 0.732 0.097 0.008 0.036
0.876 0.015 0.039 0.024 0.014 0.012 0.019
0.275 0.031 0.039 0.035 0.074 0.043 0.503
0.953 0.007 0.008 0.01 0.01 0.005 0.007
0.182 0.068 0.011 0.38 0.081 0.244 0.034
0.953 0.007 0.008 0.01 0.009 0.005 0.008
0.051 0.564 0.008 0.303 0.045 0.009 0.019
0.627 0.045 0.194 0.064 0.036 0.02 0.014
0.012 0.023 0.024 0.815 0.09 0.008 0.028
0.041 0.02 0.305 0.57 0.019 0.023 0.023
0.01 0.026 0.03 0.484 0.38 0.022 0.05
0.011 0.018 0.018 0.787 0.089 0.045 0.032
0.014 0.145 0.027 0.331 0.308 0.133 0.04
0.099 0.467 0.01 0.012 0.263 0.042 0.106
0.129 0.034 0.306 0.066 0.156 0.011 0.298
0.024 0.054 0.055 0.723 0.071 0.026 0.047
0.039 0.01 0.294 0.62 0.012 0.009 0.016
0.01 0.011 0.015 0.016 0.071 0.011 0.866
0.008 0.193 0.049 0.012 0.059 0.014 0.665
0.009 0.873 0.058 0.01 0.029 0.008 0.014
0.01 0.821 0.012 0.115 0.021 0.009 0.012
0.01 0.736 0.008 0.011 0.015 0.012 0.208
0.014 0.034 0.013 0.827 0.053 0.013 0.047
0.009 0.939 0.018 0.006 0.009 0.01 0.008
0.012 0.191 0.74 0.012 0.022 0.009 0.014
0.021 0.299 0.371 0.014 0.014 0.011 0.271
0.014 0.908 0.036 0.007 0.013 0.011 0.012
0.008 0.865 0.011 0.037 0.039 0.016 0.024
0.031 0.7 0.198 0.013 0.011 0.006 0.041
0.008 0.049 0.723 0.009 0.008 0.009 0.194
0.01 0.031 0.008 0.081 0.801 0.015 0.055
