0.021 0.022 0.957
0.097 0.246 0.657
0.071 0.034 0.895
0.496 0.292 0.211
0.026 0.123 0.85
0.078 0.233 0.689
0.044 0.395 0.561
0.04 0.463 0.497
0.282 0.676 0.042
0.162 0.648 0.19
0.048 0.332 0.62
0.022 0.022 0.956
0.072 0.411 0.517
0.021 0.382 0.597
0.026 0.515 0.459
0.024 0.173 0.803
0.025 0.782 0.192
0.094 0.669 0.237
0.652 0.141 0.206
0.113 0.152 0.735
0.499 0.467 0.033
0.053 0.038 0.909
0.058 0.233 0.709
0.025 0.199 0.776
0.076 0.038 0.886
0.024 0.02 0.956
0.534 0.015 0.452
0.229 0.08 0.691
0.045 0.038 0.918
0.052 0.024 0.924
0.017 0.017 0.966
0.025 0.029 0.945
0.21 0.078 0.712
0.033 0.059 0.907
0.312 0.09 0.598
0.068 0.02 0.912
0.019 0.013 0.967
0.28 0.034 0.686
0.017 0.042 0.941
0.022 0.052 0.927
0.233 0.221 0.545
0.156 0.016 0.828
0.303 0.022 0.675
0.052 0.25 0.697
0.046 0.132 0.823
0.053 0.25 0.696
0.019 0.013 0.968
0.02 0.013 0.967
0.878 0.106 0.016
0.695 0.287 0.018
0.247 0.402 0.351
0.884 0.098 0.018
0.949 0.038 0.013
0.776 0.205 0.019
0.292 0.479 0.228
0.875 0.093 0.032
0.886 0.086 0.029
0.809 0.154 0.036
0.89 0.086 0.024
0.902 0.036 0.062
0.51 0.406 0.084
0.289 0.41 0.302
0.085 0.898 0.017
0.832 0.134 0.034
0.829 0.09 0.081
0.96 0.024 0.016
0.967 0.018 0.015
0.969 0.018 0.013
0.964 0.022 0.015
0.358 0.597 0.045
0.521 0.387 0.092
0.952 0.026 0.023
0.095 0.08 0.825
0.066 0.027 0.908
0.405 0.37 0.225
0.254 0.677 0.069
0.055 0.898 0.046
0.224 0.066 0.71
0.888 0.058 0.054
0.949 0.018 0.033
0.914 0.021 0.065
0.877 0.028 0.095
0.074 0.031 0.895
0.049 0.025 0.926
0.818 0.025 0.157
0.427 0.124 0.45
0.179 0.065 0.756
0.928 0.018 0.055
0.145 0.599 0.256
0.896 0.028 0.076
0.625 0.074 0.301
0.924 0.038 0.038
0.548 0.119 0.333
0.933 0.017 0.05
0.872 0.06 0.068
0.745 0.034 0.221
0.606 0.082 0.312
0.135 0.365 0.499
0.182 0.673 0.146
0.952 0.026 0.023
0.843 0.075 0.081
0.888 0.03 0.082
0.201 0.613 0.187
0.141 0.731 0.128
0.927 0.018 0.055
0.955 0.023 0.022
0.769 0.028 0.203
0.048 0.394 0.558
0.724 0.245 0.03
0.181 0.386 0.433
0.587 0.095 0.318
0.898 0.025 0.077
0.904 0.069 0.027
0.604 0.278 0.119
0.187 0.05 0.763
0.47 0.365 0.165
0.393 0.325 0.283
0.948 0.015 0.037
0.918 0.042 0.04
0.922 0.049 0.029
0.16 0.068 0.772
0.049 0.033 0.918
0.035 0.17 0.794
0.041 0.099 0.859
0.099 0.044 0.858
0.19 0.028 0.782
0.046 0.047 0.907
0.041 0.051 0.908
0.203 0.066 0.73
0.196 0.213 0.592
0.383 0.025 0.592
0.042 0.011 0.947
0.021 0.015 0.963
0.03 0.018 0.952
0.032 0.031 0.937
0.018 0.02 0.962
0.082 0.058 0.86
0.051 0.036 0.912
0.139 0.033 0.828
0.268 0.104 0.628
0.039 0.021 0.94
0.019 0.016 0.965
0.13 0.139 0.731
0.564 0.053 0.383
0.121 0.055 0.824
0.087 0.051 0.862
0.219 0.048 0.733
0.253 0.207 0.54
0.018 0.017 0.965
0.245 0.083 0.673
0.016 0.015 0.968
0.014 0.014 0.972
0.018 0.015 0.967
0.027 0.022 0.951
0.097 0.078 0.825
0.017 0.033 0.949
0.018 0.013 0.968
0.094 0.097 0.809
0.027 0.019 0.954
0.034 0.019 0.947
0.014 0.014 0.972
0.77 0.066 0.164
0.019 0.018 0.963
0.015 0.012 0.973
0.016 0.019 0.966
0.016 0.016 0.968
0.016 0.014 0.97
0.172 0.112 0.716
0.732 0.092 0.176
0.701 0.283 0.016
0.952 0.031 0.017
0.218 0.1 0.681
0.861 0.12 0.019
0.814 0.16 0.025
0.564 0.418 0.018
0.84 0.121 0.039
0.882 0.038 0.08
0.898 0.074 0.028
0.325 0.465 0.21
0.939 0.048 0.013
0.961 0.021 0.018
0.927 0.047 0.026
0.019 0.95 0.031
0.277 0.604 0.119
0.036 0.441 0.522
0.142 0.84 0.018
0.033 0.95 0.016
0.454 0.469 0.077
0.031 0.944 0.026
0.054 0.924 0.022
0.538 0.444 0.018
0.035 0.933 0.032
0.034 0.93 0.036
0.014 0.968 0.018
0.411 0.555 0.034
0.023 0.873 0.103
0.033 0.948 0.019
0.44 0.526 0.033
0.202 0.747 0.051
0.054 0.895 0.051
0.025 0.944 0.032
0.057 0.916 0.027
0.195 0.765 0.04
0.028 0.956 0.016
0.106 0.857 0.037
0.025 0.951 0.024
0.024 0.958 0.017
0.039 0.887 0.074
0.16 0.737 0.103
0.028 0.855 0.117
0.62 0.358 0.022
0.034 0.942 0.024
0.029 0.928 0.043
0.53 0.433 0.036
0.028 0.952 0.02
0.035 0.907 0.058
0.033 0.938 0.029
0.055 0.911 0.034
0.022 0.958 0.02
0.117 0.87 0.013
0.263 0.725 0.012
0.022 0.964 0.014
0.025 0.961 0.014
0.029 0.951 0.02
0.024 0.961 0.015
0.052 0.924 0.024
0.045 0.937 0.017
0.058 0.916 0.026
0.063 0.808 0.129
0.018 0.953 0.029
0.021 0.943 0.036
0.109 0.869 0.022
0.173 0.807 0.02
0.327 0.652 0.021
0.081 0.904 0.015
0.032 0.948 0.02
0.066 0.878 0.055
0.046 0.942 0.012
0.018 0.963 0.019
0.018 0.963 0.019
0.018 0.963 0.019
0.061 0.911 0.028
0.019 0.962 0.019
0.822 0.159 0.019
0.018 0.966 0.016
0.09 0.281 0.629
0.029 0.945 0.026
0.042 0.932 0.026
0.022 0.927 0.05
0.023 0.905 0.072
0.018 0.961 0.02
0.032 0.845 0.124
0.018 0.962 0.02
0.871 0.091 0.038
0.36 0.315 0.325
0.14 0.788 0.072
0.338 0.384 0.278
0.888 0.07 0.043
0.808 0.154 0.039
0.731 0.06 0.21
0.791 0.12 0.089
0.794 0.115 0.09
0.86 0.101 0.039
0.199 0.682 0.119
0.944 0.031 0.024
0.905 0.016 0.08
0.051 0.04 0.909
0.499 0.144 0.357
0.558 0.017 0.425
0.719 0.247 0.035
0.022 0.035 0.942
0.022 0.017 0.961
0.583 0.023 0.393
0.142 0.04 0.817
0.897 0.022 0.081
0.664 0.033 0.303
0.193 0.015 0.792
0.953 0.029 0.018
