0.009 0.008 0.008 0.016 0.015 0.007 0.009 0.029 0.011 0.887
0.006 0.015 0.01 0.006 0.01 0.015 0.011 0.019 0.01 0.898
0.025 0.014 0.037 0.006 0.006 0.005 0.044 0.019 0.007 0.837
0.142 0.01 0.005 0.008 0.006 0.07 0.005 0.046 0.15 0.558
0.028 0.03 0.013 0.013 0.013 0.009 0.03 0.026 0.007 0.831
0.075 0.018 0.015 0.015 0.008 0.027 0.044 0.116 0.005 0.677
0.014 0.311 0.055 0.02 0.008 0.011 0.217 0.189 0.009 0.166
0.007 0.012 0.01 0.011 0.152 0.036 0.056 0.019 0.006 0.693
0.315 0.014 0.018 0.005 0.014 0.441 0.008 0.046 0.007 0.132
0.105 0.01 0.018 0.005 0.005 0.396 0.015 0.014 0.004 0.427
0.037 0.039 0.013 0.007 0.006 0.045 0.009 0.021 0.005 0.818
0.007 0.008 0.014 0.013 0.005 0.009 0.026 0.025 0.013 0.88
0.071 0.006 0.007 0.006 0.005 0.027 0.018 0.01 0.005 0.845
0.01 0.215 0.008 0.042 0.212 0.01 0.184 0.04 0.005 0.273
0.01 0.023 0.011 0.024 0.023 0.19 0.038 0.046 0.019 0.615
0.012 0.012 0.007 0.011 0.006 0.014 0.011 0.015 0.007 0.905
0.02 0.02 0.012 0.032 0.009 0.601 0.023 0.018 0.006 0.259
0.03 0.046 0.027 0.008 0.023 0.084 0.026 0.026 0.005 0.725
0.015 0.013 0.006 0.013 0.006 0.026 0.007 0.623 0.005 0.286
0.112 0.019 0.023 0.137 0.01 0.049 0.375 0.204 0.012 0.059
0.01 0.056 0.009 0.005 0.042 0.101 0.007 0.62 0.006 0.144
0.015 0.005 0.016 0.019 0.006 0.011 0.01 0.012 0.005 0.902
0.012 0.044 0.058 0.123 0.016 0.045 0.014 0.057 0.009 0.622
0.006 0.008 0.007 0.006 0.005 0.013 0.009 0.006 0.004 0.936
0.045 0.029 0.035 0.643 0.102 0.012 0.056 0.022 0.039 0.015
0.005 0.006 0.009 0.869 0.07 0.004 0.023 0.005 0.005 0.006
0.021 0.009 0.008 0.513 0.013 0.005 0.012 0.057 0.357 0.006
0.105 0.012 0.035 0.514 0.084 0.118 0.069 0.022 0.007 0.033
0.009 0.016 0.025 0.774 0.01 0.014 0.035 0.01 0.013 0.095
0.012 0.009 0.009 0.856 0.028 0.005 0.052 0.013 0.01 0.006
0.004 0.005 0.004 0.957 0.003 0.003 0.005 0.005 0.005 0.008
0.007 0.013 0.013 0.857 0.007 0.007 0.054 0.007 0.024 0.011
0.014 0.012 0.014 0.407 0.298 0.008 0.023 0.207 0.005 0.011
0.017 0.021 0.018 0.869 0.022 0.012 0.01 0.011 0.009 0.011
0.013 0.068 0.057 0.508 0.024 0.026 0.025 0.241 0.016 0.021
0.124 0.007 0.022 0.375 0.009 0.01 0.364 0.025 0.018 0.046
0.005 0.007 0.006 0.954 0.003 0.003 0.007 0.005 0.005 0.005
0.031 0.008 0.023 0.712 0.006 0.006 0.025 0.169 0.011 0.009
0.006 0.01 0.022 0.738 0.008 0.086 0.065 0.01 0.02 0.035
0.009 0.023 0.008 0.911 0.008 0.01 0.008 0.008 0.005 0.011
0.007 0.163 0.017 0.382 0.007 0.012 0.02 0.342 0.008 0.043
0.141 0.005 0.005 0.603 0.005 0.004 0.021 0.174 0.006 0.035
0.009 0.007 0.023 0.571 0.007 0.011 0.102 0.012 0.249 0.009
0.076 0.021 0.008 0.817 0.006 0.044 0.006 0.009 0.005 0.008
0.217 0.01 0.006 0.703 0.004 0.024 0.011 0.011 0.006 0.009
0.074 0.021 0.008 0.818 0.006 0.044 0.006 0.01 0.005 0.009
0.005 0.007 0.007 0.953 0.003 0.003 0.007 0.005 0.005 0.005
0.005 0.007 0.006 0.954 0.003 0.003 0.007 0.005 0.005 0.005
0.007 0.009 0.83 0.005 0.012 0.016 0.01 0.095 0.011 0.006
0.201 0.152 0.097 0.004 0.213 0.084 0.006 0.218 0.011 0.014
0.021 0.334 0.278 0.093 0.037 0.008 0.147 0.038 0.034 0.008
0.006 0.008 0.284 0.005 0.609 0.006 0.006 0.038 0.012 0.026
0.01 0.015 0.07 0.006 0.018 0.027 0.014 0.026 0.808 0.005
0.008 0.008 0.47 0.01 0.41 0.027 0.006 0.045 0.008 0.007
0.011 0.029 0.416 0.015 0.232 0.027 0.163 0.064 0.009 0.034
0.014 0.006 0.256 0.007 0.657 0.011 0.011 0.016 0.014 0.008
0.014 0.006 0.264 0.007 0.646 0.011 0.011 0.019 0.014 0.008
0.044 0.013 0.564 0.007 0.006 0.158 0.039 0.074 0.074 0.021
0.012 0.097 0.254 0.008 0.086 0.033 0.009 0.124 0.33 0.048
0.015 0.009 0.79 0.011 0.008 0.007 0.022 0.106 0.012 0.022
0.006 0.009 0.148 0.007 0.789 0.006 0.008 0.008 0.01 0.009
0.01 0.315 0.256 0.019 0.064 0.025 0.081 0.073 0.083 0.075
0.078 0.05 0.167 0.008 0.094 0.548 0.014 0.028 0.007 0.006
0.008 0.006 0.592 0.014 0.248 0.016 0.025 0.074 0.009 0.006
0.022 0.008 0.456 0.016 0.356 0.005 0.036 0.059 0.035 0.007
0.008 0.005 0.009 0.005 0.006 0.008 0.009 0.009 0.935 0.008
0.005 0.004 0.015 0.003 0.006 0.005 0.005 0.012 0.935 0.009
0.004 0.004 0.004 0.004 0.004 0.004 0.004 0.004 0.966 0.003
0.005 0.004 0.005 0.004 0.004 0.004 0.004 0.005 0.962 0.004
0.004 0.012 0.648 0.004 0.014 0.047 0.158 0.052 0.048 0.013
0.016 0.027 0.72 0.01 0.066 0.03 0.041 0.07 0.011 0.01
0.015 0.032 0.476 0.005 0.009 0.008 0.01 0.15 0.237 0.058
0.194 0.016 0.019 0.062 0.461 0.008 0.063 0.074 0.008 0.094
0.855 0.021 0.007 0.008 0.005 0.008 0.022 0.057 0.005 0.012
0.754 0.033 0.025 0.028 0.059 0.024 0.029 0.016 0.01 0.023
0.702 0.022 0.034 0.008 0.024 0.121 0.046 0.023 0.006 0.014
0.019 0.025 0.392 0.005 0.043 0.022 0.425 0.03 0.015 0.026
0.019 0.026 0.172 0.039 0.03 0.008 0.087 0.132 0.108 0.379
0.167 0.018 0.092 0.01 0.008 0.181 0.023 0.341 0.039 0.121
0.035 0.012 0.18 0.017 0.013 0.006 0.023 0.615 0.067 0.032
0.334 0.012 0.101 0.012 0.008 0.007 0.028 0.45 0.014 0.032
0.964 0.003 0.004 0.005 0.003 0.005 0.004 0.005 0.004 0.004
0.787 0.013 0.007 0.014 0.009 0.004 0.078 0.064 0.007 0.015
0.698 0.01 0.032 0.037 0.008 0.027 0.043 0.059 0.011 0.075
0.506 0.006 0.012 0.01 0.005 0.024 0.042 0.308 0.073 0.014
0.033 0.079 0.403 0.046 0.005 0.014 0.249 0.101 0.012 0.058
0.064 0.073 0.364 0.108 0.007 0.018 0.216 0.121 0.006 0.024
0.947 0.005 0.008 0.006 0.004 0.004 0.006 0.01 0.004 0.006
0.087 0.013 0.151 0.021 0.036 0.348 0.194 0.121 0.006 0.023
0.032 0.025 0.093 0.03 0.019 0.006 0.113 0.108 0.547 0.027
0.801 0.006 0.015 0.007 0.005 0.038 0.054 0.025 0.01 0.038
0.817 0.006 0.046 0.005 0.005 0.02 0.072 0.015 0.008 0.006
0.329 0.014 0.108 0.087 0.092 0.04 0.245 0.054 0.016 0.015
0.794 0.005 0.011 0.008 0.005 0.008 0.008 0.144 0.01 0.008
0.525 0.013 0.011 0.006 0.008 0.048 0.008 0.296 0.013 0.072
0.671 0.007 0.013 0.013 0.005 0.02 0.028 0.205 0.012 0.025
0.098 0.014 0.361 0.01 0.007 0.011 0.468 0.019 0.006 0.006
0.019 0.016 0.374 0.015 0.01 0.014 0.495 0.013 0.029 0.014
0.005 0.01 0.449 0.007 0.006 0.005 0.488 0.01 0.008 0.011
0.016 0.008 0.405 0.005 0.008 0.007 0.277 0.258 0.009 0.006
0.009 0.008 0.024 0.022 0.009 0.01 0.105 0.012 0.794 0.008
0.011 0.007 0.37 0.014 0.008 0.008 0.259 0.279 0.033 0.011
0.006 0.107 0.375 0.033 0.004 0.005 0.442 0.007 0.012 0.008
0.014 0.191 0.326 0.009 0.005 0.007 0.361 0.07 0.006 0.012
0.381 0.009 0.03 0.008 0.006 0.011 0.018 0.479 0.032 0.026
0.025 0.008 0.378 0.009 0.014 0.011 0.09 0.439 0.017 0.007
0.059 0.033 0.494 0.02 0.011 0.005 0.17 0.174 0.008 0.026
0.042 0.255 0.067 0.187 0.04 0.159 0.081 0.096 0.021 0.051
0.857 0.02 0.018 0.007 0.016 0.034 0.012 0.016 0.009 0.011
0.167 0.035 0.247 0.01 0.009 0.016 0.413 0.041 0.035 0.027
0.063 0.017 0.333 0.041 0.008 0.007 0.329 0.076 0.041 0.084
0.03 0.008 0.06 0.033 0.006 0.008 0.183 0.019 0.636 0.016
0.36 0.031 0.12 0.008 0.007 0.041 0.042 0.37 0.01 0.01
0.017 0.026 0.307 0.011 0.015 0.016 0.106 0.447 0.01 0.044
0.097 0.006 0.218 0.013 0.027 0.008 0.574 0.019 0.016 0.022
0.016 0.031 0.248 0.035 0.008 0.052 0.239 0.022 0.298 0.052
0.024 0.044 0.288 0.197 0.091 0.024 0.217 0.086 0.015 0.015
0.181 0.008 0.473 0.032 0.005 0.008 0.104 0.116 0.048 0.025
0.77 0.01 0.081 0.014 0.008 0.018 0.01 0.073 0.01 0.006
0.682 0.008 0.166 0.011 0.008 0.017 0.044 0.038 0.012 0.014
0.048 0.029 0.1 0.02 0.072 0.018 0.635 0.037 0.022 0.019
0.049 0.057 0.05 0.263 0.007 0.011 0.463 0.015 0.055 0.028
0.01 0.124 0.026 0.355 0.189 0.027 0.201 0.027 0.01 0.031
0.243 0.176 0.033 0.045 0.033 0.05 0.077 0.096 0.012 0.233
0.011 0.005 0.017 0.007 0.012 0.007 0.013 0.01 0.007 0.911
0.093 0.012 0.017 0.026 0.006 0.007 0.055 0.288 0.007 0.49
0.023 0.029 0.029 0.079 0.063 0.013 0.243 0.069 0.054 0.398
0.014 0.012 0.215 0.063 0.028 0.011 0.282 0.025 0.011 0.339
0.138 0.015 0.015 0.02 0.005 0.026 0.028 0.041 0.039 0.672
0.021 0.008 0.409 0.008 0.01 0.015 0.45 0.013 0.015 0.051
0.362 0.009 0.009 0.027 0.018 0.008 0.038 0.388 0.004 0.137
0.081 0.006 0.023 0.089 0.016 0.004 0.559 0.016 0.011 0.195
0.007 0.004 0.005 0.009 0.004 0.007 0.011 0.006 0.003 0.944
0.009 0.011 0.058 0.21 0.011 0.007 0.613 0.015 0.009 0.057
0.016 0.007 0.034 0.054 0.008 0.022 0.161 0.017 0.012 0.669
0.007 0.005 0.008 0.009 0.007 0.006 0.036 0.009 0.004 0.908
0.011 0.022 0.026 0.017 0.009 0.008 0.012 0.018 0.009 0.869
0.007 0.009 0.014 0.011 0.008 0.006 0.023 0.014 0.009 0.899
0.009 0.006 0.026 0.012 0.007 0.007 0.009 0.009 0.006 0.908
0.216 0.015 0.018 0.017 0.006 0.021 0.01 0.031 0.011 0.655
0.09 0.008 0.035 0.043 0.01 0.01 0.272 0.019 0.006 0.507
0.029 0.019 0.01 0.055 0.011 0.007 0.349 0.031 0.009 0.48
0.299 0.03 0.012 0.005 0.011 0.013 0.036 0.041 0.02 0.533
0.107 0.023 0.02 0.021 0.018 0.026 0.069 0.025 0.305 0.386
0.025 0.009 0.012 0.403 0.04 0.009 0.437 0.034 0.025 0.005
0.068 0.068 0.04 0.405 0.01 0.012 0.31 0.051 0.01 0.026
0.177 0.01 0.049 0.231 0.022 0.029 0.296 0.046 0.015 0.125
0.125 0.093 0.05 0.051 0.04 0.03 0.235 0.139 0.045 0.192
0.01 0.009 0.008 0.171 0.005 0.007 0.448 0.013 0.009 0.321
0.092 0.03 0.06 0.025 0.011 0.014 0.281 0.203 0.019 0.265
0.006 0.005 0.005 0.485 0.006 0.004 0.465 0.008 0.005 0.011
0.01 0.005 0.01 0.402 0.012 0.007 0.455 0.011 0.005 0.083
0.012 0.009 0.009 0.528 0.025 0.005 0.237 0.017 0.012 0.147
0.02 0.005 0.011 0.456 0.016 0.006 0.438 0.015 0.008 0.025
0.145 0.011 0.022 0.36 0.007 0.037 0.367 0.02 0.007 0.023
0.011 0.008 0.005 0.478 0.007 0.011 0.445 0.018 0.004 0.011
0.006 0.004 0.005 0.466 0.005 0.004 0.492 0.006 0.005 0.008
0.031 0.03 0.046 0.268 0.043 0.021 0.427 0.032 0.053 0.049
0.009 0.006 0.01 0.156 0.071 0.005 0.448 0.016 0.011 0.268
0.019 0.006 0.024 0.593 0.007 0.006 0.316 0.011 0.008 0.009
0.005 0.004 0.005 0.501 0.007 0.004 0.462 0.004 0.004 0.005
0.035 0.014 0.082 0.017 0.007 0.152 0.063 0.229 0.189 0.212
0.026 0.006 0.006 0.451 0.013 0.005 0.461 0.01 0.004 0.018
0.005 0.004 0.008 0.362 0.005 0.005 0.503 0.011 0.004 0.092
0.017 0.014 0.007 0.479 0.014 0.007 0.432 0.019 0.004 0.006
0.01 0.006 0.007 0.448 0.017 0.005 0.462 0.008 0.006 0.032
0.02 0.006 0.005 0.467 0.01 0.005 0.464 0.011 0.004 0.008
0.204 0.029 0.022 0.012 0.009 0.03 0.08 0.307 0.008 0.297
0.048 0.036 0.642 0.013 0.012 0.007 0.14 0.078 0.01 0.015
0.032 0.013 0.482 0.005 0.035 0.144 0.144 0.127 0.009 0.008
0.007 0.006 0.567 0.005 0.007 0.01 0.19 0.199 0.006 0.005
0.232 0.022 0.126 0.036 0.033 0.024 0.216 0.212 0.008 0.091
0.042 0.007 0.082 0.011 0.011 0.416 0.019 0.386 0.018 0.008
0.046 0.03 0.643 0.005 0.007 0.024 0.161 0.072 0.004 0.008
0.009 0.025 0.723 0.004 0.039 0.034 0.04 0.109 0.01 0.007
0.139 0.011 0.465 0.009 0.021 0.127 0.091 0.104 0.01 0.023
0.017 0.011 0.712 0.046 0.012 0.012 0.058 0.109 0.007 0.018
0.036 0.009 0.719 0.018 0.014 0.095 0.008 0.089 0.006 0.005
0.01 0.028 0.664 0.015 0.013 0.038 0.127 0.063 0.006 0.035
0.005 0.011 0.821 0.005 0.013 0.01 0.005 0.12 0.006 0.004
0.015 0.009 0.178 0.006 0.019 0.013 0.009 0.668 0.056 0.027
0.053 0.009 0.466 0.007 0.273 0.008 0.015 0.141 0.019 0.011
0.01 0.511 0.085 0.036 0.036 0.059 0.196 0.034 0.008 0.025
0.007 0.089 0.092 0.007 0.186 0.052 0.012 0.022 0.006 0.53
0.018 0.605 0.024 0.017 0.009 0.041 0.03 0.09 0.006 0.159
0.007 0.084 0.202 0.008 0.168 0.401 0.023 0.033 0.005 0.068
0.008 0.531 0.121 0.007 0.045 0.166 0.069 0.031 0.006 0.016
0.027 0.442 0.019 0.032 0.085 0.011 0.029 0.019 0.326 0.009
0.009 0.648 0.016 0.007 0.009 0.035 0.025 0.218 0.012 0.021
0.056 0.461 0.015 0.006 0.047 0.156 0.013 0.215 0.012 0.019
0.025 0.472 0.01 0.006 0.013 0.006 0.006 0.169 0.288 0.005
0.008 0.882 0.01 0.012 0.008 0.036 0.009 0.021 0.008 0.006
0.007 0.769 0.011 0.008 0.008 0.008 0.013 0.148 0.018 0.009
0.009 0.837 0.01 0.008 0.014 0.092 0.008 0.007 0.004 0.01
0.031 0.724 0.01 0.005 0.006 0.005 0.006 0.199 0.007 0.007
0.005 0.936 0.006 0.014 0.007 0.005 0.006 0.008 0.006 0.006
0.009 0.876 0.017 0.006 0.036 0.017 0.009 0.014 0.009 0.008
0.113 0.5 0.113 0.015 0.022 0.049 0.008 0.161 0.005 0.013
0.069 0.635 0.008 0.005 0.008 0.042 0.006 0.205 0.008 0.013
0.037 0.702 0.009 0.011 0.037 0.008 0.009 0.171 0.007 0.008
0.007 0.69 0.026 0.015 0.169 0.038 0.01 0.011 0.004 0.03
0.026 0.576 0.038 0.007 0.008 0.27 0.015 0.021 0.008 0.032
0.064 0.823 0.031 0.007 0.007 0.017 0.007 0.032 0.004 0.007
0.031 0.689 0.01 0.014 0.015 0.171 0.005 0.05 0.008 0.008
0.01 0.77 0.007 0.031 0.012 0.012 0.006 0.118 0.028 0.005
0.004 0.882 0.018 0.01 0.029 0.012 0.013 0.01 0.015 0.007
0.011 0.079 0.021 0.005 0.066 0.756 0.013 0.025 0.007 0.016
0.005 0.012 0.057 0.011 0.016 0.782 0.051 0.02 0.007 0.04
0.012 0.279 0.02 0.11 0.267 0.019 0.065 0.134 0.08 0.013
0.006 0.011 0.012 0.023 0.857 0.03 0.029 0.008 0.017 0.007
0.017 0.061 0.3 0.011 0.161 0.146 0.009 0.051 0.231 0.013
0.009 0.006 0.029 0.007 0.011 0.899 0.018 0.008 0.008 0.006
0.011 0.008 0.008 0.019 0.509 0.397 0.018 0.007 0.014 0.008
0.049 0.012 0.007 0.007 0.013 0.448 0.009 0.009 0.439 0.007
0.009 0.005 0.005 0.005 0.006 0.951 0.006 0.005 0.005 0.004
0.01 0.019 0.022 0.014 0.824 0.053 0.018 0.015 0.019 0.006
0.01 0.015 0.019 0.006 0.079 0.8 0.017 0.011 0.007 0.036
0.017 0.056 0.042 0.015 0.595 0.142 0.018 0.018 0.089 0.009
0.017 0.238 0.011 0.008 0.027 0.627 0.008 0.047 0.012 0.006
0.006 0.015 0.011 0.004 0.017 0.852 0.005 0.078 0.007 0.006
0.008 0.011 0.025 0.004 0.017 0.769 0.01 0.144 0.008 0.005
0.008 0.005 0.006 0.003 0.013 0.942 0.005 0.004 0.004 0.008
0.007 0.005 0.005 0.004 0.008 0.956 0.004 0.005 0.004 0.004
0.007 0.008 0.005 0.007 0.009 0.938 0.006 0.007 0.006 0.007
0.007 0.011 0.007 0.005 0.007 0.926 0.006 0.011 0.009 0.011
0.019 0.01 0.009 0.006 0.007 0.902 0.01 0.011 0.016 0.01
0.008 0.007 0.009 0.004 0.007 0.937 0.007 0.008 0.007 0.006
0.01 0.008 0.011 0.004 0.011 0.921 0.019 0.007 0.005 0.005
0.023 0.274 0.057 0.024 0.046 0.356 0.03 0.117 0.018 0.055
0.006 0.306 0.015 0.011 0.092 0.497 0.009 0.043 0.011 0.01
0.016 0.542 0.022 0.004 0.312 0.032 0.024 0.035 0.004 0.01
0.008 0.477 0.014 0.004 0.25 0.029 0.018 0.019 0.171 0.011
0.008 0.163 0.016 0.008 0.533 0.023 0.015 0.011 0.219 0.005
0.013 0.19 0.024 0.005 0.022 0.302 0.018 0.071 0.329 0.026
0.014 0.026 0.059 0.005 0.037 0.72 0.055 0.053 0.022 0.009
0.01 0.027 0.009 0.011 0.01 0.884 0.014 0.013 0.011 0.012
0.093 0.025 0.01 0.007 0.015 0.758 0.017 0.022 0.021 0.033
0.03 0.043 0.035 0.005 0.012 0.793 0.024 0.028 0.018 0.012
0.004 0.007 0.005 0.003 0.953 0.007 0.005 0.005 0.004 0.006
0.004 0.007 0.005 0.004 0.954 0.007 0.005 0.006 0.004 0.006
0.004 0.007 0.005 0.004 0.954 0.007 0.005 0.006 0.004 0.006
0.008 0.023 0.043 0.006 0.727 0.103 0.023 0.049 0.007 0.011
0.018 0.019 0.006 0.007 0.551 0.374 0.008 0.007 0.005 0.005
0.009 0.026 0.018 0.008 0.258 0.027 0.009 0.02 0.612 0.012
0.022 0.132 0.014 0.006 0.077 0.695 0.009 0.025 0.012 0.007
0.008 0.228 0.079 0.094 0.029 0.042 0.113 0.036 0.308 0.063
0.032 0.171 0.021 0.011 0.027 0.607 0.017 0.078 0.016 0.02
0.015 0.093 0.07 0.007 0.064 0.592 0.081 0.03 0.033 0.017
0.007 0.034 0.012 0.011 0.859 0.015 0.024 0.015 0.011 0.012
0.008 0.373 0.079 0.035 0.07 0.042 0.188 0.154 0.026 0.024
0.004 0.013 0.008 0.004 0.929 0.017 0.009 0.006 0.005 0.006
0.008 0.85 0.018 0.013 0.011 0.018 0.016 0.045 0.006 0.015
0.004 0.013 0.007 0.004 0.928 0.017 0.009 0.006 0.005 0.006
0.314 0.022 0.125 0.008 0.063 0.133 0.012 0.192 0.015 0.117
0.069 0.01 0.031 0.029 0.756 0.013 0.022 0.02 0.006 0.045
0.318 0.105 0.129 0.008 0.029 0.123 0.111 0.123 0.023 0.031
0.606 0.01 0.009 0.063 0.19 0.023 0.05 0.028 0.011 0.009
0.339 0.02 0.365 0.035 0.008 0.075 0.019 0.113 0.015 0.012
0.658 0.03 0.02 0.028 0.009 0.077 0.009 0.156 0.005 0.007
0.185 0.019 0.236 0.097 0.009 0.118 0.06 0.162 0.015 0.1
0.276 0.051 0.056 0.033 0.048 0.021 0.012 0.447 0.015 0.041
0.15 0.013 0.04 0.015 0.336 0.007 0.054 0.357 0.015 0.012
0.761 0.05 0.03 0.016 0.053 0.017 0.01 0.038 0.014 0.012
0.399 0.034 0.015 0.037 0.269 0.056 0.089 0.069 0.022 0.01
0.063 0.009 0.036 0.014 0.009 0.009 0.012 0.813 0.022 0.012
0.173 0.007 0.016 0.01 0.006 0.005 0.012 0.689 0.01 0.073
0.023 0.009 0.026 0.013 0.008 0.004 0.044 0.033 0.013 0.828
0.091 0.011 0.036 0.008 0.01 0.056 0.009 0.046 0.028 0.704
0.015 0.007 0.014 0.009 0.007 0.007 0.007 0.023 0.225 0.686
0.216 0.012 0.095 0.015 0.018 0.487 0.014 0.044 0.071 0.029
0.007 0.005 0.006 0.01 0.006 0.004 0.009 0.008 0.008 0.937
0.017 0.006 0.017 0.158 0.021 0.006 0.359 0.014 0.009 0.392
0.091 0.006 0.012 0.105 0.055 0.007 0.123 0.041 0.232 0.329
0.013 0.006 0.01 0.009 0.015 0.004 0.028 0.026 0.016 0.873
0.108 0.008 0.041 0.012 0.007 0.012 0.01 0.062 0.06 0.68
0.109 0.01 0.021 0.048 0.056 0.005 0.109 0.168 0.11 0.364
0.028 0.006 0.006 0.263 0.011 0.005 0.356 0.021 0.169 0.134
0.011 0.025 0.746 0.007 0.008 0.008 0.007 0.157 0.012 0.019
