0.008 0.007 0.01 0.012 0.013 0.011 0.008 0.914 0.006 0.012
0.009 0.013 0.009 0.013 0.004 0.01 0.015 0.909 0.009 0.009
0.022 0.005 0.007 0.021 0.005 0.027 0.015 0.843 0.048 0.006
0.065 0.043 0.145 0.052 0.008 0.005 0.007 0.664 0.005 0.005
0.025 0.008 0.007 0.023 0.007 0.035 0.031 0.841 0.012 0.011
0.031 0.022 0.006 0.153 0.011 0.023 0.021 0.712 0.015 0.007
0.23 0.011 0.011 0.063 0.006 0.264 0.273 0.091 0.044 0.008
0.011 0.035 0.006 0.012 0.003 0.106 0.013 0.674 0.007 0.133
0.222 0.44 0.007 0.104 0.004 0.006 0.013 0.171 0.02 0.014
0.066 0.399 0.005 0.034 0.004 0.009 0.011 0.45 0.016 0.005
0.025 0.032 0.005 0.015 0.007 0.006 0.04 0.856 0.01 0.005
0.008 0.008 0.016 0.012 0.009 0.016 0.008 0.907 0.013 0.005
0.044 0.02 0.005 0.023 0.007 0.005 0.006 0.879 0.007 0.005
0.012 0.015 0.005 0.021 0.006 0.37 0.256 0.189 0.007 0.119
0.039 0.188 0.019 0.02 0.015 0.063 0.023 0.605 0.01 0.018
0.017 0.011 0.006 0.01 0.014 0.005 0.01 0.915 0.007 0.006
0.026 0.57 0.006 0.013 0.027 0.022 0.024 0.289 0.015 0.008
0.016 0.059 0.005 0.03 0.009 0.005 0.044 0.781 0.033 0.018
0.165 0.02 0.017 0.444 0.017 0.005 0.011 0.309 0.007 0.005
0.055 0.038 0.01 0.106 0.012 0.701 0.016 0.035 0.019 0.009
0.174 0.106 0.021 0.451 0.005 0.005 0.076 0.12 0.008 0.035
0.01 0.009 0.005 0.015 0.021 0.009 0.005 0.907 0.014 0.006
0.022 0.037 0.01 0.027 0.107 0.017 0.042 0.704 0.022 0.013
0.005 0.011 0.004 0.006 0.006 0.007 0.008 0.942 0.006 0.005
0.027 0.009 0.038 0.029 0.57 0.065 0.031 0.013 0.024 0.193
0.004 0.003 0.004 0.004 0.808 0.038 0.005 0.004 0.004 0.127
0.016 0.005 0.383 0.064 0.481 0.018 0.008 0.007 0.007 0.012
0.059 0.094 0.006 0.041 0.446 0.14 0.01 0.036 0.017 0.15
0.008 0.01 0.009 0.009 0.845 0.006 0.009 0.069 0.028 0.007
0.007 0.005 0.007 0.011 0.8 0.105 0.007 0.005 0.005 0.048
0.003 0.003 0.004 0.004 0.967 0.004 0.004 0.005 0.004 0.003
0.008 0.006 0.011 0.006 0.911 0.028 0.006 0.007 0.011 0.005
0.007 0.007 0.005 0.161 0.364 0.043 0.014 0.011 0.013 0.375
0.009 0.01 0.009 0.01 0.896 0.007 0.017 0.009 0.012 0.021
0.012 0.025 0.016 0.223 0.529 0.024 0.067 0.021 0.055 0.028
0.085 0.01 0.02 0.042 0.058 0.721 0.008 0.025 0.023 0.008
0.005 0.003 0.004 0.004 0.959 0.007 0.005 0.004 0.005 0.003
0.013 0.006 0.01 0.114 0.812 0.005 0.005 0.008 0.023 0.005
0.008 0.087 0.026 0.009 0.774 0.015 0.009 0.037 0.026 0.008
0.006 0.008 0.005 0.007 0.934 0.006 0.012 0.008 0.007 0.006
0.142 0.01 0.014 0.253 0.364 0.018 0.133 0.045 0.013 0.008
0.048 0.004 0.007 0.274 0.55 0.048 0.005 0.053 0.005 0.005
0.011 0.012 0.262 0.01 0.607 0.058 0.008 0.008 0.018 0.006
0.029 0.038 0.005 0.009 0.887 0.005 0.008 0.008 0.006 0.005
0.148 0.027 0.006 0.039 0.739 0.016 0.007 0.01 0.005 0.004
0.03 0.037 0.005 0.009 0.887 0.005 0.008 0.008 0.006 0.005
0.005 0.003 0.004 0.005 0.96 0.007 0.005 0.004 0.005 0.003
0.005 0.003 0.004 0.005 0.959 0.006 0.005 0.004 0.005 0.003
0.007 0.016 0.01 0.037 0.006 0.003 0.009 0.005 0.896 0.011
0.078 0.104 0.01 0.353 0.004 0.004 0.155 0.022 0.037 0.233
0.018 0.007 0.04 0.022 0.102 0.029 0.349 0.007 0.382 0.044
0.007 0.005 0.012 0.046 0.005 0.005 0.008 0.032 0.04 0.839
0.014 0.021 0.848 0.015 0.005 0.006 0.015 0.005 0.055 0.016
0.009 0.028 0.008 0.012 0.013 0.004 0.007 0.008 0.326 0.585
0.009 0.022 0.008 0.03 0.023 0.007 0.034 0.034 0.545 0.288
0.012 0.011 0.015 0.021 0.006 0.011 0.006 0.008 0.016 0.895
0.013 0.012 0.015 0.025 0.006 0.011 0.006 0.008 0.02 0.885
0.027 0.131 0.052 0.028 0.006 0.006 0.011 0.019 0.714 0.006
0.008 0.036 0.37 0.171 0.009 0.004 0.14 0.053 0.096 0.113
0.01 0.006 0.009 0.051 0.012 0.006 0.008 0.019 0.87 0.009
0.006 0.005 0.007 0.006 0.005 0.006 0.009 0.009 0.021 0.925
0.009 0.023 0.103 0.03 0.022 0.015 0.415 0.08 0.239 0.063
0.056 0.6 0.006 0.023 0.009 0.005 0.045 0.006 0.158 0.092
0.014 0.016 0.009 0.021 0.009 0.025 0.006 0.006 0.546 0.349
0.018 0.005 0.041 0.037 0.006 0.049 0.008 0.007 0.401 0.429
0.008 0.007 0.941 0.009 0.005 0.004 0.004 0.007 0.007 0.007
0.004 0.004 0.942 0.011 0.003 0.004 0.004 0.009 0.013 0.006
0.004 0.004 0.967 0.004 0.004 0.003 0.003 0.003 0.004 0.004
0.006 0.004 0.963 0.004 0.004 0.003 0.004 0.004 0.005 0.004
0.004 0.025 0.023 0.013 0.003 0.005 0.014 0.01 0.892 0.011
0.014 0.029 0.01 0.017 0.01 0.007 0.029 0.007 0.797 0.079
0.035 0.008 0.339 0.158 0.006 0.006 0.039 0.068 0.329 0.011
0.118 0.008 0.008 0.127 0.023 0.098 0.018 0.111 0.019 0.469
0.604 0.008 0.004 0.301 0.008 0.032 0.024 0.008 0.007 0.005
0.499 0.03 0.01 0.279 0.024 0.023 0.038 0.025 0.032 0.04
0.438 0.165 0.007 0.255 0.007 0.025 0.023 0.014 0.047 0.019
0.039 0.027 0.018 0.034 0.004 0.012 0.043 0.035 0.752 0.037
0.034 0.008 0.091 0.117 0.057 0.011 0.027 0.408 0.215 0.034
0.059 0.168 0.036 0.508 0.012 0.008 0.018 0.105 0.077 0.009
0.035 0.006 0.077 0.579 0.019 0.01 0.011 0.033 0.215 0.015
0.109 0.007 0.014 0.68 0.009 0.016 0.011 0.031 0.114 0.009
0.632 0.005 0.004 0.338 0.004 0.004 0.003 0.004 0.004 0.003
0.56 0.004 0.007 0.269 0.006 0.119 0.013 0.008 0.006 0.006
0.518 0.024 0.01 0.263 0.032 0.041 0.009 0.057 0.04 0.006
0.305 0.019 0.061 0.552 0.007 0.022 0.006 0.013 0.01 0.005
0.021 0.014 0.015 0.098 0.071 0.015 0.11 0.07 0.58 0.006
0.039 0.023 0.007 0.118 0.166 0.016 0.114 0.034 0.475 0.007
0.622 0.004 0.004 0.337 0.007 0.006 0.004 0.006 0.008 0.004
0.074 0.406 0.006 0.164 0.016 0.037 0.016 0.025 0.228 0.029
0.019 0.006 0.594 0.137 0.025 0.04 0.025 0.021 0.113 0.02
0.537 0.03 0.009 0.353 0.007 0.007 0.006 0.029 0.016 0.005
0.551 0.018 0.008 0.317 0.005 0.009 0.005 0.005 0.077 0.005
0.207 0.036 0.016 0.134 0.008 0.415 0.014 0.011 0.103 0.055
0.509 0.008 0.01 0.431 0.007 0.009 0.005 0.009 0.008 0.005
0.287 0.044 0.012 0.508 0.007 0.007 0.011 0.106 0.01 0.009
0.44 0.014 0.011 0.464 0.013 0.008 0.008 0.025 0.012 0.005
0.158 0.012 0.007 0.067 0.012 0.075 0.017 0.006 0.64 0.007
0.043 0.021 0.049 0.024 0.018 0.092 0.029 0.019 0.696 0.008
0.007 0.005 0.01 0.018 0.009 0.009 0.018 0.015 0.901 0.007
0.011 0.007 0.013 0.326 0.005 0.007 0.009 0.007 0.608 0.008
0.01 0.01 0.886 0.011 0.01 0.036 0.008 0.007 0.015 0.006
0.009 0.008 0.044 0.34 0.014 0.026 0.007 0.01 0.534 0.007
0.008 0.006 0.025 0.011 0.046 0.008 0.146 0.011 0.734 0.005
0.116 0.008 0.008 0.041 0.009 0.01 0.212 0.017 0.575 0.005
0.092 0.01 0.032 0.791 0.008 0.008 0.008 0.019 0.027 0.006
0.02 0.011 0.018 0.421 0.007 0.011 0.007 0.007 0.484 0.015
0.044 0.005 0.008 0.158 0.021 0.017 0.039 0.029 0.669 0.011
0.045 0.222 0.023 0.04 0.222 0.026 0.314 0.039 0.045 0.023
0.6 0.034 0.008 0.28 0.008 0.006 0.018 0.01 0.021 0.014
0.269 0.029 0.066 0.109 0.008 0.045 0.053 0.042 0.372 0.007
0.102 0.007 0.036 0.092 0.061 0.017 0.02 0.093 0.565 0.009
0.032 0.008 0.77 0.04 0.044 0.016 0.01 0.02 0.052 0.006
0.142 0.043 0.01 0.572 0.007 0.013 0.031 0.009 0.165 0.007
0.02 0.016 0.011 0.463 0.012 0.009 0.03 0.039 0.388 0.012
0.105 0.01 0.017 0.047 0.007 0.373 0.007 0.027 0.377 0.03
0.018 0.044 0.289 0.029 0.036 0.013 0.038 0.058 0.466 0.008
0.026 0.024 0.015 0.083 0.041 0.258 0.055 0.016 0.374 0.108
0.129 0.008 0.05 0.136 0.033 0.012 0.007 0.023 0.596 0.005
0.504 0.017 0.01 0.381 0.017 0.006 0.009 0.006 0.042 0.007
0.485 0.015 0.01 0.211 0.012 0.006 0.007 0.014 0.231 0.008
0.089 0.026 0.024 0.084 0.013 0.508 0.044 0.01 0.117 0.084
0.069 0.012 0.066 0.027 0.101 0.529 0.101 0.02 0.067 0.008
0.009 0.02 0.009 0.02 0.192 0.288 0.19 0.025 0.023 0.224
0.251 0.087 0.013 0.094 0.038 0.105 0.206 0.163 0.027 0.016
0.01 0.007 0.007 0.011 0.007 0.007 0.005 0.921 0.01 0.015
0.029 0.007 0.007 0.337 0.008 0.109 0.012 0.472 0.013 0.006
0.018 0.017 0.086 0.033 0.018 0.479 0.035 0.241 0.028 0.046
0.013 0.012 0.011 0.017 0.032 0.168 0.016 0.327 0.376 0.028
0.081 0.024 0.037 0.092 0.012 0.045 0.015 0.674 0.015 0.005
0.038 0.021 0.013 0.016 0.01 0.037 0.008 0.057 0.788 0.01
0.135 0.007 0.004 0.571 0.013 0.065 0.009 0.169 0.008 0.017
0.08 0.004 0.011 0.042 0.009 0.754 0.005 0.049 0.021 0.023
0.006 0.006 0.003 0.007 0.006 0.019 0.004 0.941 0.005 0.004
0.011 0.007 0.012 0.015 0.011 0.824 0.016 0.029 0.066 0.009
0.014 0.026 0.014 0.028 0.045 0.247 0.008 0.565 0.043 0.01
0.007 0.006 0.005 0.008 0.008 0.055 0.005 0.89 0.009 0.006
0.009 0.007 0.01 0.016 0.023 0.008 0.028 0.869 0.021 0.009
0.008 0.005 0.009 0.012 0.01 0.03 0.009 0.893 0.015 0.008
0.008 0.007 0.006 0.009 0.014 0.006 0.006 0.915 0.021 0.008
0.174 0.018 0.01 0.052 0.02 0.011 0.012 0.682 0.015 0.006
0.121 0.009 0.006 0.036 0.018 0.361 0.008 0.381 0.049 0.011
0.018 0.007 0.008 0.019 0.01 0.739 0.013 0.17 0.01 0.007
0.315 0.017 0.02 0.076 0.005 0.042 0.03 0.474 0.012 0.009
0.105 0.026 0.309 0.038 0.012 0.119 0.024 0.328 0.022 0.017
0.016 0.008 0.023 0.022 0.004 0.884 0.008 0.005 0.011 0.018
0.066 0.011 0.009 0.038 0.068 0.603 0.104 0.043 0.049 0.009
0.127 0.039 0.018 0.089 0.012 0.614 0.009 0.057 0.022 0.013
0.12 0.029 0.043 0.119 0.02 0.34 0.081 0.162 0.052 0.034
0.008 0.006 0.008 0.009 0.007 0.72 0.009 0.221 0.008 0.004
0.069 0.015 0.023 0.279 0.011 0.311 0.029 0.199 0.055 0.009
0.005 0.004 0.004 0.006 0.006 0.957 0.004 0.006 0.004 0.005
0.01 0.006 0.005 0.01 0.007 0.904 0.005 0.033 0.011 0.009
0.01 0.005 0.01 0.011 0.185 0.484 0.009 0.245 0.009 0.031
0.015 0.006 0.006 0.015 0.016 0.899 0.005 0.021 0.008 0.009
0.12 0.04 0.007 0.036 0.019 0.722 0.009 0.014 0.025 0.006
0.007 0.015 0.004 0.008 0.008 0.931 0.006 0.01 0.005 0.005
0.004 0.003 0.004 0.004 0.004 0.966 0.003 0.004 0.004 0.004
0.03 0.021 0.057 0.028 0.062 0.656 0.029 0.036 0.049 0.033
0.007 0.005 0.009 0.009 0.006 0.918 0.005 0.02 0.009 0.013
0.023 0.006 0.008 0.013 0.256 0.63 0.007 0.01 0.039 0.008
0.004 0.004 0.003 0.004 0.008 0.956 0.004 0.006 0.004 0.006
0.04 0.14 0.182 0.27 0.008 0.072 0.013 0.202 0.067 0.007
0.01 0.004 0.003 0.008 0.004 0.95 0.004 0.007 0.004 0.006
0.005 0.004 0.004 0.006 0.007 0.949 0.004 0.011 0.006 0.004
0.015 0.009 0.004 0.016 0.021 0.902 0.013 0.006 0.007 0.008
0.008 0.004 0.005 0.007 0.006 0.942 0.005 0.008 0.006 0.009
0.006 0.004 0.003 0.005 0.004 0.963 0.004 0.004 0.004 0.004
0.184 0.027 0.008 0.355 0.005 0.134 0.027 0.226 0.025 0.009
0.038 0.007 0.009 0.025 0.006 0.043 0.035 0.015 0.81 0.011
0.02 0.123 0.008 0.101 0.006 0.004 0.013 0.009 0.679 0.037
0.006 0.008 0.005 0.17 0.005 0.005 0.006 0.004 0.786 0.006
0.127 0.028 0.009 0.364 0.037 0.029 0.027 0.12 0.217 0.041
0.011 0.38 0.019 0.463 0.011 0.006 0.007 0.008 0.084 0.011
0.03 0.022 0.004 0.024 0.005 0.004 0.029 0.008 0.866 0.007
0.01 0.028 0.011 0.082 0.004 0.004 0.021 0.006 0.794 0.04
0.096 0.13 0.01 0.085 0.008 0.009 0.011 0.025 0.605 0.02
0.011 0.01 0.006 0.07 0.034 0.012 0.01 0.012 0.813 0.023
0.029 0.129 0.007 0.043 0.027 0.006 0.01 0.006 0.722 0.021
0.01 0.025 0.006 0.012 0.018 0.006 0.023 0.022 0.868 0.011
0.006 0.011 0.006 0.092 0.006 0.004 0.012 0.004 0.841 0.019
0.152 0.014 0.094 0.54 0.005 0.007 0.009 0.031 0.129 0.02
0.021 0.008 0.019 0.224 0.004 0.017 0.009 0.011 0.332 0.355
0.032 0.084 0.008 0.023 0.058 0.008 0.619 0.034 0.095 0.038
0.008 0.035 0.006 0.013 0.006 0.007 0.109 0.543 0.02 0.254
0.016 0.048 0.006 0.033 0.03 0.01 0.635 0.195 0.02 0.007
0.02 0.4 0.005 0.02 0.009 0.005 0.093 0.068 0.155 0.226
0.011 0.133 0.006 0.029 0.01 0.003 0.594 0.016 0.15 0.048
0.032 0.011 0.331 0.016 0.024 0.018 0.457 0.008 0.019 0.085
0.37 0.023 0.012 0.022 0.007 0.006 0.528 0.013 0.011 0.007
0.392 0.117 0.008 0.019 0.005 0.006 0.403 0.015 0.012 0.023
0.298 0.006 0.274 0.017 0.007 0.005 0.37 0.005 0.007 0.011
0.006 0.034 0.008 0.02 0.016 0.004 0.89 0.006 0.008 0.006
0.22 0.007 0.019 0.023 0.008 0.006 0.69 0.009 0.009 0.008
0.012 0.08 0.004 0.007 0.012 0.004 0.853 0.01 0.009 0.009
0.374 0.008 0.006 0.014 0.004 0.006 0.567 0.007 0.008 0.006
0.013 0.005 0.006 0.006 0.024 0.005 0.923 0.006 0.007 0.007
0.009 0.018 0.009 0.013 0.007 0.004 0.88 0.008 0.014 0.039
0.346 0.046 0.005 0.03 0.019 0.006 0.419 0.014 0.094 0.021
0.397 0.043 0.007 0.012 0.004 0.007 0.506 0.012 0.006 0.006
0.33 0.01 0.009 0.018 0.012 0.01 0.575 0.007 0.01 0.019
0.006 0.046 0.004 0.009 0.022 0.005 0.728 0.029 0.021 0.13
0.038 0.275 0.008 0.021 0.007 0.006 0.564 0.031 0.041 0.008
0.083 0.02 0.004 0.039 0.008 0.006 0.796 0.007 0.031 0.007
0.146 0.18 0.008 0.011 0.019 0.004 0.597 0.009 0.008 0.019
0.22 0.015 0.022 0.007 0.053 0.006 0.656 0.005 0.007 0.009
0.009 0.01 0.016 0.006 0.012 0.005 0.9 0.006 0.015 0.021
0.022 0.744 0.008 0.017 0.005 0.006 0.097 0.018 0.026 0.057
0.008 0.807 0.007 0.016 0.011 0.01 0.014 0.03 0.077 0.019
0.179 0.019 0.076 0.034 0.017 0.105 0.229 0.013 0.009 0.319
0.01 0.017 0.01 0.005 0.008 0.05 0.009 0.006 0.007 0.877
0.023 0.152 0.239 0.022 0.013 0.007 0.069 0.017 0.227 0.232
0.009 0.903 0.006 0.006 0.004 0.016 0.005 0.006 0.034 0.011
0.016 0.368 0.013 0.007 0.009 0.031 0.008 0.009 0.006 0.534
0.041 0.463 0.431 0.013 0.006 0.008 0.013 0.006 0.006 0.013
0.007 0.954 0.005 0.006 0.005 0.005 0.005 0.004 0.005 0.005
0.014 0.038 0.014 0.012 0.009 0.019 0.017 0.006 0.015 0.856
0.009 0.768 0.007 0.01 0.007 0.004 0.018 0.038 0.022 0.117
0.021 0.137 0.061 0.017 0.01 0.017 0.054 0.01 0.027 0.645
0.033 0.709 0.01 0.009 0.007 0.01 0.192 0.005 0.009 0.017
0.005 0.821 0.007 0.104 0.004 0.004 0.018 0.006 0.007 0.026
0.007 0.726 0.008 0.197 0.004 0.004 0.012 0.005 0.02 0.017
0.007 0.947 0.004 0.005 0.003 0.003 0.005 0.008 0.006 0.013
0.006 0.959 0.004 0.005 0.003 0.004 0.005 0.004 0.004 0.007
0.007 0.937 0.005 0.007 0.007 0.007 0.008 0.007 0.005 0.009
0.013 0.926 0.008 0.007 0.006 0.004 0.011 0.011 0.008 0.007
0.017 0.91 0.016 0.011 0.005 0.008 0.008 0.01 0.009 0.007
0.009 0.942 0.006 0.006 0.004 0.005 0.006 0.006 0.008 0.007
0.009 0.934 0.005 0.008 0.004 0.007 0.008 0.004 0.01 0.01
0.033 0.481 0.018 0.05 0.024 0.024 0.252 0.036 0.057 0.025
0.007 0.577 0.009 0.006 0.021 0.004 0.293 0.01 0.013 0.059
0.029 0.072 0.004 0.009 0.003 0.013 0.622 0.008 0.021 0.219
0.013 0.062 0.176 0.005 0.003 0.011 0.538 0.01 0.016 0.167
0.01 0.025 0.217 0.009 0.005 0.016 0.191 0.005 0.019 0.503
0.05 0.289 0.34 0.052 0.005 0.008 0.186 0.025 0.023 0.021
0.012 0.728 0.024 0.067 0.005 0.005 0.038 0.009 0.078 0.035
0.012 0.889 0.011 0.012 0.009 0.011 0.028 0.011 0.009 0.008
0.084 0.773 0.017 0.029 0.006 0.014 0.022 0.031 0.008 0.014
0.035 0.811 0.017 0.025 0.004 0.005 0.038 0.012 0.041 0.011
0.005 0.007 0.004 0.004 0.003 0.004 0.007 0.006 0.005 0.954
0.005 0.007 0.004 0.005 0.003 0.004 0.007 0.006 0.005 0.954
0.005 0.007 0.004 0.004 0.003 0.004 0.007 0.006 0.005 0.954
0.007 0.105 0.006 0.047 0.005 0.011 0.029 0.01 0.042 0.737
0.013 0.411 0.004 0.007 0.006 0.01 0.019 0.005 0.006 0.517
0.013 0.019 0.588 0.011 0.005 0.009 0.016 0.01 0.005 0.322
0.025 0.767 0.01 0.008 0.005 0.009 0.119 0.006 0.013 0.036
0.008 0.031 0.38 0.019 0.074 0.032 0.304 0.061 0.072 0.019
0.162 0.564 0.014 0.014 0.01 0.01 0.165 0.02 0.022 0.019
0.031 0.638 0.023 0.021 0.006 0.019 0.081 0.016 0.101 0.064
0.015 0.014 0.009 0.009 0.009 0.019 0.022 0.011 0.011 0.881
0.199 0.071 0.04 0.028 0.045 0.05 0.407 0.026 0.078 0.055
0.006 0.021 0.005 0.005 0.004 0.005 0.016 0.006 0.008 0.925
0.051 0.021 0.008 0.014 0.021 0.007 0.828 0.018 0.019 0.013
0.006 0.021 0.005 0.005 0.004 0.005 0.015 0.006 0.008 0.926
0.18 0.142 0.013 0.331 0.009 0.008 0.02 0.157 0.052 0.089
0.027 0.01 0.006 0.028 0.019 0.032 0.01 0.042 0.016 0.81
0.454 0.105 0.019 0.05 0.006 0.028 0.091 0.024 0.206 0.017
0.463 0.025 0.011 0.17 0.02 0.091 0.01 0.01 0.01 0.19
0.182 0.093 0.017 0.255 0.029 0.019 0.02 0.011 0.366 0.007
0.346 0.097 0.005 0.446 0.042 0.006 0.023 0.007 0.018 0.01
0.117 0.13 0.015 0.231 0.113 0.023 0.019 0.122 0.221 0.009
0.061 0.018 0.014 0.645 0.035 0.007 0.046 0.056 0.059 0.06
0.079 0.008 0.017 0.402 0.008 0.096 0.013 0.013 0.036 0.329
0.538 0.019 0.013 0.263 0.015 0.012 0.045 0.013 0.016 0.067
0.379 0.066 0.025 0.068 0.007 0.173 0.041 0.01 0.017 0.214
0.173 0.009 0.045 0.689 0.015 0.01 0.007 0.013 0.031 0.008
0.118 0.005 0.029 0.738 0.008 0.019 0.006 0.061 0.01 0.005
0.031 0.004 0.009 0.027 0.006 0.043 0.008 0.837 0.027 0.007
0.046 0.052 0.024 0.079 0.008 0.012 0.01 0.739 0.022 0.007
0.009 0.007 0.222 0.023 0.01 0.005 0.006 0.702 0.01 0.007
0.132 0.502 0.077 0.137 0.015 0.014 0.011 0.038 0.057 0.018
0.007 0.004 0.007 0.011 0.011 0.01 0.004 0.935 0.006 0.006
0.021 0.007 0.009 0.013 0.008 0.714 0.006 0.188 0.021 0.012
0.049 0.007 0.238 0.071 0.011 0.255 0.006 0.308 0.008 0.047
0.007 0.004 0.014 0.028 0.007 0.033 0.006 0.879 0.01 0.011
0.052 0.011 0.052 0.084 0.015 0.007 0.007 0.736 0.029 0.007
0.043 0.005 0.097 0.205 0.004 0.214 0.009 0.369 0.012 0.043
0.013 0.004 0.17 0.017 0.009 0.734 0.005 0.034 0.005 0.007
0.022 0.008 0.014 0.139 0.007 0.005 0.033 0.021 0.741 0.009
