0.011 0.926 0.011 0.009 0.012 0.006 0.011 0.007 0.007
0.009 0.933 0.008 0.006 0.004 0.009 0.01 0.01 0.01
0.031 0.852 0.007 0.024 0.005 0.053 0.008 0.005 0.016
0.005 0.66 0.005 0.104 0.008 0.005 0.163 0.041 0.009
0.04 0.853 0.011 0.032 0.008 0.011 0.007 0.008 0.031
0.024 0.733 0.007 0.172 0.01 0.014 0.006 0.019 0.015
0.323 0.114 0.007 0.016 0.007 0.053 0.013 0.012 0.455
0.11 0.699 0.123 0.007 0.003 0.007 0.006 0.032 0.012
0.006 0.242 0.012 0.242 0.005 0.024 0.01 0.443 0.016
0.01 0.439 0.005 0.115 0.005 0.018 0.005 0.394 0.011
0.006 0.878 0.005 0.027 0.007 0.009 0.006 0.029 0.032
0.014 0.926 0.004 0.007 0.008 0.011 0.016 0.007 0.007
0.005 0.883 0.005 0.062 0.007 0.007 0.005 0.02 0.006
0.395 0.208 0.154 0.013 0.006 0.007 0.007 0.019 0.191
0.053 0.717 0.015 0.011 0.014 0.01 0.02 0.14 0.02
0.005 0.936 0.005 0.009 0.012 0.007 0.006 0.01 0.01
0.02 0.358 0.008 0.017 0.025 0.013 0.006 0.524 0.028
0.005 0.776 0.019 0.039 0.009 0.042 0.006 0.065 0.04
0.004 0.687 0.005 0.118 0.012 0.006 0.128 0.017 0.021
0.734 0.045 0.009 0.105 0.012 0.024 0.016 0.035 0.02
0.005 0.54 0.031 0.099 0.005 0.009 0.157 0.101 0.054
0.009 0.912 0.006 0.016 0.022 0.015 0.005 0.009 0.005
0.015 0.784 0.011 0.016 0.087 0.018 0.015 0.026 0.029
0.007 0.949 0.005 0.005 0.006 0.007 0.004 0.011 0.007
0.068 0.015 0.201 0.041 0.591 0.024 0.037 0.01 0.013
0.036 0.004 0.131 0.004 0.81 0.004 0.004 0.003 0.004
0.015 0.006 0.009 0.036 0.473 0.007 0.443 0.004 0.007
0.132 0.031 0.161 0.09 0.474 0.015 0.007 0.078 0.011
0.006 0.058 0.008 0.008 0.855 0.031 0.011 0.011 0.01
0.098 0.005 0.055 0.01 0.806 0.005 0.009 0.005 0.007
0.004 0.005 0.003 0.003 0.971 0.004 0.004 0.003 0.004
0.029 0.007 0.005 0.006 0.918 0.011 0.011 0.006 0.006
0.036 0.013 0.438 0.022 0.446 0.019 0.009 0.008 0.008
0.007 0.009 0.019 0.01 0.914 0.011 0.009 0.01 0.012
0.028 0.024 0.042 0.023 0.638 0.09 0.033 0.031 0.09
0.766 0.025 0.008 0.084 0.059 0.021 0.02 0.011 0.007
0.007 0.004 0.003 0.005 0.964 0.005 0.004 0.003 0.005
0.005 0.009 0.006 0.024 0.897 0.031 0.016 0.006 0.006
0.018 0.035 0.008 0.007 0.788 0.02 0.024 0.09 0.01
0.006 0.008 0.006 0.006 0.945 0.007 0.005 0.007 0.01
0.02 0.17 0.007 0.039 0.369 0.018 0.07 0.01 0.297
0.033 0.05 0.004 0.302 0.589 0.006 0.007 0.004 0.005
0.055 0.008 0.006 0.008 0.61 0.015 0.281 0.011 0.006
0.005 0.008 0.005 0.019 0.909 0.006 0.005 0.033 0.01
0.017 0.01 0.004 0.161 0.759 0.006 0.006 0.027 0.01
0.005 0.008 0.005 0.019 0.909 0.006 0.005 0.033 0.01
0.007 0.004 0.003 0.005 0.964 0.005 0.004 0.003 0.005
0.007 0.004 0.003 0.005 0.964 0.005 0.004 0.003 0.005
0.004 0.005 0.012 0.007 0.006 0.934 0.009 0.015 0.009
0.004 0.019 0.273 0.397 0.004 0.034 0.01 0.113 0.145
0.031 0.008 0.042 0.018 0.113 0.352 0.037 0.009 0.391
0.005 0.032 0.863 0.007 0.005 0.05 0.023 0.005 0.009
0.006 0.006 0.015 0.009 0.005 0.044 0.883 0.018 0.014
0.004 0.008 0.603 0.008 0.014 0.316 0.009 0.03 0.009
0.007 0.04 0.277 0.011 0.024 0.589 0.01 0.021 0.02
0.011 0.008 0.91 0.017 0.006 0.016 0.016 0.011 0.006
0.012 0.008 0.9 0.018 0.006 0.02 0.018 0.012 0.006
0.006 0.019 0.006 0.024 0.006 0.742 0.06 0.123 0.013
0.004 0.064 0.18 0.021 0.012 0.127 0.472 0.053 0.067
0.005 0.021 0.009 0.013 0.013 0.914 0.011 0.006 0.009
0.006 0.008 0.938 0.005 0.005 0.017 0.007 0.006 0.008
0.015 0.118 0.072 0.013 0.028 0.221 0.114 0.031 0.389
0.005 0.006 0.108 0.054 0.01 0.151 0.007 0.593 0.066
0.024 0.007 0.361 0.009 0.009 0.555 0.011 0.017 0.008
0.048 0.006 0.433 0.027 0.006 0.428 0.038 0.005 0.01
0.004 0.006 0.007 0.007 0.005 0.007 0.951 0.008 0.005
0.004 0.008 0.006 0.005 0.003 0.011 0.955 0.005 0.004
0.003 0.003 0.004 0.004 0.004 0.005 0.969 0.004 0.004
0.004 0.004 0.004 0.004 0.004 0.005 0.966 0.004 0.005
0.005 0.011 0.013 0.004 0.003 0.9 0.028 0.029 0.009
0.008 0.008 0.087 0.011 0.01 0.807 0.012 0.032 0.025
0.007 0.052 0.012 0.031 0.006 0.389 0.44 0.008 0.055
0.085 0.117 0.498 0.228 0.023 0.02 0.011 0.008 0.01
0.066 0.01 0.006 0.867 0.008 0.007 0.005 0.015 0.016
0.023 0.023 0.042 0.791 0.025 0.028 0.01 0.03 0.029
0.023 0.011 0.017 0.752 0.007 0.041 0.007 0.122 0.02
0.012 0.029 0.036 0.023 0.004 0.802 0.019 0.03 0.046
0.011 0.469 0.033 0.027 0.052 0.244 0.125 0.007 0.031
0.009 0.139 0.01 0.327 0.014 0.118 0.127 0.241 0.016
0.012 0.047 0.019 0.126 0.025 0.383 0.361 0.007 0.019
0.016 0.039 0.011 0.663 0.008 0.219 0.025 0.007 0.011
0.005 0.004 0.003 0.967 0.005 0.004 0.004 0.005 0.004
0.195 0.011 0.007 0.753 0.006 0.006 0.007 0.005 0.01
0.066 0.068 0.006 0.731 0.032 0.043 0.011 0.032 0.011
0.018 0.009 0.005 0.874 0.006 0.008 0.058 0.015 0.005
0.014 0.058 0.005 0.031 0.071 0.749 0.014 0.014 0.043
0.015 0.048 0.008 0.067 0.181 0.61 0.008 0.025 0.037
0.006 0.006 0.005 0.955 0.007 0.008 0.004 0.004 0.005
0.04 0.026 0.028 0.153 0.016 0.325 0.012 0.384 0.016
0.043 0.019 0.02 0.039 0.028 0.137 0.688 0.006 0.02
0.007 0.018 0.005 0.913 0.007 0.012 0.009 0.024 0.005
0.008 0.005 0.005 0.864 0.005 0.077 0.008 0.021 0.006
0.456 0.011 0.053 0.298 0.008 0.104 0.018 0.037 0.013
0.009 0.007 0.005 0.94 0.007 0.008 0.013 0.006 0.005
0.007 0.075 0.009 0.837 0.006 0.01 0.015 0.028 0.012
0.009 0.022 0.005 0.904 0.013 0.014 0.012 0.014 0.007
0.082 0.006 0.007 0.098 0.012 0.759 0.007 0.012 0.015
0.094 0.018 0.008 0.024 0.017 0.748 0.046 0.02 0.025
0.009 0.014 0.007 0.006 0.009 0.918 0.015 0.005 0.016
0.007 0.006 0.008 0.018 0.005 0.927 0.014 0.007 0.007
0.033 0.007 0.006 0.009 0.01 0.014 0.904 0.009 0.008
0.026 0.011 0.007 0.013 0.013 0.828 0.087 0.009 0.007
0.008 0.01 0.005 0.007 0.051 0.756 0.021 0.006 0.137
0.01 0.017 0.005 0.017 0.009 0.601 0.009 0.009 0.323
0.007 0.015 0.006 0.834 0.009 0.043 0.067 0.011 0.008
0.012 0.007 0.017 0.039 0.009 0.814 0.082 0.01 0.009
0.016 0.023 0.011 0.032 0.016 0.849 0.015 0.005 0.034
0.034 0.062 0.026 0.047 0.259 0.047 0.027 0.314 0.184
0.006 0.01 0.016 0.87 0.008 0.022 0.009 0.034 0.024
0.074 0.045 0.009 0.213 0.008 0.485 0.067 0.058 0.041
0.018 0.066 0.009 0.053 0.059 0.723 0.041 0.007 0.024
0.017 0.018 0.006 0.033 0.038 0.05 0.823 0.008 0.008
0.014 0.009 0.008 0.586 0.008 0.296 0.02 0.031 0.027
0.01 0.039 0.013 0.041 0.014 0.8 0.027 0.022 0.035
0.423 0.025 0.031 0.081 0.007 0.397 0.018 0.01 0.007
0.013 0.063 0.009 0.018 0.036 0.47 0.303 0.047 0.041
0.255 0.017 0.109 0.024 0.043 0.453 0.022 0.025 0.053
0.011 0.016 0.005 0.117 0.031 0.741 0.065 0.007 0.007
0.006 0.006 0.008 0.897 0.015 0.029 0.015 0.014 0.01
0.006 0.018 0.009 0.566 0.016 0.344 0.012 0.02 0.01
0.583 0.01 0.107 0.081 0.014 0.122 0.031 0.032 0.02
0.57 0.018 0.009 0.068 0.118 0.049 0.065 0.013 0.091
0.272 0.026 0.265 0.014 0.238 0.022 0.009 0.022 0.132
0.172 0.14 0.021 0.317 0.04 0.03 0.017 0.135 0.128
0.008 0.929 0.015 0.011 0.007 0.01 0.008 0.007 0.005
0.124 0.568 0.008 0.245 0.009 0.015 0.011 0.008 0.013
0.512 0.232 0.048 0.021 0.017 0.032 0.101 0.02 0.017
0.174 0.298 0.029 0.016 0.036 0.413 0.011 0.011 0.011
0.054 0.592 0.005 0.239 0.014 0.015 0.042 0.021 0.017
0.037 0.048 0.01 0.024 0.01 0.823 0.016 0.022 0.008
0.062 0.168 0.018 0.711 0.013 0.009 0.005 0.007 0.008
0.809 0.037 0.024 0.084 0.009 0.015 0.012 0.004 0.006
0.019 0.946 0.004 0.008 0.006 0.005 0.004 0.006 0.004
0.847 0.029 0.009 0.008 0.012 0.066 0.012 0.007 0.01
0.315 0.503 0.011 0.018 0.053 0.043 0.016 0.031 0.008
0.068 0.885 0.006 0.007 0.008 0.009 0.005 0.006 0.006
0.009 0.874 0.011 0.014 0.028 0.025 0.012 0.008 0.018
0.035 0.893 0.009 0.01 0.011 0.018 0.01 0.005 0.009
0.006 0.92 0.008 0.01 0.017 0.02 0.007 0.007 0.006
0.012 0.59 0.006 0.314 0.021 0.014 0.01 0.016 0.016
0.419 0.317 0.012 0.161 0.02 0.046 0.007 0.009 0.009
0.797 0.128 0.007 0.024 0.009 0.011 0.008 0.007 0.009
0.06 0.418 0.01 0.414 0.005 0.013 0.02 0.026 0.033
0.143 0.29 0.017 0.118 0.012 0.023 0.344 0.026 0.027
0.891 0.005 0.019 0.022 0.004 0.012 0.03 0.008 0.01
0.612 0.042 0.008 0.05 0.059 0.05 0.01 0.011 0.157
0.618 0.047 0.013 0.225 0.013 0.021 0.021 0.032 0.011
0.376 0.186 0.035 0.134 0.021 0.061 0.055 0.029 0.103
0.731 0.22 0.004 0.008 0.007 0.008 0.008 0.006 0.008
0.364 0.189 0.01 0.239 0.011 0.071 0.06 0.017 0.038
0.961 0.006 0.005 0.005 0.006 0.005 0.004 0.004 0.004
0.911 0.035 0.008 0.012 0.007 0.01 0.006 0.006 0.006
0.487 0.228 0.033 0.012 0.207 0.008 0.01 0.005 0.01
0.911 0.019 0.009 0.02 0.016 0.008 0.007 0.006 0.005
0.759 0.016 0.006 0.095 0.024 0.03 0.008 0.048 0.014
0.937 0.013 0.005 0.006 0.009 0.005 0.005 0.015 0.005
0.97 0.004 0.004 0.004 0.004 0.004 0.004 0.003 0.003
0.684 0.037 0.033 0.028 0.067 0.045 0.053 0.02 0.032
0.931 0.017 0.012 0.007 0.005 0.009 0.009 0.005 0.006
0.642 0.01 0.008 0.018 0.264 0.036 0.008 0.006 0.007
0.96 0.005 0.006 0.004 0.008 0.004 0.004 0.004 0.004
0.091 0.266 0.008 0.055 0.008 0.104 0.283 0.17 0.015
0.957 0.007 0.006 0.01 0.004 0.005 0.004 0.004 0.004
0.955 0.01 0.004 0.005 0.007 0.006 0.004 0.004 0.004
0.917 0.007 0.008 0.015 0.021 0.007 0.005 0.01 0.011
0.949 0.009 0.009 0.007 0.006 0.006 0.005 0.004 0.005
0.967 0.004 0.004 0.006 0.004 0.004 0.003 0.004 0.004
0.141 0.237 0.01 0.483 0.005 0.026 0.011 0.036 0.049
0.044 0.014 0.011 0.032 0.006 0.826 0.009 0.008 0.05
0.004 0.008 0.034 0.026 0.006 0.814 0.008 0.088 0.011
0.005 0.004 0.006 0.007 0.005 0.956 0.006 0.007 0.005
0.036 0.132 0.041 0.484 0.04 0.201 0.011 0.029 0.026
0.007 0.012 0.012 0.099 0.019 0.173 0.074 0.597 0.007
0.004 0.007 0.007 0.025 0.005 0.905 0.005 0.018 0.024
0.004 0.006 0.038 0.011 0.004 0.869 0.015 0.031 0.024
0.009 0.021 0.019 0.074 0.008 0.743 0.011 0.102 0.012
0.011 0.01 0.018 0.011 0.031 0.893 0.006 0.01 0.01
0.006 0.005 0.018 0.029 0.027 0.785 0.008 0.112 0.01
0.006 0.02 0.01 0.008 0.017 0.884 0.006 0.026 0.023
0.004 0.004 0.015 0.006 0.006 0.935 0.007 0.011 0.013
0.007 0.193 0.018 0.149 0.005 0.246 0.346 0.015 0.021
0.019 0.014 0.377 0.118 0.004 0.402 0.046 0.009 0.009
0.008 0.038 0.039 0.01 0.06 0.084 0.008 0.099 0.653
0.007 0.625 0.251 0.006 0.006 0.019 0.007 0.032 0.047
0.008 0.271 0.008 0.021 0.039 0.02 0.009 0.07 0.555
0.005 0.1 0.246 0.008 0.009 0.148 0.006 0.406 0.072
0.004 0.019 0.05 0.008 0.011 0.146 0.007 0.219 0.536
0.019 0.009 0.088 0.02 0.025 0.017 0.343 0.013 0.466
0.007 0.022 0.009 0.009 0.007 0.014 0.011 0.029 0.891
0.007 0.025 0.034 0.05 0.006 0.02 0.015 0.145 0.697
0.005 0.005 0.011 0.015 0.007 0.009 0.334 0.006 0.609
0.004 0.007 0.008 0.01 0.02 0.01 0.011 0.056 0.874
0.007 0.01 0.008 0.007 0.007 0.008 0.017 0.008 0.927
0.004 0.009 0.011 0.006 0.012 0.009 0.004 0.058 0.888
0.006 0.007 0.006 0.028 0.004 0.007 0.007 0.005 0.93
0.004 0.006 0.007 0.005 0.02 0.006 0.005 0.004 0.943
0.004 0.009 0.042 0.009 0.007 0.015 0.009 0.017 0.888
0.006 0.014 0.019 0.09 0.019 0.07 0.007 0.034 0.74
0.008 0.014 0.007 0.046 0.004 0.007 0.009 0.032 0.874
0.014 0.007 0.023 0.026 0.011 0.007 0.007 0.014 0.892
0.005 0.036 0.172 0.008 0.022 0.021 0.005 0.071 0.659
0.006 0.033 0.009 0.018 0.006 0.035 0.008 0.216 0.669
0.006 0.006 0.007 0.03 0.006 0.018 0.004 0.013 0.909
0.004 0.008 0.012 0.016 0.014 0.006 0.007 0.102 0.831
0.007 0.004 0.009 0.009 0.019 0.007 0.021 0.012 0.912
0.004 0.006 0.022 0.004 0.01 0.013 0.011 0.011 0.919
0.006 0.018 0.054 0.013 0.005 0.023 0.011 0.756 0.115
0.01 0.027 0.012 0.005 0.011 0.07 0.007 0.846 0.012
0.137 0.019 0.291 0.016 0.021 0.01 0.087 0.021 0.399
0.057 0.007 0.876 0.005 0.008 0.007 0.01 0.019 0.012
0.007 0.017 0.224 0.019 0.014 0.187 0.271 0.174 0.088
0.016 0.006 0.01 0.007 0.004 0.025 0.006 0.92 0.006
0.034 0.009 0.531 0.011 0.01 0.006 0.012 0.377 0.012
0.009 0.007 0.013 0.032 0.006 0.007 0.434 0.477 0.016
0.005 0.004 0.005 0.008 0.004 0.005 0.005 0.958 0.005
0.021 0.006 0.859 0.01 0.009 0.014 0.014 0.045 0.024
0.004 0.043 0.096 0.01 0.007 0.021 0.007 0.797 0.015
0.016 0.01 0.654 0.018 0.01 0.023 0.049 0.173 0.047
0.009 0.005 0.017 0.01 0.006 0.008 0.008 0.751 0.186
0.004 0.006 0.013 0.009 0.004 0.007 0.012 0.932 0.013
0.004 0.005 0.01 0.009 0.005 0.025 0.016 0.918 0.009
0.004 0.01 0.014 0.007 0.003 0.006 0.004 0.948 0.005
0.004 0.004 0.007 0.007 0.003 0.004 0.004 0.963 0.004
0.007 0.007 0.008 0.008 0.007 0.005 0.005 0.945 0.008
0.004 0.012 0.006 0.007 0.006 0.008 0.008 0.937 0.013
0.008 0.01 0.007 0.015 0.004 0.009 0.014 0.923 0.009
0.005 0.006 0.006 0.007 0.004 0.008 0.006 0.95 0.007
0.008 0.004 0.01 0.01 0.004 0.01 0.005 0.942 0.007
0.026 0.035 0.022 0.019 0.024 0.05 0.018 0.588 0.218
0.004 0.012 0.048 0.006 0.026 0.013 0.009 0.656 0.227
0.023 0.009 0.31 0.018 0.004 0.026 0.004 0.15 0.456
0.017 0.011 0.235 0.009 0.003 0.017 0.175 0.112 0.421
0.015 0.005 0.543 0.008 0.005 0.02 0.225 0.029 0.148
0.008 0.03 0.021 0.015 0.005 0.023 0.391 0.269 0.238
0.005 0.011 0.037 0.017 0.005 0.083 0.025 0.8 0.016
0.011 0.011 0.009 0.01 0.01 0.01 0.011 0.902 0.027
0.016 0.035 0.015 0.069 0.006 0.008 0.019 0.803 0.028
0.005 0.011 0.01 0.024 0.004 0.036 0.016 0.851 0.043
0.004 0.006 0.958 0.004 0.003 0.005 0.005 0.007 0.007
0.004 0.006 0.959 0.004 0.003 0.005 0.005 0.007 0.007
0.004 0.006 0.958 0.004 0.003 0.005 0.005 0.007 0.007
0.01 0.011 0.765 0.011 0.005 0.055 0.009 0.117 0.017
0.009 0.006 0.531 0.011 0.006 0.007 0.005 0.408 0.018
0.008 0.012 0.289 0.008 0.005 0.005 0.635 0.019 0.019
0.009 0.006 0.039 0.011 0.005 0.012 0.01 0.8 0.108
0.035 0.098 0.024 0.01 0.1 0.069 0.398 0.044 0.223
0.01 0.021 0.022 0.025 0.011 0.023 0.016 0.612 0.26
0.021 0.016 0.066 0.018 0.006 0.104 0.026 0.63 0.113
0.019 0.01 0.896 0.008 0.009 0.011 0.009 0.013 0.025
0.054 0.027 0.05 0.008 0.04 0.065 0.033 0.073 0.65
0.005 0.006 0.935 0.004 0.003 0.008 0.005 0.021 0.012
0.007 0.019 0.008 0.008 0.021 0.014 0.006 0.013 0.905
0.005 0.006 0.937 0.004 0.004 0.008 0.005 0.019 0.012
0.007 0.118 0.088 0.584 0.007 0.033 0.017 0.119 0.026
0.034 0.042 0.822 0.039 0.019 0.018 0.007 0.01 0.009
0.033 0.03 0.022 0.307 0.006 0.29 0.025 0.134 0.154
0.093 0.011 0.182 0.625 0.02 0.012 0.012 0.029 0.017
0.017 0.01 0.007 0.435 0.027 0.391 0.021 0.068 0.024
0.005 0.006 0.01 0.842 0.043 0.018 0.006 0.045 0.025
0.024 0.112 0.01 0.297 0.119 0.285 0.023 0.114 0.016
0.007 0.064 0.061 0.616 0.052 0.095 0.028 0.028 0.048
0.101 0.015 0.334 0.369 0.009 0.087 0.058 0.01 0.017
0.011 0.01 0.051 0.816 0.014 0.016 0.013 0.015 0.053
0.174 0.01 0.207 0.417 0.008 0.021 0.031 0.067 0.066
0.011 0.076 0.013 0.375 0.014 0.121 0.35 0.015 0.023
0.017 0.16 0.007 0.503 0.01 0.044 0.241 0.007 0.012
0.069 0.809 0.008 0.041 0.007 0.035 0.015 0.005 0.012
0.017 0.623 0.008 0.236 0.01 0.021 0.026 0.047 0.012
0.006 0.667 0.007 0.02 0.011 0.011 0.264 0.007 0.007
0.014 0.031 0.018 0.366 0.015 0.059 0.063 0.421 0.013
0.012 0.937 0.006 0.009 0.012 0.007 0.007 0.004 0.005
0.764 0.154 0.012 0.017 0.008 0.02 0.01 0.007 0.008
0.264 0.228 0.047 0.133 0.012 0.009 0.295 0.007 0.006
0.06 0.827 0.018 0.033 0.008 0.014 0.029 0.005 0.007
0.008 0.603 0.007 0.21 0.015 0.043 0.097 0.01 0.008
0.212 0.331 0.048 0.294 0.004 0.012 0.082 0.005 0.011
0.738 0.023 0.007 0.02 0.008 0.006 0.189 0.004 0.005
0.005 0.017 0.009 0.021 0.007 0.862 0.022 0.008 0.049
