0.956 0.022 0.022
0.655 0.099 0.246
0.896 0.07 0.034
0.205 0.496 0.299
0.85 0.026 0.123
0.689 0.075 0.236
0.563 0.044 0.393
0.495 0.041 0.464
0.044 0.278 0.677
0.188 0.158 0.654
0.619 0.047 0.334
0.956 0.022 0.023
0.509 0.071 0.42
0.598 0.021 0.381
0.457 0.025 0.518
0.798 0.024 0.178
0.192 0.025 0.783
0.237 0.094 0.669
0.199 0.663 0.138
0.74 0.109 0.151
0.032 0.506 0.461
0.906 0.055 0.039
0.708 0.056 0.237
0.772 0.026 0.203
0.885 0.077 0.039
0.955 0.025 0.021
0.455 0.53 0.015
0.682 0.236 0.082
0.914 0.047 0.039
0.924 0.052 0.024
0.965 0.017 0.018
0.944 0.026 0.03
0.708 0.214 0.077
0.906 0.034 0.06
0.596 0.315 0.088
0.914 0.066 0.02
0.967 0.02 0.013
0.683 0.282 0.035
0.94 0.017 0.042
0.924 0.022 0.054
0.543 0.243 0.214
0.831 0.153 0.016
0.672 0.306 0.022
0.691 0.052 0.257
0.819 0.045 0.136
0.692 0.052 0.255
0.967 0.02 0.013
0.967 0.019 0.013
0.017 0.87 0.113
0.019 0.692 0.289
0.357 0.247 0.396
0.018 0.896 0.086
0.013 0.948 0.039
0.019 0.785 0.195
0.236 0.29 0.474
0.033 0.887 0.081
0.029 0.899 0.072
0.037 0.803 0.16
0.025 0.89 0.085
0.063 0.899 0.037
0.084 0.526 0.389
0.31 0.279 0.411
0.017 0.083 0.9
0.034 0.845 0.121
0.081 0.834 0.084
0.016 0.96 0.024
0.016 0.966 0.018
0.013 0.968 0.018
0.015 0.963 0.022
0.046 0.359 0.595
0.093 0.527 0.38
0.023 0.951 0.026
0.819 0.099 0.082
0.908 0.066 0.026
0.228 0.392 0.38
0.07 0.245 0.684
0.048 0.057 0.896
0.7 0.231 0.069
0.055 0.887 0.058
0.035 0.947 0.018
0.07 0.908 0.022
0.107 0.865 0.029
0.893 0.075 0.032
0.925 0.05 0.025
0.168 0.806 0.025
0.46 0.415 0.125
0.769 0.169 0.063
0.062 0.92 0.018
0.259 0.14 0.601
0.079 0.893 0.027
0.311 0.61 0.078
0.042 0.917 0.041
0.345 0.534 0.121
0.058 0.925 0.018
0.071 0.87 0.059
0.231 0.734 0.035
0.323 0.591 0.086
0.503 0.131 0.366
0.15 0.185 0.666
0.024 0.95 0.026
0.086 0.841 0.073
0.083 0.885 0.031
0.189 0.202 0.61
0.129 0.146 0.725
0.058 0.924 0.018
0.023 0.954 0.023
0.215 0.757 0.028
0.561 0.048 0.391
0.031 0.719 0.25
0.433 0.181 0.386
0.321 0.582 0.097
0.079 0.897 0.024
0.028 0.903 0.069
0.12 0.608 0.272
0.768 0.182 0.05
0.169 0.474 0.358
0.292 0.392 0.315
0.039 0.945 0.016
0.042 0.915 0.043
0.03 0.92 0.05
0.783 0.147 0.07
0.918 0.048 0.034
0.791 0.035 0.173
0.858 0.041 0.101
0.856 0.1 0.044
0.781 0.191 0.028
0.905 0.047 0.048
0.908 0.041 0.051
0.725 0.207 0.068
0.6 0.186 0.213
0.6 0.374 0.025
0.947 0.042 0.011
0.962 0.022 0.016
0.952 0.03 0.018
0.937 0.031 0.032
0.962 0.018 0.02
0.861 0.08 0.059
0.91 0.053 0.037
0.831 0.135 0.034
0.623 0.273 0.104
0.939 0.039 0.022
0.965 0.019 0.016
0.727 0.131 0.141
0.384 0.563 0.054
0.822 0.123 0.055
0.861 0.086 0.052
0.723 0.228 0.049
0.532 0.254 0.213
0.965 0.018 0.017
0.674 0.242 0.084
0.968 0.017 0.015
0.971 0.014 0.015
0.966 0.018 0.015
0.95 0.028 0.022
0.82 0.1 0.08
0.949 0.018 0.034
0.968 0.019 0.013
0.81 0.094 0.096
0.953 0.027 0.019
0.947 0.034 0.019
0.971 0.014 0.014
0.165 0.772 0.063
0.963 0.02 0.018
0.972 0.015 0.012
0.965 0.016 0.019
0.967 0.017 0.016
0.969 0.017 0.014
0.722 0.164 0.113
0.195 0.712 0.094
0.017 0.695 0.288
0.017 0.951 0.031
0.691 0.211 0.098
0.019 0.86 0.121
0.028 0.805 0.166
0.018 0.569 0.413
0.041 0.836 0.124
0.082 0.881 0.036
0.028 0.898 0.074
0.22 0.316 0.464
0.013 0.939 0.048
0.018 0.96 0.021
0.026 0.928 0.046
0.031 0.02 0.95
0.118 0.282 0.6
0.524 0.036 0.44
0.018 0.141 0.841
0.017 0.035 0.949
0.079 0.459 0.463
0.026 0.031 0.942
0.022 0.054 0.924
0.019 0.543 0.438
0.034 0.037 0.93
0.037 0.034 0.928
0.018 0.015 0.967
0.033 0.421 0.546
0.107 0.023 0.87
0.02 0.033 0.946
0.034 0.441 0.525
0.051 0.203 0.746
0.053 0.055 0.893
0.032 0.025 0.943
0.026 0.059 0.915
0.04 0.209 0.751
0.016 0.028 0.955
0.037 0.111 0.852
0.024 0.025 0.95
0.018 0.025 0.958
0.074 0.039 0.887
0.107 0.164 0.729
0.122 0.028 0.849
0.022 0.63 0.348
0.025 0.034 0.941
0.045 0.031 0.924
0.038 0.537 0.425
0.02 0.028 0.952
0.061 0.035 0.905
0.03 0.033 0.937
0.034 0.057 0.909
0.021 0.022 0.957
0.013 0.127 0.859
0.012 0.275 0.713
0.014 0.021 0.965
0.014 0.025 0.961
0.021 0.029 0.95
0.016 0.025 0.96
0.025 0.049 0.926
0.017 0.045 0.938
0.027 0.056 0.917
0.131 0.063 0.806
0.033 0.018 0.949
0.037 0.022 0.941
0.022 0.115 0.863
0.02 0.181 0.799
0.021 0.334 0.645
0.016 0.083 0.901
0.02 0.032 0.948
0.056 0.069 0.876
0.013 0.045 0.942
0.019 0.019 0.962
0.019 0.018 0.962
0.019 0.019 0.962
0.029 0.065 0.906
0.019 0.02 0.961
0.019 0.831 0.15
0.017 0.018 0.965
0.633 0.089 0.278
0.026 0.03 0.944
0.027 0.042 0.931
0.051 0.022 0.926
0.074 0.024 0.903
0.02 0.019 0.961
0.13 0.032 0.838
0.02 0.019 0.961
0.041 0.866 0.093
0.322 0.366 0.312
0.075 0.137 0.789
0.28 0.329 0.391
0.044 0.882 0.074
0.04 0.8 0.16
0.219 0.718 0.063
0.089 0.793 0.118
0.089 0.799 0.112
0.039 0.858 0.103
0.121 0.197 0.682
0.024 0.945 0.031
0.08 0.904 0.016
0.908 0.052 0.04
0.354 0.496 0.15
0.424 0.559 0.017
0.036 0.706 0.258
0.941 0.023 0.036
0.961 0.022 0.017
0.391 0.586 0.024
0.814 0.145 0.041
0.081 0.897 0.022
0.302 0.664 0.034
0.79 0.195 0.015
0.018 0.952 0.03
