0.015 0.039 0.947
0.063 0.04 0.897
0.021 0.038 0.941
0.113 0.138 0.749
0.023 0.039 0.938
0.031 0.022 0.946
0.017 0.53 0.453
0.138 0.022 0.84
0.849 0.039 0.113
0.539 0.012 0.449
0.08 0.071 0.848
0.012 0.044 0.944
0.045 0.016 0.939
0.137 0.034 0.83
0.204 0.17 0.626
0.029 0.071 0.9
0.652 0.067 0.281
0.542 0.097 0.36
0.015 0.873 0.112
0.07 0.077 0.852
0.08 0.892 0.029
0.029 0.023 0.948
0.061 0.508 0.432
0.03 0.019 0.951
0.06 0.821 0.119
0.034 0.914 0.052
0.009 0.972 0.019
0.291 0.318 0.39
0.013 0.948 0.039
0.023 0.837 0.14
0.006 0.972 0.021
0.011 0.92 0.069
0.136 0.715 0.149
0.016 0.96 0.023
0.039 0.909 0.052
0.022 0.044 0.934
0.007 0.975 0.017
0.011 0.976 0.013
0.02 0.945 0.035
0.01 0.969 0.021
0.015 0.937 0.047
0.011 0.545 0.444
0.013 0.927 0.06
0.097 0.867 0.036
0.066 0.654 0.28
0.098 0.866 0.036
0.008 0.975 0.017
0.008 0.975 0.017
0.893 0.094 0.013
0.765 0.014 0.22
0.065 0.909 0.026
0.916 0.059 0.025
0.074 0.916 0.01
0.974 0.016 0.01
0.626 0.326 0.048
0.964 0.014 0.022
0.964 0.015 0.022
0.909 0.058 0.033
0.652 0.317 0.031
0.526 0.412 0.062
0.965 0.013 0.022
0.11 0.851 0.039
0.982 0.01 0.009
0.957 0.026 0.018
0.903 0.053 0.044
0.046 0.936 0.018
0.031 0.953 0.016
0.016 0.977 0.008
0.019 0.972 0.009
0.848 0.135 0.016
0.892 0.078 0.03
0.145 0.785 0.07
0.083 0.023 0.894
0.019 0.02 0.961
0.693 0.034 0.273
0.927 0.016 0.057
0.794 0.065 0.141
0.043 0.812 0.146
0.603 0.217 0.181
0.031 0.909 0.06
0.096 0.164 0.74
0.048 0.026 0.926
0.016 0.017 0.967
0.021 0.045 0.934
0.031 0.046 0.923
0.025 0.934 0.041
0.022 0.931 0.047
0.036 0.024 0.94
0.596 0.069 0.335
0.027 0.927 0.046
0.07 0.017 0.913
0.742 0.043 0.215
0.467 0.023 0.51
0.053 0.034 0.914
0.1 0.023 0.877
0.054 0.052 0.893
0.243 0.358 0.399
0.146 0.501 0.353
0.289 0.653 0.058
0.166 0.81 0.025
0.023 0.951 0.026
0.026 0.946 0.028
0.092 0.874 0.033
0.06 0.881 0.059
0.051 0.548 0.401
0.172 0.804 0.024
0.035 0.852 0.113
0.131 0.732 0.137
0.879 0.069 0.052
0.097 0.452 0.451
0.037 0.859 0.104
0.012 0.966 0.021
0.739 0.22 0.041
0.193 0.749 0.058
0.081 0.065 0.855
0.119 0.815 0.066
0.347 0.467 0.187
0.031 0.902 0.068
0.116 0.859 0.025
0.83 0.114 0.056
0.077 0.06 0.864
0.016 0.197 0.786
0.12 0.307 0.573
0.051 0.039 0.91
0.059 0.038 0.903
0.017 0.016 0.967
0.024 0.061 0.915
0.035 0.039 0.925
0.027 0.019 0.954
0.186 0.066 0.748
0.017 0.011 0.972
0.014 0.016 0.97
0.01 0.009 0.982
0.015 0.017 0.968
0.03 0.035 0.935
0.012 0.015 0.973
0.033 0.099 0.868
0.017 0.018 0.965
0.037 0.034 0.93
0.064 0.022 0.913
0.015 0.011 0.974
0.01 0.015 0.974
0.03 0.013 0.958
0.071 0.144 0.785
0.03 0.032 0.938
0.02 0.096 0.884
0.037 0.019 0.944
0.121 0.19 0.688
0.01 0.016 0.974
0.033 0.073 0.894
0.009 0.016 0.975
0.008 0.012 0.98
0.011 0.031 0.958
0.018 0.012 0.97
0.064 0.024 0.912
0.016 0.013 0.97
0.01 0.012 0.978
0.06 0.276 0.664
0.014 0.015 0.972
0.019 0.102 0.879
0.011 0.013 0.977
0.275 0.331 0.394
0.011 0.01 0.979
0.009 0.012 0.979
0.013 0.023 0.964
0.012 0.009 0.979
0.01 0.008 0.982
0.043 0.027 0.93
0.399 0.281 0.321
0.961 0.029 0.01
0.628 0.354 0.018
0.057 0.072 0.871
0.79 0.191 0.019
0.906 0.075 0.019
0.956 0.034 0.01
0.811 0.095 0.093
0.679 0.259 0.062
0.967 0.017 0.016
0.822 0.11 0.068
0.956 0.035 0.009
0.076 0.9 0.024
0.838 0.068 0.093
0.1 0.882 0.018
0.739 0.047 0.214
0.053 0.797 0.149
0.971 0.017 0.013
0.665 0.322 0.012
0.117 0.852 0.031
0.086 0.895 0.019
0.935 0.041 0.024
0.024 0.961 0.015
0.109 0.878 0.013
0.019 0.97 0.011
0.701 0.286 0.013
0.231 0.74 0.03
0.023 0.965 0.012
0.268 0.72 0.012
0.895 0.071 0.034
0.765 0.148 0.086
0.119 0.81 0.071
0.786 0.191 0.024
0.937 0.039 0.024
0.543 0.438 0.019
0.946 0.044 0.01
0.109 0.879 0.012
0.147 0.842 0.01
0.958 0.025 0.018
0.905 0.051 0.044
0.171 0.774 0.055
0.895 0.025 0.08
0.796 0.187 0.017
0.974 0.01 0.016
0.947 0.021 0.032
0.471 0.469 0.06
0.972 0.013 0.015
0.943 0.021 0.036
0.948 0.03 0.022
0.965 0.017 0.017
0.951 0.033 0.016
0.967 0.022 0.011
0.958 0.034 0.008
0.981 0.008 0.011
0.982 0.008 0.009
0.975 0.011 0.014
0.961 0.021 0.017
0.946 0.024 0.03
0.974 0.013 0.013
0.969 0.011 0.02
0.447 0.48 0.073
0.868 0.113 0.019
0.902 0.014 0.084
0.87 0.084 0.046
0.865 0.118 0.017
0.541 0.431 0.028
0.971 0.018 0.011
0.949 0.03 0.021
0.948 0.019 0.033
0.97 0.017 0.013
0.973 0.013 0.014
0.973 0.013 0.014
0.973 0.013 0.013
0.969 0.015 0.016
0.974 0.014 0.013
0.155 0.829 0.016
0.967 0.016 0.017
0.035 0.905 0.06
0.942 0.03 0.029
0.946 0.03 0.025
0.911 0.039 0.051
0.05 0.922 0.028
0.969 0.015 0.017
0.168 0.811 0.021
0.969 0.014 0.017
0.51 0.032 0.459
0.844 0.023 0.134
0.849 0.038 0.112
0.629 0.065 0.306
0.778 0.149 0.073
0.882 0.069 0.049
0.452 0.298 0.249
0.269 0.484 0.247
0.587 0.194 0.219
0.876 0.038 0.085
0.663 0.05 0.287
0.026 0.956 0.018
0.018 0.747 0.235
0.015 0.015 0.971
0.213 0.015 0.773
0.027 0.329 0.644
0.923 0.04 0.038
0.016 0.017 0.967
0.011 0.011 0.978
0.019 0.099 0.882
0.017 0.018 0.966
0.034 0.067 0.899
0.018 0.033 0.949
0.011 0.074 0.915
0.68 0.273 0.046
