0.009 0.011 0.009 0.009 0.023 0.928 0.011
0.015 0.022 0.012 0.01 0.007 0.927 0.007
0.006 0.014 0.056 0.007 0.008 0.879 0.031
0.05 0.012 0.006 0.12 0.008 0.619 0.185
0.011 0.031 0.015 0.008 0.019 0.888 0.028
0.021 0.018 0.015 0.005 0.015 0.804 0.122
0.013 0.509 0.08 0.011 0.05 0.309 0.028
0.095 0.026 0.009 0.029 0.028 0.803 0.009
0.481 0.018 0.025 0.01 0.005 0.186 0.275
0.331 0.013 0.018 0.006 0.007 0.5 0.125
0.033 0.043 0.013 0.005 0.007 0.874 0.025
0.008 0.009 0.022 0.007 0.022 0.923 0.008
0.028 0.007 0.008 0.004 0.006 0.897 0.049
0.03 0.319 0.009 0.028 0.132 0.467 0.016
0.192 0.037 0.013 0.017 0.039 0.69 0.011
0.014 0.013 0.009 0.006 0.009 0.937 0.012
0.579 0.029 0.015 0.006 0.042 0.309 0.019
0.116 0.07 0.054 0.007 0.008 0.708 0.037
0.024 0.117 0.016 0.007 0.009 0.439 0.388
0.064 0.026 0.048 0.012 0.363 0.147 0.339
0.161 0.228 0.017 0.009 0.006 0.276 0.302
0.011 0.006 0.012 0.01 0.019 0.923 0.02
0.047 0.072 0.024 0.011 0.162 0.664 0.021
0.012 0.009 0.007 0.004 0.006 0.956 0.006
0.014 0.024 0.049 0.05 0.778 0.017 0.068
0.004 0.008 0.006 0.018 0.951 0.007 0.005
0.008 0.011 0.011 0.347 0.565 0.008 0.051
0.096 0.013 0.021 0.033 0.699 0.034 0.105
0.017 0.026 0.051 0.009 0.76 0.124 0.012
0.006 0.011 0.007 0.01 0.94 0.007 0.02
0.003 0.007 0.005 0.005 0.967 0.008 0.005
0.008 0.015 0.012 0.017 0.923 0.016 0.009
0.038 0.03 0.129 0.018 0.651 0.021 0.113
0.013 0.02 0.015 0.01 0.917 0.011 0.015
0.033 0.066 0.279 0.022 0.524 0.021 0.053
0.008 0.007 0.024 0.02 0.727 0.082 0.131
0.003 0.008 0.009 0.005 0.964 0.005 0.006
0.006 0.01 0.113 0.013 0.691 0.011 0.156
0.09 0.015 0.047 0.009 0.783 0.048 0.008
0.009 0.02 0.01 0.005 0.935 0.012 0.009
0.012 0.271 0.031 0.013 0.463 0.1 0.11
0.005 0.006 0.023 0.006 0.67 0.03 0.26
0.009 0.008 0.02 0.248 0.691 0.013 0.011
0.039 0.027 0.008 0.007 0.878 0.009 0.032
0.029 0.015 0.007 0.007 0.868 0.011 0.064
0.038 0.027 0.008 0.007 0.878 0.01 0.032
0.003 0.008 0.009 0.005 0.964 0.005 0.006
0.003 0.008 0.009 0.005 0.964 0.005 0.006
0.023 0.011 0.902 0.043 0.005 0.006 0.01
0.229 0.212 0.046 0.074 0.004 0.023 0.412
0.009 0.363 0.428 0.078 0.09 0.01 0.021
0.008 0.01 0.021 0.933 0.005 0.015 0.008
0.013 0.008 0.021 0.938 0.006 0.005 0.009
0.051 0.012 0.076 0.829 0.012 0.01 0.011
0.057 0.026 0.823 0.037 0.013 0.03 0.013
0.012 0.006 0.011 0.947 0.007 0.007 0.011
0.012 0.006 0.011 0.947 0.007 0.007 0.01
0.122 0.015 0.708 0.092 0.007 0.025 0.031
0.042 0.085 0.14 0.641 0.006 0.066 0.021
0.007 0.01 0.901 0.036 0.01 0.02 0.017
0.015 0.016 0.014 0.931 0.012 0.007 0.005
0.038 0.322 0.409 0.099 0.022 0.094 0.015
0.767 0.082 0.092 0.014 0.009 0.007 0.028
0.033 0.01 0.161 0.759 0.016 0.008 0.014
0.008 0.01 0.102 0.832 0.027 0.008 0.013
0.007 0.005 0.007 0.963 0.005 0.006 0.007
0.005 0.004 0.015 0.954 0.005 0.009 0.007
0.005 0.004 0.005 0.973 0.004 0.004 0.004
0.005 0.005 0.006 0.97 0.004 0.004 0.005
0.036 0.012 0.874 0.056 0.005 0.012 0.005
0.054 0.028 0.773 0.101 0.012 0.011 0.021
0.009 0.036 0.36 0.484 0.006 0.076 0.029
0.034 0.055 0.028 0.113 0.45 0.139 0.181
0.009 0.027 0.01 0.005 0.017 0.082 0.85
0.048 0.042 0.03 0.01 0.04 0.029 0.8
0.241 0.028 0.066 0.009 0.016 0.022 0.618
0.076 0.108 0.729 0.015 0.007 0.038 0.026
0.011 0.03 0.453 0.092 0.031 0.357 0.027
0.158 0.021 0.244 0.046 0.008 0.172 0.35
0.01 0.019 0.548 0.062 0.016 0.051 0.294
0.008 0.012 0.203 0.031 0.013 0.062 0.671
0.006 0.004 0.005 0.004 0.006 0.005 0.971
0.005 0.026 0.009 0.008 0.026 0.101 0.825
0.024 0.014 0.044 0.007 0.075 0.19 0.647
0.012 0.006 0.012 0.022 0.012 0.016 0.92
0.013 0.046 0.833 0.007 0.036 0.037 0.029
0.014 0.036 0.746 0.006 0.122 0.026 0.051
0.005 0.006 0.009 0.005 0.007 0.006 0.963
0.443 0.023 0.294 0.006 0.045 0.031 0.158
0.008 0.028 0.234 0.58 0.05 0.036 0.064
0.023 0.006 0.017 0.007 0.007 0.039 0.902
0.016 0.006 0.069 0.009 0.006 0.006 0.888
0.073 0.015 0.122 0.069 0.239 0.021 0.461
0.007 0.005 0.009 0.01 0.009 0.009 0.951
0.026 0.012 0.013 0.015 0.007 0.091 0.837
0.011 0.007 0.014 0.007 0.014 0.025 0.921
0.01 0.012 0.704 0.007 0.016 0.012 0.239
0.021 0.033 0.767 0.012 0.029 0.033 0.104
0.008 0.028 0.923 0.008 0.008 0.018 0.007
0.007 0.007 0.945 0.007 0.006 0.007 0.021
0.014 0.017 0.036 0.846 0.055 0.016 0.017
0.008 0.008 0.925 0.013 0.015 0.012 0.018
0.007 0.165 0.764 0.009 0.029 0.012 0.014
0.008 0.307 0.626 0.007 0.011 0.018 0.023
0.012 0.009 0.135 0.014 0.009 0.022 0.8
0.017 0.01 0.851 0.013 0.011 0.008 0.091
0.006 0.022 0.883 0.01 0.019 0.016 0.045
0.175 0.326 0.072 0.019 0.27 0.098 0.041
0.051 0.025 0.03 0.011 0.008 0.012 0.863
0.024 0.059 0.523 0.016 0.019 0.108 0.251
0.008 0.018 0.738 0.027 0.034 0.09 0.084
0.008 0.01 0.129 0.679 0.081 0.037 0.056
0.029 0.025 0.321 0.011 0.01 0.012 0.592
0.021 0.041 0.824 0.011 0.01 0.038 0.055
0.012 0.008 0.644 0.013 0.057 0.052 0.214
0.048 0.043 0.479 0.287 0.037 0.085 0.022
0.035 0.045 0.391 0.103 0.39 0.017 0.019
0.008 0.007 0.674 0.036 0.027 0.025 0.223
0.018 0.01 0.072 0.007 0.012 0.007 0.873
0.018 0.009 0.196 0.022 0.01 0.016 0.73
0.025 0.018 0.427 0.029 0.14 0.102 0.258
0.013 0.015 0.12 0.034 0.566 0.094 0.158
0.1 0.104 0.066 0.019 0.631 0.052 0.028
0.045 0.194 0.024 0.011 0.06 0.439 0.227
0.007 0.006 0.011 0.02 0.008 0.939 0.01
0.007 0.011 0.018 0.009 0.043 0.712 0.201
0.017 0.037 0.047 0.027 0.158 0.68 0.035
0.02 0.013 0.453 0.012 0.112 0.365 0.027
0.019 0.011 0.014 0.02 0.026 0.742 0.167
0.021 0.013 0.729 0.013 0.011 0.105 0.109
0.009 0.009 0.011 0.006 0.035 0.251 0.678
0.004 0.005 0.059 0.022 0.29 0.397 0.223
0.005 0.004 0.005 0.004 0.011 0.963 0.007
0.008 0.008 0.212 0.008 0.581 0.148 0.034
0.017 0.007 0.033 0.012 0.07 0.84 0.021
0.006 0.006 0.009 0.005 0.011 0.955 0.008
0.009 0.019 0.023 0.009 0.014 0.912 0.014
0.006 0.01 0.014 0.009 0.011 0.94 0.011
0.007 0.007 0.016 0.009 0.008 0.94 0.012
0.019 0.012 0.013 0.014 0.016 0.728 0.199
0.01 0.007 0.042 0.008 0.089 0.64 0.204
0.008 0.021 0.013 0.006 0.136 0.771 0.044
0.013 0.025 0.009 0.01 0.007 0.709 0.227
0.022 0.022 0.02 0.264 0.046 0.53 0.096
0.014 0.013 0.023 0.067 0.828 0.007 0.047
0.014 0.044 0.041 0.014 0.78 0.015 0.091
0.021 0.01 0.029 0.024 0.578 0.186 0.151
0.048 0.137 0.117 0.038 0.132 0.316 0.212
0.008 0.011 0.018 0.006 0.436 0.483 0.038
0.02 0.029 0.131 0.008 0.063 0.467 0.283
0.005 0.006 0.007 0.006 0.953 0.016 0.008
0.011 0.008 0.015 0.005 0.805 0.144 0.012
0.006 0.008 0.008 0.011 0.908 0.048 0.011
0.007 0.005 0.01 0.021 0.907 0.028 0.022
0.024 0.01 0.026 0.01 0.814 0.038 0.078
0.009 0.01 0.006 0.005 0.944 0.015 0.011
0.004 0.004 0.008 0.006 0.957 0.012 0.01
0.029 0.047 0.102 0.066 0.63 0.082 0.045
0.009 0.01 0.014 0.038 0.492 0.42 0.017
0.006 0.006 0.016 0.011 0.938 0.009 0.014
0.004 0.004 0.005 0.005 0.972 0.005 0.005
0.105 0.024 0.199 0.227 0.034 0.318 0.092
0.006 0.007 0.009 0.009 0.911 0.028 0.031
0.005 0.005 0.015 0.006 0.789 0.171 0.009
0.007 0.015 0.006 0.005 0.948 0.008 0.012
0.006 0.006 0.008 0.008 0.919 0.043 0.01
0.006 0.009 0.007 0.005 0.942 0.013 0.018
0.037 0.034 0.026 0.01 0.021 0.53 0.342
0.008 0.049 0.785 0.02 0.027 0.017 0.093
0.167 0.015 0.758 0.014 0.005 0.008 0.032
0.008 0.006 0.962 0.007 0.005 0.005 0.008
0.04 0.038 0.255 0.012 0.05 0.163 0.441
0.403 0.009 0.375 0.033 0.01 0.009 0.161
0.024 0.021 0.901 0.006 0.005 0.008 0.037
0.07 0.036 0.746 0.118 0.004 0.007 0.019
0.141 0.013 0.69 0.019 0.012 0.026 0.099
0.01 0.014 0.806 0.105 0.033 0.016 0.016
0.13 0.013 0.632 0.127 0.024 0.007 0.067
0.037 0.025 0.885 0.013 0.012 0.02 0.009
0.015 0.016 0.794 0.157 0.005 0.005 0.008
0.013 0.066 0.219 0.247 0.008 0.085 0.362
0.025 0.013 0.382 0.437 0.014 0.016 0.113
0.108 0.757 0.071 0.008 0.018 0.029 0.01
0.072 0.2 0.025 0.112 0.007 0.575 0.008
0.033 0.71 0.032 0.005 0.02 0.18 0.02
0.482 0.192 0.163 0.074 0.007 0.073 0.01
0.199 0.664 0.094 0.014 0.006 0.014 0.009
0.014 0.356 0.019 0.487 0.088 0.01 0.026
0.055 0.862 0.019 0.015 0.009 0.027 0.013
0.44 0.425 0.019 0.026 0.01 0.019 0.061
0.008 0.552 0.009 0.397 0.007 0.006 0.021
0.028 0.926 0.012 0.007 0.009 0.007 0.011
0.008 0.943 0.009 0.013 0.008 0.01 0.009
0.102 0.859 0.009 0.005 0.008 0.01 0.007
0.006 0.916 0.01 0.014 0.006 0.011 0.038
0.006 0.961 0.007 0.005 0.01 0.006 0.005
0.02 0.925 0.017 0.015 0.006 0.007 0.011
0.109 0.589 0.065 0.017 0.016 0.016 0.186
0.1 0.757 0.01 0.012 0.008 0.025 0.087
0.012 0.935 0.008 0.009 0.01 0.01 0.017
0.082 0.847 0.023 0.007 0.008 0.024 0.008
0.243 0.649 0.04 0.008 0.006 0.031 0.023
0.024 0.857 0.039 0.007 0.008 0.008 0.057
0.233 0.716 0.008 0.01 0.008 0.008 0.017
0.017 0.925 0.007 0.021 0.015 0.006 0.009
0.015 0.937 0.013 0.016 0.007 0.007 0.004
0.867 0.068 0.026 0.007 0.006 0.014 0.012
0.832 0.016 0.071 0.01 0.014 0.05 0.007
0.043 0.357 0.009 0.432 0.13 0.014 0.015
0.329 0.025 0.007 0.544 0.08 0.008 0.006
0.189 0.087 0.07 0.61 0.01 0.017 0.017
0.933 0.007 0.025 0.01 0.01 0.006 0.009
0.693 0.014 0.007 0.229 0.041 0.008 0.008
0.422 0.017 0.009 0.472 0.012 0.01 0.059
0.964 0.006 0.006 0.005 0.006 0.005 0.01
0.312 0.021 0.012 0.606 0.036 0.006 0.008
0.903 0.019 0.023 0.009 0.006 0.029 0.012
0.346 0.104 0.009 0.493 0.026 0.009 0.013
0.603 0.342 0.01 0.015 0.009 0.007 0.013
0.903 0.015 0.03 0.024 0.005 0.007 0.016
0.855 0.012 0.077 0.022 0.005 0.005 0.023
0.965 0.006 0.006 0.005 0.004 0.007 0.007
0.971 0.005 0.005 0.004 0.004 0.004 0.007
0.955 0.007 0.006 0.008 0.008 0.008 0.009
0.949 0.013 0.008 0.008 0.005 0.01 0.008
0.921 0.012 0.012 0.012 0.009 0.013 0.02
0.949 0.01 0.01 0.009 0.005 0.007 0.009
0.948 0.008 0.013 0.006 0.006 0.005 0.014
0.326 0.427 0.077 0.031 0.025 0.085 0.029
0.548 0.399 0.012 0.015 0.009 0.01 0.006
0.104 0.819 0.033 0.008 0.006 0.016 0.014
0.072 0.684 0.014 0.2 0.005 0.018 0.008
0.209 0.36 0.017 0.39 0.011 0.006 0.007
0.322 0.228 0.049 0.331 0.007 0.037 0.026
0.813 0.03 0.092 0.026 0.005 0.009 0.025
0.905 0.037 0.013 0.008 0.013 0.013 0.012
0.793 0.029 0.011 0.021 0.009 0.051 0.086
0.821 0.059 0.041 0.02 0.005 0.013 0.04
0.67 0.287 0.006 0.017 0.007 0.007 0.005
0.67 0.287 0.006 0.018 0.007 0.007 0.005
0.67 0.287 0.006 0.017 0.007 0.007 0.005
0.598 0.18 0.055 0.121 0.021 0.009 0.016
0.747 0.206 0.007 0.014 0.014 0.005 0.007
0.021 0.021 0.007 0.915 0.009 0.016 0.012
0.773 0.175 0.01 0.01 0.009 0.011 0.013
0.081 0.195 0.177 0.167 0.283 0.085 0.013
0.795 0.123 0.016 0.016 0.012 0.017 0.021
0.745 0.102 0.08 0.027 0.009 0.016 0.021
0.561 0.307 0.017 0.044 0.047 0.013 0.01
0.112 0.72 0.072 0.014 0.041 0.033 0.009
0.669 0.29 0.01 0.011 0.008 0.006 0.005
0.02 0.893 0.037 0.007 0.015 0.017 0.01
0.671 0.289 0.01 0.011 0.008 0.006 0.005
0.167 0.029 0.032 0.059 0.007 0.123 0.582
0.129 0.035 0.038 0.452 0.246 0.029 0.071
0.296 0.101 0.263 0.052 0.021 0.064 0.204
0.092 0.023 0.014 0.088 0.414 0.014 0.355
0.064 0.022 0.344 0.021 0.033 0.011 0.505
0.079 0.023 0.06 0.007 0.019 0.007 0.804
0.073 0.017 0.381 0.025 0.093 0.073 0.337
0.034 0.053 0.17 0.044 0.026 0.05 0.623
0.035 0.031 0.119 0.334 0.107 0.016 0.357
0.037 0.036 0.019 0.083 0.019 0.012 0.794
0.315 0.082 0.022 0.175 0.199 0.017 0.19
0.018 0.046 0.221 0.024 0.012 0.042 0.637
0.007 0.024 0.119 0.009 0.009 0.13 0.702
0.005 0.009 0.031 0.011 0.018 0.88 0.045
0.051 0.013 0.025 0.015 0.009 0.716 0.17
0.006 0.007 0.013 0.23 0.01 0.708 0.026
0.455 0.012 0.081 0.08 0.016 0.03 0.325
0.005 0.006 0.006 0.006 0.009 0.957 0.011
0.007 0.006 0.011 0.018 0.295 0.633 0.03
0.01 0.007 0.009 0.335 0.065 0.439 0.137
0.006 0.008 0.012 0.01 0.01 0.911 0.045
0.011 0.008 0.032 0.023 0.009 0.763 0.155
0.008 0.013 0.012 0.191 0.044 0.509 0.223
0.005 0.007 0.007 0.17 0.449 0.29 0.07
0.009 0.045 0.705 0.171 0.008 0.02 0.042
