0.008 0.009 0.022 0.006 0.011 0.012 0.01 0.008 0.008 0.903
0.011 0.008 0.03 0.01 0.009 0.004 0.01 0.016 0.006 0.895
0.005 0.008 0.065 0.066 0.023 0.005 0.007 0.016 0.023 0.782
0.034 0.005 0.02 0.005 0.005 0.007 0.146 0.007 0.093 0.678
0.009 0.011 0.041 0.013 0.037 0.007 0.006 0.032 0.031 0.813
0.019 0.006 0.025 0.021 0.024 0.01 0.005 0.021 0.142 0.726
0.011 0.008 0.395 0.074 0.205 0.006 0.01 0.176 0.014 0.101
0.05 0.092 0.025 0.007 0.116 0.004 0.006 0.014 0.007 0.679
0.391 0.013 0.05 0.021 0.005 0.005 0.007 0.012 0.221 0.276
0.298 0.008 0.012 0.015 0.009 0.005 0.004 0.01 0.106 0.533
0.024 0.005 0.021 0.008 0.006 0.006 0.005 0.045 0.022 0.857
0.007 0.005 0.015 0.018 0.015 0.008 0.015 0.008 0.006 0.902
0.016 0.004 0.007 0.008 0.005 0.006 0.005 0.005 0.038 0.905
0.013 0.044 0.091 0.007 0.372 0.006 0.005 0.28 0.008 0.173
0.148 0.014 0.096 0.014 0.059 0.015 0.019 0.018 0.011 0.605
0.011 0.005 0.023 0.008 0.005 0.013 0.006 0.008 0.009 0.913
0.508 0.008 0.03 0.016 0.02 0.027 0.005 0.019 0.016 0.351
0.062 0.015 0.012 0.039 0.005 0.009 0.005 0.046 0.032 0.775
0.008 0.004 0.595 0.007 0.005 0.018 0.004 0.007 0.013 0.338
0.033 0.009 0.046 0.024 0.75 0.011 0.01 0.015 0.068 0.033
0.043 0.024 0.642 0.01 0.005 0.004 0.006 0.074 0.013 0.179
0.009 0.012 0.008 0.013 0.008 0.022 0.004 0.005 0.016 0.903
0.03 0.013 0.067 0.014 0.016 0.107 0.01 0.041 0.016 0.684
0.01 0.004 0.013 0.007 0.006 0.006 0.004 0.008 0.005 0.936
0.013 0.141 0.01 0.023 0.069 0.594 0.039 0.04 0.057 0.013
0.004 0.091 0.004 0.004 0.037 0.842 0.004 0.005 0.004 0.004
0.006 0.009 0.022 0.008 0.018 0.494 0.391 0.007 0.038 0.007
0.076 0.155 0.016 0.012 0.115 0.49 0.006 0.01 0.09 0.031
0.012 0.007 0.014 0.034 0.005 0.837 0.008 0.008 0.007 0.067
0.006 0.038 0.006 0.004 0.082 0.834 0.007 0.007 0.011 0.005
0.003 0.003 0.004 0.004 0.004 0.968 0.004 0.004 0.003 0.005
0.006 0.005 0.014 0.018 0.023 0.906 0.011 0.006 0.006 0.007
0.041 0.268 0.022 0.045 0.069 0.479 0.007 0.019 0.036 0.014
0.012 0.016 0.008 0.01 0.006 0.905 0.008 0.018 0.01 0.008
0.035 0.038 0.053 0.093 0.022 0.612 0.02 0.084 0.022 0.022
0.01 0.012 0.045 0.02 0.686 0.067 0.02 0.007 0.105 0.027
0.003 0.003 0.004 0.005 0.007 0.959 0.004 0.005 0.005 0.004
0.005 0.007 0.011 0.042 0.005 0.88 0.01 0.005 0.027 0.007
0.094 0.007 0.013 0.032 0.014 0.763 0.024 0.007 0.007 0.038
0.007 0.005 0.006 0.007 0.006 0.938 0.004 0.013 0.007 0.008
0.013 0.01 0.323 0.016 0.021 0.409 0.008 0.13 0.009 0.061
0.004 0.004 0.019 0.009 0.039 0.575 0.007 0.005 0.288 0.05
0.011 0.006 0.017 0.036 0.048 0.599 0.26 0.008 0.007 0.009
0.024 0.005 0.014 0.005 0.005 0.907 0.004 0.008 0.018 0.008
0.025 0.004 0.021 0.006 0.02 0.776 0.006 0.007 0.123 0.012
0.025 0.005 0.014 0.005 0.005 0.906 0.004 0.008 0.019 0.008
0.003 0.003 0.004 0.005 0.007 0.959 0.004 0.005 0.005 0.004
0.003 0.003 0.004 0.005 0.007 0.959 0.004 0.005 0.005 0.004
0.023 0.264 0.019 0.643 0.003 0.006 0.011 0.011 0.013 0.005
0.139 0.173 0.036 0.02 0.004 0.004 0.011 0.207 0.393 0.014
0.009 0.11 0.028 0.257 0.033 0.088 0.05 0.396 0.021 0.007
0.006 0.895 0.009 0.031 0.004 0.005 0.012 0.007 0.006 0.024
0.024 0.041 0.02 0.036 0.007 0.005 0.84 0.012 0.01 0.006
0.028 0.755 0.008 0.165 0.005 0.012 0.007 0.006 0.007 0.007
0.043 0.319 0.036 0.463 0.007 0.021 0.01 0.044 0.013 0.043
0.01 0.923 0.006 0.011 0.009 0.005 0.012 0.005 0.012 0.007
0.01 0.919 0.006 0.012 0.009 0.005 0.012 0.006 0.014 0.007
0.107 0.178 0.013 0.557 0.006 0.007 0.057 0.015 0.038 0.022
0.024 0.304 0.015 0.066 0.004 0.009 0.338 0.186 0.014 0.04
0.006 0.223 0.022 0.669 0.006 0.014 0.011 0.009 0.018 0.022
0.009 0.925 0.006 0.016 0.012 0.005 0.007 0.008 0.005 0.008
0.033 0.062 0.073 0.128 0.016 0.019 0.124 0.462 0.015 0.07
0.686 0.073 0.013 0.11 0.005 0.009 0.007 0.047 0.044 0.006
0.018 0.6 0.014 0.316 0.016 0.008 0.009 0.005 0.008 0.006
0.007 0.621 0.013 0.23 0.045 0.006 0.038 0.008 0.025 0.006
0.007 0.01 0.008 0.007 0.004 0.005 0.94 0.004 0.008 0.007
0.005 0.009 0.006 0.012 0.004 0.003 0.944 0.004 0.005 0.008
0.004 0.004 0.004 0.004 0.003 0.004 0.967 0.003 0.003 0.003
0.004 0.004 0.006 0.005 0.004 0.004 0.962 0.004 0.004 0.004
0.033 0.167 0.005 0.73 0.005 0.003 0.027 0.015 0.004 0.011
0.038 0.316 0.009 0.552 0.007 0.011 0.011 0.032 0.015 0.01
0.008 0.223 0.077 0.224 0.006 0.006 0.34 0.027 0.026 0.064
0.015 0.329 0.081 0.024 0.206 0.022 0.008 0.023 0.189 0.104
0.007 0.005 0.235 0.009 0.027 0.008 0.005 0.028 0.666 0.01
0.03 0.02 0.021 0.027 0.024 0.028 0.009 0.04 0.781 0.021
0.137 0.014 0.015 0.044 0.021 0.007 0.006 0.022 0.722 0.013
0.034 0.025 0.039 0.807 0.011 0.004 0.015 0.021 0.017 0.027
0.009 0.046 0.108 0.215 0.011 0.053 0.104 0.019 0.02 0.414
0.184 0.027 0.217 0.133 0.007 0.013 0.044 0.019 0.239 0.117
0.009 0.042 0.187 0.434 0.011 0.029 0.121 0.015 0.103 0.049
0.006 0.038 0.052 0.179 0.015 0.008 0.014 0.012 0.644 0.032
0.005 0.003 0.008 0.004 0.004 0.004 0.004 0.003 0.961 0.004
0.004 0.006 0.264 0.008 0.11 0.006 0.008 0.015 0.568 0.011
0.023 0.007 0.179 0.044 0.048 0.033 0.009 0.009 0.558 0.089
0.011 0.006 0.05 0.009 0.016 0.006 0.049 0.005 0.837 0.01
0.012 0.008 0.073 0.619 0.013 0.051 0.013 0.118 0.047 0.047
0.018 0.011 0.108 0.456 0.016 0.116 0.006 0.142 0.095 0.031
0.004 0.005 0.006 0.008 0.005 0.006 0.004 0.005 0.951 0.005
0.423 0.023 0.043 0.301 0.036 0.016 0.006 0.011 0.117 0.024
0.007 0.025 0.037 0.179 0.035 0.027 0.596 0.027 0.047 0.02
0.02 0.006 0.033 0.014 0.006 0.007 0.008 0.006 0.877 0.024
0.015 0.007 0.008 0.056 0.007 0.005 0.007 0.005 0.884 0.005
0.039 0.07 0.02 0.072 0.395 0.008 0.016 0.014 0.355 0.01
0.005 0.006 0.013 0.008 0.009 0.007 0.011 0.004 0.931 0.007
0.031 0.012 0.069 0.01 0.007 0.007 0.014 0.01 0.754 0.086
0.012 0.005 0.032 0.018 0.008 0.014 0.011 0.008 0.868 0.024
0.01 0.009 0.029 0.777 0.054 0.011 0.006 0.014 0.084 0.006
0.016 0.008 0.028 0.788 0.058 0.016 0.035 0.018 0.017 0.015
0.005 0.008 0.011 0.925 0.008 0.007 0.008 0.011 0.005 0.012
0.006 0.008 0.008 0.925 0.006 0.005 0.008 0.009 0.018 0.006
0.009 0.006 0.013 0.029 0.041 0.01 0.869 0.007 0.009 0.007
0.008 0.008 0.038 0.854 0.02 0.012 0.033 0.007 0.011 0.009
0.005 0.005 0.006 0.774 0.006 0.042 0.017 0.13 0.006 0.009
0.007 0.006 0.147 0.676 0.008 0.008 0.006 0.116 0.013 0.013
0.012 0.009 0.049 0.066 0.006 0.009 0.031 0.009 0.793 0.017
0.014 0.031 0.069 0.775 0.011 0.009 0.022 0.007 0.053 0.007
0.005 0.031 0.064 0.761 0.016 0.017 0.008 0.029 0.044 0.025
0.118 0.013 0.233 0.045 0.022 0.162 0.021 0.312 0.031 0.043
0.031 0.012 0.028 0.017 0.006 0.008 0.008 0.016 0.862 0.011
0.023 0.006 0.107 0.54 0.04 0.007 0.05 0.042 0.148 0.036
0.006 0.009 0.054 0.726 0.015 0.051 0.029 0.011 0.044 0.055
0.008 0.007 0.011 0.123 0.016 0.042 0.726 0.009 0.039 0.019
0.028 0.013 0.048 0.281 0.014 0.008 0.012 0.021 0.566 0.009
0.019 0.023 0.102 0.73 0.009 0.013 0.011 0.023 0.031 0.038
0.011 0.024 0.04 0.477 0.293 0.007 0.018 0.006 0.098 0.025
0.044 0.015 0.018 0.503 0.013 0.032 0.285 0.022 0.016 0.053
0.027 0.136 0.031 0.412 0.254 0.044 0.014 0.05 0.018 0.015
0.007 0.036 0.022 0.585 0.01 0.035 0.048 0.007 0.229 0.02
0.015 0.009 0.034 0.013 0.006 0.014 0.009 0.007 0.887 0.006
0.015 0.022 0.014 0.222 0.006 0.015 0.011 0.007 0.672 0.016
0.027 0.057 0.105 0.266 0.404 0.012 0.021 0.053 0.046 0.011
0.011 0.01 0.087 0.091 0.476 0.089 0.061 0.11 0.046 0.019
0.066 0.095 0.038 0.035 0.323 0.152 0.008 0.246 0.011 0.024
0.046 0.011 0.35 0.021 0.071 0.034 0.011 0.172 0.15 0.135
0.006 0.023 0.023 0.011 0.007 0.008 0.007 0.005 0.009 0.901
0.007 0.013 0.106 0.013 0.092 0.008 0.007 0.016 0.182 0.555
0.014 0.029 0.222 0.03 0.339 0.026 0.074 0.035 0.015 0.216
0.015 0.033 0.055 0.338 0.157 0.029 0.011 0.017 0.017 0.329
0.017 0.007 0.099 0.014 0.036 0.011 0.033 0.013 0.157 0.613
0.019 0.017 0.059 0.784 0.028 0.009 0.013 0.008 0.014 0.05
0.008 0.014 0.066 0.009 0.061 0.014 0.004 0.01 0.657 0.156
0.004 0.029 0.111 0.038 0.66 0.01 0.013 0.005 0.075 0.056
0.006 0.004 0.027 0.004 0.019 0.006 0.003 0.004 0.008 0.918
0.007 0.009 0.089 0.117 0.708 0.01 0.011 0.016 0.008 0.025
0.024 0.013 0.104 0.052 0.198 0.047 0.013 0.008 0.017 0.525
0.006 0.006 0.071 0.01 0.046 0.008 0.004 0.005 0.007 0.837
0.008 0.015 0.057 0.02 0.008 0.026 0.009 0.034 0.013 0.811
0.005 0.008 0.104 0.016 0.025 0.009 0.008 0.009 0.007 0.808
0.007 0.018 0.063 0.015 0.005 0.016 0.006 0.006 0.009 0.856
0.015 0.01 0.1 0.012 0.009 0.019 0.009 0.01 0.132 0.684
0.009 0.017 0.113 0.05 0.313 0.018 0.006 0.008 0.067 0.4
0.006 0.006 0.172 0.012 0.54 0.01 0.007 0.011 0.016 0.219
0.015 0.007 0.211 0.013 0.031 0.005 0.018 0.028 0.164 0.509
0.025 0.015 0.097 0.021 0.095 0.012 0.302 0.02 0.068 0.343
0.008 0.015 0.013 0.013 0.891 0.004 0.024 0.007 0.02 0.004
0.01 0.008 0.075 0.065 0.608 0.06 0.008 0.077 0.046 0.042
0.031 0.02 0.058 0.015 0.569 0.014 0.018 0.008 0.213 0.055
0.029 0.027 0.126 0.072 0.333 0.02 0.042 0.072 0.113 0.166
0.006 0.005 0.043 0.012 0.689 0.008 0.008 0.01 0.008 0.211
0.016 0.01 0.155 0.139 0.245 0.011 0.024 0.03 0.159 0.211
0.004 0.004 0.011 0.005 0.948 0.007 0.004 0.004 0.005 0.007
0.008 0.007 0.013 0.015 0.884 0.007 0.005 0.004 0.011 0.044
0.005 0.025 0.016 0.009 0.484 0.198 0.011 0.01 0.013 0.228
0.006 0.01 0.016 0.008 0.89 0.016 0.006 0.005 0.021 0.022
0.038 0.01 0.033 0.027 0.714 0.025 0.008 0.01 0.117 0.019
0.01 0.004 0.044 0.004 0.905 0.008 0.004 0.006 0.005 0.009
0.003 0.004 0.016 0.006 0.952 0.005 0.004 0.003 0.004 0.004
0.02 0.029 0.035 0.059 0.657 0.059 0.055 0.027 0.026 0.034
0.005 0.012 0.056 0.01 0.864 0.007 0.01 0.005 0.007 0.024
0.006 0.012 0.008 0.036 0.611 0.278 0.008 0.007 0.023 0.01
0.004 0.005 0.004 0.004 0.958 0.008 0.003 0.004 0.004 0.005
0.135 0.02 0.208 0.095 0.067 0.008 0.212 0.012 0.041 0.202
0.004 0.006 0.007 0.005 0.949 0.004 0.003 0.004 0.012 0.007
0.004 0.005 0.053 0.01 0.896 0.008 0.004 0.004 0.005 0.012
0.008 0.006 0.045 0.007 0.876 0.02 0.004 0.014 0.013 0.006
0.005 0.008 0.009 0.007 0.938 0.006 0.005 0.005 0.008 0.009
0.004 0.004 0.025 0.004 0.942 0.004 0.003 0.004 0.006 0.004
0.033 0.009 0.224 0.027 0.106 0.005 0.007 0.023 0.326 0.238
0.007 0.11 0.031 0.658 0.045 0.008 0.01 0.045 0.069 0.017
0.158 0.057 0.008 0.707 0.004 0.006 0.008 0.013 0.031 0.009
0.009 0.03 0.006 0.924 0.005 0.004 0.005 0.006 0.007 0.004
0.031 0.038 0.051 0.273 0.028 0.036 0.009 0.027 0.39 0.117
0.506 0.018 0.095 0.219 0.006 0.017 0.024 0.008 0.097 0.01
0.021 0.06 0.009 0.81 0.004 0.005 0.004 0.04 0.038 0.009
0.049 0.323 0.014 0.556 0.004 0.004 0.01 0.023 0.01 0.007
0.135 0.065 0.023 0.604 0.01 0.009 0.01 0.011 0.109 0.024
0.01 0.265 0.016 0.601 0.016 0.045 0.006 0.011 0.015 0.015
0.082 0.365 0.008 0.459 0.006 0.02 0.006 0.009 0.038 0.006
0.035 0.133 0.015 0.718 0.007 0.019 0.006 0.03 0.009 0.029
0.009 0.4 0.009 0.548 0.003 0.006 0.005 0.01 0.006 0.004
0.017 0.133 0.506 0.134 0.01 0.006 0.084 0.007 0.02 0.084
0.01 0.564 0.027 0.242 0.014 0.004 0.023 0.009 0.094 0.012
0.116 0.031 0.063 0.153 0.008 0.065 0.008 0.498 0.01 0.048
0.031 0.233 0.042 0.018 0.008 0.006 0.006 0.133 0.006 0.517
0.014 0.006 0.205 0.02 0.01 0.021 0.006 0.599 0.015 0.106
0.324 0.274 0.056 0.125 0.005 0.009 0.005 0.09 0.007 0.106
0.186 0.064 0.026 0.135 0.004 0.01 0.006 0.537 0.008 0.024
0.013 0.043 0.026 0.017 0.019 0.016 0.346 0.487 0.024 0.008
0.022 0.006 0.545 0.014 0.006 0.006 0.008 0.368 0.007 0.02
0.147 0.008 0.538 0.011 0.006 0.005 0.009 0.235 0.025 0.016
0.006 0.01 0.423 0.007 0.004 0.007 0.249 0.279 0.011 0.004
0.013 0.006 0.019 0.01 0.004 0.012 0.008 0.912 0.009 0.005
0.008 0.008 0.358 0.011 0.006 0.009 0.017 0.568 0.007 0.01
0.079 0.007 0.012 0.009 0.003 0.012 0.004 0.856 0.008 0.01
0.005 0.006 0.526 0.007 0.006 0.004 0.006 0.408 0.026 0.007
0.005 0.006 0.012 0.007 0.005 0.022 0.006 0.925 0.006 0.006
0.016 0.017 0.01 0.011 0.003 0.006 0.009 0.912 0.01 0.006
0.038 0.035 0.389 0.079 0.005 0.02 0.005 0.335 0.081 0.013
0.02 0.005 0.537 0.005 0.006 0.004 0.006 0.382 0.025 0.011
0.009 0.011 0.462 0.009 0.01 0.012 0.006 0.452 0.022 0.008
0.047 0.021 0.013 0.013 0.005 0.012 0.004 0.861 0.007 0.017
0.209 0.011 0.028 0.032 0.006 0.008 0.008 0.642 0.028 0.028
0.016 0.013 0.054 0.033 0.006 0.009 0.004 0.799 0.06 0.007
0.205 0.018 0.131 0.008 0.004 0.024 0.008 0.571 0.021 0.009
0.014 0.008 0.313 0.007 0.007 0.065 0.023 0.552 0.007 0.004
0.014 0.017 0.014 0.014 0.005 0.011 0.017 0.898 0.004 0.007
0.803 0.035 0.027 0.02 0.005 0.005 0.008 0.07 0.01 0.017
0.801 0.014 0.016 0.09 0.01 0.013 0.007 0.01 0.006 0.032
0.027 0.225 0.286 0.008 0.161 0.015 0.068 0.186 0.013 0.011
0.213 0.55 0.012 0.006 0.183 0.007 0.009 0.009 0.005 0.006
0.193 0.302 0.021 0.136 0.007 0.012 0.24 0.056 0.018 0.016
0.91 0.017 0.008 0.021 0.016 0.004 0.006 0.005 0.008 0.006
0.556 0.333 0.011 0.006 0.049 0.01 0.012 0.006 0.009 0.008
0.471 0.01 0.013 0.006 0.008 0.006 0.435 0.009 0.034 0.007
0.952 0.005 0.005 0.005 0.005 0.004 0.005 0.005 0.009 0.005
0.253 0.566 0.014 0.014 0.103 0.008 0.014 0.013 0.008 0.006
0.811 0.078 0.01 0.02 0.004 0.007 0.006 0.017 0.011 0.036
0.288 0.477 0.024 0.018 0.029 0.01 0.051 0.07 0.021 0.011
0.595 0.017 0.154 0.007 0.009 0.006 0.01 0.185 0.011 0.006
0.896 0.015 0.02 0.016 0.004 0.004 0.008 0.023 0.01 0.006
0.852 0.012 0.047 0.046 0.004 0.005 0.009 0.011 0.009 0.005
0.946 0.011 0.004 0.006 0.004 0.003 0.004 0.005 0.008 0.009
0.96 0.006 0.004 0.004 0.004 0.003 0.003 0.005 0.007 0.004
0.94 0.007 0.006 0.005 0.008 0.007 0.005 0.007 0.008 0.007
0.925 0.006 0.016 0.008 0.004 0.006 0.008 0.008 0.007 0.012
0.899 0.007 0.014 0.01 0.01 0.005 0.016 0.009 0.02 0.011
0.935 0.009 0.011 0.008 0.005 0.004 0.007 0.007 0.008 0.007
0.937 0.009 0.006 0.01 0.007 0.004 0.004 0.008 0.01 0.004
0.291 0.034 0.279 0.064 0.02 0.024 0.019 0.213 0.018 0.036
0.507 0.033 0.123 0.008 0.003 0.013 0.009 0.289 0.006 0.008
0.035 0.026 0.141 0.034 0.008 0.003 0.004 0.732 0.009 0.007
0.034 0.016 0.074 0.016 0.007 0.003 0.178 0.657 0.006 0.01
0.229 0.273 0.01 0.014 0.025 0.005 0.215 0.219 0.007 0.005
0.295 0.014 0.068 0.033 0.007 0.005 0.34 0.193 0.016 0.028
0.767 0.028 0.017 0.083 0.005 0.005 0.022 0.043 0.02 0.01
0.885 0.007 0.01 0.011 0.01 0.01 0.011 0.031 0.011 0.013
0.771 0.014 0.037 0.01 0.013 0.007 0.018 0.02 0.074 0.038
0.798 0.013 0.025 0.046 0.005 0.005 0.017 0.04 0.036 0.015
0.393 0.563 0.006 0.005 0.006 0.004 0.005 0.008 0.004 0.006
0.392 0.563 0.007 0.005 0.006 0.004 0.005 0.008 0.004 0.006
0.393 0.563 0.007 0.005 0.006 0.004 0.005 0.008 0.004 0.006
0.348 0.482 0.014 0.056 0.03 0.005 0.007 0.038 0.011 0.01
0.632 0.303 0.008 0.006 0.01 0.006 0.005 0.017 0.008 0.005
0.035 0.224 0.025 0.007 0.01 0.006 0.645 0.027 0.01 0.012
0.757 0.019 0.073 0.011 0.009 0.005 0.01 0.098 0.012 0.006
0.028 0.01 0.027 0.088 0.033 0.043 0.37 0.335 0.009 0.057
0.638 0.015 0.184 0.018 0.01 0.01 0.013 0.067 0.023 0.022
0.714 0.047 0.032 0.083 0.018 0.005 0.024 0.046 0.016 0.014
0.309 0.531 0.021 0.018 0.05 0.013 0.01 0.029 0.008 0.011
0.081 0.042 0.371 0.134 0.044 0.041 0.036 0.217 0.008 0.027
0.396 0.547 0.008 0.01 0.007 0.004 0.005 0.013 0.005 0.006
0.021 0.014 0.076 0.018 0.007 0.013 0.009 0.812 0.01 0.02
0.397 0.546 0.007 0.01 0.007 0.004 0.005 0.013 0.004 0.006
0.136 0.097 0.048 0.028 0.007 0.007 0.014 0.022 0.528 0.112
0.055 0.678 0.01 0.018 0.117 0.017 0.007 0.013 0.054 0.033
0.141 0.019 0.314 0.169 0.031 0.006 0.021 0.064 0.204 0.03
0.054 0.12 0.076 0.012 0.138 0.028 0.013 0.012 0.536 0.012
0.058 0.099 0.033 0.211 0.017 0.026 0.015 0.016 0.515 0.01
0.035 0.01 0.022 0.017 0.005 0.034 0.004 0.015 0.851 0.006
0.09 0.044 0.052 0.185 0.024 0.114 0.014 0.02 0.346 0.111
0.033 0.07 0.044 0.083 0.008 0.049 0.015 0.051 0.59 0.057
0.02 0.26 0.115 0.071 0.16 0.011 0.017 0.016 0.315 0.015
0.014 0.048 0.06 0.012 0.011 0.013 0.011 0.026 0.795 0.01
0.134 0.134 0.178 0.015 0.218 0.008 0.025 0.035 0.244 0.01
0.012 0.01 0.576 0.117 0.014 0.025 0.037 0.01 0.167 0.031
0.006 0.006 0.414 0.052 0.016 0.01 0.015 0.006 0.404 0.071
0.004 0.007 0.104 0.039 0.042 0.006 0.01 0.007 0.02 0.76
0.036 0.014 0.093 0.013 0.01 0.008 0.018 0.011 0.141 0.656
0.006 0.011 0.077 0.01 0.005 0.01 0.222 0.006 0.015 0.638
0.401 0.049 0.021 0.034 0.013 0.015 0.059 0.01 0.363 0.034
0.004 0.006 0.095 0.006 0.009 0.01 0.007 0.004 0.007 0.852
0.008 0.011 0.08 0.023 0.645 0.008 0.008 0.005 0.013 0.199
0.009 0.04 0.064 0.008 0.245 0.012 0.24 0.006 0.11 0.267
0.004 0.008 0.111 0.011 0.03 0.007 0.012 0.006 0.015 0.796
0.009 0.012 0.106 0.026 0.006 0.014 0.039 0.007 0.116 0.665
0.006 0.035 0.06 0.01 0.211 0.005 0.086 0.009 0.222 0.357
0.005 0.006 0.031 0.006 0.705 0.01 0.172 0.005 0.027 0.034
0.007 0.361 0.036 0.513 0.005 0.007 0.013 0.02 0.02 0.018
