0.921 0.013 0.012 0.01 0.024 0.019
0.922 0.027 0.019 0.012 0.007 0.013
0.803 0.016 0.013 0.069 0.009 0.09
0.789 0.139 0.022 0.033 0.009 0.009
0.88 0.015 0.016 0.025 0.015 0.049
0.869 0.012 0.022 0.053 0.017 0.027
0.235 0.36 0.107 0.041 0.015 0.243
0.716 0.019 0.09 0.01 0.006 0.159
0.444 0.02 0.364 0.156 0.007 0.01
0.653 0.01 0.203 0.114 0.008 0.012
0.905 0.01 0.027 0.029 0.018 0.01
0.924 0.017 0.008 0.012 0.019 0.02
0.93 0.008 0.019 0.027 0.009 0.008
0.296 0.021 0.196 0.015 0.014 0.458
0.68 0.043 0.168 0.017 0.022 0.071
0.94 0.013 0.014 0.01 0.014 0.008
0.448 0.014 0.457 0.023 0.031 0.026
0.826 0.016 0.098 0.034 0.018 0.008
0.713 0.229 0.011 0.023 0.016 0.008
0.082 0.026 0.045 0.069 0.017 0.761
0.583 0.288 0.084 0.027 0.008 0.01
0.925 0.012 0.01 0.022 0.02 0.012
0.779 0.027 0.033 0.03 0.113 0.018
0.951 0.007 0.013 0.009 0.009 0.011
0.019 0.048 0.035 0.055 0.666 0.176
0.007 0.021 0.012 0.008 0.834 0.118
0.014 0.41 0.01 0.052 0.485 0.029
0.051 0.039 0.107 0.153 0.401 0.249
0.115 0.021 0.023 0.022 0.809 0.011
0.008 0.012 0.011 0.011 0.811 0.147
0.009 0.005 0.004 0.006 0.968 0.008
0.015 0.015 0.01 0.016 0.888 0.057
0.023 0.028 0.075 0.162 0.494 0.218
0.013 0.011 0.013 0.013 0.941 0.01
0.037 0.051 0.076 0.18 0.608 0.048
0.034 0.02 0.011 0.048 0.043 0.844
0.007 0.006 0.004 0.008 0.965 0.01
0.013 0.025 0.008 0.142 0.804 0.008
0.084 0.049 0.078 0.015 0.744 0.029
0.012 0.007 0.008 0.01 0.954 0.011
0.298 0.262 0.05 0.034 0.33 0.026
0.218 0.01 0.007 0.148 0.563 0.054
0.017 0.278 0.013 0.02 0.583 0.089
0.019 0.01 0.054 0.028 0.879 0.009
0.04 0.012 0.044 0.062 0.784 0.059
0.019 0.01 0.054 0.028 0.879 0.009
0.007 0.006 0.005 0.008 0.965 0.01
0.007 0.006 0.005 0.008 0.965 0.01
0.01 0.322 0.039 0.612 0.011 0.006
0.164 0.024 0.513 0.287 0.007 0.006
0.011 0.224 0.05 0.333 0.356 0.026
0.031 0.554 0.191 0.208 0.006 0.009
0.008 0.937 0.018 0.023 0.007 0.008
0.01 0.491 0.203 0.275 0.013 0.008
0.147 0.168 0.167 0.426 0.074 0.017
0.015 0.505 0.232 0.179 0.009 0.06
0.015 0.507 0.227 0.187 0.008 0.056
0.032 0.313 0.108 0.527 0.01 0.01
0.068 0.606 0.14 0.155 0.025 0.006
0.053 0.306 0.013 0.598 0.021 0.009
0.011 0.462 0.306 0.101 0.009 0.111
0.179 0.2 0.179 0.254 0.168 0.02
0.01 0.017 0.859 0.092 0.012 0.009
0.01 0.47 0.082 0.382 0.009 0.047
0.009 0.441 0.024 0.314 0.008 0.204
0.011 0.949 0.011 0.013 0.009 0.007
0.012 0.935 0.009 0.03 0.007 0.007
0.006 0.966 0.007 0.008 0.007 0.005
0.006 0.965 0.008 0.008 0.007 0.006
0.03 0.491 0.186 0.277 0.008 0.009
0.021 0.283 0.189 0.469 0.024 0.015
0.071 0.616 0.012 0.282 0.009 0.008
0.135 0.031 0.098 0.087 0.027 0.622
0.109 0.011 0.019 0.175 0.025 0.661
0.047 0.014 0.231 0.553 0.037 0.118
0.033 0.014 0.282 0.615 0.013 0.043
0.115 0.239 0.339 0.277 0.007 0.023
0.49 0.251 0.017 0.139 0.084 0.019
0.168 0.176 0.107 0.51 0.017 0.022
0.054 0.198 0.016 0.696 0.019 0.017
0.2 0.03 0.013 0.718 0.014 0.026
0.111 0.012 0.012 0.797 0.013 0.056
0.092 0.014 0.011 0.102 0.007 0.774
0.253 0.036 0.03 0.166 0.046 0.469
0.449 0.05 0.017 0.405 0.018 0.06
0.124 0.055 0.021 0.579 0.204 0.017
0.091 0.022 0.029 0.457 0.366 0.035
0.042 0.009 0.007 0.904 0.009 0.028
0.072 0.017 0.483 0.309 0.026 0.093
0.028 0.551 0.013 0.283 0.071 0.055
0.456 0.011 0.027 0.46 0.014 0.032
0.016 0.013 0.017 0.92 0.008 0.026
0.024 0.028 0.072 0.309 0.013 0.555
0.116 0.018 0.009 0.822 0.008 0.026
0.67 0.018 0.024 0.266 0.01 0.013
0.512 0.028 0.02 0.403 0.019 0.018
0.013 0.044 0.025 0.757 0.016 0.146
0.051 0.229 0.115 0.399 0.025 0.181
0.123 0.404 0.045 0.389 0.023 0.016
0.011 0.065 0.011 0.894 0.009 0.011
0.013 0.866 0.016 0.017 0.015 0.073
0.022 0.138 0.013 0.757 0.021 0.05
0.047 0.302 0.068 0.4 0.17 0.013
0.107 0.374 0.092 0.367 0.039 0.022
0.173 0.06 0.012 0.727 0.015 0.012
0.01 0.073 0.016 0.878 0.01 0.013
0.043 0.046 0.009 0.828 0.051 0.023
0.088 0.033 0.396 0.036 0.366 0.081
0.037 0.027 0.076 0.834 0.015 0.011
0.128 0.272 0.107 0.325 0.012 0.156
0.146 0.184 0.016 0.581 0.049 0.024
0.036 0.788 0.009 0.067 0.057 0.043
0.012 0.023 0.023 0.917 0.01 0.015
0.152 0.169 0.051 0.583 0.032 0.013
0.063 0.049 0.036 0.361 0.011 0.479
0.13 0.553 0.078 0.141 0.071 0.027
0.027 0.143 0.077 0.28 0.105 0.368
0.02 0.052 0.008 0.886 0.02 0.014
0.014 0.07 0.024 0.851 0.027 0.014
0.022 0.024 0.014 0.916 0.015 0.009
0.047 0.034 0.067 0.253 0.038 0.562
0.076 0.061 0.019 0.083 0.223 0.538
0.063 0.028 0.153 0.028 0.37 0.358
0.232 0.03 0.164 0.05 0.049 0.475
0.932 0.019 0.013 0.015 0.01 0.011
0.769 0.017 0.011 0.09 0.012 0.102
0.26 0.053 0.035 0.038 0.019 0.595
0.547 0.03 0.028 0.144 0.049 0.202
0.782 0.029 0.019 0.095 0.02 0.055
0.304 0.171 0.069 0.355 0.017 0.084
0.692 0.009 0.012 0.227 0.012 0.048
0.076 0.027 0.006 0.056 0.012 0.823
0.943 0.006 0.007 0.008 0.007 0.029
0.049 0.018 0.012 0.044 0.025 0.851
0.54 0.029 0.029 0.04 0.05 0.312
0.845 0.009 0.009 0.011 0.01 0.115
0.872 0.015 0.013 0.026 0.061 0.011
0.894 0.014 0.01 0.016 0.013 0.053
0.925 0.015 0.011 0.022 0.018 0.009
0.846 0.02 0.017 0.081 0.018 0.018
0.482 0.016 0.013 0.075 0.02 0.394
0.193 0.011 0.01 0.018 0.013 0.754
0.644 0.025 0.055 0.057 0.007 0.211
0.378 0.317 0.038 0.08 0.019 0.167
0.008 0.027 0.012 0.03 0.006 0.916
0.072 0.032 0.02 0.097 0.124 0.656
0.115 0.029 0.035 0.17 0.014 0.637
0.24 0.085 0.055 0.143 0.039 0.438
0.265 0.014 0.011 0.012 0.012 0.686
0.334 0.035 0.028 0.312 0.02 0.27
0.01 0.007 0.006 0.007 0.008 0.961
0.072 0.012 0.012 0.013 0.009 0.881
0.22 0.014 0.008 0.015 0.157 0.586
0.017 0.009 0.007 0.01 0.011 0.946
0.035 0.019 0.043 0.142 0.023 0.739
0.02 0.01 0.016 0.007 0.011 0.936
0.006 0.006 0.005 0.007 0.006 0.97
0.052 0.062 0.031 0.045 0.101 0.71
0.024 0.012 0.008 0.012 0.008 0.936
0.017 0.021 0.008 0.059 0.238 0.658
0.007 0.006 0.006 0.006 0.01 0.965
0.271 0.417 0.053 0.163 0.013 0.083
0.009 0.006 0.006 0.009 0.006 0.965
0.017 0.007 0.006 0.009 0.009 0.951
0.011 0.009 0.01 0.011 0.021 0.938
0.012 0.008 0.007 0.009 0.008 0.957
0.007 0.005 0.006 0.007 0.006 0.97
0.657 0.034 0.042 0.123 0.009 0.135
0.041 0.089 0.019 0.775 0.013 0.063
0.012 0.051 0.194 0.728 0.009 0.007
0.007 0.058 0.016 0.904 0.007 0.008
0.5 0.028 0.04 0.272 0.103 0.057
0.021 0.185 0.272 0.493 0.019 0.01
0.017 0.052 0.029 0.884 0.011 0.006
0.014 0.296 0.189 0.488 0.007 0.006
0.027 0.041 0.086 0.821 0.01 0.015
0.026 0.256 0.016 0.594 0.072 0.036
0.009 0.227 0.092 0.642 0.02 0.011
0.109 0.155 0.146 0.517 0.058 0.014
0.007 0.367 0.023 0.587 0.011 0.006
0.206 0.586 0.014 0.176 0.007 0.011
0.023 0.4 0.058 0.461 0.007 0.051
0.051 0.129 0.486 0.027 0.297 0.009
0.581 0.101 0.252 0.037 0.013 0.016
0.478 0.02 0.157 0.034 0.289 0.022
0.072 0.111 0.727 0.073 0.011 0.007
0.031 0.105 0.727 0.061 0.07 0.006
0.017 0.615 0.084 0.045 0.195 0.045
0.063 0.538 0.346 0.022 0.022 0.01
0.031 0.174 0.72 0.055 0.009 0.012
0.019 0.784 0.133 0.039 0.015 0.011
0.022 0.037 0.425 0.021 0.487 0.007
0.066 0.5 0.286 0.019 0.12 0.009
0.014 0.015 0.701 0.011 0.252 0.006
0.029 0.542 0.169 0.227 0.017 0.016
0.037 0.055 0.23 0.02 0.643 0.015
0.019 0.037 0.561 0.027 0.35 0.006
0.02 0.083 0.416 0.456 0.016 0.009
0.076 0.313 0.4 0.176 0.012 0.023
0.038 0.403 0.434 0.04 0.045 0.039
0.036 0.015 0.729 0.019 0.194 0.008
0.048 0.03 0.745 0.15 0.017 0.01
0.016 0.065 0.236 0.41 0.26 0.012
0.011 0.039 0.775 0.049 0.119 0.007
0.01 0.368 0.203 0.085 0.322 0.013
0.014 0.164 0.432 0.017 0.367 0.007
0.023 0.015 0.923 0.02 0.01 0.009
0.046 0.03 0.852 0.04 0.015 0.018
0.032 0.544 0.218 0.018 0.016 0.171
0.008 0.128 0.473 0.009 0.01 0.371
0.018 0.58 0.247 0.133 0.013 0.009
0.01 0.024 0.915 0.022 0.006 0.023
0.011 0.088 0.785 0.012 0.014 0.089
0.018 0.531 0.384 0.036 0.013 0.018
0.009 0.008 0.948 0.015 0.009 0.011
0.008 0.162 0.596 0.013 0.01 0.212
0.046 0.015 0.9 0.02 0.011 0.007
0.01 0.126 0.789 0.015 0.012 0.049
0.009 0.016 0.936 0.013 0.008 0.018
0.012 0.083 0.855 0.034 0.01 0.006
0.008 0.111 0.792 0.075 0.008 0.006
0.014 0.008 0.954 0.012 0.005 0.006
0.007 0.006 0.962 0.012 0.006 0.007
0.013 0.012 0.94 0.013 0.009 0.012
0.019 0.019 0.933 0.013 0.009 0.007
0.024 0.023 0.897 0.03 0.009 0.017
0.011 0.015 0.941 0.017 0.006 0.01
0.008 0.01 0.928 0.031 0.007 0.016
0.071 0.066 0.718 0.062 0.027 0.056
0.019 0.014 0.895 0.012 0.052 0.007
0.019 0.015 0.908 0.02 0.006 0.033
0.017 0.24 0.71 0.012 0.005 0.016
0.008 0.323 0.618 0.014 0.009 0.028
0.038 0.515 0.391 0.037 0.008 0.011
0.011 0.03 0.885 0.059 0.007 0.008
0.019 0.021 0.918 0.019 0.013 0.01
0.068 0.027 0.823 0.047 0.01 0.024
0.024 0.048 0.85 0.065 0.007 0.006
0.009 0.02 0.942 0.008 0.006 0.014
0.009 0.02 0.942 0.008 0.006 0.014
0.009 0.02 0.942 0.008 0.006 0.014
0.009 0.045 0.874 0.027 0.006 0.039
0.007 0.011 0.947 0.009 0.008 0.018
0.019 0.876 0.068 0.016 0.009 0.013
0.008 0.012 0.953 0.009 0.007 0.01
0.129 0.322 0.116 0.049 0.324 0.06
0.029 0.041 0.868 0.03 0.015 0.016
0.017 0.045 0.882 0.03 0.007 0.018
0.014 0.033 0.816 0.014 0.016 0.107
0.068 0.442 0.369 0.026 0.045 0.05
0.008 0.013 0.945 0.01 0.006 0.018
0.105 0.073 0.481 0.051 0.278 0.011
0.008 0.013 0.944 0.01 0.006 0.018
0.38 0.061 0.17 0.369 0.01 0.01
0.025 0.155 0.235 0.135 0.021 0.43
0.067 0.182 0.311 0.366 0.01 0.063
0.04 0.084 0.201 0.297 0.064 0.314
0.017 0.056 0.044 0.837 0.027 0.02
0.018 0.013 0.084 0.839 0.032 0.014
0.102 0.045 0.029 0.702 0.098 0.025
0.273 0.08 0.055 0.511 0.068 0.013
0.024 0.231 0.056 0.383 0.014 0.292
0.046 0.07 0.089 0.742 0.023 0.03
0.025 0.126 0.317 0.165 0.015 0.353
0.106 0.339 0.02 0.507 0.013 0.016
0.307 0.234 0.01 0.406 0.014 0.029
0.863 0.023 0.009 0.025 0.009 0.072
0.793 0.026 0.052 0.098 0.011 0.02
0.717 0.223 0.008 0.023 0.016 0.012
0.051 0.093 0.318 0.494 0.022 0.022
0.943 0.009 0.008 0.009 0.011 0.02
0.205 0.018 0.012 0.015 0.009 0.739
0.332 0.252 0.013 0.043 0.014 0.345
0.884 0.015 0.012 0.021 0.011 0.057
0.771 0.037 0.012 0.15 0.017 0.013
0.581 0.093 0.014 0.105 0.007 0.201
0.061 0.162 0.007 0.014 0.012 0.745
0.023 0.332 0.013 0.609 0.014 0.008
