0.013 0.017 0.84 0.019 0.093 0.019
0.03 0.042 0.675 0.075 0.012 0.166
0.015 0.086 0.835 0.03 0.017 0.017
0.477 0.06 0.125 0.295 0.025 0.016
0.036 0.026 0.767 0.03 0.072 0.069
0.25 0.158 0.443 0.079 0.046 0.025
0.021 0.041 0.459 0.427 0.018 0.034
0.285 0.024 0.543 0.03 0.009 0.109
0.834 0.081 0.023 0.021 0.009 0.031
0.852 0.034 0.059 0.021 0.009 0.025
0.429 0.031 0.404 0.014 0.104 0.018
0.018 0.02 0.831 0.032 0.085 0.013
0.732 0.026 0.149 0.059 0.022 0.012
0.087 0.019 0.554 0.018 0.02 0.302
0.152 0.026 0.444 0.054 0.03 0.294
0.096 0.027 0.518 0.238 0.093 0.029
0.774 0.018 0.094 0.034 0.054 0.025
0.463 0.133 0.151 0.103 0.057 0.093
0.058 0.562 0.058 0.24 0.045 0.037
0.154 0.119 0.614 0.059 0.029 0.024
0.085 0.441 0.016 0.192 0.014 0.252
0.112 0.086 0.581 0.033 0.163 0.026
0.15 0.087 0.285 0.034 0.346 0.097
0.28 0.027 0.603 0.03 0.032 0.028
0.016 0.049 0.093 0.026 0.643 0.174
0.008 0.008 0.047 0.009 0.812 0.117
0.015 0.072 0.024 0.37 0.504 0.015
0.318 0.039 0.244 0.013 0.32 0.065
0.02 0.033 0.069 0.062 0.794 0.022
0.009 0.017 0.119 0.011 0.782 0.062
0.006 0.01 0.016 0.008 0.953 0.006
0.014 0.027 0.052 0.041 0.855 0.01
0.015 0.163 0.091 0.016 0.411 0.304
0.015 0.016 0.013 0.014 0.925 0.017
0.039 0.307 0.065 0.037 0.508 0.044
0.023 0.096 0.767 0.034 0.066 0.014
0.007 0.01 0.012 0.01 0.955 0.006
0.011 0.206 0.012 0.036 0.723 0.011
0.026 0.018 0.067 0.151 0.699 0.04
0.013 0.015 0.02 0.01 0.932 0.009
0.01 0.224 0.054 0.325 0.341 0.047
0.012 0.228 0.247 0.035 0.47 0.009
0.014 0.035 0.044 0.359 0.534 0.015
0.199 0.017 0.012 0.012 0.743 0.017
0.328 0.013 0.024 0.01 0.618 0.007
0.2 0.017 0.013 0.011 0.742 0.017
0.007 0.01 0.012 0.01 0.955 0.006
0.007 0.01 0.012 0.01 0.955 0.006
0.099 0.661 0.009 0.155 0.016 0.059
0.034 0.462 0.015 0.054 0.009 0.426
0.047 0.22 0.03 0.141 0.425 0.136
0.014 0.109 0.023 0.034 0.009 0.812
0.034 0.04 0.01 0.86 0.01 0.045
0.018 0.141 0.012 0.023 0.023 0.784
0.034 0.213 0.039 0.042 0.145 0.528
0.029 0.058 0.036 0.035 0.015 0.828
0.029 0.069 0.034 0.035 0.015 0.818
0.399 0.195 0.034 0.321 0.014 0.037
0.016 0.149 0.021 0.313 0.029 0.471
0.027 0.673 0.033 0.207 0.03 0.03
0.013 0.021 0.024 0.02 0.01 0.912
0.092 0.156 0.082 0.095 0.339 0.235
0.858 0.037 0.008 0.013 0.018 0.066
0.024 0.341 0.022 0.057 0.018 0.538
0.019 0.328 0.054 0.09 0.016 0.493
0.015 0.019 0.013 0.926 0.01 0.016
0.01 0.071 0.012 0.879 0.01 0.019
0.009 0.009 0.007 0.958 0.009 0.009
0.011 0.01 0.008 0.954 0.008 0.009
0.014 0.137 0.019 0.527 0.01 0.293
0.043 0.367 0.032 0.071 0.046 0.441
0.086 0.436 0.031 0.411 0.014 0.023
0.024 0.056 0.614 0.022 0.033 0.251
0.042 0.114 0.766 0.017 0.035 0.026
0.534 0.122 0.205 0.03 0.059 0.05
0.87 0.049 0.025 0.02 0.017 0.019
0.059 0.171 0.046 0.513 0.01 0.2
0.021 0.151 0.135 0.46 0.195 0.038
0.043 0.677 0.067 0.127 0.021 0.064
0.014 0.812 0.026 0.116 0.015 0.017
0.031 0.788 0.069 0.075 0.018 0.018
0.392 0.481 0.074 0.029 0.018 0.006
0.018 0.055 0.867 0.027 0.01 0.023
0.044 0.101 0.747 0.05 0.045 0.012
0.032 0.711 0.076 0.152 0.018 0.012
0.033 0.465 0.04 0.098 0.345 0.019
0.053 0.312 0.048 0.024 0.537 0.026
0.147 0.766 0.035 0.029 0.015 0.009
0.323 0.437 0.102 0.035 0.029 0.075
0.013 0.391 0.048 0.448 0.071 0.028
0.422 0.34 0.158 0.041 0.03 0.009
0.227 0.704 0.023 0.025 0.011 0.01
0.11 0.391 0.385 0.025 0.015 0.074
0.051 0.81 0.049 0.067 0.012 0.01
0.355 0.482 0.067 0.07 0.014 0.012
0.156 0.622 0.073 0.112 0.027 0.01
0.029 0.787 0.054 0.092 0.021 0.017
0.034 0.186 0.11 0.604 0.045 0.022
0.009 0.131 0.017 0.808 0.016 0.019
0.015 0.878 0.015 0.063 0.011 0.018
0.014 0.016 0.025 0.917 0.015 0.013
0.015 0.731 0.045 0.167 0.026 0.017
0.014 0.133 0.016 0.638 0.181 0.017
0.028 0.162 0.025 0.727 0.039 0.019
0.017 0.784 0.044 0.125 0.019 0.013
0.019 0.892 0.015 0.046 0.012 0.015
0.015 0.793 0.048 0.027 0.097 0.019
0.063 0.046 0.125 0.052 0.456 0.259
0.855 0.068 0.018 0.025 0.021 0.014
0.02 0.091 0.152 0.674 0.015 0.048
0.023 0.327 0.063 0.522 0.049 0.016
0.015 0.037 0.027 0.864 0.046 0.012
0.333 0.575 0.02 0.041 0.015 0.017
0.021 0.669 0.031 0.199 0.03 0.049
0.026 0.295 0.504 0.132 0.015 0.028
0.056 0.083 0.055 0.72 0.057 0.028
0.053 0.292 0.188 0.059 0.104 0.304
0.016 0.885 0.02 0.042 0.028 0.009
0.339 0.483 0.023 0.073 0.068 0.014
0.243 0.642 0.014 0.057 0.025 0.019
0.034 0.454 0.308 0.08 0.05 0.074
0.04 0.088 0.539 0.1 0.221 0.012
0.021 0.039 0.196 0.026 0.392 0.327
0.049 0.05 0.692 0.04 0.062 0.107
0.028 0.043 0.667 0.146 0.036 0.081
0.016 0.279 0.613 0.049 0.019 0.023
0.018 0.031 0.82 0.042 0.025 0.064
0.042 0.103 0.65 0.057 0.101 0.046
0.264 0.046 0.618 0.041 0.019 0.011
0.036 0.278 0.161 0.468 0.017 0.04
0.019 0.49 0.383 0.056 0.027 0.025
0.011 0.051 0.886 0.016 0.015 0.021
0.011 0.012 0.946 0.01 0.012 0.01
0.012 0.049 0.885 0.022 0.016 0.016
0.022 0.041 0.827 0.037 0.037 0.037
0.013 0.015 0.933 0.014 0.014 0.012
0.039 0.165 0.341 0.036 0.368 0.051
0.018 0.03 0.874 0.037 0.012 0.028
0.023 0.203 0.594 0.055 0.079 0.046
0.38 0.125 0.385 0.026 0.068 0.016
0.019 0.106 0.811 0.014 0.029 0.021
0.011 0.016 0.93 0.013 0.017 0.013
0.267 0.032 0.62 0.054 0.009 0.019
0.254 0.045 0.339 0.321 0.021 0.021
0.023 0.048 0.83 0.047 0.011 0.042
0.048 0.072 0.724 0.042 0.095 0.019
0.205 0.054 0.691 0.019 0.017 0.014
0.172 0.151 0.419 0.143 0.057 0.058
0.012 0.015 0.927 0.02 0.017 0.01
0.092 0.364 0.434 0.066 0.024 0.02
0.009 0.011 0.945 0.012 0.013 0.011
0.009 0.011 0.946 0.011 0.014 0.009
0.01 0.013 0.84 0.013 0.11 0.014
0.012 0.013 0.936 0.011 0.011 0.017
0.235 0.045 0.654 0.03 0.022 0.014
0.01 0.012 0.923 0.012 0.012 0.032
0.008 0.012 0.947 0.011 0.011 0.009
0.047 0.063 0.535 0.137 0.164 0.053
0.009 0.015 0.932 0.014 0.01 0.019
0.012 0.073 0.625 0.032 0.24 0.018
0.009 0.009 0.943 0.009 0.018 0.012
0.032 0.335 0.241 0.313 0.017 0.062
0.011 0.011 0.946 0.009 0.009 0.014
0.009 0.014 0.946 0.01 0.013 0.008
0.013 0.017 0.903 0.014 0.036 0.017
0.01 0.011 0.944 0.011 0.01 0.014
0.009 0.01 0.954 0.008 0.009 0.01
0.048 0.208 0.623 0.075 0.011 0.035
0.022 0.813 0.069 0.038 0.027 0.031
0.267 0.55 0.01 0.041 0.012 0.121
0.016 0.922 0.011 0.02 0.01 0.021
0.027 0.548 0.217 0.073 0.071 0.065
0.03 0.721 0.01 0.131 0.014 0.093
0.123 0.8 0.01 0.022 0.021 0.024
0.086 0.519 0.011 0.085 0.01 0.288
0.364 0.528 0.031 0.027 0.014 0.035
0.029 0.736 0.041 0.028 0.079 0.088
0.279 0.55 0.013 0.015 0.031 0.112
0.238 0.408 0.06 0.089 0.099 0.106
0.086 0.745 0.009 0.024 0.019 0.118
0.021 0.647 0.013 0.285 0.011 0.024
0.013 0.515 0.025 0.06 0.009 0.378
0.058 0.027 0.016 0.358 0.333 0.208
0.042 0.024 0.228 0.018 0.016 0.672
0.093 0.079 0.167 0.022 0.447 0.193
0.144 0.06 0.017 0.028 0.018 0.733
0.046 0.062 0.012 0.078 0.145 0.657
0.102 0.049 0.03 0.433 0.197 0.189
0.354 0.017 0.014 0.548 0.024 0.042
0.849 0.025 0.017 0.057 0.01 0.041
0.123 0.058 0.012 0.723 0.02 0.064
0.046 0.034 0.016 0.032 0.546 0.327
0.026 0.019 0.013 0.657 0.175 0.109
0.522 0.017 0.011 0.022 0.304 0.124
0.869 0.037 0.018 0.041 0.018 0.016
0.121 0.023 0.02 0.036 0.687 0.111
0.014 0.026 0.009 0.017 0.381 0.553
0.606 0.278 0.014 0.02 0.028 0.055
0.896 0.023 0.026 0.029 0.01 0.014
0.091 0.035 0.043 0.466 0.072 0.292
0.029 0.028 0.025 0.012 0.257 0.649
0.747 0.077 0.031 0.042 0.019 0.084
0.488 0.181 0.015 0.025 0.254 0.038
0.867 0.016 0.009 0.017 0.047 0.044
0.612 0.017 0.01 0.036 0.303 0.022
0.025 0.019 0.01 0.133 0.4 0.412
0.689 0.024 0.015 0.022 0.014 0.236
0.047 0.079 0.046 0.093 0.02 0.715
0.015 0.019 0.039 0.471 0.016 0.441
0.022 0.011 0.079 0.025 0.024 0.838
0.033 0.122 0.016 0.275 0.018 0.536
0.662 0.028 0.025 0.048 0.008 0.229
0.267 0.013 0.033 0.024 0.016 0.648
0.471 0.014 0.015 0.454 0.012 0.034
0.939 0.015 0.01 0.01 0.01 0.017
0.013 0.014 0.035 0.029 0.019 0.892
0.03 0.02 0.019 0.03 0.025 0.876
0.031 0.029 0.014 0.078 0.017 0.831
0.404 0.014 0.017 0.015 0.012 0.539
0.02 0.102 0.01 0.037 0.01 0.822
0.04 0.311 0.009 0.076 0.014 0.551
0.887 0.011 0.01 0.012 0.007 0.073
0.918 0.012 0.008 0.009 0.009 0.044
0.68 0.021 0.016 0.014 0.012 0.257
0.872 0.014 0.012 0.044 0.01 0.048
0.868 0.029 0.023 0.039 0.012 0.029
0.669 0.038 0.014 0.024 0.009 0.246
0.748 0.115 0.014 0.018 0.01 0.095
0.039 0.151 0.068 0.06 0.038 0.644
0.042 0.018 0.013 0.014 0.074 0.84
0.016 0.015 0.023 0.011 0.008 0.927
0.047 0.014 0.023 0.279 0.008 0.63
0.048 0.022 0.016 0.267 0.014 0.633
0.133 0.063 0.018 0.533 0.011 0.243
0.097 0.27 0.012 0.043 0.011 0.567
0.783 0.042 0.016 0.038 0.014 0.106
0.886 0.021 0.023 0.031 0.015 0.025
0.829 0.04 0.009 0.077 0.008 0.036
0.023 0.011 0.012 0.013 0.009 0.933
0.022 0.012 0.012 0.013 0.009 0.933
0.022 0.011 0.012 0.012 0.009 0.934
0.016 0.026 0.014 0.013 0.009 0.923
0.343 0.013 0.013 0.011 0.012 0.609
0.021 0.014 0.013 0.606 0.01 0.337
0.575 0.012 0.025 0.027 0.011 0.35
0.031 0.043 0.099 0.38 0.349 0.098
0.891 0.016 0.017 0.035 0.013 0.028
0.625 0.068 0.026 0.143 0.011 0.128
0.034 0.016 0.042 0.043 0.018 0.846
0.034 0.027 0.039 0.728 0.04 0.132
0.016 0.011 0.011 0.013 0.008 0.941
0.426 0.048 0.017 0.027 0.371 0.111
0.015 0.011 0.011 0.013 0.008 0.941
0.308 0.523 0.046 0.056 0.013 0.054
0.049 0.051 0.164 0.016 0.032 0.687
0.739 0.039 0.038 0.156 0.011 0.017
0.572 0.044 0.224 0.029 0.034 0.096
0.441 0.448 0.027 0.035 0.034 0.015
0.611 0.309 0.016 0.019 0.031 0.014
0.272 0.417 0.055 0.037 0.203 0.016
0.021 0.636 0.032 0.108 0.078 0.124
0.088 0.434 0.152 0.087 0.013 0.227
0.656 0.206 0.041 0.035 0.033 0.029
0.62 0.021 0.206 0.027 0.017 0.109
0.023 0.729 0.015 0.205 0.013 0.016
0.017 0.695 0.11 0.156 0.013 0.01
0.015 0.027 0.851 0.082 0.011 0.014
0.384 0.077 0.457 0.041 0.017 0.025
0.033 0.129 0.407 0.35 0.059 0.022
0.811 0.083 0.02 0.048 0.019 0.019
0.016 0.015 0.851 0.068 0.024 0.027
0.012 0.013 0.936 0.018 0.011 0.011
0.021 0.042 0.676 0.228 0.016 0.017
0.015 0.049 0.851 0.036 0.01 0.039
0.184 0.362 0.314 0.106 0.021 0.012
0.056 0.216 0.488 0.209 0.01 0.02
0.011 0.014 0.794 0.153 0.016 0.011
0.15 0.743 0.018 0.051 0.019 0.019
