0.006 0.011 0.006 0.013 0.008 0.013 0.01 0.013 0.007 0.005 0.012 0.897
0.008 0.023 0.008 0.004 0.006 0.017 0.009 0.009 0.012 0.011 0.01 0.882
0.007 0.014 0.026 0.005 0.029 0.016 0.007 0.006 0.005 0.037 0.024 0.824
0.02 0.006 0.005 0.008 0.106 0.036 0.142 0.005 0.05 0.004 0.005 0.612
0.014 0.029 0.009 0.007 0.03 0.016 0.006 0.012 0.008 0.012 0.033 0.823
0.007 0.028 0.007 0.011 0.041 0.148 0.005 0.006 0.023 0.091 0.021 0.612
0.309 0.024 0.014 0.006 0.01 0.062 0.007 0.008 0.01 0.185 0.278 0.087
0.014 0.015 0.007 0.003 0.005 0.014 0.006 0.132 0.033 0.007 0.1 0.662
0.04 0.009 0.023 0.004 0.296 0.051 0.007 0.012 0.414 0.008 0.005 0.129
0.009 0.013 0.019 0.004 0.091 0.013 0.004 0.004 0.405 0.02 0.009 0.408
0.017 0.05 0.01 0.007 0.039 0.008 0.005 0.005 0.036 0.005 0.006 0.814
0.008 0.01 0.007 0.008 0.006 0.012 0.011 0.005 0.008 0.019 0.016 0.89
0.008 0.005 0.005 0.006 0.061 0.009 0.005 0.005 0.024 0.03 0.005 0.837
0.014 0.34 0.006 0.005 0.01 0.028 0.005 0.06 0.01 0.008 0.362 0.153
0.046 0.023 0.007 0.015 0.009 0.028 0.02 0.024 0.18 0.014 0.061 0.574
0.025 0.006 0.005 0.014 0.012 0.009 0.007 0.006 0.011 0.023 0.005 0.878
0.026 0.015 0.009 0.027 0.019 0.012 0.006 0.008 0.549 0.035 0.021 0.271
0.01 0.054 0.013 0.008 0.021 0.024 0.005 0.017 0.066 0.041 0.005 0.737
0.014 0.015 0.005 0.015 0.017 0.674 0.005 0.005 0.025 0.009 0.004 0.21
0.022 0.012 0.015 0.011 0.04 0.146 0.009 0.008 0.035 0.024 0.651 0.027
0.012 0.111 0.006 0.005 0.007 0.659 0.005 0.03 0.1 0.009 0.005 0.051
0.004 0.005 0.016 0.023 0.012 0.013 0.004 0.005 0.01 0.012 0.009 0.887
0.015 0.056 0.057 0.101 0.01 0.029 0.009 0.011 0.037 0.006 0.017 0.652
0.005 0.01 0.006 0.006 0.006 0.006 0.004 0.005 0.012 0.01 0.006 0.925
0.004 0.065 0.024 0.542 0.038 0.018 0.041 0.178 0.008 0.009 0.061 0.013
0.003 0.005 0.005 0.801 0.004 0.004 0.004 0.129 0.003 0.005 0.034 0.004
0.01 0.006 0.007 0.457 0.014 0.098 0.361 0.013 0.005 0.005 0.018 0.006
0.019 0.008 0.04 0.41 0.075 0.017 0.006 0.132 0.102 0.006 0.151 0.034
0.01 0.006 0.013 0.803 0.007 0.008 0.009 0.007 0.01 0.047 0.005 0.075
0.005 0.009 0.007 0.781 0.009 0.013 0.006 0.043 0.004 0.004 0.115 0.005
0.003 0.003 0.003 0.961 0.003 0.004 0.004 0.003 0.003 0.004 0.004 0.005
0.005 0.006 0.005 0.855 0.008 0.006 0.012 0.005 0.006 0.065 0.018 0.008
0.004 0.018 0.008 0.291 0.006 0.263 0.005 0.335 0.006 0.009 0.046 0.01
0.004 0.028 0.015 0.862 0.01 0.011 0.009 0.027 0.011 0.009 0.006 0.009
0.013 0.056 0.041 0.451 0.008 0.324 0.015 0.018 0.02 0.012 0.025 0.018
0.007 0.008 0.02 0.06 0.14 0.023 0.022 0.008 0.01 0.015 0.658 0.029
0.004 0.005 0.004 0.951 0.005 0.004 0.004 0.003 0.003 0.006 0.006 0.004
0.005 0.005 0.012 0.738 0.014 0.169 0.007 0.005 0.005 0.029 0.004 0.007
0.008 0.006 0.007 0.701 0.006 0.008 0.028 0.008 0.084 0.098 0.012 0.035
0.006 0.017 0.006 0.916 0.007 0.008 0.004 0.007 0.008 0.006 0.006 0.009
0.186 0.007 0.01 0.322 0.006 0.383 0.007 0.007 0.012 0.017 0.014 0.028
0.006 0.004 0.005 0.512 0.067 0.277 0.006 0.005 0.004 0.008 0.057 0.05
0.004 0.012 0.008 0.528 0.011 0.013 0.227 0.006 0.012 0.13 0.04 0.009
0.032 0.006 0.007 0.855 0.032 0.006 0.005 0.005 0.037 0.004 0.005 0.007
0.053 0.005 0.005 0.717 0.153 0.006 0.005 0.004 0.023 0.005 0.015 0.009
0.031 0.005 0.007 0.853 0.032 0.006 0.005 0.005 0.037 0.004 0.005 0.008
0.004 0.005 0.005 0.951 0.005 0.004 0.004 0.003 0.003 0.006 0.007 0.004
0.004 0.005 0.005 0.951 0.005 0.004 0.004 0.003 0.003 0.006 0.006 0.004
0.006 0.009 0.929 0.005 0.005 0.005 0.008 0.009 0.01 0.006 0.003 0.005
0.01 0.172 0.212 0.004 0.1 0.272 0.01 0.126 0.071 0.005 0.003 0.015
0.012 0.292 0.262 0.11 0.025 0.013 0.035 0.049 0.008 0.164 0.024 0.007
0.007 0.007 0.122 0.004 0.005 0.059 0.01 0.737 0.005 0.008 0.005 0.029
0.022 0.009 0.081 0.005 0.008 0.018 0.783 0.015 0.025 0.023 0.007 0.005
0.006 0.006 0.538 0.008 0.006 0.005 0.007 0.381 0.023 0.01 0.004 0.006
0.007 0.059 0.331 0.027 0.01 0.023 0.008 0.375 0.028 0.072 0.007 0.054
0.006 0.005 0.074 0.006 0.013 0.019 0.014 0.823 0.012 0.01 0.011 0.008
0.006 0.006 0.083 0.006 0.014 0.021 0.014 0.81 0.012 0.01 0.01 0.008
0.018 0.009 0.656 0.006 0.027 0.017 0.061 0.005 0.116 0.062 0.006 0.018
0.005 0.22 0.178 0.007 0.008 0.125 0.323 0.063 0.021 0.01 0.004 0.036
0.008 0.008 0.843 0.012 0.014 0.037 0.012 0.007 0.006 0.023 0.006 0.025
0.01 0.009 0.056 0.005 0.005 0.007 0.008 0.868 0.005 0.013 0.006 0.009
0.006 0.506 0.178 0.015 0.01 0.02 0.105 0.05 0.017 0.016 0.02 0.057
0.027 0.022 0.347 0.007 0.049 0.006 0.006 0.057 0.457 0.012 0.004 0.006
0.012 0.004 0.698 0.006 0.007 0.009 0.007 0.179 0.013 0.021 0.038 0.005
0.009 0.006 0.478 0.006 0.014 0.013 0.031 0.357 0.005 0.018 0.058 0.006
0.005 0.004 0.007 0.006 0.009 0.008 0.924 0.007 0.008 0.011 0.004 0.008
0.004 0.004 0.015 0.003 0.005 0.014 0.926 0.006 0.004 0.005 0.004 0.01
0.005 0.003 0.004 0.004 0.003 0.004 0.96 0.004 0.004 0.004 0.003 0.003
0.013 0.003 0.005 0.004 0.004 0.004 0.949 0.004 0.004 0.004 0.003 0.003
0.004 0.031 0.443 0.004 0.004 0.01 0.068 0.015 0.06 0.342 0.005 0.014
0.009 0.023 0.785 0.008 0.015 0.009 0.012 0.055 0.031 0.039 0.007 0.01
0.031 0.012 0.56 0.005 0.011 0.064 0.232 0.008 0.008 0.012 0.005 0.053
0.005 0.029 0.014 0.02 0.179 0.073 0.007 0.42 0.008 0.031 0.109 0.105
0.005 0.016 0.006 0.007 0.921 0.006 0.004 0.004 0.006 0.006 0.011 0.007
0.013 0.051 0.032 0.024 0.71 0.015 0.008 0.025 0.026 0.049 0.022 0.024
0.037 0.028 0.048 0.006 0.574 0.027 0.006 0.019 0.164 0.053 0.024 0.014
0.033 0.027 0.025 0.004 0.02 0.028 0.014 0.049 0.023 0.743 0.014 0.021
0.028 0.018 0.089 0.056 0.018 0.104 0.109 0.039 0.007 0.068 0.01 0.454
0.007 0.017 0.044 0.011 0.126 0.462 0.034 0.008 0.151 0.042 0.007 0.091
0.014 0.008 0.067 0.01 0.015 0.809 0.024 0.009 0.005 0.015 0.008 0.018
0.011 0.013 0.057 0.009 0.144 0.668 0.011 0.008 0.007 0.031 0.016 0.025
0.009 0.003 0.003 0.004 0.955 0.004 0.003 0.003 0.004 0.003 0.004 0.004
0.006 0.01 0.005 0.006 0.859 0.009 0.006 0.006 0.004 0.014 0.068 0.007
0.018 0.006 0.018 0.028 0.752 0.019 0.01 0.006 0.025 0.039 0.019 0.061
0.006 0.006 0.009 0.007 0.42 0.403 0.064 0.005 0.025 0.021 0.021 0.012
0.006 0.238 0.162 0.078 0.05 0.103 0.013 0.005 0.013 0.248 0.016 0.07
0.006 0.268 0.186 0.155 0.11 0.095 0.006 0.007 0.021 0.097 0.019 0.03
0.006 0.004 0.009 0.007 0.938 0.009 0.004 0.004 0.003 0.005 0.005 0.006
0.013 0.014 0.039 0.012 0.083 0.164 0.004 0.035 0.374 0.213 0.026 0.021
0.005 0.038 0.052 0.03 0.029 0.175 0.521 0.021 0.006 0.065 0.038 0.02
0.005 0.007 0.012 0.006 0.788 0.029 0.01 0.006 0.042 0.054 0.006 0.034
0.008 0.005 0.041 0.004 0.794 0.019 0.008 0.005 0.019 0.085 0.008 0.005
0.01 0.015 0.127 0.007 0.294 0.042 0.017 0.061 0.035 0.018 0.364 0.01
0.007 0.004 0.014 0.007 0.757 0.167 0.009 0.004 0.009 0.005 0.008 0.008
0.058 0.006 0.012 0.007 0.372 0.394 0.012 0.007 0.043 0.006 0.006 0.076
0.008 0.008 0.01 0.012 0.614 0.25 0.011 0.004 0.019 0.032 0.008 0.024
0.011 0.014 0.029 0.008 0.135 0.016 0.005 0.007 0.01 0.747 0.012 0.005
0.006 0.022 0.01 0.014 0.018 0.01 0.012 0.009 0.009 0.868 0.013 0.008
0.004 0.005 0.008 0.004 0.004 0.005 0.005 0.004 0.004 0.947 0.004 0.005
0.004 0.013 0.086 0.005 0.009 0.444 0.007 0.009 0.007 0.403 0.006 0.006
0.009 0.007 0.007 0.009 0.007 0.01 0.658 0.006 0.009 0.231 0.04 0.007
0.006 0.006 0.05 0.01 0.007 0.454 0.02 0.007 0.008 0.405 0.018 0.009
0.004 0.077 0.008 0.035 0.004 0.005 0.005 0.003 0.004 0.845 0.005 0.005
0.181 0.017 0.016 0.008 0.014 0.02 0.005 0.005 0.006 0.712 0.008 0.008
0.008 0.007 0.017 0.006 0.129 0.732 0.026 0.006 0.009 0.028 0.007 0.025
0.011 0.006 0.289 0.006 0.013 0.586 0.014 0.012 0.011 0.037 0.009 0.006
0.027 0.046 0.437 0.028 0.072 0.246 0.007 0.012 0.005 0.065 0.019 0.037
0.006 0.521 0.019 0.148 0.049 0.033 0.019 0.015 0.086 0.055 0.023 0.025
0.109 0.017 0.027 0.008 0.729 0.016 0.009 0.016 0.035 0.016 0.006 0.012
0.007 0.031 0.005 0.005 0.135 0.007 0.009 0.004 0.007 0.76 0.023 0.009
0.069 0.006 0.052 0.048 0.046 0.089 0.034 0.007 0.005 0.559 0.015 0.068
0.005 0.007 0.008 0.026 0.022 0.02 0.5 0.005 0.006 0.378 0.011 0.013
0.066 0.013 0.047 0.006 0.171 0.527 0.007 0.006 0.043 0.095 0.011 0.009
0.01 0.014 0.04 0.01 0.007 0.601 0.01 0.012 0.012 0.241 0.007 0.036
0.007 0.007 0.042 0.006 0.115 0.026 0.016 0.034 0.007 0.603 0.118 0.019
0.011 0.015 0.027 0.025 0.015 0.014 0.296 0.007 0.044 0.491 0.016 0.04
0.024 0.073 0.188 0.047 0.022 0.109 0.014 0.078 0.024 0.106 0.3 0.014
0.006 0.008 0.557 0.03 0.175 0.094 0.042 0.004 0.008 0.042 0.014 0.019
0.044 0.006 0.089 0.016 0.714 0.069 0.012 0.007 0.018 0.011 0.008 0.006
0.012 0.006 0.203 0.012 0.631 0.017 0.011 0.007 0.013 0.069 0.005 0.013
0.006 0.046 0.015 0.009 0.069 0.065 0.02 0.084 0.017 0.425 0.23 0.012
0.005 0.085 0.019 0.074 0.073 0.016 0.055 0.007 0.01 0.199 0.439 0.017
0.005 0.259 0.013 0.13 0.01 0.02 0.01 0.166 0.019 0.047 0.299 0.023
0.011 0.262 0.019 0.037 0.325 0.034 0.012 0.01 0.036 0.046 0.068 0.14
0.005 0.005 0.008 0.007 0.011 0.01 0.007 0.012 0.007 0.033 0.007 0.888
0.005 0.016 0.015 0.007 0.046 0.411 0.006 0.005 0.007 0.009 0.089 0.383
0.005 0.061 0.023 0.022 0.026 0.038 0.07 0.04 0.012 0.035 0.437 0.23
0.005 0.022 0.12 0.031 0.016 0.015 0.012 0.03 0.011 0.183 0.156 0.399
0.031 0.01 0.02 0.012 0.103 0.047 0.037 0.005 0.026 0.011 0.046 0.653
0.013 0.007 0.042 0.007 0.032 0.011 0.016 0.009 0.01 0.804 0.01 0.039
0.005 0.012 0.009 0.013 0.196 0.539 0.004 0.018 0.008 0.008 0.058 0.131
0.007 0.004 0.014 0.009 0.117 0.021 0.012 0.025 0.004 0.11 0.584 0.093
0.004 0.004 0.005 0.005 0.008 0.006 0.003 0.004 0.006 0.004 0.02 0.931
0.004 0.022 0.018 0.009 0.01 0.015 0.007 0.009 0.006 0.138 0.736 0.024
0.005 0.007 0.022 0.043 0.018 0.022 0.01 0.008 0.022 0.097 0.175 0.569
0.005 0.005 0.006 0.007 0.007 0.009 0.004 0.007 0.006 0.015 0.043 0.886
0.004 0.053 0.029 0.022 0.012 0.015 0.008 0.008 0.007 0.01 0.008 0.825
0.008 0.008 0.013 0.01 0.007 0.018 0.009 0.008 0.005 0.017 0.028 0.869
0.004 0.006 0.03 0.015 0.01 0.009 0.006 0.007 0.006 0.012 0.005 0.889
0.088 0.005 0.024 0.023 0.164 0.027 0.01 0.006 0.017 0.007 0.01 0.619
0.007 0.008 0.042 0.016 0.154 0.018 0.006 0.009 0.009 0.066 0.274 0.391
0.008 0.017 0.011 0.01 0.028 0.018 0.008 0.007 0.006 0.013 0.682 0.192
0.053 0.023 0.01 0.005 0.391 0.016 0.024 0.008 0.011 0.023 0.025 0.41
0.037 0.016 0.022 0.01 0.112 0.029 0.306 0.018 0.024 0.013 0.105 0.307
0.015 0.005 0.008 0.004 0.015 0.024 0.02 0.016 0.007 0.012 0.869 0.004
0.09 0.055 0.022 0.078 0.047 0.022 0.007 0.008 0.01 0.028 0.587 0.045
0.049 0.005 0.044 0.012 0.13 0.033 0.021 0.013 0.035 0.007 0.602 0.049
0.085 0.052 0.031 0.019 0.084 0.126 0.032 0.03 0.026 0.084 0.286 0.144
0.005 0.011 0.007 0.007 0.009 0.011 0.007 0.004 0.006 0.027 0.69 0.217
0.018 0.022 0.018 0.009 0.074 0.337 0.012 0.008 0.013 0.111 0.216 0.161
0.004 0.004 0.004 0.005 0.004 0.006 0.004 0.005 0.004 0.005 0.949 0.006
0.009 0.004 0.006 0.006 0.008 0.008 0.004 0.01 0.006 0.042 0.86 0.038
0.01 0.009 0.008 0.175 0.011 0.009 0.01 0.033 0.004 0.005 0.47 0.255
0.005 0.004 0.008 0.015 0.024 0.014 0.006 0.009 0.006 0.007 0.876 0.026
0.042 0.005 0.024 0.017 0.122 0.011 0.006 0.006 0.034 0.024 0.696 0.014
0.005 0.007 0.004 0.008 0.007 0.009 0.004 0.005 0.013 0.005 0.924 0.009
0.004 0.003 0.003 0.004 0.005 0.004 0.004 0.004 0.003 0.009 0.953 0.004
0.023 0.024 0.026 0.059 0.026 0.025 0.034 0.03 0.02 0.132 0.568 0.033
0.008 0.005 0.008 0.006 0.007 0.012 0.011 0.014 0.005 0.008 0.895 0.023
0.005 0.007 0.03 0.261 0.027 0.011 0.006 0.007 0.006 0.029 0.602 0.009
0.003 0.004 0.004 0.008 0.004 0.004 0.003 0.005 0.004 0.004 0.949 0.006
0.02 0.01 0.057 0.008 0.035 0.296 0.152 0.007 0.133 0.033 0.066 0.182
0.006 0.004 0.005 0.004 0.016 0.006 0.003 0.006 0.004 0.004 0.934 0.008
0.004 0.003 0.005 0.007 0.005 0.007 0.004 0.004 0.004 0.015 0.93 0.011
0.006 0.018 0.006 0.019 0.02 0.016 0.004 0.007 0.009 0.007 0.882 0.005
0.005 0.005 0.006 0.006 0.009 0.006 0.005 0.008 0.004 0.008 0.928 0.009
0.003 0.004 0.004 0.004 0.008 0.004 0.003 0.004 0.003 0.004 0.954 0.004
0.131 0.008 0.013 0.005 0.094 0.35 0.007 0.008 0.024 0.053 0.114 0.191
0.014 0.029 0.798 0.005 0.031 0.013 0.008 0.008 0.007 0.029 0.048 0.011
0.007 0.014 0.533 0.006 0.019 0.094 0.009 0.031 0.124 0.152 0.004 0.008
0.004 0.008 0.631 0.005 0.006 0.209 0.005 0.006 0.009 0.108 0.005 0.004
0.007 0.029 0.03 0.033 0.161 0.296 0.007 0.03 0.021 0.294 0.019 0.071
0.005 0.007 0.015 0.006 0.01 0.554 0.016 0.011 0.318 0.046 0.005 0.006
0.013 0.032 0.815 0.005 0.028 0.015 0.004 0.007 0.015 0.053 0.004 0.008
0.011 0.013 0.781 0.004 0.007 0.015 0.009 0.03 0.023 0.095 0.004 0.007
0.023 0.009 0.613 0.008 0.097 0.063 0.009 0.018 0.086 0.045 0.01 0.02
0.008 0.011 0.774 0.054 0.019 0.028 0.006 0.008 0.012 0.046 0.019 0.016
0.008 0.007 0.886 0.011 0.014 0.006 0.005 0.007 0.04 0.006 0.004 0.004
0.014 0.027 0.749 0.023 0.009 0.007 0.005 0.011 0.03 0.061 0.006 0.056
0.006 0.009 0.933 0.005 0.004 0.007 0.005 0.009 0.008 0.006 0.003 0.004
0.019 0.005 0.183 0.005 0.007 0.673 0.049 0.016 0.01 0.009 0.007 0.016
0.005 0.007 0.499 0.004 0.029 0.101 0.017 0.295 0.007 0.009 0.018 0.009
0.018 0.298 0.006 0.03 0.006 0.006 0.006 0.015 0.026 0.567 0.005 0.015
0.006 0.199 0.034 0.006 0.007 0.014 0.005 0.197 0.032 0.017 0.007 0.477
0.007 0.822 0.006 0.009 0.022 0.021 0.005 0.005 0.009 0.006 0.012 0.076
0.032 0.127 0.122 0.009 0.006 0.013 0.005 0.184 0.359 0.07 0.005 0.069
0.008 0.581 0.037 0.007 0.006 0.01 0.005 0.02 0.053 0.255 0.003 0.013
0.024 0.441 0.019 0.017 0.028 0.015 0.323 0.07 0.009 0.029 0.018 0.008
0.935 0.004 0.004 0.007 0.005 0.004 0.005 0.004 0.007 0.012 0.006 0.007
0.938 0.004 0.004 0.004 0.006 0.005 0.004 0.006 0.009 0.01 0.004 0.007
0.755 0.005 0.009 0.006 0.011 0.009 0.181 0.008 0.004 0.005 0.004 0.004
0.008 0.926 0.005 0.013 0.005 0.009 0.005 0.004 0.007 0.008 0.004 0.005
0.479 0.389 0.007 0.009 0.007 0.012 0.016 0.008 0.008 0.047 0.007 0.01
0.034 0.784 0.011 0.012 0.014 0.005 0.004 0.008 0.103 0.011 0.003 0.011
0.914 0.012 0.009 0.004 0.019 0.01 0.004 0.006 0.005 0.005 0.006 0.007
0.046 0.859 0.007 0.035 0.006 0.007 0.007 0.008 0.005 0.007 0.006 0.007
0.009 0.895 0.012 0.007 0.007 0.013 0.009 0.015 0.017 0.008 0.003 0.006
0.634 0.023 0.233 0.017 0.033 0.008 0.004 0.008 0.016 0.009 0.005 0.01
0.951 0.004 0.004 0.003 0.007 0.005 0.004 0.004 0.005 0.004 0.005 0.006
0.769 0.093 0.011 0.011 0.065 0.004 0.005 0.011 0.006 0.009 0.009 0.007
0.004 0.907 0.015 0.011 0.006 0.006 0.003 0.016 0.012 0.006 0.004 0.01
0.107 0.427 0.066 0.008 0.036 0.012 0.008 0.007 0.272 0.023 0.006 0.028
0.189 0.555 0.093 0.013 0.079 0.018 0.004 0.008 0.018 0.011 0.006 0.007
0.603 0.167 0.017 0.013 0.014 0.008 0.009 0.03 0.122 0.004 0.004 0.009
0.571 0.278 0.006 0.093 0.005 0.006 0.01 0.008 0.009 0.005 0.005 0.004
0.021 0.828 0.015 0.015 0.004 0.006 0.028 0.024 0.011 0.035 0.006 0.008
0.044 0.063 0.015 0.005 0.01 0.021 0.007 0.073 0.723 0.016 0.005 0.018
0.009 0.01 0.031 0.011 0.005 0.018 0.006 0.015 0.736 0.116 0.01 0.033
0.413 0.008 0.009 0.015 0.009 0.023 0.065 0.319 0.019 0.013 0.096 0.012
0.026 0.005 0.007 0.007 0.005 0.005 0.009 0.862 0.017 0.006 0.044 0.006
0.021 0.033 0.471 0.008 0.011 0.01 0.2 0.097 0.122 0.009 0.006 0.011
0.014 0.004 0.036 0.004 0.008 0.005 0.008 0.01 0.871 0.017 0.017 0.007
0.031 0.004 0.008 0.008 0.01 0.005 0.012 0.533 0.35 0.006 0.027 0.007
0.025 0.008 0.007 0.005 0.044 0.006 0.42 0.014 0.448 0.007 0.009 0.006
0.006 0.005 0.004 0.004 0.008 0.005 0.005 0.005 0.945 0.005 0.005 0.004
0.015 0.011 0.015 0.008 0.01 0.014 0.014 0.83 0.037 0.023 0.018 0.005
0.007 0.02 0.01 0.007 0.01 0.008 0.007 0.121 0.731 0.039 0.004 0.038
0.02 0.067 0.032 0.01 0.018 0.013 0.095 0.587 0.111 0.021 0.017 0.011
0.089 0.234 0.017 0.006 0.025 0.008 0.015 0.013 0.571 0.005 0.011 0.005
0.004 0.024 0.008 0.003 0.005 0.113 0.005 0.017 0.805 0.006 0.004 0.005
0.006 0.015 0.016 0.004 0.007 0.22 0.007 0.018 0.675 0.024 0.004 0.004
0.004 0.005 0.006 0.003 0.007 0.004 0.003 0.013 0.933 0.009 0.003 0.009
0.004 0.005 0.005 0.003 0.006 0.005 0.004 0.007 0.952 0.003 0.004 0.004
0.009 0.007 0.006 0.007 0.006 0.007 0.006 0.009 0.925 0.004 0.008 0.007
0.031 0.005 0.006 0.006 0.006 0.006 0.009 0.007 0.892 0.015 0.004 0.013
0.015 0.007 0.009 0.004 0.018 0.01 0.014 0.007 0.89 0.008 0.009 0.009
0.009 0.006 0.01 0.004 0.008 0.006 0.006 0.007 0.927 0.006 0.005 0.006
0.004 0.011 0.009 0.003 0.01 0.007 0.005 0.01 0.912 0.018 0.006 0.004
0.027 0.305 0.073 0.03 0.043 0.075 0.024 0.029 0.286 0.041 0.025 0.043
0.01 0.424 0.011 0.011 0.007 0.006 0.012 0.044 0.458 0.006 0.004 0.006
0.005 0.9 0.015 0.003 0.012 0.008 0.003 0.014 0.008 0.018 0.008 0.005
0.012 0.743 0.014 0.003 0.006 0.004 0.167 0.014 0.01 0.012 0.006 0.007
0.016 0.24 0.015 0.004 0.007 0.009 0.209 0.448 0.018 0.012 0.017 0.004
0.081 0.112 0.019 0.005 0.01 0.08 0.303 0.019 0.311 0.025 0.008 0.027
0.005 0.074 0.035 0.004 0.013 0.063 0.02 0.028 0.663 0.082 0.004 0.009
0.015 0.025 0.008 0.009 0.009 0.012 0.01 0.008 0.871 0.012 0.01 0.011
0.053 0.012 0.008 0.007 0.095 0.016 0.021 0.015 0.714 0.016 0.012 0.03
0.052 0.019 0.036 0.005 0.026 0.027 0.016 0.011 0.729 0.062 0.005 0.013
0.008 0.005 0.004 0.003 0.003 0.005 0.004 0.945 0.006 0.006 0.004 0.006
0.008 0.005 0.004 0.003 0.003 0.005 0.004 0.945 0.007 0.005 0.004 0.006
0.008 0.005 0.004 0.003 0.003 0.004 0.004 0.945 0.006 0.005 0.004 0.006
0.007 0.041 0.033 0.004 0.006 0.07 0.006 0.675 0.098 0.039 0.011 0.01
0.01 0.026 0.007 0.006 0.014 0.006 0.004 0.515 0.392 0.006 0.01 0.005
0.016 0.015 0.008 0.005 0.009 0.015 0.558 0.325 0.021 0.008 0.009 0.012
0.043 0.15 0.024 0.006 0.035 0.005 0.013 0.032 0.665 0.009 0.01 0.006
0.006 0.458 0.016 0.039 0.007 0.012 0.284 0.013 0.019 0.058 0.054 0.034
0.506 0.012 0.015 0.009 0.018 0.009 0.009 0.018 0.344 0.033 0.008 0.019
0.077 0.024 0.046 0.005 0.014 0.02 0.032 0.069 0.566 0.117 0.015 0.015
0.03 0.012 0.007 0.009 0.006 0.01 0.008 0.838 0.013 0.039 0.016 0.01
0.312 0.032 0.013 0.024 0.007 0.012 0.017 0.038 0.036 0.471 0.021 0.017
0.007 0.019 0.006 0.003 0.004 0.005 0.004 0.906 0.017 0.018 0.005 0.006
0.173 0.693 0.018 0.012 0.008 0.022 0.009 0.017 0.021 0.007 0.008 0.013
0.007 0.019 0.006 0.003 0.004 0.005 0.004 0.906 0.018 0.017 0.005 0.006
0.022 0.013 0.192 0.009 0.197 0.23 0.012 0.057 0.13 0.009 0.007 0.122
0.008 0.011 0.018 0.017 0.043 0.021 0.005 0.783 0.011 0.009 0.032 0.042
0.6 0.008 0.027 0.005 0.093 0.013 0.011 0.013 0.043 0.142 0.029 0.015
0.123 0.008 0.01 0.019 0.479 0.015 0.012 0.19 0.022 0.01 0.104 0.01
0.029 0.009 0.539 0.025 0.216 0.051 0.014 0.008 0.06 0.018 0.019 0.012
0.079 0.011 0.028 0.042 0.47 0.208 0.005 0.011 0.121 0.011 0.006 0.009
0.017 0.022 0.224 0.105 0.13 0.17 0.012 0.009 0.134 0.032 0.026 0.119
0.006 0.058 0.039 0.025 0.095 0.639 0.015 0.04 0.014 0.016 0.007 0.045
0.058 0.007 0.015 0.005 0.021 0.451 0.012 0.326 0.005 0.011 0.08 0.01
0.25 0.008 0.034 0.011 0.559 0.026 0.013 0.052 0.013 0.007 0.011 0.015
0.372 0.009 0.012 0.007 0.121 0.015 0.013 0.204 0.039 0.01 0.189 0.009
0.017 0.004 0.008 0.006 0.008 0.907 0.013 0.007 0.007 0.01 0.007 0.007
0.01 0.004 0.006 0.006 0.026 0.853 0.008 0.005 0.004 0.008 0.02 0.051
0.067 0.004 0.01 0.006 0.014 0.02 0.011 0.006 0.004 0.048 0.035 0.773
0.01 0.01 0.056 0.008 0.062 0.034 0.03 0.005 0.051 0.005 0.011 0.719
0.005 0.007 0.013 0.009 0.012 0.023 0.209 0.007 0.007 0.006 0.005 0.697
0.017 0.008 0.116 0.014 0.156 0.024 0.083 0.02 0.507 0.01 0.015 0.03
0.006 0.004 0.005 0.009 0.007 0.007 0.007 0.006 0.004 0.01 0.009 0.926
0.02 0.004 0.009 0.008 0.015 0.011 0.009 0.012 0.006 0.067 0.617 0.221
0.007 0.006 0.012 0.011 0.082 0.051 0.227 0.044 0.007 0.005 0.252 0.296
0.005 0.006 0.007 0.007 0.009 0.026 0.012 0.009 0.004 0.013 0.03 0.87
0.016 0.005 0.067 0.014 0.083 0.053 0.054 0.007 0.011 0.008 0.007 0.676
0.018 0.007 0.018 0.004 0.054 0.204 0.126 0.032 0.005 0.011 0.233 0.288
0.006 0.006 0.006 0.009 0.019 0.019 0.163 0.008 0.005 0.005 0.712 0.042
0.018 0.01 0.864 0.006 0.008 0.039 0.009 0.006 0.007 0.008 0.005 0.018
