0.014 0.014 0.052 0.921
0.02 0.025 0.009 0.946
0.035 0.013 0.012 0.94
0.035 0.037 0.013 0.914
0.012 0.021 0.024 0.943
0.01 0.022 0.016 0.952
0.045 0.408 0.127 0.42
0.017 0.138 0.046 0.799
0.043 0.392 0.008 0.556
0.028 0.151 0.009 0.811
0.014 0.04 0.012 0.935
0.017 0.011 0.04 0.932
0.008 0.016 0.008 0.969
0.014 0.298 0.132 0.556
0.02 0.234 0.067 0.679
0.009 0.018 0.011 0.963
0.013 0.529 0.047 0.412
0.021 0.18 0.01 0.79
0.153 0.024 0.014 0.809
0.038 0.083 0.604 0.275
0.19 0.182 0.01 0.618
0.015 0.009 0.02 0.956
0.043 0.075 0.17 0.712
0.007 0.014 0.008 0.971
0.052 0.021 0.904 0.023
0.013 0.007 0.972 0.008
0.354 0.011 0.622 0.013
0.068 0.048 0.845 0.04
0.025 0.033 0.842 0.1
0.013 0.01 0.964 0.012
0.007 0.006 0.977 0.01
0.015 0.014 0.941 0.03
0.124 0.037 0.814 0.024
0.015 0.017 0.954 0.014
0.311 0.073 0.594 0.023
0.031 0.01 0.87 0.089
0.01 0.005 0.978 0.007
0.116 0.011 0.856 0.017
0.018 0.089 0.838 0.056
0.009 0.014 0.963 0.015
0.134 0.206 0.446 0.214
0.048 0.008 0.759 0.185
0.149 0.012 0.805 0.034
0.011 0.051 0.924 0.014
0.009 0.03 0.942 0.02
0.011 0.051 0.924 0.014
0.01 0.005 0.978 0.007
0.01 0.006 0.978 0.007
0.949 0.034 0.007 0.01
0.172 0.556 0.006 0.266
0.579 0.146 0.26 0.015
0.947 0.034 0.006 0.012
0.972 0.014 0.007 0.007
0.922 0.06 0.009 0.009
0.742 0.138 0.038 0.082
0.927 0.037 0.025 0.012
0.935 0.032 0.022 0.01
0.894 0.068 0.01 0.028
0.922 0.045 0.007 0.025
0.945 0.012 0.013 0.03
0.593 0.276 0.117 0.014
0.695 0.158 0.055 0.091
0.034 0.943 0.011 0.012
0.92 0.04 0.031 0.009
0.82 0.027 0.145 0.009
0.963 0.014 0.007 0.015
0.975 0.009 0.008 0.008
0.974 0.01 0.008 0.007
0.97 0.013 0.009 0.008
0.887 0.089 0.007 0.017
0.867 0.098 0.018 0.016
0.944 0.012 0.007 0.038
0.038 0.064 0.625 0.273
0.013 0.012 0.203 0.772
0.101 0.333 0.205 0.362
0.083 0.68 0.059 0.178
0.231 0.647 0.011 0.112
0.604 0.027 0.074 0.295
0.753 0.029 0.013 0.205
0.923 0.011 0.021 0.045
0.389 0.019 0.038 0.554
0.04 0.018 0.205 0.738
0.019 0.015 0.192 0.774
0.021 0.014 0.248 0.717
0.056 0.016 0.033 0.895
0.615 0.036 0.122 0.227
0.356 0.025 0.42 0.199
0.159 0.011 0.19 0.639
0.129 0.482 0.091 0.299
0.927 0.014 0.036 0.023
0.018 0.019 0.016 0.947
0.744 0.039 0.04 0.177
0.235 0.113 0.564 0.088
0.216 0.02 0.134 0.63
0.028 0.023 0.01 0.939
0.038 0.018 0.022 0.923
0.583 0.047 0.155 0.215
0.468 0.155 0.12 0.257
0.782 0.105 0.018 0.095
0.967 0.011 0.01 0.012
0.889 0.037 0.056 0.019
0.942 0.011 0.028 0.019
0.672 0.225 0.062 0.04
0.388 0.476 0.045 0.091
0.669 0.011 0.015 0.306
0.958 0.014 0.015 0.012
0.798 0.013 0.099 0.09
0.055 0.359 0.337 0.248
0.357 0.415 0.039 0.19
0.273 0.107 0.037 0.583
0.617 0.025 0.044 0.314
0.877 0.011 0.072 0.04
0.894 0.061 0.018 0.027
0.815 0.06 0.018 0.107
0.279 0.037 0.388 0.296
0.773 0.107 0.039 0.08
0.445 0.1 0.43 0.025
0.905 0.008 0.044 0.042
0.844 0.051 0.066 0.039
0.838 0.034 0.031 0.097
0.129 0.036 0.397 0.438
0.05 0.026 0.655 0.269
0.027 0.197 0.664 0.112
0.018 0.047 0.081 0.854
0.026 0.009 0.009 0.956
0.017 0.01 0.041 0.932
0.048 0.021 0.16 0.772
0.093 0.029 0.227 0.65
0.02 0.015 0.024 0.941
0.229 0.039 0.032 0.7
0.013 0.01 0.017 0.96
0.031 0.006 0.347 0.616
0.007 0.006 0.017 0.97
0.033 0.01 0.714 0.242
0.024 0.018 0.12 0.838
0.009 0.008 0.019 0.964
0.02 0.013 0.021 0.947
0.014 0.01 0.016 0.96
0.024 0.009 0.011 0.957
0.02 0.018 0.018 0.945
0.015 0.009 0.095 0.88
0.011 0.01 0.092 0.886
0.011 0.025 0.014 0.95
0.194 0.038 0.13 0.638
0.04 0.021 0.926 0.013
0.035 0.033 0.878 0.054
0.068 0.02 0.706 0.206
0.13 0.133 0.272 0.465
0.012 0.013 0.357 0.618
0.057 0.031 0.067 0.845
0.008 0.007 0.966 0.019
0.01 0.013 0.85 0.127
0.01 0.008 0.938 0.045
0.015 0.008 0.949 0.027
0.024 0.022 0.902 0.052
0.007 0.013 0.953 0.027
0.008 0.006 0.965 0.022
0.079 0.05 0.774 0.098
0.02 0.013 0.695 0.273
0.016 0.007 0.965 0.012
0.006 0.006 0.982 0.006
0.71 0.029 0.042 0.219
0.009 0.008 0.952 0.031
0.01 0.006 0.801 0.183
0.007 0.011 0.968 0.014
0.008 0.008 0.945 0.039
0.007 0.009 0.961 0.023
0.024 0.055 0.027 0.894
0.852 0.037 0.07 0.041
0.827 0.15 0.008 0.015
0.974 0.01 0.008 0.008
0.079 0.045 0.089 0.787
0.911 0.063 0.011 0.016
0.918 0.053 0.008 0.02
0.896 0.088 0.006 0.011
0.757 0.118 0.025 0.101
0.926 0.016 0.039 0.019
0.911 0.052 0.026 0.011
0.746 0.145 0.035 0.074
0.968 0.019 0.007 0.006
0.891 0.011 0.01 0.087
0.938 0.019 0.019 0.024
0.019 0.947 0.018 0.016
0.184 0.265 0.011 0.541
0.04 0.38 0.099 0.481
0.201 0.758 0.008 0.034
0.064 0.917 0.008 0.012
0.278 0.532 0.167 0.023
0.014 0.962 0.011 0.013
0.018 0.955 0.01 0.017
0.245 0.722 0.018 0.016
0.022 0.942 0.023 0.014
0.02 0.946 0.016 0.018
0.008 0.973 0.01 0.01
0.149 0.804 0.016 0.031
0.012 0.852 0.126 0.01
0.022 0.956 0.012 0.01
0.211 0.705 0.038 0.047
0.036 0.893 0.016 0.055
0.014 0.946 0.019 0.022
0.014 0.957 0.01 0.019
0.03 0.936 0.008 0.025
0.114 0.826 0.037 0.022
0.01 0.972 0.009 0.008
0.032 0.915 0.045 0.008
0.026 0.948 0.016 0.009
0.019 0.959 0.007 0.014
0.045 0.882 0.017 0.056
0.083 0.752 0.147 0.018
0.015 0.762 0.214 0.008
0.601 0.37 0.014 0.015
0.026 0.948 0.016 0.01
0.015 0.93 0.046 0.009
0.213 0.716 0.029 0.042
0.01 0.967 0.011 0.011
0.027 0.859 0.106 0.008
0.023 0.934 0.009 0.034
0.024 0.915 0.053 0.008
0.012 0.968 0.011 0.01
0.138 0.847 0.006 0.009
0.312 0.673 0.006 0.008
0.01 0.971 0.006 0.013
0.009 0.976 0.007 0.008
0.012 0.968 0.01 0.01
0.012 0.969 0.007 0.013
0.019 0.95 0.012 0.018
0.019 0.96 0.008 0.012
0.022 0.949 0.012 0.016
0.062 0.784 0.029 0.125
0.013 0.965 0.011 0.011
0.014 0.916 0.01 0.061
0.051 0.913 0.008 0.028
0.086 0.89 0.016 0.008
0.237 0.727 0.009 0.027
0.081 0.898 0.007 0.013
0.015 0.962 0.008 0.014
0.023 0.857 0.015 0.105
0.036 0.935 0.007 0.023
0.009 0.972 0.011 0.008
0.01 0.971 0.011 0.008
0.01 0.971 0.011 0.008
0.057 0.916 0.019 0.009
0.009 0.969 0.015 0.007
0.836 0.136 0.013 0.016
0.01 0.973 0.008 0.009
0.237 0.245 0.421 0.096
0.013 0.956 0.012 0.019
0.037 0.937 0.01 0.017
0.013 0.933 0.041 0.012
0.023 0.913 0.044 0.021
0.011 0.969 0.012 0.008
0.041 0.861 0.06 0.037
0.011 0.969 0.012 0.009
0.233 0.196 0.012 0.56
0.156 0.193 0.63 0.022
0.13 0.742 0.041 0.086
0.032 0.155 0.78 0.033
0.837 0.074 0.053 0.036
0.415 0.385 0.127 0.074
0.67 0.046 0.127 0.158
0.614 0.055 0.041 0.289
0.611 0.066 0.291 0.032
0.475 0.263 0.132 0.13
0.045 0.614 0.32 0.021
0.9 0.018 0.015 0.067
0.532 0.011 0.025 0.432
0.017 0.01 0.02 0.953
0.04 0.03 0.011 0.919
0.149 0.009 0.015 0.827
0.534 0.344 0.03 0.092
0.008 0.008 0.014 0.969
0.014 0.011 0.463 0.512
0.13 0.02 0.277 0.574
0.013 0.009 0.014 0.964
0.055 0.011 0.015 0.92
0.077 0.024 0.081 0.818
0.045 0.009 0.687 0.259
0.96 0.017 0.01 0.014
