0.009 0.009 0.924 0.009 0.009 0.01 0.013 0.006 0.011
0.008 0.007 0.928 0.01 0.009 0.015 0.009 0.011 0.004
0.007 0.026 0.833 0.01 0.006 0.053 0.028 0.032 0.005
0.142 0.143 0.64 0.008 0.038 0.01 0.006 0.007 0.007
0.007 0.039 0.849 0.016 0.009 0.015 0.039 0.019 0.007
0.005 0.155 0.728 0.011 0.017 0.024 0.024 0.027 0.01
0.009 0.015 0.129 0.17 0.012 0.096 0.278 0.286 0.007
0.011 0.007 0.727 0.061 0.041 0.016 0.124 0.01 0.004
0.01 0.266 0.246 0.013 0.419 0.024 0.005 0.013 0.005
0.006 0.168 0.404 0.009 0.317 0.065 0.009 0.016 0.005
0.005 0.046 0.855 0.014 0.031 0.019 0.006 0.017 0.007
0.009 0.006 0.921 0.005 0.006 0.016 0.015 0.013 0.008
0.004 0.073 0.86 0.005 0.028 0.008 0.005 0.01 0.007
0.011 0.012 0.221 0.253 0.016 0.014 0.386 0.08 0.007
0.016 0.01 0.78 0.016 0.098 0.014 0.037 0.016 0.013
0.006 0.009 0.938 0.007 0.009 0.006 0.005 0.009 0.011
0.006 0.02 0.405 0.013 0.48 0.012 0.018 0.023 0.023
0.006 0.04 0.724 0.033 0.086 0.032 0.005 0.065 0.009
0.067 0.069 0.796 0.008 0.011 0.009 0.004 0.023 0.011
0.011 0.077 0.043 0.013 0.031 0.029 0.767 0.019 0.011
0.08 0.061 0.69 0.036 0.067 0.011 0.005 0.045 0.005
0.008 0.019 0.896 0.005 0.01 0.017 0.01 0.011 0.025
0.01 0.013 0.706 0.016 0.022 0.118 0.014 0.017 0.084
0.004 0.006 0.946 0.007 0.009 0.008 0.007 0.008 0.006
0.115 0.043 0.014 0.098 0.013 0.036 0.059 0.015 0.608
0.027 0.004 0.004 0.058 0.004 0.006 0.044 0.004 0.849
0.4 0.032 0.007 0.008 0.007 0.02 0.017 0.008 0.5
0.014 0.057 0.022 0.075 0.071 0.25 0.105 0.009 0.397
0.008 0.01 0.077 0.009 0.015 0.022 0.006 0.033 0.82
0.012 0.009 0.005 0.028 0.006 0.017 0.084 0.005 0.834
0.003 0.003 0.005 0.003 0.003 0.004 0.004 0.004 0.97
0.01 0.008 0.008 0.006 0.007 0.012 0.027 0.023 0.899
0.024 0.025 0.017 0.222 0.04 0.032 0.093 0.051 0.496
0.008 0.01 0.01 0.016 0.013 0.011 0.007 0.01 0.915
0.029 0.02 0.021 0.074 0.027 0.132 0.023 0.073 0.6
0.019 0.11 0.027 0.008 0.01 0.037 0.71 0.013 0.066
0.004 0.005 0.004 0.004 0.003 0.005 0.007 0.005 0.963
0.013 0.023 0.009 0.006 0.005 0.018 0.005 0.036 0.885
0.015 0.007 0.045 0.008 0.111 0.03 0.016 0.029 0.738
0.005 0.006 0.008 0.009 0.007 0.007 0.006 0.008 0.944
0.035 0.028 0.125 0.05 0.008 0.331 0.014 0.126 0.282
0.006 0.257 0.062 0.005 0.004 0.019 0.042 0.011 0.594
0.222 0.009 0.009 0.006 0.01 0.138 0.047 0.026 0.533
0.005 0.028 0.009 0.009 0.036 0.006 0.005 0.007 0.893
0.005 0.18 0.009 0.006 0.03 0.008 0.017 0.008 0.738
0.005 0.028 0.008 0.009 0.037 0.007 0.005 0.007 0.893
0.004 0.005 0.004 0.004 0.003 0.005 0.007 0.005 0.963
0.004 0.005 0.004 0.004 0.003 0.005 0.007 0.005 0.963
0.01 0.007 0.005 0.011 0.018 0.914 0.004 0.025 0.006
0.03 0.343 0.014 0.209 0.161 0.175 0.004 0.06 0.004
0.066 0.02 0.009 0.208 0.011 0.169 0.036 0.359 0.121
0.548 0.007 0.023 0.367 0.007 0.029 0.005 0.009 0.005
0.899 0.008 0.006 0.01 0.017 0.026 0.006 0.023 0.005
0.481 0.01 0.008 0.27 0.045 0.138 0.006 0.025 0.018
0.025 0.012 0.049 0.148 0.068 0.491 0.007 0.18 0.019
0.551 0.013 0.006 0.383 0.012 0.01 0.011 0.008 0.005
0.548 0.013 0.006 0.38 0.012 0.017 0.011 0.008 0.005
0.101 0.037 0.026 0.013 0.153 0.315 0.007 0.341 0.007
0.575 0.017 0.059 0.143 0.046 0.078 0.004 0.067 0.011
0.012 0.012 0.023 0.008 0.006 0.878 0.006 0.04 0.014
0.526 0.005 0.007 0.408 0.012 0.012 0.014 0.009 0.006
0.058 0.009 0.053 0.086 0.023 0.57 0.011 0.17 0.02
0.009 0.039 0.006 0.063 0.734 0.069 0.006 0.064 0.009
0.415 0.012 0.008 0.171 0.034 0.261 0.021 0.067 0.011
0.404 0.019 0.007 0.202 0.007 0.235 0.079 0.04 0.006
0.952 0.007 0.006 0.006 0.007 0.006 0.004 0.007 0.006
0.935 0.007 0.008 0.005 0.005 0.027 0.005 0.005 0.004
0.967 0.004 0.003 0.004 0.004 0.005 0.003 0.005 0.005
0.963 0.005 0.004 0.005 0.004 0.005 0.004 0.005 0.004
0.073 0.004 0.014 0.015 0.044 0.384 0.005 0.456 0.004
0.111 0.02 0.012 0.062 0.069 0.48 0.008 0.22 0.017
0.205 0.015 0.028 0.013 0.008 0.69 0.005 0.031 0.005
0.043 0.225 0.119 0.235 0.018 0.029 0.279 0.027 0.025
0.005 0.866 0.008 0.016 0.01 0.009 0.066 0.012 0.008
0.01 0.749 0.021 0.052 0.041 0.026 0.025 0.039 0.037
0.007 0.684 0.011 0.02 0.167 0.026 0.021 0.058 0.007
0.014 0.023 0.022 0.031 0.035 0.32 0.013 0.538 0.004
0.081 0.023 0.519 0.026 0.01 0.2 0.011 0.084 0.046
0.078 0.229 0.121 0.014 0.149 0.246 0.008 0.142 0.013
0.146 0.072 0.027 0.013 0.008 0.667 0.009 0.039 0.019
0.028 0.622 0.038 0.012 0.007 0.125 0.017 0.142 0.009
0.004 0.966 0.004 0.003 0.005 0.005 0.005 0.004 0.005
0.007 0.764 0.008 0.013 0.005 0.007 0.179 0.011 0.006
0.009 0.709 0.082 0.009 0.029 0.035 0.06 0.038 0.029
0.038 0.873 0.009 0.006 0.013 0.03 0.016 0.009 0.007
0.011 0.029 0.052 0.027 0.013 0.554 0.013 0.238 0.063
0.008 0.043 0.032 0.016 0.019 0.632 0.014 0.104 0.133
0.004 0.956 0.005 0.005 0.004 0.008 0.006 0.006 0.006
0.008 0.131 0.025 0.023 0.479 0.155 0.037 0.124 0.017
0.642 0.04 0.017 0.024 0.007 0.104 0.04 0.086 0.041
0.007 0.901 0.02 0.005 0.022 0.013 0.007 0.016 0.007
0.01 0.857 0.005 0.005 0.016 0.035 0.007 0.06 0.005
0.027 0.33 0.011 0.031 0.039 0.123 0.406 0.025 0.009
0.011 0.931 0.007 0.005 0.006 0.019 0.009 0.006 0.006
0.016 0.829 0.08 0.01 0.027 0.013 0.007 0.011 0.006
0.009 0.895 0.023 0.006 0.011 0.016 0.009 0.017 0.014
0.007 0.122 0.006 0.011 0.01 0.294 0.05 0.491 0.01
0.021 0.027 0.014 0.011 0.016 0.3 0.057 0.537 0.017
0.007 0.005 0.011 0.009 0.005 0.362 0.007 0.585 0.008
0.011 0.034 0.006 0.007 0.006 0.362 0.006 0.563 0.005
0.782 0.012 0.009 0.01 0.011 0.015 0.081 0.067 0.013
0.041 0.022 0.011 0.007 0.008 0.355 0.022 0.521 0.011
0.01 0.006 0.008 0.048 0.005 0.295 0.006 0.571 0.05
0.007 0.013 0.013 0.112 0.008 0.251 0.009 0.579 0.008
0.036 0.65 0.022 0.008 0.012 0.15 0.008 0.103 0.011
0.048 0.061 0.008 0.013 0.02 0.651 0.012 0.177 0.011
0.012 0.046 0.021 0.018 0.006 0.753 0.016 0.111 0.017
0.018 0.041 0.05 0.169 0.186 0.219 0.03 0.106 0.181
0.009 0.814 0.01 0.019 0.044 0.052 0.006 0.037 0.009
0.03 0.169 0.029 0.033 0.029 0.2 0.061 0.442 0.008
0.03 0.062 0.061 0.011 0.007 0.295 0.018 0.459 0.058
0.638 0.033 0.02 0.007 0.007 0.046 0.021 0.193 0.035
0.012 0.369 0.009 0.017 0.033 0.142 0.012 0.399 0.008
0.016 0.03 0.034 0.017 0.017 0.376 0.01 0.486 0.013
0.016 0.098 0.027 0.017 0.012 0.165 0.281 0.377 0.007
0.293 0.016 0.062 0.018 0.039 0.218 0.013 0.311 0.031
0.042 0.022 0.014 0.067 0.028 0.439 0.232 0.118 0.039
0.059 0.178 0.014 0.006 0.008 0.597 0.01 0.098 0.029
0.011 0.437 0.006 0.008 0.013 0.493 0.007 0.011 0.014
0.021 0.656 0.016 0.009 0.016 0.146 0.006 0.113 0.017
0.03 0.109 0.011 0.057 0.03 0.069 0.394 0.285 0.014
0.045 0.113 0.016 0.043 0.011 0.09 0.454 0.118 0.109
0.015 0.02 0.022 0.265 0.064 0.036 0.297 0.087 0.193
0.015 0.347 0.105 0.165 0.081 0.041 0.128 0.079 0.04
0.012 0.01 0.93 0.009 0.006 0.01 0.008 0.009 0.007
0.011 0.211 0.521 0.012 0.008 0.113 0.1 0.014 0.009
0.059 0.024 0.225 0.041 0.018 0.096 0.485 0.031 0.02
0.011 0.019 0.305 0.021 0.017 0.209 0.146 0.237 0.034
0.03 0.276 0.538 0.01 0.021 0.043 0.05 0.017 0.013
0.016 0.035 0.054 0.01 0.02 0.354 0.028 0.473 0.009
0.006 0.71 0.165 0.013 0.009 0.013 0.062 0.009 0.013
0.039 0.104 0.04 0.013 0.004 0.05 0.714 0.025 0.011
0.004 0.008 0.943 0.004 0.005 0.008 0.019 0.004 0.006
0.009 0.01 0.026 0.01 0.007 0.044 0.766 0.115 0.011
0.014 0.02 0.553 0.009 0.029 0.044 0.234 0.043 0.054
0.005 0.008 0.899 0.006 0.006 0.008 0.053 0.008 0.008
0.012 0.019 0.852 0.017 0.01 0.031 0.009 0.02 0.03
0.01 0.012 0.885 0.011 0.005 0.016 0.034 0.016 0.011
0.01 0.013 0.894 0.008 0.007 0.032 0.006 0.011 0.02
0.012 0.421 0.473 0.01 0.017 0.021 0.013 0.012 0.02
0.009 0.266 0.232 0.011 0.009 0.08 0.348 0.026 0.019
0.007 0.03 0.117 0.014 0.007 0.022 0.781 0.012 0.01
0.017 0.507 0.296 0.029 0.018 0.054 0.051 0.023 0.005
0.323 0.168 0.241 0.023 0.028 0.046 0.129 0.028 0.014
0.026 0.02 0.005 0.013 0.008 0.014 0.899 0.011 0.004
0.009 0.05 0.042 0.064 0.012 0.066 0.621 0.082 0.053
0.016 0.206 0.041 0.01 0.035 0.084 0.58 0.014 0.014
0.037 0.121 0.183 0.065 0.032 0.071 0.38 0.089 0.021
0.007 0.009 0.216 0.006 0.006 0.019 0.719 0.01 0.007
0.028 0.153 0.105 0.012 0.014 0.43 0.198 0.05 0.009
0.004 0.005 0.006 0.004 0.004 0.008 0.958 0.004 0.006
0.004 0.01 0.055 0.007 0.01 0.01 0.877 0.019 0.007
0.012 0.013 0.234 0.019 0.006 0.022 0.502 0.008 0.186
0.008 0.024 0.021 0.006 0.006 0.019 0.894 0.006 0.016
0.008 0.13 0.015 0.008 0.041 0.023 0.716 0.033 0.025
0.005 0.006 0.014 0.007 0.011 0.007 0.936 0.005 0.008
0.004 0.005 0.004 0.003 0.003 0.004 0.968 0.004 0.004
0.038 0.027 0.038 0.028 0.021 0.044 0.684 0.055 0.065
0.009 0.008 0.018 0.009 0.005 0.009 0.928 0.008 0.006
0.011 0.022 0.009 0.007 0.006 0.025 0.614 0.02 0.286
0.004 0.005 0.006 0.005 0.004 0.007 0.957 0.004 0.008
0.161 0.034 0.155 0.008 0.095 0.437 0.059 0.043 0.007
0.004 0.012 0.007 0.005 0.004 0.005 0.954 0.004 0.004
0.004 0.005 0.01 0.004 0.004 0.006 0.952 0.007 0.007
0.005 0.017 0.007 0.012 0.009 0.015 0.907 0.01 0.018
0.006 0.008 0.009 0.007 0.005 0.007 0.946 0.006 0.006
0.003 0.006 0.004 0.004 0.004 0.004 0.966 0.004 0.004
0.009 0.437 0.233 0.017 0.049 0.073 0.123 0.054 0.005
0.012 0.037 0.013 0.02 0.007 0.764 0.033 0.106 0.006
0.011 0.034 0.008 0.023 0.151 0.323 0.004 0.44 0.006
0.008 0.025 0.004 0.006 0.009 0.383 0.005 0.554 0.005
0.01 0.428 0.126 0.032 0.033 0.127 0.029 0.173 0.041
0.046 0.069 0.011 0.013 0.432 0.121 0.006 0.287 0.015
0.005 0.056 0.008 0.031 0.027 0.429 0.005 0.434 0.006
0.038 0.015 0.007 0.043 0.136 0.455 0.004 0.297 0.005
0.02 0.137 0.028 0.016 0.152 0.326 0.011 0.3 0.01
0.022 0.014 0.011 0.017 0.009 0.721 0.012 0.159 0.034
0.073 0.064 0.006 0.018 0.172 0.445 0.007 0.17 0.045
0.011 0.011 0.03 0.027 0.062 0.501 0.007 0.332 0.019
0.036 0.008 0.004 0.027 0.032 0.721 0.004 0.16 0.008
0.186 0.083 0.13 0.011 0.012 0.524 0.008 0.042 0.005
0.1 0.059 0.009 0.161 0.023 0.597 0.019 0.029 0.004
0.007 0.008 0.044 0.318 0.098 0.035 0.008 0.424 0.058
0.049 0.006 0.665 0.144 0.03 0.056 0.008 0.037 0.006
0.006 0.022 0.205 0.354 0.039 0.107 0.008 0.228 0.031
0.04 0.009 0.169 0.17 0.383 0.121 0.005 0.093 0.01
0.009 0.007 0.019 0.313 0.227 0.064 0.004 0.347 0.011
0.416 0.026 0.01 0.245 0.014 0.024 0.021 0.205 0.038
0.016 0.012 0.052 0.409 0.077 0.025 0.008 0.391 0.01
0.023 0.061 0.029 0.163 0.404 0.021 0.009 0.283 0.007
0.365 0.021 0.006 0.307 0.008 0.031 0.006 0.249 0.007
0.009 0.009 0.007 0.52 0.042 0.013 0.004 0.364 0.032
0.018 0.008 0.012 0.531 0.008 0.011 0.007 0.396 0.009
0.004 0.009 0.01 0.483 0.097 0.008 0.004 0.369 0.017
0.009 0.022 0.008 0.364 0.014 0.21 0.006 0.363 0.005
0.005 0.005 0.006 0.527 0.007 0.008 0.005 0.392 0.045
0.011 0.009 0.008 0.541 0.02 0.02 0.004 0.377 0.01
0.01 0.131 0.012 0.263 0.107 0.158 0.006 0.293 0.018
0.011 0.099 0.021 0.346 0.126 0.041 0.011 0.34 0.006
0.01 0.021 0.007 0.542 0.012 0.013 0.011 0.371 0.013
0.005 0.008 0.031 0.557 0.073 0.019 0.006 0.284 0.019
0.008 0.023 0.034 0.337 0.256 0.035 0.006 0.295 0.007
0.005 0.054 0.006 0.435 0.028 0.081 0.006 0.37 0.015
0.009 0.021 0.008 0.381 0.224 0.01 0.004 0.321 0.023
0.021 0.011 0.004 0.436 0.027 0.098 0.007 0.36 0.034
0.016 0.004 0.006 0.533 0.013 0.014 0.004 0.393 0.016
0.007 0.012 0.016 0.035 0.84 0.024 0.006 0.056 0.005
0.009 0.006 0.034 0.021 0.778 0.04 0.011 0.089 0.013
0.253 0.013 0.017 0.318 0.028 0.037 0.15 0.169 0.016
0.138 0.005 0.007 0.394 0.221 0.007 0.212 0.008 0.008
0.398 0.015 0.014 0.137 0.185 0.186 0.006 0.048 0.011
0.01 0.008 0.006 0.008 0.915 0.017 0.016 0.017 0.004
0.056 0.01 0.008 0.239 0.597 0.007 0.065 0.009 0.01
0.432 0.065 0.007 0.012 0.442 0.013 0.01 0.011 0.006
0.004 0.009 0.005 0.005 0.956 0.006 0.005 0.005 0.005
0.226 0.008 0.006 0.396 0.227 0.012 0.097 0.02 0.008
0.01 0.01 0.04 0.064 0.829 0.016 0.004 0.022 0.007
0.268 0.015 0.012 0.368 0.256 0.019 0.027 0.027 0.009
0.014 0.013 0.006 0.249 0.614 0.014 0.01 0.074 0.006
0.014 0.009 0.006 0.023 0.879 0.022 0.004 0.039 0.004
0.013 0.009 0.005 0.016 0.817 0.039 0.004 0.093 0.005
0.005 0.008 0.01 0.009 0.949 0.006 0.004 0.006 0.003
0.004 0.007 0.004 0.006 0.963 0.004 0.004 0.004 0.004
0.006 0.008 0.008 0.009 0.94 0.007 0.008 0.008 0.007
0.008 0.007 0.013 0.009 0.935 0.007 0.004 0.011 0.006
0.012 0.023 0.011 0.01 0.908 0.011 0.01 0.01 0.005
0.007 0.009 0.007 0.009 0.932 0.018 0.006 0.008 0.004
0.006 0.013 0.005 0.009 0.934 0.008 0.007 0.014 0.004
0.025 0.02 0.038 0.245 0.313 0.193 0.023 0.117 0.025
0.015 0.006 0.009 0.302 0.533 0.019 0.004 0.095 0.016
0.006 0.018 0.008 0.61 0.1 0.018 0.015 0.22 0.004
0.182 0.009 0.01 0.504 0.078 0.014 0.011 0.189 0.003
0.316 0.007 0.005 0.447 0.122 0.015 0.017 0.065 0.005
0.309 0.015 0.036 0.118 0.254 0.116 0.008 0.139 0.006
0.023 0.018 0.012 0.038 0.745 0.042 0.005 0.111 0.006
0.009 0.011 0.013 0.022 0.881 0.016 0.011 0.024 0.012
0.02 0.101 0.038 0.025 0.766 0.011 0.014 0.018 0.007
0.017 0.047 0.013 0.043 0.769 0.026 0.005 0.076 0.005
0.009 0.004 0.007 0.496 0.461 0.006 0.007 0.006 0.004
0.009 0.004 0.007 0.495 0.461 0.006 0.008 0.006 0.004
0.009 0.004 0.006 0.495 0.462 0.006 0.007 0.006 0.004
0.057 0.011 0.01 0.41 0.384 0.033 0.034 0.056 0.005
0.007 0.009 0.005 0.291 0.653 0.006 0.012 0.011 0.006
0.777 0.01 0.02 0.137 0.019 0.011 0.009 0.012 0.006
0.01 0.018 0.006 0.122 0.768 0.014 0.013 0.044 0.005
0.188 0.009 0.063 0.049 0.036 0.439 0.033 0.11 0.072
0.015 0.023 0.02 0.041 0.746 0.016 0.011 0.117 0.011
0.023 0.016 0.014 0.07 0.716 0.059 0.019 0.078 0.005
0.026 0.009 0.011 0.49 0.349 0.012 0.062 0.027 0.014
0.021 0.008 0.03 0.313 0.089 0.045 0.045 0.415 0.035
0.008 0.005 0.006 0.496 0.452 0.007 0.009 0.014 0.004
0.006 0.009 0.021 0.502 0.025 0.036 0.008 0.371 0.022
0.008 0.005 0.006 0.496 0.453 0.007 0.009 0.013 0.004
0.028 0.456 0.09 0.05 0.131 0.214 0.007 0.017 0.007
0.184 0.057 0.034 0.371 0.098 0.034 0.186 0.018 0.017
0.026 0.296 0.029 0.031 0.221 0.133 0.029 0.228 0.006
0.035 0.571 0.012 0.086 0.083 0.027 0.143 0.013 0.031
0.017 0.363 0.01 0.015 0.08 0.401 0.016 0.07 0.029
0.007 0.762 0.007 0.017 0.07 0.039 0.006 0.036 0.057
0.018 0.198 0.071 0.01 0.068 0.495 0.022 0.034 0.083
0.026 0.426 0.055 0.044 0.028 0.316 0.007 0.057 0.041
0.076 0.22 0.013 0.154 0.017 0.315 0.15 0.046 0.009
0.052 0.8 0.01 0.039 0.024 0.021 0.012 0.027 0.015
0.049 0.354 0.009 0.106 0.186 0.032 0.222 0.033 0.008
0.149 0.211 0.065 0.014 0.018 0.409 0.012 0.108 0.014
0.105 0.364 0.212 0.008 0.009 0.19 0.016 0.083 0.014
0.013 0.055 0.8 0.008 0.005 0.025 0.059 0.028 0.007
0.019 0.251 0.525 0.014 0.047 0.107 0.017 0.009 0.011
0.256 0.028 0.63 0.007 0.006 0.044 0.006 0.009 0.013
0.062 0.296 0.022 0.014 0.433 0.129 0.014 0.016 0.014
0.007 0.012 0.935 0.006 0.004 0.007 0.011 0.007 0.011
0.01 0.021 0.229 0.009 0.009 0.013 0.673 0.028 0.008
0.311 0.173 0.252 0.025 0.009 0.037 0.174 0.006 0.013
0.018 0.056 0.803 0.012 0.006 0.022 0.06 0.015 0.009
0.055 0.248 0.488 0.007 0.012 0.152 0.008 0.015 0.015
0.102 0.271 0.257 0.027 0.006 0.124 0.197 0.01 0.005
0.181 0.033 0.04 0.007 0.005 0.02 0.699 0.005 0.011
0.034 0.021 0.015 0.022 0.01 0.762 0.006 0.121 0.008
