0.923 0.019 0.023 0.01 0.014 0.011
0.916 0.012 0.006 0.012 0.033 0.02
0.811 0.093 0.008 0.058 0.019 0.011
0.81 0.008 0.009 0.01 0.147 0.018
0.892 0.045 0.013 0.018 0.018 0.014
0.91 0.026 0.016 0.012 0.015 0.021
0.136 0.22 0.01 0.031 0.579 0.023
0.681 0.167 0.006 0.01 0.017 0.118
0.52 0.01 0.006 0.091 0.018 0.355
0.727 0.01 0.008 0.069 0.009 0.177
0.921 0.01 0.016 0.019 0.012 0.022
0.922 0.017 0.017 0.012 0.024 0.008
0.953 0.007 0.008 0.009 0.008 0.014
0.288 0.466 0.013 0.013 0.032 0.187
0.64 0.079 0.021 0.014 0.055 0.19
0.94 0.008 0.014 0.008 0.016 0.013
0.449 0.027 0.033 0.019 0.017 0.454
0.846 0.007 0.018 0.026 0.02 0.082
0.65 0.008 0.018 0.043 0.269 0.011
0.079 0.795 0.017 0.041 0.028 0.041
0.486 0.01 0.007 0.055 0.348 0.093
0.935 0.011 0.018 0.02 0.008 0.009
0.767 0.017 0.118 0.032 0.03 0.036
0.954 0.01 0.008 0.008 0.007 0.013
0.019 0.179 0.678 0.054 0.032 0.039
0.006 0.111 0.849 0.008 0.012 0.015
0.015 0.027 0.498 0.034 0.417 0.01
0.045 0.215 0.433 0.168 0.017 0.123
0.098 0.011 0.827 0.018 0.026 0.02
0.009 0.131 0.83 0.011 0.01 0.011
0.008 0.007 0.97 0.005 0.005 0.004
0.015 0.055 0.894 0.011 0.016 0.009
0.023 0.204 0.545 0.126 0.016 0.087
0.012 0.009 0.943 0.012 0.011 0.012
0.033 0.044 0.638 0.175 0.04 0.07
0.031 0.868 0.04 0.033 0.018 0.01
0.006 0.009 0.967 0.007 0.007 0.004
0.013 0.008 0.863 0.086 0.023 0.007
0.066 0.026 0.746 0.013 0.078 0.071
0.01 0.01 0.958 0.008 0.007 0.007
0.226 0.025 0.342 0.044 0.347 0.017
0.287 0.052 0.587 0.057 0.011 0.006
0.016 0.081 0.591 0.014 0.286 0.012
0.017 0.009 0.904 0.018 0.01 0.042
0.043 0.054 0.821 0.031 0.013 0.037
0.017 0.009 0.904 0.018 0.01 0.042
0.006 0.009 0.968 0.007 0.006 0.004
0.006 0.009 0.968 0.007 0.007 0.004
0.01 0.005 0.009 0.912 0.026 0.037
0.216 0.005 0.006 0.267 0.017 0.489
0.009 0.024 0.267 0.382 0.292 0.025
0.041 0.01 0.006 0.436 0.152 0.355
0.007 0.008 0.007 0.028 0.929 0.021
0.01 0.007 0.013 0.511 0.104 0.354
0.093 0.016 0.062 0.548 0.125 0.156
0.016 0.067 0.009 0.371 0.116 0.421
0.017 0.062 0.009 0.383 0.116 0.413
0.028 0.009 0.009 0.759 0.113 0.082
0.088 0.007 0.022 0.267 0.441 0.175
0.048 0.008 0.019 0.874 0.039 0.012
0.013 0.12 0.009 0.183 0.126 0.549
0.121 0.018 0.129 0.293 0.314 0.125
0.01 0.008 0.011 0.109 0.013 0.849
0.009 0.05 0.01 0.684 0.097 0.15
0.009 0.255 0.008 0.564 0.118 0.047
0.015 0.007 0.008 0.015 0.943 0.012
0.014 0.006 0.007 0.054 0.909 0.01
0.005 0.005 0.007 0.008 0.969 0.007
0.006 0.006 0.006 0.008 0.968 0.007
0.019 0.008 0.008 0.321 0.454 0.19
0.015 0.014 0.025 0.666 0.063 0.218
0.088 0.008 0.009 0.456 0.425 0.012
0.133 0.655 0.025 0.053 0.021 0.113
0.124 0.761 0.025 0.064 0.01 0.016
0.054 0.136 0.036 0.51 0.014 0.25
0.044 0.057 0.014 0.507 0.015 0.362
0.082 0.02 0.006 0.242 0.407 0.243
0.346 0.019 0.087 0.167 0.366 0.015
0.166 0.022 0.016 0.613 0.09 0.093
0.05 0.018 0.02 0.76 0.138 0.014
0.261 0.028 0.013 0.664 0.02 0.013
0.158 0.076 0.016 0.723 0.014 0.014
0.1 0.839 0.007 0.03 0.015 0.01
0.246 0.534 0.052 0.1 0.045 0.023
0.673 0.07 0.018 0.167 0.052 0.019
0.099 0.018 0.191 0.592 0.082 0.017
0.076 0.038 0.367 0.456 0.036 0.027
0.043 0.035 0.009 0.896 0.01 0.007
0.091 0.125 0.028 0.19 0.019 0.548
0.031 0.053 0.061 0.338 0.506 0.012
0.713 0.04 0.015 0.189 0.012 0.031
0.019 0.033 0.008 0.907 0.011 0.021
0.027 0.596 0.013 0.261 0.018 0.086
0.14 0.028 0.008 0.797 0.018 0.009
0.883 0.012 0.009 0.059 0.016 0.021
0.748 0.017 0.018 0.157 0.038 0.023
0.014 0.199 0.017 0.697 0.05 0.023
0.043 0.189 0.024 0.256 0.428 0.06
0.029 0.012 0.016 0.324 0.599 0.02
0.01 0.01 0.008 0.921 0.041 0.01
0.009 0.034 0.011 0.012 0.922 0.012
0.015 0.045 0.02 0.797 0.111 0.012
0.018 0.01 0.121 0.298 0.53 0.024
0.032 0.018 0.029 0.27 0.634 0.018
0.228 0.013 0.015 0.675 0.059 0.01
0.01 0.013 0.01 0.92 0.033 0.015
0.027 0.021 0.038 0.886 0.02 0.008
0.064 0.081 0.356 0.031 0.091 0.378
0.053 0.011 0.015 0.795 0.038 0.088
0.083 0.136 0.011 0.174 0.532 0.065
0.13 0.025 0.049 0.489 0.295 0.013
0.029 0.029 0.048 0.036 0.85 0.008
0.012 0.013 0.01 0.922 0.02 0.022
0.103 0.013 0.03 0.642 0.171 0.04
0.06 0.573 0.011 0.254 0.065 0.038
0.064 0.03 0.058 0.129 0.66 0.059
0.024 0.357 0.094 0.339 0.089 0.096
0.02 0.014 0.02 0.916 0.022 0.008
0.014 0.015 0.026 0.852 0.07 0.023
0.021 0.009 0.015 0.921 0.02 0.013
0.06 0.664 0.038 0.117 0.035 0.085
0.088 0.562 0.179 0.034 0.123 0.015
0.074 0.345 0.355 0.023 0.043 0.159
0.225 0.514 0.043 0.032 0.037 0.149
0.935 0.01 0.01 0.016 0.013 0.016
0.858 0.094 0.01 0.019 0.01 0.009
0.227 0.63 0.02 0.039 0.049 0.035
0.569 0.21 0.043 0.122 0.031 0.026
0.871 0.042 0.017 0.031 0.025 0.015
0.375 0.091 0.016 0.274 0.18 0.064
0.905 0.036 0.009 0.031 0.008 0.012
0.083 0.86 0.011 0.025 0.013 0.007
0.95 0.024 0.007 0.007 0.005 0.007
0.047 0.866 0.021 0.034 0.021 0.011
0.531 0.335 0.047 0.034 0.022 0.03
0.833 0.127 0.011 0.011 0.009 0.009
0.895 0.01 0.049 0.023 0.011 0.012
0.902 0.05 0.012 0.014 0.013 0.009
0.932 0.008 0.016 0.024 0.01 0.01
0.912 0.014 0.015 0.031 0.015 0.014
0.555 0.36 0.019 0.044 0.011 0.012
0.197 0.757 0.013 0.014 0.01 0.009
0.702 0.195 0.007 0.02 0.03 0.046
0.432 0.156 0.021 0.059 0.298 0.035
0.007 0.926 0.006 0.025 0.025 0.01
0.061 0.68 0.118 0.077 0.05 0.015
0.123 0.642 0.016 0.162 0.023 0.035
0.245 0.435 0.037 0.117 0.116 0.05
0.269 0.682 0.011 0.011 0.016 0.011
0.453 0.322 0.019 0.133 0.042 0.031
0.01 0.962 0.008 0.007 0.007 0.006
0.059 0.897 0.009 0.01 0.015 0.01
0.215 0.593 0.156 0.013 0.015 0.008
0.016 0.951 0.01 0.009 0.007 0.007
0.037 0.754 0.028 0.115 0.021 0.044
0.016 0.941 0.01 0.007 0.011 0.016
0.006 0.973 0.006 0.006 0.006 0.004
0.047 0.715 0.091 0.042 0.075 0.03
0.024 0.94 0.007 0.011 0.011 0.008
0.016 0.65 0.255 0.055 0.017 0.007
0.006 0.967 0.01 0.006 0.005 0.006
0.224 0.085 0.013 0.236 0.388 0.054
0.008 0.969 0.005 0.007 0.006 0.005
0.017 0.954 0.009 0.008 0.007 0.006
0.009 0.944 0.02 0.009 0.009 0.009
0.011 0.961 0.007 0.008 0.007 0.006
0.007 0.972 0.006 0.006 0.005 0.006
0.759 0.116 0.008 0.039 0.044 0.034
0.023 0.056 0.01 0.862 0.035 0.014
0.011 0.006 0.008 0.816 0.017 0.142
0.006 0.008 0.007 0.959 0.01 0.011
0.635 0.053 0.107 0.137 0.031 0.036
0.021 0.009 0.021 0.572 0.11 0.267
0.011 0.006 0.009 0.945 0.011 0.019
0.012 0.006 0.006 0.75 0.084 0.142
0.029 0.015 0.009 0.863 0.015 0.069
0.018 0.028 0.039 0.879 0.02 0.016
0.007 0.009 0.014 0.903 0.009 0.059
0.076 0.013 0.048 0.682 0.062 0.119
0.006 0.005 0.009 0.945 0.012 0.023
0.121 0.01 0.007 0.412 0.437 0.014
0.02 0.053 0.007 0.772 0.057 0.09
0.021 0.009 0.235 0.024 0.406 0.305
0.513 0.016 0.012 0.065 0.046 0.347
0.449 0.021 0.267 0.035 0.087 0.141
0.039 0.007 0.01 0.117 0.027 0.8
0.018 0.005 0.063 0.074 0.293 0.547
0.016 0.038 0.136 0.038 0.7 0.072
0.022 0.009 0.017 0.016 0.859 0.077
0.031 0.012 0.008 0.05 0.232 0.667
0.008 0.009 0.012 0.035 0.914 0.022
0.019 0.007 0.404 0.021 0.228 0.321
0.015 0.007 0.093 0.013 0.819 0.053
0.015 0.006 0.232 0.012 0.101 0.634
0.021 0.012 0.013 0.258 0.65 0.045
0.029 0.013 0.538 0.017 0.274 0.129
0.016 0.006 0.288 0.027 0.243 0.42
0.017 0.008 0.013 0.561 0.081 0.32
0.08 0.017 0.011 0.206 0.425 0.261
0.017 0.042 0.042 0.032 0.666 0.201
0.036 0.007 0.17 0.023 0.109 0.656
0.051 0.01 0.017 0.207 0.079 0.636
0.013 0.01 0.219 0.509 0.117 0.132
0.011 0.007 0.135 0.064 0.071 0.711
0.009 0.01 0.258 0.09 0.552 0.081
0.01 0.006 0.288 0.019 0.385 0.292
0.023 0.008 0.009 0.02 0.02 0.92
0.039 0.018 0.015 0.041 0.033 0.855
0.013 0.18 0.012 0.018 0.656 0.122
0.008 0.344 0.011 0.009 0.075 0.553
0.021 0.009 0.016 0.214 0.482 0.259
0.01 0.021 0.005 0.022 0.014 0.928
0.01 0.078 0.014 0.011 0.053 0.834
0.018 0.014 0.012 0.019 0.589 0.347
0.009 0.01 0.008 0.012 0.008 0.953
0.007 0.188 0.011 0.015 0.082 0.697
0.038 0.007 0.011 0.018 0.014 0.912
0.01 0.039 0.011 0.015 0.073 0.852
0.008 0.018 0.008 0.013 0.028 0.925
0.012 0.006 0.009 0.042 0.03 0.9
0.008 0.006 0.007 0.098 0.054 0.827
0.013 0.006 0.005 0.011 0.007 0.959
0.006 0.006 0.005 0.009 0.005 0.968
0.012 0.011 0.009 0.011 0.008 0.949
0.019 0.006 0.009 0.013 0.022 0.931
0.024 0.017 0.008 0.028 0.025 0.899
0.01 0.009 0.006 0.017 0.012 0.945
0.008 0.015 0.006 0.02 0.008 0.943
0.053 0.06 0.028 0.075 0.108 0.677
0.015 0.007 0.05 0.014 0.047 0.868
0.015 0.034 0.005 0.017 0.06 0.868
0.015 0.016 0.005 0.011 0.334 0.62
0.007 0.029 0.008 0.016 0.317 0.623
0.028 0.009 0.008 0.033 0.658 0.265
0.01 0.008 0.007 0.049 0.027 0.899
0.022 0.011 0.013 0.017 0.033 0.904
0.07 0.021 0.01 0.03 0.028 0.841
0.028 0.006 0.007 0.061 0.062 0.835
0.008 0.011 0.006 0.008 0.013 0.953
0.008 0.011 0.006 0.008 0.013 0.953
0.008 0.012 0.006 0.008 0.013 0.953
0.008 0.031 0.006 0.029 0.02 0.906
0.006 0.014 0.007 0.009 0.008 0.956
0.013 0.012 0.008 0.016 0.862 0.089
0.008 0.011 0.007 0.009 0.017 0.949
0.084 0.038 0.234 0.033 0.544 0.067
0.03 0.017 0.015 0.026 0.054 0.858
0.016 0.019 0.007 0.031 0.076 0.85
0.013 0.092 0.015 0.014 0.036 0.83
0.026 0.035 0.032 0.023 0.752 0.132
0.008 0.014 0.006 0.009 0.011 0.952
0.071 0.011 0.252 0.061 0.233 0.373
0.008 0.014 0.006 0.009 0.011 0.953
0.493 0.009 0.009 0.263 0.03 0.195
0.023 0.397 0.019 0.174 0.055 0.332
0.072 0.056 0.009 0.343 0.269 0.25
0.045 0.31 0.076 0.268 0.077 0.225
0.016 0.018 0.022 0.901 0.016 0.027
0.021 0.015 0.028 0.841 0.011 0.084
0.093 0.027 0.088 0.742 0.025 0.026
0.312 0.012 0.065 0.509 0.062 0.039
0.026 0.284 0.015 0.469 0.145 0.061
0.051 0.032 0.023 0.748 0.047 0.1
0.026 0.343 0.015 0.177 0.117 0.322
0.067 0.015 0.014 0.522 0.365 0.017
0.311 0.033 0.015 0.37 0.261 0.01
0.876 0.066 0.008 0.017 0.025 0.008
0.881 0.012 0.009 0.053 0.011 0.034
0.782 0.009 0.013 0.022 0.165 0.008
0.059 0.021 0.022 0.546 0.038 0.315
0.95 0.016 0.01 0.007 0.009 0.007
0.178 0.767 0.009 0.014 0.021 0.011
0.355 0.388 0.015 0.022 0.206 0.014
0.918 0.04 0.01 0.012 0.011 0.009
0.875 0.012 0.016 0.069 0.017 0.011
0.698 0.194 0.006 0.024 0.063 0.015
0.054 0.758 0.012 0.01 0.16 0.006
0.02 0.007 0.01 0.916 0.036 0.011
