0.917 0.02 0.026 0.01 0.012 0.015
0.904 0.014 0.007 0.013 0.022 0.039
0.809 0.094 0.009 0.057 0.012 0.02
0.793 0.008 0.009 0.01 0.018 0.162
0.889 0.044 0.015 0.018 0.015 0.018
0.905 0.027 0.018 0.012 0.022 0.016
0.138 0.196 0.011 0.025 0.021 0.61
0.687 0.16 0.006 0.012 0.119 0.016
0.5 0.011 0.007 0.103 0.358 0.021
0.711 0.011 0.008 0.079 0.182 0.009
0.914 0.01 0.019 0.02 0.024 0.012
0.917 0.018 0.019 0.012 0.008 0.026
0.951 0.007 0.009 0.01 0.014 0.009
0.281 0.459 0.015 0.015 0.207 0.023
0.611 0.085 0.022 0.015 0.203 0.064
0.934 0.009 0.014 0.009 0.014 0.02
0.425 0.028 0.035 0.02 0.471 0.02
0.843 0.007 0.019 0.025 0.085 0.02
0.585 0.009 0.019 0.043 0.012 0.332
0.077 0.792 0.017 0.04 0.042 0.032
0.404 0.011 0.008 0.052 0.109 0.415
0.932 0.011 0.017 0.022 0.01 0.008
0.749 0.018 0.127 0.036 0.038 0.033
0.951 0.011 0.009 0.008 0.013 0.008
0.02 0.196 0.668 0.054 0.041 0.022
0.006 0.13 0.83 0.01 0.017 0.007
0.015 0.028 0.485 0.031 0.009 0.431
0.045 0.24 0.377 0.21 0.116 0.012
0.109 0.012 0.805 0.019 0.022 0.034
0.009 0.152 0.807 0.011 0.012 0.008
0.008 0.008 0.968 0.006 0.004 0.006
0.017 0.058 0.883 0.012 0.01 0.019
0.024 0.214 0.51 0.153 0.085 0.015
0.012 0.01 0.94 0.013 0.013 0.011
0.034 0.049 0.612 0.199 0.066 0.039
0.033 0.858 0.039 0.039 0.011 0.019
0.006 0.009 0.966 0.007 0.004 0.007
0.013 0.008 0.835 0.108 0.008 0.028
0.072 0.026 0.72 0.011 0.073 0.097
0.011 0.011 0.955 0.009 0.007 0.007
0.204 0.027 0.337 0.035 0.019 0.378
0.305 0.053 0.563 0.061 0.007 0.012
0.016 0.084 0.566 0.014 0.013 0.307
0.019 0.009 0.889 0.022 0.05 0.011
0.049 0.062 0.799 0.037 0.04 0.013
0.019 0.009 0.888 0.022 0.05 0.011
0.006 0.009 0.966 0.007 0.004 0.007
0.006 0.009 0.965 0.008 0.004 0.007
0.012 0.005 0.01 0.884 0.042 0.047
0.234 0.006 0.007 0.232 0.509 0.013
0.009 0.024 0.331 0.443 0.029 0.163
0.041 0.01 0.007 0.518 0.342 0.083
0.008 0.008 0.007 0.028 0.022 0.927
0.01 0.007 0.012 0.599 0.335 0.036
0.121 0.017 0.081 0.504 0.19 0.086
0.018 0.076 0.01 0.451 0.404 0.041
0.018 0.072 0.009 0.465 0.396 0.041
0.03 0.01 0.01 0.734 0.088 0.129
0.092 0.007 0.025 0.303 0.208 0.365
0.052 0.009 0.021 0.84 0.013 0.065
0.014 0.143 0.009 0.224 0.559 0.05
0.152 0.019 0.171 0.284 0.166 0.208
0.011 0.009 0.012 0.117 0.839 0.012
0.009 0.055 0.009 0.776 0.118 0.034
0.009 0.264 0.008 0.63 0.038 0.051
0.016 0.008 0.008 0.015 0.013 0.941
0.015 0.007 0.007 0.051 0.012 0.909
0.005 0.005 0.007 0.008 0.007 0.968
0.006 0.006 0.006 0.008 0.007 0.967
0.022 0.009 0.008 0.284 0.214 0.463
0.017 0.014 0.026 0.661 0.234 0.049
0.094 0.009 0.01 0.467 0.013 0.407
0.143 0.643 0.025 0.055 0.117 0.017
0.132 0.746 0.027 0.066 0.018 0.011
0.053 0.141 0.037 0.5 0.255 0.014
0.047 0.057 0.015 0.524 0.342 0.015
0.093 0.021 0.007 0.211 0.234 0.435
0.342 0.02 0.1 0.119 0.016 0.403
0.164 0.023 0.017 0.573 0.097 0.126
0.053 0.018 0.021 0.719 0.014 0.174
0.282 0.03 0.014 0.64 0.013 0.021
0.161 0.078 0.017 0.716 0.013 0.016
0.108 0.826 0.007 0.032 0.01 0.016
0.259 0.528 0.048 0.084 0.024 0.058
0.717 0.075 0.021 0.111 0.02 0.057
0.104 0.02 0.245 0.532 0.018 0.082
0.083 0.042 0.435 0.379 0.032 0.03
0.041 0.034 0.009 0.899 0.007 0.01
0.101 0.125 0.031 0.144 0.577 0.021
0.035 0.054 0.067 0.352 0.013 0.48
0.751 0.043 0.016 0.144 0.033 0.013
0.019 0.033 0.009 0.907 0.02 0.012
0.028 0.591 0.013 0.267 0.085 0.016
0.145 0.03 0.008 0.79 0.009 0.018
0.886 0.013 0.009 0.052 0.022 0.017
0.779 0.018 0.018 0.114 0.024 0.047
0.016 0.201 0.019 0.677 0.025 0.062
0.046 0.171 0.026 0.224 0.056 0.476
0.028 0.012 0.016 0.266 0.017 0.661
0.01 0.011 0.009 0.908 0.011 0.051
0.01 0.032 0.011 0.012 0.011 0.924
0.016 0.05 0.022 0.742 0.012 0.158
0.019 0.01 0.148 0.255 0.022 0.547
0.031 0.02 0.032 0.227 0.017 0.674
0.263 0.013 0.018 0.621 0.011 0.074
0.01 0.014 0.01 0.904 0.016 0.045
0.03 0.022 0.047 0.868 0.009 0.023
0.066 0.083 0.381 0.028 0.388 0.056
0.05 0.012 0.015 0.797 0.085 0.04
0.077 0.131 0.011 0.138 0.056 0.587
0.127 0.024 0.05 0.399 0.012 0.388
0.026 0.027 0.047 0.029 0.009 0.862
0.013 0.014 0.01 0.917 0.022 0.024
0.129 0.014 0.031 0.567 0.047 0.212
0.066 0.551 0.011 0.24 0.04 0.092
0.067 0.03 0.06 0.113 0.055 0.674
0.024 0.358 0.1 0.363 0.099 0.057
0.02 0.015 0.02 0.91 0.008 0.026
0.016 0.015 0.03 0.83 0.025 0.083
0.022 0.009 0.014 0.921 0.014 0.02
0.073 0.647 0.042 0.113 0.092 0.035
0.102 0.554 0.202 0.034 0.015 0.092
0.08 0.346 0.366 0.022 0.162 0.025
0.239 0.494 0.047 0.031 0.157 0.032
0.929 0.01 0.01 0.018 0.018 0.015
0.855 0.096 0.011 0.018 0.01 0.01
0.24 0.609 0.02 0.041 0.037 0.052
0.59 0.204 0.046 0.105 0.026 0.029
0.867 0.043 0.018 0.031 0.015 0.027
0.352 0.085 0.016 0.23 0.06 0.257
0.905 0.036 0.01 0.029 0.013 0.008
0.096 0.845 0.011 0.029 0.007 0.012
0.946 0.027 0.007 0.008 0.007 0.006
0.057 0.851 0.021 0.035 0.012 0.023
0.55 0.315 0.043 0.035 0.032 0.026
0.832 0.126 0.011 0.011 0.01 0.011
0.892 0.011 0.052 0.023 0.012 0.011
0.895 0.054 0.013 0.015 0.01 0.014
0.929 0.009 0.017 0.025 0.011 0.01
0.906 0.015 0.015 0.035 0.014 0.015
0.555 0.358 0.019 0.045 0.012 0.01
0.217 0.735 0.013 0.014 0.01 0.011
0.697 0.196 0.007 0.021 0.046 0.034
0.394 0.165 0.02 0.067 0.039 0.316
0.007 0.923 0.006 0.026 0.011 0.027
0.061 0.671 0.133 0.07 0.015 0.049
0.132 0.624 0.014 0.169 0.034 0.027
0.235 0.437 0.039 0.113 0.051 0.125
0.276 0.671 0.012 0.012 0.011 0.019
0.472 0.316 0.021 0.114 0.031 0.047
0.011 0.96 0.008 0.007 0.006 0.008
0.069 0.883 0.009 0.01 0.011 0.018
0.233 0.589 0.142 0.013 0.009 0.014
0.017 0.949 0.01 0.009 0.008 0.007
0.038 0.738 0.026 0.132 0.041 0.026
0.016 0.938 0.011 0.007 0.017 0.012
0.007 0.97 0.006 0.006 0.005 0.006
0.048 0.699 0.099 0.043 0.03 0.081
0.027 0.934 0.008 0.012 0.008 0.011
0.017 0.652 0.241 0.065 0.008 0.017
0.007 0.966 0.01 0.006 0.006 0.005
0.206 0.081 0.014 0.198 0.057 0.444
0.009 0.967 0.006 0.007 0.006 0.006
0.021 0.948 0.009 0.009 0.006 0.007
0.01 0.941 0.021 0.009 0.01 0.009
0.012 0.958 0.008 0.008 0.007 0.008
0.007 0.97 0.006 0.006 0.006 0.005
0.756 0.119 0.009 0.033 0.036 0.048
0.025 0.062 0.011 0.855 0.014 0.032
0.011 0.007 0.008 0.808 0.148 0.018
0.006 0.008 0.007 0.955 0.011 0.012
0.65 0.055 0.115 0.114 0.04 0.027
0.023 0.01 0.022 0.515 0.27 0.16
0.013 0.006 0.01 0.94 0.021 0.01
0.013 0.006 0.007 0.717 0.181 0.076
0.029 0.016 0.01 0.861 0.069 0.016
0.019 0.03 0.041 0.881 0.016 0.014
0.007 0.009 0.013 0.907 0.055 0.008
0.094 0.014 0.055 0.647 0.135 0.054
0.006 0.006 0.009 0.945 0.023 0.011
0.109 0.01 0.007 0.345 0.015 0.514
0.023 0.054 0.007 0.777 0.09 0.05
0.023 0.009 0.284 0.022 0.32 0.341
0.484 0.018 0.014 0.075 0.377 0.03
0.45 0.022 0.31 0.032 0.153 0.032
0.041 0.007 0.01 0.129 0.791 0.022
0.021 0.006 0.079 0.071 0.657 0.167
0.016 0.04 0.165 0.047 0.092 0.641
0.019 0.009 0.02 0.017 0.06 0.875
0.034 0.012 0.009 0.053 0.611 0.28
0.008 0.009 0.014 0.039 0.024 0.906
0.023 0.007 0.503 0.022 0.368 0.077
0.015 0.007 0.106 0.013 0.046 0.813
0.014 0.006 0.269 0.013 0.665 0.033
0.021 0.013 0.015 0.318 0.044 0.588
0.036 0.015 0.651 0.02 0.15 0.128
0.016 0.006 0.367 0.029 0.498 0.084
0.016 0.008 0.013 0.588 0.298 0.076
0.076 0.016 0.011 0.246 0.22 0.431
0.018 0.045 0.051 0.034 0.196 0.656
0.037 0.007 0.203 0.022 0.703 0.028
0.053 0.011 0.018 0.222 0.654 0.043
0.013 0.01 0.249 0.554 0.128 0.045
0.012 0.007 0.146 0.074 0.708 0.052
0.01 0.012 0.318 0.121 0.09 0.45
0.011 0.007 0.356 0.02 0.339 0.268
0.026 0.009 0.01 0.02 0.917 0.018
0.039 0.017 0.015 0.045 0.842 0.041
0.014 0.195 0.011 0.02 0.126 0.634
0.008 0.388 0.011 0.01 0.563 0.02
0.021 0.009 0.016 0.239 0.291 0.423
0.01 0.023 0.006 0.023 0.922 0.016
0.011 0.091 0.014 0.013 0.847 0.025
0.018 0.014 0.011 0.019 0.353 0.584
0.01 0.011 0.009 0.013 0.949 0.009
0.008 0.221 0.012 0.016 0.711 0.032
0.039 0.008 0.012 0.019 0.909 0.014
0.009 0.042 0.012 0.017 0.889 0.031
0.008 0.018 0.008 0.014 0.933 0.018
0.013 0.006 0.009 0.045 0.884 0.042
0.008 0.006 0.008 0.1 0.8 0.078
0.014 0.006 0.005 0.011 0.956 0.008
0.007 0.007 0.006 0.01 0.965 0.005
0.013 0.012 0.009 0.012 0.945 0.009
0.021 0.007 0.01 0.013 0.923 0.026
0.026 0.018 0.008 0.029 0.888 0.03
0.011 0.01 0.006 0.018 0.941 0.014
0.009 0.016 0.006 0.021 0.941 0.008
0.055 0.06 0.028 0.08 0.682 0.095
0.016 0.007 0.059 0.014 0.885 0.019
0.015 0.035 0.006 0.017 0.908 0.019
0.015 0.016 0.005 0.011 0.671 0.281
0.007 0.029 0.009 0.016 0.67 0.27
0.028 0.01 0.008 0.033 0.282 0.639
0.01 0.008 0.008 0.052 0.893 0.03
0.022 0.011 0.014 0.019 0.901 0.033
0.075 0.022 0.01 0.033 0.829 0.03
0.028 0.006 0.007 0.064 0.819 0.076
0.009 0.012 0.006 0.009 0.953 0.011
0.009 0.012 0.006 0.009 0.953 0.011
0.009 0.012 0.006 0.009 0.953 0.011
0.009 0.031 0.006 0.031 0.906 0.017
0.006 0.014 0.008 0.009 0.955 0.008
0.013 0.014 0.008 0.019 0.111 0.835
0.008 0.01 0.007 0.01 0.951 0.014
0.089 0.041 0.283 0.027 0.073 0.487
0.036 0.018 0.016 0.029 0.835 0.067
0.017 0.021 0.008 0.031 0.85 0.073
0.014 0.1 0.016 0.014 0.822 0.033
0.025 0.035 0.033 0.02 0.104 0.783
0.008 0.014 0.006 0.01 0.952 0.01
0.081 0.012 0.305 0.062 0.411 0.129
0.008 0.014 0.006 0.01 0.952 0.01
0.495 0.01 0.01 0.269 0.191 0.026
0.023 0.412 0.018 0.218 0.309 0.02
0.069 0.056 0.01 0.337 0.215 0.314
0.044 0.315 0.064 0.308 0.201 0.067
0.017 0.02 0.022 0.895 0.028 0.018
0.02 0.015 0.026 0.852 0.075 0.011
0.092 0.027 0.1 0.726 0.027 0.027
0.341 0.013 0.07 0.464 0.046 0.067
0.027 0.297 0.014 0.485 0.048 0.128
0.045 0.033 0.023 0.786 0.082 0.03
0.026 0.355 0.016 0.211 0.287 0.104
0.064 0.016 0.013 0.454 0.016 0.436
0.302 0.037 0.016 0.322 0.01 0.313
0.872 0.058 0.008 0.017 0.008 0.037
0.877 0.013 0.01 0.052 0.036 0.011
0.768 0.009 0.013 0.024 0.009 0.177
0.057 0.022 0.023 0.562 0.298 0.037
0.946 0.017 0.01 0.007 0.008 0.01
0.193 0.747 0.009 0.014 0.012 0.026
0.342 0.397 0.013 0.023 0.015 0.209
0.915 0.041 0.01 0.012 0.01 0.013
0.867 0.013 0.017 0.073 0.011 0.019
0.696 0.201 0.006 0.023 0.015 0.059
0.056 0.746 0.012 0.011 0.006 0.169
0.021 0.007 0.01 0.921 0.011 0.029
