0.014 0.86 0.01 0.005 0.006 0.008 0.007 0.046 0.012 0.012 0.008 0.014
0.004 0.876 0.008 0.014 0.008 0.006 0.011 0.021 0.01 0.01 0.008 0.022
0.005 0.823 0.007 0.035 0.007 0.03 0.004 0.018 0.022 0.006 0.027 0.016
0.008 0.632 0.143 0.004 0.021 0.108 0.041 0.006 0.005 0.005 0.005 0.022
0.007 0.791 0.006 0.015 0.015 0.032 0.009 0.056 0.033 0.012 0.009 0.015
0.01 0.624 0.005 0.099 0.006 0.106 0.022 0.024 0.021 0.006 0.007 0.07
0.006 0.076 0.007 0.187 0.306 0.01 0.009 0.024 0.287 0.008 0.014 0.066
0.003 0.651 0.005 0.008 0.013 0.006 0.032 0.021 0.102 0.137 0.007 0.014
0.004 0.155 0.007 0.008 0.042 0.242 0.431 0.011 0.005 0.012 0.021 0.061
0.004 0.424 0.004 0.019 0.009 0.061 0.425 0.012 0.009 0.004 0.019 0.009
0.007 0.808 0.005 0.006 0.016 0.029 0.037 0.061 0.006 0.005 0.012 0.008
0.009 0.865 0.011 0.017 0.008 0.006 0.008 0.034 0.016 0.005 0.009 0.013
0.006 0.86 0.005 0.028 0.008 0.041 0.025 0.005 0.005 0.005 0.005 0.007
0.006 0.173 0.005 0.019 0.016 0.01 0.01 0.315 0.343 0.076 0.006 0.021
0.015 0.563 0.02 0.014 0.046 0.01 0.18 0.027 0.061 0.025 0.008 0.033
0.013 0.882 0.007 0.021 0.024 0.011 0.011 0.006 0.005 0.006 0.005 0.009
0.028 0.268 0.006 0.037 0.026 0.017 0.55 0.016 0.022 0.008 0.01 0.013
0.008 0.743 0.005 0.049 0.01 0.023 0.06 0.046 0.005 0.018 0.013 0.02
0.013 0.186 0.005 0.01 0.012 0.013 0.018 0.017 0.004 0.006 0.005 0.71
0.011 0.027 0.009 0.022 0.024 0.049 0.037 0.018 0.684 0.008 0.016 0.096
0.005 0.027 0.005 0.018 0.011 0.007 0.081 0.08 0.004 0.03 0.006 0.724
0.024 0.886 0.004 0.012 0.004 0.012 0.011 0.005 0.009 0.005 0.016 0.012
0.112 0.607 0.009 0.008 0.015 0.011 0.038 0.076 0.018 0.012 0.064 0.031
0.006 0.925 0.004 0.012 0.005 0.005 0.011 0.009 0.006 0.005 0.005 0.006
0.539 0.013 0.042 0.01 0.004 0.05 0.009 0.057 0.06 0.176 0.025 0.014
0.801 0.004 0.003 0.005 0.003 0.004 0.003 0.005 0.033 0.131 0.004 0.004
0.466 0.006 0.366 0.005 0.01 0.018 0.005 0.007 0.02 0.013 0.007 0.076
0.418 0.032 0.006 0.006 0.02 0.056 0.109 0.008 0.149 0.138 0.037 0.019
0.799 0.079 0.01 0.043 0.01 0.008 0.01 0.007 0.005 0.007 0.014 0.008
0.783 0.005 0.006 0.004 0.005 0.011 0.004 0.009 0.115 0.041 0.007 0.011
0.96 0.005 0.004 0.004 0.003 0.003 0.003 0.004 0.004 0.003 0.003 0.004
0.863 0.007 0.011 0.057 0.005 0.009 0.006 0.006 0.02 0.005 0.006 0.005
0.284 0.011 0.005 0.007 0.004 0.007 0.006 0.016 0.048 0.329 0.007 0.276
0.863 0.009 0.008 0.012 0.005 0.01 0.011 0.027 0.006 0.023 0.014 0.011
0.42 0.017 0.013 0.008 0.014 0.008 0.017 0.052 0.022 0.016 0.03 0.382
0.059 0.028 0.021 0.014 0.007 0.148 0.01 0.012 0.65 0.009 0.021 0.021
0.951 0.004 0.004 0.005 0.004 0.005 0.003 0.005 0.006 0.003 0.005 0.004
0.728 0.007 0.007 0.019 0.005 0.012 0.005 0.005 0.004 0.005 0.01 0.194
0.709 0.033 0.024 0.093 0.008 0.006 0.084 0.008 0.012 0.007 0.008 0.007
0.916 0.009 0.005 0.007 0.006 0.006 0.008 0.015 0.006 0.007 0.006 0.008
0.346 0.027 0.007 0.025 0.188 0.007 0.013 0.008 0.016 0.008 0.01 0.346
0.524 0.051 0.006 0.007 0.006 0.156 0.004 0.005 0.049 0.005 0.005 0.182
0.54 0.009 0.227 0.113 0.004 0.013 0.012 0.014 0.042 0.006 0.009 0.012
0.868 0.007 0.005 0.005 0.03 0.022 0.035 0.006 0.005 0.005 0.007 0.006
0.742 0.01 0.005 0.005 0.059 0.11 0.03 0.005 0.017 0.004 0.005 0.006
0.867 0.007 0.004 0.004 0.03 0.023 0.034 0.006 0.005 0.005 0.007 0.006
0.951 0.004 0.004 0.005 0.004 0.005 0.003 0.005 0.006 0.003 0.005 0.004
0.95 0.004 0.004 0.006 0.004 0.005 0.003 0.005 0.006 0.003 0.005 0.004
0.005 0.005 0.008 0.007 0.006 0.005 0.011 0.008 0.003 0.008 0.93 0.005
0.004 0.014 0.009 0.012 0.011 0.232 0.078 0.164 0.004 0.136 0.208 0.129
0.107 0.007 0.034 0.203 0.012 0.021 0.007 0.27 0.021 0.045 0.254 0.018
0.004 0.031 0.01 0.007 0.008 0.006 0.005 0.007 0.005 0.792 0.057 0.068
0.005 0.005 0.787 0.022 0.021 0.008 0.022 0.01 0.007 0.015 0.075 0.024
0.008 0.006 0.007 0.009 0.007 0.006 0.021 0.006 0.004 0.431 0.489 0.007
0.024 0.045 0.009 0.063 0.008 0.012 0.029 0.111 0.007 0.334 0.322 0.036
0.006 0.008 0.015 0.01 0.006 0.016 0.012 0.006 0.01 0.867 0.025 0.02
0.006 0.008 0.016 0.009 0.006 0.017 0.012 0.006 0.01 0.854 0.034 0.022
0.006 0.018 0.062 0.052 0.018 0.021 0.108 0.008 0.006 0.005 0.669 0.026
0.007 0.043 0.328 0.04 0.006 0.01 0.022 0.202 0.004 0.069 0.145 0.124
0.011 0.025 0.01 0.019 0.008 0.013 0.006 0.008 0.006 0.008 0.847 0.04
0.005 0.009 0.008 0.013 0.009 0.005 0.005 0.008 0.006 0.895 0.031 0.006
0.016 0.05 0.094 0.024 0.006 0.01 0.019 0.502 0.017 0.048 0.195 0.019
0.007 0.006 0.005 0.011 0.026 0.034 0.483 0.019 0.004 0.05 0.348 0.006
0.006 0.005 0.007 0.018 0.012 0.007 0.013 0.004 0.038 0.189 0.686 0.014
0.005 0.005 0.03 0.014 0.009 0.014 0.004 0.006 0.06 0.348 0.489 0.015
0.005 0.008 0.925 0.01 0.005 0.009 0.007 0.004 0.004 0.007 0.007 0.008
0.003 0.01 0.928 0.004 0.004 0.005 0.004 0.004 0.004 0.006 0.015 0.013
0.004 0.003 0.961 0.004 0.005 0.003 0.004 0.003 0.003 0.003 0.004 0.004
0.004 0.004 0.95 0.004 0.013 0.004 0.004 0.003 0.003 0.004 0.005 0.004
0.004 0.013 0.067 0.362 0.004 0.004 0.051 0.026 0.005 0.015 0.436 0.013
0.007 0.009 0.011 0.038 0.01 0.015 0.031 0.024 0.007 0.054 0.784 0.009
0.005 0.052 0.232 0.013 0.033 0.012 0.008 0.01 0.005 0.008 0.558 0.064
0.02 0.109 0.007 0.031 0.005 0.169 0.008 0.041 0.118 0.416 0.014 0.063
0.007 0.008 0.005 0.007 0.006 0.779 0.006 0.153 0.013 0.005 0.006 0.006
0.028 0.026 0.009 0.05 0.017 0.674 0.039 0.048 0.024 0.027 0.04 0.017
0.007 0.014 0.006 0.048 0.044 0.535 0.205 0.023 0.026 0.018 0.051 0.023
0.004 0.024 0.015 0.713 0.04 0.024 0.024 0.028 0.015 0.043 0.042 0.028
0.054 0.383 0.093 0.06 0.032 0.018 0.007 0.066 0.01 0.037 0.088 0.152
0.01 0.087 0.03 0.023 0.008 0.099 0.084 0.044 0.006 0.007 0.035 0.567
0.01 0.019 0.025 0.008 0.014 0.019 0.005 0.009 0.008 0.009 0.07 0.804
0.009 0.026 0.011 0.026 0.01 0.314 0.007 0.014 0.015 0.008 0.067 0.493
0.004 0.004 0.004 0.003 0.011 0.949 0.005 0.005 0.004 0.003 0.004 0.005
0.006 0.008 0.006 0.013 0.006 0.724 0.004 0.142 0.07 0.006 0.005 0.008
0.027 0.065 0.01 0.034 0.02 0.65 0.025 0.095 0.027 0.006 0.019 0.023
0.006 0.012 0.054 0.015 0.005 0.671 0.019 0.007 0.016 0.005 0.008 0.18
0.07 0.073 0.013 0.206 0.006 0.043 0.013 0.28 0.015 0.005 0.154 0.121
0.141 0.028 0.006 0.077 0.006 0.095 0.022 0.318 0.018 0.007 0.174 0.107
0.007 0.006 0.004 0.005 0.007 0.939 0.004 0.004 0.005 0.004 0.009 0.007
0.012 0.024 0.005 0.172 0.013 0.105 0.406 0.028 0.026 0.032 0.036 0.14
0.029 0.021 0.528 0.043 0.006 0.039 0.005 0.046 0.037 0.02 0.051 0.176
0.006 0.036 0.009 0.04 0.005 0.82 0.035 0.009 0.006 0.005 0.011 0.018
0.004 0.005 0.007 0.068 0.008 0.812 0.017 0.005 0.007 0.005 0.043 0.018
0.007 0.01 0.015 0.016 0.009 0.341 0.031 0.014 0.353 0.058 0.123 0.024
0.007 0.008 0.009 0.005 0.007 0.847 0.011 0.004 0.009 0.005 0.014 0.074
0.007 0.081 0.013 0.006 0.057 0.567 0.039 0.008 0.007 0.009 0.013 0.196
0.014 0.023 0.01 0.032 0.007 0.755 0.015 0.009 0.008 0.004 0.01 0.113
0.008 0.006 0.006 0.647 0.011 0.194 0.01 0.015 0.021 0.008 0.053 0.022
0.016 0.009 0.017 0.812 0.007 0.03 0.01 0.024 0.032 0.009 0.022 0.011
0.005 0.006 0.006 0.924 0.005 0.004 0.004 0.005 0.005 0.005 0.025 0.006
0.004 0.006 0.009 0.261 0.005 0.011 0.007 0.013 0.006 0.009 0.069 0.599
0.01 0.007 0.686 0.192 0.009 0.007 0.009 0.01 0.044 0.006 0.007 0.013
0.011 0.008 0.02 0.224 0.006 0.007 0.007 0.017 0.019 0.007 0.033 0.642
0.029 0.006 0.006 0.848 0.004 0.005 0.004 0.063 0.005 0.004 0.019 0.006
0.009 0.009 0.005 0.691 0.187 0.014 0.006 0.015 0.009 0.005 0.025 0.025
0.007 0.024 0.024 0.019 0.007 0.279 0.008 0.01 0.007 0.006 0.016 0.592
0.006 0.006 0.013 0.013 0.01 0.011 0.011 0.007 0.008 0.01 0.217 0.687
0.027 0.031 0.007 0.034 0.027 0.055 0.005 0.083 0.017 0.011 0.364 0.341
0.137 0.022 0.019 0.054 0.006 0.039 0.079 0.549 0.021 0.016 0.02 0.037
0.008 0.013 0.009 0.018 0.148 0.672 0.045 0.015 0.007 0.016 0.033 0.016
0.006 0.01 0.012 0.749 0.007 0.09 0.007 0.069 0.023 0.004 0.013 0.01
0.05 0.087 0.036 0.465 0.077 0.059 0.006 0.008 0.014 0.008 0.063 0.128
0.03 0.013 0.53 0.326 0.005 0.024 0.006 0.014 0.012 0.005 0.008 0.026
0.006 0.009 0.007 0.048 0.077 0.16 0.042 0.012 0.011 0.006 0.043 0.58
0.01 0.038 0.009 0.187 0.01 0.008 0.013 0.015 0.007 0.011 0.033 0.66
0.006 0.023 0.017 0.515 0.007 0.16 0.008 0.007 0.154 0.031 0.051 0.021
0.025 0.04 0.303 0.465 0.011 0.015 0.044 0.018 0.016 0.007 0.039 0.018
0.046 0.014 0.014 0.086 0.025 0.02 0.024 0.067 0.292 0.087 0.171 0.153
0.029 0.025 0.045 0.029 0.006 0.185 0.008 0.011 0.014 0.004 0.538 0.105
0.019 0.007 0.012 0.013 0.047 0.659 0.021 0.012 0.007 0.008 0.131 0.064
0.012 0.014 0.011 0.059 0.015 0.566 0.014 0.006 0.006 0.007 0.266 0.024
0.01 0.012 0.019 0.371 0.006 0.126 0.017 0.044 0.238 0.084 0.017 0.055
0.069 0.016 0.053 0.21 0.005 0.101 0.01 0.069 0.43 0.007 0.02 0.01
0.12 0.023 0.009 0.103 0.005 0.013 0.018 0.221 0.31 0.153 0.012 0.014
0.035 0.123 0.011 0.047 0.011 0.246 0.033 0.375 0.061 0.01 0.019 0.028
0.007 0.886 0.007 0.033 0.005 0.01 0.007 0.005 0.007 0.016 0.007 0.01
0.007 0.487 0.007 0.011 0.006 0.139 0.007 0.016 0.093 0.006 0.017 0.204
0.023 0.216 0.06 0.03 0.004 0.021 0.011 0.153 0.379 0.035 0.023 0.045
0.033 0.37 0.011 0.167 0.005 0.018 0.012 0.034 0.161 0.032 0.142 0.014
0.012 0.67 0.035 0.01 0.031 0.123 0.024 0.01 0.04 0.005 0.019 0.019
0.008 0.053 0.017 0.719 0.013 0.043 0.012 0.008 0.016 0.009 0.092 0.011
0.013 0.147 0.004 0.008 0.005 0.443 0.008 0.013 0.066 0.018 0.01 0.267
0.009 0.092 0.01 0.1 0.007 0.16 0.004 0.006 0.563 0.025 0.013 0.011
0.005 0.931 0.003 0.004 0.004 0.008 0.007 0.004 0.02 0.004 0.005 0.005
0.009 0.025 0.007 0.125 0.004 0.012 0.007 0.023 0.742 0.009 0.021 0.017
0.041 0.585 0.011 0.083 0.005 0.021 0.022 0.011 0.167 0.008 0.023 0.023
0.007 0.885 0.004 0.014 0.005 0.007 0.006 0.007 0.043 0.006 0.006 0.009
0.022 0.817 0.008 0.012 0.004 0.014 0.007 0.059 0.008 0.008 0.03 0.011
0.01 0.876 0.009 0.015 0.008 0.008 0.005 0.008 0.028 0.007 0.012 0.014
0.015 0.889 0.006 0.012 0.004 0.01 0.006 0.007 0.005 0.007 0.031 0.008
0.022 0.641 0.009 0.006 0.083 0.164 0.016 0.006 0.01 0.006 0.025 0.012
0.015 0.387 0.006 0.057 0.006 0.182 0.009 0.012 0.265 0.009 0.041 0.01
0.01 0.229 0.008 0.011 0.008 0.026 0.006 0.069 0.6 0.006 0.01 0.016
0.005 0.453 0.022 0.019 0.06 0.306 0.012 0.071 0.024 0.008 0.01 0.011
0.01 0.324 0.307 0.013 0.04 0.093 0.025 0.017 0.101 0.018 0.024 0.027
0.004 0.004 0.02 0.011 0.015 0.015 0.007 0.006 0.874 0.015 0.008 0.021
0.072 0.04 0.008 0.023 0.078 0.045 0.01 0.087 0.583 0.007 0.022 0.026
0.012 0.052 0.02 0.007 0.056 0.11 0.037 0.007 0.601 0.013 0.057 0.028
0.02 0.142 0.033 0.078 0.084 0.087 0.027 0.055 0.295 0.03 0.033 0.117
0.007 0.222 0.007 0.026 0.005 0.01 0.006 0.01 0.688 0.004 0.006 0.009
0.01 0.191 0.014 0.096 0.021 0.15 0.014 0.027 0.217 0.009 0.022 0.229
0.005 0.006 0.004 0.005 0.004 0.005 0.004 0.004 0.949 0.005 0.004 0.006
0.006 0.037 0.004 0.038 0.008 0.008 0.006 0.004 0.866 0.009 0.006 0.007
0.175 0.228 0.01 0.005 0.01 0.011 0.004 0.031 0.478 0.029 0.01 0.009
0.016 0.027 0.007 0.007 0.005 0.025 0.006 0.007 0.874 0.009 0.008 0.011
0.018 0.015 0.006 0.023 0.047 0.093 0.036 0.005 0.709 0.006 0.028 0.014
0.008 0.008 0.004 0.004 0.005 0.006 0.011 0.027 0.908 0.005 0.004 0.009
0.005 0.004 0.004 0.008 0.004 0.005 0.003 0.003 0.953 0.004 0.003 0.005
0.059 0.034 0.036 0.119 0.023 0.026 0.02 0.029 0.572 0.03 0.027 0.025
0.006 0.024 0.011 0.007 0.008 0.007 0.005 0.007 0.89 0.014 0.008 0.013
0.256 0.009 0.007 0.025 0.005 0.026 0.006 0.007 0.609 0.007 0.031 0.013
0.008 0.005 0.003 0.004 0.003 0.004 0.004 0.005 0.948 0.005 0.004 0.004
0.007 0.14 0.134 0.02 0.017 0.028 0.074 0.046 0.055 0.007 0.047 0.427
0.004 0.007 0.003 0.004 0.006 0.016 0.004 0.005 0.933 0.006 0.005 0.007
0.007 0.011 0.004 0.014 0.004 0.005 0.004 0.004 0.929 0.004 0.005 0.007
0.018 0.005 0.004 0.007 0.006 0.017 0.008 0.038 0.867 0.007 0.006 0.016
0.006 0.009 0.005 0.008 0.005 0.008 0.004 0.005 0.93 0.008 0.006 0.006
0.004 0.004 0.003 0.004 0.003 0.007 0.003 0.019 0.94 0.004 0.004 0.004
0.005 0.209 0.007 0.054 0.136 0.21 0.028 0.01 0.125 0.009 0.017 0.189
0.005 0.01 0.008 0.02 0.014 0.037 0.006 0.035 0.048 0.008 0.797 0.013
0.006 0.008 0.008 0.097 0.008 0.019 0.119 0.013 0.004 0.033 0.538 0.147
0.004 0.004 0.005 0.049 0.005 0.007 0.009 0.008 0.005 0.006 0.584 0.314
0.033 0.076 0.007 0.248 0.008 0.318 0.024 0.035 0.021 0.031 0.035 0.164
0.005 0.005 0.018 0.022 0.004 0.01 0.206 0.009 0.004 0.012 0.013 0.69
0.005 0.008 0.004 0.036 0.012 0.032 0.015 0.027 0.004 0.007 0.833 0.018
0.004 0.008 0.009 0.091 0.011 0.008 0.024 0.011 0.004 0.03 0.776 0.027
0.008 0.022 0.009 0.024 0.024 0.081 0.099 0.011 0.009 0.018 0.607 0.088
0.053 0.016 0.007 0.03 0.008 0.018 0.011 0.014 0.02 0.01 0.777 0.037
0.012 0.004 0.005 0.006 0.008 0.015 0.047 0.007 0.004 0.009 0.875 0.007
0.022 0.05 0.005 0.057 0.014 0.008 0.032 0.028 0.006 0.011 0.76 0.007
0.005 0.004 0.005 0.006 0.006 0.004 0.009 0.008 0.004 0.013 0.921 0.016
0.005 0.008 0.048 0.008 0.02 0.009 0.009 0.006 0.008 0.016 0.151 0.712
0.004 0.008 0.016 0.009 0.005 0.051 0.007 0.011 0.017 0.3 0.462 0.11
0.027 0.012 0.005 0.649 0.015 0.006 0.022 0.228 0.005 0.015 0.009 0.007
0.006 0.458 0.005 0.048 0.006 0.006 0.025 0.142 0.007 0.26 0.018 0.018
0.011 0.067 0.005 0.021 0.007 0.021 0.011 0.811 0.011 0.006 0.011 0.02
0.009 0.057 0.005 0.101 0.026 0.007 0.324 0.099 0.005 0.265 0.089 0.014
0.008 0.012 0.005 0.375 0.008 0.006 0.045 0.47 0.003 0.019 0.036 0.014
0.019 0.008 0.32 0.095 0.024 0.028 0.009 0.363 0.018 0.08 0.021 0.015
0.006 0.007 0.005 0.012 0.936 0.004 0.007 0.004 0.006 0.004 0.004 0.004
0.003 0.007 0.004 0.009 0.938 0.006 0.009 0.004 0.004 0.006 0.005 0.005
0.005 0.004 0.182 0.004 0.758 0.009 0.004 0.005 0.004 0.008 0.007 0.009
0.016 0.005 0.006 0.16 0.009 0.006 0.008 0.767 0.004 0.005 0.007 0.009
0.009 0.01 0.017 0.118 0.474 0.007 0.008 0.32 0.007 0.009 0.007 0.014
0.012 0.011 0.004 0.143 0.034 0.011 0.107 0.652 0.003 0.008 0.011 0.005
0.004 0.006 0.004 0.005 0.92 0.016 0.005 0.01 0.006 0.005 0.009 0.009
0.057 0.008 0.007 0.12 0.059 0.006 0.005 0.709 0.006 0.009 0.007 0.007
0.008 0.006 0.009 0.159 0.01 0.009 0.016 0.729 0.003 0.026 0.012 0.013
0.017 0.01 0.004 0.01 0.639 0.03 0.017 0.02 0.005 0.008 0.23 0.009
0.003 0.006 0.004 0.004 0.952 0.006 0.005 0.004 0.005 0.004 0.004 0.004
0.011 0.007 0.005 0.011 0.771 0.045 0.006 0.108 0.008 0.013 0.012 0.004
0.012 0.013 0.003 0.138 0.004 0.007 0.015 0.745 0.004 0.036 0.018 0.006
0.008 0.028 0.008 0.085 0.102 0.031 0.275 0.367 0.007 0.007 0.068 0.015
0.014 0.007 0.004 0.085 0.203 0.071 0.019 0.476 0.006 0.008 0.085 0.022
0.014 0.009 0.008 0.008 0.609 0.012 0.127 0.156 0.004 0.031 0.015 0.007
0.115 0.004 0.01 0.017 0.583 0.005 0.01 0.23 0.005 0.008 0.006 0.006
0.014 0.007 0.026 0.188 0.019 0.004 0.011 0.68 0.007 0.022 0.015 0.007
0.005 0.017 0.007 0.021 0.044 0.01 0.724 0.064 0.005 0.066 0.017 0.019
0.012 0.035 0.006 0.106 0.01 0.005 0.726 0.011 0.011 0.017 0.033 0.028
0.015 0.011 0.063 0.017 0.405 0.011 0.017 0.008 0.091 0.331 0.008 0.021
0.008 0.006 0.01 0.005 0.027 0.005 0.017 0.006 0.05 0.855 0.007 0.005
0.008 0.01 0.204 0.014 0.02 0.012 0.13 0.027 0.006 0.099 0.458 0.011
0.004 0.006 0.008 0.015 0.013 0.008 0.869 0.005 0.018 0.01 0.039 0.005
0.008 0.008 0.011 0.005 0.029 0.009 0.36 0.004 0.03 0.523 0.007 0.005
0.005 0.007 0.42 0.008 0.025 0.036 0.455 0.008 0.009 0.014 0.007 0.006
0.004 0.004 0.005 0.004 0.006 0.007 0.946 0.005 0.005 0.005 0.005 0.004
0.009 0.006 0.015 0.023 0.015 0.01 0.031 0.01 0.019 0.832 0.014 0.016
0.007 0.038 0.007 0.046 0.007 0.01 0.708 0.02 0.004 0.135 0.01 0.009
0.009 0.011 0.096 0.036 0.018 0.021 0.096 0.058 0.017 0.596 0.033 0.011
0.007 0.005 0.015 0.005 0.094 0.016 0.532 0.275 0.01 0.015 0.019 0.009
0.003 0.005 0.006 0.007 0.004 0.007 0.748 0.022 0.004 0.021 0.008 0.163
0.004 0.004 0.007 0.018 0.006 0.006 0.542 0.016 0.004 0.022 0.014 0.356
0.003 0.008 0.003 0.009 0.004 0.006 0.935 0.005 0.003 0.013 0.006 0.004
0.003 0.004 0.004 0.003 0.003 0.006 0.953 0.005 0.004 0.007 0.004 0.005
0.007 0.007 0.006 0.004 0.009 0.006 0.923 0.007 0.007 0.009 0.006 0.008
0.006 0.013 0.01 0.015 0.029 0.006 0.892 0.006 0.004 0.007 0.006 0.006
0.004 0.009 0.015 0.008 0.015 0.016 0.891 0.009 0.009 0.007 0.009 0.009
0.004 0.006 0.006 0.005 0.009 0.008 0.925 0.007 0.005 0.008 0.01 0.007
0.003 0.004 0.005 0.017 0.004 0.012 0.911 0.011 0.006 0.01 0.009 0.007
0.027 0.037 0.021 0.032 0.025 0.028 0.218 0.384 0.021 0.031 0.064 0.113
0.01 0.006 0.011 0.007 0.011 0.006 0.434 0.443 0.004 0.051 0.011 0.006
0.003 0.006 0.003 0.102 0.005 0.01 0.008 0.788 0.008 0.043 0.014 0.009
0.003 0.008 0.168 0.094 0.015 0.006 0.011 0.635 0.006 0.037 0.013 0.004
0.004 0.005 0.211 0.023 0.019 0.007 0.02 0.212 0.018 0.456 0.015 0.01
0.005 0.026 0.302 0.046 0.091 0.011 0.276 0.097 0.007 0.022 0.018 0.099
0.004 0.008 0.02 0.098 0.005 0.016 0.619 0.062 0.005 0.03 0.038 0.094
0.009 0.011 0.01 0.018 0.015 0.009 0.863 0.023 0.01 0.008 0.008 0.015
0.007 0.03 0.022 0.016 0.051 0.075 0.729 0.016 0.012 0.016 0.008 0.018
0.004 0.014 0.017 0.064 0.054 0.027 0.71 0.018 0.005 0.011 0.037 0.039
0.003 0.006 0.004 0.006 0.008 0.004 0.006 0.005 0.004 0.945 0.004 0.005
0.003 0.006 0.004 0.006 0.008 0.003 0.007 0.005 0.004 0.945 0.005 0.004
0.003 0.006 0.004 0.006 0.008 0.003 0.007 0.005 0.004 0.945 0.005 0.004
0.004 0.01 0.006 0.034 0.006 0.007 0.081 0.033 0.011 0.691 0.028 0.089
0.006 0.005 0.004 0.006 0.01 0.012 0.396 0.021 0.01 0.517 0.006 0.007
0.005 0.011 0.55 0.008 0.014 0.009 0.018 0.014 0.008 0.342 0.006 0.015
0.006 0.006 0.012 0.011 0.042 0.021 0.658 0.172 0.01 0.031 0.026 0.006
0.042 0.032 0.281 0.079 0.007 0.009 0.021 0.427 0.049 0.014 0.025 0.014
0.009 0.02 0.009 0.033 0.493 0.016 0.355 0.013 0.008 0.017 0.016 0.01
0.005 0.016 0.03 0.111 0.079 0.015 0.573 0.023 0.015 0.071 0.045 0.018
0.009 0.01 0.008 0.037 0.026 0.006 0.012 0.012 0.017 0.846 0.007 0.01
0.024 0.015 0.018 0.435 0.307 0.007 0.033 0.077 0.022 0.035 0.012 0.016
0.003 0.006 0.004 0.019 0.007 0.004 0.017 0.015 0.005 0.908 0.006 0.006
0.014 0.013 0.009 0.02 0.194 0.009 0.02 0.655 0.007 0.018 0.022 0.02
0.003 0.006 0.004 0.019 0.007 0.004 0.016 0.015 0.004 0.909 0.006 0.006
0.008 0.117 0.013 0.01 0.023 0.346 0.145 0.013 0.008 0.063 0.149 0.107
0.017 0.038 0.005 0.008 0.008 0.038 0.01 0.014 0.033 0.792 0.017 0.02
0.006 0.015 0.012 0.129 0.629 0.073 0.044 0.008 0.031 0.012 0.028 0.014
0.024 0.011 0.013 0.01 0.156 0.425 0.028 0.009 0.125 0.173 0.011 0.017
0.027 0.012 0.015 0.016 0.03 0.194 0.065 0.012 0.021 0.008 0.556 0.042
0.04 0.008 0.005 0.008 0.082 0.483 0.134 0.01 0.007 0.01 0.023 0.191
0.099 0.114 0.012 0.027 0.017 0.151 0.145 0.037 0.025 0.009 0.197 0.167
0.031 0.05 0.015 0.026 0.007 0.235 0.016 0.051 0.007 0.048 0.042 0.473
0.005 0.01 0.012 0.007 0.063 0.029 0.005 0.007 0.093 0.317 0.013 0.438
0.011 0.015 0.012 0.007 0.265 0.56 0.015 0.007 0.011 0.046 0.03 0.021
0.007 0.008 0.013 0.009 0.391 0.099 0.047 0.009 0.211 0.178 0.013 0.014
0.005 0.006 0.013 0.007 0.015 0.008 0.006 0.005 0.007 0.006 0.007 0.915
0.006 0.063 0.009 0.007 0.009 0.037 0.004 0.006 0.022 0.005 0.006 0.825
0.006 0.788 0.01 0.045 0.062 0.017 0.004 0.004 0.037 0.006 0.012 0.009
0.008 0.737 0.031 0.005 0.01 0.067 0.056 0.01 0.011 0.006 0.053 0.007
0.01 0.704 0.212 0.006 0.005 0.014 0.007 0.008 0.005 0.007 0.012 0.012
0.014 0.03 0.087 0.01 0.015 0.148 0.532 0.011 0.015 0.02 0.102 0.016
0.009 0.93 0.007 0.009 0.006 0.007 0.004 0.004 0.009 0.006 0.005 0.005
0.008 0.22 0.009 0.063 0.021 0.015 0.006 0.004 0.623 0.012 0.009 0.008
0.011 0.31 0.226 0.005 0.007 0.088 0.007 0.011 0.253 0.044 0.012 0.025
0.008 0.888 0.013 0.012 0.005 0.011 0.004 0.007 0.03 0.009 0.007 0.009
0.013 0.712 0.058 0.007 0.015 0.084 0.011 0.007 0.007 0.006 0.057 0.021
0.004 0.327 0.128 0.01 0.019 0.136 0.005 0.007 0.231 0.033 0.017 0.082
0.009 0.041 0.166 0.004 0.006 0.024 0.005 0.007 0.712 0.008 0.006 0.013
0.006 0.019 0.01 0.008 0.018 0.009 0.006 0.009 0.005 0.007 0.847 0.057
