0.065 0.012 0.01 0.011 0.009 0.013 0.006 0.008 0.858 0.007
0.034 0.009 0.009 0.01 0.016 0.004 0.009 0.006 0.889 0.012
0.022 0.006 0.007 0.028 0.016 0.005 0.044 0.029 0.837 0.005
0.022 0.005 0.146 0.006 0.007 0.008 0.005 0.102 0.653 0.046
0.049 0.012 0.006 0.039 0.033 0.008 0.011 0.032 0.803 0.008
0.022 0.007 0.006 0.021 0.024 0.01 0.014 0.106 0.769 0.022
0.399 0.007 0.01 0.238 0.206 0.006 0.043 0.013 0.066 0.011
0.028 0.134 0.006 0.112 0.016 0.004 0.008 0.007 0.645 0.04
0.065 0.013 0.008 0.006 0.012 0.005 0.019 0.242 0.162 0.47
0.009 0.005 0.004 0.009 0.01 0.004 0.016 0.06 0.468 0.415
0.046 0.005 0.005 0.006 0.043 0.007 0.007 0.025 0.822 0.035
0.056 0.005 0.017 0.016 0.008 0.009 0.011 0.007 0.865 0.008
0.007 0.005 0.005 0.005 0.005 0.006 0.006 0.035 0.904 0.02
0.031 0.102 0.005 0.361 0.297 0.006 0.006 0.009 0.17 0.012
0.09 0.02 0.02 0.072 0.024 0.016 0.011 0.01 0.559 0.179
0.021 0.006 0.006 0.005 0.009 0.014 0.007 0.01 0.911 0.012
0.027 0.008 0.006 0.023 0.022 0.031 0.014 0.016 0.25 0.603
0.014 0.018 0.005 0.005 0.049 0.008 0.035 0.025 0.783 0.059
0.698 0.005 0.005 0.005 0.01 0.02 0.007 0.017 0.222 0.013
0.062 0.009 0.01 0.728 0.016 0.012 0.019 0.071 0.031 0.042
0.743 0.034 0.007 0.005 0.081 0.005 0.01 0.013 0.036 0.066
0.01 0.006 0.005 0.009 0.005 0.022 0.014 0.014 0.907 0.01
0.109 0.012 0.01 0.016 0.046 0.105 0.018 0.014 0.634 0.035
0.006 0.005 0.004 0.006 0.009 0.006 0.007 0.005 0.941 0.011
0.012 0.189 0.04 0.065 0.038 0.566 0.019 0.048 0.013 0.009
0.004 0.128 0.004 0.036 0.005 0.808 0.004 0.004 0.004 0.003
0.039 0.013 0.386 0.018 0.008 0.487 0.007 0.03 0.007 0.005
0.016 0.148 0.006 0.137 0.009 0.46 0.016 0.071 0.035 0.101
0.009 0.007 0.01 0.006 0.008 0.846 0.026 0.007 0.071 0.01
0.007 0.05 0.007 0.101 0.008 0.801 0.005 0.011 0.005 0.005
0.004 0.003 0.003 0.004 0.004 0.968 0.004 0.003 0.005 0.003
0.005 0.005 0.011 0.027 0.006 0.916 0.01 0.007 0.007 0.006
0.087 0.394 0.006 0.042 0.016 0.401 0.016 0.019 0.012 0.007
0.009 0.021 0.009 0.006 0.019 0.896 0.011 0.01 0.009 0.01
0.14 0.029 0.017 0.026 0.076 0.565 0.074 0.017 0.023 0.031
0.015 0.008 0.021 0.738 0.008 0.055 0.02 0.098 0.027 0.011
0.004 0.003 0.004 0.007 0.005 0.959 0.005 0.005 0.004 0.003
0.067 0.005 0.011 0.005 0.005 0.847 0.024 0.023 0.008 0.005
0.011 0.009 0.027 0.015 0.008 0.779 0.02 0.008 0.036 0.087
0.006 0.006 0.005 0.006 0.013 0.934 0.007 0.007 0.008 0.008
0.376 0.009 0.008 0.019 0.115 0.408 0.015 0.007 0.029 0.013
0.06 0.005 0.007 0.041 0.005 0.567 0.006 0.237 0.069 0.004
0.011 0.006 0.266 0.057 0.008 0.607 0.016 0.01 0.008 0.011
0.013 0.005 0.004 0.005 0.008 0.898 0.006 0.02 0.007 0.034
0.019 0.004 0.006 0.017 0.007 0.759 0.006 0.138 0.011 0.033
0.012 0.005 0.004 0.005 0.008 0.898 0.006 0.02 0.007 0.035
0.004 0.003 0.004 0.007 0.005 0.96 0.005 0.005 0.004 0.003
0.004 0.003 0.004 0.007 0.005 0.959 0.005 0.005 0.004 0.003
0.006 0.01 0.01 0.003 0.009 0.005 0.929 0.007 0.005 0.015
0.053 0.22 0.009 0.004 0.19 0.004 0.035 0.346 0.033 0.106
0.036 0.045 0.048 0.032 0.376 0.097 0.327 0.023 0.008 0.008
0.032 0.85 0.013 0.005 0.008 0.005 0.041 0.007 0.033 0.005
0.024 0.017 0.844 0.006 0.013 0.005 0.055 0.009 0.005 0.022
0.008 0.588 0.008 0.004 0.007 0.013 0.328 0.008 0.008 0.027
0.072 0.32 0.009 0.007 0.045 0.023 0.454 0.01 0.037 0.022
0.011 0.901 0.014 0.011 0.006 0.006 0.016 0.016 0.008 0.011
0.013 0.893 0.015 0.011 0.006 0.006 0.019 0.017 0.009 0.012
0.014 0.006 0.05 0.006 0.01 0.006 0.732 0.024 0.019 0.134
0.079 0.124 0.38 0.004 0.184 0.01 0.112 0.015 0.059 0.032
0.019 0.009 0.009 0.006 0.008 0.012 0.9 0.012 0.019 0.006
0.007 0.925 0.007 0.006 0.009 0.005 0.022 0.005 0.009 0.005
0.106 0.055 0.103 0.015 0.461 0.017 0.144 0.012 0.063 0.024
0.012 0.083 0.006 0.005 0.045 0.01 0.157 0.048 0.007 0.627
0.017 0.35 0.009 0.025 0.006 0.009 0.552 0.009 0.006 0.016
0.017 0.425 0.039 0.051 0.008 0.006 0.415 0.029 0.006 0.005
0.007 0.007 0.943 0.004 0.004 0.005 0.007 0.008 0.007 0.007
0.008 0.006 0.945 0.004 0.004 0.003 0.013 0.005 0.009 0.004
0.004 0.004 0.967 0.003 0.003 0.004 0.004 0.004 0.003 0.004
0.006 0.004 0.963 0.003 0.004 0.004 0.005 0.004 0.004 0.004
0.006 0.011 0.021 0.004 0.014 0.003 0.905 0.004 0.01 0.022
0.009 0.074 0.01 0.007 0.033 0.01 0.804 0.015 0.008 0.029
0.083 0.012 0.342 0.006 0.034 0.006 0.421 0.019 0.07 0.008
0.04 0.472 0.008 0.092 0.021 0.022 0.019 0.197 0.121 0.008
0.092 0.005 0.005 0.029 0.038 0.008 0.007 0.8 0.01 0.008
0.014 0.034 0.01 0.022 0.041 0.026 0.027 0.772 0.024 0.03
0.016 0.017 0.007 0.025 0.023 0.007 0.046 0.662 0.015 0.183
0.044 0.039 0.017 0.012 0.035 0.004 0.767 0.021 0.035 0.027
0.189 0.038 0.084 0.011 0.023 0.057 0.2 0.021 0.371 0.007
0.286 0.009 0.041 0.009 0.02 0.013 0.106 0.219 0.116 0.181
0.384 0.018 0.101 0.012 0.011 0.024 0.325 0.069 0.047 0.007
0.175 0.01 0.015 0.016 0.012 0.008 0.16 0.548 0.05 0.007
0.006 0.003 0.004 0.004 0.003 0.004 0.004 0.963 0.004 0.005
0.1 0.006 0.007 0.126 0.02 0.006 0.006 0.716 0.009 0.004
0.088 0.006 0.009 0.048 0.011 0.032 0.042 0.673 0.068 0.023
0.049 0.005 0.057 0.018 0.005 0.006 0.009 0.82 0.016 0.015
0.147 0.006 0.016 0.015 0.142 0.06 0.493 0.042 0.066 0.013
0.175 0.008 0.007 0.018 0.154 0.139 0.354 0.089 0.034 0.022
0.006 0.004 0.004 0.005 0.004 0.006 0.007 0.953 0.005 0.004
0.08 0.03 0.006 0.039 0.015 0.016 0.25 0.125 0.029 0.411
0.09 0.021 0.609 0.038 0.029 0.028 0.114 0.046 0.022 0.006
0.009 0.005 0.009 0.006 0.006 0.007 0.013 0.896 0.024 0.025
0.01 0.005 0.008 0.007 0.005 0.005 0.052 0.885 0.005 0.017
0.013 0.058 0.015 0.412 0.013 0.008 0.085 0.343 0.011 0.042
0.019 0.005 0.011 0.009 0.004 0.006 0.008 0.922 0.008 0.007
0.073 0.01 0.014 0.007 0.01 0.007 0.01 0.685 0.143 0.041
0.025 0.005 0.01 0.008 0.008 0.014 0.012 0.878 0.027 0.013
0.032 0.007 0.007 0.079 0.017 0.013 0.639 0.188 0.006 0.012
0.019 0.008 0.046 0.095 0.025 0.018 0.713 0.036 0.02 0.02
0.012 0.007 0.01 0.01 0.016 0.009 0.91 0.006 0.015 0.005
0.222 0.008 0.011 0.007 0.009 0.005 0.704 0.021 0.006 0.007
0.015 0.006 0.888 0.035 0.008 0.01 0.014 0.009 0.007 0.009
0.265 0.007 0.04 0.026 0.007 0.014 0.61 0.014 0.01 0.008
0.01 0.005 0.021 0.008 0.141 0.047 0.744 0.007 0.011 0.006
0.154 0.005 0.007 0.01 0.167 0.01 0.603 0.018 0.017 0.009
0.219 0.007 0.033 0.007 0.008 0.009 0.037 0.644 0.024 0.012
0.302 0.015 0.016 0.011 0.007 0.008 0.589 0.034 0.006 0.011
0.208 0.011 0.007 0.016 0.038 0.02 0.618 0.049 0.026 0.005
0.142 0.019 0.024 0.026 0.398 0.167 0.028 0.039 0.028 0.129
0.031 0.014 0.009 0.006 0.017 0.008 0.021 0.843 0.011 0.041
0.073 0.007 0.069 0.053 0.059 0.008 0.404 0.262 0.039 0.025
0.108 0.009 0.034 0.017 0.016 0.059 0.577 0.076 0.096 0.007
0.025 0.007 0.775 0.016 0.01 0.043 0.047 0.048 0.021 0.008
0.219 0.008 0.011 0.014 0.023 0.008 0.23 0.438 0.01 0.039
0.264 0.012 0.01 0.009 0.027 0.013 0.59 0.022 0.036 0.016
0.013 0.033 0.019 0.401 0.006 0.007 0.348 0.132 0.029 0.011
0.025 0.008 0.289 0.013 0.034 0.038 0.466 0.019 0.061 0.047
0.092 0.106 0.015 0.262 0.058 0.041 0.365 0.023 0.014 0.023
0.079 0.005 0.05 0.011 0.008 0.03 0.575 0.212 0.023 0.008
0.05 0.008 0.009 0.006 0.008 0.016 0.034 0.846 0.006 0.017
0.017 0.008 0.011 0.006 0.008 0.013 0.235 0.671 0.015 0.017
0.035 0.094 0.025 0.532 0.051 0.013 0.113 0.097 0.012 0.027
0.008 0.009 0.07 0.542 0.108 0.095 0.06 0.074 0.022 0.012
0.009 0.217 0.009 0.292 0.21 0.186 0.02 0.012 0.026 0.02
0.128 0.013 0.013 0.096 0.259 0.042 0.022 0.22 0.152 0.054
0.009 0.016 0.007 0.007 0.005 0.008 0.01 0.01 0.922 0.007
0.056 0.007 0.007 0.101 0.013 0.008 0.013 0.135 0.652 0.007
0.086 0.041 0.089 0.448 0.047 0.021 0.027 0.018 0.211 0.013
0.02 0.031 0.012 0.175 0.017 0.036 0.354 0.018 0.327 0.012
0.016 0.005 0.036 0.04 0.012 0.012 0.014 0.139 0.703 0.024
0.011 0.01 0.013 0.038 0.008 0.011 0.797 0.033 0.058 0.021
0.074 0.017 0.004 0.064 0.01 0.013 0.008 0.557 0.246 0.007
0.009 0.023 0.012 0.759 0.005 0.009 0.015 0.102 0.062 0.004
0.013 0.004 0.003 0.019 0.004 0.006 0.005 0.008 0.933 0.006
0.013 0.009 0.012 0.828 0.017 0.011 0.064 0.011 0.029 0.007
0.017 0.01 0.014 0.244 0.008 0.049 0.044 0.018 0.571 0.025
0.01 0.007 0.005 0.063 0.006 0.008 0.008 0.007 0.882 0.006
0.023 0.009 0.01 0.008 0.032 0.023 0.019 0.012 0.857 0.007
0.011 0.007 0.009 0.029 0.008 0.01 0.014 0.007 0.9 0.005
0.009 0.008 0.006 0.006 0.006 0.014 0.021 0.009 0.916 0.006
0.028 0.006 0.009 0.01 0.009 0.018 0.015 0.148 0.737 0.019
0.011 0.011 0.006 0.364 0.008 0.017 0.044 0.123 0.407 0.009
0.033 0.007 0.008 0.719 0.014 0.01 0.01 0.021 0.172 0.006
0.061 0.008 0.019 0.042 0.037 0.005 0.013 0.281 0.518 0.015
0.025 0.017 0.307 0.112 0.02 0.011 0.021 0.082 0.377 0.027
0.018 0.019 0.024 0.884 0.007 0.004 0.011 0.02 0.004 0.008
0.101 0.009 0.009 0.597 0.084 0.063 0.035 0.05 0.04 0.011
0.043 0.013 0.018 0.61 0.008 0.014 0.022 0.179 0.055 0.039
0.141 0.033 0.041 0.341 0.074 0.021 0.05 0.112 0.158 0.03
0.011 0.004 0.007 0.718 0.009 0.007 0.008 0.008 0.222 0.006
0.112 0.01 0.025 0.32 0.032 0.012 0.07 0.159 0.242 0.018
0.005 0.005 0.004 0.957 0.004 0.006 0.004 0.004 0.006 0.004
0.011 0.009 0.005 0.903 0.005 0.007 0.011 0.01 0.033 0.006
0.029 0.032 0.01 0.475 0.009 0.184 0.008 0.012 0.235 0.005
0.008 0.009 0.006 0.9 0.004 0.015 0.008 0.02 0.023 0.006
0.028 0.006 0.007 0.73 0.009 0.022 0.026 0.109 0.017 0.046
0.02 0.005 0.004 0.926 0.006 0.008 0.004 0.005 0.009 0.012
0.004 0.004 0.004 0.966 0.003 0.004 0.004 0.004 0.004 0.003
0.033 0.032 0.059 0.657 0.029 0.062 0.043 0.028 0.038 0.02
0.01 0.013 0.009 0.915 0.005 0.006 0.009 0.007 0.021 0.005
0.01 0.007 0.008 0.629 0.007 0.259 0.039 0.025 0.01 0.006
0.004 0.005 0.003 0.956 0.004 0.008 0.004 0.004 0.005 0.004
0.275 0.007 0.181 0.072 0.012 0.008 0.083 0.041 0.183 0.138
0.006 0.007 0.003 0.949 0.004 0.004 0.004 0.012 0.007 0.004
0.006 0.004 0.004 0.949 0.004 0.007 0.007 0.005 0.01 0.004
0.021 0.008 0.004 0.896 0.015 0.02 0.007 0.015 0.006 0.009
0.006 0.008 0.005 0.943 0.005 0.006 0.006 0.008 0.008 0.004
0.008 0.004 0.003 0.959 0.004 0.004 0.004 0.006 0.004 0.004
0.205 0.009 0.008 0.125 0.024 0.006 0.023 0.289 0.28 0.031
0.034 0.012 0.009 0.045 0.04 0.006 0.783 0.049 0.014 0.007
0.065 0.035 0.008 0.004 0.013 0.006 0.711 0.029 0.008 0.119
0.125 0.006 0.005 0.005 0.006 0.005 0.829 0.008 0.004 0.008
0.073 0.043 0.009 0.033 0.031 0.04 0.198 0.385 0.16 0.029
0.255 0.012 0.02 0.006 0.008 0.015 0.14 0.072 0.01 0.462
0.013 0.007 0.004 0.004 0.031 0.005 0.871 0.034 0.009 0.021
0.021 0.034 0.01 0.004 0.019 0.004 0.866 0.01 0.006 0.026
0.06 0.021 0.009 0.01 0.01 0.008 0.62 0.102 0.025 0.135
0.019 0.016 0.006 0.012 0.01 0.034 0.87 0.013 0.012 0.01
0.009 0.018 0.007 0.006 0.01 0.027 0.766 0.039 0.006 0.114
0.011 0.01 0.005 0.006 0.022 0.019 0.871 0.008 0.023 0.025
0.01 0.015 0.006 0.004 0.012 0.006 0.927 0.006 0.004 0.011
0.667 0.022 0.08 0.009 0.008 0.006 0.163 0.017 0.01 0.018
0.074 0.363 0.019 0.017 0.008 0.004 0.402 0.09 0.013 0.008
0.056 0.04 0.008 0.008 0.609 0.059 0.09 0.012 0.034 0.083
0.028 0.253 0.006 0.007 0.132 0.006 0.019 0.006 0.509 0.034
0.152 0.006 0.006 0.01 0.667 0.015 0.01 0.017 0.095 0.022
0.04 0.232 0.005 0.005 0.101 0.009 0.175 0.008 0.066 0.358
0.033 0.04 0.006 0.004 0.62 0.009 0.142 0.008 0.015 0.124
0.025 0.078 0.335 0.02 0.46 0.021 0.017 0.026 0.008 0.01
0.541 0.006 0.007 0.006 0.387 0.007 0.009 0.007 0.011 0.019
0.533 0.018 0.007 0.006 0.288 0.005 0.011 0.024 0.013 0.095
0.418 0.01 0.254 0.004 0.276 0.007 0.007 0.013 0.004 0.006
0.016 0.006 0.008 0.004 0.912 0.014 0.008 0.008 0.006 0.019
0.356 0.007 0.015 0.006 0.577 0.008 0.008 0.006 0.009 0.007
0.01 0.009 0.004 0.004 0.852 0.012 0.009 0.008 0.011 0.082
0.518 0.006 0.005 0.006 0.415 0.004 0.008 0.026 0.007 0.005
0.011 0.007 0.006 0.005 0.924 0.023 0.007 0.006 0.006 0.005
0.012 0.033 0.008 0.004 0.891 0.007 0.012 0.01 0.007 0.016
0.393 0.018 0.005 0.006 0.307 0.019 0.101 0.088 0.014 0.049
0.528 0.006 0.006 0.006 0.363 0.004 0.006 0.029 0.011 0.04
0.425 0.018 0.006 0.011 0.476 0.013 0.01 0.026 0.008 0.008
0.008 0.104 0.004 0.005 0.784 0.017 0.02 0.007 0.023 0.028
0.029 0.008 0.009 0.006 0.533 0.008 0.046 0.029 0.03 0.302
0.054 0.007 0.004 0.006 0.773 0.01 0.046 0.072 0.007 0.022
0.113 0.02 0.008 0.004 0.538 0.026 0.009 0.023 0.009 0.249
0.305 0.009 0.02 0.006 0.569 0.059 0.007 0.008 0.004 0.013
0.013 0.021 0.016 0.005 0.898 0.012 0.015 0.004 0.007 0.01
0.034 0.051 0.008 0.006 0.085 0.005 0.022 0.011 0.017 0.762
0.02 0.018 0.007 0.011 0.015 0.012 0.09 0.006 0.033 0.788
0.286 0.311 0.067 0.101 0.176 0.015 0.008 0.011 0.011 0.014
0.011 0.873 0.01 0.052 0.008 0.008 0.006 0.005 0.006 0.02
0.027 0.225 0.239 0.007 0.069 0.013 0.225 0.019 0.016 0.159
0.008 0.01 0.006 0.017 0.005 0.004 0.032 0.008 0.006 0.905
0.01 0.527 0.012 0.03 0.007 0.009 0.006 0.01 0.009 0.38
0.011 0.013 0.428 0.008 0.011 0.006 0.006 0.032 0.007 0.478
0.005 0.005 0.005 0.005 0.005 0.004 0.004 0.007 0.004 0.956
0.017 0.853 0.013 0.02 0.018 0.009 0.015 0.009 0.006 0.04
0.01 0.122 0.007 0.004 0.02 0.008 0.021 0.01 0.04 0.758
0.018 0.643 0.063 0.016 0.059 0.01 0.028 0.024 0.01 0.129
0.076 0.014 0.01 0.01 0.247 0.006 0.009 0.012 0.005 0.611
0.067 0.018 0.007 0.004 0.02 0.004 0.009 0.008 0.006 0.857
0.133 0.015 0.008 0.004 0.012 0.005 0.029 0.009 0.005 0.782
0.004 0.012 0.003 0.003 0.005 0.003 0.006 0.006 0.008 0.949
0.004 0.007 0.004 0.004 0.005 0.003 0.004 0.006 0.004 0.96
0.007 0.009 0.005 0.007 0.007 0.006 0.005 0.006 0.007 0.94
0.016 0.006 0.008 0.004 0.009 0.006 0.008 0.006 0.012 0.926
0.013 0.007 0.016 0.009 0.008 0.004 0.009 0.015 0.009 0.91
0.008 0.007 0.006 0.005 0.006 0.004 0.008 0.007 0.006 0.941
0.006 0.009 0.005 0.007 0.009 0.004 0.01 0.011 0.004 0.936
0.159 0.025 0.019 0.024 0.323 0.028 0.068 0.022 0.035 0.296
0.065 0.068 0.01 0.004 0.363 0.012 0.009 0.006 0.007 0.456
0.034 0.16 0.004 0.01 0.721 0.003 0.019 0.013 0.007 0.029
0.019 0.123 0.176 0.009 0.613 0.003 0.015 0.007 0.009 0.026
0.011 0.478 0.213 0.017 0.222 0.005 0.018 0.008 0.005 0.024
0.094 0.02 0.337 0.008 0.162 0.005 0.025 0.014 0.024 0.31
0.05 0.035 0.024 0.005 0.045 0.005 0.081 0.02 0.009 0.727
0.013 0.008 0.01 0.01 0.025 0.009 0.009 0.01 0.011 0.895
0.028 0.015 0.02 0.014 0.019 0.007 0.008 0.067 0.031 0.791
0.028 0.011 0.016 0.005 0.034 0.004 0.049 0.026 0.013 0.814
0.007 0.953 0.004 0.004 0.007 0.003 0.005 0.004 0.006 0.007
0.007 0.954 0.004 0.004 0.006 0.003 0.005 0.004 0.006 0.007
0.007 0.953 0.004 0.004 0.006 0.003 0.005 0.004 0.006 0.007
0.039 0.743 0.006 0.01 0.037 0.005 0.047 0.01 0.01 0.092
0.008 0.522 0.005 0.01 0.022 0.006 0.006 0.011 0.005 0.405
0.021 0.323 0.584 0.009 0.016 0.005 0.005 0.008 0.01 0.018
0.033 0.036 0.01 0.01 0.155 0.005 0.014 0.016 0.006 0.715
0.069 0.016 0.393 0.031 0.338 0.048 0.034 0.009 0.039 0.023
0.176 0.02 0.013 0.009 0.115 0.01 0.021 0.022 0.02 0.593
0.03 0.067 0.023 0.019 0.066 0.006 0.091 0.016 0.018 0.666
0.019 0.885 0.009 0.018 0.018 0.009 0.011 0.007 0.011 0.013
0.356 0.054 0.037 0.049 0.315 0.044 0.061 0.008 0.023 0.053
0.007 0.928 0.005 0.005 0.016 0.004 0.008 0.004 0.006 0.018
0.104 0.015 0.009 0.007 0.79 0.013 0.013 0.009 0.014 0.025
0.007 0.928 0.005 0.005 0.015 0.003 0.008 0.004 0.006 0.019
0.039 0.089 0.013 0.007 0.021 0.007 0.039 0.453 0.186 0.146
0.015 0.811 0.005 0.032 0.01 0.018 0.017 0.04 0.041 0.011
0.309 0.017 0.019 0.029 0.069 0.006 0.199 0.202 0.027 0.125
0.077 0.177 0.012 0.101 0.01 0.02 0.011 0.55 0.01 0.031
0.037 0.008 0.016 0.018 0.017 0.029 0.367 0.413 0.011 0.085
0.082 0.009 0.005 0.006 0.019 0.037 0.016 0.734 0.007 0.084
0.11 0.009 0.015 0.024 0.019 0.11 0.219 0.23 0.121 0.143
0.179 0.063 0.015 0.007 0.049 0.046 0.074 0.459 0.084 0.024
0.246 0.324 0.014 0.105 0.012 0.008 0.06 0.208 0.014 0.008
0.058 0.06 0.012 0.011 0.03 0.014 0.015 0.764 0.012 0.022
0.174 0.209 0.025 0.171 0.029 0.007 0.016 0.279 0.01 0.079
0.782 0.009 0.023 0.013 0.007 0.024 0.044 0.083 0.006 0.009
0.578 0.006 0.011 0.019 0.005 0.01 0.015 0.286 0.063 0.006
0.026 0.007 0.009 0.035 0.007 0.006 0.02 0.018 0.869 0.004
0.006 0.006 0.019 0.009 0.01 0.007 0.021 0.09 0.779 0.051
0.007 0.007 0.218 0.005 0.006 0.009 0.01 0.013 0.719 0.007
0.016 0.019 0.074 0.013 0.01 0.015 0.055 0.233 0.039 0.526
0.005 0.006 0.006 0.01 0.004 0.01 0.006 0.007 0.943 0.004
0.017 0.012 0.009 0.703 0.006 0.008 0.019 0.015 0.204 0.007
0.016 0.05 0.237 0.246 0.006 0.011 0.008 0.095 0.323 0.007
0.006 0.01 0.012 0.028 0.006 0.007 0.009 0.01 0.908 0.004
0.013 0.007 0.043 0.007 0.006 0.014 0.027 0.085 0.787 0.011
0.025 0.043 0.086 0.201 0.009 0.004 0.01 0.148 0.469 0.005
0.009 0.008 0.169 0.731 0.005 0.008 0.005 0.021 0.039 0.005
0.054 0.009 0.014 0.005 0.032 0.007 0.836 0.015 0.02 0.008
